,년월,금융회사코드,금융회사명,코드,구분,금액,금융구분,통계분류,통계표코드,통계표명
0,201703,0012334,(주)비엔케이투자증권,A,채무보증,95000000000,국내증권사,B,SF205,각주항목(09.06월 이후)
1,201703,0012334,(주)비엔케이투자증권,A1,채무보증_지급보증,0,국내증권사,B,SF205,각주항목(09.06월 이후)
2,201703,0012334,(주)비엔케이투자증권,A2,채무보증_매입보장약정,95000000000,국내증권사,B,SF205,각주항목(09.06월 이후)
3,201703,0012334,(주)비엔케이투자증권,A3,채무보증_채무인수약정,0,국내증권사,B,SF205,각주항목(09.06월 이후)
4,201703,0012334,(주)비엔케이투자증권,A5,채무보증_매입확약,0,국내증권사,B,SF205,각주항목(09.06월 이후)
5,201703,0012334,(주)비엔케이투자증권,A6,채무보증_기타,0,국내증권사,B,SF205,각주항목(09.06월 이후)
6,201703,0012334,(주)비엔케이투자증권,B,투자자의 예수증권 등,7069369066732,국내증권사,B,SF205,각주항목(09.06월 이후)
7,201703,0012334,(주)비엔케이투자증권,B1,투자자의 예수증권 등_예수 증권,7069369066732,국내증권사,B,SF205,각주항목(09.06월 이후)
8,201703,0012334,(주)비엔케이투자증권,B2,투자자의 예수증권 등_예수양도성예금증서,0,국내증권사,B,SF205,각주항목(09.06월 이후)
9,201703,0012334,(주)비엔케이투자증권,B3,투자자의 예수증권 등_기타,0,국내증권사,B,SF205,각주항목(09.06월 이후)
10,201703,0012334,(주)비엔케이투자증권,C,파생상품계약,3600368512000,국내증권사,B,SF205,각주항목(09.06월 이후)
11,201703,0012334,(주)비엔케이투자증권,C1,파생상품계약_장내파생상품,3600368512000,국내증권사,B,SF205,각주항목(09.06월 이후)
12,201703,0012334,(주)비엔케이투자증권,C11,파생상품계약_장내파생상품_이자율관련거래,34081200000,국내증권사,B,SF205,각주항목(09.06월 이후)
13,201703,0012334,(주)비엔케이투자증권,C12,파생상품계약_장내파생상품_통화관련거래,0,국내증권사,B,SF205,각주항목(09.06월 이후)
14,201703,0012334,(주)비엔케이투자증권,C13,파생상품계약_장내파생상품_주식관련거래,3566287312000,국내증권사,B,SF205,각주항목(09.06월 이후)
15,201703,0012334,(주)비엔케이투자증권,C14,파생상품계약_장내파생상품_일반상품관련거래,0,국내증권사,B,SF205,각주항목(09.06월 이후)
16,201703,0012334,(주)비엔케이투자증권,C15,파생상품계약_장내파생상품_기타,0,국내증권사,B,SF205,각주항목(09.06월 이후)
17,201703,0012334,(주)비엔케이투자증권,C2,파생상품계약_장외파생상품,0,국내증권사,B,SF205,각주항목(09.06월 이후)
18,201703,0012334,(주)비엔케이투자증권,C21,파생상품계약_장외파생상품_이자율관련거래,0,국내증권사,B,SF205,각주항목(09.06월 이후)
19,201703,0012334,(주)비엔케이투자증권,C22,파생상품계약_장외파생상품_통화관련거래,0,국내증권사,B,SF205,각주항목(09.06월 이후)
20,201703,0012334,(주)비엔케이투자증권,C23,파생상품계약_장외파생상품_주식관련거래,0,국내증권사,B,SF205,각주항목(09.06월 이후)
21,201703,0012334,(주)비엔케이투자증권,C24,파생상품계약_장외파생상품_신용관련거래,0,국내증권사,B,SF205,각주항목(09.06월 이후)
22,201703,0012334,(주)비엔케이투자증권,C25,파생상품계약_장외파생상품_기타,0,국내증권사,B,SF205,각주항목(09.06월 이후)
23,201703,0012334,(주)비엔케이투자증권,D,대차 및 대주거래,14133712623,국내증권사,B,SF205,각주항목(09.06월 이후)
24,201703,0012334,(주)비엔케이투자증권,D1,대차 및 대주거래_대여증권,0,국내증권사,B,SF205,각주항목(09.06월 이후)
25,201703,0012334,(주)비엔케이투자증권,D2,대차 및 대주거래_차입증권,14133712623,국내증권사,B,SF205,각주항목(09.06월 이후)
26,201703,0012334,(주)비엔케이투자증권,D3,대차 및 대주거래_신용거래대주,0,국내증권사,B,SF205,각주항목(09.06월 이후)
27,201703,0012334,(주)비엔케이투자증권,E,대손상각채권,70429103,국내증권사,B,SF205,각주항목(09.06월 이후)
28,201703,0012334,(주)비엔케이투자증권,F,환전업무 예치금,0,국내증권사,B,SF205,각주항목(09.06월 이후)
29,201703,0012334,(주)비엔케이투자증권,G,미배당별도예치금,0,국내증권사,B,SF205,각주항목(09.06월 이후)
30,201703,0012334,(주)비엔케이투자증권,H,배서어음매출(종금계정),0,국내증권사,B,SF205,각주항목(09.06월 이후)
31,201703,0012334,(주)비엔케이투자증권,H1,대출채권매매이익_담보부,0,국내증권사,B,SF205,각주항목(09.06월 이후)
32,201703,0012334,(주)비엔케이투자증권,H2,대출채권매매이익_무담보부,0,국내증권사,B,SF205,각주항목(09.06월 이후)
33,201706,0012334,(주)비엔케이투자증권,A,채무보증,86600000000,국내증권사,B,SF205,각주항목(09.06월 이후)
34,201706,0012334,(주)비엔케이투자증권,A1,채무보증_지급보증,0,국내증권사,B,SF205,각주항목(09.06월 이후)
35,201706,0012334,(주)비엔케이투자증권,A2,채무보증_매입보장약정,85000000000,국내증권사,B,SF205,각주항목(09.06월 이후)
36,201706,0012334,(주)비엔케이투자증권,A3,채무보증_채무인수약정,0,국내증권사,B,SF205,각주항목(09.06월 이후)
37,201706,0012334,(주)비엔케이투자증권,A5,채무보증_매입확약,0,국내증권사,B,SF205,각주항목(09.06월 이후)
38,201706,0012334,(주)비엔케이투자증권,A6,채무보증_기타,1600000000,국내증권사,B,SF205,각주항목(09.06월 이후)
39,201706,0012334,(주)비엔케이투자증권,B,투자자의 예수증권 등,6550183950163,국내증권사,B,SF205,각주항목(09.06월 이후)
40,201706,0012334,(주)비엔케이투자증권,B1,투자자의 예수증권 등_예수 증권,6550183950163,국내증권사,B,SF205,각주항목(09.06월 이후)
41,201706,0012334,(주)비엔케이투자증권,B2,투자자의 예수증권 등_예수양도성예금증서,0,국내증권사,B,SF205,각주항목(09.06월 이후)
42,201706,0012334,(주)비엔케이투자증권,B3,투자자의 예수증권 등_기타,0,국내증권사,B,SF205,각주항목(09.06월 이후)
43,201706,0012334,(주)비엔케이투자증권,C,파생상품계약,68450367500,국내증권사,B,SF205,각주항목(09.06월 이후)
44,201706,0012334,(주)비엔케이투자증권,C1,파생상품계약_장내파생상품,68450367500,국내증권사,B,SF205,각주항목(09.06월 이후)
45,201706,0012334,(주)비엔케이투자증권,C11,파생상품계약_장내파생상품_이자율관련거래,66516730000,국내증권사,B,SF205,각주항목(09.06월 이후)
46,201706,0012334,(주)비엔케이투자증권,C12,파생상품계약_장내파생상품_통화관련거래,0,국내증권사,B,SF205,각주항목(09.06월 이후)
47,201706,0012334,(주)비엔케이투자증권,C13,파생상품계약_장내파생상품_주식관련거래,1933637500,국내증권사,B,SF205,각주항목(09.06월 이후)
48,201706,0012334,(주)비엔케이투자증권,C14,파생상품계약_장내파생상품_일반상품관련거래,0,국내증권사,B,SF205,각주항목(09.06월 이후)
49,201706,0012334,(주)비엔케이투자증권,C15,파생상품계약_장내파생상품_기타,0,국내증권사,B,SF205,각주항목(09.06월 이후)
50,201706,0012334,(주)비엔케이투자증권,C2,파생상품계약_장외파생상품,0,국내증권사,B,SF205,각주항목(09.06월 이후)
51,201706,0012334,(주)비엔케이투자증권,C21,파생상품계약_장외파생상품_이자율관련거래,0,국내증권사,B,SF205,각주항목(09.06월 이후)
52,201706,0012334,(주)비엔케이투자증권,C22,파생상품계약_장외파생상품_통화관련거래,0,국내증권사,B,SF205,각주항목(09.06월 이후)
53,201706,0012334,(주)비엔케이투자증권,C23,파생상품계약_장외파생상품_주식관련거래,0,국내증권사,B,SF205,각주항목(09.06월 이후)
54,201706,0012334,(주)비엔케이투자증권,C24,파생상품계약_장외파생상품_신용관련거래,0,국내증권사,B,SF205,각주항목(09.06월 이후)
55,201706,0012334,(주)비엔케이투자증권,C25,파생상품계약_장외파생상품_기타,0,국내증권사,B,SF205,각주항목(09.06월 이후)
56,201706,0012334,(주)비엔케이투자증권,D,대차 및 대주거래,18260311540,국내증권사,B,SF205,각주항목(09.06월 이후)
57,201706,0012334,(주)비엔케이투자증권,D1,대차 및 대주거래_대여증권,0,국내증권사,B,SF205,각주항목(09.06월 이후)
58,201706,0012334,(주)비엔케이투자증권,D2,대차 및 대주거래_차입증권,18260311540,국내증권사,B,SF205,각주항목(09.06월 이후)
59,201706,0012334,(주)비엔케이투자증권,D3,대차 및 대주거래_신용거래대주,0,국내증권사,B,SF205,각주항목(09.06월 이후)
60,201706,0012334,(주)비엔케이투자증권,E,대손상각채권,70429103,국내증권사,B,SF205,각주항목(09.06월 이후)
61,201706,0012334,(주)비엔케이투자증권,F,환전업무 예치금,0,국내증권사,B,SF205,각주항목(09.06월 이후)
62,201706,0012334,(주)비엔케이투자증권,G,미배당별도예치금,0,국내증권사,B,SF205,각주항목(09.06월 이후)
63,201706,0012334,(주)비엔케이투자증권,H,배서어음매출(종금계정),0,국내증권사,B,SF205,각주항목(09.06월 이후)
64,201706,0012334,(주)비엔케이투자증권,H1,대출채권매매이익_담보부,0,국내증권사,B,SF205,각주항목(09.06월 이후)
65,201706,0012334,(주)비엔케이투자증권,H2,대출채권매매이익_무담보부,0,국내증권사,B,SF205,각주항목(09.06월 이후)
66,201709,0012334,(주)비엔케이투자증권,A,채무보증,62800000000,국내증권사,B,SF205,각주항목(09.06월 이후)
67,201709,0012334,(주)비엔케이투자증권,A1,채무보증_지급보증,0,국내증권사,B,SF205,각주항목(09.06월 이후)
68,201709,0012334,(주)비엔케이투자증권,A2,채무보증_매입보장약정,61200000000,국내증권사,B,SF205,각주항목(09.06월 이후)
69,201709,0012334,(주)비엔케이투자증권,A3,채무보증_채무인수약정,0,국내증권사,B,SF205,각주항목(09.06월 이후)
70,201709,0012334,(주)비엔케이투자증권,A5,채무보증_매입확약,0,국내증권사,B,SF205,각주항목(09.06월 이후)
71,201709,0012334,(주)비엔케이투자증권,A6,채무보증_기타,1600000000,국내증권사,B,SF205,각주항목(09.06월 이후)
72,201709,0012334,(주)비엔케이투자증권,B,투자자의 예수증권 등,5936110641996,국내증권사,B,SF205,각주항목(09.06월 이후)
73,201709,0012334,(주)비엔케이투자증권,B1,투자자의 예수증권 등_예수 증권,5936110641996,국내증권사,B,SF205,각주항목(09.06월 이후)
74,201709,0012334,(주)비엔케이투자증권,B2,투자자의 예수증권 등_예수양도성예금증서,0,국내증권사,B,SF205,각주항목(09.06월 이후)
75,201709,0012334,(주)비엔케이투자증권,B3,투자자의 예수증권 등_기타,0,국내증권사,B,SF205,각주항목(09.06월 이후)
76,201709,0012334,(주)비엔케이투자증권,C,파생상품계약,21809929200,국내증권사,B,SF205,각주항목(09.06월 이후)
77,201709,0012334,(주)비엔케이투자증권,C1,파생상품계약_장내파생상품,21809929200,국내증권사,B,SF205,각주항목(09.06월 이후)
78,201709,0012334,(주)비엔케이투자증권,C11,파생상품계약_장내파생상품_이자율관련거래,21561900000,국내증권사,B,SF205,각주항목(09.06월 이후)
79,201709,0012334,(주)비엔케이투자증권,C12,파생상품계약_장내파생상품_통화관련거래,0,국내증권사,B,SF205,각주항목(09.06월 이후)
80,201709,0012334,(주)비엔케이투자증권,C13,파생상품계약_장내파생상품_주식관련거래,248029200,국내증권사,B,SF205,각주항목(09.06월 이후)
81,201709,0012334,(주)비엔케이투자증권,C14,파생상품계약_장내파생상품_일반상품관련거래,0,국내증권사,B,SF205,각주항목(09.06월 이후)
82,201709,0012334,(주)비엔케이투자증권,C15,파생상품계약_장내파생상품_기타,0,국내증권사,B,SF205,각주항목(09.06월 이후)
83,201709,0012334,(주)비엔케이투자증권,C2,파생상품계약_장외파생상품,0,국내증권사,B,SF205,각주항목(09.06월 이후)
84,201709,0012334,(주)비엔케이투자증권,C21,파생상품계약_장외파생상품_이자율관련거래,0,국내증권사,B,SF205,각주항목(09.06월 이후)
85,201709,0012334,(주)비엔케이투자증권,C22,파생상품계약_장외파생상품_통화관련거래,0,국내증권사,B,SF205,각주항목(09.06월 이후)
86,201709,0012334,(주)비엔케이투자증권,C23,파생상품계약_장외파생상품_주식관련거래,0,국내증권사,B,SF205,각주항목(09.06월 이후)
87,201709,0012334,(주)비엔케이투자증권,C24,파생상품계약_장외파생상품_신용관련거래,0,국내증권사,B,SF205,각주항목(09.06월 이후)
88,201709,0012334,(주)비엔케이투자증권,C25,파생상품계약_장외파생상품_기타,0,국내증권사,B,SF205,각주항목(09.06월 이후)
89,201709,0012334,(주)비엔케이투자증권,D,대차 및 대주거래,8433109903,국내증권사,B,SF205,각주항목(09.06월 이후)
90,201709,0012334,(주)비엔케이투자증권,D1,대차 및 대주거래_대여증권,0,국내증권사,B,SF205,각주항목(09.06월 이후)
91,201709,0012334,(주)비엔케이투자증권,D2,대차 및 대주거래_차입증권,8433109903,국내증권사,B,SF205,각주항목(09.06월 이후)
92,201709,0012334,(주)비엔케이투자증권,D3,대차 및 대주거래_신용거래대주,0,국내증권사,B,SF205,각주항목(09.06월 이후)
93,201709,0012334,(주)비엔케이투자증권,E,대손상각채권,351702359,국내증권사,B,SF205,각주항목(09.06월 이후)
94,201709,0012334,(주)비엔케이투자증권,F,환전업무 예치금,0,국내증권사,B,SF205,각주항목(09.06월 이후)
95,201709,0012334,(주)비엔케이투자증권,G,미배당별도예치금,0,국내증권사,B,SF205,각주항목(09.06월 이후)
96,201709,0012334,(주)비엔케이투자증권,H,배서어음매출(종금계정),0,국내증권사,B,SF205,각주항목(09.06월 이후)
97,201709,0012334,(주)비엔케이투자증권,H1,대출채권매매이익_담보부,0,국내증권사,B,SF205,각주항목(09.06월 이후)
98,201709,0012334,(주)비엔케이투자증권,H2,대출채권매매이익_무담보부,0,국내증권사,B,SF205,각주항목(09.06월 이후)
99,201712,0012334,(주)비엔케이투자증권,A,채무보증,71600000000,국내증권사,B,SF205,각주항목(09.06월 이후)
100,201712,0012334,(주)비엔케이투자증권,A1,채무보증_지급보증,0,국내증권사,B,SF205,각주항목(09.06월 이후)
101,201712,0012334,(주)비엔케이투자증권,A2,채무보증_매입보장약정,70000000000,국내증권사,B,SF205,각주항목(09.06월 이후)
102,201712,0012334,(주)비엔케이투자증권,A3,채무보증_채무인수약정,0,국내증권사,B,SF205,각주항목(09.06월 이후)
103,201712,0012334,(주)비엔케이투자증권,A5,채무보증_매입확약,0,국내증권사,B,SF205,각주항목(09.06월 이후)
104,201712,0012334,(주)비엔케이투자증권,A6,채무보증_기타,1600000000,국내증권사,B,SF205,각주항목(09.06월 이후)
105,201712,0012334,(주)비엔케이투자증권,B,투자자의 예수증권 등,6359567851949,국내증권사,B,SF205,각주항목(09.06월 이후)
106,201712,0012334,(주)비엔케이투자증권,B1,투자자의 예수증권 등_예수 증권,6359567851949,국내증권사,B,SF205,각주항목(09.06월 이후)
107,201712,0012334,(주)비엔케이투자증권,B2,투자자의 예수증권 등_예수양도성예금증서,0,국내증권사,B,SF205,각주항목(09.06월 이후)
108,201712,0012334,(주)비엔케이투자증권,B3,투자자의 예수증권 등_기타,0,국내증권사,B,SF205,각주항목(09.06월 이후)
109,201712,0012334,(주)비엔케이투자증권,C,파생상품계약,10835831980,국내증권사,B,SF205,각주항목(09.06월 이후)
110,201712,0012334,(주)비엔케이투자증권,C1,파생상품계약_장내파생상품,10835831980,국내증권사,B,SF205,각주항목(09.06월 이후)
111,201712,0012334,(주)비엔케이투자증권,C11,파생상품계약_장내파생상품_이자율관련거래,10618700000,국내증권사,B,SF205,각주항목(09.06월 이후)
112,201712,0012334,(주)비엔케이투자증권,C12,파생상품계약_장내파생상품_통화관련거래,0,국내증권사,B,SF205,각주항목(09.06월 이후)
113,201712,0012334,(주)비엔케이투자증권,C13,파생상품계약_장내파생상품_주식관련거래,217131980,국내증권사,B,SF205,각주항목(09.06월 이후)
114,201712,0012334,(주)비엔케이투자증권,C14,파생상품계약_장내파생상품_일반상품관련거래,0,국내증권사,B,SF205,각주항목(09.06월 이후)
115,201712,0012334,(주)비엔케이투자증권,C15,파생상품계약_장내파생상품_기타,0,국내증권사,B,SF205,각주항목(09.06월 이후)
116,201712,0012334,(주)비엔케이투자증권,C2,파생상품계약_장외파생상품,0,국내증권사,B,SF205,각주항목(09.06월 이후)
117,201712,0012334,(주)비엔케이투자증권,C21,파생상품계약_장외파생상품_이자율관련거래,0,국내증권사,B,SF205,각주항목(09.06월 이후)
118,201712,0012334,(주)비엔케이투자증권,C22,파생상품계약_장외파생상품_통화관련거래,0,국내증권사,B,SF205,각주항목(09.06월 이후)
119,201712,0012334,(주)비엔케이투자증권,C23,파생상품계약_장외파생상품_주식관련거래,0,국내증권사,B,SF205,각주항목(09.06월 이후)
120,201712,0012334,(주)비엔케이투자증권,C24,파생상품계약_장외파생상품_신용관련거래,0,국내증권사,B,SF205,각주항목(09.06월 이후)
121,201712,0012334,(주)비엔케이투자증권,C25,파생상품계약_장외파생상품_기타,0,국내증권사,B,SF205,각주항목(09.06월 이후)
122,201712,0012334,(주)비엔케이투자증권,D,대차 및 대주거래,12360723531,국내증권사,B,SF205,각주항목(09.06월 이후)
123,201712,0012334,(주)비엔케이투자증권,D1,대차 및 대주거래_대여증권,0,국내증권사,B,SF205,각주항목(09.06월 이후)
124,201712,0012334,(주)비엔케이투자증권,D2,대차 및 대주거래_차입증권,12360723531,국내증권사,B,SF205,각주항목(09.06월 이후)
125,201712,0012334,(주)비엔케이투자증권,D3,대차 및 대주거래_신용거래대주,0,국내증권사,B,SF205,각주항목(09.06월 이후)
126,201712,0012334,(주)비엔케이투자증권,E,대손상각채권,351702359,국내증권사,B,SF205,각주항목(09.06월 이후)
127,201712,0012334,(주)비엔케이투자증권,F,환전업무 예치금,0,국내증권사,B,SF205,각주항목(09.06월 이후)
128,201712,0012334,(주)비엔케이투자증권,G,미배당별도예치금,0,국내증권사,B,SF205,각주항목(09.06월 이후)
129,201712,0012334,(주)비엔케이투자증권,H,배서어음매출(종금계정),0,국내증권사,B,SF205,각주항목(09.06월 이후)
130,201712,0012334,(주)비엔케이투자증권,H1,대출채권매매이익_담보부,0,국내증권사,B,SF205,각주항목(09.06월 이후)
131,201712,0012334,(주)비엔케이투자증권,H2,대출채권매매이익_무담보부,0,국내증권사,B,SF205,각주항목(09.06월 이후)
132,201803,0012334,(주)비엔케이투자증권,A,채무보증,36600000000,국내증권사,B,SF205,각주항목(09.06월 이후)
133,201803,0012334,(주)비엔케이투자증권,A1,채무보증_지급보증,0,국내증권사,B,SF205,각주항목(09.06월 이후)
134,201803,0012334,(주)비엔케이투자증권,A2,채무보증_매입보장약정,35000000000,국내증권사,B,SF205,각주항목(09.06월 이후)
135,201803,0012334,(주)비엔케이투자증권,A3,채무보증_채무인수약정,0,국내증권사,B,SF205,각주항목(09.06월 이후)
136,201803,0012334,(주)비엔케이투자증권,A5,채무보증_매입확약,0,국내증권사,B,SF205,각주항목(09.06월 이후)
137,201803,0012334,(주)비엔케이투자증권,A6,채무보증_기타,1600000000,국내증권사,B,SF205,각주항목(09.06월 이후)
138,201803,0012334,(주)비엔케이투자증권,B,투자자의 예수증권 등,7042769225974,국내증권사,B,SF205,각주항목(09.06월 이후)
139,201803,0012334,(주)비엔케이투자증권,B1,투자자의 예수증권 등_예수 증권,7042769225974,국내증권사,B,SF205,각주항목(09.06월 이후)
140,201803,0012334,(주)비엔케이투자증권,B2,투자자의 예수증권 등_예수양도성예금증서,0,국내증권사,B,SF205,각주항목(09.06월 이후)
141,201803,0012334,(주)비엔케이투자증권,B3,투자자의 예수증권 등_기타,0,국내증권사,B,SF205,각주항목(09.06월 이후)
142,201803,0012334,(주)비엔케이투자증권,C,파생상품계약,25496977500,국내증권사,B,SF205,각주항목(09.06월 이후)
143,201803,0012334,(주)비엔케이투자증권,C1,파생상품계약_장내파생상품,25496977500,국내증권사,B,SF205,각주항목(09.06월 이후)
144,201803,0012334,(주)비엔케이투자증권,C11,파생상품계약_장내파생상품_이자율관련거래,21435620000,국내증권사,B,SF205,각주항목(09.06월 이후)
145,201803,0012334,(주)비엔케이투자증권,C12,파생상품계약_장내파생상품_통화관련거래,0,국내증권사,B,SF205,각주항목(09.06월 이후)
146,201803,0012334,(주)비엔케이투자증권,C13,파생상품계약_장내파생상품_주식관련거래,4061357500,국내증권사,B,SF205,각주항목(09.06월 이후)
147,201803,0012334,(주)비엔케이투자증권,C14,파생상품계약_장내파생상품_일반상품관련거래,0,국내증권사,B,SF205,각주항목(09.06월 이후)
148,201803,0012334,(주)비엔케이투자증권,C15,파생상품계약_장내파생상품_기타,0,국내증권사,B,SF205,각주항목(09.06월 이후)
149,201803,0012334,(주)비엔케이투자증권,C2,파생상품계약_장외파생상품,0,국내증권사,B,SF205,각주항목(09.06월 이후)
150,201803,0012334,(주)비엔케이투자증권,C21,파생상품계약_장외파생상품_이자율관련거래,0,국내증권사,B,SF205,각주항목(09.06월 이후)
151,201803,0012334,(주)비엔케이투자증권,C22,파생상품계약_장외파생상품_통화관련거래,0,국내증권사,B,SF205,각주항목(09.06월 이후)
152,201803,0012334,(주)비엔케이투자증권,C23,파생상품계약_장외파생상품_주식관련거래,0,국내증권사,B,SF205,각주항목(09.06월 이후)
153,201803,0012334,(주)비엔케이투자증권,C24,파생상품계약_장외파생상품_신용관련거래,0,국내증권사,B,SF205,각주항목(09.06월 이후)
154,201803,0012334,(주)비엔케이투자증권,C25,파생상품계약_장외파생상품_기타,0,국내증권사,B,SF205,각주항목(09.06월 이후)
155,201803,0012334,(주)비엔케이투자증권,D,대차 및 대주거래,33330788724,국내증권사,B,SF205,각주항목(09.06월 이후)
156,201803,0012334,(주)비엔케이투자증권,D1,대차 및 대주거래_대여증권,0,국내증권사,B,SF205,각주항목(09.06월 이후)
157,201803,0012334,(주)비엔케이투자증권,D2,대차 및 대주거래_차입증권,33330788724,국내증권사,B,SF205,각주항목(09.06월 이후)
158,201803,0012334,(주)비엔케이투자증권,D3,대차 및 대주거래_신용거래대주,0,국내증권사,B,SF205,각주항목(09.06월 이후)
159,201803,0012334,(주)비엔케이투자증권,E,대손상각채권,351702359,국내증권사,B,SF205,각주항목(09.06월 이후)
160,201803,0012334,(주)비엔케이투자증권,F,환전업무 예치금,0,국내증권사,B,SF205,각주항목(09.06월 이후)
161,201803,0012334,(주)비엔케이투자증권,G,미배당별도예치금,0,국내증권사,B,SF205,각주항목(09.06월 이후)
162,201803,0012334,(주)비엔케이투자증권,H,배서어음매출(종금계정),0,국내증권사,B,SF205,각주항목(09.06월 이후)
163,201803,0012334,(주)비엔케이투자증권,H1,대출채권매매이익_담보부,0,국내증권사,B,SF205,각주항목(09.06월 이후)
164,201803,0012334,(주)비엔케이투자증권,H2,대출채권매매이익_무담보부,0,국내증권사,B,SF205,각주항목(09.06월 이후)
165,201806,0012334,(주)비엔케이투자증권,A,채무보증,64600000000,국내증권사,B,SF205,각주항목(09.06월 이후)
166,201806,0012334,(주)비엔케이투자증권,A1,채무보증_지급보증,0,국내증권사,B,SF205,각주항목(09.06월 이후)
167,201806,0012334,(주)비엔케이투자증권,A2,채무보증_매입보장약정,63000000000,국내증권사,B,SF205,각주항목(09.06월 이후)
168,201806,0012334,(주)비엔케이투자증권,A3,채무보증_채무인수약정,0,국내증권사,B,SF205,각주항목(09.06월 이후)
169,201806,0012334,(주)비엔케이투자증권,A5,채무보증_매입확약,0,국내증권사,B,SF205,각주항목(09.06월 이후)
170,201806,0012334,(주)비엔케이투자증권,A6,채무보증_기타,1600000000,국내증권사,B,SF205,각주항목(09.06월 이후)
171,201806,0012334,(주)비엔케이투자증권,B,투자자의 예수증권 등,6775154154462,국내증권사,B,SF205,각주항목(09.06월 이후)
172,201806,0012334,(주)비엔케이투자증권,B1,투자자의 예수증권 등_예수 증권,6775154154462,국내증권사,B,SF205,각주항목(09.06월 이후)
173,201806,0012334,(주)비엔케이투자증권,B2,투자자의 예수증권 등_예수양도성예금증서,0,국내증권사,B,SF205,각주항목(09.06월 이후)
174,201806,0012334,(주)비엔케이투자증권,B3,투자자의 예수증권 등_기타,0,국내증권사,B,SF205,각주항목(09.06월 이후)
175,201806,0012334,(주)비엔케이투자증권,C,파생상품계약,26746652500,국내증권사,B,SF205,각주항목(09.06월 이후)
176,201806,0012334,(주)비엔케이투자증권,C1,파생상품계약_장내파생상품,26746652500,국내증권사,B,SF205,각주항목(09.06월 이후)
177,201806,0012334,(주)비엔케이투자증권,C11,파생상품계약_장내파생상품_이자율관련거래,24075650000,국내증권사,B,SF205,각주항목(09.06월 이후)
178,201806,0012334,(주)비엔케이투자증권,C12,파생상품계약_장내파생상품_통화관련거래,0,국내증권사,B,SF205,각주항목(09.06월 이후)
179,201806,0012334,(주)비엔케이투자증권,C13,파생상품계약_장내파생상품_주식관련거래,2671002500,국내증권사,B,SF205,각주항목(09.06월 이후)
180,201806,0012334,(주)비엔케이투자증권,C14,파생상품계약_장내파생상품_일반상품관련거래,0,국내증권사,B,SF205,각주항목(09.06월 이후)
181,201806,0012334,(주)비엔케이투자증권,C15,파생상품계약_장내파생상품_기타,0,국내증권사,B,SF205,각주항목(09.06월 이후)
182,201806,0012334,(주)비엔케이투자증권,C2,파생상품계약_장외파생상품,0,국내증권사,B,SF205,각주항목(09.06월 이후)
183,201806,0012334,(주)비엔케이투자증권,C21,파생상품계약_장외파생상품_이자율관련거래,0,국내증권사,B,SF205,각주항목(09.06월 이후)
184,201806,0012334,(주)비엔케이투자증권,C22,파생상품계약_장외파생상품_통화관련거래,0,국내증권사,B,SF205,각주항목(09.06월 이후)
185,201806,0012334,(주)비엔케이투자증권,C23,파생상품계약_장외파생상품_주식관련거래,0,국내증권사,B,SF205,각주항목(09.06월 이후)
186,201806,0012334,(주)비엔케이투자증권,C24,파생상품계약_장외파생상품_신용관련거래,0,국내증권사,B,SF205,각주항목(09.06월 이후)
187,201806,0012334,(주)비엔케이투자증권,C25,파생상품계약_장외파생상품_기타,0,국내증권사,B,SF205,각주항목(09.06월 이후)
188,201806,0012334,(주)비엔케이투자증권,D,대차 및 대주거래,7249078701,국내증권사,B,SF205,각주항목(09.06월 이후)
189,201806,0012334,(주)비엔케이투자증권,D1,대차 및 대주거래_대여증권,0,국내증권사,B,SF205,각주항목(09.06월 이후)
190,201806,0012334,(주)비엔케이투자증권,D2,대차 및 대주거래_차입증권,7249078701,국내증권사,B,SF205,각주항목(09.06월 이후)
191,201806,0012334,(주)비엔케이투자증권,D3,대차 및 대주거래_신용거래대주,0,국내증권사,B,SF205,각주항목(09.06월 이후)
192,201806,0012334,(주)비엔케이투자증권,E,대손상각채권,351702359,국내증권사,B,SF205,각주항목(09.06월 이후)
193,201806,0012334,(주)비엔케이투자증권,F,환전업무 예치금,0,국내증권사,B,SF205,각주항목(09.06월 이후)
194,201806,0012334,(주)비엔케이투자증권,G,미배당별도예치금,0,국내증권사,B,SF205,각주항목(09.06월 이후)
195,201806,0012334,(주)비엔케이투자증권,H,배서어음매출(종금계정),0,국내증권사,B,SF205,각주항목(09.06월 이후)
196,201806,0012334,(주)비엔케이투자증권,H1,대출채권매매이익_담보부,0,국내증권사,B,SF205,각주항목(09.06월 이후)
197,201806,0012334,(주)비엔케이투자증권,H2,대출채권매매이익_무담보부,0,국내증권사,B,SF205,각주항목(09.06월 이후)
198,201809,0012334,(주)비엔케이투자증권,A,채무보증,83000000000,국내증권사,B,SF205,각주항목(09.06월 이후)
199,201809,0012334,(주)비엔케이투자증권,A1,채무보증_지급보증,0,국내증권사,B,SF205,각주항목(09.06월 이후)
200,201809,0012334,(주)비엔케이투자증권,A2,채무보증_매입보장약정,83000000000,국내증권사,B,SF205,각주항목(09.06월 이후)
201,201809,0012334,(주)비엔케이투자증권,A3,채무보증_채무인수약정,0,국내증권사,B,SF205,각주항목(09.06월 이후)
202,201809,0012334,(주)비엔케이투자증권,A5,채무보증_매입확약,0,국내증권사,B,SF205,각주항목(09.06월 이후)
203,201809,0012334,(주)비엔케이투자증권,A6,채무보증_기타,0,국내증권사,B,SF205,각주항목(09.06월 이후)
204,201809,0012334,(주)비엔케이투자증권,B,투자자의 예수증권 등,6712242826566,국내증권사,B,SF205,각주항목(09.06월 이후)
205,201809,0012334,(주)비엔케이투자증권,B1,투자자의 예수증권 등_예수 증권,6712242826566,국내증권사,B,SF205,각주항목(09.06월 이후)
206,201809,0012334,(주)비엔케이투자증권,B2,투자자의 예수증권 등_예수양도성예금증서,0,국내증권사,B,SF205,각주항목(09.06월 이후)
207,201809,0012334,(주)비엔케이투자증권,B3,투자자의 예수증권 등_기타,0,국내증권사,B,SF205,각주항목(09.06월 이후)
208,201809,0012334,(주)비엔케이투자증권,C,파생상품계약,29225950000,국내증권사,B,SF205,각주항목(09.06월 이후)
209,201809,0012334,(주)비엔케이투자증권,C1,파생상품계약_장내파생상품,29225950000,국내증권사,B,SF205,각주항목(09.06월 이후)
210,201809,0012334,(주)비엔케이투자증권,C11,파생상품계약_장내파생상품_이자율관련거래,29225950000,국내증권사,B,SF205,각주항목(09.06월 이후)
211,201809,0012334,(주)비엔케이투자증권,C12,파생상품계약_장내파생상품_통화관련거래,0,국내증권사,B,SF205,각주항목(09.06월 이후)
212,201809,0012334,(주)비엔케이투자증권,C13,파생상품계약_장내파생상품_주식관련거래,0,국내증권사,B,SF205,각주항목(09.06월 이후)
213,201809,0012334,(주)비엔케이투자증권,C14,파생상품계약_장내파생상품_일반상품관련거래,0,국내증권사,B,SF205,각주항목(09.06월 이후)
214,201809,0012334,(주)비엔케이투자증권,C15,파생상품계약_장내파생상품_기타,0,국내증권사,B,SF205,각주항목(09.06월 이후)
215,201809,0012334,(주)비엔케이투자증권,C2,파생상품계약_장외파생상품,0,국내증권사,B,SF205,각주항목(09.06월 이후)
216,201809,0012334,(주)비엔케이투자증권,C21,파생상품계약_장외파생상품_이자율관련거래,0,국내증권사,B,SF205,각주항목(09.06월 이후)
217,201809,0012334,(주)비엔케이투자증권,C22,파생상품계약_장외파생상품_통화관련거래,0,국내증권사,B,SF205,각주항목(09.06월 이후)
218,201809,0012334,(주)비엔케이투자증권,C23,파생상품계약_장외파생상품_주식관련거래,0,국내증권사,B,SF205,각주항목(09.06월 이후)
219,201809,0012334,(주)비엔케이투자증권,C24,파생상품계약_장외파생상품_신용관련거래,0,국내증권사,B,SF205,각주항목(09.06월 이후)
220,201809,0012334,(주)비엔케이투자증권,C25,파생상품계약_장외파생상품_기타,0,국내증권사,B,SF205,각주항목(09.06월 이후)
221,201809,0012334,(주)비엔케이투자증권,D,대차 및 대주거래,27552022658,국내증권사,B,SF205,각주항목(09.06월 이후)
222,201809,0012334,(주)비엔케이투자증권,D1,대차 및 대주거래_대여증권,0,국내증권사,B,SF205,각주항목(09.06월 이후)
223,201809,0012334,(주)비엔케이투자증권,D2,대차 및 대주거래_차입증권,27552022658,국내증권사,B,SF205,각주항목(09.06월 이후)
224,201809,0012334,(주)비엔케이투자증권,D3,대차 및 대주거래_신용거래대주,0,국내증권사,B,SF205,각주항목(09.06월 이후)
225,201809,0012334,(주)비엔케이투자증권,E,대손상각채권,351702359,국내증권사,B,SF205,각주항목(09.06월 이후)
226,201809,0012334,(주)비엔케이투자증권,F,환전업무 예치금,0,국내증권사,B,SF205,각주항목(09.06월 이후)
227,201809,0012334,(주)비엔케이투자증권,G,미배당별도예치금,0,국내증권사,B,SF205,각주항목(09.06월 이후)
228,201809,0012334,(주)비엔케이투자증권,H,배서어음매출(종금계정),0,국내증권사,B,SF205,각주항목(09.06월 이후)
229,201809,0012334,(주)비엔케이투자증권,H1,대출채권매매이익_담보부,0,국내증권사,B,SF205,각주항목(09.06월 이후)
230,201809,0012334,(주)비엔케이투자증권,H2,대출채권매매이익_무담보부,0,국내증권사,B,SF205,각주항목(09.06월 이후)
231,201812,0012334,(주)비엔케이투자증권,A,채무보증,40000000000,국내증권사,B,SF205,각주항목(09.06월 이후)
232,201812,0012334,(주)비엔케이투자증권,A1,채무보증_지급보증,0,국내증권사,B,SF205,각주항목(09.06월 이후)
233,201812,0012334,(주)비엔케이투자증권,A2,채무보증_매입보장약정,40000000000,국내증권사,B,SF205,각주항목(09.06월 이후)
234,201812,0012334,(주)비엔케이투자증권,A3,채무보증_채무인수약정,0,국내증권사,B,SF205,각주항목(09.06월 이후)
235,201812,0012334,(주)비엔케이투자증권,A5,채무보증_매입확약,0,국내증권사,B,SF205,각주항목(09.06월 이후)
236,201812,0012334,(주)비엔케이투자증권,A6,채무보증_기타,0,국내증권사,B,SF205,각주항목(09.06월 이후)
237,201812,0012334,(주)비엔케이투자증권,B,투자자의 예수증권 등,6595071501205,국내증권사,B,SF205,각주항목(09.06월 이후)
238,201812,0012334,(주)비엔케이투자증권,B1,투자자의 예수증권 등_예수 증권,6595071501205,국내증권사,B,SF205,각주항목(09.06월 이후)
239,201812,0012334,(주)비엔케이투자증권,B2,투자자의 예수증권 등_예수양도성예금증서,0,국내증권사,B,SF205,각주항목(09.06월 이후)
240,201812,0012334,(주)비엔케이투자증권,B3,투자자의 예수증권 등_기타,0,국내증권사,B,SF205,각주항목(09.06월 이후)
241,201812,0012334,(주)비엔케이투자증권,C,파생상품계약,24124400000,국내증권사,B,SF205,각주항목(09.06월 이후)
242,201812,0012334,(주)비엔케이투자증권,C1,파생상품계약_장내파생상품,24124400000,국내증권사,B,SF205,각주항목(09.06월 이후)
243,201812,0012334,(주)비엔케이투자증권,C11,파생상품계약_장내파생상품_이자율관련거래,24124400000,국내증권사,B,SF205,각주항목(09.06월 이후)
244,201812,0012334,(주)비엔케이투자증권,C12,파생상품계약_장내파생상품_통화관련거래,0,국내증권사,B,SF205,각주항목(09.06월 이후)
245,201812,0012334,(주)비엔케이투자증권,C13,파생상품계약_장내파생상품_주식관련거래,0,국내증권사,B,SF205,각주항목(09.06월 이후)
246,201812,0012334,(주)비엔케이투자증권,C14,파생상품계약_장내파생상품_일반상품관련거래,0,국내증권사,B,SF205,각주항목(09.06월 이후)
247,201812,0012334,(주)비엔케이투자증권,C15,파생상품계약_장내파생상품_기타,0,국내증권사,B,SF205,각주항목(09.06월 이후)
248,201812,0012334,(주)비엔케이투자증권,C2,파생상품계약_장외파생상품,0,국내증권사,B,SF205,각주항목(09.06월 이후)
249,201812,0012334,(주)비엔케이투자증권,C21,파생상품계약_장외파생상품_이자율관련거래,0,국내증권사,B,SF205,각주항목(09.06월 이후)
250,201812,0012334,(주)비엔케이투자증권,C22,파생상품계약_장외파생상품_통화관련거래,0,국내증권사,B,SF205,각주항목(09.06월 이후)
251,201812,0012334,(주)비엔케이투자증권,C23,파생상품계약_장외파생상품_주식관련거래,0,국내증권사,B,SF205,각주항목(09.06월 이후)
252,201812,0012334,(주)비엔케이투자증권,C24,파생상품계약_장외파생상품_신용관련거래,0,국내증권사,B,SF205,각주항목(09.06월 이후)
253,201812,0012334,(주)비엔케이투자증권,C25,파생상품계약_장외파생상품_기타,0,국내증권사,B,SF205,각주항목(09.06월 이후)
254,201812,0012334,(주)비엔케이투자증권,D,대차 및 대주거래,9090641765,국내증권사,B,SF205,각주항목(09.06월 이후)
255,201812,0012334,(주)비엔케이투자증권,D1,대차 및 대주거래_대여증권,0,국내증권사,B,SF205,각주항목(09.06월 이후)
256,201812,0012334,(주)비엔케이투자증권,D2,대차 및 대주거래_차입증권,9090641765,국내증권사,B,SF205,각주항목(09.06월 이후)
257,201812,0012334,(주)비엔케이투자증권,D3,대차 및 대주거래_신용거래대주,0,국내증권사,B,SF205,각주항목(09.06월 이후)
258,201812,0012334,(주)비엔케이투자증권,E,대손상각채권,351702359,국내증권사,B,SF205,각주항목(09.06월 이후)
259,201812,0012334,(주)비엔케이투자증권,F,환전업무 예치금,0,국내증권사,B,SF205,각주항목(09.06월 이후)
260,201812,0012334,(주)비엔케이투자증권,G,미배당별도예치금,0,국내증권사,B,SF205,각주항목(09.06월 이후)
261,201812,0012334,(주)비엔케이투자증권,H,배서어음매출(종금계정),0,국내증권사,B,SF205,각주항목(09.06월 이후)
262,201812,0012334,(주)비엔케이투자증권,H1,대출채권매매이익_담보부,0,국내증권사,B,SF205,각주항목(09.06월 이후)
263,201812,0012334,(주)비엔케이투자증권,H2,대출채권매매이익_무담보부,0,국내증권사,B,SF205,각주항목(09.06월 이후)
264,201903,0012334,(주)비엔케이투자증권,A,채무보증,69023325186,국내증권사,B,SF205,각주항목(09.06월 이후)
265,201903,0012334,(주)비엔케이투자증권,A1,채무보증_지급보증,0,국내증권사,B,SF205,각주항목(09.06월 이후)
266,201903,0012334,(주)비엔케이투자증권,A2,채무보증_매입보장약정,57500000000,국내증권사,B,SF205,각주항목(09.06월 이후)
267,201903,0012334,(주)비엔케이투자증권,A3,채무보증_채무인수약정,0,국내증권사,B,SF205,각주항목(09.06월 이후)
268,201903,0012334,(주)비엔케이투자증권,A5,채무보증_매입확약,0,국내증권사,B,SF205,각주항목(09.06월 이후)
269,201903,0012334,(주)비엔케이투자증권,A6,채무보증_기타,11523325186,국내증권사,B,SF205,각주항목(09.06월 이후)
270,201903,0012334,(주)비엔케이투자증권,B,투자자의 예수증권 등,7668233414269,국내증권사,B,SF205,각주항목(09.06월 이후)
271,201903,0012334,(주)비엔케이투자증권,B1,투자자의 예수증권 등_예수 증권,7668233414269,국내증권사,B,SF205,각주항목(09.06월 이후)
272,201903,0012334,(주)비엔케이투자증권,B2,투자자의 예수증권 등_예수양도성예금증서,0,국내증권사,B,SF205,각주항목(09.06월 이후)
273,201903,0012334,(주)비엔케이투자증권,B3,투자자의 예수증권 등_기타,0,국내증권사,B,SF205,각주항목(09.06월 이후)
274,201903,0012334,(주)비엔케이투자증권,C,파생상품계약,12790230000,국내증권사,B,SF205,각주항목(09.06월 이후)
275,201903,0012334,(주)비엔케이투자증권,C1,파생상품계약_장내파생상품,12790230000,국내증권사,B,SF205,각주항목(09.06월 이후)
276,201903,0012334,(주)비엔케이투자증권,C11,파생상품계약_장내파생상품_이자율관련거래,12790230000,국내증권사,B,SF205,각주항목(09.06월 이후)
277,201903,0012334,(주)비엔케이투자증권,C12,파생상품계약_장내파생상품_통화관련거래,0,국내증권사,B,SF205,각주항목(09.06월 이후)
278,201903,0012334,(주)비엔케이투자증권,C13,파생상품계약_장내파생상품_주식관련거래,0,국내증권사,B,SF205,각주항목(09.06월 이후)
279,201903,0012334,(주)비엔케이투자증권,C14,파생상품계약_장내파생상품_일반상품관련거래,0,국내증권사,B,SF205,각주항목(09.06월 이후)
280,201903,0012334,(주)비엔케이투자증권,C15,파생상품계약_장내파생상품_기타,0,국내증권사,B,SF205,각주항목(09.06월 이후)
281,201903,0012334,(주)비엔케이투자증권,C2,파생상품계약_장외파생상품,0,국내증권사,B,SF205,각주항목(09.06월 이후)
282,201903,0012334,(주)비엔케이투자증권,C21,파생상품계약_장외파생상품_이자율관련거래,0,국내증권사,B,SF205,각주항목(09.06월 이후)
283,201903,0012334,(주)비엔케이투자증권,C22,파생상품계약_장외파생상품_통화관련거래,0,국내증권사,B,SF205,각주항목(09.06월 이후)
284,201903,0012334,(주)비엔케이투자증권,C23,파생상품계약_장외파생상품_주식관련거래,0,국내증권사,B,SF205,각주항목(09.06월 이후)
285,201903,0012334,(주)비엔케이투자증권,C24,파생상품계약_장외파생상품_신용관련거래,0,국내증권사,B,SF205,각주항목(09.06월 이후)
286,201903,0012334,(주)비엔케이투자증권,C25,파생상품계약_장외파생상품_기타,0,국내증권사,B,SF205,각주항목(09.06월 이후)
287,201903,0012334,(주)비엔케이투자증권,D,대차 및 대주거래,12863450258,국내증권사,B,SF205,각주항목(09.06월 이후)
288,201903,0012334,(주)비엔케이투자증권,D1,대차 및 대주거래_대여증권,0,국내증권사,B,SF205,각주항목(09.06월 이후)
289,201903,0012334,(주)비엔케이투자증권,D2,대차 및 대주거래_차입증권,12863450258,국내증권사,B,SF205,각주항목(09.06월 이후)
290,201903,0012334,(주)비엔케이투자증권,D3,대차 및 대주거래_신용거래대주,0,국내증권사,B,SF205,각주항목(09.06월 이후)
291,201903,0012334,(주)비엔케이투자증권,E,대손상각채권,351702359,국내증권사,B,SF205,각주항목(09.06월 이후)
292,201903,0012334,(주)비엔케이투자증권,F,환전업무 예치금,0,국내증권사,B,SF205,각주항목(09.06월 이후)
293,201903,0012334,(주)비엔케이투자증권,G,미배당별도예치금,0,국내증권사,B,SF205,각주항목(09.06월 이후)
294,201903,0012334,(주)비엔케이투자증권,H,배서어음매출(종금계정),0,국내증권사,B,SF205,각주항목(09.06월 이후)
295,201903,0012334,(주)비엔케이투자증권,H1,대출채권매매이익_담보부,0,국내증권사,B,SF205,각주항목(09.06월 이후)
296,201903,0012334,(주)비엔케이투자증권,H2,대출채권매매이익_무담보부,0,국내증권사,B,SF205,각주항목(09.06월 이후)
297,201906,0012334,(주)비엔케이투자증권,A,채무보증,65436182683,국내증권사,B,SF205,각주항목(09.06월 이후)
298,201906,0012334,(주)비엔케이투자증권,A1,채무보증_지급보증,0,국내증권사,B,SF205,각주항목(09.06월 이후)
299,201906,0012334,(주)비엔케이투자증권,A2,채무보증_매입보장약정,57500000000,국내증권사,B,SF205,각주항목(09.06월 이후)
300,201906,0012334,(주)비엔케이투자증권,A3,채무보증_채무인수약정, ,국내증권사,B,SF205,각주항목(09.06월 이후)
301,201906,0012334,(주)비엔케이투자증권,A5,채무보증_매입확약,0,국내증권사,B,SF205,각주항목(09.06월 이후)
302,201906,0012334,(주)비엔케이투자증권,A6,채무보증_기타,7936182683,국내증권사,B,SF205,각주항목(09.06월 이후)
303,201906,0012334,(주)비엔케이투자증권,B,투자자의 예수증권 등,8603210629640,국내증권사,B,SF205,각주항목(09.06월 이후)
304,201906,0012334,(주)비엔케이투자증권,B1,투자자의 예수증권 등_예수 증권,8603210629640,국내증권사,B,SF205,각주항목(09.06월 이후)
305,201906,0012334,(주)비엔케이투자증권,B2,투자자의 예수증권 등_예수양도성예금증서, ,국내증권사,B,SF205,각주항목(09.06월 이후)
306,201906,0012334,(주)비엔케이투자증권,B3,투자자의 예수증권 등_기타, ,국내증권사,B,SF205,각주항목(09.06월 이후)
307,201906,0012334,(주)비엔케이투자증권,C,파생상품계약,30663600000,국내증권사,B,SF205,각주항목(09.06월 이후)
308,201906,0012334,(주)비엔케이투자증권,C1,파생상품계약_장내파생상품,30663600000,국내증권사,B,SF205,각주항목(09.06월 이후)
309,201906,0012334,(주)비엔케이투자증권,C11,파생상품계약_장내파생상품_이자율관련거래,30663600000,국내증권사,B,SF205,각주항목(09.06월 이후)
310,201906,0012334,(주)비엔케이투자증권,C12,파생상품계약_장내파생상품_통화관련거래,0,국내증권사,B,SF205,각주항목(09.06월 이후)
311,201906,0012334,(주)비엔케이투자증권,C13,파생상품계약_장내파생상품_주식관련거래,0,국내증권사,B,SF205,각주항목(09.06월 이후)
312,201906,0012334,(주)비엔케이투자증권,C14,파생상품계약_장내파생상품_일반상품관련거래,0,국내증권사,B,SF205,각주항목(09.06월 이후)
313,201906,0012334,(주)비엔케이투자증권,C15,파생상품계약_장내파생상품_기타,0,국내증권사,B,SF205,각주항목(09.06월 이후)
314,201906,0012334,(주)비엔케이투자증권,C2,파생상품계약_장외파생상품,0,국내증권사,B,SF205,각주항목(09.06월 이후)
315,201906,0012334,(주)비엔케이투자증권,C21,파생상품계약_장외파생상품_이자율관련거래,0,국내증권사,B,SF205,각주항목(09.06월 이후)
316,201906,0012334,(주)비엔케이투자증권,C22,파생상품계약_장외파생상품_통화관련거래,0,국내증권사,B,SF205,각주항목(09.06월 이후)
317,201906,0012334,(주)비엔케이투자증권,C23,파생상품계약_장외파생상품_주식관련거래,0,국내증권사,B,SF205,각주항목(09.06월 이후)
318,201906,0012334,(주)비엔케이투자증권,C24,파생상품계약_장외파생상품_신용관련거래,0,국내증권사,B,SF205,각주항목(09.06월 이후)
319,201906,0012334,(주)비엔케이투자증권,C25,파생상품계약_장외파생상품_기타,0,국내증권사,B,SF205,각주항목(09.06월 이후)
320,201906,0012334,(주)비엔케이투자증권,D,대차 및 대주거래,10408508485,국내증권사,B,SF205,각주항목(09.06월 이후)
321,201906,0012334,(주)비엔케이투자증권,D1,대차 및 대주거래_대여증권,0,국내증권사,B,SF205,각주항목(09.06월 이후)
322,201906,0012334,(주)비엔케이투자증권,D2,대차 및 대주거래_차입증권,10408508485,국내증권사,B,SF205,각주항목(09.06월 이후)
323,201906,0012334,(주)비엔케이투자증권,D3,대차 및 대주거래_신용거래대주, ,국내증권사,B,SF205,각주항목(09.06월 이후)
324,201906,0012334,(주)비엔케이투자증권,E,대손상각채권,351702359,국내증권사,B,SF205,각주항목(09.06월 이후)
325,201906,0012334,(주)비엔케이투자증권,F,환전업무 예치금,0,국내증권사,B,SF205,각주항목(09.06월 이후)
326,201906,0012334,(주)비엔케이투자증권,G,미배당별도예치금, ,국내증권사,B,SF205,각주항목(09.06월 이후)
327,201906,0012334,(주)비엔케이투자증권,H,배서어음매출(종금계정),0,국내증권사,B,SF205,각주항목(09.06월 이후)
328,201906,0012334,(주)비엔케이투자증권,H1,대출채권매매이익_담보부, ,국내증권사,B,SF205,각주항목(09.06월 이후)
329,201906,0012334,(주)비엔케이투자증권,H2,대출채권매매이익_무담보부, ,국내증권사,B,SF205,각주항목(09.06월 이후)
330,201909,0012334,(주)비엔케이투자증권,A,채무보증,64926851350,국내증권사,B,SF205,각주항목(09.06월 이후)
331,201909,0012334,(주)비엔케이투자증권,A1,채무보증_지급보증,0,국내증권사,B,SF205,각주항목(09.06월 이후)
332,201909,0012334,(주)비엔케이투자증권,A2,채무보증_매입보장약정,57500000000,국내증권사,B,SF205,각주항목(09.06월 이후)
333,201909,0012334,(주)비엔케이투자증권,A3,채무보증_채무인수약정, ,국내증권사,B,SF205,각주항목(09.06월 이후)
334,201909,0012334,(주)비엔케이투자증권,A5,채무보증_매입확약,0,국내증권사,B,SF205,각주항목(09.06월 이후)
335,201909,0012334,(주)비엔케이투자증권,A6,채무보증_기타,7426851350,국내증권사,B,SF205,각주항목(09.06월 이후)
336,201909,0012334,(주)비엔케이투자증권,B,투자자의 예수증권 등,9162388528792,국내증권사,B,SF205,각주항목(09.06월 이후)
337,201909,0012334,(주)비엔케이투자증권,B1,투자자의 예수증권 등_예수 증권,9162388528792,국내증권사,B,SF205,각주항목(09.06월 이후)
338,201909,0012334,(주)비엔케이투자증권,B2,투자자의 예수증권 등_예수양도성예금증서, ,국내증권사,B,SF205,각주항목(09.06월 이후)
339,201909,0012334,(주)비엔케이투자증권,B3,투자자의 예수증권 등_기타, ,국내증권사,B,SF205,각주항목(09.06월 이후)
340,201909,0012334,(주)비엔케이투자증권,C,파생상품계약,18190682500,국내증권사,B,SF205,각주항목(09.06월 이후)
341,201909,0012334,(주)비엔케이투자증권,C1,파생상품계약_장내파생상품,18190682500,국내증권사,B,SF205,각주항목(09.06월 이후)
342,201909,0012334,(주)비엔케이투자증권,C11,파생상품계약_장내파생상품_이자율관련거래,18173000000,국내증권사,B,SF205,각주항목(09.06월 이후)
343,201909,0012334,(주)비엔케이투자증권,C12,파생상품계약_장내파생상품_통화관련거래,0,국내증권사,B,SF205,각주항목(09.06월 이후)
344,201909,0012334,(주)비엔케이투자증권,C13,파생상품계약_장내파생상품_주식관련거래,17682500,국내증권사,B,SF205,각주항목(09.06월 이후)
345,201909,0012334,(주)비엔케이투자증권,C14,파생상품계약_장내파생상품_일반상품관련거래,0,국내증권사,B,SF205,각주항목(09.06월 이후)
346,201909,0012334,(주)비엔케이투자증권,C15,파생상품계약_장내파생상품_기타,0,국내증권사,B,SF205,각주항목(09.06월 이후)
347,201909,0012334,(주)비엔케이투자증권,C2,파생상품계약_장외파생상품,0,국내증권사,B,SF205,각주항목(09.06월 이후)
348,201909,0012334,(주)비엔케이투자증권,C21,파생상품계약_장외파생상품_이자율관련거래,0,국내증권사,B,SF205,각주항목(09.06월 이후)
349,201909,0012334,(주)비엔케이투자증권,C22,파생상품계약_장외파생상품_통화관련거래,0,국내증권사,B,SF205,각주항목(09.06월 이후)
350,201909,0012334,(주)비엔케이투자증권,C23,파생상품계약_장외파생상품_주식관련거래,0,국내증권사,B,SF205,각주항목(09.06월 이후)
351,201909,0012334,(주)비엔케이투자증권,C24,파생상품계약_장외파생상품_신용관련거래,0,국내증권사,B,SF205,각주항목(09.06월 이후)
352,201909,0012334,(주)비엔케이투자증권,C25,파생상품계약_장외파생상품_기타,0,국내증권사,B,SF205,각주항목(09.06월 이후)
353,201909,0012334,(주)비엔케이투자증권,D,대차 및 대주거래,7439055487,국내증권사,B,SF205,각주항목(09.06월 이후)
354,201909,0012334,(주)비엔케이투자증권,D1,대차 및 대주거래_대여증권,0,국내증권사,B,SF205,각주항목(09.06월 이후)
355,201909,0012334,(주)비엔케이투자증권,D2,대차 및 대주거래_차입증권,7439055487,국내증권사,B,SF205,각주항목(09.06월 이후)
356,201909,0012334,(주)비엔케이투자증권,D3,대차 및 대주거래_신용거래대주, ,국내증권사,B,SF205,각주항목(09.06월 이후)
357,201909,0012334,(주)비엔케이투자증권,E,대손상각채권,351085193,국내증권사,B,SF205,각주항목(09.06월 이후)
358,201909,0012334,(주)비엔케이투자증권,F,환전업무 예치금,0,국내증권사,B,SF205,각주항목(09.06월 이후)
359,201909,0012334,(주)비엔케이투자증권,G,미배당별도예치금, ,국내증권사,B,SF205,각주항목(09.06월 이후)
360,201909,0012334,(주)비엔케이투자증권,H,배서어음매출(종금계정),0,국내증권사,B,SF205,각주항목(09.06월 이후)
361,201909,0012334,(주)비엔케이투자증권,H1,대출채권매매이익_담보부, ,국내증권사,B,SF205,각주항목(09.06월 이후)
362,201909,0012334,(주)비엔케이투자증권,H2,대출채권매매이익_무담보부, ,국내증권사,B,SF205,각주항목(09.06월 이후)
363,201912,0012334,(주)비엔케이투자증권,A,채무보증,44300659653,국내증권사,B,SF205,각주항목(09.06월 이후)
364,201912,0012334,(주)비엔케이투자증권,A1,채무보증_지급보증,0,국내증권사,B,SF205,각주항목(09.06월 이후)
365,201912,0012334,(주)비엔케이투자증권,A2,채무보증_매입보장약정,37500000000,국내증권사,B,SF205,각주항목(09.06월 이후)
366,201912,0012334,(주)비엔케이투자증권,A3,채무보증_채무인수약정, ,국내증권사,B,SF205,각주항목(09.06월 이후)
367,201912,0012334,(주)비엔케이투자증권,A5,채무보증_매입확약,0,국내증권사,B,SF205,각주항목(09.06월 이후)
368,201912,0012334,(주)비엔케이투자증권,A6,채무보증_기타,6800659653,국내증권사,B,SF205,각주항목(09.06월 이후)
369,201912,0012334,(주)비엔케이투자증권,B,투자자의 예수증권 등,9659161113395,국내증권사,B,SF205,각주항목(09.06월 이후)
370,201912,0012334,(주)비엔케이투자증권,B1,투자자의 예수증권 등_예수 증권,9659161113395,국내증권사,B,SF205,각주항목(09.06월 이후)
371,201912,0012334,(주)비엔케이투자증권,B2,투자자의 예수증권 등_예수양도성예금증서, ,국내증권사,B,SF205,각주항목(09.06월 이후)
372,201912,0012334,(주)비엔케이투자증권,B3,투자자의 예수증권 등_기타, ,국내증권사,B,SF205,각주항목(09.06월 이후)
373,201912,0012334,(주)비엔케이투자증권,C,파생상품계약,17267066000,국내증권사,B,SF205,각주항목(09.06월 이후)
374,201912,0012334,(주)비엔케이투자증권,C1,파생상품계약_장내파생상품,17267066000,국내증권사,B,SF205,각주항목(09.06월 이후)
375,201912,0012334,(주)비엔케이투자증권,C11,파생상품계약_장내파생상품_이자율관련거래,15113500000,국내증권사,B,SF205,각주항목(09.06월 이후)
376,201912,0012334,(주)비엔케이투자증권,C12,파생상품계약_장내파생상품_통화관련거래,0,국내증권사,B,SF205,각주항목(09.06월 이후)
377,201912,0012334,(주)비엔케이투자증권,C13,파생상품계약_장내파생상품_주식관련거래,2153566000,국내증권사,B,SF205,각주항목(09.06월 이후)
378,201912,0012334,(주)비엔케이투자증권,C14,파생상품계약_장내파생상품_일반상품관련거래,0,국내증권사,B,SF205,각주항목(09.06월 이후)
379,201912,0012334,(주)비엔케이투자증권,C15,파생상품계약_장내파생상품_기타,0,국내증권사,B,SF205,각주항목(09.06월 이후)
380,201912,0012334,(주)비엔케이투자증권,C2,파생상품계약_장외파생상품,0,국내증권사,B,SF205,각주항목(09.06월 이후)
381,201912,0012334,(주)비엔케이투자증권,C21,파생상품계약_장외파생상품_이자율관련거래,0,국내증권사,B,SF205,각주항목(09.06월 이후)
382,201912,0012334,(주)비엔케이투자증권,C22,파생상품계약_장외파생상품_통화관련거래,0,국내증권사,B,SF205,각주항목(09.06월 이후)
383,201912,0012334,(주)비엔케이투자증권,C23,파생상품계약_장외파생상품_주식관련거래,0,국내증권사,B,SF205,각주항목(09.06월 이후)
384,201912,0012334,(주)비엔케이투자증권,C24,파생상품계약_장외파생상품_신용관련거래,0,국내증권사,B,SF205,각주항목(09.06월 이후)
385,201912,0012334,(주)비엔케이투자증권,C25,파생상품계약_장외파생상품_기타,0,국내증권사,B,SF205,각주항목(09.06월 이후)
386,201912,0012334,(주)비엔케이투자증권,D,대차 및 대주거래,23083140995,국내증권사,B,SF205,각주항목(09.06월 이후)
387,201912,0012334,(주)비엔케이투자증권,D1,대차 및 대주거래_대여증권,179347000,국내증권사,B,SF205,각주항목(09.06월 이후)
388,201912,0012334,(주)비엔케이투자증권,D2,대차 및 대주거래_차입증권,22903793995,국내증권사,B,SF205,각주항목(09.06월 이후)
389,201912,0012334,(주)비엔케이투자증권,D3,대차 및 대주거래_신용거래대주, ,국내증권사,B,SF205,각주항목(09.06월 이후)
390,201912,0012334,(주)비엔케이투자증권,E,대손상각채권,350879471,국내증권사,B,SF205,각주항목(09.06월 이후)
391,201912,0012334,(주)비엔케이투자증권,F,환전업무 예치금,0,국내증권사,B,SF205,각주항목(09.06월 이후)
392,201912,0012334,(주)비엔케이투자증권,G,미배당별도예치금, ,국내증권사,B,SF205,각주항목(09.06월 이후)
393,201912,0012334,(주)비엔케이투자증권,H,배서어음매출(종금계정),0,국내증권사,B,SF205,각주항목(09.06월 이후)
394,201912,0012334,(주)비엔케이투자증권,H1,대출채권매매이익_담보부, ,국내증권사,B,SF205,각주항목(09.06월 이후)
395,201912,0012334,(주)비엔케이투자증권,H2,대출채권매매이익_무담보부, ,국내증권사,B,SF205,각주항목(09.06월 이후)
396,202003,0012334,(주)비엔케이투자증권,A,채무보증,54449893688,국내증권사,B,SF205,각주항목(09.06월 이후)
397,202003,0012334,(주)비엔케이투자증권,A1,채무보증_지급보증,0,국내증권사,B,SF205,각주항목(09.06월 이후)
398,202003,0012334,(주)비엔케이투자증권,A2,채무보증_매입보장약정,50400000000,국내증권사,B,SF205,각주항목(09.06월 이후)
399,202003,0012334,(주)비엔케이투자증권,A3,채무보증_채무인수약정, ,국내증권사,B,SF205,각주항목(09.06월 이후)
400,202003,0012334,(주)비엔케이투자증권,A5,채무보증_매입확약,0,국내증권사,B,SF205,각주항목(09.06월 이후)
401,202003,0012334,(주)비엔케이투자증권,A6,채무보증_기타,4049893688,국내증권사,B,SF205,각주항목(09.06월 이후)
402,202003,0012334,(주)비엔케이투자증권,B,투자자의 예수증권 등,9988882813842,국내증권사,B,SF205,각주항목(09.06월 이후)
403,202003,0012334,(주)비엔케이투자증권,B1,투자자의 예수증권 등_예수 증권,9988882813842,국내증권사,B,SF205,각주항목(09.06월 이후)
404,202003,0012334,(주)비엔케이투자증권,B2,투자자의 예수증권 등_예수양도성예금증서, ,국내증권사,B,SF205,각주항목(09.06월 이후)
405,202003,0012334,(주)비엔케이투자증권,B3,투자자의 예수증권 등_기타, ,국내증권사,B,SF205,각주항목(09.06월 이후)
406,202003,0012334,(주)비엔케이투자증권,C,파생상품계약,30954533500,국내증권사,B,SF205,각주항목(09.06월 이후)
407,202003,0012334,(주)비엔케이투자증권,C1,파생상품계약_장내파생상품,30954533500,국내증권사,B,SF205,각주항목(09.06월 이후)
408,202003,0012334,(주)비엔케이투자증권,C11,파생상품계약_장내파생상품_이자율관련거래,25302900000,국내증권사,B,SF205,각주항목(09.06월 이후)
409,202003,0012334,(주)비엔케이투자증권,C12,파생상품계약_장내파생상품_통화관련거래,0,국내증권사,B,SF205,각주항목(09.06월 이후)
410,202003,0012334,(주)비엔케이투자증권,C13,파생상품계약_장내파생상품_주식관련거래,5651633500,국내증권사,B,SF205,각주항목(09.06월 이후)
411,202003,0012334,(주)비엔케이투자증권,C14,파생상품계약_장내파생상품_일반상품관련거래,0,국내증권사,B,SF205,각주항목(09.06월 이후)
412,202003,0012334,(주)비엔케이투자증권,C15,파생상품계약_장내파생상품_기타,0,국내증권사,B,SF205,각주항목(09.06월 이후)
413,202003,0012334,(주)비엔케이투자증권,C2,파생상품계약_장외파생상품,0,국내증권사,B,SF205,각주항목(09.06월 이후)
414,202003,0012334,(주)비엔케이투자증권,C21,파생상품계약_장외파생상품_이자율관련거래,0,국내증권사,B,SF205,각주항목(09.06월 이후)
415,202003,0012334,(주)비엔케이투자증권,C22,파생상품계약_장외파생상품_통화관련거래,0,국내증권사,B,SF205,각주항목(09.06월 이후)
416,202003,0012334,(주)비엔케이투자증권,C23,파생상품계약_장외파생상품_주식관련거래,0,국내증권사,B,SF205,각주항목(09.06월 이후)
417,202003,0012334,(주)비엔케이투자증권,C24,파생상품계약_장외파생상품_신용관련거래,0,국내증권사,B,SF205,각주항목(09.06월 이후)
418,202003,0012334,(주)비엔케이투자증권,C25,파생상품계약_장외파생상품_기타,0,국내증권사,B,SF205,각주항목(09.06월 이후)
419,202003,0012334,(주)비엔케이투자증권,D,대차 및 대주거래,1022155100,국내증권사,B,SF205,각주항목(09.06월 이후)
420,202003,0012334,(주)비엔케이투자증권,D1,대차 및 대주거래_대여증권,26155100,국내증권사,B,SF205,각주항목(09.06월 이후)
421,202003,0012334,(주)비엔케이투자증권,D2,대차 및 대주거래_차입증권,996000000,국내증권사,B,SF205,각주항목(09.06월 이후)
422,202003,0012334,(주)비엔케이투자증권,D3,대차 및 대주거래_신용거래대주, ,국내증권사,B,SF205,각주항목(09.06월 이후)
423,202003,0012334,(주)비엔케이투자증권,E,대손상각채권,5108320560,국내증권사,B,SF205,각주항목(09.06월 이후)
424,202003,0012334,(주)비엔케이투자증권,F,환전업무 예치금,0,국내증권사,B,SF205,각주항목(09.06월 이후)
425,202003,0012334,(주)비엔케이투자증권,G,미배당별도예치금, ,국내증권사,B,SF205,각주항목(09.06월 이후)
426,202003,0012334,(주)비엔케이투자증권,H,배서어음매출(종금계정),0,국내증권사,B,SF205,각주항목(09.06월 이후)
427,202003,0012334,(주)비엔케이투자증권,H1,대출채권매매이익_담보부, ,국내증권사,B,SF205,각주항목(09.06월 이후)
428,202003,0012334,(주)비엔케이투자증권,H2,대출채권매매이익_무담보부, ,국내증권사,B,SF205,각주항목(09.06월 이후)
429,202006,0012334,(주)비엔케이투자증권,A,채무보증,106589867993,국내증권사,B,SF205,각주항목(09.06월 이후)
430,202006,0012334,(주)비엔케이투자증권,A1,채무보증_지급보증,0,국내증권사,B,SF205,각주항목(09.06월 이후)
431,202006,0012334,(주)비엔케이투자증권,A2,채무보증_매입보장약정,102500000000,국내증권사,B,SF205,각주항목(09.06월 이후)
432,202006,0012334,(주)비엔케이투자증권,A3,채무보증_채무인수약정, ,국내증권사,B,SF205,각주항목(09.06월 이후)
433,202006,0012334,(주)비엔케이투자증권,A5,채무보증_매입확약,0,국내증권사,B,SF205,각주항목(09.06월 이후)
434,202006,0012334,(주)비엔케이투자증권,A6,채무보증_기타,4089867993,국내증권사,B,SF205,각주항목(09.06월 이후)
435,202006,0012334,(주)비엔케이투자증권,B,투자자의 예수증권 등,10400172650104,국내증권사,B,SF205,각주항목(09.06월 이후)
436,202006,0012334,(주)비엔케이투자증권,B1,투자자의 예수증권 등_예수 증권,10400172650104,국내증권사,B,SF205,각주항목(09.06월 이후)
437,202006,0012334,(주)비엔케이투자증권,B2,투자자의 예수증권 등_예수양도성예금증서, ,국내증권사,B,SF205,각주항목(09.06월 이후)
438,202006,0012334,(주)비엔케이투자증권,B3,투자자의 예수증권 등_기타, ,국내증권사,B,SF205,각주항목(09.06월 이후)
439,202006,0012334,(주)비엔케이투자증권,C,파생상품계약,25241002450,국내증권사,B,SF205,각주항목(09.06월 이후)
440,202006,0012334,(주)비엔케이투자증권,C1,파생상품계약_장내파생상품,25241002450,국내증권사,B,SF205,각주항목(09.06월 이후)
441,202006,0012334,(주)비엔케이투자증권,C11,파생상품계약_장내파생상품_이자율관련거래,24184600000,국내증권사,B,SF205,각주항목(09.06월 이후)
442,202006,0012334,(주)비엔케이투자증권,C12,파생상품계약_장내파생상품_통화관련거래,0,국내증권사,B,SF205,각주항목(09.06월 이후)
443,202006,0012334,(주)비엔케이투자증권,C13,파생상품계약_장내파생상품_주식관련거래,1056402450,국내증권사,B,SF205,각주항목(09.06월 이후)
444,202006,0012334,(주)비엔케이투자증권,C14,파생상품계약_장내파생상품_일반상품관련거래,0,국내증권사,B,SF205,각주항목(09.06월 이후)
445,202006,0012334,(주)비엔케이투자증권,C15,파생상품계약_장내파생상품_기타,0,국내증권사,B,SF205,각주항목(09.06월 이후)
446,202006,0012334,(주)비엔케이투자증권,C2,파생상품계약_장외파생상품,0,국내증권사,B,SF205,각주항목(09.06월 이후)
447,202006,0012334,(주)비엔케이투자증권,C21,파생상품계약_장외파생상품_이자율관련거래,0,국내증권사,B,SF205,각주항목(09.06월 이후)
448,202006,0012334,(주)비엔케이투자증권,C22,파생상품계약_장외파생상품_통화관련거래,0,국내증권사,B,SF205,각주항목(09.06월 이후)
449,202006,0012334,(주)비엔케이투자증권,C23,파생상품계약_장외파생상품_주식관련거래,0,국내증권사,B,SF205,각주항목(09.06월 이후)
450,202006,0012334,(주)비엔케이투자증권,C24,파생상품계약_장외파생상품_신용관련거래,0,국내증권사,B,SF205,각주항목(09.06월 이후)
451,202006,0012334,(주)비엔케이투자증권,C25,파생상품계약_장외파생상품_기타,0,국내증권사,B,SF205,각주항목(09.06월 이후)
452,202006,0012334,(주)비엔케이투자증권,D,대차 및 대주거래,100000000,국내증권사,B,SF205,각주항목(09.06월 이후)
453,202006,0012334,(주)비엔케이투자증권,D1,대차 및 대주거래_대여증권,0,국내증권사,B,SF205,각주항목(09.06월 이후)
454,202006,0012334,(주)비엔케이투자증권,D2,대차 및 대주거래_차입증권,100000000,국내증권사,B,SF205,각주항목(09.06월 이후)
455,202006,0012334,(주)비엔케이투자증권,D3,대차 및 대주거래_신용거래대주, ,국내증권사,B,SF205,각주항목(09.06월 이후)
456,202006,0012334,(주)비엔케이투자증권,E,대손상각채권,5108114838,국내증권사,B,SF205,각주항목(09.06월 이후)
457,202006,0012334,(주)비엔케이투자증권,F,환전업무 예치금,0,국내증권사,B,SF205,각주항목(09.06월 이후)
458,202006,0012334,(주)비엔케이투자증권,G,미배당별도예치금, ,국내증권사,B,SF205,각주항목(09.06월 이후)
459,202006,0012334,(주)비엔케이투자증권,H,배서어음매출(종금계정),0,국내증권사,B,SF205,각주항목(09.06월 이후)
460,202006,0012334,(주)비엔케이투자증권,H1,대출채권매매이익_담보부, ,국내증권사,B,SF205,각주항목(09.06월 이후)
461,202006,0012334,(주)비엔케이투자증권,H2,대출채권매매이익_무담보부, ,국내증권사,B,SF205,각주항목(09.06월 이후)
462,202009,0012334,(주)비엔케이투자증권,A,채무보증,98879843880,국내증권사,B,SF205,각주항목(09.06월 이후)
463,202009,0012334,(주)비엔케이투자증권,A1,채무보증_지급보증,0,국내증권사,B,SF205,각주항목(09.06월 이후)
464,202009,0012334,(주)비엔케이투자증권,A2,채무보증_매입보장약정,95000000000,국내증권사,B,SF205,각주항목(09.06월 이후)
465,202009,0012334,(주)비엔케이투자증권,A3,채무보증_채무인수약정, ,국내증권사,B,SF205,각주항목(09.06월 이후)
466,202009,0012334,(주)비엔케이투자증권,A5,채무보증_매입확약,0,국내증권사,B,SF205,각주항목(09.06월 이후)
467,202009,0012334,(주)비엔케이투자증권,A6,채무보증_기타,3879843880,국내증권사,B,SF205,각주항목(09.06월 이후)
468,202009,0012334,(주)비엔케이투자증권,B,투자자의 예수증권 등,10548183837327,국내증권사,B,SF205,각주항목(09.06월 이후)
469,202009,0012334,(주)비엔케이투자증권,B1,투자자의 예수증권 등_예수 증권,10548183837327,국내증권사,B,SF205,각주항목(09.06월 이후)
470,202009,0012334,(주)비엔케이투자증권,B2,투자자의 예수증권 등_예수양도성예금증서, ,국내증권사,B,SF205,각주항목(09.06월 이후)
471,202009,0012334,(주)비엔케이투자증권,B3,투자자의 예수증권 등_기타, ,국내증권사,B,SF205,각주항목(09.06월 이후)
472,202009,0012334,(주)비엔케이투자증권,C,파생상품계약,36369576500,국내증권사,B,SF205,각주항목(09.06월 이후)
473,202009,0012334,(주)비엔케이투자증권,C1,파생상품계약_장내파생상품,36369576500,국내증권사,B,SF205,각주항목(09.06월 이후)
474,202009,0012334,(주)비엔케이투자증권,C11,파생상품계약_장내파생상품_이자율관련거래,29111920000,국내증권사,B,SF205,각주항목(09.06월 이후)
475,202009,0012334,(주)비엔케이투자증권,C12,파생상품계약_장내파생상품_통화관련거래,0,국내증권사,B,SF205,각주항목(09.06월 이후)
476,202009,0012334,(주)비엔케이투자증권,C13,파생상품계약_장내파생상품_주식관련거래,7257656500,국내증권사,B,SF205,각주항목(09.06월 이후)
477,202009,0012334,(주)비엔케이투자증권,C14,파생상품계약_장내파생상품_일반상품관련거래,0,국내증권사,B,SF205,각주항목(09.06월 이후)
478,202009,0012334,(주)비엔케이투자증권,C15,파생상품계약_장내파생상품_기타,0,국내증권사,B,SF205,각주항목(09.06월 이후)
479,202009,0012334,(주)비엔케이투자증권,C2,파생상품계약_장외파생상품,0,국내증권사,B,SF205,각주항목(09.06월 이후)
480,202009,0012334,(주)비엔케이투자증권,C21,파생상품계약_장외파생상품_이자율관련거래,0,국내증권사,B,SF205,각주항목(09.06월 이후)
481,202009,0012334,(주)비엔케이투자증권,C22,파생상품계약_장외파생상품_통화관련거래,0,국내증권사,B,SF205,각주항목(09.06월 이후)
482,202009,0012334,(주)비엔케이투자증권,C23,파생상품계약_장외파생상품_주식관련거래,0,국내증권사,B,SF205,각주항목(09.06월 이후)
483,202009,0012334,(주)비엔케이투자증권,C24,파생상품계약_장외파생상품_신용관련거래,0,국내증권사,B,SF205,각주항목(09.06월 이후)
484,202009,0012334,(주)비엔케이투자증권,C25,파생상품계약_장외파생상품_기타,0,국내증권사,B,SF205,각주항목(09.06월 이후)
485,202009,0012334,(주)비엔케이투자증권,D,대차 및 대주거래,14500000,국내증권사,B,SF205,각주항목(09.06월 이후)
486,202009,0012334,(주)비엔케이투자증권,D1,대차 및 대주거래_대여증권,0,국내증권사,B,SF205,각주항목(09.06월 이후)
487,202009,0012334,(주)비엔케이투자증권,D2,대차 및 대주거래_차입증권,14500000,국내증권사,B,SF205,각주항목(09.06월 이후)
488,202009,0012334,(주)비엔케이투자증권,D3,대차 및 대주거래_신용거래대주, ,국내증권사,B,SF205,각주항목(09.06월 이후)
489,202009,0012334,(주)비엔케이투자증권,E,대손상각채권,5107909116,국내증권사,B,SF205,각주항목(09.06월 이후)
490,202009,0012334,(주)비엔케이투자증권,F,환전업무 예치금,0,국내증권사,B,SF205,각주항목(09.06월 이후)
491,202009,0012334,(주)비엔케이투자증권,G,미배당별도예치금, ,국내증권사,B,SF205,각주항목(09.06월 이후)
492,202009,0012334,(주)비엔케이투자증권,H,배서어음매출(종금계정),0,국내증권사,B,SF205,각주항목(09.06월 이후)
493,202009,0012334,(주)비엔케이투자증권,H1,대출채권매매이익_담보부, ,국내증권사,B,SF205,각주항목(09.06월 이후)
494,202009,0012334,(주)비엔케이투자증권,H2,대출채권매매이익_무담보부, ,국내증권사,B,SF205,각주항목(09.06월 이후)
495,202012,0012334,(주)비엔케이투자증권,A,채무보증,138188160657,국내증권사,B,SF205,각주항목(09.06월 이후)
496,202012,0012334,(주)비엔케이투자증권,A1,채무보증_지급보증,0,국내증권사,B,SF205,각주항목(09.06월 이후)
497,202012,0012334,(주)비엔케이투자증권,A2,채무보증_매입보장약정,135000000000,국내증권사,B,SF205,각주항목(09.06월 이후)
498,202012,0012334,(주)비엔케이투자증권,A3,채무보증_채무인수약정, ,국내증권사,B,SF205,각주항목(09.06월 이후)
499,202012,0012334,(주)비엔케이투자증권,A5,채무보증_매입확약,0,국내증권사,B,SF205,각주항목(09.06월 이후)
500,202012,0012334,(주)비엔케이투자증권,A6,채무보증_기타,3188160657,국내증권사,B,SF205,각주항목(09.06월 이후)
501,202012,0012334,(주)비엔케이투자증권,B,투자자의 예수증권 등,11242937835286,국내증권사,B,SF205,각주항목(09.06월 이후)
502,202012,0012334,(주)비엔케이투자증권,B1,투자자의 예수증권 등_예수 증권,11242937835286,국내증권사,B,SF205,각주항목(09.06월 이후)
503,202012,0012334,(주)비엔케이투자증권,B2,투자자의 예수증권 등_예수양도성예금증서, ,국내증권사,B,SF205,각주항목(09.06월 이후)
504,202012,0012334,(주)비엔케이투자증권,B3,투자자의 예수증권 등_기타, ,국내증권사,B,SF205,각주항목(09.06월 이후)
505,202012,0012334,(주)비엔케이투자증권,C,파생상품계약,101414720500,국내증권사,B,SF205,각주항목(09.06월 이후)
506,202012,0012334,(주)비엔케이투자증권,C1,파생상품계약_장내파생상품,101414720500,국내증권사,B,SF205,각주항목(09.06월 이후)
507,202012,0012334,(주)비엔케이투자증권,C11,파생상품계약_장내파생상품_이자율관련거래,15170490000,국내증권사,B,SF205,각주항목(09.06월 이후)
508,202012,0012334,(주)비엔케이투자증권,C12,파생상품계약_장내파생상품_통화관련거래,0,국내증권사,B,SF205,각주항목(09.06월 이후)
509,202012,0012334,(주)비엔케이투자증권,C13,파생상품계약_장내파생상품_주식관련거래,86244230500,국내증권사,B,SF205,각주항목(09.06월 이후)
510,202012,0012334,(주)비엔케이투자증권,C14,파생상품계약_장내파생상품_일반상품관련거래,0,국내증권사,B,SF205,각주항목(09.06월 이후)
511,202012,0012334,(주)비엔케이투자증권,C15,파생상품계약_장내파생상품_기타,0,국내증권사,B,SF205,각주항목(09.06월 이후)
512,202012,0012334,(주)비엔케이투자증권,C2,파생상품계약_장외파생상품,0,국내증권사,B,SF205,각주항목(09.06월 이후)
513,202012,0012334,(주)비엔케이투자증권,C21,파생상품계약_장외파생상품_이자율관련거래,0,국내증권사,B,SF205,각주항목(09.06월 이후)
514,202012,0012334,(주)비엔케이투자증권,C22,파생상품계약_장외파생상품_통화관련거래,0,국내증권사,B,SF205,각주항목(09.06월 이후)
515,202012,0012334,(주)비엔케이투자증권,C23,파생상품계약_장외파생상품_주식관련거래,0,국내증권사,B,SF205,각주항목(09.06월 이후)
516,202012,0012334,(주)비엔케이투자증권,C24,파생상품계약_장외파생상품_신용관련거래,0,국내증권사,B,SF205,각주항목(09.06월 이후)
517,202012,0012334,(주)비엔케이투자증권,C25,파생상품계약_장외파생상품_기타,0,국내증권사,B,SF205,각주항목(09.06월 이후)
518,202012,0012334,(주)비엔케이투자증권,D,대차 및 대주거래,4185000000,국내증권사,B,SF205,각주항목(09.06월 이후)
519,202012,0012334,(주)비엔케이투자증권,D1,대차 및 대주거래_대여증권,0,국내증권사,B,SF205,각주항목(09.06월 이후)
520,202012,0012334,(주)비엔케이투자증권,D2,대차 및 대주거래_차입증권,4185000000,국내증권사,B,SF205,각주항목(09.06월 이후)
521,202012,0012334,(주)비엔케이투자증권,D3,대차 및 대주거래_신용거래대주, ,국내증권사,B,SF205,각주항목(09.06월 이후)
522,202012,0012334,(주)비엔케이투자증권,E,대손상각채권,5107703394,국내증권사,B,SF205,각주항목(09.06월 이후)
523,202012,0012334,(주)비엔케이투자증권,F,환전업무 예치금,0,국내증권사,B,SF205,각주항목(09.06월 이후)
524,202012,0012334,(주)비엔케이투자증권,G,미배당별도예치금, ,국내증권사,B,SF205,각주항목(09.06월 이후)
525,202012,0012334,(주)비엔케이투자증권,H,배서어음매출(종금계정),0,국내증권사,B,SF205,각주항목(09.06월 이후)
526,202012,0012334,(주)비엔케이투자증권,H1,대출채권매매이익_담보부, ,국내증권사,B,SF205,각주항목(09.06월 이후)
527,202012,0012334,(주)비엔케이투자증권,H2,대출채권매매이익_무담보부, ,국내증권사,B,SF205,각주항목(09.06월 이후)
528,202103,0012334,(주)비엔케이투자증권,A,채무보증,160186148217,국내증권사,B,SF205,각주항목(09.06월 이후)
529,202103,0012334,(주)비엔케이투자증권,A1,채무보증_지급보증,0,국내증권사,B,SF205,각주항목(09.06월 이후)
530,202103,0012334,(주)비엔케이투자증권,A2,채무보증_매입보장약정,145000000000,국내증권사,B,SF205,각주항목(09.06월 이후)
531,202103,0012334,(주)비엔케이투자증권,A3,채무보증_채무인수약정,0,국내증권사,B,SF205,각주항목(09.06월 이후)
532,202103,0012334,(주)비엔케이투자증권,A5,채무보증_매입확약,0,국내증권사,B,SF205,각주항목(09.06월 이후)
533,202103,0012334,(주)비엔케이투자증권,A6,채무보증_기타,15186148217,국내증권사,B,SF205,각주항목(09.06월 이후)
534,202103,0012334,(주)비엔케이투자증권,B,투자자의 예수증권 등,11785455452526,국내증권사,B,SF205,각주항목(09.06월 이후)
535,202103,0012334,(주)비엔케이투자증권,B1,투자자의 예수증권 등_예수 증권,11785455452526,국내증권사,B,SF205,각주항목(09.06월 이후)
536,202103,0012334,(주)비엔케이투자증권,B2,투자자의 예수증권 등_예수양도성예금증서,0,국내증권사,B,SF205,각주항목(09.06월 이후)
537,202103,0012334,(주)비엔케이투자증권,B3,투자자의 예수증권 등_기타,0,국내증권사,B,SF205,각주항목(09.06월 이후)
538,202103,0012334,(주)비엔케이투자증권,C,파생상품계약,76627906000,국내증권사,B,SF205,각주항목(09.06월 이후)
539,202103,0012334,(주)비엔케이투자증권,C1,파생상품계약_장내파생상품,76627906000,국내증권사,B,SF205,각주항목(09.06월 이후)
540,202103,0012334,(주)비엔케이투자증권,C11,파생상품계약_장내파생상품_이자율관련거래,62023400000,국내증권사,B,SF205,각주항목(09.06월 이후)
541,202103,0012334,(주)비엔케이투자증권,C12,파생상품계약_장내파생상품_통화관련거래,0,국내증권사,B,SF205,각주항목(09.06월 이후)
542,202103,0012334,(주)비엔케이투자증권,C13,파생상품계약_장내파생상품_주식관련거래,14604506000,국내증권사,B,SF205,각주항목(09.06월 이후)
543,202103,0012334,(주)비엔케이투자증권,C14,파생상품계약_장내파생상품_일반상품관련거래,0,국내증권사,B,SF205,각주항목(09.06월 이후)
544,202103,0012334,(주)비엔케이투자증권,C15,파생상품계약_장내파생상품_기타,0,국내증권사,B,SF205,각주항목(09.06월 이후)
545,202103,0012334,(주)비엔케이투자증권,C2,파생상품계약_장외파생상품,0,국내증권사,B,SF205,각주항목(09.06월 이후)
546,202103,0012334,(주)비엔케이투자증권,C21,파생상품계약_장외파생상품_이자율관련거래,0,국내증권사,B,SF205,각주항목(09.06월 이후)
547,202103,0012334,(주)비엔케이투자증권,C22,파생상품계약_장외파생상품_통화관련거래,0,국내증권사,B,SF205,각주항목(09.06월 이후)
548,202103,0012334,(주)비엔케이투자증권,C23,파생상품계약_장외파생상품_주식관련거래,0,국내증권사,B,SF205,각주항목(09.06월 이후)
549,202103,0012334,(주)비엔케이투자증권,C24,파생상품계약_장외파생상품_신용관련거래,0,국내증권사,B,SF205,각주항목(09.06월 이후)
550,202103,0012334,(주)비엔케이투자증권,C25,파생상품계약_장외파생상품_기타,0,국내증권사,B,SF205,각주항목(09.06월 이후)
551,202103,0012334,(주)비엔케이투자증권,D,대차 및 대주거래,0,국내증권사,B,SF205,각주항목(09.06월 이후)
552,202103,0012334,(주)비엔케이투자증권,D1,대차 및 대주거래_대여증권,0,국내증권사,B,SF205,각주항목(09.06월 이후)
553,202103,0012334,(주)비엔케이투자증권,D2,대차 및 대주거래_차입증권,0,국내증권사,B,SF205,각주항목(09.06월 이후)
554,202103,0012334,(주)비엔케이투자증권,D3,대차 및 대주거래_신용거래대주,0,국내증권사,B,SF205,각주항목(09.06월 이후)
555,202103,0012334,(주)비엔케이투자증권,E,대손상각채권,5099991412,국내증권사,B,SF205,각주항목(09.06월 이후)
556,202103,0012334,(주)비엔케이투자증권,F,환전업무 예치금,0,국내증권사,B,SF205,각주항목(09.06월 이후)
557,202103,0012334,(주)비엔케이투자증권,G,미배당별도예치금,0,국내증권사,B,SF205,각주항목(09.06월 이후)
558,202103,0012334,(주)비엔케이투자증권,H,배서어음매출(종금계정),0,국내증권사,B,SF205,각주항목(09.06월 이후)
559,202103,0012334,(주)비엔케이투자증권,H1,대출채권매매이익_담보부,0,국내증권사,B,SF205,각주항목(09.06월 이후)
560,202103,0012334,(주)비엔케이투자증권,H2,대출채권매매이익_무담보부,0,국내증권사,B,SF205,각주항목(09.06월 이후)
561,202106,0012334,(주)비엔케이투자증권,A,채무보증,191520348217,국내증권사,B,SF205,각주항목(09.06월 이후)
562,202106,0012334,(주)비엔케이투자증권,A1,채무보증_지급보증,0,국내증권사,B,SF205,각주항목(09.06월 이후)
563,202106,0012334,(주)비엔케이투자증권,A2,채무보증_매입보장약정,103000000000,국내증권사,B,SF205,각주항목(09.06월 이후)
564,202106,0012334,(주)비엔케이투자증권,A3,채무보증_채무인수약정,0,국내증권사,B,SF205,각주항목(09.06월 이후)
565,202106,0012334,(주)비엔케이투자증권,A5,채무보증_매입확약,75000000000,국내증권사,B,SF205,각주항목(09.06월 이후)
566,202106,0012334,(주)비엔케이투자증권,A6,채무보증_기타,13520348217,국내증권사,B,SF205,각주항목(09.06월 이후)
567,202106,0012334,(주)비엔케이투자증권,B,투자자의 예수증권 등,14529069997191,국내증권사,B,SF205,각주항목(09.06월 이후)
568,202106,0012334,(주)비엔케이투자증권,B1,투자자의 예수증권 등_예수 증권,14529069997191,국내증권사,B,SF205,각주항목(09.06월 이후)
569,202106,0012334,(주)비엔케이투자증권,B2,투자자의 예수증권 등_예수양도성예금증서,0,국내증권사,B,SF205,각주항목(09.06월 이후)
570,202106,0012334,(주)비엔케이투자증권,B3,투자자의 예수증권 등_기타,0,국내증권사,B,SF205,각주항목(09.06월 이후)
571,202106,0012334,(주)비엔케이투자증권,C,파생상품계약,2679040148700,국내증권사,B,SF205,각주항목(09.06월 이후)
572,202106,0012334,(주)비엔케이투자증권,C1,파생상품계약_장내파생상품,2679040148700,국내증권사,B,SF205,각주항목(09.06월 이후)
573,202106,0012334,(주)비엔케이투자증권,C11,파생상품계약_장내파생상품_이자율관련거래,67602500000,국내증권사,B,SF205,각주항목(09.06월 이후)
574,202106,0012334,(주)비엔케이투자증권,C12,파생상품계약_장내파생상품_통화관련거래,0,국내증권사,B,SF205,각주항목(09.06월 이후)
575,202106,0012334,(주)비엔케이투자증권,C13,파생상품계약_장내파생상품_주식관련거래,2611437648700,국내증권사,B,SF205,각주항목(09.06월 이후)
576,202106,0012334,(주)비엔케이투자증권,C14,파생상품계약_장내파생상품_일반상품관련거래,0,국내증권사,B,SF205,각주항목(09.06월 이후)
577,202106,0012334,(주)비엔케이투자증권,C15,파생상품계약_장내파생상품_기타,0,국내증권사,B,SF205,각주항목(09.06월 이후)
578,202106,0012334,(주)비엔케이투자증권,C2,파생상품계약_장외파생상품,0,국내증권사,B,SF205,각주항목(09.06월 이후)
579,202106,0012334,(주)비엔케이투자증권,C21,파생상품계약_장외파생상품_이자율관련거래,0,국내증권사,B,SF205,각주항목(09.06월 이후)
580,202106,0012334,(주)비엔케이투자증권,C22,파생상품계약_장외파생상품_통화관련거래,0,국내증권사,B,SF205,각주항목(09.06월 이후)
581,202106,0012334,(주)비엔케이투자증권,C23,파생상품계약_장외파생상품_주식관련거래,0,국내증권사,B,SF205,각주항목(09.06월 이후)
582,202106,0012334,(주)비엔케이투자증권,C24,파생상품계약_장외파생상품_신용관련거래,0,국내증권사,B,SF205,각주항목(09.06월 이후)
583,202106,0012334,(주)비엔케이투자증권,C25,파생상품계약_장외파생상품_기타,0,국내증권사,B,SF205,각주항목(09.06월 이후)
584,202106,0012334,(주)비엔케이투자증권,D,대차 및 대주거래,34701786900,국내증권사,B,SF205,각주항목(09.06월 이후)
585,202106,0012334,(주)비엔케이투자증권,D1,대차 및 대주거래_대여증권,0,국내증권사,B,SF205,각주항목(09.06월 이후)
586,202106,0012334,(주)비엔케이투자증권,D2,대차 및 대주거래_차입증권,34690457300,국내증권사,B,SF205,각주항목(09.06월 이후)
587,202106,0012334,(주)비엔케이투자증권,D3,대차 및 대주거래_신용거래대주,11329600,국내증권사,B,SF205,각주항목(09.06월 이후)
588,202106,0012334,(주)비엔케이투자증권,E,대손상각채권,5099785690,국내증권사,B,SF205,각주항목(09.06월 이후)
589,202106,0012334,(주)비엔케이투자증권,F,환전업무 예치금,0,국내증권사,B,SF205,각주항목(09.06월 이후)
590,202106,0012334,(주)비엔케이투자증권,G,미배당별도예치금,0,국내증권사,B,SF205,각주항목(09.06월 이후)
591,202106,0012334,(주)비엔케이투자증권,H,배서어음매출(종금계정),0,국내증권사,B,SF205,각주항목(09.06월 이후)
592,202106,0012334,(주)비엔케이투자증권,H1,대출채권매매이익_담보부,0,국내증권사,B,SF205,각주항목(09.06월 이후)
593,202106,0012334,(주)비엔케이투자증권,H2,대출채권매매이익_무담보부,0,국내증권사,B,SF205,각주항목(09.06월 이후)
594,202109,0012334,(주)비엔케이투자증권,A,채무보증,704779814327,국내증권사,B,SF205,각주항목(09.06월 이후)
595,202109,0012334,(주)비엔케이투자증권,A1,채무보증_지급보증,0,국내증권사,B,SF205,각주항목(09.06월 이후)
596,202109,0012334,(주)비엔케이투자증권,A2,채무보증_매입보장약정,43000000000,국내증권사,B,SF205,각주항목(09.06월 이후)
597,202109,0012334,(주)비엔케이투자증권,A3,채무보증_채무인수약정,0,국내증권사,B,SF205,각주항목(09.06월 이후)
598,202109,0012334,(주)비엔케이투자증권,A5,채무보증_매입확약,637700000000,국내증권사,B,SF205,각주항목(09.06월 이후)
599,202109,0012334,(주)비엔케이투자증권,A6,채무보증_기타,24079814327,국내증권사,B,SF205,각주항목(09.06월 이후)
600,202109,0012334,(주)비엔케이투자증권,B,투자자의 예수증권 등,14138699125534,국내증권사,B,SF205,각주항목(09.06월 이후)
601,202109,0012334,(주)비엔케이투자증권,B1,투자자의 예수증권 등_예수 증권,14138699125534,국내증권사,B,SF205,각주항목(09.06월 이후)
602,202109,0012334,(주)비엔케이투자증권,B2,투자자의 예수증권 등_예수양도성예금증서,0,국내증권사,B,SF205,각주항목(09.06월 이후)
603,202109,0012334,(주)비엔케이투자증권,B3,투자자의 예수증권 등_기타,0,국내증권사,B,SF205,각주항목(09.06월 이후)
604,202109,0012334,(주)비엔케이투자증권,C,파생상품계약,3385528760500,국내증권사,B,SF205,각주항목(09.06월 이후)
605,202109,0012334,(주)비엔케이투자증권,C1,파생상품계약_장내파생상품,3385528760500,국내증권사,B,SF205,각주항목(09.06월 이후)
606,202109,0012334,(주)비엔케이투자증권,C11,파생상품계약_장내파생상품_이자율관련거래,38414300000,국내증권사,B,SF205,각주항목(09.06월 이후)
607,202109,0012334,(주)비엔케이투자증권,C12,파생상품계약_장내파생상품_통화관련거래,0,국내증권사,B,SF205,각주항목(09.06월 이후)
608,202109,0012334,(주)비엔케이투자증권,C13,파생상품계약_장내파생상품_주식관련거래,3347114460500,국내증권사,B,SF205,각주항목(09.06월 이후)
609,202109,0012334,(주)비엔케이투자증권,C14,파생상품계약_장내파생상품_일반상품관련거래,0,국내증권사,B,SF205,각주항목(09.06월 이후)
610,202109,0012334,(주)비엔케이투자증권,C15,파생상품계약_장내파생상품_기타,0,국내증권사,B,SF205,각주항목(09.06월 이후)
611,202109,0012334,(주)비엔케이투자증권,C2,파생상품계약_장외파생상품,0,국내증권사,B,SF205,각주항목(09.06월 이후)
612,202109,0012334,(주)비엔케이투자증권,C21,파생상품계약_장외파생상품_이자율관련거래,0,국내증권사,B,SF205,각주항목(09.06월 이후)
613,202109,0012334,(주)비엔케이투자증권,C22,파생상품계약_장외파생상품_통화관련거래,0,국내증권사,B,SF205,각주항목(09.06월 이후)
614,202109,0012334,(주)비엔케이투자증권,C23,파생상품계약_장외파생상품_주식관련거래,0,국내증권사,B,SF205,각주항목(09.06월 이후)
615,202109,0012334,(주)비엔케이투자증권,C24,파생상품계약_장외파생상품_신용관련거래,0,국내증권사,B,SF205,각주항목(09.06월 이후)
616,202109,0012334,(주)비엔케이투자증권,C25,파생상품계약_장외파생상품_기타,0,국내증권사,B,SF205,각주항목(09.06월 이후)
617,202109,0012334,(주)비엔케이투자증권,D,대차 및 대주거래,19612781100,국내증권사,B,SF205,각주항목(09.06월 이후)
618,202109,0012334,(주)비엔케이투자증권,D1,대차 및 대주거래_대여증권,0,국내증권사,B,SF205,각주항목(09.06월 이후)
619,202109,0012334,(주)비엔케이투자증권,D2,대차 및 대주거래_차입증권,19600721100,국내증권사,B,SF205,각주항목(09.06월 이후)
620,202109,0012334,(주)비엔케이투자증권,D3,대차 및 대주거래_신용거래대주,12060000,국내증권사,B,SF205,각주항목(09.06월 이후)
621,202109,0012334,(주)비엔케이투자증권,E,대손상각채권,5099648542,국내증권사,B,SF205,각주항목(09.06월 이후)
622,202109,0012334,(주)비엔케이투자증권,F,환전업무 예치금,0,국내증권사,B,SF205,각주항목(09.06월 이후)
623,202109,0012334,(주)비엔케이투자증권,G,미배당별도예치금,0,국내증권사,B,SF205,각주항목(09.06월 이후)
624,202109,0012334,(주)비엔케이투자증권,H,배서어음매출(종금계정),0,국내증권사,B,SF205,각주항목(09.06월 이후)
625,202109,0012334,(주)비엔케이투자증권,H1,대출채권매매이익_담보부,0,국내증권사,B,SF205,각주항목(09.06월 이후)
626,202109,0012334,(주)비엔케이투자증권,H2,대출채권매매이익_무담보부,0,국내증권사,B,SF205,각주항목(09.06월 이후)
627,202112,0012334,(주)비엔케이투자증권,A,채무보증,471853805387,국내증권사,B,SF205,각주항목(09.06월 이후)
628,202112,0012334,(주)비엔케이투자증권,A1,채무보증_지급보증,0,국내증권사,B,SF205,각주항목(09.06월 이후)
629,202112,0012334,(주)비엔케이투자증권,A2,채무보증_매입보장약정,43000000000,국내증권사,B,SF205,각주항목(09.06월 이후)
630,202112,0012334,(주)비엔케이투자증권,A3,채무보증_채무인수약정,0,국내증권사,B,SF205,각주항목(09.06월 이후)
631,202112,0012334,(주)비엔케이투자증권,A5,채무보증_매입확약,414900000000,국내증권사,B,SF205,각주항목(09.06월 이후)
632,202112,0012334,(주)비엔케이투자증권,A6,채무보증_기타,13953805387,국내증권사,B,SF205,각주항목(09.06월 이후)
633,202112,0012334,(주)비엔케이투자증권,B,투자자의 예수증권 등,11629149711890,국내증권사,B,SF205,각주항목(09.06월 이후)
634,202112,0012334,(주)비엔케이투자증권,B1,투자자의 예수증권 등_예수 증권,11629149711890,국내증권사,B,SF205,각주항목(09.06월 이후)
635,202112,0012334,(주)비엔케이투자증권,B2,투자자의 예수증권 등_예수양도성예금증서,0,국내증권사,B,SF205,각주항목(09.06월 이후)
636,202112,0012334,(주)비엔케이투자증권,B3,투자자의 예수증권 등_기타,0,국내증권사,B,SF205,각주항목(09.06월 이후)
637,202112,0012334,(주)비엔케이투자증권,C,파생상품계약,3254052334129,국내증권사,B,SF205,각주항목(09.06월 이후)
638,202112,0012334,(주)비엔케이투자증권,C1,파생상품계약_장내파생상품,3084052334129,국내증권사,B,SF205,각주항목(09.06월 이후)
639,202112,0012334,(주)비엔케이투자증권,C11,파생상품계약_장내파생상품_이자율관련거래,60045400000,국내증권사,B,SF205,각주항목(09.06월 이후)
640,202112,0012334,(주)비엔케이투자증권,C12,파생상품계약_장내파생상품_통화관련거래,0,국내증권사,B,SF205,각주항목(09.06월 이후)
641,202112,0012334,(주)비엔케이투자증권,C13,파생상품계약_장내파생상품_주식관련거래,3024006934129,국내증권사,B,SF205,각주항목(09.06월 이후)
642,202112,0012334,(주)비엔케이투자증권,C14,파생상품계약_장내파생상품_일반상품관련거래,0,국내증권사,B,SF205,각주항목(09.06월 이후)
643,202112,0012334,(주)비엔케이투자증권,C15,파생상품계약_장내파생상품_기타,0,국내증권사,B,SF205,각주항목(09.06월 이후)
644,202112,0012334,(주)비엔케이투자증권,C2,파생상품계약_장외파생상품,170000000000,국내증권사,B,SF205,각주항목(09.06월 이후)
645,202112,0012334,(주)비엔케이투자증권,C21,파생상품계약_장외파생상품_이자율관련거래,170000000000,국내증권사,B,SF205,각주항목(09.06월 이후)
646,202112,0012334,(주)비엔케이투자증권,C22,파생상품계약_장외파생상품_통화관련거래,0,국내증권사,B,SF205,각주항목(09.06월 이후)
647,202112,0012334,(주)비엔케이투자증권,C23,파생상품계약_장외파생상품_주식관련거래,0,국내증권사,B,SF205,각주항목(09.06월 이후)
648,202112,0012334,(주)비엔케이투자증권,C24,파생상품계약_장외파생상품_신용관련거래,0,국내증권사,B,SF205,각주항목(09.06월 이후)
649,202112,0012334,(주)비엔케이투자증권,C25,파생상품계약_장외파생상품_기타,0,국내증권사,B,SF205,각주항목(09.06월 이후)
650,202112,0012334,(주)비엔케이투자증권,D,대차 및 대주거래,6569272100,국내증권사,B,SF205,각주항목(09.06월 이후)
651,202112,0012334,(주)비엔케이투자증권,D1,대차 및 대주거래_대여증권,0,국내증권사,B,SF205,각주항목(09.06월 이후)
652,202112,0012334,(주)비엔케이투자증권,D2,대차 및 대주거래_차입증권,6459011400,국내증권사,B,SF205,각주항목(09.06월 이후)
653,202112,0012334,(주)비엔케이투자증권,D3,대차 및 대주거래_신용거래대주,110260700,국내증권사,B,SF205,각주항목(09.06월 이후)
654,202112,0012334,(주)비엔케이투자증권,E,대손상각채권,5099442820,국내증권사,B,SF205,각주항목(09.06월 이후)
655,202112,0012334,(주)비엔케이투자증권,F,환전업무 예치금,0,국내증권사,B,SF205,각주항목(09.06월 이후)
656,202112,0012334,(주)비엔케이투자증권,G,미배당별도예치금,0,국내증권사,B,SF205,각주항목(09.06월 이후)
657,202112,0012334,(주)비엔케이투자증권,H,배서어음매출(종금계정),0,국내증권사,B,SF205,각주항목(09.06월 이후)
658,202112,0012334,(주)비엔케이투자증권,H1,대출채권매매이익_담보부,0,국내증권사,B,SF205,각주항목(09.06월 이후)
659,202112,0012334,(주)비엔케이투자증권,H2,대출채권매매이익_무담보부,0,국내증권사,B,SF205,각주항목(09.06월 이후)
660,202203,0012334,(주)비엔케이투자증권,A,채무보증,684992138720,국내증권사,B,SF205,각주항목(09.06월 이후)
661,202203,0012334,(주)비엔케이투자증권,A1,채무보증_지급보증,0,국내증권사,B,SF205,각주항목(09.06월 이후)
662,202203,0012334,(주)비엔케이투자증권,A2,채무보증_매입보장약정,43000000000,국내증권사,B,SF205,각주항목(09.06월 이후)
663,202203,0012334,(주)비엔케이투자증권,A3,채무보증_채무인수약정,0,국내증권사,B,SF205,각주항목(09.06월 이후)
664,202203,0012334,(주)비엔케이투자증권,A5,채무보증_매입확약,632200000000,국내증권사,B,SF205,각주항목(09.06월 이후)
665,202203,0012334,(주)비엔케이투자증권,A6,채무보증_기타,9792138720,국내증권사,B,SF205,각주항목(09.06월 이후)
666,202203,0012334,(주)비엔케이투자증권,B,투자자의 예수증권 등,12028477495265,국내증권사,B,SF205,각주항목(09.06월 이후)
667,202203,0012334,(주)비엔케이투자증권,B1,투자자의 예수증권 등_예수 증권,12028477495265,국내증권사,B,SF205,각주항목(09.06월 이후)
668,202203,0012334,(주)비엔케이투자증권,B2,투자자의 예수증권 등_예수양도성예금증서,0,국내증권사,B,SF205,각주항목(09.06월 이후)
669,202203,0012334,(주)비엔케이투자증권,B3,투자자의 예수증권 등_기타,0,국내증권사,B,SF205,각주항목(09.06월 이후)
670,202203,0012334,(주)비엔케이투자증권,C,파생상품계약,3534572418540,국내증권사,B,SF205,각주항목(09.06월 이후)
671,202203,0012334,(주)비엔케이투자증권,C1,파생상품계약_장내파생상품,1841979058540,국내증권사,B,SF205,각주항목(09.06월 이후)
672,202203,0012334,(주)비엔케이투자증권,C11,파생상품계약_장내파생상품_이자율관련거래,189664800000,국내증권사,B,SF205,각주항목(09.06월 이후)
673,202203,0012334,(주)비엔케이투자증권,C12,파생상품계약_장내파생상품_통화관련거래,1575860000,국내증권사,B,SF205,각주항목(09.06월 이후)
674,202203,0012334,(주)비엔케이투자증권,C13,파생상품계약_장내파생상품_주식관련거래,1650738398540,국내증권사,B,SF205,각주항목(09.06월 이후)
675,202203,0012334,(주)비엔케이투자증권,C14,파생상품계약_장내파생상품_일반상품관련거래,0,국내증권사,B,SF205,각주항목(09.06월 이후)
676,202203,0012334,(주)비엔케이투자증권,C15,파생상품계약_장내파생상품_기타,0,국내증권사,B,SF205,각주항목(09.06월 이후)
677,202203,0012334,(주)비엔케이투자증권,C2,파생상품계약_장외파생상품,1692593360000,국내증권사,B,SF205,각주항목(09.06월 이후)
678,202203,0012334,(주)비엔케이투자증권,C21,파생상품계약_장외파생상품_이자율관련거래,370000000000,국내증권사,B,SF205,각주항목(09.06월 이후)
679,202203,0012334,(주)비엔케이투자증권,C22,파생상품계약_장외파생상품_통화관련거래,10897200000,국내증권사,B,SF205,각주항목(09.06월 이후)
680,202203,0012334,(주)비엔케이투자증권,C23,파생상품계약_장외파생상품_주식관련거래,0,국내증권사,B,SF205,각주항목(09.06월 이후)
681,202203,0012334,(주)비엔케이투자증권,C24,파생상품계약_장외파생상품_신용관련거래,1305400000000,국내증권사,B,SF205,각주항목(09.06월 이후)
682,202203,0012334,(주)비엔케이투자증권,C25,파생상품계약_장외파생상품_기타,6296160000,국내증권사,B,SF205,각주항목(09.06월 이후)
683,202203,0012334,(주)비엔케이투자증권,D,대차 및 대주거래,52867145910,국내증권사,B,SF205,각주항목(09.06월 이후)
684,202203,0012334,(주)비엔케이투자증권,D1,대차 및 대주거래_대여증권,14832000000,국내증권사,B,SF205,각주항목(09.06월 이후)
685,202203,0012334,(주)비엔케이투자증권,D2,대차 및 대주거래_차입증권,38032555910,국내증권사,B,SF205,각주항목(09.06월 이후)
686,202203,0012334,(주)비엔케이투자증권,D3,대차 및 대주거래_신용거래대주,2590000,국내증권사,B,SF205,각주항목(09.06월 이후)
687,202203,0012334,(주)비엔케이투자증권,E,대손상각채권,5099442820,국내증권사,B,SF205,각주항목(09.06월 이후)
688,202203,0012334,(주)비엔케이투자증권,F,환전업무 예치금,0,국내증권사,B,SF205,각주항목(09.06월 이후)
689,202203,0012334,(주)비엔케이투자증권,G,미배당별도예치금,0,국내증권사,B,SF205,각주항목(09.06월 이후)
690,202203,0012334,(주)비엔케이투자증권,H,배서어음매출(종금계정),0,국내증권사,B,SF205,각주항목(09.06월 이후)
691,202203,0012334,(주)비엔케이투자증권,H1,대출채권매매이익_담보부,0,국내증권사,B,SF205,각주항목(09.06월 이후)
692,202203,0012334,(주)비엔케이투자증권,H2,대출채권매매이익_무담보부,0,국내증권사,B,SF205,각주항목(09.06월 이후)
693,202206,0012334,(주)비엔케이투자증권,A,채무보증,804693600540,국내증권사,B,SF205,각주항목(09.06월 이후)
694,202206,0012334,(주)비엔케이투자증권,A1,채무보증_지급보증,0,국내증권사,B,SF205,각주항목(09.06월 이후)
695,202206,0012334,(주)비엔케이투자증권,A2,채무보증_매입보장약정,43000000000,국내증권사,B,SF205,각주항목(09.06월 이후)
696,202206,0012334,(주)비엔케이투자증권,A3,채무보증_채무인수약정,0,국내증권사,B,SF205,각주항목(09.06월 이후)
697,202206,0012334,(주)비엔케이투자증권,A5,채무보증_매입확약,756500000000,국내증권사,B,SF205,각주항목(09.06월 이후)
698,202206,0012334,(주)비엔케이투자증권,A6,채무보증_기타,5193600540,국내증권사,B,SF205,각주항목(09.06월 이후)
699,202206,0012334,(주)비엔케이투자증권,B,투자자의 예수증권 등,12131689619329,국내증권사,B,SF205,각주항목(09.06월 이후)
700,202206,0012334,(주)비엔케이투자증권,B1,투자자의 예수증권 등_예수 증권,12131689619329,국내증권사,B,SF205,각주항목(09.06월 이후)
701,202206,0012334,(주)비엔케이투자증권,B2,투자자의 예수증권 등_예수양도성예금증서,0,국내증권사,B,SF205,각주항목(09.06월 이후)
702,202206,0012334,(주)비엔케이투자증권,B3,투자자의 예수증권 등_기타,0,국내증권사,B,SF205,각주항목(09.06월 이후)
703,202206,0012334,(주)비엔케이투자증권,C,파생상품계약,5152965956813,국내증권사,B,SF205,각주항목(09.06월 이후)
704,202206,0012334,(주)비엔케이투자증권,C1,파생상품계약_장내파생상품,2570545356813,국내증권사,B,SF205,각주항목(09.06월 이후)
705,202206,0012334,(주)비엔케이투자증권,C11,파생상품계약_장내파생상품_이자율관련거래,213505237813,국내증권사,B,SF205,각주항목(09.06월 이후)
706,202206,0012334,(주)비엔케이투자증권,C12,파생상품계약_장내파생상품_통화관련거래,649300000,국내증권사,B,SF205,각주항목(09.06월 이후)
707,202206,0012334,(주)비엔케이투자증권,C13,파생상품계약_장내파생상품_주식관련거래,2356390819000,국내증권사,B,SF205,각주항목(09.06월 이후)
708,202206,0012334,(주)비엔케이투자증권,C14,파생상품계약_장내파생상품_일반상품관련거래,0,국내증권사,B,SF205,각주항목(09.06월 이후)
709,202206,0012334,(주)비엔케이투자증권,C15,파생상품계약_장내파생상품_기타,0,국내증권사,B,SF205,각주항목(09.06월 이후)
710,202206,0012334,(주)비엔케이투자증권,C2,파생상품계약_장외파생상품,2582420600000,국내증권사,B,SF205,각주항목(09.06월 이후)
711,202206,0012334,(주)비엔케이투자증권,C21,파생상품계약_장외파생상품_이자율관련거래,1217870000000,국내증권사,B,SF205,각주항목(09.06월 이후)
712,202206,0012334,(주)비엔케이투자증권,C22,파생상품계약_장외파생상품_통화관련거래,0,국내증권사,B,SF205,각주항목(09.06월 이후)
713,202206,0012334,(주)비엔케이투자증권,C23,파생상품계약_장외파생상품_주식관련거래,0,국내증권사,B,SF205,각주항목(09.06월 이후)
714,202206,0012334,(주)비엔케이투자증권,C24,파생상품계약_장외파생상품_신용관련거래,1346450000000,국내증권사,B,SF205,각주항목(09.06월 이후)
715,202206,0012334,(주)비엔케이투자증권,C25,파생상품계약_장외파생상품_기타,18100600000,국내증권사,B,SF205,각주항목(09.06월 이후)
716,202206,0012334,(주)비엔케이투자증권,D,대차 및 대주거래,409939533060,국내증권사,B,SF205,각주항목(09.06월 이후)
717,202206,0012334,(주)비엔케이투자증권,D1,대차 및 대주거래_대여증권,12350000000,국내증권사,B,SF205,각주항목(09.06월 이후)
718,202206,0012334,(주)비엔케이투자증권,D2,대차 및 대주거래_차입증권,397589533060,국내증권사,B,SF205,각주항목(09.06월 이후)
719,202206,0012334,(주)비엔케이투자증권,D3,대차 및 대주거래_신용거래대주,0,국내증권사,B,SF205,각주항목(09.06월 이후)
720,202206,0012334,(주)비엔케이투자증권,E,대손상각채권,5099442820,국내증권사,B,SF205,각주항목(09.06월 이후)
721,202206,0012334,(주)비엔케이투자증권,F,환전업무 예치금,0,국내증권사,B,SF205,각주항목(09.06월 이후)
722,202206,0012334,(주)비엔케이투자증권,G,미배당별도예치금,0,국내증권사,B,SF205,각주항목(09.06월 이후)
723,202206,0012334,(주)비엔케이투자증권,H,배서어음매출(종금계정),0,국내증권사,B,SF205,각주항목(09.06월 이후)
724,202206,0012334,(주)비엔케이투자증권,H1,대출채권매매이익_담보부,0,국내증권사,B,SF205,각주항목(09.06월 이후)
725,202206,0012334,(주)비엔케이투자증권,H2,대출채권매매이익_무담보부,0,국내증권사,B,SF205,각주항목(09.06월 이후)
726,202209,0012334,(주)비엔케이투자증권,A,채무보증,741593600540,국내증권사,B,SF205,각주항목(09.06월 이후)
727,202209,0012334,(주)비엔케이투자증권,A1,채무보증_지급보증,0,국내증권사,B,SF205,각주항목(09.06월 이후)
728,202209,0012334,(주)비엔케이투자증권,A2,채무보증_매입보장약정,43000000000,국내증권사,B,SF205,각주항목(09.06월 이후)
729,202209,0012334,(주)비엔케이투자증권,A3,채무보증_채무인수약정,0,국내증권사,B,SF205,각주항목(09.06월 이후)
730,202209,0012334,(주)비엔케이투자증권,A5,채무보증_매입확약,689800000000,국내증권사,B,SF205,각주항목(09.06월 이후)
731,202209,0012334,(주)비엔케이투자증권,A6,채무보증_기타,8793600540,국내증권사,B,SF205,각주항목(09.06월 이후)
732,202209,0012334,(주)비엔케이투자증권,B,투자자의 예수증권 등,13126916643632,국내증권사,B,SF205,각주항목(09.06월 이후)
733,202209,0012334,(주)비엔케이투자증권,B1,투자자의 예수증권 등_예수 증권,13126916643632,국내증권사,B,SF205,각주항목(09.06월 이후)
734,202209,0012334,(주)비엔케이투자증권,B2,투자자의 예수증권 등_예수양도성예금증서,0,국내증권사,B,SF205,각주항목(09.06월 이후)
735,202209,0012334,(주)비엔케이투자증권,B3,투자자의 예수증권 등_기타,0,국내증권사,B,SF205,각주항목(09.06월 이후)
736,202209,0012334,(주)비엔케이투자증권,C,파생상품계약,5075171091938,국내증권사,B,SF205,각주항목(09.06월 이후)
737,202209,0012334,(주)비엔케이투자증권,C1,파생상품계약_장내파생상품,2468148291938,국내증권사,B,SF205,각주항목(09.06월 이후)
738,202209,0012334,(주)비엔케이투자증권,C11,파생상품계약_장내파생상품_이자율관련거래,150128640938,국내증권사,B,SF205,각주항목(09.06월 이후)
739,202209,0012334,(주)비엔케이투자증권,C12,파생상품계약_장내파생상품_통화관련거래,0,국내증권사,B,SF205,각주항목(09.06월 이후)
740,202209,0012334,(주)비엔케이투자증권,C13,파생상품계약_장내파생상품_주식관련거래,2318019651000,국내증권사,B,SF205,각주항목(09.06월 이후)
741,202209,0012334,(주)비엔케이투자증권,C14,파생상품계약_장내파생상품_일반상품관련거래,0,국내증권사,B,SF205,각주항목(09.06월 이후)
742,202209,0012334,(주)비엔케이투자증권,C15,파생상품계약_장내파생상품_기타,0,국내증권사,B,SF205,각주항목(09.06월 이후)
743,202209,0012334,(주)비엔케이투자증권,C2,파생상품계약_장외파생상품,2607022800000,국내증권사,B,SF205,각주항목(09.06월 이후)
744,202209,0012334,(주)비엔케이투자증권,C21,파생상품계약_장외파생상품_이자율관련거래,1165950000000,국내증권사,B,SF205,각주항목(09.06월 이후)
745,202209,0012334,(주)비엔케이투자증권,C22,파생상품계약_장외파생상품_통화관련거래,0,국내증권사,B,SF205,각주항목(09.06월 이후)
746,202209,0012334,(주)비엔케이투자증권,C23,파생상품계약_장외파생상품_주식관련거래,3585600000,국내증권사,B,SF205,각주항목(09.06월 이후)
747,202209,0012334,(주)비엔케이투자증권,C24,파생상품계약_장외파생상품_신용관련거래,1417400000000,국내증권사,B,SF205,각주항목(09.06월 이후)
748,202209,0012334,(주)비엔케이투자증권,C25,파생상품계약_장외파생상품_기타,20087200000,국내증권사,B,SF205,각주항목(09.06월 이후)
749,202209,0012334,(주)비엔케이투자증권,D,대차 및 대주거래,210583649575,국내증권사,B,SF205,각주항목(09.06월 이후)
750,202209,0012334,(주)비엔케이투자증권,D1,대차 및 대주거래_대여증권,12850040500,국내증권사,B,SF205,각주항목(09.06월 이후)
751,202209,0012334,(주)비엔케이투자증권,D2,대차 및 대주거래_차입증권,197733609075,국내증권사,B,SF205,각주항목(09.06월 이후)
752,202209,0012334,(주)비엔케이투자증권,D3,대차 및 대주거래_신용거래대주,0,국내증권사,B,SF205,각주항목(09.06월 이후)
753,202209,0012334,(주)비엔케이투자증권,E,대손상각채권,5099442820,국내증권사,B,SF205,각주항목(09.06월 이후)
754,202209,0012334,(주)비엔케이투자증권,F,환전업무 예치금,0,국내증권사,B,SF205,각주항목(09.06월 이후)
755,202209,0012334,(주)비엔케이투자증권,G,미배당별도예치금,0,국내증권사,B,SF205,각주항목(09.06월 이후)
756,202209,0012334,(주)비엔케이투자증권,H,배서어음매출(종금계정),0,국내증권사,B,SF205,각주항목(09.06월 이후)
757,202209,0012334,(주)비엔케이투자증권,H1,대출채권매매이익_담보부,0,국내증권사,B,SF205,각주항목(09.06월 이후)
758,202209,0012334,(주)비엔케이투자증권,H2,대출채권매매이익_무담보부,0,국내증권사,B,SF205,각주항목(09.06월 이후)
759,202212,0012334,(주)비엔케이투자증권,A,채무보증,506243847356,국내증권사,B,SF205,각주항목(09.06월 이후)
760,202212,0012334,(주)비엔케이투자증권,A1,채무보증_지급보증,0,국내증권사,B,SF205,각주항목(09.06월 이후)
761,202212,0012334,(주)비엔케이투자증권,A2,채무보증_매입보장약정,8000000000,국내증권사,B,SF205,각주항목(09.06월 이후)
762,202212,0012334,(주)비엔케이투자증권,A3,채무보증_채무인수약정,0,국내증권사,B,SF205,각주항목(09.06월 이후)
763,202212,0012334,(주)비엔케이투자증권,A5,채무보증_매입확약,481800000000,국내증권사,B,SF205,각주항목(09.06월 이후)
764,202212,0012334,(주)비엔케이투자증권,A6,채무보증_기타,16443847356,국내증권사,B,SF205,각주항목(09.06월 이후)
765,202212,0012334,(주)비엔케이투자증권,B,투자자의 예수증권 등,15528179662301,국내증권사,B,SF205,각주항목(09.06월 이후)
766,202212,0012334,(주)비엔케이투자증권,B1,투자자의 예수증권 등_예수 증권,15528179662301,국내증권사,B,SF205,각주항목(09.06월 이후)
767,202212,0012334,(주)비엔케이투자증권,B2,투자자의 예수증권 등_예수양도성예금증서,0,국내증권사,B,SF205,각주항목(09.06월 이후)
768,202212,0012334,(주)비엔케이투자증권,B3,투자자의 예수증권 등_기타,0,국내증권사,B,SF205,각주항목(09.06월 이후)
769,202212,0012334,(주)비엔케이투자증권,C,파생상품계약,4822693296902,국내증권사,B,SF205,각주항목(09.06월 이후)
770,202212,0012334,(주)비엔케이투자증권,C1,파생상품계약_장내파생상품,2308689096902,국내증권사,B,SF205,각주항목(09.06월 이후)
771,202212,0012334,(주)비엔케이투자증권,C11,파생상품계약_장내파생상품_이자율관련거래,155829239902,국내증권사,B,SF205,각주항목(09.06월 이후)
772,202212,0012334,(주)비엔케이투자증권,C12,파생상품계약_장내파생상품_통화관련거래,0,국내증권사,B,SF205,각주항목(09.06월 이후)
773,202212,0012334,(주)비엔케이투자증권,C13,파생상품계약_장내파생상품_주식관련거래,2152859857000,국내증권사,B,SF205,각주항목(09.06월 이후)
774,202212,0012334,(주)비엔케이투자증권,C14,파생상품계약_장내파생상품_일반상품관련거래,0,국내증권사,B,SF205,각주항목(09.06월 이후)
775,202212,0012334,(주)비엔케이투자증권,C15,파생상품계약_장내파생상품_기타,0,국내증권사,B,SF205,각주항목(09.06월 이후)
776,202212,0012334,(주)비엔케이투자증권,C2,파생상품계약_장외파생상품,2514004200000,국내증권사,B,SF205,각주항목(09.06월 이후)
777,202212,0012334,(주)비엔케이투자증권,C21,파생상품계약_장외파생상품_이자율관련거래,1156908000000,국내증권사,B,SF205,각주항목(09.06월 이후)
778,202212,0012334,(주)비엔케이투자증권,C22,파생상품계약_장외파생상품_통화관련거래,16474900000,국내증권사,B,SF205,각주항목(09.06월 이후)
779,202212,0012334,(주)비엔케이투자증권,C23,파생상품계약_장외파생상품_주식관련거래,6971300000,국내증권사,B,SF205,각주항목(09.06월 이후)
780,202212,0012334,(주)비엔케이투자증권,C24,파생상품계약_장외파생상품_신용관련거래,1333650000000,국내증권사,B,SF205,각주항목(09.06월 이후)
781,202212,0012334,(주)비엔케이투자증권,C25,파생상품계약_장외파생상품_기타,0,국내증권사,B,SF205,각주항목(09.06월 이후)
782,202212,0012334,(주)비엔케이투자증권,D,대차 및 대주거래,256908701535,국내증권사,B,SF205,각주항목(09.06월 이후)
783,202212,0012334,(주)비엔케이투자증권,D1,대차 및 대주거래_대여증권,13232907050,국내증권사,B,SF205,각주항목(09.06월 이후)
784,202212,0012334,(주)비엔케이투자증권,D2,대차 및 대주거래_차입증권,243675794485,국내증권사,B,SF205,각주항목(09.06월 이후)
785,202212,0012334,(주)비엔케이투자증권,D3,대차 및 대주거래_신용거래대주,0,국내증권사,B,SF205,각주항목(09.06월 이후)
786,202212,0012334,(주)비엔케이투자증권,E,대손상각채권,5099442820,국내증권사,B,SF205,각주항목(09.06월 이후)
787,202212,0012334,(주)비엔케이투자증권,F,환전업무 예치금,0,국내증권사,B,SF205,각주항목(09.06월 이후)
788,202212,0012334,(주)비엔케이투자증권,G,미배당별도예치금,0,국내증권사,B,SF205,각주항목(09.06월 이후)
789,202212,0012334,(주)비엔케이투자증권,H,배서어음매출(종금계정),0,국내증권사,B,SF205,각주항목(09.06월 이후)
790,202212,0012334,(주)비엔케이투자증권,H1,대출채권매매이익_담보부,0,국내증권사,B,SF205,각주항목(09.06월 이후)
791,202212,0012334,(주)비엔케이투자증권,H2,대출채권매매이익_무담보부,0,국내증권사,B,SF205,각주항목(09.06월 이후)
792,202303,0012334,(주)비엔케이투자증권,A,채무보증,602200000000,국내증권사,B,SF205,각주항목(09.06월 이후)
793,202303,0012334,(주)비엔케이투자증권,A1,채무보증_지급보증,0,국내증권사,B,SF205,각주항목(09.06월 이후)
794,202303,0012334,(주)비엔케이투자증권,A2,채무보증_매입보장약정,8000000000,국내증권사,B,SF205,각주항목(09.06월 이후)
795,202303,0012334,(주)비엔케이투자증권,A3,채무보증_채무인수약정,0,국내증권사,B,SF205,각주항목(09.06월 이후)
796,202303,0012334,(주)비엔케이투자증권,A5,채무보증_매입확약,594200000000,국내증권사,B,SF205,각주항목(09.06월 이후)
797,202303,0012334,(주)비엔케이투자증권,A6,채무보증_기타,0,국내증권사,B,SF205,각주항목(09.06월 이후)
798,202303,0012334,(주)비엔케이투자증권,B,투자자의 예수증권 등,18185261400978,국내증권사,B,SF205,각주항목(09.06월 이후)
799,202303,0012334,(주)비엔케이투자증권,B1,투자자의 예수증권 등_예수 증권,18185261400978,국내증권사,B,SF205,각주항목(09.06월 이후)
800,202303,0012334,(주)비엔케이투자증권,B2,투자자의 예수증권 등_예수양도성예금증서,0,국내증권사,B,SF205,각주항목(09.06월 이후)
801,202303,0012334,(주)비엔케이투자증권,B3,투자자의 예수증권 등_기타,0,국내증권사,B,SF205,각주항목(09.06월 이후)
802,202303,0012334,(주)비엔케이투자증권,C,파생상품계약,3860663951388,국내증권사,B,SF205,각주항목(09.06월 이후)
803,202303,0012334,(주)비엔케이투자증권,C1,파생상품계약_장내파생상품,1647615451388,국내증권사,B,SF205,각주항목(09.06월 이후)
804,202303,0012334,(주)비엔케이투자증권,C11,파생상품계약_장내파생상품_이자율관련거래,228167254688,국내증권사,B,SF205,각주항목(09.06월 이후)
805,202303,0012334,(주)비엔케이투자증권,C12,파생상품계약_장내파생상품_통화관련거래,0,국내증권사,B,SF205,각주항목(09.06월 이후)
806,202303,0012334,(주)비엔케이투자증권,C13,파생상품계약_장내파생상품_주식관련거래,1419448196700,국내증권사,B,SF205,각주항목(09.06월 이후)
807,202303,0012334,(주)비엔케이투자증권,C14,파생상품계약_장내파생상품_일반상품관련거래,0,국내증권사,B,SF205,각주항목(09.06월 이후)
808,202303,0012334,(주)비엔케이투자증권,C15,파생상품계약_장내파생상품_기타,0,국내증권사,B,SF205,각주항목(09.06월 이후)
809,202303,0012334,(주)비엔케이투자증권,C2,파생상품계약_장외파생상품,2213048500000,국내증권사,B,SF205,각주항목(09.06월 이후)
810,202303,0012334,(주)비엔케이투자증권,C21,파생상품계약_장외파생상품_이자율관련거래,823864000000,국내증권사,B,SF205,각주항목(09.06월 이후)
811,202303,0012334,(주)비엔케이투자증권,C22,파생상품계약_장외파생상품_통화관련거래,33898800000,국내증권사,B,SF205,각주항목(09.06월 이후)
812,202303,0012334,(주)비엔케이투자증권,C23,파생상품계약_장외파생상품_주식관련거래,3385700000,국내증권사,B,SF205,각주항목(09.06월 이후)
813,202303,0012334,(주)비엔케이투자증권,C24,파생상품계약_장외파생상품_신용관련거래,1351900000000,국내증권사,B,SF205,각주항목(09.06월 이후)
814,202303,0012334,(주)비엔케이투자증권,C25,파생상품계약_장외파생상품_기타,0,국내증권사,B,SF205,각주항목(09.06월 이후)
815,202303,0012334,(주)비엔케이투자증권,D,대차 및 대주거래,210459638345,국내증권사,B,SF205,각주항목(09.06월 이후)
816,202303,0012334,(주)비엔케이투자증권,D1,대차 및 대주거래_대여증권,62180829120,국내증권사,B,SF205,각주항목(09.06월 이후)
817,202303,0012334,(주)비엔케이투자증권,D2,대차 및 대주거래_차입증권,148278809225,국내증권사,B,SF205,각주항목(09.06월 이후)
818,202303,0012334,(주)비엔케이투자증권,D3,대차 및 대주거래_신용거래대주,0,국내증권사,B,SF205,각주항목(09.06월 이후)
819,202303,0012334,(주)비엔케이투자증권,E,대손상각채권,5099442820,국내증권사,B,SF205,각주항목(09.06월 이후)
820,202303,0012334,(주)비엔케이투자증권,F,환전업무 예치금,0,국내증권사,B,SF205,각주항목(09.06월 이후)
821,202303,0012334,(주)비엔케이투자증권,G,미배당별도예치금,0,국내증권사,B,SF205,각주항목(09.06월 이후)
822,202303,0012334,(주)비엔케이투자증권,H,배서어음매출(종금계정),0,국내증권사,B,SF205,각주항목(09.06월 이후)
823,202303,0012334,(주)비엔케이투자증권,H1,대출채권매매이익_담보부,0,국내증권사,B,SF205,각주항목(09.06월 이후)
824,202303,0012334,(주)비엔케이투자증권,H2,대출채권매매이익_무담보부,0,국내증권사,B,SF205,각주항목(09.06월 이후)
825,202306,0012334,(주)비엔케이투자증권,A,채무보증,572720000000,국내증권사,B,SF205,각주항목(09.06월 이후)
826,202306,0012334,(주)비엔케이투자증권,A1,채무보증_지급보증,0,국내증권사,B,SF205,각주항목(09.06월 이후)
827,202306,0012334,(주)비엔케이투자증권,A2,채무보증_매입보장약정,0,국내증권사,B,SF205,각주항목(09.06월 이후)
828,202306,0012334,(주)비엔케이투자증권,A3,채무보증_채무인수약정,0,국내증권사,B,SF205,각주항목(09.06월 이후)
829,202306,0012334,(주)비엔케이투자증권,A5,채무보증_매입확약,572720000000,국내증권사,B,SF205,각주항목(09.06월 이후)
830,202306,0012334,(주)비엔케이투자증권,A6,채무보증_기타,0,국내증권사,B,SF205,각주항목(09.06월 이후)
831,202306,0012334,(주)비엔케이투자증권,B,투자자의 예수증권 등,17557424159991,국내증권사,B,SF205,각주항목(09.06월 이후)
832,202306,0012334,(주)비엔케이투자증권,B1,투자자의 예수증권 등_예수 증권,17557424159991,국내증권사,B,SF205,각주항목(09.06월 이후)
833,202306,0012334,(주)비엔케이투자증권,B2,투자자의 예수증권 등_예수양도성예금증서,0,국내증권사,B,SF205,각주항목(09.06월 이후)
834,202306,0012334,(주)비엔케이투자증권,B3,투자자의 예수증권 등_기타,0,국내증권사,B,SF205,각주항목(09.06월 이후)
835,202306,0012334,(주)비엔케이투자증권,C,파생상품계약,4601661656200,국내증권사,B,SF205,각주항목(09.06월 이후)
836,202306,0012334,(주)비엔케이투자증권,C1,파생상품계약_장내파생상품,2346717056200,국내증권사,B,SF205,각주항목(09.06월 이후)
837,202306,0012334,(주)비엔케이투자증권,C11,파생상품계약_장내파생상품_이자율관련거래,368516160000,국내증권사,B,SF205,각주항목(09.06월 이후)
838,202306,0012334,(주)비엔케이투자증권,C12,파생상품계약_장내파생상품_통화관련거래,92183000,국내증권사,B,SF205,각주항목(09.06월 이후)
839,202306,0012334,(주)비엔케이투자증권,C13,파생상품계약_장내파생상품_주식관련거래,1978108713200,국내증권사,B,SF205,각주항목(09.06월 이후)
840,202306,0012334,(주)비엔케이투자증권,C14,파생상품계약_장내파생상품_일반상품관련거래,0,국내증권사,B,SF205,각주항목(09.06월 이후)
841,202306,0012334,(주)비엔케이투자증권,C15,파생상품계약_장내파생상품_기타,0,국내증권사,B,SF205,각주항목(09.06월 이후)
842,202306,0012334,(주)비엔케이투자증권,C2,파생상품계약_장외파생상품,2254944600000,국내증권사,B,SF205,각주항목(09.06월 이후)
843,202306,0012334,(주)비엔케이투자증권,C21,파생상품계약_장외파생상품_이자율관련거래,839182000000,국내증권사,B,SF205,각주항목(09.06월 이후)
844,202306,0012334,(주)비엔케이투자증권,C22,파생상품계약_장외파생상품_통화관련거래,34132800000,국내증권사,B,SF205,각주항목(09.06월 이후)
845,202306,0012334,(주)비엔케이투자증권,C23,파생상품계약_장외파생상품_주식관련거래,25229800000,국내증권사,B,SF205,각주항목(09.06월 이후)
846,202306,0012334,(주)비엔케이투자증권,C24,파생상품계약_장외파생상품_신용관련거래,1356400000000,국내증권사,B,SF205,각주항목(09.06월 이후)
847,202306,0012334,(주)비엔케이투자증권,C25,파생상품계약_장외파생상품_기타,0,국내증권사,B,SF205,각주항목(09.06월 이후)
848,202306,0012334,(주)비엔케이투자증권,D,대차 및 대주거래,255979505379,국내증권사,B,SF205,각주항목(09.06월 이후)
849,202306,0012334,(주)비엔케이투자증권,D1,대차 및 대주거래_대여증권,171204356920,국내증권사,B,SF205,각주항목(09.06월 이후)
850,202306,0012334,(주)비엔케이투자증권,D2,대차 및 대주거래_차입증권,84775148459,국내증권사,B,SF205,각주항목(09.06월 이후)
851,202306,0012334,(주)비엔케이투자증권,D3,대차 및 대주거래_신용거래대주,0,국내증권사,B,SF205,각주항목(09.06월 이후)
852,202306,0012334,(주)비엔케이투자증권,E,대손상각채권,5099442820,국내증권사,B,SF205,각주항목(09.06월 이후)
853,202306,0012334,(주)비엔케이투자증권,F,환전업무 예치금,0,국내증권사,B,SF205,각주항목(09.06월 이후)
854,202306,0012334,(주)비엔케이투자증권,G,미배당별도예치금,0,국내증권사,B,SF205,각주항목(09.06월 이후)
855,202306,0012334,(주)비엔케이투자증권,H,배서어음매출(종금계정),0,국내증권사,B,SF205,각주항목(09.06월 이후)
856,202306,0012334,(주)비엔케이투자증권,H1,대출채권매매이익_담보부,0,국내증권사,B,SF205,각주항목(09.06월 이후)
857,202306,0012334,(주)비엔케이투자증권,H2,대출채권매매이익_무담보부,0,국내증권사,B,SF205,각주항목(09.06월 이후)
858,202309,0012334,(주)비엔케이투자증권,A,채무보증,433420000000,국내증권사,B,SF205,각주항목(09.06월 이후)
859,202309,0012334,(주)비엔케이투자증권,A1,채무보증_지급보증,0,국내증권사,B,SF205,각주항목(09.06월 이후)
860,202309,0012334,(주)비엔케이투자증권,A2,채무보증_매입보장약정,0,국내증권사,B,SF205,각주항목(09.06월 이후)
861,202309,0012334,(주)비엔케이투자증권,A3,채무보증_채무인수약정,0,국내증권사,B,SF205,각주항목(09.06월 이후)
862,202309,0012334,(주)비엔케이투자증권,A5,채무보증_매입확약,433420000000,국내증권사,B,SF205,각주항목(09.06월 이후)
863,202309,0012334,(주)비엔케이투자증권,A6,채무보증_기타,0,국내증권사,B,SF205,각주항목(09.06월 이후)
864,202309,0012334,(주)비엔케이투자증권,B,투자자의 예수증권 등,16983006818846,국내증권사,B,SF205,각주항목(09.06월 이후)
865,202309,0012334,(주)비엔케이투자증권,B1,투자자의 예수증권 등_예수 증권,16983006818846,국내증권사,B,SF205,각주항목(09.06월 이후)
866,202309,0012334,(주)비엔케이투자증권,B2,투자자의 예수증권 등_예수양도성예금증서,0,국내증권사,B,SF205,각주항목(09.06월 이후)
867,202309,0012334,(주)비엔케이투자증권,B3,투자자의 예수증권 등_기타,0,국내증권사,B,SF205,각주항목(09.06월 이후)
868,202309,0012334,(주)비엔케이투자증권,C,파생상품계약,4021585579053,국내증권사,B,SF205,각주항목(09.06월 이후)
869,202309,0012334,(주)비엔케이투자증권,C1,파생상품계약_장내파생상품,1268386187400,국내증권사,B,SF205,각주항목(09.06월 이후)
870,202309,0012334,(주)비엔케이투자증권,C11,파생상품계약_장내파생상품_이자율관련거래,279188019500,국내증권사,B,SF205,각주항목(09.06월 이후)
871,202309,0012334,(주)비엔케이투자증권,C12,파생상품계약_장내파생상품_통화관련거래,0,국내증권사,B,SF205,각주항목(09.06월 이후)
872,202309,0012334,(주)비엔케이투자증권,C13,파생상품계약_장내파생상품_주식관련거래,989198167900,국내증권사,B,SF205,각주항목(09.06월 이후)
873,202309,0012334,(주)비엔케이투자증권,C14,파생상품계약_장내파생상품_일반상품관련거래,0,국내증권사,B,SF205,각주항목(09.06월 이후)
874,202309,0012334,(주)비엔케이투자증권,C15,파생상품계약_장내파생상품_기타,0,국내증권사,B,SF205,각주항목(09.06월 이후)
875,202309,0012334,(주)비엔케이투자증권,C2,파생상품계약_장외파생상품,2753199391653,국내증권사,B,SF205,각주항목(09.06월 이후)
876,202309,0012334,(주)비엔케이투자증권,C21,파생상품계약_장외파생상품_이자율관련거래,1266332000000,국내증권사,B,SF205,각주항목(09.06월 이후)
877,202309,0012334,(주)비엔케이투자증권,C22,파생상품계약_장외파생상품_통화관련거래,34964800000,국내증권사,B,SF205,각주항목(09.06월 이후)
878,202309,0012334,(주)비엔케이투자증권,C23,파생상품계약_장외파생상품_주식관련거래,79502591653,국내증권사,B,SF205,각주항목(09.06월 이후)
879,202309,0012334,(주)비엔케이투자증권,C24,파생상품계약_장외파생상품_신용관련거래,1372400000000,국내증권사,B,SF205,각주항목(09.06월 이후)
880,202309,0012334,(주)비엔케이투자증권,C25,파생상품계약_장외파생상품_기타,0,국내증권사,B,SF205,각주항목(09.06월 이후)
881,202309,0012334,(주)비엔케이투자증권,D,대차 및 대주거래,758735434085,국내증권사,B,SF205,각주항목(09.06월 이후)
882,202309,0012334,(주)비엔케이투자증권,D1,대차 및 대주거래_대여증권,528504766310,국내증권사,B,SF205,각주항목(09.06월 이후)
883,202309,0012334,(주)비엔케이투자증권,D2,대차 및 대주거래_차입증권,230155172775,국내증권사,B,SF205,각주항목(09.06월 이후)
884,202309,0012334,(주)비엔케이투자증권,D3,대차 및 대주거래_신용거래대주,75495000,국내증권사,B,SF205,각주항목(09.06월 이후)
885,202309,0012334,(주)비엔케이투자증권,E,대손상각채권,22010418847,국내증권사,B,SF205,각주항목(09.06월 이후)
886,202309,0012334,(주)비엔케이투자증권,F,환전업무 예치금,0,국내증권사,B,SF205,각주항목(09.06월 이후)
887,202309,0012334,(주)비엔케이투자증권,G,미배당별도예치금,0,국내증권사,B,SF205,각주항목(09.06월 이후)
888,202309,0012334,(주)비엔케이투자증권,H,배서어음매출(종금계정),0,국내증권사,B,SF205,각주항목(09.06월 이후)
889,202309,0012334,(주)비엔케이투자증권,H1,대출채권매매이익_담보부,0,국내증권사,B,SF205,각주항목(09.06월 이후)
890,202309,0012334,(주)비엔케이투자증권,H2,대출채권매매이익_무담보부,0,국내증권사,B,SF205,각주항목(09.06월 이후)
891,202312,0012334,(주)비엔케이투자증권,A,채무보증,470330000000,국내증권사,B,SF205,각주항목(09.06월 이후)
892,202312,0012334,(주)비엔케이투자증권,A1,채무보증_지급보증,0,국내증권사,B,SF205,각주항목(09.06월 이후)
893,202312,0012334,(주)비엔케이투자증권,A2,채무보증_매입보장약정,0,국내증권사,B,SF205,각주항목(09.06월 이후)
894,202312,0012334,(주)비엔케이투자증권,A3,채무보증_채무인수약정,0,국내증권사,B,SF205,각주항목(09.06월 이후)
895,202312,0012334,(주)비엔케이투자증권,A5,채무보증_매입확약,470330000000,국내증권사,B,SF205,각주항목(09.06월 이후)
896,202312,0012334,(주)비엔케이투자증권,A6,채무보증_기타,0,국내증권사,B,SF205,각주항목(09.06월 이후)
897,202312,0012334,(주)비엔케이투자증권,B,투자자의 예수증권 등,17413051984631,국내증권사,B,SF205,각주항목(09.06월 이후)
898,202312,0012334,(주)비엔케이투자증권,B1,투자자의 예수증권 등_예수 증권,17413051984631,국내증권사,B,SF205,각주항목(09.06월 이후)
899,202312,0012334,(주)비엔케이투자증권,B2,투자자의 예수증권 등_예수양도성예금증서,0,국내증권사,B,SF205,각주항목(09.06월 이후)
900,202312,0012334,(주)비엔케이투자증권,B3,투자자의 예수증권 등_기타,0,국내증권사,B,SF205,각주항목(09.06월 이후)
901,202312,0012334,(주)비엔케이투자증권,C,파생상품계약,3986753406068,국내증권사,B,SF205,각주항목(09.06월 이후)
902,202312,0012334,(주)비엔케이투자증권,C1,파생상품계약_장내파생상품,434762473000,국내증권사,B,SF205,각주항목(09.06월 이후)
903,202312,0012334,(주)비엔케이투자증권,C11,파생상품계약_장내파생상품_이자율관련거래,319176900000,국내증권사,B,SF205,각주항목(09.06월 이후)
904,202312,0012334,(주)비엔케이투자증권,C12,파생상품계약_장내파생상품_통화관련거래,0,국내증권사,B,SF205,각주항목(09.06월 이후)
905,202312,0012334,(주)비엔케이투자증권,C13,파생상품계약_장내파생상품_주식관련거래,115585573000,국내증권사,B,SF205,각주항목(09.06월 이후)
906,202312,0012334,(주)비엔케이투자증권,C14,파생상품계약_장내파생상품_일반상품관련거래,0,국내증권사,B,SF205,각주항목(09.06월 이후)
907,202312,0012334,(주)비엔케이투자증권,C15,파생상품계약_장내파생상품_기타,0,국내증권사,B,SF205,각주항목(09.06월 이후)
908,202312,0012334,(주)비엔케이투자증권,C2,파생상품계약_장외파생상품,3551990933068,국내증권사,B,SF205,각주항목(09.06월 이후)
909,202312,0012334,(주)비엔케이투자증권,C21,파생상품계약_장외파생상품_이자율관련거래,2062596000000,국내증권사,B,SF205,각주항목(09.06월 이후)
910,202312,0012334,(주)비엔케이투자증권,C22,파생상품계약_장외파생상품_통화관련거래,33524400000,국내증권사,B,SF205,각주항목(09.06월 이후)
911,202312,0012334,(주)비엔케이투자증권,C23,파생상품계약_장외파생상품_주식관련거래,111170533068,국내증권사,B,SF205,각주항목(09.06월 이후)
912,202312,0012334,(주)비엔케이투자증권,C24,파생상품계약_장외파생상품_신용관련거래,1344700000000,국내증권사,B,SF205,각주항목(09.06월 이후)
913,202312,0012334,(주)비엔케이투자증권,C25,파생상품계약_장외파생상품_기타,0,국내증권사,B,SF205,각주항목(09.06월 이후)
914,202312,0012334,(주)비엔케이투자증권,D,대차 및 대주거래,785001763750,국내증권사,B,SF205,각주항목(09.06월 이후)
915,202312,0012334,(주)비엔케이투자증권,D1,대차 및 대주거래_대여증권,504773656310,국내증권사,B,SF205,각주항목(09.06월 이후)
916,202312,0012334,(주)비엔케이투자증권,D2,대차 및 대주거래_차입증권,280228107440,국내증권사,B,SF205,각주항목(09.06월 이후)
917,202312,0012334,(주)비엔케이투자증권,D3,대차 및 대주거래_신용거래대주,0,국내증권사,B,SF205,각주항목(09.06월 이후)
918,202312,0012334,(주)비엔케이투자증권,E,대손상각채권,22010418847,국내증권사,B,SF205,각주항목(09.06월 이후)
919,202312,0012334,(주)비엔케이투자증권,F,환전업무 예치금,0,국내증권사,B,SF205,각주항목(09.06월 이후)
920,202312,0012334,(주)비엔케이투자증권,G,미배당별도예치금,0,국내증권사,B,SF205,각주항목(09.06월 이후)
921,202312,0012334,(주)비엔케이투자증권,H,배서어음매출(종금계정),0,국내증권사,B,SF205,각주항목(09.06월 이후)
922,202312,0012334,(주)비엔케이투자증권,H1,대출채권매매이익_담보부,0,국내증권사,B,SF205,각주항목(09.06월 이후)
923,202312,0012334,(주)비엔케이투자증권,H2,대출채권매매이익_무담보부,0,국내증권사,B,SF205,각주항목(09.06월 이후)
924,202403,0012334,(주)비엔케이투자증권,A,채무보증,428830000000,국내증권사,B,SF205,각주항목(09.06월 이후)
925,202403,0012334,(주)비엔케이투자증권,A1,채무보증_지급보증,0,국내증권사,B,SF205,각주항목(09.06월 이후)
926,202403,0012334,(주)비엔케이투자증권,A2,채무보증_매입보장약정,0,국내증권사,B,SF205,각주항목(09.06월 이후)
927,202403,0012334,(주)비엔케이투자증권,A3,채무보증_채무인수약정,0,국내증권사,B,SF205,각주항목(09.06월 이후)
928,202403,0012334,(주)비엔케이투자증권,A5,채무보증_매입확약,428830000000,국내증권사,B,SF205,각주항목(09.06월 이후)
929,202403,0012334,(주)비엔케이투자증권,A6,채무보증_기타,0,국내증권사,B,SF205,각주항목(09.06월 이후)
930,202403,0012334,(주)비엔케이투자증권,B,투자자의 예수증권 등,18895166312976,국내증권사,B,SF205,각주항목(09.06월 이후)
931,202403,0012334,(주)비엔케이투자증권,B1,투자자의 예수증권 등_예수 증권,18895166312976,국내증권사,B,SF205,각주항목(09.06월 이후)
932,202403,0012334,(주)비엔케이투자증권,B2,투자자의 예수증권 등_예수양도성예금증서,0,국내증권사,B,SF205,각주항목(09.06월 이후)
933,202403,0012334,(주)비엔케이투자증권,B3,투자자의 예수증권 등_기타,0,국내증권사,B,SF205,각주항목(09.06월 이후)
934,202403,0012334,(주)비엔케이투자증권,C,파생상품계약,4123473151536,국내증권사,B,SF205,각주항목(09.06월 이후)
935,202403,0012334,(주)비엔케이투자증권,C1,파생상품계약_장내파생상품,500026767625,국내증권사,B,SF205,각주항목(09.06월 이후)
936,202403,0012334,(주)비엔케이투자증권,C11,파생상품계약_장내파생상품_이자율관련거래,181908428625,국내증권사,B,SF205,각주항목(09.06월 이후)
937,202403,0012334,(주)비엔케이투자증권,C12,파생상품계약_장내파생상품_통화관련거래,134540000,국내증권사,B,SF205,각주항목(09.06월 이후)
938,202403,0012334,(주)비엔케이투자증권,C13,파생상품계약_장내파생상품_주식관련거래,317983799000,국내증권사,B,SF205,각주항목(09.06월 이후)
939,202403,0012334,(주)비엔케이투자증권,C14,파생상품계약_장내파생상품_일반상품관련거래,0,국내증권사,B,SF205,각주항목(09.06월 이후)
940,202403,0012334,(주)비엔케이투자증권,C15,파생상품계약_장내파생상품_기타,0,국내증권사,B,SF205,각주항목(09.06월 이후)
941,202403,0012334,(주)비엔케이투자증권,C2,파생상품계약_장외파생상품,3623446383911,국내증권사,B,SF205,각주항목(09.06월 이후)
942,202403,0012334,(주)비엔케이투자증권,C21,파생상품계약_장외파생상품_이자율관련거래,2068688000000,국내증권사,B,SF205,각주항목(09.06월 이후)
943,202403,0012334,(주)비엔케이투자증권,C22,파생상품계약_장외파생상품_통화관련거래,35892220000,국내증권사,B,SF205,각주항목(09.06월 이후)
944,202403,0012334,(주)비엔케이투자증권,C23,파생상품계약_장외파생상품_주식관련거래,78126163911,국내증권사,B,SF205,각주항목(09.06월 이후)
945,202403,0012334,(주)비엔케이투자증권,C24,파생상품계약_장외파생상품_신용관련거래,1440740000000,국내증권사,B,SF205,각주항목(09.06월 이후)
946,202403,0012334,(주)비엔케이투자증권,C25,파생상품계약_장외파생상품_기타,0,국내증권사,B,SF205,각주항목(09.06월 이후)
947,202403,0012334,(주)비엔케이투자증권,D,대차 및 대주거래,1057861397016,국내증권사,B,SF205,각주항목(09.06월 이후)
948,202403,0012334,(주)비엔케이투자증권,D1,대차 및 대주거래_대여증권,727916280455,국내증권사,B,SF205,각주항목(09.06월 이후)
949,202403,0012334,(주)비엔케이투자증권,D2,대차 및 대주거래_차입증권,329945116561,국내증권사,B,SF205,각주항목(09.06월 이후)
950,202403,0012334,(주)비엔케이투자증권,D3,대차 및 대주거래_신용거래대주,0,국내증권사,B,SF205,각주항목(09.06월 이후)
951,202403,0012334,(주)비엔케이투자증권,E,대손상각채권,22062297442,국내증권사,B,SF205,각주항목(09.06월 이후)
952,202403,0012334,(주)비엔케이투자증권,F,환전업무 예치금,0,국내증권사,B,SF205,각주항목(09.06월 이후)
953,202403,0012334,(주)비엔케이투자증권,G,미배당별도예치금,0,국내증권사,B,SF205,각주항목(09.06월 이후)
954,202403,0012334,(주)비엔케이투자증권,H,배서어음매출(종금계정),0,국내증권사,B,SF205,각주항목(09.06월 이후)
955,202403,0012334,(주)비엔케이투자증권,H1,대출채권매매이익_담보부,0,국내증권사,B,SF205,각주항목(09.06월 이후)
956,202403,0012334,(주)비엔케이투자증권,H2,대출채권매매이익_무담보부,0,국내증권사,B,SF205,각주항목(09.06월 이후)
957,202406,0012334,(주)비엔케이투자증권,A,채무보증,408630000000,국내증권사,B,SF205,각주항목(09.06월 이후)
958,202406,0012334,(주)비엔케이투자증권,A1,채무보증_지급보증,0,국내증권사,B,SF205,각주항목(09.06월 이후)
959,202406,0012334,(주)비엔케이투자증권,A2,채무보증_매입보장약정,0,국내증권사,B,SF205,각주항목(09.06월 이후)
960,202406,0012334,(주)비엔케이투자증권,A3,채무보증_채무인수약정,0,국내증권사,B,SF205,각주항목(09.06월 이후)
961,202406,0012334,(주)비엔케이투자증권,A5,채무보증_매입확약,408630000000,국내증권사,B,SF205,각주항목(09.06월 이후)
962,202406,0012334,(주)비엔케이투자증권,A6,채무보증_기타,0,국내증권사,B,SF205,각주항목(09.06월 이후)
963,202406,0012334,(주)비엔케이투자증권,B,투자자의 예수증권 등,19018053117966,국내증권사,B,SF205,각주항목(09.06월 이후)
964,202406,0012334,(주)비엔케이투자증권,B1,투자자의 예수증권 등_예수 증권,19018053117966,국내증권사,B,SF205,각주항목(09.06월 이후)
965,202406,0012334,(주)비엔케이투자증권,B2,투자자의 예수증권 등_예수양도성예금증서,0,국내증권사,B,SF205,각주항목(09.06월 이후)
966,202406,0012334,(주)비엔케이투자증권,B3,투자자의 예수증권 등_기타,0,국내증권사,B,SF205,각주항목(09.06월 이후)
967,202406,0012334,(주)비엔케이투자증권,C,파생상품계약,4838013961889,국내증권사,B,SF205,각주항목(09.06월 이후)
968,202406,0012334,(주)비엔케이투자증권,C1,파생상품계약_장내파생상품,582083964513,국내증권사,B,SF205,각주항목(09.06월 이후)
969,202406,0012334,(주)비엔케이투자증권,C11,파생상품계약_장내파생상품_이자율관련거래,311782068813,국내증권사,B,SF205,각주항목(09.06월 이후)
970,202406,0012334,(주)비엔케이투자증권,C12,파생상품계약_장내파생상품_통화관련거래,550160000,국내증권사,B,SF205,각주항목(09.06월 이후)
971,202406,0012334,(주)비엔케이투자증권,C13,파생상품계약_장내파생상품_주식관련거래,269751735700,국내증권사,B,SF205,각주항목(09.06월 이후)
972,202406,0012334,(주)비엔케이투자증권,C14,파생상품계약_장내파생상품_일반상품관련거래,0,국내증권사,B,SF205,각주항목(09.06월 이후)
973,202406,0012334,(주)비엔케이투자증권,C15,파생상품계약_장내파생상품_기타,0,국내증권사,B,SF205,각주항목(09.06월 이후)
974,202406,0012334,(주)비엔케이투자증권,C2,파생상품계약_장외파생상품,4255929997376,국내증권사,B,SF205,각주항목(09.06월 이후)
975,202406,0012334,(주)비엔케이투자증권,C21,파생상품계약_장외파생상품_이자율관련거래,2185322000000,국내증권사,B,SF205,각주항목(09.06월 이후)
976,202406,0012334,(주)비엔케이투자증권,C22,파생상품계약_장외파생상품_통화관련거래,546413464600,국내증권사,B,SF205,각주항목(09.06월 이후)
977,202406,0012334,(주)비엔케이투자증권,C23,파생상품계약_장외파생상품_주식관련거래,32350532776,국내증권사,B,SF205,각주항목(09.06월 이후)
978,202406,0012334,(주)비엔케이투자증권,C24,파생상품계약_장외파생상품_신용관련거래,1491844000000,국내증권사,B,SF205,각주항목(09.06월 이후)
979,202406,0012334,(주)비엔케이투자증권,C25,파생상품계약_장외파생상품_기타,0,국내증권사,B,SF205,각주항목(09.06월 이후)
980,202406,0012334,(주)비엔케이투자증권,D,대차 및 대주거래,1313786780025,국내증권사,B,SF205,각주항목(09.06월 이후)
981,202406,0012334,(주)비엔케이투자증권,D1,대차 및 대주거래_대여증권,879003936040,국내증권사,B,SF205,각주항목(09.06월 이후)
982,202406,0012334,(주)비엔케이투자증권,D2,대차 및 대주거래_차입증권,434782843985,국내증권사,B,SF205,각주항목(09.06월 이후)
983,202406,0012334,(주)비엔케이투자증권,D3,대차 및 대주거래_신용거래대주,0,국내증권사,B,SF205,각주항목(09.06월 이후)
984,202406,0012334,(주)비엔케이투자증권,E,대손상각채권,68739568956,국내증권사,B,SF205,각주항목(09.06월 이후)
985,202406,0012334,(주)비엔케이투자증권,F,환전업무 예치금,0,국내증권사,B,SF205,각주항목(09.06월 이후)
986,202406,0012334,(주)비엔케이투자증권,G,미배당별도예치금,0,국내증권사,B,SF205,각주항목(09.06월 이후)
987,202406,0012334,(주)비엔케이투자증권,H,배서어음매출(종금계정),0,국내증권사,B,SF205,각주항목(09.06월 이후)
988,202406,0012334,(주)비엔케이투자증권,H1,대출채권매매이익_담보부,0,국내증권사,B,SF205,각주항목(09.06월 이후)
989,202406,0012334,(주)비엔케이투자증권,H2,대출채권매매이익_무담보부,0,국내증권사,B,SF205,각주항목(09.06월 이후)
990,202409,0012334,(주)비엔케이투자증권,A,채무보증,426330000000,국내증권사,B,SF205,각주항목(09.06월 이후)
991,202409,0012334,(주)비엔케이투자증권,A1,채무보증_지급보증,0,국내증권사,B,SF205,각주항목(09.06월 이후)
992,202409,0012334,(주)비엔케이투자증권,A2,채무보증_매입보장약정,0,국내증권사,B,SF205,각주항목(09.06월 이후)
993,202409,0012334,(주)비엔케이투자증권,A3,채무보증_채무인수약정,0,국내증권사,B,SF205,각주항목(09.06월 이후)
994,202409,0012334,(주)비엔케이투자증권,A5,채무보증_매입확약,426330000000,국내증권사,B,SF205,각주항목(09.06월 이후)
995,202409,0012334,(주)비엔케이투자증권,A6,채무보증_기타,0,국내증권사,B,SF205,각주항목(09.06월 이후)
996,202409,0012334,(주)비엔케이투자증권,B,투자자의 예수증권 등,19028790942180,국내증권사,B,SF205,각주항목(09.06월 이후)
997,202409,0012334,(주)비엔케이투자증권,B1,투자자의 예수증권 등_예수 증권,19028790942180,국내증권사,B,SF205,각주항목(09.06월 이후)
998,202409,0012334,(주)비엔케이투자증권,B2,투자자의 예수증권 등_예수양도성예금증서,0,국내증권사,B,SF205,각주항목(09.06월 이후)
999,202409,0012334,(주)비엔케이투자증권,B3,투자자의 예수증권 등_기타,0,국내증권사,B,SF205,각주항목(09.06월 이후)
1000,202409,0012334,(주)비엔케이투자증권,C,파생상품계약,8792389231211,국내증권사,B,SF205,각주항목(09.06월 이후)
1001,202409,0012334,(주)비엔케이투자증권,C1,파생상품계약_장내파생상품,836884528308,국내증권사,B,SF205,각주항목(09.06월 이후)
1002,202409,0012334,(주)비엔케이투자증권,C11,파생상품계약_장내파생상품_이자율관련거래,474459757258,국내증권사,B,SF205,각주항목(09.06월 이후)
1003,202409,0012334,(주)비엔케이투자증권,C12,파생상품계약_장내파생상품_통화관련거래,0,국내증권사,B,SF205,각주항목(09.06월 이후)
1004,202409,0012334,(주)비엔케이투자증권,C13,파생상품계약_장내파생상품_주식관련거래,362424771050,국내증권사,B,SF205,각주항목(09.06월 이후)
1005,202409,0012334,(주)비엔케이투자증권,C14,파생상품계약_장내파생상품_일반상품관련거래,0,국내증권사,B,SF205,각주항목(09.06월 이후)
1006,202409,0012334,(주)비엔케이투자증권,C15,파생상품계약_장내파생상품_기타,0,국내증권사,B,SF205,각주항목(09.06월 이후)
1007,202409,0012334,(주)비엔케이투자증권,C2,파생상품계약_장외파생상품,7955504702903,국내증권사,B,SF205,각주항목(09.06월 이후)
1008,202409,0012334,(주)비엔케이투자증권,C21,파생상품계약_장외파생상품_이자율관련거래,2936882000000,국내증권사,B,SF205,각주항목(09.06월 이후)
1009,202409,0012334,(주)비엔케이투자증권,C22,파생상품계약_장외파생상품_통화관련거래,3507861959656,국내증권사,B,SF205,각주항목(09.06월 이후)
1010,202409,0012334,(주)비엔케이투자증권,C23,파생상품계약_장외파생상품_주식관련거래,58588743247,국내증권사,B,SF205,각주항목(09.06월 이후)
1011,202409,0012334,(주)비엔케이투자증권,C24,파생상품계약_장외파생상품_신용관련거래,1452172000000,국내증권사,B,SF205,각주항목(09.06월 이후)
1012,202409,0012334,(주)비엔케이투자증권,C25,파생상품계약_장외파생상품_기타,0,국내증권사,B,SF205,각주항목(09.06월 이후)
1013,202409,0012334,(주)비엔케이투자증권,D,대차 및 대주거래,1015505970063,국내증권사,B,SF205,각주항목(09.06월 이후)
1014,202409,0012334,(주)비엔케이투자증권,D1,대차 및 대주거래_대여증권,681118664800,국내증권사,B,SF205,각주항목(09.06월 이후)
1015,202409,0012334,(주)비엔케이투자증권,D2,대차 및 대주거래_차입증권,334387305263,국내증권사,B,SF205,각주항목(09.06월 이후)
1016,202409,0012334,(주)비엔케이투자증권,D3,대차 및 대주거래_신용거래대주,0,국내증권사,B,SF205,각주항목(09.06월 이후)
1017,202409,0012334,(주)비엔케이투자증권,E,대손상각채권,68739568956,국내증권사,B,SF205,각주항목(09.06월 이후)
1018,202409,0012334,(주)비엔케이투자증권,F,환전업무 예치금,0,국내증권사,B,SF205,각주항목(09.06월 이후)
1019,202409,0012334,(주)비엔케이투자증권,G,미배당별도예치금,0,국내증권사,B,SF205,각주항목(09.06월 이후)
1020,202409,0012334,(주)비엔케이투자증권,H,배서어음매출(종금계정),0,국내증권사,B,SF205,각주항목(09.06월 이후)
1021,202409,0012334,(주)비엔케이투자증권,H1,대출채권매매이익_담보부,0,국내증권사,B,SF205,각주항목(09.06월 이후)
1022,202409,0012334,(주)비엔케이투자증권,H2,대출채권매매이익_무담보부,0,국내증권사,B,SF205,각주항목(09.06월 이후)
1023,202412,0012334,(주)비엔케이투자증권,A,채무보증,338930000000,국내증권사,B,SF205,각주항목(09.06월 이후)
1024,202412,0012334,(주)비엔케이투자증권,A1,채무보증_지급보증,0,국내증권사,B,SF205,각주항목(09.06월 이후)
1025,202412,0012334,(주)비엔케이투자증권,A2,채무보증_매입보장약정,0,국내증권사,B,SF205,각주항목(09.06월 이후)
1026,202412,0012334,(주)비엔케이투자증권,A3,채무보증_채무인수약정,0,국내증권사,B,SF205,각주항목(09.06월 이후)
1027,202412,0012334,(주)비엔케이투자증권,A5,채무보증_매입확약,338930000000,국내증권사,B,SF205,각주항목(09.06월 이후)
1028,202412,0012334,(주)비엔케이투자증권,A6,채무보증_기타,0,국내증권사,B,SF205,각주항목(09.06월 이후)
1029,202412,0012334,(주)비엔케이투자증권,B,투자자의 예수증권 등,17673714072422,국내증권사,B,SF205,각주항목(09.06월 이후)
1030,202412,0012334,(주)비엔케이투자증권,B1,투자자의 예수증권 등_예수 증권,17673714072422,국내증권사,B,SF205,각주항목(09.06월 이후)
1031,202412,0012334,(주)비엔케이투자증권,B2,투자자의 예수증권 등_예수양도성예금증서,0,국내증권사,B,SF205,각주항목(09.06월 이후)
1032,202412,0012334,(주)비엔케이투자증권,B3,투자자의 예수증권 등_기타,0,국내증권사,B,SF205,각주항목(09.06월 이후)
1033,202412,0012334,(주)비엔케이투자증권,C,파생상품계약,9724712631534,국내증권사,B,SF205,각주항목(09.06월 이후)
1034,202412,0012334,(주)비엔케이투자증권,C1,파생상품계약_장내파생상품,822496441338,국내증권사,B,SF205,각주항목(09.06월 이후)
1035,202412,0012334,(주)비엔케이투자증권,C11,파생상품계약_장내파생상품_이자율관련거래,521897437188,국내증권사,B,SF205,각주항목(09.06월 이후)
1036,202412,0012334,(주)비엔케이투자증권,C12,파생상품계약_장내파생상품_통화관련거래,1398020000,국내증권사,B,SF205,각주항목(09.06월 이후)
1037,202412,0012334,(주)비엔케이투자증권,C13,파생상품계약_장내파생상품_주식관련거래,299200984150,국내증권사,B,SF205,각주항목(09.06월 이후)
1038,202412,0012334,(주)비엔케이투자증권,C14,파생상품계약_장내파생상품_일반상품관련거래,0,국내증권사,B,SF205,각주항목(09.06월 이후)
1039,202412,0012334,(주)비엔케이투자증권,C15,파생상품계약_장내파생상품_기타,0,국내증권사,B,SF205,각주항목(09.06월 이후)
1040,202412,0012334,(주)비엔케이투자증권,C2,파생상품계약_장외파생상품,8902216190196,국내증권사,B,SF205,각주항목(09.06월 이후)
1041,202412,0012334,(주)비엔케이투자증권,C21,파생상품계약_장외파생상품_이자율관련거래,3299284400000,국내증권사,B,SF205,각주항목(09.06월 이후)
1042,202412,0012334,(주)비엔케이투자증권,C22,파생상품계약_장외파생상품_통화관련거래,3964001790196,국내증권사,B,SF205,각주항목(09.06월 이후)
1043,202412,0012334,(주)비엔케이투자증권,C23,파생상품계약_장외파생상품_주식관련거래,56930000000,국내증권사,B,SF205,각주항목(09.06월 이후)
1044,202412,0012334,(주)비엔케이투자증권,C24,파생상품계약_장외파생상품_신용관련거래,1582000000000,국내증권사,B,SF205,각주항목(09.06월 이후)
1045,202412,0012334,(주)비엔케이투자증권,C25,파생상품계약_장외파생상품_기타,0,국내증권사,B,SF205,각주항목(09.06월 이후)
1046,202412,0012334,(주)비엔케이투자증권,D,대차 및 대주거래,959718176604,국내증권사,B,SF205,각주항목(09.06월 이후)
1047,202412,0012334,(주)비엔케이투자증권,D1,대차 및 대주거래_대여증권,660387510804,국내증권사,B,SF205,각주항목(09.06월 이후)
1048,202412,0012334,(주)비엔케이투자증권,D2,대차 및 대주거래_차입증권,299330665800,국내증권사,B,SF205,각주항목(09.06월 이후)
1049,202412,0012334,(주)비엔케이투자증권,D3,대차 및 대주거래_신용거래대주,0,국내증권사,B,SF205,각주항목(09.06월 이후)
1050,202412,0012334,(주)비엔케이투자증권,E,대손상각채권,106149729545,국내증권사,B,SF205,각주항목(09.06월 이후)
1051,202412,0012334,(주)비엔케이투자증권,F,환전업무 예치금,0,국내증권사,B,SF205,각주항목(09.06월 이후)
1052,202412,0012334,(주)비엔케이투자증권,G,미배당별도예치금,0,국내증권사,B,SF205,각주항목(09.06월 이후)
1053,202412,0012334,(주)비엔케이투자증권,H,배서어음매출(종금계정),0,국내증권사,B,SF205,각주항목(09.06월 이후)
1054,202412,0012334,(주)비엔케이투자증권,H1,대출채권매매이익_담보부,0,국내증권사,B,SF205,각주항목(09.06월 이후)
1055,202412,0012334,(주)비엔케이투자증권,H2,대출채권매매이익_무담보부,0,국내증권사,B,SF205,각주항목(09.06월 이후)
1056,201703,0010120,DB금융투자주식회사,A,채무보증,307774976126,국내증권사,B,SF205,각주항목(09.06월 이후)
1057,201703,0010120,DB금융투자주식회사,A1,채무보증_지급보증,0,국내증권사,B,SF205,각주항목(09.06월 이후)
1058,201703,0010120,DB금융투자주식회사,A2,채무보증_매입보장약정,66066000000,국내증권사,B,SF205,각주항목(09.06월 이후)
1059,201703,0010120,DB금융투자주식회사,A3,채무보증_채무인수약정,0,국내증권사,B,SF205,각주항목(09.06월 이후)
1060,201703,0010120,DB금융투자주식회사,A5,채무보증_매입확약,241708976126,국내증권사,B,SF205,각주항목(09.06월 이후)
1061,201703,0010120,DB금융투자주식회사,A6,채무보증_기타, ,국내증권사,B,SF205,각주항목(09.06월 이후)
1062,201703,0010120,DB금융투자주식회사,B,투자자의 예수증권 등,15327277998756,국내증권사,B,SF205,각주항목(09.06월 이후)
1063,201703,0010120,DB금융투자주식회사,B1,투자자의 예수증권 등_예수 증권,15327277998756,국내증권사,B,SF205,각주항목(09.06월 이후)
1064,201703,0010120,DB금융투자주식회사,B2,투자자의 예수증권 등_예수양도성예금증서,0,국내증권사,B,SF205,각주항목(09.06월 이후)
1065,201703,0010120,DB금융투자주식회사,B3,투자자의 예수증권 등_기타,0,국내증권사,B,SF205,각주항목(09.06월 이후)
1066,201703,0010120,DB금융투자주식회사,C,파생상품계약,11235714872913,국내증권사,B,SF205,각주항목(09.06월 이후)
1067,201703,0010120,DB금융투자주식회사,C1,파생상품계약_장내파생상품,2782475989548,국내증권사,B,SF205,각주항목(09.06월 이후)
1068,201703,0010120,DB금융투자주식회사,C11,파생상품계약_장내파생상품_이자율관련거래,394476092681,국내증권사,B,SF205,각주항목(09.06월 이후)
1069,201703,0010120,DB금융투자주식회사,C12,파생상품계약_장내파생상품_통화관련거래,286764438165,국내증권사,B,SF205,각주항목(09.06월 이후)
1070,201703,0010120,DB금융투자주식회사,C13,파생상품계약_장내파생상품_주식관련거래,2100707543402,국내증권사,B,SF205,각주항목(09.06월 이후)
1071,201703,0010120,DB금융투자주식회사,C14,파생상품계약_장내파생상품_일반상품관련거래,527915300,국내증권사,B,SF205,각주항목(09.06월 이후)
1072,201703,0010120,DB금융투자주식회사,C15,파생상품계약_장내파생상품_기타,0,국내증권사,B,SF205,각주항목(09.06월 이후)
1073,201703,0010120,DB금융투자주식회사,C2,파생상품계약_장외파생상품,8453238883365,국내증권사,B,SF205,각주항목(09.06월 이후)
1074,201703,0010120,DB금융투자주식회사,C21,파생상품계약_장외파생상품_이자율관련거래,2761920000000,국내증권사,B,SF205,각주항목(09.06월 이후)
1075,201703,0010120,DB금융투자주식회사,C22,파생상품계약_장외파생상품_통화관련거래,573791328051,국내증권사,B,SF205,각주항목(09.06월 이후)
1076,201703,0010120,DB금융투자주식회사,C23,파생상품계약_장외파생상품_주식관련거래,1041781485414,국내증권사,B,SF205,각주항목(09.06월 이후)
1077,201703,0010120,DB금융투자주식회사,C24,파생상품계약_장외파생상품_신용관련거래,4075487709900,국내증권사,B,SF205,각주항목(09.06월 이후)
1078,201703,0010120,DB금융투자주식회사,C25,파생상품계약_장외파생상품_기타,258360000,국내증권사,B,SF205,각주항목(09.06월 이후)
1079,201703,0010120,DB금융투자주식회사,D,대차 및 대주거래,960232603795,국내증권사,B,SF205,각주항목(09.06월 이후)
1080,201703,0010120,DB금융투자주식회사,D1,대차 및 대주거래_대여증권,68850000,국내증권사,B,SF205,각주항목(09.06월 이후)
1081,201703,0010120,DB금융투자주식회사,D2,대차 및 대주거래_차입증권,960163753795,국내증권사,B,SF205,각주항목(09.06월 이후)
1082,201703,0010120,DB금융투자주식회사,D3,대차 및 대주거래_신용거래대주,0,국내증권사,B,SF205,각주항목(09.06월 이후)
1083,201703,0010120,DB금융투자주식회사,E,대손상각채권, ,국내증권사,B,SF205,각주항목(09.06월 이후)
1084,201703,0010120,DB금융투자주식회사,F,환전업무 예치금,0,국내증권사,B,SF205,각주항목(09.06월 이후)
1085,201703,0010120,DB금융투자주식회사,G,미배당별도예치금,574223434,국내증권사,B,SF205,각주항목(09.06월 이후)
1086,201703,0010120,DB금융투자주식회사,H,배서어음매출(종금계정),0,국내증권사,B,SF205,각주항목(09.06월 이후)
1087,201703,0010120,DB금융투자주식회사,H1,대출채권매매이익_담보부,0,국내증권사,B,SF205,각주항목(09.06월 이후)
1088,201703,0010120,DB금융투자주식회사,H2,대출채권매매이익_무담보부,0,국내증권사,B,SF205,각주항목(09.06월 이후)
1089,201706,0010120,DB금융투자주식회사,A,채무보증,385200849014,국내증권사,B,SF205,각주항목(09.06월 이후)
1090,201706,0010120,DB금융투자주식회사,A1,채무보증_지급보증,0,국내증권사,B,SF205,각주항목(09.06월 이후)
1091,201706,0010120,DB금융투자주식회사,A2,채무보증_매입보장약정,66066000000,국내증권사,B,SF205,각주항목(09.06월 이후)
1092,201706,0010120,DB금융투자주식회사,A3,채무보증_채무인수약정,0,국내증권사,B,SF205,각주항목(09.06월 이후)
1093,201706,0010120,DB금융투자주식회사,A5,채무보증_매입확약,319134849014,국내증권사,B,SF205,각주항목(09.06월 이후)
1094,201706,0010120,DB금융투자주식회사,A6,채무보증_기타, ,국내증권사,B,SF205,각주항목(09.06월 이후)
1095,201706,0010120,DB금융투자주식회사,B,투자자의 예수증권 등,16005162281636,국내증권사,B,SF205,각주항목(09.06월 이후)
1096,201706,0010120,DB금융투자주식회사,B1,투자자의 예수증권 등_예수 증권,16005162281636,국내증권사,B,SF205,각주항목(09.06월 이후)
1097,201706,0010120,DB금융투자주식회사,B2,투자자의 예수증권 등_예수양도성예금증서,0,국내증권사,B,SF205,각주항목(09.06월 이후)
1098,201706,0010120,DB금융투자주식회사,B3,투자자의 예수증권 등_기타,0,국내증권사,B,SF205,각주항목(09.06월 이후)
1099,201706,0010120,DB금융투자주식회사,C,파생상품계약,10288502226838,국내증권사,B,SF205,각주항목(09.06월 이후)
1100,201706,0010120,DB금융투자주식회사,C1,파생상품계약_장내파생상품,2161981755068,국내증권사,B,SF205,각주항목(09.06월 이후)
1101,201706,0010120,DB금융투자주식회사,C11,파생상품계약_장내파생상품_이자율관련거래,478037085565,국내증권사,B,SF205,각주항목(09.06월 이후)
1102,201706,0010120,DB금융투자주식회사,C12,파생상품계약_장내파생상품_통화관련거래,242807210620,국내증권사,B,SF205,각주항목(09.06월 이후)
1103,201706,0010120,DB금융투자주식회사,C13,파생상품계약_장내파생상품_주식관련거래,1441083057228,국내증권사,B,SF205,각주항목(09.06월 이후)
1104,201706,0010120,DB금융투자주식회사,C14,파생상품계약_장내파생상품_일반상품관련거래,54401655,국내증권사,B,SF205,각주항목(09.06월 이후)
1105,201706,0010120,DB금융투자주식회사,C15,파생상품계약_장내파생상품_기타,0,국내증권사,B,SF205,각주항목(09.06월 이후)
1106,201706,0010120,DB금융투자주식회사,C2,파생상품계약_장외파생상품,8126520471770,국내증권사,B,SF205,각주항목(09.06월 이후)
1107,201706,0010120,DB금융투자주식회사,C21,파생상품계약_장외파생상품_이자율관련거래,2761920000000,국내증권사,B,SF205,각주항목(09.06월 이후)
1108,201706,0010120,DB금융투자주식회사,C22,파생상품계약_장외파생상품_통화관련거래,370229046123,국내증권사,B,SF205,각주항목(09.06월 이후)
1109,201706,0010120,DB금융투자주식회사,C23,파생상품계약_장외파생상품_주식관련거래,754910933496,국내증권사,B,SF205,각주항목(09.06월 이후)
1110,201706,0010120,DB금융투자주식회사,C24,파생상품계약_장외파생상품_신용관련거래,4236460492151,국내증권사,B,SF205,각주항목(09.06월 이후)
1111,201706,0010120,DB금융투자주식회사,C25,파생상품계약_장외파생상품_기타,3000000000,국내증권사,B,SF205,각주항목(09.06월 이후)
1112,201706,0010120,DB금융투자주식회사,D,대차 및 대주거래,912485275724,국내증권사,B,SF205,각주항목(09.06월 이후)
1113,201706,0010120,DB금융투자주식회사,D1,대차 및 대주거래_대여증권,77540000,국내증권사,B,SF205,각주항목(09.06월 이후)
1114,201706,0010120,DB금융투자주식회사,D2,대차 및 대주거래_차입증권,912407735724,국내증권사,B,SF205,각주항목(09.06월 이후)
1115,201706,0010120,DB금융투자주식회사,D3,대차 및 대주거래_신용거래대주,0,국내증권사,B,SF205,각주항목(09.06월 이후)
1116,201706,0010120,DB금융투자주식회사,E,대손상각채권, ,국내증권사,B,SF205,각주항목(09.06월 이후)
1117,201706,0010120,DB금융투자주식회사,F,환전업무 예치금,0,국내증권사,B,SF205,각주항목(09.06월 이후)
1118,201706,0010120,DB금융투자주식회사,G,미배당별도예치금,839145637,국내증권사,B,SF205,각주항목(09.06월 이후)
1119,201706,0010120,DB금융투자주식회사,H,배서어음매출(종금계정),0,국내증권사,B,SF205,각주항목(09.06월 이후)
1120,201706,0010120,DB금융투자주식회사,H1,대출채권매매이익_담보부,0,국내증권사,B,SF205,각주항목(09.06월 이후)
1121,201706,0010120,DB금융투자주식회사,H2,대출채권매매이익_무담보부,0,국내증권사,B,SF205,각주항목(09.06월 이후)
1122,201709,0010120,DB금융투자주식회사,A,채무보증,395511254575,국내증권사,B,SF205,각주항목(09.06월 이후)
1123,201709,0010120,DB금융투자주식회사,A1,채무보증_지급보증,0,국내증권사,B,SF205,각주항목(09.06월 이후)
1124,201709,0010120,DB금융투자주식회사,A2,채무보증_매입보장약정,65066000000,국내증권사,B,SF205,각주항목(09.06월 이후)
1125,201709,0010120,DB금융투자주식회사,A3,채무보증_채무인수약정,0,국내증권사,B,SF205,각주항목(09.06월 이후)
1126,201709,0010120,DB금융투자주식회사,A5,채무보증_매입확약,330445254575,국내증권사,B,SF205,각주항목(09.06월 이후)
1127,201709,0010120,DB금융투자주식회사,A6,채무보증_기타, ,국내증권사,B,SF205,각주항목(09.06월 이후)
1128,201709,0010120,DB금융투자주식회사,B,투자자의 예수증권 등,16076152183132,국내증권사,B,SF205,각주항목(09.06월 이후)
1129,201709,0010120,DB금융투자주식회사,B1,투자자의 예수증권 등_예수 증권,16076152183132,국내증권사,B,SF205,각주항목(09.06월 이후)
1130,201709,0010120,DB금융투자주식회사,B2,투자자의 예수증권 등_예수양도성예금증서,0,국내증권사,B,SF205,각주항목(09.06월 이후)
1131,201709,0010120,DB금융투자주식회사,B3,투자자의 예수증권 등_기타,0,국내증권사,B,SF205,각주항목(09.06월 이후)
1132,201709,0010120,DB금융투자주식회사,C,파생상품계약,9847595274604,국내증권사,B,SF205,각주항목(09.06월 이후)
1133,201709,0010120,DB금융투자주식회사,C1,파생상품계약_장내파생상품,2192000535160,국내증권사,B,SF205,각주항목(09.06월 이후)
1134,201709,0010120,DB금융투자주식회사,C11,파생상품계약_장내파생상품_이자율관련거래,441222369985,국내증권사,B,SF205,각주항목(09.06월 이후)
1135,201709,0010120,DB금융투자주식회사,C12,파생상품계약_장내파생상품_통화관련거래,198179433835,국내증권사,B,SF205,각주항목(09.06월 이후)
1136,201709,0010120,DB금융투자주식회사,C13,파생상품계약_장내파생상품_주식관련거래,1552543216727,국내증권사,B,SF205,각주항목(09.06월 이후)
1137,201709,0010120,DB금융투자주식회사,C14,파생상품계약_장내파생상품_일반상품관련거래,55514613,국내증권사,B,SF205,각주항목(09.06월 이후)
1138,201709,0010120,DB금융투자주식회사,C15,파생상품계약_장내파생상품_기타,0,국내증권사,B,SF205,각주항목(09.06월 이후)
1139,201709,0010120,DB금융투자주식회사,C2,파생상품계약_장외파생상품,7655594739444,국내증권사,B,SF205,각주항목(09.06월 이후)
1140,201709,0010120,DB금융투자주식회사,C21,파생상품계약_장외파생상품_이자율관련거래,2561920000000,국내증권사,B,SF205,각주항목(09.06월 이후)
1141,201709,0010120,DB금융투자주식회사,C22,파생상품계약_장외파생상품_통화관련거래,338957828172,국내증권사,B,SF205,각주항목(09.06월 이후)
1142,201709,0010120,DB금융투자주식회사,C23,파생상품계약_장외파생상품_주식관련거래,595438626100,국내증권사,B,SF205,각주항목(09.06월 이후)
1143,201709,0010120,DB금융투자주식회사,C24,파생상품계약_장외파생상품_신용관련거래,4156278285172,국내증권사,B,SF205,각주항목(09.06월 이후)
1144,201709,0010120,DB금융투자주식회사,C25,파생상품계약_장외파생상품_기타,3000000000,국내증권사,B,SF205,각주항목(09.06월 이후)
1145,201709,0010120,DB금융투자주식회사,D,대차 및 대주거래,1065349323990,국내증권사,B,SF205,각주항목(09.06월 이후)
1146,201709,0010120,DB금융투자주식회사,D1,대차 및 대주거래_대여증권,67725000,국내증권사,B,SF205,각주항목(09.06월 이후)
1147,201709,0010120,DB금융투자주식회사,D2,대차 및 대주거래_차입증권,1065281598990,국내증권사,B,SF205,각주항목(09.06월 이후)
1148,201709,0010120,DB금융투자주식회사,D3,대차 및 대주거래_신용거래대주,0,국내증권사,B,SF205,각주항목(09.06월 이후)
1149,201709,0010120,DB금융투자주식회사,E,대손상각채권, ,국내증권사,B,SF205,각주항목(09.06월 이후)
1150,201709,0010120,DB금융투자주식회사,F,환전업무 예치금,0,국내증권사,B,SF205,각주항목(09.06월 이후)
1151,201709,0010120,DB금융투자주식회사,G,미배당별도예치금,1127265786,국내증권사,B,SF205,각주항목(09.06월 이후)
1152,201709,0010120,DB금융투자주식회사,H,배서어음매출(종금계정),0,국내증권사,B,SF205,각주항목(09.06월 이후)
1153,201709,0010120,DB금융투자주식회사,H1,대출채권매매이익_담보부,0,국내증권사,B,SF205,각주항목(09.06월 이후)
1154,201709,0010120,DB금융투자주식회사,H2,대출채권매매이익_무담보부,0,국내증권사,B,SF205,각주항목(09.06월 이후)
1155,201712,0010120,DB금융투자주식회사,A,채무보증,408263596445,국내증권사,B,SF205,각주항목(09.06월 이후)
1156,201712,0010120,DB금융투자주식회사,A1,채무보증_지급보증,0,국내증권사,B,SF205,각주항목(09.06월 이후)
1157,201712,0010120,DB금융투자주식회사,A2,채무보증_매입보장약정,50066000000,국내증권사,B,SF205,각주항목(09.06월 이후)
1158,201712,0010120,DB금융투자주식회사,A3,채무보증_채무인수약정,0,국내증권사,B,SF205,각주항목(09.06월 이후)
1159,201712,0010120,DB금융투자주식회사,A5,채무보증_매입확약,358197596445,국내증권사,B,SF205,각주항목(09.06월 이후)
1160,201712,0010120,DB금융투자주식회사,A6,채무보증_기타, ,국내증권사,B,SF205,각주항목(09.06월 이후)
1161,201712,0010120,DB금융투자주식회사,B,투자자의 예수증권 등,17670594637886,국내증권사,B,SF205,각주항목(09.06월 이후)
1162,201712,0010120,DB금융투자주식회사,B1,투자자의 예수증권 등_예수 증권,17670594637886,국내증권사,B,SF205,각주항목(09.06월 이후)
1163,201712,0010120,DB금융투자주식회사,B2,투자자의 예수증권 등_예수양도성예금증서,0,국내증권사,B,SF205,각주항목(09.06월 이후)
1164,201712,0010120,DB금융투자주식회사,B3,투자자의 예수증권 등_기타,0,국내증권사,B,SF205,각주항목(09.06월 이후)
1165,201712,0010120,DB금융투자주식회사,C,파생상품계약,8321821215187,국내증권사,B,SF205,각주항목(09.06월 이후)
1166,201712,0010120,DB금융투자주식회사,C1,파생상품계약_장내파생상품,1217100888825,국내증권사,B,SF205,각주항목(09.06월 이후)
1167,201712,0010120,DB금융투자주식회사,C11,파생상품계약_장내파생상품_이자율관련거래,477744817753,국내증권사,B,SF205,각주항목(09.06월 이후)
1168,201712,0010120,DB금융투자주식회사,C12,파생상품계약_장내파생상품_통화관련거래,124830202606,국내증권사,B,SF205,각주항목(09.06월 이후)
1169,201712,0010120,DB금융투자주식회사,C13,파생상품계약_장내파생상품_주식관련거래,613543919652,국내증권사,B,SF205,각주항목(09.06월 이후)
1170,201712,0010120,DB금융투자주식회사,C14,파생상품계약_장내파생상품_일반상품관련거래,981948814,국내증권사,B,SF205,각주항목(09.06월 이후)
1171,201712,0010120,DB금융투자주식회사,C15,파생상품계약_장내파생상품_기타,0,국내증권사,B,SF205,각주항목(09.06월 이후)
1172,201712,0010120,DB금융투자주식회사,C2,파생상품계약_장외파생상품,7104720326362,국내증권사,B,SF205,각주항목(09.06월 이후)
1173,201712,0010120,DB금융투자주식회사,C21,파생상품계약_장외파생상품_이자율관련거래,2651920000000,국내증권사,B,SF205,각주항목(09.06월 이후)
1174,201712,0010120,DB금융투자주식회사,C22,파생상품계약_장외파생상품_통화관련거래,354304319710,국내증권사,B,SF205,각주항목(09.06월 이후)
1175,201712,0010120,DB금융투자주식회사,C23,파생상품계약_장외파생상품_주식관련거래,208165153375,국내증권사,B,SF205,각주항목(09.06월 이후)
1176,201712,0010120,DB금융투자주식회사,C24,파생상품계약_장외파생상품_신용관련거래,3890330853277,국내증권사,B,SF205,각주항목(09.06월 이후)
1177,201712,0010120,DB금융투자주식회사,C25,파생상품계약_장외파생상품_기타,0,국내증권사,B,SF205,각주항목(09.06월 이후)
1178,201712,0010120,DB금융투자주식회사,D,대차 및 대주거래,1203287503324,국내증권사,B,SF205,각주항목(09.06월 이후)
1179,201712,0010120,DB금융투자주식회사,D1,대차 및 대주거래_대여증권,0,국내증권사,B,SF205,각주항목(09.06월 이후)
1180,201712,0010120,DB금융투자주식회사,D2,대차 및 대주거래_차입증권,1203287503324,국내증권사,B,SF205,각주항목(09.06월 이후)
1181,201712,0010120,DB금융투자주식회사,D3,대차 및 대주거래_신용거래대주,0,국내증권사,B,SF205,각주항목(09.06월 이후)
1182,201712,0010120,DB금융투자주식회사,E,대손상각채권, ,국내증권사,B,SF205,각주항목(09.06월 이후)
1183,201712,0010120,DB금융투자주식회사,F,환전업무 예치금,0,국내증권사,B,SF205,각주항목(09.06월 이후)
1184,201712,0010120,DB금융투자주식회사,G,미배당별도예치금,1146857952,국내증권사,B,SF205,각주항목(09.06월 이후)
1185,201712,0010120,DB금융투자주식회사,H,배서어음매출(종금계정),0,국내증권사,B,SF205,각주항목(09.06월 이후)
1186,201712,0010120,DB금융투자주식회사,H1,대출채권매매이익_담보부,0,국내증권사,B,SF205,각주항목(09.06월 이후)
1187,201712,0010120,DB금융투자주식회사,H2,대출채권매매이익_무담보부,0,국내증권사,B,SF205,각주항목(09.06월 이후)
1188,201803,0010120,DB금융투자주식회사,A,채무보증,408000000000,국내증권사,B,SF205,각주항목(09.06월 이후)
1189,201803,0010120,DB금융투자주식회사,A1,채무보증_지급보증,0,국내증권사,B,SF205,각주항목(09.06월 이후)
1190,201803,0010120,DB금융투자주식회사,A2,채무보증_매입보장약정,50300000000,국내증권사,B,SF205,각주항목(09.06월 이후)
1191,201803,0010120,DB금융투자주식회사,A3,채무보증_채무인수약정,0,국내증권사,B,SF205,각주항목(09.06월 이후)
1192,201803,0010120,DB금융투자주식회사,A5,채무보증_매입확약,357700000000,국내증권사,B,SF205,각주항목(09.06월 이후)
1193,201803,0010120,DB금융투자주식회사,A6,채무보증_기타, ,국내증권사,B,SF205,각주항목(09.06월 이후)
1194,201803,0010120,DB금융투자주식회사,B,투자자의 예수증권 등,19435137300118,국내증권사,B,SF205,각주항목(09.06월 이후)
1195,201803,0010120,DB금융투자주식회사,B1,투자자의 예수증권 등_예수 증권,19435137300118,국내증권사,B,SF205,각주항목(09.06월 이후)
1196,201803,0010120,DB금융투자주식회사,B2,투자자의 예수증권 등_예수양도성예금증서,0,국내증권사,B,SF205,각주항목(09.06월 이후)
1197,201803,0010120,DB금융투자주식회사,B3,투자자의 예수증권 등_기타,0,국내증권사,B,SF205,각주항목(09.06월 이후)
1198,201803,0010120,DB금융투자주식회사,C,파생상품계약,7958069863964,국내증권사,B,SF205,각주항목(09.06월 이후)
1199,201803,0010120,DB금융투자주식회사,C1,파생상품계약_장내파생상품,1324310283685,국내증권사,B,SF205,각주항목(09.06월 이후)
1200,201803,0010120,DB금융투자주식회사,C11,파생상품계약_장내파생상품_이자율관련거래,439060665368,국내증권사,B,SF205,각주항목(09.06월 이후)
1201,201803,0010120,DB금융투자주식회사,C12,파생상품계약_장내파생상품_통화관련거래,78627525710,국내증권사,B,SF205,각주항목(09.06월 이후)
1202,201803,0010120,DB금융투자주식회사,C13,파생상품계약_장내파생상품_주식관련거래,805631196792,국내증권사,B,SF205,각주항목(09.06월 이후)
1203,201803,0010120,DB금융투자주식회사,C14,파생상품계약_장내파생상품_일반상품관련거래,990895815,국내증권사,B,SF205,각주항목(09.06월 이후)
1204,201803,0010120,DB금융투자주식회사,C15,파생상품계약_장내파생상품_기타,0,국내증권사,B,SF205,각주항목(09.06월 이후)
1205,201803,0010120,DB금융투자주식회사,C2,파생상품계약_장외파생상품,6633759580279,국내증권사,B,SF205,각주항목(09.06월 이후)
1206,201803,0010120,DB금융투자주식회사,C21,파생상품계약_장외파생상품_이자율관련거래,2311920000000,국내증권사,B,SF205,각주항목(09.06월 이후)
1207,201803,0010120,DB금융투자주식회사,C22,파생상품계약_장외파생상품_통화관련거래,313565193458,국내증권사,B,SF205,각주항목(09.06월 이후)
1208,201803,0010120,DB금융투자주식회사,C23,파생상품계약_장외파생상품_주식관련거래,237720863375,국내증권사,B,SF205,각주항목(09.06월 이후)
1209,201803,0010120,DB금융투자주식회사,C24,파생상품계약_장외파생상품_신용관련거래,3770553523446,국내증권사,B,SF205,각주항목(09.06월 이후)
1210,201803,0010120,DB금융투자주식회사,C25,파생상품계약_장외파생상품_기타,0,국내증권사,B,SF205,각주항목(09.06월 이후)
1211,201803,0010120,DB금융투자주식회사,D,대차 및 대주거래,1100388220780,국내증권사,B,SF205,각주항목(09.06월 이후)
1212,201803,0010120,DB금융투자주식회사,D1,대차 및 대주거래_대여증권,0,국내증권사,B,SF205,각주항목(09.06월 이후)
1213,201803,0010120,DB금융투자주식회사,D2,대차 및 대주거래_차입증권,1100388220780,국내증권사,B,SF205,각주항목(09.06월 이후)
1214,201803,0010120,DB금융투자주식회사,D3,대차 및 대주거래_신용거래대주,0,국내증권사,B,SF205,각주항목(09.06월 이후)
1215,201803,0010120,DB금융투자주식회사,E,대손상각채권,1257020666,국내증권사,B,SF205,각주항목(09.06월 이후)
1216,201803,0010120,DB금융투자주식회사,F,환전업무 예치금,0,국내증권사,B,SF205,각주항목(09.06월 이후)
1217,201803,0010120,DB금융투자주식회사,G,미배당별도예치금,749169336,국내증권사,B,SF205,각주항목(09.06월 이후)
1218,201803,0010120,DB금융투자주식회사,H,배서어음매출(종금계정),0,국내증권사,B,SF205,각주항목(09.06월 이후)
1219,201803,0010120,DB금융투자주식회사,H1,대출채권매매이익_담보부,0,국내증권사,B,SF205,각주항목(09.06월 이후)
1220,201803,0010120,DB금융투자주식회사,H2,대출채권매매이익_무담보부,0,국내증권사,B,SF205,각주항목(09.06월 이후)
1221,201806,0010120,DB금융투자주식회사,A,채무보증,441900000000,국내증권사,B,SF205,각주항목(09.06월 이후)
1222,201806,0010120,DB금융투자주식회사,A1,채무보증_지급보증,0,국내증권사,B,SF205,각주항목(09.06월 이후)
1223,201806,0010120,DB금융투자주식회사,A2,채무보증_매입보장약정,20300000000,국내증권사,B,SF205,각주항목(09.06월 이후)
1224,201806,0010120,DB금융투자주식회사,A3,채무보증_채무인수약정,0,국내증권사,B,SF205,각주항목(09.06월 이후)
1225,201806,0010120,DB금융투자주식회사,A5,채무보증_매입확약,371600000000,국내증권사,B,SF205,각주항목(09.06월 이후)
1226,201806,0010120,DB금융투자주식회사,A6,채무보증_기타,50000000000,국내증권사,B,SF205,각주항목(09.06월 이후)
1227,201806,0010120,DB금융투자주식회사,B,투자자의 예수증권 등,19623747995809,국내증권사,B,SF205,각주항목(09.06월 이후)
1228,201806,0010120,DB금융투자주식회사,B1,투자자의 예수증권 등_예수 증권,19623747995809,국내증권사,B,SF205,각주항목(09.06월 이후)
1229,201806,0010120,DB금융투자주식회사,B2,투자자의 예수증권 등_예수양도성예금증서,0,국내증권사,B,SF205,각주항목(09.06월 이후)
1230,201806,0010120,DB금융투자주식회사,B3,투자자의 예수증권 등_기타,0,국내증권사,B,SF205,각주항목(09.06월 이후)
1231,201806,0010120,DB금융투자주식회사,C,파생상품계약,7483812280807,국내증권사,B,SF205,각주항목(09.06월 이후)
1232,201806,0010120,DB금융투자주식회사,C1,파생상품계약_장내파생상품,1223182423739,국내증권사,B,SF205,각주항목(09.06월 이후)
1233,201806,0010120,DB금융투자주식회사,C11,파생상품계약_장내파생상품_이자율관련거래,389964854677,국내증권사,B,SF205,각주항목(09.06월 이후)
1234,201806,0010120,DB금융투자주식회사,C12,파생상품계약_장내파생상품_통화관련거래,64689634616,국내증권사,B,SF205,각주항목(09.06월 이후)
1235,201806,0010120,DB금융투자주식회사,C13,파생상품계약_장내파생상품_주식관련거래,767542913591,국내증권사,B,SF205,각주항목(09.06월 이후)
1236,201806,0010120,DB금융투자주식회사,C14,파생상품계약_장내파생상품_일반상품관련거래,985020855,국내증권사,B,SF205,각주항목(09.06월 이후)
1237,201806,0010120,DB금융투자주식회사,C15,파생상품계약_장내파생상품_기타,0,국내증권사,B,SF205,각주항목(09.06월 이후)
1238,201806,0010120,DB금융투자주식회사,C2,파생상품계약_장외파생상품,6260629857068,국내증권사,B,SF205,각주항목(09.06월 이후)
1239,201806,0010120,DB금융투자주식회사,C21,파생상품계약_장외파생상품_이자율관련거래,2211920000000,국내증권사,B,SF205,각주항목(09.06월 이후)
1240,201806,0010120,DB금융투자주식회사,C22,파생상품계약_장외파생상품_통화관련거래,304063172154,국내증권사,B,SF205,각주항목(09.06월 이후)
1241,201806,0010120,DB금융투자주식회사,C23,파생상품계약_장외파생상품_주식관련거래,246758772350,국내증권사,B,SF205,각주항목(09.06월 이후)
1242,201806,0010120,DB금융투자주식회사,C24,파생상품계약_장외파생상품_신용관련거래,3497887912564,국내증권사,B,SF205,각주항목(09.06월 이후)
1243,201806,0010120,DB금융투자주식회사,C25,파생상품계약_장외파생상품_기타,0,국내증권사,B,SF205,각주항목(09.06월 이후)
1244,201806,0010120,DB금융투자주식회사,D,대차 및 대주거래,1038852934233,국내증권사,B,SF205,각주항목(09.06월 이후)
1245,201806,0010120,DB금융투자주식회사,D1,대차 및 대주거래_대여증권,2535464500,국내증권사,B,SF205,각주항목(09.06월 이후)
1246,201806,0010120,DB금융투자주식회사,D2,대차 및 대주거래_차입증권,1036317469733,국내증권사,B,SF205,각주항목(09.06월 이후)
1247,201806,0010120,DB금융투자주식회사,D3,대차 및 대주거래_신용거래대주,0,국내증권사,B,SF205,각주항목(09.06월 이후)
1248,201806,0010120,DB금융투자주식회사,E,대손상각채권,1257020666,국내증권사,B,SF205,각주항목(09.06월 이후)
1249,201806,0010120,DB금융투자주식회사,F,환전업무 예치금,0,국내증권사,B,SF205,각주항목(09.06월 이후)
1250,201806,0010120,DB금융투자주식회사,G,미배당별도예치금,1032063795,국내증권사,B,SF205,각주항목(09.06월 이후)
1251,201806,0010120,DB금융투자주식회사,H,배서어음매출(종금계정),0,국내증권사,B,SF205,각주항목(09.06월 이후)
1252,201806,0010120,DB금융투자주식회사,H1,대출채권매매이익_담보부,0,국내증권사,B,SF205,각주항목(09.06월 이후)
1253,201806,0010120,DB금융투자주식회사,H2,대출채권매매이익_무담보부,0,국내증권사,B,SF205,각주항목(09.06월 이후)
1254,201809,0010120,DB금융투자주식회사,A,채무보증,447700000000,국내증권사,B,SF205,각주항목(09.06월 이후)
1255,201809,0010120,DB금융투자주식회사,A1,채무보증_지급보증,0,국내증권사,B,SF205,각주항목(09.06월 이후)
1256,201809,0010120,DB금융투자주식회사,A2,채무보증_매입보장약정,20300000000,국내증권사,B,SF205,각주항목(09.06월 이후)
1257,201809,0010120,DB금융투자주식회사,A3,채무보증_채무인수약정,0,국내증권사,B,SF205,각주항목(09.06월 이후)
1258,201809,0010120,DB금융투자주식회사,A5,채무보증_매입확약,277400000000,국내증권사,B,SF205,각주항목(09.06월 이후)
1259,201809,0010120,DB금융투자주식회사,A6,채무보증_기타,150000000000,국내증권사,B,SF205,각주항목(09.06월 이후)
1260,201809,0010120,DB금융투자주식회사,B,투자자의 예수증권 등,19565175545257,국내증권사,B,SF205,각주항목(09.06월 이후)
1261,201809,0010120,DB금융투자주식회사,B1,투자자의 예수증권 등_예수 증권,19565175545257,국내증권사,B,SF205,각주항목(09.06월 이후)
1262,201809,0010120,DB금융투자주식회사,B2,투자자의 예수증권 등_예수양도성예금증서,0,국내증권사,B,SF205,각주항목(09.06월 이후)
1263,201809,0010120,DB금융투자주식회사,B3,투자자의 예수증권 등_기타,0,국내증권사,B,SF205,각주항목(09.06월 이후)
1264,201809,0010120,DB금융투자주식회사,C,파생상품계약,6275247268821,국내증권사,B,SF205,각주항목(09.06월 이후)
1265,201809,0010120,DB금융투자주식회사,C1,파생상품계약_장내파생상품,1616568879116,국내증권사,B,SF205,각주항목(09.06월 이후)
1266,201809,0010120,DB금융투자주식회사,C11,파생상품계약_장내파생상품_이자율관련거래,604240749072,국내증권사,B,SF205,각주항목(09.06월 이후)
1267,201809,0010120,DB금융투자주식회사,C12,파생상품계약_장내파생상품_통화관련거래,65724591044,국내증권사,B,SF205,각주항목(09.06월 이후)
1268,201809,0010120,DB금융투자주식회사,C13,파생상품계약_장내파생상품_주식관련거래,945671830782,국내증권사,B,SF205,각주항목(09.06월 이후)
1269,201809,0010120,DB금융투자주식회사,C14,파생상품계약_장내파생상품_일반상품관련거래,931708218,국내증권사,B,SF205,각주항목(09.06월 이후)
1270,201809,0010120,DB금융투자주식회사,C15,파생상품계약_장내파생상품_기타,0,국내증권사,B,SF205,각주항목(09.06월 이후)
1271,201809,0010120,DB금융투자주식회사,C2,파생상품계약_장외파생상품,4658678389705,국내증권사,B,SF205,각주항목(09.06월 이후)
1272,201809,0010120,DB금융투자주식회사,C21,파생상품계약_장외파생상품_이자율관련거래,2200720000000,국내증권사,B,SF205,각주항목(09.06월 이후)
1273,201809,0010120,DB금융투자주식회사,C22,파생상품계약_장외파생상품_통화관련거래,330795683843,국내증권사,B,SF205,각주항목(09.06월 이후)
1274,201809,0010120,DB금융투자주식회사,C23,파생상품계약_장외파생상품_주식관련거래,206930782350,국내증권사,B,SF205,각주항목(09.06월 이후)
1275,201809,0010120,DB금융투자주식회사,C24,파생상품계약_장외파생상품_신용관련거래,1888132490425,국내증권사,B,SF205,각주항목(09.06월 이후)
1276,201809,0010120,DB금융투자주식회사,C25,파생상품계약_장외파생상품_기타,32099433087,국내증권사,B,SF205,각주항목(09.06월 이후)
1277,201809,0010120,DB금융투자주식회사,D,대차 및 대주거래,923267939205,국내증권사,B,SF205,각주항목(09.06월 이후)
1278,201809,0010120,DB금융투자주식회사,D1,대차 및 대주거래_대여증권,2785688050,국내증권사,B,SF205,각주항목(09.06월 이후)
1279,201809,0010120,DB금융투자주식회사,D2,대차 및 대주거래_차입증권,920482251155,국내증권사,B,SF205,각주항목(09.06월 이후)
1280,201809,0010120,DB금융투자주식회사,D3,대차 및 대주거래_신용거래대주,0,국내증권사,B,SF205,각주항목(09.06월 이후)
1281,201809,0010120,DB금융투자주식회사,E,대손상각채권,1257020666,국내증권사,B,SF205,각주항목(09.06월 이후)
1282,201809,0010120,DB금융투자주식회사,F,환전업무 예치금,0,국내증권사,B,SF205,각주항목(09.06월 이후)
1283,201809,0010120,DB금융투자주식회사,G,미배당별도예치금,1310487046,국내증권사,B,SF205,각주항목(09.06월 이후)
1284,201809,0010120,DB금융투자주식회사,H,배서어음매출(종금계정),0,국내증권사,B,SF205,각주항목(09.06월 이후)
1285,201809,0010120,DB금융투자주식회사,H1,대출채권매매이익_담보부,0,국내증권사,B,SF205,각주항목(09.06월 이후)
1286,201809,0010120,DB금융투자주식회사,H2,대출채권매매이익_무담보부,0,국내증권사,B,SF205,각주항목(09.06월 이후)
1287,201812,0010120,DB금융투자주식회사,A,채무보증,266195500000,국내증권사,B,SF205,각주항목(09.06월 이후)
1288,201812,0010120,DB금융투자주식회사,A1,채무보증_지급보증,0,국내증권사,B,SF205,각주항목(09.06월 이후)
1289,201812,0010120,DB금융투자주식회사,A2,채무보증_매입보장약정,0,국내증권사,B,SF205,각주항목(09.06월 이후)
1290,201812,0010120,DB금융투자주식회사,A3,채무보증_채무인수약정,0,국내증권사,B,SF205,각주항목(09.06월 이후)
1291,201812,0010120,DB금융투자주식회사,A5,채무보증_매입확약,244700000000,국내증권사,B,SF205,각주항목(09.06월 이후)
1292,201812,0010120,DB금융투자주식회사,A6,채무보증_기타,21495500000,국내증권사,B,SF205,각주항목(09.06월 이후)
1293,201812,0010120,DB금융투자주식회사,B,투자자의 예수증권 등,18043570119004,국내증권사,B,SF205,각주항목(09.06월 이후)
1294,201812,0010120,DB금융투자주식회사,B1,투자자의 예수증권 등_예수 증권,18043570119004,국내증권사,B,SF205,각주항목(09.06월 이후)
1295,201812,0010120,DB금융투자주식회사,B2,투자자의 예수증권 등_예수양도성예금증서,0,국내증권사,B,SF205,각주항목(09.06월 이후)
1296,201812,0010120,DB금융투자주식회사,B3,투자자의 예수증권 등_기타,0,국내증권사,B,SF205,각주항목(09.06월 이후)
1297,201812,0010120,DB금융투자주식회사,C,파생상품계약,6333439134904,국내증권사,B,SF205,각주항목(09.06월 이후)
1298,201812,0010120,DB금융투자주식회사,C1,파생상품계약_장내파생상품,1339081551231,국내증권사,B,SF205,각주항목(09.06월 이후)
1299,201812,0010120,DB금융투자주식회사,C11,파생상품계약_장내파생상품_이자율관련거래,433043474596,국내증권사,B,SF205,각주항목(09.06월 이후)
1300,201812,0010120,DB금융투자주식회사,C12,파생상품계약_장내파생상품_통화관련거래,72347630097,국내증권사,B,SF205,각주항목(09.06월 이후)
1301,201812,0010120,DB금융투자주식회사,C13,파생상품계약_장내파생상품_주식관련거래,832687611467,국내증권사,B,SF205,각주항목(09.06월 이후)
1302,201812,0010120,DB금융투자주식회사,C14,파생상품계약_장내파생상품_일반상품관련거래,1002835071,국내증권사,B,SF205,각주항목(09.06월 이후)
1303,201812,0010120,DB금융투자주식회사,C15,파생상품계약_장내파생상품_기타,0,국내증권사,B,SF205,각주항목(09.06월 이후)
1304,201812,0010120,DB금융투자주식회사,C2,파생상품계약_장외파생상품,4994357583673,국내증권사,B,SF205,각주항목(09.06월 이후)
1305,201812,0010120,DB금융투자주식회사,C21,파생상품계약_장외파생상품_이자율관련거래,2428720000000,국내증권사,B,SF205,각주항목(09.06월 이후)
1306,201812,0010120,DB금융투자주식회사,C22,파생상품계약_장외파생상품_통화관련거래,433848116713,국내증권사,B,SF205,각주항목(09.06월 이후)
1307,201812,0010120,DB금융투자주식회사,C23,파생상품계약_장외파생상품_주식관련거래,204371552350,국내증권사,B,SF205,각주항목(09.06월 이후)
1308,201812,0010120,DB금융투자주식회사,C24,파생상품계약_장외파생상품_신용관련거래,1812803400000,국내증권사,B,SF205,각주항목(09.06월 이후)
1309,201812,0010120,DB금융투자주식회사,C25,파생상품계약_장외파생상품_기타,114614514610,국내증권사,B,SF205,각주항목(09.06월 이후)
1310,201812,0010120,DB금융투자주식회사,D,대차 및 대주거래,1121296227990,국내증권사,B,SF205,각주항목(09.06월 이후)
1311,201812,0010120,DB금융투자주식회사,D1,대차 및 대주거래_대여증권,2773233960,국내증권사,B,SF205,각주항목(09.06월 이후)
1312,201812,0010120,DB금융투자주식회사,D2,대차 및 대주거래_차입증권,1118522994030,국내증권사,B,SF205,각주항목(09.06월 이후)
1313,201812,0010120,DB금융투자주식회사,D3,대차 및 대주거래_신용거래대주,0,국내증권사,B,SF205,각주항목(09.06월 이후)
1314,201812,0010120,DB금융투자주식회사,E,대손상각채권,1257020666,국내증권사,B,SF205,각주항목(09.06월 이후)
1315,201812,0010120,DB금융투자주식회사,F,환전업무 예치금,0,국내증권사,B,SF205,각주항목(09.06월 이후)
1316,201812,0010120,DB금융투자주식회사,G,미배당별도예치금,1401751758,국내증권사,B,SF205,각주항목(09.06월 이후)
1317,201812,0010120,DB금융투자주식회사,H,배서어음매출(종금계정),0,국내증권사,B,SF205,각주항목(09.06월 이후)
1318,201812,0010120,DB금융투자주식회사,H1,대출채권매매이익_담보부,0,국내증권사,B,SF205,각주항목(09.06월 이후)
1319,201812,0010120,DB금융투자주식회사,H2,대출채권매매이익_무담보부,0,국내증권사,B,SF205,각주항목(09.06월 이후)
1320,201903,0010120,DB금융투자주식회사,A,채무보증,243225000000,국내증권사,B,SF205,각주항목(09.06월 이후)
1321,201903,0010120,DB금융투자주식회사,A1,채무보증_지급보증,0,국내증권사,B,SF205,각주항목(09.06월 이후)
1322,201903,0010120,DB금융투자주식회사,A2,채무보증_매입보장약정,0,국내증권사,B,SF205,각주항목(09.06월 이후)
1323,201903,0010120,DB금융투자주식회사,A3,채무보증_채무인수약정,0,국내증권사,B,SF205,각주항목(09.06월 이후)
1324,201903,0010120,DB금융투자주식회사,A5,채무보증_매입확약,243225000000,국내증권사,B,SF205,각주항목(09.06월 이후)
1325,201903,0010120,DB금융투자주식회사,A6,채무보증_기타,0,국내증권사,B,SF205,각주항목(09.06월 이후)
1326,201903,0010120,DB금융투자주식회사,B,투자자의 예수증권 등,18686551258212,국내증권사,B,SF205,각주항목(09.06월 이후)
1327,201903,0010120,DB금융투자주식회사,B1,투자자의 예수증권 등_예수 증권,18686551258212,국내증권사,B,SF205,각주항목(09.06월 이후)
1328,201903,0010120,DB금융투자주식회사,B2,투자자의 예수증권 등_예수양도성예금증서,0,국내증권사,B,SF205,각주항목(09.06월 이후)
1329,201903,0010120,DB금융투자주식회사,B3,투자자의 예수증권 등_기타,0,국내증권사,B,SF205,각주항목(09.06월 이후)
1330,201903,0010120,DB금융투자주식회사,C,파생상품계약,8821866297619,국내증권사,B,SF205,각주항목(09.06월 이후)
1331,201903,0010120,DB금융투자주식회사,C1,파생상품계약_장내파생상품,3049241585440,국내증권사,B,SF205,각주항목(09.06월 이후)
1332,201903,0010120,DB금융투자주식회사,C11,파생상품계약_장내파생상품_이자율관련거래,528117817955,국내증권사,B,SF205,각주항목(09.06월 이후)
1333,201903,0010120,DB금융투자주식회사,C12,파생상품계약_장내파생상품_통화관련거래,60965456442,국내증권사,B,SF205,각주항목(09.06월 이후)
1334,201903,0010120,DB금융투자주식회사,C13,파생상품계약_장내파생상품_주식관련거래,2459124107733,국내증권사,B,SF205,각주항목(09.06월 이후)
1335,201903,0010120,DB금융투자주식회사,C14,파생상품계약_장내파생상품_일반상품관련거래,1034203310,국내증권사,B,SF205,각주항목(09.06월 이후)
1336,201903,0010120,DB금융투자주식회사,C15,파생상품계약_장내파생상품_기타,0,국내증권사,B,SF205,각주항목(09.06월 이후)
1337,201903,0010120,DB금융투자주식회사,C2,파생상품계약_장외파생상품,5772624712179,국내증권사,B,SF205,각주항목(09.06월 이후)
1338,201903,0010120,DB금융투자주식회사,C21,파생상품계약_장외파생상품_이자율관련거래,2670520000000,국내증권사,B,SF205,각주항목(09.06월 이후)
1339,201903,0010120,DB금융투자주식회사,C22,파생상품계약_장외파생상품_통화관련거래,722537683016,국내증권사,B,SF205,각주항목(09.06월 이후)
1340,201903,0010120,DB금융투자주식회사,C23,파생상품계약_장외파생상품_주식관련거래,206457212350,국내증권사,B,SF205,각주항목(09.06월 이후)
1341,201903,0010120,DB금융투자주식회사,C24,파생상품계약_장외파생상품_신용관련거래,1842629200000,국내증권사,B,SF205,각주항목(09.06월 이후)
1342,201903,0010120,DB금융투자주식회사,C25,파생상품계약_장외파생상품_기타,330480616813,국내증권사,B,SF205,각주항목(09.06월 이후)
1343,201903,0010120,DB금융투자주식회사,D,대차 및 대주거래,978177460290,국내증권사,B,SF205,각주항목(09.06월 이후)
1344,201903,0010120,DB금융투자주식회사,D1,대차 및 대주거래_대여증권,2390349470,국내증권사,B,SF205,각주항목(09.06월 이후)
1345,201903,0010120,DB금융투자주식회사,D2,대차 및 대주거래_차입증권,975787110820,국내증권사,B,SF205,각주항목(09.06월 이후)
1346,201903,0010120,DB금융투자주식회사,D3,대차 및 대주거래_신용거래대주,0,국내증권사,B,SF205,각주항목(09.06월 이후)
1347,201903,0010120,DB금융투자주식회사,E,대손상각채권,0,국내증권사,B,SF205,각주항목(09.06월 이후)
1348,201903,0010120,DB금융투자주식회사,F,환전업무 예치금,0,국내증권사,B,SF205,각주항목(09.06월 이후)
1349,201903,0010120,DB금융투자주식회사,G,미배당별도예치금,757171382,국내증권사,B,SF205,각주항목(09.06월 이후)
1350,201903,0010120,DB금융투자주식회사,H,배서어음매출(종금계정),0,국내증권사,B,SF205,각주항목(09.06월 이후)
1351,201903,0010120,DB금융투자주식회사,H1,대출채권매매이익_담보부,0,국내증권사,B,SF205,각주항목(09.06월 이후)
1352,201903,0010120,DB금융투자주식회사,H2,대출채권매매이익_무담보부,0,국내증권사,B,SF205,각주항목(09.06월 이후)
1353,201906,0010120,DB금융투자주식회사,A,채무보증,277388466162,국내증권사,B,SF205,각주항목(09.06월 이후)
1354,201906,0010120,DB금융투자주식회사,A1,채무보증_지급보증,0,국내증권사,B,SF205,각주항목(09.06월 이후)
1355,201906,0010120,DB금융투자주식회사,A2,채무보증_매입보장약정,0,국내증권사,B,SF205,각주항목(09.06월 이후)
1356,201906,0010120,DB금융투자주식회사,A3,채무보증_채무인수약정,0,국내증권사,B,SF205,각주항목(09.06월 이후)
1357,201906,0010120,DB금융투자주식회사,A5,채무보증_매입확약,277388466162,국내증권사,B,SF205,각주항목(09.06월 이후)
1358,201906,0010120,DB금융투자주식회사,A6,채무보증_기타,0,국내증권사,B,SF205,각주항목(09.06월 이후)
1359,201906,0010120,DB금융투자주식회사,B,투자자의 예수증권 등,19526161983992,국내증권사,B,SF205,각주항목(09.06월 이후)
1360,201906,0010120,DB금융투자주식회사,B1,투자자의 예수증권 등_예수 증권,19526161983992,국내증권사,B,SF205,각주항목(09.06월 이후)
1361,201906,0010120,DB금융투자주식회사,B2,투자자의 예수증권 등_예수양도성예금증서,0,국내증권사,B,SF205,각주항목(09.06월 이후)
1362,201906,0010120,DB금융투자주식회사,B3,투자자의 예수증권 등_기타,0,국내증권사,B,SF205,각주항목(09.06월 이후)
1363,201906,0010120,DB금융투자주식회사,C,파생상품계약,7974001054111,국내증권사,B,SF205,각주항목(09.06월 이후)
1364,201906,0010120,DB금융투자주식회사,C1,파생상품계약_장내파생상품,1858549402957,국내증권사,B,SF205,각주항목(09.06월 이후)
1365,201906,0010120,DB금융투자주식회사,C11,파생상품계약_장내파생상품_이자율관련거래,686454278832,국내증권사,B,SF205,각주항목(09.06월 이후)
1366,201906,0010120,DB금융투자주식회사,C12,파생상품계약_장내파생상품_통화관련거래,73466062816,국내증권사,B,SF205,각주항목(09.06월 이후)
1367,201906,0010120,DB금융투자주식회사,C13,파생상품계약_장내파생상품_주식관련거래,1097650512331,국내증권사,B,SF205,각주항목(09.06월 이후)
1368,201906,0010120,DB금융투자주식회사,C14,파생상품계약_장내파생상품_일반상품관련거래,978548978,국내증권사,B,SF205,각주항목(09.06월 이후)
1369,201906,0010120,DB금융투자주식회사,C15,파생상품계약_장내파생상품_기타,0,국내증권사,B,SF205,각주항목(09.06월 이후)
1370,201906,0010120,DB금융투자주식회사,C2,파생상품계약_장외파생상품,6115451651154,국내증권사,B,SF205,각주항목(09.06월 이후)
1371,201906,0010120,DB금융투자주식회사,C21,파생상품계약_장외파생상품_이자율관련거래,2905200000000,국내증권사,B,SF205,각주항목(09.06월 이후)
1372,201906,0010120,DB금융투자주식회사,C22,파생상품계약_장외파생상품_통화관련거래,683804604843,국내증권사,B,SF205,각주항목(09.06월 이후)
1373,201906,0010120,DB금융투자주식회사,C23,파생상품계약_장외파생상품_주식관련거래,264737922350,국내증권사,B,SF205,각주항목(09.06월 이후)
1374,201906,0010120,DB금융투자주식회사,C24,파생상품계약_장외파생상품_신용관련거래,1871395200000,국내증권사,B,SF205,각주항목(09.06월 이후)
1375,201906,0010120,DB금융투자주식회사,C25,파생상품계약_장외파생상품_기타,390313923961,국내증권사,B,SF205,각주항목(09.06월 이후)
1376,201906,0010120,DB금융투자주식회사,D,대차 및 대주거래,1136737265335,국내증권사,B,SF205,각주항목(09.06월 이후)
1377,201906,0010120,DB금융투자주식회사,D1,대차 및 대주거래_대여증권,498385450,국내증권사,B,SF205,각주항목(09.06월 이후)
1378,201906,0010120,DB금융투자주식회사,D2,대차 및 대주거래_차입증권,1136238879885,국내증권사,B,SF205,각주항목(09.06월 이후)
1379,201906,0010120,DB금융투자주식회사,D3,대차 및 대주거래_신용거래대주,0,국내증권사,B,SF205,각주항목(09.06월 이후)
1380,201906,0010120,DB금융투자주식회사,E,대손상각채권,0,국내증권사,B,SF205,각주항목(09.06월 이후)
1381,201906,0010120,DB금융투자주식회사,F,환전업무 예치금,0,국내증권사,B,SF205,각주항목(09.06월 이후)
1382,201906,0010120,DB금융투자주식회사,G,미배당별도예치금,1013008246,국내증권사,B,SF205,각주항목(09.06월 이후)
1383,201906,0010120,DB금융투자주식회사,H,배서어음매출(종금계정),0,국내증권사,B,SF205,각주항목(09.06월 이후)
1384,201906,0010120,DB금융투자주식회사,H1,대출채권매매이익_담보부,0,국내증권사,B,SF205,각주항목(09.06월 이후)
1385,201906,0010120,DB금융투자주식회사,H2,대출채권매매이익_무담보부,0,국내증권사,B,SF205,각주항목(09.06월 이후)
1386,201909,0010120,DB금융투자주식회사,A,채무보증,300206384154,국내증권사,B,SF205,각주항목(09.06월 이후)
1387,201909,0010120,DB금융투자주식회사,A1,채무보증_지급보증,0,국내증권사,B,SF205,각주항목(09.06월 이후)
1388,201909,0010120,DB금융투자주식회사,A2,채무보증_매입보장약정,0,국내증권사,B,SF205,각주항목(09.06월 이후)
1389,201909,0010120,DB금융투자주식회사,A3,채무보증_채무인수약정,0,국내증권사,B,SF205,각주항목(09.06월 이후)
1390,201909,0010120,DB금융투자주식회사,A5,채무보증_매입확약,300206384154,국내증권사,B,SF205,각주항목(09.06월 이후)
1391,201909,0010120,DB금융투자주식회사,A6,채무보증_기타,0,국내증권사,B,SF205,각주항목(09.06월 이후)
1392,201909,0010120,DB금융투자주식회사,B,투자자의 예수증권 등,18854290410651,국내증권사,B,SF205,각주항목(09.06월 이후)
1393,201909,0010120,DB금융투자주식회사,B1,투자자의 예수증권 등_예수 증권,18854290410651,국내증권사,B,SF205,각주항목(09.06월 이후)
1394,201909,0010120,DB금융투자주식회사,B2,투자자의 예수증권 등_예수양도성예금증서,0,국내증권사,B,SF205,각주항목(09.06월 이후)
1395,201909,0010120,DB금융투자주식회사,B3,투자자의 예수증권 등_기타,0,국내증권사,B,SF205,각주항목(09.06월 이후)
1396,201909,0010120,DB금융투자주식회사,C,파생상품계약,8254423619701,국내증권사,B,SF205,각주항목(09.06월 이후)
1397,201909,0010120,DB금융투자주식회사,C1,파생상품계약_장내파생상품,2023903131029,국내증권사,B,SF205,각주항목(09.06월 이후)
1398,201909,0010120,DB금융투자주식회사,C11,파생상품계약_장내파생상품_이자율관련거래,861759877055,국내증권사,B,SF205,각주항목(09.06월 이후)
1399,201909,0010120,DB금융투자주식회사,C12,파생상품계약_장내파생상품_통화관련거래,89767102398,국내증권사,B,SF205,각주항목(09.06월 이후)
1400,201909,0010120,DB금융투자주식회사,C13,파생상품계약_장내파생상품_주식관련거래,1071396432622,국내증권사,B,SF205,각주항목(09.06월 이후)
1401,201909,0010120,DB금융투자주식회사,C14,파생상품계약_장내파생상품_일반상품관련거래,979718954,국내증권사,B,SF205,각주항목(09.06월 이후)
1402,201909,0010120,DB금융투자주식회사,C15,파생상품계약_장내파생상품_기타,0,국내증권사,B,SF205,각주항목(09.06월 이후)
1403,201909,0010120,DB금융투자주식회사,C2,파생상품계약_장외파생상품,6230520488672,국내증권사,B,SF205,각주항목(09.06월 이후)
1404,201909,0010120,DB금융투자주식회사,C21,파생상품계약_장외파생상품_이자율관련거래,3115200000000,국내증권사,B,SF205,각주항목(09.06월 이후)
1405,201909,0010120,DB금융투자주식회사,C22,파생상품계약_장외파생상품_통화관련거래,476584873523,국내증권사,B,SF205,각주항목(09.06월 이후)
1406,201909,0010120,DB금융투자주식회사,C23,파생상품계약_장외파생상품_주식관련거래,291490822350,국내증권사,B,SF205,각주항목(09.06월 이후)
1407,201909,0010120,DB금융투자주식회사,C24,파생상품계약_장외파생상품_신용관련거래,1938768200000,국내증권사,B,SF205,각주항목(09.06월 이후)
1408,201909,0010120,DB금융투자주식회사,C25,파생상품계약_장외파생상품_기타,408476592799,국내증권사,B,SF205,각주항목(09.06월 이후)
1409,201909,0010120,DB금융투자주식회사,D,대차 및 대주거래,892646619597,국내증권사,B,SF205,각주항목(09.06월 이후)
1410,201909,0010120,DB금융투자주식회사,D1,대차 및 대주거래_대여증권,411588050,국내증권사,B,SF205,각주항목(09.06월 이후)
1411,201909,0010120,DB금융투자주식회사,D2,대차 및 대주거래_차입증권,892235031547,국내증권사,B,SF205,각주항목(09.06월 이후)
1412,201909,0010120,DB금융투자주식회사,D3,대차 및 대주거래_신용거래대주,0,국내증권사,B,SF205,각주항목(09.06월 이후)
1413,201909,0010120,DB금융투자주식회사,E,대손상각채권,0,국내증권사,B,SF205,각주항목(09.06월 이후)
1414,201909,0010120,DB금융투자주식회사,F,환전업무 예치금,0,국내증권사,B,SF205,각주항목(09.06월 이후)
1415,201909,0010120,DB금융투자주식회사,G,미배당별도예치금,1278967659,국내증권사,B,SF205,각주항목(09.06월 이후)
1416,201909,0010120,DB금융투자주식회사,H,배서어음매출(종금계정),0,국내증권사,B,SF205,각주항목(09.06월 이후)
1417,201909,0010120,DB금융투자주식회사,H1,대출채권매매이익_담보부,0,국내증권사,B,SF205,각주항목(09.06월 이후)
1418,201909,0010120,DB금융투자주식회사,H2,대출채권매매이익_무담보부,0,국내증권사,B,SF205,각주항목(09.06월 이후)
1419,201912,0010120,DB금융투자주식회사,A,채무보증,323224061416,국내증권사,B,SF205,각주항목(09.06월 이후)
1420,201912,0010120,DB금융투자주식회사,A1,채무보증_지급보증,0,국내증권사,B,SF205,각주항목(09.06월 이후)
1421,201912,0010120,DB금융투자주식회사,A2,채무보증_매입보장약정,0,국내증권사,B,SF205,각주항목(09.06월 이후)
1422,201912,0010120,DB금융투자주식회사,A3,채무보증_채무인수약정,0,국내증권사,B,SF205,각주항목(09.06월 이후)
1423,201912,0010120,DB금융투자주식회사,A5,채무보증_매입확약,323224061416,국내증권사,B,SF205,각주항목(09.06월 이후)
1424,201912,0010120,DB금융투자주식회사,A6,채무보증_기타,0,국내증권사,B,SF205,각주항목(09.06월 이후)
1425,201912,0010120,DB금융투자주식회사,B,투자자의 예수증권 등,20632879411523,국내증권사,B,SF205,각주항목(09.06월 이후)
1426,201912,0010120,DB금융투자주식회사,B1,투자자의 예수증권 등_예수 증권,20632879411523,국내증권사,B,SF205,각주항목(09.06월 이후)
1427,201912,0010120,DB금융투자주식회사,B2,투자자의 예수증권 등_예수양도성예금증서,0,국내증권사,B,SF205,각주항목(09.06월 이후)
1428,201912,0010120,DB금융투자주식회사,B3,투자자의 예수증권 등_기타,0,국내증권사,B,SF205,각주항목(09.06월 이후)
1429,201912,0010120,DB금융투자주식회사,C,파생상품계약,8339583130506,국내증권사,B,SF205,각주항목(09.06월 이후)
1430,201912,0010120,DB금융투자주식회사,C1,파생상품계약_장내파생상품,2063675018542,국내증권사,B,SF205,각주항목(09.06월 이후)
1431,201912,0010120,DB금융투자주식회사,C11,파생상품계약_장내파생상품_이자율관련거래,948342611334,국내증권사,B,SF205,각주항목(09.06월 이후)
1432,201912,0010120,DB금융투자주식회사,C12,파생상품계약_장내파생상품_통화관련거래,61397512071,국내증권사,B,SF205,각주항목(09.06월 이후)
1433,201912,0010120,DB금융투자주식회사,C13,파생상품계약_장내파생상품_주식관련거래,1052933434780,국내증권사,B,SF205,각주항목(09.06월 이후)
1434,201912,0010120,DB금융투자주식회사,C14,파생상품계약_장내파생상품_일반상품관련거래,1001460357,국내증권사,B,SF205,각주항목(09.06월 이후)
1435,201912,0010120,DB금융투자주식회사,C15,파생상품계약_장내파생상품_기타,0,국내증권사,B,SF205,각주항목(09.06월 이후)
1436,201912,0010120,DB금융투자주식회사,C2,파생상품계약_장외파생상품,6275908111964,국내증권사,B,SF205,각주항목(09.06월 이후)
1437,201912,0010120,DB금융투자주식회사,C21,파생상품계약_장외파생상품_이자율관련거래,3182400000000,국내증권사,B,SF205,각주항목(09.06월 이후)
1438,201912,0010120,DB금융투자주식회사,C22,파생상품계약_장외파생상품_통화관련거래,642826478174,국내증권사,B,SF205,각주항목(09.06월 이후)
1439,201912,0010120,DB금융투자주식회사,C23,파생상품계약_장외파생상품_주식관련거래,235603052350,국내증권사,B,SF205,각주항목(09.06월 이후)
1440,201912,0010120,DB금융투자주식회사,C24,파생상품계약_장외파생상품_신용관련거래,1872909200000,국내증권사,B,SF205,각주항목(09.06월 이후)
1441,201912,0010120,DB금융투자주식회사,C25,파생상품계약_장외파생상품_기타,342169381440,국내증권사,B,SF205,각주항목(09.06월 이후)
1442,201912,0010120,DB금융투자주식회사,D,대차 및 대주거래,1380697331200,국내증권사,B,SF205,각주항목(09.06월 이후)
1443,201912,0010120,DB금융투자주식회사,D1,대차 및 대주거래_대여증권,5660113800,국내증권사,B,SF205,각주항목(09.06월 이후)
1444,201912,0010120,DB금융투자주식회사,D2,대차 및 대주거래_차입증권,1375037217400,국내증권사,B,SF205,각주항목(09.06월 이후)
1445,201912,0010120,DB금융투자주식회사,D3,대차 및 대주거래_신용거래대주,0,국내증권사,B,SF205,각주항목(09.06월 이후)
1446,201912,0010120,DB금융투자주식회사,E,대손상각채권,0,국내증권사,B,SF205,각주항목(09.06월 이후)
1447,201912,0010120,DB금융투자주식회사,F,환전업무 예치금,0,국내증권사,B,SF205,각주항목(09.06월 이후)
1448,201912,0010120,DB금융투자주식회사,G,미배당별도예치금,1141693030,국내증권사,B,SF205,각주항목(09.06월 이후)
1449,201912,0010120,DB금융투자주식회사,H,배서어음매출(종금계정),0,국내증권사,B,SF205,각주항목(09.06월 이후)
1450,201912,0010120,DB금융투자주식회사,H1,대출채권매매이익_담보부,0,국내증권사,B,SF205,각주항목(09.06월 이후)
1451,201912,0010120,DB금융투자주식회사,H2,대출채권매매이익_무담보부,0,국내증권사,B,SF205,각주항목(09.06월 이후)
1452,202003,0010120,DB금융투자주식회사,A,채무보증,345714906446,국내증권사,B,SF205,각주항목(09.06월 이후)
1453,202003,0010120,DB금융투자주식회사,A1,채무보증_지급보증,6441773333,국내증권사,B,SF205,각주항목(09.06월 이후)
1454,202003,0010120,DB금융투자주식회사,A2,채무보증_매입보장약정,0,국내증권사,B,SF205,각주항목(09.06월 이후)
1455,202003,0010120,DB금융투자주식회사,A3,채무보증_채무인수약정,0,국내증권사,B,SF205,각주항목(09.06월 이후)
1456,202003,0010120,DB금융투자주식회사,A5,채무보증_매입확약,339273133113,국내증권사,B,SF205,각주항목(09.06월 이후)
1457,202003,0010120,DB금융투자주식회사,A6,채무보증_기타,0,국내증권사,B,SF205,각주항목(09.06월 이후)
1458,202003,0010120,DB금융투자주식회사,B,투자자의 예수증권 등,20878640583199,국내증권사,B,SF205,각주항목(09.06월 이후)
1459,202003,0010120,DB금융투자주식회사,B1,투자자의 예수증권 등_예수 증권,20878640583199,국내증권사,B,SF205,각주항목(09.06월 이후)
1460,202003,0010120,DB금융투자주식회사,B2,투자자의 예수증권 등_예수양도성예금증서,0,국내증권사,B,SF205,각주항목(09.06월 이후)
1461,202003,0010120,DB금융투자주식회사,B3,투자자의 예수증권 등_기타,0,국내증권사,B,SF205,각주항목(09.06월 이후)
1462,202003,0010120,DB금융투자주식회사,C,파생상품계약,8793664845109,국내증권사,B,SF205,각주항목(09.06월 이후)
1463,202003,0010120,DB금융투자주식회사,C1,파생상품계약_장내파생상품,2100412556370,국내증권사,B,SF205,각주항목(09.06월 이후)
1464,202003,0010120,DB금융투자주식회사,C11,파생상품계약_장내파생상품_이자율관련거래,899019006637,국내증권사,B,SF205,각주항목(09.06월 이후)
1465,202003,0010120,DB금융투자주식회사,C12,파생상품계약_장내파생상품_통화관련거래,137142214727,국내증권사,B,SF205,각주항목(09.06월 이후)
1466,202003,0010120,DB금융투자주식회사,C13,파생상품계약_장내파생상품_주식관련거래,1063661256190,국내증권사,B,SF205,각주항목(09.06월 이후)
1467,202003,0010120,DB금융투자주식회사,C14,파생상품계약_장내파생상품_일반상품관련거래,590078816,국내증권사,B,SF205,각주항목(09.06월 이후)
1468,202003,0010120,DB금융투자주식회사,C15,파생상품계약_장내파생상품_기타,0,국내증권사,B,SF205,각주항목(09.06월 이후)
1469,202003,0010120,DB금융투자주식회사,C2,파생상품계약_장외파생상품,6693252288739,국내증권사,B,SF205,각주항목(09.06월 이후)
1470,202003,0010120,DB금융투자주식회사,C21,파생상품계약_장외파생상품_이자율관련거래,3682200000000,국내증권사,B,SF205,각주항목(09.06월 이후)
1471,202003,0010120,DB금융투자주식회사,C22,파생상품계약_장외파생상품_통화관련거래,519149690870,국내증권사,B,SF205,각주항목(09.06월 이후)
1472,202003,0010120,DB금융투자주식회사,C23,파생상품계약_장외파생상품_주식관련거래,258088377622,국내증권사,B,SF205,각주항목(09.06월 이후)
1473,202003,0010120,DB금융투자주식회사,C24,파생상품계약_장외파생상품_신용관련거래,1971016400000,국내증권사,B,SF205,각주항목(09.06월 이후)
1474,202003,0010120,DB금융투자주식회사,C25,파생상품계약_장외파생상품_기타,262797820247,국내증권사,B,SF205,각주항목(09.06월 이후)
1475,202003,0010120,DB금융투자주식회사,D,대차 및 대주거래,1318422538800,국내증권사,B,SF205,각주항목(09.06월 이후)
1476,202003,0010120,DB금융투자주식회사,D1,대차 및 대주거래_대여증권,3582074750,국내증권사,B,SF205,각주항목(09.06월 이후)
1477,202003,0010120,DB금융투자주식회사,D2,대차 및 대주거래_차입증권,1314840464050,국내증권사,B,SF205,각주항목(09.06월 이후)
1478,202003,0010120,DB금융투자주식회사,D3,대차 및 대주거래_신용거래대주,0,국내증권사,B,SF205,각주항목(09.06월 이후)
1479,202003,0010120,DB금융투자주식회사,E,대손상각채권,0,국내증권사,B,SF205,각주항목(09.06월 이후)
1480,202003,0010120,DB금융투자주식회사,F,환전업무 예치금,0,국내증권사,B,SF205,각주항목(09.06월 이후)
1481,202003,0010120,DB금융투자주식회사,G,미배당별도예치금,644629638,국내증권사,B,SF205,각주항목(09.06월 이후)
1482,202003,0010120,DB금융투자주식회사,H,배서어음매출(종금계정),0,국내증권사,B,SF205,각주항목(09.06월 이후)
1483,202003,0010120,DB금융투자주식회사,H1,대출채권매매이익_담보부,0,국내증권사,B,SF205,각주항목(09.06월 이후)
1484,202003,0010120,DB금융투자주식회사,H2,대출채권매매이익_무담보부,0,국내증권사,B,SF205,각주항목(09.06월 이후)
1485,202006,0010120,DB금융투자주식회사,A,채무보증,439907202637,국내증권사,B,SF205,각주항목(09.06월 이후)
1486,202006,0010120,DB금융투자주식회사,A1,채무보증_지급보증,6887156639,국내증권사,B,SF205,각주항목(09.06월 이후)
1487,202006,0010120,DB금융투자주식회사,A2,채무보증_매입보장약정,0,국내증권사,B,SF205,각주항목(09.06월 이후)
1488,202006,0010120,DB금융투자주식회사,A3,채무보증_채무인수약정,0,국내증권사,B,SF205,각주항목(09.06월 이후)
1489,202006,0010120,DB금융투자주식회사,A5,채무보증_매입확약,391000000000,국내증권사,B,SF205,각주항목(09.06월 이후)
1490,202006,0010120,DB금융투자주식회사,A6,채무보증_기타,42020045998,국내증권사,B,SF205,각주항목(09.06월 이후)
1491,202006,0010120,DB금융투자주식회사,B,투자자의 예수증권 등,24576831809799,국내증권사,B,SF205,각주항목(09.06월 이후)
1492,202006,0010120,DB금융투자주식회사,B1,투자자의 예수증권 등_예수 증권,24576831809799,국내증권사,B,SF205,각주항목(09.06월 이후)
1493,202006,0010120,DB금융투자주식회사,B2,투자자의 예수증권 등_예수양도성예금증서,0,국내증권사,B,SF205,각주항목(09.06월 이후)
1494,202006,0010120,DB금융투자주식회사,B3,투자자의 예수증권 등_기타,0,국내증권사,B,SF205,각주항목(09.06월 이후)
1495,202006,0010120,DB금융투자주식회사,C,파생상품계약,8993001379030,국내증권사,B,SF205,각주항목(09.06월 이후)
1496,202006,0010120,DB금융투자주식회사,C1,파생상품계약_장내파생상품,2260514837081,국내증권사,B,SF205,각주항목(09.06월 이후)
1497,202006,0010120,DB금융투자주식회사,C11,파생상품계약_장내파생상품_이자율관련거래,932359360306,국내증권사,B,SF205,각주항목(09.06월 이후)
1498,202006,0010120,DB금융투자주식회사,C12,파생상품계약_장내파생상품_통화관련거래,141217461692,국내증권사,B,SF205,각주항목(09.06월 이후)
1499,202006,0010120,DB금융투자주식회사,C13,파생상품계약_장내파생상품_주식관련거래,1186938015083,국내증권사,B,SF205,각주항목(09.06월 이후)
1500,202006,0010120,DB금융투자주식회사,C14,파생상품계약_장내파생상품_일반상품관련거래,0,국내증권사,B,SF205,각주항목(09.06월 이후)
1501,202006,0010120,DB금융투자주식회사,C15,파생상품계약_장내파생상품_기타,0,국내증권사,B,SF205,각주항목(09.06월 이후)
1502,202006,0010120,DB금융투자주식회사,C2,파생상품계약_장외파생상품,6732486541949,국내증권사,B,SF205,각주항목(09.06월 이후)
1503,202006,0010120,DB금융투자주식회사,C21,파생상품계약_장외파생상품_이자율관련거래,3442200000000,국내증권사,B,SF205,각주항목(09.06월 이후)
1504,202006,0010120,DB금융투자주식회사,C22,파생상품계약_장외파생상품_통화관련거래,868259508274,국내증권사,B,SF205,각주항목(09.06월 이후)
1505,202006,0010120,DB금융투자주식회사,C23,파생상품계약_장외파생상품_주식관련거래,270260506872,국내증권사,B,SF205,각주항목(09.06월 이후)
1506,202006,0010120,DB금융투자주식회사,C24,파생상품계약_장외파생상품_신용관련거래,1937859800000,국내증권사,B,SF205,각주항목(09.06월 이후)
1507,202006,0010120,DB금융투자주식회사,C25,파생상품계약_장외파생상품_기타,213906726803,국내증권사,B,SF205,각주항목(09.06월 이후)
1508,202006,0010120,DB금융투자주식회사,D,대차 및 대주거래,1334526562670,국내증권사,B,SF205,각주항목(09.06월 이후)
1509,202006,0010120,DB금융투자주식회사,D1,대차 및 대주거래_대여증권,278354800,국내증권사,B,SF205,각주항목(09.06월 이후)
1510,202006,0010120,DB금융투자주식회사,D2,대차 및 대주거래_차입증권,1334248207870,국내증권사,B,SF205,각주항목(09.06월 이후)
1511,202006,0010120,DB금융투자주식회사,D3,대차 및 대주거래_신용거래대주,0,국내증권사,B,SF205,각주항목(09.06월 이후)
1512,202006,0010120,DB금융투자주식회사,E,대손상각채권,0,국내증권사,B,SF205,각주항목(09.06월 이후)
1513,202006,0010120,DB금융투자주식회사,F,환전업무 예치금,0,국내증권사,B,SF205,각주항목(09.06월 이후)
1514,202006,0010120,DB금융투자주식회사,G,미배당별도예치금,1115282561,국내증권사,B,SF205,각주항목(09.06월 이후)
1515,202006,0010120,DB금융투자주식회사,H,배서어음매출(종금계정),0,국내증권사,B,SF205,각주항목(09.06월 이후)
1516,202006,0010120,DB금융투자주식회사,H1,대출채권매매이익_담보부,0,국내증권사,B,SF205,각주항목(09.06월 이후)
1517,202006,0010120,DB금융투자주식회사,H2,대출채권매매이익_무담보부,0,국내증권사,B,SF205,각주항목(09.06월 이후)
1518,202009,0010120,DB금융투자주식회사,A,채무보증,283798693170,국내증권사,B,SF205,각주항목(09.06월 이후)
1519,202009,0010120,DB금융투자주식회사,A1,채무보증_지급보증,5698693170,국내증권사,B,SF205,각주항목(09.06월 이후)
1520,202009,0010120,DB금융투자주식회사,A2,채무보증_매입보장약정,0,국내증권사,B,SF205,각주항목(09.06월 이후)
1521,202009,0010120,DB금융투자주식회사,A3,채무보증_채무인수약정,0,국내증권사,B,SF205,각주항목(09.06월 이후)
1522,202009,0010120,DB금융투자주식회사,A5,채무보증_매입확약,278100000000,국내증권사,B,SF205,각주항목(09.06월 이후)
1523,202009,0010120,DB금융투자주식회사,A6,채무보증_기타,0,국내증권사,B,SF205,각주항목(09.06월 이후)
1524,202009,0010120,DB금융투자주식회사,B,투자자의 예수증권 등,25534255623443,국내증권사,B,SF205,각주항목(09.06월 이후)
1525,202009,0010120,DB금융투자주식회사,B1,투자자의 예수증권 등_예수 증권,25534255623443,국내증권사,B,SF205,각주항목(09.06월 이후)
1526,202009,0010120,DB금융투자주식회사,B2,투자자의 예수증권 등_예수양도성예금증서,0,국내증권사,B,SF205,각주항목(09.06월 이후)
1527,202009,0010120,DB금융투자주식회사,B3,투자자의 예수증권 등_기타,0,국내증권사,B,SF205,각주항목(09.06월 이후)
1528,202009,0010120,DB금융투자주식회사,C,파생상품계약,8498182350554,국내증권사,B,SF205,각주항목(09.06월 이후)
1529,202009,0010120,DB금융투자주식회사,C1,파생상품계약_장내파생상품,1612763577311,국내증권사,B,SF205,각주항목(09.06월 이후)
1530,202009,0010120,DB금융투자주식회사,C11,파생상품계약_장내파생상품_이자율관련거래,837809059272,국내증권사,B,SF205,각주항목(09.06월 이후)
1531,202009,0010120,DB금융투자주식회사,C12,파생상품계약_장내파생상품_통화관련거래,79252832220,국내증권사,B,SF205,각주항목(09.06월 이후)
1532,202009,0010120,DB금융투자주식회사,C13,파생상품계약_장내파생상품_주식관련거래,695701685819,국내증권사,B,SF205,각주항목(09.06월 이후)
1533,202009,0010120,DB금융투자주식회사,C14,파생상품계약_장내파생상품_일반상품관련거래,0,국내증권사,B,SF205,각주항목(09.06월 이후)
1534,202009,0010120,DB금융투자주식회사,C15,파생상품계약_장내파생상품_기타,0,국내증권사,B,SF205,각주항목(09.06월 이후)
1535,202009,0010120,DB금융투자주식회사,C2,파생상품계약_장외파생상품,6885418773243,국내증권사,B,SF205,각주항목(09.06월 이후)
1536,202009,0010120,DB금융투자주식회사,C21,파생상품계약_장외파생상품_이자율관련거래,3565200000000,국내증권사,B,SF205,각주항목(09.06월 이후)
1537,202009,0010120,DB금융투자주식회사,C22,파생상품계약_장외파생상품_통화관련거래,1013702291019,국내증권사,B,SF205,각주항목(09.06월 이후)
1538,202009,0010120,DB금융투자주식회사,C23,파생상품계약_장외파생상품_주식관련거래,218121610757,국내증권사,B,SF205,각주항목(09.06월 이후)
1539,202009,0010120,DB금융투자주식회사,C24,파생상품계약_장외파생상품_신용관련거래,1896679000000,국내증권사,B,SF205,각주항목(09.06월 이후)
1540,202009,0010120,DB금융투자주식회사,C25,파생상품계약_장외파생상품_기타,191715871467,국내증권사,B,SF205,각주항목(09.06월 이후)
1541,202009,0010120,DB금융투자주식회사,D,대차 및 대주거래,1085566166530,국내증권사,B,SF205,각주항목(09.06월 이후)
1542,202009,0010120,DB금융투자주식회사,D1,대차 및 대주거래_대여증권,114188650,국내증권사,B,SF205,각주항목(09.06월 이후)
1543,202009,0010120,DB금융투자주식회사,D2,대차 및 대주거래_차입증권,1085451977880,국내증권사,B,SF205,각주항목(09.06월 이후)
1544,202009,0010120,DB금융투자주식회사,D3,대차 및 대주거래_신용거래대주,0,국내증권사,B,SF205,각주항목(09.06월 이후)
1545,202009,0010120,DB금융투자주식회사,E,대손상각채권,0,국내증권사,B,SF205,각주항목(09.06월 이후)
1546,202009,0010120,DB금융투자주식회사,F,환전업무 예치금,0,국내증권사,B,SF205,각주항목(09.06월 이후)
1547,202009,0010120,DB금융투자주식회사,G,미배당별도예치금,1702656118,국내증권사,B,SF205,각주항목(09.06월 이후)
1548,202009,0010120,DB금융투자주식회사,H,배서어음매출(종금계정),0,국내증권사,B,SF205,각주항목(09.06월 이후)
1549,202009,0010120,DB금융투자주식회사,H1,대출채권매매이익_담보부,0,국내증권사,B,SF205,각주항목(09.06월 이후)
1550,202009,0010120,DB금융투자주식회사,H2,대출채권매매이익_무담보부,0,국내증권사,B,SF205,각주항목(09.06월 이후)
1551,202012,0010120,DB금융투자주식회사,A,채무보증,346743733333,국내증권사,B,SF205,각주항목(09.06월 이후)
1552,202012,0010120,DB금융투자주식회사,A1,채무보증_지급보증,4467733333,국내증권사,B,SF205,각주항목(09.06월 이후)
1553,202012,0010120,DB금융투자주식회사,A2,채무보증_매입보장약정,0,국내증권사,B,SF205,각주항목(09.06월 이후)
1554,202012,0010120,DB금융투자주식회사,A3,채무보증_채무인수약정,0,국내증권사,B,SF205,각주항목(09.06월 이후)
1555,202012,0010120,DB금융투자주식회사,A5,채무보증_매입확약,340100000000,국내증권사,B,SF205,각주항목(09.06월 이후)
1556,202012,0010120,DB금융투자주식회사,A6,채무보증_기타,2176000000,국내증권사,B,SF205,각주항목(09.06월 이후)
1557,202012,0010120,DB금융투자주식회사,B,투자자의 예수증권 등,27751662243829,국내증권사,B,SF205,각주항목(09.06월 이후)
1558,202012,0010120,DB금융투자주식회사,B1,투자자의 예수증권 등_예수 증권,27751662243829,국내증권사,B,SF205,각주항목(09.06월 이후)
1559,202012,0010120,DB금융투자주식회사,B2,투자자의 예수증권 등_예수양도성예금증서,0,국내증권사,B,SF205,각주항목(09.06월 이후)
1560,202012,0010120,DB금융투자주식회사,B3,투자자의 예수증권 등_기타,0,국내증권사,B,SF205,각주항목(09.06월 이후)
1561,202012,0010120,DB금융투자주식회사,C,파생상품계약,7599482209145,국내증권사,B,SF205,각주항목(09.06월 이후)
1562,202012,0010120,DB금융투자주식회사,C1,파생상품계약_장내파생상품,1513933861976,국내증권사,B,SF205,각주항목(09.06월 이후)
1563,202012,0010120,DB금융투자주식회사,C11,파생상품계약_장내파생상품_이자율관련거래,895048082628,국내증권사,B,SF205,각주항목(09.06월 이후)
1564,202012,0010120,DB금융투자주식회사,C12,파생상품계약_장내파생상품_통화관련거래,63312069105,국내증권사,B,SF205,각주항목(09.06월 이후)
1565,202012,0010120,DB금융투자주식회사,C13,파생상품계약_장내파생상품_주식관련거래,555573710243,국내증권사,B,SF205,각주항목(09.06월 이후)
1566,202012,0010120,DB금융투자주식회사,C14,파생상품계약_장내파생상품_일반상품관련거래,0,국내증권사,B,SF205,각주항목(09.06월 이후)
1567,202012,0010120,DB금융투자주식회사,C15,파생상품계약_장내파생상품_기타,0,국내증권사,B,SF205,각주항목(09.06월 이후)
1568,202012,0010120,DB금융투자주식회사,C2,파생상품계약_장외파생상품,6085548347169,국내증권사,B,SF205,각주항목(09.06월 이후)
1569,202012,0010120,DB금융투자주식회사,C21,파생상품계약_장외파생상품_이자율관련거래,3325200000000,국내증권사,B,SF205,각주항목(09.06월 이후)
1570,202012,0010120,DB금융투자주식회사,C22,파생상품계약_장외파생상품_통화관련거래,854045560772,국내증권사,B,SF205,각주항목(09.06월 이후)
1571,202012,0010120,DB금융투자주식회사,C23,파생상품계약_장외파생상품_주식관련거래,190042526557,국내증권사,B,SF205,각주항목(09.06월 이후)
1572,202012,0010120,DB금융투자주식회사,C24,파생상품계약_장외파생상품_신용관련거래,1531904000000,국내증권사,B,SF205,각주항목(09.06월 이후)
1573,202012,0010120,DB금융투자주식회사,C25,파생상품계약_장외파생상품_기타,184356259840,국내증권사,B,SF205,각주항목(09.06월 이후)
1574,202012,0010120,DB금융투자주식회사,D,대차 및 대주거래,1269126494217,국내증권사,B,SF205,각주항목(09.06월 이후)
1575,202012,0010120,DB금융투자주식회사,D1,대차 및 대주거래_대여증권,0,국내증권사,B,SF205,각주항목(09.06월 이후)
1576,202012,0010120,DB금융투자주식회사,D2,대차 및 대주거래_차입증권,1269126494217,국내증권사,B,SF205,각주항목(09.06월 이후)
1577,202012,0010120,DB금융투자주식회사,D3,대차 및 대주거래_신용거래대주,0,국내증권사,B,SF205,각주항목(09.06월 이후)
1578,202012,0010120,DB금융투자주식회사,E,대손상각채권,0,국내증권사,B,SF205,각주항목(09.06월 이후)
1579,202012,0010120,DB금융투자주식회사,F,환전업무 예치금,0,국내증권사,B,SF205,각주항목(09.06월 이후)
1580,202012,0010120,DB금융투자주식회사,G,미배당별도예치금,1867244072,국내증권사,B,SF205,각주항목(09.06월 이후)
1581,202012,0010120,DB금융투자주식회사,H,배서어음매출(종금계정),0,국내증권사,B,SF205,각주항목(09.06월 이후)
1582,202012,0010120,DB금융투자주식회사,H1,대출채권매매이익_담보부,0,국내증권사,B,SF205,각주항목(09.06월 이후)
1583,202012,0010120,DB금융투자주식회사,H2,대출채권매매이익_무담보부,0,국내증권사,B,SF205,각주항목(09.06월 이후)
1584,202103,0010120,DB금융투자주식회사,A,채무보증,327460053333,국내증권사,B,SF205,각주항목(09.06월 이후)
1585,202103,0010120,DB금융투자주식회사,A1,채무보증_지급보증,3393053333,국내증권사,B,SF205,각주항목(09.06월 이후)
1586,202103,0010120,DB금융투자주식회사,A2,채무보증_매입보장약정,0,국내증권사,B,SF205,각주항목(09.06월 이후)
1587,202103,0010120,DB금융투자주식회사,A3,채무보증_채무인수약정,0,국내증권사,B,SF205,각주항목(09.06월 이후)
1588,202103,0010120,DB금융투자주식회사,A5,채무보증_매입확약,321800000000,국내증권사,B,SF205,각주항목(09.06월 이후)
1589,202103,0010120,DB금융투자주식회사,A6,채무보증_기타,2267000000,국내증권사,B,SF205,각주항목(09.06월 이후)
1590,202103,0010120,DB금융투자주식회사,B,투자자의 예수증권 등,29012673644679,국내증권사,B,SF205,각주항목(09.06월 이후)
1591,202103,0010120,DB금융투자주식회사,B1,투자자의 예수증권 등_예수 증권,29012673644679,국내증권사,B,SF205,각주항목(09.06월 이후)
1592,202103,0010120,DB금융투자주식회사,B2,투자자의 예수증권 등_예수양도성예금증서,0,국내증권사,B,SF205,각주항목(09.06월 이후)
1593,202103,0010120,DB금융투자주식회사,B3,투자자의 예수증권 등_기타,0,국내증권사,B,SF205,각주항목(09.06월 이후)
1594,202103,0010120,DB금융투자주식회사,C,파생상품계약,7568749232966,국내증권사,B,SF205,각주항목(09.06월 이후)
1595,202103,0010120,DB금융투자주식회사,C1,파생상품계약_장내파생상품,1411050637048,국내증권사,B,SF205,각주항목(09.06월 이후)
1596,202103,0010120,DB금융투자주식회사,C11,파생상품계약_장내파생상품_이자율관련거래,913740856490,국내증권사,B,SF205,각주항목(09.06월 이후)
1597,202103,0010120,DB금융투자주식회사,C12,파생상품계약_장내파생상품_통화관련거래,24725510000,국내증권사,B,SF205,각주항목(09.06월 이후)
1598,202103,0010120,DB금융투자주식회사,C13,파생상품계약_장내파생상품_주식관련거래,472584270558,국내증권사,B,SF205,각주항목(09.06월 이후)
1599,202103,0010120,DB금융투자주식회사,C14,파생상품계약_장내파생상품_일반상품관련거래,0,국내증권사,B,SF205,각주항목(09.06월 이후)
1600,202103,0010120,DB금융투자주식회사,C15,파생상품계약_장내파생상품_기타,0,국내증권사,B,SF205,각주항목(09.06월 이후)
1601,202103,0010120,DB금융투자주식회사,C2,파생상품계약_장외파생상품,6157698595918,국내증권사,B,SF205,각주항목(09.06월 이후)
1602,202103,0010120,DB금융투자주식회사,C21,파생상품계약_장외파생상품_이자율관련거래,3615200000000,국내증권사,B,SF205,각주항목(09.06월 이후)
1603,202103,0010120,DB금융투자주식회사,C22,파생상품계약_장외파생상품_통화관련거래,919712559899,국내증권사,B,SF205,각주항목(09.06월 이후)
1604,202103,0010120,DB금융투자주식회사,C23,파생상품계약_장외파생상품_주식관련거래,140274898222,국내증권사,B,SF205,각주항목(09.06월 이후)
1605,202103,0010120,DB금융투자주식회사,C24,파생상품계약_장외파생상품_신용관련거래,1305792000000,국내증권사,B,SF205,각주항목(09.06월 이후)
1606,202103,0010120,DB금융투자주식회사,C25,파생상품계약_장외파생상품_기타,176719137797,국내증권사,B,SF205,각주항목(09.06월 이후)
1607,202103,0010120,DB금융투자주식회사,D,대차 및 대주거래,919306696460,국내증권사,B,SF205,각주항목(09.06월 이후)
1608,202103,0010120,DB금융투자주식회사,D1,대차 및 대주거래_대여증권,0,국내증권사,B,SF205,각주항목(09.06월 이후)
1609,202103,0010120,DB금융투자주식회사,D2,대차 및 대주거래_차입증권,919306696460,국내증권사,B,SF205,각주항목(09.06월 이후)
1610,202103,0010120,DB금융투자주식회사,D3,대차 및 대주거래_신용거래대주,0,국내증권사,B,SF205,각주항목(09.06월 이후)
1611,202103,0010120,DB금융투자주식회사,E,대손상각채권,0,국내증권사,B,SF205,각주항목(09.06월 이후)
1612,202103,0010120,DB금융투자주식회사,F,환전업무 예치금,0,국내증권사,B,SF205,각주항목(09.06월 이후)
1613,202103,0010120,DB금융투자주식회사,G,미배당별도예치금,635993764,국내증권사,B,SF205,각주항목(09.06월 이후)
1614,202103,0010120,DB금융투자주식회사,H,배서어음매출(종금계정),0,국내증권사,B,SF205,각주항목(09.06월 이후)
1615,202103,0010120,DB금융투자주식회사,H1,대출채권매매이익_담보부,0,국내증권사,B,SF205,각주항목(09.06월 이후)
1616,202103,0010120,DB금융투자주식회사,H2,대출채권매매이익_무담보부,0,국내증권사,B,SF205,각주항목(09.06월 이후)
1617,202106,0010120,DB금융투자주식회사,A,채무보증,358468873333,국내증권사,B,SF205,각주항목(09.06월 이후)
1618,202106,0010120,DB금융투자주식회사,A1,채무보증_지급보증,2318373333,국내증권사,B,SF205,각주항목(09.06월 이후)
1619,202106,0010120,DB금융투자주식회사,A2,채무보증_매입보장약정,0,국내증권사,B,SF205,각주항목(09.06월 이후)
1620,202106,0010120,DB금융투자주식회사,A3,채무보증_채무인수약정,0,국내증권사,B,SF205,각주항목(09.06월 이후)
1621,202106,0010120,DB금융투자주식회사,A5,채무보증_매입확약,353890500000,국내증권사,B,SF205,각주항목(09.06월 이후)
1622,202106,0010120,DB금융투자주식회사,A6,채무보증_기타,2260000000,국내증권사,B,SF205,각주항목(09.06월 이후)
1623,202106,0010120,DB금융투자주식회사,B,투자자의 예수증권 등,30484169211156,국내증권사,B,SF205,각주항목(09.06월 이후)
1624,202106,0010120,DB금융투자주식회사,B1,투자자의 예수증권 등_예수 증권,30484169211156,국내증권사,B,SF205,각주항목(09.06월 이후)
1625,202106,0010120,DB금융투자주식회사,B2,투자자의 예수증권 등_예수양도성예금증서,0,국내증권사,B,SF205,각주항목(09.06월 이후)
1626,202106,0010120,DB금융투자주식회사,B3,투자자의 예수증권 등_기타,0,국내증권사,B,SF205,각주항목(09.06월 이후)
1627,202106,0010120,DB금융투자주식회사,C,파생상품계약,6457467194619,국내증권사,B,SF205,각주항목(09.06월 이후)
1628,202106,0010120,DB금융투자주식회사,C1,파생상품계약_장내파생상품,1396117962347,국내증권사,B,SF205,각주항목(09.06월 이후)
1629,202106,0010120,DB금융투자주식회사,C11,파생상품계약_장내파생상품_이자율관련거래,633318314800,국내증권사,B,SF205,각주항목(09.06월 이후)
1630,202106,0010120,DB금융투자주식회사,C12,파생상품계약_장내파생상품_통화관련거래,31593826000,국내증권사,B,SF205,각주항목(09.06월 이후)
1631,202106,0010120,DB금융투자주식회사,C13,파생상품계약_장내파생상품_주식관련거래,731205821547,국내증권사,B,SF205,각주항목(09.06월 이후)
1632,202106,0010120,DB금융투자주식회사,C14,파생상품계약_장내파생상품_일반상품관련거래,0,국내증권사,B,SF205,각주항목(09.06월 이후)
1633,202106,0010120,DB금융투자주식회사,C15,파생상품계약_장내파생상품_기타,0,국내증권사,B,SF205,각주항목(09.06월 이후)
1634,202106,0010120,DB금융투자주식회사,C2,파생상품계약_장외파생상품,5061349232272,국내증권사,B,SF205,각주항목(09.06월 이후)
1635,202106,0010120,DB금융투자주식회사,C21,파생상품계약_장외파생상품_이자율관련거래,3547200000000,국내증권사,B,SF205,각주항목(09.06월 이후)
1636,202106,0010120,DB금융투자주식회사,C22,파생상품계약_장외파생상품_통화관련거래,346321233778,국내증권사,B,SF205,각주항목(09.06월 이후)
1637,202106,0010120,DB금융투자주식회사,C23,파생상품계약_장외파생상품_주식관련거래,120583307929,국내증권사,B,SF205,각주항목(09.06월 이후)
1638,202106,0010120,DB금융투자주식회사,C24,파생상품계약_장외파생상품_신용관련거래,919820000000,국내증권사,B,SF205,각주항목(09.06월 이후)
1639,202106,0010120,DB금융투자주식회사,C25,파생상품계약_장외파생상품_기타,127424690565,국내증권사,B,SF205,각주항목(09.06월 이후)
1640,202106,0010120,DB금융투자주식회사,D,대차 및 대주거래,952679688945,국내증권사,B,SF205,각주항목(09.06월 이후)
1641,202106,0010120,DB금융투자주식회사,D1,대차 및 대주거래_대여증권,0,국내증권사,B,SF205,각주항목(09.06월 이후)
1642,202106,0010120,DB금융투자주식회사,D2,대차 및 대주거래_차입증권,952679688945,국내증권사,B,SF205,각주항목(09.06월 이후)
1643,202106,0010120,DB금융투자주식회사,D3,대차 및 대주거래_신용거래대주,0,국내증권사,B,SF205,각주항목(09.06월 이후)
1644,202106,0010120,DB금융투자주식회사,E,대손상각채권,0,국내증권사,B,SF205,각주항목(09.06월 이후)
1645,202106,0010120,DB금융투자주식회사,F,환전업무 예치금,0,국내증권사,B,SF205,각주항목(09.06월 이후)
1646,202106,0010120,DB금융투자주식회사,G,미배당별도예치금,932923442,국내증권사,B,SF205,각주항목(09.06월 이후)
1647,202106,0010120,DB금융투자주식회사,H,배서어음매출(종금계정),0,국내증권사,B,SF205,각주항목(09.06월 이후)
1648,202106,0010120,DB금융투자주식회사,H1,대출채권매매이익_담보부,0,국내증권사,B,SF205,각주항목(09.06월 이후)
1649,202106,0010120,DB금융투자주식회사,H2,대출채권매매이익_무담보부,0,국내증권사,B,SF205,각주항목(09.06월 이후)
1650,202109,0010120,DB금융투자주식회사,A,채무보증,416505160000,국내증권사,B,SF205,각주항목(09.06월 이후)
1651,202109,0010120,DB금융투자주식회사,A1,채무보증_지급보증,1335360000,국내증권사,B,SF205,각주항목(09.06월 이후)
1652,202109,0010120,DB금융투자주식회사,A2,채무보증_매입보장약정,0,국내증권사,B,SF205,각주항목(09.06월 이후)
1653,202109,0010120,DB금융투자주식회사,A3,채무보증_채무인수약정,0,국내증권사,B,SF205,각주항목(09.06월 이후)
1654,202109,0010120,DB금융투자주식회사,A5,채무보증_매입확약,412800000000,국내증권사,B,SF205,각주항목(09.06월 이후)
1655,202109,0010120,DB금융투자주식회사,A6,채무보증_기타,2369800000,국내증권사,B,SF205,각주항목(09.06월 이후)
1656,202109,0010120,DB금융투자주식회사,B,투자자의 예수증권 등,30579200059692,국내증권사,B,SF205,각주항목(09.06월 이후)
1657,202109,0010120,DB금융투자주식회사,B1,투자자의 예수증권 등_예수 증권,30579200059692,국내증권사,B,SF205,각주항목(09.06월 이후)
1658,202109,0010120,DB금융투자주식회사,B2,투자자의 예수증권 등_예수양도성예금증서,0,국내증권사,B,SF205,각주항목(09.06월 이후)
1659,202109,0010120,DB금융투자주식회사,B3,투자자의 예수증권 등_기타,0,국내증권사,B,SF205,각주항목(09.06월 이후)
1660,202109,0010120,DB금융투자주식회사,C,파생상품계약,5408104897092,국내증권사,B,SF205,각주항목(09.06월 이후)
1661,202109,0010120,DB금융투자주식회사,C1,파생상품계약_장내파생상품,1111322773269,국내증권사,B,SF205,각주항목(09.06월 이후)
1662,202109,0010120,DB금융투자주식회사,C11,파생상품계약_장내파생상품_이자율관련거래,338316282551,국내증권사,B,SF205,각주항목(09.06월 이후)
1663,202109,0010120,DB금융투자주식회사,C12,파생상품계약_장내파생상품_통화관련거래,32397690000,국내증권사,B,SF205,각주항목(09.06월 이후)
1664,202109,0010120,DB금융투자주식회사,C13,파생상품계약_장내파생상품_주식관련거래,740608800718,국내증권사,B,SF205,각주항목(09.06월 이후)
1665,202109,0010120,DB금융투자주식회사,C14,파생상품계약_장내파생상품_일반상품관련거래,0,국내증권사,B,SF205,각주항목(09.06월 이후)
1666,202109,0010120,DB금융투자주식회사,C15,파생상품계약_장내파생상품_기타,0,국내증권사,B,SF205,각주항목(09.06월 이후)
1667,202109,0010120,DB금융투자주식회사,C2,파생상품계약_장외파생상품,4296782123823,국내증권사,B,SF205,각주항목(09.06월 이후)
1668,202109,0010120,DB금융투자주식회사,C21,파생상품계약_장외파생상품_이자율관련거래,2917500000000,국내증권사,B,SF205,각주항목(09.06월 이후)
1669,202109,0010120,DB금융투자주식회사,C22,파생상품계약_장외파생상품_통화관련거래,197264690998,국내증권사,B,SF205,각주항목(09.06월 이후)
1670,202109,0010120,DB금융투자주식회사,C23,파생상품계약_장외파생상품_주식관련거래,110358590869,국내증권사,B,SF205,각주항목(09.06월 이후)
1671,202109,0010120,DB금융투자주식회사,C24,파생상품계약_장외파생상품_신용관련거래,965930480000,국내증권사,B,SF205,각주항목(09.06월 이후)
1672,202109,0010120,DB금융투자주식회사,C25,파생상품계약_장외파생상품_기타,105728361956,국내증권사,B,SF205,각주항목(09.06월 이후)
1673,202109,0010120,DB금융투자주식회사,D,대차 및 대주거래,777529408502,국내증권사,B,SF205,각주항목(09.06월 이후)
1674,202109,0010120,DB금융투자주식회사,D1,대차 및 대주거래_대여증권,0,국내증권사,B,SF205,각주항목(09.06월 이후)
1675,202109,0010120,DB금융투자주식회사,D2,대차 및 대주거래_차입증권,777529408502,국내증권사,B,SF205,각주항목(09.06월 이후)
1676,202109,0010120,DB금융투자주식회사,D3,대차 및 대주거래_신용거래대주,0,국내증권사,B,SF205,각주항목(09.06월 이후)
1677,202109,0010120,DB금융투자주식회사,E,대손상각채권,0,국내증권사,B,SF205,각주항목(09.06월 이후)
1678,202109,0010120,DB금융투자주식회사,F,환전업무 예치금,0,국내증권사,B,SF205,각주항목(09.06월 이후)
1679,202109,0010120,DB금융투자주식회사,G,미배당별도예치금,1270686932,국내증권사,B,SF205,각주항목(09.06월 이후)
1680,202109,0010120,DB금융투자주식회사,H,배서어음매출(종금계정),0,국내증권사,B,SF205,각주항목(09.06월 이후)
1681,202109,0010120,DB금융투자주식회사,H1,대출채권매매이익_담보부,0,국내증권사,B,SF205,각주항목(09.06월 이후)
1682,202109,0010120,DB금융투자주식회사,H2,대출채권매매이익_무담보부,0,국내증권사,B,SF205,각주항목(09.06월 이후)
1683,202112,0010120,DB금융투자주식회사,A,채무보증,503830315625,국내증권사,B,SF205,각주항목(09.06월 이후)
1684,202112,0010120,DB금융투자주식회사,A1,채무보증_지급보증,535680000,국내증권사,B,SF205,각주항목(09.06월 이후)
1685,202112,0010120,DB금융투자주식회사,A2,채무보증_매입보장약정,0,국내증권사,B,SF205,각주항목(09.06월 이후)
1686,202112,0010120,DB금융투자주식회사,A3,채무보증_채무인수약정,0,국내증권사,B,SF205,각주항목(09.06월 이후)
1687,202112,0010120,DB금융투자주식회사,A5,채무보증_매입확약,501500000000,국내증권사,B,SF205,각주항목(09.06월 이후)
1688,202112,0010120,DB금융투자주식회사,A6,채무보증_기타,1794635625,국내증권사,B,SF205,각주항목(09.06월 이후)
1689,202112,0010120,DB금융투자주식회사,B,투자자의 예수증권 등,29403581231625,국내증권사,B,SF205,각주항목(09.06월 이후)
1690,202112,0010120,DB금융투자주식회사,B1,투자자의 예수증권 등_예수 증권,29403581231625,국내증권사,B,SF205,각주항목(09.06월 이후)
1691,202112,0010120,DB금융투자주식회사,B2,투자자의 예수증권 등_예수양도성예금증서,0,국내증권사,B,SF205,각주항목(09.06월 이후)
1692,202112,0010120,DB금융투자주식회사,B3,투자자의 예수증권 등_기타,0,국내증권사,B,SF205,각주항목(09.06월 이후)
1693,202112,0010120,DB금융투자주식회사,C,파생상품계약,5211564877037,국내증권사,B,SF205,각주항목(09.06월 이후)
1694,202112,0010120,DB금융투자주식회사,C1,파생상품계약_장내파생상품,1464447736276,국내증권사,B,SF205,각주항목(09.06월 이후)
1695,202112,0010120,DB금융투자주식회사,C11,파생상품계약_장내파생상품_이자율관련거래,468374331206,국내증권사,B,SF205,각주항목(09.06월 이후)
1696,202112,0010120,DB금융투자주식회사,C12,파생상품계약_장내파생상품_통화관련거래,21042996000,국내증권사,B,SF205,각주항목(09.06월 이후)
1697,202112,0010120,DB금융투자주식회사,C13,파생상품계약_장내파생상품_주식관련거래,975030409070,국내증권사,B,SF205,각주항목(09.06월 이후)
1698,202112,0010120,DB금융투자주식회사,C14,파생상품계약_장내파생상품_일반상품관련거래,0,국내증권사,B,SF205,각주항목(09.06월 이후)
1699,202112,0010120,DB금융투자주식회사,C15,파생상품계약_장내파생상품_기타,0,국내증권사,B,SF205,각주항목(09.06월 이후)
1700,202112,0010120,DB금융투자주식회사,C2,파생상품계약_장외파생상품,3747117140761,국내증권사,B,SF205,각주항목(09.06월 이후)
1701,202112,0010120,DB금융투자주식회사,C21,파생상품계약_장외파생상품_이자율관련거래,2847500000000,국내증권사,B,SF205,각주항목(09.06월 이후)
1702,202112,0010120,DB금융투자주식회사,C22,파생상품계약_장외파생상품_통화관련거래,45324787499,국내증권사,B,SF205,각주항목(09.06월 이후)
1703,202112,0010120,DB금융투자주식회사,C23,파생상품계약_장외파생상품_주식관련거래,93752274435,국내증권사,B,SF205,각주항목(09.06월 이후)
1704,202112,0010120,DB금융투자주식회사,C24,파생상품계약_장외파생상품_신용관련거래,666725200000,국내증권사,B,SF205,각주항목(09.06월 이후)
1705,202112,0010120,DB금융투자주식회사,C25,파생상품계약_장외파생상품_기타,93814878827,국내증권사,B,SF205,각주항목(09.06월 이후)
1706,202112,0010120,DB금융투자주식회사,D,대차 및 대주거래,998448625980,국내증권사,B,SF205,각주항목(09.06월 이후)
1707,202112,0010120,DB금융투자주식회사,D1,대차 및 대주거래_대여증권,205467000,국내증권사,B,SF205,각주항목(09.06월 이후)
1708,202112,0010120,DB금융투자주식회사,D2,대차 및 대주거래_차입증권,998243158980,국내증권사,B,SF205,각주항목(09.06월 이후)
1709,202112,0010120,DB금융투자주식회사,D3,대차 및 대주거래_신용거래대주,0,국내증권사,B,SF205,각주항목(09.06월 이후)
1710,202112,0010120,DB금융투자주식회사,E,대손상각채권,0,국내증권사,B,SF205,각주항목(09.06월 이후)
1711,202112,0010120,DB금융투자주식회사,F,환전업무 예치금,0,국내증권사,B,SF205,각주항목(09.06월 이후)
1712,202112,0010120,DB금융투자주식회사,G,미배당별도예치금,1411750596,국내증권사,B,SF205,각주항목(09.06월 이후)
1713,202112,0010120,DB금융투자주식회사,H,배서어음매출(종금계정),0,국내증권사,B,SF205,각주항목(09.06월 이후)
1714,202112,0010120,DB금융투자주식회사,H1,대출채권매매이익_담보부,0,국내증권사,B,SF205,각주항목(09.06월 이후)
1715,202112,0010120,DB금융투자주식회사,H2,대출채권매매이익_무담보부,0,국내증권사,B,SF205,각주항목(09.06월 이후)
1716,202203,0010120,DB금융투자주식회사,A,채무보증,494962992027,국내증권사,B,SF205,각주항목(09.06월 이후)
1717,202203,0010120,DB금융투자주식회사,A1,채무보증_지급보증,0,국내증권사,B,SF205,각주항목(09.06월 이후)
1718,202203,0010120,DB금융투자주식회사,A2,채무보증_매입보장약정,0,국내증권사,B,SF205,각주항목(09.06월 이후)
1719,202203,0010120,DB금융투자주식회사,A3,채무보증_채무인수약정,0,국내증권사,B,SF205,각주항목(09.06월 이후)
1720,202203,0010120,DB금융투자주식회사,A5,채무보증_매입확약,493300000000,국내증권사,B,SF205,각주항목(09.06월 이후)
1721,202203,0010120,DB금융투자주식회사,A6,채무보증_기타,1662992027,국내증권사,B,SF205,각주항목(09.06월 이후)
1722,202203,0010120,DB금융투자주식회사,B,투자자의 예수증권 등,30421109217647,국내증권사,B,SF205,각주항목(09.06월 이후)
1723,202203,0010120,DB금융투자주식회사,B1,투자자의 예수증권 등_예수 증권,30421109217647,국내증권사,B,SF205,각주항목(09.06월 이후)
1724,202203,0010120,DB금융투자주식회사,B2,투자자의 예수증권 등_예수양도성예금증서,0,국내증권사,B,SF205,각주항목(09.06월 이후)
1725,202203,0010120,DB금융투자주식회사,B3,투자자의 예수증권 등_기타,0,국내증권사,B,SF205,각주항목(09.06월 이후)
1726,202203,0010120,DB금융투자주식회사,C,파생상품계약,5915595707804,국내증권사,B,SF205,각주항목(09.06월 이후)
1727,202203,0010120,DB금융투자주식회사,C1,파생상품계약_장내파생상품,1312712255427,국내증권사,B,SF205,각주항목(09.06월 이후)
1728,202203,0010120,DB금융투자주식회사,C11,파생상품계약_장내파생상품_이자율관련거래,646747198074,국내증권사,B,SF205,각주항목(09.06월 이후)
1729,202203,0010120,DB금융투자주식회사,C12,파생상품계약_장내파생상품_통화관련거래,21531464000,국내증권사,B,SF205,각주항목(09.06월 이후)
1730,202203,0010120,DB금융투자주식회사,C13,파생상품계약_장내파생상품_주식관련거래,643924979693,국내증권사,B,SF205,각주항목(09.06월 이후)
1731,202203,0010120,DB금융투자주식회사,C14,파생상품계약_장내파생상품_일반상품관련거래,508613660,국내증권사,B,SF205,각주항목(09.06월 이후)
1732,202203,0010120,DB금융투자주식회사,C15,파생상품계약_장내파생상품_기타,0,국내증권사,B,SF205,각주항목(09.06월 이후)
1733,202203,0010120,DB금융투자주식회사,C2,파생상품계약_장외파생상품,4602883452377,국내증권사,B,SF205,각주항목(09.06월 이후)
1734,202203,0010120,DB금융투자주식회사,C21,파생상품계약_장외파생상품_이자율관련거래,2737600000000,국내증권사,B,SF205,각주항목(09.06월 이후)
1735,202203,0010120,DB금융투자주식회사,C22,파생상품계약_장외파생상품_통화관련거래,1013091400000,국내증권사,B,SF205,각주항목(09.06월 이후)
1736,202203,0010120,DB금융투자주식회사,C23,파생상품계약_장외파생상품_주식관련거래,78805474435,국내증권사,B,SF205,각주항목(09.06월 이후)
1737,202203,0010120,DB금융투자주식회사,C24,파생상품계약_장외파생상품_신용관련거래,680953920000,국내증권사,B,SF205,각주항목(09.06월 이후)
1738,202203,0010120,DB금융투자주식회사,C25,파생상품계약_장외파생상품_기타,92432657942,국내증권사,B,SF205,각주항목(09.06월 이후)
1739,202203,0010120,DB금융투자주식회사,D,대차 및 대주거래,839438625348,국내증권사,B,SF205,각주항목(09.06월 이후)
1740,202203,0010120,DB금융투자주식회사,D1,대차 및 대주거래_대여증권,125209360,국내증권사,B,SF205,각주항목(09.06월 이후)
1741,202203,0010120,DB금융투자주식회사,D2,대차 및 대주거래_차입증권,839313415988,국내증권사,B,SF205,각주항목(09.06월 이후)
1742,202203,0010120,DB금융투자주식회사,D3,대차 및 대주거래_신용거래대주,0,국내증권사,B,SF205,각주항목(09.06월 이후)
1743,202203,0010120,DB금융투자주식회사,E,대손상각채권,0,국내증권사,B,SF205,각주항목(09.06월 이후)
1744,202203,0010120,DB금융투자주식회사,F,환전업무 예치금,0,국내증권사,B,SF205,각주항목(09.06월 이후)
1745,202203,0010120,DB금융투자주식회사,G,미배당별도예치금,618563956,국내증권사,B,SF205,각주항목(09.06월 이후)
1746,202203,0010120,DB금융투자주식회사,H,배서어음매출(종금계정),0,국내증권사,B,SF205,각주항목(09.06월 이후)
1747,202203,0010120,DB금융투자주식회사,H1,대출채권매매이익_담보부,0,국내증권사,B,SF205,각주항목(09.06월 이후)
1748,202203,0010120,DB금융투자주식회사,H2,대출채권매매이익_무담보부,0,국내증권사,B,SF205,각주항목(09.06월 이후)
1749,202206,0010120,DB금융투자주식회사,A,채무보증,606714398341,국내증권사,B,SF205,각주항목(09.06월 이후)
1750,202206,0010120,DB금융투자주식회사,A1,채무보증_지급보증,0,국내증권사,B,SF205,각주항목(09.06월 이후)
1751,202206,0010120,DB금융투자주식회사,A2,채무보증_매입보장약정,0,국내증권사,B,SF205,각주항목(09.06월 이후)
1752,202206,0010120,DB금융투자주식회사,A3,채무보증_채무인수약정,0,국내증권사,B,SF205,각주항목(09.06월 이후)
1753,202206,0010120,DB금융투자주식회사,A5,채무보증_매입확약,605400000000,국내증권사,B,SF205,각주항목(09.06월 이후)
1754,202206,0010120,DB금융투자주식회사,A6,채무보증_기타,1314398341,국내증권사,B,SF205,각주항목(09.06월 이후)
1755,202206,0010120,DB금융투자주식회사,B,투자자의 예수증권 등,31509639663373,국내증권사,B,SF205,각주항목(09.06월 이후)
1756,202206,0010120,DB금융투자주식회사,B1,투자자의 예수증권 등_예수 증권,31509639663373,국내증권사,B,SF205,각주항목(09.06월 이후)
1757,202206,0010120,DB금융투자주식회사,B2,투자자의 예수증권 등_예수양도성예금증서,0,국내증권사,B,SF205,각주항목(09.06월 이후)
1758,202206,0010120,DB금융투자주식회사,B3,투자자의 예수증권 등_기타,0,국내증권사,B,SF205,각주항목(09.06월 이후)
1759,202206,0010120,DB금융투자주식회사,C,파생상품계약,5920041302101,국내증권사,B,SF205,각주항목(09.06월 이후)
1760,202206,0010120,DB금융투자주식회사,C1,파생상품계약_장내파생상품,1310019214348,국내증권사,B,SF205,각주항목(09.06월 이후)
1761,202206,0010120,DB금융투자주식회사,C11,파생상품계약_장내파생상품_이자율관련거래,614746816606,국내증권사,B,SF205,각주항목(09.06월 이후)
1762,202206,0010120,DB금융투자주식회사,C12,파생상품계약_장내파생상품_통화관련거래,15835921000,국내증권사,B,SF205,각주항목(09.06월 이후)
1763,202206,0010120,DB금융투자주식회사,C13,파생상품계약_장내파생상품_주식관련거래,679436476742,국내증권사,B,SF205,각주항목(09.06월 이후)
1764,202206,0010120,DB금융투자주식회사,C14,파생상품계약_장내파생상품_일반상품관련거래,0,국내증권사,B,SF205,각주항목(09.06월 이후)
1765,202206,0010120,DB금융투자주식회사,C15,파생상품계약_장내파생상품_기타,0,국내증권사,B,SF205,각주항목(09.06월 이후)
1766,202206,0010120,DB금융투자주식회사,C2,파생상품계약_장외파생상품,4610022087753,국내증권사,B,SF205,각주항목(09.06월 이후)
1767,202206,0010120,DB금융투자주식회사,C21,파생상품계약_장외파생상품_이자율관련거래,3180600000000,국내증권사,B,SF205,각주항목(09.06월 이후)
1768,202206,0010120,DB금융투자주식회사,C22,파생상품계약_장외파생상품_통화관련거래,1015923883000,국내증권사,B,SF205,각주항목(09.06월 이후)
1769,202206,0010120,DB금융투자주식회사,C23,파생상품계약_장외파생상품_주식관련거래,60923874435,국내증권사,B,SF205,각주항목(09.06월 이후)
1770,202206,0010120,DB금융투자주식회사,C24,파생상품계약_장외파생상품_신용관련거래,264785920000,국내증권사,B,SF205,각주항목(09.06월 이후)
1771,202206,0010120,DB금융투자주식회사,C25,파생상품계약_장외파생상품_기타,87788410318,국내증권사,B,SF205,각주항목(09.06월 이후)
1772,202206,0010120,DB금융투자주식회사,D,대차 및 대주거래,789293402923,국내증권사,B,SF205,각주항목(09.06월 이후)
1773,202206,0010120,DB금융투자주식회사,D1,대차 및 대주거래_대여증권,0,국내증권사,B,SF205,각주항목(09.06월 이후)
1774,202206,0010120,DB금융투자주식회사,D2,대차 및 대주거래_차입증권,789293402923,국내증권사,B,SF205,각주항목(09.06월 이후)
1775,202206,0010120,DB금융투자주식회사,D3,대차 및 대주거래_신용거래대주,0,국내증권사,B,SF205,각주항목(09.06월 이후)
1776,202206,0010120,DB금융투자주식회사,E,대손상각채권,0,국내증권사,B,SF205,각주항목(09.06월 이후)
1777,202206,0010120,DB금융투자주식회사,F,환전업무 예치금,0,국내증권사,B,SF205,각주항목(09.06월 이후)
1778,202206,0010120,DB금융투자주식회사,G,미배당별도예치금,824682348,국내증권사,B,SF205,각주항목(09.06월 이후)
1779,202206,0010120,DB금융투자주식회사,H,배서어음매출(종금계정),0,국내증권사,B,SF205,각주항목(09.06월 이후)
1780,202206,0010120,DB금융투자주식회사,H1,대출채권매매이익_담보부,0,국내증권사,B,SF205,각주항목(09.06월 이후)
1781,202206,0010120,DB금융투자주식회사,H2,대출채권매매이익_무담보부,0,국내증권사,B,SF205,각주항목(09.06월 이후)
1782,202209,0010120,DB금융투자주식회사,A,채무보증,617539467010,국내증권사,B,SF205,각주항목(09.06월 이후)
1783,202209,0010120,DB금융투자주식회사,A1,채무보증_지급보증,0,국내증권사,B,SF205,각주항목(09.06월 이후)
1784,202209,0010120,DB금융투자주식회사,A2,채무보증_매입보장약정,0,국내증권사,B,SF205,각주항목(09.06월 이후)
1785,202209,0010120,DB금융투자주식회사,A3,채무보증_채무인수약정,0,국내증권사,B,SF205,각주항목(09.06월 이후)
1786,202209,0010120,DB금융투자주식회사,A5,채무보증_매입확약,616200000000,국내증권사,B,SF205,각주항목(09.06월 이후)
1787,202209,0010120,DB금융투자주식회사,A6,채무보증_기타,1339467010,국내증권사,B,SF205,각주항목(09.06월 이후)
1788,202209,0010120,DB금융투자주식회사,B,투자자의 예수증권 등,32047133909349,국내증권사,B,SF205,각주항목(09.06월 이후)
1789,202209,0010120,DB금융투자주식회사,B1,투자자의 예수증권 등_예수 증권,32047133909349,국내증권사,B,SF205,각주항목(09.06월 이후)
1790,202209,0010120,DB금융투자주식회사,B2,투자자의 예수증권 등_예수양도성예금증서,0,국내증권사,B,SF205,각주항목(09.06월 이후)
1791,202209,0010120,DB금융투자주식회사,B3,투자자의 예수증권 등_기타,0,국내증권사,B,SF205,각주항목(09.06월 이후)
1792,202209,0010120,DB금융투자주식회사,C,파생상품계약,6707692947120,국내증권사,B,SF205,각주항목(09.06월 이후)
1793,202209,0010120,DB금융투자주식회사,C1,파생상품계약_장내파생상품,1395819505382,국내증권사,B,SF205,각주항목(09.06월 이후)
1794,202209,0010120,DB금융투자주식회사,C11,파생상품계약_장내파생상품_이자율관련거래,417166524159,국내증권사,B,SF205,각주항목(09.06월 이후)
1795,202209,0010120,DB금융투자주식회사,C12,파생상품계약_장내파생상품_통화관련거래,1837103000,국내증권사,B,SF205,각주항목(09.06월 이후)
1796,202209,0010120,DB금융투자주식회사,C13,파생상품계약_장내파생상품_주식관련거래,976815878223,국내증권사,B,SF205,각주항목(09.06월 이후)
1797,202209,0010120,DB금융투자주식회사,C14,파생상품계약_장내파생상품_일반상품관련거래,0,국내증권사,B,SF205,각주항목(09.06월 이후)
1798,202209,0010120,DB금융투자주식회사,C15,파생상품계약_장내파생상품_기타,0,국내증권사,B,SF205,각주항목(09.06월 이후)
1799,202209,0010120,DB금융투자주식회사,C2,파생상품계약_장외파생상품,5311873441738,국내증권사,B,SF205,각주항목(09.06월 이후)
1800,202209,0010120,DB금융투자주식회사,C21,파생상품계약_장외파생상품_이자율관련거래,3090600000000,국내증권사,B,SF205,각주항목(09.06월 이후)
1801,202209,0010120,DB금융투자주식회사,C22,파생상품계약_장외파생상품_통화관련거래,1303058185036,국내증권사,B,SF205,각주항목(09.06월 이후)
1802,202209,0010120,DB금융투자주식회사,C23,파생상품계약_장외파생상품_주식관련거래,46642385938,국내증권사,B,SF205,각주항목(09.06월 이후)
1803,202209,0010120,DB금융투자주식회사,C24,파생상품계약_장외파생상품_신용관련거래,780847925417,국내증권사,B,SF205,각주항목(09.06월 이후)
1804,202209,0010120,DB금융투자주식회사,C25,파생상품계약_장외파생상품_기타,90724945347,국내증권사,B,SF205,각주항목(09.06월 이후)
1805,202209,0010120,DB금융투자주식회사,D,대차 및 대주거래,686682858433,국내증권사,B,SF205,각주항목(09.06월 이후)
1806,202209,0010120,DB금융투자주식회사,D1,대차 및 대주거래_대여증권,6175000,국내증권사,B,SF205,각주항목(09.06월 이후)
1807,202209,0010120,DB금융투자주식회사,D2,대차 및 대주거래_차입증권,686676683433,국내증권사,B,SF205,각주항목(09.06월 이후)
1808,202209,0010120,DB금융투자주식회사,D3,대차 및 대주거래_신용거래대주,0,국내증권사,B,SF205,각주항목(09.06월 이후)
1809,202209,0010120,DB금융투자주식회사,E,대손상각채권,0,국내증권사,B,SF205,각주항목(09.06월 이후)
1810,202209,0010120,DB금융투자주식회사,F,환전업무 예치금,0,국내증권사,B,SF205,각주항목(09.06월 이후)
1811,202209,0010120,DB금융투자주식회사,G,미배당별도예치금,1069739428,국내증권사,B,SF205,각주항목(09.06월 이후)
1812,202209,0010120,DB금융투자주식회사,H,배서어음매출(종금계정),0,국내증권사,B,SF205,각주항목(09.06월 이후)
1813,202209,0010120,DB금융투자주식회사,H1,대출채권매매이익_담보부,0,국내증권사,B,SF205,각주항목(09.06월 이후)
1814,202209,0010120,DB금융투자주식회사,H2,대출채권매매이익_무담보부,0,국내증권사,B,SF205,각주항목(09.06월 이후)
1815,202212,0010120,DB금융투자주식회사,A,채무보증,615980222916,국내증권사,B,SF205,각주항목(09.06월 이후)
1816,202212,0010120,DB금융투자주식회사,A1,채무보증_지급보증,0,국내증권사,B,SF205,각주항목(09.06월 이후)
1817,202212,0010120,DB금융투자주식회사,A2,채무보증_매입보장약정,0,국내증권사,B,SF205,각주항목(09.06월 이후)
1818,202212,0010120,DB금융투자주식회사,A3,채무보증_채무인수약정,0,국내증권사,B,SF205,각주항목(09.06월 이후)
1819,202212,0010120,DB금융투자주식회사,A5,채무보증_매입확약,608500000000,국내증권사,B,SF205,각주항목(09.06월 이후)
1820,202212,0010120,DB금융투자주식회사,A6,채무보증_기타,7480222916,국내증권사,B,SF205,각주항목(09.06월 이후)
1821,202212,0010120,DB금융투자주식회사,B,투자자의 예수증권 등,35506105235892,국내증권사,B,SF205,각주항목(09.06월 이후)
1822,202212,0010120,DB금융투자주식회사,B1,투자자의 예수증권 등_예수 증권,35506105235892,국내증권사,B,SF205,각주항목(09.06월 이후)
1823,202212,0010120,DB금융투자주식회사,B2,투자자의 예수증권 등_예수양도성예금증서,0,국내증권사,B,SF205,각주항목(09.06월 이후)
1824,202212,0010120,DB금융투자주식회사,B3,투자자의 예수증권 등_기타,0,국내증권사,B,SF205,각주항목(09.06월 이후)
1825,202212,0010120,DB금융투자주식회사,C,파생상품계약,5720054731201,국내증권사,B,SF205,각주항목(09.06월 이후)
1826,202212,0010120,DB금융투자주식회사,C1,파생상품계약_장내파생상품,777599810837,국내증권사,B,SF205,각주항목(09.06월 이후)
1827,202212,0010120,DB금융투자주식회사,C11,파생상품계약_장내파생상품_이자율관련거래,349419695220,국내증권사,B,SF205,각주항목(09.06월 이후)
1828,202212,0010120,DB금융투자주식회사,C12,파생상품계약_장내파생상품_통화관련거래,8872147000,국내증권사,B,SF205,각주항목(09.06월 이후)
1829,202212,0010120,DB금융투자주식회사,C13,파생상품계약_장내파생상품_주식관련거래,419307968617,국내증권사,B,SF205,각주항목(09.06월 이후)
1830,202212,0010120,DB금융투자주식회사,C14,파생상품계약_장내파생상품_일반상품관련거래,0,국내증권사,B,SF205,각주항목(09.06월 이후)
1831,202212,0010120,DB금융투자주식회사,C15,파생상품계약_장내파생상품_기타,0,국내증권사,B,SF205,각주항목(09.06월 이후)
1832,202212,0010120,DB금융투자주식회사,C2,파생상품계약_장외파생상품,4942454920364,국내증권사,B,SF205,각주항목(09.06월 이후)
1833,202212,0010120,DB금융투자주식회사,C21,파생상품계약_장외파생상품_이자율관련거래,2992600000000,국내증권사,B,SF205,각주항목(09.06월 이후)
1834,202212,0010120,DB금융투자주식회사,C22,파생상품계약_장외파생상품_통화관련거래,1140660874038,국내증권사,B,SF205,각주항목(09.06월 이후)
1835,202212,0010120,DB금융투자주식회사,C23,파생상품계약_장외파생상품_주식관련거래,38335385938,국내증권사,B,SF205,각주항목(09.06월 이후)
1836,202212,0010120,DB금융투자주식회사,C24,파생상품계약_장외파생상품_신용관련거래,689904627044,국내증권사,B,SF205,각주항목(09.06월 이후)
1837,202212,0010120,DB금융투자주식회사,C25,파생상품계약_장외파생상품_기타,80954033344,국내증권사,B,SF205,각주항목(09.06월 이후)
1838,202212,0010120,DB금융투자주식회사,D,대차 및 대주거래,1354591409976,국내증권사,B,SF205,각주항목(09.06월 이후)
1839,202212,0010120,DB금융투자주식회사,D1,대차 및 대주거래_대여증권,67180769152,국내증권사,B,SF205,각주항목(09.06월 이후)
1840,202212,0010120,DB금융투자주식회사,D2,대차 및 대주거래_차입증권,1287410640824,국내증권사,B,SF205,각주항목(09.06월 이후)
1841,202212,0010120,DB금융투자주식회사,D3,대차 및 대주거래_신용거래대주,0,국내증권사,B,SF205,각주항목(09.06월 이후)
1842,202212,0010120,DB금융투자주식회사,E,대손상각채권,0,국내증권사,B,SF205,각주항목(09.06월 이후)
1843,202212,0010120,DB금융투자주식회사,F,환전업무 예치금,0,국내증권사,B,SF205,각주항목(09.06월 이후)
1844,202212,0010120,DB금융투자주식회사,G,미배당별도예치금,1295125978,국내증권사,B,SF205,각주항목(09.06월 이후)
1845,202212,0010120,DB금융투자주식회사,H,배서어음매출(종금계정),0,국내증권사,B,SF205,각주항목(09.06월 이후)
1846,202212,0010120,DB금융투자주식회사,H1,대출채권매매이익_담보부,0,국내증권사,B,SF205,각주항목(09.06월 이후)
1847,202212,0010120,DB금융투자주식회사,H2,대출채권매매이익_무담보부,0,국내증권사,B,SF205,각주항목(09.06월 이후)
1848,202303,0010120,DB금융투자주식회사,A,채무보증,604769367659,국내증권사,B,SF205,각주항목(09.06월 이후)
1849,202303,0010120,DB금융투자주식회사,A1,채무보증_지급보증,0,국내증권사,B,SF205,각주항목(09.06월 이후)
1850,202303,0010120,DB금융투자주식회사,A2,채무보증_매입보장약정,0,국내증권사,B,SF205,각주항목(09.06월 이후)
1851,202303,0010120,DB금융투자주식회사,A3,채무보증_채무인수약정,0,국내증권사,B,SF205,각주항목(09.06월 이후)
1852,202303,0010120,DB금융투자주식회사,A5,채무보증_매입확약,603600000000,국내증권사,B,SF205,각주항목(09.06월 이후)
1853,202303,0010120,DB금융투자주식회사,A6,채무보증_기타,1169367659,국내증권사,B,SF205,각주항목(09.06월 이후)
1854,202303,0010120,DB금융투자주식회사,B,투자자의 예수증권 등,37766364409232,국내증권사,B,SF205,각주항목(09.06월 이후)
1855,202303,0010120,DB금융투자주식회사,B1,투자자의 예수증권 등_예수 증권,37766364409232,국내증권사,B,SF205,각주항목(09.06월 이후)
1856,202303,0010120,DB금융투자주식회사,B2,투자자의 예수증권 등_예수양도성예금증서,0,국내증권사,B,SF205,각주항목(09.06월 이후)
1857,202303,0010120,DB금융투자주식회사,B3,투자자의 예수증권 등_기타,0,국내증권사,B,SF205,각주항목(09.06월 이후)
1858,202303,0010120,DB금융투자주식회사,C,파생상품계약,6400828581775,국내증권사,B,SF205,각주항목(09.06월 이후)
1859,202303,0010120,DB금융투자주식회사,C1,파생상품계약_장내파생상품,686954157402,국내증권사,B,SF205,각주항목(09.06월 이후)
1860,202303,0010120,DB금융투자주식회사,C11,파생상품계약_장내파생상품_이자율관련거래,360290983972,국내증권사,B,SF205,각주항목(09.06월 이후)
1861,202303,0010120,DB금융투자주식회사,C12,파생상품계약_장내파생상품_통화관련거래,8458880000,국내증권사,B,SF205,각주항목(09.06월 이후)
1862,202303,0010120,DB금융투자주식회사,C13,파생상품계약_장내파생상품_주식관련거래,318204293430,국내증권사,B,SF205,각주항목(09.06월 이후)
1863,202303,0010120,DB금융투자주식회사,C14,파생상품계약_장내파생상품_일반상품관련거래,0,국내증권사,B,SF205,각주항목(09.06월 이후)
1864,202303,0010120,DB금융투자주식회사,C15,파생상품계약_장내파생상품_기타,0,국내증권사,B,SF205,각주항목(09.06월 이후)
1865,202303,0010120,DB금융투자주식회사,C2,파생상품계약_장외파생상품,5713874424373,국내증권사,B,SF205,각주항목(09.06월 이후)
1866,202303,0010120,DB금융투자주식회사,C21,파생상품계약_장외파생상품_이자율관련거래,2712600000000,국내증권사,B,SF205,각주항목(09.06월 이후)
1867,202303,0010120,DB금융투자주식회사,C22,파생상품계약_장외파생상품_통화관련거래,1325236442379,국내증권사,B,SF205,각주항목(09.06월 이후)
1868,202303,0010120,DB금융투자주식회사,C23,파생상품계약_장외파생상품_주식관련거래,32134385938,국내증권사,B,SF205,각주항목(09.06월 이후)
1869,202303,0010120,DB금융투자주식회사,C24,파생상품계약_장외파생상품_신용관련거래,1562755665555,국내증권사,B,SF205,각주항목(09.06월 이후)
1870,202303,0010120,DB금융투자주식회사,C25,파생상품계약_장외파생상품_기타,81147930501,국내증권사,B,SF205,각주항목(09.06월 이후)
1871,202303,0010120,DB금융투자주식회사,D,대차 및 대주거래,895325183715,국내증권사,B,SF205,각주항목(09.06월 이후)
1872,202303,0010120,DB금융투자주식회사,D1,대차 및 대주거래_대여증권,60515852858,국내증권사,B,SF205,각주항목(09.06월 이후)
1873,202303,0010120,DB금융투자주식회사,D2,대차 및 대주거래_차입증권,834809330857,국내증권사,B,SF205,각주항목(09.06월 이후)
1874,202303,0010120,DB금융투자주식회사,D3,대차 및 대주거래_신용거래대주,0,국내증권사,B,SF205,각주항목(09.06월 이후)
1875,202303,0010120,DB금융투자주식회사,E,대손상각채권,0,국내증권사,B,SF205,각주항목(09.06월 이후)
1876,202303,0010120,DB금융투자주식회사,F,환전업무 예치금,0,국내증권사,B,SF205,각주항목(09.06월 이후)
1877,202303,0010120,DB금융투자주식회사,G,미배당별도예치금,1558091568,국내증권사,B,SF205,각주항목(09.06월 이후)
1878,202303,0010120,DB금융투자주식회사,H,배서어음매출(종금계정),0,국내증권사,B,SF205,각주항목(09.06월 이후)
1879,202303,0010120,DB금융투자주식회사,H1,대출채권매매이익_담보부,0,국내증권사,B,SF205,각주항목(09.06월 이후)
1880,202303,0010120,DB금융투자주식회사,H2,대출채권매매이익_무담보부,0,국내증권사,B,SF205,각주항목(09.06월 이후)
1881,202306,0010120,DB금융투자주식회사,A,채무보증,526877439686,국내증권사,B,SF205,각주항목(09.06월 이후)
1882,202306,0010120,DB금융투자주식회사,A1,채무보증_지급보증,0,국내증권사,B,SF205,각주항목(09.06월 이후)
1883,202306,0010120,DB금융투자주식회사,A2,채무보증_매입보장약정,0,국내증권사,B,SF205,각주항목(09.06월 이후)
1884,202306,0010120,DB금융투자주식회사,A3,채무보증_채무인수약정,0,국내증권사,B,SF205,각주항목(09.06월 이후)
1885,202306,0010120,DB금융투자주식회사,A5,채무보증_매입확약,525700000000,국내증권사,B,SF205,각주항목(09.06월 이후)
1886,202306,0010120,DB금융투자주식회사,A6,채무보증_기타,1177439686,국내증권사,B,SF205,각주항목(09.06월 이후)
1887,202306,0010120,DB금융투자주식회사,B,투자자의 예수증권 등,38624417145779,국내증권사,B,SF205,각주항목(09.06월 이후)
1888,202306,0010120,DB금융투자주식회사,B1,투자자의 예수증권 등_예수 증권,38624417145779,국내증권사,B,SF205,각주항목(09.06월 이후)
1889,202306,0010120,DB금융투자주식회사,B2,투자자의 예수증권 등_예수양도성예금증서,0,국내증권사,B,SF205,각주항목(09.06월 이후)
1890,202306,0010120,DB금융투자주식회사,B3,투자자의 예수증권 등_기타,0,국내증권사,B,SF205,각주항목(09.06월 이후)
1891,202306,0010120,DB금융투자주식회사,C,파생상품계약,6074213325838,국내증권사,B,SF205,각주항목(09.06월 이후)
1892,202306,0010120,DB금융투자주식회사,C1,파생상품계약_장내파생상품,598569241616,국내증권사,B,SF205,각주항목(09.06월 이후)
1893,202306,0010120,DB금융투자주식회사,C11,파생상품계약_장내파생상품_이자율관련거래,329166371159,국내증권사,B,SF205,각주항목(09.06월 이후)
1894,202306,0010120,DB금융투자주식회사,C12,파생상품계약_장내파생상품_통화관련거래,15064314000,국내증권사,B,SF205,각주항목(09.06월 이후)
1895,202306,0010120,DB금융투자주식회사,C13,파생상품계약_장내파생상품_주식관련거래,254338556457,국내증권사,B,SF205,각주항목(09.06월 이후)
1896,202306,0010120,DB금융투자주식회사,C14,파생상품계약_장내파생상품_일반상품관련거래,0,국내증권사,B,SF205,각주항목(09.06월 이후)
1897,202306,0010120,DB금융투자주식회사,C15,파생상품계약_장내파생상품_기타,0,국내증권사,B,SF205,각주항목(09.06월 이후)
1898,202306,0010120,DB금융투자주식회사,C2,파생상품계약_장외파생상품,5475644084222,국내증권사,B,SF205,각주항목(09.06월 이후)
1899,202306,0010120,DB금융투자주식회사,C21,파생상품계약_장외파생상품_이자율관련거래,2432600000000,국내증권사,B,SF205,각주항목(09.06월 이후)
1900,202306,0010120,DB금융투자주식회사,C22,파생상품계약_장외파생상품_통화관련거래,1362285670110,국내증권사,B,SF205,각주항목(09.06월 이후)
1901,202306,0010120,DB금융투자주식회사,C23,파생상품계약_장외파생상품_주식관련거래,29728385938,국내증권사,B,SF205,각주항목(09.06월 이후)
1902,202306,0010120,DB금융투자주식회사,C24,파생상품계약_장외파생상품_신용관련거래,1570658018065,국내증권사,B,SF205,각주항목(09.06월 이후)
1903,202306,0010120,DB금융투자주식회사,C25,파생상품계약_장외파생상품_기타,80372010109,국내증권사,B,SF205,각주항목(09.06월 이후)
1904,202306,0010120,DB금융투자주식회사,D,대차 및 대주거래,802320185451,국내증권사,B,SF205,각주항목(09.06월 이후)
1905,202306,0010120,DB금융투자주식회사,D1,대차 및 대주거래_대여증권,70593040940,국내증권사,B,SF205,각주항목(09.06월 이후)
1906,202306,0010120,DB금융투자주식회사,D2,대차 및 대주거래_차입증권,731727144511,국내증권사,B,SF205,각주항목(09.06월 이후)
1907,202306,0010120,DB금융투자주식회사,D3,대차 및 대주거래_신용거래대주,0,국내증권사,B,SF205,각주항목(09.06월 이후)
1908,202306,0010120,DB금융투자주식회사,E,대손상각채권,0,국내증권사,B,SF205,각주항목(09.06월 이후)
1909,202306,0010120,DB금융투자주식회사,F,환전업무 예치금,0,국내증권사,B,SF205,각주항목(09.06월 이후)
1910,202306,0010120,DB금융투자주식회사,G,미배당별도예치금,1995124363,국내증권사,B,SF205,각주항목(09.06월 이후)
1911,202306,0010120,DB금융투자주식회사,H,배서어음매출(종금계정),0,국내증권사,B,SF205,각주항목(09.06월 이후)
1912,202306,0010120,DB금융투자주식회사,H1,대출채권매매이익_담보부,0,국내증권사,B,SF205,각주항목(09.06월 이후)
1913,202306,0010120,DB금융투자주식회사,H2,대출채권매매이익_무담보부,0,국내증권사,B,SF205,각주항목(09.06월 이후)
1914,202309,0010120,DB금융투자주식회사,A,채무보증,423317989394,국내증권사,B,SF205,각주항목(09.06월 이후)
1915,202309,0010120,DB금융투자주식회사,A1,채무보증_지급보증,0,국내증권사,B,SF205,각주항목(09.06월 이후)
1916,202309,0010120,DB금융투자주식회사,A2,채무보증_매입보장약정,0,국내증권사,B,SF205,각주항목(09.06월 이후)
1917,202309,0010120,DB금융투자주식회사,A3,채무보증_채무인수약정,0,국내증권사,B,SF205,각주항목(09.06월 이후)
1918,202309,0010120,DB금융투자주식회사,A5,채무보증_매입확약,422300000000,국내증권사,B,SF205,각주항목(09.06월 이후)
1919,202309,0010120,DB금융투자주식회사,A6,채무보증_기타,1017989394,국내증권사,B,SF205,각주항목(09.06월 이후)
1920,202309,0010120,DB금융투자주식회사,B,투자자의 예수증권 등,38929645377506,국내증권사,B,SF205,각주항목(09.06월 이후)
1921,202309,0010120,DB금융투자주식회사,B1,투자자의 예수증권 등_예수 증권,38929645377506,국내증권사,B,SF205,각주항목(09.06월 이후)
1922,202309,0010120,DB금융투자주식회사,B2,투자자의 예수증권 등_예수양도성예금증서,0,국내증권사,B,SF205,각주항목(09.06월 이후)
1923,202309,0010120,DB금융투자주식회사,B3,투자자의 예수증권 등_기타,0,국내증권사,B,SF205,각주항목(09.06월 이후)
1924,202309,0010120,DB금융투자주식회사,C,파생상품계약,5901518944437,국내증권사,B,SF205,각주항목(09.06월 이후)
1925,202309,0010120,DB금융투자주식회사,C1,파생상품계약_장내파생상품,744593950910,국내증권사,B,SF205,각주항목(09.06월 이후)
1926,202309,0010120,DB금융투자주식회사,C11,파생상품계약_장내파생상품_이자율관련거래,386147958845,국내증권사,B,SF205,각주항목(09.06월 이후)
1927,202309,0010120,DB금융투자주식회사,C12,파생상품계약_장내파생상품_통화관련거래,5959415000,국내증권사,B,SF205,각주항목(09.06월 이후)
1928,202309,0010120,DB금융투자주식회사,C13,파생상품계약_장내파생상품_주식관련거래,352486577065,국내증권사,B,SF205,각주항목(09.06월 이후)
1929,202309,0010120,DB금융투자주식회사,C14,파생상품계약_장내파생상품_일반상품관련거래,0,국내증권사,B,SF205,각주항목(09.06월 이후)
1930,202309,0010120,DB금융투자주식회사,C15,파생상품계약_장내파생상품_기타,0,국내증권사,B,SF205,각주항목(09.06월 이후)
1931,202309,0010120,DB금융투자주식회사,C2,파생상품계약_장외파생상품,5156924993527,국내증권사,B,SF205,각주항목(09.06월 이후)
1932,202309,0010120,DB금융투자주식회사,C21,파생상품계약_장외파생상품_이자율관련거래,2402600000000,국내증권사,B,SF205,각주항목(09.06월 이후)
1933,202309,0010120,DB금융투자주식회사,C22,파생상품계약_장외파생상품_통화관련거래,1195846530998,국내증권사,B,SF205,각주항목(09.06월 이후)
1934,202309,0010120,DB금융투자주식회사,C23,파생상품계약_장외파생상품_주식관련거래,28986430089,국내증권사,B,SF205,각주항목(09.06월 이후)
1935,202309,0010120,DB금융투자주식회사,C24,파생상품계약_장외파생상품_신용관련거래,1452274880000,국내증권사,B,SF205,각주항목(09.06월 이후)
1936,202309,0010120,DB금융투자주식회사,C25,파생상품계약_장외파생상품_기타,77217152440,국내증권사,B,SF205,각주항목(09.06월 이후)
1937,202309,0010120,DB금융투자주식회사,D,대차 및 대주거래,666187095217,국내증권사,B,SF205,각주항목(09.06월 이후)
1938,202309,0010120,DB금융투자주식회사,D1,대차 및 대주거래_대여증권,742054030,국내증권사,B,SF205,각주항목(09.06월 이후)
1939,202309,0010120,DB금융투자주식회사,D2,대차 및 대주거래_차입증권,665445041187,국내증권사,B,SF205,각주항목(09.06월 이후)
1940,202309,0010120,DB금융투자주식회사,D3,대차 및 대주거래_신용거래대주,0,국내증권사,B,SF205,각주항목(09.06월 이후)
1941,202309,0010120,DB금융투자주식회사,E,대손상각채권,0,국내증권사,B,SF205,각주항목(09.06월 이후)
1942,202309,0010120,DB금융투자주식회사,F,환전업무 예치금,0,국내증권사,B,SF205,각주항목(09.06월 이후)
1943,202309,0010120,DB금융투자주식회사,G,미배당별도예치금,2507789281,국내증권사,B,SF205,각주항목(09.06월 이후)
1944,202309,0010120,DB금융투자주식회사,H,배서어음매출(종금계정),0,국내증권사,B,SF205,각주항목(09.06월 이후)
1945,202309,0010120,DB금융투자주식회사,H1,대출채권매매이익_담보부,0,국내증권사,B,SF205,각주항목(09.06월 이후)
1946,202309,0010120,DB금융투자주식회사,H2,대출채권매매이익_무담보부,0,국내증권사,B,SF205,각주항목(09.06월 이후)
1947,202312,0010120,DB금융투자주식회사,A,채무보증,393553421502,국내증권사,B,SF205,각주항목(09.06월 이후)
1948,202312,0010120,DB금융투자주식회사,A1,채무보증_지급보증,0,국내증권사,B,SF205,각주항목(09.06월 이후)
1949,202312,0010120,DB금융투자주식회사,A2,채무보증_매입보장약정,0,국내증권사,B,SF205,각주항목(09.06월 이후)
1950,202312,0010120,DB금융투자주식회사,A3,채무보증_채무인수약정,0,국내증권사,B,SF205,각주항목(09.06월 이후)
1951,202312,0010120,DB금융투자주식회사,A5,채무보증_매입확약,392900000000,국내증권사,B,SF205,각주항목(09.06월 이후)
1952,202312,0010120,DB금융투자주식회사,A6,채무보증_기타,653421502,국내증권사,B,SF205,각주항목(09.06월 이후)
1953,202312,0010120,DB금융투자주식회사,B,투자자의 예수증권 등,39986186759960,국내증권사,B,SF205,각주항목(09.06월 이후)
1954,202312,0010120,DB금융투자주식회사,B1,투자자의 예수증권 등_예수 증권,39986186759960,국내증권사,B,SF205,각주항목(09.06월 이후)
1955,202312,0010120,DB금융투자주식회사,B2,투자자의 예수증권 등_예수양도성예금증서,0,국내증권사,B,SF205,각주항목(09.06월 이후)
1956,202312,0010120,DB금융투자주식회사,B3,투자자의 예수증권 등_기타,0,국내증권사,B,SF205,각주항목(09.06월 이후)
1957,202312,0010120,DB금융투자주식회사,C,파생상품계약,5094400420279,국내증권사,B,SF205,각주항목(09.06월 이후)
1958,202312,0010120,DB금융투자주식회사,C1,파생상품계약_장내파생상품,569120007357,국내증권사,B,SF205,각주항목(09.06월 이후)
1959,202312,0010120,DB금융투자주식회사,C11,파생상품계약_장내파생상품_이자율관련거래,332313547588,국내증권사,B,SF205,각주항목(09.06월 이후)
1960,202312,0010120,DB금융투자주식회사,C12,파생상품계약_장내파생상품_통화관련거래,8486645000,국내증권사,B,SF205,각주항목(09.06월 이후)
1961,202312,0010120,DB금융투자주식회사,C13,파생상품계약_장내파생상품_주식관련거래,228231948357,국내증권사,B,SF205,각주항목(09.06월 이후)
1962,202312,0010120,DB금융투자주식회사,C14,파생상품계약_장내파생상품_일반상품관련거래,87866412,국내증권사,B,SF205,각주항목(09.06월 이후)
1963,202312,0010120,DB금융투자주식회사,C15,파생상품계약_장내파생상품_기타,0,국내증권사,B,SF205,각주항목(09.06월 이후)
1964,202312,0010120,DB금융투자주식회사,C2,파생상품계약_장외파생상품,4525280412922,국내증권사,B,SF205,각주항목(09.06월 이후)
1965,202312,0010120,DB금융투자주식회사,C21,파생상품계약_장외파생상품_이자율관련거래,2210000000000,국내증권사,B,SF205,각주항목(09.06월 이후)
1966,202312,0010120,DB금융투자주식회사,C22,파생상품계약_장외파생상품_통화관련거래,1885707117417,국내증권사,B,SF205,각주항목(09.06월 이후)
1967,202312,0010120,DB금융투자주식회사,C23,파생상품계약_장외파생상품_주식관련거래,29245582650,국내증권사,B,SF205,각주항목(09.06월 이후)
1968,202312,0010120,DB금융투자주식회사,C24,파생상품계약_장외파생상품_신용관련거래,324311947800,국내증권사,B,SF205,각주항목(09.06월 이후)
1969,202312,0010120,DB금융투자주식회사,C25,파생상품계약_장외파생상품_기타,76015765055,국내증권사,B,SF205,각주항목(09.06월 이후)
1970,202312,0010120,DB금융투자주식회사,D,대차 및 대주거래,1114311019163,국내증권사,B,SF205,각주항목(09.06월 이후)
1971,202312,0010120,DB금융투자주식회사,D1,대차 및 대주거래_대여증권,0,국내증권사,B,SF205,각주항목(09.06월 이후)
1972,202312,0010120,DB금융투자주식회사,D2,대차 및 대주거래_차입증권,1114311019163,국내증권사,B,SF205,각주항목(09.06월 이후)
1973,202312,0010120,DB금융투자주식회사,D3,대차 및 대주거래_신용거래대주,0,국내증권사,B,SF205,각주항목(09.06월 이후)
1974,202312,0010120,DB금융투자주식회사,E,대손상각채권,15000000000,국내증권사,B,SF205,각주항목(09.06월 이후)
1975,202312,0010120,DB금융투자주식회사,F,환전업무 예치금,0,국내증권사,B,SF205,각주항목(09.06월 이후)
1976,202312,0010120,DB금융투자주식회사,G,미배당별도예치금,2110761487,국내증권사,B,SF205,각주항목(09.06월 이후)
1977,202312,0010120,DB금융투자주식회사,H,배서어음매출(종금계정),0,국내증권사,B,SF205,각주항목(09.06월 이후)
1978,202312,0010120,DB금융투자주식회사,H1,대출채권매매이익_담보부,0,국내증권사,B,SF205,각주항목(09.06월 이후)
1979,202312,0010120,DB금융투자주식회사,H2,대출채권매매이익_무담보부,0,국내증권사,B,SF205,각주항목(09.06월 이후)
1980,202403,0010120,DB금융투자주식회사,A,채무보증,410742746784,국내증권사,B,SF205,각주항목(09.06월 이후)
1981,202403,0010120,DB금융투자주식회사,A1,채무보증_지급보증,0,국내증권사,B,SF205,각주항목(09.06월 이후)
1982,202403,0010120,DB금융투자주식회사,A2,채무보증_매입보장약정,0,국내증권사,B,SF205,각주항목(09.06월 이후)
1983,202403,0010120,DB금융투자주식회사,A3,채무보증_채무인수약정,0,국내증권사,B,SF205,각주항목(09.06월 이후)
1984,202403,0010120,DB금융투자주식회사,A5,채무보증_매입확약,410100000000,국내증권사,B,SF205,각주항목(09.06월 이후)
1985,202403,0010120,DB금융투자주식회사,A6,채무보증_기타,642746784,국내증권사,B,SF205,각주항목(09.06월 이후)
1986,202403,0010120,DB금융투자주식회사,B,투자자의 예수증권 등,41901384185451,국내증권사,B,SF205,각주항목(09.06월 이후)
1987,202403,0010120,DB금융투자주식회사,B1,투자자의 예수증권 등_예수 증권,41901384185451,국내증권사,B,SF205,각주항목(09.06월 이후)
1988,202403,0010120,DB금융투자주식회사,B2,투자자의 예수증권 등_예수양도성예금증서,0,국내증권사,B,SF205,각주항목(09.06월 이후)
1989,202403,0010120,DB금융투자주식회사,B3,투자자의 예수증권 등_기타,0,국내증권사,B,SF205,각주항목(09.06월 이후)
1990,202403,0010120,DB금융투자주식회사,C,파생상품계약,4191702630661,국내증권사,B,SF205,각주항목(09.06월 이후)
1991,202403,0010120,DB금융투자주식회사,C1,파생상품계약_장내파생상품,1035626196772,국내증권사,B,SF205,각주항목(09.06월 이후)
1992,202403,0010120,DB금융투자주식회사,C11,파생상품계약_장내파생상품_이자율관련거래,576286604303,국내증권사,B,SF205,각주항목(09.06월 이후)
1993,202403,0010120,DB금융투자주식회사,C12,파생상품계약_장내파생상품_통화관련거래,48140167000,국내증권사,B,SF205,각주항목(09.06월 이후)
1994,202403,0010120,DB금융투자주식회사,C13,파생상품계약_장내파생상품_주식관련거래,411199425469,국내증권사,B,SF205,각주항목(09.06월 이후)
1995,202403,0010120,DB금융투자주식회사,C14,파생상품계약_장내파생상품_일반상품관련거래,0,국내증권사,B,SF205,각주항목(09.06월 이후)
1996,202403,0010120,DB금융투자주식회사,C15,파생상품계약_장내파생상품_기타,0,국내증권사,B,SF205,각주항목(09.06월 이후)
1997,202403,0010120,DB금융투자주식회사,C2,파생상품계약_장외파생상품,3156076433889,국내증권사,B,SF205,각주항목(09.06월 이후)
1998,202403,0010120,DB금융투자주식회사,C21,파생상품계약_장외파생상품_이자율관련거래,1950000000000,국내증권사,B,SF205,각주항목(09.06월 이후)
1999,202403,0010120,DB금융투자주식회사,C22,파생상품계약_장외파생상품_통화관련거래,775392098575,국내증권사,B,SF205,각주항목(09.06월 이후)
2000,202403,0010120,DB금융투자주식회사,C23,파생상품계약_장외파생상품_주식관련거래,11640917621,국내증권사,B,SF205,각주항목(09.06월 이후)
2001,202403,0010120,DB금융투자주식회사,C24,파생상품계약_장외파생상품_신용관련거래,341117776600,국내증권사,B,SF205,각주항목(09.06월 이후)
2002,202403,0010120,DB금융투자주식회사,C25,파생상품계약_장외파생상품_기타,77925641093,국내증권사,B,SF205,각주항목(09.06월 이후)
2003,202403,0010120,DB금융투자주식회사,D,대차 및 대주거래,1049440561743,국내증권사,B,SF205,각주항목(09.06월 이후)
2004,202403,0010120,DB금융투자주식회사,D1,대차 및 대주거래_대여증권,3679650,국내증권사,B,SF205,각주항목(09.06월 이후)
2005,202403,0010120,DB금융투자주식회사,D2,대차 및 대주거래_차입증권,1049436882093,국내증권사,B,SF205,각주항목(09.06월 이후)
2006,202403,0010120,DB금융투자주식회사,D3,대차 및 대주거래_신용거래대주,0,국내증권사,B,SF205,각주항목(09.06월 이후)
2007,202403,0010120,DB금융투자주식회사,E,대손상각채권,0,국내증권사,B,SF205,각주항목(09.06월 이후)
2008,202403,0010120,DB금융투자주식회사,F,환전업무 예치금,0,국내증권사,B,SF205,각주항목(09.06월 이후)
2009,202403,0010120,DB금융투자주식회사,G,미배당별도예치금,1769321169,국내증권사,B,SF205,각주항목(09.06월 이후)
2010,202403,0010120,DB금융투자주식회사,H,배서어음매출(종금계정),0,국내증권사,B,SF205,각주항목(09.06월 이후)
2011,202403,0010120,DB금융투자주식회사,H1,대출채권매매이익_담보부,0,국내증권사,B,SF205,각주항목(09.06월 이후)
2012,202403,0010120,DB금융투자주식회사,H2,대출채권매매이익_무담보부,0,국내증권사,B,SF205,각주항목(09.06월 이후)
2013,202406,0010120,DB금융투자주식회사,A,채무보증,334737392970,국내증권사,B,SF205,각주항목(09.06월 이후)
2014,202406,0010120,DB금융투자주식회사,A1,채무보증_지급보증,0,국내증권사,B,SF205,각주항목(09.06월 이후)
2015,202406,0010120,DB금융투자주식회사,A2,채무보증_매입보장약정,0,국내증권사,B,SF205,각주항목(09.06월 이후)
2016,202406,0010120,DB금융투자주식회사,A3,채무보증_채무인수약정,0,국내증권사,B,SF205,각주항목(09.06월 이후)
2017,202406,0010120,DB금융투자주식회사,A5,채무보증_매입확약,334130000000,국내증권사,B,SF205,각주항목(09.06월 이후)
2018,202406,0010120,DB금융투자주식회사,A6,채무보증_기타,607392970,국내증권사,B,SF205,각주항목(09.06월 이후)
2019,202406,0010120,DB금융투자주식회사,B,투자자의 예수증권 등,41717901648012,국내증권사,B,SF205,각주항목(09.06월 이후)
2020,202406,0010120,DB금융투자주식회사,B1,투자자의 예수증권 등_예수 증권,41717901648012,국내증권사,B,SF205,각주항목(09.06월 이후)
2021,202406,0010120,DB금융투자주식회사,B2,투자자의 예수증권 등_예수양도성예금증서,0,국내증권사,B,SF205,각주항목(09.06월 이후)
2022,202406,0010120,DB금융투자주식회사,B3,투자자의 예수증권 등_기타,0,국내증권사,B,SF205,각주항목(09.06월 이후)
2023,202406,0010120,DB금융투자주식회사,C,파생상품계약,3606092550278,국내증권사,B,SF205,각주항목(09.06월 이후)
2024,202406,0010120,DB금융투자주식회사,C1,파생상품계약_장내파생상품,588213530215,국내증권사,B,SF205,각주항목(09.06월 이후)
2025,202406,0010120,DB금융투자주식회사,C11,파생상품계약_장내파생상품_이자율관련거래,305238799284,국내증권사,B,SF205,각주항목(09.06월 이후)
2026,202406,0010120,DB금융투자주식회사,C12,파생상품계약_장내파생상품_통화관련거래,44519306161,국내증권사,B,SF205,각주항목(09.06월 이후)
2027,202406,0010120,DB금융투자주식회사,C13,파생상품계약_장내파생상품_주식관련거래,237612723094,국내증권사,B,SF205,각주항목(09.06월 이후)
2028,202406,0010120,DB금융투자주식회사,C14,파생상품계약_장내파생상품_일반상품관련거래,842701676,국내증권사,B,SF205,각주항목(09.06월 이후)
2029,202406,0010120,DB금융투자주식회사,C15,파생상품계약_장내파생상품_기타,0,국내증권사,B,SF205,각주항목(09.06월 이후)
2030,202406,0010120,DB금융투자주식회사,C2,파생상품계약_장외파생상품,3017879020063,국내증권사,B,SF205,각주항목(09.06월 이후)
2031,202406,0010120,DB금융투자주식회사,C21,파생상품계약_장외파생상품_이자율관련거래,1690000000000,국내증권사,B,SF205,각주항목(09.06월 이후)
2032,202406,0010120,DB금융투자주식회사,C22,파생상품계약_장외파생상품_통화관련거래,891018988571,국내증권사,B,SF205,각주항목(09.06월 이후)
2033,202406,0010120,DB금융투자주식회사,C23,파생상품계약_장외파생상품_주식관련거래,5640917621,국내증권사,B,SF205,각주항목(09.06월 이후)
2034,202406,0010120,DB금융투자주식회사,C24,파생상품계약_장외파생상품_신용관련거래,351839455400,국내증권사,B,SF205,각주항목(09.06월 이후)
2035,202406,0010120,DB금융투자주식회사,C25,파생상품계약_장외파생상품_기타,79379658471,국내증권사,B,SF205,각주항목(09.06월 이후)
2036,202406,0010120,DB금융투자주식회사,D,대차 및 대주거래,1165895949567,국내증권사,B,SF205,각주항목(09.06월 이후)
2037,202406,0010120,DB금융투자주식회사,D1,대차 및 대주거래_대여증권,3503160,국내증권사,B,SF205,각주항목(09.06월 이후)
2038,202406,0010120,DB금융투자주식회사,D2,대차 및 대주거래_차입증권,1165892446407,국내증권사,B,SF205,각주항목(09.06월 이후)
2039,202406,0010120,DB금융투자주식회사,D3,대차 및 대주거래_신용거래대주,0,국내증권사,B,SF205,각주항목(09.06월 이후)
2040,202406,0010120,DB금융투자주식회사,E,대손상각채권,0,국내증권사,B,SF205,각주항목(09.06월 이후)
2041,202406,0010120,DB금융투자주식회사,F,환전업무 예치금,0,국내증권사,B,SF205,각주항목(09.06월 이후)
2042,202406,0010120,DB금융투자주식회사,G,미배당별도예치금,2295032715,국내증권사,B,SF205,각주항목(09.06월 이후)
2043,202406,0010120,DB금융투자주식회사,H,배서어음매출(종금계정),0,국내증권사,B,SF205,각주항목(09.06월 이후)
2044,202406,0010120,DB금융투자주식회사,H1,대출채권매매이익_담보부,0,국내증권사,B,SF205,각주항목(09.06월 이후)
2045,202406,0010120,DB금융투자주식회사,H2,대출채권매매이익_무담보부,0,국내증권사,B,SF205,각주항목(09.06월 이후)
2046,202409,0010120,DB금융투자주식회사,A,채무보증,286620948655,국내증권사,B,SF205,각주항목(09.06월 이후)
2047,202409,0010120,DB금융투자주식회사,A1,채무보증_지급보증,0,국내증권사,B,SF205,각주항목(09.06월 이후)
2048,202409,0010120,DB금융투자주식회사,A2,채무보증_매입보장약정,0,국내증권사,B,SF205,각주항목(09.06월 이후)
2049,202409,0010120,DB금융투자주식회사,A3,채무보증_채무인수약정,0,국내증권사,B,SF205,각주항목(09.06월 이후)
2050,202409,0010120,DB금융투자주식회사,A5,채무보증_매입확약,286230000000,국내증권사,B,SF205,각주항목(09.06월 이후)
2051,202409,0010120,DB금융투자주식회사,A6,채무보증_기타,390948655,국내증권사,B,SF205,각주항목(09.06월 이후)
2052,202409,0010120,DB금융투자주식회사,B,투자자의 예수증권 등,41797672850844,국내증권사,B,SF205,각주항목(09.06월 이후)
2053,202409,0010120,DB금융투자주식회사,B1,투자자의 예수증권 등_예수 증권,41797672850844,국내증권사,B,SF205,각주항목(09.06월 이후)
2054,202409,0010120,DB금융투자주식회사,B2,투자자의 예수증권 등_예수양도성예금증서,0,국내증권사,B,SF205,각주항목(09.06월 이후)
2055,202409,0010120,DB금융투자주식회사,B3,투자자의 예수증권 등_기타,0,국내증권사,B,SF205,각주항목(09.06월 이후)
2056,202409,0010120,DB금융투자주식회사,C,파생상품계약,3667196164249,국내증권사,B,SF205,각주항목(09.06월 이후)
2057,202409,0010120,DB금융투자주식회사,C1,파생상품계약_장내파생상품,606830843001,국내증권사,B,SF205,각주항목(09.06월 이후)
2058,202409,0010120,DB금융투자주식회사,C11,파생상품계약_장내파생상품_이자율관련거래,323472294865,국내증권사,B,SF205,각주항목(09.06월 이후)
2059,202409,0010120,DB금융투자주식회사,C12,파생상품계약_장내파생상품_통화관련거래,22880858588,국내증권사,B,SF205,각주항목(09.06월 이후)
2060,202409,0010120,DB금융투자주식회사,C13,파생상품계약_장내파생상품_주식관련거래,257798165831,국내증권사,B,SF205,각주항목(09.06월 이후)
2061,202409,0010120,DB금융투자주식회사,C14,파생상품계약_장내파생상품_일반상품관련거래,2679523717,국내증권사,B,SF205,각주항목(09.06월 이후)
2062,202409,0010120,DB금융투자주식회사,C15,파생상품계약_장내파생상품_기타,0,국내증권사,B,SF205,각주항목(09.06월 이후)
2063,202409,0010120,DB금융투자주식회사,C2,파생상품계약_장외파생상품,3060365321248,국내증권사,B,SF205,각주항목(09.06월 이후)
2064,202409,0010120,DB금융투자주식회사,C21,파생상품계약_장외파생상품_이자율관련거래,1510000000000,국내증권사,B,SF205,각주항목(09.06월 이후)
2065,202409,0010120,DB금융투자주식회사,C22,파생상품계약_장외파생상품_통화관련거래,1150956978179,국내증권사,B,SF205,각주항목(09.06월 이후)
2066,202409,0010120,DB금융투자주식회사,C23,파생상품계약_장외파생상품_주식관련거래,6176917621,국내증권사,B,SF205,각주항목(09.06월 이후)
2067,202409,0010120,DB금융투자주식회사,C24,파생상품계약_장외파생상품_신용관련거래,334304265200,국내증권사,B,SF205,각주항목(09.06월 이후)
2068,202409,0010120,DB금융투자주식회사,C25,파생상품계약_장외파생상품_기타,58927160248,국내증권사,B,SF205,각주항목(09.06월 이후)
2069,202409,0010120,DB금융투자주식회사,D,대차 및 대주거래,1214861240943,국내증권사,B,SF205,각주항목(09.06월 이후)
2070,202409,0010120,DB금융투자주식회사,D1,대차 및 대주거래_대여증권,939950180,국내증권사,B,SF205,각주항목(09.06월 이후)
2071,202409,0010120,DB금융투자주식회사,D2,대차 및 대주거래_차입증권,1213921290763,국내증권사,B,SF205,각주항목(09.06월 이후)
2072,202409,0010120,DB금융투자주식회사,D3,대차 및 대주거래_신용거래대주,0,국내증권사,B,SF205,각주항목(09.06월 이후)
2073,202409,0010120,DB금융투자주식회사,E,대손상각채권,0,국내증권사,B,SF205,각주항목(09.06월 이후)
2074,202409,0010120,DB금융투자주식회사,F,환전업무 예치금,0,국내증권사,B,SF205,각주항목(09.06월 이후)
2075,202409,0010120,DB금융투자주식회사,G,미배당별도예치금,2597574041,국내증권사,B,SF205,각주항목(09.06월 이후)
2076,202409,0010120,DB금융투자주식회사,H,배서어음매출(종금계정),0,국내증권사,B,SF205,각주항목(09.06월 이후)
2077,202409,0010120,DB금융투자주식회사,H1,대출채권매매이익_담보부,0,국내증권사,B,SF205,각주항목(09.06월 이후)
2078,202409,0010120,DB금융투자주식회사,H2,대출채권매매이익_무담보부,0,국내증권사,B,SF205,각주항목(09.06월 이후)
2079,202412,0010120,DB금융투자주식회사,A,채무보증,338977194650,국내증권사,B,SF205,각주항목(09.06월 이후)
2080,202412,0010120,DB금융투자주식회사,A1,채무보증_지급보증,0,국내증권사,B,SF205,각주항목(09.06월 이후)
2081,202412,0010120,DB금융투자주식회사,A2,채무보증_매입보장약정,0,국내증권사,B,SF205,각주항목(09.06월 이후)
2082,202412,0010120,DB금융투자주식회사,A3,채무보증_채무인수약정,0,국내증권사,B,SF205,각주항목(09.06월 이후)
2083,202412,0010120,DB금융투자주식회사,A5,채무보증_매입확약,338600000000,국내증권사,B,SF205,각주항목(09.06월 이후)
2084,202412,0010120,DB금융투자주식회사,A6,채무보증_기타,377194650,국내증권사,B,SF205,각주항목(09.06월 이후)
2085,202412,0010120,DB금융투자주식회사,B,투자자의 예수증권 등,41640308697192,국내증권사,B,SF205,각주항목(09.06월 이후)
2086,202412,0010120,DB금융투자주식회사,B1,투자자의 예수증권 등_예수 증권,41640308697192,국내증권사,B,SF205,각주항목(09.06월 이후)
2087,202412,0010120,DB금융투자주식회사,B2,투자자의 예수증권 등_예수양도성예금증서,0,국내증권사,B,SF205,각주항목(09.06월 이후)
2088,202412,0010120,DB금융투자주식회사,B3,투자자의 예수증권 등_기타,0,국내증권사,B,SF205,각주항목(09.06월 이후)
2089,202412,0010120,DB금융투자주식회사,C,파생상품계약,4093794411276,국내증권사,B,SF205,각주항목(09.06월 이후)
2090,202412,0010120,DB금융투자주식회사,C1,파생상품계약_장내파생상품,672457377072,국내증권사,B,SF205,각주항목(09.06월 이후)
2091,202412,0010120,DB금융투자주식회사,C11,파생상품계약_장내파생상품_이자율관련거래,403227482026,국내증권사,B,SF205,각주항목(09.06월 이후)
2092,202412,0010120,DB금융투자주식회사,C12,파생상품계약_장내파생상품_통화관련거래,39909075968,국내증권사,B,SF205,각주항목(09.06월 이후)
2093,202412,0010120,DB금융투자주식회사,C13,파생상품계약_장내파생상품_주식관련거래,229130890288,국내증권사,B,SF205,각주항목(09.06월 이후)
2094,202412,0010120,DB금융투자주식회사,C14,파생상품계약_장내파생상품_일반상품관련거래,189928790,국내증권사,B,SF205,각주항목(09.06월 이후)
2095,202412,0010120,DB금융투자주식회사,C15,파생상품계약_장내파생상품_기타,0,국내증권사,B,SF205,각주항목(09.06월 이후)
2096,202412,0010120,DB금융투자주식회사,C2,파생상품계약_장외파생상품,3421337034204,국내증권사,B,SF205,각주항목(09.06월 이후)
2097,202412,0010120,DB금융투자주식회사,C21,파생상품계약_장외파생상품_이자율관련거래,1350000000000,국내증권사,B,SF205,각주항목(09.06월 이후)
2098,202412,0010120,DB금융투자주식회사,C22,파생상품계약_장외파생상품_통화관련거래,1626265828835,국내증권사,B,SF205,각주항목(09.06월 이후)
2099,202412,0010120,DB금융투자주식회사,C23,파생상품계약_장외파생상품_주식관련거래,14054917621,국내증권사,B,SF205,각주항목(09.06월 이후)
2100,202412,0010120,DB금융투자주식회사,C24,파생상품계약_장외파생상품_신용관련거래,372236235000,국내증권사,B,SF205,각주항목(09.06월 이후)
2101,202412,0010120,DB금융투자주식회사,C25,파생상품계약_장외파생상품_기타,58780052748,국내증권사,B,SF205,각주항목(09.06월 이후)
2102,202412,0010120,DB금융투자주식회사,D,대차 및 대주거래,1363588887388,국내증권사,B,SF205,각주항목(09.06월 이후)
2103,202412,0010120,DB금융투자주식회사,D1,대차 및 대주거래_대여증권,1080663200,국내증권사,B,SF205,각주항목(09.06월 이후)
2104,202412,0010120,DB금융투자주식회사,D2,대차 및 대주거래_차입증권,1362508224188,국내증권사,B,SF205,각주항목(09.06월 이후)
2105,202412,0010120,DB금융투자주식회사,D3,대차 및 대주거래_신용거래대주,0,국내증권사,B,SF205,각주항목(09.06월 이후)
2106,202412,0010120,DB금융투자주식회사,E,대손상각채권,0,국내증권사,B,SF205,각주항목(09.06월 이후)
2107,202412,0010120,DB금융투자주식회사,F,환전업무 예치금,0,국내증권사,B,SF205,각주항목(09.06월 이후)
2108,202412,0010120,DB금융투자주식회사,G,미배당별도예치금,1938209062,국내증권사,B,SF205,각주항목(09.06월 이후)
2109,202412,0010120,DB금융투자주식회사,H,배서어음매출(종금계정),0,국내증권사,B,SF205,각주항목(09.06월 이후)
2110,202412,0010120,DB금융투자주식회사,H1,대출채권매매이익_담보부,0,국내증권사,B,SF205,각주항목(09.06월 이후)
2111,202412,0010120,DB금융투자주식회사,H2,대출채권매매이익_무담보부,0,국내증권사,B,SF205,각주항목(09.06월 이후)
2112,201703,0012001,IBK투자증권,A,채무보증,617190000000,국내증권사,B,SF205,각주항목(09.06월 이후)
2113,201703,0012001,IBK투자증권,A1,채무보증_지급보증,0,국내증권사,B,SF205,각주항목(09.06월 이후)
2114,201703,0012001,IBK투자증권,A2,채무보증_매입보장약정,403790000000,국내증권사,B,SF205,각주항목(09.06월 이후)
2115,201703,0012001,IBK투자증권,A3,채무보증_채무인수약정,0,국내증권사,B,SF205,각주항목(09.06월 이후)
2116,201703,0012001,IBK투자증권,A5,채무보증_매입확약,213400000000,국내증권사,B,SF205,각주항목(09.06월 이후)
2117,201703,0012001,IBK투자증권,A6,채무보증_기타,0,국내증권사,B,SF205,각주항목(09.06월 이후)
2118,201703,0012001,IBK투자증권,B,투자자의 예수증권 등,17422182550875,국내증권사,B,SF205,각주항목(09.06월 이후)
2119,201703,0012001,IBK투자증권,B1,투자자의 예수증권 등_예수 증권,17422182550875,국내증권사,B,SF205,각주항목(09.06월 이후)
2120,201703,0012001,IBK투자증권,B2,투자자의 예수증권 등_예수양도성예금증서,0,국내증권사,B,SF205,각주항목(09.06월 이후)
2121,201703,0012001,IBK투자증권,B3,투자자의 예수증권 등_기타,0,국내증권사,B,SF205,각주항목(09.06월 이후)
2122,201703,0012001,IBK투자증권,C,파생상품계약,28100448337476,국내증권사,B,SF205,각주항목(09.06월 이후)
2123,201703,0012001,IBK투자증권,C1,파생상품계약_장내파생상품,496200576005,국내증권사,B,SF205,각주항목(09.06월 이후)
2124,201703,0012001,IBK투자증권,C11,파생상품계약_장내파생상품_이자율관련거래,126742215614,국내증권사,B,SF205,각주항목(09.06월 이후)
2125,201703,0012001,IBK투자증권,C12,파생상품계약_장내파생상품_통화관련거래,10511080000,국내증권사,B,SF205,각주항목(09.06월 이후)
2126,201703,0012001,IBK투자증권,C13,파생상품계약_장내파생상품_주식관련거래,358947280391,국내증권사,B,SF205,각주항목(09.06월 이후)
2127,201703,0012001,IBK투자증권,C14,파생상품계약_장내파생상품_일반상품관련거래,0,국내증권사,B,SF205,각주항목(09.06월 이후)
2128,201703,0012001,IBK투자증권,C15,파생상품계약_장내파생상품_기타,0,국내증권사,B,SF205,각주항목(09.06월 이후)
2129,201703,0012001,IBK투자증권,C2,파생상품계약_장외파생상품,27604247761471,국내증권사,B,SF205,각주항목(09.06월 이후)
2130,201703,0012001,IBK투자증권,C21,파생상품계약_장외파생상품_이자율관련거래,22062214964391,국내증권사,B,SF205,각주항목(09.06월 이후)
2131,201703,0012001,IBK투자증권,C22,파생상품계약_장외파생상품_통화관련거래,2647138567980,국내증권사,B,SF205,각주항목(09.06월 이후)
2132,201703,0012001,IBK투자증권,C23,파생상품계약_장외파생상품_주식관련거래,1370343089100,국내증권사,B,SF205,각주항목(09.06월 이후)
2133,201703,0012001,IBK투자증권,C24,파생상품계약_장외파생상품_신용관련거래,1366329620000,국내증권사,B,SF205,각주항목(09.06월 이후)
2134,201703,0012001,IBK투자증권,C25,파생상품계약_장외파생상품_기타,158221520000,국내증권사,B,SF205,각주항목(09.06월 이후)
2135,201703,0012001,IBK투자증권,D,대차 및 대주거래,292539984000,국내증권사,B,SF205,각주항목(09.06월 이후)
2136,201703,0012001,IBK투자증권,D1,대차 및 대주거래_대여증권,0,국내증권사,B,SF205,각주항목(09.06월 이후)
2137,201703,0012001,IBK투자증권,D2,대차 및 대주거래_차입증권,292539984000,국내증권사,B,SF205,각주항목(09.06월 이후)
2138,201703,0012001,IBK투자증권,D3,대차 및 대주거래_신용거래대주,0,국내증권사,B,SF205,각주항목(09.06월 이후)
2139,201703,0012001,IBK투자증권,E,대손상각채권,0,국내증권사,B,SF205,각주항목(09.06월 이후)
2140,201703,0012001,IBK투자증권,F,환전업무 예치금,0,국내증권사,B,SF205,각주항목(09.06월 이후)
2141,201703,0012001,IBK투자증권,G,미배당별도예치금,0,국내증권사,B,SF205,각주항목(09.06월 이후)
2142,201703,0012001,IBK투자증권,H,배서어음매출(종금계정),0,국내증권사,B,SF205,각주항목(09.06월 이후)
2143,201703,0012001,IBK투자증권,H1,대출채권매매이익_담보부,0,국내증권사,B,SF205,각주항목(09.06월 이후)
2144,201703,0012001,IBK투자증권,H2,대출채권매매이익_무담보부,0,국내증권사,B,SF205,각주항목(09.06월 이후)
2145,201706,0012001,IBK투자증권,A,채무보증,721820000000,국내증권사,B,SF205,각주항목(09.06월 이후)
2146,201706,0012001,IBK투자증권,A1,채무보증_지급보증,0,국내증권사,B,SF205,각주항목(09.06월 이후)
2147,201706,0012001,IBK투자증권,A2,채무보증_매입보장약정,508120000000,국내증권사,B,SF205,각주항목(09.06월 이후)
2148,201706,0012001,IBK투자증권,A3,채무보증_채무인수약정,0,국내증권사,B,SF205,각주항목(09.06월 이후)
2149,201706,0012001,IBK투자증권,A5,채무보증_매입확약,213700000000,국내증권사,B,SF205,각주항목(09.06월 이후)
2150,201706,0012001,IBK투자증권,A6,채무보증_기타,0,국내증권사,B,SF205,각주항목(09.06월 이후)
2151,201706,0012001,IBK투자증권,B,투자자의 예수증권 등,18023735819014,국내증권사,B,SF205,각주항목(09.06월 이후)
2152,201706,0012001,IBK투자증권,B1,투자자의 예수증권 등_예수 증권,18023735819014,국내증권사,B,SF205,각주항목(09.06월 이후)
2153,201706,0012001,IBK투자증권,B2,투자자의 예수증권 등_예수양도성예금증서,0,국내증권사,B,SF205,각주항목(09.06월 이후)
2154,201706,0012001,IBK투자증권,B3,투자자의 예수증권 등_기타,0,국내증권사,B,SF205,각주항목(09.06월 이후)
2155,201706,0012001,IBK투자증권,C,파생상품계약,33309075168074,국내증권사,B,SF205,각주항목(09.06월 이후)
2156,201706,0012001,IBK투자증권,C1,파생상품계약_장내파생상품,1173943327408,국내증권사,B,SF205,각주항목(09.06월 이후)
2157,201706,0012001,IBK투자증권,C11,파생상품계약_장내파생상품_이자율관련거래,61691210574,국내증권사,B,SF205,각주항목(09.06월 이후)
2158,201706,0012001,IBK투자증권,C12,파생상품계약_장내파생상품_통화관련거래,5365829000,국내증권사,B,SF205,각주항목(09.06월 이후)
2159,201706,0012001,IBK투자증권,C13,파생상품계약_장내파생상품_주식관련거래,1106886287834,국내증권사,B,SF205,각주항목(09.06월 이후)
2160,201706,0012001,IBK투자증권,C14,파생상품계약_장내파생상품_일반상품관련거래,0,국내증권사,B,SF205,각주항목(09.06월 이후)
2161,201706,0012001,IBK투자증권,C15,파생상품계약_장내파생상품_기타,0,국내증권사,B,SF205,각주항목(09.06월 이후)
2162,201706,0012001,IBK투자증권,C2,파생상품계약_장외파생상품,32135131840666,국내증권사,B,SF205,각주항목(09.06월 이후)
2163,201706,0012001,IBK투자증권,C21,파생상품계약_장외파생상품_이자율관련거래,24407706745585,국내증권사,B,SF205,각주항목(09.06월 이후)
2164,201706,0012001,IBK투자증권,C22,파생상품계약_장외파생상품_통화관련거래,3664474589981,국내증권사,B,SF205,각주항목(09.06월 이후)
2165,201706,0012001,IBK투자증권,C23,파생상품계약_장외파생상품_주식관련거래,2235437959100,국내증권사,B,SF205,각주항목(09.06월 이후)
2166,201706,0012001,IBK투자증권,C24,파생상품계약_장외파생상품_신용관련거래,1576050320000,국내증권사,B,SF205,각주항목(09.06월 이후)
2167,201706,0012001,IBK투자증권,C25,파생상품계약_장외파생상품_기타,251462226000,국내증권사,B,SF205,각주항목(09.06월 이후)
2168,201706,0012001,IBK투자증권,D,대차 및 대주거래,306528429000,국내증권사,B,SF205,각주항목(09.06월 이후)
2169,201706,0012001,IBK투자증권,D1,대차 및 대주거래_대여증권,0,국내증권사,B,SF205,각주항목(09.06월 이후)
2170,201706,0012001,IBK투자증권,D2,대차 및 대주거래_차입증권,306528429000,국내증권사,B,SF205,각주항목(09.06월 이후)
2171,201706,0012001,IBK투자증권,D3,대차 및 대주거래_신용거래대주,0,국내증권사,B,SF205,각주항목(09.06월 이후)
2172,201706,0012001,IBK투자증권,E,대손상각채권,0,국내증권사,B,SF205,각주항목(09.06월 이후)
2173,201706,0012001,IBK투자증권,F,환전업무 예치금,0,국내증권사,B,SF205,각주항목(09.06월 이후)
2174,201706,0012001,IBK투자증권,G,미배당별도예치금,0,국내증권사,B,SF205,각주항목(09.06월 이후)
2175,201706,0012001,IBK투자증권,H,배서어음매출(종금계정),0,국내증권사,B,SF205,각주항목(09.06월 이후)
2176,201706,0012001,IBK투자증권,H1,대출채권매매이익_담보부,0,국내증권사,B,SF205,각주항목(09.06월 이후)
2177,201706,0012001,IBK투자증권,H2,대출채권매매이익_무담보부,0,국내증권사,B,SF205,각주항목(09.06월 이후)
2178,201709,0012001,IBK투자증권,A,채무보증,690920000000,국내증권사,B,SF205,각주항목(09.06월 이후)
2179,201709,0012001,IBK투자증권,A1,채무보증_지급보증,0,국내증권사,B,SF205,각주항목(09.06월 이후)
2180,201709,0012001,IBK투자증권,A2,채무보증_매입보장약정,427920000000,국내증권사,B,SF205,각주항목(09.06월 이후)
2181,201709,0012001,IBK투자증권,A3,채무보증_채무인수약정,0,국내증권사,B,SF205,각주항목(09.06월 이후)
2182,201709,0012001,IBK투자증권,A5,채무보증_매입확약,263000000000,국내증권사,B,SF205,각주항목(09.06월 이후)
2183,201709,0012001,IBK투자증권,A6,채무보증_기타,0,국내증권사,B,SF205,각주항목(09.06월 이후)
2184,201709,0012001,IBK투자증권,B,투자자의 예수증권 등,19128128012546,국내증권사,B,SF205,각주항목(09.06월 이후)
2185,201709,0012001,IBK투자증권,B1,투자자의 예수증권 등_예수 증권,19128128012546,국내증권사,B,SF205,각주항목(09.06월 이후)
2186,201709,0012001,IBK투자증권,B2,투자자의 예수증권 등_예수양도성예금증서,0,국내증권사,B,SF205,각주항목(09.06월 이후)
2187,201709,0012001,IBK투자증권,B3,투자자의 예수증권 등_기타,0,국내증권사,B,SF205,각주항목(09.06월 이후)
2188,201709,0012001,IBK투자증권,C,파생상품계약,32217163372761,국내증권사,B,SF205,각주항목(09.06월 이후)
2189,201709,0012001,IBK투자증권,C1,파생상품계약_장내파생상품,1612330996668,국내증권사,B,SF205,각주항목(09.06월 이후)
2190,201709,0012001,IBK투자증권,C11,파생상품계약_장내파생상품_이자율관련거래,359582103281,국내증권사,B,SF205,각주항목(09.06월 이후)
2191,201709,0012001,IBK투자증권,C12,파생상품계약_장내파생상품_통화관련거래,8934900000,국내증권사,B,SF205,각주항목(09.06월 이후)
2192,201709,0012001,IBK투자증권,C13,파생상품계약_장내파생상품_주식관련거래,1243813993387,국내증권사,B,SF205,각주항목(09.06월 이후)
2193,201709,0012001,IBK투자증권,C14,파생상품계약_장내파생상품_일반상품관련거래,0,국내증권사,B,SF205,각주항목(09.06월 이후)
2194,201709,0012001,IBK투자증권,C15,파생상품계약_장내파생상품_기타,0,국내증권사,B,SF205,각주항목(09.06월 이후)
2195,201709,0012001,IBK투자증권,C2,파생상품계약_장외파생상품,30604832376093,국내증권사,B,SF205,각주항목(09.06월 이후)
2196,201709,0012001,IBK투자증권,C21,파생상품계약_장외파생상품_이자율관련거래,22860040463393,국내증권사,B,SF205,각주항목(09.06월 이후)
2197,201709,0012001,IBK투자증권,C22,파생상품계약_장외파생상품_통화관련거래,3135860419600,국내증권사,B,SF205,각주항목(09.06월 이후)
2198,201709,0012001,IBK투자증권,C23,파생상품계약_장외파생상품_주식관련거래,2706603121100,국내증권사,B,SF205,각주항목(09.06월 이후)
2199,201709,0012001,IBK투자증권,C24,파생상품계약_장외파생상품_신용관련거래,1792560040000,국내증권사,B,SF205,각주항목(09.06월 이후)
2200,201709,0012001,IBK투자증권,C25,파생상품계약_장외파생상품_기타,109768332000,국내증권사,B,SF205,각주항목(09.06월 이후)
2201,201709,0012001,IBK투자증권,D,대차 및 대주거래,264709855110,국내증권사,B,SF205,각주항목(09.06월 이후)
2202,201709,0012001,IBK투자증권,D1,대차 및 대주거래_대여증권,0,국내증권사,B,SF205,각주항목(09.06월 이후)
2203,201709,0012001,IBK투자증권,D2,대차 및 대주거래_차입증권,264709855110,국내증권사,B,SF205,각주항목(09.06월 이후)
2204,201709,0012001,IBK투자증권,D3,대차 및 대주거래_신용거래대주,0,국내증권사,B,SF205,각주항목(09.06월 이후)
2205,201709,0012001,IBK투자증권,E,대손상각채권,0,국내증권사,B,SF205,각주항목(09.06월 이후)
2206,201709,0012001,IBK투자증권,F,환전업무 예치금,0,국내증권사,B,SF205,각주항목(09.06월 이후)
2207,201709,0012001,IBK투자증권,G,미배당별도예치금,0,국내증권사,B,SF205,각주항목(09.06월 이후)
2208,201709,0012001,IBK투자증권,H,배서어음매출(종금계정),0,국내증권사,B,SF205,각주항목(09.06월 이후)
2209,201709,0012001,IBK투자증권,H1,대출채권매매이익_담보부,0,국내증권사,B,SF205,각주항목(09.06월 이후)
2210,201709,0012001,IBK투자증권,H2,대출채권매매이익_무담보부,0,국내증권사,B,SF205,각주항목(09.06월 이후)
2211,201712,0012001,IBK투자증권,A,채무보증,699680000000,국내증권사,B,SF205,각주항목(09.06월 이후)
2212,201712,0012001,IBK투자증권,A1,채무보증_지급보증,0,국내증권사,B,SF205,각주항목(09.06월 이후)
2213,201712,0012001,IBK투자증권,A2,채무보증_매입보장약정,406380000000,국내증권사,B,SF205,각주항목(09.06월 이후)
2214,201712,0012001,IBK투자증권,A3,채무보증_채무인수약정,0,국내증권사,B,SF205,각주항목(09.06월 이후)
2215,201712,0012001,IBK투자증권,A5,채무보증_매입확약,293300000000,국내증권사,B,SF205,각주항목(09.06월 이후)
2216,201712,0012001,IBK투자증권,A6,채무보증_기타,0,국내증권사,B,SF205,각주항목(09.06월 이후)
2217,201712,0012001,IBK투자증권,B,투자자의 예수증권 등,20246614946456,국내증권사,B,SF205,각주항목(09.06월 이후)
2218,201712,0012001,IBK투자증권,B1,투자자의 예수증권 등_예수 증권,20246614946456,국내증권사,B,SF205,각주항목(09.06월 이후)
2219,201712,0012001,IBK투자증권,B2,투자자의 예수증권 등_예수양도성예금증서,0,국내증권사,B,SF205,각주항목(09.06월 이후)
2220,201712,0012001,IBK투자증권,B3,투자자의 예수증권 등_기타,0,국내증권사,B,SF205,각주항목(09.06월 이후)
2221,201712,0012001,IBK투자증권,C,파생상품계약,32066278021528,국내증권사,B,SF205,각주항목(09.06월 이후)
2222,201712,0012001,IBK투자증권,C1,파생상품계약_장내파생상품,1360435704620,국내증권사,B,SF205,각주항목(09.06월 이후)
2223,201712,0012001,IBK투자증권,C11,파생상품계약_장내파생상품_이자율관련거래,352543600925,국내증권사,B,SF205,각주항목(09.06월 이후)
2224,201712,0012001,IBK투자증권,C12,파생상품계약_장내파생상품_통화관련거래,2297705000,국내증권사,B,SF205,각주항목(09.06월 이후)
2225,201712,0012001,IBK투자증권,C13,파생상품계약_장내파생상품_주식관련거래,1005594398695,국내증권사,B,SF205,각주항목(09.06월 이후)
2226,201712,0012001,IBK투자증권,C14,파생상품계약_장내파생상품_일반상품관련거래,0,국내증권사,B,SF205,각주항목(09.06월 이후)
2227,201712,0012001,IBK투자증권,C15,파생상품계약_장내파생상품_기타,0,국내증권사,B,SF205,각주항목(09.06월 이후)
2228,201712,0012001,IBK투자증권,C2,파생상품계약_장외파생상품,30705842316908,국내증권사,B,SF205,각주항목(09.06월 이후)
2229,201712,0012001,IBK투자증권,C21,파생상품계약_장외파생상품_이자율관련거래,21130991664672,국내증권사,B,SF205,각주항목(09.06월 이후)
2230,201712,0012001,IBK투자증권,C22,파생상품계약_장외파생상품_통화관련거래,2503934581136,국내증권사,B,SF205,각주항목(09.06월 이후)
2231,201712,0012001,IBK투자증권,C23,파생상품계약_장외파생상품_주식관련거래,5082473487100,국내증권사,B,SF205,각주항목(09.06월 이후)
2232,201712,0012001,IBK투자증권,C24,파생상품계약_장외파생상품_신용관련거래,1868080040000,국내증권사,B,SF205,각주항목(09.06월 이후)
2233,201712,0012001,IBK투자증권,C25,파생상품계약_장외파생상품_기타,120362544000,국내증권사,B,SF205,각주항목(09.06월 이후)
2234,201712,0012001,IBK투자증권,D,대차 및 대주거래,260691371880,국내증권사,B,SF205,각주항목(09.06월 이후)
2235,201712,0012001,IBK투자증권,D1,대차 및 대주거래_대여증권,0,국내증권사,B,SF205,각주항목(09.06월 이후)
2236,201712,0012001,IBK투자증권,D2,대차 및 대주거래_차입증권,260691371880,국내증권사,B,SF205,각주항목(09.06월 이후)
2237,201712,0012001,IBK투자증권,D3,대차 및 대주거래_신용거래대주,0,국내증권사,B,SF205,각주항목(09.06월 이후)
2238,201712,0012001,IBK투자증권,E,대손상각채권,0,국내증권사,B,SF205,각주항목(09.06월 이후)
2239,201712,0012001,IBK투자증권,F,환전업무 예치금,0,국내증권사,B,SF205,각주항목(09.06월 이후)
2240,201712,0012001,IBK투자증권,G,미배당별도예치금,0,국내증권사,B,SF205,각주항목(09.06월 이후)
2241,201712,0012001,IBK투자증권,H,배서어음매출(종금계정),0,국내증권사,B,SF205,각주항목(09.06월 이후)
2242,201712,0012001,IBK투자증권,H1,대출채권매매이익_담보부,0,국내증권사,B,SF205,각주항목(09.06월 이후)
2243,201712,0012001,IBK투자증권,H2,대출채권매매이익_무담보부,0,국내증권사,B,SF205,각주항목(09.06월 이후)
2244,201803,0012001,IBK투자증권,A,채무보증,704240000000,국내증권사,B,SF205,각주항목(09.06월 이후)
2245,201803,0012001,IBK투자증권,A1,채무보증_지급보증,0,국내증권사,B,SF205,각주항목(09.06월 이후)
2246,201803,0012001,IBK투자증권,A2,채무보증_매입보장약정,405740000000,국내증권사,B,SF205,각주항목(09.06월 이후)
2247,201803,0012001,IBK투자증권,A3,채무보증_채무인수약정,0,국내증권사,B,SF205,각주항목(09.06월 이후)
2248,201803,0012001,IBK투자증권,A5,채무보증_매입확약,298500000000,국내증권사,B,SF205,각주항목(09.06월 이후)
2249,201803,0012001,IBK투자증권,A6,채무보증_기타,0,국내증권사,B,SF205,각주항목(09.06월 이후)
2250,201803,0012001,IBK투자증권,B,투자자의 예수증권 등,20817368008938,국내증권사,B,SF205,각주항목(09.06월 이후)
2251,201803,0012001,IBK투자증권,B1,투자자의 예수증권 등_예수 증권,20817368008938,국내증권사,B,SF205,각주항목(09.06월 이후)
2252,201803,0012001,IBK투자증권,B2,투자자의 예수증권 등_예수양도성예금증서,0,국내증권사,B,SF205,각주항목(09.06월 이후)
2253,201803,0012001,IBK투자증권,B3,투자자의 예수증권 등_기타,0,국내증권사,B,SF205,각주항목(09.06월 이후)
2254,201803,0012001,IBK투자증권,C,파생상품계약,31265206168770,국내증권사,B,SF205,각주항목(09.06월 이후)
2255,201803,0012001,IBK투자증권,C1,파생상품계약_장내파생상품,1852863532785,국내증권사,B,SF205,각주항목(09.06월 이후)
2256,201803,0012001,IBK투자증권,C11,파생상품계약_장내파생상품_이자율관련거래,538596122053,국내증권사,B,SF205,각주항목(09.06월 이후)
2257,201803,0012001,IBK투자증권,C12,파생상품계약_장내파생상품_통화관련거래,8658560000,국내증권사,B,SF205,각주항목(09.06월 이후)
2258,201803,0012001,IBK투자증권,C13,파생상품계약_장내파생상품_주식관련거래,1305608850732,국내증권사,B,SF205,각주항목(09.06월 이후)
2259,201803,0012001,IBK투자증권,C14,파생상품계약_장내파생상품_일반상품관련거래,0,국내증권사,B,SF205,각주항목(09.06월 이후)
2260,201803,0012001,IBK투자증권,C15,파생상품계약_장내파생상품_기타,0,국내증권사,B,SF205,각주항목(09.06월 이후)
2261,201803,0012001,IBK투자증권,C2,파생상품계약_장외파생상품,29412342635985,국내증권사,B,SF205,각주항목(09.06월 이후)
2262,201803,0012001,IBK투자증권,C21,파생상품계약_장외파생상품_이자율관련거래,19759929794636,국내증권사,B,SF205,각주항목(09.06월 이후)
2263,201803,0012001,IBK투자증권,C22,파생상품계약_장외파생상품_통화관련거래,2629364725349,국내증권사,B,SF205,각주항목(09.06월 이후)
2264,201803,0012001,IBK투자증권,C23,파생상품계약_장외파생상품_주식관련거래,5016377726000,국내증권사,B,SF205,각주항목(09.06월 이후)
2265,201803,0012001,IBK투자증권,C24,파생상품계약_장외파생상품_신용관련거래,1859756900000,국내증권사,B,SF205,각주항목(09.06월 이후)
2266,201803,0012001,IBK투자증권,C25,파생상품계약_장외파생상품_기타,146913490000,국내증권사,B,SF205,각주항목(09.06월 이후)
2267,201803,0012001,IBK투자증권,D,대차 및 대주거래,207238532000,국내증권사,B,SF205,각주항목(09.06월 이후)
2268,201803,0012001,IBK투자증권,D1,대차 및 대주거래_대여증권,0,국내증권사,B,SF205,각주항목(09.06월 이후)
2269,201803,0012001,IBK투자증권,D2,대차 및 대주거래_차입증권,207238532000,국내증권사,B,SF205,각주항목(09.06월 이후)
2270,201803,0012001,IBK투자증권,D3,대차 및 대주거래_신용거래대주,0,국내증권사,B,SF205,각주항목(09.06월 이후)
2271,201803,0012001,IBK투자증권,E,대손상각채권,0,국내증권사,B,SF205,각주항목(09.06월 이후)
2272,201803,0012001,IBK투자증권,F,환전업무 예치금,0,국내증권사,B,SF205,각주항목(09.06월 이후)
2273,201803,0012001,IBK투자증권,G,미배당별도예치금,0,국내증권사,B,SF205,각주항목(09.06월 이후)
2274,201803,0012001,IBK투자증권,H,배서어음매출(종금계정),0,국내증권사,B,SF205,각주항목(09.06월 이후)
2275,201803,0012001,IBK투자증권,H1,대출채권매매이익_담보부,0,국내증권사,B,SF205,각주항목(09.06월 이후)
2276,201803,0012001,IBK투자증권,H2,대출채권매매이익_무담보부,0,국내증권사,B,SF205,각주항목(09.06월 이후)
2277,201806,0012001,IBK투자증권,A,채무보증,720240000000,국내증권사,B,SF205,각주항목(09.06월 이후)
2278,201806,0012001,IBK투자증권,A1,채무보증_지급보증,0,국내증권사,B,SF205,각주항목(09.06월 이후)
2279,201806,0012001,IBK투자증권,A2,채무보증_매입보장약정,385040000000,국내증권사,B,SF205,각주항목(09.06월 이후)
2280,201806,0012001,IBK투자증권,A3,채무보증_채무인수약정,0,국내증권사,B,SF205,각주항목(09.06월 이후)
2281,201806,0012001,IBK투자증권,A5,채무보증_매입확약,335200000000,국내증권사,B,SF205,각주항목(09.06월 이후)
2282,201806,0012001,IBK투자증권,A6,채무보증_기타,0,국내증권사,B,SF205,각주항목(09.06월 이후)
2283,201806,0012001,IBK투자증권,B,투자자의 예수증권 등,20593062453893,국내증권사,B,SF205,각주항목(09.06월 이후)
2284,201806,0012001,IBK투자증권,B1,투자자의 예수증권 등_예수 증권,20593062453893,국내증권사,B,SF205,각주항목(09.06월 이후)
2285,201806,0012001,IBK투자증권,B2,투자자의 예수증권 등_예수양도성예금증서,0,국내증권사,B,SF205,각주항목(09.06월 이후)
2286,201806,0012001,IBK투자증권,B3,투자자의 예수증권 등_기타,0,국내증권사,B,SF205,각주항목(09.06월 이후)
2287,201806,0012001,IBK투자증권,C,파생상품계약,27078820000096,국내증권사,B,SF205,각주항목(09.06월 이후)
2288,201806,0012001,IBK투자증권,C1,파생상품계약_장내파생상품,1538717955020,국내증권사,B,SF205,각주항목(09.06월 이후)
2289,201806,0012001,IBK투자증권,C11,파생상품계약_장내파생상품_이자율관련거래,454367479175,국내증권사,B,SF205,각주항목(09.06월 이후)
2290,201806,0012001,IBK투자증권,C12,파생상품계약_장내파생상품_통화관련거래,15336896000,국내증권사,B,SF205,각주항목(09.06월 이후)
2291,201806,0012001,IBK투자증권,C13,파생상품계약_장내파생상품_주식관련거래,1069013579845,국내증권사,B,SF205,각주항목(09.06월 이후)
2292,201806,0012001,IBK투자증권,C14,파생상품계약_장내파생상품_일반상품관련거래,0,국내증권사,B,SF205,각주항목(09.06월 이후)
2293,201806,0012001,IBK투자증권,C15,파생상품계약_장내파생상품_기타,0,국내증권사,B,SF205,각주항목(09.06월 이후)
2294,201806,0012001,IBK투자증권,C2,파생상품계약_장외파생상품,25540102045076,국내증권사,B,SF205,각주항목(09.06월 이후)
2295,201806,0012001,IBK투자증권,C21,파생상품계약_장외파생상품_이자율관련거래,16714231638718,국내증권사,B,SF205,각주항목(09.06월 이후)
2296,201806,0012001,IBK투자증권,C22,파생상품계약_장외파생상품_통화관련거래,2108500156566,국내증권사,B,SF205,각주항목(09.06월 이후)
2297,201806,0012001,IBK투자증권,C23,파생상품계약_장외파생상품_주식관련거래,4552884068000,국내증권사,B,SF205,각주항목(09.06월 이후)
2298,201806,0012001,IBK투자증권,C24,파생상품계약_장외파생상품_신용관련거래,1915381820000,국내증권사,B,SF205,각주항목(09.06월 이후)
2299,201806,0012001,IBK투자증권,C25,파생상품계약_장외파생상품_기타,249104361792,국내증권사,B,SF205,각주항목(09.06월 이후)
2300,201806,0012001,IBK투자증권,D,대차 및 대주거래,206434676800,국내증권사,B,SF205,각주항목(09.06월 이후)
2301,201806,0012001,IBK투자증권,D1,대차 및 대주거래_대여증권,0,국내증권사,B,SF205,각주항목(09.06월 이후)
2302,201806,0012001,IBK투자증권,D2,대차 및 대주거래_차입증권,206434676800,국내증권사,B,SF205,각주항목(09.06월 이후)
2303,201806,0012001,IBK투자증권,D3,대차 및 대주거래_신용거래대주,0,국내증권사,B,SF205,각주항목(09.06월 이후)
2304,201806,0012001,IBK투자증권,E,대손상각채권,0,국내증권사,B,SF205,각주항목(09.06월 이후)
2305,201806,0012001,IBK투자증권,F,환전업무 예치금,0,국내증권사,B,SF205,각주항목(09.06월 이후)
2306,201806,0012001,IBK투자증권,G,미배당별도예치금,0,국내증권사,B,SF205,각주항목(09.06월 이후)
2307,201806,0012001,IBK투자증권,H,배서어음매출(종금계정),0,국내증권사,B,SF205,각주항목(09.06월 이후)
2308,201806,0012001,IBK투자증권,H1,대출채권매매이익_담보부,0,국내증권사,B,SF205,각주항목(09.06월 이후)
2309,201806,0012001,IBK투자증권,H2,대출채권매매이익_무담보부,0,국내증권사,B,SF205,각주항목(09.06월 이후)
2310,201809,0012001,IBK투자증권,A,채무보증,621950000000,국내증권사,B,SF205,각주항목(09.06월 이후)
2311,201809,0012001,IBK투자증권,A1,채무보증_지급보증,0,국내증권사,B,SF205,각주항목(09.06월 이후)
2312,201809,0012001,IBK투자증권,A2,채무보증_매입보장약정,373650000000,국내증권사,B,SF205,각주항목(09.06월 이후)
2313,201809,0012001,IBK투자증권,A3,채무보증_채무인수약정,0,국내증권사,B,SF205,각주항목(09.06월 이후)
2314,201809,0012001,IBK투자증권,A5,채무보증_매입확약,248300000000,국내증권사,B,SF205,각주항목(09.06월 이후)
2315,201809,0012001,IBK투자증권,A6,채무보증_기타,0,국내증권사,B,SF205,각주항목(09.06월 이후)
2316,201809,0012001,IBK투자증권,B,투자자의 예수증권 등,21452376429154,국내증권사,B,SF205,각주항목(09.06월 이후)
2317,201809,0012001,IBK투자증권,B1,투자자의 예수증권 등_예수 증권,21452376429154,국내증권사,B,SF205,각주항목(09.06월 이후)
2318,201809,0012001,IBK투자증권,B2,투자자의 예수증권 등_예수양도성예금증서,0,국내증권사,B,SF205,각주항목(09.06월 이후)
2319,201809,0012001,IBK투자증권,B3,투자자의 예수증권 등_기타,0,국내증권사,B,SF205,각주항목(09.06월 이후)
2320,201809,0012001,IBK투자증권,C,파생상품계약,24858903237528,국내증권사,B,SF205,각주항목(09.06월 이후)
2321,201809,0012001,IBK투자증권,C1,파생상품계약_장내파생상품,1196370216508,국내증권사,B,SF205,각주항목(09.06월 이후)
2322,201809,0012001,IBK투자증권,C11,파생상품계약_장내파생상품_이자율관련거래,91836669239,국내증권사,B,SF205,각주항목(09.06월 이후)
2323,201809,0012001,IBK투자증권,C12,파생상품계약_장내파생상품_통화관련거래,3515530000,국내증권사,B,SF205,각주항목(09.06월 이후)
2324,201809,0012001,IBK투자증권,C13,파생상품계약_장내파생상품_주식관련거래,1101018017269,국내증권사,B,SF205,각주항목(09.06월 이후)
2325,201809,0012001,IBK투자증권,C14,파생상품계약_장내파생상품_일반상품관련거래,0,국내증권사,B,SF205,각주항목(09.06월 이후)
2326,201809,0012001,IBK투자증권,C15,파생상품계약_장내파생상품_기타,0,국내증권사,B,SF205,각주항목(09.06월 이후)
2327,201809,0012001,IBK투자증권,C2,파생상품계약_장외파생상품,23662533021020,국내증권사,B,SF205,각주항목(09.06월 이후)
2328,201809,0012001,IBK투자증권,C21,파생상품계약_장외파생상품_이자율관련거래,14740035077835,국내증권사,B,SF205,각주항목(09.06월 이후)
2329,201809,0012001,IBK투자증권,C22,파생상품계약_장외파생상품_통화관련거래,2052167029994,국내증권사,B,SF205,각주항목(09.06월 이후)
2330,201809,0012001,IBK투자증권,C23,파생상품계약_장외파생상품_주식관련거래,4505442388000,국내증권사,B,SF205,각주항목(09.06월 이후)
2331,201809,0012001,IBK투자증권,C24,파생상품계약_장외파생상품_신용관련거래,2098149464000,국내증권사,B,SF205,각주항목(09.06월 이후)
2332,201809,0012001,IBK투자증권,C25,파생상품계약_장외파생상품_기타,266739061191,국내증권사,B,SF205,각주항목(09.06월 이후)
2333,201809,0012001,IBK투자증권,D,대차 및 대주거래,161515541600,국내증권사,B,SF205,각주항목(09.06월 이후)
2334,201809,0012001,IBK투자증권,D1,대차 및 대주거래_대여증권,0,국내증권사,B,SF205,각주항목(09.06월 이후)
2335,201809,0012001,IBK투자증권,D2,대차 및 대주거래_차입증권,161515541600,국내증권사,B,SF205,각주항목(09.06월 이후)
2336,201809,0012001,IBK투자증권,D3,대차 및 대주거래_신용거래대주,0,국내증권사,B,SF205,각주항목(09.06월 이후)
2337,201809,0012001,IBK투자증권,E,대손상각채권,0,국내증권사,B,SF205,각주항목(09.06월 이후)
2338,201809,0012001,IBK투자증권,F,환전업무 예치금,0,국내증권사,B,SF205,각주항목(09.06월 이후)
2339,201809,0012001,IBK투자증권,G,미배당별도예치금,0,국내증권사,B,SF205,각주항목(09.06월 이후)
2340,201809,0012001,IBK투자증권,H,배서어음매출(종금계정),0,국내증권사,B,SF205,각주항목(09.06월 이후)
2341,201809,0012001,IBK투자증권,H1,대출채권매매이익_담보부,0,국내증권사,B,SF205,각주항목(09.06월 이후)
2342,201809,0012001,IBK투자증권,H2,대출채권매매이익_무담보부,0,국내증권사,B,SF205,각주항목(09.06월 이후)
2343,201812,0012001,IBK투자증권,A,채무보증,602250000000,국내증권사,B,SF205,각주항목(09.06월 이후)
2344,201812,0012001,IBK투자증권,A1,채무보증_지급보증,0,국내증권사,B,SF205,각주항목(09.06월 이후)
2345,201812,0012001,IBK투자증권,A2,채무보증_매입보장약정,358650000000,국내증권사,B,SF205,각주항목(09.06월 이후)
2346,201812,0012001,IBK투자증권,A3,채무보증_채무인수약정,0,국내증권사,B,SF205,각주항목(09.06월 이후)
2347,201812,0012001,IBK투자증권,A5,채무보증_매입확약,243600000000,국내증권사,B,SF205,각주항목(09.06월 이후)
2348,201812,0012001,IBK투자증권,A6,채무보증_기타,0,국내증권사,B,SF205,각주항목(09.06월 이후)
2349,201812,0012001,IBK투자증권,B,투자자의 예수증권 등,21146170013887,국내증권사,B,SF205,각주항목(09.06월 이후)
2350,201812,0012001,IBK투자증권,B1,투자자의 예수증권 등_예수 증권,21146170013887,국내증권사,B,SF205,각주항목(09.06월 이후)
2351,201812,0012001,IBK투자증권,B2,투자자의 예수증권 등_예수양도성예금증서,0,국내증권사,B,SF205,각주항목(09.06월 이후)
2352,201812,0012001,IBK투자증권,B3,투자자의 예수증권 등_기타,0,국내증권사,B,SF205,각주항목(09.06월 이후)
2353,201812,0012001,IBK투자증권,C,파생상품계약,22507893988602,국내증권사,B,SF205,각주항목(09.06월 이후)
2354,201812,0012001,IBK투자증권,C1,파생상품계약_장내파생상품,1314503931658,국내증권사,B,SF205,각주항목(09.06월 이후)
2355,201812,0012001,IBK투자증권,C11,파생상품계약_장내파생상품_이자율관련거래,371148424934,국내증권사,B,SF205,각주항목(09.06월 이후)
2356,201812,0012001,IBK투자증권,C12,파생상품계약_장내파생상품_통화관련거래,3403800000,국내증권사,B,SF205,각주항목(09.06월 이후)
2357,201812,0012001,IBK투자증권,C13,파생상품계약_장내파생상품_주식관련거래,939951706724,국내증권사,B,SF205,각주항목(09.06월 이후)
2358,201812,0012001,IBK투자증권,C14,파생상품계약_장내파생상품_일반상품관련거래,0,국내증권사,B,SF205,각주항목(09.06월 이후)
2359,201812,0012001,IBK투자증권,C15,파생상품계약_장내파생상품_기타,0,국내증권사,B,SF205,각주항목(09.06월 이후)
2360,201812,0012001,IBK투자증권,C2,파생상품계약_장외파생상품,21193390056944,국내증권사,B,SF205,각주항목(09.06월 이후)
2361,201812,0012001,IBK투자증권,C21,파생상품계약_장외파생상품_이자율관련거래,14346436518841,국내증권사,B,SF205,각주항목(09.06월 이후)
2362,201812,0012001,IBK투자증권,C22,파생상품계약_장외파생상품_통화관련거래,1764190845492,국내증권사,B,SF205,각주항목(09.06월 이후)
2363,201812,0012001,IBK투자증권,C23,파생상품계약_장외파생상품_주식관련거래,2564973278000,국내증권사,B,SF205,각주항목(09.06월 이후)
2364,201812,0012001,IBK투자증권,C24,파생상품계약_장외파생상품_신용관련거래,2305554452000,국내증권사,B,SF205,각주항목(09.06월 이후)
2365,201812,0012001,IBK투자증권,C25,파생상품계약_장외파생상품_기타,212234962611,국내증권사,B,SF205,각주항목(09.06월 이후)
2366,201812,0012001,IBK투자증권,D,대차 및 대주거래,314961015800,국내증권사,B,SF205,각주항목(09.06월 이후)
2367,201812,0012001,IBK투자증권,D1,대차 및 대주거래_대여증권,0,국내증권사,B,SF205,각주항목(09.06월 이후)
2368,201812,0012001,IBK투자증권,D2,대차 및 대주거래_차입증권,314961015800,국내증권사,B,SF205,각주항목(09.06월 이후)
2369,201812,0012001,IBK투자증권,D3,대차 및 대주거래_신용거래대주,0,국내증권사,B,SF205,각주항목(09.06월 이후)
2370,201812,0012001,IBK투자증권,E,대손상각채권,0,국내증권사,B,SF205,각주항목(09.06월 이후)
2371,201812,0012001,IBK투자증권,F,환전업무 예치금,0,국내증권사,B,SF205,각주항목(09.06월 이후)
2372,201812,0012001,IBK투자증권,G,미배당별도예치금,0,국내증권사,B,SF205,각주항목(09.06월 이후)
2373,201812,0012001,IBK투자증권,H,배서어음매출(종금계정),0,국내증권사,B,SF205,각주항목(09.06월 이후)
2374,201812,0012001,IBK투자증권,H1,대출채권매매이익_담보부,0,국내증권사,B,SF205,각주항목(09.06월 이후)
2375,201812,0012001,IBK투자증권,H2,대출채권매매이익_무담보부,0,국내증권사,B,SF205,각주항목(09.06월 이후)
2376,201903,0012001,IBK투자증권,A,채무보증,634180000000,국내증권사,B,SF205,각주항목(09.06월 이후)
2377,201903,0012001,IBK투자증권,A1,채무보증_지급보증,0,국내증권사,B,SF205,각주항목(09.06월 이후)
2378,201903,0012001,IBK투자증권,A2,채무보증_매입보장약정,357880000000,국내증권사,B,SF205,각주항목(09.06월 이후)
2379,201903,0012001,IBK투자증권,A3,채무보증_채무인수약정,0,국내증권사,B,SF205,각주항목(09.06월 이후)
2380,201903,0012001,IBK투자증권,A5,채무보증_매입확약,276300000000,국내증권사,B,SF205,각주항목(09.06월 이후)
2381,201903,0012001,IBK투자증권,A6,채무보증_기타,0,국내증권사,B,SF205,각주항목(09.06월 이후)
2382,201903,0012001,IBK투자증권,B,투자자의 예수증권 등,25951628256789,국내증권사,B,SF205,각주항목(09.06월 이후)
2383,201903,0012001,IBK투자증권,B1,투자자의 예수증권 등_예수 증권,25951628256789,국내증권사,B,SF205,각주항목(09.06월 이후)
2384,201903,0012001,IBK투자증권,B2,투자자의 예수증권 등_예수양도성예금증서,0,국내증권사,B,SF205,각주항목(09.06월 이후)
2385,201903,0012001,IBK투자증권,B3,투자자의 예수증권 등_기타,0,국내증권사,B,SF205,각주항목(09.06월 이후)
2386,201903,0012001,IBK투자증권,C,파생상품계약,21391877675868,국내증권사,B,SF205,각주항목(09.06월 이후)
2387,201903,0012001,IBK투자증권,C1,파생상품계약_장내파생상품,1842628064259,국내증권사,B,SF205,각주항목(09.06월 이후)
2388,201903,0012001,IBK투자증권,C11,파생상품계약_장내파생상품_이자율관련거래,748811975248,국내증권사,B,SF205,각주항목(09.06월 이후)
2389,201903,0012001,IBK투자증권,C12,파생상품계약_장내파생상품_통화관련거래,6718016000,국내증권사,B,SF205,각주항목(09.06월 이후)
2390,201903,0012001,IBK투자증권,C13,파생상품계약_장내파생상품_주식관련거래,1087098073011,국내증권사,B,SF205,각주항목(09.06월 이후)
2391,201903,0012001,IBK투자증권,C14,파생상품계약_장내파생상품_일반상품관련거래,0,국내증권사,B,SF205,각주항목(09.06월 이후)
2392,201903,0012001,IBK투자증권,C15,파생상품계약_장내파생상품_기타,0,국내증권사,B,SF205,각주항목(09.06월 이후)
2393,201903,0012001,IBK투자증권,C2,파생상품계약_장외파생상품,19549249611609,국내증권사,B,SF205,각주항목(09.06월 이후)
2394,201903,0012001,IBK투자증권,C21,파생상품계약_장외파생상품_이자율관련거래,12409879560352,국내증권사,B,SF205,각주항목(09.06월 이후)
2395,201903,0012001,IBK투자증권,C22,파생상품계약_장외파생상품_통화관련거래,1947666132481,국내증권사,B,SF205,각주항목(09.06월 이후)
2396,201903,0012001,IBK투자증권,C23,파생상품계약_장외파생상품_주식관련거래,2524699310920,국내증권사,B,SF205,각주항목(09.06월 이후)
2397,201903,0012001,IBK투자증권,C24,파생상품계약_장외파생상품_신용관련거래,2445688822977,국내증권사,B,SF205,각주항목(09.06월 이후)
2398,201903,0012001,IBK투자증권,C25,파생상품계약_장외파생상품_기타,221315784879,국내증권사,B,SF205,각주항목(09.06월 이후)
2399,201903,0012001,IBK투자증권,D,대차 및 대주거래,324036775000,국내증권사,B,SF205,각주항목(09.06월 이후)
2400,201903,0012001,IBK투자증권,D1,대차 및 대주거래_대여증권,0,국내증권사,B,SF205,각주항목(09.06월 이후)
2401,201903,0012001,IBK투자증권,D2,대차 및 대주거래_차입증권,324036775000,국내증권사,B,SF205,각주항목(09.06월 이후)
2402,201903,0012001,IBK투자증권,D3,대차 및 대주거래_신용거래대주,0,국내증권사,B,SF205,각주항목(09.06월 이후)
2403,201903,0012001,IBK투자증권,E,대손상각채권,0,국내증권사,B,SF205,각주항목(09.06월 이후)
2404,201903,0012001,IBK투자증권,F,환전업무 예치금,0,국내증권사,B,SF205,각주항목(09.06월 이후)
2405,201903,0012001,IBK투자증권,G,미배당별도예치금,0,국내증권사,B,SF205,각주항목(09.06월 이후)
2406,201903,0012001,IBK투자증권,H,배서어음매출(종금계정),0,국내증권사,B,SF205,각주항목(09.06월 이후)
2407,201903,0012001,IBK투자증권,H1,대출채권매매이익_담보부,0,국내증권사,B,SF205,각주항목(09.06월 이후)
2408,201903,0012001,IBK투자증권,H2,대출채권매매이익_무담보부,0,국내증권사,B,SF205,각주항목(09.06월 이후)
2409,201906,0012001,IBK투자증권,A,채무보증,626680000000,국내증권사,B,SF205,각주항목(09.06월 이후)
2410,201906,0012001,IBK투자증권,A1,채무보증_지급보증,0,국내증권사,B,SF205,각주항목(09.06월 이후)
2411,201906,0012001,IBK투자증권,A2,채무보증_매입보장약정,356980000000,국내증권사,B,SF205,각주항목(09.06월 이후)
2412,201906,0012001,IBK투자증권,A3,채무보증_채무인수약정,0,국내증권사,B,SF205,각주항목(09.06월 이후)
2413,201906,0012001,IBK투자증권,A5,채무보증_매입확약,269700000000,국내증권사,B,SF205,각주항목(09.06월 이후)
2414,201906,0012001,IBK투자증권,A6,채무보증_기타,0,국내증권사,B,SF205,각주항목(09.06월 이후)
2415,201906,0012001,IBK투자증권,B,투자자의 예수증권 등,27763558563329,국내증권사,B,SF205,각주항목(09.06월 이후)
2416,201906,0012001,IBK투자증권,B1,투자자의 예수증권 등_예수 증권,27763558563329,국내증권사,B,SF205,각주항목(09.06월 이후)
2417,201906,0012001,IBK투자증권,B2,투자자의 예수증권 등_예수양도성예금증서,0,국내증권사,B,SF205,각주항목(09.06월 이후)
2418,201906,0012001,IBK투자증권,B3,투자자의 예수증권 등_기타,0,국내증권사,B,SF205,각주항목(09.06월 이후)
2419,201906,0012001,IBK투자증권,C,파생상품계약,19974121601420,국내증권사,B,SF205,각주항목(09.06월 이후)
2420,201906,0012001,IBK투자증권,C1,파생상품계약_장내파생상품,1335556621354,국내증권사,B,SF205,각주항목(09.06월 이후)
2421,201906,0012001,IBK투자증권,C11,파생상품계약_장내파생상품_이자율관련거래,915608403443,국내증권사,B,SF205,각주항목(09.06월 이후)
2422,201906,0012001,IBK투자증권,C12,파생상품계약_장내파생상품_통화관련거래,5079800000,국내증권사,B,SF205,각주항목(09.06월 이후)
2423,201906,0012001,IBK투자증권,C13,파생상품계약_장내파생상품_주식관련거래,414868417911,국내증권사,B,SF205,각주항목(09.06월 이후)
2424,201906,0012001,IBK투자증권,C14,파생상품계약_장내파생상품_일반상품관련거래,0,국내증권사,B,SF205,각주항목(09.06월 이후)
2425,201906,0012001,IBK투자증권,C15,파생상품계약_장내파생상품_기타,0,국내증권사,B,SF205,각주항목(09.06월 이후)
2426,201906,0012001,IBK투자증권,C2,파생상품계약_장외파생상품,18638564980066,국내증권사,B,SF205,각주항목(09.06월 이후)
2427,201906,0012001,IBK투자증권,C21,파생상품계약_장외파생상품_이자율관련거래,11900458070930,국내증권사,B,SF205,각주항목(09.06월 이후)
2428,201906,0012001,IBK투자증권,C22,파생상품계약_장외파생상품_통화관련거래,1880908119432,국내증권사,B,SF205,각주항목(09.06월 이후)
2429,201906,0012001,IBK투자증권,C23,파생상품계약_장외파생상품_주식관련거래,2421399584000,국내증권사,B,SF205,각주항목(09.06월 이후)
2430,201906,0012001,IBK투자증권,C24,파생상품계약_장외파생상품_신용관련거래,2237307439640,국내증권사,B,SF205,각주항목(09.06월 이후)
2431,201906,0012001,IBK투자증권,C25,파생상품계약_장외파생상품_기타,198491766064,국내증권사,B,SF205,각주항목(09.06월 이후)
2432,201906,0012001,IBK투자증권,D,대차 및 대주거래,342584565000,국내증권사,B,SF205,각주항목(09.06월 이후)
2433,201906,0012001,IBK투자증권,D1,대차 및 대주거래_대여증권,0,국내증권사,B,SF205,각주항목(09.06월 이후)
2434,201906,0012001,IBK투자증권,D2,대차 및 대주거래_차입증권,342584565000,국내증권사,B,SF205,각주항목(09.06월 이후)
2435,201906,0012001,IBK투자증권,D3,대차 및 대주거래_신용거래대주,0,국내증권사,B,SF205,각주항목(09.06월 이후)
2436,201906,0012001,IBK투자증권,E,대손상각채권,0,국내증권사,B,SF205,각주항목(09.06월 이후)
2437,201906,0012001,IBK투자증권,F,환전업무 예치금,0,국내증권사,B,SF205,각주항목(09.06월 이후)
2438,201906,0012001,IBK투자증권,G,미배당별도예치금,0,국내증권사,B,SF205,각주항목(09.06월 이후)
2439,201906,0012001,IBK투자증권,H,배서어음매출(종금계정),0,국내증권사,B,SF205,각주항목(09.06월 이후)
2440,201906,0012001,IBK투자증권,H1,대출채권매매이익_담보부,0,국내증권사,B,SF205,각주항목(09.06월 이후)
2441,201906,0012001,IBK투자증권,H2,대출채권매매이익_무담보부,0,국내증권사,B,SF205,각주항목(09.06월 이후)
2442,201909,0012001,IBK투자증권,A,채무보증,566280000000,국내증권사,B,SF205,각주항목(09.06월 이후)
2443,201909,0012001,IBK투자증권,A1,채무보증_지급보증,0,국내증권사,B,SF205,각주항목(09.06월 이후)
2444,201909,0012001,IBK투자증권,A2,채무보증_매입보장약정,356680000000,국내증권사,B,SF205,각주항목(09.06월 이후)
2445,201909,0012001,IBK투자증권,A3,채무보증_채무인수약정,0,국내증권사,B,SF205,각주항목(09.06월 이후)
2446,201909,0012001,IBK투자증권,A5,채무보증_매입확약,209600000000,국내증권사,B,SF205,각주항목(09.06월 이후)
2447,201909,0012001,IBK투자증권,A6,채무보증_기타,0,국내증권사,B,SF205,각주항목(09.06월 이후)
2448,201909,0012001,IBK투자증권,B,투자자의 예수증권 등,28514847468724,국내증권사,B,SF205,각주항목(09.06월 이후)
2449,201909,0012001,IBK투자증권,B1,투자자의 예수증권 등_예수 증권,28514847468724,국내증권사,B,SF205,각주항목(09.06월 이후)
2450,201909,0012001,IBK투자증권,B2,투자자의 예수증권 등_예수양도성예금증서,0,국내증권사,B,SF205,각주항목(09.06월 이후)
2451,201909,0012001,IBK투자증권,B3,투자자의 예수증권 등_기타,0,국내증권사,B,SF205,각주항목(09.06월 이후)
2452,201909,0012001,IBK투자증권,C,파생상품계약,22158254852116,국내증권사,B,SF205,각주항목(09.06월 이후)
2453,201909,0012001,IBK투자증권,C1,파생상품계약_장내파생상품,979665633473,국내증권사,B,SF205,각주항목(09.06월 이후)
2454,201909,0012001,IBK투자증권,C11,파생상품계약_장내파생상품_이자율관련거래,528429867642,국내증권사,B,SF205,각주항목(09.06월 이후)
2455,201909,0012001,IBK투자증권,C12,파생상품계약_장내파생상품_통화관련거래,119620000,국내증권사,B,SF205,각주항목(09.06월 이후)
2456,201909,0012001,IBK투자증권,C13,파생상품계약_장내파생상품_주식관련거래,451116145831,국내증권사,B,SF205,각주항목(09.06월 이후)
2457,201909,0012001,IBK투자증권,C14,파생상품계약_장내파생상품_일반상품관련거래,0,국내증권사,B,SF205,각주항목(09.06월 이후)
2458,201909,0012001,IBK투자증권,C15,파생상품계약_장내파생상품_기타,0,국내증권사,B,SF205,각주항목(09.06월 이후)
2459,201909,0012001,IBK투자증권,C2,파생상품계약_장외파생상품,21178589218643,국내증권사,B,SF205,각주항목(09.06월 이후)
2460,201909,0012001,IBK투자증권,C21,파생상품계약_장외파생상품_이자율관련거래,15520976722043,국내증권사,B,SF205,각주항목(09.06월 이후)
2461,201909,0012001,IBK투자증권,C22,파생상품계약_장외파생상품_통화관련거래,1776693769178,국내증권사,B,SF205,각주항목(09.06월 이후)
2462,201909,0012001,IBK투자증권,C23,파생상품계약_장외파생상품_주식관련거래,1076558209300,국내증권사,B,SF205,각주항목(09.06월 이후)
2463,201909,0012001,IBK투자증권,C24,파생상품계약_장외파생상품_신용관련거래,2606372696244,국내증권사,B,SF205,각주항목(09.06월 이후)
2464,201909,0012001,IBK투자증권,C25,파생상품계약_장외파생상품_기타,197987821878,국내증권사,B,SF205,각주항목(09.06월 이후)
2465,201909,0012001,IBK투자증권,D,대차 및 대주거래,350732898700,국내증권사,B,SF205,각주항목(09.06월 이후)
2466,201909,0012001,IBK투자증권,D1,대차 및 대주거래_대여증권,0,국내증권사,B,SF205,각주항목(09.06월 이후)
2467,201909,0012001,IBK투자증권,D2,대차 및 대주거래_차입증권,350732898700,국내증권사,B,SF205,각주항목(09.06월 이후)
2468,201909,0012001,IBK투자증권,D3,대차 및 대주거래_신용거래대주,0,국내증권사,B,SF205,각주항목(09.06월 이후)
2469,201909,0012001,IBK투자증권,E,대손상각채권,0,국내증권사,B,SF205,각주항목(09.06월 이후)
2470,201909,0012001,IBK투자증권,F,환전업무 예치금,0,국내증권사,B,SF205,각주항목(09.06월 이후)
2471,201909,0012001,IBK투자증권,G,미배당별도예치금,0,국내증권사,B,SF205,각주항목(09.06월 이후)
2472,201909,0012001,IBK투자증권,H,배서어음매출(종금계정),0,국내증권사,B,SF205,각주항목(09.06월 이후)
2473,201909,0012001,IBK투자증권,H1,대출채권매매이익_담보부,0,국내증권사,B,SF205,각주항목(09.06월 이후)
2474,201909,0012001,IBK투자증권,H2,대출채권매매이익_무담보부,0,국내증권사,B,SF205,각주항목(09.06월 이후)
2475,201912,0012001,IBK투자증권,A,채무보증,570880000000,국내증권사,B,SF205,각주항목(09.06월 이후)
2476,201912,0012001,IBK투자증권,A1,채무보증_지급보증,0,국내증권사,B,SF205,각주항목(09.06월 이후)
2477,201912,0012001,IBK투자증권,A2,채무보증_매입보장약정,355880000000,국내증권사,B,SF205,각주항목(09.06월 이후)
2478,201912,0012001,IBK투자증권,A3,채무보증_채무인수약정,0,국내증권사,B,SF205,각주항목(09.06월 이후)
2479,201912,0012001,IBK투자증권,A5,채무보증_매입확약,215000000000,국내증권사,B,SF205,각주항목(09.06월 이후)
2480,201912,0012001,IBK투자증권,A6,채무보증_기타,0,국내증권사,B,SF205,각주항목(09.06월 이후)
2481,201912,0012001,IBK투자증권,B,투자자의 예수증권 등,31847438566187,국내증권사,B,SF205,각주항목(09.06월 이후)
2482,201912,0012001,IBK투자증권,B1,투자자의 예수증권 등_예수 증권,31847438566187,국내증권사,B,SF205,각주항목(09.06월 이후)
2483,201912,0012001,IBK투자증권,B2,투자자의 예수증권 등_예수양도성예금증서,0,국내증권사,B,SF205,각주항목(09.06월 이후)
2484,201912,0012001,IBK투자증권,B3,투자자의 예수증권 등_기타,0,국내증권사,B,SF205,각주항목(09.06월 이후)
2485,201912,0012001,IBK투자증권,C,파생상품계약,26135721899162,국내증권사,B,SF205,각주항목(09.06월 이후)
2486,201912,0012001,IBK투자증권,C1,파생상품계약_장내파생상품,369362869399,국내증권사,B,SF205,각주항목(09.06월 이후)
2487,201912,0012001,IBK투자증권,C11,파생상품계약_장내파생상품_이자율관련거래,105530911828,국내증권사,B,SF205,각주항목(09.06월 이후)
2488,201912,0012001,IBK투자증권,C12,파생상품계약_장내파생상품_통화관련거래,1271270000,국내증권사,B,SF205,각주항목(09.06월 이후)
2489,201912,0012001,IBK투자증권,C13,파생상품계약_장내파생상품_주식관련거래,262560687571,국내증권사,B,SF205,각주항목(09.06월 이후)
2490,201912,0012001,IBK투자증권,C14,파생상품계약_장내파생상품_일반상품관련거래,0,국내증권사,B,SF205,각주항목(09.06월 이후)
2491,201912,0012001,IBK투자증권,C15,파생상품계약_장내파생상품_기타,0,국내증권사,B,SF205,각주항목(09.06월 이후)
2492,201912,0012001,IBK투자증권,C2,파생상품계약_장외파생상품,25766359029763,국내증권사,B,SF205,각주항목(09.06월 이후)
2493,201912,0012001,IBK투자증권,C21,파생상품계약_장외파생상품_이자율관련거래,20362847200909,국내증권사,B,SF205,각주항목(09.06월 이후)
2494,201912,0012001,IBK투자증권,C22,파생상품계약_장외파생상품_통화관련거래,1907734540418,국내증권사,B,SF205,각주항목(09.06월 이후)
2495,201912,0012001,IBK투자증권,C23,파생상품계약_장외파생상품_주식관련거래,594567948800,국내증권사,B,SF205,각주항목(09.06월 이후)
2496,201912,0012001,IBK투자증권,C24,파생상품계약_장외파생상품_신용관련거래,2715053535163,국내증권사,B,SF205,각주항목(09.06월 이후)
2497,201912,0012001,IBK투자증권,C25,파생상품계약_장외파생상품_기타,186155804473,국내증권사,B,SF205,각주항목(09.06월 이후)
2498,201912,0012001,IBK투자증권,D,대차 및 대주거래,436637101300,국내증권사,B,SF205,각주항목(09.06월 이후)
2499,201912,0012001,IBK투자증권,D1,대차 및 대주거래_대여증권,0,국내증권사,B,SF205,각주항목(09.06월 이후)
2500,201912,0012001,IBK투자증권,D2,대차 및 대주거래_차입증권,436637101300,국내증권사,B,SF205,각주항목(09.06월 이후)
2501,201912,0012001,IBK투자증권,D3,대차 및 대주거래_신용거래대주,0,국내증권사,B,SF205,각주항목(09.06월 이후)
2502,201912,0012001,IBK투자증권,E,대손상각채권,0,국내증권사,B,SF205,각주항목(09.06월 이후)
2503,201912,0012001,IBK투자증권,F,환전업무 예치금,0,국내증권사,B,SF205,각주항목(09.06월 이후)
2504,201912,0012001,IBK투자증권,G,미배당별도예치금,0,국내증권사,B,SF205,각주항목(09.06월 이후)
2505,201912,0012001,IBK투자증권,H,배서어음매출(종금계정),0,국내증권사,B,SF205,각주항목(09.06월 이후)
2506,201912,0012001,IBK투자증권,H1,대출채권매매이익_담보부,0,국내증권사,B,SF205,각주항목(09.06월 이후)
2507,201912,0012001,IBK투자증권,H2,대출채권매매이익_무담보부,0,국내증권사,B,SF205,각주항목(09.06월 이후)
2508,202003,0012001,IBK투자증권,A,채무보증,497330000000,국내증권사,B,SF205,각주항목(09.06월 이후)
2509,202003,0012001,IBK투자증권,A1,채무보증_지급보증,0,국내증권사,B,SF205,각주항목(09.06월 이후)
2510,202003,0012001,IBK투자증권,A2,채무보증_매입보장약정,304480000000,국내증권사,B,SF205,각주항목(09.06월 이후)
2511,202003,0012001,IBK투자증권,A3,채무보증_채무인수약정,0,국내증권사,B,SF205,각주항목(09.06월 이후)
2512,202003,0012001,IBK투자증권,A5,채무보증_매입확약,192850000000,국내증권사,B,SF205,각주항목(09.06월 이후)
2513,202003,0012001,IBK투자증권,A6,채무보증_기타,0,국내증권사,B,SF205,각주항목(09.06월 이후)
2514,202003,0012001,IBK투자증권,B,투자자의 예수증권 등,31980245815477,국내증권사,B,SF205,각주항목(09.06월 이후)
2515,202003,0012001,IBK투자증권,B1,투자자의 예수증권 등_예수 증권,31980245815477,국내증권사,B,SF205,각주항목(09.06월 이후)
2516,202003,0012001,IBK투자증권,B2,투자자의 예수증권 등_예수양도성예금증서,0,국내증권사,B,SF205,각주항목(09.06월 이후)
2517,202003,0012001,IBK투자증권,B3,투자자의 예수증권 등_기타,0,국내증권사,B,SF205,각주항목(09.06월 이후)
2518,202003,0012001,IBK투자증권,C,파생상품계약,32408032475197,국내증권사,B,SF205,각주항목(09.06월 이후)
2519,202003,0012001,IBK투자증권,C1,파생상품계약_장내파생상품,809153646203,국내증권사,B,SF205,각주항목(09.06월 이후)
2520,202003,0012001,IBK투자증권,C11,파생상품계약_장내파생상품_이자율관련거래,626630267751,국내증권사,B,SF205,각주항목(09.06월 이후)
2521,202003,0012001,IBK투자증권,C12,파생상품계약_장내파생상품_통화관련거래,3527850000,국내증권사,B,SF205,각주항목(09.06월 이후)
2522,202003,0012001,IBK투자증권,C13,파생상품계약_장내파생상품_주식관련거래,178995528452,국내증권사,B,SF205,각주항목(09.06월 이후)
2523,202003,0012001,IBK투자증권,C14,파생상품계약_장내파생상품_일반상품관련거래,0,국내증권사,B,SF205,각주항목(09.06월 이후)
2524,202003,0012001,IBK투자증권,C15,파생상품계약_장내파생상품_기타,0,국내증권사,B,SF205,각주항목(09.06월 이후)
2525,202003,0012001,IBK투자증권,C2,파생상품계약_장외파생상품,31598878828994,국내증권사,B,SF205,각주항목(09.06월 이후)
2526,202003,0012001,IBK투자증권,C21,파생상품계약_장외파생상품_이자율관련거래,26068222837200,국내증권사,B,SF205,각주항목(09.06월 이후)
2527,202003,0012001,IBK투자증권,C22,파생상품계약_장외파생상품_통화관련거래,1962306656447,국내증권사,B,SF205,각주항목(09.06월 이후)
2528,202003,0012001,IBK투자증권,C23,파생상품계약_장외파생상품_주식관련거래,581726326600,국내증권사,B,SF205,각주항목(09.06월 이후)
2529,202003,0012001,IBK투자증권,C24,파생상품계약_장외파생상품_신용관련거래,2860954475808,국내증권사,B,SF205,각주항목(09.06월 이후)
2530,202003,0012001,IBK투자증권,C25,파생상품계약_장외파생상품_기타,125668532939,국내증권사,B,SF205,각주항목(09.06월 이후)
2531,202003,0012001,IBK투자증권,D,대차 및 대주거래,391185671100,국내증권사,B,SF205,각주항목(09.06월 이후)
2532,202003,0012001,IBK투자증권,D1,대차 및 대주거래_대여증권,0,국내증권사,B,SF205,각주항목(09.06월 이후)
2533,202003,0012001,IBK투자증권,D2,대차 및 대주거래_차입증권,391185671100,국내증권사,B,SF205,각주항목(09.06월 이후)
2534,202003,0012001,IBK투자증권,D3,대차 및 대주거래_신용거래대주,0,국내증권사,B,SF205,각주항목(09.06월 이후)
2535,202003,0012001,IBK투자증권,E,대손상각채권,0,국내증권사,B,SF205,각주항목(09.06월 이후)
2536,202003,0012001,IBK투자증권,F,환전업무 예치금,0,국내증권사,B,SF205,각주항목(09.06월 이후)
2537,202003,0012001,IBK투자증권,G,미배당별도예치금,0,국내증권사,B,SF205,각주항목(09.06월 이후)
2538,202003,0012001,IBK투자증권,H,배서어음매출(종금계정),0,국내증권사,B,SF205,각주항목(09.06월 이후)
2539,202003,0012001,IBK투자증권,H1,대출채권매매이익_담보부,0,국내증권사,B,SF205,각주항목(09.06월 이후)
2540,202003,0012001,IBK투자증권,H2,대출채권매매이익_무담보부,0,국내증권사,B,SF205,각주항목(09.06월 이후)
2541,202006,0012001,IBK투자증권,A,채무보증,529080000000,국내증권사,B,SF205,각주항목(09.06월 이후)
2542,202006,0012001,IBK투자증권,A1,채무보증_지급보증,0,국내증권사,B,SF205,각주항목(09.06월 이후)
2543,202006,0012001,IBK투자증권,A2,채무보증_매입보장약정,304480000000,국내증권사,B,SF205,각주항목(09.06월 이후)
2544,202006,0012001,IBK투자증권,A3,채무보증_채무인수약정,0,국내증권사,B,SF205,각주항목(09.06월 이후)
2545,202006,0012001,IBK투자증권,A5,채무보증_매입확약,224600000000,국내증권사,B,SF205,각주항목(09.06월 이후)
2546,202006,0012001,IBK투자증권,A6,채무보증_기타,0,국내증권사,B,SF205,각주항목(09.06월 이후)
2547,202006,0012001,IBK투자증권,B,투자자의 예수증권 등,33443645230195,국내증권사,B,SF205,각주항목(09.06월 이후)
2548,202006,0012001,IBK투자증권,B1,투자자의 예수증권 등_예수 증권,33443645230195,국내증권사,B,SF205,각주항목(09.06월 이후)
2549,202006,0012001,IBK투자증권,B2,투자자의 예수증권 등_예수양도성예금증서,0,국내증권사,B,SF205,각주항목(09.06월 이후)
2550,202006,0012001,IBK투자증권,B3,투자자의 예수증권 등_기타,0,국내증권사,B,SF205,각주항목(09.06월 이후)
2551,202006,0012001,IBK투자증권,C,파생상품계약,34243287072384,국내증권사,B,SF205,각주항목(09.06월 이후)
2552,202006,0012001,IBK투자증권,C1,파생상품계약_장내파생상품,1859909129913,국내증권사,B,SF205,각주항목(09.06월 이후)
2553,202006,0012001,IBK투자증권,C11,파생상품계약_장내파생상품_이자율관련거래,1257657697896,국내증권사,B,SF205,각주항목(09.06월 이후)
2554,202006,0012001,IBK투자증권,C12,파생상품계약_장내파생상품_통화관련거래,1081530000,국내증권사,B,SF205,각주항목(09.06월 이후)
2555,202006,0012001,IBK투자증권,C13,파생상품계약_장내파생상품_주식관련거래,600839253251,국내증권사,B,SF205,각주항목(09.06월 이후)
2556,202006,0012001,IBK투자증권,C14,파생상품계약_장내파생상품_일반상품관련거래,330648766,국내증권사,B,SF205,각주항목(09.06월 이후)
2557,202006,0012001,IBK투자증권,C15,파생상품계약_장내파생상품_기타,0,국내증권사,B,SF205,각주항목(09.06월 이후)
2558,202006,0012001,IBK투자증권,C2,파생상품계약_장외파생상품,32383377942471,국내증권사,B,SF205,각주항목(09.06월 이후)
2559,202006,0012001,IBK투자증권,C21,파생상품계약_장외파생상품_이자율관련거래,25920593170400,국내증권사,B,SF205,각주항목(09.06월 이후)
2560,202006,0012001,IBK투자증권,C22,파생상품계약_장외파생상품_통화관련거래,2791132448656,국내증권사,B,SF205,각주항목(09.06월 이후)
2561,202006,0012001,IBK투자증권,C23,파생상품계약_장외파생상품_주식관련거래,615151656520,국내증권사,B,SF205,각주항목(09.06월 이후)
2562,202006,0012001,IBK투자증권,C24,파생상품계약_장외파생상품_신용관련거래,2986362725838,국내증권사,B,SF205,각주항목(09.06월 이후)
2563,202006,0012001,IBK투자증권,C25,파생상품계약_장외파생상품_기타,70137941057,국내증권사,B,SF205,각주항목(09.06월 이후)
2564,202006,0012001,IBK투자증권,D,대차 및 대주거래,356604715800,국내증권사,B,SF205,각주항목(09.06월 이후)
2565,202006,0012001,IBK투자증권,D1,대차 및 대주거래_대여증권,0,국내증권사,B,SF205,각주항목(09.06월 이후)
2566,202006,0012001,IBK투자증권,D2,대차 및 대주거래_차입증권,356604715800,국내증권사,B,SF205,각주항목(09.06월 이후)
2567,202006,0012001,IBK투자증권,D3,대차 및 대주거래_신용거래대주,0,국내증권사,B,SF205,각주항목(09.06월 이후)
2568,202006,0012001,IBK투자증권,E,대손상각채권,0,국내증권사,B,SF205,각주항목(09.06월 이후)
2569,202006,0012001,IBK투자증권,F,환전업무 예치금,0,국내증권사,B,SF205,각주항목(09.06월 이후)
2570,202006,0012001,IBK투자증권,G,미배당별도예치금,0,국내증권사,B,SF205,각주항목(09.06월 이후)
2571,202006,0012001,IBK투자증권,H,배서어음매출(종금계정),0,국내증권사,B,SF205,각주항목(09.06월 이후)
2572,202006,0012001,IBK투자증권,H1,대출채권매매이익_담보부,0,국내증권사,B,SF205,각주항목(09.06월 이후)
2573,202006,0012001,IBK투자증권,H2,대출채권매매이익_무담보부,0,국내증권사,B,SF205,각주항목(09.06월 이후)
2574,202009,0012001,IBK투자증권,A,채무보증,607280000000,국내증권사,B,SF205,각주항목(09.06월 이후)
2575,202009,0012001,IBK투자증권,A1,채무보증_지급보증,0,국내증권사,B,SF205,각주항목(09.06월 이후)
2576,202009,0012001,IBK투자증권,A2,채무보증_매입보장약정,244280000000,국내증권사,B,SF205,각주항목(09.06월 이후)
2577,202009,0012001,IBK투자증권,A3,채무보증_채무인수약정,0,국내증권사,B,SF205,각주항목(09.06월 이후)
2578,202009,0012001,IBK투자증권,A5,채무보증_매입확약,363000000000,국내증권사,B,SF205,각주항목(09.06월 이후)
2579,202009,0012001,IBK투자증권,A6,채무보증_기타,0,국내증권사,B,SF205,각주항목(09.06월 이후)
2580,202009,0012001,IBK투자증권,B,투자자의 예수증권 등,32258450918059,국내증권사,B,SF205,각주항목(09.06월 이후)
2581,202009,0012001,IBK투자증권,B1,투자자의 예수증권 등_예수 증권,32258450918059,국내증권사,B,SF205,각주항목(09.06월 이후)
2582,202009,0012001,IBK투자증권,B2,투자자의 예수증권 등_예수양도성예금증서,0,국내증권사,B,SF205,각주항목(09.06월 이후)
2583,202009,0012001,IBK투자증권,B3,투자자의 예수증권 등_기타,0,국내증권사,B,SF205,각주항목(09.06월 이후)
2584,202009,0012001,IBK투자증권,C,파생상품계약,31912815000662,국내증권사,B,SF205,각주항목(09.06월 이후)
2585,202009,0012001,IBK투자증권,C1,파생상품계약_장내파생상품,1998841899951,국내증권사,B,SF205,각주항목(09.06월 이후)
2586,202009,0012001,IBK투자증권,C11,파생상품계약_장내파생상품_이자율관련거래,1443804080844,국내증권사,B,SF205,각주항목(09.06월 이후)
2587,202009,0012001,IBK투자증권,C12,파생상품계약_장내파생상품_통화관련거래,1228500000,국내증권사,B,SF205,각주항목(09.06월 이후)
2588,202009,0012001,IBK투자증권,C13,파생상품계약_장내파생상품_주식관련거래,553761827562,국내증권사,B,SF205,각주항목(09.06월 이후)
2589,202009,0012001,IBK투자증권,C14,파생상품계약_장내파생상품_일반상품관련거래,47491545,국내증권사,B,SF205,각주항목(09.06월 이후)
2590,202009,0012001,IBK투자증권,C15,파생상품계약_장내파생상품_기타,0,국내증권사,B,SF205,각주항목(09.06월 이후)
2591,202009,0012001,IBK투자증권,C2,파생상품계약_장외파생상품,29913973100711,국내증권사,B,SF205,각주항목(09.06월 이후)
2592,202009,0012001,IBK투자증권,C21,파생상품계약_장외파생상품_이자율관련거래,23937297842000,국내증권사,B,SF205,각주항목(09.06월 이후)
2593,202009,0012001,IBK투자증권,C22,파생상품계약_장외파생상품_통화관련거래,2647108121895,국내증권사,B,SF205,각주항목(09.06월 이후)
2594,202009,0012001,IBK투자증권,C23,파생상품계약_장외파생상품_주식관련거래,553293954600,국내증권사,B,SF205,각주항목(09.06월 이후)
2595,202009,0012001,IBK투자증권,C24,파생상품계약_장외파생상품_신용관련거래,2711937389238,국내증권사,B,SF205,각주항목(09.06월 이후)
2596,202009,0012001,IBK투자증권,C25,파생상품계약_장외파생상품_기타,64335792978,국내증권사,B,SF205,각주항목(09.06월 이후)
2597,202009,0012001,IBK투자증권,D,대차 및 대주거래,421801394800,국내증권사,B,SF205,각주항목(09.06월 이후)
2598,202009,0012001,IBK투자증권,D1,대차 및 대주거래_대여증권,0,국내증권사,B,SF205,각주항목(09.06월 이후)
2599,202009,0012001,IBK투자증권,D2,대차 및 대주거래_차입증권,421801394800,국내증권사,B,SF205,각주항목(09.06월 이후)
2600,202009,0012001,IBK투자증권,D3,대차 및 대주거래_신용거래대주,0,국내증권사,B,SF205,각주항목(09.06월 이후)
2601,202009,0012001,IBK투자증권,E,대손상각채권,0,국내증권사,B,SF205,각주항목(09.06월 이후)
2602,202009,0012001,IBK투자증권,F,환전업무 예치금,0,국내증권사,B,SF205,각주항목(09.06월 이후)
2603,202009,0012001,IBK투자증권,G,미배당별도예치금,0,국내증권사,B,SF205,각주항목(09.06월 이후)
2604,202009,0012001,IBK투자증권,H,배서어음매출(종금계정),0,국내증권사,B,SF205,각주항목(09.06월 이후)
2605,202009,0012001,IBK투자증권,H1,대출채권매매이익_담보부,0,국내증권사,B,SF205,각주항목(09.06월 이후)
2606,202009,0012001,IBK투자증권,H2,대출채권매매이익_무담보부,0,국내증권사,B,SF205,각주항목(09.06월 이후)
2607,202012,0012001,IBK투자증권,A,채무보증,600480000000,국내증권사,B,SF205,각주항목(09.06월 이후)
2608,202012,0012001,IBK투자증권,A1,채무보증_지급보증,0,국내증권사,B,SF205,각주항목(09.06월 이후)
2609,202012,0012001,IBK투자증권,A2,채무보증_매입보장약정,213880000000,국내증권사,B,SF205,각주항목(09.06월 이후)
2610,202012,0012001,IBK투자증권,A3,채무보증_채무인수약정,0,국내증권사,B,SF205,각주항목(09.06월 이후)
2611,202012,0012001,IBK투자증권,A5,채무보증_매입확약,386600000000,국내증권사,B,SF205,각주항목(09.06월 이후)
2612,202012,0012001,IBK투자증권,A6,채무보증_기타,0,국내증권사,B,SF205,각주항목(09.06월 이후)
2613,202012,0012001,IBK투자증권,B,투자자의 예수증권 등,33500324723696,국내증권사,B,SF205,각주항목(09.06월 이후)
2614,202012,0012001,IBK투자증권,B1,투자자의 예수증권 등_예수 증권,33500324723696,국내증권사,B,SF205,각주항목(09.06월 이후)
2615,202012,0012001,IBK투자증권,B2,투자자의 예수증권 등_예수양도성예금증서,0,국내증권사,B,SF205,각주항목(09.06월 이후)
2616,202012,0012001,IBK투자증권,B3,투자자의 예수증권 등_기타,0,국내증권사,B,SF205,각주항목(09.06월 이후)
2617,202012,0012001,IBK투자증권,C,파생상품계약,30401273108007,국내증권사,B,SF205,각주항목(09.06월 이후)
2618,202012,0012001,IBK투자증권,C1,파생상품계약_장내파생상품,1892812529635,국내증권사,B,SF205,각주항목(09.06월 이후)
2619,202012,0012001,IBK투자증권,C11,파생상품계약_장내파생상품_이자율관련거래,1204998404500,국내증권사,B,SF205,각주항목(09.06월 이후)
2620,202012,0012001,IBK투자증권,C12,파생상품계약_장내파생상품_통화관련거래,759850000,국내증권사,B,SF205,각주항목(09.06월 이후)
2621,202012,0012001,IBK투자증권,C13,파생상품계약_장내파생상품_주식관련거래,687054275135,국내증권사,B,SF205,각주항목(09.06월 이후)
2622,202012,0012001,IBK투자증권,C14,파생상품계약_장내파생상품_일반상품관련거래,0,국내증권사,B,SF205,각주항목(09.06월 이후)
2623,202012,0012001,IBK투자증권,C15,파생상품계약_장내파생상품_기타,0,국내증권사,B,SF205,각주항목(09.06월 이후)
2624,202012,0012001,IBK투자증권,C2,파생상품계약_장외파생상품,28508460578372,국내증권사,B,SF205,각주항목(09.06월 이후)
2625,202012,0012001,IBK투자증권,C21,파생상품계약_장외파생상품_이자율관련거래,23050957472000,국내증권사,B,SF205,각주항목(09.06월 이후)
2626,202012,0012001,IBK투자증권,C22,파생상품계약_장외파생상품_통화관련거래,2420183774268,국내증권사,B,SF205,각주항목(09.06월 이후)
2627,202012,0012001,IBK투자증권,C23,파생상품계약_장외파생상품_주식관련거래,516234160000,국내증권사,B,SF205,각주항목(09.06월 이후)
2628,202012,0012001,IBK투자증권,C24,파생상품계약_장외파생상품_신용관련거래,2460400971019,국내증권사,B,SF205,각주항목(09.06월 이후)
2629,202012,0012001,IBK투자증권,C25,파생상품계약_장외파생상품_기타,60684201085,국내증권사,B,SF205,각주항목(09.06월 이후)
2630,202012,0012001,IBK투자증권,D,대차 및 대주거래,394105140200,국내증권사,B,SF205,각주항목(09.06월 이후)
2631,202012,0012001,IBK투자증권,D1,대차 및 대주거래_대여증권,0,국내증권사,B,SF205,각주항목(09.06월 이후)
2632,202012,0012001,IBK투자증권,D2,대차 및 대주거래_차입증권,394105140200,국내증권사,B,SF205,각주항목(09.06월 이후)
2633,202012,0012001,IBK투자증권,D3,대차 및 대주거래_신용거래대주,0,국내증권사,B,SF205,각주항목(09.06월 이후)
2634,202012,0012001,IBK투자증권,E,대손상각채권,0,국내증권사,B,SF205,각주항목(09.06월 이후)
2635,202012,0012001,IBK투자증권,F,환전업무 예치금,0,국내증권사,B,SF205,각주항목(09.06월 이후)
2636,202012,0012001,IBK투자증권,G,미배당별도예치금,0,국내증권사,B,SF205,각주항목(09.06월 이후)
2637,202012,0012001,IBK투자증권,H,배서어음매출(종금계정),0,국내증권사,B,SF205,각주항목(09.06월 이후)
2638,202012,0012001,IBK투자증권,H1,대출채권매매이익_담보부,0,국내증권사,B,SF205,각주항목(09.06월 이후)
2639,202012,0012001,IBK투자증권,H2,대출채권매매이익_무담보부,0,국내증권사,B,SF205,각주항목(09.06월 이후)
2640,202103,0012001,IBK투자증권,A,채무보증,616580000000,국내증권사,B,SF205,각주항목(09.06월 이후)
2641,202103,0012001,IBK투자증권,A1,채무보증_지급보증,0,국내증권사,B,SF205,각주항목(09.06월 이후)
2642,202103,0012001,IBK투자증권,A2,채무보증_매입보장약정,213880000000,국내증권사,B,SF205,각주항목(09.06월 이후)
2643,202103,0012001,IBK투자증권,A3,채무보증_채무인수약정,0,국내증권사,B,SF205,각주항목(09.06월 이후)
2644,202103,0012001,IBK투자증권,A5,채무보증_매입확약,402700000000,국내증권사,B,SF205,각주항목(09.06월 이후)
2645,202103,0012001,IBK투자증권,A6,채무보증_기타,0,국내증권사,B,SF205,각주항목(09.06월 이후)
2646,202103,0012001,IBK투자증권,B,투자자의 예수증권 등,34721190232916,국내증권사,B,SF205,각주항목(09.06월 이후)
2647,202103,0012001,IBK투자증권,B1,투자자의 예수증권 등_예수 증권,34721190232916,국내증권사,B,SF205,각주항목(09.06월 이후)
2648,202103,0012001,IBK투자증권,B2,투자자의 예수증권 등_예수양도성예금증서,0,국내증권사,B,SF205,각주항목(09.06월 이후)
2649,202103,0012001,IBK투자증권,B3,투자자의 예수증권 등_기타,0,국내증권사,B,SF205,각주항목(09.06월 이후)
2650,202103,0012001,IBK투자증권,C,파생상품계약,37323379481315,국내증권사,B,SF205,각주항목(09.06월 이후)
2651,202103,0012001,IBK투자증권,C1,파생상품계약_장내파생상품,1481792511070,국내증권사,B,SF205,각주항목(09.06월 이후)
2652,202103,0012001,IBK투자증권,C11,파생상품계약_장내파생상품_이자율관련거래,465827472184,국내증권사,B,SF205,각주항목(09.06월 이후)
2653,202103,0012001,IBK투자증권,C12,파생상품계약_장내파생상품_통화관련거래,4584195000,국내증권사,B,SF205,각주항목(09.06월 이후)
2654,202103,0012001,IBK투자증권,C13,파생상품계약_장내파생상품_주식관련거래,1011380843886,국내증권사,B,SF205,각주항목(09.06월 이후)
2655,202103,0012001,IBK투자증권,C14,파생상품계약_장내파생상품_일반상품관련거래,0,국내증권사,B,SF205,각주항목(09.06월 이후)
2656,202103,0012001,IBK투자증권,C15,파생상품계약_장내파생상품_기타,0,국내증권사,B,SF205,각주항목(09.06월 이후)
2657,202103,0012001,IBK투자증권,C2,파생상품계약_장외파생상품,35841586970245,국내증권사,B,SF205,각주항목(09.06월 이후)
2658,202103,0012001,IBK투자증권,C21,파생상품계약_장외파생상품_이자율관련거래,26944440599000,국내증권사,B,SF205,각주항목(09.06월 이후)
2659,202103,0012001,IBK투자증권,C22,파생상품계약_장외파생상품_통화관련거래,5792671107988,국내증권사,B,SF205,각주항목(09.06월 이후)
2660,202103,0012001,IBK투자증권,C23,파생상품계약_장외파생상품_주식관련거래,499243931500,국내증권사,B,SF205,각주항목(09.06월 이후)
2661,202103,0012001,IBK투자증권,C24,파생상품계약_장외파생상품_신용관련거래,2544300000597,국내증권사,B,SF205,각주항목(09.06월 이후)
2662,202103,0012001,IBK투자증권,C25,파생상품계약_장외파생상품_기타,60931331160,국내증권사,B,SF205,각주항목(09.06월 이후)
2663,202103,0012001,IBK투자증권,D,대차 및 대주거래,437684120300,국내증권사,B,SF205,각주항목(09.06월 이후)
2664,202103,0012001,IBK투자증권,D1,대차 및 대주거래_대여증권,0,국내증권사,B,SF205,각주항목(09.06월 이후)
2665,202103,0012001,IBK투자증권,D2,대차 및 대주거래_차입증권,437684120300,국내증권사,B,SF205,각주항목(09.06월 이후)
2666,202103,0012001,IBK투자증권,D3,대차 및 대주거래_신용거래대주,0,국내증권사,B,SF205,각주항목(09.06월 이후)
2667,202103,0012001,IBK투자증권,E,대손상각채권,0,국내증권사,B,SF205,각주항목(09.06월 이후)
2668,202103,0012001,IBK투자증권,F,환전업무 예치금,0,국내증권사,B,SF205,각주항목(09.06월 이후)
2669,202103,0012001,IBK투자증권,G,미배당별도예치금,0,국내증권사,B,SF205,각주항목(09.06월 이후)
2670,202103,0012001,IBK투자증권,H,배서어음매출(종금계정),0,국내증권사,B,SF205,각주항목(09.06월 이후)
2671,202103,0012001,IBK투자증권,H1,대출채권매매이익_담보부,0,국내증권사,B,SF205,각주항목(09.06월 이후)
2672,202103,0012001,IBK투자증권,H2,대출채권매매이익_무담보부,0,국내증권사,B,SF205,각주항목(09.06월 이후)
2673,202106,0012001,IBK투자증권,A,채무보증,546080000000,국내증권사,B,SF205,각주항목(09.06월 이후)
2674,202106,0012001,IBK투자증권,A1,채무보증_지급보증,0,국내증권사,B,SF205,각주항목(09.06월 이후)
2675,202106,0012001,IBK투자증권,A2,채무보증_매입보장약정,113580000000,국내증권사,B,SF205,각주항목(09.06월 이후)
2676,202106,0012001,IBK투자증권,A3,채무보증_채무인수약정,0,국내증권사,B,SF205,각주항목(09.06월 이후)
2677,202106,0012001,IBK투자증권,A5,채무보증_매입확약,432500000000,국내증권사,B,SF205,각주항목(09.06월 이후)
2678,202106,0012001,IBK투자증권,A6,채무보증_기타,0,국내증권사,B,SF205,각주항목(09.06월 이후)
2679,202106,0012001,IBK투자증권,B,투자자의 예수증권 등,36846883816737,국내증권사,B,SF205,각주항목(09.06월 이후)
2680,202106,0012001,IBK투자증권,B1,투자자의 예수증권 등_예수 증권,36846883816737,국내증권사,B,SF205,각주항목(09.06월 이후)
2681,202106,0012001,IBK투자증권,B2,투자자의 예수증권 등_예수양도성예금증서,0,국내증권사,B,SF205,각주항목(09.06월 이후)
2682,202106,0012001,IBK투자증권,B3,투자자의 예수증권 등_기타,0,국내증권사,B,SF205,각주항목(09.06월 이후)
2683,202106,0012001,IBK투자증권,C,파생상품계약,35149817680841,국내증권사,B,SF205,각주항목(09.06월 이후)
2684,202106,0012001,IBK투자증권,C1,파생상품계약_장내파생상품,1817702224384,국내증권사,B,SF205,각주항목(09.06월 이후)
2685,202106,0012001,IBK투자증권,C11,파생상품계약_장내파생상품_이자율관련거래,281319995469,국내증권사,B,SF205,각주항목(09.06월 이후)
2686,202106,0012001,IBK투자증권,C12,파생상품계약_장내파생상품_통화관련거래,0,국내증권사,B,SF205,각주항목(09.06월 이후)
2687,202106,0012001,IBK투자증권,C13,파생상품계약_장내파생상품_주식관련거래,1536382228915,국내증권사,B,SF205,각주항목(09.06월 이후)
2688,202106,0012001,IBK투자증권,C14,파생상품계약_장내파생상품_일반상품관련거래,0,국내증권사,B,SF205,각주항목(09.06월 이후)
2689,202106,0012001,IBK투자증권,C15,파생상품계약_장내파생상품_기타,0,국내증권사,B,SF205,각주항목(09.06월 이후)
2690,202106,0012001,IBK투자증권,C2,파생상품계약_장외파생상품,33332115456457,국내증권사,B,SF205,각주항목(09.06월 이후)
2691,202106,0012001,IBK투자증권,C21,파생상품계약_장외파생상품_이자율관련거래,27261071220000,국내증권사,B,SF205,각주항목(09.06월 이후)
2692,202106,0012001,IBK투자증권,C22,파생상품계약_장외파생상품_통화관련거래,3248342721140,국내증권사,B,SF205,각주항목(09.06월 이후)
2693,202106,0012001,IBK투자증권,C23,파생상품계약_장외파생상품_주식관련거래,388896430000,국내증권사,B,SF205,각주항목(09.06월 이후)
2694,202106,0012001,IBK투자증권,C24,파생상품계약_장외파생상품_신용관련거래,2335080803030,국내증권사,B,SF205,각주항목(09.06월 이후)
2695,202106,0012001,IBK투자증권,C25,파생상품계약_장외파생상품_기타,98724282287,국내증권사,B,SF205,각주항목(09.06월 이후)
2696,202106,0012001,IBK투자증권,D,대차 및 대주거래,418404768000,국내증권사,B,SF205,각주항목(09.06월 이후)
2697,202106,0012001,IBK투자증권,D1,대차 및 대주거래_대여증권,0,국내증권사,B,SF205,각주항목(09.06월 이후)
2698,202106,0012001,IBK투자증권,D2,대차 및 대주거래_차입증권,418404768000,국내증권사,B,SF205,각주항목(09.06월 이후)
2699,202106,0012001,IBK투자증권,D3,대차 및 대주거래_신용거래대주,0,국내증권사,B,SF205,각주항목(09.06월 이후)
2700,202106,0012001,IBK투자증권,E,대손상각채권,0,국내증권사,B,SF205,각주항목(09.06월 이후)
2701,202106,0012001,IBK투자증권,F,환전업무 예치금,0,국내증권사,B,SF205,각주항목(09.06월 이후)
2702,202106,0012001,IBK투자증권,G,미배당별도예치금,0,국내증권사,B,SF205,각주항목(09.06월 이후)
2703,202106,0012001,IBK투자증권,H,배서어음매출(종금계정),0,국내증권사,B,SF205,각주항목(09.06월 이후)
2704,202106,0012001,IBK투자증권,H1,대출채권매매이익_담보부,0,국내증권사,B,SF205,각주항목(09.06월 이후)
2705,202106,0012001,IBK투자증권,H2,대출채권매매이익_무담보부,0,국내증권사,B,SF205,각주항목(09.06월 이후)
2706,202109,0012001,IBK투자증권,A,채무보증,676380000000,국내증권사,B,SF205,각주항목(09.06월 이후)
2707,202109,0012001,IBK투자증권,A1,채무보증_지급보증,0,국내증권사,B,SF205,각주항목(09.06월 이후)
2708,202109,0012001,IBK투자증권,A2,채무보증_매입보장약정,144580000000,국내증권사,B,SF205,각주항목(09.06월 이후)
2709,202109,0012001,IBK투자증권,A3,채무보증_채무인수약정,0,국내증권사,B,SF205,각주항목(09.06월 이후)
2710,202109,0012001,IBK투자증권,A5,채무보증_매입확약,531800000000,국내증권사,B,SF205,각주항목(09.06월 이후)
2711,202109,0012001,IBK투자증권,A6,채무보증_기타,0,국내증권사,B,SF205,각주항목(09.06월 이후)
2712,202109,0012001,IBK투자증권,B,투자자의 예수증권 등,37498222110049,국내증권사,B,SF205,각주항목(09.06월 이후)
2713,202109,0012001,IBK투자증권,B1,투자자의 예수증권 등_예수 증권,37498222110049,국내증권사,B,SF205,각주항목(09.06월 이후)
2714,202109,0012001,IBK투자증권,B2,투자자의 예수증권 등_예수양도성예금증서,0,국내증권사,B,SF205,각주항목(09.06월 이후)
2715,202109,0012001,IBK투자증권,B3,투자자의 예수증권 등_기타,0,국내증권사,B,SF205,각주항목(09.06월 이후)
2716,202109,0012001,IBK투자증권,C,파생상품계약,33476449419188,국내증권사,B,SF205,각주항목(09.06월 이후)
2717,202109,0012001,IBK투자증권,C1,파생상품계약_장내파생상품,1874179830789,국내증권사,B,SF205,각주항목(09.06월 이후)
2718,202109,0012001,IBK투자증권,C11,파생상품계약_장내파생상품_이자율관련거래,546315694663,국내증권사,B,SF205,각주항목(09.06월 이후)
2719,202109,0012001,IBK투자증권,C12,파생상품계약_장내파생상품_통화관련거래,0,국내증권사,B,SF205,각주항목(09.06월 이후)
2720,202109,0012001,IBK투자증권,C13,파생상품계약_장내파생상품_주식관련거래,1327864136126,국내증권사,B,SF205,각주항목(09.06월 이후)
2721,202109,0012001,IBK투자증권,C14,파생상품계약_장내파생상품_일반상품관련거래,0,국내증권사,B,SF205,각주항목(09.06월 이후)
2722,202109,0012001,IBK투자증권,C15,파생상품계약_장내파생상품_기타,0,국내증권사,B,SF205,각주항목(09.06월 이후)
2723,202109,0012001,IBK투자증권,C2,파생상품계약_장외파생상품,31602269588399,국내증권사,B,SF205,각주항목(09.06월 이후)
2724,202109,0012001,IBK투자증권,C21,파생상품계약_장외파생상품_이자율관련거래,26506587330600,국내증권사,B,SF205,각주항목(09.06월 이후)
2725,202109,0012001,IBK투자증권,C22,파생상품계약_장외파생상품_통화관련거래,2304891441334,국내증권사,B,SF205,각주항목(09.06월 이후)
2726,202109,0012001,IBK투자증권,C23,파생상품계약_장외파생상품_주식관련거래,264511890000,국내증권사,B,SF205,각주항목(09.06월 이후)
2727,202109,0012001,IBK투자증권,C24,파생상품계약_장외파생상품_신용관련거래,2429376693372,국내증권사,B,SF205,각주항목(09.06월 이후)
2728,202109,0012001,IBK투자증권,C25,파생상품계약_장외파생상품_기타,96902233093,국내증권사,B,SF205,각주항목(09.06월 이후)
2729,202109,0012001,IBK투자증권,D,대차 및 대주거래,412582578202,국내증권사,B,SF205,각주항목(09.06월 이후)
2730,202109,0012001,IBK투자증권,D1,대차 및 대주거래_대여증권,0,국내증권사,B,SF205,각주항목(09.06월 이후)
2731,202109,0012001,IBK투자증권,D2,대차 및 대주거래_차입증권,412582578202,국내증권사,B,SF205,각주항목(09.06월 이후)
2732,202109,0012001,IBK투자증권,D3,대차 및 대주거래_신용거래대주,0,국내증권사,B,SF205,각주항목(09.06월 이후)
2733,202109,0012001,IBK투자증권,E,대손상각채권,0,국내증권사,B,SF205,각주항목(09.06월 이후)
2734,202109,0012001,IBK투자증권,F,환전업무 예치금,0,국내증권사,B,SF205,각주항목(09.06월 이후)
2735,202109,0012001,IBK투자증권,G,미배당별도예치금,0,국내증권사,B,SF205,각주항목(09.06월 이후)
2736,202109,0012001,IBK투자증권,H,배서어음매출(종금계정),0,국내증권사,B,SF205,각주항목(09.06월 이후)
2737,202109,0012001,IBK투자증권,H1,대출채권매매이익_담보부,0,국내증권사,B,SF205,각주항목(09.06월 이후)
2738,202109,0012001,IBK투자증권,H2,대출채권매매이익_무담보부,0,국내증권사,B,SF205,각주항목(09.06월 이후)
2739,202112,0012001,IBK투자증권,A,채무보증,696000000000,국내증권사,B,SF205,각주항목(09.06월 이후)
2740,202112,0012001,IBK투자증권,A1,채무보증_지급보증,0,국내증권사,B,SF205,각주항목(09.06월 이후)
2741,202112,0012001,IBK투자증권,A2,채무보증_매입보장약정,114600000000,국내증권사,B,SF205,각주항목(09.06월 이후)
2742,202112,0012001,IBK투자증권,A3,채무보증_채무인수약정,0,국내증권사,B,SF205,각주항목(09.06월 이후)
2743,202112,0012001,IBK투자증권,A5,채무보증_매입확약,581400000000,국내증권사,B,SF205,각주항목(09.06월 이후)
2744,202112,0012001,IBK투자증권,A6,채무보증_기타,0,국내증권사,B,SF205,각주항목(09.06월 이후)
2745,202112,0012001,IBK투자증권,B,투자자의 예수증권 등,39088535541046,국내증권사,B,SF205,각주항목(09.06월 이후)
2746,202112,0012001,IBK투자증권,B1,투자자의 예수증권 등_예수 증권,39088535541046,국내증권사,B,SF205,각주항목(09.06월 이후)
2747,202112,0012001,IBK투자증권,B2,투자자의 예수증권 등_예수양도성예금증서,0,국내증권사,B,SF205,각주항목(09.06월 이후)
2748,202112,0012001,IBK투자증권,B3,투자자의 예수증권 등_기타,0,국내증권사,B,SF205,각주항목(09.06월 이후)
2749,202112,0012001,IBK투자증권,C,파생상품계약,34077503823170,국내증권사,B,SF205,각주항목(09.06월 이후)
2750,202112,0012001,IBK투자증권,C1,파생상품계약_장내파생상품,3101721404240,국내증권사,B,SF205,각주항목(09.06월 이후)
2751,202112,0012001,IBK투자증권,C11,파생상품계약_장내파생상품_이자율관련거래,915223017622,국내증권사,B,SF205,각주항목(09.06월 이후)
2752,202112,0012001,IBK투자증권,C12,파생상품계약_장내파생상품_통화관련거래,0,국내증권사,B,SF205,각주항목(09.06월 이후)
2753,202112,0012001,IBK투자증권,C13,파생상품계약_장내파생상품_주식관련거래,2186498386618,국내증권사,B,SF205,각주항목(09.06월 이후)
2754,202112,0012001,IBK투자증권,C14,파생상품계약_장내파생상품_일반상품관련거래,0,국내증권사,B,SF205,각주항목(09.06월 이후)
2755,202112,0012001,IBK투자증권,C15,파생상품계약_장내파생상품_기타,0,국내증권사,B,SF205,각주항목(09.06월 이후)
2756,202112,0012001,IBK투자증권,C2,파생상품계약_장외파생상품,30975782418930,국내증권사,B,SF205,각주항목(09.06월 이후)
2757,202112,0012001,IBK투자증권,C21,파생상품계약_장외파생상품_이자율관련거래,26418929687000,국내증권사,B,SF205,각주항목(09.06월 이후)
2758,202112,0012001,IBK투자증권,C22,파생상품계약_장외파생상품_통화관련거래,1959238879292,국내증권사,B,SF205,각주항목(09.06월 이후)
2759,202112,0012001,IBK투자증권,C23,파생상품계약_장외파생상품_주식관련거래,229898200000,국내증권사,B,SF205,각주항목(09.06월 이후)
2760,202112,0012001,IBK투자증권,C24,파생상품계약_장외파생상품_신용관련거래,2311857249551,국내증권사,B,SF205,각주항목(09.06월 이후)
2761,202112,0012001,IBK투자증권,C25,파생상품계약_장외파생상품_기타,55858403087,국내증권사,B,SF205,각주항목(09.06월 이후)
2762,202112,0012001,IBK투자증권,D,대차 및 대주거래,230218486000,국내증권사,B,SF205,각주항목(09.06월 이후)
2763,202112,0012001,IBK투자증권,D1,대차 및 대주거래_대여증권,0,국내증권사,B,SF205,각주항목(09.06월 이후)
2764,202112,0012001,IBK투자증권,D2,대차 및 대주거래_차입증권,230218486000,국내증권사,B,SF205,각주항목(09.06월 이후)
2765,202112,0012001,IBK투자증권,D3,대차 및 대주거래_신용거래대주,0,국내증권사,B,SF205,각주항목(09.06월 이후)
2766,202112,0012001,IBK투자증권,E,대손상각채권,0,국내증권사,B,SF205,각주항목(09.06월 이후)
2767,202112,0012001,IBK투자증권,F,환전업무 예치금,0,국내증권사,B,SF205,각주항목(09.06월 이후)
2768,202112,0012001,IBK투자증권,G,미배당별도예치금,0,국내증권사,B,SF205,각주항목(09.06월 이후)
2769,202112,0012001,IBK투자증권,H,배서어음매출(종금계정),0,국내증권사,B,SF205,각주항목(09.06월 이후)
2770,202112,0012001,IBK투자증권,H1,대출채권매매이익_담보부,0,국내증권사,B,SF205,각주항목(09.06월 이후)
2771,202112,0012001,IBK투자증권,H2,대출채권매매이익_무담보부,0,국내증권사,B,SF205,각주항목(09.06월 이후)
2772,202203,0012001,IBK투자증권,A,채무보증,789200000000,국내증권사,B,SF205,각주항목(09.06월 이후)
2773,202203,0012001,IBK투자증권,A1,채무보증_지급보증,0,국내증권사,B,SF205,각주항목(09.06월 이후)
2774,202203,0012001,IBK투자증권,A2,채무보증_매입보장약정,114600000000,국내증권사,B,SF205,각주항목(09.06월 이후)
2775,202203,0012001,IBK투자증권,A3,채무보증_채무인수약정,0,국내증권사,B,SF205,각주항목(09.06월 이후)
2776,202203,0012001,IBK투자증권,A5,채무보증_매입확약,674600000000,국내증권사,B,SF205,각주항목(09.06월 이후)
2777,202203,0012001,IBK투자증권,A6,채무보증_기타,0,국내증권사,B,SF205,각주항목(09.06월 이후)
2778,202203,0012001,IBK투자증권,B,투자자의 예수증권 등,40644689689231,국내증권사,B,SF205,각주항목(09.06월 이후)
2779,202203,0012001,IBK투자증권,B1,투자자의 예수증권 등_예수 증권,40644689689231,국내증권사,B,SF205,각주항목(09.06월 이후)
2780,202203,0012001,IBK투자증권,B2,투자자의 예수증권 등_예수양도성예금증서,0,국내증권사,B,SF205,각주항목(09.06월 이후)
2781,202203,0012001,IBK투자증권,B3,투자자의 예수증권 등_기타,0,국내증권사,B,SF205,각주항목(09.06월 이후)
2782,202203,0012001,IBK투자증권,C,파생상품계약,33392310841053,국내증권사,B,SF205,각주항목(09.06월 이후)
2783,202203,0012001,IBK투자증권,C1,파생상품계약_장내파생상품,2439455773864,국내증권사,B,SF205,각주항목(09.06월 이후)
2784,202203,0012001,IBK투자증권,C11,파생상품계약_장내파생상품_이자율관련거래,283776227758,국내증권사,B,SF205,각주항목(09.06월 이후)
2785,202203,0012001,IBK투자증권,C12,파생상품계약_장내파생상품_통화관련거래,0,국내증권사,B,SF205,각주항목(09.06월 이후)
2786,202203,0012001,IBK투자증권,C13,파생상품계약_장내파생상품_주식관련거래,2155679546106,국내증권사,B,SF205,각주항목(09.06월 이후)
2787,202203,0012001,IBK투자증권,C14,파생상품계약_장내파생상품_일반상품관련거래,0,국내증권사,B,SF205,각주항목(09.06월 이후)
2788,202203,0012001,IBK투자증권,C15,파생상품계약_장내파생상품_기타,0,국내증권사,B,SF205,각주항목(09.06월 이후)
2789,202203,0012001,IBK투자증권,C2,파생상품계약_장외파생상품,30952855067189,국내증권사,B,SF205,각주항목(09.06월 이후)
2790,202203,0012001,IBK투자증권,C21,파생상품계약_장외파생상품_이자율관련거래,26444580015200,국내증권사,B,SF205,각주항목(09.06월 이후)
2791,202203,0012001,IBK투자증권,C22,파생상품계약_장외파생상품_통화관련거래,1836812652522,국내증권사,B,SF205,각주항목(09.06월 이후)
2792,202203,0012001,IBK투자증권,C23,파생상품계약_장외파생상품_주식관련거래,272520270000,국내증권사,B,SF205,각주항목(09.06월 이후)
2793,202203,0012001,IBK투자증권,C24,파생상품계약_장외파생상품_신용관련거래,2352782368415,국내증권사,B,SF205,각주항목(09.06월 이후)
2794,202203,0012001,IBK투자증권,C25,파생상품계약_장외파생상품_기타,46159761052,국내증권사,B,SF205,각주항목(09.06월 이후)
2795,202203,0012001,IBK투자증권,D,대차 및 대주거래,185613964000,국내증권사,B,SF205,각주항목(09.06월 이후)
2796,202203,0012001,IBK투자증권,D1,대차 및 대주거래_대여증권,0,국내증권사,B,SF205,각주항목(09.06월 이후)
2797,202203,0012001,IBK투자증권,D2,대차 및 대주거래_차입증권,185613964000,국내증권사,B,SF205,각주항목(09.06월 이후)
2798,202203,0012001,IBK투자증권,D3,대차 및 대주거래_신용거래대주,0,국내증권사,B,SF205,각주항목(09.06월 이후)
2799,202203,0012001,IBK투자증권,E,대손상각채권,0,국내증권사,B,SF205,각주항목(09.06월 이후)
2800,202203,0012001,IBK투자증권,F,환전업무 예치금,0,국내증권사,B,SF205,각주항목(09.06월 이후)
2801,202203,0012001,IBK투자증권,G,미배당별도예치금,0,국내증권사,B,SF205,각주항목(09.06월 이후)
2802,202203,0012001,IBK투자증권,H,배서어음매출(종금계정),0,국내증권사,B,SF205,각주항목(09.06월 이후)
2803,202203,0012001,IBK투자증권,H1,대출채권매매이익_담보부,0,국내증권사,B,SF205,각주항목(09.06월 이후)
2804,202203,0012001,IBK투자증권,H2,대출채권매매이익_무담보부,0,국내증권사,B,SF205,각주항목(09.06월 이후)
2805,202206,0012001,IBK투자증권,A,채무보증,868300000000,국내증권사,B,SF205,각주항목(09.06월 이후)
2806,202206,0012001,IBK투자증권,A1,채무보증_지급보증,0,국내증권사,B,SF205,각주항목(09.06월 이후)
2807,202206,0012001,IBK투자증권,A2,채무보증_매입보장약정,114000000000,국내증권사,B,SF205,각주항목(09.06월 이후)
2808,202206,0012001,IBK투자증권,A3,채무보증_채무인수약정,0,국내증권사,B,SF205,각주항목(09.06월 이후)
2809,202206,0012001,IBK투자증권,A5,채무보증_매입확약,754300000000,국내증권사,B,SF205,각주항목(09.06월 이후)
2810,202206,0012001,IBK투자증권,A6,채무보증_기타,0,국내증권사,B,SF205,각주항목(09.06월 이후)
2811,202206,0012001,IBK투자증권,B,투자자의 예수증권 등,40001818240321,국내증권사,B,SF205,각주항목(09.06월 이후)
2812,202206,0012001,IBK투자증권,B1,투자자의 예수증권 등_예수 증권,40001818240321,국내증권사,B,SF205,각주항목(09.06월 이후)
2813,202206,0012001,IBK투자증권,B2,투자자의 예수증권 등_예수양도성예금증서,0,국내증권사,B,SF205,각주항목(09.06월 이후)
2814,202206,0012001,IBK투자증권,B3,투자자의 예수증권 등_기타,0,국내증권사,B,SF205,각주항목(09.06월 이후)
2815,202206,0012001,IBK투자증권,C,파생상품계약,37744285290167,국내증권사,B,SF205,각주항목(09.06월 이후)
2816,202206,0012001,IBK투자증권,C1,파생상품계약_장내파생상품,3410669888498,국내증권사,B,SF205,각주항목(09.06월 이후)
2817,202206,0012001,IBK투자증권,C11,파생상품계약_장내파생상품_이자율관련거래,455972944267,국내증권사,B,SF205,각주항목(09.06월 이후)
2818,202206,0012001,IBK투자증권,C12,파생상품계약_장내파생상품_통화관련거래,0,국내증권사,B,SF205,각주항목(09.06월 이후)
2819,202206,0012001,IBK투자증권,C13,파생상품계약_장내파생상품_주식관련거래,2954696944231,국내증권사,B,SF205,각주항목(09.06월 이후)
2820,202206,0012001,IBK투자증권,C14,파생상품계약_장내파생상품_일반상품관련거래,0,국내증권사,B,SF205,각주항목(09.06월 이후)
2821,202206,0012001,IBK투자증권,C15,파생상품계약_장내파생상품_기타,0,국내증권사,B,SF205,각주항목(09.06월 이후)
2822,202206,0012001,IBK투자증권,C2,파생상품계약_장외파생상품,34333615401669,국내증권사,B,SF205,각주항목(09.06월 이후)
2823,202206,0012001,IBK투자증권,C21,파생상품계약_장외파생상품_이자율관련거래,29918614332600,국내증권사,B,SF205,각주항목(09.06월 이후)
2824,202206,0012001,IBK투자증권,C22,파생상품계약_장외파생상품_통화관련거래,2022240972097,국내증권사,B,SF205,각주항목(09.06월 이후)
2825,202206,0012001,IBK투자증권,C23,파생상품계약_장외파생상품_주식관련거래,293458410000,국내증권사,B,SF205,각주항목(09.06월 이후)
2826,202206,0012001,IBK투자증권,C24,파생상품계약_장외파생상품_신용관련거래,2053042472832,국내증권사,B,SF205,각주항목(09.06월 이후)
2827,202206,0012001,IBK투자증권,C25,파생상품계약_장외파생상품_기타,46259214140,국내증권사,B,SF205,각주항목(09.06월 이후)
2828,202206,0012001,IBK투자증권,D,대차 및 대주거래,314087181900,국내증권사,B,SF205,각주항목(09.06월 이후)
2829,202206,0012001,IBK투자증권,D1,대차 및 대주거래_대여증권,0,국내증권사,B,SF205,각주항목(09.06월 이후)
2830,202206,0012001,IBK투자증권,D2,대차 및 대주거래_차입증권,314087181900,국내증권사,B,SF205,각주항목(09.06월 이후)
2831,202206,0012001,IBK투자증권,D3,대차 및 대주거래_신용거래대주,0,국내증권사,B,SF205,각주항목(09.06월 이후)
2832,202206,0012001,IBK투자증권,E,대손상각채권,0,국내증권사,B,SF205,각주항목(09.06월 이후)
2833,202206,0012001,IBK투자증권,F,환전업무 예치금,0,국내증권사,B,SF205,각주항목(09.06월 이후)
2834,202206,0012001,IBK투자증권,G,미배당별도예치금,0,국내증권사,B,SF205,각주항목(09.06월 이후)
2835,202206,0012001,IBK투자증권,H,배서어음매출(종금계정),0,국내증권사,B,SF205,각주항목(09.06월 이후)
2836,202206,0012001,IBK투자증권,H1,대출채권매매이익_담보부,0,국내증권사,B,SF205,각주항목(09.06월 이후)
2837,202206,0012001,IBK투자증권,H2,대출채권매매이익_무담보부,0,국내증권사,B,SF205,각주항목(09.06월 이후)
2838,202209,0012001,IBK투자증권,A,채무보증,875670000000,국내증권사,B,SF205,각주항목(09.06월 이후)
2839,202209,0012001,IBK투자증권,A1,채무보증_지급보증,0,국내증권사,B,SF205,각주항목(09.06월 이후)
2840,202209,0012001,IBK투자증권,A2,채무보증_매입보장약정,82000000000,국내증권사,B,SF205,각주항목(09.06월 이후)
2841,202209,0012001,IBK투자증권,A3,채무보증_채무인수약정,0,국내증권사,B,SF205,각주항목(09.06월 이후)
2842,202209,0012001,IBK투자증권,A5,채무보증_매입확약,793670000000,국내증권사,B,SF205,각주항목(09.06월 이후)
2843,202209,0012001,IBK투자증권,A6,채무보증_기타,0,국내증권사,B,SF205,각주항목(09.06월 이후)
2844,202209,0012001,IBK투자증권,B,투자자의 예수증권 등,40838991597344,국내증권사,B,SF205,각주항목(09.06월 이후)
2845,202209,0012001,IBK투자증권,B1,투자자의 예수증권 등_예수 증권,40838991597344,국내증권사,B,SF205,각주항목(09.06월 이후)
2846,202209,0012001,IBK투자증권,B2,투자자의 예수증권 등_예수양도성예금증서,0,국내증권사,B,SF205,각주항목(09.06월 이후)
2847,202209,0012001,IBK투자증권,B3,투자자의 예수증권 등_기타,0,국내증권사,B,SF205,각주항목(09.06월 이후)
2848,202209,0012001,IBK투자증권,C,파생상품계약,46344108387151,국내증권사,B,SF205,각주항목(09.06월 이후)
2849,202209,0012001,IBK투자증권,C1,파생상품계약_장내파생상품,3853934715763,국내증권사,B,SF205,각주항목(09.06월 이후)
2850,202209,0012001,IBK투자증권,C11,파생상품계약_장내파생상품_이자율관련거래,288948005182,국내증권사,B,SF205,각주항목(09.06월 이후)
2851,202209,0012001,IBK투자증권,C12,파생상품계약_장내파생상품_통화관련거래,3723720000,국내증권사,B,SF205,각주항목(09.06월 이후)
2852,202209,0012001,IBK투자증권,C13,파생상품계약_장내파생상품_주식관련거래,3561262990581,국내증권사,B,SF205,각주항목(09.06월 이후)
2853,202209,0012001,IBK투자증권,C14,파생상품계약_장내파생상품_일반상품관련거래,0,국내증권사,B,SF205,각주항목(09.06월 이후)
2854,202209,0012001,IBK투자증권,C15,파생상품계약_장내파생상품_기타,0,국내증권사,B,SF205,각주항목(09.06월 이후)
2855,202209,0012001,IBK투자증권,C2,파생상품계약_장외파생상품,42490173671388,국내증권사,B,SF205,각주항목(09.06월 이후)
2856,202209,0012001,IBK투자증권,C21,파생상품계약_장외파생상품_이자율관련거래,32759456471200,국내증권사,B,SF205,각주항목(09.06월 이후)
2857,202209,0012001,IBK투자증권,C22,파생상품계약_장외파생상품_통화관련거래,8954638529084,국내증권사,B,SF205,각주항목(09.06월 이후)
2858,202209,0012001,IBK투자증권,C23,파생상품계약_장외파생상품_주식관련거래,347860200000,국내증권사,B,SF205,각주항목(09.06월 이후)
2859,202209,0012001,IBK투자증권,C24,파생상품계약_장외파생상품_신용관련거래,424499928000,국내증권사,B,SF205,각주항목(09.06월 이후)
2860,202209,0012001,IBK투자증권,C25,파생상품계약_장외파생상품_기타,3718543104,국내증권사,B,SF205,각주항목(09.06월 이후)
2861,202209,0012001,IBK투자증권,D,대차 및 대주거래,239865392040,국내증권사,B,SF205,각주항목(09.06월 이후)
2862,202209,0012001,IBK투자증권,D1,대차 및 대주거래_대여증권,0,국내증권사,B,SF205,각주항목(09.06월 이후)
2863,202209,0012001,IBK투자증권,D2,대차 및 대주거래_차입증권,239865392040,국내증권사,B,SF205,각주항목(09.06월 이후)
2864,202209,0012001,IBK투자증권,D3,대차 및 대주거래_신용거래대주,0,국내증권사,B,SF205,각주항목(09.06월 이후)
2865,202209,0012001,IBK투자증권,E,대손상각채권,0,국내증권사,B,SF205,각주항목(09.06월 이후)
2866,202209,0012001,IBK투자증권,F,환전업무 예치금,0,국내증권사,B,SF205,각주항목(09.06월 이후)
2867,202209,0012001,IBK투자증권,G,미배당별도예치금,0,국내증권사,B,SF205,각주항목(09.06월 이후)
2868,202209,0012001,IBK투자증권,H,배서어음매출(종금계정),0,국내증권사,B,SF205,각주항목(09.06월 이후)
2869,202209,0012001,IBK투자증권,H1,대출채권매매이익_담보부,0,국내증권사,B,SF205,각주항목(09.06월 이후)
2870,202209,0012001,IBK투자증권,H2,대출채권매매이익_무담보부,0,국내증권사,B,SF205,각주항목(09.06월 이후)
2871,202212,0012001,IBK투자증권,A,채무보증,684600000000,국내증권사,B,SF205,각주항목(09.06월 이후)
2872,202212,0012001,IBK투자증권,A1,채무보증_지급보증,0,국내증권사,B,SF205,각주항목(09.06월 이후)
2873,202212,0012001,IBK투자증권,A2,채무보증_매입보장약정,82000000000,국내증권사,B,SF205,각주항목(09.06월 이후)
2874,202212,0012001,IBK투자증권,A3,채무보증_채무인수약정,0,국내증권사,B,SF205,각주항목(09.06월 이후)
2875,202212,0012001,IBK투자증권,A5,채무보증_매입확약,602600000000,국내증권사,B,SF205,각주항목(09.06월 이후)
2876,202212,0012001,IBK투자증권,A6,채무보증_기타,0,국내증권사,B,SF205,각주항목(09.06월 이후)
2877,202212,0012001,IBK투자증권,B,투자자의 예수증권 등,42585279602089,국내증권사,B,SF205,각주항목(09.06월 이후)
2878,202212,0012001,IBK투자증권,B1,투자자의 예수증권 등_예수 증권,42585279602089,국내증권사,B,SF205,각주항목(09.06월 이후)
2879,202212,0012001,IBK투자증권,B2,투자자의 예수증권 등_예수양도성예금증서,0,국내증권사,B,SF205,각주항목(09.06월 이후)
2880,202212,0012001,IBK투자증권,B3,투자자의 예수증권 등_기타,0,국내증권사,B,SF205,각주항목(09.06월 이후)
2881,202212,0012001,IBK투자증권,C,파생상품계약,49450635513411,국내증권사,B,SF205,각주항목(09.06월 이후)
2882,202212,0012001,IBK투자증권,C1,파생상품계약_장내파생상품,1747615199542,국내증권사,B,SF205,각주항목(09.06월 이후)
2883,202212,0012001,IBK투자증권,C11,파생상품계약_장내파생상품_이자율관련거래,253352854980,국내증권사,B,SF205,각주항목(09.06월 이후)
2884,202212,0012001,IBK투자증권,C12,파생상품계약_장내파생상품_통화관련거래,4891680000,국내증권사,B,SF205,각주항목(09.06월 이후)
2885,202212,0012001,IBK투자증권,C13,파생상품계약_장내파생상품_주식관련거래,1489370664562,국내증권사,B,SF205,각주항목(09.06월 이후)
2886,202212,0012001,IBK투자증권,C14,파생상품계약_장내파생상품_일반상품관련거래,0,국내증권사,B,SF205,각주항목(09.06월 이후)
2887,202212,0012001,IBK투자증권,C15,파생상품계약_장내파생상품_기타,0,국내증권사,B,SF205,각주항목(09.06월 이후)
2888,202212,0012001,IBK투자증권,C2,파생상품계약_장외파생상품,47703020313869,국내증권사,B,SF205,각주항목(09.06월 이후)
2889,202212,0012001,IBK투자증권,C21,파생상품계약_장외파생상품_이자율관련거래,37756788726200,국내증권사,B,SF205,각주항목(09.06월 이후)
2890,202212,0012001,IBK투자증권,C22,파생상품계약_장외파생상품_통화관련거래,8023253811091,국내증권사,B,SF205,각주항목(09.06월 이후)
2891,202212,0012001,IBK투자증권,C23,파생상품계약_장외파생상품_주식관련거래,335595500000,국내증권사,B,SF205,각주항목(09.06월 이후)
2892,202212,0012001,IBK투자증권,C24,파생상품계약_장외파생상품_신용관련거래,1544844347879,국내증권사,B,SF205,각주항목(09.06월 이후)
2893,202212,0012001,IBK투자증권,C25,파생상품계약_장외파생상품_기타,42537928699,국내증권사,B,SF205,각주항목(09.06월 이후)
2894,202212,0012001,IBK투자증권,D,대차 및 대주거래,148304680788,국내증권사,B,SF205,각주항목(09.06월 이후)
2895,202212,0012001,IBK투자증권,D1,대차 및 대주거래_대여증권,0,국내증권사,B,SF205,각주항목(09.06월 이후)
2896,202212,0012001,IBK투자증권,D2,대차 및 대주거래_차입증권,148304680788,국내증권사,B,SF205,각주항목(09.06월 이후)
2897,202212,0012001,IBK투자증권,D3,대차 및 대주거래_신용거래대주,0,국내증권사,B,SF205,각주항목(09.06월 이후)
2898,202212,0012001,IBK투자증권,E,대손상각채권,0,국내증권사,B,SF205,각주항목(09.06월 이후)
2899,202212,0012001,IBK투자증권,F,환전업무 예치금,0,국내증권사,B,SF205,각주항목(09.06월 이후)
2900,202212,0012001,IBK투자증권,G,미배당별도예치금,0,국내증권사,B,SF205,각주항목(09.06월 이후)
2901,202212,0012001,IBK투자증권,H,배서어음매출(종금계정),0,국내증권사,B,SF205,각주항목(09.06월 이후)
2902,202212,0012001,IBK투자증권,H1,대출채권매매이익_담보부,0,국내증권사,B,SF205,각주항목(09.06월 이후)
2903,202212,0012001,IBK투자증권,H2,대출채권매매이익_무담보부,0,국내증권사,B,SF205,각주항목(09.06월 이후)
2904,202303,0012001,IBK투자증권,A,채무보증,694300000000,국내증권사,B,SF205,각주항목(09.06월 이후)
2905,202303,0012001,IBK투자증권,A1,채무보증_지급보증,0,국내증권사,B,SF205,각주항목(09.06월 이후)
2906,202303,0012001,IBK투자증권,A2,채무보증_매입보장약정,82000000000,국내증권사,B,SF205,각주항목(09.06월 이후)
2907,202303,0012001,IBK투자증권,A3,채무보증_채무인수약정,0,국내증권사,B,SF205,각주항목(09.06월 이후)
2908,202303,0012001,IBK투자증권,A5,채무보증_매입확약,612300000000,국내증권사,B,SF205,각주항목(09.06월 이후)
2909,202303,0012001,IBK투자증권,A6,채무보증_기타,0,국내증권사,B,SF205,각주항목(09.06월 이후)
2910,202303,0012001,IBK투자증권,B,투자자의 예수증권 등,45005571278394,국내증권사,B,SF205,각주항목(09.06월 이후)
2911,202303,0012001,IBK투자증권,B1,투자자의 예수증권 등_예수 증권,45005571278394,국내증권사,B,SF205,각주항목(09.06월 이후)
2912,202303,0012001,IBK투자증권,B2,투자자의 예수증권 등_예수양도성예금증서,0,국내증권사,B,SF205,각주항목(09.06월 이후)
2913,202303,0012001,IBK투자증권,B3,투자자의 예수증권 등_기타,0,국내증권사,B,SF205,각주항목(09.06월 이후)
2914,202303,0012001,IBK투자증권,C,파생상품계약,53471712996981,국내증권사,B,SF205,각주항목(09.06월 이후)
2915,202303,0012001,IBK투자증권,C1,파생상품계약_장내파생상품,2681191212184,국내증권사,B,SF205,각주항목(09.06월 이후)
2916,202303,0012001,IBK투자증권,C11,파생상품계약_장내파생상품_이자율관련거래,614475388680,국내증권사,B,SF205,각주항목(09.06월 이후)
2917,202303,0012001,IBK투자증권,C12,파생상품계약_장내파생상품_통화관련거래,17508568000,국내증권사,B,SF205,각주항목(09.06월 이후)
2918,202303,0012001,IBK투자증권,C13,파생상품계약_장내파생상품_주식관련거래,2049186368628,국내증권사,B,SF205,각주항목(09.06월 이후)
2919,202303,0012001,IBK투자증권,C14,파생상품계약_장내파생상품_일반상품관련거래,20886876,국내증권사,B,SF205,각주항목(09.06월 이후)
2920,202303,0012001,IBK투자증권,C15,파생상품계약_장내파생상품_기타,0,국내증권사,B,SF205,각주항목(09.06월 이후)
2921,202303,0012001,IBK투자증권,C2,파생상품계약_장외파생상품,50790521784797,국내증권사,B,SF205,각주항목(09.06월 이후)
2922,202303,0012001,IBK투자증권,C21,파생상품계약_장외파생상품_이자율관련거래,39250460157200,국내증권사,B,SF205,각주항목(09.06월 이후)
2923,202303,0012001,IBK투자증권,C22,파생상품계약_장외파생상품_통화관련거래,9570761058686,국내증권사,B,SF205,각주항목(09.06월 이후)
2924,202303,0012001,IBK투자증권,C23,파생상품계약_장외파생상품_주식관련거래,295346765520,국내증권사,B,SF205,각주항목(09.06월 이후)
2925,202303,0012001,IBK투자증권,C24,파생상품계약_장외파생상품_신용관련거래,1579257524473,국내증권사,B,SF205,각주항목(09.06월 이후)
2926,202303,0012001,IBK투자증권,C25,파생상품계약_장외파생상품_기타,94696278918,국내증권사,B,SF205,각주항목(09.06월 이후)
2927,202303,0012001,IBK투자증권,D,대차 및 대주거래,224198352620,국내증권사,B,SF205,각주항목(09.06월 이후)
2928,202303,0012001,IBK투자증권,D1,대차 및 대주거래_대여증권,0,국내증권사,B,SF205,각주항목(09.06월 이후)
2929,202303,0012001,IBK투자증권,D2,대차 및 대주거래_차입증권,224198352620,국내증권사,B,SF205,각주항목(09.06월 이후)
2930,202303,0012001,IBK투자증권,D3,대차 및 대주거래_신용거래대주,0,국내증권사,B,SF205,각주항목(09.06월 이후)
2931,202303,0012001,IBK투자증권,E,대손상각채권,0,국내증권사,B,SF205,각주항목(09.06월 이후)
2932,202303,0012001,IBK투자증권,F,환전업무 예치금,0,국내증권사,B,SF205,각주항목(09.06월 이후)
2933,202303,0012001,IBK투자증권,G,미배당별도예치금,0,국내증권사,B,SF205,각주항목(09.06월 이후)
2934,202303,0012001,IBK투자증권,H,배서어음매출(종금계정),0,국내증권사,B,SF205,각주항목(09.06월 이후)
2935,202303,0012001,IBK투자증권,H1,대출채권매매이익_담보부,0,국내증권사,B,SF205,각주항목(09.06월 이후)
2936,202303,0012001,IBK투자증권,H2,대출채권매매이익_무담보부,0,국내증권사,B,SF205,각주항목(09.06월 이후)
2937,202306,0012001,IBK투자증권,A,채무보증,783600000000,국내증권사,B,SF205,각주항목(09.06월 이후)
2938,202306,0012001,IBK투자증권,A1,채무보증_지급보증,0,국내증권사,B,SF205,각주항목(09.06월 이후)
2939,202306,0012001,IBK투자증권,A2,채무보증_매입보장약정,82000000000,국내증권사,B,SF205,각주항목(09.06월 이후)
2940,202306,0012001,IBK투자증권,A3,채무보증_채무인수약정,0,국내증권사,B,SF205,각주항목(09.06월 이후)
2941,202306,0012001,IBK투자증권,A5,채무보증_매입확약,701600000000,국내증권사,B,SF205,각주항목(09.06월 이후)
2942,202306,0012001,IBK투자증권,A6,채무보증_기타,0,국내증권사,B,SF205,각주항목(09.06월 이후)
2943,202306,0012001,IBK투자증권,B,투자자의 예수증권 등,44726357486401,국내증권사,B,SF205,각주항목(09.06월 이후)
2944,202306,0012001,IBK투자증권,B1,투자자의 예수증권 등_예수 증권,44726357486401,국내증권사,B,SF205,각주항목(09.06월 이후)
2945,202306,0012001,IBK투자증권,B2,투자자의 예수증권 등_예수양도성예금증서,0,국내증권사,B,SF205,각주항목(09.06월 이후)
2946,202306,0012001,IBK투자증권,B3,투자자의 예수증권 등_기타,0,국내증권사,B,SF205,각주항목(09.06월 이후)
2947,202306,0012001,IBK투자증권,C,파생상품계약,51458870986444,국내증권사,B,SF205,각주항목(09.06월 이후)
2948,202306,0012001,IBK투자증권,C1,파생상품계약_장내파생상품,2036856489172,국내증권사,B,SF205,각주항목(09.06월 이후)
2949,202306,0012001,IBK투자증권,C11,파생상품계약_장내파생상품_이자율관련거래,397029469438,국내증권사,B,SF205,각주항목(09.06월 이후)
2950,202306,0012001,IBK투자증권,C12,파생상품계약_장내파생상품_통화관련거래,21728850000,국내증권사,B,SF205,각주항목(09.06월 이후)
2951,202306,0012001,IBK투자증권,C13,파생상품계약_장내파생상품_주식관련거래,1617980805414,국내증권사,B,SF205,각주항목(09.06월 이후)
2952,202306,0012001,IBK투자증권,C14,파생상품계약_장내파생상품_일반상품관련거래,117364320,국내증권사,B,SF205,각주항목(09.06월 이후)
2953,202306,0012001,IBK투자증권,C15,파생상품계약_장내파생상품_기타,0,국내증권사,B,SF205,각주항목(09.06월 이후)
2954,202306,0012001,IBK투자증권,C2,파생상품계약_장외파생상품,49422014497272,국내증권사,B,SF205,각주항목(09.06월 이후)
2955,202306,0012001,IBK투자증권,C21,파생상품계약_장외파생상품_이자율관련거래,37640659003200,국내증권사,B,SF205,각주항목(09.06월 이후)
2956,202306,0012001,IBK투자증권,C22,파생상품계약_장외파생상품_통화관련거래,10019140042706,국내증권사,B,SF205,각주항목(09.06월 이후)
2957,202306,0012001,IBK투자증권,C23,파생상품계약_장외파생상품_주식관련거래,246600281440,국내증권사,B,SF205,각주항목(09.06월 이후)
2958,202306,0012001,IBK투자증권,C24,파생상품계약_장외파생상품_신용관련거래,1435028165277,국내증권사,B,SF205,각주항목(09.06월 이후)
2959,202306,0012001,IBK투자증권,C25,파생상품계약_장외파생상품_기타,80587004649,국내증권사,B,SF205,각주항목(09.06월 이후)
2960,202306,0012001,IBK투자증권,D,대차 및 대주거래,216113401160,국내증권사,B,SF205,각주항목(09.06월 이후)
2961,202306,0012001,IBK투자증권,D1,대차 및 대주거래_대여증권,0,국내증권사,B,SF205,각주항목(09.06월 이후)
2962,202306,0012001,IBK투자증권,D2,대차 및 대주거래_차입증권,216113401160,국내증권사,B,SF205,각주항목(09.06월 이후)
2963,202306,0012001,IBK투자증권,D3,대차 및 대주거래_신용거래대주,0,국내증권사,B,SF205,각주항목(09.06월 이후)
2964,202306,0012001,IBK투자증권,E,대손상각채권,0,국내증권사,B,SF205,각주항목(09.06월 이후)
2965,202306,0012001,IBK투자증권,F,환전업무 예치금,0,국내증권사,B,SF205,각주항목(09.06월 이후)
2966,202306,0012001,IBK투자증권,G,미배당별도예치금,0,국내증권사,B,SF205,각주항목(09.06월 이후)
2967,202306,0012001,IBK투자증권,H,배서어음매출(종금계정),0,국내증권사,B,SF205,각주항목(09.06월 이후)
2968,202306,0012001,IBK투자증권,H1,대출채권매매이익_담보부,0,국내증권사,B,SF205,각주항목(09.06월 이후)
2969,202306,0012001,IBK투자증권,H2,대출채권매매이익_무담보부,0,국내증권사,B,SF205,각주항목(09.06월 이후)
2970,202309,0012001,IBK투자증권,A,채무보증,756050000000,국내증권사,B,SF205,각주항목(09.06월 이후)
2971,202309,0012001,IBK투자증권,A1,채무보증_지급보증,0,국내증권사,B,SF205,각주항목(09.06월 이후)
2972,202309,0012001,IBK투자증권,A2,채무보증_매입보장약정,82000000000,국내증권사,B,SF205,각주항목(09.06월 이후)
2973,202309,0012001,IBK투자증권,A3,채무보증_채무인수약정,0,국내증권사,B,SF205,각주항목(09.06월 이후)
2974,202309,0012001,IBK투자증권,A5,채무보증_매입확약,674050000000,국내증권사,B,SF205,각주항목(09.06월 이후)
2975,202309,0012001,IBK투자증권,A6,채무보증_기타,0,국내증권사,B,SF205,각주항목(09.06월 이후)
2976,202309,0012001,IBK투자증권,B,투자자의 예수증권 등,43298773655072,국내증권사,B,SF205,각주항목(09.06월 이후)
2977,202309,0012001,IBK투자증권,B1,투자자의 예수증권 등_예수 증권,43298773655072,국내증권사,B,SF205,각주항목(09.06월 이후)
2978,202309,0012001,IBK투자증권,B2,투자자의 예수증권 등_예수양도성예금증서,0,국내증권사,B,SF205,각주항목(09.06월 이후)
2979,202309,0012001,IBK투자증권,B3,투자자의 예수증권 등_기타,0,국내증권사,B,SF205,각주항목(09.06월 이후)
2980,202309,0012001,IBK투자증권,C,파생상품계약,54041394361146,국내증권사,B,SF205,각주항목(09.06월 이후)
2981,202309,0012001,IBK투자증권,C1,파생상품계약_장내파생상품,2033629438523,국내증권사,B,SF205,각주항목(09.06월 이후)
2982,202309,0012001,IBK투자증권,C11,파생상품계약_장내파생상품_이자율관련거래,247002655625,국내증권사,B,SF205,각주항목(09.06월 이후)
2983,202309,0012001,IBK투자증권,C12,파생상품계약_장내파생상품_통화관련거래,23294459000,국내증권사,B,SF205,각주항목(09.06월 이후)
2984,202309,0012001,IBK투자증권,C13,파생상품계약_장내파생상품_주식관련거래,1763332323898,국내증권사,B,SF205,각주항목(09.06월 이후)
2985,202309,0012001,IBK투자증권,C14,파생상품계약_장내파생상품_일반상품관련거래,0,국내증권사,B,SF205,각주항목(09.06월 이후)
2986,202309,0012001,IBK투자증권,C15,파생상품계약_장내파생상품_기타,0,국내증권사,B,SF205,각주항목(09.06월 이후)
2987,202309,0012001,IBK투자증권,C2,파생상품계약_장외파생상품,52007764922623,국내증권사,B,SF205,각주항목(09.06월 이후)
2988,202309,0012001,IBK투자증권,C21,파생상품계약_장외파생상품_이자율관련거래,40060936911200,국내증권사,B,SF205,각주항목(09.06월 이후)
2989,202309,0012001,IBK투자증권,C22,파생상품계약_장외파생상품_통화관련거래,10155771765220,국내증권사,B,SF205,각주항목(09.06월 이후)
2990,202309,0012001,IBK투자증권,C23,파생상품계약_장외파생상품_주식관련거래,267964131920,국내증권사,B,SF205,각주항목(09.06월 이후)
2991,202309,0012001,IBK투자증권,C24,파생상품계약_장외파생상품_신용관련거래,1459886621469,국내증권사,B,SF205,각주항목(09.06월 이후)
2992,202309,0012001,IBK투자증권,C25,파생상품계약_장외파생상품_기타,63205492814,국내증권사,B,SF205,각주항목(09.06월 이후)
2993,202309,0012001,IBK투자증권,D,대차 및 대주거래,191265608470,국내증권사,B,SF205,각주항목(09.06월 이후)
2994,202309,0012001,IBK투자증권,D1,대차 및 대주거래_대여증권,0,국내증권사,B,SF205,각주항목(09.06월 이후)
2995,202309,0012001,IBK투자증권,D2,대차 및 대주거래_차입증권,191265608470,국내증권사,B,SF205,각주항목(09.06월 이후)
2996,202309,0012001,IBK투자증권,D3,대차 및 대주거래_신용거래대주,0,국내증권사,B,SF205,각주항목(09.06월 이후)
2997,202309,0012001,IBK투자증권,E,대손상각채권,0,국내증권사,B,SF205,각주항목(09.06월 이후)
2998,202309,0012001,IBK투자증권,F,환전업무 예치금,0,국내증권사,B,SF205,각주항목(09.06월 이후)
2999,202309,0012001,IBK투자증권,G,미배당별도예치금,0,국내증권사,B,SF205,각주항목(09.06월 이후)
3000,202309,0012001,IBK투자증권,H,배서어음매출(종금계정),0,국내증권사,B,SF205,각주항목(09.06월 이후)
3001,202309,0012001,IBK투자증권,H1,대출채권매매이익_담보부,0,국내증권사,B,SF205,각주항목(09.06월 이후)
3002,202309,0012001,IBK투자증권,H2,대출채권매매이익_무담보부,0,국내증권사,B,SF205,각주항목(09.06월 이후)
3003,202312,0012001,IBK투자증권,A,채무보증,776500000000,국내증권사,B,SF205,각주항목(09.06월 이후)
3004,202312,0012001,IBK투자증권,A1,채무보증_지급보증,0,국내증권사,B,SF205,각주항목(09.06월 이후)
3005,202312,0012001,IBK투자증권,A2,채무보증_매입보장약정,82000000000,국내증권사,B,SF205,각주항목(09.06월 이후)
3006,202312,0012001,IBK투자증권,A3,채무보증_채무인수약정,0,국내증권사,B,SF205,각주항목(09.06월 이후)
3007,202312,0012001,IBK투자증권,A5,채무보증_매입확약,694500000000,국내증권사,B,SF205,각주항목(09.06월 이후)
3008,202312,0012001,IBK투자증권,A6,채무보증_기타,0,국내증권사,B,SF205,각주항목(09.06월 이후)
3009,202312,0012001,IBK투자증권,B,투자자의 예수증권 등,44750702961168,국내증권사,B,SF205,각주항목(09.06월 이후)
3010,202312,0012001,IBK투자증권,B1,투자자의 예수증권 등_예수 증권,44750702961168,국내증권사,B,SF205,각주항목(09.06월 이후)
3011,202312,0012001,IBK투자증권,B2,투자자의 예수증권 등_예수양도성예금증서,0,국내증권사,B,SF205,각주항목(09.06월 이후)
3012,202312,0012001,IBK투자증권,B3,투자자의 예수증권 등_기타,0,국내증권사,B,SF205,각주항목(09.06월 이후)
3013,202312,0012001,IBK투자증권,C,파생상품계약,54862461166275,국내증권사,B,SF205,각주항목(09.06월 이후)
3014,202312,0012001,IBK투자증권,C1,파생상품계약_장내파생상품,1890427059954,국내증권사,B,SF205,각주항목(09.06월 이후)
3015,202312,0012001,IBK투자증권,C11,파생상품계약_장내파생상품_이자율관련거래,381745182328,국내증권사,B,SF205,각주항목(09.06월 이후)
3016,202312,0012001,IBK투자증권,C12,파생상품계약_장내파생상품_통화관련거래,23995272000,국내증권사,B,SF205,각주항목(09.06월 이후)
3017,202312,0012001,IBK투자증권,C13,파생상품계약_장내파생상품_주식관련거래,1484686605626,국내증권사,B,SF205,각주항목(09.06월 이후)
3018,202312,0012001,IBK투자증권,C14,파생상품계약_장내파생상품_일반상품관련거래,0,국내증권사,B,SF205,각주항목(09.06월 이후)
3019,202312,0012001,IBK투자증권,C15,파생상품계약_장내파생상품_기타,0,국내증권사,B,SF205,각주항목(09.06월 이후)
3020,202312,0012001,IBK투자증권,C2,파생상품계약_장외파생상품,52972034106321,국내증권사,B,SF205,각주항목(09.06월 이후)
3021,202312,0012001,IBK투자증권,C21,파생상품계약_장외파생상품_이자율관련거래,40361214303600,국내증권사,B,SF205,각주항목(09.06월 이후)
3022,202312,0012001,IBK투자증권,C22,파생상품계약_장외파생상품_통화관련거래,11308681950380,국내증권사,B,SF205,각주항목(09.06월 이후)
3023,202312,0012001,IBK투자증권,C23,파생상품계약_장외파생상품_주식관련거래,295799150000,국내증권사,B,SF205,각주항목(09.06월 이후)
3024,202312,0012001,IBK투자증권,C24,파생상품계약_장외파생상품_신용관련거래,959990211186,국내증권사,B,SF205,각주항목(09.06월 이후)
3025,202312,0012001,IBK투자증권,C25,파생상품계약_장외파생상품_기타,46348491155,국내증권사,B,SF205,각주항목(09.06월 이후)
3026,202312,0012001,IBK투자증권,D,대차 및 대주거래,361119891065,국내증권사,B,SF205,각주항목(09.06월 이후)
3027,202312,0012001,IBK투자증권,D1,대차 및 대주거래_대여증권,0,국내증권사,B,SF205,각주항목(09.06월 이후)
3028,202312,0012001,IBK투자증권,D2,대차 및 대주거래_차입증권,361119891065,국내증권사,B,SF205,각주항목(09.06월 이후)
3029,202312,0012001,IBK투자증권,D3,대차 및 대주거래_신용거래대주,0,국내증권사,B,SF205,각주항목(09.06월 이후)
3030,202312,0012001,IBK투자증권,E,대손상각채권,0,국내증권사,B,SF205,각주항목(09.06월 이후)
3031,202312,0012001,IBK투자증권,F,환전업무 예치금,0,국내증권사,B,SF205,각주항목(09.06월 이후)
3032,202312,0012001,IBK투자증권,G,미배당별도예치금,0,국내증권사,B,SF205,각주항목(09.06월 이후)
3033,202312,0012001,IBK투자증권,H,배서어음매출(종금계정),0,국내증권사,B,SF205,각주항목(09.06월 이후)
3034,202312,0012001,IBK투자증권,H1,대출채권매매이익_담보부,0,국내증권사,B,SF205,각주항목(09.06월 이후)
3035,202312,0012001,IBK투자증권,H2,대출채권매매이익_무담보부,0,국내증권사,B,SF205,각주항목(09.06월 이후)
3036,202403,0012001,IBK투자증권,A,채무보증,782150000000,국내증권사,B,SF205,각주항목(09.06월 이후)
3037,202403,0012001,IBK투자증권,A1,채무보증_지급보증,0,국내증권사,B,SF205,각주항목(09.06월 이후)
3038,202403,0012001,IBK투자증권,A2,채무보증_매입보장약정,82000000000,국내증권사,B,SF205,각주항목(09.06월 이후)
3039,202403,0012001,IBK투자증권,A3,채무보증_채무인수약정,0,국내증권사,B,SF205,각주항목(09.06월 이후)
3040,202403,0012001,IBK투자증권,A5,채무보증_매입확약,700150000000,국내증권사,B,SF205,각주항목(09.06월 이후)
3041,202403,0012001,IBK투자증권,A6,채무보증_기타,0,국내증권사,B,SF205,각주항목(09.06월 이후)
3042,202403,0012001,IBK투자증권,B,투자자의 예수증권 등,45976349412821,국내증권사,B,SF205,각주항목(09.06월 이후)
3043,202403,0012001,IBK투자증권,B1,투자자의 예수증권 등_예수 증권,45976349412821,국내증권사,B,SF205,각주항목(09.06월 이후)
3044,202403,0012001,IBK투자증권,B2,투자자의 예수증권 등_예수양도성예금증서,0,국내증권사,B,SF205,각주항목(09.06월 이후)
3045,202403,0012001,IBK투자증권,B3,투자자의 예수증권 등_기타,0,국내증권사,B,SF205,각주항목(09.06월 이후)
3046,202403,0012001,IBK투자증권,C,파생상품계약,62998259232724,국내증권사,B,SF205,각주항목(09.06월 이후)
3047,202403,0012001,IBK투자증권,C1,파생상품계약_장내파생상품,1698068392438,국내증권사,B,SF205,각주항목(09.06월 이후)
3048,202403,0012001,IBK투자증권,C11,파생상품계약_장내파생상품_이자율관련거래,493249164296,국내증권사,B,SF205,각주항목(09.06월 이후)
3049,202403,0012001,IBK투자증권,C12,파생상품계약_장내파생상품_통화관련거래,30107891870,국내증권사,B,SF205,각주항목(09.06월 이후)
3050,202403,0012001,IBK투자증권,C13,파생상품계약_장내파생상품_주식관련거래,1174252795923,국내증권사,B,SF205,각주항목(09.06월 이후)
3051,202403,0012001,IBK투자증권,C14,파생상품계약_장내파생상품_일반상품관련거래,458540349,국내증권사,B,SF205,각주항목(09.06월 이후)
3052,202403,0012001,IBK투자증권,C15,파생상품계약_장내파생상품_기타,0,국내증권사,B,SF205,각주항목(09.06월 이후)
3053,202403,0012001,IBK투자증권,C2,파생상품계약_장외파생상품,61300190840286,국내증권사,B,SF205,각주항목(09.06월 이후)
3054,202403,0012001,IBK투자증권,C21,파생상품계약_장외파생상품_이자율관련거래,44857889279200,국내증권사,B,SF205,각주항목(09.06월 이후)
3055,202403,0012001,IBK투자증권,C22,파생상품계약_장외파생상품_통화관련거래,14686400132180,국내증권사,B,SF205,각주항목(09.06월 이후)
3056,202403,0012001,IBK투자증권,C23,파생상품계약_장외파생상품_주식관련거래,265385715200,국내증권사,B,SF205,각주항목(09.06월 이후)
3057,202403,0012001,IBK투자증권,C24,파생상품계약_장외파생상품_신용관련거래,1452255098981,국내증권사,B,SF205,각주항목(09.06월 이후)
3058,202403,0012001,IBK투자증권,C25,파생상품계약_장외파생상품_기타,38260614725,국내증권사,B,SF205,각주항목(09.06월 이후)
3059,202403,0012001,IBK투자증권,D,대차 및 대주거래,387141707170,국내증권사,B,SF205,각주항목(09.06월 이후)
3060,202403,0012001,IBK투자증권,D1,대차 및 대주거래_대여증권,0,국내증권사,B,SF205,각주항목(09.06월 이후)
3061,202403,0012001,IBK투자증권,D2,대차 및 대주거래_차입증권,387141707170,국내증권사,B,SF205,각주항목(09.06월 이후)
3062,202403,0012001,IBK투자증권,D3,대차 및 대주거래_신용거래대주,0,국내증권사,B,SF205,각주항목(09.06월 이후)
3063,202403,0012001,IBK투자증권,E,대손상각채권,0,국내증권사,B,SF205,각주항목(09.06월 이후)
3064,202403,0012001,IBK투자증권,F,환전업무 예치금,0,국내증권사,B,SF205,각주항목(09.06월 이후)
3065,202403,0012001,IBK투자증권,G,미배당별도예치금,0,국내증권사,B,SF205,각주항목(09.06월 이후)
3066,202403,0012001,IBK투자증권,H,배서어음매출(종금계정),0,국내증권사,B,SF205,각주항목(09.06월 이후)
3067,202403,0012001,IBK투자증권,H1,대출채권매매이익_담보부,0,국내증권사,B,SF205,각주항목(09.06월 이후)
3068,202403,0012001,IBK투자증권,H2,대출채권매매이익_무담보부,0,국내증권사,B,SF205,각주항목(09.06월 이후)
3069,202406,0012001,IBK투자증권,A,채무보증,680950000000,국내증권사,B,SF205,각주항목(09.06월 이후)
3070,202406,0012001,IBK투자증권,A1,채무보증_지급보증,0,국내증권사,B,SF205,각주항목(09.06월 이후)
3071,202406,0012001,IBK투자증권,A2,채무보증_매입보장약정,82000000000,국내증권사,B,SF205,각주항목(09.06월 이후)
3072,202406,0012001,IBK투자증권,A3,채무보증_채무인수약정,0,국내증권사,B,SF205,각주항목(09.06월 이후)
3073,202406,0012001,IBK투자증권,A5,채무보증_매입확약,598950000000,국내증권사,B,SF205,각주항목(09.06월 이후)
3074,202406,0012001,IBK투자증권,A6,채무보증_기타,0,국내증권사,B,SF205,각주항목(09.06월 이후)
3075,202406,0012001,IBK투자증권,B,투자자의 예수증권 등,47319864179359,국내증권사,B,SF205,각주항목(09.06월 이후)
3076,202406,0012001,IBK투자증권,B1,투자자의 예수증권 등_예수 증권,47319864179359,국내증권사,B,SF205,각주항목(09.06월 이후)
3077,202406,0012001,IBK투자증권,B2,투자자의 예수증권 등_예수양도성예금증서,0,국내증권사,B,SF205,각주항목(09.06월 이후)
3078,202406,0012001,IBK투자증권,B3,투자자의 예수증권 등_기타,0,국내증권사,B,SF205,각주항목(09.06월 이후)
3079,202406,0012001,IBK투자증권,C,파생상품계약,67056687757759,국내증권사,B,SF205,각주항목(09.06월 이후)
3080,202406,0012001,IBK투자증권,C1,파생상품계약_장내파생상품,1542639711525,국내증권사,B,SF205,각주항목(09.06월 이후)
3081,202406,0012001,IBK투자증권,C11,파생상품계약_장내파생상품_이자율관련거래,519260662703,국내증권사,B,SF205,각주항목(09.06월 이후)
3082,202406,0012001,IBK투자증권,C12,파생상품계약_장내파생상품_통화관련거래,24812216000,국내증권사,B,SF205,각주항목(09.06월 이후)
3083,202406,0012001,IBK투자증권,C13,파생상품계약_장내파생상품_주식관련거래,998566832822,국내증권사,B,SF205,각주항목(09.06월 이후)
3084,202406,0012001,IBK투자증권,C14,파생상품계약_장내파생상품_일반상품관련거래,0,국내증권사,B,SF205,각주항목(09.06월 이후)
3085,202406,0012001,IBK투자증권,C15,파생상품계약_장내파생상품_기타,0,국내증권사,B,SF205,각주항목(09.06월 이후)
3086,202406,0012001,IBK투자증권,C2,파생상품계약_장외파생상품,65514048046234,국내증권사,B,SF205,각주항목(09.06월 이후)
3087,202406,0012001,IBK투자증권,C21,파생상품계약_장외파생상품_이자율관련거래,47748357273507,국내증권사,B,SF205,각주항목(09.06월 이후)
3088,202406,0012001,IBK투자증권,C22,파생상품계약_장외파생상품_통화관련거래,15339027149978,국내증권사,B,SF205,각주항목(09.06월 이후)
3089,202406,0012001,IBK투자증권,C23,파생상품계약_장외파생상품_주식관련거래,167449502000,국내증권사,B,SF205,각주항목(09.06월 이후)
3090,202406,0012001,IBK투자증권,C24,파생상품계약_장외파생상품_신용관련거래,2131904960000,국내증권사,B,SF205,각주항목(09.06월 이후)
3091,202406,0012001,IBK투자증권,C25,파생상품계약_장외파생상품_기타,127309160749,국내증권사,B,SF205,각주항목(09.06월 이후)
3092,202406,0012001,IBK투자증권,D,대차 및 대주거래,395206388538,국내증권사,B,SF205,각주항목(09.06월 이후)
3093,202406,0012001,IBK투자증권,D1,대차 및 대주거래_대여증권,0,국내증권사,B,SF205,각주항목(09.06월 이후)
3094,202406,0012001,IBK투자증권,D2,대차 및 대주거래_차입증권,395206388538,국내증권사,B,SF205,각주항목(09.06월 이후)
3095,202406,0012001,IBK투자증권,D3,대차 및 대주거래_신용거래대주,0,국내증권사,B,SF205,각주항목(09.06월 이후)
3096,202406,0012001,IBK투자증권,E,대손상각채권,0,국내증권사,B,SF205,각주항목(09.06월 이후)
3097,202406,0012001,IBK투자증권,F,환전업무 예치금,0,국내증권사,B,SF205,각주항목(09.06월 이후)
3098,202406,0012001,IBK투자증권,G,미배당별도예치금,0,국내증권사,B,SF205,각주항목(09.06월 이후)
3099,202406,0012001,IBK투자증권,H,배서어음매출(종금계정),0,국내증권사,B,SF205,각주항목(09.06월 이후)
3100,202406,0012001,IBK투자증권,H1,대출채권매매이익_담보부,0,국내증권사,B,SF205,각주항목(09.06월 이후)
3101,202406,0012001,IBK투자증권,H2,대출채권매매이익_무담보부,0,국내증권사,B,SF205,각주항목(09.06월 이후)
3102,202409,0012001,IBK투자증권,A,채무보증,728900000000,국내증권사,B,SF205,각주항목(09.06월 이후)
3103,202409,0012001,IBK투자증권,A1,채무보증_지급보증,0,국내증권사,B,SF205,각주항목(09.06월 이후)
3104,202409,0012001,IBK투자증권,A2,채무보증_매입보장약정,82000000000,국내증권사,B,SF205,각주항목(09.06월 이후)
3105,202409,0012001,IBK투자증권,A3,채무보증_채무인수약정,0,국내증권사,B,SF205,각주항목(09.06월 이후)
3106,202409,0012001,IBK투자증권,A5,채무보증_매입확약,646900000000,국내증권사,B,SF205,각주항목(09.06월 이후)
3107,202409,0012001,IBK투자증권,A6,채무보증_기타,0,국내증권사,B,SF205,각주항목(09.06월 이후)
3108,202409,0012001,IBK투자증권,B,투자자의 예수증권 등,47122395839318,국내증권사,B,SF205,각주항목(09.06월 이후)
3109,202409,0012001,IBK투자증권,B1,투자자의 예수증권 등_예수 증권,47122395839318,국내증권사,B,SF205,각주항목(09.06월 이후)
3110,202409,0012001,IBK투자증권,B2,투자자의 예수증권 등_예수양도성예금증서,0,국내증권사,B,SF205,각주항목(09.06월 이후)
3111,202409,0012001,IBK투자증권,B3,투자자의 예수증권 등_기타,0,국내증권사,B,SF205,각주항목(09.06월 이후)
3112,202409,0012001,IBK투자증권,C,파생상품계약,68385761356372,국내증권사,B,SF205,각주항목(09.06월 이후)
3113,202409,0012001,IBK투자증권,C1,파생상품계약_장내파생상품,2335916328427,국내증권사,B,SF205,각주항목(09.06월 이후)
3114,202409,0012001,IBK투자증권,C11,파생상품계약_장내파생상품_이자율관련거래,1121767062725,국내증권사,B,SF205,각주항목(09.06월 이후)
3115,202409,0012001,IBK투자증권,C12,파생상품계약_장내파생상품_통화관련거래,14397630000,국내증권사,B,SF205,각주항목(09.06월 이후)
3116,202409,0012001,IBK투자증권,C13,파생상품계약_장내파생상품_주식관련거래,1199751635702,국내증권사,B,SF205,각주항목(09.06월 이후)
3117,202409,0012001,IBK투자증권,C14,파생상품계약_장내파생상품_일반상품관련거래,0,국내증권사,B,SF205,각주항목(09.06월 이후)
3118,202409,0012001,IBK투자증권,C15,파생상품계약_장내파생상품_기타,0,국내증권사,B,SF205,각주항목(09.06월 이후)
3119,202409,0012001,IBK투자증권,C2,파생상품계약_장외파생상품,66049845027945,국내증권사,B,SF205,각주항목(09.06월 이후)
3120,202409,0012001,IBK투자증권,C21,파생상품계약_장외파생상품_이자율관련거래,46812089336307,국내증권사,B,SF205,각주항목(09.06월 이후)
3121,202409,0012001,IBK투자증권,C22,파생상품계약_장외파생상품_통화관련거래,17062711147289,국내증권사,B,SF205,각주항목(09.06월 이후)
3122,202409,0012001,IBK투자증권,C23,파생상품계약_장외파생상품_주식관련거래,225584711600,국내증권사,B,SF205,각주항목(09.06월 이후)
3123,202409,0012001,IBK투자증권,C24,파생상품계약_장외파생상품_신용관련거래,1357745200000,국내증권사,B,SF205,각주항목(09.06월 이후)
3124,202409,0012001,IBK투자증권,C25,파생상품계약_장외파생상품_기타,591714632749,국내증권사,B,SF205,각주항목(09.06월 이후)
3125,202409,0012001,IBK투자증권,D,대차 및 대주거래,304022264752,국내증권사,B,SF205,각주항목(09.06월 이후)
3126,202409,0012001,IBK투자증권,D1,대차 및 대주거래_대여증권,0,국내증권사,B,SF205,각주항목(09.06월 이후)
3127,202409,0012001,IBK투자증권,D2,대차 및 대주거래_차입증권,304022264752,국내증권사,B,SF205,각주항목(09.06월 이후)
3128,202409,0012001,IBK투자증권,D3,대차 및 대주거래_신용거래대주,0,국내증권사,B,SF205,각주항목(09.06월 이후)
3129,202409,0012001,IBK투자증권,E,대손상각채권,0,국내증권사,B,SF205,각주항목(09.06월 이후)
3130,202409,0012001,IBK투자증권,F,환전업무 예치금,0,국내증권사,B,SF205,각주항목(09.06월 이후)
3131,202409,0012001,IBK투자증권,G,미배당별도예치금,0,국내증권사,B,SF205,각주항목(09.06월 이후)
3132,202409,0012001,IBK투자증권,H,배서어음매출(종금계정),0,국내증권사,B,SF205,각주항목(09.06월 이후)
3133,202409,0012001,IBK투자증권,H1,대출채권매매이익_담보부,0,국내증권사,B,SF205,각주항목(09.06월 이후)
3134,202409,0012001,IBK투자증권,H2,대출채권매매이익_무담보부,0,국내증권사,B,SF205,각주항목(09.06월 이후)
3135,202412,0012001,IBK투자증권,A,채무보증,687600000000,국내증권사,B,SF205,각주항목(09.06월 이후)
3136,202412,0012001,IBK투자증권,A1,채무보증_지급보증,0,국내증권사,B,SF205,각주항목(09.06월 이후)
3137,202412,0012001,IBK투자증권,A2,채무보증_매입보장약정,82000000000,국내증권사,B,SF205,각주항목(09.06월 이후)
3138,202412,0012001,IBK투자증권,A3,채무보증_채무인수약정,0,국내증권사,B,SF205,각주항목(09.06월 이후)
3139,202412,0012001,IBK투자증권,A5,채무보증_매입확약,605600000000,국내증권사,B,SF205,각주항목(09.06월 이후)
3140,202412,0012001,IBK투자증권,A6,채무보증_기타,0,국내증권사,B,SF205,각주항목(09.06월 이후)
3141,202412,0012001,IBK투자증권,B,투자자의 예수증권 등,46084101709517,국내증권사,B,SF205,각주항목(09.06월 이후)
3142,202412,0012001,IBK투자증권,B1,투자자의 예수증권 등_예수 증권,46084101709517,국내증권사,B,SF205,각주항목(09.06월 이후)
3143,202412,0012001,IBK투자증권,B2,투자자의 예수증권 등_예수양도성예금증서,0,국내증권사,B,SF205,각주항목(09.06월 이후)
3144,202412,0012001,IBK투자증권,B3,투자자의 예수증권 등_기타,0,국내증권사,B,SF205,각주항목(09.06월 이후)
3145,202412,0012001,IBK투자증권,C,파생상품계약,73801864926027,국내증권사,B,SF205,각주항목(09.06월 이후)
3146,202412,0012001,IBK투자증권,C1,파생상품계약_장내파생상품,2617726882193,국내증권사,B,SF205,각주항목(09.06월 이후)
3147,202412,0012001,IBK투자증권,C11,파생상품계약_장내파생상품_이자율관련거래,695137114089,국내증권사,B,SF205,각주항목(09.06월 이후)
3148,202412,0012001,IBK투자증권,C12,파생상품계약_장내파생상품_통화관련거래,18056532000,국내증권사,B,SF205,각주항목(09.06월 이후)
3149,202412,0012001,IBK투자증권,C13,파생상품계약_장내파생상품_주식관련거래,1904533236104,국내증권사,B,SF205,각주항목(09.06월 이후)
3150,202412,0012001,IBK투자증권,C14,파생상품계약_장내파생상품_일반상품관련거래,0,국내증권사,B,SF205,각주항목(09.06월 이후)
3151,202412,0012001,IBK투자증권,C15,파생상품계약_장내파생상품_기타,0,국내증권사,B,SF205,각주항목(09.06월 이후)
3152,202412,0012001,IBK투자증권,C2,파생상품계약_장외파생상품,71184138043834,국내증권사,B,SF205,각주항목(09.06월 이후)
3153,202412,0012001,IBK투자증권,C21,파생상품계약_장외파생상품_이자율관련거래,52280967835129,국내증권사,B,SF205,각주항목(09.06월 이후)
3154,202412,0012001,IBK투자증권,C22,파생상품계약_장외파생상품_통화관련거래,16719245935201,국내증권사,B,SF205,각주항목(09.06월 이후)
3155,202412,0012001,IBK투자증권,C23,파생상품계약_장외파생상품_주식관련거래,283438700000,국내증권사,B,SF205,각주항목(09.06월 이후)
3156,202412,0012001,IBK투자증권,C24,파생상품계약_장외파생상품_신용관련거래,1245570000000,국내증권사,B,SF205,각주항목(09.06월 이후)
3157,202412,0012001,IBK투자증권,C25,파생상품계약_장외파생상품_기타,654915573504,국내증권사,B,SF205,각주항목(09.06월 이후)
3158,202412,0012001,IBK투자증권,D,대차 및 대주거래,611802222171,국내증권사,B,SF205,각주항목(09.06월 이후)
3159,202412,0012001,IBK투자증권,D1,대차 및 대주거래_대여증권,0,국내증권사,B,SF205,각주항목(09.06월 이후)
3160,202412,0012001,IBK투자증권,D2,대차 및 대주거래_차입증권,611802222171,국내증권사,B,SF205,각주항목(09.06월 이후)
3161,202412,0012001,IBK투자증권,D3,대차 및 대주거래_신용거래대주,0,국내증권사,B,SF205,각주항목(09.06월 이후)
3162,202412,0012001,IBK투자증권,E,대손상각채권,0,국내증권사,B,SF205,각주항목(09.06월 이후)
3163,202412,0012001,IBK투자증권,F,환전업무 예치금,0,국내증권사,B,SF205,각주항목(09.06월 이후)
3164,202412,0012001,IBK투자증권,G,미배당별도예치금,0,국내증권사,B,SF205,각주항목(09.06월 이후)
3165,202412,0012001,IBK투자증권,H,배서어음매출(종금계정),0,국내증권사,B,SF205,각주항목(09.06월 이후)
3166,202412,0012001,IBK투자증권,H1,대출채권매매이익_담보부,0,국내증권사,B,SF205,각주항목(09.06월 이후)
3167,202412,0012001,IBK투자증권,H2,대출채권매매이익_무담보부,0,국내증권사,B,SF205,각주항목(09.06월 이후)
3168,201703,0010106,KB증권주식회사,A,채무보증,2586314258295,국내증권사,B,SF205,각주항목(09.06월 이후)
3169,201703,0010106,KB증권주식회사,A1,채무보증_지급보증,69400000000,국내증권사,B,SF205,각주항목(09.06월 이후)
3170,201703,0010106,KB증권주식회사,A2,채무보증_매입보장약정,706287330000,국내증권사,B,SF205,각주항목(09.06월 이후)
3171,201703,0010106,KB증권주식회사,A3,채무보증_채무인수약정, ,국내증권사,B,SF205,각주항목(09.06월 이후)
3172,201703,0010106,KB증권주식회사,A5,채무보증_매입확약,1682460600000,국내증권사,B,SF205,각주항목(09.06월 이후)
3173,201703,0010106,KB증권주식회사,A6,채무보증_기타,128166328295,국내증권사,B,SF205,각주항목(09.06월 이후)
3174,201703,0010106,KB증권주식회사,B,투자자의 예수증권 등,102829318796719,국내증권사,B,SF205,각주항목(09.06월 이후)
3175,201703,0010106,KB증권주식회사,B1,투자자의 예수증권 등_예수 증권,102828079734832,국내증권사,B,SF205,각주항목(09.06월 이후)
3176,201703,0010106,KB증권주식회사,B2,투자자의 예수증권 등_예수양도성예금증서, ,국내증권사,B,SF205,각주항목(09.06월 이후)
3177,201703,0010106,KB증권주식회사,B3,투자자의 예수증권 등_기타,1239061887,국내증권사,B,SF205,각주항목(09.06월 이후)
3178,201703,0010106,KB증권주식회사,C,파생상품계약,99216951121926,국내증권사,B,SF205,각주항목(09.06월 이후)
3179,201703,0010106,KB증권주식회사,C1,파생상품계약_장내파생상품,19422731225042,국내증권사,B,SF205,각주항목(09.06월 이후)
3180,201703,0010106,KB증권주식회사,C11,파생상품계약_장내파생상품_이자율관련거래,2813235707850,국내증권사,B,SF205,각주항목(09.06월 이후)
3181,201703,0010106,KB증권주식회사,C12,파생상품계약_장내파생상품_통화관련거래,243770277980,국내증권사,B,SF205,각주항목(09.06월 이후)
3182,201703,0010106,KB증권주식회사,C13,파생상품계약_장내파생상품_주식관련거래,16363219438458,국내증권사,B,SF205,각주항목(09.06월 이후)
3183,201703,0010106,KB증권주식회사,C14,파생상품계약_장내파생상품_일반상품관련거래,2505800754,국내증권사,B,SF205,각주항목(09.06월 이후)
3184,201703,0010106,KB증권주식회사,C15,파생상품계약_장내파생상품_기타,0,국내증권사,B,SF205,각주항목(09.06월 이후)
3185,201703,0010106,KB증권주식회사,C2,파생상품계약_장외파생상품,79794219896884,국내증권사,B,SF205,각주항목(09.06월 이후)
3186,201703,0010106,KB증권주식회사,C21,파생상품계약_장외파생상품_이자율관련거래,62323592245640,국내증권사,B,SF205,각주항목(09.06월 이후)
3187,201703,0010106,KB증권주식회사,C22,파생상품계약_장외파생상품_통화관련거래,5184839778691,국내증권사,B,SF205,각주항목(09.06월 이후)
3188,201703,0010106,KB증권주식회사,C23,파생상품계약_장외파생상품_주식관련거래,7025306084553,국내증권사,B,SF205,각주항목(09.06월 이후)
3189,201703,0010106,KB증권주식회사,C24,파생상품계약_장외파생상품_신용관련거래,5188568888000,국내증권사,B,SF205,각주항목(09.06월 이후)
3190,201703,0010106,KB증권주식회사,C25,파생상품계약_장외파생상품_기타,71912900000,국내증권사,B,SF205,각주항목(09.06월 이후)
3191,201703,0010106,KB증권주식회사,D,대차 및 대주거래,5384412249337,국내증권사,B,SF205,각주항목(09.06월 이후)
3192,201703,0010106,KB증권주식회사,D1,대차 및 대주거래_대여증권,851369260791,국내증권사,B,SF205,각주항목(09.06월 이후)
3193,201703,0010106,KB증권주식회사,D2,대차 및 대주거래_차입증권,4533042988546,국내증권사,B,SF205,각주항목(09.06월 이후)
3194,201703,0010106,KB증권주식회사,D3,대차 및 대주거래_신용거래대주, ,국내증권사,B,SF205,각주항목(09.06월 이후)
3195,201703,0010106,KB증권주식회사,E,대손상각채권,72876054673,국내증권사,B,SF205,각주항목(09.06월 이후)
3196,201703,0010106,KB증권주식회사,F,환전업무 예치금,0,국내증권사,B,SF205,각주항목(09.06월 이후)
3197,201703,0010106,KB증권주식회사,G,미배당별도예치금,734046233,국내증권사,B,SF205,각주항목(09.06월 이후)
3198,201703,0010106,KB증권주식회사,H,배서어음매출(종금계정),0,국내증권사,B,SF205,각주항목(09.06월 이후)
3199,201703,0010106,KB증권주식회사,H1,대출채권매매이익_담보부, ,국내증권사,B,SF205,각주항목(09.06월 이후)
3200,201703,0010106,KB증권주식회사,H2,대출채권매매이익_무담보부, ,국내증권사,B,SF205,각주항목(09.06월 이후)
3201,201706,0010106,KB증권주식회사,A,채무보증,2712820639810,국내증권사,B,SF205,각주항목(09.06월 이후)
3202,201706,0010106,KB증권주식회사,A1,채무보증_지급보증,70000000000,국내증권사,B,SF205,각주항목(09.06월 이후)
3203,201706,0010106,KB증권주식회사,A2,채무보증_매입보장약정,760331880000,국내증권사,B,SF205,각주항목(09.06월 이후)
3204,201706,0010106,KB증권주식회사,A3,채무보증_채무인수약정, ,국내증권사,B,SF205,각주항목(09.06월 이후)
3205,201706,0010106,KB증권주식회사,A5,채무보증_매입확약,1792800000000,국내증권사,B,SF205,각주항목(09.06월 이후)
3206,201706,0010106,KB증권주식회사,A6,채무보증_기타,89688759810,국내증권사,B,SF205,각주항목(09.06월 이후)
3207,201706,0010106,KB증권주식회사,B,투자자의 예수증권 등,111202907734988,국내증권사,B,SF205,각주항목(09.06월 이후)
3208,201706,0010106,KB증권주식회사,B1,투자자의 예수증권 등_예수 증권,111202907734988,국내증권사,B,SF205,각주항목(09.06월 이후)
3209,201706,0010106,KB증권주식회사,B2,투자자의 예수증권 등_예수양도성예금증서, ,국내증권사,B,SF205,각주항목(09.06월 이후)
3210,201706,0010106,KB증권주식회사,B3,투자자의 예수증권 등_기타, ,국내증권사,B,SF205,각주항목(09.06월 이후)
3211,201706,0010106,KB증권주식회사,C,파생상품계약,98109805142229,국내증권사,B,SF205,각주항목(09.06월 이후)
3212,201706,0010106,KB증권주식회사,C1,파생상품계약_장내파생상품,12178992233284,국내증권사,B,SF205,각주항목(09.06월 이후)
3213,201706,0010106,KB증권주식회사,C11,파생상품계약_장내파생상품_이자율관련거래,3664252038582,국내증권사,B,SF205,각주항목(09.06월 이후)
3214,201706,0010106,KB증권주식회사,C12,파생상품계약_장내파생상품_통화관련거래,354103527014,국내증권사,B,SF205,각주항목(09.06월 이후)
3215,201706,0010106,KB증권주식회사,C13,파생상품계약_장내파생상품_주식관련거래,8153813291810,국내증권사,B,SF205,각주항목(09.06월 이후)
3216,201706,0010106,KB증권주식회사,C14,파생상품계약_장내파생상품_일반상품관련거래,3918320868,국내증권사,B,SF205,각주항목(09.06월 이후)
3217,201706,0010106,KB증권주식회사,C15,파생상품계약_장내파생상품_기타,2905055010,국내증권사,B,SF205,각주항목(09.06월 이후)
3218,201706,0010106,KB증권주식회사,C2,파생상품계약_장외파생상품,85930812908945,국내증권사,B,SF205,각주항목(09.06월 이후)
3219,201706,0010106,KB증권주식회사,C21,파생상품계약_장외파생상품_이자율관련거래,68078653811052,국내증권사,B,SF205,각주항목(09.06월 이후)
3220,201706,0010106,KB증권주식회사,C22,파생상품계약_장외파생상품_통화관련거래,4498460060525,국내증권사,B,SF205,각주항목(09.06월 이후)
3221,201706,0010106,KB증권주식회사,C23,파생상품계약_장외파생상품_주식관련거래,7518644217368,국내증권사,B,SF205,각주항목(09.06월 이후)
3222,201706,0010106,KB증권주식회사,C24,파생상품계약_장외파생상품_신용관련거래,5458030920000,국내증권사,B,SF205,각주항목(09.06월 이후)
3223,201706,0010106,KB증권주식회사,C25,파생상품계약_장외파생상품_기타,377023900000,국내증권사,B,SF205,각주항목(09.06월 이후)
3224,201706,0010106,KB증권주식회사,D,대차 및 대주거래,5990196885721,국내증권사,B,SF205,각주항목(09.06월 이후)
3225,201706,0010106,KB증권주식회사,D1,대차 및 대주거래_대여증권,787718409672,국내증권사,B,SF205,각주항목(09.06월 이후)
3226,201706,0010106,KB증권주식회사,D2,대차 및 대주거래_차입증권,5202478476049,국내증권사,B,SF205,각주항목(09.06월 이후)
3227,201706,0010106,KB증권주식회사,D3,대차 및 대주거래_신용거래대주, ,국내증권사,B,SF205,각주항목(09.06월 이후)
3228,201706,0010106,KB증권주식회사,E,대손상각채권,84321557573,국내증권사,B,SF205,각주항목(09.06월 이후)
3229,201706,0010106,KB증권주식회사,F,환전업무 예치금,0,국내증권사,B,SF205,각주항목(09.06월 이후)
3230,201706,0010106,KB증권주식회사,G,미배당별도예치금,1314555132,국내증권사,B,SF205,각주항목(09.06월 이후)
3231,201706,0010106,KB증권주식회사,H,배서어음매출(종금계정),0,국내증권사,B,SF205,각주항목(09.06월 이후)
3232,201706,0010106,KB증권주식회사,H1,대출채권매매이익_담보부, ,국내증권사,B,SF205,각주항목(09.06월 이후)
3233,201706,0010106,KB증권주식회사,H2,대출채권매매이익_무담보부, ,국내증권사,B,SF205,각주항목(09.06월 이후)
3234,201709,0010106,KB증권주식회사,A,채무보증,2422417979420,국내증권사,B,SF205,각주항목(09.06월 이후)
3235,201709,0010106,KB증권주식회사,A1,채무보증_지급보증,25000000000,국내증권사,B,SF205,각주항목(09.06월 이후)
3236,201709,0010106,KB증권주식회사,A2,채무보증_매입보장약정,801611510000,국내증권사,B,SF205,각주항목(09.06월 이후)
3237,201709,0010106,KB증권주식회사,A3,채무보증_채무인수약정, ,국내증권사,B,SF205,각주항목(09.06월 이후)
3238,201709,0010106,KB증권주식회사,A5,채무보증_매입확약,1505471307452,국내증권사,B,SF205,각주항목(09.06월 이후)
3239,201709,0010106,KB증권주식회사,A6,채무보증_기타,90335161968,국내증권사,B,SF205,각주항목(09.06월 이후)
3240,201709,0010106,KB증권주식회사,B,투자자의 예수증권 등,107301895244953,국내증권사,B,SF205,각주항목(09.06월 이후)
3241,201709,0010106,KB증권주식회사,B1,투자자의 예수증권 등_예수 증권,107301895244953,국내증권사,B,SF205,각주항목(09.06월 이후)
3242,201709,0010106,KB증권주식회사,B2,투자자의 예수증권 등_예수양도성예금증서, ,국내증권사,B,SF205,각주항목(09.06월 이후)
3243,201709,0010106,KB증권주식회사,B3,투자자의 예수증권 등_기타, ,국내증권사,B,SF205,각주항목(09.06월 이후)
3244,201709,0010106,KB증권주식회사,C,파생상품계약,104078571030499,국내증권사,B,SF205,각주항목(09.06월 이후)
3245,201709,0010106,KB증권주식회사,C1,파생상품계약_장내파생상품,12631613762695,국내증권사,B,SF205,각주항목(09.06월 이후)
3246,201709,0010106,KB증권주식회사,C11,파생상품계약_장내파생상품_이자율관련거래,4546913818208,국내증권사,B,SF205,각주항목(09.06월 이후)
3247,201709,0010106,KB증권주식회사,C12,파생상품계약_장내파생상품_통화관련거래,431696134948,국내증권사,B,SF205,각주항목(09.06월 이후)
3248,201709,0010106,KB증권주식회사,C13,파생상품계약_장내파생상품_주식관련거래,7648951931107,국내증권사,B,SF205,각주항목(09.06월 이후)
3249,201709,0010106,KB증권주식회사,C14,파생상품계약_장내파생상품_일반상품관련거래,4051878432,국내증권사,B,SF205,각주항목(09.06월 이후)
3250,201709,0010106,KB증권주식회사,C15,파생상품계약_장내파생상품_기타,0,국내증권사,B,SF205,각주항목(09.06월 이후)
3251,201709,0010106,KB증권주식회사,C2,파생상품계약_장외파생상품,91446957267804,국내증권사,B,SF205,각주항목(09.06월 이후)
3252,201709,0010106,KB증권주식회사,C21,파생상품계약_장외파생상품_이자율관련거래,74088582302210,국내증권사,B,SF205,각주항목(09.06월 이후)
3253,201709,0010106,KB증권주식회사,C22,파생상품계약_장외파생상품_통화관련거래,3779990354427,국내증권사,B,SF205,각주항목(09.06월 이후)
3254,201709,0010106,KB증권주식회사,C23,파생상품계약_장외파생상품_주식관련거래,7576146658568,국내증권사,B,SF205,각주항목(09.06월 이후)
3255,201709,0010106,KB증권주식회사,C24,파생상품계약_장외파생상품_신용관련거래,5501195540000,국내증권사,B,SF205,각주항목(09.06월 이후)
3256,201709,0010106,KB증권주식회사,C25,파생상품계약_장외파생상품_기타,501042412599,국내증권사,B,SF205,각주항목(09.06월 이후)
3257,201709,0010106,KB증권주식회사,D,대차 및 대주거래,7465088711690,국내증권사,B,SF205,각주항목(09.06월 이후)
3258,201709,0010106,KB증권주식회사,D1,대차 및 대주거래_대여증권,997697255383,국내증권사,B,SF205,각주항목(09.06월 이후)
3259,201709,0010106,KB증권주식회사,D2,대차 및 대주거래_차입증권,6467391456307,국내증권사,B,SF205,각주항목(09.06월 이후)
3260,201709,0010106,KB증권주식회사,D3,대차 및 대주거래_신용거래대주, ,국내증권사,B,SF205,각주항목(09.06월 이후)
3261,201709,0010106,KB증권주식회사,E,대손상각채권,84321557573,국내증권사,B,SF205,각주항목(09.06월 이후)
3262,201709,0010106,KB증권주식회사,F,환전업무 예치금,0,국내증권사,B,SF205,각주항목(09.06월 이후)
3263,201709,0010106,KB증권주식회사,G,미배당별도예치금,2126269589,국내증권사,B,SF205,각주항목(09.06월 이후)
3264,201709,0010106,KB증권주식회사,H,배서어음매출(종금계정),0,국내증권사,B,SF205,각주항목(09.06월 이후)
3265,201709,0010106,KB증권주식회사,H1,대출채권매매이익_담보부, ,국내증권사,B,SF205,각주항목(09.06월 이후)
3266,201709,0010106,KB증권주식회사,H2,대출채권매매이익_무담보부, ,국내증권사,B,SF205,각주항목(09.06월 이후)
3267,201712,0010106,KB증권주식회사,A,채무보증,2658184337744,국내증권사,B,SF205,각주항목(09.06월 이후)
3268,201712,0010106,KB증권주식회사,A1,채무보증_지급보증,0,국내증권사,B,SF205,각주항목(09.06월 이후)
3269,201712,0010106,KB증권주식회사,A2,채무보증_매입보장약정,944106420000,국내증권사,B,SF205,각주항목(09.06월 이후)
3270,201712,0010106,KB증권주식회사,A3,채무보증_채무인수약정, ,국내증권사,B,SF205,각주항목(09.06월 이후)
3271,201712,0010106,KB증권주식회사,A5,채무보증_매입확약,1615393780495,국내증권사,B,SF205,각주항목(09.06월 이후)
3272,201712,0010106,KB증권주식회사,A6,채무보증_기타,98684137249,국내증권사,B,SF205,각주항목(09.06월 이후)
3273,201712,0010106,KB증권주식회사,B,투자자의 예수증권 등,115221693833861,국내증권사,B,SF205,각주항목(09.06월 이후)
3274,201712,0010106,KB증권주식회사,B1,투자자의 예수증권 등_예수 증권,115221693833861,국내증권사,B,SF205,각주항목(09.06월 이후)
3275,201712,0010106,KB증권주식회사,B2,투자자의 예수증권 등_예수양도성예금증서, ,국내증권사,B,SF205,각주항목(09.06월 이후)
3276,201712,0010106,KB증권주식회사,B3,투자자의 예수증권 등_기타, ,국내증권사,B,SF205,각주항목(09.06월 이후)
3277,201712,0010106,KB증권주식회사,C,파생상품계약,110753026937709,국내증권사,B,SF205,각주항목(09.06월 이후)
3278,201712,0010106,KB증권주식회사,C1,파생상품계약_장내파생상품,9865220973384,국내증권사,B,SF205,각주항목(09.06월 이후)
3279,201712,0010106,KB증권주식회사,C11,파생상품계약_장내파생상품_이자율관련거래,3567755752231,국내증권사,B,SF205,각주항목(09.06월 이후)
3280,201712,0010106,KB증권주식회사,C12,파생상품계약_장내파생상품_통화관련거래,176881374182,국내증권사,B,SF205,각주항목(09.06월 이후)
3281,201712,0010106,KB증권주식회사,C13,파생상품계약_장내파생상품_주식관련거래,6115793146155,국내증권사,B,SF205,각주항목(09.06월 이후)
3282,201712,0010106,KB증권주식회사,C14,파생상품계약_장내파생상품_일반상품관련거래,4790700816,국내증권사,B,SF205,각주항목(09.06월 이후)
3283,201712,0010106,KB증권주식회사,C15,파생상품계약_장내파생상품_기타,0,국내증권사,B,SF205,각주항목(09.06월 이후)
3284,201712,0010106,KB증권주식회사,C2,파생상품계약_장외파생상품,100887805964325,국내증권사,B,SF205,각주항목(09.06월 이후)
3285,201712,0010106,KB증권주식회사,C21,파생상품계약_장외파생상품_이자율관련거래,83529981721022,국내증권사,B,SF205,각주항목(09.06월 이후)
3286,201712,0010106,KB증권주식회사,C22,파생상품계약_장외파생상품_통화관련거래,3867078269426,국내증권사,B,SF205,각주항목(09.06월 이후)
3287,201712,0010106,KB증권주식회사,C23,파생상품계약_장외파생상품_주식관련거래,6756521256894,국내증권사,B,SF205,각주항목(09.06월 이후)
3288,201712,0010106,KB증권주식회사,C24,파생상품계약_장외파생상품_신용관련거래,5906745720000,국내증권사,B,SF205,각주항목(09.06월 이후)
3289,201712,0010106,KB증권주식회사,C25,파생상품계약_장외파생상품_기타,827478996983,국내증권사,B,SF205,각주항목(09.06월 이후)
3290,201712,0010106,KB증권주식회사,D,대차 및 대주거래,5499748900793,국내증권사,B,SF205,각주항목(09.06월 이후)
3291,201712,0010106,KB증권주식회사,D1,대차 및 대주거래_대여증권,864324605190,국내증권사,B,SF205,각주항목(09.06월 이후)
3292,201712,0010106,KB증권주식회사,D2,대차 및 대주거래_차입증권,4635424295603,국내증권사,B,SF205,각주항목(09.06월 이후)
3293,201712,0010106,KB증권주식회사,D3,대차 및 대주거래_신용거래대주, ,국내증권사,B,SF205,각주항목(09.06월 이후)
3294,201712,0010106,KB증권주식회사,E,대손상각채권,84321557573,국내증권사,B,SF205,각주항목(09.06월 이후)
3295,201712,0010106,KB증권주식회사,F,환전업무 예치금,0,국내증권사,B,SF205,각주항목(09.06월 이후)
3296,201712,0010106,KB증권주식회사,G,미배당별도예치금,2997795672,국내증권사,B,SF205,각주항목(09.06월 이후)
3297,201712,0010106,KB증권주식회사,H,배서어음매출(종금계정),0,국내증권사,B,SF205,각주항목(09.06월 이후)
3298,201712,0010106,KB증권주식회사,H1,대출채권매매이익_담보부, ,국내증권사,B,SF205,각주항목(09.06월 이후)
3299,201712,0010106,KB증권주식회사,H2,대출채권매매이익_무담보부, ,국내증권사,B,SF205,각주항목(09.06월 이후)
3300,201803,0010106,KB증권주식회사,A,채무보증,2534455977405,국내증권사,B,SF205,각주항목(09.06월 이후)
3301,201803,0010106,KB증권주식회사,A1,채무보증_지급보증,4036032000,국내증권사,B,SF205,각주항목(09.06월 이후)
3302,201803,0010106,KB증권주식회사,A2,채무보증_매입보장약정,1030882450000,국내증권사,B,SF205,각주항목(09.06월 이후)
3303,201803,0010106,KB증권주식회사,A3,채무보증_채무인수약정, ,국내증권사,B,SF205,각주항목(09.06월 이후)
3304,201803,0010106,KB증권주식회사,A5,채무보증_매입확약,1361312573759,국내증권사,B,SF205,각주항목(09.06월 이후)
3305,201803,0010106,KB증권주식회사,A6,채무보증_기타,138224921646,국내증권사,B,SF205,각주항목(09.06월 이후)
3306,201803,0010106,KB증권주식회사,B,투자자의 예수증권 등,120557087007277,국내증권사,B,SF205,각주항목(09.06월 이후)
3307,201803,0010106,KB증권주식회사,B1,투자자의 예수증권 등_예수 증권,120557087007277,국내증권사,B,SF205,각주항목(09.06월 이후)
3308,201803,0010106,KB증권주식회사,B2,투자자의 예수증권 등_예수양도성예금증서, ,국내증권사,B,SF205,각주항목(09.06월 이후)
3309,201803,0010106,KB증권주식회사,B3,투자자의 예수증권 등_기타, ,국내증권사,B,SF205,각주항목(09.06월 이후)
3310,201803,0010106,KB증권주식회사,C,파생상품계약,112799711569241,국내증권사,B,SF205,각주항목(09.06월 이후)
3311,201803,0010106,KB증권주식회사,C1,파생상품계약_장내파생상품,10984202979966,국내증권사,B,SF205,각주항목(09.06월 이후)
3312,201803,0010106,KB증권주식회사,C11,파생상품계약_장내파생상품_이자율관련거래,4962227050349,국내증권사,B,SF205,각주항목(09.06월 이후)
3313,201803,0010106,KB증권주식회사,C12,파생상품계약_장내파생상품_통화관련거래,215334621948,국내증권사,B,SF205,각주항목(09.06월 이후)
3314,201803,0010106,KB증권주식회사,C13,파생상품계약_장내파생상품_주식관련거래,5802638861149,국내증권사,B,SF205,각주항목(09.06월 이후)
3315,201803,0010106,KB증권주식회사,C14,파생상품계약_장내파생상품_일반상품관련거래,4002446520,국내증권사,B,SF205,각주항목(09.06월 이후)
3316,201803,0010106,KB증권주식회사,C15,파생상품계약_장내파생상품_기타,0,국내증권사,B,SF205,각주항목(09.06월 이후)
3317,201803,0010106,KB증권주식회사,C2,파생상품계약_장외파생상품,101815508589275,국내증권사,B,SF205,각주항목(09.06월 이후)
3318,201803,0010106,KB증권주식회사,C21,파생상품계약_장외파생상품_이자율관련거래,81559283117800,국내증권사,B,SF205,각주항목(09.06월 이후)
3319,201803,0010106,KB증권주식회사,C22,파생상품계약_장외파생상품_통화관련거래,6024999927505,국내증권사,B,SF205,각주항목(09.06월 이후)
3320,201803,0010106,KB증권주식회사,C23,파생상품계약_장외파생상품_주식관련거래,7605469542232,국내증권사,B,SF205,각주항목(09.06월 이후)
3321,201803,0010106,KB증권주식회사,C24,파생상품계약_장외파생상품_신용관련거래,5242351400000,국내증권사,B,SF205,각주항목(09.06월 이후)
3322,201803,0010106,KB증권주식회사,C25,파생상품계약_장외파생상품_기타,1383404601738,국내증권사,B,SF205,각주항목(09.06월 이후)
3323,201803,0010106,KB증권주식회사,D,대차 및 대주거래,7138460273553,국내증권사,B,SF205,각주항목(09.06월 이후)
3324,201803,0010106,KB증권주식회사,D1,대차 및 대주거래_대여증권,1166420361065,국내증권사,B,SF205,각주항목(09.06월 이후)
3325,201803,0010106,KB증권주식회사,D2,대차 및 대주거래_차입증권,5972039912488,국내증권사,B,SF205,각주항목(09.06월 이후)
3326,201803,0010106,KB증권주식회사,D3,대차 및 대주거래_신용거래대주, ,국내증권사,B,SF205,각주항목(09.06월 이후)
3327,201803,0010106,KB증권주식회사,E,대손상각채권,84321557573,국내증권사,B,SF205,각주항목(09.06월 이후)
3328,201803,0010106,KB증권주식회사,F,환전업무 예치금,0,국내증권사,B,SF205,각주항목(09.06월 이후)
3329,201803,0010106,KB증권주식회사,G,미배당별도예치금,831789874,국내증권사,B,SF205,각주항목(09.06월 이후)
3330,201803,0010106,KB증권주식회사,H,배서어음매출(종금계정),0,국내증권사,B,SF205,각주항목(09.06월 이후)
3331,201803,0010106,KB증권주식회사,H1,대출채권매매이익_담보부, ,국내증권사,B,SF205,각주항목(09.06월 이후)
3332,201803,0010106,KB증권주식회사,H2,대출채권매매이익_무담보부, ,국내증권사,B,SF205,각주항목(09.06월 이후)
3333,201806,0010106,KB증권주식회사,A,채무보증,2972011809497,국내증권사,B,SF205,각주항목(09.06월 이후)
3334,201806,0010106,KB증권주식회사,A1,채무보증_지급보증,13471161000,국내증권사,B,SF205,각주항목(09.06월 이후)
3335,201806,0010106,KB증권주식회사,A2,채무보증_매입보장약정,1120679010000,국내증권사,B,SF205,각주항목(09.06월 이후)
3336,201806,0010106,KB증권주식회사,A3,채무보증_채무인수약정, ,국내증권사,B,SF205,각주항목(09.06월 이후)
3337,201806,0010106,KB증권주식회사,A5,채무보증_매입확약,1668756741525,국내증권사,B,SF205,각주항목(09.06월 이후)
3338,201806,0010106,KB증권주식회사,A6,채무보증_기타,169104896972,국내증권사,B,SF205,각주항목(09.06월 이후)
3339,201806,0010106,KB증권주식회사,B,투자자의 예수증권 등,121454243140933,국내증권사,B,SF205,각주항목(09.06월 이후)
3340,201806,0010106,KB증권주식회사,B1,투자자의 예수증권 등_예수 증권,121454243140933,국내증권사,B,SF205,각주항목(09.06월 이후)
3341,201806,0010106,KB증권주식회사,B2,투자자의 예수증권 등_예수양도성예금증서, ,국내증권사,B,SF205,각주항목(09.06월 이후)
3342,201806,0010106,KB증권주식회사,B3,투자자의 예수증권 등_기타, ,국내증권사,B,SF205,각주항목(09.06월 이후)
3343,201806,0010106,KB증권주식회사,C,파생상품계약,117178459912974,국내증권사,B,SF205,각주항목(09.06월 이후)
3344,201806,0010106,KB증권주식회사,C1,파생상품계약_장내파생상품,11260853947319,국내증권사,B,SF205,각주항목(09.06월 이후)
3345,201806,0010106,KB증권주식회사,C11,파생상품계약_장내파생상품_이자율관련거래,4848287732188,국내증권사,B,SF205,각주항목(09.06월 이후)
3346,201806,0010106,KB증권주식회사,C12,파생상품계약_장내파생상품_통화관련거래,264657690459,국내증권사,B,SF205,각주항목(09.06월 이후)
3347,201806,0010106,KB증권주식회사,C13,파생상품계약_장내파생상품_주식관련거래,6143136700702,국내증권사,B,SF205,각주항목(09.06월 이후)
3348,201806,0010106,KB증권주식회사,C14,파생상품계약_장내파생상품_일반상품관련거래,4771823970,국내증권사,B,SF205,각주항목(09.06월 이후)
3349,201806,0010106,KB증권주식회사,C15,파생상품계약_장내파생상품_기타,0,국내증권사,B,SF205,각주항목(09.06월 이후)
3350,201806,0010106,KB증권주식회사,C2,파생상품계약_장외파생상품,105917605965655,국내증권사,B,SF205,각주항목(09.06월 이후)
3351,201806,0010106,KB증권주식회사,C21,파생상품계약_장외파생상품_이자율관련거래,82930370587600,국내증권사,B,SF205,각주항목(09.06월 이후)
3352,201806,0010106,KB증권주식회사,C22,파생상품계약_장외파생상품_통화관련거래,8139658658488,국내증권사,B,SF205,각주항목(09.06월 이후)
3353,201806,0010106,KB증권주식회사,C23,파생상품계약_장외파생상품_주식관련거래,8106350701226,국내증권사,B,SF205,각주항목(09.06월 이후)
3354,201806,0010106,KB증권주식회사,C24,파생상품계약_장외파생상품_신용관련거래,5169255720000,국내증권사,B,SF205,각주항목(09.06월 이후)
3355,201806,0010106,KB증권주식회사,C25,파생상품계약_장외파생상품_기타,1571970298341,국내증권사,B,SF205,각주항목(09.06월 이후)
3356,201806,0010106,KB증권주식회사,D,대차 및 대주거래,7561986556152,국내증권사,B,SF205,각주항목(09.06월 이후)
3357,201806,0010106,KB증권주식회사,D1,대차 및 대주거래_대여증권,1196420586556,국내증권사,B,SF205,각주항목(09.06월 이후)
3358,201806,0010106,KB증권주식회사,D2,대차 및 대주거래_차입증권,6365565969596,국내증권사,B,SF205,각주항목(09.06월 이후)
3359,201806,0010106,KB증권주식회사,D3,대차 및 대주거래_신용거래대주, ,국내증권사,B,SF205,각주항목(09.06월 이후)
3360,201806,0010106,KB증권주식회사,E,대손상각채권,84321557573,국내증권사,B,SF205,각주항목(09.06월 이후)
3361,201806,0010106,KB증권주식회사,F,환전업무 예치금,0,국내증권사,B,SF205,각주항목(09.06월 이후)
3362,201806,0010106,KB증권주식회사,G,미배당별도예치금,1950182775,국내증권사,B,SF205,각주항목(09.06월 이후)
3363,201806,0010106,KB증권주식회사,H,배서어음매출(종금계정),0,국내증권사,B,SF205,각주항목(09.06월 이후)
3364,201806,0010106,KB증권주식회사,H1,대출채권매매이익_담보부, ,국내증권사,B,SF205,각주항목(09.06월 이후)
3365,201806,0010106,KB증권주식회사,H2,대출채권매매이익_무담보부, ,국내증권사,B,SF205,각주항목(09.06월 이후)
3366,201809,0010106,KB증권주식회사,A,채무보증,3348932032998,국내증권사,B,SF205,각주항목(09.06월 이후)
3367,201809,0010106,KB증권주식회사,A1,채무보증_지급보증,13293423000,국내증권사,B,SF205,각주항목(09.06월 이후)
3368,201809,0010106,KB증권주식회사,A2,채무보증_매입보장약정,1210651310000,국내증권사,B,SF205,각주항목(09.06월 이후)
3369,201809,0010106,KB증권주식회사,A3,채무보증_채무인수약정, ,국내증권사,B,SF205,각주항목(09.06월 이후)
3370,201809,0010106,KB증권주식회사,A5,채무보증_매입확약,1904666427790,국내증권사,B,SF205,각주항목(09.06월 이후)
3371,201809,0010106,KB증권주식회사,A6,채무보증_기타,220320872208,국내증권사,B,SF205,각주항목(09.06월 이후)
3372,201809,0010106,KB증권주식회사,B,투자자의 예수증권 등,128207483556552,국내증권사,B,SF205,각주항목(09.06월 이후)
3373,201809,0010106,KB증권주식회사,B1,투자자의 예수증권 등_예수 증권,128207483556552,국내증권사,B,SF205,각주항목(09.06월 이후)
3374,201809,0010106,KB증권주식회사,B2,투자자의 예수증권 등_예수양도성예금증서, ,국내증권사,B,SF205,각주항목(09.06월 이후)
3375,201809,0010106,KB증권주식회사,B3,투자자의 예수증권 등_기타, ,국내증권사,B,SF205,각주항목(09.06월 이후)
3376,201809,0010106,KB증권주식회사,C,파생상품계약,122091606980833,국내증권사,B,SF205,각주항목(09.06월 이후)
3377,201809,0010106,KB증권주식회사,C1,파생상품계약_장내파생상품,12085537252912,국내증권사,B,SF205,각주항목(09.06월 이후)
3378,201809,0010106,KB증권주식회사,C11,파생상품계약_장내파생상품_이자율관련거래,5254697928032,국내증권사,B,SF205,각주항목(09.06월 이후)
3379,201809,0010106,KB증권주식회사,C12,파생상품계약_장내파생상품_통화관련거래,233008337127,국내증권사,B,SF205,각주항목(09.06월 이후)
3380,201809,0010106,KB증권주식회사,C13,파생상품계약_장내파생상품_주식관련거래,6592110341134,국내증권사,B,SF205,각주항목(09.06월 이후)
3381,201809,0010106,KB증권주식회사,C14,파생상품계약_장내파생상품_일반상품관련거래,5720646619,국내증권사,B,SF205,각주항목(09.06월 이후)
3382,201809,0010106,KB증권주식회사,C15,파생상품계약_장내파생상품_기타,0,국내증권사,B,SF205,각주항목(09.06월 이후)
3383,201809,0010106,KB증권주식회사,C2,파생상품계약_장외파생상품,110006069727921,국내증권사,B,SF205,각주항목(09.06월 이후)
3384,201809,0010106,KB증권주식회사,C21,파생상품계약_장외파생상품_이자율관련거래,85683940755600,국내증권사,B,SF205,각주항목(09.06월 이후)
3385,201809,0010106,KB증권주식회사,C22,파생상품계약_장외파생상품_통화관련거래,8641536410537,국내증권사,B,SF205,각주항목(09.06월 이후)
3386,201809,0010106,KB증권주식회사,C23,파생상품계약_장외파생상품_주식관련거래,8926467360627,국내증권사,B,SF205,각주항목(09.06월 이후)
3387,201809,0010106,KB증권주식회사,C24,파생상품계약_장외파생상품_신용관련거래,5065219300000,국내증권사,B,SF205,각주항목(09.06월 이후)
3388,201809,0010106,KB증권주식회사,C25,파생상품계약_장외파생상품_기타,1688905901157,국내증권사,B,SF205,각주항목(09.06월 이후)
3389,201809,0010106,KB증권주식회사,D,대차 및 대주거래,7829486723404,국내증권사,B,SF205,각주항목(09.06월 이후)
3390,201809,0010106,KB증권주식회사,D1,대차 및 대주거래_대여증권,1126106872699,국내증권사,B,SF205,각주항목(09.06월 이후)
3391,201809,0010106,KB증권주식회사,D2,대차 및 대주거래_차입증권,6703379850705,국내증권사,B,SF205,각주항목(09.06월 이후)
3392,201809,0010106,KB증권주식회사,D3,대차 및 대주거래_신용거래대주, ,국내증권사,B,SF205,각주항목(09.06월 이후)
3393,201809,0010106,KB증권주식회사,E,대손상각채권,84321557573,국내증권사,B,SF205,각주항목(09.06월 이후)
3394,201809,0010106,KB증권주식회사,F,환전업무 예치금,0,국내증권사,B,SF205,각주항목(09.06월 이후)
3395,201809,0010106,KB증권주식회사,G,미배당별도예치금,3290332967,국내증권사,B,SF205,각주항목(09.06월 이후)
3396,201809,0010106,KB증권주식회사,H,배서어음매출(종금계정),0,국내증권사,B,SF205,각주항목(09.06월 이후)
3397,201809,0010106,KB증권주식회사,H1,대출채권매매이익_담보부, ,국내증권사,B,SF205,각주항목(09.06월 이후)
3398,201809,0010106,KB증권주식회사,H2,대출채권매매이익_무담보부, ,국내증권사,B,SF205,각주항목(09.06월 이후)
3399,201812,0010106,KB증권주식회사,A,채무보증,3979349890928,국내증권사,B,SF205,각주항목(09.06월 이후)
3400,201812,0010106,KB증권주식회사,A1,채무보증_지급보증,13381093000,국내증권사,B,SF205,각주항목(09.06월 이후)
3401,201812,0010106,KB증권주식회사,A2,채무보증_매입보장약정,1194487930000,국내증권사,B,SF205,각주항목(09.06월 이후)
3402,201812,0010106,KB증권주식회사,A3,채무보증_채무인수약정,0,국내증권사,B,SF205,각주항목(09.06월 이후)
3403,201812,0010106,KB증권주식회사,A5,채무보증_매입확약,2349354272894,국내증권사,B,SF205,각주항목(09.06월 이후)
3404,201812,0010106,KB증권주식회사,A6,채무보증_기타,422126595034,국내증권사,B,SF205,각주항목(09.06월 이후)
3405,201812,0010106,KB증권주식회사,B,투자자의 예수증권 등,123299625448315,국내증권사,B,SF205,각주항목(09.06월 이후)
3406,201812,0010106,KB증권주식회사,B1,투자자의 예수증권 등_예수 증권,123299625448315,국내증권사,B,SF205,각주항목(09.06월 이후)
3407,201812,0010106,KB증권주식회사,B2,투자자의 예수증권 등_예수양도성예금증서, ,국내증권사,B,SF205,각주항목(09.06월 이후)
3408,201812,0010106,KB증권주식회사,B3,투자자의 예수증권 등_기타, ,국내증권사,B,SF205,각주항목(09.06월 이후)
3409,201812,0010106,KB증권주식회사,C,파생상품계약,131054470720615,국내증권사,B,SF205,각주항목(09.06월 이후)
3410,201812,0010106,KB증권주식회사,C1,파생상품계약_장내파생상품,8798012743702,국내증권사,B,SF205,각주항목(09.06월 이후)
3411,201812,0010106,KB증권주식회사,C11,파생상품계약_장내파생상품_이자율관련거래,3399474175761,국내증권사,B,SF205,각주항목(09.06월 이후)
3412,201812,0010106,KB증권주식회사,C12,파생상품계약_장내파생상품_통화관련거래,178418494332,국내증권사,B,SF205,각주항목(09.06월 이후)
3413,201812,0010106,KB증권주식회사,C13,파생상품계약_장내파생상품_주식관련거래,5214313567870,국내증권사,B,SF205,각주항목(09.06월 이후)
3414,201812,0010106,KB증권주식회사,C14,파생상품계약_장내파생상품_일반상품관련거래,5806505739,국내증권사,B,SF205,각주항목(09.06월 이후)
3415,201812,0010106,KB증권주식회사,C15,파생상품계약_장내파생상품_기타,0,국내증권사,B,SF205,각주항목(09.06월 이후)
3416,201812,0010106,KB증권주식회사,C2,파생상품계약_장외파생상품,122256457976913,국내증권사,B,SF205,각주항목(09.06월 이후)
3417,201812,0010106,KB증권주식회사,C21,파생상품계약_장외파생상품_이자율관련거래,97570980421158,국내증권사,B,SF205,각주항목(09.06월 이후)
3418,201812,0010106,KB증권주식회사,C22,파생상품계약_장외파생상품_통화관련거래,9066371242953,국내증권사,B,SF205,각주항목(09.06월 이후)
3419,201812,0010106,KB증권주식회사,C23,파생상품계약_장외파생상품_주식관련거래,9510578947601,국내증권사,B,SF205,각주항목(09.06월 이후)
3420,201812,0010106,KB증권주식회사,C24,파생상품계약_장외파생상품_신용관련거래,4411477900000,국내증권사,B,SF205,각주항목(09.06월 이후)
3421,201812,0010106,KB증권주식회사,C25,파생상품계약_장외파생상품_기타,1697049465201,국내증권사,B,SF205,각주항목(09.06월 이후)
3422,201812,0010106,KB증권주식회사,D,대차 및 대주거래,8839853797417,국내증권사,B,SF205,각주항목(09.06월 이후)
3423,201812,0010106,KB증권주식회사,D1,대차 및 대주거래_대여증권,1065706199656,국내증권사,B,SF205,각주항목(09.06월 이후)
3424,201812,0010106,KB증권주식회사,D2,대차 및 대주거래_차입증권,7774147597761,국내증권사,B,SF205,각주항목(09.06월 이후)
3425,201812,0010106,KB증권주식회사,D3,대차 및 대주거래_신용거래대주, ,국내증권사,B,SF205,각주항목(09.06월 이후)
3426,201812,0010106,KB증권주식회사,E,대손상각채권,84321557573,국내증권사,B,SF205,각주항목(09.06월 이후)
3427,201812,0010106,KB증권주식회사,F,환전업무 예치금,0,국내증권사,B,SF205,각주항목(09.06월 이후)
3428,201812,0010106,KB증권주식회사,G,미배당별도예치금,4472301495,국내증권사,B,SF205,각주항목(09.06월 이후)
3429,201812,0010106,KB증권주식회사,H,배서어음매출(종금계정),0,국내증권사,B,SF205,각주항목(09.06월 이후)
3430,201812,0010106,KB증권주식회사,H1,대출채권매매이익_담보부, ,국내증권사,B,SF205,각주항목(09.06월 이후)
3431,201812,0010106,KB증권주식회사,H2,대출채권매매이익_무담보부, ,국내증권사,B,SF205,각주항목(09.06월 이후)
3432,201903,0010106,KB증권주식회사,A,채무보증,3427390643245,국내증권사,B,SF205,각주항목(09.06월 이후)
3433,201903,0010106,KB증권주식회사,A1,채무보증_지급보증,9386850000,국내증권사,B,SF205,각주항목(09.06월 이후)
3434,201903,0010106,KB증권주식회사,A2,채무보증_매입보장약정,1175142340000,국내증권사,B,SF205,각주항목(09.06월 이후)
3435,201903,0010106,KB증권주식회사,A3,채무보증_채무인수약정, ,국내증권사,B,SF205,각주항목(09.06월 이후)
3436,201903,0010106,KB증권주식회사,A5,채무보증_매입확약,2010955716738,국내증권사,B,SF205,각주항목(09.06월 이후)
3437,201903,0010106,KB증권주식회사,A6,채무보증_기타,231905736507,국내증권사,B,SF205,각주항목(09.06월 이후)
3438,201903,0010106,KB증권주식회사,B,투자자의 예수증권 등,117462608720984,국내증권사,B,SF205,각주항목(09.06월 이후)
3439,201903,0010106,KB증권주식회사,B1,투자자의 예수증권 등_예수 증권,117462608720984,국내증권사,B,SF205,각주항목(09.06월 이후)
3440,201903,0010106,KB증권주식회사,B2,투자자의 예수증권 등_예수양도성예금증서, ,국내증권사,B,SF205,각주항목(09.06월 이후)
3441,201903,0010106,KB증권주식회사,B3,투자자의 예수증권 등_기타, ,국내증권사,B,SF205,각주항목(09.06월 이후)
3442,201903,0010106,KB증권주식회사,C,파생상품계약,138372031745897,국내증권사,B,SF205,각주항목(09.06월 이후)
3443,201903,0010106,KB증권주식회사,C1,파생상품계약_장내파생상품,14758006521022,국내증권사,B,SF205,각주항목(09.06월 이후)
3444,201903,0010106,KB증권주식회사,C11,파생상품계약_장내파생상품_이자율관련거래,5898746458499,국내증권사,B,SF205,각주항목(09.06월 이후)
3445,201903,0010106,KB증권주식회사,C12,파생상품계약_장내파생상품_통화관련거래,272268666903,국내증권사,B,SF205,각주항목(09.06월 이후)
3446,201903,0010106,KB증권주식회사,C13,파생상품계약_장내파생상품_주식관련거래,8577403302934,국내증권사,B,SF205,각주항목(09.06월 이후)
3447,201903,0010106,KB증권주식회사,C14,파생상품계약_장내파생상품_일반상품관련거래,9588092686,국내증권사,B,SF205,각주항목(09.06월 이후)
3448,201903,0010106,KB증권주식회사,C15,파생상품계약_장내파생상품_기타,0,국내증권사,B,SF205,각주항목(09.06월 이후)
3449,201903,0010106,KB증권주식회사,C2,파생상품계약_장외파생상품,123614025224875,국내증권사,B,SF205,각주항목(09.06월 이후)
3450,201903,0010106,KB증권주식회사,C21,파생상품계약_장외파생상품_이자율관련거래,100671048118400,국내증권사,B,SF205,각주항목(09.06월 이후)
3451,201903,0010106,KB증권주식회사,C22,파생상품계약_장외파생상품_통화관련거래,7042826930370,국내증권사,B,SF205,각주항목(09.06월 이후)
3452,201903,0010106,KB증권주식회사,C23,파생상품계약_장외파생상품_주식관련거래,9313265564409,국내증권사,B,SF205,각주항목(09.06월 이후)
3453,201903,0010106,KB증권주식회사,C24,파생상품계약_장외파생상품_신용관련거래,4658369600000,국내증권사,B,SF205,각주항목(09.06월 이후)
3454,201903,0010106,KB증권주식회사,C25,파생상품계약_장외파생상품_기타,1928515011696,국내증권사,B,SF205,각주항목(09.06월 이후)
3455,201903,0010106,KB증권주식회사,D,대차 및 대주거래,7951236121055,국내증권사,B,SF205,각주항목(09.06월 이후)
3456,201903,0010106,KB증권주식회사,D1,대차 및 대주거래_대여증권,1239154865696,국내증권사,B,SF205,각주항목(09.06월 이후)
3457,201903,0010106,KB증권주식회사,D2,대차 및 대주거래_차입증권,6712081255359,국내증권사,B,SF205,각주항목(09.06월 이후)
3458,201903,0010106,KB증권주식회사,D3,대차 및 대주거래_신용거래대주, ,국내증권사,B,SF205,각주항목(09.06월 이후)
3459,201903,0010106,KB증권주식회사,E,대손상각채권,84321557573,국내증권사,B,SF205,각주항목(09.06월 이후)
3460,201903,0010106,KB증권주식회사,F,환전업무 예치금,0,국내증권사,B,SF205,각주항목(09.06월 이후)
3461,201903,0010106,KB증권주식회사,G,미배당별도예치금,741407982,국내증권사,B,SF205,각주항목(09.06월 이후)
3462,201903,0010106,KB증권주식회사,H,배서어음매출(종금계정),0,국내증권사,B,SF205,각주항목(09.06월 이후)
3463,201903,0010106,KB증권주식회사,H1,대출채권매매이익_담보부, ,국내증권사,B,SF205,각주항목(09.06월 이후)
3464,201903,0010106,KB증권주식회사,H2,대출채권매매이익_무담보부, ,국내증권사,B,SF205,각주항목(09.06월 이후)
3465,201906,0010106,KB증권주식회사,A,채무보증,3980224739365,국내증권사,B,SF205,각주항목(09.06월 이후)
3466,201906,0010106,KB증권주식회사,A1,채무보증_지급보증,9543600000,국내증권사,B,SF205,각주항목(09.06월 이후)
3467,201906,0010106,KB증권주식회사,A2,채무보증_매입보장약정,1177639040000,국내증권사,B,SF205,각주항목(09.06월 이후)
3468,201906,0010106,KB증권주식회사,A3,채무보증_채무인수약정, ,국내증권사,B,SF205,각주항목(09.06월 이후)
3469,201906,0010106,KB증권주식회사,A5,채무보증_매입확약,2432167979694,국내증권사,B,SF205,각주항목(09.06월 이후)
3470,201906,0010106,KB증권주식회사,A6,채무보증_기타,360874119671,국내증권사,B,SF205,각주항목(09.06월 이후)
3471,201906,0010106,KB증권주식회사,B,투자자의 예수증권 등,118227424240050,국내증권사,B,SF205,각주항목(09.06월 이후)
3472,201906,0010106,KB증권주식회사,B1,투자자의 예수증권 등_예수 증권,118227424240050,국내증권사,B,SF205,각주항목(09.06월 이후)
3473,201906,0010106,KB증권주식회사,B2,투자자의 예수증권 등_예수양도성예금증서, ,국내증권사,B,SF205,각주항목(09.06월 이후)
3474,201906,0010106,KB증권주식회사,B3,투자자의 예수증권 등_기타, ,국내증권사,B,SF205,각주항목(09.06월 이후)
3475,201906,0010106,KB증권주식회사,C,파생상품계약,145191839746592,국내증권사,B,SF205,각주항목(09.06월 이후)
3476,201906,0010106,KB증권주식회사,C1,파생상품계약_장내파생상품,10234334324601,국내증권사,B,SF205,각주항목(09.06월 이후)
3477,201906,0010106,KB증권주식회사,C11,파생상품계약_장내파생상품_이자율관련거래,4467280548316,국내증권사,B,SF205,각주항목(09.06월 이후)
3478,201906,0010106,KB증권주식회사,C12,파생상품계약_장내파생상품_통화관련거래,421654221780,국내증권사,B,SF205,각주항목(09.06월 이후)
3479,201906,0010106,KB증권주식회사,C13,파생상품계약_장내파생상품_주식관련거래,5335835664233,국내증권사,B,SF205,각주항목(09.06월 이후)
3480,201906,0010106,KB증권주식회사,C14,파생상품계약_장내파생상품_일반상품관련거래,9563890272,국내증권사,B,SF205,각주항목(09.06월 이후)
3481,201906,0010106,KB증권주식회사,C15,파생상품계약_장내파생상품_기타,0,국내증권사,B,SF205,각주항목(09.06월 이후)
3482,201906,0010106,KB증권주식회사,C2,파생상품계약_장외파생상품,134957505421991,국내증권사,B,SF205,각주항목(09.06월 이후)
3483,201906,0010106,KB증권주식회사,C21,파생상품계약_장외파생상품_이자율관련거래,110648409710400,국내증권사,B,SF205,각주항목(09.06월 이후)
3484,201906,0010106,KB증권주식회사,C22,파생상품계약_장외파생상품_통화관련거래,7125680012624,국내증권사,B,SF205,각주항목(09.06월 이후)
3485,201906,0010106,KB증권주식회사,C23,파생상품계약_장외파생상품_주식관련거래,10274939950247,국내증권사,B,SF205,각주항목(09.06월 이후)
3486,201906,0010106,KB증권주식회사,C24,파생상품계약_장외파생상품_신용관련거래,4329030600000,국내증권사,B,SF205,각주항목(09.06월 이후)
3487,201906,0010106,KB증권주식회사,C25,파생상품계약_장외파생상품_기타,2579445148720,국내증권사,B,SF205,각주항목(09.06월 이후)
3488,201906,0010106,KB증권주식회사,D,대차 및 대주거래,7246207621359,국내증권사,B,SF205,각주항목(09.06월 이후)
3489,201906,0010106,KB증권주식회사,D1,대차 및 대주거래_대여증권,1274387823822,국내증권사,B,SF205,각주항목(09.06월 이후)
3490,201906,0010106,KB증권주식회사,D2,대차 및 대주거래_차입증권,5971819797537,국내증권사,B,SF205,각주항목(09.06월 이후)
3491,201906,0010106,KB증권주식회사,D3,대차 및 대주거래_신용거래대주, ,국내증권사,B,SF205,각주항목(09.06월 이후)
3492,201906,0010106,KB증권주식회사,E,대손상각채권,84321557573,국내증권사,B,SF205,각주항목(09.06월 이후)
3493,201906,0010106,KB증권주식회사,F,환전업무 예치금,0,국내증권사,B,SF205,각주항목(09.06월 이후)
3494,201906,0010106,KB증권주식회사,G,미배당별도예치금,1497340569,국내증권사,B,SF205,각주항목(09.06월 이후)
3495,201906,0010106,KB증권주식회사,H,배서어음매출(종금계정),0,국내증권사,B,SF205,각주항목(09.06월 이후)
3496,201906,0010106,KB증권주식회사,H1,대출채권매매이익_담보부, ,국내증권사,B,SF205,각주항목(09.06월 이후)
3497,201906,0010106,KB증권주식회사,H2,대출채권매매이익_무담보부, ,국내증권사,B,SF205,각주항목(09.06월 이후)
3498,201909,0010106,KB증권주식회사,A,채무보증,3507978943307,국내증권사,B,SF205,각주항목(09.06월 이후)
3499,201909,0010106,KB증권주식회사,A1,채무보증_지급보증,208125225000,국내증권사,B,SF205,각주항목(09.06월 이후)
3500,201909,0010106,KB증권주식회사,A2,채무보증_매입보장약정,916844890000,국내증권사,B,SF205,각주항목(09.06월 이후)
3501,201909,0010106,KB증권주식회사,A3,채무보증_채무인수약정, ,국내증권사,B,SF205,각주항목(09.06월 이후)
3502,201909,0010106,KB증권주식회사,A5,채무보증_매입확약,2093086798833,국내증권사,B,SF205,각주항목(09.06월 이후)
3503,201909,0010106,KB증권주식회사,A6,채무보증_기타,289922029474,국내증권사,B,SF205,각주항목(09.06월 이후)
3504,201909,0010106,KB증권주식회사,B,투자자의 예수증권 등,125128166960761,국내증권사,B,SF205,각주항목(09.06월 이후)
3505,201909,0010106,KB증권주식회사,B1,투자자의 예수증권 등_예수 증권,125128166960761,국내증권사,B,SF205,각주항목(09.06월 이후)
3506,201909,0010106,KB증권주식회사,B2,투자자의 예수증권 등_예수양도성예금증서, ,국내증권사,B,SF205,각주항목(09.06월 이후)
3507,201909,0010106,KB증권주식회사,B3,투자자의 예수증권 등_기타, ,국내증권사,B,SF205,각주항목(09.06월 이후)
3508,201909,0010106,KB증권주식회사,C,파생상품계약,159882504844434,국내증권사,B,SF205,각주항목(09.06월 이후)
3509,201909,0010106,KB증권주식회사,C1,파생상품계약_장내파생상품,9113678947693,국내증권사,B,SF205,각주항목(09.06월 이후)
3510,201909,0010106,KB증권주식회사,C11,파생상품계약_장내파생상품_이자율관련거래,2954957982031,국내증권사,B,SF205,각주항목(09.06월 이후)
3511,201909,0010106,KB증권주식회사,C12,파생상품계약_장내파생상품_통화관련거래,232835598071,국내증권사,B,SF205,각주항목(09.06월 이후)
3512,201909,0010106,KB증권주식회사,C13,파생상품계약_장내파생상품_주식관련거래,5922068837491,국내증권사,B,SF205,각주항목(09.06월 이후)
3513,201909,0010106,KB증권주식회사,C14,파생상품계약_장내파생상품_일반상품관련거래,3816530100,국내증권사,B,SF205,각주항목(09.06월 이후)
3514,201909,0010106,KB증권주식회사,C15,파생상품계약_장내파생상품_기타,0,국내증권사,B,SF205,각주항목(09.06월 이후)
3515,201909,0010106,KB증권주식회사,C2,파생상품계약_장외파생상품,150768825896741,국내증권사,B,SF205,각주항목(09.06월 이후)
3516,201909,0010106,KB증권주식회사,C21,파생상품계약_장외파생상품_이자율관련거래,122579026851400,국내증권사,B,SF205,각주항목(09.06월 이후)
3517,201909,0010106,KB증권주식회사,C22,파생상품계약_장외파생상품_통화관련거래,8901595839744,국내증권사,B,SF205,각주항목(09.06월 이후)
3518,201909,0010106,KB증권주식회사,C23,파생상품계약_장외파생상품_주식관련거래,11863995005775,국내증권사,B,SF205,각주항목(09.06월 이후)
3519,201909,0010106,KB증권주식회사,C24,파생상품계약_장외파생상품_신용관련거래,4479582840000,국내증권사,B,SF205,각주항목(09.06월 이후)
3520,201909,0010106,KB증권주식회사,C25,파생상품계약_장외파생상품_기타,2944625359822,국내증권사,B,SF205,각주항목(09.06월 이후)
3521,201909,0010106,KB증권주식회사,D,대차 및 대주거래,8034827040316,국내증권사,B,SF205,각주항목(09.06월 이후)
3522,201909,0010106,KB증권주식회사,D1,대차 및 대주거래_대여증권,1158008821804,국내증권사,B,SF205,각주항목(09.06월 이후)
3523,201909,0010106,KB증권주식회사,D2,대차 및 대주거래_차입증권,6876818218512,국내증권사,B,SF205,각주항목(09.06월 이후)
3524,201909,0010106,KB증권주식회사,D3,대차 및 대주거래_신용거래대주, ,국내증권사,B,SF205,각주항목(09.06월 이후)
3525,201909,0010106,KB증권주식회사,E,대손상각채권,84321557573,국내증권사,B,SF205,각주항목(09.06월 이후)
3526,201909,0010106,KB증권주식회사,F,환전업무 예치금,0,국내증권사,B,SF205,각주항목(09.06월 이후)
3527,201909,0010106,KB증권주식회사,G,미배당별도예치금,2577104376,국내증권사,B,SF205,각주항목(09.06월 이후)
3528,201909,0010106,KB증권주식회사,H,배서어음매출(종금계정),0,국내증권사,B,SF205,각주항목(09.06월 이후)
3529,201909,0010106,KB증권주식회사,H1,대출채권매매이익_담보부, ,국내증권사,B,SF205,각주항목(09.06월 이후)
3530,201909,0010106,KB증권주식회사,H2,대출채권매매이익_무담보부, ,국내증권사,B,SF205,각주항목(09.06월 이후)
3531,201912,0010106,KB증권주식회사,A,채무보증,4066372766989,국내증권사,B,SF205,각주항목(09.06월 이후)
3532,201912,0010106,KB증권주식회사,A1,채무보증_지급보증,187853050000,국내증권사,B,SF205,각주항목(09.06월 이후)
3533,201912,0010106,KB증권주식회사,A2,채무보증_매입보장약정,914104340000,국내증권사,B,SF205,각주항목(09.06월 이후)
3534,201912,0010106,KB증권주식회사,A3,채무보증_채무인수약정, ,국내증권사,B,SF205,각주항목(09.06월 이후)
3535,201912,0010106,KB증권주식회사,A5,채무보증_매입확약,1995701100476,국내증권사,B,SF205,각주항목(09.06월 이후)
3536,201912,0010106,KB증권주식회사,A6,채무보증_기타,968714276513,국내증권사,B,SF205,각주항목(09.06월 이후)
3537,201912,0010106,KB증권주식회사,B,투자자의 예수증권 등,131775230954054,국내증권사,B,SF205,각주항목(09.06월 이후)
3538,201912,0010106,KB증권주식회사,B1,투자자의 예수증권 등_예수 증권,131775230954054,국내증권사,B,SF205,각주항목(09.06월 이후)
3539,201912,0010106,KB증권주식회사,B2,투자자의 예수증권 등_예수양도성예금증서, ,국내증권사,B,SF205,각주항목(09.06월 이후)
3540,201912,0010106,KB증권주식회사,B3,투자자의 예수증권 등_기타, ,국내증권사,B,SF205,각주항목(09.06월 이후)
3541,201912,0010106,KB증권주식회사,C,파생상품계약,156505297787412,국내증권사,B,SF205,각주항목(09.06월 이후)
3542,201912,0010106,KB증권주식회사,C1,파생상품계약_장내파생상품,6437970461738,국내증권사,B,SF205,각주항목(09.06월 이후)
3543,201912,0010106,KB증권주식회사,C11,파생상품계약_장내파생상품_이자율관련거래,2114202406730,국내증권사,B,SF205,각주항목(09.06월 이후)
3544,201912,0010106,KB증권주식회사,C12,파생상품계약_장내파생상품_통화관련거래,107792764735,국내증권사,B,SF205,각주항목(09.06월 이후)
3545,201912,0010106,KB증권주식회사,C13,파생상품계약_장내파생상품_주식관련거래,4212693865091,국내증권사,B,SF205,각주항목(09.06월 이후)
3546,201912,0010106,KB증권주식회사,C14,파생상품계약_장내파생상품_일반상품관련거래,3281425182,국내증권사,B,SF205,각주항목(09.06월 이후)
3547,201912,0010106,KB증권주식회사,C15,파생상품계약_장내파생상품_기타,0,국내증권사,B,SF205,각주항목(09.06월 이후)
3548,201912,0010106,KB증권주식회사,C2,파생상품계약_장외파생상품,150067327325674,국내증권사,B,SF205,각주항목(09.06월 이후)
3549,201912,0010106,KB증권주식회사,C21,파생상품계약_장외파생상품_이자율관련거래,124633894208400,국내증권사,B,SF205,각주항목(09.06월 이후)
3550,201912,0010106,KB증권주식회사,C22,파생상품계약_장외파생상품_통화관련거래,8817389046456,국내증권사,B,SF205,각주항목(09.06월 이후)
3551,201912,0010106,KB증권주식회사,C23,파생상품계약_장외파생상품_주식관련거래,9685392491285,국내증권사,B,SF205,각주항목(09.06월 이후)
3552,201912,0010106,KB증권주식회사,C24,파생상품계약_장외파생상품_신용관련거래,4433960040000,국내증권사,B,SF205,각주항목(09.06월 이후)
3553,201912,0010106,KB증권주식회사,C25,파생상품계약_장외파생상품_기타,2496691539533,국내증권사,B,SF205,각주항목(09.06월 이후)
3554,201912,0010106,KB증권주식회사,D,대차 및 대주거래,9793635349388,국내증권사,B,SF205,각주항목(09.06월 이후)
3555,201912,0010106,KB증권주식회사,D1,대차 및 대주거래_대여증권,1112545977100,국내증권사,B,SF205,각주항목(09.06월 이후)
3556,201912,0010106,KB증권주식회사,D2,대차 및 대주거래_차입증권,8681089372288,국내증권사,B,SF205,각주항목(09.06월 이후)
3557,201912,0010106,KB증권주식회사,D3,대차 및 대주거래_신용거래대주, ,국내증권사,B,SF205,각주항목(09.06월 이후)
3558,201912,0010106,KB증권주식회사,E,대손상각채권,84321557573,국내증권사,B,SF205,각주항목(09.06월 이후)
3559,201912,0010106,KB증권주식회사,F,환전업무 예치금,0,국내증권사,B,SF205,각주항목(09.06월 이후)
3560,201912,0010106,KB증권주식회사,G,미배당별도예치금,3968108213,국내증권사,B,SF205,각주항목(09.06월 이후)
3561,201912,0010106,KB증권주식회사,H,배서어음매출(종금계정),0,국내증권사,B,SF205,각주항목(09.06월 이후)
3562,201912,0010106,KB증권주식회사,H1,대출채권매매이익_담보부, ,국내증권사,B,SF205,각주항목(09.06월 이후)
3563,201912,0010106,KB증권주식회사,H2,대출채권매매이익_무담보부, ,국내증권사,B,SF205,각주항목(09.06월 이후)
3564,202003,0010106,KB증권주식회사,A,채무보증,4059076221815,국내증권사,B,SF205,각주항목(09.06월 이후)
3565,202003,0010106,KB증권주식회사,A1,채무보증_지급보증,222818850000,국내증권사,B,SF205,각주항목(09.06월 이후)
3566,202003,0010106,KB증권주식회사,A2,채무보증_매입보장약정,915383780000,국내증권사,B,SF205,각주항목(09.06월 이후)
3567,202003,0010106,KB증권주식회사,A3,채무보증_채무인수약정, ,국내증권사,B,SF205,각주항목(09.06월 이후)
3568,202003,0010106,KB증권주식회사,A5,채무보증_매입확약,1922959281307,국내증권사,B,SF205,각주항목(09.06월 이후)
3569,202003,0010106,KB증권주식회사,A6,채무보증_기타,997914310508,국내증권사,B,SF205,각주항목(09.06월 이후)
3570,202003,0010106,KB증권주식회사,B,투자자의 예수증권 등,121687247013369,국내증권사,B,SF205,각주항목(09.06월 이후)
3571,202003,0010106,KB증권주식회사,B1,투자자의 예수증권 등_예수 증권,121687247013369,국내증권사,B,SF205,각주항목(09.06월 이후)
3572,202003,0010106,KB증권주식회사,B2,투자자의 예수증권 등_예수양도성예금증서, ,국내증권사,B,SF205,각주항목(09.06월 이후)
3573,202003,0010106,KB증권주식회사,B3,투자자의 예수증권 등_기타, ,국내증권사,B,SF205,각주항목(09.06월 이후)
3574,202003,0010106,KB증권주식회사,C,파생상품계약,167577549008120,국내증권사,B,SF205,각주항목(09.06월 이후)
3575,202003,0010106,KB증권주식회사,C1,파생상품계약_장내파생상품,10329328673563,국내증권사,B,SF205,각주항목(09.06월 이후)
3576,202003,0010106,KB증권주식회사,C11,파생상품계약_장내파생상품_이자율관련거래,4159905620441,국내증권사,B,SF205,각주항목(09.06월 이후)
3577,202003,0010106,KB증권주식회사,C12,파생상품계약_장내파생상품_통화관련거래,692837305849,국내증권사,B,SF205,각주항목(09.06월 이후)
3578,202003,0010106,KB증권주식회사,C13,파생상품계약_장내파생상품_주식관련거래,5473927032409,국내증권사,B,SF205,각주항목(09.06월 이후)
3579,202003,0010106,KB증권주식회사,C14,파생상품계약_장내파생상품_일반상품관련거래,2658714864,국내증권사,B,SF205,각주항목(09.06월 이후)
3580,202003,0010106,KB증권주식회사,C15,파생상품계약_장내파생상품_기타,0,국내증권사,B,SF205,각주항목(09.06월 이후)
3581,202003,0010106,KB증권주식회사,C2,파생상품계약_장외파생상품,157248220334557,국내증권사,B,SF205,각주항목(09.06월 이후)
3582,202003,0010106,KB증권주식회사,C21,파생상품계약_장외파생상품_이자율관련거래,133478595582800,국내증권사,B,SF205,각주항목(09.06월 이후)
3583,202003,0010106,KB증권주식회사,C22,파생상품계약_장외파생상품_통화관련거래,9386852447520,국내증권사,B,SF205,각주항목(09.06월 이후)
3584,202003,0010106,KB증권주식회사,C23,파생상품계약_장외파생상품_주식관련거래,7842689075814,국내증권사,B,SF205,각주항목(09.06월 이후)
3585,202003,0010106,KB증권주식회사,C24,파생상품계약_장외파생상품_신용관련거래,4242224680000,국내증권사,B,SF205,각주항목(09.06월 이후)
3586,202003,0010106,KB증권주식회사,C25,파생상품계약_장외파생상품_기타,2297858548423,국내증권사,B,SF205,각주항목(09.06월 이후)
3587,202003,0010106,KB증권주식회사,D,대차 및 대주거래,8121824632004,국내증권사,B,SF205,각주항목(09.06월 이후)
3588,202003,0010106,KB증권주식회사,D1,대차 및 대주거래_대여증권,760584113797,국내증권사,B,SF205,각주항목(09.06월 이후)
3589,202003,0010106,KB증권주식회사,D2,대차 및 대주거래_차입증권,7361240518207,국내증권사,B,SF205,각주항목(09.06월 이후)
3590,202003,0010106,KB증권주식회사,D3,대차 및 대주거래_신용거래대주, ,국내증권사,B,SF205,각주항목(09.06월 이후)
3591,202003,0010106,KB증권주식회사,E,대손상각채권,104964912646,국내증권사,B,SF205,각주항목(09.06월 이후)
3592,202003,0010106,KB증권주식회사,F,환전업무 예치금,0,국내증권사,B,SF205,각주항목(09.06월 이후)
3593,202003,0010106,KB증권주식회사,G,미배당별도예치금,1563396281,국내증권사,B,SF205,각주항목(09.06월 이후)
3594,202003,0010106,KB증권주식회사,H,배서어음매출(종금계정),0,국내증권사,B,SF205,각주항목(09.06월 이후)
3595,202003,0010106,KB증권주식회사,H1,대출채권매매이익_담보부, ,국내증권사,B,SF205,각주항목(09.06월 이후)
3596,202003,0010106,KB증권주식회사,H2,대출채권매매이익_무담보부, ,국내증권사,B,SF205,각주항목(09.06월 이후)
3597,202006,0010106,KB증권주식회사,A,채무보증,4366747633044,국내증권사,B,SF205,각주항목(09.06월 이후)
3598,202006,0010106,KB증권주식회사,A1,채무보증_지급보증,208921800000,국내증권사,B,SF205,각주항목(09.06월 이후)
3599,202006,0010106,KB증권주식회사,A2,채무보증_매입보장약정,1087691710000,국내증권사,B,SF205,각주항목(09.06월 이후)
3600,202006,0010106,KB증권주식회사,A3,채무보증_채무인수약정, ,국내증권사,B,SF205,각주항목(09.06월 이후)
3601,202006,0010106,KB증권주식회사,A5,채무보증_매입확약,2324751753690,국내증권사,B,SF205,각주항목(09.06월 이후)
3602,202006,0010106,KB증권주식회사,A6,채무보증_기타,745382369354,국내증권사,B,SF205,각주항목(09.06월 이후)
3603,202006,0010106,KB증권주식회사,B,투자자의 예수증권 등,137305016290624,국내증권사,B,SF205,각주항목(09.06월 이후)
3604,202006,0010106,KB증권주식회사,B1,투자자의 예수증권 등_예수 증권,137305016290624,국내증권사,B,SF205,각주항목(09.06월 이후)
3605,202006,0010106,KB증권주식회사,B2,투자자의 예수증권 등_예수양도성예금증서, ,국내증권사,B,SF205,각주항목(09.06월 이후)
3606,202006,0010106,KB증권주식회사,B3,투자자의 예수증권 등_기타, ,국내증권사,B,SF205,각주항목(09.06월 이후)
3607,202006,0010106,KB증권주식회사,C,파생상품계약,159850370540406,국내증권사,B,SF205,각주항목(09.06월 이후)
3608,202006,0010106,KB증권주식회사,C1,파생상품계약_장내파생상품,7992681244196,국내증권사,B,SF205,각주항목(09.06월 이후)
3609,202006,0010106,KB증권주식회사,C11,파생상품계약_장내파생상품_이자율관련거래,4201210449562,국내증권사,B,SF205,각주항목(09.06월 이후)
3610,202006,0010106,KB증권주식회사,C12,파생상품계약_장내파생상품_통화관련거래,301106983305,국내증권사,B,SF205,각주항목(09.06월 이후)
3611,202006,0010106,KB증권주식회사,C13,파생상품계약_장내파생상품_주식관련거래,3479041774658,국내증권사,B,SF205,각주항목(09.06월 이후)
3612,202006,0010106,KB증권주식회사,C14,파생상품계약_장내파생상품_일반상품관련거래,11322036671,국내증권사,B,SF205,각주항목(09.06월 이후)
3613,202006,0010106,KB증권주식회사,C15,파생상품계약_장내파생상품_기타,0,국내증권사,B,SF205,각주항목(09.06월 이후)
3614,202006,0010106,KB증권주식회사,C2,파생상품계약_장외파생상품,151857689296210,국내증권사,B,SF205,각주항목(09.06월 이후)
3615,202006,0010106,KB증권주식회사,C21,파생상품계약_장외파생상품_이자율관련거래,131765563453100,국내증권사,B,SF205,각주항목(09.06월 이후)
3616,202006,0010106,KB증권주식회사,C22,파생상품계약_장외파생상품_통화관련거래,6173510043012,국내증권사,B,SF205,각주항목(09.06월 이후)
3617,202006,0010106,KB증권주식회사,C23,파생상품계약_장외파생상품_주식관련거래,8329649814043,국내증권사,B,SF205,각주항목(09.06월 이후)
3618,202006,0010106,KB증권주식회사,C24,파생상품계약_장외파생상품_신용관련거래,3750924560000,국내증권사,B,SF205,각주항목(09.06월 이후)
3619,202006,0010106,KB증권주식회사,C25,파생상품계약_장외파생상품_기타,1838041426055,국내증권사,B,SF205,각주항목(09.06월 이후)
3620,202006,0010106,KB증권주식회사,D,대차 및 대주거래,6435853216996,국내증권사,B,SF205,각주항목(09.06월 이후)
3621,202006,0010106,KB증권주식회사,D1,대차 및 대주거래_대여증권,819289390954,국내증권사,B,SF205,각주항목(09.06월 이후)
3622,202006,0010106,KB증권주식회사,D2,대차 및 대주거래_차입증권,5616563826042,국내증권사,B,SF205,각주항목(09.06월 이후)
3623,202006,0010106,KB증권주식회사,D3,대차 및 대주거래_신용거래대주, ,국내증권사,B,SF205,각주항목(09.06월 이후)
3624,202006,0010106,KB증권주식회사,E,대손상각채권,104964912646,국내증권사,B,SF205,각주항목(09.06월 이후)
3625,202006,0010106,KB증권주식회사,F,환전업무 예치금,0,국내증권사,B,SF205,각주항목(09.06월 이후)
3626,202006,0010106,KB증권주식회사,G,미배당별도예치금,5611968383,국내증권사,B,SF205,각주항목(09.06월 이후)
3627,202006,0010106,KB증권주식회사,H,배서어음매출(종금계정),0,국내증권사,B,SF205,각주항목(09.06월 이후)
3628,202006,0010106,KB증권주식회사,H1,대출채권매매이익_담보부,0,국내증권사,B,SF205,각주항목(09.06월 이후)
3629,202006,0010106,KB증권주식회사,H2,대출채권매매이익_무담보부,0,국내증권사,B,SF205,각주항목(09.06월 이후)
3630,202009,0010106,KB증권주식회사,A,채무보증,4177273053885,국내증권사,B,SF205,각주항목(09.06월 이후)
3631,202009,0010106,KB증권주식회사,A1,채무보증_지급보증,214515800000,국내증권사,B,SF205,각주항목(09.06월 이후)
3632,202009,0010106,KB증권주식회사,A2,채무보증_매입보장약정,834859550000,국내증권사,B,SF205,각주항목(09.06월 이후)
3633,202009,0010106,KB증권주식회사,A3,채무보증_채무인수약정, ,국내증권사,B,SF205,각주항목(09.06월 이후)
3634,202009,0010106,KB증권주식회사,A5,채무보증_매입확약,2423315547144,국내증권사,B,SF205,각주항목(09.06월 이후)
3635,202009,0010106,KB증권주식회사,A6,채무보증_기타,704582156741,국내증권사,B,SF205,각주항목(09.06월 이후)
3636,202009,0010106,KB증권주식회사,B,투자자의 예수증권 등,135911096964597,국내증권사,B,SF205,각주항목(09.06월 이후)
3637,202009,0010106,KB증권주식회사,B1,투자자의 예수증권 등_예수 증권,135911096964597,국내증권사,B,SF205,각주항목(09.06월 이후)
3638,202009,0010106,KB증권주식회사,B2,투자자의 예수증권 등_예수양도성예금증서, ,국내증권사,B,SF205,각주항목(09.06월 이후)
3639,202009,0010106,KB증권주식회사,B3,투자자의 예수증권 등_기타, ,국내증권사,B,SF205,각주항목(09.06월 이후)
3640,202009,0010106,KB증권주식회사,C,파생상품계약,160181408971628,국내증권사,B,SF205,각주항목(09.06월 이후)
3641,202009,0010106,KB증권주식회사,C1,파생상품계약_장내파생상품,9165674286142,국내증권사,B,SF205,각주항목(09.06월 이후)
3642,202009,0010106,KB증권주식회사,C11,파생상품계약_장내파생상품_이자율관련거래,4177686294479,국내증권사,B,SF205,각주항목(09.06월 이후)
3643,202009,0010106,KB증권주식회사,C12,파생상품계약_장내파생상품_통화관련거래,1283546887892,국내증권사,B,SF205,각주항목(09.06월 이후)
3644,202009,0010106,KB증권주식회사,C13,파생상품계약_장내파생상품_주식관련거래,3695675328676,국내증권사,B,SF205,각주항목(09.06월 이후)
3645,202009,0010106,KB증권주식회사,C14,파생상품계약_장내파생상품_일반상품관련거래,8765775095,국내증권사,B,SF205,각주항목(09.06월 이후)
3646,202009,0010106,KB증권주식회사,C15,파생상품계약_장내파생상품_기타,0,국내증권사,B,SF205,각주항목(09.06월 이후)
3647,202009,0010106,KB증권주식회사,C2,파생상품계약_장외파생상품,151015734685486,국내증권사,B,SF205,각주항목(09.06월 이후)
3648,202009,0010106,KB증권주식회사,C21,파생상품계약_장외파생상품_이자율관련거래,129574501725500,국내증권사,B,SF205,각주항목(09.06월 이후)
3649,202009,0010106,KB증권주식회사,C22,파생상품계약_장외파생상품_통화관련거래,7813646672322,국내증권사,B,SF205,각주항목(09.06월 이후)
3650,202009,0010106,KB증권주식회사,C23,파생상품계약_장외파생상품_주식관련거래,8728980344189,국내증권사,B,SF205,각주항목(09.06월 이후)
3651,202009,0010106,KB증권주식회사,C24,파생상품계약_장외파생상품_신용관련거래,3436758800000,국내증권사,B,SF205,각주항목(09.06월 이후)
3652,202009,0010106,KB증권주식회사,C25,파생상품계약_장외파생상품_기타,1461847143475,국내증권사,B,SF205,각주항목(09.06월 이후)
3653,202009,0010106,KB증권주식회사,D,대차 및 대주거래,6180165341541,국내증권사,B,SF205,각주항목(09.06월 이후)
3654,202009,0010106,KB증권주식회사,D1,대차 및 대주거래_대여증권,984004812624,국내증권사,B,SF205,각주항목(09.06월 이후)
3655,202009,0010106,KB증권주식회사,D2,대차 및 대주거래_차입증권,5196160528917,국내증권사,B,SF205,각주항목(09.06월 이후)
3656,202009,0010106,KB증권주식회사,D3,대차 및 대주거래_신용거래대주, ,국내증권사,B,SF205,각주항목(09.06월 이후)
3657,202009,0010106,KB증권주식회사,E,대손상각채권,104964912646,국내증권사,B,SF205,각주항목(09.06월 이후)
3658,202009,0010106,KB증권주식회사,F,환전업무 예치금,0,국내증권사,B,SF205,각주항목(09.06월 이후)
3659,202009,0010106,KB증권주식회사,G,미배당별도예치금,9264095928,국내증권사,B,SF205,각주항목(09.06월 이후)
3660,202009,0010106,KB증권주식회사,H,배서어음매출(종금계정),0,국내증권사,B,SF205,각주항목(09.06월 이후)
3661,202009,0010106,KB증권주식회사,H1,대출채권매매이익_담보부, ,국내증권사,B,SF205,각주항목(09.06월 이후)
3662,202009,0010106,KB증권주식회사,H2,대출채권매매이익_무담보부, ,국내증권사,B,SF205,각주항목(09.06월 이후)
3663,202012,0010106,KB증권주식회사,A,채무보증,3714858021286,국내증권사,B,SF205,각주항목(09.06월 이후)
3664,202012,0010106,KB증권주식회사,A1,채무보증_지급보증,198886400000,국내증권사,B,SF205,각주항목(09.06월 이후)
3665,202012,0010106,KB증권주식회사,A2,채무보증_매입보장약정,797960000000,국내증권사,B,SF205,각주항목(09.06월 이후)
3666,202012,0010106,KB증권주식회사,A3,채무보증_채무인수약정, ,국내증권사,B,SF205,각주항목(09.06월 이후)
3667,202012,0010106,KB증권주식회사,A5,채무보증_매입확약,2146297698874,국내증권사,B,SF205,각주항목(09.06월 이후)
3668,202012,0010106,KB증권주식회사,A6,채무보증_기타,571713922412,국내증권사,B,SF205,각주항목(09.06월 이후)
3669,202012,0010106,KB증권주식회사,B,투자자의 예수증권 등,162408591364705,국내증권사,B,SF205,각주항목(09.06월 이후)
3670,202012,0010106,KB증권주식회사,B1,투자자의 예수증권 등_예수 증권,162408591364705,국내증권사,B,SF205,각주항목(09.06월 이후)
3671,202012,0010106,KB증권주식회사,B2,투자자의 예수증권 등_예수양도성예금증서, ,국내증권사,B,SF205,각주항목(09.06월 이후)
3672,202012,0010106,KB증권주식회사,B3,투자자의 예수증권 등_기타, ,국내증권사,B,SF205,각주항목(09.06월 이후)
3673,202012,0010106,KB증권주식회사,C,파생상품계약,150454759547037,국내증권사,B,SF205,각주항목(09.06월 이후)
3674,202012,0010106,KB증권주식회사,C1,파생상품계약_장내파생상품,8081693980520,국내증권사,B,SF205,각주항목(09.06월 이후)
3675,202012,0010106,KB증권주식회사,C11,파생상품계약_장내파생상품_이자율관련거래,3085079164760,국내증권사,B,SF205,각주항목(09.06월 이후)
3676,202012,0010106,KB증권주식회사,C12,파생상품계약_장내파생상품_통화관련거래,325952113802,국내증권사,B,SF205,각주항목(09.06월 이후)
3677,202012,0010106,KB증권주식회사,C13,파생상품계약_장내파생상품_주식관련거래,4659053274118,국내증권사,B,SF205,각주항목(09.06월 이후)
3678,202012,0010106,KB증권주식회사,C14,파생상품계약_장내파생상품_일반상품관련거래,11609427840,국내증권사,B,SF205,각주항목(09.06월 이후)
3679,202012,0010106,KB증권주식회사,C15,파생상품계약_장내파생상품_기타,0,국내증권사,B,SF205,각주항목(09.06월 이후)
3680,202012,0010106,KB증권주식회사,C2,파생상품계약_장외파생상품,142373065566517,국내증권사,B,SF205,각주항목(09.06월 이후)
3681,202012,0010106,KB증권주식회사,C21,파생상품계약_장외파생상품_이자율관련거래,124210702400000,국내증권사,B,SF205,각주항목(09.06월 이후)
3682,202012,0010106,KB증권주식회사,C22,파생상품계약_장외파생상품_통화관련거래,5529424419413,국내증권사,B,SF205,각주항목(09.06월 이후)
3683,202012,0010106,KB증권주식회사,C23,파생상품계약_장외파생상품_주식관련거래,8201222899650,국내증권사,B,SF205,각주항목(09.06월 이후)
3684,202012,0010106,KB증권주식회사,C24,파생상품계약_장외파생상품_신용관련거래,3015782400000,국내증권사,B,SF205,각주항목(09.06월 이후)
3685,202012,0010106,KB증권주식회사,C25,파생상품계약_장외파생상품_기타,1415933447454,국내증권사,B,SF205,각주항목(09.06월 이후)
3686,202012,0010106,KB증권주식회사,D,대차 및 대주거래,6914638008646,국내증권사,B,SF205,각주항목(09.06월 이후)
3687,202012,0010106,KB증권주식회사,D1,대차 및 대주거래_대여증권,753750196297,국내증권사,B,SF205,각주항목(09.06월 이후)
3688,202012,0010106,KB증권주식회사,D2,대차 및 대주거래_차입증권,6160887812349,국내증권사,B,SF205,각주항목(09.06월 이후)
3689,202012,0010106,KB증권주식회사,D3,대차 및 대주거래_신용거래대주, ,국내증권사,B,SF205,각주항목(09.06월 이후)
3690,202012,0010106,KB증권주식회사,E,대손상각채권,104964912646,국내증권사,B,SF205,각주항목(09.06월 이후)
3691,202012,0010106,KB증권주식회사,F,환전업무 예치금,0,국내증권사,B,SF205,각주항목(09.06월 이후)
3692,202012,0010106,KB증권주식회사,G,미배당별도예치금,12422031262,국내증권사,B,SF205,각주항목(09.06월 이후)
3693,202012,0010106,KB증권주식회사,H,배서어음매출(종금계정),0,국내증권사,B,SF205,각주항목(09.06월 이후)
3694,202012,0010106,KB증권주식회사,H1,대출채권매매이익_담보부,0,국내증권사,B,SF205,각주항목(09.06월 이후)
3695,202012,0010106,KB증권주식회사,H2,대출채권매매이익_무담보부,0,국내증권사,B,SF205,각주항목(09.06월 이후)
3696,202103,0010106,KB증권주식회사,A,채무보증,3059279050704,국내증권사,B,SF205,각주항목(09.06월 이후)
3697,202103,0010106,KB증권주식회사,A1,채무보증_지급보증,207203800000,국내증권사,B,SF205,각주항목(09.06월 이후)
3698,202103,0010106,KB증권주식회사,A2,채무보증_매입보장약정,613800000000,국내증권사,B,SF205,각주항목(09.06월 이후)
3699,202103,0010106,KB증권주식회사,A3,채무보증_채무인수약정, ,국내증권사,B,SF205,각주항목(09.06월 이후)
3700,202103,0010106,KB증권주식회사,A5,채무보증_매입확약,1846394212636,국내증권사,B,SF205,각주항목(09.06월 이후)
3701,202103,0010106,KB증권주식회사,A6,채무보증_기타,391881038068,국내증권사,B,SF205,각주항목(09.06월 이후)
3702,202103,0010106,KB증권주식회사,B,투자자의 예수증권 등,170098347243551,국내증권사,B,SF205,각주항목(09.06월 이후)
3703,202103,0010106,KB증권주식회사,B1,투자자의 예수증권 등_예수 증권,170098347243551,국내증권사,B,SF205,각주항목(09.06월 이후)
3704,202103,0010106,KB증권주식회사,B2,투자자의 예수증권 등_예수양도성예금증서, ,국내증권사,B,SF205,각주항목(09.06월 이후)
3705,202103,0010106,KB증권주식회사,B3,투자자의 예수증권 등_기타, ,국내증권사,B,SF205,각주항목(09.06월 이후)
3706,202103,0010106,KB증권주식회사,C,파생상품계약,156613249364360,국내증권사,B,SF205,각주항목(09.06월 이후)
3707,202103,0010106,KB증권주식회사,C1,파생상품계약_장내파생상품,10440566799807,국내증권사,B,SF205,각주항목(09.06월 이후)
3708,202103,0010106,KB증권주식회사,C11,파생상품계약_장내파생상품_이자율관련거래,3714111851139,국내증권사,B,SF205,각주항목(09.06월 이후)
3709,202103,0010106,KB증권주식회사,C12,파생상품계약_장내파생상품_통화관련거래,329818337521,국내증권사,B,SF205,각주항목(09.06월 이후)
3710,202103,0010106,KB증권주식회사,C13,파생상품계약_장내파생상품_주식관련거래,6384045304924,국내증권사,B,SF205,각주항목(09.06월 이후)
3711,202103,0010106,KB증권주식회사,C14,파생상품계약_장내파생상품_일반상품관련거래,12591306223,국내증권사,B,SF205,각주항목(09.06월 이후)
3712,202103,0010106,KB증권주식회사,C15,파생상품계약_장내파생상품_기타,0,국내증권사,B,SF205,각주항목(09.06월 이후)
3713,202103,0010106,KB증권주식회사,C2,파생상품계약_장외파생상품,146172682564553,국내증권사,B,SF205,각주항목(09.06월 이후)
3714,202103,0010106,KB증권주식회사,C21,파생상품계약_장외파생상품_이자율관련거래,124796087225000,국내증권사,B,SF205,각주항목(09.06월 이후)
3715,202103,0010106,KB증권주식회사,C22,파생상품계약_장외파생상품_통화관련거래,9600904552878,국내증권사,B,SF205,각주항목(09.06월 이후)
3716,202103,0010106,KB증권주식회사,C23,파생상품계약_장외파생상품_주식관련거래,7216405978168,국내증권사,B,SF205,각주항목(09.06월 이후)
3717,202103,0010106,KB증권주식회사,C24,파생상품계약_장외파생상품_신용관련거래,3123735800000,국내증권사,B,SF205,각주항목(09.06월 이후)
3718,202103,0010106,KB증권주식회사,C25,파생상품계약_장외파생상품_기타,1435549008507,국내증권사,B,SF205,각주항목(09.06월 이후)
3719,202103,0010106,KB증권주식회사,D,대차 및 대주거래,7346666185546,국내증권사,B,SF205,각주항목(09.06월 이후)
3720,202103,0010106,KB증권주식회사,D1,대차 및 대주거래_대여증권,910728800980,국내증권사,B,SF205,각주항목(09.06월 이후)
3721,202103,0010106,KB증권주식회사,D2,대차 및 대주거래_차입증권,6435937384566,국내증권사,B,SF205,각주항목(09.06월 이후)
3722,202103,0010106,KB증권주식회사,D3,대차 및 대주거래_신용거래대주, ,국내증권사,B,SF205,각주항목(09.06월 이후)
3723,202103,0010106,KB증권주식회사,E,대손상각채권,104964912646,국내증권사,B,SF205,각주항목(09.06월 이후)
3724,202103,0010106,KB증권주식회사,F,환전업무 예치금,0,국내증권사,B,SF205,각주항목(09.06월 이후)
3725,202103,0010106,KB증권주식회사,G,미배당별도예치금,3029514668,국내증권사,B,SF205,각주항목(09.06월 이후)
3726,202103,0010106,KB증권주식회사,H,배서어음매출(종금계정),0,국내증권사,B,SF205,각주항목(09.06월 이후)
3727,202103,0010106,KB증권주식회사,H1,대출채권매매이익_담보부,0,국내증권사,B,SF205,각주항목(09.06월 이후)
3728,202103,0010106,KB증권주식회사,H2,대출채권매매이익_무담보부,0,국내증권사,B,SF205,각주항목(09.06월 이후)
3729,202106,0010106,KB증권주식회사,A,채무보증,3714866460568,국내증권사,B,SF205,각주항목(09.06월 이후)
3730,202106,0010106,KB증권주식회사,A1,채무보증_지급보증,206564000000,국내증권사,B,SF205,각주항목(09.06월 이후)
3731,202106,0010106,KB증권주식회사,A2,채무보증_매입보장약정,1030871428571,국내증권사,B,SF205,각주항목(09.06월 이후)
3732,202106,0010106,KB증권주식회사,A3,채무보증_채무인수약정,57200000000,국내증권사,B,SF205,각주항목(09.06월 이후)
3733,202106,0010106,KB증권주식회사,A5,채무보증_매입확약,2012697036998,국내증권사,B,SF205,각주항목(09.06월 이후)
3734,202106,0010106,KB증권주식회사,A6,채무보증_기타,407533994999,국내증권사,B,SF205,각주항목(09.06월 이후)
3735,202106,0010106,KB증권주식회사,B,투자자의 예수증권 등,184204808801131,국내증권사,B,SF205,각주항목(09.06월 이후)
3736,202106,0010106,KB증권주식회사,B1,투자자의 예수증권 등_예수 증권,184204808801131,국내증권사,B,SF205,각주항목(09.06월 이후)
3737,202106,0010106,KB증권주식회사,B2,투자자의 예수증권 등_예수양도성예금증서, ,국내증권사,B,SF205,각주항목(09.06월 이후)
3738,202106,0010106,KB증권주식회사,B3,투자자의 예수증권 등_기타, ,국내증권사,B,SF205,각주항목(09.06월 이후)
3739,202106,0010106,KB증권주식회사,C,파생상품계약,159635206637038,국내증권사,B,SF205,각주항목(09.06월 이후)
3740,202106,0010106,KB증권주식회사,C1,파생상품계약_장내파생상품,9172928066775,국내증권사,B,SF205,각주항목(09.06월 이후)
3741,202106,0010106,KB증권주식회사,C11,파생상품계약_장내파생상품_이자율관련거래,3709261789427,국내증권사,B,SF205,각주항목(09.06월 이후)
3742,202106,0010106,KB증권주식회사,C12,파생상품계약_장내파생상품_통화관련거래,350731394449,국내증권사,B,SF205,각주항목(09.06월 이후)
3743,202106,0010106,KB증권주식회사,C13,파생상품계약_장내파생상품_주식관련거래,5100038012099,국내증권사,B,SF205,각주항목(09.06월 이후)
3744,202106,0010106,KB증권주식회사,C14,파생상품계약_장내파생상품_일반상품관련거래,12896870800,국내증권사,B,SF205,각주항목(09.06월 이후)
3745,202106,0010106,KB증권주식회사,C15,파생상품계약_장내파생상품_기타,0,국내증권사,B,SF205,각주항목(09.06월 이후)
3746,202106,0010106,KB증권주식회사,C2,파생상품계약_장외파생상품,150462278570263,국내증권사,B,SF205,각주항목(09.06월 이후)
3747,202106,0010106,KB증권주식회사,C21,파생상품계약_장외파생상품_이자율관련거래,129790873500000,국내증권사,B,SF205,각주항목(09.06월 이후)
3748,202106,0010106,KB증권주식회사,C22,파생상품계약_장외파생상품_통화관련거래,9340261263654,국내증권사,B,SF205,각주항목(09.06월 이후)
3749,202106,0010106,KB증권주식회사,C23,파생상품계약_장외파생상품_주식관련거래,7190421884281,국내증권사,B,SF205,각주항목(09.06월 이후)
3750,202106,0010106,KB증권주식회사,C24,파생상품계약_장외파생상품_신용관련거래,2623124000000,국내증권사,B,SF205,각주항목(09.06월 이후)
3751,202106,0010106,KB증권주식회사,C25,파생상품계약_장외파생상품_기타,1517597922328,국내증권사,B,SF205,각주항목(09.06월 이후)
3752,202106,0010106,KB증권주식회사,D,대차 및 대주거래,8304042028128,국내증권사,B,SF205,각주항목(09.06월 이후)
3753,202106,0010106,KB증권주식회사,D1,대차 및 대주거래_대여증권,1319964106840,국내증권사,B,SF205,각주항목(09.06월 이후)
3754,202106,0010106,KB증권주식회사,D2,대차 및 대주거래_차입증권,6984077921288,국내증권사,B,SF205,각주항목(09.06월 이후)
3755,202106,0010106,KB증권주식회사,D3,대차 및 대주거래_신용거래대주, ,국내증권사,B,SF205,각주항목(09.06월 이후)
3756,202106,0010106,KB증권주식회사,E,대손상각채권,104964912646,국내증권사,B,SF205,각주항목(09.06월 이후)
3757,202106,0010106,KB증권주식회사,F,환전업무 예치금,0,국내증권사,B,SF205,각주항목(09.06월 이후)
3758,202106,0010106,KB증권주식회사,G,미배당별도예치금,5620261906,국내증권사,B,SF205,각주항목(09.06월 이후)
3759,202106,0010106,KB증권주식회사,H,배서어음매출(종금계정),0,국내증권사,B,SF205,각주항목(09.06월 이후)
3760,202106,0010106,KB증권주식회사,H1,대출채권매매이익_담보부, ,국내증권사,B,SF205,각주항목(09.06월 이후)
3761,202106,0010106,KB증권주식회사,H2,대출채권매매이익_무담보부, ,국내증권사,B,SF205,각주항목(09.06월 이후)
3762,202109,0010106,KB증권주식회사,A,채무보증,4124587538695,국내증권사,B,SF205,각주항목(09.06월 이후)
3763,202109,0010106,KB증권주식회사,A1,채무보증_지급보증,216599720000,국내증권사,B,SF205,각주항목(09.06월 이후)
3764,202109,0010106,KB증권주식회사,A2,채무보증_매입보장약정,899500000000,국내증권사,B,SF205,각주항목(09.06월 이후)
3765,202109,0010106,KB증권주식회사,A3,채무보증_채무인수약정,0,국내증권사,B,SF205,각주항목(09.06월 이후)
3766,202109,0010106,KB증권주식회사,A5,채무보증_매입확약,2561448217111,국내증권사,B,SF205,각주항목(09.06월 이후)
3767,202109,0010106,KB증권주식회사,A6,채무보증_기타,447039601584,국내증권사,B,SF205,각주항목(09.06월 이후)
3768,202109,0010106,KB증권주식회사,B,투자자의 예수증권 등,194471356214352,국내증권사,B,SF205,각주항목(09.06월 이후)
3769,202109,0010106,KB증권주식회사,B1,투자자의 예수증권 등_예수 증권,194471356214352,국내증권사,B,SF205,각주항목(09.06월 이후)
3770,202109,0010106,KB증권주식회사,B2,투자자의 예수증권 등_예수양도성예금증서, ,국내증권사,B,SF205,각주항목(09.06월 이후)
3771,202109,0010106,KB증권주식회사,B3,투자자의 예수증권 등_기타, ,국내증권사,B,SF205,각주항목(09.06월 이후)
3772,202109,0010106,KB증권주식회사,C,파생상품계약,165605545918651,국내증권사,B,SF205,각주항목(09.06월 이후)
3773,202109,0010106,KB증권주식회사,C1,파생상품계약_장내파생상품,10490851500064,국내증권사,B,SF205,각주항목(09.06월 이후)
3774,202109,0010106,KB증권주식회사,C11,파생상품계약_장내파생상품_이자율관련거래,5313454620492,국내증권사,B,SF205,각주항목(09.06월 이후)
3775,202109,0010106,KB증권주식회사,C12,파생상품계약_장내파생상품_통화관련거래,361492254235,국내증권사,B,SF205,각주항목(09.06월 이후)
3776,202109,0010106,KB증권주식회사,C13,파생상품계약_장내파생상품_주식관련거래,4772031071450,국내증권사,B,SF205,각주항목(09.06월 이후)
3777,202109,0010106,KB증권주식회사,C14,파생상품계약_장내파생상품_일반상품관련거래,43873553887,국내증권사,B,SF205,각주항목(09.06월 이후)
3778,202109,0010106,KB증권주식회사,C15,파생상품계약_장내파생상품_기타,0,국내증권사,B,SF205,각주항목(09.06월 이후)
3779,202109,0010106,KB증권주식회사,C2,파생상품계약_장외파생상품,155114694418587,국내증권사,B,SF205,각주항목(09.06월 이후)
3780,202109,0010106,KB증권주식회사,C21,파생상품계약_장외파생상품_이자율관련거래,130329548615000,국내증권사,B,SF205,각주항목(09.06월 이후)
3781,202109,0010106,KB증권주식회사,C22,파생상품계약_장외파생상품_통화관련거래,12354297607547,국내증권사,B,SF205,각주항목(09.06월 이후)
3782,202109,0010106,KB증권주식회사,C23,파생상품계약_장외파생상품_주식관련거래,7886833819769,국내증권사,B,SF205,각주항목(09.06월 이후)
3783,202109,0010106,KB증권주식회사,C24,파생상품계약_장외파생상품_신용관련거래,2948693853325,국내증권사,B,SF205,각주항목(09.06월 이후)
3784,202109,0010106,KB증권주식회사,C25,파생상품계약_장외파생상품_기타,1595320522946,국내증권사,B,SF205,각주항목(09.06월 이후)
3785,202109,0010106,KB증권주식회사,D,대차 및 대주거래,8178540672929,국내증권사,B,SF205,각주항목(09.06월 이후)
3786,202109,0010106,KB증권주식회사,D1,대차 및 대주거래_대여증권,1283258329515,국내증권사,B,SF205,각주항목(09.06월 이후)
3787,202109,0010106,KB증권주식회사,D2,대차 및 대주거래_차입증권,6895282343414,국내증권사,B,SF205,각주항목(09.06월 이후)
3788,202109,0010106,KB증권주식회사,D3,대차 및 대주거래_신용거래대주, ,국내증권사,B,SF205,각주항목(09.06월 이후)
3789,202109,0010106,KB증권주식회사,E,대손상각채권,104964912646,국내증권사,B,SF205,각주항목(09.06월 이후)
3790,202109,0010106,KB증권주식회사,F,환전업무 예치금,0,국내증권사,B,SF205,각주항목(09.06월 이후)
3791,202109,0010106,KB증권주식회사,G,미배당별도예치금,8053994481,국내증권사,B,SF205,각주항목(09.06월 이후)
3792,202109,0010106,KB증권주식회사,H,배서어음매출(종금계정),0,국내증권사,B,SF205,각주항목(09.06월 이후)
3793,202109,0010106,KB증권주식회사,H1,대출채권매매이익_담보부, ,국내증권사,B,SF205,각주항목(09.06월 이후)
3794,202109,0010106,KB증권주식회사,H2,대출채권매매이익_무담보부, ,국내증권사,B,SF205,각주항목(09.06월 이후)
3795,202112,0010106,KB증권주식회사,A,채무보증,3680668016137,국내증권사,B,SF205,각주항목(09.06월 이후)
3796,202112,0010106,KB증권주식회사,A1,채무보증_지급보증,216709400000,국내증권사,B,SF205,각주항목(09.06월 이후)
3797,202112,0010106,KB증권주식회사,A2,채무보증_매입보장약정,576882290569,국내증권사,B,SF205,각주항목(09.06월 이후)
3798,202112,0010106,KB증권주식회사,A3,채무보증_채무인수약정,0,국내증권사,B,SF205,각주항목(09.06월 이후)
3799,202112,0010106,KB증권주식회사,A5,채무보증_매입확약,2435952396772,국내증권사,B,SF205,각주항목(09.06월 이후)
3800,202112,0010106,KB증권주식회사,A6,채무보증_기타,451123928796,국내증권사,B,SF205,각주항목(09.06월 이후)
3801,202112,0010106,KB증권주식회사,B,투자자의 예수증권 등,188478999338785,국내증권사,B,SF205,각주항목(09.06월 이후)
3802,202112,0010106,KB증권주식회사,B1,투자자의 예수증권 등_예수 증권,188478999338785,국내증권사,B,SF205,각주항목(09.06월 이후)
3803,202112,0010106,KB증권주식회사,B2,투자자의 예수증권 등_예수양도성예금증서, ,국내증권사,B,SF205,각주항목(09.06월 이후)
3804,202112,0010106,KB증권주식회사,B3,투자자의 예수증권 등_기타, ,국내증권사,B,SF205,각주항목(09.06월 이후)
3805,202112,0010106,KB증권주식회사,C,파생상품계약,177873710722057,국내증권사,B,SF205,각주항목(09.06월 이후)
3806,202112,0010106,KB증권주식회사,C1,파생상품계약_장내파생상품,10299840372379,국내증권사,B,SF205,각주항목(09.06월 이후)
3807,202112,0010106,KB증권주식회사,C11,파생상품계약_장내파생상품_이자율관련거래,4563014693743,국내증권사,B,SF205,각주항목(09.06월 이후)
3808,202112,0010106,KB증권주식회사,C12,파생상품계약_장내파생상품_통화관련거래,309698290670,국내증권사,B,SF205,각주항목(09.06월 이후)
3809,202112,0010106,KB증권주식회사,C13,파생상품계약_장내파생상품_주식관련거래,5420757172028,국내증권사,B,SF205,각주항목(09.06월 이후)
3810,202112,0010106,KB증권주식회사,C14,파생상품계약_장내파생상품_일반상품관련거래,6370215938,국내증권사,B,SF205,각주항목(09.06월 이후)
3811,202112,0010106,KB증권주식회사,C15,파생상품계약_장내파생상품_기타,0,국내증권사,B,SF205,각주항목(09.06월 이후)
3812,202112,0010106,KB증권주식회사,C2,파생상품계약_장외파생상품,167573870349678,국내증권사,B,SF205,각주항목(09.06월 이후)
3813,202112,0010106,KB증권주식회사,C21,파생상품계약_장외파생상품_이자율관련거래,140686175725000,국내증권사,B,SF205,각주항목(09.06월 이후)
3814,202112,0010106,KB증권주식회사,C22,파생상품계약_장외파생상품_통화관련거래,13804805514103,국내증권사,B,SF205,각주항목(09.06월 이후)
3815,202112,0010106,KB증권주식회사,C23,파생상품계약_장외파생상품_주식관련거래,8892690197474,국내증권사,B,SF205,각주항목(09.06월 이후)
3816,202112,0010106,KB증권주식회사,C24,파생상품계약_장외파생상품_신용관련거래,2588958733325,국내증권사,B,SF205,각주항목(09.06월 이후)
3817,202112,0010106,KB증권주식회사,C25,파생상품계약_장외파생상품_기타,1601240179776,국내증권사,B,SF205,각주항목(09.06월 이후)
3818,202112,0010106,KB증권주식회사,D,대차 및 대주거래,8907991968141,국내증권사,B,SF205,각주항목(09.06월 이후)
3819,202112,0010106,KB증권주식회사,D1,대차 및 대주거래_대여증권,1126771228045,국내증권사,B,SF205,각주항목(09.06월 이후)
3820,202112,0010106,KB증권주식회사,D2,대차 및 대주거래_차입증권,7781220740096,국내증권사,B,SF205,각주항목(09.06월 이후)
3821,202112,0010106,KB증권주식회사,D3,대차 및 대주거래_신용거래대주, ,국내증권사,B,SF205,각주항목(09.06월 이후)
3822,202112,0010106,KB증권주식회사,E,대손상각채권,104964912646,국내증권사,B,SF205,각주항목(09.06월 이후)
3823,202112,0010106,KB증권주식회사,F,환전업무 예치금,0,국내증권사,B,SF205,각주항목(09.06월 이후)
3824,202112,0010106,KB증권주식회사,G,미배당별도예치금,9777589408,국내증권사,B,SF205,각주항목(09.06월 이후)
3825,202112,0010106,KB증권주식회사,H,배서어음매출(종금계정),0,국내증권사,B,SF205,각주항목(09.06월 이후)
3826,202112,0010106,KB증권주식회사,H1,대출채권매매이익_담보부, ,국내증권사,B,SF205,각주항목(09.06월 이후)
3827,202112,0010106,KB증권주식회사,H2,대출채권매매이익_무담보부, ,국내증권사,B,SF205,각주항목(09.06월 이후)
3828,202203,0010106,KB증권주식회사,A,채무보증,4170269790885,국내증권사,B,SF205,각주항목(09.06월 이후)
3829,202203,0010106,KB증권주식회사,A1,채무보증_지급보증,157404000000,국내증권사,B,SF205,각주항목(09.06월 이후)
3830,202203,0010106,KB증권주식회사,A2,채무보증_매입보장약정,481700000000,국내증권사,B,SF205,각주항목(09.06월 이후)
3831,202203,0010106,KB증권주식회사,A3,채무보증_채무인수약정, ,국내증권사,B,SF205,각주항목(09.06월 이후)
3832,202203,0010106,KB증권주식회사,A5,채무보증_매입확약,3103324371736,국내증권사,B,SF205,각주항목(09.06월 이후)
3833,202203,0010106,KB증권주식회사,A6,채무보증_기타,427841419149,국내증권사,B,SF205,각주항목(09.06월 이후)
3834,202203,0010106,KB증권주식회사,B,투자자의 예수증권 등,271730794382602,국내증권사,B,SF205,각주항목(09.06월 이후)
3835,202203,0010106,KB증권주식회사,B1,투자자의 예수증권 등_예수 증권,271730794382602,국내증권사,B,SF205,각주항목(09.06월 이후)
3836,202203,0010106,KB증권주식회사,B2,투자자의 예수증권 등_예수양도성예금증서, ,국내증권사,B,SF205,각주항목(09.06월 이후)
3837,202203,0010106,KB증권주식회사,B3,투자자의 예수증권 등_기타, ,국내증권사,B,SF205,각주항목(09.06월 이후)
3838,202203,0010106,KB증권주식회사,C,파생상품계약,192396141152270,국내증권사,B,SF205,각주항목(09.06월 이후)
3839,202203,0010106,KB증권주식회사,C1,파생상품계약_장내파생상품,9206262944282,국내증권사,B,SF205,각주항목(09.06월 이후)
3840,202203,0010106,KB증권주식회사,C11,파생상품계약_장내파생상품_이자율관련거래,4264276369464,국내증권사,B,SF205,각주항목(09.06월 이후)
3841,202203,0010106,KB증권주식회사,C12,파생상품계약_장내파생상품_통화관련거래,396755782923,국내증권사,B,SF205,각주항목(09.06월 이후)
3842,202203,0010106,KB증권주식회사,C13,파생상품계약_장내파생상품_주식관련거래,4526815543575,국내증권사,B,SF205,각주항목(09.06월 이후)
3843,202203,0010106,KB증권주식회사,C14,파생상품계약_장내파생상품_일반상품관련거래,18415248320,국내증권사,B,SF205,각주항목(09.06월 이후)
3844,202203,0010106,KB증권주식회사,C15,파생상품계약_장내파생상품_기타,0,국내증권사,B,SF205,각주항목(09.06월 이후)
3845,202203,0010106,KB증권주식회사,C2,파생상품계약_장외파생상품,183189878207988,국내증권사,B,SF205,각주항목(09.06월 이후)
3846,202203,0010106,KB증권주식회사,C21,파생상품계약_장외파생상품_이자율관련거래,154713850580000,국내증권사,B,SF205,각주항목(09.06월 이후)
3847,202203,0010106,KB증권주식회사,C22,파생상품계약_장외파생상품_통화관련거래,14827620740102,국내증권사,B,SF205,각주항목(09.06월 이후)
3848,202203,0010106,KB증권주식회사,C23,파생상품계약_장외파생상품_주식관련거래,9447555770484,국내증권사,B,SF205,각주항목(09.06월 이후)
3849,202203,0010106,KB증권주식회사,C24,파생상품계약_장외파생상품_신용관련거래,2600127839992,국내증권사,B,SF205,각주항목(09.06월 이후)
3850,202203,0010106,KB증권주식회사,C25,파생상품계약_장외파생상품_기타,1600723277410,국내증권사,B,SF205,각주항목(09.06월 이후)
3851,202203,0010106,KB증권주식회사,D,대차 및 대주거래,9381856893226,국내증권사,B,SF205,각주항목(09.06월 이후)
3852,202203,0010106,KB증권주식회사,D1,대차 및 대주거래_대여증권,1593241353780,국내증권사,B,SF205,각주항목(09.06월 이후)
3853,202203,0010106,KB증권주식회사,D2,대차 및 대주거래_차입증권,7788615539446,국내증권사,B,SF205,각주항목(09.06월 이후)
3854,202203,0010106,KB증권주식회사,D3,대차 및 대주거래_신용거래대주, ,국내증권사,B,SF205,각주항목(09.06월 이후)
3855,202203,0010106,KB증권주식회사,E,대손상각채권,104964912646,국내증권사,B,SF205,각주항목(09.06월 이후)
3856,202203,0010106,KB증권주식회사,F,환전업무 예치금,0,국내증권사,B,SF205,각주항목(09.06월 이후)
3857,202203,0010106,KB증권주식회사,G,미배당별도예치금,576804633,국내증권사,B,SF205,각주항목(09.06월 이후)
3858,202203,0010106,KB증권주식회사,H,배서어음매출(종금계정),0,국내증권사,B,SF205,각주항목(09.06월 이후)
3859,202203,0010106,KB증권주식회사,H1,대출채권매매이익_담보부, ,국내증권사,B,SF205,각주항목(09.06월 이후)
3860,202203,0010106,KB증권주식회사,H2,대출채권매매이익_무담보부, ,국내증권사,B,SF205,각주항목(09.06월 이후)
3861,202206,0010106,KB증권주식회사,A,채무보증,5133683067806,국내증권사,B,SF205,각주항목(09.06월 이후)
3862,202206,0010106,KB증권주식회사,A1,채무보증_지급보증,168077000000,국내증권사,B,SF205,각주항목(09.06월 이후)
3863,202206,0010106,KB증권주식회사,A2,채무보증_매입보장약정,494400000000,국내증권사,B,SF205,각주항목(09.06월 이후)
3864,202206,0010106,KB증권주식회사,A3,채무보증_채무인수약정, ,국내증권사,B,SF205,각주항목(09.06월 이후)
3865,202206,0010106,KB증권주식회사,A5,채무보증_매입확약,4043157810466,국내증권사,B,SF205,각주항목(09.06월 이후)
3866,202206,0010106,KB증권주식회사,A6,채무보증_기타,428048257340,국내증권사,B,SF205,각주항목(09.06월 이후)
3867,202206,0010106,KB증권주식회사,B,투자자의 예수증권 등,238139597123899,국내증권사,B,SF205,각주항목(09.06월 이후)
3868,202206,0010106,KB증권주식회사,B1,투자자의 예수증권 등_예수 증권,238139597123899,국내증권사,B,SF205,각주항목(09.06월 이후)
3869,202206,0010106,KB증권주식회사,B2,투자자의 예수증권 등_예수양도성예금증서, ,국내증권사,B,SF205,각주항목(09.06월 이후)
3870,202206,0010106,KB증권주식회사,B3,투자자의 예수증권 등_기타, ,국내증권사,B,SF205,각주항목(09.06월 이후)
3871,202206,0010106,KB증권주식회사,C,파생상품계약,211228170232160,국내증권사,B,SF205,각주항목(09.06월 이후)
3872,202206,0010106,KB증권주식회사,C1,파생상품계약_장내파생상품,7296434478747,국내증권사,B,SF205,각주항목(09.06월 이후)
3873,202206,0010106,KB증권주식회사,C11,파생상품계약_장내파생상품_이자율관련거래,2552291558382,국내증권사,B,SF205,각주항목(09.06월 이후)
3874,202206,0010106,KB증권주식회사,C12,파생상품계약_장내파생상품_통화관련거래,224725280511,국내증권사,B,SF205,각주항목(09.06월 이후)
3875,202206,0010106,KB증권주식회사,C13,파생상품계약_장내파생상품_주식관련거래,4502760070530,국내증권사,B,SF205,각주항목(09.06월 이후)
3876,202206,0010106,KB증권주식회사,C14,파생상품계약_장내파생상품_일반상품관련거래,16657569324,국내증권사,B,SF205,각주항목(09.06월 이후)
3877,202206,0010106,KB증권주식회사,C15,파생상품계약_장내파생상품_기타,0,국내증권사,B,SF205,각주항목(09.06월 이후)
3878,202206,0010106,KB증권주식회사,C2,파생상품계약_장외파생상품,203931735753413,국내증권사,B,SF205,각주항목(09.06월 이후)
3879,202206,0010106,KB증권주식회사,C21,파생상품계약_장외파생상품_이자율관련거래,175558116315000,국내증권사,B,SF205,각주항목(09.06월 이후)
3880,202206,0010106,KB증권주식회사,C22,파생상품계약_장외파생상품_통화관련거래,14536388020766,국내증권사,B,SF205,각주항목(09.06월 이후)
3881,202206,0010106,KB증권주식회사,C23,파생상품계약_장외파생상품_주식관련거래,10036335299247,국내증권사,B,SF205,각주항목(09.06월 이후)
3882,202206,0010106,KB증권주식회사,C24,파생상품계약_장외파생상품_신용관련거래,2623813853325,국내증권사,B,SF205,각주항목(09.06월 이후)
3883,202206,0010106,KB증권주식회사,C25,파생상품계약_장외파생상품_기타,1177082265075,국내증권사,B,SF205,각주항목(09.06월 이후)
3884,202206,0010106,KB증권주식회사,D,대차 및 대주거래,9497601718382,국내증권사,B,SF205,각주항목(09.06월 이후)
3885,202206,0010106,KB증권주식회사,D1,대차 및 대주거래_대여증권,1350743348354,국내증권사,B,SF205,각주항목(09.06월 이후)
3886,202206,0010106,KB증권주식회사,D2,대차 및 대주거래_차입증권,8146858370028,국내증권사,B,SF205,각주항목(09.06월 이후)
3887,202206,0010106,KB증권주식회사,D3,대차 및 대주거래_신용거래대주, ,국내증권사,B,SF205,각주항목(09.06월 이후)
3888,202206,0010106,KB증권주식회사,E,대손상각채권,104964912646,국내증권사,B,SF205,각주항목(09.06월 이후)
3889,202206,0010106,KB증권주식회사,F,환전업무 예치금,0,국내증권사,B,SF205,각주항목(09.06월 이후)
3890,202206,0010106,KB증권주식회사,G,미배당별도예치금,542358926,국내증권사,B,SF205,각주항목(09.06월 이후)
3891,202206,0010106,KB증권주식회사,H,배서어음매출(종금계정),0,국내증권사,B,SF205,각주항목(09.06월 이후)
3892,202206,0010106,KB증권주식회사,H1,대출채권매매이익_담보부, ,국내증권사,B,SF205,각주항목(09.06월 이후)
3893,202206,0010106,KB증권주식회사,H2,대출채권매매이익_무담보부, ,국내증권사,B,SF205,각주항목(09.06월 이후)
3894,202209,0010106,KB증권주식회사,A,채무보증,4830320240560,국내증권사,B,SF205,각주항목(09.06월 이후)
3895,202209,0010106,KB증권주식회사,A1,채무보증_지급보증,262568400000,국내증권사,B,SF205,각주항목(09.06월 이후)
3896,202209,0010106,KB증권주식회사,A2,채무보증_매입보장약정,725200000000,국내증권사,B,SF205,각주항목(09.06월 이후)
3897,202209,0010106,KB증권주식회사,A3,채무보증_채무인수약정, ,국내증권사,B,SF205,각주항목(09.06월 이후)
3898,202209,0010106,KB증권주식회사,A5,채무보증_매입확약,3342072241239,국내증권사,B,SF205,각주항목(09.06월 이후)
3899,202209,0010106,KB증권주식회사,A6,채무보증_기타,500479599321,국내증권사,B,SF205,각주항목(09.06월 이후)
3900,202209,0010106,KB증권주식회사,B,투자자의 예수증권 등,237956597640874,국내증권사,B,SF205,각주항목(09.06월 이후)
3901,202209,0010106,KB증권주식회사,B1,투자자의 예수증권 등_예수 증권,237956597640874,국내증권사,B,SF205,각주항목(09.06월 이후)
3902,202209,0010106,KB증권주식회사,B2,투자자의 예수증권 등_예수양도성예금증서, ,국내증권사,B,SF205,각주항목(09.06월 이후)
3903,202209,0010106,KB증권주식회사,B3,투자자의 예수증권 등_기타, ,국내증권사,B,SF205,각주항목(09.06월 이후)
3904,202209,0010106,KB증권주식회사,C,파생상품계약,226238381241929,국내증권사,B,SF205,각주항목(09.06월 이후)
3905,202209,0010106,KB증권주식회사,C1,파생상품계약_장내파생상품,7840472587077,국내증권사,B,SF205,각주항목(09.06월 이후)
3906,202209,0010106,KB증권주식회사,C11,파생상품계약_장내파생상품_이자율관련거래,2707476841999,국내증권사,B,SF205,각주항목(09.06월 이후)
3907,202209,0010106,KB증권주식회사,C12,파생상품계약_장내파생상품_통화관련거래,260624906078,국내증권사,B,SF205,각주항목(09.06월 이후)
3908,202209,0010106,KB증권주식회사,C13,파생상품계약_장내파생상품_주식관련거래,4852196844361,국내증권사,B,SF205,각주항목(09.06월 이후)
3909,202209,0010106,KB증권주식회사,C14,파생상품계약_장내파생상품_일반상품관련거래,20173994639,국내증권사,B,SF205,각주항목(09.06월 이후)
3910,202209,0010106,KB증권주식회사,C15,파생상품계약_장내파생상품_기타,0,국내증권사,B,SF205,각주항목(09.06월 이후)
3911,202209,0010106,KB증권주식회사,C2,파생상품계약_장외파생상품,218397908654852,국내증권사,B,SF205,각주항목(09.06월 이후)
3912,202209,0010106,KB증권주식회사,C21,파생상품계약_장외파생상품_이자율관련거래,191066460580000,국내증권사,B,SF205,각주항목(09.06월 이후)
3913,202209,0010106,KB증권주식회사,C22,파생상품계약_장외파생상품_통화관련거래,12423136354643,국내증권사,B,SF205,각주항목(09.06월 이후)
3914,202209,0010106,KB증권주식회사,C23,파생상품계약_장외파생상품_주식관련거래,10567659334638,국내증권사,B,SF205,각주항목(09.06월 이후)
3915,202209,0010106,KB증권주식회사,C24,파생상품계약_장외파생상품_신용관련거래,3144379573324,국내증권사,B,SF205,각주항목(09.06월 이후)
3916,202209,0010106,KB증권주식회사,C25,파생상품계약_장외파생상품_기타,1196272812247,국내증권사,B,SF205,각주항목(09.06월 이후)
3917,202209,0010106,KB증권주식회사,D,대차 및 대주거래,10091064325316,국내증권사,B,SF205,각주항목(09.06월 이후)
3918,202209,0010106,KB증권주식회사,D1,대차 및 대주거래_대여증권,1502320578322,국내증권사,B,SF205,각주항목(09.06월 이후)
3919,202209,0010106,KB증권주식회사,D2,대차 및 대주거래_차입증권,8588743746994,국내증권사,B,SF205,각주항목(09.06월 이후)
3920,202209,0010106,KB증권주식회사,D3,대차 및 대주거래_신용거래대주, ,국내증권사,B,SF205,각주항목(09.06월 이후)
3921,202209,0010106,KB증권주식회사,E,대손상각채권,104964912646,국내증권사,B,SF205,각주항목(09.06월 이후)
3922,202209,0010106,KB증권주식회사,F,환전업무 예치금,0,국내증권사,B,SF205,각주항목(09.06월 이후)
3923,202209,0010106,KB증권주식회사,G,미배당별도예치금,0,국내증권사,B,SF205,각주항목(09.06월 이후)
3924,202209,0010106,KB증권주식회사,H,배서어음매출(종금계정),0,국내증권사,B,SF205,각주항목(09.06월 이후)
3925,202209,0010106,KB증권주식회사,H1,대출채권매매이익_담보부, ,국내증권사,B,SF205,각주항목(09.06월 이후)
3926,202209,0010106,KB증권주식회사,H2,대출채권매매이익_무담보부, ,국내증권사,B,SF205,각주항목(09.06월 이후)
3927,202212,0010106,KB증권주식회사,A,채무보증,4190717005262,국내증권사,B,SF205,각주항목(09.06월 이후)
3928,202212,0010106,KB증권주식회사,A1,채무보증_지급보증,231915900000,국내증권사,B,SF205,각주항목(09.06월 이후)
3929,202212,0010106,KB증권주식회사,A2,채무보증_매입보장약정,337800000000,국내증권사,B,SF205,각주항목(09.06월 이후)
3930,202212,0010106,KB증권주식회사,A3,채무보증_채무인수약정, ,국내증권사,B,SF205,각주항목(09.06월 이후)
3931,202212,0010106,KB증권주식회사,A5,채무보증_매입확약,3139621709914,국내증권사,B,SF205,각주항목(09.06월 이후)
3932,202212,0010106,KB증권주식회사,A6,채무보증_기타,481379395348,국내증권사,B,SF205,각주항목(09.06월 이후)
3933,202212,0010106,KB증권주식회사,B,투자자의 예수증권 등,236130076136637,국내증권사,B,SF205,각주항목(09.06월 이후)
3934,202212,0010106,KB증권주식회사,B1,투자자의 예수증권 등_예수 증권,236130076136637,국내증권사,B,SF205,각주항목(09.06월 이후)
3935,202212,0010106,KB증권주식회사,B2,투자자의 예수증권 등_예수양도성예금증서, ,국내증권사,B,SF205,각주항목(09.06월 이후)
3936,202212,0010106,KB증권주식회사,B3,투자자의 예수증권 등_기타, ,국내증권사,B,SF205,각주항목(09.06월 이후)
3937,202212,0010106,KB증권주식회사,C,파생상품계약,182029037854335,국내증권사,B,SF205,각주항목(09.06월 이후)
3938,202212,0010106,KB증권주식회사,C1,파생상품계약_장내파생상품,8468248040489,국내증권사,B,SF205,각주항목(09.06월 이후)
3939,202212,0010106,KB증권주식회사,C11,파생상품계약_장내파생상품_이자율관련거래,2310773336564,국내증권사,B,SF205,각주항목(09.06월 이후)
3940,202212,0010106,KB증권주식회사,C12,파생상품계약_장내파생상품_통화관련거래,272274527081,국내증권사,B,SF205,각주항목(09.06월 이후)
3941,202212,0010106,KB증권주식회사,C13,파생상품계약_장내파생상품_주식관련거래,5856623363415,국내증권사,B,SF205,각주항목(09.06월 이후)
3942,202212,0010106,KB증권주식회사,C14,파생상품계약_장내파생상품_일반상품관련거래,28576813429,국내증권사,B,SF205,각주항목(09.06월 이후)
3943,202212,0010106,KB증권주식회사,C15,파생상품계약_장내파생상품_기타,0,국내증권사,B,SF205,각주항목(09.06월 이후)
3944,202212,0010106,KB증권주식회사,C2,파생상품계약_장외파생상품,173560789813846,국내증권사,B,SF205,각주항목(09.06월 이후)
3945,202212,0010106,KB증권주식회사,C21,파생상품계약_장외파생상품_이자율관련거래,149484656723823,국내증권사,B,SF205,각주항목(09.06월 이후)
3946,202212,0010106,KB증권주식회사,C22,파생상품계약_장외파생상품_통화관련거래,10244014957858,국내증권사,B,SF205,각주항목(09.06월 이후)
3947,202212,0010106,KB증권주식회사,C23,파생상품계약_장외파생상품_주식관련거래,9785502897116,국내증권사,B,SF205,각주항목(09.06월 이후)
3948,202212,0010106,KB증권주식회사,C24,파생상품계약_장외파생상품_신용관련거래,3006113906658,국내증권사,B,SF205,각주항목(09.06월 이후)
3949,202212,0010106,KB증권주식회사,C25,파생상품계약_장외파생상품_기타,1040501328391,국내증권사,B,SF205,각주항목(09.06월 이후)
3950,202212,0010106,KB증권주식회사,D,대차 및 대주거래,7930359031243,국내증권사,B,SF205,각주항목(09.06월 이후)
3951,202212,0010106,KB증권주식회사,D1,대차 및 대주거래_대여증권,1244829954797,국내증권사,B,SF205,각주항목(09.06월 이후)
3952,202212,0010106,KB증권주식회사,D2,대차 및 대주거래_차입증권,6685529076446,국내증권사,B,SF205,각주항목(09.06월 이후)
3953,202212,0010106,KB증권주식회사,D3,대차 및 대주거래_신용거래대주, ,국내증권사,B,SF205,각주항목(09.06월 이후)
3954,202212,0010106,KB증권주식회사,E,대손상각채권,9218967673,국내증권사,B,SF205,각주항목(09.06월 이후)
3955,202212,0010106,KB증권주식회사,F,환전업무 예치금,0,국내증권사,B,SF205,각주항목(09.06월 이후)
3956,202212,0010106,KB증권주식회사,G,미배당별도예치금,93100389,국내증권사,B,SF205,각주항목(09.06월 이후)
3957,202212,0010106,KB증권주식회사,H,배서어음매출(종금계정),0,국내증권사,B,SF205,각주항목(09.06월 이후)
3958,202212,0010106,KB증권주식회사,H1,대출채권매매이익_담보부, ,국내증권사,B,SF205,각주항목(09.06월 이후)
3959,202212,0010106,KB증권주식회사,H2,대출채권매매이익_무담보부, ,국내증권사,B,SF205,각주항목(09.06월 이후)
3960,202303,0010106,KB증권주식회사,A,채무보증,6546085121925,국내증권사,B,SF205,각주항목(09.06월 이후)
3961,202303,0010106,KB증권주식회사,A1,채무보증_지급보증,212519400000,국내증권사,B,SF205,각주항목(09.06월 이후)
3962,202303,0010106,KB증권주식회사,A2,채무보증_매입보장약정,439600000000,국내증권사,B,SF205,각주항목(09.06월 이후)
3963,202303,0010106,KB증권주식회사,A3,채무보증_채무인수약정, ,국내증권사,B,SF205,각주항목(09.06월 이후)
3964,202303,0010106,KB증권주식회사,A5,채무보증_매입확약,3091314046167,국내증권사,B,SF205,각주항목(09.06월 이후)
3965,202303,0010106,KB증권주식회사,A6,채무보증_기타,2802651675758,국내증권사,B,SF205,각주항목(09.06월 이후)
3966,202303,0010106,KB증권주식회사,B,투자자의 예수증권 등,309933245446862,국내증권사,B,SF205,각주항목(09.06월 이후)
3967,202303,0010106,KB증권주식회사,B1,투자자의 예수증권 등_예수 증권,309933245446862,국내증권사,B,SF205,각주항목(09.06월 이후)
3968,202303,0010106,KB증권주식회사,B2,투자자의 예수증권 등_예수양도성예금증서, ,국내증권사,B,SF205,각주항목(09.06월 이후)
3969,202303,0010106,KB증권주식회사,B3,투자자의 예수증권 등_기타, ,국내증권사,B,SF205,각주항목(09.06월 이후)
3970,202303,0010106,KB증권주식회사,C,파생상품계약,217802074170252,국내증권사,B,SF205,각주항목(09.06월 이후)
3971,202303,0010106,KB증권주식회사,C1,파생상품계약_장내파생상품,10883083740279,국내증권사,B,SF205,각주항목(09.06월 이후)
3972,202303,0010106,KB증권주식회사,C11,파생상품계약_장내파생상품_이자율관련거래,4228330077593,국내증권사,B,SF205,각주항목(09.06월 이후)
3973,202303,0010106,KB증권주식회사,C12,파생상품계약_장내파생상품_통화관련거래,342603868476,국내증권사,B,SF205,각주항목(09.06월 이후)
3974,202303,0010106,KB증권주식회사,C13,파생상품계약_장내파생상품_주식관련거래,6259429138583,국내증권사,B,SF205,각주항목(09.06월 이후)
3975,202303,0010106,KB증권주식회사,C14,파생상품계약_장내파생상품_일반상품관련거래,52720655627,국내증권사,B,SF205,각주항목(09.06월 이후)
3976,202303,0010106,KB증권주식회사,C15,파생상품계약_장내파생상품_기타,0,국내증권사,B,SF205,각주항목(09.06월 이후)
3977,202303,0010106,KB증권주식회사,C2,파생상품계약_장외파생상품,206918990429973,국내증권사,B,SF205,각주항목(09.06월 이후)
3978,202303,0010106,KB증권주식회사,C21,파생상품계약_장외파생상품_이자율관련거래,184757902598823,국내증권사,B,SF205,각주항목(09.06월 이후)
3979,202303,0010106,KB증권주식회사,C22,파생상품계약_장외파생상품_통화관련거래,8601725747865,국내증권사,B,SF205,각주항목(09.06월 이후)
3980,202303,0010106,KB증권주식회사,C23,파생상품계약_장외파생상품_주식관련거래,9405438435888,국내증권사,B,SF205,각주항목(09.06월 이후)
3981,202303,0010106,KB증권주식회사,C24,파생상품계약_장외파생상품_신용관련거래,3036243439991,국내증권사,B,SF205,각주항목(09.06월 이후)
3982,202303,0010106,KB증권주식회사,C25,파생상품계약_장외파생상품_기타,1117680207406,국내증권사,B,SF205,각주항목(09.06월 이후)
3983,202303,0010106,KB증권주식회사,D,대차 및 대주거래,9394888061103,국내증권사,B,SF205,각주항목(09.06월 이후)
3984,202303,0010106,KB증권주식회사,D1,대차 및 대주거래_대여증권,1695750319769,국내증권사,B,SF205,각주항목(09.06월 이후)
3985,202303,0010106,KB증권주식회사,D2,대차 및 대주거래_차입증권,7699137741334,국내증권사,B,SF205,각주항목(09.06월 이후)
3986,202303,0010106,KB증권주식회사,D3,대차 및 대주거래_신용거래대주, ,국내증권사,B,SF205,각주항목(09.06월 이후)
3987,202303,0010106,KB증권주식회사,E,대손상각채권,9218967673,국내증권사,B,SF205,각주항목(09.06월 이후)
3988,202303,0010106,KB증권주식회사,F,환전업무 예치금,0,국내증권사,B,SF205,각주항목(09.06월 이후)
3989,202303,0010106,KB증권주식회사,G,미배당별도예치금,26565479,국내증권사,B,SF205,각주항목(09.06월 이후)
3990,202303,0010106,KB증권주식회사,H,배서어음매출(종금계정),0,국내증권사,B,SF205,각주항목(09.06월 이후)
3991,202303,0010106,KB증권주식회사,H1,대출채권매매이익_담보부,0,국내증권사,B,SF205,각주항목(09.06월 이후)
3992,202303,0010106,KB증권주식회사,H2,대출채권매매이익_무담보부,0,국내증권사,B,SF205,각주항목(09.06월 이후)
3993,202306,0010106,KB증권주식회사,A,채무보증,4879569569114,국내증권사,B,SF205,각주항목(09.06월 이후)
3994,202306,0010106,KB증권주식회사,A1,채무보증_지급보증,213986400000,국내증권사,B,SF205,각주항목(09.06월 이후)
3995,202306,0010106,KB증권주식회사,A2,채무보증_매입보장약정,657500000000,국내증권사,B,SF205,각주항목(09.06월 이후)
3996,202306,0010106,KB증권주식회사,A3,채무보증_채무인수약정, ,국내증권사,B,SF205,각주항목(09.06월 이후)
3997,202306,0010106,KB증권주식회사,A5,채무보증_매입확약,3526315715129,국내증권사,B,SF205,각주항목(09.06월 이후)
3998,202306,0010106,KB증권주식회사,A6,채무보증_기타,481767453985,국내증권사,B,SF205,각주항목(09.06월 이후)
3999,202306,0010106,KB증권주식회사,B,투자자의 예수증권 등,311785681193438,국내증권사,B,SF205,각주항목(09.06월 이후)
4000,202306,0010106,KB증권주식회사,B1,투자자의 예수증권 등_예수 증권,311785681193438,국내증권사,B,SF205,각주항목(09.06월 이후)
4001,202306,0010106,KB증권주식회사,B2,투자자의 예수증권 등_예수양도성예금증서, ,국내증권사,B,SF205,각주항목(09.06월 이후)
4002,202306,0010106,KB증권주식회사,B3,투자자의 예수증권 등_기타, ,국내증권사,B,SF205,각주항목(09.06월 이후)
4003,202306,0010106,KB증권주식회사,C,파생상품계약,252575308208756,국내증권사,B,SF205,각주항목(09.06월 이후)
4004,202306,0010106,KB증권주식회사,C1,파생상품계약_장내파생상품,9686124037824,국내증권사,B,SF205,각주항목(09.06월 이후)
4005,202306,0010106,KB증권주식회사,C11,파생상품계약_장내파생상품_이자율관련거래,4728411978947,국내증권사,B,SF205,각주항목(09.06월 이후)
4006,202306,0010106,KB증권주식회사,C12,파생상품계약_장내파생상품_통화관련거래,301396701138,국내증권사,B,SF205,각주항목(09.06월 이후)
4007,202306,0010106,KB증권주식회사,C13,파생상품계약_장내파생상품_주식관련거래,4634155677733,국내증권사,B,SF205,각주항목(09.06월 이후)
4008,202306,0010106,KB증권주식회사,C14,파생상품계약_장내파생상품_일반상품관련거래,22159680006,국내증권사,B,SF205,각주항목(09.06월 이후)
4009,202306,0010106,KB증권주식회사,C15,파생상품계약_장내파생상품_기타,0,국내증권사,B,SF205,각주항목(09.06월 이후)
4010,202306,0010106,KB증권주식회사,C2,파생상품계약_장외파생상품,242889184170932,국내증권사,B,SF205,각주항목(09.06월 이후)
4011,202306,0010106,KB증권주식회사,C21,파생상품계약_장외파생상품_이자율관련거래,220836615460759,국내증권사,B,SF205,각주항목(09.06월 이후)
4012,202306,0010106,KB증권주식회사,C22,파생상품계약_장외파생상품_통화관련거래,8531333474031,국내증권사,B,SF205,각주항목(09.06월 이후)
4013,202306,0010106,KB증권주식회사,C23,파생상품계약_장외파생상품_주식관련거래,9459069358151,국내증권사,B,SF205,각주항목(09.06월 이후)
4014,202306,0010106,KB증권주식회사,C24,파생상품계약_장외파생상품_신용관련거래,2783672639991,국내증권사,B,SF205,각주항목(09.06월 이후)
4015,202306,0010106,KB증권주식회사,C25,파생상품계약_장외파생상품_기타,1278493238000,국내증권사,B,SF205,각주항목(09.06월 이후)
4016,202306,0010106,KB증권주식회사,D,대차 및 대주거래,10748449218919,국내증권사,B,SF205,각주항목(09.06월 이후)
4017,202306,0010106,KB증권주식회사,D1,대차 및 대주거래_대여증권,1942052742944,국내증권사,B,SF205,각주항목(09.06월 이후)
4018,202306,0010106,KB증권주식회사,D2,대차 및 대주거래_차입증권,8806396475975,국내증권사,B,SF205,각주항목(09.06월 이후)
4019,202306,0010106,KB증권주식회사,D3,대차 및 대주거래_신용거래대주, ,국내증권사,B,SF205,각주항목(09.06월 이후)
4020,202306,0010106,KB증권주식회사,E,대손상각채권,9218967673,국내증권사,B,SF205,각주항목(09.06월 이후)
4021,202306,0010106,KB증권주식회사,F,환전업무 예치금,0,국내증권사,B,SF205,각주항목(09.06월 이후)
4022,202306,0010106,KB증권주식회사,G,미배당별도예치금,1419233214,국내증권사,B,SF205,각주항목(09.06월 이후)
4023,202306,0010106,KB증권주식회사,H,배서어음매출(종금계정),0,국내증권사,B,SF205,각주항목(09.06월 이후)
4024,202306,0010106,KB증권주식회사,H1,대출채권매매이익_담보부,0,국내증권사,B,SF205,각주항목(09.06월 이후)
4025,202306,0010106,KB증권주식회사,H2,대출채권매매이익_무담보부,0,국내증권사,B,SF205,각주항목(09.06월 이후)
4026,202309,0010106,KB증권주식회사,A,채무보증,4991580113024,국내증권사,B,SF205,각주항목(09.06월 이후)
4027,202309,0010106,KB증권주식회사,A1,채무보증_지급보증,185582400000,국내증권사,B,SF205,각주항목(09.06월 이후)
4028,202309,0010106,KB증권주식회사,A2,채무보증_매입보장약정,885320000000,국내증권사,B,SF205,각주항목(09.06월 이후)
4029,202309,0010106,KB증권주식회사,A3,채무보증_채무인수약정, ,국내증권사,B,SF205,각주항목(09.06월 이후)
4030,202309,0010106,KB증권주식회사,A5,채무보증_매입확약,2955103953500,국내증권사,B,SF205,각주항목(09.06월 이후)
4031,202309,0010106,KB증권주식회사,A6,채무보증_기타,965573759524,국내증권사,B,SF205,각주항목(09.06월 이후)
4032,202309,0010106,KB증권주식회사,B,투자자의 예수증권 등,294747132566484,국내증권사,B,SF205,각주항목(09.06월 이후)
4033,202309,0010106,KB증권주식회사,B1,투자자의 예수증권 등_예수 증권,294747132566484,국내증권사,B,SF205,각주항목(09.06월 이후)
4034,202309,0010106,KB증권주식회사,B2,투자자의 예수증권 등_예수양도성예금증서, ,국내증권사,B,SF205,각주항목(09.06월 이후)
4035,202309,0010106,KB증권주식회사,B3,투자자의 예수증권 등_기타, ,국내증권사,B,SF205,각주항목(09.06월 이후)
4036,202309,0010106,KB증권주식회사,C,파생상품계약,261900859271127,국내증권사,B,SF205,각주항목(09.06월 이후)
4037,202309,0010106,KB증권주식회사,C1,파생상품계약_장내파생상품,7135508941729,국내증권사,B,SF205,각주항목(09.06월 이후)
4038,202309,0010106,KB증권주식회사,C11,파생상품계약_장내파생상품_이자율관련거래,2796339539427,국내증권사,B,SF205,각주항목(09.06월 이후)
4039,202309,0010106,KB증권주식회사,C12,파생상품계약_장내파생상품_통화관련거래,272156153774,국내증권사,B,SF205,각주항목(09.06월 이후)
4040,202309,0010106,KB증권주식회사,C13,파생상품계약_장내파생상품_주식관련거래,4031396180184,국내증권사,B,SF205,각주항목(09.06월 이후)
4041,202309,0010106,KB증권주식회사,C14,파생상품계약_장내파생상품_일반상품관련거래,35617068344,국내증권사,B,SF205,각주항목(09.06월 이후)
4042,202309,0010106,KB증권주식회사,C15,파생상품계약_장내파생상품_기타,0,국내증권사,B,SF205,각주항목(09.06월 이후)
4043,202309,0010106,KB증권주식회사,C2,파생상품계약_장외파생상품,254765350329398,국내증권사,B,SF205,각주항목(09.06월 이후)
4044,202309,0010106,KB증권주식회사,C21,파생상품계약_장외파생상품_이자율관련거래,230195937308006,국내증권사,B,SF205,각주항목(09.06월 이후)
4045,202309,0010106,KB증권주식회사,C22,파생상품계약_장외파생상품_통화관련거래,10836984739923,국내증권사,B,SF205,각주항목(09.06월 이후)
4046,202309,0010106,KB증권주식회사,C23,파생상품계약_장외파생상품_주식관련거래,9772050130956,국내증권사,B,SF205,각주항목(09.06월 이후)
4047,202309,0010106,KB증권주식회사,C24,파생상품계약_장외파생상품_신용관련거래,2810087573324,국내증권사,B,SF205,각주항목(09.06월 이후)
4048,202309,0010106,KB증권주식회사,C25,파생상품계약_장외파생상품_기타,1150290577189,국내증권사,B,SF205,각주항목(09.06월 이후)
4049,202309,0010106,KB증권주식회사,D,대차 및 대주거래,9676978202260,국내증권사,B,SF205,각주항목(09.06월 이후)
4050,202309,0010106,KB증권주식회사,D1,대차 및 대주거래_대여증권,1786144322731,국내증권사,B,SF205,각주항목(09.06월 이후)
4051,202309,0010106,KB증권주식회사,D2,대차 및 대주거래_차입증권,7890833879529,국내증권사,B,SF205,각주항목(09.06월 이후)
4052,202309,0010106,KB증권주식회사,D3,대차 및 대주거래_신용거래대주, ,국내증권사,B,SF205,각주항목(09.06월 이후)
4053,202309,0010106,KB증권주식회사,E,대손상각채권,9218967673,국내증권사,B,SF205,각주항목(09.06월 이후)
4054,202309,0010106,KB증권주식회사,F,환전업무 예치금,0,국내증권사,B,SF205,각주항목(09.06월 이후)
4055,202309,0010106,KB증권주식회사,G,미배당별도예치금,4084739456,국내증권사,B,SF205,각주항목(09.06월 이후)
4056,202309,0010106,KB증권주식회사,H,배서어음매출(종금계정),0,국내증권사,B,SF205,각주항목(09.06월 이후)
4057,202309,0010106,KB증권주식회사,H1,대출채권매매이익_담보부,0,국내증권사,B,SF205,각주항목(09.06월 이후)
4058,202309,0010106,KB증권주식회사,H2,대출채권매매이익_무담보부,0,국내증권사,B,SF205,각주항목(09.06월 이후)
4059,202312,0010106,KB증권주식회사,A,채무보증,4891932736395,국내증권사,B,SF205,각주항목(09.06월 이후)
4060,202312,0010106,KB증권주식회사,A1,채무보증_지급보증,246275400000,국내증권사,B,SF205,각주항목(09.06월 이후)
4061,202312,0010106,KB증권주식회사,A2,채무보증_매입보장약정,1287400000000,국내증권사,B,SF205,각주항목(09.06월 이후)
4062,202312,0010106,KB증권주식회사,A3,채무보증_채무인수약정, ,국내증권사,B,SF205,각주항목(09.06월 이후)
4063,202312,0010106,KB증권주식회사,A5,채무보증_매입확약,2764132073047,국내증권사,B,SF205,각주항목(09.06월 이후)
4064,202312,0010106,KB증권주식회사,A6,채무보증_기타,594125263348,국내증권사,B,SF205,각주항목(09.06월 이후)
4065,202312,0010106,KB증권주식회사,B,투자자의 예수증권 등,294671887752841,국내증권사,B,SF205,각주항목(09.06월 이후)
4066,202312,0010106,KB증권주식회사,B1,투자자의 예수증권 등_예수 증권,294671887752841,국내증권사,B,SF205,각주항목(09.06월 이후)
4067,202312,0010106,KB증권주식회사,B2,투자자의 예수증권 등_예수양도성예금증서, ,국내증권사,B,SF205,각주항목(09.06월 이후)
4068,202312,0010106,KB증권주식회사,B3,투자자의 예수증권 등_기타, ,국내증권사,B,SF205,각주항목(09.06월 이후)
4069,202312,0010106,KB증권주식회사,C,파생상품계약,236628902654785,국내증권사,B,SF205,각주항목(09.06월 이후)
4070,202312,0010106,KB증권주식회사,C1,파생상품계약_장내파생상품,6720098165663,국내증권사,B,SF205,각주항목(09.06월 이후)
4071,202312,0010106,KB증권주식회사,C11,파생상품계약_장내파생상품_이자율관련거래,4042993055278,국내증권사,B,SF205,각주항목(09.06월 이후)
4072,202312,0010106,KB증권주식회사,C12,파생상품계약_장내파생상품_통화관련거래,193521882134,국내증권사,B,SF205,각주항목(09.06월 이후)
4073,202312,0010106,KB증권주식회사,C13,파생상품계약_장내파생상품_주식관련거래,2457546216100,국내증권사,B,SF205,각주항목(09.06월 이후)
4074,202312,0010106,KB증권주식회사,C14,파생상품계약_장내파생상품_일반상품관련거래,26037012151,국내증권사,B,SF205,각주항목(09.06월 이후)
4075,202312,0010106,KB증권주식회사,C15,파생상품계약_장내파생상품_기타,0,국내증권사,B,SF205,각주항목(09.06월 이후)
4076,202312,0010106,KB증권주식회사,C2,파생상품계약_장외파생상품,229908804489122,국내증권사,B,SF205,각주항목(09.06월 이후)
4077,202312,0010106,KB증권주식회사,C21,파생상품계약_장외파생상품_이자율관련거래,210374109288140,국내증권사,B,SF205,각주항목(09.06월 이후)
4078,202312,0010106,KB증권주식회사,C22,파생상품계약_장외파생상품_통화관련거래,7009714871461,국내증권사,B,SF205,각주항목(09.06월 이후)
4079,202312,0010106,KB증권주식회사,C23,파생상품계약_장외파생상품_주식관련거래,8833962782460,국내증권사,B,SF205,각주항목(09.06월 이후)
4080,202312,0010106,KB증권주식회사,C24,파생상품계약_장외파생상품_신용관련거래,2864356719991,국내증권사,B,SF205,각주항목(09.06월 이후)
4081,202312,0010106,KB증권주식회사,C25,파생상품계약_장외파생상품_기타,826660827070,국내증권사,B,SF205,각주항목(09.06월 이후)
4082,202312,0010106,KB증권주식회사,D,대차 및 대주거래,8613711631568,국내증권사,B,SF205,각주항목(09.06월 이후)
4083,202312,0010106,KB증권주식회사,D1,대차 및 대주거래_대여증권,1066999258326,국내증권사,B,SF205,각주항목(09.06월 이후)
4084,202312,0010106,KB증권주식회사,D2,대차 및 대주거래_차입증권,7546712373242,국내증권사,B,SF205,각주항목(09.06월 이후)
4085,202312,0010106,KB증권주식회사,D3,대차 및 대주거래_신용거래대주, ,국내증권사,B,SF205,각주항목(09.06월 이후)
4086,202312,0010106,KB증권주식회사,E,대손상각채권,21186736654,국내증권사,B,SF205,각주항목(09.06월 이후)
4087,202312,0010106,KB증권주식회사,F,환전업무 예치금,0,국내증권사,B,SF205,각주항목(09.06월 이후)
4088,202312,0010106,KB증권주식회사,G,미배당별도예치금,7447352604,국내증권사,B,SF205,각주항목(09.06월 이후)
4089,202312,0010106,KB증권주식회사,H,배서어음매출(종금계정),0,국내증권사,B,SF205,각주항목(09.06월 이후)
4090,202312,0010106,KB증권주식회사,H1,대출채권매매이익_담보부,0,국내증권사,B,SF205,각주항목(09.06월 이후)
4091,202312,0010106,KB증권주식회사,H2,대출채권매매이익_무담보부,0,국내증권사,B,SF205,각주항목(09.06월 이후)
4092,202403,0010106,KB증권주식회사,A,채무보증,4096466666751,국내증권사,B,SF205,각주항목(09.06월 이후)
4093,202403,0010106,KB증권주식회사,A1,채무보증_지급보증,257238800000,국내증권사,B,SF205,각주항목(09.06월 이후)
4094,202403,0010106,KB증권주식회사,A2,채무보증_매입보장약정,898373374351,국내증권사,B,SF205,각주항목(09.06월 이후)
4095,202403,0010106,KB증권주식회사,A3,채무보증_채무인수약정, ,국내증권사,B,SF205,각주항목(09.06월 이후)
4096,202403,0010106,KB증권주식회사,A5,채무보증_매입확약,2347890368350,국내증권사,B,SF205,각주항목(09.06월 이후)
4097,202403,0010106,KB증권주식회사,A6,채무보증_기타,592964124050,국내증권사,B,SF205,각주항목(09.06월 이후)
4098,202403,0010106,KB증권주식회사,B,투자자의 예수증권 등,291064391043620,국내증권사,B,SF205,각주항목(09.06월 이후)
4099,202403,0010106,KB증권주식회사,B1,투자자의 예수증권 등_예수 증권,291064391043620,국내증권사,B,SF205,각주항목(09.06월 이후)
4100,202403,0010106,KB증권주식회사,B2,투자자의 예수증권 등_예수양도성예금증서, ,국내증권사,B,SF205,각주항목(09.06월 이후)
4101,202403,0010106,KB증권주식회사,B3,투자자의 예수증권 등_기타, ,국내증권사,B,SF205,각주항목(09.06월 이후)
4102,202403,0010106,KB증권주식회사,C,파생상품계약,271417552061641,국내증권사,B,SF205,각주항목(09.06월 이후)
4103,202403,0010106,KB증권주식회사,C1,파생상품계약_장내파생상품,7095874441005,국내증권사,B,SF205,각주항목(09.06월 이후)
4104,202403,0010106,KB증권주식회사,C11,파생상품계약_장내파생상품_이자율관련거래,3376193115111,국내증권사,B,SF205,각주항목(09.06월 이후)
4105,202403,0010106,KB증권주식회사,C12,파생상품계약_장내파생상품_통화관련거래,218249114227,국내증권사,B,SF205,각주항목(09.06월 이후)
4106,202403,0010106,KB증권주식회사,C13,파생상품계약_장내파생상품_주식관련거래,3447261311701,국내증권사,B,SF205,각주항목(09.06월 이후)
4107,202403,0010106,KB증권주식회사,C14,파생상품계약_장내파생상품_일반상품관련거래,54170899966,국내증권사,B,SF205,각주항목(09.06월 이후)
4108,202403,0010106,KB증권주식회사,C15,파생상품계약_장내파생상품_기타,0,국내증권사,B,SF205,각주항목(09.06월 이후)
4109,202403,0010106,KB증권주식회사,C2,파생상품계약_장외파생상품,264321677620636,국내증권사,B,SF205,각주항목(09.06월 이후)
4110,202403,0010106,KB증권주식회사,C21,파생상품계약_장외파생상품_이자율관련거래,241791834783298,국내증권사,B,SF205,각주항목(09.06월 이후)
4111,202403,0010106,KB증권주식회사,C22,파생상품계약_장외파생상품_통화관련거래,9809239866443,국내증권사,B,SF205,각주항목(09.06월 이후)
4112,202403,0010106,KB증권주식회사,C23,파생상품계약_장외파생상품_주식관련거래,8595305932659,국내증권사,B,SF205,각주항목(09.06월 이후)
4113,202403,0010106,KB증권주식회사,C24,파생상품계약_장외파생상품_신용관련거래,3267226506658,국내증권사,B,SF205,각주항목(09.06월 이후)
4114,202403,0010106,KB증권주식회사,C25,파생상품계약_장외파생상품_기타,858070531578,국내증권사,B,SF205,각주항목(09.06월 이후)
4115,202403,0010106,KB증권주식회사,D,대차 및 대주거래,8725110128488,국내증권사,B,SF205,각주항목(09.06월 이후)
4116,202403,0010106,KB증권주식회사,D1,대차 및 대주거래_대여증권,1247910160127,국내증권사,B,SF205,각주항목(09.06월 이후)
4117,202403,0010106,KB증권주식회사,D2,대차 및 대주거래_차입증권,7477199968361,국내증권사,B,SF205,각주항목(09.06월 이후)
4118,202403,0010106,KB증권주식회사,D3,대차 및 대주거래_신용거래대주, ,국내증권사,B,SF205,각주항목(09.06월 이후)
4119,202403,0010106,KB증권주식회사,E,대손상각채권,21186736654,국내증권사,B,SF205,각주항목(09.06월 이후)
4120,202403,0010106,KB증권주식회사,F,환전업무 예치금,0,국내증권사,B,SF205,각주항목(09.06월 이후)
4121,202403,0010106,KB증권주식회사,G,미배당별도예치금,2581654585,국내증권사,B,SF205,각주항목(09.06월 이후)
4122,202403,0010106,KB증권주식회사,H,배서어음매출(종금계정),0,국내증권사,B,SF205,각주항목(09.06월 이후)
4123,202403,0010106,KB증권주식회사,H1,대출채권매매이익_담보부,0,국내증권사,B,SF205,각주항목(09.06월 이후)
4124,202403,0010106,KB증권주식회사,H2,대출채권매매이익_무담보부,0,국내증권사,B,SF205,각주항목(09.06월 이후)
4125,202406,0010106,KB증권주식회사,A,채무보증,4581004429329,국내증권사,B,SF205,각주항목(09.06월 이후)
4126,202406,0010106,KB증권주식회사,A1,채무보증_지급보증,223661200000,국내증권사,B,SF205,각주항목(09.06월 이후)
4127,202406,0010106,KB증권주식회사,A2,채무보증_매입보장약정,697630708571,국내증권사,B,SF205,각주항목(09.06월 이후)
4128,202406,0010106,KB증권주식회사,A3,채무보증_채무인수약정, ,국내증권사,B,SF205,각주항목(09.06월 이후)
4129,202406,0010106,KB증권주식회사,A5,채무보증_매입확약,2142268680371,국내증권사,B,SF205,각주항목(09.06월 이후)
4130,202406,0010106,KB증권주식회사,A6,채무보증_기타,1517443840387,국내증권사,B,SF205,각주항목(09.06월 이후)
4131,202406,0010106,KB증권주식회사,B,투자자의 예수증권 등,285323040062069,국내증권사,B,SF205,각주항목(09.06월 이후)
4132,202406,0010106,KB증권주식회사,B1,투자자의 예수증권 등_예수 증권,285323040062069,국내증권사,B,SF205,각주항목(09.06월 이후)
4133,202406,0010106,KB증권주식회사,B2,투자자의 예수증권 등_예수양도성예금증서, ,국내증권사,B,SF205,각주항목(09.06월 이후)
4134,202406,0010106,KB증권주식회사,B3,투자자의 예수증권 등_기타, ,국내증권사,B,SF205,각주항목(09.06월 이후)
4135,202406,0010106,KB증권주식회사,C,파생상품계약,207714995120041,국내증권사,B,SF205,각주항목(09.06월 이후)
4136,202406,0010106,KB증권주식회사,C1,파생상품계약_장내파생상품,8410152398769,국내증권사,B,SF205,각주항목(09.06월 이후)
4137,202406,0010106,KB증권주식회사,C11,파생상품계약_장내파생상품_이자율관련거래,4860491912492,국내증권사,B,SF205,각주항목(09.06월 이후)
4138,202406,0010106,KB증권주식회사,C12,파생상품계약_장내파생상품_통화관련거래,200509175563,국내증권사,B,SF205,각주항목(09.06월 이후)
4139,202406,0010106,KB증권주식회사,C13,파생상품계약_장내파생상품_주식관련거래,3296626527037,국내증권사,B,SF205,각주항목(09.06월 이후)
4140,202406,0010106,KB증권주식회사,C14,파생상품계약_장내파생상품_일반상품관련거래,52524783677,국내증권사,B,SF205,각주항목(09.06월 이후)
4141,202406,0010106,KB증권주식회사,C15,파생상품계약_장내파생상품_기타,0,국내증권사,B,SF205,각주항목(09.06월 이후)
4142,202406,0010106,KB증권주식회사,C2,파생상품계약_장외파생상품,199304842721272,국내증권사,B,SF205,각주항목(09.06월 이후)
4143,202406,0010106,KB증권주식회사,C21,파생상품계약_장외파생상품_이자율관련거래,179526947035920,국내증권사,B,SF205,각주항목(09.06월 이후)
4144,202406,0010106,KB증권주식회사,C22,파생상품계약_장외파생상품_통화관련거래,7411925408514,국내증권사,B,SF205,각주항목(09.06월 이후)
4145,202406,0010106,KB증권주식회사,C23,파생상품계약_장외파생상품_주식관련거래,7333192488788,국내증권사,B,SF205,각주항목(09.06월 이후)
4146,202406,0010106,KB증권주식회사,C24,파생상품계약_장외파생상품_신용관련거래,3796588133324,국내증권사,B,SF205,각주항목(09.06월 이후)
4147,202406,0010106,KB증권주식회사,C25,파생상품계약_장외파생상품_기타,1236189654726,국내증권사,B,SF205,각주항목(09.06월 이후)
4148,202406,0010106,KB증권주식회사,D,대차 및 대주거래,8831351722878,국내증권사,B,SF205,각주항목(09.06월 이후)
4149,202406,0010106,KB증권주식회사,D1,대차 및 대주거래_대여증권,1175669034811,국내증권사,B,SF205,각주항목(09.06월 이후)
4150,202406,0010106,KB증권주식회사,D2,대차 및 대주거래_차입증권,7655682688067,국내증권사,B,SF205,각주항목(09.06월 이후)
4151,202406,0010106,KB증권주식회사,D3,대차 및 대주거래_신용거래대주, ,국내증권사,B,SF205,각주항목(09.06월 이후)
4152,202406,0010106,KB증권주식회사,E,대손상각채권,21186736654,국내증권사,B,SF205,각주항목(09.06월 이후)
4153,202406,0010106,KB증권주식회사,F,환전업무 예치금,0,국내증권사,B,SF205,각주항목(09.06월 이후)
4154,202406,0010106,KB증권주식회사,G,미배당별도예치금,4733628783,국내증권사,B,SF205,각주항목(09.06월 이후)
4155,202406,0010106,KB증권주식회사,H,배서어음매출(종금계정),0,국내증권사,B,SF205,각주항목(09.06월 이후)
4156,202406,0010106,KB증권주식회사,H1,대출채권매매이익_담보부,0,국내증권사,B,SF205,각주항목(09.06월 이후)
4157,202406,0010106,KB증권주식회사,H2,대출채권매매이익_무담보부,0,국내증권사,B,SF205,각주항목(09.06월 이후)
4158,202409,0010106,KB증권주식회사,A,채무보증,4853224088284,국내증권사,B,SF205,각주항목(09.06월 이후)
4159,202409,0010106,KB증권주식회사,A1,채무보증_지급보증,212455600000,국내증권사,B,SF205,각주항목(09.06월 이후)
4160,202409,0010106,KB증권주식회사,A2,채무보증_매입보장약정,561074208149,국내증권사,B,SF205,각주항목(09.06월 이후)
4161,202409,0010106,KB증권주식회사,A3,채무보증_채무인수약정, ,국내증권사,B,SF205,각주항목(09.06월 이후)
4162,202409,0010106,KB증권주식회사,A5,채무보증_매입확약,2360751388084,국내증권사,B,SF205,각주항목(09.06월 이후)
4163,202409,0010106,KB증권주식회사,A6,채무보증_기타,1718942892051,국내증권사,B,SF205,각주항목(09.06월 이후)
4164,202409,0010106,KB증권주식회사,B,투자자의 예수증권 등,298758656370021,국내증권사,B,SF205,각주항목(09.06월 이후)
4165,202409,0010106,KB증권주식회사,B1,투자자의 예수증권 등_예수 증권,298758656370021,국내증권사,B,SF205,각주항목(09.06월 이후)
4166,202409,0010106,KB증권주식회사,B2,투자자의 예수증권 등_예수양도성예금증서, ,국내증권사,B,SF205,각주항목(09.06월 이후)
4167,202409,0010106,KB증권주식회사,B3,투자자의 예수증권 등_기타, ,국내증권사,B,SF205,각주항목(09.06월 이후)
4168,202409,0010106,KB증권주식회사,C,파생상품계약,200241627539946,국내증권사,B,SF205,각주항목(09.06월 이후)
4169,202409,0010106,KB증권주식회사,C1,파생상품계약_장내파생상품,9148030169899,국내증권사,B,SF205,각주항목(09.06월 이후)
4170,202409,0010106,KB증권주식회사,C11,파생상품계약_장내파생상품_이자율관련거래,4998108554144,국내증권사,B,SF205,각주항목(09.06월 이후)
4171,202409,0010106,KB증권주식회사,C12,파생상품계약_장내파생상품_통화관련거래,341574414558,국내증권사,B,SF205,각주항목(09.06월 이후)
4172,202409,0010106,KB증권주식회사,C13,파생상품계약_장내파생상품_주식관련거래,3750744533103,국내증권사,B,SF205,각주항목(09.06월 이후)
4173,202409,0010106,KB증권주식회사,C14,파생상품계약_장내파생상품_일반상품관련거래,57602668094,국내증권사,B,SF205,각주항목(09.06월 이후)
4174,202409,0010106,KB증권주식회사,C15,파생상품계약_장내파생상품_기타,0,국내증권사,B,SF205,각주항목(09.06월 이후)
4175,202409,0010106,KB증권주식회사,C2,파생상품계약_장외파생상품,191093597370047,국내증권사,B,SF205,각주항목(09.06월 이후)
4176,202409,0010106,KB증권주식회사,C21,파생상품계약_장외파생상품_이자율관련거래,170716899489239,국내증권사,B,SF205,각주항목(09.06월 이후)
4177,202409,0010106,KB증권주식회사,C22,파생상품계약_장외파생상품_통화관련거래,8851134841557,국내증권사,B,SF205,각주항목(09.06월 이후)
4178,202409,0010106,KB증권주식회사,C23,파생상품계약_장외파생상품_주식관련거래,5483480353983,국내증권사,B,SF205,각주항목(09.06월 이후)
4179,202409,0010106,KB증권주식회사,C24,파생상품계약_장외파생상품_신용관련거래,3990585733325,국내증권사,B,SF205,각주항목(09.06월 이후)
4180,202409,0010106,KB증권주식회사,C25,파생상품계약_장외파생상품_기타,2051496951943,국내증권사,B,SF205,각주항목(09.06월 이후)
4181,202409,0010106,KB증권주식회사,D,대차 및 대주거래,9346868552902,국내증권사,B,SF205,각주항목(09.06월 이후)
4182,202409,0010106,KB증권주식회사,D1,대차 및 대주거래_대여증권,1336755459383,국내증권사,B,SF205,각주항목(09.06월 이후)
4183,202409,0010106,KB증권주식회사,D2,대차 및 대주거래_차입증권,8010113093519,국내증권사,B,SF205,각주항목(09.06월 이후)
4184,202409,0010106,KB증권주식회사,D3,대차 및 대주거래_신용거래대주, ,국내증권사,B,SF205,각주항목(09.06월 이후)
4185,202409,0010106,KB증권주식회사,E,대손상각채권,23161736654,국내증권사,B,SF205,각주항목(09.06월 이후)
4186,202409,0010106,KB증권주식회사,F,환전업무 예치금,0,국내증권사,B,SF205,각주항목(09.06월 이후)
4187,202409,0010106,KB증권주식회사,G,미배당별도예치금,6406090067,국내증권사,B,SF205,각주항목(09.06월 이후)
4188,202409,0010106,KB증권주식회사,H,배서어음매출(종금계정),0,국내증권사,B,SF205,각주항목(09.06월 이후)
4189,202409,0010106,KB증권주식회사,H1,대출채권매매이익_담보부,0,국내증권사,B,SF205,각주항목(09.06월 이후)
4190,202409,0010106,KB증권주식회사,H2,대출채권매매이익_무담보부,0,국내증권사,B,SF205,각주항목(09.06월 이후)
4191,202412,0010106,KB증권주식회사,A,채무보증,5023236620841,국내증권사,B,SF205,각주항목(09.06월 이후)
4192,202412,0010106,KB증권주식회사,A1,채무보증_지급보증,249900000000,국내증권사,B,SF205,각주항목(09.06월 이후)
4193,202412,0010106,KB증권주식회사,A2,채무보증_매입보장약정,824171844107,국내증권사,B,SF205,각주항목(09.06월 이후)
4194,202412,0010106,KB증권주식회사,A3,채무보증_채무인수약정, ,국내증권사,B,SF205,각주항목(09.06월 이후)
4195,202412,0010106,KB증권주식회사,A5,채무보증_매입확약,3291711130730,국내증권사,B,SF205,각주항목(09.06월 이후)
4196,202412,0010106,KB증권주식회사,A6,채무보증_기타,657453646004,국내증권사,B,SF205,각주항목(09.06월 이후)
4197,202412,0010106,KB증권주식회사,B,투자자의 예수증권 등,283564388139085,국내증권사,B,SF205,각주항목(09.06월 이후)
4198,202412,0010106,KB증권주식회사,B1,투자자의 예수증권 등_예수 증권,283564388139085,국내증권사,B,SF205,각주항목(09.06월 이후)
4199,202412,0010106,KB증권주식회사,B2,투자자의 예수증권 등_예수양도성예금증서, ,국내증권사,B,SF205,각주항목(09.06월 이후)
4200,202412,0010106,KB증권주식회사,B3,투자자의 예수증권 등_기타, ,국내증권사,B,SF205,각주항목(09.06월 이후)
4201,202412,0010106,KB증권주식회사,C,파생상품계약,170615634405529,국내증권사,B,SF205,각주항목(09.06월 이후)
4202,202412,0010106,KB증권주식회사,C1,파생상품계약_장내파생상품,8267158376232,국내증권사,B,SF205,각주항목(09.06월 이후)
4203,202412,0010106,KB증권주식회사,C11,파생상품계약_장내파생상품_이자율관련거래,4109620036667,국내증권사,B,SF205,각주항목(09.06월 이후)
4204,202412,0010106,KB증권주식회사,C12,파생상품계약_장내파생상품_통화관련거래,404531400009,국내증권사,B,SF205,각주항목(09.06월 이후)
4205,202412,0010106,KB증권주식회사,C13,파생상품계약_장내파생상품_주식관련거래,3710242518101,국내증권사,B,SF205,각주항목(09.06월 이후)
4206,202412,0010106,KB증권주식회사,C14,파생상품계약_장내파생상품_일반상품관련거래,42764421455,국내증권사,B,SF205,각주항목(09.06월 이후)
4207,202412,0010106,KB증권주식회사,C15,파생상품계약_장내파생상품_기타,0,국내증권사,B,SF205,각주항목(09.06월 이후)
4208,202412,0010106,KB증권주식회사,C2,파생상품계약_장외파생상품,162348476029297,국내증권사,B,SF205,각주항목(09.06월 이후)
4209,202412,0010106,KB증권주식회사,C21,파생상품계약_장외파생상품_이자율관련거래,140799649442072,국내증권사,B,SF205,각주항목(09.06월 이후)
4210,202412,0010106,KB증권주식회사,C22,파생상품계약_장외파생상품_통화관련거래,8849654437738,국내증권사,B,SF205,각주항목(09.06월 이후)
4211,202412,0010106,KB증권주식회사,C23,파생상품계약_장외파생상품_주식관련거래,5901356638931,국내증권사,B,SF205,각주항목(09.06월 이후)
4212,202412,0010106,KB증권주식회사,C24,파생상품계약_장외파생상품_신용관련거래,4411629999990,국내증권사,B,SF205,각주항목(09.06월 이후)
4213,202412,0010106,KB증권주식회사,C25,파생상품계약_장외파생상품_기타,2386185510566,국내증권사,B,SF205,각주항목(09.06월 이후)
4214,202412,0010106,KB증권주식회사,D,대차 및 대주거래,10717738977332,국내증권사,B,SF205,각주항목(09.06월 이후)
4215,202412,0010106,KB증권주식회사,D1,대차 및 대주거래_대여증권,1403593667291,국내증권사,B,SF205,각주항목(09.06월 이후)
4216,202412,0010106,KB증권주식회사,D2,대차 및 대주거래_차입증권,9314145310041,국내증권사,B,SF205,각주항목(09.06월 이후)
4217,202412,0010106,KB증권주식회사,D3,대차 및 대주거래_신용거래대주, ,국내증권사,B,SF205,각주항목(09.06월 이후)
4218,202412,0010106,KB증권주식회사,E,대손상각채권,23161736654,국내증권사,B,SF205,각주항목(09.06월 이후)
4219,202412,0010106,KB증권주식회사,F,환전업무 예치금,0,국내증권사,B,SF205,각주항목(09.06월 이후)
4220,202412,0010106,KB증권주식회사,G,미배당별도예치금,9632285810,국내증권사,B,SF205,각주항목(09.06월 이후)
4221,202412,0010106,KB증권주식회사,H,배서어음매출(종금계정),0,국내증권사,B,SF205,각주항목(09.06월 이후)
4222,202412,0010106,KB증권주식회사,H1,대출채권매매이익_담보부,0,국내증권사,B,SF205,각주항목(09.06월 이후)
4223,202412,0010106,KB증권주식회사,H2,대출채권매매이익_무담보부,0,국내증권사,B,SF205,각주항목(09.06월 이후)
4224,201703,0010137,LS증권,A,채무보증,258828560000,국내증권사,B,SF205,각주항목(09.06월 이후)
4225,201703,0010137,LS증권,A1,채무보증_지급보증,0,국내증권사,B,SF205,각주항목(09.06월 이후)
4226,201703,0010137,LS증권,A2,채무보증_매입보장약정,255400000000,국내증권사,B,SF205,각주항목(09.06월 이후)
4227,201703,0010137,LS증권,A3,채무보증_채무인수약정, ,국내증권사,B,SF205,각주항목(09.06월 이후)
4228,201703,0010137,LS증권,A5,채무보증_매입확약,3428560000,국내증권사,B,SF205,각주항목(09.06월 이후)
4229,201703,0010137,LS증권,A6,채무보증_기타, ,국내증권사,B,SF205,각주항목(09.06월 이후)
4230,201703,0010137,LS증권,B,투자자의 예수증권 등,8312718753279,국내증권사,B,SF205,각주항목(09.06월 이후)
4231,201703,0010137,LS증권,B1,투자자의 예수증권 등_예수 증권,8312718753279,국내증권사,B,SF205,각주항목(09.06월 이후)
4232,201703,0010137,LS증권,B2,투자자의 예수증권 등_예수양도성예금증서, ,국내증권사,B,SF205,각주항목(09.06월 이후)
4233,201703,0010137,LS증권,B3,투자자의 예수증권 등_기타, ,국내증권사,B,SF205,각주항목(09.06월 이후)
4234,201703,0010137,LS증권,C,파생상품계약,14065635566586,국내증권사,B,SF205,각주항목(09.06월 이후)
4235,201703,0010137,LS증권,C1,파생상품계약_장내파생상품,14045198888217,국내증권사,B,SF205,각주항목(09.06월 이후)
4236,201703,0010137,LS증권,C11,파생상품계약_장내파생상품_이자율관련거래,138102340000,국내증권사,B,SF205,각주항목(09.06월 이후)
4237,201703,0010137,LS증권,C12,파생상품계약_장내파생상품_통화관련거래,94950609287,국내증권사,B,SF205,각주항목(09.06월 이후)
4238,201703,0010137,LS증권,C13,파생상품계약_장내파생상품_주식관련거래,13810418997400,국내증권사,B,SF205,각주항목(09.06월 이후)
4239,201703,0010137,LS증권,C14,파생상품계약_장내파생상품_일반상품관련거래,1726941530,국내증권사,B,SF205,각주항목(09.06월 이후)
4240,201703,0010137,LS증권,C15,파생상품계약_장내파생상품_기타,0,국내증권사,B,SF205,각주항목(09.06월 이후)
4241,201703,0010137,LS증권,C2,파생상품계약_장외파생상품,20436678369,국내증권사,B,SF205,각주항목(09.06월 이후)
4242,201703,0010137,LS증권,C21,파생상품계약_장외파생상품_이자율관련거래,0,국내증권사,B,SF205,각주항목(09.06월 이후)
4243,201703,0010137,LS증권,C22,파생상품계약_장외파생상품_통화관련거래,0,국내증권사,B,SF205,각주항목(09.06월 이후)
4244,201703,0010137,LS증권,C23,파생상품계약_장외파생상품_주식관련거래,20436678369,국내증권사,B,SF205,각주항목(09.06월 이후)
4245,201703,0010137,LS증권,C24,파생상품계약_장외파생상품_신용관련거래,0,국내증권사,B,SF205,각주항목(09.06월 이후)
4246,201703,0010137,LS증권,C25,파생상품계약_장외파생상품_기타,0,국내증권사,B,SF205,각주항목(09.06월 이후)
4247,201703,0010137,LS증권,D,대차 및 대주거래,245180196516,국내증권사,B,SF205,각주항목(09.06월 이후)
4248,201703,0010137,LS증권,D1,대차 및 대주거래_대여증권,24804556268,국내증권사,B,SF205,각주항목(09.06월 이후)
4249,201703,0010137,LS증권,D2,대차 및 대주거래_차입증권,220375640248,국내증권사,B,SF205,각주항목(09.06월 이후)
4250,201703,0010137,LS증권,D3,대차 및 대주거래_신용거래대주, ,국내증권사,B,SF205,각주항목(09.06월 이후)
4251,201703,0010137,LS증권,E,대손상각채권, ,국내증권사,B,SF205,각주항목(09.06월 이후)
4252,201703,0010137,LS증권,F,환전업무 예치금,0,국내증권사,B,SF205,각주항목(09.06월 이후)
4253,201703,0010137,LS증권,G,미배당별도예치금,510560692,국내증권사,B,SF205,각주항목(09.06월 이후)
4254,201703,0010137,LS증권,H,배서어음매출(종금계정),0,국내증권사,B,SF205,각주항목(09.06월 이후)
4255,201703,0010137,LS증권,H1,대출채권매매이익_담보부, ,국내증권사,B,SF205,각주항목(09.06월 이후)
4256,201703,0010137,LS증권,H2,대출채권매매이익_무담보부, ,국내증권사,B,SF205,각주항목(09.06월 이후)
4257,201706,0010137,LS증권,A,채무보증,295400000000,국내증권사,B,SF205,각주항목(09.06월 이후)
4258,201706,0010137,LS증권,A1,채무보증_지급보증,0,국내증권사,B,SF205,각주항목(09.06월 이후)
4259,201706,0010137,LS증권,A2,채무보증_매입보장약정,295400000000,국내증권사,B,SF205,각주항목(09.06월 이후)
4260,201706,0010137,LS증권,A3,채무보증_채무인수약정, ,국내증권사,B,SF205,각주항목(09.06월 이후)
4261,201706,0010137,LS증권,A5,채무보증_매입확약,0,국내증권사,B,SF205,각주항목(09.06월 이후)
4262,201706,0010137,LS증권,A6,채무보증_기타, ,국내증권사,B,SF205,각주항목(09.06월 이후)
4263,201706,0010137,LS증권,B,투자자의 예수증권 등,8670487698962,국내증권사,B,SF205,각주항목(09.06월 이후)
4264,201706,0010137,LS증권,B1,투자자의 예수증권 등_예수 증권,8670487698962,국내증권사,B,SF205,각주항목(09.06월 이후)
4265,201706,0010137,LS증권,B2,투자자의 예수증권 등_예수양도성예금증서, ,국내증권사,B,SF205,각주항목(09.06월 이후)
4266,201706,0010137,LS증권,B3,투자자의 예수증권 등_기타, ,국내증권사,B,SF205,각주항목(09.06월 이후)
4267,201706,0010137,LS증권,C,파생상품계약,9765265076774,국내증권사,B,SF205,각주항목(09.06월 이후)
4268,201706,0010137,LS증권,C1,파생상품계약_장내파생상품,9736877268690,국내증권사,B,SF205,각주항목(09.06월 이후)
4269,201706,0010137,LS증권,C11,파생상품계약_장내파생상품_이자율관련거래,234806360000,국내증권사,B,SF205,각주항목(09.06월 이후)
4270,201706,0010137,LS증권,C12,파생상품계약_장내파생상품_통화관련거래,208251267610,국내증권사,B,SF205,각주항목(09.06월 이후)
4271,201706,0010137,LS증권,C13,파생상품계약_장내파생상품_주식관련거래,9293017077780,국내증권사,B,SF205,각주항목(09.06월 이후)
4272,201706,0010137,LS증권,C14,파생상품계약_장내파생상품_일반상품관련거래,802563300,국내증권사,B,SF205,각주항목(09.06월 이후)
4273,201706,0010137,LS증권,C15,파생상품계약_장내파생상품_기타,0,국내증권사,B,SF205,각주항목(09.06월 이후)
4274,201706,0010137,LS증권,C2,파생상품계약_장외파생상품,28387808084,국내증권사,B,SF205,각주항목(09.06월 이후)
4275,201706,0010137,LS증권,C21,파생상품계약_장외파생상품_이자율관련거래,0,국내증권사,B,SF205,각주항목(09.06월 이후)
4276,201706,0010137,LS증권,C22,파생상품계약_장외파생상품_통화관련거래,0,국내증권사,B,SF205,각주항목(09.06월 이후)
4277,201706,0010137,LS증권,C23,파생상품계약_장외파생상품_주식관련거래,28387808084,국내증권사,B,SF205,각주항목(09.06월 이후)
4278,201706,0010137,LS증권,C24,파생상품계약_장외파생상품_신용관련거래,0,국내증권사,B,SF205,각주항목(09.06월 이후)
4279,201706,0010137,LS증권,C25,파생상품계약_장외파생상품_기타,0,국내증권사,B,SF205,각주항목(09.06월 이후)
4280,201706,0010137,LS증권,D,대차 및 대주거래,140584055574,국내증권사,B,SF205,각주항목(09.06월 이후)
4281,201706,0010137,LS증권,D1,대차 및 대주거래_대여증권,12569792882,국내증권사,B,SF205,각주항목(09.06월 이후)
4282,201706,0010137,LS증권,D2,대차 및 대주거래_차입증권,128014262692,국내증권사,B,SF205,각주항목(09.06월 이후)
4283,201706,0010137,LS증권,D3,대차 및 대주거래_신용거래대주, ,국내증권사,B,SF205,각주항목(09.06월 이후)
4284,201706,0010137,LS증권,E,대손상각채권, ,국내증권사,B,SF205,각주항목(09.06월 이후)
4285,201706,0010137,LS증권,F,환전업무 예치금,0,국내증권사,B,SF205,각주항목(09.06월 이후)
4286,201706,0010137,LS증권,G,미배당별도예치금,682548243,국내증권사,B,SF205,각주항목(09.06월 이후)
4287,201706,0010137,LS증권,H,배서어음매출(종금계정),0,국내증권사,B,SF205,각주항목(09.06월 이후)
4288,201706,0010137,LS증권,H1,대출채권매매이익_담보부, ,국내증권사,B,SF205,각주항목(09.06월 이후)
4289,201706,0010137,LS증권,H2,대출채권매매이익_무담보부, ,국내증권사,B,SF205,각주항목(09.06월 이후)
4290,201709,0010137,LS증권,A,채무보증,201200000000,국내증권사,B,SF205,각주항목(09.06월 이후)
4291,201709,0010137,LS증권,A1,채무보증_지급보증,0,국내증권사,B,SF205,각주항목(09.06월 이후)
4292,201709,0010137,LS증권,A2,채무보증_매입보장약정,201200000000,국내증권사,B,SF205,각주항목(09.06월 이후)
4293,201709,0010137,LS증권,A3,채무보증_채무인수약정, ,국내증권사,B,SF205,각주항목(09.06월 이후)
4294,201709,0010137,LS증권,A5,채무보증_매입확약,0,국내증권사,B,SF205,각주항목(09.06월 이후)
4295,201709,0010137,LS증권,A6,채무보증_기타, ,국내증권사,B,SF205,각주항목(09.06월 이후)
4296,201709,0010137,LS증권,B,투자자의 예수증권 등,8726235550428,국내증권사,B,SF205,각주항목(09.06월 이후)
4297,201709,0010137,LS증권,B1,투자자의 예수증권 등_예수 증권,8726235550428,국내증권사,B,SF205,각주항목(09.06월 이후)
4298,201709,0010137,LS증권,B2,투자자의 예수증권 등_예수양도성예금증서, ,국내증권사,B,SF205,각주항목(09.06월 이후)
4299,201709,0010137,LS증권,B3,투자자의 예수증권 등_기타, ,국내증권사,B,SF205,각주항목(09.06월 이후)
4300,201709,0010137,LS증권,C,파생상품계약,7398710540943,국내증권사,B,SF205,각주항목(09.06월 이후)
4301,201709,0010137,LS증권,C1,파생상품계약_장내파생상품,7382965160621,국내증권사,B,SF205,각주항목(09.06월 이후)
4302,201709,0010137,LS증권,C11,파생상품계약_장내파생상품_이자율관련거래,156864150000,국내증권사,B,SF205,각주항목(09.06월 이후)
4303,201709,0010137,LS증권,C12,파생상품계약_장내파생상품_통화관련거래,169620646239,국내증권사,B,SF205,각주항목(09.06월 이후)
4304,201709,0010137,LS증권,C13,파생상품계약_장내파생상품_주식관련거래,7055864059000,국내증권사,B,SF205,각주항목(09.06월 이후)
4305,201709,0010137,LS증권,C14,파생상품계약_장내파생상품_일반상품관련거래,616305382,국내증권사,B,SF205,각주항목(09.06월 이후)
4306,201709,0010137,LS증권,C15,파생상품계약_장내파생상품_기타,0,국내증권사,B,SF205,각주항목(09.06월 이후)
4307,201709,0010137,LS증권,C2,파생상품계약_장외파생상품,15745380322,국내증권사,B,SF205,각주항목(09.06월 이후)
4308,201709,0010137,LS증권,C21,파생상품계약_장외파생상품_이자율관련거래,0,국내증권사,B,SF205,각주항목(09.06월 이후)
4309,201709,0010137,LS증권,C22,파생상품계약_장외파생상품_통화관련거래,0,국내증권사,B,SF205,각주항목(09.06월 이후)
4310,201709,0010137,LS증권,C23,파생상품계약_장외파생상품_주식관련거래,15745380322,국내증권사,B,SF205,각주항목(09.06월 이후)
4311,201709,0010137,LS증권,C24,파생상품계약_장외파생상품_신용관련거래,0,국내증권사,B,SF205,각주항목(09.06월 이후)
4312,201709,0010137,LS증권,C25,파생상품계약_장외파생상품_기타,0,국내증권사,B,SF205,각주항목(09.06월 이후)
4313,201709,0010137,LS증권,D,대차 및 대주거래,212467885362,국내증권사,B,SF205,각주항목(09.06월 이후)
4314,201709,0010137,LS증권,D1,대차 및 대주거래_대여증권,11501015761,국내증권사,B,SF205,각주항목(09.06월 이후)
4315,201709,0010137,LS증권,D2,대차 및 대주거래_차입증권,200966869601,국내증권사,B,SF205,각주항목(09.06월 이후)
4316,201709,0010137,LS증권,D3,대차 및 대주거래_신용거래대주, ,국내증권사,B,SF205,각주항목(09.06월 이후)
4317,201709,0010137,LS증권,E,대손상각채권, ,국내증권사,B,SF205,각주항목(09.06월 이후)
4318,201709,0010137,LS증권,F,환전업무 예치금,0,국내증권사,B,SF205,각주항목(09.06월 이후)
4319,201709,0010137,LS증권,G,미배당별도예치금,859776450,국내증권사,B,SF205,각주항목(09.06월 이후)
4320,201709,0010137,LS증권,H,배서어음매출(종금계정),0,국내증권사,B,SF205,각주항목(09.06월 이후)
4321,201709,0010137,LS증권,H1,대출채권매매이익_담보부, ,국내증권사,B,SF205,각주항목(09.06월 이후)
4322,201709,0010137,LS증권,H2,대출채권매매이익_무담보부, ,국내증권사,B,SF205,각주항목(09.06월 이후)
4323,201712,0010137,LS증권,A,채무보증,218900000000,국내증권사,B,SF205,각주항목(09.06월 이후)
4324,201712,0010137,LS증권,A1,채무보증_지급보증,0,국내증권사,B,SF205,각주항목(09.06월 이후)
4325,201712,0010137,LS증권,A2,채무보증_매입보장약정,218900000000,국내증권사,B,SF205,각주항목(09.06월 이후)
4326,201712,0010137,LS증권,A3,채무보증_채무인수약정, ,국내증권사,B,SF205,각주항목(09.06월 이후)
4327,201712,0010137,LS증권,A5,채무보증_매입확약,0,국내증권사,B,SF205,각주항목(09.06월 이후)
4328,201712,0010137,LS증권,A6,채무보증_기타, ,국내증권사,B,SF205,각주항목(09.06월 이후)
4329,201712,0010137,LS증권,B,투자자의 예수증권 등,8146157140576,국내증권사,B,SF205,각주항목(09.06월 이후)
4330,201712,0010137,LS증권,B1,투자자의 예수증권 등_예수 증권,8146157140576,국내증권사,B,SF205,각주항목(09.06월 이후)
4331,201712,0010137,LS증권,B2,투자자의 예수증권 등_예수양도성예금증서, ,국내증권사,B,SF205,각주항목(09.06월 이후)
4332,201712,0010137,LS증권,B3,투자자의 예수증권 등_기타, ,국내증권사,B,SF205,각주항목(09.06월 이후)
4333,201712,0010137,LS증권,C,파생상품계약,6105305356293,국내증권사,B,SF205,각주항목(09.06월 이후)
4334,201712,0010137,LS증권,C1,파생상품계약_장내파생상품,6090114510949,국내증권사,B,SF205,각주항목(09.06월 이후)
4335,201712,0010137,LS증권,C11,파생상품계약_장내파생상품_이자율관련거래,98207400000,국내증권사,B,SF205,각주항목(09.06월 이후)
4336,201712,0010137,LS증권,C12,파생상품계약_장내파생상품_통화관련거래,119986343219,국내증권사,B,SF205,각주항목(09.06월 이후)
4337,201712,0010137,LS증권,C13,파생상품계약_장내파생상품_주식관련거래,5871238875200,국내증권사,B,SF205,각주항목(09.06월 이후)
4338,201712,0010137,LS증권,C14,파생상품계약_장내파생상품_일반상품관련거래,681892530,국내증권사,B,SF205,각주항목(09.06월 이후)
4339,201712,0010137,LS증권,C15,파생상품계약_장내파생상품_기타,0,국내증권사,B,SF205,각주항목(09.06월 이후)
4340,201712,0010137,LS증권,C2,파생상품계약_장외파생상품,15190845344,국내증권사,B,SF205,각주항목(09.06월 이후)
4341,201712,0010137,LS증권,C21,파생상품계약_장외파생상품_이자율관련거래,0,국내증권사,B,SF205,각주항목(09.06월 이후)
4342,201712,0010137,LS증권,C22,파생상품계약_장외파생상품_통화관련거래,0,국내증권사,B,SF205,각주항목(09.06월 이후)
4343,201712,0010137,LS증권,C23,파생상품계약_장외파생상품_주식관련거래,15190845344,국내증권사,B,SF205,각주항목(09.06월 이후)
4344,201712,0010137,LS증권,C24,파생상품계약_장외파생상품_신용관련거래,0,국내증권사,B,SF205,각주항목(09.06월 이후)
4345,201712,0010137,LS증권,C25,파생상품계약_장외파생상품_기타,0,국내증권사,B,SF205,각주항목(09.06월 이후)
4346,201712,0010137,LS증권,D,대차 및 대주거래,125091474314,국내증권사,B,SF205,각주항목(09.06월 이후)
4347,201712,0010137,LS증권,D1,대차 및 대주거래_대여증권,12657183137,국내증권사,B,SF205,각주항목(09.06월 이후)
4348,201712,0010137,LS증권,D2,대차 및 대주거래_차입증권,112434291177,국내증권사,B,SF205,각주항목(09.06월 이후)
4349,201712,0010137,LS증권,D3,대차 및 대주거래_신용거래대주, ,국내증권사,B,SF205,각주항목(09.06월 이후)
4350,201712,0010137,LS증권,E,대손상각채권, ,국내증권사,B,SF205,각주항목(09.06월 이후)
4351,201712,0010137,LS증권,F,환전업무 예치금,0,국내증권사,B,SF205,각주항목(09.06월 이후)
4352,201712,0010137,LS증권,G,미배당별도예치금,1157222034,국내증권사,B,SF205,각주항목(09.06월 이후)
4353,201712,0010137,LS증권,H,배서어음매출(종금계정),0,국내증권사,B,SF205,각주항목(09.06월 이후)
4354,201712,0010137,LS증권,H1,대출채권매매이익_담보부, ,국내증권사,B,SF205,각주항목(09.06월 이후)
4355,201712,0010137,LS증권,H2,대출채권매매이익_무담보부, ,국내증권사,B,SF205,각주항목(09.06월 이후)
4356,201803,0010137,LS증권,A,채무보증,192410000000,국내증권사,B,SF205,각주항목(09.06월 이후)
4357,201803,0010137,LS증권,A1,채무보증_지급보증,0,국내증권사,B,SF205,각주항목(09.06월 이후)
4358,201803,0010137,LS증권,A2,채무보증_매입보장약정,192410000000,국내증권사,B,SF205,각주항목(09.06월 이후)
4359,201803,0010137,LS증권,A3,채무보증_채무인수약정, ,국내증권사,B,SF205,각주항목(09.06월 이후)
4360,201803,0010137,LS증권,A5,채무보증_매입확약,0,국내증권사,B,SF205,각주항목(09.06월 이후)
4361,201803,0010137,LS증권,A6,채무보증_기타, ,국내증권사,B,SF205,각주항목(09.06월 이후)
4362,201803,0010137,LS증권,B,투자자의 예수증권 등,8619598171746,국내증권사,B,SF205,각주항목(09.06월 이후)
4363,201803,0010137,LS증권,B1,투자자의 예수증권 등_예수 증권,8619598171746,국내증권사,B,SF205,각주항목(09.06월 이후)
4364,201803,0010137,LS증권,B2,투자자의 예수증권 등_예수양도성예금증서, ,국내증권사,B,SF205,각주항목(09.06월 이후)
4365,201803,0010137,LS증권,B3,투자자의 예수증권 등_기타, ,국내증권사,B,SF205,각주항목(09.06월 이후)
4366,201803,0010137,LS증권,C,파생상품계약,9130579566599,국내증권사,B,SF205,각주항목(09.06월 이후)
4367,201803,0010137,LS증권,C1,파생상품계약_장내파생상품,9099464339791,국내증권사,B,SF205,각주항목(09.06월 이후)
4368,201803,0010137,LS증권,C11,파생상품계약_장내파생상품_이자율관련거래,124745510000,국내증권사,B,SF205,각주항목(09.06월 이후)
4369,201803,0010137,LS증권,C12,파생상품계약_장내파생상품_통화관련거래,80113133342,국내증권사,B,SF205,각주항목(09.06월 이후)
4370,201803,0010137,LS증권,C13,파생상품계약_장내파생상품_주식관련거래,8893889648349,국내증권사,B,SF205,각주항목(09.06월 이후)
4371,201803,0010137,LS증권,C14,파생상품계약_장내파생상품_일반상품관련거래,716048100,국내증권사,B,SF205,각주항목(09.06월 이후)
4372,201803,0010137,LS증권,C15,파생상품계약_장내파생상품_기타,0,국내증권사,B,SF205,각주항목(09.06월 이후)
4373,201803,0010137,LS증권,C2,파생상품계약_장외파생상품,31115226808,국내증권사,B,SF205,각주항목(09.06월 이후)
4374,201803,0010137,LS증권,C21,파생상품계약_장외파생상품_이자율관련거래,0,국내증권사,B,SF205,각주항목(09.06월 이후)
4375,201803,0010137,LS증권,C22,파생상품계약_장외파생상품_통화관련거래,0,국내증권사,B,SF205,각주항목(09.06월 이후)
4376,201803,0010137,LS증권,C23,파생상품계약_장외파생상품_주식관련거래,31115226808,국내증권사,B,SF205,각주항목(09.06월 이후)
4377,201803,0010137,LS증권,C24,파생상품계약_장외파생상품_신용관련거래,0,국내증권사,B,SF205,각주항목(09.06월 이후)
4378,201803,0010137,LS증권,C25,파생상품계약_장외파생상품_기타,0,국내증권사,B,SF205,각주항목(09.06월 이후)
4379,201803,0010137,LS증권,D,대차 및 대주거래,134642933483,국내증권사,B,SF205,각주항목(09.06월 이후)
4380,201803,0010137,LS증권,D1,대차 및 대주거래_대여증권,39665500359,국내증권사,B,SF205,각주항목(09.06월 이후)
4381,201803,0010137,LS증권,D2,대차 및 대주거래_차입증권,94977433124,국내증권사,B,SF205,각주항목(09.06월 이후)
4382,201803,0010137,LS증권,D3,대차 및 대주거래_신용거래대주, ,국내증권사,B,SF205,각주항목(09.06월 이후)
4383,201803,0010137,LS증권,E,대손상각채권, ,국내증권사,B,SF205,각주항목(09.06월 이후)
4384,201803,0010137,LS증권,F,환전업무 예치금,0,국내증권사,B,SF205,각주항목(09.06월 이후)
4385,201803,0010137,LS증권,G,미배당별도예치금,803954955,국내증권사,B,SF205,각주항목(09.06월 이후)
4386,201803,0010137,LS증권,H,배서어음매출(종금계정),0,국내증권사,B,SF205,각주항목(09.06월 이후)
4387,201803,0010137,LS증권,H1,대출채권매매이익_담보부, ,국내증권사,B,SF205,각주항목(09.06월 이후)
4388,201803,0010137,LS증권,H2,대출채권매매이익_무담보부, ,국내증권사,B,SF205,각주항목(09.06월 이후)
4389,201806,0010137,LS증권,A,채무보증,176130000000,국내증권사,B,SF205,각주항목(09.06월 이후)
4390,201806,0010137,LS증권,A1,채무보증_지급보증,0,국내증권사,B,SF205,각주항목(09.06월 이후)
4391,201806,0010137,LS증권,A2,채무보증_매입보장약정,166130000000,국내증권사,B,SF205,각주항목(09.06월 이후)
4392,201806,0010137,LS증권,A3,채무보증_채무인수약정, ,국내증권사,B,SF205,각주항목(09.06월 이후)
4393,201806,0010137,LS증권,A5,채무보증_매입확약,10000000000,국내증권사,B,SF205,각주항목(09.06월 이후)
4394,201806,0010137,LS증권,A6,채무보증_기타, ,국내증권사,B,SF205,각주항목(09.06월 이후)
4395,201806,0010137,LS증권,B,투자자의 예수증권 등,8717734025210,국내증권사,B,SF205,각주항목(09.06월 이후)
4396,201806,0010137,LS증권,B1,투자자의 예수증권 등_예수 증권,8717734025210,국내증권사,B,SF205,각주항목(09.06월 이후)
4397,201806,0010137,LS증권,B2,투자자의 예수증권 등_예수양도성예금증서, ,국내증권사,B,SF205,각주항목(09.06월 이후)
4398,201806,0010137,LS증권,B3,투자자의 예수증권 등_기타, ,국내증권사,B,SF205,각주항목(09.06월 이후)
4399,201806,0010137,LS증권,C,파생상품계약,8527814319426,국내증권사,B,SF205,각주항목(09.06월 이후)
4400,201806,0010137,LS증권,C1,파생상품계약_장내파생상품,8498044175686,국내증권사,B,SF205,각주항목(09.06월 이후)
4401,201806,0010137,LS증권,C11,파생상품계약_장내파생상품_이자율관련거래,257173815595,국내증권사,B,SF205,각주항목(09.06월 이후)
4402,201806,0010137,LS증권,C12,파생상품계약_장내파생상품_통화관련거래,65340090695,국내증권사,B,SF205,각주항목(09.06월 이후)
4403,201806,0010137,LS증권,C13,파생상품계약_장내파생상품_주식관련거래,8175486285296,국내증권사,B,SF205,각주항목(09.06월 이후)
4404,201806,0010137,LS증권,C14,파생상품계약_장내파생상품_일반상품관련거래,43984100,국내증권사,B,SF205,각주항목(09.06월 이후)
4405,201806,0010137,LS증권,C15,파생상품계약_장내파생상품_기타,0,국내증권사,B,SF205,각주항목(09.06월 이후)
4406,201806,0010137,LS증권,C2,파생상품계약_장외파생상품,29770143740,국내증권사,B,SF205,각주항목(09.06월 이후)
4407,201806,0010137,LS증권,C21,파생상품계약_장외파생상품_이자율관련거래,0,국내증권사,B,SF205,각주항목(09.06월 이후)
4408,201806,0010137,LS증권,C22,파생상품계약_장외파생상품_통화관련거래,0,국내증권사,B,SF205,각주항목(09.06월 이후)
4409,201806,0010137,LS증권,C23,파생상품계약_장외파생상품_주식관련거래,29770143740,국내증권사,B,SF205,각주항목(09.06월 이후)
4410,201806,0010137,LS증권,C24,파생상품계약_장외파생상품_신용관련거래,0,국내증권사,B,SF205,각주항목(09.06월 이후)
4411,201806,0010137,LS증권,C25,파생상품계약_장외파생상품_기타,0,국내증권사,B,SF205,각주항목(09.06월 이후)
4412,201806,0010137,LS증권,D,대차 및 대주거래,178543880024,국내증권사,B,SF205,각주항목(09.06월 이후)
4413,201806,0010137,LS증권,D1,대차 및 대주거래_대여증권,71338022940,국내증권사,B,SF205,각주항목(09.06월 이후)
4414,201806,0010137,LS증권,D2,대차 및 대주거래_차입증권,107205857084,국내증권사,B,SF205,각주항목(09.06월 이후)
4415,201806,0010137,LS증권,D3,대차 및 대주거래_신용거래대주, ,국내증권사,B,SF205,각주항목(09.06월 이후)
4416,201806,0010137,LS증권,E,대손상각채권,0,국내증권사,B,SF205,각주항목(09.06월 이후)
4417,201806,0010137,LS증권,F,환전업무 예치금,0,국내증권사,B,SF205,각주항목(09.06월 이후)
4418,201806,0010137,LS증권,G,미배당별도예치금,1114589107,국내증권사,B,SF205,각주항목(09.06월 이후)
4419,201806,0010137,LS증권,H,배서어음매출(종금계정),0,국내증권사,B,SF205,각주항목(09.06월 이후)
4420,201806,0010137,LS증권,H1,대출채권매매이익_담보부, ,국내증권사,B,SF205,각주항목(09.06월 이후)
4421,201806,0010137,LS증권,H2,대출채권매매이익_무담보부, ,국내증권사,B,SF205,각주항목(09.06월 이후)
4422,201809,0010137,LS증권,A,채무보증,199270000000,국내증권사,B,SF205,각주항목(09.06월 이후)
4423,201809,0010137,LS증권,A1,채무보증_지급보증,0,국내증권사,B,SF205,각주항목(09.06월 이후)
4424,201809,0010137,LS증권,A2,채무보증_매입보장약정,189270000000,국내증권사,B,SF205,각주항목(09.06월 이후)
4425,201809,0010137,LS증권,A3,채무보증_채무인수약정, ,국내증권사,B,SF205,각주항목(09.06월 이후)
4426,201809,0010137,LS증권,A5,채무보증_매입확약,10000000000,국내증권사,B,SF205,각주항목(09.06월 이후)
4427,201809,0010137,LS증권,A6,채무보증_기타, ,국내증권사,B,SF205,각주항목(09.06월 이후)
4428,201809,0010137,LS증권,B,투자자의 예수증권 등,7619408611745,국내증권사,B,SF205,각주항목(09.06월 이후)
4429,201809,0010137,LS증권,B1,투자자의 예수증권 등_예수 증권,7619408611745,국내증권사,B,SF205,각주항목(09.06월 이후)
4430,201809,0010137,LS증권,B2,투자자의 예수증권 등_예수양도성예금증서, ,국내증권사,B,SF205,각주항목(09.06월 이후)
4431,201809,0010137,LS증권,B3,투자자의 예수증권 등_기타, ,국내증권사,B,SF205,각주항목(09.06월 이후)
4432,201809,0010137,LS증권,C,파생상품계약,8190850666797,국내증권사,B,SF205,각주항목(09.06월 이후)
4433,201809,0010137,LS증권,C1,파생상품계약_장내파생상품,8162111728707,국내증권사,B,SF205,각주항목(09.06월 이후)
4434,201809,0010137,LS증권,C11,파생상품계약_장내파생상품_이자율관련거래,133531220000,국내증권사,B,SF205,각주항목(09.06월 이후)
4435,201809,0010137,LS증권,C12,파생상품계약_장내파생상품_통화관련거래,130689785779,국내증권사,B,SF205,각주항목(09.06월 이후)
4436,201809,0010137,LS증권,C13,파생상품계약_장내파생상품_주식관련거래,7897311878028,국내증권사,B,SF205,각주항목(09.06월 이후)
4437,201809,0010137,LS증권,C14,파생상품계약_장내파생상품_일반상품관련거래,578844900,국내증권사,B,SF205,각주항목(09.06월 이후)
4438,201809,0010137,LS증권,C15,파생상품계약_장내파생상품_기타,0,국내증권사,B,SF205,각주항목(09.06월 이후)
4439,201809,0010137,LS증권,C2,파생상품계약_장외파생상품,28738938090,국내증권사,B,SF205,각주항목(09.06월 이후)
4440,201809,0010137,LS증권,C21,파생상품계약_장외파생상품_이자율관련거래,0,국내증권사,B,SF205,각주항목(09.06월 이후)
4441,201809,0010137,LS증권,C22,파생상품계약_장외파생상품_통화관련거래,0,국내증권사,B,SF205,각주항목(09.06월 이후)
4442,201809,0010137,LS증권,C23,파생상품계약_장외파생상품_주식관련거래,28738938090,국내증권사,B,SF205,각주항목(09.06월 이후)
4443,201809,0010137,LS증권,C24,파생상품계약_장외파생상품_신용관련거래,0,국내증권사,B,SF205,각주항목(09.06월 이후)
4444,201809,0010137,LS증권,C25,파생상품계약_장외파생상품_기타,0,국내증권사,B,SF205,각주항목(09.06월 이후)
4445,201809,0010137,LS증권,D,대차 및 대주거래,220240029342,국내증권사,B,SF205,각주항목(09.06월 이후)
4446,201809,0010137,LS증권,D1,대차 및 대주거래_대여증권,83605676326,국내증권사,B,SF205,각주항목(09.06월 이후)
4447,201809,0010137,LS증권,D2,대차 및 대주거래_차입증권,136634353016,국내증권사,B,SF205,각주항목(09.06월 이후)
4448,201809,0010137,LS증권,D3,대차 및 대주거래_신용거래대주, ,국내증권사,B,SF205,각주항목(09.06월 이후)
4449,201809,0010137,LS증권,E,대손상각채권, ,국내증권사,B,SF205,각주항목(09.06월 이후)
4450,201809,0010137,LS증권,F,환전업무 예치금,0,국내증권사,B,SF205,각주항목(09.06월 이후)
4451,201809,0010137,LS증권,G,미배당별도예치금,1438950868,국내증권사,B,SF205,각주항목(09.06월 이후)
4452,201809,0010137,LS증권,H,배서어음매출(종금계정),0,국내증권사,B,SF205,각주항목(09.06월 이후)
4453,201809,0010137,LS증권,H1,대출채권매매이익_담보부, ,국내증권사,B,SF205,각주항목(09.06월 이후)
4454,201809,0010137,LS증권,H2,대출채권매매이익_무담보부, ,국내증권사,B,SF205,각주항목(09.06월 이후)
4455,201812,0010137,LS증권,A,채무보증,269390000000,국내증권사,B,SF205,각주항목(09.06월 이후)
4456,201812,0010137,LS증권,A1,채무보증_지급보증,0,국내증권사,B,SF205,각주항목(09.06월 이후)
4457,201812,0010137,LS증권,A2,채무보증_매입보장약정,259390000000,국내증권사,B,SF205,각주항목(09.06월 이후)
4458,201812,0010137,LS증권,A3,채무보증_채무인수약정, ,국내증권사,B,SF205,각주항목(09.06월 이후)
4459,201812,0010137,LS증권,A5,채무보증_매입확약,10000000000,국내증권사,B,SF205,각주항목(09.06월 이후)
4460,201812,0010137,LS증권,A6,채무보증_기타, ,국내증권사,B,SF205,각주항목(09.06월 이후)
4461,201812,0010137,LS증권,B,투자자의 예수증권 등,8188962012481,국내증권사,B,SF205,각주항목(09.06월 이후)
4462,201812,0010137,LS증권,B1,투자자의 예수증권 등_예수 증권,8188962012481,국내증권사,B,SF205,각주항목(09.06월 이후)
4463,201812,0010137,LS증권,B2,투자자의 예수증권 등_예수양도성예금증서, ,국내증권사,B,SF205,각주항목(09.06월 이후)
4464,201812,0010137,LS증권,B3,투자자의 예수증권 등_기타, ,국내증권사,B,SF205,각주항목(09.06월 이후)
4465,201812,0010137,LS증권,C,파생상품계약,3585526953845,국내증권사,B,SF205,각주항목(09.06월 이후)
4466,201812,0010137,LS증권,C1,파생상품계약_장내파생상품,3562234292925,국내증권사,B,SF205,각주항목(09.06월 이후)
4467,201812,0010137,LS증권,C11,파생상품계약_장내파생상품_이자율관련거래,206224000000,국내증권사,B,SF205,각주항목(09.06월 이후)
4468,201812,0010137,LS증권,C12,파생상품계약_장내파생상품_통화관련거래,6058643681,국내증권사,B,SF205,각주항목(09.06월 이후)
4469,201812,0010137,LS증권,C13,파생상품계약_장내파생상품_주식관련거래,3349895394279,국내증권사,B,SF205,각주항목(09.06월 이후)
4470,201812,0010137,LS증권,C14,파생상품계약_장내파생상품_일반상품관련거래,56254965,국내증권사,B,SF205,각주항목(09.06월 이후)
4471,201812,0010137,LS증권,C15,파생상품계약_장내파생상품_기타,0,국내증권사,B,SF205,각주항목(09.06월 이후)
4472,201812,0010137,LS증권,C2,파생상품계약_장외파생상품,23292660920,국내증권사,B,SF205,각주항목(09.06월 이후)
4473,201812,0010137,LS증권,C21,파생상품계약_장외파생상품_이자율관련거래,0,국내증권사,B,SF205,각주항목(09.06월 이후)
4474,201812,0010137,LS증권,C22,파생상품계약_장외파생상품_통화관련거래,0,국내증권사,B,SF205,각주항목(09.06월 이후)
4475,201812,0010137,LS증권,C23,파생상품계약_장외파생상품_주식관련거래,23292660920,국내증권사,B,SF205,각주항목(09.06월 이후)
4476,201812,0010137,LS증권,C24,파생상품계약_장외파생상품_신용관련거래,0,국내증권사,B,SF205,각주항목(09.06월 이후)
4477,201812,0010137,LS증권,C25,파생상품계약_장외파생상품_기타,0,국내증권사,B,SF205,각주항목(09.06월 이후)
4478,201812,0010137,LS증권,D,대차 및 대주거래,1483245314207,국내증권사,B,SF205,각주항목(09.06월 이후)
4479,201812,0010137,LS증권,D1,대차 및 대주거래_대여증권,1339821168739,국내증권사,B,SF205,각주항목(09.06월 이후)
4480,201812,0010137,LS증권,D2,대차 및 대주거래_차입증권,143424145468,국내증권사,B,SF205,각주항목(09.06월 이후)
4481,201812,0010137,LS증권,D3,대차 및 대주거래_신용거래대주, ,국내증권사,B,SF205,각주항목(09.06월 이후)
4482,201812,0010137,LS증권,E,대손상각채권, ,국내증권사,B,SF205,각주항목(09.06월 이후)
4483,201812,0010137,LS증권,F,환전업무 예치금,0,국내증권사,B,SF205,각주항목(09.06월 이후)
4484,201812,0010137,LS증권,G,미배당별도예치금,1459932414,국내증권사,B,SF205,각주항목(09.06월 이후)
4485,201812,0010137,LS증권,H,배서어음매출(종금계정),0,국내증권사,B,SF205,각주항목(09.06월 이후)
4486,201812,0010137,LS증권,H1,대출채권매매이익_담보부, ,국내증권사,B,SF205,각주항목(09.06월 이후)
4487,201812,0010137,LS증권,H2,대출채권매매이익_무담보부, ,국내증권사,B,SF205,각주항목(09.06월 이후)
4488,201903,0010137,LS증권,A,채무보증,306970000000,국내증권사,B,SF205,각주항목(09.06월 이후)
4489,201903,0010137,LS증권,A1,채무보증_지급보증,0,국내증권사,B,SF205,각주항목(09.06월 이후)
4490,201903,0010137,LS증권,A2,채무보증_매입보장약정,306970000000,국내증권사,B,SF205,각주항목(09.06월 이후)
4491,201903,0010137,LS증권,A3,채무보증_채무인수약정, ,국내증권사,B,SF205,각주항목(09.06월 이후)
4492,201903,0010137,LS증권,A5,채무보증_매입확약,0,국내증권사,B,SF205,각주항목(09.06월 이후)
4493,201903,0010137,LS증권,A6,채무보증_기타, ,국내증권사,B,SF205,각주항목(09.06월 이후)
4494,201903,0010137,LS증권,B,투자자의 예수증권 등,7744837239655,국내증권사,B,SF205,각주항목(09.06월 이후)
4495,201903,0010137,LS증권,B1,투자자의 예수증권 등_예수 증권,7744837239655,국내증권사,B,SF205,각주항목(09.06월 이후)
4496,201903,0010137,LS증권,B2,투자자의 예수증권 등_예수양도성예금증서, ,국내증권사,B,SF205,각주항목(09.06월 이후)
4497,201903,0010137,LS증권,B3,투자자의 예수증권 등_기타, ,국내증권사,B,SF205,각주항목(09.06월 이후)
4498,201903,0010137,LS증권,C,파생상품계약,4971413261535,국내증권사,B,SF205,각주항목(09.06월 이후)
4499,201903,0010137,LS증권,C1,파생상품계약_장내파생상품,4948142253515,국내증권사,B,SF205,각주항목(09.06월 이후)
4500,201903,0010137,LS증권,C11,파생상품계약_장내파생상품_이자율관련거래,220910620000,국내증권사,B,SF205,각주항목(09.06월 이후)
4501,201903,0010137,LS증권,C12,파생상품계약_장내파생상품_통화관련거래,73603478375,국내증권사,B,SF205,각주항목(09.06월 이후)
4502,201903,0010137,LS증권,C13,파생상품계약_장내파생상품_주식관련거래,4653373054691,국내증권사,B,SF205,각주항목(09.06월 이후)
4503,201903,0010137,LS증권,C14,파생상품계약_장내파생상품_일반상품관련거래,255100449,국내증권사,B,SF205,각주항목(09.06월 이후)
4504,201903,0010137,LS증권,C15,파생상품계약_장내파생상품_기타,0,국내증권사,B,SF205,각주항목(09.06월 이후)
4505,201903,0010137,LS증권,C2,파생상품계약_장외파생상품,23271008020,국내증권사,B,SF205,각주항목(09.06월 이후)
4506,201903,0010137,LS증권,C21,파생상품계약_장외파생상품_이자율관련거래,0,국내증권사,B,SF205,각주항목(09.06월 이후)
4507,201903,0010137,LS증권,C22,파생상품계약_장외파생상품_통화관련거래,0,국내증권사,B,SF205,각주항목(09.06월 이후)
4508,201903,0010137,LS증권,C23,파생상품계약_장외파생상품_주식관련거래,23271008020,국내증권사,B,SF205,각주항목(09.06월 이후)
4509,201903,0010137,LS증권,C24,파생상품계약_장외파생상품_신용관련거래,0,국내증권사,B,SF205,각주항목(09.06월 이후)
4510,201903,0010137,LS증권,C25,파생상품계약_장외파생상품_기타,0,국내증권사,B,SF205,각주항목(09.06월 이후)
4511,201903,0010137,LS증권,D,대차 및 대주거래,276515919175,국내증권사,B,SF205,각주항목(09.06월 이후)
4512,201903,0010137,LS증권,D1,대차 및 대주거래_대여증권,140777947240,국내증권사,B,SF205,각주항목(09.06월 이후)
4513,201903,0010137,LS증권,D2,대차 및 대주거래_차입증권,135737971935,국내증권사,B,SF205,각주항목(09.06월 이후)
4514,201903,0010137,LS증권,D3,대차 및 대주거래_신용거래대주, ,국내증권사,B,SF205,각주항목(09.06월 이후)
4515,201903,0010137,LS증권,E,대손상각채권, ,국내증권사,B,SF205,각주항목(09.06월 이후)
4516,201903,0010137,LS증권,F,환전업무 예치금,0,국내증권사,B,SF205,각주항목(09.06월 이후)
4517,201903,0010137,LS증권,G,미배당별도예치금,635050367,국내증권사,B,SF205,각주항목(09.06월 이후)
4518,201903,0010137,LS증권,H,배서어음매출(종금계정),0,국내증권사,B,SF205,각주항목(09.06월 이후)
4519,201903,0010137,LS증권,H1,대출채권매매이익_담보부, ,국내증권사,B,SF205,각주항목(09.06월 이후)
4520,201903,0010137,LS증권,H2,대출채권매매이익_무담보부, ,국내증권사,B,SF205,각주항목(09.06월 이후)
4521,201906,0010137,LS증권,A,채무보증,269060000000,국내증권사,B,SF205,각주항목(09.06월 이후)
4522,201906,0010137,LS증권,A1,채무보증_지급보증,0,국내증권사,B,SF205,각주항목(09.06월 이후)
4523,201906,0010137,LS증권,A2,채무보증_매입보장약정,269060000000,국내증권사,B,SF205,각주항목(09.06월 이후)
4524,201906,0010137,LS증권,A3,채무보증_채무인수약정, ,국내증권사,B,SF205,각주항목(09.06월 이후)
4525,201906,0010137,LS증권,A5,채무보증_매입확약,0,국내증권사,B,SF205,각주항목(09.06월 이후)
4526,201906,0010137,LS증권,A6,채무보증_기타, ,국내증권사,B,SF205,각주항목(09.06월 이후)
4527,201906,0010137,LS증권,B,투자자의 예수증권 등,8301425713507,국내증권사,B,SF205,각주항목(09.06월 이후)
4528,201906,0010137,LS증권,B1,투자자의 예수증권 등_예수 증권,8301425713507,국내증권사,B,SF205,각주항목(09.06월 이후)
4529,201906,0010137,LS증권,B2,투자자의 예수증권 등_예수양도성예금증서, ,국내증권사,B,SF205,각주항목(09.06월 이후)
4530,201906,0010137,LS증권,B3,투자자의 예수증권 등_기타, ,국내증권사,B,SF205,각주항목(09.06월 이후)
4531,201906,0010137,LS증권,C,파생상품계약,7639549317180,국내증권사,B,SF205,각주항목(09.06월 이후)
4532,201906,0010137,LS증권,C1,파생상품계약_장내파생상품,7587183511110,국내증권사,B,SF205,각주항목(09.06월 이후)
4533,201906,0010137,LS증권,C11,파생상품계약_장내파생상품_이자율관련거래,338994000000,국내증권사,B,SF205,각주항목(09.06월 이후)
4534,201906,0010137,LS증권,C12,파생상품계약_장내파생상품_통화관련거래,60320138990,국내증권사,B,SF205,각주항목(09.06월 이후)
4535,201906,0010137,LS증권,C13,파생상품계약_장내파생상품_주식관련거래,7187487064180,국내증권사,B,SF205,각주항목(09.06월 이후)
4536,201906,0010137,LS증권,C14,파생상품계약_장내파생상품_일반상품관련거래,382307940,국내증권사,B,SF205,각주항목(09.06월 이후)
4537,201906,0010137,LS증권,C15,파생상품계약_장내파생상품_기타,0,국내증권사,B,SF205,각주항목(09.06월 이후)
4538,201906,0010137,LS증권,C2,파생상품계약_장외파생상품,52365806070,국내증권사,B,SF205,각주항목(09.06월 이후)
4539,201906,0010137,LS증권,C21,파생상품계약_장외파생상품_이자율관련거래,0,국내증권사,B,SF205,각주항목(09.06월 이후)
4540,201906,0010137,LS증권,C22,파생상품계약_장외파생상품_통화관련거래,33615250000,국내증권사,B,SF205,각주항목(09.06월 이후)
4541,201906,0010137,LS증권,C23,파생상품계약_장외파생상품_주식관련거래,18750556070,국내증권사,B,SF205,각주항목(09.06월 이후)
4542,201906,0010137,LS증권,C24,파생상품계약_장외파생상품_신용관련거래,0,국내증권사,B,SF205,각주항목(09.06월 이후)
4543,201906,0010137,LS증권,C25,파생상품계약_장외파생상품_기타,0,국내증권사,B,SF205,각주항목(09.06월 이후)
4544,201906,0010137,LS증권,D,대차 및 대주거래,232429128971,국내증권사,B,SF205,각주항목(09.06월 이후)
4545,201906,0010137,LS증권,D1,대차 및 대주거래_대여증권,112109954108,국내증권사,B,SF205,각주항목(09.06월 이후)
4546,201906,0010137,LS증권,D2,대차 및 대주거래_차입증권,120319174863,국내증권사,B,SF205,각주항목(09.06월 이후)
4547,201906,0010137,LS증권,D3,대차 및 대주거래_신용거래대주, ,국내증권사,B,SF205,각주항목(09.06월 이후)
4548,201906,0010137,LS증권,E,대손상각채권, ,국내증권사,B,SF205,각주항목(09.06월 이후)
4549,201906,0010137,LS증권,F,환전업무 예치금,0,국내증권사,B,SF205,각주항목(09.06월 이후)
4550,201906,0010137,LS증권,G,미배당별도예치금,1060244810,국내증권사,B,SF205,각주항목(09.06월 이후)
4551,201906,0010137,LS증권,H,배서어음매출(종금계정),0,국내증권사,B,SF205,각주항목(09.06월 이후)
4552,201906,0010137,LS증권,H1,대출채권매매이익_담보부,0,국내증권사,B,SF205,각주항목(09.06월 이후)
4553,201906,0010137,LS증권,H2,대출채권매매이익_무담보부,0,국내증권사,B,SF205,각주항목(09.06월 이후)
4554,201909,0010137,LS증권,A,채무보증,365500000000,국내증권사,B,SF205,각주항목(09.06월 이후)
4555,201909,0010137,LS증권,A1,채무보증_지급보증,0,국내증권사,B,SF205,각주항목(09.06월 이후)
4556,201909,0010137,LS증권,A2,채무보증_매입보장약정,342400000000,국내증권사,B,SF205,각주항목(09.06월 이후)
4557,201909,0010137,LS증권,A3,채무보증_채무인수약정, ,국내증권사,B,SF205,각주항목(09.06월 이후)
4558,201909,0010137,LS증권,A5,채무보증_매입확약,23100000000,국내증권사,B,SF205,각주항목(09.06월 이후)
4559,201909,0010137,LS증권,A6,채무보증_기타, ,국내증권사,B,SF205,각주항목(09.06월 이후)
4560,201909,0010137,LS증권,B,투자자의 예수증권 등,7701905894654,국내증권사,B,SF205,각주항목(09.06월 이후)
4561,201909,0010137,LS증권,B1,투자자의 예수증권 등_예수 증권,7701905894654,국내증권사,B,SF205,각주항목(09.06월 이후)
4562,201909,0010137,LS증권,B2,투자자의 예수증권 등_예수양도성예금증서, ,국내증권사,B,SF205,각주항목(09.06월 이후)
4563,201909,0010137,LS증권,B3,투자자의 예수증권 등_기타, ,국내증권사,B,SF205,각주항목(09.06월 이후)
4564,201909,0010137,LS증권,C,파생상품계약,6792296530990,국내증권사,B,SF205,각주항목(09.06월 이후)
4565,201909,0010137,LS증권,C1,파생상품계약_장내파생상품,6739936711310,국내증권사,B,SF205,각주항목(09.06월 이후)
4566,201909,0010137,LS증권,C11,파생상품계약_장내파생상품_이자율관련거래,304789570000,국내증권사,B,SF205,각주항목(09.06월 이후)
4567,201909,0010137,LS증권,C12,파생상품계약_장내파생상품_통화관련거래,201899769445,국내증권사,B,SF205,각주항목(09.06월 이후)
4568,201909,0010137,LS증권,C13,파생상품계약_장내파생상품_주식관련거래,6233052738440,국내증권사,B,SF205,각주항목(09.06월 이후)
4569,201909,0010137,LS증권,C14,파생상품계약_장내파생상품_일반상품관련거래,194633425,국내증권사,B,SF205,각주항목(09.06월 이후)
4570,201909,0010137,LS증권,C15,파생상품계약_장내파생상품_기타,0,국내증권사,B,SF205,각주항목(09.06월 이후)
4571,201909,0010137,LS증권,C2,파생상품계약_장외파생상품,52359819680,국내증권사,B,SF205,각주항목(09.06월 이후)
4572,201909,0010137,LS증권,C21,파생상품계약_장외파생상품_이자율관련거래,0,국내증권사,B,SF205,각주항목(09.06월 이후)
4573,201909,0010137,LS증권,C22,파생상품계약_장외파생상품_통화관련거래,33615250000,국내증권사,B,SF205,각주항목(09.06월 이후)
4574,201909,0010137,LS증권,C23,파생상품계약_장외파생상품_주식관련거래,18744569680,국내증권사,B,SF205,각주항목(09.06월 이후)
4575,201909,0010137,LS증권,C24,파생상품계약_장외파생상품_신용관련거래,0,국내증권사,B,SF205,각주항목(09.06월 이후)
4576,201909,0010137,LS증권,C25,파생상품계약_장외파생상품_기타,0,국내증권사,B,SF205,각주항목(09.06월 이후)
4577,201909,0010137,LS증권,D,대차 및 대주거래,594171998760,국내증권사,B,SF205,각주항목(09.06월 이후)
4578,201909,0010137,LS증권,D1,대차 및 대주거래_대여증권,269804973469,국내증권사,B,SF205,각주항목(09.06월 이후)
4579,201909,0010137,LS증권,D2,대차 및 대주거래_차입증권,324367025291,국내증권사,B,SF205,각주항목(09.06월 이후)
4580,201909,0010137,LS증권,D3,대차 및 대주거래_신용거래대주, ,국내증권사,B,SF205,각주항목(09.06월 이후)
4581,201909,0010137,LS증권,E,대손상각채권, ,국내증권사,B,SF205,각주항목(09.06월 이후)
4582,201909,0010137,LS증권,F,환전업무 예치금,0,국내증권사,B,SF205,각주항목(09.06월 이후)
4583,201909,0010137,LS증권,G,미배당별도예치금,1281558941,국내증권사,B,SF205,각주항목(09.06월 이후)
4584,201909,0010137,LS증권,H,배서어음매출(종금계정),0,국내증권사,B,SF205,각주항목(09.06월 이후)
4585,201909,0010137,LS증권,H1,대출채권매매이익_담보부,0,국내증권사,B,SF205,각주항목(09.06월 이후)
4586,201909,0010137,LS증권,H2,대출채권매매이익_무담보부,0,국내증권사,B,SF205,각주항목(09.06월 이후)
4587,201912,0010137,LS증권,A,채무보증,490673000000,국내증권사,B,SF205,각주항목(09.06월 이후)
4588,201912,0010137,LS증권,A1,채무보증_지급보증,0,국내증권사,B,SF205,각주항목(09.06월 이후)
4589,201912,0010137,LS증권,A2,채무보증_매입보장약정,483400000000,국내증권사,B,SF205,각주항목(09.06월 이후)
4590,201912,0010137,LS증권,A3,채무보증_채무인수약정, ,국내증권사,B,SF205,각주항목(09.06월 이후)
4591,201912,0010137,LS증권,A5,채무보증_매입확약,7273000000,국내증권사,B,SF205,각주항목(09.06월 이후)
4592,201912,0010137,LS증권,A6,채무보증_기타, ,국내증권사,B,SF205,각주항목(09.06월 이후)
4593,201912,0010137,LS증권,B,투자자의 예수증권 등,7663108389078,국내증권사,B,SF205,각주항목(09.06월 이후)
4594,201912,0010137,LS증권,B1,투자자의 예수증권 등_예수 증권,7663108389078,국내증권사,B,SF205,각주항목(09.06월 이후)
4595,201912,0010137,LS증권,B2,투자자의 예수증권 등_예수양도성예금증서, ,국내증권사,B,SF205,각주항목(09.06월 이후)
4596,201912,0010137,LS증권,B3,투자자의 예수증권 등_기타, ,국내증권사,B,SF205,각주항목(09.06월 이후)
4597,201912,0010137,LS증권,C,파생상품계약,5509190295812,국내증권사,B,SF205,각주항목(09.06월 이후)
4598,201912,0010137,LS증권,C1,파생상품계약_장내파생상품,5334937186155,국내증권사,B,SF205,각주항목(09.06월 이후)
4599,201912,0010137,LS증권,C11,파생상품계약_장내파생상품_이자율관련거래,430506500000,국내증권사,B,SF205,각주항목(09.06월 이후)
4600,201912,0010137,LS증권,C12,파생상품계약_장내파생상품_통화관련거래,78365864700,국내증권사,B,SF205,각주항목(09.06월 이후)
4601,201912,0010137,LS증권,C13,파생상품계약_장내파생상품_주식관련거래,4826029552551,국내증권사,B,SF205,각주항목(09.06월 이후)
4602,201912,0010137,LS증권,C14,파생상품계약_장내파생상품_일반상품관련거래,35268904,국내증권사,B,SF205,각주항목(09.06월 이후)
4603,201912,0010137,LS증권,C15,파생상품계약_장내파생상품_기타,0,국내증권사,B,SF205,각주항목(09.06월 이후)
4604,201912,0010137,LS증권,C2,파생상품계약_장외파생상품,174253109657,국내증권사,B,SF205,각주항목(09.06월 이후)
4605,201912,0010137,LS증권,C21,파생상품계약_장외파생상품_이자율관련거래,0,국내증권사,B,SF205,각주항목(09.06월 이후)
4606,201912,0010137,LS증권,C22,파생상품계약_장외파생상품_통화관련거래,155027743747,국내증권사,B,SF205,각주항목(09.06월 이후)
4607,201912,0010137,LS증권,C23,파생상품계약_장외파생상품_주식관련거래,18525365910,국내증권사,B,SF205,각주항목(09.06월 이후)
4608,201912,0010137,LS증권,C24,파생상품계약_장외파생상품_신용관련거래,0,국내증권사,B,SF205,각주항목(09.06월 이후)
4609,201912,0010137,LS증권,C25,파생상품계약_장외파생상품_기타,700000000,국내증권사,B,SF205,각주항목(09.06월 이후)
4610,201912,0010137,LS증권,D,대차 및 대주거래,930503162606,국내증권사,B,SF205,각주항목(09.06월 이후)
4611,201912,0010137,LS증권,D1,대차 및 대주거래_대여증권,453457887021,국내증권사,B,SF205,각주항목(09.06월 이후)
4612,201912,0010137,LS증권,D2,대차 및 대주거래_차입증권,477045275585,국내증권사,B,SF205,각주항목(09.06월 이후)
4613,201912,0010137,LS증권,D3,대차 및 대주거래_신용거래대주, ,국내증권사,B,SF205,각주항목(09.06월 이후)
4614,201912,0010137,LS증권,E,대손상각채권, ,국내증권사,B,SF205,각주항목(09.06월 이후)
4615,201912,0010137,LS증권,F,환전업무 예치금,0,국내증권사,B,SF205,각주항목(09.06월 이후)
4616,201912,0010137,LS증권,G,미배당별도예치금,1216438892,국내증권사,B,SF205,각주항목(09.06월 이후)
4617,201912,0010137,LS증권,H,배서어음매출(종금계정),0,국내증권사,B,SF205,각주항목(09.06월 이후)
4618,201912,0010137,LS증권,H1,대출채권매매이익_담보부,0,국내증권사,B,SF205,각주항목(09.06월 이후)
4619,201912,0010137,LS증권,H2,대출채권매매이익_무담보부,0,국내증권사,B,SF205,각주항목(09.06월 이후)
4620,202003,0010137,LS증권,A,채무보증,492329823000,국내증권사,B,SF205,각주항목(09.06월 이후)
4621,202003,0010137,LS증권,A1,채무보증_지급보증,0,국내증권사,B,SF205,각주항목(09.06월 이후)
4622,202003,0010137,LS증권,A2,채무보증_매입보장약정,486250000000,국내증권사,B,SF205,각주항목(09.06월 이후)
4623,202003,0010137,LS증권,A3,채무보증_채무인수약정, ,국내증권사,B,SF205,각주항목(09.06월 이후)
4624,202003,0010137,LS증권,A5,채무보증_매입확약,6079823000,국내증권사,B,SF205,각주항목(09.06월 이후)
4625,202003,0010137,LS증권,A6,채무보증_기타, ,국내증권사,B,SF205,각주항목(09.06월 이후)
4626,202003,0010137,LS증권,B,투자자의 예수증권 등,7543811636085,국내증권사,B,SF205,각주항목(09.06월 이후)
4627,202003,0010137,LS증권,B1,투자자의 예수증권 등_예수 증권,7543811636085,국내증권사,B,SF205,각주항목(09.06월 이후)
4628,202003,0010137,LS증권,B2,투자자의 예수증권 등_예수양도성예금증서, ,국내증권사,B,SF205,각주항목(09.06월 이후)
4629,202003,0010137,LS증권,B3,투자자의 예수증권 등_기타, ,국내증권사,B,SF205,각주항목(09.06월 이후)
4630,202003,0010137,LS증권,C,파생상품계약,3989730967909,국내증권사,B,SF205,각주항목(09.06월 이후)
4631,202003,0010137,LS증권,C1,파생상품계약_장내파생상품,3795687837198,국내증권사,B,SF205,각주항목(09.06월 이후)
4632,202003,0010137,LS증권,C11,파생상품계약_장내파생상품_이자율관련거래,136282000000,국내증권사,B,SF205,각주항목(09.06월 이후)
4633,202003,0010137,LS증권,C12,파생상품계약_장내파생상품_통화관련거래,169799331298,국내증권사,B,SF205,각주항목(09.06월 이후)
4634,202003,0010137,LS증권,C13,파생상품계약_장내파생상품_주식관련거래,3489606505900,국내증권사,B,SF205,각주항목(09.06월 이후)
4635,202003,0010137,LS증권,C14,파생상품계약_장내파생상품_일반상품관련거래,0,국내증권사,B,SF205,각주항목(09.06월 이후)
4636,202003,0010137,LS증권,C15,파생상품계약_장내파생상품_기타,0,국내증권사,B,SF205,각주항목(09.06월 이후)
4637,202003,0010137,LS증권,C2,파생상품계약_장외파생상품,194043130711,국내증권사,B,SF205,각주항목(09.06월 이후)
4638,202003,0010137,LS증권,C21,파생상품계약_장외파생상품_이자율관련거래,0,국내증권사,B,SF205,각주항목(09.06월 이후)
4639,202003,0010137,LS증권,C22,파생상품계약_장외파생상품_통화관련거래,176223132460,국내증권사,B,SF205,각주항목(09.06월 이후)
4640,202003,0010137,LS증권,C23,파생상품계약_장외파생상품_주식관련거래,17119998251,국내증권사,B,SF205,각주항목(09.06월 이후)
4641,202003,0010137,LS증권,C24,파생상품계약_장외파생상품_신용관련거래,0,국내증권사,B,SF205,각주항목(09.06월 이후)
4642,202003,0010137,LS증권,C25,파생상품계약_장외파생상품_기타,700000000,국내증권사,B,SF205,각주항목(09.06월 이후)
4643,202003,0010137,LS증권,D,대차 및 대주거래,720835347902,국내증권사,B,SF205,각주항목(09.06월 이후)
4644,202003,0010137,LS증권,D1,대차 및 대주거래_대여증권,286315733236,국내증권사,B,SF205,각주항목(09.06월 이후)
4645,202003,0010137,LS증권,D2,대차 및 대주거래_차입증권,434519614666,국내증권사,B,SF205,각주항목(09.06월 이후)
4646,202003,0010137,LS증권,D3,대차 및 대주거래_신용거래대주, ,국내증권사,B,SF205,각주항목(09.06월 이후)
4647,202003,0010137,LS증권,E,대손상각채권, ,국내증권사,B,SF205,각주항목(09.06월 이후)
4648,202003,0010137,LS증권,F,환전업무 예치금,0,국내증권사,B,SF205,각주항목(09.06월 이후)
4649,202003,0010137,LS증권,G,미배당별도예치금,785204868,국내증권사,B,SF205,각주항목(09.06월 이후)
4650,202003,0010137,LS증권,H,배서어음매출(종금계정),0,국내증권사,B,SF205,각주항목(09.06월 이후)
4651,202003,0010137,LS증권,H1,대출채권매매이익_담보부, ,국내증권사,B,SF205,각주항목(09.06월 이후)
4652,202003,0010137,LS증권,H2,대출채권매매이익_무담보부, ,국내증권사,B,SF205,각주항목(09.06월 이후)
4653,202006,0010137,LS증권,A,채무보증,489910873000,국내증권사,B,SF205,각주항목(09.06월 이후)
4654,202006,0010137,LS증권,A1,채무보증_지급보증,0,국내증권사,B,SF205,각주항목(09.06월 이후)
4655,202006,0010137,LS증권,A2,채무보증_매입보장약정,485400000000,국내증권사,B,SF205,각주항목(09.06월 이후)
4656,202006,0010137,LS증권,A3,채무보증_채무인수약정, ,국내증권사,B,SF205,각주항목(09.06월 이후)
4657,202006,0010137,LS증권,A5,채무보증_매입확약,4510873000,국내증권사,B,SF205,각주항목(09.06월 이후)
4658,202006,0010137,LS증권,A6,채무보증_기타, ,국내증권사,B,SF205,각주항목(09.06월 이후)
4659,202006,0010137,LS증권,B,투자자의 예수증권 등,8532230003999,국내증권사,B,SF205,각주항목(09.06월 이후)
4660,202006,0010137,LS증권,B1,투자자의 예수증권 등_예수 증권,8532230003999,국내증권사,B,SF205,각주항목(09.06월 이후)
4661,202006,0010137,LS증권,B2,투자자의 예수증권 등_예수양도성예금증서, ,국내증권사,B,SF205,각주항목(09.06월 이후)
4662,202006,0010137,LS증권,B3,투자자의 예수증권 등_기타, ,국내증권사,B,SF205,각주항목(09.06월 이후)
4663,202006,0010137,LS증권,C,파생상품계약,5367378883117,국내증권사,B,SF205,각주항목(09.06월 이후)
4664,202006,0010137,LS증권,C1,파생상품계약_장내파생상품,5106823975258,국내증권사,B,SF205,각주항목(09.06월 이후)
4665,202006,0010137,LS증권,C11,파생상품계약_장내파생상품_이자율관련거래,280204100000,국내증권사,B,SF205,각주항목(09.06월 이후)
4666,202006,0010137,LS증권,C12,파생상품계약_장내파생상품_통화관련거래,115667141158,국내증권사,B,SF205,각주항목(09.06월 이후)
4667,202006,0010137,LS증권,C13,파생상품계약_장내파생상품_주식관련거래,4710952734100,국내증권사,B,SF205,각주항목(09.06월 이후)
4668,202006,0010137,LS증권,C14,파생상품계약_장내파생상품_일반상품관련거래,0,국내증권사,B,SF205,각주항목(09.06월 이후)
4669,202006,0010137,LS증권,C15,파생상품계약_장내파생상품_기타,0,국내증권사,B,SF205,각주항목(09.06월 이후)
4670,202006,0010137,LS증권,C2,파생상품계약_장외파생상품,260554907859,국내증권사,B,SF205,각주항목(09.06월 이후)
4671,202006,0010137,LS증권,C21,파생상품계약_장외파생상품_이자율관련거래,0,국내증권사,B,SF205,각주항목(09.06월 이후)
4672,202006,0010137,LS증권,C22,파생상품계약_장외파생상품_통화관련거래,240075011859,국내증권사,B,SF205,각주항목(09.06월 이후)
4673,202006,0010137,LS증권,C23,파생상품계약_장외파생상품_주식관련거래,19779896000,국내증권사,B,SF205,각주항목(09.06월 이후)
4674,202006,0010137,LS증권,C24,파생상품계약_장외파생상품_신용관련거래,0,국내증권사,B,SF205,각주항목(09.06월 이후)
4675,202006,0010137,LS증권,C25,파생상품계약_장외파생상품_기타,700000000,국내증권사,B,SF205,각주항목(09.06월 이후)
4676,202006,0010137,LS증권,D,대차 및 대주거래,1140580952716,국내증권사,B,SF205,각주항목(09.06월 이후)
4677,202006,0010137,LS증권,D1,대차 및 대주거래_대여증권,546232565027,국내증권사,B,SF205,각주항목(09.06월 이후)
4678,202006,0010137,LS증권,D2,대차 및 대주거래_차입증권,594348387689,국내증권사,B,SF205,각주항목(09.06월 이후)
4679,202006,0010137,LS증권,D3,대차 및 대주거래_신용거래대주, ,국내증권사,B,SF205,각주항목(09.06월 이후)
4680,202006,0010137,LS증권,E,대손상각채권, ,국내증권사,B,SF205,각주항목(09.06월 이후)
4681,202006,0010137,LS증권,F,환전업무 예치금,0,국내증권사,B,SF205,각주항목(09.06월 이후)
4682,202006,0010137,LS증권,G,미배당별도예치금,1381278093,국내증권사,B,SF205,각주항목(09.06월 이후)
4683,202006,0010137,LS증권,H,배서어음매출(종금계정),0,국내증권사,B,SF205,각주항목(09.06월 이후)
4684,202006,0010137,LS증권,H1,대출채권매매이익_담보부,0,국내증권사,B,SF205,각주항목(09.06월 이후)
4685,202006,0010137,LS증권,H2,대출채권매매이익_무담보부,0,국내증권사,B,SF205,각주항목(09.06월 이후)
4686,202009,0010137,LS증권,A,채무보증,542500000000,국내증권사,B,SF205,각주항목(09.06월 이후)
4687,202009,0010137,LS증권,A1,채무보증_지급보증,0,국내증권사,B,SF205,각주항목(09.06월 이후)
4688,202009,0010137,LS증권,A2,채무보증_매입보장약정,486400000000,국내증권사,B,SF205,각주항목(09.06월 이후)
4689,202009,0010137,LS증권,A3,채무보증_채무인수약정, ,국내증권사,B,SF205,각주항목(09.06월 이후)
4690,202009,0010137,LS증권,A5,채무보증_매입확약,56100000000,국내증권사,B,SF205,각주항목(09.06월 이후)
4691,202009,0010137,LS증권,A6,채무보증_기타, ,국내증권사,B,SF205,각주항목(09.06월 이후)
4692,202009,0010137,LS증권,B,투자자의 예수증권 등,9367680612502,국내증권사,B,SF205,각주항목(09.06월 이후)
4693,202009,0010137,LS증권,B1,투자자의 예수증권 등_예수 증권,9367680612502,국내증권사,B,SF205,각주항목(09.06월 이후)
4694,202009,0010137,LS증권,B2,투자자의 예수증권 등_예수양도성예금증서, ,국내증권사,B,SF205,각주항목(09.06월 이후)
4695,202009,0010137,LS증권,B3,투자자의 예수증권 등_기타, ,국내증권사,B,SF205,각주항목(09.06월 이후)
4696,202009,0010137,LS증권,C,파생상품계약,5880388856144,국내증권사,B,SF205,각주항목(09.06월 이후)
4697,202009,0010137,LS증권,C1,파생상품계약_장내파생상품,5580982543163,국내증권사,B,SF205,각주항목(09.06월 이후)
4698,202009,0010137,LS증권,C11,파생상품계약_장내파생상품_이자율관련거래,321077920000,국내증권사,B,SF205,각주항목(09.06월 이후)
4699,202009,0010137,LS증권,C12,파생상품계약_장내파생상품_통화관련거래,259716502647,국내증권사,B,SF205,각주항목(09.06월 이후)
4700,202009,0010137,LS증권,C13,파생상품계약_장내파생상품_주식관련거래,5000188120516,국내증권사,B,SF205,각주항목(09.06월 이후)
4701,202009,0010137,LS증권,C14,파생상품계약_장내파생상품_일반상품관련거래,0,국내증권사,B,SF205,각주항목(09.06월 이후)
4702,202009,0010137,LS증권,C15,파생상품계약_장내파생상품_기타,0,국내증권사,B,SF205,각주항목(09.06월 이후)
4703,202009,0010137,LS증권,C2,파생상품계약_장외파생상품,299406312981,국내증권사,B,SF205,각주항목(09.06월 이후)
4704,202009,0010137,LS증권,C21,파생상품계약_장외파생상품_이자율관련거래,0,국내증권사,B,SF205,각주항목(09.06월 이후)
4705,202009,0010137,LS증권,C22,파생상품계약_장외파생상품_통화관련거래,275878816981,국내증권사,B,SF205,각주항목(09.06월 이후)
4706,202009,0010137,LS증권,C23,파생상품계약_장외파생상품_주식관련거래,22827496000,국내증권사,B,SF205,각주항목(09.06월 이후)
4707,202009,0010137,LS증권,C24,파생상품계약_장외파생상품_신용관련거래,0,국내증권사,B,SF205,각주항목(09.06월 이후)
4708,202009,0010137,LS증권,C25,파생상품계약_장외파생상품_기타,700000000,국내증권사,B,SF205,각주항목(09.06월 이후)
4709,202009,0010137,LS증권,D,대차 및 대주거래,936698211864,국내증권사,B,SF205,각주항목(09.06월 이후)
4710,202009,0010137,LS증권,D1,대차 및 대주거래_대여증권,465405953347,국내증권사,B,SF205,각주항목(09.06월 이후)
4711,202009,0010137,LS증권,D2,대차 및 대주거래_차입증권,471292258517,국내증권사,B,SF205,각주항목(09.06월 이후)
4712,202009,0010137,LS증권,D3,대차 및 대주거래_신용거래대주, ,국내증권사,B,SF205,각주항목(09.06월 이후)
4713,202009,0010137,LS증권,E,대손상각채권, ,국내증권사,B,SF205,각주항목(09.06월 이후)
4714,202009,0010137,LS증권,F,환전업무 예치금,0,국내증권사,B,SF205,각주항목(09.06월 이후)
4715,202009,0010137,LS증권,G,미배당별도예치금,2091767595,국내증권사,B,SF205,각주항목(09.06월 이후)
4716,202009,0010137,LS증권,H,배서어음매출(종금계정),0,국내증권사,B,SF205,각주항목(09.06월 이후)
4717,202009,0010137,LS증권,H1,대출채권매매이익_담보부,0,국내증권사,B,SF205,각주항목(09.06월 이후)
4718,202009,0010137,LS증권,H2,대출채권매매이익_무담보부,0,국내증권사,B,SF205,각주항목(09.06월 이후)
4719,202012,0010137,LS증권,A,채무보증,559385000000,국내증권사,B,SF205,각주항목(09.06월 이후)
4720,202012,0010137,LS증권,A1,채무보증_지급보증,0,국내증권사,B,SF205,각주항목(09.06월 이후)
4721,202012,0010137,LS증권,A2,채무보증_매입보장약정,499900000000,국내증권사,B,SF205,각주항목(09.06월 이후)
4722,202012,0010137,LS증권,A3,채무보증_채무인수약정, ,국내증권사,B,SF205,각주항목(09.06월 이후)
4723,202012,0010137,LS증권,A5,채무보증_매입확약,59485000000,국내증권사,B,SF205,각주항목(09.06월 이후)
4724,202012,0010137,LS증권,A6,채무보증_기타, ,국내증권사,B,SF205,각주항목(09.06월 이후)
4725,202012,0010137,LS증권,B,투자자의 예수증권 등,11017236342342,국내증권사,B,SF205,각주항목(09.06월 이후)
4726,202012,0010137,LS증권,B1,투자자의 예수증권 등_예수 증권,11017236342342,국내증권사,B,SF205,각주항목(09.06월 이후)
4727,202012,0010137,LS증권,B2,투자자의 예수증권 등_예수양도성예금증서, ,국내증권사,B,SF205,각주항목(09.06월 이후)
4728,202012,0010137,LS증권,B3,투자자의 예수증권 등_기타, ,국내증권사,B,SF205,각주항목(09.06월 이후)
4729,202012,0010137,LS증권,C,파생상품계약,2651607375020,국내증권사,B,SF205,각주항목(09.06월 이후)
4730,202012,0010137,LS증권,C1,파생상품계약_장내파생상품,2381896082199,국내증권사,B,SF205,각주항목(09.06월 이후)
4731,202012,0010137,LS증권,C11,파생상품계약_장내파생상품_이자율관련거래,411188040000,국내증권사,B,SF205,각주항목(09.06월 이후)
4732,202012,0010137,LS증권,C12,파생상품계약_장내파생상품_통화관련거래,184418445400,국내증권사,B,SF205,각주항목(09.06월 이후)
4733,202012,0010137,LS증권,C13,파생상품계약_장내파생상품_주식관련거래,1786289596799,국내증권사,B,SF205,각주항목(09.06월 이후)
4734,202012,0010137,LS증권,C14,파생상품계약_장내파생상품_일반상품관련거래,0,국내증권사,B,SF205,각주항목(09.06월 이후)
4735,202012,0010137,LS증권,C15,파생상품계약_장내파생상품_기타,0,국내증권사,B,SF205,각주항목(09.06월 이후)
4736,202012,0010137,LS증권,C2,파생상품계약_장외파생상품,269711292821,국내증권사,B,SF205,각주항목(09.06월 이후)
4737,202012,0010137,LS증권,C21,파생상품계약_장외파생상품_이자율관련거래,0,국내증권사,B,SF205,각주항목(09.06월 이후)
4738,202012,0010137,LS증권,C22,파생상품계약_장외파생상품_통화관련거래,269011292821,국내증권사,B,SF205,각주항목(09.06월 이후)
4739,202012,0010137,LS증권,C23,파생상품계약_장외파생상품_주식관련거래,0,국내증권사,B,SF205,각주항목(09.06월 이후)
4740,202012,0010137,LS증권,C24,파생상품계약_장외파생상품_신용관련거래,0,국내증권사,B,SF205,각주항목(09.06월 이후)
4741,202012,0010137,LS증권,C25,파생상품계약_장외파생상품_기타,700000000,국내증권사,B,SF205,각주항목(09.06월 이후)
4742,202012,0010137,LS증권,D,대차 및 대주거래,1066734711735,국내증권사,B,SF205,각주항목(09.06월 이후)
4743,202012,0010137,LS증권,D1,대차 및 대주거래_대여증권,580565381156,국내증권사,B,SF205,각주항목(09.06월 이후)
4744,202012,0010137,LS증권,D2,대차 및 대주거래_차입증권,486169330579,국내증권사,B,SF205,각주항목(09.06월 이후)
4745,202012,0010137,LS증권,D3,대차 및 대주거래_신용거래대주, ,국내증권사,B,SF205,각주항목(09.06월 이후)
4746,202012,0010137,LS증권,E,대손상각채권, ,국내증권사,B,SF205,각주항목(09.06월 이후)
4747,202012,0010137,LS증권,F,환전업무 예치금,0,국내증권사,B,SF205,각주항목(09.06월 이후)
4748,202012,0010137,LS증권,G,미배당별도예치금,2430767271,국내증권사,B,SF205,각주항목(09.06월 이후)
4749,202012,0010137,LS증권,H,배서어음매출(종금계정),0,국내증권사,B,SF205,각주항목(09.06월 이후)
4750,202012,0010137,LS증권,H1,대출채권매매이익_담보부,0,국내증권사,B,SF205,각주항목(09.06월 이후)
4751,202012,0010137,LS증권,H2,대출채권매매이익_무담보부,0,국내증권사,B,SF205,각주항목(09.06월 이후)
4752,202103,0010137,LS증권,A,채무보증,519185000000,국내증권사,B,SF205,각주항목(09.06월 이후)
4753,202103,0010137,LS증권,A1,채무보증_지급보증,0,국내증권사,B,SF205,각주항목(09.06월 이후)
4754,202103,0010137,LS증권,A2,채무보증_매입보장약정,464900000000,국내증권사,B,SF205,각주항목(09.06월 이후)
4755,202103,0010137,LS증권,A3,채무보증_채무인수약정, ,국내증권사,B,SF205,각주항목(09.06월 이후)
4756,202103,0010137,LS증권,A5,채무보증_매입확약,54285000000,국내증권사,B,SF205,각주항목(09.06월 이후)
4757,202103,0010137,LS증권,A6,채무보증_기타, ,국내증권사,B,SF205,각주항목(09.06월 이후)
4758,202103,0010137,LS증권,B,투자자의 예수증권 등,12480601288313,국내증권사,B,SF205,각주항목(09.06월 이후)
4759,202103,0010137,LS증권,B1,투자자의 예수증권 등_예수 증권,12480601288313,국내증권사,B,SF205,각주항목(09.06월 이후)
4760,202103,0010137,LS증권,B2,투자자의 예수증권 등_예수양도성예금증서, ,국내증권사,B,SF205,각주항목(09.06월 이후)
4761,202103,0010137,LS증권,B3,투자자의 예수증권 등_기타, ,국내증권사,B,SF205,각주항목(09.06월 이후)
4762,202103,0010137,LS증권,C,파생상품계약,2298319449544,국내증권사,B,SF205,각주항목(09.06월 이후)
4763,202103,0010137,LS증권,C1,파생상품계약_장내파생상품,2051319610969,국내증권사,B,SF205,각주항목(09.06월 이후)
4764,202103,0010137,LS증권,C11,파생상품계약_장내파생상품_이자율관련거래,365729640000,국내증권사,B,SF205,각주항목(09.06월 이후)
4765,202103,0010137,LS증권,C12,파생상품계약_장내파생상품_통화관련거래,124185944972,국내증권사,B,SF205,각주항목(09.06월 이후)
4766,202103,0010137,LS증권,C13,파생상품계약_장내파생상품_주식관련거래,1561404025997,국내증권사,B,SF205,각주항목(09.06월 이후)
4767,202103,0010137,LS증권,C14,파생상품계약_장내파생상품_일반상품관련거래,0,국내증권사,B,SF205,각주항목(09.06월 이후)
4768,202103,0010137,LS증권,C15,파생상품계약_장내파생상품_기타,0,국내증권사,B,SF205,각주항목(09.06월 이후)
4769,202103,0010137,LS증권,C2,파생상품계약_장외파생상품,246999838575,국내증권사,B,SF205,각주항목(09.06월 이후)
4770,202103,0010137,LS증권,C21,파생상품계약_장외파생상품_이자율관련거래,0,국내증권사,B,SF205,각주항목(09.06월 이후)
4771,202103,0010137,LS증권,C22,파생상품계약_장외파생상품_통화관련거래,243798741509,국내증권사,B,SF205,각주항목(09.06월 이후)
4772,202103,0010137,LS증권,C23,파생상품계약_장외파생상품_주식관련거래,1097066,국내증권사,B,SF205,각주항목(09.06월 이후)
4773,202103,0010137,LS증권,C24,파생상품계약_장외파생상품_신용관련거래,0,국내증권사,B,SF205,각주항목(09.06월 이후)
4774,202103,0010137,LS증권,C25,파생상품계약_장외파생상품_기타,3200000000,국내증권사,B,SF205,각주항목(09.06월 이후)
4775,202103,0010137,LS증권,D,대차 및 대주거래,1137600047938,국내증권사,B,SF205,각주항목(09.06월 이후)
4776,202103,0010137,LS증권,D1,대차 및 대주거래_대여증권,455046069432,국내증권사,B,SF205,각주항목(09.06월 이후)
4777,202103,0010137,LS증권,D2,대차 및 대주거래_차입증권,682553978506,국내증권사,B,SF205,각주항목(09.06월 이후)
4778,202103,0010137,LS증권,D3,대차 및 대주거래_신용거래대주, ,국내증권사,B,SF205,각주항목(09.06월 이후)
4779,202103,0010137,LS증권,E,대손상각채권, ,국내증권사,B,SF205,각주항목(09.06월 이후)
4780,202103,0010137,LS증권,F,환전업무 예치금,0,국내증권사,B,SF205,각주항목(09.06월 이후)
4781,202103,0010137,LS증권,G,미배당별도예치금,793934121,국내증권사,B,SF205,각주항목(09.06월 이후)
4782,202103,0010137,LS증권,H,배서어음매출(종금계정),0,국내증권사,B,SF205,각주항목(09.06월 이후)
4783,202103,0010137,LS증권,H1,대출채권매매이익_담보부,0,국내증권사,B,SF205,각주항목(09.06월 이후)
4784,202103,0010137,LS증권,H2,대출채권매매이익_무담보부,0,국내증권사,B,SF205,각주항목(09.06월 이후)
4785,202106,0010137,LS증권,A,채무보증,593534000000,국내증권사,B,SF205,각주항목(09.06월 이후)
4786,202106,0010137,LS증권,A1,채무보증_지급보증,0,국내증권사,B,SF205,각주항목(09.06월 이후)
4787,202106,0010137,LS증권,A2,채무보증_매입보장약정,532400000000,국내증권사,B,SF205,각주항목(09.06월 이후)
4788,202106,0010137,LS증권,A3,채무보증_채무인수약정, ,국내증권사,B,SF205,각주항목(09.06월 이후)
4789,202106,0010137,LS증권,A5,채무보증_매입확약,61134000000,국내증권사,B,SF205,각주항목(09.06월 이후)
4790,202106,0010137,LS증권,A6,채무보증_기타, ,국내증권사,B,SF205,각주항목(09.06월 이후)
4791,202106,0010137,LS증권,B,투자자의 예수증권 등,13780963552638,국내증권사,B,SF205,각주항목(09.06월 이후)
4792,202106,0010137,LS증권,B1,투자자의 예수증권 등_예수 증권,13780963552638,국내증권사,B,SF205,각주항목(09.06월 이후)
4793,202106,0010137,LS증권,B2,투자자의 예수증권 등_예수양도성예금증서, ,국내증권사,B,SF205,각주항목(09.06월 이후)
4794,202106,0010137,LS증권,B3,투자자의 예수증권 등_기타, ,국내증권사,B,SF205,각주항목(09.06월 이후)
4795,202106,0010137,LS증권,C,파생상품계약,3081234694460,국내증권사,B,SF205,각주항목(09.06월 이후)
4796,202106,0010137,LS증권,C1,파생상품계약_장내파생상품,2745357633110,국내증권사,B,SF205,각주항목(09.06월 이후)
4797,202106,0010137,LS증권,C11,파생상품계약_장내파생상품_이자율관련거래,195076560000,국내증권사,B,SF205,각주항목(09.06월 이후)
4798,202106,0010137,LS증권,C12,파생상품계약_장내파생상품_통화관련거래,182183110900,국내증권사,B,SF205,각주항목(09.06월 이후)
4799,202106,0010137,LS증권,C13,파생상품계약_장내파생상품_주식관련거래,2368097962210,국내증권사,B,SF205,각주항목(09.06월 이후)
4800,202106,0010137,LS증권,C14,파생상품계약_장내파생상품_일반상품관련거래,0,국내증권사,B,SF205,각주항목(09.06월 이후)
4801,202106,0010137,LS증권,C15,파생상품계약_장내파생상품_기타,0,국내증권사,B,SF205,각주항목(09.06월 이후)
4802,202106,0010137,LS증권,C2,파생상품계약_장외파생상품,335877061350,국내증권사,B,SF205,각주항목(09.06월 이후)
4803,202106,0010137,LS증권,C21,파생상품계약_장외파생상품_이자율관련거래,0,국내증권사,B,SF205,각주항목(09.06월 이후)
4804,202106,0010137,LS증권,C22,파생상품계약_장외파생상품_통화관련거래,326257525344,국내증권사,B,SF205,각주항목(09.06월 이후)
4805,202106,0010137,LS증권,C23,파생상품계약_장외파생상품_주식관련거래,6419536006,국내증권사,B,SF205,각주항목(09.06월 이후)
4806,202106,0010137,LS증권,C24,파생상품계약_장외파생상품_신용관련거래,0,국내증권사,B,SF205,각주항목(09.06월 이후)
4807,202106,0010137,LS증권,C25,파생상품계약_장외파생상품_기타,3200000000,국내증권사,B,SF205,각주항목(09.06월 이후)
4808,202106,0010137,LS증권,D,대차 및 대주거래,1464091144387,국내증권사,B,SF205,각주항목(09.06월 이후)
4809,202106,0010137,LS증권,D1,대차 및 대주거래_대여증권,545887356174,국내증권사,B,SF205,각주항목(09.06월 이후)
4810,202106,0010137,LS증권,D2,대차 및 대주거래_차입증권,918203788213,국내증권사,B,SF205,각주항목(09.06월 이후)
4811,202106,0010137,LS증권,D3,대차 및 대주거래_신용거래대주, ,국내증권사,B,SF205,각주항목(09.06월 이후)
4812,202106,0010137,LS증권,E,대손상각채권, ,국내증권사,B,SF205,각주항목(09.06월 이후)
4813,202106,0010137,LS증권,F,환전업무 예치금,0,국내증권사,B,SF205,각주항목(09.06월 이후)
4814,202106,0010137,LS증권,G,미배당별도예치금,1201667920,국내증권사,B,SF205,각주항목(09.06월 이후)
4815,202106,0010137,LS증권,H,배서어음매출(종금계정),0,국내증권사,B,SF205,각주항목(09.06월 이후)
4816,202106,0010137,LS증권,H1,대출채권매매이익_담보부,0,국내증권사,B,SF205,각주항목(09.06월 이후)
4817,202106,0010137,LS증권,H2,대출채권매매이익_무담보부,0,국내증권사,B,SF205,각주항목(09.06월 이후)
4818,202109,0010137,LS증권,A,채무보증,619685000000,국내증권사,B,SF205,각주항목(09.06월 이후)
4819,202109,0010137,LS증권,A1,채무보증_지급보증,0,국내증권사,B,SF205,각주항목(09.06월 이후)
4820,202109,0010137,LS증권,A2,채무보증_매입보장약정,567000000000,국내증권사,B,SF205,각주항목(09.06월 이후)
4821,202109,0010137,LS증권,A3,채무보증_채무인수약정, ,국내증권사,B,SF205,각주항목(09.06월 이후)
4822,202109,0010137,LS증권,A5,채무보증_매입확약,52685000000,국내증권사,B,SF205,각주항목(09.06월 이후)
4823,202109,0010137,LS증권,A6,채무보증_기타, ,국내증권사,B,SF205,각주항목(09.06월 이후)
4824,202109,0010137,LS증권,B,투자자의 예수증권 등,14402160302064,국내증권사,B,SF205,각주항목(09.06월 이후)
4825,202109,0010137,LS증권,B1,투자자의 예수증권 등_예수 증권,14402160302064,국내증권사,B,SF205,각주항목(09.06월 이후)
4826,202109,0010137,LS증권,B2,투자자의 예수증권 등_예수양도성예금증서, ,국내증권사,B,SF205,각주항목(09.06월 이후)
4827,202109,0010137,LS증권,B3,투자자의 예수증권 등_기타, ,국내증권사,B,SF205,각주항목(09.06월 이후)
4828,202109,0010137,LS증권,C,파생상품계약,2137396036512,국내증권사,B,SF205,각주항목(09.06월 이후)
4829,202109,0010137,LS증권,C1,파생상품계약_장내파생상품,1830744969047,국내증권사,B,SF205,각주항목(09.06월 이후)
4830,202109,0010137,LS증권,C11,파생상품계약_장내파생상품_이자율관련거래,181543000000,국내증권사,B,SF205,각주항목(09.06월 이후)
4831,202109,0010137,LS증권,C12,파생상품계약_장내파생상품_통화관련거래,91001464219,국내증권사,B,SF205,각주항목(09.06월 이후)
4832,202109,0010137,LS증권,C13,파생상품계약_장내파생상품_주식관련거래,1558200504828,국내증권사,B,SF205,각주항목(09.06월 이후)
4833,202109,0010137,LS증권,C14,파생상품계약_장내파생상품_일반상품관련거래,0,국내증권사,B,SF205,각주항목(09.06월 이후)
4834,202109,0010137,LS증권,C15,파생상품계약_장내파생상품_기타,0,국내증권사,B,SF205,각주항목(09.06월 이후)
4835,202109,0010137,LS증권,C2,파생상품계약_장외파생상품,306651067465,국내증권사,B,SF205,각주항목(09.06월 이후)
4836,202109,0010137,LS증권,C21,파생상품계약_장외파생상품_이자율관련거래,0,국내증권사,B,SF205,각주항목(09.06월 이후)
4837,202109,0010137,LS증권,C22,파생상품계약_장외파생상품_통화관련거래,223345636135,국내증권사,B,SF205,각주항목(09.06월 이후)
4838,202109,0010137,LS증권,C23,파생상품계약_장외파생상품_주식관련거래,80105431330,국내증권사,B,SF205,각주항목(09.06월 이후)
4839,202109,0010137,LS증권,C24,파생상품계약_장외파생상품_신용관련거래,0,국내증권사,B,SF205,각주항목(09.06월 이후)
4840,202109,0010137,LS증권,C25,파생상품계약_장외파생상품_기타,3200000000,국내증권사,B,SF205,각주항목(09.06월 이후)
4841,202109,0010137,LS증권,D,대차 및 대주거래,1375428306452,국내증권사,B,SF205,각주항목(09.06월 이후)
4842,202109,0010137,LS증권,D1,대차 및 대주거래_대여증권,585504444054,국내증권사,B,SF205,각주항목(09.06월 이후)
4843,202109,0010137,LS증권,D2,대차 및 대주거래_차입증권,789923862398,국내증권사,B,SF205,각주항목(09.06월 이후)
4844,202109,0010137,LS증권,D3,대차 및 대주거래_신용거래대주, ,국내증권사,B,SF205,각주항목(09.06월 이후)
4845,202109,0010137,LS증권,E,대손상각채권, ,국내증권사,B,SF205,각주항목(09.06월 이후)
4846,202109,0010137,LS증권,F,환전업무 예치금,0,국내증권사,B,SF205,각주항목(09.06월 이후)
4847,202109,0010137,LS증권,G,미배당별도예치금,1675778834,국내증권사,B,SF205,각주항목(09.06월 이후)
4848,202109,0010137,LS증권,H,배서어음매출(종금계정),0,국내증권사,B,SF205,각주항목(09.06월 이후)
4849,202109,0010137,LS증권,H1,대출채권매매이익_담보부,0,국내증권사,B,SF205,각주항목(09.06월 이후)
4850,202109,0010137,LS증권,H2,대출채권매매이익_무담보부,0,국내증권사,B,SF205,각주항목(09.06월 이후)
4851,202112,0010137,LS증권,A,채무보증,636100000000,국내증권사,B,SF205,각주항목(09.06월 이후)
4852,202112,0010137,LS증권,A1,채무보증_지급보증,0,국내증권사,B,SF205,각주항목(09.06월 이후)
4853,202112,0010137,LS증권,A2,채무보증_매입보장약정,584600000000,국내증권사,B,SF205,각주항목(09.06월 이후)
4854,202112,0010137,LS증권,A3,채무보증_채무인수약정, ,국내증권사,B,SF205,각주항목(09.06월 이후)
4855,202112,0010137,LS증권,A5,채무보증_매입확약,51500000000,국내증권사,B,SF205,각주항목(09.06월 이후)
4856,202112,0010137,LS증권,A6,채무보증_기타, ,국내증권사,B,SF205,각주항목(09.06월 이후)
4857,202112,0010137,LS증권,B,투자자의 예수증권 등,14894472832764,국내증권사,B,SF205,각주항목(09.06월 이후)
4858,202112,0010137,LS증권,B1,투자자의 예수증권 등_예수 증권,14894472832764,국내증권사,B,SF205,각주항목(09.06월 이후)
4859,202112,0010137,LS증권,B2,투자자의 예수증권 등_예수양도성예금증서, ,국내증권사,B,SF205,각주항목(09.06월 이후)
4860,202112,0010137,LS증권,B3,투자자의 예수증권 등_기타, ,국내증권사,B,SF205,각주항목(09.06월 이후)
4861,202112,0010137,LS증권,C,파생상품계약,1970241901322,국내증권사,B,SF205,각주항목(09.06월 이후)
4862,202112,0010137,LS증권,C1,파생상품계약_장내파생상품,1729820438053,국내증권사,B,SF205,각주항목(09.06월 이후)
4863,202112,0010137,LS증권,C11,파생상품계약_장내파생상품_이자율관련거래,354689620000,국내증권사,B,SF205,각주항목(09.06월 이후)
4864,202112,0010137,LS증권,C12,파생상품계약_장내파생상품_통화관련거래,170754347353,국내증권사,B,SF205,각주항목(09.06월 이후)
4865,202112,0010137,LS증권,C13,파생상품계약_장내파생상품_주식관련거래,1204376470700,국내증권사,B,SF205,각주항목(09.06월 이후)
4866,202112,0010137,LS증권,C14,파생상품계약_장내파생상품_일반상품관련거래,0,국내증권사,B,SF205,각주항목(09.06월 이후)
4867,202112,0010137,LS증권,C15,파생상품계약_장내파생상품_기타,0,국내증권사,B,SF205,각주항목(09.06월 이후)
4868,202112,0010137,LS증권,C2,파생상품계약_장외파생상품,240421463269,국내증권사,B,SF205,각주항목(09.06월 이후)
4869,202112,0010137,LS증권,C21,파생상품계약_장외파생상품_이자율관련거래,0,국내증권사,B,SF205,각주항목(09.06월 이후)
4870,202112,0010137,LS증권,C22,파생상품계약_장외파생상품_통화관련거래,234813490909,국내증권사,B,SF205,각주항목(09.06월 이후)
4871,202112,0010137,LS증권,C23,파생상품계약_장외파생상품_주식관련거래,3107972360,국내증권사,B,SF205,각주항목(09.06월 이후)
4872,202112,0010137,LS증권,C24,파생상품계약_장외파생상품_신용관련거래,0,국내증권사,B,SF205,각주항목(09.06월 이후)
4873,202112,0010137,LS증권,C25,파생상품계약_장외파생상품_기타,2500000000,국내증권사,B,SF205,각주항목(09.06월 이후)
4874,202112,0010137,LS증권,D,대차 및 대주거래,1280316372829,국내증권사,B,SF205,각주항목(09.06월 이후)
4875,202112,0010137,LS증권,D1,대차 및 대주거래_대여증권,626351107520,국내증권사,B,SF205,각주항목(09.06월 이후)
4876,202112,0010137,LS증권,D2,대차 및 대주거래_차입증권,653965265309,국내증권사,B,SF205,각주항목(09.06월 이후)
4877,202112,0010137,LS증권,D3,대차 및 대주거래_신용거래대주, ,국내증권사,B,SF205,각주항목(09.06월 이후)
4878,202112,0010137,LS증권,E,대손상각채권, ,국내증권사,B,SF205,각주항목(09.06월 이후)
4879,202112,0010137,LS증권,F,환전업무 예치금,0,국내증권사,B,SF205,각주항목(09.06월 이후)
4880,202112,0010137,LS증권,G,미배당별도예치금,1942753674,국내증권사,B,SF205,각주항목(09.06월 이후)
4881,202112,0010137,LS증권,H,배서어음매출(종금계정),0,국내증권사,B,SF205,각주항목(09.06월 이후)
4882,202112,0010137,LS증권,H1,대출채권매매이익_담보부,0,국내증권사,B,SF205,각주항목(09.06월 이후)
4883,202112,0010137,LS증권,H2,대출채권매매이익_무담보부,0,국내증권사,B,SF205,각주항목(09.06월 이후)
4884,202203,0010137,LS증권,A,채무보증,605500000000,국내증권사,B,SF205,각주항목(09.06월 이후)
4885,202203,0010137,LS증권,A1,채무보증_지급보증,0,국내증권사,B,SF205,각주항목(09.06월 이후)
4886,202203,0010137,LS증권,A2,채무보증_매입보장약정,556300000000,국내증권사,B,SF205,각주항목(09.06월 이후)
4887,202203,0010137,LS증권,A3,채무보증_채무인수약정, ,국내증권사,B,SF205,각주항목(09.06월 이후)
4888,202203,0010137,LS증권,A5,채무보증_매입확약,49200000000,국내증권사,B,SF205,각주항목(09.06월 이후)
4889,202203,0010137,LS증권,A6,채무보증_기타, ,국내증권사,B,SF205,각주항목(09.06월 이후)
4890,202203,0010137,LS증권,B,투자자의 예수증권 등,15946276924071,국내증권사,B,SF205,각주항목(09.06월 이후)
4891,202203,0010137,LS증권,B1,투자자의 예수증권 등_예수 증권,15946276924071,국내증권사,B,SF205,각주항목(09.06월 이후)
4892,202203,0010137,LS증권,B2,투자자의 예수증권 등_예수양도성예금증서, ,국내증권사,B,SF205,각주항목(09.06월 이후)
4893,202203,0010137,LS증권,B3,투자자의 예수증권 등_기타, ,국내증권사,B,SF205,각주항목(09.06월 이후)
4894,202203,0010137,LS증권,C,파생상품계약,1498983633113,국내증권사,B,SF205,각주항목(09.06월 이후)
4895,202203,0010137,LS증권,C1,파생상품계약_장내파생상품,1157764101668,국내증권사,B,SF205,각주항목(09.06월 이후)
4896,202203,0010137,LS증권,C11,파생상품계약_장내파생상품_이자율관련거래,223067340000,국내증권사,B,SF205,각주항목(09.06월 이후)
4897,202203,0010137,LS증권,C12,파생상품계약_장내파생상품_통화관련거래,160275329868,국내증권사,B,SF205,각주항목(09.06월 이후)
4898,202203,0010137,LS증권,C13,파생상품계약_장내파생상품_주식관련거래,774421431800,국내증권사,B,SF205,각주항목(09.06월 이후)
4899,202203,0010137,LS증권,C14,파생상품계약_장내파생상품_일반상품관련거래,0,국내증권사,B,SF205,각주항목(09.06월 이후)
4900,202203,0010137,LS증권,C15,파생상품계약_장내파생상품_기타,0,국내증권사,B,SF205,각주항목(09.06월 이후)
4901,202203,0010137,LS증권,C2,파생상품계약_장외파생상품,341219531445,국내증권사,B,SF205,각주항목(09.06월 이후)
4902,202203,0010137,LS증권,C21,파생상품계약_장외파생상품_이자율관련거래,0,국내증권사,B,SF205,각주항목(09.06월 이후)
4903,202203,0010137,LS증권,C22,파생상품계약_장외파생상품_통화관련거래,258114788440,국내증권사,B,SF205,각주항목(09.06월 이후)
4904,202203,0010137,LS증권,C23,파생상품계약_장외파생상품_주식관련거래,80604743005,국내증권사,B,SF205,각주항목(09.06월 이후)
4905,202203,0010137,LS증권,C24,파생상품계약_장외파생상품_신용관련거래,0,국내증권사,B,SF205,각주항목(09.06월 이후)
4906,202203,0010137,LS증권,C25,파생상품계약_장외파생상품_기타,2500000000,국내증권사,B,SF205,각주항목(09.06월 이후)
4907,202203,0010137,LS증권,D,대차 및 대주거래,1147968248432,국내증권사,B,SF205,각주항목(09.06월 이후)
4908,202203,0010137,LS증권,D1,대차 및 대주거래_대여증권,463603961399,국내증권사,B,SF205,각주항목(09.06월 이후)
4909,202203,0010137,LS증권,D2,대차 및 대주거래_차입증권,684364287033,국내증권사,B,SF205,각주항목(09.06월 이후)
4910,202203,0010137,LS증권,D3,대차 및 대주거래_신용거래대주, ,국내증권사,B,SF205,각주항목(09.06월 이후)
4911,202203,0010137,LS증권,E,대손상각채권, ,국내증권사,B,SF205,각주항목(09.06월 이후)
4912,202203,0010137,LS증권,F,환전업무 예치금,0,국내증권사,B,SF205,각주항목(09.06월 이후)
4913,202203,0010137,LS증권,G,미배당별도예치금,854720805,국내증권사,B,SF205,각주항목(09.06월 이후)
4914,202203,0010137,LS증권,H,배서어음매출(종금계정),0,국내증권사,B,SF205,각주항목(09.06월 이후)
4915,202203,0010137,LS증권,H1,대출채권매매이익_담보부,0,국내증권사,B,SF205,각주항목(09.06월 이후)
4916,202203,0010137,LS증권,H2,대출채권매매이익_무담보부,0,국내증권사,B,SF205,각주항목(09.06월 이후)
4917,202206,0010137,LS증권,A,채무보증,507157000000,국내증권사,B,SF205,각주항목(09.06월 이후)
4918,202206,0010137,LS증권,A1,채무보증_지급보증,0,국내증권사,B,SF205,각주항목(09.06월 이후)
4919,202206,0010137,LS증권,A2,채무보증_매입보장약정,476900000000,국내증권사,B,SF205,각주항목(09.06월 이후)
4920,202206,0010137,LS증권,A3,채무보증_채무인수약정, ,국내증권사,B,SF205,각주항목(09.06월 이후)
4921,202206,0010137,LS증권,A5,채무보증_매입확약,30257000000,국내증권사,B,SF205,각주항목(09.06월 이후)
4922,202206,0010137,LS증권,A6,채무보증_기타, ,국내증권사,B,SF205,각주항목(09.06월 이후)
4923,202206,0010137,LS증권,B,투자자의 예수증권 등,15652773539189,국내증권사,B,SF205,각주항목(09.06월 이후)
4924,202206,0010137,LS증권,B1,투자자의 예수증권 등_예수 증권,15652773539189,국내증권사,B,SF205,각주항목(09.06월 이후)
4925,202206,0010137,LS증권,B2,투자자의 예수증권 등_예수양도성예금증서, ,국내증권사,B,SF205,각주항목(09.06월 이후)
4926,202206,0010137,LS증권,B3,투자자의 예수증권 등_기타, ,국내증권사,B,SF205,각주항목(09.06월 이후)
4927,202206,0010137,LS증권,C,파생상품계약,1760987200472,국내증권사,B,SF205,각주항목(09.06월 이후)
4928,202206,0010137,LS증권,C1,파생상품계약_장내파생상품,1374281176993,국내증권사,B,SF205,각주항목(09.06월 이후)
4929,202206,0010137,LS증권,C11,파생상품계약_장내파생상품_이자율관련거래,213617620000,국내증권사,B,SF205,각주항목(09.06월 이후)
4930,202206,0010137,LS증권,C12,파생상품계약_장내파생상품_통화관련거래,89710902143,국내증권사,B,SF205,각주항목(09.06월 이후)
4931,202206,0010137,LS증권,C13,파생상품계약_장내파생상품_주식관련거래,1070952654850,국내증권사,B,SF205,각주항목(09.06월 이후)
4932,202206,0010137,LS증권,C14,파생상품계약_장내파생상품_일반상품관련거래,0,국내증권사,B,SF205,각주항목(09.06월 이후)
4933,202206,0010137,LS증권,C15,파생상품계약_장내파생상품_기타,0,국내증권사,B,SF205,각주항목(09.06월 이후)
4934,202206,0010137,LS증권,C2,파생상품계약_장외파생상품,386706023479,국내증권사,B,SF205,각주항목(09.06월 이후)
4935,202206,0010137,LS증권,C21,파생상품계약_장외파생상품_이자율관련거래,0,국내증권사,B,SF205,각주항목(09.06월 이후)
4936,202206,0010137,LS증권,C22,파생상품계약_장외파생상품_통화관련거래,252858367368,국내증권사,B,SF205,각주항목(09.06월 이후)
4937,202206,0010137,LS증권,C23,파생상품계약_장외파생상품_주식관련거래,131347656111,국내증권사,B,SF205,각주항목(09.06월 이후)
4938,202206,0010137,LS증권,C24,파생상품계약_장외파생상품_신용관련거래,0,국내증권사,B,SF205,각주항목(09.06월 이후)
4939,202206,0010137,LS증권,C25,파생상품계약_장외파생상품_기타,2500000000,국내증권사,B,SF205,각주항목(09.06월 이후)
4940,202206,0010137,LS증권,D,대차 및 대주거래,1151684720422,국내증권사,B,SF205,각주항목(09.06월 이후)
4941,202206,0010137,LS증권,D1,대차 및 대주거래_대여증권,503439664748,국내증권사,B,SF205,각주항목(09.06월 이후)
4942,202206,0010137,LS증권,D2,대차 및 대주거래_차입증권,648245055674,국내증권사,B,SF205,각주항목(09.06월 이후)
4943,202206,0010137,LS증권,D3,대차 및 대주거래_신용거래대주, ,국내증권사,B,SF205,각주항목(09.06월 이후)
4944,202206,0010137,LS증권,E,대손상각채권, ,국내증권사,B,SF205,각주항목(09.06월 이후)
4945,202206,0010137,LS증권,F,환전업무 예치금,0,국내증권사,B,SF205,각주항목(09.06월 이후)
4946,202206,0010137,LS증권,G,미배당별도예치금,1220219947,국내증권사,B,SF205,각주항목(09.06월 이후)
4947,202206,0010137,LS증권,H,배서어음매출(종금계정),0,국내증권사,B,SF205,각주항목(09.06월 이후)
4948,202206,0010137,LS증권,H1,대출채권매매이익_담보부,0,국내증권사,B,SF205,각주항목(09.06월 이후)
4949,202206,0010137,LS증권,H2,대출채권매매이익_무담보부,0,국내증권사,B,SF205,각주항목(09.06월 이후)
4950,202209,0010137,LS증권,A,채무보증,501895000000,국내증권사,B,SF205,각주항목(09.06월 이후)
4951,202209,0010137,LS증권,A1,채무보증_지급보증,0,국내증권사,B,SF205,각주항목(09.06월 이후)
4952,202209,0010137,LS증권,A2,채무보증_매입보장약정,445900000000,국내증권사,B,SF205,각주항목(09.06월 이후)
4953,202209,0010137,LS증권,A3,채무보증_채무인수약정, ,국내증권사,B,SF205,각주항목(09.06월 이후)
4954,202209,0010137,LS증권,A5,채무보증_매입확약,55995000000,국내증권사,B,SF205,각주항목(09.06월 이후)
4955,202209,0010137,LS증권,A6,채무보증_기타, ,국내증권사,B,SF205,각주항목(09.06월 이후)
4956,202209,0010137,LS증권,B,투자자의 예수증권 등,15698024822270,국내증권사,B,SF205,각주항목(09.06월 이후)
4957,202209,0010137,LS증권,B1,투자자의 예수증권 등_예수 증권,15698024822270,국내증권사,B,SF205,각주항목(09.06월 이후)
4958,202209,0010137,LS증권,B2,투자자의 예수증권 등_예수양도성예금증서, ,국내증권사,B,SF205,각주항목(09.06월 이후)
4959,202209,0010137,LS증권,B3,투자자의 예수증권 등_기타, ,국내증권사,B,SF205,각주항목(09.06월 이후)
4960,202209,0010137,LS증권,C,파생상품계약,2248732468451,국내증권사,B,SF205,각주항목(09.06월 이후)
4961,202209,0010137,LS증권,C1,파생상품계약_장내파생상품,1952732653373,국내증권사,B,SF205,각주항목(09.06월 이후)
4962,202209,0010137,LS증권,C11,파생상품계약_장내파생상품_이자율관련거래,160517920000,국내증권사,B,SF205,각주항목(09.06월 이후)
4963,202209,0010137,LS증권,C12,파생상품계약_장내파생상품_통화관련거래,154408528513,국내증권사,B,SF205,각주항목(09.06월 이후)
4964,202209,0010137,LS증권,C13,파생상품계약_장내파생상품_주식관련거래,1637806204860,국내증권사,B,SF205,각주항목(09.06월 이후)
4965,202209,0010137,LS증권,C14,파생상품계약_장내파생상품_일반상품관련거래,0,국내증권사,B,SF205,각주항목(09.06월 이후)
4966,202209,0010137,LS증권,C15,파생상품계약_장내파생상품_기타,0,국내증권사,B,SF205,각주항목(09.06월 이후)
4967,202209,0010137,LS증권,C2,파생상품계약_장외파생상품,295999815078,국내증권사,B,SF205,각주항목(09.06월 이후)
4968,202209,0010137,LS증권,C21,파생상품계약_장외파생상품_이자율관련거래,0,국내증권사,B,SF205,각주항목(09.06월 이후)
4969,202209,0010137,LS증권,C22,파생상품계약_장외파생상품_통화관련거래,263362108104,국내증권사,B,SF205,각주항목(09.06월 이후)
4970,202209,0010137,LS증권,C23,파생상품계약_장외파생상품_주식관련거래,30137706974,국내증권사,B,SF205,각주항목(09.06월 이후)
4971,202209,0010137,LS증권,C24,파생상품계약_장외파생상품_신용관련거래,0,국내증권사,B,SF205,각주항목(09.06월 이후)
4972,202209,0010137,LS증권,C25,파생상품계약_장외파생상품_기타,2500000000,국내증권사,B,SF205,각주항목(09.06월 이후)
4973,202209,0010137,LS증권,D,대차 및 대주거래,1141978544066,국내증권사,B,SF205,각주항목(09.06월 이후)
4974,202209,0010137,LS증권,D1,대차 및 대주거래_대여증권,431443909607,국내증권사,B,SF205,각주항목(09.06월 이후)
4975,202209,0010137,LS증권,D2,대차 및 대주거래_차입증권,710534634459,국내증권사,B,SF205,각주항목(09.06월 이후)
4976,202209,0010137,LS증권,D3,대차 및 대주거래_신용거래대주, ,국내증권사,B,SF205,각주항목(09.06월 이후)
4977,202209,0010137,LS증권,E,대손상각채권, ,국내증권사,B,SF205,각주항목(09.06월 이후)
4978,202209,0010137,LS증권,F,환전업무 예치금,0,국내증권사,B,SF205,각주항목(09.06월 이후)
4979,202209,0010137,LS증권,G,미배당별도예치금,1584415367,국내증권사,B,SF205,각주항목(09.06월 이후)
4980,202209,0010137,LS증권,H,배서어음매출(종금계정),0,국내증권사,B,SF205,각주항목(09.06월 이후)
4981,202209,0010137,LS증권,H1,대출채권매매이익_담보부, ,국내증권사,B,SF205,각주항목(09.06월 이후)
4982,202209,0010137,LS증권,H2,대출채권매매이익_무담보부, ,국내증권사,B,SF205,각주항목(09.06월 이후)
4983,202212,0010137,LS증권,A,채무보증,495178242778,국내증권사,B,SF205,각주항목(09.06월 이후)
4984,202212,0010137,LS증권,A1,채무보증_지급보증,0,국내증권사,B,SF205,각주항목(09.06월 이후)
4985,202212,0010137,LS증권,A2,채무보증_매입보장약정,442900000000,국내증권사,B,SF205,각주항목(09.06월 이후)
4986,202212,0010137,LS증권,A3,채무보증_채무인수약정, ,국내증권사,B,SF205,각주항목(09.06월 이후)
4987,202212,0010137,LS증권,A5,채무보증_매입확약,52278242778,국내증권사,B,SF205,각주항목(09.06월 이후)
4988,202212,0010137,LS증권,A6,채무보증_기타, ,국내증권사,B,SF205,각주항목(09.06월 이후)
4989,202212,0010137,LS증권,B,투자자의 예수증권 등,17299988969651,국내증권사,B,SF205,각주항목(09.06월 이후)
4990,202212,0010137,LS증권,B1,투자자의 예수증권 등_예수 증권,17299988969651,국내증권사,B,SF205,각주항목(09.06월 이후)
4991,202212,0010137,LS증권,B2,투자자의 예수증권 등_예수양도성예금증서, ,국내증권사,B,SF205,각주항목(09.06월 이후)
4992,202212,0010137,LS증권,B3,투자자의 예수증권 등_기타, ,국내증권사,B,SF205,각주항목(09.06월 이후)
4993,202212,0010137,LS증권,C,파생상품계약,2504227740661,국내증권사,B,SF205,각주항목(09.06월 이후)
4994,202212,0010137,LS증권,C1,파생상품계약_장내파생상품,2287736485365,국내증권사,B,SF205,각주항목(09.06월 이후)
4995,202212,0010137,LS증권,C11,파생상품계약_장내파생상품_이자율관련거래,143022010000,국내증권사,B,SF205,각주항목(09.06월 이후)
4996,202212,0010137,LS증권,C12,파생상품계약_장내파생상품_통화관련거래,277616084826,국내증권사,B,SF205,각주항목(09.06월 이후)
4997,202212,0010137,LS증권,C13,파생상품계약_장내파생상품_주식관련거래,1867098390539,국내증권사,B,SF205,각주항목(09.06월 이후)
4998,202212,0010137,LS증권,C14,파생상품계약_장내파생상품_일반상품관련거래,0,국내증권사,B,SF205,각주항목(09.06월 이후)
4999,202212,0010137,LS증권,C15,파생상품계약_장내파생상품_기타,0,국내증권사,B,SF205,각주항목(09.06월 이후)
5000,202212,0010137,LS증권,C2,파생상품계약_장외파생상품,216491255296,국내증권사,B,SF205,각주항목(09.06월 이후)
5001,202212,0010137,LS증권,C21,파생상품계약_장외파생상품_이자율관련거래,0,국내증권사,B,SF205,각주항목(09.06월 이후)
5002,202212,0010137,LS증권,C22,파생상품계약_장외파생상품_통화관련거래,173528765686,국내증권사,B,SF205,각주항목(09.06월 이후)
5003,202212,0010137,LS증권,C23,파생상품계약_장외파생상품_주식관련거래,40462489610,국내증권사,B,SF205,각주항목(09.06월 이후)
5004,202212,0010137,LS증권,C24,파생상품계약_장외파생상품_신용관련거래,0,국내증권사,B,SF205,각주항목(09.06월 이후)
5005,202212,0010137,LS증권,C25,파생상품계약_장외파생상품_기타,2500000000,국내증권사,B,SF205,각주항목(09.06월 이후)
5006,202212,0010137,LS증권,D,대차 및 대주거래,950658252999,국내증권사,B,SF205,각주항목(09.06월 이후)
5007,202212,0010137,LS증권,D1,대차 및 대주거래_대여증권,307456040436,국내증권사,B,SF205,각주항목(09.06월 이후)
5008,202212,0010137,LS증권,D2,대차 및 대주거래_차입증권,643202212563,국내증권사,B,SF205,각주항목(09.06월 이후)
5009,202212,0010137,LS증권,D3,대차 및 대주거래_신용거래대주, ,국내증권사,B,SF205,각주항목(09.06월 이후)
5010,202212,0010137,LS증권,E,대손상각채권, ,국내증권사,B,SF205,각주항목(09.06월 이후)
5011,202212,0010137,LS증권,F,환전업무 예치금,0,국내증권사,B,SF205,각주항목(09.06월 이후)
5012,202212,0010137,LS증권,G,미배당별도예치금,1674925035,국내증권사,B,SF205,각주항목(09.06월 이후)
5013,202212,0010137,LS증권,H,배서어음매출(종금계정),0,국내증권사,B,SF205,각주항목(09.06월 이후)
5014,202212,0010137,LS증권,H1,대출채권매매이익_담보부,0,국내증권사,B,SF205,각주항목(09.06월 이후)
5015,202212,0010137,LS증권,H2,대출채권매매이익_무담보부,0,국내증권사,B,SF205,각주항목(09.06월 이후)
5016,202303,0010137,LS증권,A,채무보증,437783242718,국내증권사,B,SF205,각주항목(09.06월 이후)
5017,202303,0010137,LS증권,A1,채무보증_지급보증,0,국내증권사,B,SF205,각주항목(09.06월 이후)
5018,202303,0010137,LS증권,A2,채무보증_매입보장약정,393400000000,국내증권사,B,SF205,각주항목(09.06월 이후)
5019,202303,0010137,LS증권,A3,채무보증_채무인수약정, ,국내증권사,B,SF205,각주항목(09.06월 이후)
5020,202303,0010137,LS증권,A5,채무보증_매입확약,44383242718,국내증권사,B,SF205,각주항목(09.06월 이후)
5021,202303,0010137,LS증권,A6,채무보증_기타, ,국내증권사,B,SF205,각주항목(09.06월 이후)
5022,202303,0010137,LS증권,B,투자자의 예수증권 등,18172954866271,국내증권사,B,SF205,각주항목(09.06월 이후)
5023,202303,0010137,LS증권,B1,투자자의 예수증권 등_예수 증권,18172954866271,국내증권사,B,SF205,각주항목(09.06월 이후)
5024,202303,0010137,LS증권,B2,투자자의 예수증권 등_예수양도성예금증서, ,국내증권사,B,SF205,각주항목(09.06월 이후)
5025,202303,0010137,LS증권,B3,투자자의 예수증권 등_기타, ,국내증권사,B,SF205,각주항목(09.06월 이후)
5026,202303,0010137,LS증권,C,파생상품계약,2072574849579,국내증권사,B,SF205,각주항목(09.06월 이후)
5027,202303,0010137,LS증권,C1,파생상품계약_장내파생상품,1490633021400,국내증권사,B,SF205,각주항목(09.06월 이후)
5028,202303,0010137,LS증권,C11,파생상품계약_장내파생상품_이자율관련거래,272467650000,국내증권사,B,SF205,각주항목(09.06월 이후)
5029,202303,0010137,LS증권,C12,파생상품계약_장내파생상품_통화관련거래,310300231435,국내증권사,B,SF205,각주항목(09.06월 이후)
5030,202303,0010137,LS증권,C13,파생상품계약_장내파생상품_주식관련거래,907865139965,국내증권사,B,SF205,각주항목(09.06월 이후)
5031,202303,0010137,LS증권,C14,파생상품계약_장내파생상품_일반상품관련거래,0,국내증권사,B,SF205,각주항목(09.06월 이후)
5032,202303,0010137,LS증권,C15,파생상품계약_장내파생상품_기타,0,국내증권사,B,SF205,각주항목(09.06월 이후)
5033,202303,0010137,LS증권,C2,파생상품계약_장외파생상품,581941828179,국내증권사,B,SF205,각주항목(09.06월 이후)
5034,202303,0010137,LS증권,C21,파생상품계약_장외파생상품_이자율관련거래,0,국내증권사,B,SF205,각주항목(09.06월 이후)
5035,202303,0010137,LS증권,C22,파생상품계약_장외파생상품_통화관련거래,555635861965,국내증권사,B,SF205,각주항목(09.06월 이후)
5036,202303,0010137,LS증권,C23,파생상품계약_장외파생상품_주식관련거래,23805966214,국내증권사,B,SF205,각주항목(09.06월 이후)
5037,202303,0010137,LS증권,C24,파생상품계약_장외파생상품_신용관련거래,0,국내증권사,B,SF205,각주항목(09.06월 이후)
5038,202303,0010137,LS증권,C25,파생상품계약_장외파생상품_기타,2500000000,국내증권사,B,SF205,각주항목(09.06월 이후)
5039,202303,0010137,LS증권,D,대차 및 대주거래,1357864814270,국내증권사,B,SF205,각주항목(09.06월 이후)
5040,202303,0010137,LS증권,D1,대차 및 대주거래_대여증권,510960058075,국내증권사,B,SF205,각주항목(09.06월 이후)
5041,202303,0010137,LS증권,D2,대차 및 대주거래_차입증권,846904756195,국내증권사,B,SF205,각주항목(09.06월 이후)
5042,202303,0010137,LS증권,D3,대차 및 대주거래_신용거래대주, ,국내증권사,B,SF205,각주항목(09.06월 이후)
5043,202303,0010137,LS증권,E,대손상각채권, ,국내증권사,B,SF205,각주항목(09.06월 이후)
5044,202303,0010137,LS증권,F,환전업무 예치금,0,국내증권사,B,SF205,각주항목(09.06월 이후)
5045,202303,0010137,LS증권,G,미배당별도예치금,1942551486,국내증권사,B,SF205,각주항목(09.06월 이후)
5046,202303,0010137,LS증권,H,배서어음매출(종금계정),0,국내증권사,B,SF205,각주항목(09.06월 이후)
5047,202303,0010137,LS증권,H1,대출채권매매이익_담보부, ,국내증권사,B,SF205,각주항목(09.06월 이후)
5048,202303,0010137,LS증권,H2,대출채권매매이익_무담보부, ,국내증권사,B,SF205,각주항목(09.06월 이후)
5049,202306,0010137,LS증권,A,채무보증,512742442718,국내증권사,B,SF205,각주항목(09.06월 이후)
5050,202306,0010137,LS증권,A1,채무보증_지급보증,0,국내증권사,B,SF205,각주항목(09.06월 이후)
5051,202306,0010137,LS증권,A2,채무보증_매입보장약정,471900000000,국내증권사,B,SF205,각주항목(09.06월 이후)
5052,202306,0010137,LS증권,A3,채무보증_채무인수약정, ,국내증권사,B,SF205,각주항목(09.06월 이후)
5053,202306,0010137,LS증권,A5,채무보증_매입확약,40842442718,국내증권사,B,SF205,각주항목(09.06월 이후)
5054,202306,0010137,LS증권,A6,채무보증_기타, ,국내증권사,B,SF205,각주항목(09.06월 이후)
5055,202306,0010137,LS증권,B,투자자의 예수증권 등,17766513063519,국내증권사,B,SF205,각주항목(09.06월 이후)
5056,202306,0010137,LS증권,B1,투자자의 예수증권 등_예수 증권,17766513063519,국내증권사,B,SF205,각주항목(09.06월 이후)
5057,202306,0010137,LS증권,B2,투자자의 예수증권 등_예수양도성예금증서, ,국내증권사,B,SF205,각주항목(09.06월 이후)
5058,202306,0010137,LS증권,B3,투자자의 예수증권 등_기타, ,국내증권사,B,SF205,각주항목(09.06월 이후)
5059,202306,0010137,LS증권,C,파생상품계약,2550382551471,국내증권사,B,SF205,각주항목(09.06월 이후)
5060,202306,0010137,LS증권,C1,파생상품계약_장내파생상품,2197561989185,국내증권사,B,SF205,각주항목(09.06월 이후)
5061,202306,0010137,LS증권,C11,파생상품계약_장내파생상품_이자율관련거래,789781500000,국내증권사,B,SF205,각주항목(09.06월 이후)
5062,202306,0010137,LS증권,C12,파생상품계약_장내파생상품_통화관련거래,251290300585,국내증권사,B,SF205,각주항목(09.06월 이후)
5063,202306,0010137,LS증권,C13,파생상품계약_장내파생상품_주식관련거래,1156490188600,국내증권사,B,SF205,각주항목(09.06월 이후)
5064,202306,0010137,LS증권,C14,파생상품계약_장내파생상품_일반상품관련거래,0,국내증권사,B,SF205,각주항목(09.06월 이후)
5065,202306,0010137,LS증권,C15,파생상품계약_장내파생상품_기타,0,국내증권사,B,SF205,각주항목(09.06월 이후)
5066,202306,0010137,LS증권,C2,파생상품계약_장외파생상품,352820562286,국내증권사,B,SF205,각주항목(09.06월 이후)
5067,202306,0010137,LS증권,C21,파생상품계약_장외파생상품_이자율관련거래,0,국내증권사,B,SF205,각주항목(09.06월 이후)
5068,202306,0010137,LS증권,C22,파생상품계약_장외파생상품_통화관련거래,343057170638,국내증권사,B,SF205,각주항목(09.06월 이후)
5069,202306,0010137,LS증권,C23,파생상품계약_장외파생상품_주식관련거래,7263391648,국내증권사,B,SF205,각주항목(09.06월 이후)
5070,202306,0010137,LS증권,C24,파생상품계약_장외파생상품_신용관련거래,0,국내증권사,B,SF205,각주항목(09.06월 이후)
5071,202306,0010137,LS증권,C25,파생상품계약_장외파생상품_기타,2500000000,국내증권사,B,SF205,각주항목(09.06월 이후)
5072,202306,0010137,LS증권,D,대차 및 대주거래,904022325732,국내증권사,B,SF205,각주항목(09.06월 이후)
5073,202306,0010137,LS증권,D1,대차 및 대주거래_대여증권,506797996677,국내증권사,B,SF205,각주항목(09.06월 이후)
5074,202306,0010137,LS증권,D2,대차 및 대주거래_차입증권,397224329055,국내증권사,B,SF205,각주항목(09.06월 이후)
5075,202306,0010137,LS증권,D3,대차 및 대주거래_신용거래대주, ,국내증권사,B,SF205,각주항목(09.06월 이후)
5076,202306,0010137,LS증권,E,대손상각채권,2000000000,국내증권사,B,SF205,각주항목(09.06월 이후)
5077,202306,0010137,LS증권,F,환전업무 예치금,0,국내증권사,B,SF205,각주항목(09.06월 이후)
5078,202306,0010137,LS증권,G,미배당별도예치금,2326732584,국내증권사,B,SF205,각주항목(09.06월 이후)
5079,202306,0010137,LS증권,H,배서어음매출(종금계정),0,국내증권사,B,SF205,각주항목(09.06월 이후)
5080,202306,0010137,LS증권,H1,대출채권매매이익_담보부,0,국내증권사,B,SF205,각주항목(09.06월 이후)
5081,202306,0010137,LS증권,H2,대출채권매매이익_무담보부,0,국내증권사,B,SF205,각주항목(09.06월 이후)
5082,202309,0010137,LS증권,A,채무보증,517972442718,국내증권사,B,SF205,각주항목(09.06월 이후)
5083,202309,0010137,LS증권,A1,채무보증_지급보증,0,국내증권사,B,SF205,각주항목(09.06월 이후)
5084,202309,0010137,LS증권,A2,채무보증_매입보장약정,480700000000,국내증권사,B,SF205,각주항목(09.06월 이후)
5085,202309,0010137,LS증권,A3,채무보증_채무인수약정, ,국내증권사,B,SF205,각주항목(09.06월 이후)
5086,202309,0010137,LS증권,A5,채무보증_매입확약,37272442718,국내증권사,B,SF205,각주항목(09.06월 이후)
5087,202309,0010137,LS증권,A6,채무보증_기타, ,국내증권사,B,SF205,각주항목(09.06월 이후)
5088,202309,0010137,LS증권,B,투자자의 예수증권 등,18091858367987,국내증권사,B,SF205,각주항목(09.06월 이후)
5089,202309,0010137,LS증권,B1,투자자의 예수증권 등_예수 증권,18091858367987,국내증권사,B,SF205,각주항목(09.06월 이후)
5090,202309,0010137,LS증권,B2,투자자의 예수증권 등_예수양도성예금증서, ,국내증권사,B,SF205,각주항목(09.06월 이후)
5091,202309,0010137,LS증권,B3,투자자의 예수증권 등_기타, ,국내증권사,B,SF205,각주항목(09.06월 이후)
5092,202309,0010137,LS증권,C,파생상품계약,1511110400708,국내증권사,B,SF205,각주항목(09.06월 이후)
5093,202309,0010137,LS증권,C1,파생상품계약_장내파생상품,1202372083000,국내증권사,B,SF205,각주항목(09.06월 이후)
5094,202309,0010137,LS증권,C11,파생상품계약_장내파생상품_이자율관련거래,352520640000,국내증권사,B,SF205,각주항목(09.06월 이후)
5095,202309,0010137,LS증권,C12,파생상품계약_장내파생상품_통화관련거래,322774932450,국내증권사,B,SF205,각주항목(09.06월 이후)
5096,202309,0010137,LS증권,C13,파생상품계약_장내파생상품_주식관련거래,527076510550,국내증권사,B,SF205,각주항목(09.06월 이후)
5097,202309,0010137,LS증권,C14,파생상품계약_장내파생상품_일반상품관련거래,0,국내증권사,B,SF205,각주항목(09.06월 이후)
5098,202309,0010137,LS증권,C15,파생상품계약_장내파생상품_기타,0,국내증권사,B,SF205,각주항목(09.06월 이후)
5099,202309,0010137,LS증권,C2,파생상품계약_장외파생상품,308738317708,국내증권사,B,SF205,각주항목(09.06월 이후)
5100,202309,0010137,LS증권,C21,파생상품계약_장외파생상품_이자율관련거래,0,국내증권사,B,SF205,각주항목(09.06월 이후)
5101,202309,0010137,LS증권,C22,파생상품계약_장외파생상품_통화관련거래,285497220063,국내증권사,B,SF205,각주항목(09.06월 이후)
5102,202309,0010137,LS증권,C23,파생상품계약_장외파생상품_주식관련거래,20741097645,국내증권사,B,SF205,각주항목(09.06월 이후)
5103,202309,0010137,LS증권,C24,파생상품계약_장외파생상품_신용관련거래,0,국내증권사,B,SF205,각주항목(09.06월 이후)
5104,202309,0010137,LS증권,C25,파생상품계약_장외파생상품_기타,2500000000,국내증권사,B,SF205,각주항목(09.06월 이후)
5105,202309,0010137,LS증권,D,대차 및 대주거래,1135275920106,국내증권사,B,SF205,각주항목(09.06월 이후)
5106,202309,0010137,LS증권,D1,대차 및 대주거래_대여증권,499422800864,국내증권사,B,SF205,각주항목(09.06월 이후)
5107,202309,0010137,LS증권,D2,대차 및 대주거래_차입증권,635853119242,국내증권사,B,SF205,각주항목(09.06월 이후)
5108,202309,0010137,LS증권,D3,대차 및 대주거래_신용거래대주, ,국내증권사,B,SF205,각주항목(09.06월 이후)
5109,202309,0010137,LS증권,E,대손상각채권,2000000000,국내증권사,B,SF205,각주항목(09.06월 이후)
5110,202309,0010137,LS증권,F,환전업무 예치금,0,국내증권사,B,SF205,각주항목(09.06월 이후)
5111,202309,0010137,LS증권,G,미배당별도예치금,2728606711,국내증권사,B,SF205,각주항목(09.06월 이후)
5112,202309,0010137,LS증권,H,배서어음매출(종금계정),0,국내증권사,B,SF205,각주항목(09.06월 이후)
5113,202309,0010137,LS증권,H1,대출채권매매이익_담보부, ,국내증권사,B,SF205,각주항목(09.06월 이후)
5114,202309,0010137,LS증권,H2,대출채권매매이익_무담보부, ,국내증권사,B,SF205,각주항목(09.06월 이후)
5115,202312,0010137,LS증권,A,채무보증,432932442718,국내증권사,B,SF205,각주항목(09.06월 이후)
5116,202312,0010137,LS증권,A1,채무보증_지급보증,0,국내증권사,B,SF205,각주항목(09.06월 이후)
5117,202312,0010137,LS증권,A2,채무보증_매입보장약정,400300000000,국내증권사,B,SF205,각주항목(09.06월 이후)
5118,202312,0010137,LS증권,A3,채무보증_채무인수약정, ,국내증권사,B,SF205,각주항목(09.06월 이후)
5119,202312,0010137,LS증권,A5,채무보증_매입확약,32632442718,국내증권사,B,SF205,각주항목(09.06월 이후)
5120,202312,0010137,LS증권,A6,채무보증_기타, ,국내증권사,B,SF205,각주항목(09.06월 이후)
5121,202312,0010137,LS증권,B,투자자의 예수증권 등,19288019909035,국내증권사,B,SF205,각주항목(09.06월 이후)
5122,202312,0010137,LS증권,B1,투자자의 예수증권 등_예수 증권,19288019909035,국내증권사,B,SF205,각주항목(09.06월 이후)
5123,202312,0010137,LS증권,B2,투자자의 예수증권 등_예수양도성예금증서, ,국내증권사,B,SF205,각주항목(09.06월 이후)
5124,202312,0010137,LS증권,B3,투자자의 예수증권 등_기타, ,국내증권사,B,SF205,각주항목(09.06월 이후)
5125,202312,0010137,LS증권,C,파생상품계약,1340209461198,국내증권사,B,SF205,각주항목(09.06월 이후)
5126,202312,0010137,LS증권,C1,파생상품계약_장내파생상품,1206502362043,국내증권사,B,SF205,각주항목(09.06월 이후)
5127,202312,0010137,LS증권,C11,파생상품계약_장내파생상품_이자율관련거래,440769210000,국내증권사,B,SF205,각주항목(09.06월 이후)
5128,202312,0010137,LS증권,C12,파생상품계약_장내파생상품_통화관련거래,433168434563,국내증권사,B,SF205,각주항목(09.06월 이후)
5129,202312,0010137,LS증권,C13,파생상품계약_장내파생상품_주식관련거래,332564717480,국내증권사,B,SF205,각주항목(09.06월 이후)
5130,202312,0010137,LS증권,C14,파생상품계약_장내파생상품_일반상품관련거래,0,국내증권사,B,SF205,각주항목(09.06월 이후)
5131,202312,0010137,LS증권,C15,파생상품계약_장내파생상품_기타,0,국내증권사,B,SF205,각주항목(09.06월 이후)
5132,202312,0010137,LS증권,C2,파생상품계약_장외파생상품,133707099155,국내증권사,B,SF205,각주항목(09.06월 이후)
5133,202312,0010137,LS증권,C21,파생상품계약_장외파생상품_이자율관련거래,0,국내증권사,B,SF205,각주항목(09.06월 이후)
5134,202312,0010137,LS증권,C22,파생상품계약_장외파생상품_통화관련거래,117026228092,국내증권사,B,SF205,각주항목(09.06월 이후)
5135,202312,0010137,LS증권,C23,파생상품계약_장외파생상품_주식관련거래,14180871063,국내증권사,B,SF205,각주항목(09.06월 이후)
5136,202312,0010137,LS증권,C24,파생상품계약_장외파생상품_신용관련거래,0,국내증권사,B,SF205,각주항목(09.06월 이후)
5137,202312,0010137,LS증권,C25,파생상품계약_장외파생상품_기타,2500000000,국내증권사,B,SF205,각주항목(09.06월 이후)
5138,202312,0010137,LS증권,D,대차 및 대주거래,1287182439595,국내증권사,B,SF205,각주항목(09.06월 이후)
5139,202312,0010137,LS증권,D1,대차 및 대주거래_대여증권,367820273762,국내증권사,B,SF205,각주항목(09.06월 이후)
5140,202312,0010137,LS증권,D2,대차 및 대주거래_차입증권,919362165833,국내증권사,B,SF205,각주항목(09.06월 이후)
5141,202312,0010137,LS증권,D3,대차 및 대주거래_신용거래대주, ,국내증권사,B,SF205,각주항목(09.06월 이후)
5142,202312,0010137,LS증권,E,대손상각채권,12000000000,국내증권사,B,SF205,각주항목(09.06월 이후)
5143,202312,0010137,LS증권,F,환전업무 예치금,0,국내증권사,B,SF205,각주항목(09.06월 이후)
5144,202312,0010137,LS증권,G,미배당별도예치금,2575036589,국내증권사,B,SF205,각주항목(09.06월 이후)
5145,202312,0010137,LS증권,H,배서어음매출(종금계정),0,국내증권사,B,SF205,각주항목(09.06월 이후)
5146,202312,0010137,LS증권,H1,대출채권매매이익_담보부, ,국내증권사,B,SF205,각주항목(09.06월 이후)
5147,202312,0010137,LS증권,H2,대출채권매매이익_무담보부, ,국내증권사,B,SF205,각주항목(09.06월 이후)
5148,202403,0010137,LS증권,A,채무보증,407462442718,국내증권사,B,SF205,각주항목(09.06월 이후)
5149,202403,0010137,LS증권,A1,채무보증_지급보증,0,국내증권사,B,SF205,각주항목(09.06월 이후)
5150,202403,0010137,LS증권,A2,채무보증_매입보장약정,379700000000,국내증권사,B,SF205,각주항목(09.06월 이후)
5151,202403,0010137,LS증권,A3,채무보증_채무인수약정, ,국내증권사,B,SF205,각주항목(09.06월 이후)
5152,202403,0010137,LS증권,A5,채무보증_매입확약,27762442718,국내증권사,B,SF205,각주항목(09.06월 이후)
5153,202403,0010137,LS증권,A6,채무보증_기타, ,국내증권사,B,SF205,각주항목(09.06월 이후)
5154,202403,0010137,LS증권,B,투자자의 예수증권 등,20234145551052,국내증권사,B,SF205,각주항목(09.06월 이후)
5155,202403,0010137,LS증권,B1,투자자의 예수증권 등_예수 증권,20234145551052,국내증권사,B,SF205,각주항목(09.06월 이후)
5156,202403,0010137,LS증권,B2,투자자의 예수증권 등_예수양도성예금증서, ,국내증권사,B,SF205,각주항목(09.06월 이후)
5157,202403,0010137,LS증권,B3,투자자의 예수증권 등_기타, ,국내증권사,B,SF205,각주항목(09.06월 이후)
5158,202403,0010137,LS증권,C,파생상품계약,2187672467528,국내증권사,B,SF205,각주항목(09.06월 이후)
5159,202403,0010137,LS증권,C1,파생상품계약_장내파생상품,2030214079010,국내증권사,B,SF205,각주항목(09.06월 이후)
5160,202403,0010137,LS증권,C11,파생상품계약_장내파생상품_이자율관련거래,408992070000,국내증권사,B,SF205,각주항목(09.06월 이후)
5161,202403,0010137,LS증권,C12,파생상품계약_장내파생상품_통화관련거래,157125456053,국내증권사,B,SF205,각주항목(09.06월 이후)
5162,202403,0010137,LS증권,C13,파생상품계약_장내파생상품_주식관련거래,1463542853850,국내증권사,B,SF205,각주항목(09.06월 이후)
5163,202403,0010137,LS증권,C14,파생상품계약_장내파생상품_일반상품관련거래,553699107,국내증권사,B,SF205,각주항목(09.06월 이후)
5164,202403,0010137,LS증권,C15,파생상품계약_장내파생상품_기타,0,국내증권사,B,SF205,각주항목(09.06월 이후)
5165,202403,0010137,LS증권,C2,파생상품계약_장외파생상품,157458388518,국내증권사,B,SF205,각주항목(09.06월 이후)
5166,202403,0010137,LS증권,C21,파생상품계약_장외파생상품_이자율관련거래,0,국내증권사,B,SF205,각주항목(09.06월 이후)
5167,202403,0010137,LS증권,C22,파생상품계약_장외파생상품_통화관련거래,139851282894,국내증권사,B,SF205,각주항목(09.06월 이후)
5168,202403,0010137,LS증권,C23,파생상품계약_장외파생상품_주식관련거래,17607105624,국내증권사,B,SF205,각주항목(09.06월 이후)
5169,202403,0010137,LS증권,C24,파생상품계약_장외파생상품_신용관련거래,0,국내증권사,B,SF205,각주항목(09.06월 이후)
5170,202403,0010137,LS증권,C25,파생상품계약_장외파생상품_기타,0,국내증권사,B,SF205,각주항목(09.06월 이후)
5171,202403,0010137,LS증권,D,대차 및 대주거래,1545974965567,국내증권사,B,SF205,각주항목(09.06월 이후)
5172,202403,0010137,LS증권,D1,대차 및 대주거래_대여증권,894779366509,국내증권사,B,SF205,각주항목(09.06월 이후)
5173,202403,0010137,LS증권,D2,대차 및 대주거래_차입증권,651195599058,국내증권사,B,SF205,각주항목(09.06월 이후)
5174,202403,0010137,LS증권,D3,대차 및 대주거래_신용거래대주, ,국내증권사,B,SF205,각주항목(09.06월 이후)
5175,202403,0010137,LS증권,E,대손상각채권,21649124713,국내증권사,B,SF205,각주항목(09.06월 이후)
5176,202403,0010137,LS증권,F,환전업무 예치금,0,국내증권사,B,SF205,각주항목(09.06월 이후)
5177,202403,0010137,LS증권,G,미배당별도예치금,2099448051,국내증권사,B,SF205,각주항목(09.06월 이후)
5178,202403,0010137,LS증권,H,배서어음매출(종금계정),0,국내증권사,B,SF205,각주항목(09.06월 이후)
5179,202403,0010137,LS증권,H1,대출채권매매이익_담보부, ,국내증권사,B,SF205,각주항목(09.06월 이후)
5180,202403,0010137,LS증권,H2,대출채권매매이익_무담보부, ,국내증권사,B,SF205,각주항목(09.06월 이후)
5181,202406,0010137,LS증권,A,채무보증,422053170873,국내증권사,B,SF205,각주항목(09.06월 이후)
5182,202406,0010137,LS증권,A1,채무보증_지급보증,0,국내증권사,B,SF205,각주항목(09.06월 이후)
5183,202406,0010137,LS증권,A2,채무보증_매입보장약정,402300000000,국내증권사,B,SF205,각주항목(09.06월 이후)
5184,202406,0010137,LS증권,A3,채무보증_채무인수약정, ,국내증권사,B,SF205,각주항목(09.06월 이후)
5185,202406,0010137,LS증권,A5,채무보증_매입확약,19753170873,국내증권사,B,SF205,각주항목(09.06월 이후)
5186,202406,0010137,LS증권,A6,채무보증_기타, ,국내증권사,B,SF205,각주항목(09.06월 이후)
5187,202406,0010137,LS증권,B,투자자의 예수증권 등,21354889213493,국내증권사,B,SF205,각주항목(09.06월 이후)
5188,202406,0010137,LS증권,B1,투자자의 예수증권 등_예수 증권,21354889213493,국내증권사,B,SF205,각주항목(09.06월 이후)
5189,202406,0010137,LS증권,B2,투자자의 예수증권 등_예수양도성예금증서, ,국내증권사,B,SF205,각주항목(09.06월 이후)
5190,202406,0010137,LS증권,B3,투자자의 예수증권 등_기타, ,국내증권사,B,SF205,각주항목(09.06월 이후)
5191,202406,0010137,LS증권,C,파생상품계약,3703138708256,국내증권사,B,SF205,각주항목(09.06월 이후)
5192,202406,0010137,LS증권,C1,파생상품계약_장내파생상품,3467382879318,국내증권사,B,SF205,각주항목(09.06월 이후)
5193,202406,0010137,LS증권,C11,파생상품계약_장내파생상품_이자율관련거래,2410187310000,국내증권사,B,SF205,각주항목(09.06월 이후)
5194,202406,0010137,LS증권,C12,파생상품계약_장내파생상품_통화관련거래,88264995089,국내증권사,B,SF205,각주항목(09.06월 이후)
5195,202406,0010137,LS증권,C13,파생상품계약_장내파생상품_주식관련거래,967161666974,국내증권사,B,SF205,각주항목(09.06월 이후)
5196,202406,0010137,LS증권,C14,파생상품계약_장내파생상품_일반상품관련거래,1768907255,국내증권사,B,SF205,각주항목(09.06월 이후)
5197,202406,0010137,LS증권,C15,파생상품계약_장내파생상품_기타,0,국내증권사,B,SF205,각주항목(09.06월 이후)
5198,202406,0010137,LS증권,C2,파생상품계약_장외파생상품,235755828938,국내증권사,B,SF205,각주항목(09.06월 이후)
5199,202406,0010137,LS증권,C21,파생상품계약_장외파생상품_이자율관련거래,0,국내증권사,B,SF205,각주항목(09.06월 이후)
5200,202406,0010137,LS증권,C22,파생상품계약_장외파생상품_통화관련거래,220570434326,국내증권사,B,SF205,각주항목(09.06월 이후)
5201,202406,0010137,LS증권,C23,파생상품계약_장외파생상품_주식관련거래,15185394612,국내증권사,B,SF205,각주항목(09.06월 이후)
5202,202406,0010137,LS증권,C24,파생상품계약_장외파생상품_신용관련거래,0,국내증권사,B,SF205,각주항목(09.06월 이후)
5203,202406,0010137,LS증권,C25,파생상품계약_장외파생상품_기타,0,국내증권사,B,SF205,각주항목(09.06월 이후)
5204,202406,0010137,LS증권,D,대차 및 대주거래,1879250671460,국내증권사,B,SF205,각주항목(09.06월 이후)
5205,202406,0010137,LS증권,D1,대차 및 대주거래_대여증권,1139589133232,국내증권사,B,SF205,각주항목(09.06월 이후)
5206,202406,0010137,LS증권,D2,대차 및 대주거래_차입증권,739661538228,국내증권사,B,SF205,각주항목(09.06월 이후)
5207,202406,0010137,LS증권,D3,대차 및 대주거래_신용거래대주, ,국내증권사,B,SF205,각주항목(09.06월 이후)
5208,202406,0010137,LS증권,E,대손상각채권,30314443239,국내증권사,B,SF205,각주항목(09.06월 이후)
5209,202406,0010137,LS증권,F,환전업무 예치금,0,국내증권사,B,SF205,각주항목(09.06월 이후)
5210,202406,0010137,LS증권,G,미배당별도예치금,2590383349,국내증권사,B,SF205,각주항목(09.06월 이후)
5211,202406,0010137,LS증권,H,배서어음매출(종금계정),0,국내증권사,B,SF205,각주항목(09.06월 이후)
5212,202406,0010137,LS증권,H1,대출채권매매이익_담보부, ,국내증권사,B,SF205,각주항목(09.06월 이후)
5213,202406,0010137,LS증권,H2,대출채권매매이익_무담보부, ,국내증권사,B,SF205,각주항목(09.06월 이후)
5214,202409,0010137,LS증권,A,채무보증,351029600649,국내증권사,B,SF205,각주항목(09.06월 이후)
5215,202409,0010137,LS증권,A1,채무보증_지급보증,0,국내증권사,B,SF205,각주항목(09.06월 이후)
5216,202409,0010137,LS증권,A2,채무보증_매입보장약정,331200000000,국내증권사,B,SF205,각주항목(09.06월 이후)
5217,202409,0010137,LS증권,A3,채무보증_채무인수약정, ,국내증권사,B,SF205,각주항목(09.06월 이후)
5218,202409,0010137,LS증권,A5,채무보증_매입확약,19829600649,국내증권사,B,SF205,각주항목(09.06월 이후)
5219,202409,0010137,LS증권,A6,채무보증_기타, ,국내증권사,B,SF205,각주항목(09.06월 이후)
5220,202409,0010137,LS증권,B,투자자의 예수증권 등,20482380352084,국내증권사,B,SF205,각주항목(09.06월 이후)
5221,202409,0010137,LS증권,B1,투자자의 예수증권 등_예수 증권,20482380352084,국내증권사,B,SF205,각주항목(09.06월 이후)
5222,202409,0010137,LS증권,B2,투자자의 예수증권 등_예수양도성예금증서, ,국내증권사,B,SF205,각주항목(09.06월 이후)
5223,202409,0010137,LS증권,B3,투자자의 예수증권 등_기타, ,국내증권사,B,SF205,각주항목(09.06월 이후)
5224,202409,0010137,LS증권,C,파생상품계약,3904512789598,국내증권사,B,SF205,각주항목(09.06월 이후)
5225,202409,0010137,LS증권,C1,파생상품계약_장내파생상품,3737122534512,국내증권사,B,SF205,각주항목(09.06월 이후)
5226,202409,0010137,LS증권,C11,파생상품계약_장내파생상품_이자율관련거래,2533352137500,국내증권사,B,SF205,각주항목(09.06월 이후)
5227,202409,0010137,LS증권,C12,파생상품계약_장내파생상품_통화관련거래,182228852000,국내증권사,B,SF205,각주항목(09.06월 이후)
5228,202409,0010137,LS증권,C13,파생상품계약_장내파생상품_주식관련거래,1021541545012,국내증권사,B,SF205,각주항목(09.06월 이후)
5229,202409,0010137,LS증권,C14,파생상품계약_장내파생상품_일반상품관련거래,0,국내증권사,B,SF205,각주항목(09.06월 이후)
5230,202409,0010137,LS증권,C15,파생상품계약_장내파생상품_기타,0,국내증권사,B,SF205,각주항목(09.06월 이후)
5231,202409,0010137,LS증권,C2,파생상품계약_장외파생상품,167390255086,국내증권사,B,SF205,각주항목(09.06월 이후)
5232,202409,0010137,LS증권,C21,파생상품계약_장외파생상품_이자율관련거래,0,국내증권사,B,SF205,각주항목(09.06월 이후)
5233,202409,0010137,LS증권,C22,파생상품계약_장외파생상품_통화관련거래,155297983044,국내증권사,B,SF205,각주항목(09.06월 이후)
5234,202409,0010137,LS증권,C23,파생상품계약_장외파생상품_주식관련거래,12092272042,국내증권사,B,SF205,각주항목(09.06월 이후)
5235,202409,0010137,LS증권,C24,파생상품계약_장외파생상품_신용관련거래,0,국내증권사,B,SF205,각주항목(09.06월 이후)
5236,202409,0010137,LS증권,C25,파생상품계약_장외파생상품_기타,0,국내증권사,B,SF205,각주항목(09.06월 이후)
5237,202409,0010137,LS증권,D,대차 및 대주거래,2191121367919,국내증권사,B,SF205,각주항목(09.06월 이후)
5238,202409,0010137,LS증권,D1,대차 및 대주거래_대여증권,1411321751226,국내증권사,B,SF205,각주항목(09.06월 이후)
5239,202409,0010137,LS증권,D2,대차 및 대주거래_차입증권,779799616693,국내증권사,B,SF205,각주항목(09.06월 이후)
5240,202409,0010137,LS증권,D3,대차 및 대주거래_신용거래대주, ,국내증권사,B,SF205,각주항목(09.06월 이후)
5241,202409,0010137,LS증권,E,대손상각채권,32314669947,국내증권사,B,SF205,각주항목(09.06월 이후)
5242,202409,0010137,LS증권,F,환전업무 예치금,0,국내증권사,B,SF205,각주항목(09.06월 이후)
5243,202409,0010137,LS증권,G,미배당별도예치금,3131728237,국내증권사,B,SF205,각주항목(09.06월 이후)
5244,202409,0010137,LS증권,H,배서어음매출(종금계정),0,국내증권사,B,SF205,각주항목(09.06월 이후)
5245,202409,0010137,LS증권,H1,대출채권매매이익_담보부, ,국내증권사,B,SF205,각주항목(09.06월 이후)
5246,202409,0010137,LS증권,H2,대출채권매매이익_무담보부, ,국내증권사,B,SF205,각주항목(09.06월 이후)
5247,202412,0010137,LS증권,A,채무보증,405529600649,국내증권사,B,SF205,각주항목(09.06월 이후)
5248,202412,0010137,LS증권,A1,채무보증_지급보증,0,국내증권사,B,SF205,각주항목(09.06월 이후)
5249,202412,0010137,LS증권,A2,채무보증_매입보장약정,378800000000,국내증권사,B,SF205,각주항목(09.06월 이후)
5250,202412,0010137,LS증권,A3,채무보증_채무인수약정, ,국내증권사,B,SF205,각주항목(09.06월 이후)
5251,202412,0010137,LS증권,A5,채무보증_매입확약,26729600649,국내증권사,B,SF205,각주항목(09.06월 이후)
5252,202412,0010137,LS증권,A6,채무보증_기타, ,국내증권사,B,SF205,각주항목(09.06월 이후)
5253,202412,0010137,LS증권,B,투자자의 예수증권 등,21732758285339,국내증권사,B,SF205,각주항목(09.06월 이후)
5254,202412,0010137,LS증권,B1,투자자의 예수증권 등_예수 증권,21732758285339,국내증권사,B,SF205,각주항목(09.06월 이후)
5255,202412,0010137,LS증권,B2,투자자의 예수증권 등_예수양도성예금증서, ,국내증권사,B,SF205,각주항목(09.06월 이후)
5256,202412,0010137,LS증권,B3,투자자의 예수증권 등_기타, ,국내증권사,B,SF205,각주항목(09.06월 이후)
5257,202412,0010137,LS증권,C,파생상품계약,1894094827778,국내증권사,B,SF205,각주항목(09.06월 이후)
5258,202412,0010137,LS증권,C1,파생상품계약_장내파생상품,1676577317937,국내증권사,B,SF205,각주항목(09.06월 이후)
5259,202412,0010137,LS증권,C11,파생상품계약_장내파생상품_이자율관련거래,717288860000,국내증권사,B,SF205,각주항목(09.06월 이후)
5260,202412,0010137,LS증권,C12,파생상품계약_장내파생상품_통화관련거래,352811000000,국내증권사,B,SF205,각주항목(09.06월 이후)
5261,202412,0010137,LS증권,C13,파생상품계약_장내파생상품_주식관련거래,606477457937,국내증권사,B,SF205,각주항목(09.06월 이후)
5262,202412,0010137,LS증권,C14,파생상품계약_장내파생상품_일반상품관련거래,0,국내증권사,B,SF205,각주항목(09.06월 이후)
5263,202412,0010137,LS증권,C15,파생상품계약_장내파생상품_기타,0,국내증권사,B,SF205,각주항목(09.06월 이후)
5264,202412,0010137,LS증권,C2,파생상품계약_장외파생상품,217517509841,국내증권사,B,SF205,각주항목(09.06월 이후)
5265,202412,0010137,LS증권,C21,파생상품계약_장외파생상품_이자율관련거래,0,국내증권사,B,SF205,각주항목(09.06월 이후)
5266,202412,0010137,LS증권,C22,파생상품계약_장외파생상품_통화관련거래,215215627309,국내증권사,B,SF205,각주항목(09.06월 이후)
5267,202412,0010137,LS증권,C23,파생상품계약_장외파생상품_주식관련거래,2301882532,국내증권사,B,SF205,각주항목(09.06월 이후)
5268,202412,0010137,LS증권,C24,파생상품계약_장외파생상품_신용관련거래,0,국내증권사,B,SF205,각주항목(09.06월 이후)
5269,202412,0010137,LS증권,C25,파생상품계약_장외파생상품_기타,0,국내증권사,B,SF205,각주항목(09.06월 이후)
5270,202412,0010137,LS증권,D,대차 및 대주거래,1352733401009,국내증권사,B,SF205,각주항목(09.06월 이후)
5271,202412,0010137,LS증권,D1,대차 및 대주거래_대여증권,700957192455,국내증권사,B,SF205,각주항목(09.06월 이후)
5272,202412,0010137,LS증권,D2,대차 및 대주거래_차입증권,651776208554,국내증권사,B,SF205,각주항목(09.06월 이후)
5273,202412,0010137,LS증권,D3,대차 및 대주거래_신용거래대주, ,국내증권사,B,SF205,각주항목(09.06월 이후)
5274,202412,0010137,LS증권,E,대손상각채권,35045660064,국내증권사,B,SF205,각주항목(09.06월 이후)
5275,202412,0010137,LS증권,F,환전업무 예치금,0,국내증권사,B,SF205,각주항목(09.06월 이후)
5276,202412,0010137,LS증권,G,미배당별도예치금,2900738613,국내증권사,B,SF205,각주항목(09.06월 이후)
5277,202412,0010137,LS증권,H,배서어음매출(종금계정),0,국내증권사,B,SF205,각주항목(09.06월 이후)
5278,202412,0010137,LS증권,H1,대출채권매매이익_담보부, ,국내증권사,B,SF205,각주항목(09.06월 이후)
5279,202412,0010137,LS증권,H2,대출채권매매이익_무담보부, ,국내증권사,B,SF205,각주항목(09.06월 이후)
5280,201703,0010101,NH투자증권,A,채무보증,3343147196385,국내증권사,B,SF205,각주항목(09.06월 이후)
5281,201703,0010101,NH투자증권,A1,채무보증_지급보증,20891589375,국내증권사,B,SF205,각주항목(09.06월 이후)
5282,201703,0010101,NH투자증권,A2,채무보증_매입보장약정,817440000000,국내증권사,B,SF205,각주항목(09.06월 이후)
5283,201703,0010101,NH투자증권,A3,채무보증_채무인수약정,0,국내증권사,B,SF205,각주항목(09.06월 이후)
5284,201703,0010101,NH투자증권,A5,채무보증_매입확약,2429553997147,국내증권사,B,SF205,각주항목(09.06월 이후)
5285,201703,0010101,NH투자증권,A6,채무보증_기타,75261609863,국내증권사,B,SF205,각주항목(09.06월 이후)
5286,201703,0010101,NH투자증권,B,투자자의 예수증권 등,177904844136520,국내증권사,B,SF205,각주항목(09.06월 이후)
5287,201703,0010101,NH투자증권,B1,투자자의 예수증권 등_예수 증권,177904844136520,국내증권사,B,SF205,각주항목(09.06월 이후)
5288,201703,0010101,NH투자증권,B2,투자자의 예수증권 등_예수양도성예금증서,0,국내증권사,B,SF205,각주항목(09.06월 이후)
5289,201703,0010101,NH투자증권,B3,투자자의 예수증권 등_기타,0,국내증권사,B,SF205,각주항목(09.06월 이후)
5290,201703,0010101,NH투자증권,C,파생상품계약,166189230294269,국내증권사,B,SF205,각주항목(09.06월 이후)
5291,201703,0010101,NH투자증권,C1,파생상품계약_장내파생상품,33274051723530,국내증권사,B,SF205,각주항목(09.06월 이후)
5292,201703,0010101,NH투자증권,C11,파생상품계약_장내파생상품_이자율관련거래,737670549957,국내증권사,B,SF205,각주항목(09.06월 이후)
5293,201703,0010101,NH투자증권,C12,파생상품계약_장내파생상품_통화관련거래,2344092904497,국내증권사,B,SF205,각주항목(09.06월 이후)
5294,201703,0010101,NH투자증권,C13,파생상품계약_장내파생상품_주식관련거래,30012536106303,국내증권사,B,SF205,각주항목(09.06월 이후)
5295,201703,0010101,NH투자증권,C14,파생상품계약_장내파생상품_일반상품관련거래,176137410788,국내증권사,B,SF205,각주항목(09.06월 이후)
5296,201703,0010101,NH투자증권,C15,파생상품계약_장내파생상품_기타,3614751985,국내증권사,B,SF205,각주항목(09.06월 이후)
5297,201703,0010101,NH투자증권,C2,파생상품계약_장외파생상품,132915178570739,국내증권사,B,SF205,각주항목(09.06월 이후)
5298,201703,0010101,NH투자증권,C21,파생상품계약_장외파생상품_이자율관련거래,88134313009095,국내증권사,B,SF205,각주항목(09.06월 이후)
5299,201703,0010101,NH투자증권,C22,파생상품계약_장외파생상품_통화관련거래,27416945698105,국내증권사,B,SF205,각주항목(09.06월 이후)
5300,201703,0010101,NH투자증권,C23,파생상품계약_장외파생상품_주식관련거래,10567376598403,국내증권사,B,SF205,각주항목(09.06월 이후)
5301,201703,0010101,NH투자증권,C24,파생상품계약_장외파생상품_신용관련거래,6042465162000,국내증권사,B,SF205,각주항목(09.06월 이후)
5302,201703,0010101,NH투자증권,C25,파생상품계약_장외파생상품_기타,754078103136,국내증권사,B,SF205,각주항목(09.06월 이후)
5303,201703,0010101,NH투자증권,D,대차 및 대주거래,5658047978908,국내증권사,B,SF205,각주항목(09.06월 이후)
5304,201703,0010101,NH투자증권,D1,대차 및 대주거래_대여증권,2042746063943,국내증권사,B,SF205,각주항목(09.06월 이후)
5305,201703,0010101,NH투자증권,D2,대차 및 대주거래_차입증권,3615301914965,국내증권사,B,SF205,각주항목(09.06월 이후)
5306,201703,0010101,NH투자증권,D3,대차 및 대주거래_신용거래대주,0,국내증권사,B,SF205,각주항목(09.06월 이후)
5307,201703,0010101,NH투자증권,E,대손상각채권,711754833186,국내증권사,B,SF205,각주항목(09.06월 이후)
5308,201703,0010101,NH투자증권,F,환전업무 예치금,425054027875,국내증권사,B,SF205,각주항목(09.06월 이후)
5309,201703,0010101,NH투자증권,G,미배당별도예치금,426166260,국내증권사,B,SF205,각주항목(09.06월 이후)
5310,201703,0010101,NH투자증권,H,배서어음매출(종금계정),0,국내증권사,B,SF205,각주항목(09.06월 이후)
5311,201703,0010101,NH투자증권,H1,대출채권매매이익_담보부,0,국내증권사,B,SF205,각주항목(09.06월 이후)
5312,201703,0010101,NH투자증권,H2,대출채권매매이익_무담보부,0,국내증권사,B,SF205,각주항목(09.06월 이후)
5313,201706,0010101,NH투자증권,A,채무보증,3555979471730,국내증권사,B,SF205,각주항목(09.06월 이후)
5314,201706,0010101,NH투자증권,A1,채무보증_지급보증,63223277171,국내증권사,B,SF205,각주항목(09.06월 이후)
5315,201706,0010101,NH투자증권,A2,채무보증_매입보장약정,763740000000,국내증권사,B,SF205,각주항목(09.06월 이후)
5316,201706,0010101,NH투자증권,A3,채무보증_채무인수약정, ,국내증권사,B,SF205,각주항목(09.06월 이후)
5317,201706,0010101,NH투자증권,A5,채무보증_매입확약,2723339865559,국내증권사,B,SF205,각주항목(09.06월 이후)
5318,201706,0010101,NH투자증권,A6,채무보증_기타,5676329000,국내증권사,B,SF205,각주항목(09.06월 이후)
5319,201706,0010101,NH투자증권,B,투자자의 예수증권 등,197883381455177,국내증권사,B,SF205,각주항목(09.06월 이후)
5320,201706,0010101,NH투자증권,B1,투자자의 예수증권 등_예수 증권,197883381455177,국내증권사,B,SF205,각주항목(09.06월 이후)
5321,201706,0010101,NH투자증권,B2,투자자의 예수증권 등_예수양도성예금증서, ,국내증권사,B,SF205,각주항목(09.06월 이후)
5322,201706,0010101,NH투자증권,B3,투자자의 예수증권 등_기타, ,국내증권사,B,SF205,각주항목(09.06월 이후)
5323,201706,0010101,NH투자증권,C,파생상품계약,169388141111655,국내증권사,B,SF205,각주항목(09.06월 이후)
5324,201706,0010101,NH투자증권,C1,파생상품계약_장내파생상품,34745616825317,국내증권사,B,SF205,각주항목(09.06월 이후)
5325,201706,0010101,NH투자증권,C11,파생상품계약_장내파생상품_이자율관련거래,1193261849103,국내증권사,B,SF205,각주항목(09.06월 이후)
5326,201706,0010101,NH투자증권,C12,파생상품계약_장내파생상품_통화관련거래,2354727048819,국내증권사,B,SF205,각주항목(09.06월 이후)
5327,201706,0010101,NH투자증권,C13,파생상품계약_장내파생상품_주식관련거래,30624575529298,국내증권사,B,SF205,각주항목(09.06월 이후)
5328,201706,0010101,NH투자증권,C14,파생상품계약_장내파생상품_일반상품관련거래,568571277582,국내증권사,B,SF205,각주항목(09.06월 이후)
5329,201706,0010101,NH투자증권,C15,파생상품계약_장내파생상품_기타,4481120515,국내증권사,B,SF205,각주항목(09.06월 이후)
5330,201706,0010101,NH투자증권,C2,파생상품계약_장외파생상품,134642524286338,국내증권사,B,SF205,각주항목(09.06월 이후)
5331,201706,0010101,NH투자증권,C21,파생상품계약_장외파생상품_이자율관련거래,93528776620913,국내증권사,B,SF205,각주항목(09.06월 이후)
5332,201706,0010101,NH투자증권,C22,파생상품계약_장외파생상품_통화관련거래,25329673308078,국내증권사,B,SF205,각주항목(09.06월 이후)
5333,201706,0010101,NH투자증권,C23,파생상품계약_장외파생상품_주식관련거래,8926435133327,국내증권사,B,SF205,각주항목(09.06월 이후)
5334,201706,0010101,NH투자증권,C24,파생상품계약_장외파생상품_신용관련거래,6024002192475,국내증권사,B,SF205,각주항목(09.06월 이후)
5335,201706,0010101,NH투자증권,C25,파생상품계약_장외파생상품_기타,833637031545,국내증권사,B,SF205,각주항목(09.06월 이후)
5336,201706,0010101,NH투자증권,D,대차 및 대주거래,6818206567290,국내증권사,B,SF205,각주항목(09.06월 이후)
5337,201706,0010101,NH투자증권,D1,대차 및 대주거래_대여증권,1481544142858,국내증권사,B,SF205,각주항목(09.06월 이후)
5338,201706,0010101,NH투자증권,D2,대차 및 대주거래_차입증권,5336662424432,국내증권사,B,SF205,각주항목(09.06월 이후)
5339,201706,0010101,NH투자증권,D3,대차 및 대주거래_신용거래대주, ,국내증권사,B,SF205,각주항목(09.06월 이후)
5340,201706,0010101,NH투자증권,E,대손상각채권,711754833186,국내증권사,B,SF205,각주항목(09.06월 이후)
5341,201706,0010101,NH투자증권,F,환전업무 예치금,289372222384,국내증권사,B,SF205,각주항목(09.06월 이후)
5342,201706,0010101,NH투자증권,G,미배당별도예치금,238468311,국내증권사,B,SF205,각주항목(09.06월 이후)
5343,201706,0010101,NH투자증권,H,배서어음매출(종금계정),0,국내증권사,B,SF205,각주항목(09.06월 이후)
5344,201706,0010101,NH투자증권,H1,대출채권매매이익_담보부, ,국내증권사,B,SF205,각주항목(09.06월 이후)
5345,201706,0010101,NH투자증권,H2,대출채권매매이익_무담보부, ,국내증권사,B,SF205,각주항목(09.06월 이후)
5346,201709,0010101,NH투자증권,A,채무보증,3129744544983,국내증권사,B,SF205,각주항목(09.06월 이후)
5347,201709,0010101,NH투자증권,A1,채무보증_지급보증,63411427677,국내증권사,B,SF205,각주항목(09.06월 이후)
5348,201709,0010101,NH투자증권,A2,채무보증_매입보장약정,766620000000,국내증권사,B,SF205,각주항목(09.06월 이후)
5349,201709,0010101,NH투자증권,A3,채무보증_채무인수약정, ,국내증권사,B,SF205,각주항목(09.06월 이후)
5350,201709,0010101,NH투자증권,A5,채무보증_매입확약,2237038989498,국내증권사,B,SF205,각주항목(09.06월 이후)
5351,201709,0010101,NH투자증권,A6,채무보증_기타,62674127808,국내증권사,B,SF205,각주항목(09.06월 이후)
5352,201709,0010101,NH투자증권,B,투자자의 예수증권 등,198690136323556,국내증권사,B,SF205,각주항목(09.06월 이후)
5353,201709,0010101,NH투자증권,B1,투자자의 예수증권 등_예수 증권,198690136323556,국내증권사,B,SF205,각주항목(09.06월 이후)
5354,201709,0010101,NH투자증권,B2,투자자의 예수증권 등_예수양도성예금증서, ,국내증권사,B,SF205,각주항목(09.06월 이후)
5355,201709,0010101,NH투자증권,B3,투자자의 예수증권 등_기타, ,국내증권사,B,SF205,각주항목(09.06월 이후)
5356,201709,0010101,NH투자증권,C,파생상품계약,185448587194660,국내증권사,B,SF205,각주항목(09.06월 이후)
5357,201709,0010101,NH투자증권,C1,파생상품계약_장내파생상품,35329398330666,국내증권사,B,SF205,각주항목(09.06월 이후)
5358,201709,0010101,NH투자증권,C11,파생상품계약_장내파생상품_이자율관련거래,1309559941202,국내증권사,B,SF205,각주항목(09.06월 이후)
5359,201709,0010101,NH투자증권,C12,파생상품계약_장내파생상품_통화관련거래,1821732795419,국내증권사,B,SF205,각주항목(09.06월 이후)
5360,201709,0010101,NH투자증권,C13,파생상품계약_장내파생상품_주식관련거래,31688786107438,국내증권사,B,SF205,각주항목(09.06월 이후)
5361,201709,0010101,NH투자증권,C14,파생상품계약_장내파생상품_일반상품관련거래,480725192257,국내증권사,B,SF205,각주항목(09.06월 이후)
5362,201709,0010101,NH투자증권,C15,파생상품계약_장내파생상품_기타,28594294350,국내증권사,B,SF205,각주항목(09.06월 이후)
5363,201709,0010101,NH투자증권,C2,파생상품계약_장외파생상품,150119188863994,국내증권사,B,SF205,각주항목(09.06월 이후)
5364,201709,0010101,NH투자증권,C21,파생상품계약_장외파생상품_이자율관련거래,102960779352409,국내증권사,B,SF205,각주항목(09.06월 이후)
5365,201709,0010101,NH투자증권,C22,파생상품계약_장외파생상품_통화관련거래,33031043049079,국내증권사,B,SF205,각주항목(09.06월 이후)
5366,201709,0010101,NH투자증권,C23,파생상품계약_장외파생상품_주식관련거래,7561321824283,국내증권사,B,SF205,각주항목(09.06월 이후)
5367,201709,0010101,NH투자증권,C24,파생상품계약_장외파생상품_신용관련거래,5760035469860,국내증권사,B,SF205,각주항목(09.06월 이후)
5368,201709,0010101,NH투자증권,C25,파생상품계약_장외파생상품_기타,806009168363,국내증권사,B,SF205,각주항목(09.06월 이후)
5369,201709,0010101,NH투자증권,D,대차 및 대주거래,5982449503774,국내증권사,B,SF205,각주항목(09.06월 이후)
5370,201709,0010101,NH투자증권,D1,대차 및 대주거래_대여증권,1471265057671,국내증권사,B,SF205,각주항목(09.06월 이후)
5371,201709,0010101,NH투자증권,D2,대차 및 대주거래_차입증권,4511184446103,국내증권사,B,SF205,각주항목(09.06월 이후)
5372,201709,0010101,NH투자증권,D3,대차 및 대주거래_신용거래대주, ,국내증권사,B,SF205,각주항목(09.06월 이후)
5373,201709,0010101,NH투자증권,E,대손상각채권,711754833186,국내증권사,B,SF205,각주항목(09.06월 이후)
5374,201709,0010101,NH투자증권,F,환전업무 예치금,301995251387,국내증권사,B,SF205,각주항목(09.06월 이후)
5375,201709,0010101,NH투자증권,G,미배당별도예치금,1407862192,국내증권사,B,SF205,각주항목(09.06월 이후)
5376,201709,0010101,NH투자증권,H,배서어음매출(종금계정),0,국내증권사,B,SF205,각주항목(09.06월 이후)
5377,201709,0010101,NH투자증권,H1,대출채권매매이익_담보부, ,국내증권사,B,SF205,각주항목(09.06월 이후)
5378,201709,0010101,NH투자증권,H2,대출채권매매이익_무담보부, ,국내증권사,B,SF205,각주항목(09.06월 이후)
5379,201712,0010101,NH투자증권,A,채무보증,3695002747655,국내증권사,B,SF205,각주항목(09.06월 이후)
5380,201712,0010101,NH투자증권,A1,채무보증_지급보증,60610267677,국내증권사,B,SF205,각주항목(09.06월 이후)
5381,201712,0010101,NH투자증권,A2,채무보증_매입보장약정,724770000000,국내증권사,B,SF205,각주항목(09.06월 이후)
5382,201712,0010101,NH투자증권,A3,채무보증_채무인수약정,0,국내증권사,B,SF205,각주항목(09.06월 이후)
5383,201712,0010101,NH투자증권,A5,채무보증_매입확약,2843329875090,국내증권사,B,SF205,각주항목(09.06월 이후)
5384,201712,0010101,NH투자증권,A6,채무보증_기타,66292604888,국내증권사,B,SF205,각주항목(09.06월 이후)
5385,201712,0010101,NH투자증권,B,투자자의 예수증권 등,217311066000447,국내증권사,B,SF205,각주항목(09.06월 이후)
5386,201712,0010101,NH투자증권,B1,투자자의 예수증권 등_예수 증권,217311066000447,국내증권사,B,SF205,각주항목(09.06월 이후)
5387,201712,0010101,NH투자증권,B2,투자자의 예수증권 등_예수양도성예금증서,0,국내증권사,B,SF205,각주항목(09.06월 이후)
5388,201712,0010101,NH투자증권,B3,투자자의 예수증권 등_기타,0,국내증권사,B,SF205,각주항목(09.06월 이후)
5389,201712,0010101,NH투자증권,C,파생상품계약,177964600589710,국내증권사,B,SF205,각주항목(09.06월 이후)
5390,201712,0010101,NH투자증권,C1,파생상품계약_장내파생상품,24844186952142,국내증권사,B,SF205,각주항목(09.06월 이후)
5391,201712,0010101,NH투자증권,C11,파생상품계약_장내파생상품_이자율관련거래,1248279299858,국내증권사,B,SF205,각주항목(09.06월 이후)
5392,201712,0010101,NH투자증권,C12,파생상품계약_장내파생상품_통화관련거래,1343725447438,국내증권사,B,SF205,각주항목(09.06월 이후)
5393,201712,0010101,NH투자증권,C13,파생상품계약_장내파생상품_주식관련거래,21661565996359,국내증권사,B,SF205,각주항목(09.06월 이후)
5394,201712,0010101,NH투자증권,C14,파생상품계약_장내파생상품_일반상품관련거래,562322956589,국내증권사,B,SF205,각주항목(09.06월 이후)
5395,201712,0010101,NH투자증권,C15,파생상품계약_장내파생상품_기타,28293251898,국내증권사,B,SF205,각주항목(09.06월 이후)
5396,201712,0010101,NH투자증권,C2,파생상품계약_장외파생상품,153120413637568,국내증권사,B,SF205,각주항목(09.06월 이후)
5397,201712,0010101,NH투자증권,C21,파생상품계약_장외파생상품_이자율관련거래,117893162410832,국내증권사,B,SF205,각주항목(09.06월 이후)
5398,201712,0010101,NH투자증권,C22,파생상품계약_장외파생상품_통화관련거래,22910282813047,국내증권사,B,SF205,각주항목(09.06월 이후)
5399,201712,0010101,NH투자증권,C23,파생상품계약_장외파생상품_주식관련거래,5931758096532,국내증권사,B,SF205,각주항목(09.06월 이후)
5400,201712,0010101,NH투자증권,C24,파생상품계약_장외파생상품_신용관련거래,5572568699057,국내증권사,B,SF205,각주항목(09.06월 이후)
5401,201712,0010101,NH투자증권,C25,파생상품계약_장외파생상품_기타,812641618100,국내증권사,B,SF205,각주항목(09.06월 이후)
5402,201712,0010101,NH투자증권,D,대차 및 대주거래,7611933176679,국내증권사,B,SF205,각주항목(09.06월 이후)
5403,201712,0010101,NH투자증권,D1,대차 및 대주거래_대여증권,1351827893239,국내증권사,B,SF205,각주항목(09.06월 이후)
5404,201712,0010101,NH투자증권,D2,대차 및 대주거래_차입증권,6260105283440,국내증권사,B,SF205,각주항목(09.06월 이후)
5405,201712,0010101,NH투자증권,D3,대차 및 대주거래_신용거래대주,0,국내증권사,B,SF205,각주항목(09.06월 이후)
5406,201712,0010101,NH투자증권,E,대손상각채권,711754833186,국내증권사,B,SF205,각주항목(09.06월 이후)
5407,201712,0010101,NH투자증권,F,환전업무 예치금,294993428978,국내증권사,B,SF205,각주항목(09.06월 이후)
5408,201712,0010101,NH투자증권,G,미배당별도예치금,1983306010,국내증권사,B,SF205,각주항목(09.06월 이후)
5409,201712,0010101,NH투자증권,H,배서어음매출(종금계정),0,국내증권사,B,SF205,각주항목(09.06월 이후)
5410,201712,0010101,NH투자증권,H1,대출채권매매이익_담보부,0,국내증권사,B,SF205,각주항목(09.06월 이후)
5411,201712,0010101,NH투자증권,H2,대출채권매매이익_무담보부,0,국내증권사,B,SF205,각주항목(09.06월 이후)
5412,201803,0010101,NH투자증권,A,채무보증,2997576158675,국내증권사,B,SF205,각주항목(09.06월 이후)
5413,201803,0010101,NH투자증권,A1,채무보증_지급보증,60391654441,국내증권사,B,SF205,각주항목(09.06월 이후)
5414,201803,0010101,NH투자증권,A2,채무보증_매입보장약정,670110000000,국내증권사,B,SF205,각주항목(09.06월 이후)
5415,201803,0010101,NH투자증권,A3,채무보증_채무인수약정, ,국내증권사,B,SF205,각주항목(09.06월 이후)
5416,201803,0010101,NH투자증권,A5,채무보증_매입확약,2208214608207,국내증권사,B,SF205,각주항목(09.06월 이후)
5417,201803,0010101,NH투자증권,A6,채무보증_기타,58859896027,국내증권사,B,SF205,각주항목(09.06월 이후)
5418,201803,0010101,NH투자증권,B,투자자의 예수증권 등,216070334771799,국내증권사,B,SF205,각주항목(09.06월 이후)
5419,201803,0010101,NH투자증권,B1,투자자의 예수증권 등_예수 증권,216070334771799,국내증권사,B,SF205,각주항목(09.06월 이후)
5420,201803,0010101,NH투자증권,B2,투자자의 예수증권 등_예수양도성예금증서, ,국내증권사,B,SF205,각주항목(09.06월 이후)
5421,201803,0010101,NH투자증권,B3,투자자의 예수증권 등_기타, ,국내증권사,B,SF205,각주항목(09.06월 이후)
5422,201803,0010101,NH투자증권,C,파생상품계약,199636762229474,국내증권사,B,SF205,각주항목(09.06월 이후)
5423,201803,0010101,NH투자증권,C1,파생상품계약_장내파생상품,24752574919677,국내증권사,B,SF205,각주항목(09.06월 이후)
5424,201803,0010101,NH투자증권,C11,파생상품계약_장내파생상품_이자율관련거래,1586797462046,국내증권사,B,SF205,각주항목(09.06월 이후)
5425,201803,0010101,NH투자증권,C12,파생상품계약_장내파생상품_통화관련거래,1432155521056,국내증권사,B,SF205,각주항목(09.06월 이후)
5426,201803,0010101,NH투자증권,C13,파생상품계약_장내파생상품_주식관련거래,21372529134710,국내증권사,B,SF205,각주항목(09.06월 이후)
5427,201803,0010101,NH투자증권,C14,파생상품계약_장내파생상품_일반상품관련거래,326356444810,국내증권사,B,SF205,각주항목(09.06월 이후)
5428,201803,0010101,NH투자증권,C15,파생상품계약_장내파생상품_기타,34736357055,국내증권사,B,SF205,각주항목(09.06월 이후)
5429,201803,0010101,NH투자증권,C2,파생상품계약_장외파생상품,174884187309797,국내증권사,B,SF205,각주항목(09.06월 이후)
5430,201803,0010101,NH투자증권,C21,파생상품계약_장외파생상품_이자율관련거래,130915665465523,국내증권사,B,SF205,각주항목(09.06월 이후)
5431,201803,0010101,NH투자증권,C22,파생상품계약_장외파생상품_통화관련거래,31630989700787,국내증권사,B,SF205,각주항목(09.06월 이후)
5432,201803,0010101,NH투자증권,C23,파생상품계약_장외파생상품_주식관련거래,6559407557607,국내증권사,B,SF205,각주항목(09.06월 이후)
5433,201803,0010101,NH투자증권,C24,파생상품계약_장외파생상품_신용관련거래,5138337431412,국내증권사,B,SF205,각주항목(09.06월 이후)
5434,201803,0010101,NH투자증권,C25,파생상품계약_장외파생상품_기타,639787154468,국내증권사,B,SF205,각주항목(09.06월 이후)
5435,201803,0010101,NH투자증권,D,대차 및 대주거래,8318078616717,국내증권사,B,SF205,각주항목(09.06월 이후)
5436,201803,0010101,NH투자증권,D1,대차 및 대주거래_대여증권,320508689442,국내증권사,B,SF205,각주항목(09.06월 이후)
5437,201803,0010101,NH투자증권,D2,대차 및 대주거래_차입증권,7997569927275,국내증권사,B,SF205,각주항목(09.06월 이후)
5438,201803,0010101,NH투자증권,D3,대차 및 대주거래_신용거래대주, ,국내증권사,B,SF205,각주항목(09.06월 이후)
5439,201803,0010101,NH투자증권,E,대손상각채권,711754833186,국내증권사,B,SF205,각주항목(09.06월 이후)
5440,201803,0010101,NH투자증권,F,환전업무 예치금,371186200668,국내증권사,B,SF205,각주항목(09.06월 이후)
5441,201803,0010101,NH투자증권,G,미배당별도예치금,536953837,국내증권사,B,SF205,각주항목(09.06월 이후)
5442,201803,0010101,NH투자증권,H,배서어음매출(종금계정),0,국내증권사,B,SF205,각주항목(09.06월 이후)
5443,201803,0010101,NH투자증권,H1,대출채권매매이익_담보부, ,국내증권사,B,SF205,각주항목(09.06월 이후)
5444,201803,0010101,NH투자증권,H2,대출채권매매이익_무담보부, ,국내증권사,B,SF205,각주항목(09.06월 이후)
5445,201806,0010101,NH투자증권,A,채무보증,3913349596791,국내증권사,B,SF205,각주항목(09.06월 이후)
5446,201806,0010101,NH투자증권,A1,채무보증_지급보증,62330314446,국내증권사,B,SF205,각주항목(09.06월 이후)
5447,201806,0010101,NH투자증권,A2,채무보증_매입보장약정,823210000000,국내증권사,B,SF205,각주항목(09.06월 이후)
5448,201806,0010101,NH투자증권,A3,채무보증_채무인수약정, ,국내증권사,B,SF205,각주항목(09.06월 이후)
5449,201806,0010101,NH투자증권,A5,채무보증_매입확약,2629289731188,국내증권사,B,SF205,각주항목(09.06월 이후)
5450,201806,0010101,NH투자증권,A6,채무보증_기타,398519551157,국내증권사,B,SF205,각주항목(09.06월 이후)
5451,201806,0010101,NH투자증권,B,투자자의 예수증권 등,210432885054949,국내증권사,B,SF205,각주항목(09.06월 이후)
5452,201806,0010101,NH투자증권,B1,투자자의 예수증권 등_예수 증권,210432885054949,국내증권사,B,SF205,각주항목(09.06월 이후)
5453,201806,0010101,NH투자증권,B2,투자자의 예수증권 등_예수양도성예금증서, ,국내증권사,B,SF205,각주항목(09.06월 이후)
5454,201806,0010101,NH투자증권,B3,투자자의 예수증권 등_기타, ,국내증권사,B,SF205,각주항목(09.06월 이후)
5455,201806,0010101,NH투자증권,C,파생상품계약,208443587488727,국내증권사,B,SF205,각주항목(09.06월 이후)
5456,201806,0010101,NH투자증권,C1,파생상품계약_장내파생상품,24420446076202,국내증권사,B,SF205,각주항목(09.06월 이후)
5457,201806,0010101,NH투자증권,C11,파생상품계약_장내파생상품_이자율관련거래,3019623097276,국내증권사,B,SF205,각주항목(09.06월 이후)
5458,201806,0010101,NH투자증권,C12,파생상품계약_장내파생상품_통화관련거래,1824588471222,국내증권사,B,SF205,각주항목(09.06월 이후)
5459,201806,0010101,NH투자증권,C13,파생상품계약_장내파생상품_주식관련거래,19316406286213,국내증권사,B,SF205,각주항목(09.06월 이후)
5460,201806,0010101,NH투자증권,C14,파생상품계약_장내파생상품_일반상품관련거래,250166037626,국내증권사,B,SF205,각주항목(09.06월 이후)
5461,201806,0010101,NH투자증권,C15,파생상품계약_장내파생상품_기타,9662183865,국내증권사,B,SF205,각주항목(09.06월 이후)
5462,201806,0010101,NH투자증권,C2,파생상품계약_장외파생상품,184023141412525,국내증권사,B,SF205,각주항목(09.06월 이후)
5463,201806,0010101,NH투자증권,C21,파생상품계약_장외파생상품_이자율관련거래,135742119550025,국내증권사,B,SF205,각주항목(09.06월 이후)
5464,201806,0010101,NH투자증권,C22,파생상품계약_장외파생상품_통화관련거래,33811930593657,국내증권사,B,SF205,각주항목(09.06월 이후)
5465,201806,0010101,NH투자증권,C23,파생상품계약_장외파생상품_주식관련거래,8076141116512,국내증권사,B,SF205,각주항목(09.06월 이후)
5466,201806,0010101,NH투자증권,C24,파생상품계약_장외파생상품_신용관련거래,5751816072978,국내증권사,B,SF205,각주항목(09.06월 이후)
5467,201806,0010101,NH투자증권,C25,파생상품계약_장외파생상품_기타,641134079353,국내증권사,B,SF205,각주항목(09.06월 이후)
5468,201806,0010101,NH투자증권,D,대차 및 대주거래,12656916645300,국내증권사,B,SF205,각주항목(09.06월 이후)
5469,201806,0010101,NH투자증권,D1,대차 및 대주거래_대여증권,2447999312878,국내증권사,B,SF205,각주항목(09.06월 이후)
5470,201806,0010101,NH투자증권,D2,대차 및 대주거래_차입증권,10208917332422,국내증권사,B,SF205,각주항목(09.06월 이후)
5471,201806,0010101,NH투자증권,D3,대차 및 대주거래_신용거래대주, ,국내증권사,B,SF205,각주항목(09.06월 이후)
5472,201806,0010101,NH투자증권,E,대손상각채권,711754833186,국내증권사,B,SF205,각주항목(09.06월 이후)
5473,201806,0010101,NH투자증권,F,환전업무 예치금,372783050640,국내증권사,B,SF205,각주항목(09.06월 이후)
5474,201806,0010101,NH투자증권,G,미배당별도예치금,1237443812,국내증권사,B,SF205,각주항목(09.06월 이후)
5475,201806,0010101,NH투자증권,H,배서어음매출(종금계정),0,국내증권사,B,SF205,각주항목(09.06월 이후)
5476,201806,0010101,NH투자증권,H1,대출채권매매이익_담보부, ,국내증권사,B,SF205,각주항목(09.06월 이후)
5477,201806,0010101,NH투자증권,H2,대출채권매매이익_무담보부, ,국내증권사,B,SF205,각주항목(09.06월 이후)
5478,201809,0010101,NH투자증권,A,채무보증,4389262172928,국내증권사,B,SF205,각주항목(09.06월 이후)
5479,201809,0010101,NH투자증권,A1,채무보증_지급보증,61995514446,국내증권사,B,SF205,각주항목(09.06월 이후)
5480,201809,0010101,NH투자증권,A2,채무보증_매입보장약정,226310000000,국내증권사,B,SF205,각주항목(09.06월 이후)
5481,201809,0010101,NH투자증권,A3,채무보증_채무인수약정, ,국내증권사,B,SF205,각주항목(09.06월 이후)
5482,201809,0010101,NH투자증권,A5,채무보증_매입확약,4035014360577,국내증권사,B,SF205,각주항목(09.06월 이후)
5483,201809,0010101,NH투자증권,A6,채무보증_기타,65942297905,국내증권사,B,SF205,각주항목(09.06월 이후)
5484,201809,0010101,NH투자증권,B,투자자의 예수증권 등,226557635026630,국내증권사,B,SF205,각주항목(09.06월 이후)
5485,201809,0010101,NH투자증권,B1,투자자의 예수증권 등_예수 증권,226557635026630,국내증권사,B,SF205,각주항목(09.06월 이후)
5486,201809,0010101,NH투자증권,B2,투자자의 예수증권 등_예수양도성예금증서, ,국내증권사,B,SF205,각주항목(09.06월 이후)
5487,201809,0010101,NH투자증권,B3,투자자의 예수증권 등_기타, ,국내증권사,B,SF205,각주항목(09.06월 이후)
5488,201809,0010101,NH투자증권,C,파생상품계약,219295452869347,국내증권사,B,SF205,각주항목(09.06월 이후)
5489,201809,0010101,NH투자증권,C1,파생상품계약_장내파생상품,21075661557993,국내증권사,B,SF205,각주항목(09.06월 이후)
5490,201809,0010101,NH투자증권,C11,파생상품계약_장내파생상품_이자율관련거래,4468372123321,국내증권사,B,SF205,각주항목(09.06월 이후)
5491,201809,0010101,NH투자증권,C12,파생상품계약_장내파생상품_통화관련거래,1715729737576,국내증권사,B,SF205,각주항목(09.06월 이후)
5492,201809,0010101,NH투자증권,C13,파생상품계약_장내파생상품_주식관련거래,14590861109679,국내증권사,B,SF205,각주항목(09.06월 이후)
5493,201809,0010101,NH투자증권,C14,파생상품계약_장내파생상품_일반상품관련거래,231123084137,국내증권사,B,SF205,각주항목(09.06월 이후)
5494,201809,0010101,NH투자증권,C15,파생상품계약_장내파생상품_기타,69575503280,국내증권사,B,SF205,각주항목(09.06월 이후)
5495,201809,0010101,NH투자증권,C2,파생상품계약_장외파생상품,198219791311354,국내증권사,B,SF205,각주항목(09.06월 이후)
5496,201809,0010101,NH투자증권,C21,파생상품계약_장외파생상품_이자율관련거래,137877312321275,국내증권사,B,SF205,각주항목(09.06월 이후)
5497,201809,0010101,NH투자증권,C22,파생상품계약_장외파생상품_통화관련거래,44853471218393,국내증권사,B,SF205,각주항목(09.06월 이후)
5498,201809,0010101,NH투자증권,C23,파생상품계약_장외파생상품_주식관련거래,9043689009655,국내증권사,B,SF205,각주항목(09.06월 이후)
5499,201809,0010101,NH투자증권,C24,파생상품계약_장외파생상품_신용관련거래,5803525444000,국내증권사,B,SF205,각주항목(09.06월 이후)
5500,201809,0010101,NH투자증권,C25,파생상품계약_장외파생상품_기타,641793318031,국내증권사,B,SF205,각주항목(09.06월 이후)
5501,201809,0010101,NH투자증권,D,대차 및 대주거래,14413809774055,국내증권사,B,SF205,각주항목(09.06월 이후)
5502,201809,0010101,NH투자증권,D1,대차 및 대주거래_대여증권,2631070926182,국내증권사,B,SF205,각주항목(09.06월 이후)
5503,201809,0010101,NH투자증권,D2,대차 및 대주거래_차입증권,11782738847873,국내증권사,B,SF205,각주항목(09.06월 이후)
5504,201809,0010101,NH투자증권,D3,대차 및 대주거래_신용거래대주, ,국내증권사,B,SF205,각주항목(09.06월 이후)
5505,201809,0010101,NH투자증권,E,대손상각채권,711754833186,국내증권사,B,SF205,각주항목(09.06월 이후)
5506,201809,0010101,NH투자증권,F,환전업무 예치금,342424078053,국내증권사,B,SF205,각주항목(09.06월 이후)
5507,201809,0010101,NH투자증권,G,미배당별도예치금,2121007844,국내증권사,B,SF205,각주항목(09.06월 이후)
5508,201809,0010101,NH투자증권,H,배서어음매출(종금계정),0,국내증권사,B,SF205,각주항목(09.06월 이후)
5509,201809,0010101,NH투자증권,H1,대출채권매매이익_담보부, ,국내증권사,B,SF205,각주항목(09.06월 이후)
5510,201809,0010101,NH투자증권,H2,대출채권매매이익_무담보부, ,국내증권사,B,SF205,각주항목(09.06월 이후)
5511,201812,0010101,NH투자증권,A,채무보증,4806114437962,국내증권사,B,SF205,각주항목(09.06월 이후)
5512,201812,0010101,NH투자증권,A1,채무보증_지급보증,62196394446,국내증권사,B,SF205,각주항목(09.06월 이후)
5513,201812,0010101,NH투자증권,A2,채무보증_매입보장약정,209620000000,국내증권사,B,SF205,각주항목(09.06월 이후)
5514,201812,0010101,NH투자증권,A3,채무보증_채무인수약정, ,국내증권사,B,SF205,각주항목(09.06월 이후)
5515,201812,0010101,NH투자증권,A5,채무보증_매입확약,4428051941760,국내증권사,B,SF205,각주항목(09.06월 이후)
5516,201812,0010101,NH투자증권,A6,채무보증_기타,106246101756,국내증권사,B,SF205,각주항목(09.06월 이후)
5517,201812,0010101,NH투자증권,B,투자자의 예수증권 등,212614672793430,국내증권사,B,SF205,각주항목(09.06월 이후)
5518,201812,0010101,NH투자증권,B1,투자자의 예수증권 등_예수 증권,212614672793430,국내증권사,B,SF205,각주항목(09.06월 이후)
5519,201812,0010101,NH투자증권,B2,투자자의 예수증권 등_예수양도성예금증서, ,국내증권사,B,SF205,각주항목(09.06월 이후)
5520,201812,0010101,NH투자증권,B3,투자자의 예수증권 등_기타, ,국내증권사,B,SF205,각주항목(09.06월 이후)
5521,201812,0010101,NH투자증권,C,파생상품계약,225437051052144,국내증권사,B,SF205,각주항목(09.06월 이후)
5522,201812,0010101,NH투자증권,C1,파생상품계약_장내파생상품,19227717592864,국내증권사,B,SF205,각주항목(09.06월 이후)
5523,201812,0010101,NH투자증권,C11,파생상품계약_장내파생상품_이자율관련거래,4257746522970,국내증권사,B,SF205,각주항목(09.06월 이후)
5524,201812,0010101,NH투자증권,C12,파생상품계약_장내파생상품_통화관련거래,1742624689000,국내증권사,B,SF205,각주항목(09.06월 이후)
5525,201812,0010101,NH투자증권,C13,파생상품계약_장내파생상품_주식관련거래,12892160563409,국내증권사,B,SF205,각주항목(09.06월 이후)
5526,201812,0010101,NH투자증권,C14,파생상품계약_장내파생상품_일반상품관련거래,296050780754,국내증권사,B,SF205,각주항목(09.06월 이후)
5527,201812,0010101,NH투자증권,C15,파생상품계약_장내파생상품_기타,39135036731,국내증권사,B,SF205,각주항목(09.06월 이후)
5528,201812,0010101,NH투자증권,C2,파생상품계약_장외파생상품,206209333459280,국내증권사,B,SF205,각주항목(09.06월 이후)
5529,201812,0010101,NH투자증권,C21,파생상품계약_장외파생상품_이자율관련거래,144364160677625,국내증권사,B,SF205,각주항목(09.06월 이후)
5530,201812,0010101,NH투자증권,C22,파생상품계약_장외파생상품_통화관련거래,46561561826257,국내증권사,B,SF205,각주항목(09.06월 이후)
5531,201812,0010101,NH투자증권,C23,파생상품계약_장외파생상품_주식관련거래,8958240368968,국내증권사,B,SF205,각주항목(09.06월 이후)
5532,201812,0010101,NH투자증권,C24,파생상품계약_장외파생상품_신용관련거래,5661047654887,국내증권사,B,SF205,각주항목(09.06월 이후)
5533,201812,0010101,NH투자증권,C25,파생상품계약_장외파생상품_기타,664322931543,국내증권사,B,SF205,각주항목(09.06월 이후)
5534,201812,0010101,NH투자증권,D,대차 및 대주거래,15617638873047,국내증권사,B,SF205,각주항목(09.06월 이후)
5535,201812,0010101,NH투자증권,D1,대차 및 대주거래_대여증권,1868234706188,국내증권사,B,SF205,각주항목(09.06월 이후)
5536,201812,0010101,NH투자증권,D2,대차 및 대주거래_차입증권,13749404166859,국내증권사,B,SF205,각주항목(09.06월 이후)
5537,201812,0010101,NH투자증권,D3,대차 및 대주거래_신용거래대주, ,국내증권사,B,SF205,각주항목(09.06월 이후)
5538,201812,0010101,NH투자증권,E,대손상각채권,711754833186,국내증권사,B,SF205,각주항목(09.06월 이후)
5539,201812,0010101,NH투자증권,F,환전업무 예치금,479022262553,국내증권사,B,SF205,각주항목(09.06월 이후)
5540,201812,0010101,NH투자증권,G,미배당별도예치금,3001399478,국내증권사,B,SF205,각주항목(09.06월 이후)
5541,201812,0010101,NH투자증권,H,배서어음매출(종금계정),0,국내증권사,B,SF205,각주항목(09.06월 이후)
5542,201812,0010101,NH투자증권,H1,대출채권매매이익_담보부, ,국내증권사,B,SF205,각주항목(09.06월 이후)
5543,201812,0010101,NH투자증권,H2,대출채권매매이익_무담보부, ,국내증권사,B,SF205,각주항목(09.06월 이후)
5544,201903,0010101,NH투자증권,A,채무보증,3083104554527,국내증권사,B,SF205,각주항목(09.06월 이후)
5545,201903,0010101,NH투자증권,A1,채무보증_지급보증,141474982267,국내증권사,B,SF205,각주항목(09.06월 이후)
5546,201903,0010101,NH투자증권,A2,채무보증_매입보장약정,199740000000,국내증권사,B,SF205,각주항목(09.06월 이후)
5547,201903,0010101,NH투자증권,A3,채무보증_채무인수약정, ,국내증권사,B,SF205,각주항목(09.06월 이후)
5548,201903,0010101,NH투자증권,A5,채무보증_매입확약,2608795960654,국내증권사,B,SF205,각주항목(09.06월 이후)
5549,201903,0010101,NH투자증권,A6,채무보증_기타,133093611606,국내증권사,B,SF205,각주항목(09.06월 이후)
5550,201903,0010101,NH투자증권,B,투자자의 예수증권 등,221879009611300,국내증권사,B,SF205,각주항목(09.06월 이후)
5551,201903,0010101,NH투자증권,B1,투자자의 예수증권 등_예수 증권,221879009611300,국내증권사,B,SF205,각주항목(09.06월 이후)
5552,201903,0010101,NH투자증권,B2,투자자의 예수증권 등_예수양도성예금증서, ,국내증권사,B,SF205,각주항목(09.06월 이후)
5553,201903,0010101,NH투자증권,B3,투자자의 예수증권 등_기타, ,국내증권사,B,SF205,각주항목(09.06월 이후)
5554,201903,0010101,NH투자증권,C,파생상품계약,247626732694649,국내증권사,B,SF205,각주항목(09.06월 이후)
5555,201903,0010101,NH투자증권,C1,파생상품계약_장내파생상품,16313453026019,국내증권사,B,SF205,각주항목(09.06월 이후)
5556,201903,0010101,NH투자증권,C11,파생상품계약_장내파생상품_이자율관련거래,4473837749636,국내증권사,B,SF205,각주항목(09.06월 이후)
5557,201903,0010101,NH투자증권,C12,파생상품계약_장내파생상품_통화관련거래,1830236024398,국내증권사,B,SF205,각주항목(09.06월 이후)
5558,201903,0010101,NH투자증권,C13,파생상품계약_장내파생상품_주식관련거래,9417453091251,국내증권사,B,SF205,각주항목(09.06월 이후)
5559,201903,0010101,NH투자증권,C14,파생상품계약_장내파생상품_일반상품관련거래,542243564938,국내증권사,B,SF205,각주항목(09.06월 이후)
5560,201903,0010101,NH투자증권,C15,파생상품계약_장내파생상품_기타,49682595796,국내증권사,B,SF205,각주항목(09.06월 이후)
5561,201903,0010101,NH투자증권,C2,파생상품계약_장외파생상품,231313279668630,국내증권사,B,SF205,각주항목(09.06월 이후)
5562,201903,0010101,NH투자증권,C21,파생상품계약_장외파생상품_이자율관련거래,144992238667033,국내증권사,B,SF205,각주항목(09.06월 이후)
5563,201903,0010101,NH투자증권,C22,파생상품계약_장외파생상품_통화관련거래,71802847800398,국내증권사,B,SF205,각주항목(09.06월 이후)
5564,201903,0010101,NH투자증권,C23,파생상품계약_장외파생상품_주식관련거래,7861865018803,국내증권사,B,SF205,각주항목(09.06월 이후)
5565,201903,0010101,NH투자증권,C24,파생상품계약_장외파생상품_신용관련거래,5916562119372,국내증권사,B,SF205,각주항목(09.06월 이후)
5566,201903,0010101,NH투자증권,C25,파생상품계약_장외파생상품_기타,739766063024,국내증권사,B,SF205,각주항목(09.06월 이후)
5567,201903,0010101,NH투자증권,D,대차 및 대주거래,13929092454119,국내증권사,B,SF205,각주항목(09.06월 이후)
5568,201903,0010101,NH투자증권,D1,대차 및 대주거래_대여증권,1882152681196,국내증권사,B,SF205,각주항목(09.06월 이후)
5569,201903,0010101,NH투자증권,D2,대차 및 대주거래_차입증권,12046939772923,국내증권사,B,SF205,각주항목(09.06월 이후)
5570,201903,0010101,NH투자증권,D3,대차 및 대주거래_신용거래대주, ,국내증권사,B,SF205,각주항목(09.06월 이후)
5571,201903,0010101,NH투자증권,E,대손상각채권,711754833186,국내증권사,B,SF205,각주항목(09.06월 이후)
5572,201903,0010101,NH투자증권,F,환전업무 예치금,542323160480,국내증권사,B,SF205,각주항목(09.06월 이후)
5573,201903,0010101,NH투자증권,G,미배당별도예치금,450341678,국내증권사,B,SF205,각주항목(09.06월 이후)
5574,201903,0010101,NH투자증권,H,배서어음매출(종금계정),0,국내증권사,B,SF205,각주항목(09.06월 이후)
5575,201903,0010101,NH투자증권,H1,대출채권매매이익_담보부, ,국내증권사,B,SF205,각주항목(09.06월 이후)
5576,201903,0010101,NH투자증권,H2,대출채권매매이익_무담보부, ,국내증권사,B,SF205,각주항목(09.06월 이후)
5577,201906,0010101,NH투자증권,A,채무보증,3514301473915,국내증권사,B,SF205,각주항목(09.06월 이후)
5578,201906,0010101,NH투자증권,A1,채무보증_지급보증,143605726341,국내증권사,B,SF205,각주항목(09.06월 이후)
5579,201906,0010101,NH투자증권,A2,채무보증_매입보장약정,200440000000,국내증권사,B,SF205,각주항목(09.06월 이후)
5580,201906,0010101,NH투자증권,A3,채무보증_채무인수약정, ,국내증권사,B,SF205,각주항목(09.06월 이후)
5581,201906,0010101,NH투자증권,A5,채무보증_매입확약,3017755456459,국내증권사,B,SF205,각주항목(09.06월 이후)
5582,201906,0010101,NH투자증권,A6,채무보증_기타,152500291115,국내증권사,B,SF205,각주항목(09.06월 이후)
5583,201906,0010101,NH투자증권,B,투자자의 예수증권 등,217412264584069,국내증권사,B,SF205,각주항목(09.06월 이후)
5584,201906,0010101,NH투자증권,B1,투자자의 예수증권 등_예수 증권,217412264584069,국내증권사,B,SF205,각주항목(09.06월 이후)
5585,201906,0010101,NH투자증권,B2,투자자의 예수증권 등_예수양도성예금증서, ,국내증권사,B,SF205,각주항목(09.06월 이후)
5586,201906,0010101,NH투자증권,B3,투자자의 예수증권 등_기타, ,국내증권사,B,SF205,각주항목(09.06월 이후)
5587,201906,0010101,NH투자증권,C,파생상품계약,269551649212880,국내증권사,B,SF205,각주항목(09.06월 이후)
5588,201906,0010101,NH투자증권,C1,파생상품계약_장내파생상품,20325967598646,국내증권사,B,SF205,각주항목(09.06월 이후)
5589,201906,0010101,NH투자증권,C11,파생상품계약_장내파생상품_이자율관련거래,5846720396687,국내증권사,B,SF205,각주항목(09.06월 이후)
5590,201906,0010101,NH투자증권,C12,파생상품계약_장내파생상품_통화관련거래,1517959168972,국내증권사,B,SF205,각주항목(09.06월 이후)
5591,201906,0010101,NH투자증권,C13,파생상품계약_장내파생상품_주식관련거래,12572614149416,국내증권사,B,SF205,각주항목(09.06월 이후)
5592,201906,0010101,NH투자증권,C14,파생상품계약_장내파생상품_일반상품관련거래,347857544570,국내증권사,B,SF205,각주항목(09.06월 이후)
5593,201906,0010101,NH투자증권,C15,파생상품계약_장내파생상품_기타,40816339001,국내증권사,B,SF205,각주항목(09.06월 이후)
5594,201906,0010101,NH투자증권,C2,파생상품계약_장외파생상품,249225681614234,국내증권사,B,SF205,각주항목(09.06월 이후)
5595,201906,0010101,NH투자증권,C21,파생상품계약_장외파생상품_이자율관련거래,159681365661517,국내증권사,B,SF205,각주항목(09.06월 이후)
5596,201906,0010101,NH투자증권,C22,파생상품계약_장외파생상품_통화관련거래,76148670771547,국내증권사,B,SF205,각주항목(09.06월 이후)
5597,201906,0010101,NH투자증권,C23,파생상품계약_장외파생상품_주식관련거래,6726093399465,국내증권사,B,SF205,각주항목(09.06월 이후)
5598,201906,0010101,NH투자증권,C24,파생상품계약_장외파생상품_신용관련거래,5762110009993,국내증권사,B,SF205,각주항목(09.06월 이후)
5599,201906,0010101,NH투자증권,C25,파생상품계약_장외파생상품_기타,907441771712,국내증권사,B,SF205,각주항목(09.06월 이후)
5600,201906,0010101,NH투자증권,D,대차 및 대주거래,15605545291826,국내증권사,B,SF205,각주항목(09.06월 이후)
5601,201906,0010101,NH투자증권,D1,대차 및 대주거래_대여증권,2908004930994,국내증권사,B,SF205,각주항목(09.06월 이후)
5602,201906,0010101,NH투자증권,D2,대차 및 대주거래_차입증권,12697540360832,국내증권사,B,SF205,각주항목(09.06월 이후)
5603,201906,0010101,NH투자증권,D3,대차 및 대주거래_신용거래대주, ,국내증권사,B,SF205,각주항목(09.06월 이후)
5604,201906,0010101,NH투자증권,E,대손상각채권,711754833186,국내증권사,B,SF205,각주항목(09.06월 이후)
5605,201906,0010101,NH투자증권,F,환전업무 예치금,711391725734,국내증권사,B,SF205,각주항목(09.06월 이후)
5606,201906,0010101,NH투자증권,G,미배당별도예치금,947804859,국내증권사,B,SF205,각주항목(09.06월 이후)
5607,201906,0010101,NH투자증권,H,배서어음매출(종금계정),0,국내증권사,B,SF205,각주항목(09.06월 이후)
5608,201906,0010101,NH투자증권,H1,대출채권매매이익_담보부, ,국내증권사,B,SF205,각주항목(09.06월 이후)
5609,201906,0010101,NH투자증권,H2,대출채권매매이익_무담보부, ,국내증권사,B,SF205,각주항목(09.06월 이후)
5610,201909,0010101,NH투자증권,A,채무보증,3038250692515,국내증권사,B,SF205,각주항목(09.06월 이후)
5611,201909,0010101,NH투자증권,A1,채무보증_지급보증,145235904724,국내증권사,B,SF205,각주항목(09.06월 이후)
5612,201909,0010101,NH투자증권,A2,채무보증_매입보장약정,200820000000,국내증권사,B,SF205,각주항목(09.06월 이후)
5613,201909,0010101,NH투자증권,A3,채무보증_채무인수약정, ,국내증권사,B,SF205,각주항목(09.06월 이후)
5614,201909,0010101,NH투자증권,A5,채무보증_매입확약,2511005914142,국내증권사,B,SF205,각주항목(09.06월 이후)
5615,201909,0010101,NH투자증권,A6,채무보증_기타,181188873649,국내증권사,B,SF205,각주항목(09.06월 이후)
5616,201909,0010101,NH투자증권,B,투자자의 예수증권 등,209696555711038,국내증권사,B,SF205,각주항목(09.06월 이후)
5617,201909,0010101,NH투자증권,B1,투자자의 예수증권 등_예수 증권,209696555711038,국내증권사,B,SF205,각주항목(09.06월 이후)
5618,201909,0010101,NH투자증권,B2,투자자의 예수증권 등_예수양도성예금증서, ,국내증권사,B,SF205,각주항목(09.06월 이후)
5619,201909,0010101,NH투자증권,B3,투자자의 예수증권 등_기타, ,국내증권사,B,SF205,각주항목(09.06월 이후)
5620,201909,0010101,NH투자증권,C,파생상품계약,267359923519060,국내증권사,B,SF205,각주항목(09.06월 이후)
5621,201909,0010101,NH투자증권,C1,파생상품계약_장내파생상품,26304245686441,국내증권사,B,SF205,각주항목(09.06월 이후)
5622,201909,0010101,NH투자증권,C11,파생상품계약_장내파생상품_이자율관련거래,5040134157437,국내증권사,B,SF205,각주항목(09.06월 이후)
5623,201909,0010101,NH투자증권,C12,파생상품계약_장내파생상품_통화관련거래,1407247413035,국내증권사,B,SF205,각주항목(09.06월 이후)
5624,201909,0010101,NH투자증권,C13,파생상품계약_장내파생상품_주식관련거래,19041834323921,국내증권사,B,SF205,각주항목(09.06월 이후)
5625,201909,0010101,NH투자증권,C14,파생상품계약_장내파생상품_일반상품관련거래,772609328918,국내증권사,B,SF205,각주항목(09.06월 이후)
5626,201909,0010101,NH투자증권,C15,파생상품계약_장내파생상품_기타,42420463130,국내증권사,B,SF205,각주항목(09.06월 이후)
5627,201909,0010101,NH투자증권,C2,파생상품계약_장외파생상품,241055677832619,국내증권사,B,SF205,각주항목(09.06월 이후)
5628,201909,0010101,NH투자증권,C21,파생상품계약_장외파생상품_이자율관련거래,172704406284175,국내증권사,B,SF205,각주항목(09.06월 이후)
5629,201909,0010101,NH투자증권,C22,파생상품계약_장외파생상품_통화관련거래,54586357541165,국내증권사,B,SF205,각주항목(09.06월 이후)
5630,201909,0010101,NH투자증권,C23,파생상품계약_장외파생상품_주식관련거래,5920839440920,국내증권사,B,SF205,각주항목(09.06월 이후)
5631,201909,0010101,NH투자증권,C24,파생상품계약_장외파생상품_신용관련거래,6882091768552,국내증권사,B,SF205,각주항목(09.06월 이후)
5632,201909,0010101,NH투자증권,C25,파생상품계약_장외파생상품_기타,961982797807,국내증권사,B,SF205,각주항목(09.06월 이후)
5633,201909,0010101,NH투자증권,D,대차 및 대주거래,13626303452743,국내증권사,B,SF205,각주항목(09.06월 이후)
5634,201909,0010101,NH투자증권,D1,대차 및 대주거래_대여증권,2470000575100,국내증권사,B,SF205,각주항목(09.06월 이후)
5635,201909,0010101,NH투자증권,D2,대차 및 대주거래_차입증권,11156302877643,국내증권사,B,SF205,각주항목(09.06월 이후)
5636,201909,0010101,NH투자증권,D3,대차 및 대주거래_신용거래대주, ,국내증권사,B,SF205,각주항목(09.06월 이후)
5637,201909,0010101,NH투자증권,E,대손상각채권,711754833186,국내증권사,B,SF205,각주항목(09.06월 이후)
5638,201909,0010101,NH투자증권,F,환전업무 예치금,595735300001,국내증권사,B,SF205,각주항목(09.06월 이후)
5639,201909,0010101,NH투자증권,G,미배당별도예치금,1688904649,국내증권사,B,SF205,각주항목(09.06월 이후)
5640,201909,0010101,NH투자증권,H,배서어음매출(종금계정),0,국내증권사,B,SF205,각주항목(09.06월 이후)
5641,201909,0010101,NH투자증권,H1,대출채권매매이익_담보부, ,국내증권사,B,SF205,각주항목(09.06월 이후)
5642,201909,0010101,NH투자증권,H2,대출채권매매이익_무담보부, ,국내증권사,B,SF205,각주항목(09.06월 이후)
5643,201912,0010101,NH투자증권,A,채무보증,3618639367961,국내증권사,B,SF205,각주항목(09.06월 이후)
5644,201912,0010101,NH투자증권,A1,채무보증_지급보증,142694164254,국내증권사,B,SF205,각주항목(09.06월 이후)
5645,201912,0010101,NH투자증권,A2,채무보증_매입보장약정,198770000000,국내증권사,B,SF205,각주항목(09.06월 이후)
5646,201912,0010101,NH투자증권,A3,채무보증_채무인수약정, ,국내증권사,B,SF205,각주항목(09.06월 이후)
5647,201912,0010101,NH투자증권,A5,채무보증_매입확약,3116855716653,국내증권사,B,SF205,각주항목(09.06월 이후)
5648,201912,0010101,NH투자증권,A6,채무보증_기타,160319487054,국내증권사,B,SF205,각주항목(09.06월 이후)
5649,201912,0010101,NH투자증권,B,투자자의 예수증권 등,218708063671904,국내증권사,B,SF205,각주항목(09.06월 이후)
5650,201912,0010101,NH투자증권,B1,투자자의 예수증권 등_예수 증권,218708063671904,국내증권사,B,SF205,각주항목(09.06월 이후)
5651,201912,0010101,NH투자증권,B2,투자자의 예수증권 등_예수양도성예금증서, ,국내증권사,B,SF205,각주항목(09.06월 이후)
5652,201912,0010101,NH투자증권,B3,투자자의 예수증권 등_기타, ,국내증권사,B,SF205,각주항목(09.06월 이후)
5653,201912,0010101,NH투자증권,C,파생상품계약,242711877603954,국내증권사,B,SF205,각주항목(09.06월 이후)
5654,201912,0010101,NH투자증권,C1,파생상품계약_장내파생상품,18668951182296,국내증권사,B,SF205,각주항목(09.06월 이후)
5655,201912,0010101,NH투자증권,C11,파생상품계약_장내파생상품_이자율관련거래,3753913295357,국내증권사,B,SF205,각주항목(09.06월 이후)
5656,201912,0010101,NH투자증권,C12,파생상품계약_장내파생상품_통화관련거래,1067897986000,국내증권사,B,SF205,각주항목(09.06월 이후)
5657,201912,0010101,NH투자증권,C13,파생상품계약_장내파생상품_주식관련거래,13445540310861,국내증권사,B,SF205,각주항목(09.06월 이후)
5658,201912,0010101,NH투자증권,C14,파생상품계약_장내파생상품_일반상품관련거래,361901604288,국내증권사,B,SF205,각주항목(09.06월 이후)
5659,201912,0010101,NH투자증권,C15,파생상품계약_장내파생상품_기타,39697985790,국내증권사,B,SF205,각주항목(09.06월 이후)
5660,201912,0010101,NH투자증권,C2,파생상품계약_장외파생상품,224042926421658,국내증권사,B,SF205,각주항목(09.06월 이후)
5661,201912,0010101,NH투자증권,C21,파생상품계약_장외파생상품_이자율관련거래,175063227630187,국내증권사,B,SF205,각주항목(09.06월 이후)
5662,201912,0010101,NH투자증권,C22,파생상품계약_장외파생상품_통화관련거래,36717508270476,국내증권사,B,SF205,각주항목(09.06월 이후)
5663,201912,0010101,NH투자증권,C23,파생상품계약_장외파생상품_주식관련거래,4965126111778,국내증권사,B,SF205,각주항목(09.06월 이후)
5664,201912,0010101,NH투자증권,C24,파생상품계약_장외파생상품_신용관련거래,6585023292657,국내증권사,B,SF205,각주항목(09.06월 이후)
5665,201912,0010101,NH투자증권,C25,파생상품계약_장외파생상품_기타,712041116560,국내증권사,B,SF205,각주항목(09.06월 이후)
5666,201912,0010101,NH투자증권,D,대차 및 대주거래,12585012043759,국내증권사,B,SF205,각주항목(09.06월 이후)
5667,201912,0010101,NH투자증권,D1,대차 및 대주거래_대여증권,2316311102514,국내증권사,B,SF205,각주항목(09.06월 이후)
5668,201912,0010101,NH투자증권,D2,대차 및 대주거래_차입증권,10268700941245,국내증권사,B,SF205,각주항목(09.06월 이후)
5669,201912,0010101,NH투자증권,D3,대차 및 대주거래_신용거래대주, ,국내증권사,B,SF205,각주항목(09.06월 이후)
5670,201912,0010101,NH투자증권,E,대손상각채권,711754833186,국내증권사,B,SF205,각주항목(09.06월 이후)
5671,201912,0010101,NH투자증권,F,환전업무 예치금,710099632008,국내증권사,B,SF205,각주항목(09.06월 이후)
5672,201912,0010101,NH투자증권,G,미배당별도예치금,2656743881,국내증권사,B,SF205,각주항목(09.06월 이후)
5673,201912,0010101,NH투자증권,H,배서어음매출(종금계정),0,국내증권사,B,SF205,각주항목(09.06월 이후)
5674,201912,0010101,NH투자증권,H1,대출채권매매이익_담보부, ,국내증권사,B,SF205,각주항목(09.06월 이후)
5675,201912,0010101,NH투자증권,H2,대출채권매매이익_무담보부, ,국내증권사,B,SF205,각주항목(09.06월 이후)
5676,202003,0010101,NH투자증권,A,채무보증,3936286056516,국내증권사,B,SF205,각주항목(09.06월 이후)
5677,202003,0010101,NH투자증권,A1,채무보증_지급보증,147853343831,국내증권사,B,SF205,각주항목(09.06월 이후)
5678,202003,0010101,NH투자증권,A2,채무보증_매입보장약정,8490000000,국내증권사,B,SF205,각주항목(09.06월 이후)
5679,202003,0010101,NH투자증권,A3,채무보증_채무인수약정, ,국내증권사,B,SF205,각주항목(09.06월 이후)
5680,202003,0010101,NH투자증권,A5,채무보증_매입확약,3585327362233,국내증권사,B,SF205,각주항목(09.06월 이후)
5681,202003,0010101,NH투자증권,A6,채무보증_기타,194615350452,국내증권사,B,SF205,각주항목(09.06월 이후)
5682,202003,0010101,NH투자증권,B,투자자의 예수증권 등,218858989345837,국내증권사,B,SF205,각주항목(09.06월 이후)
5683,202003,0010101,NH투자증권,B1,투자자의 예수증권 등_예수 증권,218858989345837,국내증권사,B,SF205,각주항목(09.06월 이후)
5684,202003,0010101,NH투자증권,B2,투자자의 예수증권 등_예수양도성예금증서, ,국내증권사,B,SF205,각주항목(09.06월 이후)
5685,202003,0010101,NH투자증권,B3,투자자의 예수증권 등_기타, ,국내증권사,B,SF205,각주항목(09.06월 이후)
5686,202003,0010101,NH투자증권,C,파생상품계약,246641192107581,국내증권사,B,SF205,각주항목(09.06월 이후)
5687,202003,0010101,NH투자증권,C1,파생상품계약_장내파생상품,29600385932212,국내증권사,B,SF205,각주항목(09.06월 이후)
5688,202003,0010101,NH투자증권,C11,파생상품계약_장내파생상품_이자율관련거래,6751420348706,국내증권사,B,SF205,각주항목(09.06월 이후)
5689,202003,0010101,NH투자증권,C12,파생상품계약_장내파생상품_통화관련거래,1346049717345,국내증권사,B,SF205,각주항목(09.06월 이후)
5690,202003,0010101,NH투자증권,C13,파생상품계약_장내파생상품_주식관련거래,21341314528730,국내증권사,B,SF205,각주항목(09.06월 이후)
5691,202003,0010101,NH투자증권,C14,파생상품계약_장내파생상품_일반상품관련거래,142367744760,국내증권사,B,SF205,각주항목(09.06월 이후)
5692,202003,0010101,NH투자증권,C15,파생상품계약_장내파생상품_기타,19233592671,국내증권사,B,SF205,각주항목(09.06월 이후)
5693,202003,0010101,NH투자증권,C2,파생상품계약_장외파생상품,217040806175369,국내증권사,B,SF205,각주항목(09.06월 이후)
5694,202003,0010101,NH투자증권,C21,파생상품계약_장외파생상품_이자율관련거래,177404351118805,국내증권사,B,SF205,각주항목(09.06월 이후)
5695,202003,0010101,NH투자증권,C22,파생상품계약_장외파생상품_통화관련거래,27376118125369,국내증권사,B,SF205,각주항목(09.06월 이후)
5696,202003,0010101,NH투자증권,C23,파생상품계약_장외파생상품_주식관련거래,4675145634723,국내증권사,B,SF205,각주항목(09.06월 이후)
5697,202003,0010101,NH투자증권,C24,파생상품계약_장외파생상품_신용관련거래,7041372393300,국내증권사,B,SF205,각주항목(09.06월 이후)
5698,202003,0010101,NH투자증권,C25,파생상품계약_장외파생상품_기타,543818903172,국내증권사,B,SF205,각주항목(09.06월 이후)
5699,202003,0010101,NH투자증권,D,대차 및 대주거래,13769889549132,국내증권사,B,SF205,각주항목(09.06월 이후)
5700,202003,0010101,NH투자증권,D1,대차 및 대주거래_대여증권,2249358874674,국내증권사,B,SF205,각주항목(09.06월 이후)
5701,202003,0010101,NH투자증권,D2,대차 및 대주거래_차입증권,11520530674458,국내증권사,B,SF205,각주항목(09.06월 이후)
5702,202003,0010101,NH투자증권,D3,대차 및 대주거래_신용거래대주, ,국내증권사,B,SF205,각주항목(09.06월 이후)
5703,202003,0010101,NH투자증권,E,대손상각채권,711754833186,국내증권사,B,SF205,각주항목(09.06월 이후)
5704,202003,0010101,NH투자증권,F,환전업무 예치금,543018837798,국내증권사,B,SF205,각주항목(09.06월 이후)
5705,202003,0010101,NH투자증권,G,미배당별도예치금,1178951172,국내증권사,B,SF205,각주항목(09.06월 이후)
5706,202003,0010101,NH투자증권,H,배서어음매출(종금계정),0,국내증권사,B,SF205,각주항목(09.06월 이후)
5707,202003,0010101,NH투자증권,H1,대출채권매매이익_담보부, ,국내증권사,B,SF205,각주항목(09.06월 이후)
5708,202003,0010101,NH투자증권,H2,대출채권매매이익_무담보부, ,국내증권사,B,SF205,각주항목(09.06월 이후)
5709,202006,0010101,NH투자증권,A,채무보증,3047239020835,국내증권사,B,SF205,각주항목(09.06월 이후)
5710,202006,0010101,NH투자증권,A1,채무보증_지급보증,102455264872,국내증권사,B,SF205,각주항목(09.06월 이후)
5711,202006,0010101,NH투자증권,A2,채무보증_매입보장약정,146950000000,국내증권사,B,SF205,각주항목(09.06월 이후)
5712,202006,0010101,NH투자증권,A3,채무보증_채무인수약정, ,국내증권사,B,SF205,각주항목(09.06월 이후)
5713,202006,0010101,NH투자증권,A5,채무보증_매입확약,2587325529051,국내증권사,B,SF205,각주항목(09.06월 이후)
5714,202006,0010101,NH투자증권,A6,채무보증_기타,210508226912,국내증권사,B,SF205,각주항목(09.06월 이후)
5715,202006,0010101,NH투자증권,B,투자자의 예수증권 등,253899399591786,국내증권사,B,SF205,각주항목(09.06월 이후)
5716,202006,0010101,NH투자증권,B1,투자자의 예수증권 등_예수 증권,253899399591786,국내증권사,B,SF205,각주항목(09.06월 이후)
5717,202006,0010101,NH투자증권,B2,투자자의 예수증권 등_예수양도성예금증서, ,국내증권사,B,SF205,각주항목(09.06월 이후)
5718,202006,0010101,NH투자증권,B3,투자자의 예수증권 등_기타, ,국내증권사,B,SF205,각주항목(09.06월 이후)
5719,202006,0010101,NH투자증권,C,파생상품계약,221313267176469,국내증권사,B,SF205,각주항목(09.06월 이후)
5720,202006,0010101,NH투자증권,C1,파생상품계약_장내파생상품,26823722348019,국내증권사,B,SF205,각주항목(09.06월 이후)
5721,202006,0010101,NH투자증권,C11,파생상품계약_장내파생상품_이자율관련거래,8536844497871,국내증권사,B,SF205,각주항목(09.06월 이후)
5722,202006,0010101,NH투자증권,C12,파생상품계약_장내파생상품_통화관련거래,1325080073049,국내증권사,B,SF205,각주항목(09.06월 이후)
5723,202006,0010101,NH투자증권,C13,파생상품계약_장내파생상품_주식관련거래,16693853360527,국내증권사,B,SF205,각주항목(09.06월 이후)
5724,202006,0010101,NH투자증권,C14,파생상품계약_장내파생상품_일반상품관련거래,226503698128,국내증권사,B,SF205,각주항목(09.06월 이후)
5725,202006,0010101,NH투자증권,C15,파생상품계약_장내파생상품_기타,41440718444,국내증권사,B,SF205,각주항목(09.06월 이후)
5726,202006,0010101,NH투자증권,C2,파생상품계약_장외파생상품,194489544828450,국내증권사,B,SF205,각주항목(09.06월 이후)
5727,202006,0010101,NH투자증권,C21,파생상품계약_장외파생상품_이자율관련거래,170316008693610,국내증권사,B,SF205,각주항목(09.06월 이후)
5728,202006,0010101,NH투자증권,C22,파생상품계약_장외파생상품_통화관련거래,11567643583621,국내증권사,B,SF205,각주항목(09.06월 이후)
5729,202006,0010101,NH투자증권,C23,파생상품계약_장외파생상품_주식관련거래,4850783991136,국내증권사,B,SF205,각주항목(09.06월 이후)
5730,202006,0010101,NH투자증권,C24,파생상품계약_장외파생상품_신용관련거래,7344284450953,국내증권사,B,SF205,각주항목(09.06월 이후)
5731,202006,0010101,NH투자증권,C25,파생상품계약_장외파생상품_기타,410824109130,국내증권사,B,SF205,각주항목(09.06월 이후)
5732,202006,0010101,NH투자증권,D,대차 및 대주거래,13680800864750,국내증권사,B,SF205,각주항목(09.06월 이후)
5733,202006,0010101,NH투자증권,D1,대차 및 대주거래_대여증권,2408955494004,국내증권사,B,SF205,각주항목(09.06월 이후)
5734,202006,0010101,NH투자증권,D2,대차 및 대주거래_차입증권,11271845370746,국내증권사,B,SF205,각주항목(09.06월 이후)
5735,202006,0010101,NH투자증권,D3,대차 및 대주거래_신용거래대주, ,국내증권사,B,SF205,각주항목(09.06월 이후)
5736,202006,0010101,NH투자증권,E,대손상각채권,740586146636,국내증권사,B,SF205,각주항목(09.06월 이후)
5737,202006,0010101,NH투자증권,F,환전업무 예치금,545193060593,국내증권사,B,SF205,각주항목(09.06월 이후)
5738,202006,0010101,NH투자증권,G,미배당별도예치금,4051503528,국내증권사,B,SF205,각주항목(09.06월 이후)
5739,202006,0010101,NH투자증권,H,배서어음매출(종금계정),0,국내증권사,B,SF205,각주항목(09.06월 이후)
5740,202006,0010101,NH투자증권,H1,대출채권매매이익_담보부, ,국내증권사,B,SF205,각주항목(09.06월 이후)
5741,202006,0010101,NH투자증권,H2,대출채권매매이익_무담보부, ,국내증권사,B,SF205,각주항목(09.06월 이후)
5742,202009,0010101,NH투자증권,A,채무보증,2303290959914,국내증권사,B,SF205,각주항목(09.06월 이후)
5743,202009,0010101,NH투자증권,A1,채무보증_지급보증,103487204631,국내증권사,B,SF205,각주항목(09.06월 이후)
5744,202009,0010101,NH투자증권,A2,채무보증_매입보장약정,105800000000,국내증권사,B,SF205,각주항목(09.06월 이후)
5745,202009,0010101,NH투자증권,A3,채무보증_채무인수약정, ,국내증권사,B,SF205,각주항목(09.06월 이후)
5746,202009,0010101,NH투자증권,A5,채무보증_매입확약,1898456845198,국내증권사,B,SF205,각주항목(09.06월 이후)
5747,202009,0010101,NH투자증권,A6,채무보증_기타,195546910085,국내증권사,B,SF205,각주항목(09.06월 이후)
5748,202009,0010101,NH투자증권,B,투자자의 예수증권 등,273392608550737,국내증권사,B,SF205,각주항목(09.06월 이후)
5749,202009,0010101,NH투자증권,B1,투자자의 예수증권 등_예수 증권,273392608550737,국내증권사,B,SF205,각주항목(09.06월 이후)
5750,202009,0010101,NH투자증권,B2,투자자의 예수증권 등_예수양도성예금증서, ,국내증권사,B,SF205,각주항목(09.06월 이후)
5751,202009,0010101,NH투자증권,B3,투자자의 예수증권 등_기타, ,국내증권사,B,SF205,각주항목(09.06월 이후)
5752,202009,0010101,NH투자증권,C,파생상품계약,254256010824972,국내증권사,B,SF205,각주항목(09.06월 이후)
5753,202009,0010101,NH투자증권,C1,파생상품계약_장내파생상품,64417140728384,국내증권사,B,SF205,각주항목(09.06월 이후)
5754,202009,0010101,NH투자증권,C11,파생상품계약_장내파생상품_이자율관련거래,8021873845254,국내증권사,B,SF205,각주항목(09.06월 이후)
5755,202009,0010101,NH투자증권,C12,파생상품계약_장내파생상품_통화관련거래,1435494234425,국내증권사,B,SF205,각주항목(09.06월 이후)
5756,202009,0010101,NH투자증권,C13,파생상품계약_장내파생상품_주식관련거래,54587353208233,국내증권사,B,SF205,각주항목(09.06월 이후)
5757,202009,0010101,NH투자증권,C14,파생상품계약_장내파생상품_일반상품관련거래,323813572519,국내증권사,B,SF205,각주항목(09.06월 이후)
5758,202009,0010101,NH투자증권,C15,파생상품계약_장내파생상품_기타,48605867953,국내증권사,B,SF205,각주항목(09.06월 이후)
5759,202009,0010101,NH투자증권,C2,파생상품계약_장외파생상품,189838870096588,국내증권사,B,SF205,각주항목(09.06월 이후)
5760,202009,0010101,NH투자증권,C21,파생상품계약_장외파생상품_이자율관련거래,166241007309943,국내증권사,B,SF205,각주항목(09.06월 이후)
5761,202009,0010101,NH투자증권,C22,파생상품계약_장외파생상품_통화관련거래,11728407192813,국내증권사,B,SF205,각주항목(09.06월 이후)
5762,202009,0010101,NH투자증권,C23,파생상품계약_장외파생상품_주식관련거래,4297643413696,국내증권사,B,SF205,각주항목(09.06월 이후)
5763,202009,0010101,NH투자증권,C24,파생상품계약_장외파생상품_신용관련거래,7173908336486,국내증권사,B,SF205,각주항목(09.06월 이후)
5764,202009,0010101,NH투자증권,C25,파생상품계약_장외파생상품_기타,397903843650,국내증권사,B,SF205,각주항목(09.06월 이후)
5765,202009,0010101,NH투자증권,D,대차 및 대주거래,11435680715093,국내증권사,B,SF205,각주항목(09.06월 이후)
5766,202009,0010101,NH투자증권,D1,대차 및 대주거래_대여증권,1872480489937,국내증권사,B,SF205,각주항목(09.06월 이후)
5767,202009,0010101,NH투자증권,D2,대차 및 대주거래_차입증권,9563200225156,국내증권사,B,SF205,각주항목(09.06월 이후)
5768,202009,0010101,NH투자증권,D3,대차 및 대주거래_신용거래대주, ,국내증권사,B,SF205,각주항목(09.06월 이후)
5769,202009,0010101,NH투자증권,E,대손상각채권,740586146636,국내증권사,B,SF205,각주항목(09.06월 이후)
5770,202009,0010101,NH투자증권,F,환전업무 예치금,389198336498,국내증권사,B,SF205,각주항목(09.06월 이후)
5771,202009,0010101,NH투자증권,G,미배당별도예치금,6818420133,국내증권사,B,SF205,각주항목(09.06월 이후)
5772,202009,0010101,NH투자증권,H,배서어음매출(종금계정),0,국내증권사,B,SF205,각주항목(09.06월 이후)
5773,202009,0010101,NH투자증권,H1,대출채권매매이익_담보부, ,국내증권사,B,SF205,각주항목(09.06월 이후)
5774,202009,0010101,NH투자증권,H2,대출채권매매이익_무담보부, ,국내증권사,B,SF205,각주항목(09.06월 이후)
5775,202012,0010101,NH투자증권,A,채무보증,2664285555740,국내증권사,B,SF205,각주항목(09.06월 이후)
5776,202012,0010101,NH투자증권,A1,채무보증_지급보증,101813991855,국내증권사,B,SF205,각주항목(09.06월 이후)
5777,202012,0010101,NH투자증권,A2,채무보증_매입보장약정,160900000000,국내증권사,B,SF205,각주항목(09.06월 이후)
5778,202012,0010101,NH투자증권,A3,채무보증_채무인수약정, ,국내증권사,B,SF205,각주항목(09.06월 이후)
5779,202012,0010101,NH투자증권,A5,채무보증_매입확약,2185773609881,국내증권사,B,SF205,각주항목(09.06월 이후)
5780,202012,0010101,NH투자증권,A6,채무보증_기타,215797954004,국내증권사,B,SF205,각주항목(09.06월 이후)
5781,202012,0010101,NH투자증권,B,투자자의 예수증권 등,304148865550591,국내증권사,B,SF205,각주항목(09.06월 이후)
5782,202012,0010101,NH투자증권,B1,투자자의 예수증권 등_예수 증권,304148865550591,국내증권사,B,SF205,각주항목(09.06월 이후)
5783,202012,0010101,NH투자증권,B2,투자자의 예수증권 등_예수양도성예금증서, ,국내증권사,B,SF205,각주항목(09.06월 이후)
5784,202012,0010101,NH투자증권,B3,투자자의 예수증권 등_기타, ,국내증권사,B,SF205,각주항목(09.06월 이후)
5785,202012,0010101,NH투자증권,C,파생상품계약,196450625002945,국내증권사,B,SF205,각주항목(09.06월 이후)
5786,202012,0010101,NH투자증권,C1,파생상품계약_장내파생상품,17388630994829,국내증권사,B,SF205,각주항목(09.06월 이후)
5787,202012,0010101,NH투자증권,C11,파생상품계약_장내파생상품_이자율관련거래,7134497562034,국내증권사,B,SF205,각주항목(09.06월 이후)
5788,202012,0010101,NH투자증권,C12,파생상품계약_장내파생상품_통화관련거래,1279449016000,국내증권사,B,SF205,각주항목(09.06월 이후)
5789,202012,0010101,NH투자증권,C13,파생상품계약_장내파생상품_주식관련거래,8583568333453,국내증권사,B,SF205,각주항목(09.06월 이후)
5790,202012,0010101,NH투자증권,C14,파생상품계약_장내파생상품_일반상품관련거래,350036844740,국내증권사,B,SF205,각주항목(09.06월 이후)
5791,202012,0010101,NH투자증권,C15,파생상품계약_장내파생상품_기타,41079238602,국내증권사,B,SF205,각주항목(09.06월 이후)
5792,202012,0010101,NH투자증권,C2,파생상품계약_장외파생상품,179061994008116,국내증권사,B,SF205,각주항목(09.06월 이후)
5793,202012,0010101,NH투자증권,C21,파생상품계약_장외파생상품_이자율관련거래,159685438426816,국내증권사,B,SF205,각주항목(09.06월 이후)
5794,202012,0010101,NH투자증권,C22,파생상품계약_장외파생상품_통화관련거래,7986016368377,국내증권사,B,SF205,각주항목(09.06월 이후)
5795,202012,0010101,NH투자증권,C23,파생상품계약_장외파생상품_주식관련거래,4361867955030,국내증권사,B,SF205,각주항목(09.06월 이후)
5796,202012,0010101,NH투자증권,C24,파생상품계약_장외파생상품_신용관련거래,6656586578693,국내증권사,B,SF205,각주항목(09.06월 이후)
5797,202012,0010101,NH투자증권,C25,파생상품계약_장외파생상품_기타,372084679200,국내증권사,B,SF205,각주항목(09.06월 이후)
5798,202012,0010101,NH투자증권,D,대차 및 대주거래,11410987583529,국내증권사,B,SF205,각주항목(09.06월 이후)
5799,202012,0010101,NH투자증권,D1,대차 및 대주거래_대여증권,1900068835697,국내증권사,B,SF205,각주항목(09.06월 이후)
5800,202012,0010101,NH투자증권,D2,대차 및 대주거래_차입증권,9510918747832,국내증권사,B,SF205,각주항목(09.06월 이후)
5801,202012,0010101,NH투자증권,D3,대차 및 대주거래_신용거래대주, ,국내증권사,B,SF205,각주항목(09.06월 이후)
5802,202012,0010101,NH투자증권,E,대손상각채권,740586146636,국내증권사,B,SF205,각주항목(09.06월 이후)
5803,202012,0010101,NH투자증권,F,환전업무 예치금,537061623120,국내증권사,B,SF205,각주항목(09.06월 이후)
5804,202012,0010101,NH투자증권,G,미배당별도예치금,9065726144,국내증권사,B,SF205,각주항목(09.06월 이후)
5805,202012,0010101,NH투자증권,H,배서어음매출(종금계정),0,국내증권사,B,SF205,각주항목(09.06월 이후)
5806,202012,0010101,NH투자증권,H1,대출채권매매이익_담보부, ,국내증권사,B,SF205,각주항목(09.06월 이후)
5807,202012,0010101,NH투자증권,H2,대출채권매매이익_무담보부, ,국내증권사,B,SF205,각주항목(09.06월 이후)
5808,202103,0010101,NH투자증권,A,채무보증,2086400353577,국내증권사,B,SF205,각주항목(09.06월 이후)
5809,202103,0010101,NH투자증권,A1,채무보증_지급보증,30000000000,국내증권사,B,SF205,각주항목(09.06월 이후)
5810,202103,0010101,NH투자증권,A2,채무보증_매입보장약정,105780000000,국내증권사,B,SF205,각주항목(09.06월 이후)
5811,202103,0010101,NH투자증권,A3,채무보증_채무인수약정, ,국내증권사,B,SF205,각주항목(09.06월 이후)
5812,202103,0010101,NH투자증권,A5,채무보증_매입확약,1742562802263,국내증권사,B,SF205,각주항목(09.06월 이후)
5813,202103,0010101,NH투자증권,A6,채무보증_기타,208057551314,국내증권사,B,SF205,각주항목(09.06월 이후)
5814,202103,0010101,NH투자증권,B,투자자의 예수증권 등,335801363429080,국내증권사,B,SF205,각주항목(09.06월 이후)
5815,202103,0010101,NH투자증권,B1,투자자의 예수증권 등_예수 증권,335801363429080,국내증권사,B,SF205,각주항목(09.06월 이후)
5816,202103,0010101,NH투자증권,B2,투자자의 예수증권 등_예수양도성예금증서, ,국내증권사,B,SF205,각주항목(09.06월 이후)
5817,202103,0010101,NH투자증권,B3,투자자의 예수증권 등_기타, ,국내증권사,B,SF205,각주항목(09.06월 이후)
5818,202103,0010101,NH투자증권,C,파생상품계약,186271953570165,국내증권사,B,SF205,각주항목(09.06월 이후)
5819,202103,0010101,NH투자증권,C1,파생상품계약_장내파생상품,15452342532736,국내증권사,B,SF205,각주항목(09.06월 이후)
5820,202103,0010101,NH투자증권,C11,파생상품계약_장내파생상품_이자율관련거래,6092951418770,국내증권사,B,SF205,각주항목(09.06월 이후)
5821,202103,0010101,NH투자증권,C12,파생상품계약_장내파생상품_통화관련거래,1662632099590,국내증권사,B,SF205,각주항목(09.06월 이후)
5822,202103,0010101,NH투자증권,C13,파생상품계약_장내파생상품_주식관련거래,7297484129184,국내증권사,B,SF205,각주항목(09.06월 이후)
5823,202103,0010101,NH투자증권,C14,파생상품계약_장내파생상품_일반상품관련거래,358848445738,국내증권사,B,SF205,각주항목(09.06월 이후)
5824,202103,0010101,NH투자증권,C15,파생상품계약_장내파생상품_기타,40426439454,국내증권사,B,SF205,각주항목(09.06월 이후)
5825,202103,0010101,NH투자증권,C2,파생상품계약_장외파생상품,170819611037429,국내증권사,B,SF205,각주항목(09.06월 이후)
5826,202103,0010101,NH투자증권,C21,파생상품계약_장외파생상품_이자율관련거래,152289111726609,국내증권사,B,SF205,각주항목(09.06월 이후)
5827,202103,0010101,NH투자증권,C22,파생상품계약_장외파생상품_통화관련거래,8076161035956,국내증권사,B,SF205,각주항목(09.06월 이후)
5828,202103,0010101,NH투자증권,C23,파생상품계약_장외파생상품_주식관련거래,3429742463198,국내증권사,B,SF205,각주항목(09.06월 이후)
5829,202103,0010101,NH투자증권,C24,파생상품계약_장외파생상품_신용관련거래,6781748829916,국내증권사,B,SF205,각주항목(09.06월 이후)
5830,202103,0010101,NH투자증권,C25,파생상품계약_장외파생상품_기타,242846981750,국내증권사,B,SF205,각주항목(09.06월 이후)
5831,202103,0010101,NH투자증권,D,대차 및 대주거래,15805855575261,국내증권사,B,SF205,각주항목(09.06월 이후)
5832,202103,0010101,NH투자증권,D1,대차 및 대주거래_대여증권,2138304874598,국내증권사,B,SF205,각주항목(09.06월 이후)
5833,202103,0010101,NH투자증권,D2,대차 및 대주거래_차입증권,13667550700663,국내증권사,B,SF205,각주항목(09.06월 이후)
5834,202103,0010101,NH투자증권,D3,대차 및 대주거래_신용거래대주, ,국내증권사,B,SF205,각주항목(09.06월 이후)
5835,202103,0010101,NH투자증권,E,대손상각채권,740586146636,국내증권사,B,SF205,각주항목(09.06월 이후)
5836,202103,0010101,NH투자증권,F,환전업무 예치금,847847297672,국내증권사,B,SF205,각주항목(09.06월 이후)
5837,202103,0010101,NH투자증권,G,미배당별도예치금,2010468107,국내증권사,B,SF205,각주항목(09.06월 이후)
5838,202103,0010101,NH투자증권,H,배서어음매출(종금계정),0,국내증권사,B,SF205,각주항목(09.06월 이후)
5839,202103,0010101,NH투자증권,H1,대출채권매매이익_담보부, ,국내증권사,B,SF205,각주항목(09.06월 이후)
5840,202103,0010101,NH투자증권,H2,대출채권매매이익_무담보부, ,국내증권사,B,SF205,각주항목(09.06월 이후)
5841,202106,0010101,NH투자증권,A,채무보증,1710764266427,국내증권사,B,SF205,각주항목(09.06월 이후)
5842,202106,0010101,NH투자증권,A1,채무보증_지급보증,30000000000,국내증권사,B,SF205,각주항목(09.06월 이후)
5843,202106,0010101,NH투자증권,A2,채무보증_매입보장약정,103310000000,국내증권사,B,SF205,각주항목(09.06월 이후)
5844,202106,0010101,NH투자증권,A3,채무보증_채무인수약정, ,국내증권사,B,SF205,각주항목(09.06월 이후)
5845,202106,0010101,NH투자증권,A5,채무보증_매입확약,1302194299513,국내증권사,B,SF205,각주항목(09.06월 이후)
5846,202106,0010101,NH투자증권,A6,채무보증_기타,275259966914,국내증권사,B,SF205,각주항목(09.06월 이후)
5847,202106,0010101,NH투자증권,B,투자자의 예수증권 등,367956678063582,국내증권사,B,SF205,각주항목(09.06월 이후)
5848,202106,0010101,NH투자증권,B1,투자자의 예수증권 등_예수 증권,367956678063582,국내증권사,B,SF205,각주항목(09.06월 이후)
5849,202106,0010101,NH투자증권,B2,투자자의 예수증권 등_예수양도성예금증서, ,국내증권사,B,SF205,각주항목(09.06월 이후)
5850,202106,0010101,NH투자증권,B3,투자자의 예수증권 등_기타, ,국내증권사,B,SF205,각주항목(09.06월 이후)
5851,202106,0010101,NH투자증권,C,파생상품계약,190938958558572,국내증권사,B,SF205,각주항목(09.06월 이후)
5852,202106,0010101,NH투자증권,C1,파생상품계약_장내파생상품,24572037330488,국내증권사,B,SF205,각주항목(09.06월 이후)
5853,202106,0010101,NH투자증권,C11,파생상품계약_장내파생상품_이자율관련거래,6793754715998,국내증권사,B,SF205,각주항목(09.06월 이후)
5854,202106,0010101,NH투자증권,C12,파생상품계약_장내파생상품_통화관련거래,1363308063750,국내증권사,B,SF205,각주항목(09.06월 이후)
5855,202106,0010101,NH투자증권,C13,파생상품계약_장내파생상품_주식관련거래,16059349443029,국내증권사,B,SF205,각주항목(09.06월 이후)
5856,202106,0010101,NH투자증권,C14,파생상품계약_장내파생상품_일반상품관련거래,333462984180,국내증권사,B,SF205,각주항목(09.06월 이후)
5857,202106,0010101,NH투자증권,C15,파생상품계약_장내파생상품_기타,22162123531,국내증권사,B,SF205,각주항목(09.06월 이후)
5858,202106,0010101,NH투자증권,C2,파생상품계약_장외파생상품,166366921228084,국내증권사,B,SF205,각주항목(09.06월 이후)
5859,202106,0010101,NH투자증권,C21,파생상품계약_장외파생상품_이자율관련거래,149811087154317,국내증권사,B,SF205,각주항목(09.06월 이후)
5860,202106,0010101,NH투자증권,C22,파생상품계약_장외파생상품_통화관련거래,6893327900769,국내증권사,B,SF205,각주항목(09.06월 이후)
5861,202106,0010101,NH투자증권,C23,파생상품계약_장외파생상품_주식관련거래,3153769362407,국내증권사,B,SF205,각주항목(09.06월 이후)
5862,202106,0010101,NH투자증권,C24,파생상품계약_장외파생상품_신용관련거래,6448854810591,국내증권사,B,SF205,각주항목(09.06월 이후)
5863,202106,0010101,NH투자증권,C25,파생상품계약_장외파생상품_기타,59882000000,국내증권사,B,SF205,각주항목(09.06월 이후)
5864,202106,0010101,NH투자증권,D,대차 및 대주거래,18393072437058,국내증권사,B,SF205,각주항목(09.06월 이후)
5865,202106,0010101,NH투자증권,D1,대차 및 대주거래_대여증권,3344217939633,국내증권사,B,SF205,각주항목(09.06월 이후)
5866,202106,0010101,NH투자증권,D2,대차 및 대주거래_차입증권,15048854497425,국내증권사,B,SF205,각주항목(09.06월 이후)
5867,202106,0010101,NH투자증권,D3,대차 및 대주거래_신용거래대주, ,국내증권사,B,SF205,각주항목(09.06월 이후)
5868,202106,0010101,NH투자증권,E,대손상각채권,740586146636,국내증권사,B,SF205,각주항목(09.06월 이후)
5869,202106,0010101,NH투자증권,F,환전업무 예치금,611519206451,국내증권사,B,SF205,각주항목(09.06월 이후)
5870,202106,0010101,NH투자증권,G,미배당별도예치금,3878037834,국내증권사,B,SF205,각주항목(09.06월 이후)
5871,202106,0010101,NH투자증권,H,배서어음매출(종금계정),0,국내증권사,B,SF205,각주항목(09.06월 이후)
5872,202106,0010101,NH투자증권,H1,대출채권매매이익_담보부, ,국내증권사,B,SF205,각주항목(09.06월 이후)
5873,202106,0010101,NH투자증권,H2,대출채권매매이익_무담보부, ,국내증권사,B,SF205,각주항목(09.06월 이후)
5874,202109,0010101,NH투자증권,A,채무보증,2624836841957,국내증권사,B,SF205,각주항목(09.06월 이후)
5875,202109,0010101,NH투자증권,A1,채무보증_지급보증,30000000000,국내증권사,B,SF205,각주항목(09.06월 이후)
5876,202109,0010101,NH투자증권,A2,채무보증_매입보장약정,102910000000,국내증권사,B,SF205,각주항목(09.06월 이후)
5877,202109,0010101,NH투자증권,A3,채무보증_채무인수약정, ,국내증권사,B,SF205,각주항목(09.06월 이후)
5878,202109,0010101,NH투자증권,A5,채무보증_매입확약,2305676854488,국내증권사,B,SF205,각주항목(09.06월 이후)
5879,202109,0010101,NH투자증권,A6,채무보증_기타,186249987469,국내증권사,B,SF205,각주항목(09.06월 이후)
5880,202109,0010101,NH투자증권,B,투자자의 예수증권 등,371938608809731,국내증권사,B,SF205,각주항목(09.06월 이후)
5881,202109,0010101,NH투자증권,B1,투자자의 예수증권 등_예수 증권,371938608809731,국내증권사,B,SF205,각주항목(09.06월 이후)
5882,202109,0010101,NH투자증권,B2,투자자의 예수증권 등_예수양도성예금증서, ,국내증권사,B,SF205,각주항목(09.06월 이후)
5883,202109,0010101,NH투자증권,B3,투자자의 예수증권 등_기타, ,국내증권사,B,SF205,각주항목(09.06월 이후)
5884,202109,0010101,NH투자증권,C,파생상품계약,187480019597733,국내증권사,B,SF205,각주항목(09.06월 이후)
5885,202109,0010101,NH투자증권,C1,파생상품계약_장내파생상품,25551781553326,국내증권사,B,SF205,각주항목(09.06월 이후)
5886,202109,0010101,NH투자증권,C11,파생상품계약_장내파생상품_이자율관련거래,6616807796051,국내증권사,B,SF205,각주항목(09.06월 이후)
5887,202109,0010101,NH투자증권,C12,파생상품계약_장내파생상품_통화관련거래,1533812174401,국내증권사,B,SF205,각주항목(09.06월 이후)
5888,202109,0010101,NH투자증권,C13,파생상품계약_장내파생상품_주식관련거래,17102149716254,국내증권사,B,SF205,각주항목(09.06월 이후)
5889,202109,0010101,NH투자증권,C14,파생상품계약_장내파생상품_일반상품관련거래,283317158190,국내증권사,B,SF205,각주항목(09.06월 이후)
5890,202109,0010101,NH투자증권,C15,파생상품계약_장내파생상품_기타,15694708430,국내증권사,B,SF205,각주항목(09.06월 이후)
5891,202109,0010101,NH투자증권,C2,파생상품계약_장외파생상품,161928238044407,국내증권사,B,SF205,각주항목(09.06월 이후)
5892,202109,0010101,NH투자증권,C21,파생상품계약_장외파생상품_이자율관련거래,143028395458293,국내증권사,B,SF205,각주항목(09.06월 이후)
5893,202109,0010101,NH투자증권,C22,파생상품계약_장외파생상품_통화관련거래,8555096730050,국내증권사,B,SF205,각주항목(09.06월 이후)
5894,202109,0010101,NH투자증권,C23,파생상품계약_장외파생상품_주식관련거래,2846561163906,국내증권사,B,SF205,각주항목(09.06월 이후)
5895,202109,0010101,NH투자증권,C24,파생상품계약_장외파생상품_신용관련거래,7480183070858,국내증권사,B,SF205,각주항목(09.06월 이후)
5896,202109,0010101,NH투자증권,C25,파생상품계약_장외파생상품_기타,18001621300,국내증권사,B,SF205,각주항목(09.06월 이후)
5897,202109,0010101,NH투자증권,D,대차 및 대주거래,18065030653744,국내증권사,B,SF205,각주항목(09.06월 이후)
5898,202109,0010101,NH투자증권,D1,대차 및 대주거래_대여증권,2561204825160,국내증권사,B,SF205,각주항목(09.06월 이후)
5899,202109,0010101,NH투자증권,D2,대차 및 대주거래_차입증권,15503825828584,국내증권사,B,SF205,각주항목(09.06월 이후)
5900,202109,0010101,NH투자증권,D3,대차 및 대주거래_신용거래대주, ,국내증권사,B,SF205,각주항목(09.06월 이후)
5901,202109,0010101,NH투자증권,E,대손상각채권,740586146636,국내증권사,B,SF205,각주항목(09.06월 이후)
5902,202109,0010101,NH투자증권,F,환전업무 예치금,616460628367,국내증권사,B,SF205,각주항목(09.06월 이후)
5903,202109,0010101,NH투자증권,G,미배당별도예치금,5344922543,국내증권사,B,SF205,각주항목(09.06월 이후)
5904,202109,0010101,NH투자증권,H,배서어음매출(종금계정),0,국내증권사,B,SF205,각주항목(09.06월 이후)
5905,202109,0010101,NH투자증권,H1,대출채권매매이익_담보부, ,국내증권사,B,SF205,각주항목(09.06월 이후)
5906,202109,0010101,NH투자증권,H2,대출채권매매이익_무담보부, ,국내증권사,B,SF205,각주항목(09.06월 이후)
5907,202112,0010101,NH투자증권,A,채무보증,2387510059248,국내증권사,B,SF205,각주항목(09.06월 이후)
5908,202112,0010101,NH투자증권,A1,채무보증_지급보증,30000000000,국내증권사,B,SF205,각주항목(09.06월 이후)
5909,202112,0010101,NH투자증권,A2,채무보증_매입보장약정,22570000000,국내증권사,B,SF205,각주항목(09.06월 이후)
5910,202112,0010101,NH투자증권,A3,채무보증_채무인수약정, ,국내증권사,B,SF205,각주항목(09.06월 이후)
5911,202112,0010101,NH투자증권,A5,채무보증_매입확약,2117710517851,국내증권사,B,SF205,각주항목(09.06월 이후)
5912,202112,0010101,NH투자증권,A6,채무보증_기타,217229541397,국내증권사,B,SF205,각주항목(09.06월 이후)
5913,202112,0010101,NH투자증권,B,투자자의 예수증권 등,679105249224726,국내증권사,B,SF205,각주항목(09.06월 이후)
5914,202112,0010101,NH투자증권,B1,투자자의 예수증권 등_예수 증권,679105249224726,국내증권사,B,SF205,각주항목(09.06월 이후)
5915,202112,0010101,NH투자증권,B2,투자자의 예수증권 등_예수양도성예금증서, ,국내증권사,B,SF205,각주항목(09.06월 이후)
5916,202112,0010101,NH투자증권,B3,투자자의 예수증권 등_기타, ,국내증권사,B,SF205,각주항목(09.06월 이후)
5917,202112,0010101,NH투자증권,C,파생상품계약,170771473678488,국내증권사,B,SF205,각주항목(09.06월 이후)
5918,202112,0010101,NH투자증권,C1,파생상품계약_장내파생상품,16585417064397,국내증권사,B,SF205,각주항목(09.06월 이후)
5919,202112,0010101,NH투자증권,C11,파생상품계약_장내파생상품_이자율관련거래,2553691862870,국내증권사,B,SF205,각주항목(09.06월 이후)
5920,202112,0010101,NH투자증권,C12,파생상품계약_장내파생상품_통화관련거래,1371961751159,국내증권사,B,SF205,각주항목(09.06월 이후)
5921,202112,0010101,NH투자증권,C13,파생상품계약_장내파생상품_주식관련거래,12377174298493,국내증권사,B,SF205,각주항목(09.06월 이후)
5922,202112,0010101,NH투자증권,C14,파생상품계약_장내파생상품_일반상품관련거래,274881149017,국내증권사,B,SF205,각주항목(09.06월 이후)
5923,202112,0010101,NH투자증권,C15,파생상품계약_장내파생상품_기타,7708002858,국내증권사,B,SF205,각주항목(09.06월 이후)
5924,202112,0010101,NH투자증권,C2,파생상품계약_장외파생상품,154186056614091,국내증권사,B,SF205,각주항목(09.06월 이후)
5925,202112,0010101,NH투자증권,C21,파생상품계약_장외파생상품_이자율관련거래,135806340541943,국내증권사,B,SF205,각주항목(09.06월 이후)
5926,202112,0010101,NH투자증권,C22,파생상품계약_장외파생상품_통화관련거래,7689686958401,국내증권사,B,SF205,각주항목(09.06월 이후)
5927,202112,0010101,NH투자증권,C23,파생상품계약_장외파생상품_주식관련거래,3309689961790,국내증권사,B,SF205,각주항목(09.06월 이후)
5928,202112,0010101,NH투자증권,C24,파생상품계약_장외파생상품_신용관련거래,7362728188457,국내증권사,B,SF205,각주항목(09.06월 이후)
5929,202112,0010101,NH투자증권,C25,파생상품계약_장외파생상품_기타,17610963500,국내증권사,B,SF205,각주항목(09.06월 이후)
5930,202112,0010101,NH투자증권,D,대차 및 대주거래,15227389795440,국내증권사,B,SF205,각주항목(09.06월 이후)
5931,202112,0010101,NH투자증권,D1,대차 및 대주거래_대여증권,1998896000607,국내증권사,B,SF205,각주항목(09.06월 이후)
5932,202112,0010101,NH투자증권,D2,대차 및 대주거래_차입증권,13228493794833,국내증권사,B,SF205,각주항목(09.06월 이후)
5933,202112,0010101,NH투자증권,D3,대차 및 대주거래_신용거래대주, ,국내증권사,B,SF205,각주항목(09.06월 이후)
5934,202112,0010101,NH투자증권,E,대손상각채권,740586146636,국내증권사,B,SF205,각주항목(09.06월 이후)
5935,202112,0010101,NH투자증권,F,환전업무 예치금,490919707641,국내증권사,B,SF205,각주항목(09.06월 이후)
5936,202112,0010101,NH투자증권,G,미배당별도예치금,6487160749,국내증권사,B,SF205,각주항목(09.06월 이후)
5937,202112,0010101,NH투자증권,H,배서어음매출(종금계정),0,국내증권사,B,SF205,각주항목(09.06월 이후)
5938,202112,0010101,NH투자증권,H1,대출채권매매이익_담보부, ,국내증권사,B,SF205,각주항목(09.06월 이후)
5939,202112,0010101,NH투자증권,H2,대출채권매매이익_무담보부, ,국내증권사,B,SF205,각주항목(09.06월 이후)
5940,202203,0010101,NH투자증권,A,채무보증,2675357503255,국내증권사,B,SF205,각주항목(09.06월 이후)
5941,202203,0010101,NH투자증권,A1,채무보증_지급보증,30000000000,국내증권사,B,SF205,각주항목(09.06월 이후)
5942,202203,0010101,NH투자증권,A2,채무보증_매입보장약정,16840000000,국내증권사,B,SF205,각주항목(09.06월 이후)
5943,202203,0010101,NH투자증권,A3,채무보증_채무인수약정, ,국내증권사,B,SF205,각주항목(09.06월 이후)
5944,202203,0010101,NH투자증권,A5,채무보증_매입확약,2465263331839,국내증권사,B,SF205,각주항목(09.06월 이후)
5945,202203,0010101,NH투자증권,A6,채무보증_기타,163254171416,국내증권사,B,SF205,각주항목(09.06월 이후)
5946,202203,0010101,NH투자증권,B,투자자의 예수증권 등,346436525919351,국내증권사,B,SF205,각주항목(09.06월 이후)
5947,202203,0010101,NH투자증권,B1,투자자의 예수증권 등_예수 증권,346436525919351,국내증권사,B,SF205,각주항목(09.06월 이후)
5948,202203,0010101,NH투자증권,B2,투자자의 예수증권 등_예수양도성예금증서, ,국내증권사,B,SF205,각주항목(09.06월 이후)
5949,202203,0010101,NH투자증권,B3,투자자의 예수증권 등_기타, ,국내증권사,B,SF205,각주항목(09.06월 이후)
5950,202203,0010101,NH투자증권,C,파생상품계약,156110569792001,국내증권사,B,SF205,각주항목(09.06월 이후)
5951,202203,0010101,NH투자증권,C1,파생상품계약_장내파생상품,13151835586761,국내증권사,B,SF205,각주항목(09.06월 이후)
5952,202203,0010101,NH투자증권,C11,파생상품계약_장내파생상품_이자율관련거래,3269150323551,국내증권사,B,SF205,각주항목(09.06월 이후)
5953,202203,0010101,NH투자증권,C12,파생상품계약_장내파생상품_통화관련거래,1418714944162,국내증권사,B,SF205,각주항목(09.06월 이후)
5954,202203,0010101,NH투자증권,C13,파생상품계약_장내파생상품_주식관련거래,8341409403115,국내증권사,B,SF205,각주항목(09.06월 이후)
5955,202203,0010101,NH투자증권,C14,파생상품계약_장내파생상품_일반상품관련거래,97967617470,국내증권사,B,SF205,각주항목(09.06월 이후)
5956,202203,0010101,NH투자증권,C15,파생상품계약_장내파생상품_기타,24593298463,국내증권사,B,SF205,각주항목(09.06월 이후)
5957,202203,0010101,NH투자증권,C2,파생상품계약_장외파생상품,142958734205240,국내증권사,B,SF205,각주항목(09.06월 이후)
5958,202203,0010101,NH투자증권,C21,파생상품계약_장외파생상품_이자율관련거래,124338583805852,국내증권사,B,SF205,각주항목(09.06월 이후)
5959,202203,0010101,NH투자증권,C22,파생상품계약_장외파생상품_통화관련거래,7181293782999,국내증권사,B,SF205,각주항목(09.06월 이후)
5960,202203,0010101,NH투자증권,C23,파생상품계약_장외파생상품_주식관련거래,3366749762927,국내증권사,B,SF205,각주항목(09.06월 이후)
5961,202203,0010101,NH투자증권,C24,파생상품계약_장외파생상품_신용관련거래,8051943353862,국내증권사,B,SF205,각주항목(09.06월 이후)
5962,202203,0010101,NH투자증권,C25,파생상품계약_장외파생상품_기타,20163499600,국내증권사,B,SF205,각주항목(09.06월 이후)
5963,202203,0010101,NH투자증권,D,대차 및 대주거래,16999731213633,국내증권사,B,SF205,각주항목(09.06월 이후)
5964,202203,0010101,NH투자증권,D1,대차 및 대주거래_대여증권,2504723130010,국내증권사,B,SF205,각주항목(09.06월 이후)
5965,202203,0010101,NH투자증권,D2,대차 및 대주거래_차입증권,14495008083623,국내증권사,B,SF205,각주항목(09.06월 이후)
5966,202203,0010101,NH투자증권,D3,대차 및 대주거래_신용거래대주, ,국내증권사,B,SF205,각주항목(09.06월 이후)
5967,202203,0010101,NH투자증권,E,대손상각채권,740586146636,국내증권사,B,SF205,각주항목(09.06월 이후)
5968,202203,0010101,NH투자증권,F,환전업무 예치금,498673369156,국내증권사,B,SF205,각주항목(09.06월 이후)
5969,202203,0010101,NH투자증권,G,미배당별도예치금,272049441,국내증권사,B,SF205,각주항목(09.06월 이후)
5970,202203,0010101,NH투자증권,H,배서어음매출(종금계정),0,국내증권사,B,SF205,각주항목(09.06월 이후)
5971,202203,0010101,NH투자증권,H1,대출채권매매이익_담보부, ,국내증권사,B,SF205,각주항목(09.06월 이후)
5972,202203,0010101,NH투자증권,H2,대출채권매매이익_무담보부, ,국내증권사,B,SF205,각주항목(09.06월 이후)
5973,202206,0010101,NH투자증권,A,채무보증,2252613074720,국내증권사,B,SF205,각주항목(09.06월 이후)
5974,202206,0010101,NH투자증권,A1,채무보증_지급보증,30000000000,국내증권사,B,SF205,각주항목(09.06월 이후)
5975,202206,0010101,NH투자증권,A2,채무보증_매입보장약정,19000000000,국내증권사,B,SF205,각주항목(09.06월 이후)
5976,202206,0010101,NH투자증권,A3,채무보증_채무인수약정, ,국내증권사,B,SF205,각주항목(09.06월 이후)
5977,202206,0010101,NH투자증권,A5,채무보증_매입확약,2060222502105,국내증권사,B,SF205,각주항목(09.06월 이후)
5978,202206,0010101,NH투자증권,A6,채무보증_기타,143390572615,국내증권사,B,SF205,각주항목(09.06월 이후)
5979,202206,0010101,NH투자증권,B,투자자의 예수증권 등,315730271815491,국내증권사,B,SF205,각주항목(09.06월 이후)
5980,202206,0010101,NH투자증권,B1,투자자의 예수증권 등_예수 증권,315730271815491,국내증권사,B,SF205,각주항목(09.06월 이후)
5981,202206,0010101,NH투자증권,B2,투자자의 예수증권 등_예수양도성예금증서, ,국내증권사,B,SF205,각주항목(09.06월 이후)
5982,202206,0010101,NH투자증권,B3,투자자의 예수증권 등_기타, ,국내증권사,B,SF205,각주항목(09.06월 이후)
5983,202206,0010101,NH투자증권,C,파생상품계약,145964524672413,국내증권사,B,SF205,각주항목(09.06월 이후)
5984,202206,0010101,NH투자증권,C1,파생상품계약_장내파생상품,12643258501546,국내증권사,B,SF205,각주항목(09.06월 이후)
5985,202206,0010101,NH투자증권,C11,파생상품계약_장내파생상품_이자율관련거래,3583952079844,국내증권사,B,SF205,각주항목(09.06월 이후)
5986,202206,0010101,NH투자증권,C12,파생상품계약_장내파생상품_통화관련거래,1437721126745,국내증권사,B,SF205,각주항목(09.06월 이후)
5987,202206,0010101,NH투자증권,C13,파생상품계약_장내파생상품_주식관련거래,7566048974117,국내증권사,B,SF205,각주항목(09.06월 이후)
5988,202206,0010101,NH투자증권,C14,파생상품계약_장내파생상품_일반상품관련거래,42353375022,국내증권사,B,SF205,각주항목(09.06월 이후)
5989,202206,0010101,NH투자증권,C15,파생상품계약_장내파생상품_기타,13182945818,국내증권사,B,SF205,각주항목(09.06월 이후)
5990,202206,0010101,NH투자증권,C2,파생상품계약_장외파생상품,133321266170867,국내증권사,B,SF205,각주항목(09.06월 이후)
5991,202206,0010101,NH투자증권,C21,파생상품계약_장외파생상품_이자율관련거래,116284613019510,국내증권사,B,SF205,각주항목(09.06월 이후)
5992,202206,0010101,NH투자증권,C22,파생상품계약_장외파생상품_통화관련거래,6099314352852,국내증권사,B,SF205,각주항목(09.06월 이후)
5993,202206,0010101,NH투자증권,C23,파생상품계약_장외파생상품_주식관련거래,3362824786389,국내증권사,B,SF205,각주항목(09.06월 이후)
5994,202206,0010101,NH투자증권,C24,파생상품계약_장외파생상품_신용관련거래,7554181374816,국내증권사,B,SF205,각주항목(09.06월 이후)
5995,202206,0010101,NH투자증권,C25,파생상품계약_장외파생상품_기타,20332637300,국내증권사,B,SF205,각주항목(09.06월 이후)
5996,202206,0010101,NH투자증권,D,대차 및 대주거래,15854473954708,국내증권사,B,SF205,각주항목(09.06월 이후)
5997,202206,0010101,NH투자증권,D1,대차 및 대주거래_대여증권,1984003154465,국내증권사,B,SF205,각주항목(09.06월 이후)
5998,202206,0010101,NH투자증권,D2,대차 및 대주거래_차입증권,13870470800243,국내증권사,B,SF205,각주항목(09.06월 이후)
5999,202206,0010101,NH투자증권,D3,대차 및 대주거래_신용거래대주, ,국내증권사,B,SF205,각주항목(09.06월 이후)
6000,202206,0010101,NH투자증권,E,대손상각채권,740586146636,국내증권사,B,SF205,각주항목(09.06월 이후)
6001,202206,0010101,NH투자증권,F,환전업무 예치금,446709053969,국내증권사,B,SF205,각주항목(09.06월 이후)
6002,202206,0010101,NH투자증권,G,미배당별도예치금,291071837,국내증권사,B,SF205,각주항목(09.06월 이후)
6003,202206,0010101,NH투자증권,H,배서어음매출(종금계정),0,국내증권사,B,SF205,각주항목(09.06월 이후)
6004,202206,0010101,NH투자증권,H1,대출채권매매이익_담보부, ,국내증권사,B,SF205,각주항목(09.06월 이후)
6005,202206,0010101,NH투자증권,H2,대출채권매매이익_무담보부, ,국내증권사,B,SF205,각주항목(09.06월 이후)
6006,202209,0010101,NH투자증권,A,채무보증,2748564603077,국내증권사,B,SF205,각주항목(09.06월 이후)
6007,202209,0010101,NH투자증권,A1,채무보증_지급보증,30000000000,국내증권사,B,SF205,각주항목(09.06월 이후)
6008,202209,0010101,NH투자증권,A2,채무보증_매입보장약정,27400000000,국내증권사,B,SF205,각주항목(09.06월 이후)
6009,202209,0010101,NH투자증권,A3,채무보증_채무인수약정, ,국내증권사,B,SF205,각주항목(09.06월 이후)
6010,202209,0010101,NH투자증권,A5,채무보증_매입확약,2515758164347,국내증권사,B,SF205,각주항목(09.06월 이후)
6011,202209,0010101,NH투자증권,A6,채무보증_기타,175406438730,국내증권사,B,SF205,각주항목(09.06월 이후)
6012,202209,0010101,NH투자증권,B,투자자의 예수증권 등,298817477055218,국내증권사,B,SF205,각주항목(09.06월 이후)
6013,202209,0010101,NH투자증권,B1,투자자의 예수증권 등_예수 증권,298817477055218,국내증권사,B,SF205,각주항목(09.06월 이후)
6014,202209,0010101,NH투자증권,B2,투자자의 예수증권 등_예수양도성예금증서, ,국내증권사,B,SF205,각주항목(09.06월 이후)
6015,202209,0010101,NH투자증권,B3,투자자의 예수증권 등_기타, ,국내증권사,B,SF205,각주항목(09.06월 이후)
6016,202209,0010101,NH투자증권,C,파생상품계약,152485491810684,국내증권사,B,SF205,각주항목(09.06월 이후)
6017,202209,0010101,NH투자증권,C1,파생상품계약_장내파생상품,13509177618891,국내증권사,B,SF205,각주항목(09.06월 이후)
6018,202209,0010101,NH투자증권,C11,파생상품계약_장내파생상품_이자율관련거래,3225837143719,국내증권사,B,SF205,각주항목(09.06월 이후)
6019,202209,0010101,NH투자증권,C12,파생상품계약_장내파생상품_통화관련거래,1104970500010,국내증권사,B,SF205,각주항목(09.06월 이후)
6020,202209,0010101,NH투자증권,C13,파생상품계약_장내파생상품_주식관련거래,9126347816950,국내증권사,B,SF205,각주항목(09.06월 이후)
6021,202209,0010101,NH투자증권,C14,파생상품계약_장내파생상품_일반상품관련거래,40695382140,국내증권사,B,SF205,각주항목(09.06월 이후)
6022,202209,0010101,NH투자증권,C15,파생상품계약_장내파생상품_기타,11326776072,국내증권사,B,SF205,각주항목(09.06월 이후)
6023,202209,0010101,NH투자증권,C2,파생상품계약_장외파생상품,138976314191793,국내증권사,B,SF205,각주항목(09.06월 이후)
6024,202209,0010101,NH투자증권,C21,파생상품계약_장외파생상품_이자율관련거래,121123666811785,국내증권사,B,SF205,각주항목(09.06월 이후)
6025,202209,0010101,NH투자증권,C22,파생상품계약_장외파생상품_통화관련거래,6707109782177,국내증권사,B,SF205,각주항목(09.06월 이후)
6026,202209,0010101,NH투자증권,C23,파생상품계약_장외파생상품_주식관련거래,3048619802624,국내증권사,B,SF205,각주항목(09.06월 이후)
6027,202209,0010101,NH투자증권,C24,파생상품계약_장외파생상품_신용관련거래,7618958759367,국내증권사,B,SF205,각주항목(09.06월 이후)
6028,202209,0010101,NH투자증권,C25,파생상품계약_장외파생상품_기타,477959035840,국내증권사,B,SF205,각주항목(09.06월 이후)
6029,202209,0010101,NH투자증권,D,대차 및 대주거래,15464787435666,국내증권사,B,SF205,각주항목(09.06월 이후)
6030,202209,0010101,NH투자증권,D1,대차 및 대주거래_대여증권,1924790345422,국내증권사,B,SF205,각주항목(09.06월 이후)
6031,202209,0010101,NH투자증권,D2,대차 및 대주거래_차입증권,13539997090244,국내증권사,B,SF205,각주항목(09.06월 이후)
6032,202209,0010101,NH투자증권,D3,대차 및 대주거래_신용거래대주, ,국내증권사,B,SF205,각주항목(09.06월 이후)
6033,202209,0010101,NH투자증권,E,대손상각채권,754793625984,국내증권사,B,SF205,각주항목(09.06월 이후)
6034,202209,0010101,NH투자증권,F,환전업무 예치금,525753622607,국내증권사,B,SF205,각주항목(09.06월 이후)
6035,202209,0010101,NH투자증권,G,미배당별도예치금,22614067,국내증권사,B,SF205,각주항목(09.06월 이후)
6036,202209,0010101,NH투자증권,H,배서어음매출(종금계정),0,국내증권사,B,SF205,각주항목(09.06월 이후)
6037,202209,0010101,NH투자증권,H1,대출채권매매이익_담보부, ,국내증권사,B,SF205,각주항목(09.06월 이후)
6038,202209,0010101,NH투자증권,H2,대출채권매매이익_무담보부, ,국내증권사,B,SF205,각주항목(09.06월 이후)
6039,202212,0010101,NH투자증권,A,채무보증,1966297010596,국내증권사,B,SF205,각주항목(09.06월 이후)
6040,202212,0010101,NH투자증권,A1,채무보증_지급보증,30000000000,국내증권사,B,SF205,각주항목(09.06월 이후)
6041,202212,0010101,NH투자증권,A2,채무보증_매입보장약정,16900000000,국내증권사,B,SF205,각주항목(09.06월 이후)
6042,202212,0010101,NH투자증권,A3,채무보증_채무인수약정, ,국내증권사,B,SF205,각주항목(09.06월 이후)
6043,202212,0010101,NH투자증권,A5,채무보증_매입확약,1676274391982,국내증권사,B,SF205,각주항목(09.06월 이후)
6044,202212,0010101,NH투자증권,A6,채무보증_기타,243122618614,국내증권사,B,SF205,각주항목(09.06월 이후)
6045,202212,0010101,NH투자증권,B,투자자의 예수증권 등,294054138993085,국내증권사,B,SF205,각주항목(09.06월 이후)
6046,202212,0010101,NH투자증권,B1,투자자의 예수증권 등_예수 증권,294054138993085,국내증권사,B,SF205,각주항목(09.06월 이후)
6047,202212,0010101,NH투자증권,B2,투자자의 예수증권 등_예수양도성예금증서, ,국내증권사,B,SF205,각주항목(09.06월 이후)
6048,202212,0010101,NH투자증권,B3,투자자의 예수증권 등_기타, ,국내증권사,B,SF205,각주항목(09.06월 이후)
6049,202212,0010101,NH투자증권,C,파생상품계약,132839905967980,국내증권사,B,SF205,각주항목(09.06월 이후)
6050,202212,0010101,NH투자증권,C1,파생상품계약_장내파생상품,9933630457606,국내증권사,B,SF205,각주항목(09.06월 이후)
6051,202212,0010101,NH투자증권,C11,파생상품계약_장내파생상품_이자율관련거래,2886401377848,국내증권사,B,SF205,각주항목(09.06월 이후)
6052,202212,0010101,NH투자증권,C12,파생상품계약_장내파생상품_통화관련거래,1399130880000,국내증권사,B,SF205,각주항목(09.06월 이후)
6053,202212,0010101,NH투자증권,C13,파생상품계약_장내파생상품_주식관련거래,5600017660223,국내증권사,B,SF205,각주항목(09.06월 이후)
6054,202212,0010101,NH투자증권,C14,파생상품계약_장내파생상품_일반상품관련거래,36505894347,국내증권사,B,SF205,각주항목(09.06월 이후)
6055,202212,0010101,NH투자증권,C15,파생상품계약_장내파생상품_기타,11574645188,국내증권사,B,SF205,각주항목(09.06월 이후)
6056,202212,0010101,NH투자증권,C2,파생상품계약_장외파생상품,122906275510374,국내증권사,B,SF205,각주항목(09.06월 이후)
6057,202212,0010101,NH투자증권,C21,파생상품계약_장외파생상품_이자율관련거래,107879537711576,국내증권사,B,SF205,각주항목(09.06월 이후)
6058,202212,0010101,NH투자증권,C22,파생상품계약_장외파생상품_통화관련거래,4767007715083,국내증권사,B,SF205,각주항목(09.06월 이후)
6059,202212,0010101,NH투자증권,C23,파생상품계약_장외파생상품_주식관련거래,3172645970178,국내증권사,B,SF205,각주항목(09.06월 이후)
6060,202212,0010101,NH투자증권,C24,파생상품계약_장외파생상품_신용관련거래,6628347849837,국내증권사,B,SF205,각주항목(09.06월 이후)
6061,202212,0010101,NH투자증권,C25,파생상품계약_장외파생상품_기타,458736263700,국내증권사,B,SF205,각주항목(09.06월 이후)
6062,202212,0010101,NH투자증권,D,대차 및 대주거래,14925575346420,국내증권사,B,SF205,각주항목(09.06월 이후)
6063,202212,0010101,NH투자증권,D1,대차 및 대주거래_대여증권,1667753589035,국내증권사,B,SF205,각주항목(09.06월 이후)
6064,202212,0010101,NH투자증권,D2,대차 및 대주거래_차입증권,13257821757385,국내증권사,B,SF205,각주항목(09.06월 이후)
6065,202212,0010101,NH투자증권,D3,대차 및 대주거래_신용거래대주, ,국내증권사,B,SF205,각주항목(09.06월 이후)
6066,202212,0010101,NH투자증권,E,대손상각채권,800708477138,국내증권사,B,SF205,각주항목(09.06월 이후)
6067,202212,0010101,NH투자증권,F,환전업무 예치금,564583751783,국내증권사,B,SF205,각주항목(09.06월 이후)
6068,202212,0010101,NH투자증권,G,미배당별도예치금,49508928,국내증권사,B,SF205,각주항목(09.06월 이후)
6069,202212,0010101,NH투자증권,H,배서어음매출(종금계정),0,국내증권사,B,SF205,각주항목(09.06월 이후)
6070,202212,0010101,NH투자증권,H1,대출채권매매이익_담보부, ,국내증권사,B,SF205,각주항목(09.06월 이후)
6071,202212,0010101,NH투자증권,H2,대출채권매매이익_무담보부, ,국내증권사,B,SF205,각주항목(09.06월 이후)
6072,202303,0010101,NH투자증권,A,채무보증,2200560781121,국내증권사,B,SF205,각주항목(09.06월 이후)
6073,202303,0010101,NH투자증권,A1,채무보증_지급보증,30000000000,국내증권사,B,SF205,각주항목(09.06월 이후)
6074,202303,0010101,NH투자증권,A2,채무보증_매입보장약정,230900000000,국내증권사,B,SF205,각주항목(09.06월 이후)
6075,202303,0010101,NH투자증권,A3,채무보증_채무인수약정, ,국내증권사,B,SF205,각주항목(09.06월 이후)
6076,202303,0010101,NH투자증권,A5,채무보증_매입확약,1684439099823,국내증권사,B,SF205,각주항목(09.06월 이후)
6077,202303,0010101,NH투자증권,A6,채무보증_기타,255221681298,국내증권사,B,SF205,각주항목(09.06월 이후)
6078,202303,0010101,NH투자증권,B,투자자의 예수증권 등,308705051691410,국내증권사,B,SF205,각주항목(09.06월 이후)
6079,202303,0010101,NH투자증권,B1,투자자의 예수증권 등_예수 증권,308705051691410,국내증권사,B,SF205,각주항목(09.06월 이후)
6080,202303,0010101,NH투자증권,B2,투자자의 예수증권 등_예수양도성예금증서, ,국내증권사,B,SF205,각주항목(09.06월 이후)
6081,202303,0010101,NH투자증권,B3,투자자의 예수증권 등_기타, ,국내증권사,B,SF205,각주항목(09.06월 이후)
6082,202303,0010101,NH투자증권,C,파생상품계약,142623392337402,국내증권사,B,SF205,각주항목(09.06월 이후)
6083,202303,0010101,NH투자증권,C1,파생상품계약_장내파생상품,11345661888799,국내증권사,B,SF205,각주항목(09.06월 이후)
6084,202303,0010101,NH투자증권,C11,파생상품계약_장내파생상품_이자율관련거래,3012809082317,국내증권사,B,SF205,각주항목(09.06월 이후)
6085,202303,0010101,NH투자증권,C12,파생상품계약_장내파생상품_통화관련거래,1242887749746,국내증권사,B,SF205,각주항목(09.06월 이후)
6086,202303,0010101,NH투자증권,C13,파생상품계약_장내파생상품_주식관련거래,7022386435160,국내증권사,B,SF205,각주항목(09.06월 이후)
6087,202303,0010101,NH투자증권,C14,파생상품계약_장내파생상품_일반상품관련거래,37678429071,국내증권사,B,SF205,각주항목(09.06월 이후)
6088,202303,0010101,NH투자증권,C15,파생상품계약_장내파생상품_기타,29900192505,국내증권사,B,SF205,각주항목(09.06월 이후)
6089,202303,0010101,NH투자증권,C2,파생상품계약_장외파생상품,131277730448603,국내증권사,B,SF205,각주항목(09.06월 이후)
6090,202303,0010101,NH투자증권,C21,파생상품계약_장외파생상품_이자율관련거래,115383356548778,국내증권사,B,SF205,각주항목(09.06월 이후)
6091,202303,0010101,NH투자증권,C22,파생상품계약_장외파생상품_통화관련거래,5088255539668,국내증권사,B,SF205,각주항목(09.06월 이후)
6092,202303,0010101,NH투자증권,C23,파생상품계약_장외파생상품_주식관련거래,2826039348510,국내증권사,B,SF205,각주항목(09.06월 이후)
6093,202303,0010101,NH투자증권,C24,파생상품계약_장외파생상품_신용관련거래,6993832093107,국내증권사,B,SF205,각주항목(09.06월 이후)
6094,202303,0010101,NH투자증권,C25,파생상품계약_장외파생상품_기타,986246918540,국내증권사,B,SF205,각주항목(09.06월 이후)
6095,202303,0010101,NH투자증권,D,대차 및 대주거래,16654397750822,국내증권사,B,SF205,각주항목(09.06월 이후)
6096,202303,0010101,NH투자증권,D1,대차 및 대주거래_대여증권,2358653839432,국내증권사,B,SF205,각주항목(09.06월 이후)
6097,202303,0010101,NH투자증권,D2,대차 및 대주거래_차입증권,14295743911390,국내증권사,B,SF205,각주항목(09.06월 이후)
6098,202303,0010101,NH투자증권,D3,대차 및 대주거래_신용거래대주, ,국내증권사,B,SF205,각주항목(09.06월 이후)
6099,202303,0010101,NH투자증권,E,대손상각채권,800708477138,국내증권사,B,SF205,각주항목(09.06월 이후)
6100,202303,0010101,NH투자증권,F,환전업무 예치금,488743296109,국내증권사,B,SF205,각주항목(09.06월 이후)
6101,202303,0010101,NH투자증권,G,미배당별도예치금,17350528,국내증권사,B,SF205,각주항목(09.06월 이후)
6102,202303,0010101,NH투자증권,H,배서어음매출(종금계정),0,국내증권사,B,SF205,각주항목(09.06월 이후)
6103,202303,0010101,NH투자증권,H1,대출채권매매이익_담보부, ,국내증권사,B,SF205,각주항목(09.06월 이후)
6104,202303,0010101,NH투자증권,H2,대출채권매매이익_무담보부, ,국내증권사,B,SF205,각주항목(09.06월 이후)
6105,202306,0010101,NH투자증권,A,채무보증,2605637022130,국내증권사,B,SF205,각주항목(09.06월 이후)
6106,202306,0010101,NH투자증권,A1,채무보증_지급보증,30000000000,국내증권사,B,SF205,각주항목(09.06월 이후)
6107,202306,0010101,NH투자증권,A2,채무보증_매입보장약정,205500000000,국내증권사,B,SF205,각주항목(09.06월 이후)
6108,202306,0010101,NH투자증권,A3,채무보증_채무인수약정, ,국내증권사,B,SF205,각주항목(09.06월 이후)
6109,202306,0010101,NH투자증권,A5,채무보증_매입확약,2077197287014,국내증권사,B,SF205,각주항목(09.06월 이후)
6110,202306,0010101,NH투자증권,A6,채무보증_기타,292939735116,국내증권사,B,SF205,각주항목(09.06월 이후)
6111,202306,0010101,NH투자증권,B,투자자의 예수증권 등,315785531207677,국내증권사,B,SF205,각주항목(09.06월 이후)
6112,202306,0010101,NH투자증권,B1,투자자의 예수증권 등_예수 증권,315785531207677,국내증권사,B,SF205,각주항목(09.06월 이후)
6113,202306,0010101,NH투자증권,B2,투자자의 예수증권 등_예수양도성예금증서, ,국내증권사,B,SF205,각주항목(09.06월 이후)
6114,202306,0010101,NH투자증권,B3,투자자의 예수증권 등_기타, ,국내증권사,B,SF205,각주항목(09.06월 이후)
6115,202306,0010101,NH투자증권,C,파생상품계약,155919650301586,국내증권사,B,SF205,각주항목(09.06월 이후)
6116,202306,0010101,NH투자증권,C1,파생상품계약_장내파생상품,16821544179263,국내증권사,B,SF205,각주항목(09.06월 이후)
6117,202306,0010101,NH투자증권,C11,파생상품계약_장내파생상품_이자율관련거래,2461555844635,국내증권사,B,SF205,각주항목(09.06월 이후)
6118,202306,0010101,NH투자증권,C12,파생상품계약_장내파생상품_통화관련거래,1454567434000,국내증권사,B,SF205,각주항목(09.06월 이후)
6119,202306,0010101,NH투자증권,C13,파생상품계약_장내파생상품_주식관련거래,12834905992990,국내증권사,B,SF205,각주항목(09.06월 이후)
6120,202306,0010101,NH투자증권,C14,파생상품계약_장내파생상품_일반상품관련거래,48833428729,국내증권사,B,SF205,각주항목(09.06월 이후)
6121,202306,0010101,NH투자증권,C15,파생상품계약_장내파생상품_기타,21681478909,국내증권사,B,SF205,각주항목(09.06월 이후)
6122,202306,0010101,NH투자증권,C2,파생상품계약_장외파생상품,139098106122323,국내증권사,B,SF205,각주항목(09.06월 이후)
6123,202306,0010101,NH투자증권,C21,파생상품계약_장외파생상품_이자율관련거래,120878855976845,국내증권사,B,SF205,각주항목(09.06월 이후)
6124,202306,0010101,NH투자증권,C22,파생상품계약_장외파생상품_통화관련거래,8376188926770,국내증권사,B,SF205,각주항목(09.06월 이후)
6125,202306,0010101,NH투자증권,C23,파생상품계약_장외파생상품_주식관련거래,2955691666067,국내증권사,B,SF205,각주항목(09.06월 이후)
6126,202306,0010101,NH투자증권,C24,파생상품계약_장외파생상품_신용관련거래,5897218189741,국내증권사,B,SF205,각주항목(09.06월 이후)
6127,202306,0010101,NH투자증권,C25,파생상품계약_장외파생상품_기타,990151362900,국내증권사,B,SF205,각주항목(09.06월 이후)
6128,202306,0010101,NH투자증권,D,대차 및 대주거래,14207163324429,국내증권사,B,SF205,각주항목(09.06월 이후)
6129,202306,0010101,NH투자증권,D1,대차 및 대주거래_대여증권,2250084324906,국내증권사,B,SF205,각주항목(09.06월 이후)
6130,202306,0010101,NH투자증권,D2,대차 및 대주거래_차입증권,11957078999523,국내증권사,B,SF205,각주항목(09.06월 이후)
6131,202306,0010101,NH투자증권,D3,대차 및 대주거래_신용거래대주, ,국내증권사,B,SF205,각주항목(09.06월 이후)
6132,202306,0010101,NH투자증권,E,대손상각채권,800708477138,국내증권사,B,SF205,각주항목(09.06월 이후)
6133,202306,0010101,NH투자증권,F,환전업무 예치금,553060640871,국내증권사,B,SF205,각주항목(09.06월 이후)
6134,202306,0010101,NH투자증권,G,미배당별도예치금,400570399,국내증권사,B,SF205,각주항목(09.06월 이후)
6135,202306,0010101,NH투자증권,H,배서어음매출(종금계정),0,국내증권사,B,SF205,각주항목(09.06월 이후)
6136,202306,0010101,NH투자증권,H1,대출채권매매이익_담보부, ,국내증권사,B,SF205,각주항목(09.06월 이후)
6137,202306,0010101,NH투자증권,H2,대출채권매매이익_무담보부, ,국내증권사,B,SF205,각주항목(09.06월 이후)
6138,202309,0010101,NH투자증권,A,채무보증,2246828938254,국내증권사,B,SF205,각주항목(09.06월 이후)
6139,202309,0010101,NH투자증권,A1,채무보증_지급보증,30000000000,국내증권사,B,SF205,각주항목(09.06월 이후)
6140,202309,0010101,NH투자증권,A2,채무보증_매입보장약정,372800000000,국내증권사,B,SF205,각주항목(09.06월 이후)
6141,202309,0010101,NH투자증권,A3,채무보증_채무인수약정, ,국내증권사,B,SF205,각주항목(09.06월 이후)
6142,202309,0010101,NH투자증권,A5,채무보증_매입확약,1555672095989,국내증권사,B,SF205,각주항목(09.06월 이후)
6143,202309,0010101,NH투자증권,A6,채무보증_기타,288356842265,국내증권사,B,SF205,각주항목(09.06월 이후)
6144,202309,0010101,NH투자증권,B,투자자의 예수증권 등,311383472581442,국내증권사,B,SF205,각주항목(09.06월 이후)
6145,202309,0010101,NH투자증권,B1,투자자의 예수증권 등_예수 증권,311383472581442,국내증권사,B,SF205,각주항목(09.06월 이후)
6146,202309,0010101,NH투자증권,B2,투자자의 예수증권 등_예수양도성예금증서, ,국내증권사,B,SF205,각주항목(09.06월 이후)
6147,202309,0010101,NH투자증권,B3,투자자의 예수증권 등_기타, ,국내증권사,B,SF205,각주항목(09.06월 이후)
6148,202309,0010101,NH투자증권,C,파생상품계약,141066316348463,국내증권사,B,SF205,각주항목(09.06월 이후)
6149,202309,0010101,NH투자증권,C1,파생상품계약_장내파생상품,14726868278957,국내증권사,B,SF205,각주항목(09.06월 이후)
6150,202309,0010101,NH투자증권,C11,파생상품계약_장내파생상품_이자율관련거래,2447197069136,국내증권사,B,SF205,각주항목(09.06월 이후)
6151,202309,0010101,NH투자증권,C12,파생상품계약_장내파생상품_통화관련거래,1861101652000,국내증권사,B,SF205,각주항목(09.06월 이후)
6152,202309,0010101,NH투자증권,C13,파생상품계약_장내파생상품_주식관련거래,10373806393254,국내증권사,B,SF205,각주항목(09.06월 이후)
6153,202309,0010101,NH투자증권,C14,파생상품계약_장내파생상품_일반상품관련거래,32221748340,국내증권사,B,SF205,각주항목(09.06월 이후)
6154,202309,0010101,NH투자증권,C15,파생상품계약_장내파생상품_기타,12541416227,국내증권사,B,SF205,각주항목(09.06월 이후)
6155,202309,0010101,NH투자증권,C2,파생상품계약_장외파생상품,126339448069506,국내증권사,B,SF205,각주항목(09.06월 이후)
6156,202309,0010101,NH투자증권,C21,파생상품계약_장외파생상품_이자율관련거래,106733767818028,국내증권사,B,SF205,각주항목(09.06월 이후)
6157,202309,0010101,NH투자증권,C22,파생상품계약_장외파생상품_통화관련거래,9227755352195,국내증권사,B,SF205,각주항목(09.06월 이후)
6158,202309,0010101,NH투자증권,C23,파생상품계약_장외파생상품_주식관련거래,3339748742230,국내증권사,B,SF205,각주항목(09.06월 이후)
6159,202309,0010101,NH투자증권,C24,파생상품계약_장외파생상품_신용관련거래,6051322322093,국내증권사,B,SF205,각주항목(09.06월 이후)
6160,202309,0010101,NH투자증권,C25,파생상품계약_장외파생상품_기타,986853834960,국내증권사,B,SF205,각주항목(09.06월 이후)
6161,202309,0010101,NH투자증권,D,대차 및 대주거래,15008776367494,국내증권사,B,SF205,각주항목(09.06월 이후)
6162,202309,0010101,NH투자증권,D1,대차 및 대주거래_대여증권,2312856693674,국내증권사,B,SF205,각주항목(09.06월 이후)
6163,202309,0010101,NH투자증권,D2,대차 및 대주거래_차입증권,12695919673820,국내증권사,B,SF205,각주항목(09.06월 이후)
6164,202309,0010101,NH투자증권,D3,대차 및 대주거래_신용거래대주, ,국내증권사,B,SF205,각주항목(09.06월 이후)
6165,202309,0010101,NH투자증권,E,대손상각채권,800708477138,국내증권사,B,SF205,각주항목(09.06월 이후)
6166,202309,0010101,NH투자증권,F,환전업무 예치금,833333120730,국내증권사,B,SF205,각주항목(09.06월 이후)
6167,202309,0010101,NH투자증권,G,미배당별도예치금,2621300538,국내증권사,B,SF205,각주항목(09.06월 이후)
6168,202309,0010101,NH투자증권,H,배서어음매출(종금계정),0,국내증권사,B,SF205,각주항목(09.06월 이후)
6169,202309,0010101,NH투자증권,H1,대출채권매매이익_담보부, ,국내증권사,B,SF205,각주항목(09.06월 이후)
6170,202309,0010101,NH투자증권,H2,대출채권매매이익_무담보부, ,국내증권사,B,SF205,각주항목(09.06월 이후)
6171,202312,0010101,NH투자증권,A,채무보증,3387103909275,국내증권사,B,SF205,각주항목(09.06월 이후)
6172,202312,0010101,NH투자증권,A1,채무보증_지급보증,30000000000,국내증권사,B,SF205,각주항목(09.06월 이후)
6173,202312,0010101,NH투자증권,A2,채무보증_매입보장약정,302800000000,국내증권사,B,SF205,각주항목(09.06월 이후)
6174,202312,0010101,NH투자증권,A3,채무보증_채무인수약정, ,국내증권사,B,SF205,각주항목(09.06월 이후)
6175,202312,0010101,NH투자증권,A5,채무보증_매입확약,2719071873573,국내증권사,B,SF205,각주항목(09.06월 이후)
6176,202312,0010101,NH투자증권,A6,채무보증_기타,335232035702,국내증권사,B,SF205,각주항목(09.06월 이후)
6177,202312,0010101,NH투자증권,B,투자자의 예수증권 등,325314404278581,국내증권사,B,SF205,각주항목(09.06월 이후)
6178,202312,0010101,NH투자증권,B1,투자자의 예수증권 등_예수 증권,325314404278581,국내증권사,B,SF205,각주항목(09.06월 이후)
6179,202312,0010101,NH투자증권,B2,투자자의 예수증권 등_예수양도성예금증서, ,국내증권사,B,SF205,각주항목(09.06월 이후)
6180,202312,0010101,NH투자증권,B3,투자자의 예수증권 등_기타, ,국내증권사,B,SF205,각주항목(09.06월 이후)
6181,202312,0010101,NH투자증권,C,파생상품계약,134016236763760,국내증권사,B,SF205,각주항목(09.06월 이후)
6182,202312,0010101,NH투자증권,C1,파생상품계약_장내파생상품,12587557868869,국내증권사,B,SF205,각주항목(09.06월 이후)
6183,202312,0010101,NH투자증권,C11,파생상품계약_장내파생상품_이자율관련거래,3321310829820,국내증권사,B,SF205,각주항목(09.06월 이후)
6184,202312,0010101,NH투자증권,C12,파생상품계약_장내파생상품_통화관련거래,1584570118000,국내증권사,B,SF205,각주항목(09.06월 이후)
6185,202312,0010101,NH투자증권,C13,파생상품계약_장내파생상품_주식관련거래,7629915372634,국내증권사,B,SF205,각주항목(09.06월 이후)
6186,202312,0010101,NH투자증권,C14,파생상품계약_장내파생상품_일반상품관련거래,46956013654,국내증권사,B,SF205,각주항목(09.06월 이후)
6187,202312,0010101,NH투자증권,C15,파생상품계약_장내파생상품_기타,4805534761,국내증권사,B,SF205,각주항목(09.06월 이후)
6188,202312,0010101,NH투자증권,C2,파생상품계약_장외파생상품,121428678894891,국내증권사,B,SF205,각주항목(09.06월 이후)
6189,202312,0010101,NH투자증권,C21,파생상품계약_장외파생상품_이자율관련거래,104319814586548,국내증권사,B,SF205,각주항목(09.06월 이후)
6190,202312,0010101,NH투자증권,C22,파생상품계약_장외파생상품_통화관련거래,8067530794800,국내증권사,B,SF205,각주항목(09.06월 이후)
6191,202312,0010101,NH투자증권,C23,파생상품계약_장외파생상품_주식관련거래,3124953216485,국내증권사,B,SF205,각주항목(09.06월 이후)
6192,202312,0010101,NH투자증권,C24,파생상품계약_장외파생상품_신용관련거래,5389353342958,국내증권사,B,SF205,각주항목(09.06월 이후)
6193,202312,0010101,NH투자증권,C25,파생상품계약_장외파생상품_기타,527026954100,국내증권사,B,SF205,각주항목(09.06월 이후)
6194,202312,0010101,NH투자증권,D,대차 및 대주거래,10476435002437,국내증권사,B,SF205,각주항목(09.06월 이후)
6195,202312,0010101,NH투자증권,D1,대차 및 대주거래_대여증권,1018177174934,국내증권사,B,SF205,각주항목(09.06월 이후)
6196,202312,0010101,NH투자증권,D2,대차 및 대주거래_차입증권,9458257827503,국내증권사,B,SF205,각주항목(09.06월 이후)
6197,202312,0010101,NH투자증권,D3,대차 및 대주거래_신용거래대주, ,국내증권사,B,SF205,각주항목(09.06월 이후)
6198,202312,0010101,NH투자증권,E,대손상각채권,800708477138,국내증권사,B,SF205,각주항목(09.06월 이후)
6199,202312,0010101,NH투자증권,F,환전업무 예치금,577358082000,국내증권사,B,SF205,각주항목(09.06월 이후)
6200,202312,0010101,NH투자증권,G,미배당별도예치금,4705209458,국내증권사,B,SF205,각주항목(09.06월 이후)
6201,202312,0010101,NH투자증권,H,배서어음매출(종금계정),0,국내증권사,B,SF205,각주항목(09.06월 이후)
6202,202312,0010101,NH투자증권,H1,대출채권매매이익_담보부, ,국내증권사,B,SF205,각주항목(09.06월 이후)
6203,202312,0010101,NH투자증권,H2,대출채권매매이익_무담보부, ,국내증권사,B,SF205,각주항목(09.06월 이후)
6204,202403,0010101,NH투자증권,A,채무보증,2780257481433,국내증권사,B,SF205,각주항목(09.06월 이후)
6205,202403,0010101,NH투자증권,A1,채무보증_지급보증,26936000000,국내증권사,B,SF205,각주항목(09.06월 이후)
6206,202403,0010101,NH투자증권,A2,채무보증_매입보장약정,199100000000,국내증권사,B,SF205,각주항목(09.06월 이후)
6207,202403,0010101,NH투자증권,A3,채무보증_채무인수약정, ,국내증권사,B,SF205,각주항목(09.06월 이후)
6208,202403,0010101,NH투자증권,A5,채무보증_매입확약,2176696725519,국내증권사,B,SF205,각주항목(09.06월 이후)
6209,202403,0010101,NH투자증권,A6,채무보증_기타,377524755914,국내증권사,B,SF205,각주항목(09.06월 이후)
6210,202403,0010101,NH투자증권,B,투자자의 예수증권 등,326532025726929,국내증권사,B,SF205,각주항목(09.06월 이후)
6211,202403,0010101,NH투자증권,B1,투자자의 예수증권 등_예수 증권,326532025726929,국내증권사,B,SF205,각주항목(09.06월 이후)
6212,202403,0010101,NH투자증권,B2,투자자의 예수증권 등_예수양도성예금증서, ,국내증권사,B,SF205,각주항목(09.06월 이후)
6213,202403,0010101,NH투자증권,B3,투자자의 예수증권 등_기타, ,국내증권사,B,SF205,각주항목(09.06월 이후)
6214,202403,0010101,NH투자증권,C,파생상품계약,157996573388952,국내증권사,B,SF205,각주항목(09.06월 이후)
6215,202403,0010101,NH투자증권,C1,파생상품계약_장내파생상품,12061746780321,국내증권사,B,SF205,각주항목(09.06월 이후)
6216,202403,0010101,NH투자증권,C11,파생상품계약_장내파생상품_이자율관련거래,2263944427778,국내증권사,B,SF205,각주항목(09.06월 이후)
6217,202403,0010101,NH투자증권,C12,파생상품계약_장내파생상품_통화관련거래,1190465112000,국내증권사,B,SF205,각주항목(09.06월 이후)
6218,202403,0010101,NH투자증권,C13,파생상품계약_장내파생상품_주식관련거래,8541385272937,국내증권사,B,SF205,각주항목(09.06월 이후)
6219,202403,0010101,NH투자증권,C14,파생상품계약_장내파생상품_일반상품관련거래,60814090118,국내증권사,B,SF205,각주항목(09.06월 이후)
6220,202403,0010101,NH투자증권,C15,파생상품계약_장내파생상품_기타,5137877488,국내증권사,B,SF205,각주항목(09.06월 이후)
6221,202403,0010101,NH투자증권,C2,파생상품계약_장외파생상품,145934826608631,국내증권사,B,SF205,각주항목(09.06월 이후)
6222,202403,0010101,NH투자증권,C21,파생상품계약_장외파생상품_이자율관련거래,128601291373018,국내증권사,B,SF205,각주항목(09.06월 이후)
6223,202403,0010101,NH투자증권,C22,파생상품계약_장외파생상품_통화관련거래,8411806263517,국내증권사,B,SF205,각주항목(09.06월 이후)
6224,202403,0010101,NH투자증권,C23,파생상품계약_장외파생상품_주식관련거래,3100243771031,국내증권사,B,SF205,각주항목(09.06월 이후)
6225,202403,0010101,NH투자증권,C24,파생상품계약_장외파생상품_신용관련거래,5286428790365,국내증권사,B,SF205,각주항목(09.06월 이후)
6226,202403,0010101,NH투자증권,C25,파생상품계약_장외파생상품_기타,535056410700,국내증권사,B,SF205,각주항목(09.06월 이후)
6227,202403,0010101,NH투자증권,D,대차 및 대주거래,11385372703068,국내증권사,B,SF205,각주항목(09.06월 이후)
6228,202403,0010101,NH투자증권,D1,대차 및 대주거래_대여증권,1572570587298,국내증권사,B,SF205,각주항목(09.06월 이후)
6229,202403,0010101,NH투자증권,D2,대차 및 대주거래_차입증권,9812802115770,국내증권사,B,SF205,각주항목(09.06월 이후)
6230,202403,0010101,NH투자증권,D3,대차 및 대주거래_신용거래대주, ,국내증권사,B,SF205,각주항목(09.06월 이후)
6231,202403,0010101,NH투자증권,E,대손상각채권,800708477138,국내증권사,B,SF205,각주항목(09.06월 이후)
6232,202403,0010101,NH투자증권,F,환전업무 예치금,589469099795,국내증권사,B,SF205,각주항목(09.06월 이후)
6233,202403,0010101,NH투자증권,G,미배당별도예치금,1828494557,국내증권사,B,SF205,각주항목(09.06월 이후)
6234,202403,0010101,NH투자증권,H,배서어음매출(종금계정),0,국내증권사,B,SF205,각주항목(09.06월 이후)
6235,202403,0010101,NH투자증권,H1,대출채권매매이익_담보부, ,국내증권사,B,SF205,각주항목(09.06월 이후)
6236,202403,0010101,NH투자증권,H2,대출채권매매이익_무담보부, ,국내증권사,B,SF205,각주항목(09.06월 이후)
6237,202406,0010101,NH투자증권,A,채무보증,3347074428116,국내증권사,B,SF205,각주항목(09.06월 이후)
6238,202406,0010101,NH투자증권,A1,채무보증_지급보증,27784000000,국내증권사,B,SF205,각주항목(09.06월 이후)
6239,202406,0010101,NH투자증권,A2,채무보증_매입보장약정,199100000000,국내증권사,B,SF205,각주항목(09.06월 이후)
6240,202406,0010101,NH투자증권,A3,채무보증_채무인수약정, ,국내증권사,B,SF205,각주항목(09.06월 이후)
6241,202406,0010101,NH투자증권,A5,채무보증_매입확약,2735443052365,국내증권사,B,SF205,각주항목(09.06월 이후)
6242,202406,0010101,NH투자증권,A6,채무보증_기타,384747375751,국내증권사,B,SF205,각주항목(09.06월 이후)
6243,202406,0010101,NH투자증권,B,투자자의 예수증권 등,334236974936939,국내증권사,B,SF205,각주항목(09.06월 이후)
6244,202406,0010101,NH투자증권,B1,투자자의 예수증권 등_예수 증권,334236974936939,국내증권사,B,SF205,각주항목(09.06월 이후)
6245,202406,0010101,NH투자증권,B2,투자자의 예수증권 등_예수양도성예금증서, ,국내증권사,B,SF205,각주항목(09.06월 이후)
6246,202406,0010101,NH투자증권,B3,투자자의 예수증권 등_기타, ,국내증권사,B,SF205,각주항목(09.06월 이후)
6247,202406,0010101,NH투자증권,C,파생상품계약,176487452064557,국내증권사,B,SF205,각주항목(09.06월 이후)
6248,202406,0010101,NH투자증권,C1,파생상품계약_장내파생상품,8494685450393,국내증권사,B,SF205,각주항목(09.06월 이후)
6249,202406,0010101,NH투자증권,C11,파생상품계약_장내파생상품_이자율관련거래,3368787432297,국내증권사,B,SF205,각주항목(09.06월 이후)
6250,202406,0010101,NH투자증권,C12,파생상품계약_장내파생상품_통화관련거래,748211609128,국내증권사,B,SF205,각주항목(09.06월 이후)
6251,202406,0010101,NH투자증권,C13,파생상품계약_장내파생상품_주식관련거래,4331509814237,국내증권사,B,SF205,각주항목(09.06월 이후)
6252,202406,0010101,NH투자증권,C14,파생상품계약_장내파생상품_일반상품관련거래,45704266884,국내증권사,B,SF205,각주항목(09.06월 이후)
6253,202406,0010101,NH투자증권,C15,파생상품계약_장내파생상품_기타,472327847,국내증권사,B,SF205,각주항목(09.06월 이후)
6254,202406,0010101,NH투자증권,C2,파생상품계약_장외파생상품,167992766614164,국내증권사,B,SF205,각주항목(09.06월 이후)
6255,202406,0010101,NH투자증권,C21,파생상품계약_장외파생상품_이자율관련거래,149684697506995,국내증권사,B,SF205,각주항목(09.06월 이후)
6256,202406,0010101,NH투자증권,C22,파생상품계약_장외파생상품_통화관련거래,9893738289703,국내증권사,B,SF205,각주항목(09.06월 이후)
6257,202406,0010101,NH투자증권,C23,파생상품계약_장외파생상품_주식관련거래,3044875852435,국내증권사,B,SF205,각주항목(09.06월 이후)
6258,202406,0010101,NH투자증권,C24,파생상품계약_장외파생상품_신용관련거래,4620550185731,국내증권사,B,SF205,각주항목(09.06월 이후)
6259,202406,0010101,NH투자증권,C25,파생상품계약_장외파생상품_기타,748904779300,국내증권사,B,SF205,각주항목(09.06월 이후)
6260,202406,0010101,NH투자증권,D,대차 및 대주거래,10476490142903,국내증권사,B,SF205,각주항목(09.06월 이후)
6261,202406,0010101,NH투자증권,D1,대차 및 대주거래_대여증권,1329593439527,국내증권사,B,SF205,각주항목(09.06월 이후)
6262,202406,0010101,NH투자증권,D2,대차 및 대주거래_차입증권,9146896703376,국내증권사,B,SF205,각주항목(09.06월 이후)
6263,202406,0010101,NH투자증권,D3,대차 및 대주거래_신용거래대주, ,국내증권사,B,SF205,각주항목(09.06월 이후)
6264,202406,0010101,NH투자증권,E,대손상각채권,800708477138,국내증권사,B,SF205,각주항목(09.06월 이후)
6265,202406,0010101,NH투자증권,F,환전업무 예치금,465608712065,국내증권사,B,SF205,각주항목(09.06월 이후)
6266,202406,0010101,NH투자증권,G,미배당별도예치금,3370268296,국내증권사,B,SF205,각주항목(09.06월 이후)
6267,202406,0010101,NH투자증권,H,배서어음매출(종금계정),0,국내증권사,B,SF205,각주항목(09.06월 이후)
6268,202406,0010101,NH투자증권,H1,대출채권매매이익_담보부, ,국내증권사,B,SF205,각주항목(09.06월 이후)
6269,202406,0010101,NH투자증권,H2,대출채권매매이익_무담보부, ,국내증권사,B,SF205,각주항목(09.06월 이후)
6270,202409,0010101,NH투자증권,A,채무보증,3945311157025,국내증권사,B,SF205,각주항목(09.06월 이후)
6271,202409,0010101,NH투자증권,A1,채무보증_지급보증,26392000000,국내증권사,B,SF205,각주항목(09.06월 이후)
6272,202409,0010101,NH투자증권,A2,채무보증_매입보장약정,3000000000,국내증권사,B,SF205,각주항목(09.06월 이후)
6273,202409,0010101,NH투자증권,A3,채무보증_채무인수약정, ,국내증권사,B,SF205,각주항목(09.06월 이후)
6274,202409,0010101,NH투자증권,A5,채무보증_매입확약,3566689238529,국내증권사,B,SF205,각주항목(09.06월 이후)
6275,202409,0010101,NH투자증권,A6,채무보증_기타,349229918496,국내증권사,B,SF205,각주항목(09.06월 이후)
6276,202409,0010101,NH투자증권,B,투자자의 예수증권 등,335191220010072,국내증권사,B,SF205,각주항목(09.06월 이후)
6277,202409,0010101,NH투자증권,B1,투자자의 예수증권 등_예수 증권,335191220010072,국내증권사,B,SF205,각주항목(09.06월 이후)
6278,202409,0010101,NH투자증권,B2,투자자의 예수증권 등_예수양도성예금증서, ,국내증권사,B,SF205,각주항목(09.06월 이후)
6279,202409,0010101,NH투자증권,B3,투자자의 예수증권 등_기타, ,국내증권사,B,SF205,각주항목(09.06월 이후)
6280,202409,0010101,NH투자증권,C,파생상품계약,193837900236641,국내증권사,B,SF205,각주항목(09.06월 이후)
6281,202409,0010101,NH투자증권,C1,파생상품계약_장내파생상품,7066132007748,국내증권사,B,SF205,각주항목(09.06월 이후)
6282,202409,0010101,NH투자증권,C11,파생상품계약_장내파생상품_이자율관련거래,4144892125325,국내증권사,B,SF205,각주항목(09.06월 이후)
6283,202409,0010101,NH투자증권,C12,파생상품계약_장내파생상품_통화관련거래,1174675246375,국내증권사,B,SF205,각주항목(09.06월 이후)
6284,202409,0010101,NH투자증권,C13,파생상품계약_장내파생상품_주식관련거래,1681877900103,국내증권사,B,SF205,각주항목(09.06월 이후)
6285,202409,0010101,NH투자증권,C14,파생상품계약_장내파생상품_일반상품관련거래,63244727144,국내증권사,B,SF205,각주항목(09.06월 이후)
6286,202409,0010101,NH투자증권,C15,파생상품계약_장내파생상품_기타,1442008801,국내증권사,B,SF205,각주항목(09.06월 이후)
6287,202409,0010101,NH투자증권,C2,파생상품계약_장외파생상품,186771768228893,국내증권사,B,SF205,각주항목(09.06월 이후)
6288,202409,0010101,NH투자증권,C21,파생상품계약_장외파생상품_이자율관련거래,167870406364377,국내증권사,B,SF205,각주항목(09.06월 이후)
6289,202409,0010101,NH투자증권,C22,파생상품계약_장외파생상품_통화관련거래,9390372029364,국내증권사,B,SF205,각주항목(09.06월 이후)
6290,202409,0010101,NH투자증권,C23,파생상품계약_장외파생상품_주식관련거래,2987693221045,국내증권사,B,SF205,각주항목(09.06월 이후)
6291,202409,0010101,NH투자증권,C24,파생상품계약_장외파생상품_신용관련거래,4733743057866,국내증권사,B,SF205,각주항목(09.06월 이후)
6292,202409,0010101,NH투자증권,C25,파생상품계약_장외파생상품_기타,1789553556241,국내증권사,B,SF205,각주항목(09.06월 이후)
6293,202409,0010101,NH투자증권,D,대차 및 대주거래,10180569436131,국내증권사,B,SF205,각주항목(09.06월 이후)
6294,202409,0010101,NH투자증권,D1,대차 및 대주거래_대여증권,1331859661870,국내증권사,B,SF205,각주항목(09.06월 이후)
6295,202409,0010101,NH투자증권,D2,대차 및 대주거래_차입증권,8848709774261,국내증권사,B,SF205,각주항목(09.06월 이후)
6296,202409,0010101,NH투자증권,D3,대차 및 대주거래_신용거래대주, ,국내증권사,B,SF205,각주항목(09.06월 이후)
6297,202409,0010101,NH투자증권,E,대손상각채권,800708477138,국내증권사,B,SF205,각주항목(09.06월 이후)
6298,202409,0010101,NH투자증권,F,환전업무 예치금,363536466053,국내증권사,B,SF205,각주항목(09.06월 이후)
6299,202409,0010101,NH투자증권,G,미배당별도예치금,4706104958,국내증권사,B,SF205,각주항목(09.06월 이후)
6300,202409,0010101,NH투자증권,H,배서어음매출(종금계정),0,국내증권사,B,SF205,각주항목(09.06월 이후)
6301,202409,0010101,NH투자증권,H1,대출채권매매이익_담보부, ,국내증권사,B,SF205,각주항목(09.06월 이후)
6302,202409,0010101,NH투자증권,H2,대출채권매매이익_무담보부, ,국내증권사,B,SF205,각주항목(09.06월 이후)
6303,202412,0010101,NH투자증권,A,채무보증,5450102079549,국내증권사,B,SF205,각주항목(09.06월 이후)
6304,202412,0010101,NH투자증권,A1,채무보증_지급보증,29400000000,국내증권사,B,SF205,각주항목(09.06월 이후)
6305,202412,0010101,NH투자증권,A2,채무보증_매입보장약정,154500000000,국내증권사,B,SF205,각주항목(09.06월 이후)
6306,202412,0010101,NH투자증권,A3,채무보증_채무인수약정, ,국내증권사,B,SF205,각주항목(09.06월 이후)
6307,202412,0010101,NH투자증권,A5,채무보증_매입확약,4930552305582,국내증권사,B,SF205,각주항목(09.06월 이후)
6308,202412,0010101,NH투자증권,A6,채무보증_기타,335649773967,국내증권사,B,SF205,각주항목(09.06월 이후)
6309,202412,0010101,NH투자증권,B,투자자의 예수증권 등,324521519423392,국내증권사,B,SF205,각주항목(09.06월 이후)
6310,202412,0010101,NH투자증권,B1,투자자의 예수증권 등_예수 증권,324521519423392,국내증권사,B,SF205,각주항목(09.06월 이후)
6311,202412,0010101,NH투자증권,B2,투자자의 예수증권 등_예수양도성예금증서, ,국내증권사,B,SF205,각주항목(09.06월 이후)
6312,202412,0010101,NH투자증권,B3,투자자의 예수증권 등_기타, ,국내증권사,B,SF205,각주항목(09.06월 이후)
6313,202412,0010101,NH투자증권,C,파생상품계약,191834598330710,국내증권사,B,SF205,각주항목(09.06월 이후)
6314,202412,0010101,NH투자증권,C1,파생상품계약_장내파생상품,8196235655566,국내증권사,B,SF205,각주항목(09.06월 이후)
6315,202412,0010101,NH투자증권,C11,파생상품계약_장내파생상품_이자율관련거래,3137349884690,국내증권사,B,SF205,각주항목(09.06월 이후)
6316,202412,0010101,NH투자증권,C12,파생상품계약_장내파생상품_통화관련거래,733037210000,국내증권사,B,SF205,각주항목(09.06월 이후)
6317,202412,0010101,NH투자증권,C13,파생상품계약_장내파생상품_주식관련거래,4276964351200,국내증권사,B,SF205,각주항목(09.06월 이후)
6318,202412,0010101,NH투자증권,C14,파생상품계약_장내파생상품_일반상품관련거래,48392565701,국내증권사,B,SF205,각주항목(09.06월 이후)
6319,202412,0010101,NH투자증권,C15,파생상품계약_장내파생상품_기타,491643975,국내증권사,B,SF205,각주항목(09.06월 이후)
6320,202412,0010101,NH투자증권,C2,파생상품계약_장외파생상품,183638362675144,국내증권사,B,SF205,각주항목(09.06월 이후)
6321,202412,0010101,NH투자증권,C21,파생상품계약_장외파생상품_이자율관련거래,158426484973807,국내증권사,B,SF205,각주항목(09.06월 이후)
6322,202412,0010101,NH투자증권,C22,파생상품계약_장외파생상품_통화관련거래,15269925603615,국내증권사,B,SF205,각주항목(09.06월 이후)
6323,202412,0010101,NH투자증권,C23,파생상품계약_장외파생상품_주식관련거래,3311310043661,국내증권사,B,SF205,각주항목(09.06월 이후)
6324,202412,0010101,NH투자증권,C24,파생상품계약_장외파생상품_신용관련거래,4402126079920,국내증권사,B,SF205,각주항목(09.06월 이후)
6325,202412,0010101,NH투자증권,C25,파생상품계약_장외파생상품_기타,2228515974141,국내증권사,B,SF205,각주항목(09.06월 이후)
6326,202412,0010101,NH투자증권,D,대차 및 대주거래,10612439598612,국내증권사,B,SF205,각주항목(09.06월 이후)
6327,202412,0010101,NH투자증권,D1,대차 및 대주거래_대여증권,1142356383649,국내증권사,B,SF205,각주항목(09.06월 이후)
6328,202412,0010101,NH투자증권,D2,대차 및 대주거래_차입증권,9470083214963,국내증권사,B,SF205,각주항목(09.06월 이후)
6329,202412,0010101,NH투자증권,D3,대차 및 대주거래_신용거래대주, ,국내증권사,B,SF205,각주항목(09.06월 이후)
6330,202412,0010101,NH투자증권,E,대손상각채권,811630270041,국내증권사,B,SF205,각주항목(09.06월 이후)
6331,202412,0010101,NH투자증권,F,환전업무 예치금,248753732370,국내증권사,B,SF205,각주항목(09.06월 이후)
6332,202412,0010101,NH투자증권,G,미배당별도예치금,7196070647,국내증권사,B,SF205,각주항목(09.06월 이후)
6333,202412,0010101,NH투자증권,H,배서어음매출(종금계정),0,국내증권사,B,SF205,각주항목(09.06월 이후)
6334,202412,0010101,NH투자증권,H1,대출채권매매이익_담보부, ,국내증권사,B,SF205,각주항목(09.06월 이후)
6335,202412,0010101,NH투자증권,H2,대출채권매매이익_무담보부, ,국내증권사,B,SF205,각주항목(09.06월 이후)
6336,201703,0010114,SK증권주식회사,A,채무보증,355700037500,국내증권사,B,SF205,각주항목(09.06월 이후)
6337,201703,0010114,SK증권주식회사,A1,채무보증_지급보증,37500,국내증권사,B,SF205,각주항목(09.06월 이후)
6338,201703,0010114,SK증권주식회사,A2,채무보증_매입보장약정,40000000000,국내증권사,B,SF205,각주항목(09.06월 이후)
6339,201703,0010114,SK증권주식회사,A3,채무보증_채무인수약정,0,국내증권사,B,SF205,각주항목(09.06월 이후)
6340,201703,0010114,SK증권주식회사,A5,채무보증_매입확약,315700000000,국내증권사,B,SF205,각주항목(09.06월 이후)
6341,201703,0010114,SK증권주식회사,A6,채무보증_기타,0,국내증권사,B,SF205,각주항목(09.06월 이후)
6342,201703,0010114,SK증권주식회사,B,투자자의 예수증권 등,44401996508100,국내증권사,B,SF205,각주항목(09.06월 이후)
6343,201703,0010114,SK증권주식회사,B1,투자자의 예수증권 등_예수 증권,44401996508100,국내증권사,B,SF205,각주항목(09.06월 이후)
6344,201703,0010114,SK증권주식회사,B2,투자자의 예수증권 등_예수양도성예금증서,0,국내증권사,B,SF205,각주항목(09.06월 이후)
6345,201703,0010114,SK증권주식회사,B3,투자자의 예수증권 등_기타,0,국내증권사,B,SF205,각주항목(09.06월 이후)
6346,201703,0010114,SK증권주식회사,C,파생상품계약,8442379526966,국내증권사,B,SF205,각주항목(09.06월 이후)
6347,201703,0010114,SK증권주식회사,C1,파생상품계약_장내파생상품,688630503337,국내증권사,B,SF205,각주항목(09.06월 이후)
6348,201703,0010114,SK증권주식회사,C11,파생상품계약_장내파생상품_이자율관련거래,313434022195,국내증권사,B,SF205,각주항목(09.06월 이후)
6349,201703,0010114,SK증권주식회사,C12,파생상품계약_장내파생상품_통화관련거래,5700881210,국내증권사,B,SF205,각주항목(09.06월 이후)
6350,201703,0010114,SK증권주식회사,C13,파생상품계약_장내파생상품_주식관련거래,367559330043,국내증권사,B,SF205,각주항목(09.06월 이후)
6351,201703,0010114,SK증권주식회사,C14,파생상품계약_장내파생상품_일반상품관련거래,1936269889,국내증권사,B,SF205,각주항목(09.06월 이후)
6352,201703,0010114,SK증권주식회사,C15,파생상품계약_장내파생상품_기타,0,국내증권사,B,SF205,각주항목(09.06월 이후)
6353,201703,0010114,SK증권주식회사,C2,파생상품계약_장외파생상품,7753749023629,국내증권사,B,SF205,각주항목(09.06월 이후)
6354,201703,0010114,SK증권주식회사,C21,파생상품계약_장외파생상품_이자율관련거래,6178289750000,국내증권사,B,SF205,각주항목(09.06월 이후)
6355,201703,0010114,SK증권주식회사,C22,파생상품계약_장외파생상품_통화관련거래,609035966028,국내증권사,B,SF205,각주항목(09.06월 이후)
6356,201703,0010114,SK증권주식회사,C23,파생상품계약_장외파생상품_주식관련거래,242938427601,국내증권사,B,SF205,각주항목(09.06월 이후)
6357,201703,0010114,SK증권주식회사,C24,파생상품계약_장외파생상품_신용관련거래,710243480000,국내증권사,B,SF205,각주항목(09.06월 이후)
6358,201703,0010114,SK증권주식회사,C25,파생상품계약_장외파생상품_기타,13241400000,국내증권사,B,SF205,각주항목(09.06월 이후)
6359,201703,0010114,SK증권주식회사,D,대차 및 대주거래,324094201542,국내증권사,B,SF205,각주항목(09.06월 이후)
6360,201703,0010114,SK증권주식회사,D1,대차 및 대주거래_대여증권,0,국내증권사,B,SF205,각주항목(09.06월 이후)
6361,201703,0010114,SK증권주식회사,D2,대차 및 대주거래_차입증권,324094201542,국내증권사,B,SF205,각주항목(09.06월 이후)
6362,201703,0010114,SK증권주식회사,D3,대차 및 대주거래_신용거래대주,0,국내증권사,B,SF205,각주항목(09.06월 이후)
6363,201703,0010114,SK증권주식회사,E,대손상각채권,0,국내증권사,B,SF205,각주항목(09.06월 이후)
6364,201703,0010114,SK증권주식회사,F,환전업무 예치금,0,국내증권사,B,SF205,각주항목(09.06월 이후)
6365,201703,0010114,SK증권주식회사,G,미배당별도예치금,692820125,국내증권사,B,SF205,각주항목(09.06월 이후)
6366,201703,0010114,SK증권주식회사,H,배서어음매출(종금계정),0,국내증권사,B,SF205,각주항목(09.06월 이후)
6367,201703,0010114,SK증권주식회사,H1,대출채권매매이익_담보부,0,국내증권사,B,SF205,각주항목(09.06월 이후)
6368,201703,0010114,SK증권주식회사,H2,대출채권매매이익_무담보부,0,국내증권사,B,SF205,각주항목(09.06월 이후)
6369,201706,0010114,SK증권주식회사,A,채무보증,358225000000,국내증권사,B,SF205,각주항목(09.06월 이후)
6370,201706,0010114,SK증권주식회사,A1,채무보증_지급보증,0,국내증권사,B,SF205,각주항목(09.06월 이후)
6371,201706,0010114,SK증권주식회사,A2,채무보증_매입보장약정,24000000000,국내증권사,B,SF205,각주항목(09.06월 이후)
6372,201706,0010114,SK증권주식회사,A3,채무보증_채무인수약정,0,국내증권사,B,SF205,각주항목(09.06월 이후)
6373,201706,0010114,SK증권주식회사,A5,채무보증_매입확약,334225000000,국내증권사,B,SF205,각주항목(09.06월 이후)
6374,201706,0010114,SK증권주식회사,A6,채무보증_기타,0,국내증권사,B,SF205,각주항목(09.06월 이후)
6375,201706,0010114,SK증권주식회사,B,투자자의 예수증권 등,49251108986271,국내증권사,B,SF205,각주항목(09.06월 이후)
6376,201706,0010114,SK증권주식회사,B1,투자자의 예수증권 등_예수 증권,49251108986271,국내증권사,B,SF205,각주항목(09.06월 이후)
6377,201706,0010114,SK증권주식회사,B2,투자자의 예수증권 등_예수양도성예금증서,0,국내증권사,B,SF205,각주항목(09.06월 이후)
6378,201706,0010114,SK증권주식회사,B3,투자자의 예수증권 등_기타,0,국내증권사,B,SF205,각주항목(09.06월 이후)
6379,201706,0010114,SK증권주식회사,C,파생상품계약,7887301681758,국내증권사,B,SF205,각주항목(09.06월 이후)
6380,201706,0010114,SK증권주식회사,C1,파생상품계약_장내파생상품,258103807124,국내증권사,B,SF205,각주항목(09.06월 이후)
6381,201706,0010114,SK증권주식회사,C11,파생상품계약_장내파생상품_이자율관련거래,218273011008,국내증권사,B,SF205,각주항목(09.06월 이후)
6382,201706,0010114,SK증권주식회사,C12,파생상품계약_장내파생상품_통화관련거래,3192039000,국내증권사,B,SF205,각주항목(09.06월 이후)
6383,201706,0010114,SK증권주식회사,C13,파생상품계약_장내파생상품_주식관련거래,34860958147,국내증권사,B,SF205,각주항목(09.06월 이후)
6384,201706,0010114,SK증권주식회사,C14,파생상품계약_장내파생상품_일반상품관련거래,1777798969,국내증권사,B,SF205,각주항목(09.06월 이후)
6385,201706,0010114,SK증권주식회사,C15,파생상품계약_장내파생상품_기타,0,국내증권사,B,SF205,각주항목(09.06월 이후)
6386,201706,0010114,SK증권주식회사,C2,파생상품계약_장외파생상품,7629197874634,국내증권사,B,SF205,각주항목(09.06월 이후)
6387,201706,0010114,SK증권주식회사,C21,파생상품계약_장외파생상품_이자율관련거래,6089163750000,국내증권사,B,SF205,각주항목(09.06월 이후)
6388,201706,0010114,SK증권주식회사,C22,파생상품계약_장외파생상품_통화관련거래,609422294058,국내증권사,B,SF205,각주항목(09.06월 이후)
6389,201706,0010114,SK증권주식회사,C23,파생상품계약_장외파생상품_주식관련거래,191656950576,국내증권사,B,SF205,각주항목(09.06월 이후)
6390,201706,0010114,SK증권주식회사,C24,파생상품계약_장외파생상품_신용관련거래,710243480000,국내증권사,B,SF205,각주항목(09.06월 이후)
6391,201706,0010114,SK증권주식회사,C25,파생상품계약_장외파생상품_기타,28711400000,국내증권사,B,SF205,각주항목(09.06월 이후)
6392,201706,0010114,SK증권주식회사,D,대차 및 대주거래,329809494380,국내증권사,B,SF205,각주항목(09.06월 이후)
6393,201706,0010114,SK증권주식회사,D1,대차 및 대주거래_대여증권,0,국내증권사,B,SF205,각주항목(09.06월 이후)
6394,201706,0010114,SK증권주식회사,D2,대차 및 대주거래_차입증권,329809494380,국내증권사,B,SF205,각주항목(09.06월 이후)
6395,201706,0010114,SK증권주식회사,D3,대차 및 대주거래_신용거래대주,0,국내증권사,B,SF205,각주항목(09.06월 이후)
6396,201706,0010114,SK증권주식회사,E,대손상각채권,0,국내증권사,B,SF205,각주항목(09.06월 이후)
6397,201706,0010114,SK증권주식회사,F,환전업무 예치금,0,국내증권사,B,SF205,각주항목(09.06월 이후)
6398,201706,0010114,SK증권주식회사,G,미배당별도예치금,1002089272,국내증권사,B,SF205,각주항목(09.06월 이후)
6399,201706,0010114,SK증권주식회사,H,배서어음매출(종금계정),0,국내증권사,B,SF205,각주항목(09.06월 이후)
6400,201706,0010114,SK증권주식회사,H1,대출채권매매이익_담보부,0,국내증권사,B,SF205,각주항목(09.06월 이후)
6401,201706,0010114,SK증권주식회사,H2,대출채권매매이익_무담보부,0,국내증권사,B,SF205,각주항목(09.06월 이후)
6402,201709,0010114,SK증권주식회사,A,채무보증,297200000000,국내증권사,B,SF205,각주항목(09.06월 이후)
6403,201709,0010114,SK증권주식회사,A1,채무보증_지급보증,0,국내증권사,B,SF205,각주항목(09.06월 이후)
6404,201709,0010114,SK증권주식회사,A2,채무보증_매입보장약정,0,국내증권사,B,SF205,각주항목(09.06월 이후)
6405,201709,0010114,SK증권주식회사,A3,채무보증_채무인수약정,0,국내증권사,B,SF205,각주항목(09.06월 이후)
6406,201709,0010114,SK증권주식회사,A5,채무보증_매입확약,297200000000,국내증권사,B,SF205,각주항목(09.06월 이후)
6407,201709,0010114,SK증권주식회사,A6,채무보증_기타,0,국내증권사,B,SF205,각주항목(09.06월 이후)
6408,201709,0010114,SK증권주식회사,B,투자자의 예수증권 등,50977959234010,국내증권사,B,SF205,각주항목(09.06월 이후)
6409,201709,0010114,SK증권주식회사,B1,투자자의 예수증권 등_예수 증권,50977959234010,국내증권사,B,SF205,각주항목(09.06월 이후)
6410,201709,0010114,SK증권주식회사,B2,투자자의 예수증권 등_예수양도성예금증서,0,국내증권사,B,SF205,각주항목(09.06월 이후)
6411,201709,0010114,SK증권주식회사,B3,투자자의 예수증권 등_기타,0,국내증권사,B,SF205,각주항목(09.06월 이후)
6412,201709,0010114,SK증권주식회사,C,파생상품계약,7241902469385,국내증권사,B,SF205,각주항목(09.06월 이후)
6413,201709,0010114,SK증권주식회사,C1,파생상품계약_장내파생상품,296562076537,국내증권사,B,SF205,각주항목(09.06월 이후)
6414,201709,0010114,SK증권주식회사,C11,파생상품계약_장내파생상품_이자율관련거래,196762618038,국내증권사,B,SF205,각주항목(09.06월 이후)
6415,201709,0010114,SK증권주식회사,C12,파생상품계약_장내파생상품_통화관련거래,5524791000,국내증권사,B,SF205,각주항목(09.06월 이후)
6416,201709,0010114,SK증권주식회사,C13,파생상품계약_장내파생상품_주식관련거래,92287273795,국내증권사,B,SF205,각주항목(09.06월 이후)
6417,201709,0010114,SK증권주식회사,C14,파생상품계약_장내파생상품_일반상품관련거래,1987393704,국내증권사,B,SF205,각주항목(09.06월 이후)
6418,201709,0010114,SK증권주식회사,C15,파생상품계약_장내파생상품_기타,0,국내증권사,B,SF205,각주항목(09.06월 이후)
6419,201709,0010114,SK증권주식회사,C2,파생상품계약_장외파생상품,6945340392848,국내증권사,B,SF205,각주항목(09.06월 이후)
6420,201709,0010114,SK증권주식회사,C21,파생상품계약_장외파생상품_이자율관련거래,5382069650000,국내증권사,B,SF205,각주항목(09.06월 이후)
6421,201709,0010114,SK증권주식회사,C22,파생상품계약_장외파생상품_통화관련거래,719224217322,국내증권사,B,SF205,각주항목(09.06월 이후)
6422,201709,0010114,SK증권주식회사,C23,파생상품계약_장외파생상품_주식관련거래,313772325526,국내증권사,B,SF205,각주항목(09.06월 이후)
6423,201709,0010114,SK증권주식회사,C24,파생상품계약_장외파생상품_신용관련거래,498731800000,국내증권사,B,SF205,각주항목(09.06월 이후)
6424,201709,0010114,SK증권주식회사,C25,파생상품계약_장외파생상품_기타,31542400000,국내증권사,B,SF205,각주항목(09.06월 이후)
6425,201709,0010114,SK증권주식회사,D,대차 및 대주거래,300050966107,국내증권사,B,SF205,각주항목(09.06월 이후)
6426,201709,0010114,SK증권주식회사,D1,대차 및 대주거래_대여증권,0,국내증권사,B,SF205,각주항목(09.06월 이후)
6427,201709,0010114,SK증권주식회사,D2,대차 및 대주거래_차입증권,300050966107,국내증권사,B,SF205,각주항목(09.06월 이후)
6428,201709,0010114,SK증권주식회사,D3,대차 및 대주거래_신용거래대주,0,국내증권사,B,SF205,각주항목(09.06월 이후)
6429,201709,0010114,SK증권주식회사,E,대손상각채권,0,국내증권사,B,SF205,각주항목(09.06월 이후)
6430,201709,0010114,SK증권주식회사,F,환전업무 예치금,0,국내증권사,B,SF205,각주항목(09.06월 이후)
6431,201709,0010114,SK증권주식회사,G,미배당별도예치금,816899680,국내증권사,B,SF205,각주항목(09.06월 이후)
6432,201709,0010114,SK증권주식회사,H,배서어음매출(종금계정),0,국내증권사,B,SF205,각주항목(09.06월 이후)
6433,201709,0010114,SK증권주식회사,H1,대출채권매매이익_담보부,0,국내증권사,B,SF205,각주항목(09.06월 이후)
6434,201709,0010114,SK증권주식회사,H2,대출채권매매이익_무담보부,0,국내증권사,B,SF205,각주항목(09.06월 이후)
6435,201712,0010114,SK증권주식회사,A,채무보증,340800000000,국내증권사,B,SF205,각주항목(09.06월 이후)
6436,201712,0010114,SK증권주식회사,A1,채무보증_지급보증,0,국내증권사,B,SF205,각주항목(09.06월 이후)
6437,201712,0010114,SK증권주식회사,A2,채무보증_매입보장약정,0,국내증권사,B,SF205,각주항목(09.06월 이후)
6438,201712,0010114,SK증권주식회사,A3,채무보증_채무인수약정,0,국내증권사,B,SF205,각주항목(09.06월 이후)
6439,201712,0010114,SK증권주식회사,A5,채무보증_매입확약,340800000000,국내증권사,B,SF205,각주항목(09.06월 이후)
6440,201712,0010114,SK증권주식회사,A6,채무보증_기타,0,국내증권사,B,SF205,각주항목(09.06월 이후)
6441,201712,0010114,SK증권주식회사,B,투자자의 예수증권 등,52222284562359,국내증권사,B,SF205,각주항목(09.06월 이후)
6442,201712,0010114,SK증권주식회사,B1,투자자의 예수증권 등_예수 증권,52222284562359,국내증권사,B,SF205,각주항목(09.06월 이후)
6443,201712,0010114,SK증권주식회사,B2,투자자의 예수증권 등_예수양도성예금증서,0,국내증권사,B,SF205,각주항목(09.06월 이후)
6444,201712,0010114,SK증권주식회사,B3,투자자의 예수증권 등_기타,0,국내증권사,B,SF205,각주항목(09.06월 이후)
6445,201712,0010114,SK증권주식회사,C,파생상품계약,6411128799163,국내증권사,B,SF205,각주항목(09.06월 이후)
6446,201712,0010114,SK증권주식회사,C1,파생상품계약_장내파생상품,357205393399,국내증권사,B,SF205,각주항목(09.06월 이후)
6447,201712,0010114,SK증권주식회사,C11,파생상품계약_장내파생상품_이자율관련거래,302533503585,국내증권사,B,SF205,각주항목(09.06월 이후)
6448,201712,0010114,SK증권주식회사,C12,파생상품계약_장내파생상품_통화관련거래,10300985000,국내증권사,B,SF205,각주항목(09.06월 이후)
6449,201712,0010114,SK증권주식회사,C13,파생상품계약_장내파생상품_주식관련거래,42416981762,국내증권사,B,SF205,각주항목(09.06월 이후)
6450,201712,0010114,SK증권주식회사,C14,파생상품계약_장내파생상품_일반상품관련거래,1953923052,국내증권사,B,SF205,각주항목(09.06월 이후)
6451,201712,0010114,SK증권주식회사,C15,파생상품계약_장내파생상품_기타,0,국내증권사,B,SF205,각주항목(09.06월 이후)
6452,201712,0010114,SK증권주식회사,C2,파생상품계약_장외파생상품,6053923405764,국내증권사,B,SF205,각주항목(09.06월 이후)
6453,201712,0010114,SK증권주식회사,C21,파생상품계약_장외파생상품_이자율관련거래,4892598150000,국내증권사,B,SF205,각주항목(09.06월 이후)
6454,201712,0010114,SK증권주식회사,C22,파생상품계약_장외파생상품_통화관련거래,582729704714,국내증권사,B,SF205,각주항목(09.06월 이후)
6455,201712,0010114,SK증권주식회사,C23,파생상품계약_장외파생상품_주식관련거래,327306151050,국내증권사,B,SF205,각주항목(09.06월 이후)
6456,201712,0010114,SK증권주식회사,C24,파생상품계약_장외파생상품_신용관련거래,221260000000,국내증권사,B,SF205,각주항목(09.06월 이후)
6457,201712,0010114,SK증권주식회사,C25,파생상품계약_장외파생상품_기타,30029400000,국내증권사,B,SF205,각주항목(09.06월 이후)
6458,201712,0010114,SK증권주식회사,D,대차 및 대주거래,249323146293,국내증권사,B,SF205,각주항목(09.06월 이후)
6459,201712,0010114,SK증권주식회사,D1,대차 및 대주거래_대여증권,0,국내증권사,B,SF205,각주항목(09.06월 이후)
6460,201712,0010114,SK증권주식회사,D2,대차 및 대주거래_차입증권,249323146293,국내증권사,B,SF205,각주항목(09.06월 이후)
6461,201712,0010114,SK증권주식회사,D3,대차 및 대주거래_신용거래대주,0,국내증권사,B,SF205,각주항목(09.06월 이후)
6462,201712,0010114,SK증권주식회사,E,대손상각채권,0,국내증권사,B,SF205,각주항목(09.06월 이후)
6463,201712,0010114,SK증권주식회사,F,환전업무 예치금,0,국내증권사,B,SF205,각주항목(09.06월 이후)
6464,201712,0010114,SK증권주식회사,G,미배당별도예치금,1090892499,국내증권사,B,SF205,각주항목(09.06월 이후)
6465,201712,0010114,SK증권주식회사,H,배서어음매출(종금계정),0,국내증권사,B,SF205,각주항목(09.06월 이후)
6466,201712,0010114,SK증권주식회사,H1,대출채권매매이익_담보부,0,국내증권사,B,SF205,각주항목(09.06월 이후)
6467,201712,0010114,SK증권주식회사,H2,대출채권매매이익_무담보부,0,국내증권사,B,SF205,각주항목(09.06월 이후)
6468,201803,0010114,SK증권주식회사,A,채무보증,320760000000,국내증권사,B,SF205,각주항목(09.06월 이후)
6469,201803,0010114,SK증권주식회사,A1,채무보증_지급보증,0,국내증권사,B,SF205,각주항목(09.06월 이후)
6470,201803,0010114,SK증권주식회사,A2,채무보증_매입보장약정,0,국내증권사,B,SF205,각주항목(09.06월 이후)
6471,201803,0010114,SK증권주식회사,A3,채무보증_채무인수약정,0,국내증권사,B,SF205,각주항목(09.06월 이후)
6472,201803,0010114,SK증권주식회사,A5,채무보증_매입확약,320760000000,국내증권사,B,SF205,각주항목(09.06월 이후)
6473,201803,0010114,SK증권주식회사,A6,채무보증_기타,0,국내증권사,B,SF205,각주항목(09.06월 이후)
6474,201803,0010114,SK증권주식회사,B,투자자의 예수증권 등,53876896601294,국내증권사,B,SF205,각주항목(09.06월 이후)
6475,201803,0010114,SK증권주식회사,B1,투자자의 예수증권 등_예수 증권,53876896601294,국내증권사,B,SF205,각주항목(09.06월 이후)
6476,201803,0010114,SK증권주식회사,B2,투자자의 예수증권 등_예수양도성예금증서,0,국내증권사,B,SF205,각주항목(09.06월 이후)
6477,201803,0010114,SK증권주식회사,B3,투자자의 예수증권 등_기타,0,국내증권사,B,SF205,각주항목(09.06월 이후)
6478,201803,0010114,SK증권주식회사,C,파생상품계약,5503848423710,국내증권사,B,SF205,각주항목(09.06월 이후)
6479,201803,0010114,SK증권주식회사,C1,파생상품계약_장내파생상품,256694829997,국내증권사,B,SF205,각주항목(09.06월 이후)
6480,201803,0010114,SK증권주식회사,C11,파생상품계약_장내파생상품_이자율관련거래,168492857715,국내증권사,B,SF205,각주항목(09.06월 이후)
6481,201803,0010114,SK증권주식회사,C12,파생상품계약_장내파생상품_통화관련거래,3326421600,국내증권사,B,SF205,각주항목(09.06월 이후)
6482,201803,0010114,SK증권주식회사,C13,파생상품계약_장내파생상품_주식관련거래,82811582134,국내증권사,B,SF205,각주항목(09.06월 이후)
6483,201803,0010114,SK증권주식회사,C14,파생상품계약_장내파생상품_일반상품관련거래,2063968548,국내증권사,B,SF205,각주항목(09.06월 이후)
6484,201803,0010114,SK증권주식회사,C15,파생상품계약_장내파생상품_기타,0,국내증권사,B,SF205,각주항목(09.06월 이후)
6485,201803,0010114,SK증권주식회사,C2,파생상품계약_장외파생상품,5247153593713,국내증권사,B,SF205,각주항목(09.06월 이후)
6486,201803,0010114,SK증권주식회사,C21,파생상품계약_장외파생상품_이자율관련거래,4004656150000,국내증권사,B,SF205,각주항목(09.06월 이후)
6487,201803,0010114,SK증권주식회사,C22,파생상품계약_장외파생상품_통화관련거래,632859721736,국내증권사,B,SF205,각주항목(09.06월 이후)
6488,201803,0010114,SK증권주식회사,C23,파생상품계약_장외파생상품_주식관련거래,284075215950,국내증권사,B,SF205,각주항목(09.06월 이후)
6489,201803,0010114,SK증권주식회사,C24,파생상품계약_장외파생상품_신용관련거래,232038000000,국내증권사,B,SF205,각주항목(09.06월 이후)
6490,201803,0010114,SK증권주식회사,C25,파생상품계약_장외파생상품_기타,93524506027,국내증권사,B,SF205,각주항목(09.06월 이후)
6491,201803,0010114,SK증권주식회사,D,대차 및 대주거래,246321019063,국내증권사,B,SF205,각주항목(09.06월 이후)
6492,201803,0010114,SK증권주식회사,D1,대차 및 대주거래_대여증권,0,국내증권사,B,SF205,각주항목(09.06월 이후)
6493,201803,0010114,SK증권주식회사,D2,대차 및 대주거래_차입증권,246321019063,국내증권사,B,SF205,각주항목(09.06월 이후)
6494,201803,0010114,SK증권주식회사,D3,대차 및 대주거래_신용거래대주,0,국내증권사,B,SF205,각주항목(09.06월 이후)
6495,201803,0010114,SK증권주식회사,E,대손상각채권,0,국내증권사,B,SF205,각주항목(09.06월 이후)
6496,201803,0010114,SK증권주식회사,F,환전업무 예치금,0,국내증권사,B,SF205,각주항목(09.06월 이후)
6497,201803,0010114,SK증권주식회사,G,미배당별도예치금,673979409,국내증권사,B,SF205,각주항목(09.06월 이후)
6498,201803,0010114,SK증권주식회사,H,배서어음매출(종금계정),0,국내증권사,B,SF205,각주항목(09.06월 이후)
6499,201803,0010114,SK증권주식회사,H1,대출채권매매이익_담보부,0,국내증권사,B,SF205,각주항목(09.06월 이후)
6500,201803,0010114,SK증권주식회사,H2,대출채권매매이익_무담보부,0,국내증권사,B,SF205,각주항목(09.06월 이후)
6501,201806,0010114,SK증권주식회사,A,채무보증,298365000000,국내증권사,B,SF205,각주항목(09.06월 이후)
6502,201806,0010114,SK증권주식회사,A1,채무보증_지급보증,0,국내증권사,B,SF205,각주항목(09.06월 이후)
6503,201806,0010114,SK증권주식회사,A2,채무보증_매입보장약정,0,국내증권사,B,SF205,각주항목(09.06월 이후)
6504,201806,0010114,SK증권주식회사,A3,채무보증_채무인수약정,0,국내증권사,B,SF205,각주항목(09.06월 이후)
6505,201806,0010114,SK증권주식회사,A5,채무보증_매입확약,298365000000,국내증권사,B,SF205,각주항목(09.06월 이후)
6506,201806,0010114,SK증권주식회사,A6,채무보증_기타,0,국내증권사,B,SF205,각주항목(09.06월 이후)
6507,201806,0010114,SK증권주식회사,B,투자자의 예수증권 등,55417698315377,국내증권사,B,SF205,각주항목(09.06월 이후)
6508,201806,0010114,SK증권주식회사,B1,투자자의 예수증권 등_예수 증권,55417698315377,국내증권사,B,SF205,각주항목(09.06월 이후)
6509,201806,0010114,SK증권주식회사,B2,투자자의 예수증권 등_예수양도성예금증서,0,국내증권사,B,SF205,각주항목(09.06월 이후)
6510,201806,0010114,SK증권주식회사,B3,투자자의 예수증권 등_기타,0,국내증권사,B,SF205,각주항목(09.06월 이후)
6511,201806,0010114,SK증권주식회사,C,파생상품계약,5317798461329,국내증권사,B,SF205,각주항목(09.06월 이후)
6512,201806,0010114,SK증권주식회사,C1,파생상품계약_장내파생상품,445515307830,국내증권사,B,SF205,각주항목(09.06월 이후)
6513,201806,0010114,SK증권주식회사,C11,파생상품계약_장내파생상품_이자율관련거래,266915984801,국내증권사,B,SF205,각주항목(09.06월 이후)
6514,201806,0010114,SK증권주식회사,C12,파생상품계약_장내파생상품_통화관련거래,4269704400,국내증권사,B,SF205,각주항목(09.06월 이후)
6515,201806,0010114,SK증권주식회사,C13,파생상품계약_장내파생상품_주식관련거래,172376911373,국내증권사,B,SF205,각주항목(09.06월 이후)
6516,201806,0010114,SK증권주식회사,C14,파생상품계약_장내파생상품_일반상품관련거래,1952707256,국내증권사,B,SF205,각주항목(09.06월 이후)
6517,201806,0010114,SK증권주식회사,C15,파생상품계약_장내파생상품_기타,0,국내증권사,B,SF205,각주항목(09.06월 이후)
6518,201806,0010114,SK증권주식회사,C2,파생상품계약_장외파생상품,4872283153499,국내증권사,B,SF205,각주항목(09.06월 이후)
6519,201806,0010114,SK증권주식회사,C21,파생상품계약_장외파생상품_이자율관련거래,3101212650000,국내증권사,B,SF205,각주항목(09.06월 이후)
6520,201806,0010114,SK증권주식회사,C22,파생상품계약_장외파생상품_통화관련거래,604619256560,국내증권사,B,SF205,각주항목(09.06월 이후)
6521,201806,0010114,SK증권주식회사,C23,파생상품계약_장외파생상품_주식관련거래,707039066475,국내증권사,B,SF205,각주항목(09.06월 이후)
6522,201806,0010114,SK증권주식회사,C24,파생상품계약_장외파생상품_신용관련거래,335038000000,국내증권사,B,SF205,각주항목(09.06월 이후)
6523,201806,0010114,SK증권주식회사,C25,파생상품계약_장외파생상품_기타,124374180464,국내증권사,B,SF205,각주항목(09.06월 이후)
6524,201806,0010114,SK증권주식회사,D,대차 및 대주거래,180598109817,국내증권사,B,SF205,각주항목(09.06월 이후)
6525,201806,0010114,SK증권주식회사,D1,대차 및 대주거래_대여증권,0,국내증권사,B,SF205,각주항목(09.06월 이후)
6526,201806,0010114,SK증권주식회사,D2,대차 및 대주거래_차입증권,180598109817,국내증권사,B,SF205,각주항목(09.06월 이후)
6527,201806,0010114,SK증권주식회사,D3,대차 및 대주거래_신용거래대주,0,국내증권사,B,SF205,각주항목(09.06월 이후)
6528,201806,0010114,SK증권주식회사,E,대손상각채권,0,국내증권사,B,SF205,각주항목(09.06월 이후)
6529,201806,0010114,SK증권주식회사,F,환전업무 예치금,0,국내증권사,B,SF205,각주항목(09.06월 이후)
6530,201806,0010114,SK증권주식회사,G,미배당별도예치금,1025192271,국내증권사,B,SF205,각주항목(09.06월 이후)
6531,201806,0010114,SK증권주식회사,H,배서어음매출(종금계정),0,국내증권사,B,SF205,각주항목(09.06월 이후)
6532,201806,0010114,SK증권주식회사,H1,대출채권매매이익_담보부,0,국내증권사,B,SF205,각주항목(09.06월 이후)
6533,201806,0010114,SK증권주식회사,H2,대출채권매매이익_무담보부,0,국내증권사,B,SF205,각주항목(09.06월 이후)
6534,201809,0010114,SK증권주식회사,A,채무보증,238285000000,국내증권사,B,SF205,각주항목(09.06월 이후)
6535,201809,0010114,SK증권주식회사,A1,채무보증_지급보증,0,국내증권사,B,SF205,각주항목(09.06월 이후)
6536,201809,0010114,SK증권주식회사,A2,채무보증_매입보장약정,0,국내증권사,B,SF205,각주항목(09.06월 이후)
6537,201809,0010114,SK증권주식회사,A3,채무보증_채무인수약정,0,국내증권사,B,SF205,각주항목(09.06월 이후)
6538,201809,0010114,SK증권주식회사,A5,채무보증_매입확약,238285000000,국내증권사,B,SF205,각주항목(09.06월 이후)
6539,201809,0010114,SK증권주식회사,A6,채무보증_기타,0,국내증권사,B,SF205,각주항목(09.06월 이후)
6540,201809,0010114,SK증권주식회사,B,투자자의 예수증권 등,56456950809565,국내증권사,B,SF205,각주항목(09.06월 이후)
6541,201809,0010114,SK증권주식회사,B1,투자자의 예수증권 등_예수 증권,56456950809565,국내증권사,B,SF205,각주항목(09.06월 이후)
6542,201809,0010114,SK증권주식회사,B2,투자자의 예수증권 등_예수양도성예금증서,0,국내증권사,B,SF205,각주항목(09.06월 이후)
6543,201809,0010114,SK증권주식회사,B3,투자자의 예수증권 등_기타,0,국내증권사,B,SF205,각주항목(09.06월 이후)
6544,201809,0010114,SK증권주식회사,C,파생상품계약,6500561662725,국내증권사,B,SF205,각주항목(09.06월 이후)
6545,201809,0010114,SK증권주식회사,C1,파생상품계약_장내파생상품,360666164221,국내증권사,B,SF205,각주항목(09.06월 이후)
6546,201809,0010114,SK증권주식회사,C11,파생상품계약_장내파생상품_이자율관련거래,291220558213,국내증권사,B,SF205,각주항목(09.06월 이후)
6547,201809,0010114,SK증권주식회사,C12,파생상품계약_장내파생상품_통화관련거래,5799831000,국내증권사,B,SF205,각주항목(09.06월 이후)
6548,201809,0010114,SK증권주식회사,C13,파생상품계약_장내파생상품_주식관련거래,61780553481,국내증권사,B,SF205,각주항목(09.06월 이후)
6549,201809,0010114,SK증권주식회사,C14,파생상품계약_장내파생상품_일반상품관련거래,1865221527,국내증권사,B,SF205,각주항목(09.06월 이후)
6550,201809,0010114,SK증권주식회사,C15,파생상품계약_장내파생상품_기타,0,국내증권사,B,SF205,각주항목(09.06월 이후)
6551,201809,0010114,SK증권주식회사,C2,파생상품계약_장외파생상품,6139895498504,국내증권사,B,SF205,각주항목(09.06월 이후)
6552,201809,0010114,SK증권주식회사,C21,파생상품계약_장외파생상품_이자율관련거래,4469635150000,국내증권사,B,SF205,각주항목(09.06월 이후)
6553,201809,0010114,SK증권주식회사,C22,파생상품계약_장외파생상품_통화관련거래,536653153023,국내증권사,B,SF205,각주항목(09.06월 이후)
6554,201809,0010114,SK증권주식회사,C23,파생상품계약_장외파생상품_주식관련거래,622617223525,국내증권사,B,SF205,각주항목(09.06월 이후)
6555,201809,0010114,SK증권주식회사,C24,파생상품계약_장외파생상품_신용관련거래,335038000000,국내증권사,B,SF205,각주항목(09.06월 이후)
6556,201809,0010114,SK증권주식회사,C25,파생상품계약_장외파생상품_기타,175951971956,국내증권사,B,SF205,각주항목(09.06월 이후)
6557,201809,0010114,SK증권주식회사,D,대차 및 대주거래,265940578387,국내증권사,B,SF205,각주항목(09.06월 이후)
6558,201809,0010114,SK증권주식회사,D1,대차 및 대주거래_대여증권,0,국내증권사,B,SF205,각주항목(09.06월 이후)
6559,201809,0010114,SK증권주식회사,D2,대차 및 대주거래_차입증권,265940578387,국내증권사,B,SF205,각주항목(09.06월 이후)
6560,201809,0010114,SK증권주식회사,D3,대차 및 대주거래_신용거래대주,0,국내증권사,B,SF205,각주항목(09.06월 이후)
6561,201809,0010114,SK증권주식회사,E,대손상각채권,0,국내증권사,B,SF205,각주항목(09.06월 이후)
6562,201809,0010114,SK증권주식회사,F,환전업무 예치금,0,국내증권사,B,SF205,각주항목(09.06월 이후)
6563,201809,0010114,SK증권주식회사,G,미배당별도예치금,1343087187,국내증권사,B,SF205,각주항목(09.06월 이후)
6564,201809,0010114,SK증권주식회사,H,배서어음매출(종금계정),0,국내증권사,B,SF205,각주항목(09.06월 이후)
6565,201809,0010114,SK증권주식회사,H1,대출채권매매이익_담보부,0,국내증권사,B,SF205,각주항목(09.06월 이후)
6566,201809,0010114,SK증권주식회사,H2,대출채권매매이익_무담보부,0,국내증권사,B,SF205,각주항목(09.06월 이후)
6567,201812,0010114,SK증권주식회사,A,채무보증,293148500000,국내증권사,B,SF205,각주항목(09.06월 이후)
6568,201812,0010114,SK증권주식회사,A1,채무보증_지급보증,0,국내증권사,B,SF205,각주항목(09.06월 이후)
6569,201812,0010114,SK증권주식회사,A2,채무보증_매입보장약정,0,국내증권사,B,SF205,각주항목(09.06월 이후)
6570,201812,0010114,SK증권주식회사,A3,채무보증_채무인수약정,0,국내증권사,B,SF205,각주항목(09.06월 이후)
6571,201812,0010114,SK증권주식회사,A5,채무보증_매입확약,293148500000,국내증권사,B,SF205,각주항목(09.06월 이후)
6572,201812,0010114,SK증권주식회사,A6,채무보증_기타,0,국내증권사,B,SF205,각주항목(09.06월 이후)
6573,201812,0010114,SK증권주식회사,B,투자자의 예수증권 등,50427597086366,국내증권사,B,SF205,각주항목(09.06월 이후)
6574,201812,0010114,SK증권주식회사,B1,투자자의 예수증권 등_예수 증권,50427597086366,국내증권사,B,SF205,각주항목(09.06월 이후)
6575,201812,0010114,SK증권주식회사,B2,투자자의 예수증권 등_예수양도성예금증서,0,국내증권사,B,SF205,각주항목(09.06월 이후)
6576,201812,0010114,SK증권주식회사,B3,투자자의 예수증권 등_기타,0,국내증권사,B,SF205,각주항목(09.06월 이후)
6577,201812,0010114,SK증권주식회사,C,파생상품계약,6128066914921,국내증권사,B,SF205,각주항목(09.06월 이후)
6578,201812,0010114,SK증권주식회사,C1,파생상품계약_장내파생상품,267127407121,국내증권사,B,SF205,각주항목(09.06월 이후)
6579,201812,0010114,SK증권주식회사,C11,파생상품계약_장내파생상품_이자율관련거래,163046007410,국내증권사,B,SF205,각주항목(09.06월 이후)
6580,201812,0010114,SK증권주식회사,C12,파생상품계약_장내파생상품_통화관련거래,9586331000,국내증권사,B,SF205,각주항목(09.06월 이후)
6581,201812,0010114,SK증권주식회사,C13,파생상품계약_장내파생상품_주식관련거래,92570069512,국내증권사,B,SF205,각주항목(09.06월 이후)
6582,201812,0010114,SK증권주식회사,C14,파생상품계약_장내파생상품_일반상품관련거래,1924999199,국내증권사,B,SF205,각주항목(09.06월 이후)
6583,201812,0010114,SK증권주식회사,C15,파생상품계약_장내파생상품_기타,0,국내증권사,B,SF205,각주항목(09.06월 이후)
6584,201812,0010114,SK증권주식회사,C2,파생상품계약_장외파생상품,5860939507800,국내증권사,B,SF205,각주항목(09.06월 이후)
6585,201812,0010114,SK증권주식회사,C21,파생상품계약_장외파생상품_이자율관련거래,4108988250000,국내증권사,B,SF205,각주항목(09.06월 이후)
6586,201812,0010114,SK증권주식회사,C22,파생상품계약_장외파생상품_통화관련거래,310813680809,국내증권사,B,SF205,각주항목(09.06월 이후)
6587,201812,0010114,SK증권주식회사,C23,파생상품계약_장외파생상품_주식관련거래,964848482200,국내증권사,B,SF205,각주항목(09.06월 이후)
6588,201812,0010114,SK증권주식회사,C24,파생상품계약_장외파생상품_신용관련거래,335038000000,국내증권사,B,SF205,각주항목(09.06월 이후)
6589,201812,0010114,SK증권주식회사,C25,파생상품계약_장외파생상품_기타,141251094791,국내증권사,B,SF205,각주항목(09.06월 이후)
6590,201812,0010114,SK증권주식회사,D,대차 및 대주거래,167397864970,국내증권사,B,SF205,각주항목(09.06월 이후)
6591,201812,0010114,SK증권주식회사,D1,대차 및 대주거래_대여증권,0,국내증권사,B,SF205,각주항목(09.06월 이후)
6592,201812,0010114,SK증권주식회사,D2,대차 및 대주거래_차입증권,167397864970,국내증권사,B,SF205,각주항목(09.06월 이후)
6593,201812,0010114,SK증권주식회사,D3,대차 및 대주거래_신용거래대주,0,국내증권사,B,SF205,각주항목(09.06월 이후)
6594,201812,0010114,SK증권주식회사,E,대손상각채권,0,국내증권사,B,SF205,각주항목(09.06월 이후)
6595,201812,0010114,SK증권주식회사,F,환전업무 예치금,0,국내증권사,B,SF205,각주항목(09.06월 이후)
6596,201812,0010114,SK증권주식회사,G,미배당별도예치금,1713327762,국내증권사,B,SF205,각주항목(09.06월 이후)
6597,201812,0010114,SK증권주식회사,H,배서어음매출(종금계정),0,국내증권사,B,SF205,각주항목(09.06월 이후)
6598,201812,0010114,SK증권주식회사,H1,대출채권매매이익_담보부,0,국내증권사,B,SF205,각주항목(09.06월 이후)
6599,201812,0010114,SK증권주식회사,H2,대출채권매매이익_무담보부,0,국내증권사,B,SF205,각주항목(09.06월 이후)
6600,201903,0010114,SK증권주식회사,A,채무보증,267432500000,국내증권사,B,SF205,각주항목(09.06월 이후)
6601,201903,0010114,SK증권주식회사,A1,채무보증_지급보증,0,국내증권사,B,SF205,각주항목(09.06월 이후)
6602,201903,0010114,SK증권주식회사,A2,채무보증_매입보장약정,0,국내증권사,B,SF205,각주항목(09.06월 이후)
6603,201903,0010114,SK증권주식회사,A3,채무보증_채무인수약정,0,국내증권사,B,SF205,각주항목(09.06월 이후)
6604,201903,0010114,SK증권주식회사,A5,채무보증_매입확약,267432500000,국내증권사,B,SF205,각주항목(09.06월 이후)
6605,201903,0010114,SK증권주식회사,A6,채무보증_기타,0,국내증권사,B,SF205,각주항목(09.06월 이후)
6606,201903,0010114,SK증권주식회사,B,투자자의 예수증권 등,53550125062453,국내증권사,B,SF205,각주항목(09.06월 이후)
6607,201903,0010114,SK증권주식회사,B1,투자자의 예수증권 등_예수 증권,53550125062453,국내증권사,B,SF205,각주항목(09.06월 이후)
6608,201903,0010114,SK증권주식회사,B2,투자자의 예수증권 등_예수양도성예금증서,0,국내증권사,B,SF205,각주항목(09.06월 이후)
6609,201903,0010114,SK증권주식회사,B3,투자자의 예수증권 등_기타,0,국내증권사,B,SF205,각주항목(09.06월 이후)
6610,201903,0010114,SK증권주식회사,C,파생상품계약,6018349964232,국내증권사,B,SF205,각주항목(09.06월 이후)
6611,201903,0010114,SK증권주식회사,C1,파생상품계약_장내파생상품,355440921048,국내증권사,B,SF205,각주항목(09.06월 이후)
6612,201903,0010114,SK증권주식회사,C11,파생상품계약_장내파생상품_이자율관련거래,236434072133,국내증권사,B,SF205,각주항목(09.06월 이후)
6613,201903,0010114,SK증권주식회사,C12,파생상품계약_장내파생상품_통화관련거래,15641284000,국내증권사,B,SF205,각주항목(09.06월 이후)
6614,201903,0010114,SK증권주식회사,C13,파생상품계약_장내파생상품_주식관련거래,101362615623,국내증권사,B,SF205,각주항목(09.06월 이후)
6615,201903,0010114,SK증권주식회사,C14,파생상품계약_장내파생상품_일반상품관련거래,2002949292,국내증권사,B,SF205,각주항목(09.06월 이후)
6616,201903,0010114,SK증권주식회사,C15,파생상품계약_장내파생상품_기타,0,국내증권사,B,SF205,각주항목(09.06월 이후)
6617,201903,0010114,SK증권주식회사,C2,파생상품계약_장외파생상품,5662909043184,국내증권사,B,SF205,각주항목(09.06월 이후)
6618,201903,0010114,SK증권주식회사,C21,파생상품계약_장외파생상품_이자율관련거래,4559140250000,국내증권사,B,SF205,각주항목(09.06월 이후)
6619,201903,0010114,SK증권주식회사,C22,파생상품계약_장외파생상품_통화관련거래,401342397252,국내증권사,B,SF205,각주항목(09.06월 이후)
6620,201903,0010114,SK증권주식회사,C23,파생상품계약_장외파생상품_주식관련거래,191794630000,국내증권사,B,SF205,각주항목(09.06월 이후)
6621,201903,0010114,SK증권주식회사,C24,파생상품계약_장외파생상품_신용관련거래,335038000000,국내증권사,B,SF205,각주항목(09.06월 이후)
6622,201903,0010114,SK증권주식회사,C25,파생상품계약_장외파생상품_기타,175593765932,국내증권사,B,SF205,각주항목(09.06월 이후)
6623,201903,0010114,SK증권주식회사,D,대차 및 대주거래,173410893759,국내증권사,B,SF205,각주항목(09.06월 이후)
6624,201903,0010114,SK증권주식회사,D1,대차 및 대주거래_대여증권,0,국내증권사,B,SF205,각주항목(09.06월 이후)
6625,201903,0010114,SK증권주식회사,D2,대차 및 대주거래_차입증권,173410893759,국내증권사,B,SF205,각주항목(09.06월 이후)
6626,201903,0010114,SK증권주식회사,D3,대차 및 대주거래_신용거래대주,0,국내증권사,B,SF205,각주항목(09.06월 이후)
6627,201903,0010114,SK증권주식회사,E,대손상각채권,0,국내증권사,B,SF205,각주항목(09.06월 이후)
6628,201903,0010114,SK증권주식회사,F,환전업무 예치금,0,국내증권사,B,SF205,각주항목(09.06월 이후)
6629,201903,0010114,SK증권주식회사,G,미배당별도예치금,640547269,국내증권사,B,SF205,각주항목(09.06월 이후)
6630,201903,0010114,SK증권주식회사,H,배서어음매출(종금계정),0,국내증권사,B,SF205,각주항목(09.06월 이후)
6631,201903,0010114,SK증권주식회사,H1,대출채권매매이익_담보부,0,국내증권사,B,SF205,각주항목(09.06월 이후)
6632,201903,0010114,SK증권주식회사,H2,대출채권매매이익_무담보부,0,국내증권사,B,SF205,각주항목(09.06월 이후)
6633,201906,0010114,SK증권주식회사,A,채무보증,201527500000,국내증권사,B,SF205,각주항목(09.06월 이후)
6634,201906,0010114,SK증권주식회사,A1,채무보증_지급보증,0,국내증권사,B,SF205,각주항목(09.06월 이후)
6635,201906,0010114,SK증권주식회사,A2,채무보증_매입보장약정,0,국내증권사,B,SF205,각주항목(09.06월 이후)
6636,201906,0010114,SK증권주식회사,A3,채무보증_채무인수약정,0,국내증권사,B,SF205,각주항목(09.06월 이후)
6637,201906,0010114,SK증권주식회사,A5,채무보증_매입확약,201527500000,국내증권사,B,SF205,각주항목(09.06월 이후)
6638,201906,0010114,SK증권주식회사,A6,채무보증_기타,0,국내증권사,B,SF205,각주항목(09.06월 이후)
6639,201906,0010114,SK증권주식회사,B,투자자의 예수증권 등,50726248890494,국내증권사,B,SF205,각주항목(09.06월 이후)
6640,201906,0010114,SK증권주식회사,B1,투자자의 예수증권 등_예수 증권,50726248890494,국내증권사,B,SF205,각주항목(09.06월 이후)
6641,201906,0010114,SK증권주식회사,B2,투자자의 예수증권 등_예수양도성예금증서,0,국내증권사,B,SF205,각주항목(09.06월 이후)
6642,201906,0010114,SK증권주식회사,B3,투자자의 예수증권 등_기타,0,국내증권사,B,SF205,각주항목(09.06월 이후)
6643,201906,0010114,SK증권주식회사,C,파생상품계약,5664594719309,국내증권사,B,SF205,각주항목(09.06월 이후)
6644,201906,0010114,SK증권주식회사,C1,파생상품계약_장내파생상품,524933187660,국내증권사,B,SF205,각주항목(09.06월 이후)
6645,201906,0010114,SK증권주식회사,C11,파생상품계약_장내파생상품_이자율관련거래,377390571865,국내증권사,B,SF205,각주항목(09.06월 이후)
6646,201906,0010114,SK증권주식회사,C12,파생상품계약_장내파생상품_통화관련거래,18999823500,국내증권사,B,SF205,각주항목(09.06월 이후)
6647,201906,0010114,SK증권주식회사,C13,파생상품계약_장내파생상품_주식관련거래,126464465949,국내증권사,B,SF205,각주항목(09.06월 이후)
6648,201906,0010114,SK증권주식회사,C14,파생상품계약_장내파생상품_일반상품관련거래,2078326346,국내증권사,B,SF205,각주항목(09.06월 이후)
6649,201906,0010114,SK증권주식회사,C15,파생상품계약_장내파생상품_기타,0,국내증권사,B,SF205,각주항목(09.06월 이후)
6650,201906,0010114,SK증권주식회사,C2,파생상품계약_장외파생상품,5139661531649,국내증권사,B,SF205,각주항목(09.06월 이후)
6651,201906,0010114,SK증권주식회사,C21,파생상품계약_장외파생상품_이자율관련거래,4108398250000,국내증권사,B,SF205,각주항목(09.06월 이후)
6652,201906,0010114,SK증권주식회사,C22,파생상품계약_장외파생상품_통화관련거래,316314637717,국내증권사,B,SF205,각주항목(09.06월 이후)
6653,201906,0010114,SK증권주식회사,C23,파생상품계약_장외파생상품_주식관련거래,200789750000,국내증권사,B,SF205,각주항목(09.06월 이후)
6654,201906,0010114,SK증권주식회사,C24,파생상품계약_장외파생상품_신용관련거래,335038000000,국내증권사,B,SF205,각주항목(09.06월 이후)
6655,201906,0010114,SK증권주식회사,C25,파생상품계약_장외파생상품_기타,179120893932,국내증권사,B,SF205,각주항목(09.06월 이후)
6656,201906,0010114,SK증권주식회사,D,대차 및 대주거래,189224241347,국내증권사,B,SF205,각주항목(09.06월 이후)
6657,201906,0010114,SK증권주식회사,D1,대차 및 대주거래_대여증권,0,국내증권사,B,SF205,각주항목(09.06월 이후)
6658,201906,0010114,SK증권주식회사,D2,대차 및 대주거래_차입증권,189224241347,국내증권사,B,SF205,각주항목(09.06월 이후)
6659,201906,0010114,SK증권주식회사,D3,대차 및 대주거래_신용거래대주,0,국내증권사,B,SF205,각주항목(09.06월 이후)
6660,201906,0010114,SK증권주식회사,E,대손상각채권,0,국내증권사,B,SF205,각주항목(09.06월 이후)
6661,201906,0010114,SK증권주식회사,F,환전업무 예치금,0,국내증권사,B,SF205,각주항목(09.06월 이후)
6662,201906,0010114,SK증권주식회사,G,미배당별도예치금,905182024,국내증권사,B,SF205,각주항목(09.06월 이후)
6663,201906,0010114,SK증권주식회사,H,배서어음매출(종금계정),0,국내증권사,B,SF205,각주항목(09.06월 이후)
6664,201906,0010114,SK증권주식회사,H1,대출채권매매이익_담보부,0,국내증권사,B,SF205,각주항목(09.06월 이후)
6665,201906,0010114,SK증권주식회사,H2,대출채권매매이익_무담보부,0,국내증권사,B,SF205,각주항목(09.06월 이후)
6666,201909,0010114,SK증권주식회사,A,채무보증,254620000000,국내증권사,B,SF205,각주항목(09.06월 이후)
6667,201909,0010114,SK증권주식회사,A1,채무보증_지급보증,0,국내증권사,B,SF205,각주항목(09.06월 이후)
6668,201909,0010114,SK증권주식회사,A2,채무보증_매입보장약정,0,국내증권사,B,SF205,각주항목(09.06월 이후)
6669,201909,0010114,SK증권주식회사,A3,채무보증_채무인수약정,0,국내증권사,B,SF205,각주항목(09.06월 이후)
6670,201909,0010114,SK증권주식회사,A5,채무보증_매입확약,254620000000,국내증권사,B,SF205,각주항목(09.06월 이후)
6671,201909,0010114,SK증권주식회사,A6,채무보증_기타,0,국내증권사,B,SF205,각주항목(09.06월 이후)
6672,201909,0010114,SK증권주식회사,B,투자자의 예수증권 등,51972481696321,국내증권사,B,SF205,각주항목(09.06월 이후)
6673,201909,0010114,SK증권주식회사,B1,투자자의 예수증권 등_예수 증권,51972481696321,국내증권사,B,SF205,각주항목(09.06월 이후)
6674,201909,0010114,SK증권주식회사,B2,투자자의 예수증권 등_예수양도성예금증서,0,국내증권사,B,SF205,각주항목(09.06월 이후)
6675,201909,0010114,SK증권주식회사,B3,투자자의 예수증권 등_기타,0,국내증권사,B,SF205,각주항목(09.06월 이후)
6676,201909,0010114,SK증권주식회사,C,파생상품계약,3292491859790,국내증권사,B,SF205,각주항목(09.06월 이후)
6677,201909,0010114,SK증권주식회사,C1,파생상품계약_장내파생상품,587727728395,국내증권사,B,SF205,각주항목(09.06월 이후)
6678,201909,0010114,SK증권주식회사,C11,파생상품계약_장내파생상품_이자율관련거래,442834186373,국내증권사,B,SF205,각주항목(09.06월 이후)
6679,201909,0010114,SK증권주식회사,C12,파생상품계약_장내파생상품_통화관련거래,33341467000,국내증권사,B,SF205,각주항목(09.06월 이후)
6680,201909,0010114,SK증권주식회사,C13,파생상품계약_장내파생상품_주식관련거래,109378377849,국내증권사,B,SF205,각주항목(09.06월 이후)
6681,201909,0010114,SK증권주식회사,C14,파생상품계약_장내파생상품_일반상품관련거래,2173697173,국내증권사,B,SF205,각주항목(09.06월 이후)
6682,201909,0010114,SK증권주식회사,C15,파생상품계약_장내파생상품_기타,0,국내증권사,B,SF205,각주항목(09.06월 이후)
6683,201909,0010114,SK증권주식회사,C2,파생상품계약_장외파생상품,2704764131395,국내증권사,B,SF205,각주항목(09.06월 이후)
6684,201909,0010114,SK증권주식회사,C21,파생상품계약_장외파생상품_이자율관련거래,1596244370000,국내증권사,B,SF205,각주항목(09.06월 이후)
6685,201909,0010114,SK증권주식회사,C22,파생상품계약_장외파생상품_통화관련거래,407106550463,국내증권사,B,SF205,각주항목(09.06월 이후)
6686,201909,0010114,SK증권주식회사,C23,파생상품계약_장외파생상품_주식관련거래,188958180000,국내증권사,B,SF205,각주항목(09.06월 이후)
6687,201909,0010114,SK증권주식회사,C24,파생상품계약_장외파생상품_신용관련거래,335038000000,국내증권사,B,SF205,각주항목(09.06월 이후)
6688,201909,0010114,SK증권주식회사,C25,파생상품계약_장외파생상품_기타,177417030932,국내증권사,B,SF205,각주항목(09.06월 이후)
6689,201909,0010114,SK증권주식회사,D,대차 및 대주거래,180312181140,국내증권사,B,SF205,각주항목(09.06월 이후)
6690,201909,0010114,SK증권주식회사,D1,대차 및 대주거래_대여증권,0,국내증권사,B,SF205,각주항목(09.06월 이후)
6691,201909,0010114,SK증권주식회사,D2,대차 및 대주거래_차입증권,180312181140,국내증권사,B,SF205,각주항목(09.06월 이후)
6692,201909,0010114,SK증권주식회사,D3,대차 및 대주거래_신용거래대주,0,국내증권사,B,SF205,각주항목(09.06월 이후)
6693,201909,0010114,SK증권주식회사,E,대손상각채권,0,국내증권사,B,SF205,각주항목(09.06월 이후)
6694,201909,0010114,SK증권주식회사,F,환전업무 예치금,0,국내증권사,B,SF205,각주항목(09.06월 이후)
6695,201909,0010114,SK증권주식회사,G,미배당별도예치금,1171238188,국내증권사,B,SF205,각주항목(09.06월 이후)
6696,201909,0010114,SK증권주식회사,H,배서어음매출(종금계정),0,국내증권사,B,SF205,각주항목(09.06월 이후)
6697,201909,0010114,SK증권주식회사,H1,대출채권매매이익_담보부,0,국내증권사,B,SF205,각주항목(09.06월 이후)
6698,201909,0010114,SK증권주식회사,H2,대출채권매매이익_무담보부,0,국내증권사,B,SF205,각주항목(09.06월 이후)
6699,201912,0010114,SK증권주식회사,A,채무보증,262820000000,국내증권사,B,SF205,각주항목(09.06월 이후)
6700,201912,0010114,SK증권주식회사,A1,채무보증_지급보증,0,국내증권사,B,SF205,각주항목(09.06월 이후)
6701,201912,0010114,SK증권주식회사,A2,채무보증_매입보장약정,0,국내증권사,B,SF205,각주항목(09.06월 이후)
6702,201912,0010114,SK증권주식회사,A3,채무보증_채무인수약정,0,국내증권사,B,SF205,각주항목(09.06월 이후)
6703,201912,0010114,SK증권주식회사,A5,채무보증_매입확약,262820000000,국내증권사,B,SF205,각주항목(09.06월 이후)
6704,201912,0010114,SK증권주식회사,A6,채무보증_기타,0,국내증권사,B,SF205,각주항목(09.06월 이후)
6705,201912,0010114,SK증권주식회사,B,투자자의 예수증권 등,56535639948160,국내증권사,B,SF205,각주항목(09.06월 이후)
6706,201912,0010114,SK증권주식회사,B1,투자자의 예수증권 등_예수 증권,56535639948160,국내증권사,B,SF205,각주항목(09.06월 이후)
6707,201912,0010114,SK증권주식회사,B2,투자자의 예수증권 등_예수양도성예금증서,0,국내증권사,B,SF205,각주항목(09.06월 이후)
6708,201912,0010114,SK증권주식회사,B3,투자자의 예수증권 등_기타,0,국내증권사,B,SF205,각주항목(09.06월 이후)
6709,201912,0010114,SK증권주식회사,C,파생상품계약,3143245896465,국내증권사,B,SF205,각주항목(09.06월 이후)
6710,201912,0010114,SK증권주식회사,C1,파생상품계약_장내파생상품,595091245577,국내증권사,B,SF205,각주항목(09.06월 이후)
6711,201912,0010114,SK증권주식회사,C11,파생상품계약_장내파생상품_이자율관련거래,388877520950,국내증권사,B,SF205,각주항목(09.06월 이후)
6712,201912,0010114,SK증권주식회사,C12,파생상품계약_장내파생상품_통화관련거래,26484488000,국내증권사,B,SF205,각주항목(09.06월 이후)
6713,201912,0010114,SK증권주식회사,C13,파생상품계약_장내파생상품_주식관련거래,177897202413,국내증권사,B,SF205,각주항목(09.06월 이후)
6714,201912,0010114,SK증권주식회사,C14,파생상품계약_장내파생상품_일반상품관련거래,1832034214,국내증권사,B,SF205,각주항목(09.06월 이후)
6715,201912,0010114,SK증권주식회사,C15,파생상품계약_장내파생상품_기타,0,국내증권사,B,SF205,각주항목(09.06월 이후)
6716,201912,0010114,SK증권주식회사,C2,파생상품계약_장외파생상품,2548154650888,국내증권사,B,SF205,각주항목(09.06월 이후)
6717,201912,0010114,SK증권주식회사,C21,파생상품계약_장외파생상품_이자율관련거래,1555244370000,국내증권사,B,SF205,각주항목(09.06월 이후)
6718,201912,0010114,SK증권주식회사,C22,파생상품계약_장외파생상품_통화관련거래,303367566236,국내증권사,B,SF205,각주항목(09.06월 이후)
6719,201912,0010114,SK증권주식회사,C23,파생상품계약_장외파생상품_주식관련거래,177074000000,국내증권사,B,SF205,각주항목(09.06월 이후)
6720,201912,0010114,SK증권주식회사,C24,파생상품계약_장외파생상품_신용관련거래,335038000000,국내증권사,B,SF205,각주항목(09.06월 이후)
6721,201912,0010114,SK증권주식회사,C25,파생상품계약_장외파생상품_기타,177430714652,국내증권사,B,SF205,각주항목(09.06월 이후)
6722,201912,0010114,SK증권주식회사,D,대차 및 대주거래,182399315017,국내증권사,B,SF205,각주항목(09.06월 이후)
6723,201912,0010114,SK증권주식회사,D1,대차 및 대주거래_대여증권,0,국내증권사,B,SF205,각주항목(09.06월 이후)
6724,201912,0010114,SK증권주식회사,D2,대차 및 대주거래_차입증권,182399315017,국내증권사,B,SF205,각주항목(09.06월 이후)
6725,201912,0010114,SK증권주식회사,D3,대차 및 대주거래_신용거래대주,0,국내증권사,B,SF205,각주항목(09.06월 이후)
6726,201912,0010114,SK증권주식회사,E,대손상각채권,0,국내증권사,B,SF205,각주항목(09.06월 이후)
6727,201912,0010114,SK증권주식회사,F,환전업무 예치금,0,국내증권사,B,SF205,각주항목(09.06월 이후)
6728,201912,0010114,SK증권주식회사,G,미배당별도예치금,1509155442,국내증권사,B,SF205,각주항목(09.06월 이후)
6729,201912,0010114,SK증권주식회사,H,배서어음매출(종금계정),0,국내증권사,B,SF205,각주항목(09.06월 이후)
6730,201912,0010114,SK증권주식회사,H1,대출채권매매이익_담보부,0,국내증권사,B,SF205,각주항목(09.06월 이후)
6731,201912,0010114,SK증권주식회사,H2,대출채권매매이익_무담보부,0,국내증권사,B,SF205,각주항목(09.06월 이후)
6732,202003,0010114,SK증권주식회사,A,채무보증,250520000000,국내증권사,B,SF205,각주항목(09.06월 이후)
6733,202003,0010114,SK증권주식회사,A1,채무보증_지급보증,0,국내증권사,B,SF205,각주항목(09.06월 이후)
6734,202003,0010114,SK증권주식회사,A2,채무보증_매입보장약정,0,국내증권사,B,SF205,각주항목(09.06월 이후)
6735,202003,0010114,SK증권주식회사,A3,채무보증_채무인수약정,0,국내증권사,B,SF205,각주항목(09.06월 이후)
6736,202003,0010114,SK증권주식회사,A5,채무보증_매입확약,250520000000,국내증권사,B,SF205,각주항목(09.06월 이후)
6737,202003,0010114,SK증권주식회사,A6,채무보증_기타,0,국내증권사,B,SF205,각주항목(09.06월 이후)
6738,202003,0010114,SK증권주식회사,B,투자자의 예수증권 등,52756449588753,국내증권사,B,SF205,각주항목(09.06월 이후)
6739,202003,0010114,SK증권주식회사,B1,투자자의 예수증권 등_예수 증권,52756449588753,국내증권사,B,SF205,각주항목(09.06월 이후)
6740,202003,0010114,SK증권주식회사,B2,투자자의 예수증권 등_예수양도성예금증서,0,국내증권사,B,SF205,각주항목(09.06월 이후)
6741,202003,0010114,SK증권주식회사,B3,투자자의 예수증권 등_기타,0,국내증권사,B,SF205,각주항목(09.06월 이후)
6742,202003,0010114,SK증권주식회사,C,파생상품계약,3771008838299,국내증권사,B,SF205,각주항목(09.06월 이후)
6743,202003,0010114,SK증권주식회사,C1,파생상품계약_장내파생상품,796735291804,국내증권사,B,SF205,각주항목(09.06월 이후)
6744,202003,0010114,SK증권주식회사,C11,파생상품계약_장내파생상품_이자율관련거래,418243587580,국내증권사,B,SF205,각주항목(09.06월 이후)
6745,202003,0010114,SK증권주식회사,C12,파생상품계약_장내파생상품_통화관련거래,40234992000,국내증권사,B,SF205,각주항목(09.06월 이후)
6746,202003,0010114,SK증권주식회사,C13,파생상품계약_장내파생상품_주식관련거래,336585073861,국내증권사,B,SF205,각주항목(09.06월 이후)
6747,202003,0010114,SK증권주식회사,C14,파생상품계약_장내파생상품_일반상품관련거래,1671638363,국내증권사,B,SF205,각주항목(09.06월 이후)
6748,202003,0010114,SK증권주식회사,C15,파생상품계약_장내파생상품_기타,0,국내증권사,B,SF205,각주항목(09.06월 이후)
6749,202003,0010114,SK증권주식회사,C2,파생상품계약_장외파생상품,2974273546495,국내증권사,B,SF205,각주항목(09.06월 이후)
6750,202003,0010114,SK증권주식회사,C21,파생상품계약_장외파생상품_이자율관련거래,1823594570000,국내증권사,B,SF205,각주항목(09.06월 이후)
6751,202003,0010114,SK증권주식회사,C22,파생상품계약_장외파생상품_통화관련거래,458237513481,국내증권사,B,SF205,각주항목(09.06월 이후)
6752,202003,0010114,SK증권주식회사,C23,파생상품계약_장외파생상품_주식관련거래,197109080000,국내증권사,B,SF205,각주항목(09.06월 이후)
6753,202003,0010114,SK증권주식회사,C24,파생상품계약_장외파생상품_신용관련거래,335038000000,국내증권사,B,SF205,각주항목(09.06월 이후)
6754,202003,0010114,SK증권주식회사,C25,파생상품계약_장외파생상품_기타,160294383014,국내증권사,B,SF205,각주항목(09.06월 이후)
6755,202003,0010114,SK증권주식회사,D,대차 및 대주거래,236008603700,국내증권사,B,SF205,각주항목(09.06월 이후)
6756,202003,0010114,SK증권주식회사,D1,대차 및 대주거래_대여증권,0,국내증권사,B,SF205,각주항목(09.06월 이후)
6757,202003,0010114,SK증권주식회사,D2,대차 및 대주거래_차입증권,236008603700,국내증권사,B,SF205,각주항목(09.06월 이후)
6758,202003,0010114,SK증권주식회사,D3,대차 및 대주거래_신용거래대주,0,국내증권사,B,SF205,각주항목(09.06월 이후)
6759,202003,0010114,SK증권주식회사,E,대손상각채권,0,국내증권사,B,SF205,각주항목(09.06월 이후)
6760,202003,0010114,SK증권주식회사,F,환전업무 예치금,0,국내증권사,B,SF205,각주항목(09.06월 이후)
6761,202003,0010114,SK증권주식회사,G,미배당별도예치금,582786488,국내증권사,B,SF205,각주항목(09.06월 이후)
6762,202003,0010114,SK증권주식회사,H,배서어음매출(종금계정),0,국내증권사,B,SF205,각주항목(09.06월 이후)
6763,202003,0010114,SK증권주식회사,H1,대출채권매매이익_담보부,0,국내증권사,B,SF205,각주항목(09.06월 이후)
6764,202003,0010114,SK증권주식회사,H2,대출채권매매이익_무담보부,0,국내증권사,B,SF205,각주항목(09.06월 이후)
6765,202006,0010114,SK증권주식회사,A,채무보증,266200000000,국내증권사,B,SF205,각주항목(09.06월 이후)
6766,202006,0010114,SK증권주식회사,A1,채무보증_지급보증,0,국내증권사,B,SF205,각주항목(09.06월 이후)
6767,202006,0010114,SK증권주식회사,A2,채무보증_매입보장약정,0,국내증권사,B,SF205,각주항목(09.06월 이후)
6768,202006,0010114,SK증권주식회사,A3,채무보증_채무인수약정,0,국내증권사,B,SF205,각주항목(09.06월 이후)
6769,202006,0010114,SK증권주식회사,A5,채무보증_매입확약,266200000000,국내증권사,B,SF205,각주항목(09.06월 이후)
6770,202006,0010114,SK증권주식회사,A6,채무보증_기타,0,국내증권사,B,SF205,각주항목(09.06월 이후)
6771,202006,0010114,SK증권주식회사,B,투자자의 예수증권 등,56857271527588,국내증권사,B,SF205,각주항목(09.06월 이후)
6772,202006,0010114,SK증권주식회사,B1,투자자의 예수증권 등_예수 증권,56857271527588,국내증권사,B,SF205,각주항목(09.06월 이후)
6773,202006,0010114,SK증권주식회사,B2,투자자의 예수증권 등_예수양도성예금증서,0,국내증권사,B,SF205,각주항목(09.06월 이후)
6774,202006,0010114,SK증권주식회사,B3,투자자의 예수증권 등_기타,0,국내증권사,B,SF205,각주항목(09.06월 이후)
6775,202006,0010114,SK증권주식회사,C,파생상품계약,3874396269956,국내증권사,B,SF205,각주항목(09.06월 이후)
6776,202006,0010114,SK증권주식회사,C1,파생상품계약_장내파생상품,782971146617,국내증권사,B,SF205,각주항목(09.06월 이후)
6777,202006,0010114,SK증권주식회사,C11,파생상품계약_장내파생상품_이자율관련거래,498979919011,국내증권사,B,SF205,각주항목(09.06월 이후)
6778,202006,0010114,SK증권주식회사,C12,파생상품계약_장내파생상품_통화관련거래,24468891958,국내증권사,B,SF205,각주항목(09.06월 이후)
6779,202006,0010114,SK증권주식회사,C13,파생상품계약_장내파생상품_주식관련거래,255237073887,국내증권사,B,SF205,각주항목(09.06월 이후)
6780,202006,0010114,SK증권주식회사,C14,파생상품계약_장내파생상품_일반상품관련거래,4285261761,국내증권사,B,SF205,각주항목(09.06월 이후)
6781,202006,0010114,SK증권주식회사,C15,파생상품계약_장내파생상품_기타,0,국내증권사,B,SF205,각주항목(09.06월 이후)
6782,202006,0010114,SK증권주식회사,C2,파생상품계약_장외파생상품,3091425123339,국내증권사,B,SF205,각주항목(09.06월 이후)
6783,202006,0010114,SK증권주식회사,C21,파생상품계약_장외파생상품_이자율관련거래,1687544800000,국내증권사,B,SF205,각주항목(09.06월 이후)
6784,202006,0010114,SK증권주식회사,C22,파생상품계약_장외파생상품_통화관련거래,714705243489,국내증권사,B,SF205,각주항목(09.06월 이후)
6785,202006,0010114,SK증권주식회사,C23,파생상품계약_장외파생상품_주식관련거래,217889230000,국내증권사,B,SF205,각주항목(09.06월 이후)
6786,202006,0010114,SK증권주식회사,C24,파생상품계약_장외파생상품_신용관련거래,335038000000,국내증권사,B,SF205,각주항목(09.06월 이후)
6787,202006,0010114,SK증권주식회사,C25,파생상품계약_장외파생상품_기타,136247849850,국내증권사,B,SF205,각주항목(09.06월 이후)
6788,202006,0010114,SK증권주식회사,D,대차 및 대주거래,235663233457,국내증권사,B,SF205,각주항목(09.06월 이후)
6789,202006,0010114,SK증권주식회사,D1,대차 및 대주거래_대여증권,0,국내증권사,B,SF205,각주항목(09.06월 이후)
6790,202006,0010114,SK증권주식회사,D2,대차 및 대주거래_차입증권,235663233457,국내증권사,B,SF205,각주항목(09.06월 이후)
6791,202006,0010114,SK증권주식회사,D3,대차 및 대주거래_신용거래대주,0,국내증권사,B,SF205,각주항목(09.06월 이후)
6792,202006,0010114,SK증권주식회사,E,대손상각채권,0,국내증권사,B,SF205,각주항목(09.06월 이후)
6793,202006,0010114,SK증권주식회사,F,환전업무 예치금,0,국내증권사,B,SF205,각주항목(09.06월 이후)
6794,202006,0010114,SK증권주식회사,G,미배당별도예치금,1203333129,국내증권사,B,SF205,각주항목(09.06월 이후)
6795,202006,0010114,SK증권주식회사,H,배서어음매출(종금계정),0,국내증권사,B,SF205,각주항목(09.06월 이후)
6796,202006,0010114,SK증권주식회사,H1,대출채권매매이익_담보부,0,국내증권사,B,SF205,각주항목(09.06월 이후)
6797,202006,0010114,SK증권주식회사,H2,대출채권매매이익_무담보부,0,국내증권사,B,SF205,각주항목(09.06월 이후)
6798,202009,0010114,SK증권주식회사,A,채무보증,235200000000,국내증권사,B,SF205,각주항목(09.06월 이후)
6799,202009,0010114,SK증권주식회사,A1,채무보증_지급보증,0,국내증권사,B,SF205,각주항목(09.06월 이후)
6800,202009,0010114,SK증권주식회사,A2,채무보증_매입보장약정,0,국내증권사,B,SF205,각주항목(09.06월 이후)
6801,202009,0010114,SK증권주식회사,A3,채무보증_채무인수약정,0,국내증권사,B,SF205,각주항목(09.06월 이후)
6802,202009,0010114,SK증권주식회사,A5,채무보증_매입확약,235200000000,국내증권사,B,SF205,각주항목(09.06월 이후)
6803,202009,0010114,SK증권주식회사,A6,채무보증_기타,0,국내증권사,B,SF205,각주항목(09.06월 이후)
6804,202009,0010114,SK증권주식회사,B,투자자의 예수증권 등,58899645507729,국내증권사,B,SF205,각주항목(09.06월 이후)
6805,202009,0010114,SK증권주식회사,B1,투자자의 예수증권 등_예수 증권,58899645507729,국내증권사,B,SF205,각주항목(09.06월 이후)
6806,202009,0010114,SK증권주식회사,B2,투자자의 예수증권 등_예수양도성예금증서,0,국내증권사,B,SF205,각주항목(09.06월 이후)
6807,202009,0010114,SK증권주식회사,B3,투자자의 예수증권 등_기타,0,국내증권사,B,SF205,각주항목(09.06월 이후)
6808,202009,0010114,SK증권주식회사,C,파생상품계약,5329211149801,국내증권사,B,SF205,각주항목(09.06월 이후)
6809,202009,0010114,SK증권주식회사,C1,파생상품계약_장내파생상품,936642044143,국내증권사,B,SF205,각주항목(09.06월 이후)
6810,202009,0010114,SK증권주식회사,C11,파생상품계약_장내파생상품_이자율관련거래,485752590084,국내증권사,B,SF205,각주항목(09.06월 이후)
6811,202009,0010114,SK증권주식회사,C12,파생상품계약_장내파생상품_통화관련거래,5068583000,국내증권사,B,SF205,각주항목(09.06월 이후)
6812,202009,0010114,SK증권주식회사,C13,파생상품계약_장내파생상품_주식관련거래,440275892319,국내증권사,B,SF205,각주항목(09.06월 이후)
6813,202009,0010114,SK증권주식회사,C14,파생상품계약_장내파생상품_일반상품관련거래,5544978740,국내증권사,B,SF205,각주항목(09.06월 이후)
6814,202009,0010114,SK증권주식회사,C15,파생상품계약_장내파생상품_기타,0,국내증권사,B,SF205,각주항목(09.06월 이후)
6815,202009,0010114,SK증권주식회사,C2,파생상품계약_장외파생상품,4392569105658,국내증권사,B,SF205,각주항목(09.06월 이후)
6816,202009,0010114,SK증권주식회사,C21,파생상품계약_장외파생상품_이자율관련거래,2861203200000,국내증권사,B,SF205,각주항목(09.06월 이후)
6817,202009,0010114,SK증권주식회사,C22,파생상품계약_장외파생상품_통화관련거래,787281392781,국내증권사,B,SF205,각주항목(09.06월 이후)
6818,202009,0010114,SK증권주식회사,C23,파생상품계약_장외파생상품_주식관련거래,243820010000,국내증권사,B,SF205,각주항목(09.06월 이후)
6819,202009,0010114,SK증권주식회사,C24,파생상품계약_장외파생상품_신용관련거래,335038000000,국내증권사,B,SF205,각주항목(09.06월 이후)
6820,202009,0010114,SK증권주식회사,C25,파생상품계약_장외파생상품_기타,165226502877,국내증권사,B,SF205,각주항목(09.06월 이후)
6821,202009,0010114,SK증권주식회사,D,대차 및 대주거래,152943970497,국내증권사,B,SF205,각주항목(09.06월 이후)
6822,202009,0010114,SK증권주식회사,D1,대차 및 대주거래_대여증권,0,국내증권사,B,SF205,각주항목(09.06월 이후)
6823,202009,0010114,SK증권주식회사,D2,대차 및 대주거래_차입증권,152943970497,국내증권사,B,SF205,각주항목(09.06월 이후)
6824,202009,0010114,SK증권주식회사,D3,대차 및 대주거래_신용거래대주,0,국내증권사,B,SF205,각주항목(09.06월 이후)
6825,202009,0010114,SK증권주식회사,E,대손상각채권,0,국내증권사,B,SF205,각주항목(09.06월 이후)
6826,202009,0010114,SK증권주식회사,F,환전업무 예치금,0,국내증권사,B,SF205,각주항목(09.06월 이후)
6827,202009,0010114,SK증권주식회사,G,미배당별도예치금,1830923856,국내증권사,B,SF205,각주항목(09.06월 이후)
6828,202009,0010114,SK증권주식회사,H,배서어음매출(종금계정),0,국내증권사,B,SF205,각주항목(09.06월 이후)
6829,202009,0010114,SK증권주식회사,H1,대출채권매매이익_담보부,0,국내증권사,B,SF205,각주항목(09.06월 이후)
6830,202009,0010114,SK증권주식회사,H2,대출채권매매이익_무담보부,0,국내증권사,B,SF205,각주항목(09.06월 이후)
6831,202012,0010114,SK증권주식회사,A,채무보증,247000000000,국내증권사,B,SF205,각주항목(09.06월 이후)
6832,202012,0010114,SK증권주식회사,A1,채무보증_지급보증,0,국내증권사,B,SF205,각주항목(09.06월 이후)
6833,202012,0010114,SK증권주식회사,A2,채무보증_매입보장약정,0,국내증권사,B,SF205,각주항목(09.06월 이후)
6834,202012,0010114,SK증권주식회사,A3,채무보증_채무인수약정,0,국내증권사,B,SF205,각주항목(09.06월 이후)
6835,202012,0010114,SK증권주식회사,A5,채무보증_매입확약,247000000000,국내증권사,B,SF205,각주항목(09.06월 이후)
6836,202012,0010114,SK증권주식회사,A6,채무보증_기타,0,국내증권사,B,SF205,각주항목(09.06월 이후)
6837,202012,0010114,SK증권주식회사,B,투자자의 예수증권 등,69525584383934,국내증권사,B,SF205,각주항목(09.06월 이후)
6838,202012,0010114,SK증권주식회사,B1,투자자의 예수증권 등_예수 증권,69525584383934,국내증권사,B,SF205,각주항목(09.06월 이후)
6839,202012,0010114,SK증권주식회사,B2,투자자의 예수증권 등_예수양도성예금증서,0,국내증권사,B,SF205,각주항목(09.06월 이후)
6840,202012,0010114,SK증권주식회사,B3,투자자의 예수증권 등_기타,0,국내증권사,B,SF205,각주항목(09.06월 이후)
6841,202012,0010114,SK증권주식회사,C,파생상품계약,5654881857357,국내증권사,B,SF205,각주항목(09.06월 이후)
6842,202012,0010114,SK증권주식회사,C1,파생상품계약_장내파생상품,880408535369,국내증권사,B,SF205,각주항목(09.06월 이후)
6843,202012,0010114,SK증권주식회사,C11,파생상품계약_장내파생상품_이자율관련거래,443348590194,국내증권사,B,SF205,각주항목(09.06월 이후)
6844,202012,0010114,SK증권주식회사,C12,파생상품계약_장내파생상품_통화관련거래,6214917000,국내증권사,B,SF205,각주항목(09.06월 이후)
6845,202012,0010114,SK증권주식회사,C13,파생상품계약_장내파생상품_주식관련거래,424980591168,국내증권사,B,SF205,각주항목(09.06월 이후)
6846,202012,0010114,SK증권주식회사,C14,파생상품계약_장내파생상품_일반상품관련거래,5864437007,국내증권사,B,SF205,각주항목(09.06월 이후)
6847,202012,0010114,SK증권주식회사,C15,파생상품계약_장내파생상품_기타,0,국내증권사,B,SF205,각주항목(09.06월 이후)
6848,202012,0010114,SK증권주식회사,C2,파생상품계약_장외파생상품,4774473321988,국내증권사,B,SF205,각주항목(09.06월 이후)
6849,202012,0010114,SK증권주식회사,C21,파생상품계약_장외파생상품_이자율관련거래,2736203200000,국내증권사,B,SF205,각주항목(09.06월 이후)
6850,202012,0010114,SK증권주식회사,C22,파생상품계약_장외파생상품_통화관련거래,1475014919834,국내증권사,B,SF205,각주항목(09.06월 이후)
6851,202012,0010114,SK증권주식회사,C23,파생상품계약_장외파생상품_주식관련거래,97094110000,국내증권사,B,SF205,각주항목(09.06월 이후)
6852,202012,0010114,SK증권주식회사,C24,파생상품계약_장외파생상품_신용관련거래,335038000000,국내증권사,B,SF205,각주항목(09.06월 이후)
6853,202012,0010114,SK증권주식회사,C25,파생상품계약_장외파생상품_기타,131123092154,국내증권사,B,SF205,각주항목(09.06월 이후)
6854,202012,0010114,SK증권주식회사,D,대차 및 대주거래,199998105208,국내증권사,B,SF205,각주항목(09.06월 이후)
6855,202012,0010114,SK증권주식회사,D1,대차 및 대주거래_대여증권,0,국내증권사,B,SF205,각주항목(09.06월 이후)
6856,202012,0010114,SK증권주식회사,D2,대차 및 대주거래_차입증권,199998105208,국내증권사,B,SF205,각주항목(09.06월 이후)
6857,202012,0010114,SK증권주식회사,D3,대차 및 대주거래_신용거래대주,0,국내증권사,B,SF205,각주항목(09.06월 이후)
6858,202012,0010114,SK증권주식회사,E,대손상각채권,0,국내증권사,B,SF205,각주항목(09.06월 이후)
6859,202012,0010114,SK증권주식회사,F,환전업무 예치금,0,국내증권사,B,SF205,각주항목(09.06월 이후)
6860,202012,0010114,SK증권주식회사,G,미배당별도예치금,2362743981,국내증권사,B,SF205,각주항목(09.06월 이후)
6861,202012,0010114,SK증권주식회사,H,배서어음매출(종금계정),0,국내증권사,B,SF205,각주항목(09.06월 이후)
6862,202012,0010114,SK증권주식회사,H1,대출채권매매이익_담보부,0,국내증권사,B,SF205,각주항목(09.06월 이후)
6863,202012,0010114,SK증권주식회사,H2,대출채권매매이익_무담보부,0,국내증권사,B,SF205,각주항목(09.06월 이후)
6864,202103,0010114,SK증권주식회사,A,채무보증,198100000000,국내증권사,B,SF205,각주항목(09.06월 이후)
6865,202103,0010114,SK증권주식회사,A1,채무보증_지급보증,0,국내증권사,B,SF205,각주항목(09.06월 이후)
6866,202103,0010114,SK증권주식회사,A2,채무보증_매입보장약정,0,국내증권사,B,SF205,각주항목(09.06월 이후)
6867,202103,0010114,SK증권주식회사,A3,채무보증_채무인수약정,0,국내증권사,B,SF205,각주항목(09.06월 이후)
6868,202103,0010114,SK증권주식회사,A5,채무보증_매입확약,198100000000,국내증권사,B,SF205,각주항목(09.06월 이후)
6869,202103,0010114,SK증권주식회사,A6,채무보증_기타,0,국내증권사,B,SF205,각주항목(09.06월 이후)
6870,202103,0010114,SK증권주식회사,B,투자자의 예수증권 등,75615739878781,국내증권사,B,SF205,각주항목(09.06월 이후)
6871,202103,0010114,SK증권주식회사,B1,투자자의 예수증권 등_예수 증권,75615739878781,국내증권사,B,SF205,각주항목(09.06월 이후)
6872,202103,0010114,SK증권주식회사,B2,투자자의 예수증권 등_예수양도성예금증서,0,국내증권사,B,SF205,각주항목(09.06월 이후)
6873,202103,0010114,SK증권주식회사,B3,투자자의 예수증권 등_기타,0,국내증권사,B,SF205,각주항목(09.06월 이후)
6874,202103,0010114,SK증권주식회사,C,파생상품계약,4063059958815,국내증권사,B,SF205,각주항목(09.06월 이후)
6875,202103,0010114,SK증권주식회사,C1,파생상품계약_장내파생상품,917816549137,국내증권사,B,SF205,각주항목(09.06월 이후)
6876,202103,0010114,SK증권주식회사,C11,파생상품계약_장내파생상품_이자율관련거래,708004202710,국내증권사,B,SF205,각주항목(09.06월 이후)
6877,202103,0010114,SK증권주식회사,C12,파생상품계약_장내파생상품_통화관련거래,7751438058,국내증권사,B,SF205,각주항목(09.06월 이후)
6878,202103,0010114,SK증권주식회사,C13,파생상품계약_장내파생상품_주식관련거래,194303527450,국내증권사,B,SF205,각주항목(09.06월 이후)
6879,202103,0010114,SK증권주식회사,C14,파생상품계약_장내파생상품_일반상품관련거래,7757380919,국내증권사,B,SF205,각주항목(09.06월 이후)
6880,202103,0010114,SK증권주식회사,C15,파생상품계약_장내파생상품_기타,0,국내증권사,B,SF205,각주항목(09.06월 이후)
6881,202103,0010114,SK증권주식회사,C2,파생상품계약_장외파생상품,3145243409678,국내증권사,B,SF205,각주항목(09.06월 이후)
6882,202103,0010114,SK증권주식회사,C21,파생상품계약_장외파생상품_이자율관련거래,1606544200000,국내증권사,B,SF205,각주항목(09.06월 이후)
6883,202103,0010114,SK증권주식회사,C22,파생상품계약_장외파생상품_통화관련거래,1054001598380,국내증권사,B,SF205,각주항목(09.06월 이후)
6884,202103,0010114,SK증권주식회사,C23,파생상품계약_장외파생상품_주식관련거래,5996000000,국내증권사,B,SF205,각주항목(09.06월 이후)
6885,202103,0010114,SK증권주식회사,C24,파생상품계약_장외파생상품_신용관련거래,335038000000,국내증권사,B,SF205,각주항목(09.06월 이후)
6886,202103,0010114,SK증권주식회사,C25,파생상품계약_장외파생상품_기타,143663611298,국내증권사,B,SF205,각주항목(09.06월 이후)
6887,202103,0010114,SK증권주식회사,D,대차 및 대주거래,289132348777,국내증권사,B,SF205,각주항목(09.06월 이후)
6888,202103,0010114,SK증권주식회사,D1,대차 및 대주거래_대여증권,0,국내증권사,B,SF205,각주항목(09.06월 이후)
6889,202103,0010114,SK증권주식회사,D2,대차 및 대주거래_차입증권,289132348777,국내증권사,B,SF205,각주항목(09.06월 이후)
6890,202103,0010114,SK증권주식회사,D3,대차 및 대주거래_신용거래대주,0,국내증권사,B,SF205,각주항목(09.06월 이후)
6891,202103,0010114,SK증권주식회사,E,대손상각채권,0,국내증권사,B,SF205,각주항목(09.06월 이후)
6892,202103,0010114,SK증권주식회사,F,환전업무 예치금,0,국내증권사,B,SF205,각주항목(09.06월 이후)
6893,202103,0010114,SK증권주식회사,G,미배당별도예치금,739390711,국내증권사,B,SF205,각주항목(09.06월 이후)
6894,202103,0010114,SK증권주식회사,H,배서어음매출(종금계정),0,국내증권사,B,SF205,각주항목(09.06월 이후)
6895,202103,0010114,SK증권주식회사,H1,대출채권매매이익_담보부,0,국내증권사,B,SF205,각주항목(09.06월 이후)
6896,202103,0010114,SK증권주식회사,H2,대출채권매매이익_무담보부,0,국내증권사,B,SF205,각주항목(09.06월 이후)
6897,202106,0010114,SK증권주식회사,A,채무보증,205600000000,국내증권사,B,SF205,각주항목(09.06월 이후)
6898,202106,0010114,SK증권주식회사,A1,채무보증_지급보증,0,국내증권사,B,SF205,각주항목(09.06월 이후)
6899,202106,0010114,SK증권주식회사,A2,채무보증_매입보장약정,0,국내증권사,B,SF205,각주항목(09.06월 이후)
6900,202106,0010114,SK증권주식회사,A3,채무보증_채무인수약정,0,국내증권사,B,SF205,각주항목(09.06월 이후)
6901,202106,0010114,SK증권주식회사,A5,채무보증_매입확약,205600000000,국내증권사,B,SF205,각주항목(09.06월 이후)
6902,202106,0010114,SK증권주식회사,A6,채무보증_기타,0,국내증권사,B,SF205,각주항목(09.06월 이후)
6903,202106,0010114,SK증권주식회사,B,투자자의 예수증권 등,78109898321465,국내증권사,B,SF205,각주항목(09.06월 이후)
6904,202106,0010114,SK증권주식회사,B1,투자자의 예수증권 등_예수 증권,78109898321465,국내증권사,B,SF205,각주항목(09.06월 이후)
6905,202106,0010114,SK증권주식회사,B2,투자자의 예수증권 등_예수양도성예금증서,0,국내증권사,B,SF205,각주항목(09.06월 이후)
6906,202106,0010114,SK증권주식회사,B3,투자자의 예수증권 등_기타,0,국내증권사,B,SF205,각주항목(09.06월 이후)
6907,202106,0010114,SK증권주식회사,C,파생상품계약,4536860838803,국내증권사,B,SF205,각주항목(09.06월 이후)
6908,202106,0010114,SK증권주식회사,C1,파생상품계약_장내파생상품,1275764643941,국내증권사,B,SF205,각주항목(09.06월 이후)
6909,202106,0010114,SK증권주식회사,C11,파생상품계약_장내파생상품_이자율관련거래,633878476087,국내증권사,B,SF205,각주항목(09.06월 이후)
6910,202106,0010114,SK증권주식회사,C12,파생상품계약_장내파생상품_통화관련거래,7725046000,국내증권사,B,SF205,각주항목(09.06월 이후)
6911,202106,0010114,SK증권주식회사,C13,파생상품계약_장내파생상품_주식관련거래,623207443717,국내증권사,B,SF205,각주항목(09.06월 이후)
6912,202106,0010114,SK증권주식회사,C14,파생상품계약_장내파생상품_일반상품관련거래,10953678137,국내증권사,B,SF205,각주항목(09.06월 이후)
6913,202106,0010114,SK증권주식회사,C15,파생상품계약_장내파생상품_기타,0,국내증권사,B,SF205,각주항목(09.06월 이후)
6914,202106,0010114,SK증권주식회사,C2,파생상품계약_장외파생상품,3261096194862,국내증권사,B,SF205,각주항목(09.06월 이후)
6915,202106,0010114,SK증권주식회사,C21,파생상품계약_장외파생상품_이자율관련거래,1442657700000,국내증권사,B,SF205,각주항목(09.06월 이후)
6916,202106,0010114,SK증권주식회사,C22,파생상품계약_장외파생상품_통화관련거래,1312627981888,국내증권사,B,SF205,각주항목(09.06월 이후)
6917,202106,0010114,SK증권주식회사,C23,파생상품계약_장외파생상품_주식관련거래,42135000000,국내증권사,B,SF205,각주항목(09.06월 이후)
6918,202106,0010114,SK증권주식회사,C24,파생상품계약_장외파생상품_신용관련거래,335038000000,국내증권사,B,SF205,각주항목(09.06월 이후)
6919,202106,0010114,SK증권주식회사,C25,파생상품계약_장외파생상품_기타,128637512974,국내증권사,B,SF205,각주항목(09.06월 이후)
6920,202106,0010114,SK증권주식회사,D,대차 및 대주거래,302049866463,국내증권사,B,SF205,각주항목(09.06월 이후)
6921,202106,0010114,SK증권주식회사,D1,대차 및 대주거래_대여증권,0,국내증권사,B,SF205,각주항목(09.06월 이후)
6922,202106,0010114,SK증권주식회사,D2,대차 및 대주거래_차입증권,302049866463,국내증권사,B,SF205,각주항목(09.06월 이후)
6923,202106,0010114,SK증권주식회사,D3,대차 및 대주거래_신용거래대주,0,국내증권사,B,SF205,각주항목(09.06월 이후)
6924,202106,0010114,SK증권주식회사,E,대손상각채권,0,국내증권사,B,SF205,각주항목(09.06월 이후)
6925,202106,0010114,SK증권주식회사,F,환전업무 예치금,0,국내증권사,B,SF205,각주항목(09.06월 이후)
6926,202106,0010114,SK증권주식회사,G,미배당별도예치금,1197835944,국내증권사,B,SF205,각주항목(09.06월 이후)
6927,202106,0010114,SK증권주식회사,H,배서어음매출(종금계정),0,국내증권사,B,SF205,각주항목(09.06월 이후)
6928,202106,0010114,SK증권주식회사,H1,대출채권매매이익_담보부,0,국내증권사,B,SF205,각주항목(09.06월 이후)
6929,202106,0010114,SK증권주식회사,H2,대출채권매매이익_무담보부,0,국내증권사,B,SF205,각주항목(09.06월 이후)
6930,202109,0010114,SK증권주식회사,A,채무보증,262000000000,국내증권사,B,SF205,각주항목(09.06월 이후)
6931,202109,0010114,SK증권주식회사,A1,채무보증_지급보증,0,국내증권사,B,SF205,각주항목(09.06월 이후)
6932,202109,0010114,SK증권주식회사,A2,채무보증_매입보장약정,0,국내증권사,B,SF205,각주항목(09.06월 이후)
6933,202109,0010114,SK증권주식회사,A3,채무보증_채무인수약정,0,국내증권사,B,SF205,각주항목(09.06월 이후)
6934,202109,0010114,SK증권주식회사,A5,채무보증_매입확약,262000000000,국내증권사,B,SF205,각주항목(09.06월 이후)
6935,202109,0010114,SK증권주식회사,A6,채무보증_기타,0,국내증권사,B,SF205,각주항목(09.06월 이후)
6936,202109,0010114,SK증권주식회사,B,투자자의 예수증권 등,72652073804753,국내증권사,B,SF205,각주항목(09.06월 이후)
6937,202109,0010114,SK증권주식회사,B1,투자자의 예수증권 등_예수 증권,72652073804753,국내증권사,B,SF205,각주항목(09.06월 이후)
6938,202109,0010114,SK증권주식회사,B2,투자자의 예수증권 등_예수양도성예금증서,0,국내증권사,B,SF205,각주항목(09.06월 이후)
6939,202109,0010114,SK증권주식회사,B3,투자자의 예수증권 등_기타,0,국내증권사,B,SF205,각주항목(09.06월 이후)
6940,202109,0010114,SK증권주식회사,C,파생상품계약,3902600128562,국내증권사,B,SF205,각주항목(09.06월 이후)
6941,202109,0010114,SK증권주식회사,C1,파생상품계약_장내파생상품,1259558137340,국내증권사,B,SF205,각주항목(09.06월 이후)
6942,202109,0010114,SK증권주식회사,C11,파생상품계약_장내파생상품_이자율관련거래,630269602657,국내증권사,B,SF205,각주항목(09.06월 이후)
6943,202109,0010114,SK증권주식회사,C12,파생상품계약_장내파생상품_통화관련거래,10280152655,국내증권사,B,SF205,각주항목(09.06월 이후)
6944,202109,0010114,SK증권주식회사,C13,파생상품계약_장내파생상품_주식관련거래,617665109108,국내증권사,B,SF205,각주항목(09.06월 이후)
6945,202109,0010114,SK증권주식회사,C14,파생상품계약_장내파생상품_일반상품관련거래,1343272920,국내증권사,B,SF205,각주항목(09.06월 이후)
6946,202109,0010114,SK증권주식회사,C15,파생상품계약_장내파생상품_기타,0,국내증권사,B,SF205,각주항목(09.06월 이후)
6947,202109,0010114,SK증권주식회사,C2,파생상품계약_장외파생상품,2643041991222,국내증권사,B,SF205,각주항목(09.06월 이후)
6948,202109,0010114,SK증권주식회사,C21,파생상품계약_장외파생상품_이자율관련거래,857042200000,국내증권사,B,SF205,각주항목(09.06월 이후)
6949,202109,0010114,SK증권주식회사,C22,파생상품계약_장외파생상품_통화관련거래,1302723752658,국내증권사,B,SF205,각주항목(09.06월 이후)
6950,202109,0010114,SK증권주식회사,C23,파생상품계약_장외파생상품_주식관련거래,21476550000,국내증권사,B,SF205,각주항목(09.06월 이후)
6951,202109,0010114,SK증권주식회사,C24,파생상품계약_장외파생상품_신용관련거래,335038000000,국내증권사,B,SF205,각주항목(09.06월 이후)
6952,202109,0010114,SK증권주식회사,C25,파생상품계약_장외파생상품_기타,126761488564,국내증권사,B,SF205,각주항목(09.06월 이후)
6953,202109,0010114,SK증권주식회사,D,대차 및 대주거래,294420489540,국내증권사,B,SF205,각주항목(09.06월 이후)
6954,202109,0010114,SK증권주식회사,D1,대차 및 대주거래_대여증권,0,국내증권사,B,SF205,각주항목(09.06월 이후)
6955,202109,0010114,SK증권주식회사,D2,대차 및 대주거래_차입증권,294420489540,국내증권사,B,SF205,각주항목(09.06월 이후)
6956,202109,0010114,SK증권주식회사,D3,대차 및 대주거래_신용거래대주,0,국내증권사,B,SF205,각주항목(09.06월 이후)
6957,202109,0010114,SK증권주식회사,E,대손상각채권,0,국내증권사,B,SF205,각주항목(09.06월 이후)
6958,202109,0010114,SK증권주식회사,F,환전업무 예치금,0,국내증권사,B,SF205,각주항목(09.06월 이후)
6959,202109,0010114,SK증권주식회사,G,미배당별도예치금,1638623325,국내증권사,B,SF205,각주항목(09.06월 이후)
6960,202109,0010114,SK증권주식회사,H,배서어음매출(종금계정),0,국내증권사,B,SF205,각주항목(09.06월 이후)
6961,202109,0010114,SK증권주식회사,H1,대출채권매매이익_담보부,0,국내증권사,B,SF205,각주항목(09.06월 이후)
6962,202109,0010114,SK증권주식회사,H2,대출채권매매이익_무담보부,0,국내증권사,B,SF205,각주항목(09.06월 이후)
6963,202112,0010114,SK증권주식회사,A,채무보증,342700000000,국내증권사,B,SF205,각주항목(09.06월 이후)
6964,202112,0010114,SK증권주식회사,A1,채무보증_지급보증,0,국내증권사,B,SF205,각주항목(09.06월 이후)
6965,202112,0010114,SK증권주식회사,A2,채무보증_매입보장약정,0,국내증권사,B,SF205,각주항목(09.06월 이후)
6966,202112,0010114,SK증권주식회사,A3,채무보증_채무인수약정,0,국내증권사,B,SF205,각주항목(09.06월 이후)
6967,202112,0010114,SK증권주식회사,A5,채무보증_매입확약,342700000000,국내증권사,B,SF205,각주항목(09.06월 이후)
6968,202112,0010114,SK증권주식회사,A6,채무보증_기타,0,국내증권사,B,SF205,각주항목(09.06월 이후)
6969,202112,0010114,SK증권주식회사,B,투자자의 예수증권 등,73387423999000,국내증권사,B,SF205,각주항목(09.06월 이후)
6970,202112,0010114,SK증권주식회사,B1,투자자의 예수증권 등_예수 증권,73387423999000,국내증권사,B,SF205,각주항목(09.06월 이후)
6971,202112,0010114,SK증권주식회사,B2,투자자의 예수증권 등_예수양도성예금증서,0,국내증권사,B,SF205,각주항목(09.06월 이후)
6972,202112,0010114,SK증권주식회사,B3,투자자의 예수증권 등_기타,0,국내증권사,B,SF205,각주항목(09.06월 이후)
6973,202112,0010114,SK증권주식회사,C,파생상품계약,4837557309186,국내증권사,B,SF205,각주항목(09.06월 이후)
6974,202112,0010114,SK증권주식회사,C1,파생상품계약_장내파생상품,830465923738,국내증권사,B,SF205,각주항목(09.06월 이후)
6975,202112,0010114,SK증권주식회사,C11,파생상품계약_장내파생상품_이자율관련거래,374676945374,국내증권사,B,SF205,각주항목(09.06월 이후)
6976,202112,0010114,SK증권주식회사,C12,파생상품계약_장내파생상품_통화관련거래,9106208000,국내증권사,B,SF205,각주항목(09.06월 이후)
6977,202112,0010114,SK증권주식회사,C13,파생상품계약_장내파생상품_주식관련거래,415343092806,국내증권사,B,SF205,각주항목(09.06월 이후)
6978,202112,0010114,SK증권주식회사,C14,파생상품계약_장내파생상품_일반상품관련거래,31339677558,국내증권사,B,SF205,각주항목(09.06월 이후)
6979,202112,0010114,SK증권주식회사,C15,파생상품계약_장내파생상품_기타,0,국내증권사,B,SF205,각주항목(09.06월 이후)
6980,202112,0010114,SK증권주식회사,C2,파생상품계약_장외파생상품,4007091385448,국내증권사,B,SF205,각주항목(09.06월 이후)
6981,202112,0010114,SK증권주식회사,C21,파생상품계약_장외파생상품_이자율관련거래,2229551400000,국내증권사,B,SF205,각주항목(09.06월 이후)
6982,202112,0010114,SK증권주식회사,C22,파생상품계약_장외파생상품_통화관련거래,1222970632663,국내증권사,B,SF205,각주항목(09.06월 이후)
6983,202112,0010114,SK증권주식회사,C23,파생상품계약_장외파생상품_주식관련거래,1476550000,국내증권사,B,SF205,각주항목(09.06월 이후)
6984,202112,0010114,SK증권주식회사,C24,파생상품계약_장외파생상품_신용관련거래,335038000000,국내증권사,B,SF205,각주항목(09.06월 이후)
6985,202112,0010114,SK증권주식회사,C25,파생상품계약_장외파생상품_기타,218054802785,국내증권사,B,SF205,각주항목(09.06월 이후)
6986,202112,0010114,SK증권주식회사,D,대차 및 대주거래,560414782889,국내증권사,B,SF205,각주항목(09.06월 이후)
6987,202112,0010114,SK증권주식회사,D1,대차 및 대주거래_대여증권,0,국내증권사,B,SF205,각주항목(09.06월 이후)
6988,202112,0010114,SK증권주식회사,D2,대차 및 대주거래_차입증권,560414782889,국내증권사,B,SF205,각주항목(09.06월 이후)
6989,202112,0010114,SK증권주식회사,D3,대차 및 대주거래_신용거래대주,0,국내증권사,B,SF205,각주항목(09.06월 이후)
6990,202112,0010114,SK증권주식회사,E,대손상각채권,0,국내증권사,B,SF205,각주항목(09.06월 이후)
6991,202112,0010114,SK증권주식회사,F,환전업무 예치금,0,국내증권사,B,SF205,각주항목(09.06월 이후)
6992,202112,0010114,SK증권주식회사,G,미배당별도예치금,2005009329,국내증권사,B,SF205,각주항목(09.06월 이후)
6993,202112,0010114,SK증권주식회사,H,배서어음매출(종금계정),0,국내증권사,B,SF205,각주항목(09.06월 이후)
6994,202112,0010114,SK증권주식회사,H1,대출채권매매이익_담보부,0,국내증권사,B,SF205,각주항목(09.06월 이후)
6995,202112,0010114,SK증권주식회사,H2,대출채권매매이익_무담보부,0,국내증권사,B,SF205,각주항목(09.06월 이후)
6996,202203,0010114,SK증권주식회사,A,채무보증,363400000000,국내증권사,B,SF205,각주항목(09.06월 이후)
6997,202203,0010114,SK증권주식회사,A1,채무보증_지급보증,0,국내증권사,B,SF205,각주항목(09.06월 이후)
6998,202203,0010114,SK증권주식회사,A2,채무보증_매입보장약정,0,국내증권사,B,SF205,각주항목(09.06월 이후)
6999,202203,0010114,SK증권주식회사,A3,채무보증_채무인수약정,0,국내증권사,B,SF205,각주항목(09.06월 이후)
7000,202203,0010114,SK증권주식회사,A5,채무보증_매입확약,363400000000,국내증권사,B,SF205,각주항목(09.06월 이후)
7001,202203,0010114,SK증권주식회사,A6,채무보증_기타,0,국내증권사,B,SF205,각주항목(09.06월 이후)
7002,202203,0010114,SK증권주식회사,B,투자자의 예수증권 등,73411010991256,국내증권사,B,SF205,각주항목(09.06월 이후)
7003,202203,0010114,SK증권주식회사,B1,투자자의 예수증권 등_예수 증권,73411010991256,국내증권사,B,SF205,각주항목(09.06월 이후)
7004,202203,0010114,SK증권주식회사,B2,투자자의 예수증권 등_예수양도성예금증서,0,국내증권사,B,SF205,각주항목(09.06월 이후)
7005,202203,0010114,SK증권주식회사,B3,투자자의 예수증권 등_기타,0,국내증권사,B,SF205,각주항목(09.06월 이후)
7006,202203,0010114,SK증권주식회사,C,파생상품계약,6706672519389,국내증권사,B,SF205,각주항목(09.06월 이후)
7007,202203,0010114,SK증권주식회사,C1,파생상품계약_장내파생상품,1040815357608,국내증권사,B,SF205,각주항목(09.06월 이후)
7008,202203,0010114,SK증권주식회사,C11,파생상품계약_장내파생상품_이자율관련거래,318871793603,국내증권사,B,SF205,각주항목(09.06월 이후)
7009,202203,0010114,SK증권주식회사,C12,파생상품계약_장내파생상품_통화관련거래,21191377467,국내증권사,B,SF205,각주항목(09.06월 이후)
7010,202203,0010114,SK증권주식회사,C13,파생상품계약_장내파생상품_주식관련거래,673746444256,국내증권사,B,SF205,각주항목(09.06월 이후)
7011,202203,0010114,SK증권주식회사,C14,파생상품계약_장내파생상품_일반상품관련거래,27005742282,국내증권사,B,SF205,각주항목(09.06월 이후)
7012,202203,0010114,SK증권주식회사,C15,파생상품계약_장내파생상품_기타,0,국내증권사,B,SF205,각주항목(09.06월 이후)
7013,202203,0010114,SK증권주식회사,C2,파생상품계약_장외파생상품,5665857161781,국내증권사,B,SF205,각주항목(09.06월 이후)
7014,202203,0010114,SK증권주식회사,C21,파생상품계약_장외파생상품_이자율관련거래,3796534400000,국내증권사,B,SF205,각주항목(09.06월 이후)
7015,202203,0010114,SK증권주식회사,C22,파생상품계약_장외파생상품_통화관련거래,1307909462485,국내증권사,B,SF205,각주항목(09.06월 이후)
7016,202203,0010114,SK증권주식회사,C23,파생상품계약_장외파생상품_주식관련거래,1476550000,국내증권사,B,SF205,각주항목(09.06월 이후)
7017,202203,0010114,SK증권주식회사,C24,파생상품계약_장외파생상품_신용관련거래,335038000000,국내증권사,B,SF205,각주항목(09.06월 이후)
7018,202203,0010114,SK증권주식회사,C25,파생상품계약_장외파생상품_기타,224898749296,국내증권사,B,SF205,각주항목(09.06월 이후)
7019,202203,0010114,SK증권주식회사,D,대차 및 대주거래,364414538770,국내증권사,B,SF205,각주항목(09.06월 이후)
7020,202203,0010114,SK증권주식회사,D1,대차 및 대주거래_대여증권,0,국내증권사,B,SF205,각주항목(09.06월 이후)
7021,202203,0010114,SK증권주식회사,D2,대차 및 대주거래_차입증권,364414538770,국내증권사,B,SF205,각주항목(09.06월 이후)
7022,202203,0010114,SK증권주식회사,D3,대차 및 대주거래_신용거래대주,0,국내증권사,B,SF205,각주항목(09.06월 이후)
7023,202203,0010114,SK증권주식회사,E,대손상각채권,0,국내증권사,B,SF205,각주항목(09.06월 이후)
7024,202203,0010114,SK증권주식회사,F,환전업무 예치금,0,국내증권사,B,SF205,각주항목(09.06월 이후)
7025,202203,0010114,SK증권주식회사,G,미배당별도예치금,690590350,국내증권사,B,SF205,각주항목(09.06월 이후)
7026,202203,0010114,SK증권주식회사,H,배서어음매출(종금계정),0,국내증권사,B,SF205,각주항목(09.06월 이후)
7027,202203,0010114,SK증권주식회사,H1,대출채권매매이익_담보부,0,국내증권사,B,SF205,각주항목(09.06월 이후)
7028,202203,0010114,SK증권주식회사,H2,대출채권매매이익_무담보부,0,국내증권사,B,SF205,각주항목(09.06월 이후)
7029,202206,0010114,SK증권주식회사,A,채무보증,391300000760,국내증권사,B,SF205,각주항목(09.06월 이후)
7030,202206,0010114,SK증권주식회사,A1,채무보증_지급보증,0,국내증권사,B,SF205,각주항목(09.06월 이후)
7031,202206,0010114,SK증권주식회사,A2,채무보증_매입보장약정,0,국내증권사,B,SF205,각주항목(09.06월 이후)
7032,202206,0010114,SK증권주식회사,A3,채무보증_채무인수약정,0,국내증권사,B,SF205,각주항목(09.06월 이후)
7033,202206,0010114,SK증권주식회사,A5,채무보증_매입확약,391300000760,국내증권사,B,SF205,각주항목(09.06월 이후)
7034,202206,0010114,SK증권주식회사,A6,채무보증_기타,0,국내증권사,B,SF205,각주항목(09.06월 이후)
7035,202206,0010114,SK증권주식회사,B,투자자의 예수증권 등,63034024088861,국내증권사,B,SF205,각주항목(09.06월 이후)
7036,202206,0010114,SK증권주식회사,B1,투자자의 예수증권 등_예수 증권,63034024088861,국내증권사,B,SF205,각주항목(09.06월 이후)
7037,202206,0010114,SK증권주식회사,B2,투자자의 예수증권 등_예수양도성예금증서,0,국내증권사,B,SF205,각주항목(09.06월 이후)
7038,202206,0010114,SK증권주식회사,B3,투자자의 예수증권 등_기타,0,국내증권사,B,SF205,각주항목(09.06월 이후)
7039,202206,0010114,SK증권주식회사,C,파생상품계약,6399981510399,국내증권사,B,SF205,각주항목(09.06월 이후)
7040,202206,0010114,SK증권주식회사,C1,파생상품계약_장내파생상품,923853221918,국내증권사,B,SF205,각주항목(09.06월 이후)
7041,202206,0010114,SK증권주식회사,C11,파생상품계약_장내파생상품_이자율관련거래,239041102345,국내증권사,B,SF205,각주항목(09.06월 이후)
7042,202206,0010114,SK증권주식회사,C12,파생상품계약_장내파생상품_통화관련거래,12319895435,국내증권사,B,SF205,각주항목(09.06월 이후)
7043,202206,0010114,SK증권주식회사,C13,파생상품계약_장내파생상품_주식관련거래,617333421256,국내증권사,B,SF205,각주항목(09.06월 이후)
7044,202206,0010114,SK증권주식회사,C14,파생상품계약_장내파생상품_일반상품관련거래,55158802882,국내증권사,B,SF205,각주항목(09.06월 이후)
7045,202206,0010114,SK증권주식회사,C15,파생상품계약_장내파생상품_기타,0,국내증권사,B,SF205,각주항목(09.06월 이후)
7046,202206,0010114,SK증권주식회사,C2,파생상품계약_장외파생상품,5476128288481,국내증권사,B,SF205,각주항목(09.06월 이후)
7047,202206,0010114,SK증권주식회사,C21,파생상품계약_장외파생상품_이자율관련거래,3248113400000,국내증권사,B,SF205,각주항목(09.06월 이후)
7048,202206,0010114,SK증권주식회사,C22,파생상품계약_장외파생상품_통화관련거래,1676126179662,국내증권사,B,SF205,각주항목(09.06월 이후)
7049,202206,0010114,SK증권주식회사,C23,파생상품계약_장외파생상품_주식관련거래,9303510000,국내증권사,B,SF205,각주항목(09.06월 이후)
7050,202206,0010114,SK증권주식회사,C24,파생상품계약_장외파생상품_신용관련거래,335038000000,국내증권사,B,SF205,각주항목(09.06월 이후)
7051,202206,0010114,SK증권주식회사,C25,파생상품계약_장외파생상품_기타,207547198819,국내증권사,B,SF205,각주항목(09.06월 이후)
7052,202206,0010114,SK증권주식회사,D,대차 및 대주거래,409912489024,국내증권사,B,SF205,각주항목(09.06월 이후)
7053,202206,0010114,SK증권주식회사,D1,대차 및 대주거래_대여증권,0,국내증권사,B,SF205,각주항목(09.06월 이후)
7054,202206,0010114,SK증권주식회사,D2,대차 및 대주거래_차입증권,409912489024,국내증권사,B,SF205,각주항목(09.06월 이후)
7055,202206,0010114,SK증권주식회사,D3,대차 및 대주거래_신용거래대주,0,국내증권사,B,SF205,각주항목(09.06월 이후)
7056,202206,0010114,SK증권주식회사,E,대손상각채권,0,국내증권사,B,SF205,각주항목(09.06월 이후)
7057,202206,0010114,SK증권주식회사,F,환전업무 예치금,0,국내증권사,B,SF205,각주항목(09.06월 이후)
7058,202206,0010114,SK증권주식회사,G,미배당별도예치금,962186549,국내증권사,B,SF205,각주항목(09.06월 이후)
7059,202206,0010114,SK증권주식회사,H,배서어음매출(종금계정),0,국내증권사,B,SF205,각주항목(09.06월 이후)
7060,202206,0010114,SK증권주식회사,H1,대출채권매매이익_담보부,0,국내증권사,B,SF205,각주항목(09.06월 이후)
7061,202206,0010114,SK증권주식회사,H2,대출채권매매이익_무담보부,0,국내증권사,B,SF205,각주항목(09.06월 이후)
7062,202209,0010114,SK증권주식회사,A,채무보증,387507351940,국내증권사,B,SF205,각주항목(09.06월 이후)
7063,202209,0010114,SK증권주식회사,A1,채무보증_지급보증,0,국내증권사,B,SF205,각주항목(09.06월 이후)
7064,202209,0010114,SK증권주식회사,A2,채무보증_매입보장약정,0,국내증권사,B,SF205,각주항목(09.06월 이후)
7065,202209,0010114,SK증권주식회사,A3,채무보증_채무인수약정,0,국내증권사,B,SF205,각주항목(09.06월 이후)
7066,202209,0010114,SK증권주식회사,A5,채무보증_매입확약,387507351940,국내증권사,B,SF205,각주항목(09.06월 이후)
7067,202209,0010114,SK증권주식회사,A6,채무보증_기타,0,국내증권사,B,SF205,각주항목(09.06월 이후)
7068,202209,0010114,SK증권주식회사,B,투자자의 예수증권 등,61726392226390,국내증권사,B,SF205,각주항목(09.06월 이후)
7069,202209,0010114,SK증권주식회사,B1,투자자의 예수증권 등_예수 증권,61726392226390,국내증권사,B,SF205,각주항목(09.06월 이후)
7070,202209,0010114,SK증권주식회사,B2,투자자의 예수증권 등_예수양도성예금증서,0,국내증권사,B,SF205,각주항목(09.06월 이후)
7071,202209,0010114,SK증권주식회사,B3,투자자의 예수증권 등_기타,0,국내증권사,B,SF205,각주항목(09.06월 이후)
7072,202209,0010114,SK증권주식회사,C,파생상품계약,6380946829721,국내증권사,B,SF205,각주항목(09.06월 이후)
7073,202209,0010114,SK증권주식회사,C1,파생상품계약_장내파생상품,592489017535,국내증권사,B,SF205,각주항목(09.06월 이후)
7074,202209,0010114,SK증권주식회사,C11,파생상품계약_장내파생상품_이자율관련거래,201882689721,국내증권사,B,SF205,각주항목(09.06월 이후)
7075,202209,0010114,SK증권주식회사,C12,파생상품계약_장내파생상품_통화관련거래,49540998491,국내증권사,B,SF205,각주항목(09.06월 이후)
7076,202209,0010114,SK증권주식회사,C13,파생상품계약_장내파생상품_주식관련거래,336510585736,국내증권사,B,SF205,각주항목(09.06월 이후)
7077,202209,0010114,SK증권주식회사,C14,파생상품계약_장내파생상품_일반상품관련거래,4554743587,국내증권사,B,SF205,각주항목(09.06월 이후)
7078,202209,0010114,SK증권주식회사,C15,파생상품계약_장내파생상품_기타,0,국내증권사,B,SF205,각주항목(09.06월 이후)
7079,202209,0010114,SK증권주식회사,C2,파생상품계약_장외파생상품,5788457812186,국내증권사,B,SF205,각주항목(09.06월 이후)
7080,202209,0010114,SK증권주식회사,C21,파생상품계약_장외파생상품_이자율관련거래,3184189400000,국내증권사,B,SF205,각주항목(09.06월 이후)
7081,202209,0010114,SK증권주식회사,C22,파생상품계약_장외파생상품_통화관련거래,1993528524132,국내증권사,B,SF205,각주항목(09.06월 이후)
7082,202209,0010114,SK증권주식회사,C23,파생상품계약_장외파생상품_주식관련거래,10190510000,국내증권사,B,SF205,각주항목(09.06월 이후)
7083,202209,0010114,SK증권주식회사,C24,파생상품계약_장외파생상품_신용관련거래,335038000000,국내증권사,B,SF205,각주항목(09.06월 이후)
7084,202209,0010114,SK증권주식회사,C25,파생상품계약_장외파생상품_기타,265511378054,국내증권사,B,SF205,각주항목(09.06월 이후)
7085,202209,0010114,SK증권주식회사,D,대차 및 대주거래,291027940952,국내증권사,B,SF205,각주항목(09.06월 이후)
7086,202209,0010114,SK증권주식회사,D1,대차 및 대주거래_대여증권,0,국내증권사,B,SF205,각주항목(09.06월 이후)
7087,202209,0010114,SK증권주식회사,D2,대차 및 대주거래_차입증권,291027940952,국내증권사,B,SF205,각주항목(09.06월 이후)
7088,202209,0010114,SK증권주식회사,D3,대차 및 대주거래_신용거래대주,0,국내증권사,B,SF205,각주항목(09.06월 이후)
7089,202209,0010114,SK증권주식회사,E,대손상각채권,0,국내증권사,B,SF205,각주항목(09.06월 이후)
7090,202209,0010114,SK증권주식회사,F,환전업무 예치금,0,국내증권사,B,SF205,각주항목(09.06월 이후)
7091,202209,0010114,SK증권주식회사,G,미배당별도예치금,1275116213,국내증권사,B,SF205,각주항목(09.06월 이후)
7092,202209,0010114,SK증권주식회사,H,배서어음매출(종금계정),0,국내증권사,B,SF205,각주항목(09.06월 이후)
7093,202209,0010114,SK증권주식회사,H1,대출채권매매이익_담보부,0,국내증권사,B,SF205,각주항목(09.06월 이후)
7094,202209,0010114,SK증권주식회사,H2,대출채권매매이익_무담보부,0,국내증권사,B,SF205,각주항목(09.06월 이후)
7095,202212,0010114,SK증권주식회사,A,채무보증,221869089612,국내증권사,B,SF205,각주항목(09.06월 이후)
7096,202212,0010114,SK증권주식회사,A1,채무보증_지급보증,0,국내증권사,B,SF205,각주항목(09.06월 이후)
7097,202212,0010114,SK증권주식회사,A2,채무보증_매입보장약정,0,국내증권사,B,SF205,각주항목(09.06월 이후)
7098,202212,0010114,SK증권주식회사,A3,채무보증_채무인수약정,0,국내증권사,B,SF205,각주항목(09.06월 이후)
7099,202212,0010114,SK증권주식회사,A5,채무보증_매입확약,221869089612,국내증권사,B,SF205,각주항목(09.06월 이후)
7100,202212,0010114,SK증권주식회사,A6,채무보증_기타,0,국내증권사,B,SF205,각주항목(09.06월 이후)
7101,202212,0010114,SK증권주식회사,B,투자자의 예수증권 등,63441783333037,국내증권사,B,SF205,각주항목(09.06월 이후)
7102,202212,0010114,SK증권주식회사,B1,투자자의 예수증권 등_예수 증권,63441783333037,국내증권사,B,SF205,각주항목(09.06월 이후)
7103,202212,0010114,SK증권주식회사,B2,투자자의 예수증권 등_예수양도성예금증서,0,국내증권사,B,SF205,각주항목(09.06월 이후)
7104,202212,0010114,SK증권주식회사,B3,투자자의 예수증권 등_기타,0,국내증권사,B,SF205,각주항목(09.06월 이후)
7105,202212,0010114,SK증권주식회사,C,파생상품계약,4904137278889,국내증권사,B,SF205,각주항목(09.06월 이후)
7106,202212,0010114,SK증권주식회사,C1,파생상품계약_장내파생상품,483294500440,국내증권사,B,SF205,각주항목(09.06월 이후)
7107,202212,0010114,SK증권주식회사,C11,파생상품계약_장내파생상품_이자율관련거래,228166281678,국내증권사,B,SF205,각주항목(09.06월 이후)
7108,202212,0010114,SK증권주식회사,C12,파생상품계약_장내파생상품_통화관련거래,18891630000,국내증권사,B,SF205,각주항목(09.06월 이후)
7109,202212,0010114,SK증권주식회사,C13,파생상품계약_장내파생상품_주식관련거래,227738534467,국내증권사,B,SF205,각주항목(09.06월 이후)
7110,202212,0010114,SK증권주식회사,C14,파생상품계약_장내파생상품_일반상품관련거래,8498054295,국내증권사,B,SF205,각주항목(09.06월 이후)
7111,202212,0010114,SK증권주식회사,C15,파생상품계약_장내파생상품_기타,0,국내증권사,B,SF205,각주항목(09.06월 이후)
7112,202212,0010114,SK증권주식회사,C2,파생상품계약_장외파생상품,4420842778449,국내증권사,B,SF205,각주항목(09.06월 이후)
7113,202212,0010114,SK증권주식회사,C21,파생상품계약_장외파생상품_이자율관련거래,1814189400000,국내증권사,B,SF205,각주항목(09.06월 이후)
7114,202212,0010114,SK증권주식회사,C22,파생상품계약_장외파생상품_통화관련거래,1996751421691,국내증권사,B,SF205,각주항목(09.06월 이후)
7115,202212,0010114,SK증권주식회사,C23,파생상품계약_장외파생상품_주식관련거래,8947510000,국내증권사,B,SF205,각주항목(09.06월 이후)
7116,202212,0010114,SK증권주식회사,C24,파생상품계약_장외파생상품_신용관련거래,335038000000,국내증권사,B,SF205,각주항목(09.06월 이후)
7117,202212,0010114,SK증권주식회사,C25,파생상품계약_장외파생상품_기타,265916446758,국내증권사,B,SF205,각주항목(09.06월 이후)
7118,202212,0010114,SK증권주식회사,D,대차 및 대주거래,410429768934,국내증권사,B,SF205,각주항목(09.06월 이후)
7119,202212,0010114,SK증권주식회사,D1,대차 및 대주거래_대여증권,0,국내증권사,B,SF205,각주항목(09.06월 이후)
7120,202212,0010114,SK증권주식회사,D2,대차 및 대주거래_차입증권,410429768934,국내증권사,B,SF205,각주항목(09.06월 이후)
7121,202212,0010114,SK증권주식회사,D3,대차 및 대주거래_신용거래대주,0,국내증권사,B,SF205,각주항목(09.06월 이후)
7122,202212,0010114,SK증권주식회사,E,대손상각채권,0,국내증권사,B,SF205,각주항목(09.06월 이후)
7123,202212,0010114,SK증권주식회사,F,환전업무 예치금,0,국내증권사,B,SF205,각주항목(09.06월 이후)
7124,202212,0010114,SK증권주식회사,G,미배당별도예치금,1698266107,국내증권사,B,SF205,각주항목(09.06월 이후)
7125,202212,0010114,SK증권주식회사,H,배서어음매출(종금계정),0,국내증권사,B,SF205,각주항목(09.06월 이후)
7126,202212,0010114,SK증권주식회사,H1,대출채권매매이익_담보부,0,국내증권사,B,SF205,각주항목(09.06월 이후)
7127,202212,0010114,SK증권주식회사,H2,대출채권매매이익_무담보부,0,국내증권사,B,SF205,각주항목(09.06월 이후)
7128,202303,0010114,SK증권주식회사,A,채무보증,315040110847,국내증권사,B,SF205,각주항목(09.06월 이후)
7129,202303,0010114,SK증권주식회사,A1,채무보증_지급보증,0,국내증권사,B,SF205,각주항목(09.06월 이후)
7130,202303,0010114,SK증권주식회사,A2,채무보증_매입보장약정,0,국내증권사,B,SF205,각주항목(09.06월 이후)
7131,202303,0010114,SK증권주식회사,A3,채무보증_채무인수약정,0,국내증권사,B,SF205,각주항목(09.06월 이후)
7132,202303,0010114,SK증권주식회사,A5,채무보증_매입확약,315040110847,국내증권사,B,SF205,각주항목(09.06월 이후)
7133,202303,0010114,SK증권주식회사,A6,채무보증_기타,0,국내증권사,B,SF205,각주항목(09.06월 이후)
7134,202303,0010114,SK증권주식회사,B,투자자의 예수증권 등,66599739993528,국내증권사,B,SF205,각주항목(09.06월 이후)
7135,202303,0010114,SK증권주식회사,B1,투자자의 예수증권 등_예수 증권,66599739993528,국내증권사,B,SF205,각주항목(09.06월 이후)
7136,202303,0010114,SK증권주식회사,B2,투자자의 예수증권 등_예수양도성예금증서,0,국내증권사,B,SF205,각주항목(09.06월 이후)
7137,202303,0010114,SK증권주식회사,B3,투자자의 예수증권 등_기타,0,국내증권사,B,SF205,각주항목(09.06월 이후)
7138,202303,0010114,SK증권주식회사,C,파생상품계약,5126625737970,국내증권사,B,SF205,각주항목(09.06월 이후)
7139,202303,0010114,SK증권주식회사,C1,파생상품계약_장내파생상품,357949510498,국내증권사,B,SF205,각주항목(09.06월 이후)
7140,202303,0010114,SK증권주식회사,C11,파생상품계약_장내파생상품_이자율관련거래,143280925895,국내증권사,B,SF205,각주항목(09.06월 이후)
7141,202303,0010114,SK증권주식회사,C12,파생상품계약_장내파생상품_통화관련거래,41435167170,국내증권사,B,SF205,각주항목(09.06월 이후)
7142,202303,0010114,SK증권주식회사,C13,파생상품계약_장내파생상품_주식관련거래,164752534098,국내증권사,B,SF205,각주항목(09.06월 이후)
7143,202303,0010114,SK증권주식회사,C14,파생상품계약_장내파생상품_일반상품관련거래,8480883335,국내증권사,B,SF205,각주항목(09.06월 이후)
7144,202303,0010114,SK증권주식회사,C15,파생상품계약_장내파생상품_기타,0,국내증권사,B,SF205,각주항목(09.06월 이후)
7145,202303,0010114,SK증권주식회사,C2,파생상품계약_장외파생상품,4768676227472,국내증권사,B,SF205,각주항목(09.06월 이후)
7146,202303,0010114,SK증권주식회사,C21,파생상품계약_장외파생상품_이자율관련거래,1972945800000,국내증권사,B,SF205,각주항목(09.06월 이후)
7147,202303,0010114,SK증권주식회사,C22,파생상품계약_장외파생상품_통화관련거래,2195607926714,국내증권사,B,SF205,각주항목(09.06월 이후)
7148,202303,0010114,SK증권주식회사,C23,파생상품계약_장외파생상품_주식관련거래,9108960000,국내증권사,B,SF205,각주항목(09.06월 이후)
7149,202303,0010114,SK증권주식회사,C24,파생상품계약_장외파생상품_신용관련거래,335038000000,국내증권사,B,SF205,각주항목(09.06월 이후)
7150,202303,0010114,SK증권주식회사,C25,파생상품계약_장외파생상품_기타,255975540758,국내증권사,B,SF205,각주항목(09.06월 이후)
7151,202303,0010114,SK증권주식회사,D,대차 및 대주거래,225250524022,국내증권사,B,SF205,각주항목(09.06월 이후)
7152,202303,0010114,SK증권주식회사,D1,대차 및 대주거래_대여증권,0,국내증권사,B,SF205,각주항목(09.06월 이후)
7153,202303,0010114,SK증권주식회사,D2,대차 및 대주거래_차입증권,225250524022,국내증권사,B,SF205,각주항목(09.06월 이후)
7154,202303,0010114,SK증권주식회사,D3,대차 및 대주거래_신용거래대주,0,국내증권사,B,SF205,각주항목(09.06월 이후)
7155,202303,0010114,SK증권주식회사,E,대손상각채권,0,국내증권사,B,SF205,각주항목(09.06월 이후)
7156,202303,0010114,SK증권주식회사,F,환전업무 예치금,0,국내증권사,B,SF205,각주항목(09.06월 이후)
7157,202303,0010114,SK증권주식회사,G,미배당별도예치금,1388785676,국내증권사,B,SF205,각주항목(09.06월 이후)
7158,202303,0010114,SK증권주식회사,H,배서어음매출(종금계정),0,국내증권사,B,SF205,각주항목(09.06월 이후)
7159,202303,0010114,SK증권주식회사,H1,대출채권매매이익_담보부,0,국내증권사,B,SF205,각주항목(09.06월 이후)
7160,202303,0010114,SK증권주식회사,H2,대출채권매매이익_무담보부,0,국내증권사,B,SF205,각주항목(09.06월 이후)
7161,202306,0010114,SK증권주식회사,A,채무보증,316495310031,국내증권사,B,SF205,각주항목(09.06월 이후)
7162,202306,0010114,SK증권주식회사,A1,채무보증_지급보증,0,국내증권사,B,SF205,각주항목(09.06월 이후)
7163,202306,0010114,SK증권주식회사,A2,채무보증_매입보장약정,0,국내증권사,B,SF205,각주항목(09.06월 이후)
7164,202306,0010114,SK증권주식회사,A3,채무보증_채무인수약정,0,국내증권사,B,SF205,각주항목(09.06월 이후)
7165,202306,0010114,SK증권주식회사,A5,채무보증_매입확약,316495310031,국내증권사,B,SF205,각주항목(09.06월 이후)
7166,202306,0010114,SK증권주식회사,A6,채무보증_기타,0,국내증권사,B,SF205,각주항목(09.06월 이후)
7167,202306,0010114,SK증권주식회사,B,투자자의 예수증권 등,65840593108733,국내증권사,B,SF205,각주항목(09.06월 이후)
7168,202306,0010114,SK증권주식회사,B1,투자자의 예수증권 등_예수 증권,65840593108733,국내증권사,B,SF205,각주항목(09.06월 이후)
7169,202306,0010114,SK증권주식회사,B2,투자자의 예수증권 등_예수양도성예금증서,0,국내증권사,B,SF205,각주항목(09.06월 이후)
7170,202306,0010114,SK증권주식회사,B3,투자자의 예수증권 등_기타,0,국내증권사,B,SF205,각주항목(09.06월 이후)
7171,202306,0010114,SK증권주식회사,C,파생상품계약,5342068285785,국내증권사,B,SF205,각주항목(09.06월 이후)
7172,202306,0010114,SK증권주식회사,C1,파생상품계약_장내파생상품,396251221100,국내증권사,B,SF205,각주항목(09.06월 이후)
7173,202306,0010114,SK증권주식회사,C11,파생상품계약_장내파생상품_이자율관련거래,182479095895,국내증권사,B,SF205,각주항목(09.06월 이후)
7174,202306,0010114,SK증권주식회사,C12,파생상품계약_장내파생상품_통화관련거래,35796807170,국내증권사,B,SF205,각주항목(09.06월 이후)
7175,202306,0010114,SK증권주식회사,C13,파생상품계약_장내파생상품_주식관련거래,169494434700,국내증권사,B,SF205,각주항목(09.06월 이후)
7176,202306,0010114,SK증권주식회사,C14,파생상품계약_장내파생상품_일반상품관련거래,8480883335,국내증권사,B,SF205,각주항목(09.06월 이후)
7177,202306,0010114,SK증권주식회사,C15,파생상품계약_장내파생상품_기타,0,국내증권사,B,SF205,각주항목(09.06월 이후)
7178,202306,0010114,SK증권주식회사,C2,파생상품계약_장외파생상품,4945817064685,국내증권사,B,SF205,각주항목(09.06월 이후)
7179,202306,0010114,SK증권주식회사,C21,파생상품계약_장외파생상품_이자율관련거래,2204321800000,국내증권사,B,SF205,각주항목(09.06월 이후)
7180,202306,0010114,SK증권주식회사,C22,파생상품계약_장외파생상품_통화관련거래,2477745887727,국내증권사,B,SF205,각주항목(09.06월 이후)
7181,202306,0010114,SK증권주식회사,C23,파생상품계약_장외파생상품_주식관련거래,7625960000,국내증권사,B,SF205,각주항목(09.06월 이후)
7182,202306,0010114,SK증권주식회사,C24,파생상품계약_장외파생상품_신용관련거래,0,국내증권사,B,SF205,각주항목(09.06월 이후)
7183,202306,0010114,SK증권주식회사,C25,파생상품계약_장외파생상품_기타,256123416958,국내증권사,B,SF205,각주항목(09.06월 이후)
7184,202306,0010114,SK증권주식회사,D,대차 및 대주거래,283674350270,국내증권사,B,SF205,각주항목(09.06월 이후)
7185,202306,0010114,SK증권주식회사,D1,대차 및 대주거래_대여증권,0,국내증권사,B,SF205,각주항목(09.06월 이후)
7186,202306,0010114,SK증권주식회사,D2,대차 및 대주거래_차입증권,283674350270,국내증권사,B,SF205,각주항목(09.06월 이후)
7187,202306,0010114,SK증권주식회사,D3,대차 및 대주거래_신용거래대주,0,국내증권사,B,SF205,각주항목(09.06월 이후)
7188,202306,0010114,SK증권주식회사,E,대손상각채권,0,국내증권사,B,SF205,각주항목(09.06월 이후)
7189,202306,0010114,SK증권주식회사,F,환전업무 예치금,0,국내증권사,B,SF205,각주항목(09.06월 이후)
7190,202306,0010114,SK증권주식회사,G,미배당별도예치금,1638417834,국내증권사,B,SF205,각주항목(09.06월 이후)
7191,202306,0010114,SK증권주식회사,H,배서어음매출(종금계정),0,국내증권사,B,SF205,각주항목(09.06월 이후)
7192,202306,0010114,SK증권주식회사,H1,대출채권매매이익_담보부,0,국내증권사,B,SF205,각주항목(09.06월 이후)
7193,202306,0010114,SK증권주식회사,H2,대출채권매매이익_무담보부,0,국내증권사,B,SF205,각주항목(09.06월 이후)
7194,202309,0010114,SK증권주식회사,A,채무보증,283129594962,국내증권사,B,SF205,각주항목(09.06월 이후)
7195,202309,0010114,SK증권주식회사,A1,채무보증_지급보증,0,국내증권사,B,SF205,각주항목(09.06월 이후)
7196,202309,0010114,SK증권주식회사,A2,채무보증_매입보장약정,0,국내증권사,B,SF205,각주항목(09.06월 이후)
7197,202309,0010114,SK증권주식회사,A3,채무보증_채무인수약정,0,국내증권사,B,SF205,각주항목(09.06월 이후)
7198,202309,0010114,SK증권주식회사,A5,채무보증_매입확약,283129594962,국내증권사,B,SF205,각주항목(09.06월 이후)
7199,202309,0010114,SK증권주식회사,A6,채무보증_기타,0,국내증권사,B,SF205,각주항목(09.06월 이후)
7200,202309,0010114,SK증권주식회사,B,투자자의 예수증권 등,65946039388049,국내증권사,B,SF205,각주항목(09.06월 이후)
7201,202309,0010114,SK증권주식회사,B1,투자자의 예수증권 등_예수 증권,65946039388049,국내증권사,B,SF205,각주항목(09.06월 이후)
7202,202309,0010114,SK증권주식회사,B2,투자자의 예수증권 등_예수양도성예금증서,0,국내증권사,B,SF205,각주항목(09.06월 이후)
7203,202309,0010114,SK증권주식회사,B3,투자자의 예수증권 등_기타,0,국내증권사,B,SF205,각주항목(09.06월 이후)
7204,202309,0010114,SK증권주식회사,C,파생상품계약,5106454446290,국내증권사,B,SF205,각주항목(09.06월 이후)
7205,202309,0010114,SK증권주식회사,C1,파생상품계약_장내파생상품,514633702634,국내증권사,B,SF205,각주항목(09.06월 이후)
7206,202309,0010114,SK증권주식회사,C11,파생상품계약_장내파생상품_이자율관련거래,303083071886,국내증권사,B,SF205,각주항목(09.06월 이후)
7207,202309,0010114,SK증권주식회사,C12,파생상품계약_장내파생상품_통화관련거래,24300893000,국내증권사,B,SF205,각주항목(09.06월 이후)
7208,202309,0010114,SK증권주식회사,C13,파생상품계약_장내파생상품_주식관련거래,184530369352,국내증권사,B,SF205,각주항목(09.06월 이후)
7209,202309,0010114,SK증권주식회사,C14,파생상품계약_장내파생상품_일반상품관련거래,2719368396,국내증권사,B,SF205,각주항목(09.06월 이후)
7210,202309,0010114,SK증권주식회사,C15,파생상품계약_장내파생상품_기타,0,국내증권사,B,SF205,각주항목(09.06월 이후)
7211,202309,0010114,SK증권주식회사,C2,파생상품계약_장외파생상품,4591820743656,국내증권사,B,SF205,각주항목(09.06월 이후)
7212,202309,0010114,SK증권주식회사,C21,파생상품계약_장외파생상품_이자율관련거래,2118681300000,국내증권사,B,SF205,각주항목(09.06월 이후)
7213,202309,0010114,SK증권주식회사,C22,파생상품계약_장외파생상품_통화관련거래,2198373321698,국내증권사,B,SF205,각주항목(09.06월 이후)
7214,202309,0010114,SK증권주식회사,C23,파생상품계약_장외파생상품_주식관련거래,2538000000,국내증권사,B,SF205,각주항목(09.06월 이후)
7215,202309,0010114,SK증권주식회사,C24,파생상품계약_장외파생상품_신용관련거래,0,국내증권사,B,SF205,각주항목(09.06월 이후)
7216,202309,0010114,SK증권주식회사,C25,파생상품계약_장외파생상품_기타,272228121958,국내증권사,B,SF205,각주항목(09.06월 이후)
7217,202309,0010114,SK증권주식회사,D,대차 및 대주거래,306688850787,국내증권사,B,SF205,각주항목(09.06월 이후)
7218,202309,0010114,SK증권주식회사,D1,대차 및 대주거래_대여증권,0,국내증권사,B,SF205,각주항목(09.06월 이후)
7219,202309,0010114,SK증권주식회사,D2,대차 및 대주거래_차입증권,306688850787,국내증권사,B,SF205,각주항목(09.06월 이후)
7220,202309,0010114,SK증권주식회사,D3,대차 및 대주거래_신용거래대주,0,국내증권사,B,SF205,각주항목(09.06월 이후)
7221,202309,0010114,SK증권주식회사,E,대손상각채권,0,국내증권사,B,SF205,각주항목(09.06월 이후)
7222,202309,0010114,SK증권주식회사,F,환전업무 예치금,0,국내증권사,B,SF205,각주항목(09.06월 이후)
7223,202309,0010114,SK증권주식회사,G,미배당별도예치금,1966928562,국내증권사,B,SF205,각주항목(09.06월 이후)
7224,202309,0010114,SK증권주식회사,H,배서어음매출(종금계정),0,국내증권사,B,SF205,각주항목(09.06월 이후)
7225,202309,0010114,SK증권주식회사,H1,대출채권매매이익_담보부,0,국내증권사,B,SF205,각주항목(09.06월 이후)
7226,202309,0010114,SK증권주식회사,H2,대출채권매매이익_무담보부,0,국내증권사,B,SF205,각주항목(09.06월 이후)
7227,202312,0010114,SK증권주식회사,A,채무보증,267827799894,국내증권사,B,SF205,각주항목(09.06월 이후)
7228,202312,0010114,SK증권주식회사,A1,채무보증_지급보증,0,국내증권사,B,SF205,각주항목(09.06월 이후)
7229,202312,0010114,SK증권주식회사,A2,채무보증_매입보장약정,0,국내증권사,B,SF205,각주항목(09.06월 이후)
7230,202312,0010114,SK증권주식회사,A3,채무보증_채무인수약정,0,국내증권사,B,SF205,각주항목(09.06월 이후)
7231,202312,0010114,SK증권주식회사,A5,채무보증_매입확약,267827799894,국내증권사,B,SF205,각주항목(09.06월 이후)
7232,202312,0010114,SK증권주식회사,A6,채무보증_기타,0,국내증권사,B,SF205,각주항목(09.06월 이후)
7233,202312,0010114,SK증권주식회사,B,투자자의 예수증권 등,72164262800263,국내증권사,B,SF205,각주항목(09.06월 이후)
7234,202312,0010114,SK증권주식회사,B1,투자자의 예수증권 등_예수 증권,72164262800263,국내증권사,B,SF205,각주항목(09.06월 이후)
7235,202312,0010114,SK증권주식회사,B2,투자자의 예수증권 등_예수양도성예금증서,0,국내증권사,B,SF205,각주항목(09.06월 이후)
7236,202312,0010114,SK증권주식회사,B3,투자자의 예수증권 등_기타,0,국내증권사,B,SF205,각주항목(09.06월 이후)
7237,202312,0010114,SK증권주식회사,C,파생상품계약,4111903398775,국내증권사,B,SF205,각주항목(09.06월 이후)
7238,202312,0010114,SK증권주식회사,C1,파생상품계약_장내파생상품,355790860225,국내증권사,B,SF205,각주항목(09.06월 이후)
7239,202312,0010114,SK증권주식회사,C11,파생상품계약_장내파생상품_이자율관련거래,248603340000,국내증권사,B,SF205,각주항목(09.06월 이후)
7240,202312,0010114,SK증권주식회사,C12,파생상품계약_장내파생상품_통화관련거래,21264880000,국내증권사,B,SF205,각주항목(09.06월 이후)
7241,202312,0010114,SK증권주식회사,C13,파생상품계약_장내파생상품_주식관련거래,85922640225,국내증권사,B,SF205,각주항목(09.06월 이후)
7242,202312,0010114,SK증권주식회사,C14,파생상품계약_장내파생상품_일반상품관련거래,0,국내증권사,B,SF205,각주항목(09.06월 이후)
7243,202312,0010114,SK증권주식회사,C15,파생상품계약_장내파생상품_기타,0,국내증권사,B,SF205,각주항목(09.06월 이후)
7244,202312,0010114,SK증권주식회사,C2,파생상품계약_장외파생상품,3756112538550,국내증권사,B,SF205,각주항목(09.06월 이후)
7245,202312,0010114,SK증권주식회사,C21,파생상품계약_장외파생상품_이자율관련거래,1696681300000,국내증권사,B,SF205,각주항목(09.06월 이후)
7246,202312,0010114,SK증권주식회사,C22,파생상품계약_장외파생상품_통화관련거래,1773501527943,국내증권사,B,SF205,각주항목(09.06월 이후)
7247,202312,0010114,SK증권주식회사,C23,파생상품계약_장외파생상품_주식관련거래,3136000000,국내증권사,B,SF205,각주항목(09.06월 이후)
7248,202312,0010114,SK증권주식회사,C24,파생상품계약_장외파생상품_신용관련거래,0,국내증권사,B,SF205,각주항목(09.06월 이후)
7249,202312,0010114,SK증권주식회사,C25,파생상품계약_장외파생상품_기타,282793710607,국내증권사,B,SF205,각주항목(09.06월 이후)
7250,202312,0010114,SK증권주식회사,D,대차 및 대주거래,309658066550,국내증권사,B,SF205,각주항목(09.06월 이후)
7251,202312,0010114,SK증권주식회사,D1,대차 및 대주거래_대여증권,0,국내증권사,B,SF205,각주항목(09.06월 이후)
7252,202312,0010114,SK증권주식회사,D2,대차 및 대주거래_차입증권,309658066550,국내증권사,B,SF205,각주항목(09.06월 이후)
7253,202312,0010114,SK증권주식회사,D3,대차 및 대주거래_신용거래대주,0,국내증권사,B,SF205,각주항목(09.06월 이후)
7254,202312,0010114,SK증권주식회사,E,대손상각채권,10020164383,국내증권사,B,SF205,각주항목(09.06월 이후)
7255,202312,0010114,SK증권주식회사,F,환전업무 예치금,0,국내증권사,B,SF205,각주항목(09.06월 이후)
7256,202312,0010114,SK증권주식회사,G,미배당별도예치금,2266988570,국내증권사,B,SF205,각주항목(09.06월 이후)
7257,202312,0010114,SK증권주식회사,H,배서어음매출(종금계정),0,국내증권사,B,SF205,각주항목(09.06월 이후)
7258,202312,0010114,SK증권주식회사,H1,대출채권매매이익_담보부,0,국내증권사,B,SF205,각주항목(09.06월 이후)
7259,202312,0010114,SK증권주식회사,H2,대출채권매매이익_무담보부,0,국내증권사,B,SF205,각주항목(09.06월 이후)
7260,202403,0010114,SK증권주식회사,A,채무보증,231312064142,국내증권사,B,SF205,각주항목(09.06월 이후)
7261,202403,0010114,SK증권주식회사,A1,채무보증_지급보증,0,국내증권사,B,SF205,각주항목(09.06월 이후)
7262,202403,0010114,SK증권주식회사,A2,채무보증_매입보장약정,0,국내증권사,B,SF205,각주항목(09.06월 이후)
7263,202403,0010114,SK증권주식회사,A3,채무보증_채무인수약정,0,국내증권사,B,SF205,각주항목(09.06월 이후)
7264,202403,0010114,SK증권주식회사,A5,채무보증_매입확약,231312064142,국내증권사,B,SF205,각주항목(09.06월 이후)
7265,202403,0010114,SK증권주식회사,A6,채무보증_기타,0,국내증권사,B,SF205,각주항목(09.06월 이후)
7266,202403,0010114,SK증권주식회사,B,투자자의 예수증권 등,80165952464236,국내증권사,B,SF205,각주항목(09.06월 이후)
7267,202403,0010114,SK증권주식회사,B1,투자자의 예수증권 등_예수 증권,80165952464236,국내증권사,B,SF205,각주항목(09.06월 이후)
7268,202403,0010114,SK증권주식회사,B2,투자자의 예수증권 등_예수양도성예금증서,0,국내증권사,B,SF205,각주항목(09.06월 이후)
7269,202403,0010114,SK증권주식회사,B3,투자자의 예수증권 등_기타,0,국내증권사,B,SF205,각주항목(09.06월 이후)
7270,202403,0010114,SK증권주식회사,C,파생상품계약,4393698997538,국내증권사,B,SF205,각주항목(09.06월 이후)
7271,202403,0010114,SK증권주식회사,C1,파생상품계약_장내파생상품,857910929220,국내증권사,B,SF205,각주항목(09.06월 이후)
7272,202403,0010114,SK증권주식회사,C11,파생상품계약_장내파생상품_이자율관련거래,660264965875,국내증권사,B,SF205,각주항목(09.06월 이후)
7273,202403,0010114,SK증권주식회사,C12,파생상품계약_장내파생상품_통화관련거래,19952032000,국내증권사,B,SF205,각주항목(09.06월 이후)
7274,202403,0010114,SK증권주식회사,C13,파생상품계약_장내파생상품_주식관련거래,177051226498,국내증권사,B,SF205,각주항목(09.06월 이후)
7275,202403,0010114,SK증권주식회사,C14,파생상품계약_장내파생상품_일반상품관련거래,642704847,국내증권사,B,SF205,각주항목(09.06월 이후)
7276,202403,0010114,SK증권주식회사,C15,파생상품계약_장내파생상품_기타,0,국내증권사,B,SF205,각주항목(09.06월 이후)
7277,202403,0010114,SK증권주식회사,C2,파생상품계약_장외파생상품,3535788068318,국내증권사,B,SF205,각주항목(09.06월 이후)
7278,202403,0010114,SK증권주식회사,C21,파생상품계약_장외파생상품_이자율관련거래,1332309300000,국내증권사,B,SF205,각주항목(09.06월 이후)
7279,202403,0010114,SK증권주식회사,C22,파생상품계약_장외파생상품_통화관련거래,1904356147711,국내증권사,B,SF205,각주항목(09.06월 이후)
7280,202403,0010114,SK증권주식회사,C23,파생상품계약_장외파생상품_주식관련거래,5957000000,국내증권사,B,SF205,각주항목(09.06월 이후)
7281,202403,0010114,SK증권주식회사,C24,파생상품계약_장외파생상품_신용관련거래,0,국내증권사,B,SF205,각주항목(09.06월 이후)
7282,202403,0010114,SK증권주식회사,C25,파생상품계약_장외파생상품_기타,293165620607,국내증권사,B,SF205,각주항목(09.06월 이후)
7283,202403,0010114,SK증권주식회사,D,대차 및 대주거래,332566495803,국내증권사,B,SF205,각주항목(09.06월 이후)
7284,202403,0010114,SK증권주식회사,D1,대차 및 대주거래_대여증권,0,국내증권사,B,SF205,각주항목(09.06월 이후)
7285,202403,0010114,SK증권주식회사,D2,대차 및 대주거래_차입증권,332566495803,국내증권사,B,SF205,각주항목(09.06월 이후)
7286,202403,0010114,SK증권주식회사,D3,대차 및 대주거래_신용거래대주,0,국내증권사,B,SF205,각주항목(09.06월 이후)
7287,202403,0010114,SK증권주식회사,E,대손상각채권,0,국내증권사,B,SF205,각주항목(09.06월 이후)
7288,202403,0010114,SK증권주식회사,F,환전업무 예치금,0,국내증권사,B,SF205,각주항목(09.06월 이후)
7289,202403,0010114,SK증권주식회사,G,미배당별도예치금,1764657412,국내증권사,B,SF205,각주항목(09.06월 이후)
7290,202403,0010114,SK증권주식회사,H,배서어음매출(종금계정),0,국내증권사,B,SF205,각주항목(09.06월 이후)
7291,202403,0010114,SK증권주식회사,H1,대출채권매매이익_담보부,0,국내증권사,B,SF205,각주항목(09.06월 이후)
7292,202403,0010114,SK증권주식회사,H2,대출채권매매이익_무담보부,0,국내증권사,B,SF205,각주항목(09.06월 이후)
7293,202406,0010114,SK증권주식회사,A,채무보증,211488793124,국내증권사,B,SF205,각주항목(09.06월 이후)
7294,202406,0010114,SK증권주식회사,A1,채무보증_지급보증,0,국내증권사,B,SF205,각주항목(09.06월 이후)
7295,202406,0010114,SK증권주식회사,A2,채무보증_매입보장약정,0,국내증권사,B,SF205,각주항목(09.06월 이후)
7296,202406,0010114,SK증권주식회사,A3,채무보증_채무인수약정,0,국내증권사,B,SF205,각주항목(09.06월 이후)
7297,202406,0010114,SK증권주식회사,A5,채무보증_매입확약,211488793124,국내증권사,B,SF205,각주항목(09.06월 이후)
7298,202406,0010114,SK증권주식회사,A6,채무보증_기타,0,국내증권사,B,SF205,각주항목(09.06월 이후)
7299,202406,0010114,SK증권주식회사,B,투자자의 예수증권 등,90148270176999,국내증권사,B,SF205,각주항목(09.06월 이후)
7300,202406,0010114,SK증권주식회사,B1,투자자의 예수증권 등_예수 증권,90148270176999,국내증권사,B,SF205,각주항목(09.06월 이후)
7301,202406,0010114,SK증권주식회사,B2,투자자의 예수증권 등_예수양도성예금증서,0,국내증권사,B,SF205,각주항목(09.06월 이후)
7302,202406,0010114,SK증권주식회사,B3,투자자의 예수증권 등_기타,0,국내증권사,B,SF205,각주항목(09.06월 이후)
7303,202406,0010114,SK증권주식회사,C,파생상품계약,4166729799728,국내증권사,B,SF205,각주항목(09.06월 이후)
7304,202406,0010114,SK증권주식회사,C1,파생상품계약_장내파생상품,839975753745,국내증권사,B,SF205,각주항목(09.06월 이후)
7305,202406,0010114,SK증권주식회사,C11,파생상품계약_장내파생상품_이자율관련거래,626098615182,국내증권사,B,SF205,각주항목(09.06월 이후)
7306,202406,0010114,SK증권주식회사,C12,파생상품계약_장내파생상품_통화관련거래,17263818000,국내증권사,B,SF205,각주항목(09.06월 이후)
7307,202406,0010114,SK증권주식회사,C13,파생상품계약_장내파생상품_주식관련거래,195476027998,국내증권사,B,SF205,각주항목(09.06월 이후)
7308,202406,0010114,SK증권주식회사,C14,파생상품계약_장내파생상품_일반상품관련거래,1137292565,국내증권사,B,SF205,각주항목(09.06월 이후)
7309,202406,0010114,SK증권주식회사,C15,파생상품계약_장내파생상품_기타,0,국내증권사,B,SF205,각주항목(09.06월 이후)
7310,202406,0010114,SK증권주식회사,C2,파생상품계약_장외파생상품,3326754045983,국내증권사,B,SF205,각주항목(09.06월 이후)
7311,202406,0010114,SK증권주식회사,C21,파생상품계약_장외파생상품_이자율관련거래,1099845300000,국내증권사,B,SF205,각주항목(09.06월 이후)
7312,202406,0010114,SK증권주식회사,C22,파생상품계약_장외파생상품_통화관련거래,1934484200068,국내증권사,B,SF205,각주항목(09.06월 이후)
7313,202406,0010114,SK증권주식회사,C23,파생상품계약_장외파생상품_주식관련거래,7138000000,국내증권사,B,SF205,각주항목(09.06월 이후)
7314,202406,0010114,SK증권주식회사,C24,파생상품계약_장외파생상품_신용관련거래,0,국내증권사,B,SF205,각주항목(09.06월 이후)
7315,202406,0010114,SK증권주식회사,C25,파생상품계약_장외파생상품_기타,285286545915,국내증권사,B,SF205,각주항목(09.06월 이후)
7316,202406,0010114,SK증권주식회사,D,대차 및 대주거래,294169662482,국내증권사,B,SF205,각주항목(09.06월 이후)
7317,202406,0010114,SK증권주식회사,D1,대차 및 대주거래_대여증권,0,국내증권사,B,SF205,각주항목(09.06월 이후)
7318,202406,0010114,SK증권주식회사,D2,대차 및 대주거래_차입증권,294169662482,국내증권사,B,SF205,각주항목(09.06월 이후)
7319,202406,0010114,SK증권주식회사,D3,대차 및 대주거래_신용거래대주,0,국내증권사,B,SF205,각주항목(09.06월 이후)
7320,202406,0010114,SK증권주식회사,E,대손상각채권,18356786590,국내증권사,B,SF205,각주항목(09.06월 이후)
7321,202406,0010114,SK증권주식회사,F,환전업무 예치금,0,국내증권사,B,SF205,각주항목(09.06월 이후)
7322,202406,0010114,SK증권주식회사,G,미배당별도예치금,1909702473,국내증권사,B,SF205,각주항목(09.06월 이후)
7323,202406,0010114,SK증권주식회사,H,배서어음매출(종금계정),0,국내증권사,B,SF205,각주항목(09.06월 이후)
7324,202406,0010114,SK증권주식회사,H1,대출채권매매이익_담보부,0,국내증권사,B,SF205,각주항목(09.06월 이후)
7325,202406,0010114,SK증권주식회사,H2,대출채권매매이익_무담보부,0,국내증권사,B,SF205,각주항목(09.06월 이후)
7326,202409,0010114,SK증권주식회사,A,채무보증,151168793124,국내증권사,B,SF205,각주항목(09.06월 이후)
7327,202409,0010114,SK증권주식회사,A1,채무보증_지급보증,0,국내증권사,B,SF205,각주항목(09.06월 이후)
7328,202409,0010114,SK증권주식회사,A2,채무보증_매입보장약정,0,국내증권사,B,SF205,각주항목(09.06월 이후)
7329,202409,0010114,SK증권주식회사,A3,채무보증_채무인수약정,0,국내증권사,B,SF205,각주항목(09.06월 이후)
7330,202409,0010114,SK증권주식회사,A5,채무보증_매입확약,151168793124,국내증권사,B,SF205,각주항목(09.06월 이후)
7331,202409,0010114,SK증권주식회사,A6,채무보증_기타,0,국내증권사,B,SF205,각주항목(09.06월 이후)
7332,202409,0010114,SK증권주식회사,B,투자자의 예수증권 등,78262605773231,국내증권사,B,SF205,각주항목(09.06월 이후)
7333,202409,0010114,SK증권주식회사,B1,투자자의 예수증권 등_예수 증권,78262605773231,국내증권사,B,SF205,각주항목(09.06월 이후)
7334,202409,0010114,SK증권주식회사,B2,투자자의 예수증권 등_예수양도성예금증서,0,국내증권사,B,SF205,각주항목(09.06월 이후)
7335,202409,0010114,SK증권주식회사,B3,투자자의 예수증권 등_기타,0,국내증권사,B,SF205,각주항목(09.06월 이후)
7336,202409,0010114,SK증권주식회사,C,파생상품계약,4182057608028,국내증권사,B,SF205,각주항목(09.06월 이후)
7337,202409,0010114,SK증권주식회사,C1,파생상품계약_장내파생상품,629671781737,국내증권사,B,SF205,각주항목(09.06월 이후)
7338,202409,0010114,SK증권주식회사,C11,파생상품계약_장내파생상품_이자율관련거래,448136478109,국내증권사,B,SF205,각주항목(09.06월 이후)
7339,202409,0010114,SK증권주식회사,C12,파생상품계약_장내파생상품_통화관련거래,17995328000,국내증권사,B,SF205,각주항목(09.06월 이후)
7340,202409,0010114,SK증권주식회사,C13,파생상품계약_장내파생상품_주식관련거래,161850197846,국내증권사,B,SF205,각주항목(09.06월 이후)
7341,202409,0010114,SK증권주식회사,C14,파생상품계약_장내파생상품_일반상품관련거래,1689777782,국내증권사,B,SF205,각주항목(09.06월 이후)
7342,202409,0010114,SK증권주식회사,C15,파생상품계약_장내파생상품_기타,0,국내증권사,B,SF205,각주항목(09.06월 이후)
7343,202409,0010114,SK증권주식회사,C2,파생상품계약_장외파생상품,3552385826291,국내증권사,B,SF205,각주항목(09.06월 이후)
7344,202409,0010114,SK증권주식회사,C21,파생상품계약_장외파생상품_이자율관련거래,849845300000,국내증권사,B,SF205,각주항목(09.06월 이후)
7345,202409,0010114,SK증권주식회사,C22,파생상품계약_장외파생상품_통화관련거래,2453906954376,국내증권사,B,SF205,각주항목(09.06월 이후)
7346,202409,0010114,SK증권주식회사,C23,파생상품계약_장외파생상품_주식관련거래,7530000000,국내증권사,B,SF205,각주항목(09.06월 이후)
7347,202409,0010114,SK증권주식회사,C24,파생상품계약_장외파생상품_신용관련거래,0,국내증권사,B,SF205,각주항목(09.06월 이후)
7348,202409,0010114,SK증권주식회사,C25,파생상품계약_장외파생상품_기타,241103571915,국내증권사,B,SF205,각주항목(09.06월 이후)
7349,202409,0010114,SK증권주식회사,D,대차 및 대주거래,210813137258,국내증권사,B,SF205,각주항목(09.06월 이후)
7350,202409,0010114,SK증권주식회사,D1,대차 및 대주거래_대여증권,0,국내증권사,B,SF205,각주항목(09.06월 이후)
7351,202409,0010114,SK증권주식회사,D2,대차 및 대주거래_차입증권,210813137258,국내증권사,B,SF205,각주항목(09.06월 이후)
7352,202409,0010114,SK증권주식회사,D3,대차 및 대주거래_신용거래대주,0,국내증권사,B,SF205,각주항목(09.06월 이후)
7353,202409,0010114,SK증권주식회사,E,대손상각채권,18356786590,국내증권사,B,SF205,각주항목(09.06월 이후)
7354,202409,0010114,SK증권주식회사,F,환전업무 예치금,0,국내증권사,B,SF205,각주항목(09.06월 이후)
7355,202409,0010114,SK증권주식회사,G,미배당별도예치금,1931893210,국내증권사,B,SF205,각주항목(09.06월 이후)
7356,202409,0010114,SK증권주식회사,H,배서어음매출(종금계정),0,국내증권사,B,SF205,각주항목(09.06월 이후)
7357,202409,0010114,SK증권주식회사,H1,대출채권매매이익_담보부,0,국내증권사,B,SF205,각주항목(09.06월 이후)
7358,202409,0010114,SK증권주식회사,H2,대출채권매매이익_무담보부,0,국내증권사,B,SF205,각주항목(09.06월 이후)
7359,202412,0010114,SK증권주식회사,A,채무보증,157118793124,국내증권사,B,SF205,각주항목(09.06월 이후)
7360,202412,0010114,SK증권주식회사,A1,채무보증_지급보증,0,국내증권사,B,SF205,각주항목(09.06월 이후)
7361,202412,0010114,SK증권주식회사,A2,채무보증_매입보장약정,0,국내증권사,B,SF205,각주항목(09.06월 이후)
7362,202412,0010114,SK증권주식회사,A3,채무보증_채무인수약정,0,국내증권사,B,SF205,각주항목(09.06월 이후)
7363,202412,0010114,SK증권주식회사,A5,채무보증_매입확약,157118793124,국내증권사,B,SF205,각주항목(09.06월 이후)
7364,202412,0010114,SK증권주식회사,A6,채무보증_기타,0,국내증권사,B,SF205,각주항목(09.06월 이후)
7365,202412,0010114,SK증권주식회사,B,투자자의 예수증권 등,83159706807474,국내증권사,B,SF205,각주항목(09.06월 이후)
7366,202412,0010114,SK증권주식회사,B1,투자자의 예수증권 등_예수 증권,83159706807474,국내증권사,B,SF205,각주항목(09.06월 이후)
7367,202412,0010114,SK증권주식회사,B2,투자자의 예수증권 등_예수양도성예금증서,0,국내증권사,B,SF205,각주항목(09.06월 이후)
7368,202412,0010114,SK증권주식회사,B3,투자자의 예수증권 등_기타,0,국내증권사,B,SF205,각주항목(09.06월 이후)
7369,202412,0010114,SK증권주식회사,C,파생상품계약,3729863399541,국내증권사,B,SF205,각주항목(09.06월 이후)
7370,202412,0010114,SK증권주식회사,C1,파생상품계약_장내파생상품,426826008231,국내증권사,B,SF205,각주항목(09.06월 이후)
7371,202412,0010114,SK증권주식회사,C11,파생상품계약_장내파생상품_이자율관련거래,260960230395,국내증권사,B,SF205,각주항목(09.06월 이후)
7372,202412,0010114,SK증권주식회사,C12,파생상품계약_장내파생상품_통화관련거래,10793425000,국내증권사,B,SF205,각주항목(09.06월 이후)
7373,202412,0010114,SK증권주식회사,C13,파생상품계약_장내파생상품_주식관련거래,153687496676,국내증권사,B,SF205,각주항목(09.06월 이후)
7374,202412,0010114,SK증권주식회사,C14,파생상품계약_장내파생상품_일반상품관련거래,1384856160,국내증권사,B,SF205,각주항목(09.06월 이후)
7375,202412,0010114,SK증권주식회사,C15,파생상품계약_장내파생상품_기타,0,국내증권사,B,SF205,각주항목(09.06월 이후)
7376,202412,0010114,SK증권주식회사,C2,파생상품계약_장외파생상품,3303037391310,국내증권사,B,SF205,각주항목(09.06월 이후)
7377,202412,0010114,SK증권주식회사,C21,파생상품계약_장외파생상품_이자율관련거래,1069845300000,국내증권사,B,SF205,각주항목(09.06월 이후)
7378,202412,0010114,SK증권주식회사,C22,파생상품계약_장외파생상품_통화관련거래,2136150982727,국내증권사,B,SF205,각주항목(09.06월 이후)
7379,202412,0010114,SK증권주식회사,C23,파생상품계약_장외파생상품_주식관련거래,7174000000,국내증권사,B,SF205,각주항목(09.06월 이후)
7380,202412,0010114,SK증권주식회사,C24,파생상품계약_장외파생상품_신용관련거래,0,국내증권사,B,SF205,각주항목(09.06월 이후)
7381,202412,0010114,SK증권주식회사,C25,파생상품계약_장외파생상품_기타,89867108583,국내증권사,B,SF205,각주항목(09.06월 이후)
7382,202412,0010114,SK증권주식회사,D,대차 및 대주거래,89517630878,국내증권사,B,SF205,각주항목(09.06월 이후)
7383,202412,0010114,SK증권주식회사,D1,대차 및 대주거래_대여증권,0,국내증권사,B,SF205,각주항목(09.06월 이후)
7384,202412,0010114,SK증권주식회사,D2,대차 및 대주거래_차입증권,89517630878,국내증권사,B,SF205,각주항목(09.06월 이후)
7385,202412,0010114,SK증권주식회사,D3,대차 및 대주거래_신용거래대주,0,국내증권사,B,SF205,각주항목(09.06월 이후)
7386,202412,0010114,SK증권주식회사,E,대손상각채권,18356786590,국내증권사,B,SF205,각주항목(09.06월 이후)
7387,202412,0010114,SK증권주식회사,F,환전업무 예치금,0,국내증권사,B,SF205,각주항목(09.06월 이후)
7388,202412,0010114,SK증권주식회사,G,미배당별도예치금,2108444440,국내증권사,B,SF205,각주항목(09.06월 이후)
7389,202412,0010114,SK증권주식회사,H,배서어음매출(종금계정),0,국내증권사,B,SF205,각주항목(09.06월 이후)
7390,202412,0010114,SK증권주식회사,H1,대출채권매매이익_담보부,0,국내증권사,B,SF205,각주항목(09.06월 이후)
7391,202412,0010114,SK증권주식회사,H2,대출채권매매이익_무담보부,0,국내증권사,B,SF205,각주항목(09.06월 이후)
7392,201703,0010090,교보증권(주),A,채무보증,995000000000,국내증권사,B,SF205,각주항목(09.06월 이후)
7393,201703,0010090,교보증권(주),A1,채무보증_지급보증,0,국내증권사,B,SF205,각주항목(09.06월 이후)
7394,201703,0010090,교보증권(주),A2,채무보증_매입보장약정,497400000000,국내증권사,B,SF205,각주항목(09.06월 이후)
7395,201703,0010090,교보증권(주),A3,채무보증_채무인수약정,0,국내증권사,B,SF205,각주항목(09.06월 이후)
7396,201703,0010090,교보증권(주),A5,채무보증_매입확약,497600000000,국내증권사,B,SF205,각주항목(09.06월 이후)
7397,201703,0010090,교보증권(주),A6,채무보증_기타,0,국내증권사,B,SF205,각주항목(09.06월 이후)
7398,201703,0010090,교보증권(주),B,투자자의 예수증권 등,25133748323793,국내증권사,B,SF205,각주항목(09.06월 이후)
7399,201703,0010090,교보증권(주),B1,투자자의 예수증권 등_예수 증권,19960457323793,국내증권사,B,SF205,각주항목(09.06월 이후)
7400,201703,0010090,교보증권(주),B2,투자자의 예수증권 등_예수양도성예금증서,0,국내증권사,B,SF205,각주항목(09.06월 이후)
7401,201703,0010090,교보증권(주),B3,투자자의 예수증권 등_기타,5173291000000,국내증권사,B,SF205,각주항목(09.06월 이후)
7402,201703,0010090,교보증권(주),C,파생상품계약,24431744677933,국내증권사,B,SF205,각주항목(09.06월 이후)
7403,201703,0010090,교보증권(주),C1,파생상품계약_장내파생상품,632726495039,국내증권사,B,SF205,각주항목(09.06월 이후)
7404,201703,0010090,교보증권(주),C11,파생상품계약_장내파생상품_이자율관련거래,493010165425,국내증권사,B,SF205,각주항목(09.06월 이후)
7405,201703,0010090,교보증권(주),C12,파생상품계약_장내파생상품_통화관련거래,7858154307,국내증권사,B,SF205,각주항목(09.06월 이후)
7406,201703,0010090,교보증권(주),C13,파생상품계약_장내파생상품_주식관련거래,48206956730,국내증권사,B,SF205,각주항목(09.06월 이후)
7407,201703,0010090,교보증권(주),C14,파생상품계약_장내파생상품_일반상품관련거래,0,국내증권사,B,SF205,각주항목(09.06월 이후)
7408,201703,0010090,교보증권(주),C15,파생상품계약_장내파생상품_기타,83651218577,국내증권사,B,SF205,각주항목(09.06월 이후)
7409,201703,0010090,교보증권(주),C2,파생상품계약_장외파생상품,23799018182894,국내증권사,B,SF205,각주항목(09.06월 이후)
7410,201703,0010090,교보증권(주),C21,파생상품계약_장외파생상품_이자율관련거래,4510014200000,국내증권사,B,SF205,각주항목(09.06월 이후)
7411,201703,0010090,교보증권(주),C22,파생상품계약_장외파생상품_통화관련거래,8380411989467,국내증권사,B,SF205,각주항목(09.06월 이후)
7412,201703,0010090,교보증권(주),C23,파생상품계약_장외파생상품_주식관련거래,193009440000,국내증권사,B,SF205,각주항목(09.06월 이후)
7413,201703,0010090,교보증권(주),C24,파생상품계약_장외파생상품_신용관련거래,9952302381150,국내증권사,B,SF205,각주항목(09.06월 이후)
7414,201703,0010090,교보증권(주),C25,파생상품계약_장외파생상품_기타,763280172277,국내증권사,B,SF205,각주항목(09.06월 이후)
7415,201703,0010090,교보증권(주),D,대차 및 대주거래,2692996590000,국내증권사,B,SF205,각주항목(09.06월 이후)
7416,201703,0010090,교보증권(주),D1,대차 및 대주거래_대여증권,0,국내증권사,B,SF205,각주항목(09.06월 이후)
7417,201703,0010090,교보증권(주),D2,대차 및 대주거래_차입증권,2692996590000,국내증권사,B,SF205,각주항목(09.06월 이후)
7418,201703,0010090,교보증권(주),D3,대차 및 대주거래_신용거래대주, ,국내증권사,B,SF205,각주항목(09.06월 이후)
7419,201703,0010090,교보증권(주),E,대손상각채권, ,국내증권사,B,SF205,각주항목(09.06월 이후)
7420,201703,0010090,교보증권(주),F,환전업무 예치금,0,국내증권사,B,SF205,각주항목(09.06월 이후)
7421,201703,0010090,교보증권(주),G,미배당별도예치금,587341020,국내증권사,B,SF205,각주항목(09.06월 이후)
7422,201703,0010090,교보증권(주),H,배서어음매출(종금계정),0,국내증권사,B,SF205,각주항목(09.06월 이후)
7423,201703,0010090,교보증권(주),H1,대출채권매매이익_담보부, ,국내증권사,B,SF205,각주항목(09.06월 이후)
7424,201703,0010090,교보증권(주),H2,대출채권매매이익_무담보부, ,국내증권사,B,SF205,각주항목(09.06월 이후)
7425,201706,0010090,교보증권(주),A,채무보증,963700000000,국내증권사,B,SF205,각주항목(09.06월 이후)
7426,201706,0010090,교보증권(주),A1,채무보증_지급보증,0,국내증권사,B,SF205,각주항목(09.06월 이후)
7427,201706,0010090,교보증권(주),A2,채무보증_매입보장약정,498700000000,국내증권사,B,SF205,각주항목(09.06월 이후)
7428,201706,0010090,교보증권(주),A3,채무보증_채무인수약정,0,국내증권사,B,SF205,각주항목(09.06월 이후)
7429,201706,0010090,교보증권(주),A5,채무보증_매입확약,465000000000,국내증권사,B,SF205,각주항목(09.06월 이후)
7430,201706,0010090,교보증권(주),A6,채무보증_기타, ,국내증권사,B,SF205,각주항목(09.06월 이후)
7431,201706,0010090,교보증권(주),B,투자자의 예수증권 등,27381179634101,국내증권사,B,SF205,각주항목(09.06월 이후)
7432,201706,0010090,교보증권(주),B1,투자자의 예수증권 등_예수 증권,21290228634101,국내증권사,B,SF205,각주항목(09.06월 이후)
7433,201706,0010090,교보증권(주),B2,투자자의 예수증권 등_예수양도성예금증서,0,국내증권사,B,SF205,각주항목(09.06월 이후)
7434,201706,0010090,교보증권(주),B3,투자자의 예수증권 등_기타,6090951000000,국내증권사,B,SF205,각주항목(09.06월 이후)
7435,201706,0010090,교보증권(주),C,파생상품계약,26003323014874,국내증권사,B,SF205,각주항목(09.06월 이후)
7436,201706,0010090,교보증권(주),C1,파생상품계약_장내파생상품,688893938251,국내증권사,B,SF205,각주항목(09.06월 이후)
7437,201706,0010090,교보증권(주),C11,파생상품계약_장내파생상품_이자율관련거래,560356592597,국내증권사,B,SF205,각주항목(09.06월 이후)
7438,201706,0010090,교보증권(주),C12,파생상품계약_장내파생상품_통화관련거래,585140000,국내증권사,B,SF205,각주항목(09.06월 이후)
7439,201706,0010090,교보증권(주),C13,파생상품계약_장내파생상품_주식관련거래,51092250055,국내증권사,B,SF205,각주항목(09.06월 이후)
7440,201706,0010090,교보증권(주),C14,파생상품계약_장내파생상품_일반상품관련거래,0,국내증권사,B,SF205,각주항목(09.06월 이후)
7441,201706,0010090,교보증권(주),C15,파생상품계약_장내파생상품_기타,76859955599,국내증권사,B,SF205,각주항목(09.06월 이후)
7442,201706,0010090,교보증권(주),C2,파생상품계약_장외파생상품,25314429076623,국내증권사,B,SF205,각주항목(09.06월 이후)
7443,201706,0010090,교보증권(주),C21,파생상품계약_장외파생상품_이자율관련거래,4874482400000,국내증권사,B,SF205,각주항목(09.06월 이후)
7444,201706,0010090,교보증권(주),C22,파생상품계약_장외파생상품_통화관련거래,8516725768360,국내증권사,B,SF205,각주항목(09.06월 이후)
7445,201706,0010090,교보증권(주),C23,파생상품계약_장외파생상품_주식관련거래,104009720000,국내증권사,B,SF205,각주항목(09.06월 이후)
7446,201706,0010090,교보증권(주),C24,파생상품계약_장외파생상품_신용관련거래,10694036251464,국내증권사,B,SF205,각주항목(09.06월 이후)
7447,201706,0010090,교보증권(주),C25,파생상품계약_장외파생상품_기타,1125174936799,국내증권사,B,SF205,각주항목(09.06월 이후)
7448,201706,0010090,교보증권(주),D,대차 및 대주거래,3096384424000,국내증권사,B,SF205,각주항목(09.06월 이후)
7449,201706,0010090,교보증권(주),D1,대차 및 대주거래_대여증권,138331200000,국내증권사,B,SF205,각주항목(09.06월 이후)
7450,201706,0010090,교보증권(주),D2,대차 및 대주거래_차입증권,2958053224000,국내증권사,B,SF205,각주항목(09.06월 이후)
7451,201706,0010090,교보증권(주),D3,대차 및 대주거래_신용거래대주, ,국내증권사,B,SF205,각주항목(09.06월 이후)
7452,201706,0010090,교보증권(주),E,대손상각채권, ,국내증권사,B,SF205,각주항목(09.06월 이후)
7453,201706,0010090,교보증권(주),F,환전업무 예치금,0,국내증권사,B,SF205,각주항목(09.06월 이후)
7454,201706,0010090,교보증권(주),G,미배당별도예치금,813599769,국내증권사,B,SF205,각주항목(09.06월 이후)
7455,201706,0010090,교보증권(주),H,배서어음매출(종금계정),0,국내증권사,B,SF205,각주항목(09.06월 이후)
7456,201706,0010090,교보증권(주),H1,대출채권매매이익_담보부, ,국내증권사,B,SF205,각주항목(09.06월 이후)
7457,201706,0010090,교보증권(주),H2,대출채권매매이익_무담보부, ,국내증권사,B,SF205,각주항목(09.06월 이후)
7458,201709,0010090,교보증권(주),A,채무보증,1048200000000,국내증권사,B,SF205,각주항목(09.06월 이후)
7459,201709,0010090,교보증권(주),A1,채무보증_지급보증,0,국내증권사,B,SF205,각주항목(09.06월 이후)
7460,201709,0010090,교보증권(주),A2,채무보증_매입보장약정,402300000000,국내증권사,B,SF205,각주항목(09.06월 이후)
7461,201709,0010090,교보증권(주),A3,채무보증_채무인수약정, ,국내증권사,B,SF205,각주항목(09.06월 이후)
7462,201709,0010090,교보증권(주),A5,채무보증_매입확약,645900000000,국내증권사,B,SF205,각주항목(09.06월 이후)
7463,201709,0010090,교보증권(주),A6,채무보증_기타, ,국내증권사,B,SF205,각주항목(09.06월 이후)
7464,201709,0010090,교보증권(주),B,투자자의 예수증권 등,29708730019184,국내증권사,B,SF205,각주항목(09.06월 이후)
7465,201709,0010090,교보증권(주),B1,투자자의 예수증권 등_예수 증권,22369672019184,국내증권사,B,SF205,각주항목(09.06월 이후)
7466,201709,0010090,교보증권(주),B2,투자자의 예수증권 등_예수양도성예금증서, ,국내증권사,B,SF205,각주항목(09.06월 이후)
7467,201709,0010090,교보증권(주),B3,투자자의 예수증권 등_기타,7339058000000,국내증권사,B,SF205,각주항목(09.06월 이후)
7468,201709,0010090,교보증권(주),C,파생상품계약,26342715409750,국내증권사,B,SF205,각주항목(09.06월 이후)
7469,201709,0010090,교보증권(주),C1,파생상품계약_장내파생상품,875978821961,국내증권사,B,SF205,각주항목(09.06월 이후)
7470,201709,0010090,교보증권(주),C11,파생상품계약_장내파생상품_이자율관련거래,698294970231,국내증권사,B,SF205,각주항목(09.06월 이후)
7471,201709,0010090,교보증권(주),C12,파생상품계약_장내파생상품_통화관련거래,2291000000,국내증권사,B,SF205,각주항목(09.06월 이후)
7472,201709,0010090,교보증권(주),C13,파생상품계약_장내파생상품_주식관련거래,75806375859,국내증권사,B,SF205,각주항목(09.06월 이후)
7473,201709,0010090,교보증권(주),C14,파생상품계약_장내파생상품_일반상품관련거래,0,국내증권사,B,SF205,각주항목(09.06월 이후)
7474,201709,0010090,교보증권(주),C15,파생상품계약_장내파생상품_기타,99586475871,국내증권사,B,SF205,각주항목(09.06월 이후)
7475,201709,0010090,교보증권(주),C2,파생상품계약_장외파생상품,25466736587789,국내증권사,B,SF205,각주항목(09.06월 이후)
7476,201709,0010090,교보증권(주),C21,파생상품계약_장외파생상품_이자율관련거래,5734975200000,국내증권사,B,SF205,각주항목(09.06월 이후)
7477,201709,0010090,교보증권(주),C22,파생상품계약_장외파생상품_통화관련거래,7758244133877,국내증권사,B,SF205,각주항목(09.06월 이후)
7478,201709,0010090,교보증권(주),C23,파생상품계약_장외파생상품_주식관련거래,94626190000,국내증권사,B,SF205,각주항목(09.06월 이후)
7479,201709,0010090,교보증권(주),C24,파생상품계약_장외파생상품_신용관련거래,10537325878141,국내증권사,B,SF205,각주항목(09.06월 이후)
7480,201709,0010090,교보증권(주),C25,파생상품계약_장외파생상품_기타,1341565185771,국내증권사,B,SF205,각주항목(09.06월 이후)
7481,201709,0010090,교보증권(주),D,대차 및 대주거래,3139702310000,국내증권사,B,SF205,각주항목(09.06월 이후)
7482,201709,0010090,교보증권(주),D1,대차 및 대주거래_대여증권,140252000000,국내증권사,B,SF205,각주항목(09.06월 이후)
7483,201709,0010090,교보증권(주),D2,대차 및 대주거래_차입증권,2999450310000,국내증권사,B,SF205,각주항목(09.06월 이후)
7484,201709,0010090,교보증권(주),D3,대차 및 대주거래_신용거래대주, ,국내증권사,B,SF205,각주항목(09.06월 이후)
7485,201709,0010090,교보증권(주),E,대손상각채권, ,국내증권사,B,SF205,각주항목(09.06월 이후)
7486,201709,0010090,교보증권(주),F,환전업무 예치금,0,국내증권사,B,SF205,각주항목(09.06월 이후)
7487,201709,0010090,교보증권(주),G,미배당별도예치금,1055459846,국내증권사,B,SF205,각주항목(09.06월 이후)
7488,201709,0010090,교보증권(주),H,배서어음매출(종금계정),0,국내증권사,B,SF205,각주항목(09.06월 이후)
7489,201709,0010090,교보증권(주),H1,대출채권매매이익_담보부, ,국내증권사,B,SF205,각주항목(09.06월 이후)
7490,201709,0010090,교보증권(주),H2,대출채권매매이익_무담보부, ,국내증권사,B,SF205,각주항목(09.06월 이후)
7491,201712,0010090,교보증권(주),A,채무보증,936300000000,국내증권사,B,SF205,각주항목(09.06월 이후)
7492,201712,0010090,교보증권(주),A1,채무보증_지급보증,0,국내증권사,B,SF205,각주항목(09.06월 이후)
7493,201712,0010090,교보증권(주),A2,채무보증_매입보장약정,563200000000,국내증권사,B,SF205,각주항목(09.06월 이후)
7494,201712,0010090,교보증권(주),A3,채무보증_채무인수약정, ,국내증권사,B,SF205,각주항목(09.06월 이후)
7495,201712,0010090,교보증권(주),A5,채무보증_매입확약,373100000000,국내증권사,B,SF205,각주항목(09.06월 이후)
7496,201712,0010090,교보증권(주),A6,채무보증_기타, ,국내증권사,B,SF205,각주항목(09.06월 이후)
7497,201712,0010090,교보증권(주),B,투자자의 예수증권 등,28981035021388,국내증권사,B,SF205,각주항목(09.06월 이후)
7498,201712,0010090,교보증권(주),B1,투자자의 예수증권 등_예수 증권,22223858021388,국내증권사,B,SF205,각주항목(09.06월 이후)
7499,201712,0010090,교보증권(주),B2,투자자의 예수증권 등_예수양도성예금증서, ,국내증권사,B,SF205,각주항목(09.06월 이후)
7500,201712,0010090,교보증권(주),B3,투자자의 예수증권 등_기타,6757177000000,국내증권사,B,SF205,각주항목(09.06월 이후)
7501,201712,0010090,교보증권(주),C,파생상품계약,26727660542279,국내증권사,B,SF205,각주항목(09.06월 이후)
7502,201712,0010090,교보증권(주),C1,파생상품계약_장내파생상품,827493384851,국내증권사,B,SF205,각주항목(09.06월 이후)
7503,201712,0010090,교보증권(주),C11,파생상품계약_장내파생상품_이자율관련거래,656507386584,국내증권사,B,SF205,각주항목(09.06월 이후)
7504,201712,0010090,교보증권(주),C12,파생상품계약_장내파생상품_통화관련거래,2137400000,국내증권사,B,SF205,각주항목(09.06월 이후)
7505,201712,0010090,교보증권(주),C13,파생상품계약_장내파생상품_주식관련거래,107341243236,국내증권사,B,SF205,각주항목(09.06월 이후)
7506,201712,0010090,교보증권(주),C14,파생상품계약_장내파생상품_일반상품관련거래,0,국내증권사,B,SF205,각주항목(09.06월 이후)
7507,201712,0010090,교보증권(주),C15,파생상품계약_장내파생상품_기타,61507355031,국내증권사,B,SF205,각주항목(09.06월 이후)
7508,201712,0010090,교보증권(주),C2,파생상품계약_장외파생상품,25900167157428,국내증권사,B,SF205,각주항목(09.06월 이후)
7509,201712,0010090,교보증권(주),C21,파생상품계약_장외파생상품_이자율관련거래,6233462200000,국내증권사,B,SF205,각주항목(09.06월 이후)
7510,201712,0010090,교보증권(주),C22,파생상품계약_장외파생상품_통화관련거래,7675890394300,국내증권사,B,SF205,각주항목(09.06월 이후)
7511,201712,0010090,교보증권(주),C23,파생상품계약_장외파생상품_주식관련거래,170582539200,국내증권사,B,SF205,각주항목(09.06월 이후)
7512,201712,0010090,교보증권(주),C24,파생상품계약_장외파생상품_신용관련거래,10504996571097,국내증권사,B,SF205,각주항목(09.06월 이후)
7513,201712,0010090,교보증권(주),C25,파생상품계약_장외파생상품_기타,1315235452831,국내증권사,B,SF205,각주항목(09.06월 이후)
7514,201712,0010090,교보증권(주),D,대차 및 대주거래,3073003094680,국내증권사,B,SF205,각주항목(09.06월 이후)
7515,201712,0010090,교보증권(주),D1,대차 및 대주거래_대여증권,153623000000,국내증권사,B,SF205,각주항목(09.06월 이후)
7516,201712,0010090,교보증권(주),D2,대차 및 대주거래_차입증권,2919380094680,국내증권사,B,SF205,각주항목(09.06월 이후)
7517,201712,0010090,교보증권(주),D3,대차 및 대주거래_신용거래대주, ,국내증권사,B,SF205,각주항목(09.06월 이후)
7518,201712,0010090,교보증권(주),E,대손상각채권, ,국내증권사,B,SF205,각주항목(09.06월 이후)
7519,201712,0010090,교보증권(주),F,환전업무 예치금,0,국내증권사,B,SF205,각주항목(09.06월 이후)
7520,201712,0010090,교보증권(주),G,미배당별도예치금,598491546,국내증권사,B,SF205,각주항목(09.06월 이후)
7521,201712,0010090,교보증권(주),H,배서어음매출(종금계정),0,국내증권사,B,SF205,각주항목(09.06월 이후)
7522,201712,0010090,교보증권(주),H1,대출채권매매이익_담보부, ,국내증권사,B,SF205,각주항목(09.06월 이후)
7523,201712,0010090,교보증권(주),H2,대출채권매매이익_무담보부, ,국내증권사,B,SF205,각주항목(09.06월 이후)
7524,201803,0010090,교보증권(주),A,채무보증,816320000000,국내증권사,B,SF205,각주항목(09.06월 이후)
7525,201803,0010090,교보증권(주),A1,채무보증_지급보증,0,국내증권사,B,SF205,각주항목(09.06월 이후)
7526,201803,0010090,교보증권(주),A2,채무보증_매입보장약정,489200000000,국내증권사,B,SF205,각주항목(09.06월 이후)
7527,201803,0010090,교보증권(주),A3,채무보증_채무인수약정, ,국내증권사,B,SF205,각주항목(09.06월 이후)
7528,201803,0010090,교보증권(주),A5,채무보증_매입확약,327120000000,국내증권사,B,SF205,각주항목(09.06월 이후)
7529,201803,0010090,교보증권(주),A6,채무보증_기타, ,국내증권사,B,SF205,각주항목(09.06월 이후)
7530,201803,0010090,교보증권(주),B,투자자의 예수증권 등,30673203380115,국내증권사,B,SF205,각주항목(09.06월 이후)
7531,201803,0010090,교보증권(주),B1,투자자의 예수증권 등_예수 증권,24374879380115,국내증권사,B,SF205,각주항목(09.06월 이후)
7532,201803,0010090,교보증권(주),B2,투자자의 예수증권 등_예수양도성예금증서, ,국내증권사,B,SF205,각주항목(09.06월 이후)
7533,201803,0010090,교보증권(주),B3,투자자의 예수증권 등_기타,6298324000000,국내증권사,B,SF205,각주항목(09.06월 이후)
7534,201803,0010090,교보증권(주),C,파생상품계약,24327035557287,국내증권사,B,SF205,각주항목(09.06월 이후)
7535,201803,0010090,교보증권(주),C1,파생상품계약_장내파생상품,909757183780,국내증권사,B,SF205,각주항목(09.06월 이후)
7536,201803,0010090,교보증권(주),C11,파생상품계약_장내파생상품_이자율관련거래,738830943758,국내증권사,B,SF205,각주항목(09.06월 이후)
7537,201803,0010090,교보증권(주),C12,파생상품계약_장내파생상품_통화관련거래,3293440000,국내증권사,B,SF205,각주항목(09.06월 이후)
7538,201803,0010090,교보증권(주),C13,파생상품계약_장내파생상품_주식관련거래,108595701180,국내증권사,B,SF205,각주항목(09.06월 이후)
7539,201803,0010090,교보증권(주),C14,파생상품계약_장내파생상품_일반상품관련거래,0,국내증권사,B,SF205,각주항목(09.06월 이후)
7540,201803,0010090,교보증권(주),C15,파생상품계약_장내파생상품_기타,59037098842,국내증권사,B,SF205,각주항목(09.06월 이후)
7541,201803,0010090,교보증권(주),C2,파생상품계약_장외파생상품,23417278373507,국내증권사,B,SF205,각주항목(09.06월 이후)
7542,201803,0010090,교보증권(주),C21,파생상품계약_장외파생상품_이자율관련거래,5952794300000,국내증권사,B,SF205,각주항목(09.06월 이후)
7543,201803,0010090,교보증권(주),C22,파생상품계약_장외파생상품_통화관련거래,6402578956568,국내증권사,B,SF205,각주항목(09.06월 이후)
7544,201803,0010090,교보증권(주),C23,파생상품계약_장외파생상품_주식관련거래,237339239200,국내증권사,B,SF205,각주항목(09.06월 이후)
7545,201803,0010090,교보증권(주),C24,파생상품계약_장외파생상품_신용관련거래,9496770491097,국내증권사,B,SF205,각주항목(09.06월 이후)
7546,201803,0010090,교보증권(주),C25,파생상품계약_장외파생상품_기타,1327795386642,국내증권사,B,SF205,각주항목(09.06월 이후)
7547,201803,0010090,교보증권(주),D,대차 및 대주거래,2561391907500,국내증권사,B,SF205,각주항목(09.06월 이후)
7548,201803,0010090,교보증권(주),D1,대차 및 대주거래_대여증권,108856000000,국내증권사,B,SF205,각주항목(09.06월 이후)
7549,201803,0010090,교보증권(주),D2,대차 및 대주거래_차입증권,2452535907500,국내증권사,B,SF205,각주항목(09.06월 이후)
7550,201803,0010090,교보증권(주),D3,대차 및 대주거래_신용거래대주, ,국내증권사,B,SF205,각주항목(09.06월 이후)
7551,201803,0010090,교보증권(주),E,대손상각채권, ,국내증권사,B,SF205,각주항목(09.06월 이후)
7552,201803,0010090,교보증권(주),F,환전업무 예치금,0,국내증권사,B,SF205,각주항목(09.06월 이후)
7553,201803,0010090,교보증권(주),G,미배당별도예치금,743591829,국내증권사,B,SF205,각주항목(09.06월 이후)
7554,201803,0010090,교보증권(주),H,배서어음매출(종금계정),0,국내증권사,B,SF205,각주항목(09.06월 이후)
7555,201803,0010090,교보증권(주),H1,대출채권매매이익_담보부, ,국내증권사,B,SF205,각주항목(09.06월 이후)
7556,201803,0010090,교보증권(주),H2,대출채권매매이익_무담보부, ,국내증권사,B,SF205,각주항목(09.06월 이후)
7557,201806,0010090,교보증권(주),A,채무보증,795320000000,국내증권사,B,SF205,각주항목(09.06월 이후)
7558,201806,0010090,교보증권(주),A1,채무보증_지급보증,0,국내증권사,B,SF205,각주항목(09.06월 이후)
7559,201806,0010090,교보증권(주),A2,채무보증_매입보장약정,425000000000,국내증권사,B,SF205,각주항목(09.06월 이후)
7560,201806,0010090,교보증권(주),A3,채무보증_채무인수약정, ,국내증권사,B,SF205,각주항목(09.06월 이후)
7561,201806,0010090,교보증권(주),A5,채무보증_매입확약,370320000000,국내증권사,B,SF205,각주항목(09.06월 이후)
7562,201806,0010090,교보증권(주),A6,채무보증_기타, ,국내증권사,B,SF205,각주항목(09.06월 이후)
7563,201806,0010090,교보증권(주),B,투자자의 예수증권 등,29538077000436,국내증권사,B,SF205,각주항목(09.06월 이후)
7564,201806,0010090,교보증권(주),B1,투자자의 예수증권 등_예수 증권,24141707000436,국내증권사,B,SF205,각주항목(09.06월 이후)
7565,201806,0010090,교보증권(주),B2,투자자의 예수증권 등_예수양도성예금증서, ,국내증권사,B,SF205,각주항목(09.06월 이후)
7566,201806,0010090,교보증권(주),B3,투자자의 예수증권 등_기타,5396370000000,국내증권사,B,SF205,각주항목(09.06월 이후)
7567,201806,0010090,교보증권(주),C,파생상품계약,24688443330976,국내증권사,B,SF205,각주항목(09.06월 이후)
7568,201806,0010090,교보증권(주),C1,파생상품계약_장내파생상품,1182208857905,국내증권사,B,SF205,각주항목(09.06월 이후)
7569,201806,0010090,교보증권(주),C11,파생상품계약_장내파생상품_이자율관련거래,989908526669,국내증권사,B,SF205,각주항목(09.06월 이후)
7570,201806,0010090,교보증권(주),C12,파생상품계약_장내파생상품_통화관련거래,5935876396,국내증권사,B,SF205,각주항목(09.06월 이후)
7571,201806,0010090,교보증권(주),C13,파생상품계약_장내파생상품_주식관련거래,137959894527,국내증권사,B,SF205,각주항목(09.06월 이후)
7572,201806,0010090,교보증권(주),C14,파생상품계약_장내파생상품_일반상품관련거래,0,국내증권사,B,SF205,각주항목(09.06월 이후)
7573,201806,0010090,교보증권(주),C15,파생상품계약_장내파생상품_기타,48404560313,국내증권사,B,SF205,각주항목(09.06월 이후)
7574,201806,0010090,교보증권(주),C2,파생상품계약_장외파생상품,23506234473071,국내증권사,B,SF205,각주항목(09.06월 이후)
7575,201806,0010090,교보증권(주),C21,파생상품계약_장외파생상품_이자율관련거래,5855448300000,국내증권사,B,SF205,각주항목(09.06월 이후)
7576,201806,0010090,교보증권(주),C22,파생상품계약_장외파생상품_통화관련거래,6277626832246,국내증권사,B,SF205,각주항목(09.06월 이후)
7577,201806,0010090,교보증권(주),C23,파생상품계약_장외파생상품_주식관련거래,210632920000,국내증권사,B,SF205,각주항목(09.06월 이후)
7578,201806,0010090,교보증권(주),C24,파생상품계약_장외파생상품_신용관련거래,9749255250712,국내증권사,B,SF205,각주항목(09.06월 이후)
7579,201806,0010090,교보증권(주),C25,파생상품계약_장외파생상품_기타,1413271170113,국내증권사,B,SF205,각주항목(09.06월 이후)
7580,201806,0010090,교보증권(주),D,대차 및 대주거래,2632250350000,국내증권사,B,SF205,각주항목(09.06월 이후)
7581,201806,0010090,교보증권(주),D1,대차 및 대주거래_대여증권,241414000000,국내증권사,B,SF205,각주항목(09.06월 이후)
7582,201806,0010090,교보증권(주),D2,대차 및 대주거래_차입증권,2390836350000,국내증권사,B,SF205,각주항목(09.06월 이후)
7583,201806,0010090,교보증권(주),D3,대차 및 대주거래_신용거래대주, ,국내증권사,B,SF205,각주항목(09.06월 이후)
7584,201806,0010090,교보증권(주),E,대손상각채권, ,국내증권사,B,SF205,각주항목(09.06월 이후)
7585,201806,0010090,교보증권(주),F,환전업무 예치금,0,국내증권사,B,SF205,각주항목(09.06월 이후)
7586,201806,0010090,교보증권(주),G,미배당별도예치금,1062246400,국내증권사,B,SF205,각주항목(09.06월 이후)
7587,201806,0010090,교보증권(주),H,배서어음매출(종금계정),0,국내증권사,B,SF205,각주항목(09.06월 이후)
7588,201806,0010090,교보증권(주),H1,대출채권매매이익_담보부, ,국내증권사,B,SF205,각주항목(09.06월 이후)
7589,201806,0010090,교보증권(주),H2,대출채권매매이익_무담보부, ,국내증권사,B,SF205,각주항목(09.06월 이후)
7590,201809,0010090,교보증권(주),A,채무보증,755620000000,국내증권사,B,SF205,각주항목(09.06월 이후)
7591,201809,0010090,교보증권(주),A1,채무보증_지급보증,0,국내증권사,B,SF205,각주항목(09.06월 이후)
7592,201809,0010090,교보증권(주),A2,채무보증_매입보장약정,393400000000,국내증권사,B,SF205,각주항목(09.06월 이후)
7593,201809,0010090,교보증권(주),A3,채무보증_채무인수약정, ,국내증권사,B,SF205,각주항목(09.06월 이후)
7594,201809,0010090,교보증권(주),A5,채무보증_매입확약,362220000000,국내증권사,B,SF205,각주항목(09.06월 이후)
7595,201809,0010090,교보증권(주),A6,채무보증_기타, ,국내증권사,B,SF205,각주항목(09.06월 이후)
7596,201809,0010090,교보증권(주),B,투자자의 예수증권 등,29795000082249,국내증권사,B,SF205,각주항목(09.06월 이후)
7597,201809,0010090,교보증권(주),B1,투자자의 예수증권 등_예수 증권,23172825082249,국내증권사,B,SF205,각주항목(09.06월 이후)
7598,201809,0010090,교보증권(주),B2,투자자의 예수증권 등_예수양도성예금증서, ,국내증권사,B,SF205,각주항목(09.06월 이후)
7599,201809,0010090,교보증권(주),B3,투자자의 예수증권 등_기타,6622175000000,국내증권사,B,SF205,각주항목(09.06월 이후)
7600,201809,0010090,교보증권(주),C,파생상품계약,24409481915510,국내증권사,B,SF205,각주항목(09.06월 이후)
7601,201809,0010090,교보증권(주),C1,파생상품계약_장내파생상품,1544442017994,국내증권사,B,SF205,각주항목(09.06월 이후)
7602,201809,0010090,교보증권(주),C11,파생상품계약_장내파생상품_이자율관련거래,1296073966373,국내증권사,B,SF205,각주항목(09.06월 이후)
7603,201809,0010090,교보증권(주),C12,파생상품계약_장내파생상품_통화관련거래,3370025300,국내증권사,B,SF205,각주항목(09.06월 이후)
7604,201809,0010090,교보증권(주),C13,파생상품계약_장내파생상품_주식관련거래,189933353268,국내증권사,B,SF205,각주항목(09.06월 이후)
7605,201809,0010090,교보증권(주),C14,파생상품계약_장내파생상품_일반상품관련거래,121506840,국내증권사,B,SF205,각주항목(09.06월 이후)
7606,201809,0010090,교보증권(주),C15,파생상품계약_장내파생상품_기타,54943166213,국내증권사,B,SF205,각주항목(09.06월 이후)
7607,201809,0010090,교보증권(주),C2,파생상품계약_장외파생상품,22865039897516,국내증권사,B,SF205,각주항목(09.06월 이후)
7608,201809,0010090,교보증권(주),C21,파생상품계약_장외파생상품_이자율관련거래,6273600071974,국내증권사,B,SF205,각주항목(09.06월 이후)
7609,201809,0010090,교보증권(주),C22,파생상품계약_장외파생상품_통화관련거래,5840985792517,국내증권사,B,SF205,각주항목(09.06월 이후)
7610,201809,0010090,교보증권(주),C23,파생상품계약_장외파생상품_주식관련거래,183635076100,국내증권사,B,SF205,각주항목(09.06월 이후)
7611,201809,0010090,교보증권(주),C24,파생상품계약_장외파생상품_신용관련거래,9075419900712,국내증권사,B,SF205,각주항목(09.06월 이후)
7612,201809,0010090,교보증권(주),C25,파생상품계약_장외파생상품_기타,1491399056213,국내증권사,B,SF205,각주항목(09.06월 이후)
7613,201809,0010090,교보증권(주),D,대차 및 대주거래,2626352580000,국내증권사,B,SF205,각주항목(09.06월 이후)
7614,201809,0010090,교보증권(주),D1,대차 및 대주거래_대여증권,343920000000,국내증권사,B,SF205,각주항목(09.06월 이후)
7615,201809,0010090,교보증권(주),D2,대차 및 대주거래_차입증권,2282432580000,국내증권사,B,SF205,각주항목(09.06월 이후)
7616,201809,0010090,교보증권(주),D3,대차 및 대주거래_신용거래대주, ,국내증권사,B,SF205,각주항목(09.06월 이후)
7617,201809,0010090,교보증권(주),E,대손상각채권, ,국내증권사,B,SF205,각주항목(09.06월 이후)
7618,201809,0010090,교보증권(주),F,환전업무 예치금,0,국내증권사,B,SF205,각주항목(09.06월 이후)
7619,201809,0010090,교보증권(주),G,미배당별도예치금,1340222854,국내증권사,B,SF205,각주항목(09.06월 이후)
7620,201809,0010090,교보증권(주),H,배서어음매출(종금계정),0,국내증권사,B,SF205,각주항목(09.06월 이후)
7621,201809,0010090,교보증권(주),H1,대출채권매매이익_담보부, ,국내증권사,B,SF205,각주항목(09.06월 이후)
7622,201809,0010090,교보증권(주),H2,대출채권매매이익_무담보부, ,국내증권사,B,SF205,각주항목(09.06월 이후)
7623,201812,0010090,교보증권(주),A,채무보증,599820000000,국내증권사,B,SF205,각주항목(09.06월 이후)
7624,201812,0010090,교보증권(주),A1,채무보증_지급보증,0,국내증권사,B,SF205,각주항목(09.06월 이후)
7625,201812,0010090,교보증권(주),A2,채무보증_매입보장약정,200600000000,국내증권사,B,SF205,각주항목(09.06월 이후)
7626,201812,0010090,교보증권(주),A3,채무보증_채무인수약정, ,국내증권사,B,SF205,각주항목(09.06월 이후)
7627,201812,0010090,교보증권(주),A5,채무보증_매입확약,399220000000,국내증권사,B,SF205,각주항목(09.06월 이후)
7628,201812,0010090,교보증권(주),A6,채무보증_기타, ,국내증권사,B,SF205,각주항목(09.06월 이후)
7629,201812,0010090,교보증권(주),B,투자자의 예수증권 등,28974216994992,국내증권사,B,SF205,각주항목(09.06월 이후)
7630,201812,0010090,교보증권(주),B1,투자자의 예수증권 등_예수 증권,21896816994992,국내증권사,B,SF205,각주항목(09.06월 이후)
7631,201812,0010090,교보증권(주),B2,투자자의 예수증권 등_예수양도성예금증서, ,국내증권사,B,SF205,각주항목(09.06월 이후)
7632,201812,0010090,교보증권(주),B3,투자자의 예수증권 등_기타,7077400000000,국내증권사,B,SF205,각주항목(09.06월 이후)
7633,201812,0010090,교보증권(주),C,파생상품계약,23012286230573,국내증권사,B,SF205,각주항목(09.06월 이후)
7634,201812,0010090,교보증권(주),C1,파생상품계약_장내파생상품,1622797184438,국내증권사,B,SF205,각주항목(09.06월 이후)
7635,201812,0010090,교보증권(주),C11,파생상품계약_장내파생상품_이자율관련거래,1300934286666,국내증권사,B,SF205,각주항목(09.06월 이후)
7636,201812,0010090,교보증권(주),C12,파생상품계약_장내파생상품_통화관련거래,0,국내증권사,B,SF205,각주항목(09.06월 이후)
7637,201812,0010090,교보증권(주),C13,파생상품계약_장내파생상품_주식관련거래,228459672709,국내증권사,B,SF205,각주항목(09.06월 이후)
7638,201812,0010090,교보증권(주),C14,파생상품계약_장내파생상품_일반상품관련거래,0,국내증권사,B,SF205,각주항목(09.06월 이후)
7639,201812,0010090,교보증권(주),C15,파생상품계약_장내파생상품_기타,93403225063,국내증권사,B,SF205,각주항목(09.06월 이후)
7640,201812,0010090,교보증권(주),C2,파생상품계약_장외파생상품,21389489046135,국내증권사,B,SF205,각주항목(09.06월 이후)
7641,201812,0010090,교보증권(주),C21,파생상품계약_장외파생상품_이자율관련거래,6567226331974,국내증권사,B,SF205,각주항목(09.06월 이후)
7642,201812,0010090,교보증권(주),C22,파생상품계약_장외파생상품_통화관련거래,4711614946921,국내증권사,B,SF205,각주항목(09.06월 이후)
7643,201812,0010090,교보증권(주),C23,파생상품계약_장외파생상품_주식관련거래,176446266600,국내증권사,B,SF205,각주항목(09.06월 이후)
7644,201812,0010090,교보증권(주),C24,파생상품계약_장외파생상품_신용관련거래,8425262135577,국내증권사,B,SF205,각주항목(09.06월 이후)
7645,201812,0010090,교보증권(주),C25,파생상품계약_장외파생상품_기타,1508939365063,국내증권사,B,SF205,각주항목(09.06월 이후)
7646,201812,0010090,교보증권(주),D,대차 및 대주거래,2521627670000,국내증권사,B,SF205,각주항목(09.06월 이후)
7647,201812,0010090,교보증권(주),D1,대차 및 대주거래_대여증권,182711000000,국내증권사,B,SF205,각주항목(09.06월 이후)
7648,201812,0010090,교보증권(주),D2,대차 및 대주거래_차입증권,2338916670000,국내증권사,B,SF205,각주항목(09.06월 이후)
7649,201812,0010090,교보증권(주),D3,대차 및 대주거래_신용거래대주, ,국내증권사,B,SF205,각주항목(09.06월 이후)
7650,201812,0010090,교보증권(주),E,대손상각채권,28242430603,국내증권사,B,SF205,각주항목(09.06월 이후)
7651,201812,0010090,교보증권(주),F,환전업무 예치금,0,국내증권사,B,SF205,각주항목(09.06월 이후)
7652,201812,0010090,교보증권(주),G,미배당별도예치금,936516937,국내증권사,B,SF205,각주항목(09.06월 이후)
7653,201812,0010090,교보증권(주),H,배서어음매출(종금계정),0,국내증권사,B,SF205,각주항목(09.06월 이후)
7654,201812,0010090,교보증권(주),H1,대출채권매매이익_담보부, ,국내증권사,B,SF205,각주항목(09.06월 이후)
7655,201812,0010090,교보증권(주),H2,대출채권매매이익_무담보부, ,국내증권사,B,SF205,각주항목(09.06월 이후)
7656,201903,0010090,교보증권(주),A,채무보증,753720000000,국내증권사,B,SF205,각주항목(09.06월 이후)
7657,201903,0010090,교보증권(주),A1,채무보증_지급보증,0,국내증권사,B,SF205,각주항목(09.06월 이후)
7658,201903,0010090,교보증권(주),A2,채무보증_매입보장약정,200600000000,국내증권사,B,SF205,각주항목(09.06월 이후)
7659,201903,0010090,교보증권(주),A3,채무보증_채무인수약정, ,국내증권사,B,SF205,각주항목(09.06월 이후)
7660,201903,0010090,교보증권(주),A5,채무보증_매입확약,553120000000,국내증권사,B,SF205,각주항목(09.06월 이후)
7661,201903,0010090,교보증권(주),A6,채무보증_기타, ,국내증권사,B,SF205,각주항목(09.06월 이후)
7662,201903,0010090,교보증권(주),B,투자자의 예수증권 등,30729184963232,국내증권사,B,SF205,각주항목(09.06월 이후)
7663,201903,0010090,교보증권(주),B1,투자자의 예수증권 등_예수 증권,23735004963232,국내증권사,B,SF205,각주항목(09.06월 이후)
7664,201903,0010090,교보증권(주),B2,투자자의 예수증권 등_예수양도성예금증서, ,국내증권사,B,SF205,각주항목(09.06월 이후)
7665,201903,0010090,교보증권(주),B3,투자자의 예수증권 등_기타,6994180000000,국내증권사,B,SF205,각주항목(09.06월 이후)
7666,201903,0010090,교보증권(주),C,파생상품계약,24726861888971,국내증권사,B,SF205,각주항목(09.06월 이후)
7667,201903,0010090,교보증권(주),C1,파생상품계약_장내파생상품,1730331373685,국내증권사,B,SF205,각주항목(09.06월 이후)
7668,201903,0010090,교보증권(주),C11,파생상품계약_장내파생상품_이자율관련거래,1349393039579,국내증권사,B,SF205,각주항목(09.06월 이후)
7669,201903,0010090,교보증권(주),C12,파생상품계약_장내파생상품_통화관련거래,0,국내증권사,B,SF205,각주항목(09.06월 이후)
7670,201903,0010090,교보증권(주),C13,파생상품계약_장내파생상품_주식관련거래,300091574521,국내증권사,B,SF205,각주항목(09.06월 이후)
7671,201903,0010090,교보증권(주),C14,파생상품계약_장내파생상품_일반상품관련거래,-6371680,국내증권사,B,SF205,각주항목(09.06월 이후)
7672,201903,0010090,교보증권(주),C15,파생상품계약_장내파생상품_기타,80853131265,국내증권사,B,SF205,각주항목(09.06월 이후)
7673,201903,0010090,교보증권(주),C2,파생상품계약_장외파생상품,22996530515286,국내증권사,B,SF205,각주항목(09.06월 이후)
7674,201903,0010090,교보증권(주),C21,파생상품계약_장외파생상품_이자율관련거래,7349749578885,국내증권사,B,SF205,각주항목(09.06월 이후)
7675,201903,0010090,교보증권(주),C22,파생상품계약_장외파생상품_통화관련거래,5171388439759,국내증권사,B,SF205,각주항목(09.06월 이후)
7676,201903,0010090,교보증권(주),C23,파생상품계약_장외파생상품_주식관련거래,152479290500,국내증권사,B,SF205,각주항목(09.06월 이후)
7677,201903,0010090,교보증권(주),C24,파생상품계약_장외파생상품_신용관련거래,8887528034877,국내증권사,B,SF205,각주항목(09.06월 이후)
7678,201903,0010090,교보증권(주),C25,파생상품계약_장외파생상품_기타,1435385171265,국내증권사,B,SF205,각주항목(09.06월 이후)
7679,201903,0010090,교보증권(주),D,대차 및 대주거래,2389932564235,국내증권사,B,SF205,각주항목(09.06월 이후)
7680,201903,0010090,교보증권(주),D1,대차 및 대주거래_대여증권,228767000000,국내증권사,B,SF205,각주항목(09.06월 이후)
7681,201903,0010090,교보증권(주),D2,대차 및 대주거래_차입증권,2161165564235,국내증권사,B,SF205,각주항목(09.06월 이후)
7682,201903,0010090,교보증권(주),D3,대차 및 대주거래_신용거래대주, ,국내증권사,B,SF205,각주항목(09.06월 이후)
7683,201903,0010090,교보증권(주),E,대손상각채권, ,국내증권사,B,SF205,각주항목(09.06월 이후)
7684,201903,0010090,교보증권(주),F,환전업무 예치금,0,국내증권사,B,SF205,각주항목(09.06월 이후)
7685,201903,0010090,교보증권(주),G,미배당별도예치금,767051025,국내증권사,B,SF205,각주항목(09.06월 이후)
7686,201903,0010090,교보증권(주),H,배서어음매출(종금계정),0,국내증권사,B,SF205,각주항목(09.06월 이후)
7687,201903,0010090,교보증권(주),H1,대출채권매매이익_담보부, ,국내증권사,B,SF205,각주항목(09.06월 이후)
7688,201903,0010090,교보증권(주),H2,대출채권매매이익_무담보부, ,국내증권사,B,SF205,각주항목(09.06월 이후)
7689,201906,0010090,교보증권(주),A,채무보증,781720000000,국내증권사,B,SF205,각주항목(09.06월 이후)
7690,201906,0010090,교보증권(주),A1,채무보증_지급보증,0,국내증권사,B,SF205,각주항목(09.06월 이후)
7691,201906,0010090,교보증권(주),A2,채무보증_매입보장약정,200600000000,국내증권사,B,SF205,각주항목(09.06월 이후)
7692,201906,0010090,교보증권(주),A3,채무보증_채무인수약정, ,국내증권사,B,SF205,각주항목(09.06월 이후)
7693,201906,0010090,교보증권(주),A5,채무보증_매입확약,581120000000,국내증권사,B,SF205,각주항목(09.06월 이후)
7694,201906,0010090,교보증권(주),A6,채무보증_기타, ,국내증권사,B,SF205,각주항목(09.06월 이후)
7695,201906,0010090,교보증권(주),B,투자자의 예수증권 등,32079234208736,국내증권사,B,SF205,각주항목(09.06월 이후)
7696,201906,0010090,교보증권(주),B1,투자자의 예수증권 등_예수 증권,25743562208736,국내증권사,B,SF205,각주항목(09.06월 이후)
7697,201906,0010090,교보증권(주),B2,투자자의 예수증권 등_예수양도성예금증서,0,국내증권사,B,SF205,각주항목(09.06월 이후)
7698,201906,0010090,교보증권(주),B3,투자자의 예수증권 등_기타,6335672000000,국내증권사,B,SF205,각주항목(09.06월 이후)
7699,201906,0010090,교보증권(주),C,파생상품계약,25016839338964,국내증권사,B,SF205,각주항목(09.06월 이후)
7700,201906,0010090,교보증권(주),C1,파생상품계약_장내파생상품,1668889973366,국내증권사,B,SF205,각주항목(09.06월 이후)
7701,201906,0010090,교보증권(주),C11,파생상품계약_장내파생상품_이자율관련거래,1287067918187,국내증권사,B,SF205,각주항목(09.06월 이후)
7702,201906,0010090,교보증권(주),C12,파생상품계약_장내파생상품_통화관련거래,0,국내증권사,B,SF205,각주항목(09.06월 이후)
7703,201906,0010090,교보증권(주),C13,파생상품계약_장내파생상품_주식관련거래,338997812680,국내증권사,B,SF205,각주항목(09.06월 이후)
7704,201906,0010090,교보증권(주),C14,파생상품계약_장내파생상품_일반상품관련거래,8328960,국내증권사,B,SF205,각주항목(09.06월 이후)
7705,201906,0010090,교보증권(주),C15,파생상품계약_장내파생상품_기타,42815913539,국내증권사,B,SF205,각주항목(09.06월 이후)
7706,201906,0010090,교보증권(주),C2,파생상품계약_장외파생상품,23347949365598,국내증권사,B,SF205,각주항목(09.06월 이후)
7707,201906,0010090,교보증권(주),C21,파생상품계약_장외파생상품_이자율관련거래,8118867289554,국내증권사,B,SF205,각주항목(09.06월 이후)
7708,201906,0010090,교보증권(주),C22,파생상품계약_장외파생상품_통화관련거래,5228030288175,국내증권사,B,SF205,각주항목(09.06월 이후)
7709,201906,0010090,교보증권(주),C23,파생상품계약_장외파생상품_주식관련거래,142311280000,국내증권사,B,SF205,각주항목(09.06월 이후)
7710,201906,0010090,교보증권(주),C24,파생상품계약_장외파생상품_신용관련거래,8478003612930,국내증권사,B,SF205,각주항목(09.06월 이후)
7711,201906,0010090,교보증권(주),C25,파생상품계약_장외파생상품_기타,1380736894939,국내증권사,B,SF205,각주항목(09.06월 이후)
7712,201906,0010090,교보증권(주),D,대차 및 대주거래,2254336768760,국내증권사,B,SF205,각주항목(09.06월 이후)
7713,201906,0010090,교보증권(주),D1,대차 및 대주거래_대여증권,138547755000,국내증권사,B,SF205,각주항목(09.06월 이후)
7714,201906,0010090,교보증권(주),D2,대차 및 대주거래_차입증권,2115789013760,국내증권사,B,SF205,각주항목(09.06월 이후)
7715,201906,0010090,교보증권(주),D3,대차 및 대주거래_신용거래대주, ,국내증권사,B,SF205,각주항목(09.06월 이후)
7716,201906,0010090,교보증권(주),E,대손상각채권,2120367329,국내증권사,B,SF205,각주항목(09.06월 이후)
7717,201906,0010090,교보증권(주),F,환전업무 예치금,0,국내증권사,B,SF205,각주항목(09.06월 이후)
7718,201906,0010090,교보증권(주),G,미배당별도예치금,1146312985,국내증권사,B,SF205,각주항목(09.06월 이후)
7719,201906,0010090,교보증권(주),H,배서어음매출(종금계정),0,국내증권사,B,SF205,각주항목(09.06월 이후)
7720,201906,0010090,교보증권(주),H1,대출채권매매이익_담보부, ,국내증권사,B,SF205,각주항목(09.06월 이후)
7721,201906,0010090,교보증권(주),H2,대출채권매매이익_무담보부, ,국내증권사,B,SF205,각주항목(09.06월 이후)
7722,201909,0010090,교보증권(주),A,채무보증,720220000000,국내증권사,B,SF205,각주항목(09.06월 이후)
7723,201909,0010090,교보증권(주),A1,채무보증_지급보증,0,국내증권사,B,SF205,각주항목(09.06월 이후)
7724,201909,0010090,교보증권(주),A2,채무보증_매입보장약정,196400000000,국내증권사,B,SF205,각주항목(09.06월 이후)
7725,201909,0010090,교보증권(주),A3,채무보증_채무인수약정, ,국내증권사,B,SF205,각주항목(09.06월 이후)
7726,201909,0010090,교보증권(주),A5,채무보증_매입확약,493820000000,국내증권사,B,SF205,각주항목(09.06월 이후)
7727,201909,0010090,교보증권(주),A6,채무보증_기타,30000000000,국내증권사,B,SF205,각주항목(09.06월 이후)
7728,201909,0010090,교보증권(주),B,투자자의 예수증권 등,30910029686496,국내증권사,B,SF205,각주항목(09.06월 이후)
7729,201909,0010090,교보증권(주),B1,투자자의 예수증권 등_예수 증권,25364487686496,국내증권사,B,SF205,각주항목(09.06월 이후)
7730,201909,0010090,교보증권(주),B2,투자자의 예수증권 등_예수양도성예금증서, ,국내증권사,B,SF205,각주항목(09.06월 이후)
7731,201909,0010090,교보증권(주),B3,투자자의 예수증권 등_기타,5545542000000,국내증권사,B,SF205,각주항목(09.06월 이후)
7732,201909,0010090,교보증권(주),C,파생상품계약,28843670085652,국내증권사,B,SF205,각주항목(09.06월 이후)
7733,201909,0010090,교보증권(주),C1,파생상품계약_장내파생상품,3728782972052,국내증권사,B,SF205,각주항목(09.06월 이후)
7734,201909,0010090,교보증권(주),C11,파생상품계약_장내파생상품_이자율관련거래,1394808191822,국내증권사,B,SF205,각주항목(09.06월 이후)
7735,201909,0010090,교보증권(주),C12,파생상품계약_장내파생상품_통화관련거래,0,국내증권사,B,SF205,각주항목(09.06월 이후)
7736,201909,0010090,교보증권(주),C13,파생상품계약_장내파생상품_주식관련거래,2295820162408,국내증권사,B,SF205,각주항목(09.06월 이후)
7737,201909,0010090,교보증권(주),C14,파생상품계약_장내파생상품_일반상품관련거래,3572666200,국내증권사,B,SF205,각주항목(09.06월 이후)
7738,201909,0010090,교보증권(주),C15,파생상품계약_장내파생상품_기타,34581951622,국내증권사,B,SF205,각주항목(09.06월 이후)
7739,201909,0010090,교보증권(주),C2,파생상품계약_장외파생상품,25114887113600,국내증권사,B,SF205,각주항목(09.06월 이후)
7740,201909,0010090,교보증권(주),C21,파생상품계약_장외파생상품_이자율관련거래,9124681011085,국내증권사,B,SF205,각주항목(09.06월 이후)
7741,201909,0010090,교보증권(주),C22,파생상품계약_장외파생상품_통화관련거래,5431232612790,국내증권사,B,SF205,각주항목(09.06월 이후)
7742,201909,0010090,교보증권(주),C23,파생상품계약_장외파생상품_주식관련거래,148969100000,국내증권사,B,SF205,각주항목(09.06월 이후)
7743,201909,0010090,교보증권(주),C24,파생상품계약_장외파생상품_신용관련거래,9122874736903,국내증권사,B,SF205,각주항목(09.06월 이후)
7744,201909,0010090,교보증권(주),C25,파생상품계약_장외파생상품_기타,1287129652822,국내증권사,B,SF205,각주항목(09.06월 이후)
7745,201909,0010090,교보증권(주),D,대차 및 대주거래,2148695702500,국내증권사,B,SF205,각주항목(09.06월 이후)
7746,201909,0010090,교보증권(주),D1,대차 및 대주거래_대여증권,187471435000,국내증권사,B,SF205,각주항목(09.06월 이후)
7747,201909,0010090,교보증권(주),D2,대차 및 대주거래_차입증권,1961224267500,국내증권사,B,SF205,각주항목(09.06월 이후)
7748,201909,0010090,교보증권(주),D3,대차 및 대주거래_신용거래대주, ,국내증권사,B,SF205,각주항목(09.06월 이후)
7749,201909,0010090,교보증권(주),E,대손상각채권,2120367329,국내증권사,B,SF205,각주항목(09.06월 이후)
7750,201909,0010090,교보증권(주),F,환전업무 예치금,0,국내증권사,B,SF205,각주항목(09.06월 이후)
7751,201909,0010090,교보증권(주),G,미배당별도예치금,1445481942,국내증권사,B,SF205,각주항목(09.06월 이후)
7752,201909,0010090,교보증권(주),H,배서어음매출(종금계정),0,국내증권사,B,SF205,각주항목(09.06월 이후)
7753,201909,0010090,교보증권(주),H1,대출채권매매이익_담보부, ,국내증권사,B,SF205,각주항목(09.06월 이후)
7754,201909,0010090,교보증권(주),H2,대출채권매매이익_무담보부, ,국내증권사,B,SF205,각주항목(09.06월 이후)
7755,201912,0010090,교보증권(주),A,채무보증,764920000000,국내증권사,B,SF205,각주항목(09.06월 이후)
7756,201912,0010090,교보증권(주),A1,채무보증_지급보증,0,국내증권사,B,SF205,각주항목(09.06월 이후)
7757,201912,0010090,교보증권(주),A2,채무보증_매입보장약정,196400000000,국내증권사,B,SF205,각주항목(09.06월 이후)
7758,201912,0010090,교보증권(주),A3,채무보증_채무인수약정, ,국내증권사,B,SF205,각주항목(09.06월 이후)
7759,201912,0010090,교보증권(주),A5,채무보증_매입확약,538520000000,국내증권사,B,SF205,각주항목(09.06월 이후)
7760,201912,0010090,교보증권(주),A6,채무보증_기타,30000000000,국내증권사,B,SF205,각주항목(09.06월 이후)
7761,201912,0010090,교보증권(주),B,투자자의 예수증권 등,32020052744151,국내증권사,B,SF205,각주항목(09.06월 이후)
7762,201912,0010090,교보증권(주),B1,투자자의 예수증권 등_예수 증권,26367190744151,국내증권사,B,SF205,각주항목(09.06월 이후)
7763,201912,0010090,교보증권(주),B2,투자자의 예수증권 등_예수양도성예금증서, ,국내증권사,B,SF205,각주항목(09.06월 이후)
7764,201912,0010090,교보증권(주),B3,투자자의 예수증권 등_기타,5652862000000,국내증권사,B,SF205,각주항목(09.06월 이후)
7765,201912,0010090,교보증권(주),C,파생상품계약,27222998539490,국내증권사,B,SF205,각주항목(09.06월 이후)
7766,201912,0010090,교보증권(주),C1,파생상품계약_장내파생상품,1660584227133,국내증권사,B,SF205,각주항목(09.06월 이후)
7767,201912,0010090,교보증권(주),C11,파생상품계약_장내파생상품_이자율관련거래,1234986555919,국내증권사,B,SF205,각주항목(09.06월 이후)
7768,201912,0010090,교보증권(주),C12,파생상품계약_장내파생상품_통화관련거래,3982687275,국내증권사,B,SF205,각주항목(09.06월 이후)
7769,201912,0010090,교보증권(주),C13,파생상품계약_장내파생상품_주식관련거래,385862860497,국내증권사,B,SF205,각주항목(09.06월 이후)
7770,201912,0010090,교보증권(주),C14,파생상품계약_장내파생상품_일반상품관련거래,0,국내증권사,B,SF205,각주항목(09.06월 이후)
7771,201912,0010090,교보증권(주),C15,파생상품계약_장내파생상품_기타,35752123442,국내증권사,B,SF205,각주항목(09.06월 이후)
7772,201912,0010090,교보증권(주),C2,파생상품계약_장외파생상품,25562414312357,국내증권사,B,SF205,각주항목(09.06월 이후)
7773,201912,0010090,교보증권(주),C21,파생상품계약_장외파생상품_이자율관련거래,9386998811085,국내증권사,B,SF205,각주항목(09.06월 이후)
7774,201912,0010090,교보증권(주),C22,파생상품계약_장외파생상품_통화관련거래,5481959323062,국내증권사,B,SF205,각주항목(09.06월 이후)
7775,201912,0010090,교보증권(주),C23,파생상품계약_장외파생상품_주식관련거래,125072110000,국내증권사,B,SF205,각주항목(09.06월 이후)
7776,201912,0010090,교보증권(주),C24,파생상품계약_장외파생상품_신용관련거래,9245084243568,국내증권사,B,SF205,각주항목(09.06월 이후)
7777,201912,0010090,교보증권(주),C25,파생상품계약_장외파생상품_기타,1323299824642,국내증권사,B,SF205,각주항목(09.06월 이후)
7778,201912,0010090,교보증권(주),D,대차 및 대주거래,2653410515188,국내증권사,B,SF205,각주항목(09.06월 이후)
7779,201912,0010090,교보증권(주),D1,대차 및 대주거래_대여증권,243876668788,국내증권사,B,SF205,각주항목(09.06월 이후)
7780,201912,0010090,교보증권(주),D2,대차 및 대주거래_차입증권,2409533846400,국내증권사,B,SF205,각주항목(09.06월 이후)
7781,201912,0010090,교보증권(주),D3,대차 및 대주거래_신용거래대주, ,국내증권사,B,SF205,각주항목(09.06월 이후)
7782,201912,0010090,교보증권(주),E,대손상각채권,2120367329,국내증권사,B,SF205,각주항목(09.06월 이후)
7783,201912,0010090,교보증권(주),F,환전업무 예치금,0,국내증권사,B,SF205,각주항목(09.06월 이후)
7784,201912,0010090,교보증권(주),G,미배당별도예치금,623143327,국내증권사,B,SF205,각주항목(09.06월 이후)
7785,201912,0010090,교보증권(주),H,배서어음매출(종금계정),0,국내증권사,B,SF205,각주항목(09.06월 이후)
7786,201912,0010090,교보증권(주),H1,대출채권매매이익_담보부, ,국내증권사,B,SF205,각주항목(09.06월 이후)
7787,201912,0010090,교보증권(주),H2,대출채권매매이익_무담보부, ,국내증권사,B,SF205,각주항목(09.06월 이후)
7788,202003,0010090,교보증권(주),A,채무보증,650200000000,국내증권사,B,SF205,각주항목(09.06월 이후)
7789,202003,0010090,교보증권(주),A1,채무보증_지급보증,0,국내증권사,B,SF205,각주항목(09.06월 이후)
7790,202003,0010090,교보증권(주),A2,채무보증_매입보장약정,255200000000,국내증권사,B,SF205,각주항목(09.06월 이후)
7791,202003,0010090,교보증권(주),A3,채무보증_채무인수약정, ,국내증권사,B,SF205,각주항목(09.06월 이후)
7792,202003,0010090,교보증권(주),A5,채무보증_매입확약,365000000000,국내증권사,B,SF205,각주항목(09.06월 이후)
7793,202003,0010090,교보증권(주),A6,채무보증_기타,30000000000,국내증권사,B,SF205,각주항목(09.06월 이후)
7794,202003,0010090,교보증권(주),B,투자자의 예수증권 등,31189731141929,국내증권사,B,SF205,각주항목(09.06월 이후)
7795,202003,0010090,교보증권(주),B1,투자자의 예수증권 등_예수 증권,26396199141929,국내증권사,B,SF205,각주항목(09.06월 이후)
7796,202003,0010090,교보증권(주),B2,투자자의 예수증권 등_예수양도성예금증서, ,국내증권사,B,SF205,각주항목(09.06월 이후)
7797,202003,0010090,교보증권(주),B3,투자자의 예수증권 등_기타,4793532000000,국내증권사,B,SF205,각주항목(09.06월 이후)
7798,202003,0010090,교보증권(주),C,파생상품계약,28938381701197,국내증권사,B,SF205,각주항목(09.06월 이후)
7799,202003,0010090,교보증권(주),C1,파생상품계약_장내파생상품,1313380493200,국내증권사,B,SF205,각주항목(09.06월 이후)
7800,202003,0010090,교보증권(주),C11,파생상품계약_장내파생상품_이자율관련거래,1078928481539,국내증권사,B,SF205,각주항목(09.06월 이후)
7801,202003,0010090,교보증권(주),C12,파생상품계약_장내파생상품_통화관련거래,0,국내증권사,B,SF205,각주항목(09.06월 이후)
7802,202003,0010090,교보증권(주),C13,파생상품계약_장내파생상품_주식관련거래,207440941284,국내증권사,B,SF205,각주항목(09.06월 이후)
7803,202003,0010090,교보증권(주),C14,파생상품계약_장내파생상품_일반상품관련거래,0,국내증권사,B,SF205,각주항목(09.06월 이후)
7804,202003,0010090,교보증권(주),C15,파생상품계약_장내파생상품_기타,27011070377,국내증권사,B,SF205,각주항목(09.06월 이후)
7805,202003,0010090,교보증권(주),C2,파생상품계약_장외파생상품,27625001207997,국내증권사,B,SF205,각주항목(09.06월 이후)
7806,202003,0010090,교보증권(주),C21,파생상품계약_장외파생상품_이자율관련거래,10543347011084,국내증권사,B,SF205,각주항목(09.06월 이후)
7807,202003,0010090,교보증권(주),C22,파생상품계약_장외파생상품_통화관련거래,6039691631688,국내증권사,B,SF205,각주항목(09.06월 이후)
7808,202003,0010090,교보증권(주),C23,파생상품계약_장외파생상품_주식관련거래,154274159997,국내증권사,B,SF205,각주항목(09.06월 이후)
7809,202003,0010090,교보증권(주),C24,파생상품계약_장외파생상품_신용관련거래,9704195533651,국내증권사,B,SF205,각주항목(09.06월 이후)
7810,202003,0010090,교보증권(주),C25,파생상품계약_장외파생상품_기타,1183492871577,국내증권사,B,SF205,각주항목(09.06월 이후)
7811,202003,0010090,교보증권(주),D,대차 및 대주거래,2604288313568,국내증권사,B,SF205,각주항목(09.06월 이후)
7812,202003,0010090,교보증권(주),D1,대차 및 대주거래_대여증권,52697954318,국내증권사,B,SF205,각주항목(09.06월 이후)
7813,202003,0010090,교보증권(주),D2,대차 및 대주거래_차입증권,2551590359250,국내증권사,B,SF205,각주항목(09.06월 이후)
7814,202003,0010090,교보증권(주),D3,대차 및 대주거래_신용거래대주, ,국내증권사,B,SF205,각주항목(09.06월 이후)
7815,202003,0010090,교보증권(주),E,대손상각채권, ,국내증권사,B,SF205,각주항목(09.06월 이후)
7816,202003,0010090,교보증권(주),F,환전업무 예치금,0,국내증권사,B,SF205,각주항목(09.06월 이후)
7817,202003,0010090,교보증권(주),G,미배당별도예치금,625585180,국내증권사,B,SF205,각주항목(09.06월 이후)
7818,202003,0010090,교보증권(주),H,배서어음매출(종금계정),0,국내증권사,B,SF205,각주항목(09.06월 이후)
7819,202003,0010090,교보증권(주),H1,대출채권매매이익_담보부, ,국내증권사,B,SF205,각주항목(09.06월 이후)
7820,202003,0010090,교보증권(주),H2,대출채권매매이익_무담보부, ,국내증권사,B,SF205,각주항목(09.06월 이후)
7821,202006,0010090,교보증권(주),A,채무보증,759300000000,국내증권사,B,SF205,각주항목(09.06월 이후)
7822,202006,0010090,교보증권(주),A1,채무보증_지급보증,0,국내증권사,B,SF205,각주항목(09.06월 이후)
7823,202006,0010090,교보증권(주),A2,채무보증_매입보장약정,252200000000,국내증권사,B,SF205,각주항목(09.06월 이후)
7824,202006,0010090,교보증권(주),A3,채무보증_채무인수약정, ,국내증권사,B,SF205,각주항목(09.06월 이후)
7825,202006,0010090,교보증권(주),A5,채무보증_매입확약,477100000000,국내증권사,B,SF205,각주항목(09.06월 이후)
7826,202006,0010090,교보증권(주),A6,채무보증_기타,30000000000,국내증권사,B,SF205,각주항목(09.06월 이후)
7827,202006,0010090,교보증권(주),B,투자자의 예수증권 등,30791197271660,국내증권사,B,SF205,각주항목(09.06월 이후)
7828,202006,0010090,교보증권(주),B1,투자자의 예수증권 등_예수 증권,28078397271660,국내증권사,B,SF205,각주항목(09.06월 이후)
7829,202006,0010090,교보증권(주),B2,투자자의 예수증권 등_예수양도성예금증서, ,국내증권사,B,SF205,각주항목(09.06월 이후)
7830,202006,0010090,교보증권(주),B3,투자자의 예수증권 등_기타,2712800000000,국내증권사,B,SF205,각주항목(09.06월 이후)
7831,202006,0010090,교보증권(주),C,파생상품계약,29345964878838,국내증권사,B,SF205,각주항목(09.06월 이후)
7832,202006,0010090,교보증권(주),C1,파생상품계약_장내파생상품,1634071653787,국내증권사,B,SF205,각주항목(09.06월 이후)
7833,202006,0010090,교보증권(주),C11,파생상품계약_장내파생상품_이자율관련거래,1399257410000,국내증권사,B,SF205,각주항목(09.06월 이후)
7834,202006,0010090,교보증권(주),C12,파생상품계약_장내파생상품_통화관련거래,0,국내증권사,B,SF205,각주항목(09.06월 이후)
7835,202006,0010090,교보증권(주),C13,파생상품계약_장내파생상품_주식관련거래,172026571013,국내증권사,B,SF205,각주항목(09.06월 이후)
7836,202006,0010090,교보증권(주),C14,파생상품계약_장내파생상품_일반상품관련거래,0,국내증권사,B,SF205,각주항목(09.06월 이후)
7837,202006,0010090,교보증권(주),C15,파생상품계약_장내파생상품_기타,62787672774,국내증권사,B,SF205,각주항목(09.06월 이후)
7838,202006,0010090,교보증권(주),C2,파생상품계약_장외파생상품,27711893225051,국내증권사,B,SF205,각주항목(09.06월 이후)
7839,202006,0010090,교보증권(주),C21,파생상품계약_장외파생상품_이자율관련거래,10205330768798,국내증권사,B,SF205,각주항목(09.06월 이후)
7840,202006,0010090,교보증권(주),C22,파생상품계약_장외파생상품_통화관련거래,6556346129687,국내증권사,B,SF205,각주항목(09.06월 이후)
7841,202006,0010090,교보증권(주),C23,파생상품계약_장외파생상품_주식관련거래,159878071085,국내증권사,B,SF205,각주항목(09.06월 이후)
7842,202006,0010090,교보증권(주),C24,파생상품계약_장외파생상품_신용관련거래,9712287832907,국내증권사,B,SF205,각주항목(09.06월 이후)
7843,202006,0010090,교보증권(주),C25,파생상품계약_장외파생상품_기타,1078050422574,국내증권사,B,SF205,각주항목(09.06월 이후)
7844,202006,0010090,교보증권(주),D,대차 및 대주거래,2733770079273,국내증권사,B,SF205,각주항목(09.06월 이후)
7845,202006,0010090,교보증권(주),D1,대차 및 대주거래_대여증권,130507432013,국내증권사,B,SF205,각주항목(09.06월 이후)
7846,202006,0010090,교보증권(주),D2,대차 및 대주거래_차입증권,2603262647260,국내증권사,B,SF205,각주항목(09.06월 이후)
7847,202006,0010090,교보증권(주),D3,대차 및 대주거래_신용거래대주, ,국내증권사,B,SF205,각주항목(09.06월 이후)
7848,202006,0010090,교보증권(주),E,대손상각채권, ,국내증권사,B,SF205,각주항목(09.06월 이후)
7849,202006,0010090,교보증권(주),F,환전업무 예치금,0,국내증권사,B,SF205,각주항목(09.06월 이후)
7850,202006,0010090,교보증권(주),G,미배당별도예치금,936767867,국내증권사,B,SF205,각주항목(09.06월 이후)
7851,202006,0010090,교보증권(주),H,배서어음매출(종금계정),0,국내증권사,B,SF205,각주항목(09.06월 이후)
7852,202006,0010090,교보증권(주),H1,대출채권매매이익_담보부, ,국내증권사,B,SF205,각주항목(09.06월 이후)
7853,202006,0010090,교보증권(주),H2,대출채권매매이익_무담보부, ,국내증권사,B,SF205,각주항목(09.06월 이후)
7854,202009,0010090,교보증권(주),A,채무보증,763600000000,국내증권사,B,SF205,각주항목(09.06월 이후)
7855,202009,0010090,교보증권(주),A1,채무보증_지급보증,0,국내증권사,B,SF205,각주항목(09.06월 이후)
7856,202009,0010090,교보증권(주),A2,채무보증_매입보장약정,201900000000,국내증권사,B,SF205,각주항목(09.06월 이후)
7857,202009,0010090,교보증권(주),A3,채무보증_채무인수약정, ,국내증권사,B,SF205,각주항목(09.06월 이후)
7858,202009,0010090,교보증권(주),A5,채무보증_매입확약,531700000000,국내증권사,B,SF205,각주항목(09.06월 이후)
7859,202009,0010090,교보증권(주),A6,채무보증_기타,30000000000,국내증권사,B,SF205,각주항목(09.06월 이후)
7860,202009,0010090,교보증권(주),B,투자자의 예수증권 등,33102274957701,국내증권사,B,SF205,각주항목(09.06월 이후)
7861,202009,0010090,교보증권(주),B1,투자자의 예수증권 등_예수 증권,29829086057701,국내증권사,B,SF205,각주항목(09.06월 이후)
7862,202009,0010090,교보증권(주),B2,투자자의 예수증권 등_예수양도성예금증서, ,국내증권사,B,SF205,각주항목(09.06월 이후)
7863,202009,0010090,교보증권(주),B3,투자자의 예수증권 등_기타,3273188900000,국내증권사,B,SF205,각주항목(09.06월 이후)
7864,202009,0010090,교보증권(주),C,파생상품계약,32131618134430,국내증권사,B,SF205,각주항목(09.06월 이후)
7865,202009,0010090,교보증권(주),C1,파생상품계약_장내파생상품,2182065249946,국내증권사,B,SF205,각주항목(09.06월 이후)
7866,202009,0010090,교보증권(주),C11,파생상품계약_장내파생상품_이자율관련거래,1864358510688,국내증권사,B,SF205,각주항목(09.06월 이후)
7867,202009,0010090,교보증권(주),C12,파생상품계약_장내파생상품_통화관련거래,0,국내증권사,B,SF205,각주항목(09.06월 이후)
7868,202009,0010090,교보증권(주),C13,파생상품계약_장내파생상품_주식관련거래,305851577568,국내증권사,B,SF205,각주항목(09.06월 이후)
7869,202009,0010090,교보증권(주),C14,파생상품계약_장내파생상품_일반상품관련거래,0,국내증권사,B,SF205,각주항목(09.06월 이후)
7870,202009,0010090,교보증권(주),C15,파생상품계약_장내파생상품_기타,11855161690,국내증권사,B,SF205,각주항목(09.06월 이후)
7871,202009,0010090,교보증권(주),C2,파생상품계약_장외파생상품,29949552884484,국내증권사,B,SF205,각주항목(09.06월 이후)
7872,202009,0010090,교보증권(주),C21,파생상품계약_장외파생상품_이자율관련거래,11890718696824,국내증권사,B,SF205,각주항목(09.06월 이후)
7873,202009,0010090,교보증권(주),C22,파생상품계약_장외파생상품_통화관련거래,7564260798895,국내증권사,B,SF205,각주항목(09.06월 이후)
7874,202009,0010090,교보증권(주),C23,파생상품계약_장외파생상품_주식관련거래,120037295783,국내증권사,B,SF205,각주항목(09.06월 이후)
7875,202009,0010090,교보증권(주),C24,파생상품계약_장외파생상품_신용관련거래,9307514331492,국내증권사,B,SF205,각주항목(09.06월 이후)
7876,202009,0010090,교보증권(주),C25,파생상품계약_장외파생상품_기타,1067021761490,국내증권사,B,SF205,각주항목(09.06월 이후)
7877,202009,0010090,교보증권(주),D,대차 및 대주거래,2708973179379,국내증권사,B,SF205,각주항목(09.06월 이후)
7878,202009,0010090,교보증권(주),D1,대차 및 대주거래_대여증권,174828433979,국내증권사,B,SF205,각주항목(09.06월 이후)
7879,202009,0010090,교보증권(주),D2,대차 및 대주거래_차입증권,2534144745400,국내증권사,B,SF205,각주항목(09.06월 이후)
7880,202009,0010090,교보증권(주),D3,대차 및 대주거래_신용거래대주, ,국내증권사,B,SF205,각주항목(09.06월 이후)
7881,202009,0010090,교보증권(주),E,대손상각채권, ,국내증권사,B,SF205,각주항목(09.06월 이후)
7882,202009,0010090,교보증권(주),F,환전업무 예치금,0,국내증권사,B,SF205,각주항목(09.06월 이후)
7883,202009,0010090,교보증권(주),G,미배당별도예치금,1316429680,국내증권사,B,SF205,각주항목(09.06월 이후)
7884,202009,0010090,교보증권(주),H,배서어음매출(종금계정),0,국내증권사,B,SF205,각주항목(09.06월 이후)
7885,202009,0010090,교보증권(주),H1,대출채권매매이익_담보부, ,국내증권사,B,SF205,각주항목(09.06월 이후)
7886,202009,0010090,교보증권(주),H2,대출채권매매이익_무담보부, ,국내증권사,B,SF205,각주항목(09.06월 이후)
7887,202012,0010090,교보증권(주),A,채무보증,821900000000,국내증권사,B,SF205,각주항목(09.06월 이후)
7888,202012,0010090,교보증권(주),A1,채무보증_지급보증,0,국내증권사,B,SF205,각주항목(09.06월 이후)
7889,202012,0010090,교보증권(주),A2,채무보증_매입보장약정,196200000000,국내증권사,B,SF205,각주항목(09.06월 이후)
7890,202012,0010090,교보증권(주),A3,채무보증_채무인수약정, ,국내증권사,B,SF205,각주항목(09.06월 이후)
7891,202012,0010090,교보증권(주),A5,채무보증_매입확약,595700000000,국내증권사,B,SF205,각주항목(09.06월 이후)
7892,202012,0010090,교보증권(주),A6,채무보증_기타,30000000000,국내증권사,B,SF205,각주항목(09.06월 이후)
7893,202012,0010090,교보증권(주),B,투자자의 예수증권 등,35068501232790,국내증권사,B,SF205,각주항목(09.06월 이후)
7894,202012,0010090,교보증권(주),B1,투자자의 예수증권 등_예수 증권,31384211232790,국내증권사,B,SF205,각주항목(09.06월 이후)
7895,202012,0010090,교보증권(주),B2,투자자의 예수증권 등_예수양도성예금증서, ,국내증권사,B,SF205,각주항목(09.06월 이후)
7896,202012,0010090,교보증권(주),B3,투자자의 예수증권 등_기타,3684290000000,국내증권사,B,SF205,각주항목(09.06월 이후)
7897,202012,0010090,교보증권(주),C,파생상품계약,31006919299498,국내증권사,B,SF205,각주항목(09.06월 이후)
7898,202012,0010090,교보증권(주),C1,파생상품계약_장내파생상품,1614855241398,국내증권사,B,SF205,각주항목(09.06월 이후)
7899,202012,0010090,교보증권(주),C11,파생상품계약_장내파생상품_이자율관련거래,1470591692821,국내증권사,B,SF205,각주항목(09.06월 이후)
7900,202012,0010090,교보증권(주),C12,파생상품계약_장내파생상품_통화관련거래,0,국내증권사,B,SF205,각주항목(09.06월 이후)
7901,202012,0010090,교보증권(주),C13,파생상품계약_장내파생상품_주식관련거래,139532368721,국내증권사,B,SF205,각주항목(09.06월 이후)
7902,202012,0010090,교보증권(주),C14,파생상품계약_장내파생상품_일반상품관련거래,0,국내증권사,B,SF205,각주항목(09.06월 이후)
7903,202012,0010090,교보증권(주),C15,파생상품계약_장내파생상품_기타,4731179856,국내증권사,B,SF205,각주항목(09.06월 이후)
7904,202012,0010090,교보증권(주),C2,파생상품계약_장외파생상품,29392064058100,국내증권사,B,SF205,각주항목(09.06월 이후)
7905,202012,0010090,교보증권(주),C21,파생상품계약_장외파생상품_이자율관련거래,11725749794538,국내증권사,B,SF205,각주항목(09.06월 이후)
7906,202012,0010090,교보증권(주),C22,파생상품계약_장외파생상품_통화관련거래,7676435499895,국내증권사,B,SF205,각주항목(09.06월 이후)
7907,202012,0010090,교보증권(주),C23,파생상품계약_장외파생상품_주식관련거래,129601381505,국내증권사,B,SF205,각주항목(09.06월 이후)
7908,202012,0010090,교보증권(주),C24,파생상품계약_장외파생상품_신용관련거래,8759334392306,국내증권사,B,SF205,각주항목(09.06월 이후)
7909,202012,0010090,교보증권(주),C25,파생상품계약_장외파생상품_기타,1100942989856,국내증권사,B,SF205,각주항목(09.06월 이후)
7910,202012,0010090,교보증권(주),D,대차 및 대주거래,2853157620454,국내증권사,B,SF205,각주항목(09.06월 이후)
7911,202012,0010090,교보증권(주),D1,대차 및 대주거래_대여증권,58941316532,국내증권사,B,SF205,각주항목(09.06월 이후)
7912,202012,0010090,교보증권(주),D2,대차 및 대주거래_차입증권,2794216303922,국내증권사,B,SF205,각주항목(09.06월 이후)
7913,202012,0010090,교보증권(주),D3,대차 및 대주거래_신용거래대주, ,국내증권사,B,SF205,각주항목(09.06월 이후)
7914,202012,0010090,교보증권(주),E,대손상각채권, ,국내증권사,B,SF205,각주항목(09.06월 이후)
7915,202012,0010090,교보증권(주),F,환전업무 예치금,0,국내증권사,B,SF205,각주항목(09.06월 이후)
7916,202012,0010090,교보증권(주),G,미배당별도예치금,901090274,국내증권사,B,SF205,각주항목(09.06월 이후)
7917,202012,0010090,교보증권(주),H,배서어음매출(종금계정),0,국내증권사,B,SF205,각주항목(09.06월 이후)
7918,202012,0010090,교보증권(주),H1,대출채권매매이익_담보부, ,국내증권사,B,SF205,각주항목(09.06월 이후)
7919,202012,0010090,교보증권(주),H2,대출채권매매이익_무담보부, ,국내증권사,B,SF205,각주항목(09.06월 이후)
7920,202103,0010090,교보증권(주),A,채무보증,913000000000,국내증권사,B,SF205,각주항목(09.06월 이후)
7921,202103,0010090,교보증권(주),A1,채무보증_지급보증,0,국내증권사,B,SF205,각주항목(09.06월 이후)
7922,202103,0010090,교보증권(주),A2,채무보증_매입보장약정,191100000000,국내증권사,B,SF205,각주항목(09.06월 이후)
7923,202103,0010090,교보증권(주),A3,채무보증_채무인수약정, ,국내증권사,B,SF205,각주항목(09.06월 이후)
7924,202103,0010090,교보증권(주),A5,채무보증_매입확약,691500000000,국내증권사,B,SF205,각주항목(09.06월 이후)
7925,202103,0010090,교보증권(주),A6,채무보증_기타,30400000000,국내증권사,B,SF205,각주항목(09.06월 이후)
7926,202103,0010090,교보증권(주),B,투자자의 예수증권 등,38918181689770,국내증권사,B,SF205,각주항목(09.06월 이후)
7927,202103,0010090,교보증권(주),B1,투자자의 예수증권 등_예수 증권,33866341689770,국내증권사,B,SF205,각주항목(09.06월 이후)
7928,202103,0010090,교보증권(주),B2,투자자의 예수증권 등_예수양도성예금증서, ,국내증권사,B,SF205,각주항목(09.06월 이후)
7929,202103,0010090,교보증권(주),B3,투자자의 예수증권 등_기타,5051840000000,국내증권사,B,SF205,각주항목(09.06월 이후)
7930,202103,0010090,교보증권(주),C,파생상품계약,33005181933496,국내증권사,B,SF205,각주항목(09.06월 이후)
7931,202103,0010090,교보증권(주),C1,파생상품계약_장내파생상품,1717205580252,국내증권사,B,SF205,각주항목(09.06월 이후)
7932,202103,0010090,교보증권(주),C11,파생상품계약_장내파생상품_이자율관련거래,1642790997354,국내증권사,B,SF205,각주항목(09.06월 이후)
7933,202103,0010090,교보증권(주),C12,파생상품계약_장내파생상품_통화관련거래,0,국내증권사,B,SF205,각주항목(09.06월 이후)
7934,202103,0010090,교보증권(주),C13,파생상품계약_장내파생상품_주식관련거래,68793522176,국내증권사,B,SF205,각주항목(09.06월 이후)
7935,202103,0010090,교보증권(주),C14,파생상품계약_장내파생상품_일반상품관련거래,0,국내증권사,B,SF205,각주항목(09.06월 이후)
7936,202103,0010090,교보증권(주),C15,파생상품계약_장내파생상품_기타,5621060722,국내증권사,B,SF205,각주항목(09.06월 이후)
7937,202103,0010090,교보증권(주),C2,파생상품계약_장외파생상품,31287976353244,국내증권사,B,SF205,각주항목(09.06월 이후)
7938,202103,0010090,교보증권(주),C21,파생상품계약_장외파생상품_이자율관련거래,12444524074583,국내증권사,B,SF205,각주항목(09.06월 이후)
7939,202103,0010090,교보증권(주),C22,파생상품계약_장외파생상품_통화관련거래,7995712508895,국내증권사,B,SF205,각주항목(09.06월 이후)
7940,202103,0010090,교보증권(주),C23,파생상품계약_장외파생상품_주식관련거래,232528986390,국내증권사,B,SF205,각주항목(09.06월 이후)
7941,202103,0010090,교보증권(주),C24,파생상품계약_장외파생상품_신용관련거래,8919828162654,국내증권사,B,SF205,각주항목(09.06월 이후)
7942,202103,0010090,교보증권(주),C25,파생상품계약_장외파생상품_기타,1695382620722,국내증권사,B,SF205,각주항목(09.06월 이후)
7943,202103,0010090,교보증권(주),D,대차 및 대주거래,2820829693555,국내증권사,B,SF205,각주항목(09.06월 이후)
7944,202103,0010090,교보증권(주),D1,대차 및 대주거래_대여증권,311187024515,국내증권사,B,SF205,각주항목(09.06월 이후)
7945,202103,0010090,교보증권(주),D2,대차 및 대주거래_차입증권,2509642669040,국내증권사,B,SF205,각주항목(09.06월 이후)
7946,202103,0010090,교보증권(주),D3,대차 및 대주거래_신용거래대주, ,국내증권사,B,SF205,각주항목(09.06월 이후)
7947,202103,0010090,교보증권(주),E,대손상각채권, ,국내증권사,B,SF205,각주항목(09.06월 이후)
7948,202103,0010090,교보증권(주),F,환전업무 예치금,0,국내증권사,B,SF205,각주항목(09.06월 이후)
7949,202103,0010090,교보증권(주),G,미배당별도예치금,461124444,국내증권사,B,SF205,각주항목(09.06월 이후)
7950,202103,0010090,교보증권(주),H,배서어음매출(종금계정),0,국내증권사,B,SF205,각주항목(09.06월 이후)
7951,202103,0010090,교보증권(주),H1,대출채권매매이익_담보부, ,국내증권사,B,SF205,각주항목(09.06월 이후)
7952,202103,0010090,교보증권(주),H2,대출채권매매이익_무담보부, ,국내증권사,B,SF205,각주항목(09.06월 이후)
7953,202106,0010090,교보증권(주),A,채무보증,904700000000,국내증권사,B,SF205,각주항목(09.06월 이후)
7954,202106,0010090,교보증권(주),A1,채무보증_지급보증,0,국내증권사,B,SF205,각주항목(09.06월 이후)
7955,202106,0010090,교보증권(주),A2,채무보증_매입보장약정,191100000000,국내증권사,B,SF205,각주항목(09.06월 이후)
7956,202106,0010090,교보증권(주),A3,채무보증_채무인수약정, ,국내증권사,B,SF205,각주항목(09.06월 이후)
7957,202106,0010090,교보증권(주),A5,채무보증_매입확약,683200000000,국내증권사,B,SF205,각주항목(09.06월 이후)
7958,202106,0010090,교보증권(주),A6,채무보증_기타,30400000000,국내증권사,B,SF205,각주항목(09.06월 이후)
7959,202106,0010090,교보증권(주),B,투자자의 예수증권 등,42732379913522,국내증권사,B,SF205,각주항목(09.06월 이후)
7960,202106,0010090,교보증권(주),B1,투자자의 예수증권 등_예수 증권,37412740213522,국내증권사,B,SF205,각주항목(09.06월 이후)
7961,202106,0010090,교보증권(주),B2,투자자의 예수증권 등_예수양도성예금증서, ,국내증권사,B,SF205,각주항목(09.06월 이후)
7962,202106,0010090,교보증권(주),B3,투자자의 예수증권 등_기타,5319639700000,국내증권사,B,SF205,각주항목(09.06월 이후)
7963,202106,0010090,교보증권(주),C,파생상품계약,35309842896744,국내증권사,B,SF205,각주항목(09.06월 이후)
7964,202106,0010090,교보증권(주),C1,파생상품계약_장내파생상품,1392456118473,국내증권사,B,SF205,각주항목(09.06월 이후)
7965,202106,0010090,교보증권(주),C11,파생상품계약_장내파생상품_이자율관련거래,1253891172906,국내증권사,B,SF205,각주항목(09.06월 이후)
7966,202106,0010090,교보증권(주),C12,파생상품계약_장내파생상품_통화관련거래,3531988249,국내증권사,B,SF205,각주항목(09.06월 이후)
7967,202106,0010090,교보증권(주),C13,파생상품계약_장내파생상품_주식관련거래,128263397049,국내증권사,B,SF205,각주항목(09.06월 이후)
7968,202106,0010090,교보증권(주),C14,파생상품계약_장내파생상품_일반상품관련거래,0,국내증권사,B,SF205,각주항목(09.06월 이후)
7969,202106,0010090,교보증권(주),C15,파생상품계약_장내파생상품_기타,6769560269,국내증권사,B,SF205,각주항목(09.06월 이후)
7970,202106,0010090,교보증권(주),C2,파생상품계약_장외파생상품,33917386778271,국내증권사,B,SF205,각주항목(09.06월 이후)
7971,202106,0010090,교보증권(주),C21,파생상품계약_장외파생상품_이자율관련거래,15750901374583,국내증권사,B,SF205,각주항목(09.06월 이후)
7972,202106,0010090,교보증권(주),C22,파생상품계약_장외파생상품_통화관련거래,7754351893906,국내증권사,B,SF205,각주항목(09.06월 이후)
7973,202106,0010090,교보증권(주),C23,파생상품계약_장외파생상품_주식관련거래,445480999311,국내증권사,B,SF205,각주항목(09.06월 이후)
7974,202106,0010090,교보증권(주),C24,파생상품계약_장외파생상품_신용관련거래,8472142890202,국내증권사,B,SF205,각주항목(09.06월 이후)
7975,202106,0010090,교보증권(주),C25,파생상품계약_장외파생상품_기타,1494509620269,국내증권사,B,SF205,각주항목(09.06월 이후)
7976,202106,0010090,교보증권(주),D,대차 및 대주거래,2928610256480,국내증권사,B,SF205,각주항목(09.06월 이후)
7977,202106,0010090,교보증권(주),D1,대차 및 대주거래_대여증권,497344678540,국내증권사,B,SF205,각주항목(09.06월 이후)
7978,202106,0010090,교보증권(주),D2,대차 및 대주거래_차입증권,2431265577940,국내증권사,B,SF205,각주항목(09.06월 이후)
7979,202106,0010090,교보증권(주),D3,대차 및 대주거래_신용거래대주, ,국내증권사,B,SF205,각주항목(09.06월 이후)
7980,202106,0010090,교보증권(주),E,대손상각채권, ,국내증권사,B,SF205,각주항목(09.06월 이후)
7981,202106,0010090,교보증권(주),F,환전업무 예치금,0,국내증권사,B,SF205,각주항목(09.06월 이후)
7982,202106,0010090,교보증권(주),G,미배당별도예치금,659474755,국내증권사,B,SF205,각주항목(09.06월 이후)
7983,202106,0010090,교보증권(주),H,배서어음매출(종금계정),0,국내증권사,B,SF205,각주항목(09.06월 이후)
7984,202106,0010090,교보증권(주),H1,대출채권매매이익_담보부, ,국내증권사,B,SF205,각주항목(09.06월 이후)
7985,202106,0010090,교보증권(주),H2,대출채권매매이익_무담보부, ,국내증권사,B,SF205,각주항목(09.06월 이후)
7986,202109,0010090,교보증권(주),A,채무보증,877200000000,국내증권사,B,SF205,각주항목(09.06월 이후)
7987,202109,0010090,교보증권(주),A1,채무보증_지급보증,0,국내증권사,B,SF205,각주항목(09.06월 이후)
7988,202109,0010090,교보증권(주),A2,채무보증_매입보장약정,191100000000,국내증권사,B,SF205,각주항목(09.06월 이후)
7989,202109,0010090,교보증권(주),A3,채무보증_채무인수약정, ,국내증권사,B,SF205,각주항목(09.06월 이후)
7990,202109,0010090,교보증권(주),A5,채무보증_매입확약,686100000000,국내증권사,B,SF205,각주항목(09.06월 이후)
7991,202109,0010090,교보증권(주),A6,채무보증_기타, ,국내증권사,B,SF205,각주항목(09.06월 이후)
7992,202109,0010090,교보증권(주),B,투자자의 예수증권 등,40890742357597,국내증권사,B,SF205,각주항목(09.06월 이후)
7993,202109,0010090,교보증권(주),B1,투자자의 예수증권 등_예수 증권,35409442357597,국내증권사,B,SF205,각주항목(09.06월 이후)
7994,202109,0010090,교보증권(주),B2,투자자의 예수증권 등_예수양도성예금증서, ,국내증권사,B,SF205,각주항목(09.06월 이후)
7995,202109,0010090,교보증권(주),B3,투자자의 예수증권 등_기타,5481300000000,국내증권사,B,SF205,각주항목(09.06월 이후)
7996,202109,0010090,교보증권(주),C,파생상품계약,35977551742512,국내증권사,B,SF205,각주항목(09.06월 이후)
7997,202109,0010090,교보증권(주),C1,파생상품계약_장내파생상품,1290119528429,국내증권사,B,SF205,각주항목(09.06월 이후)
7998,202109,0010090,교보증권(주),C11,파생상품계약_장내파생상품_이자율관련거래,1094942084577,국내증권사,B,SF205,각주항목(09.06월 이후)
7999,202109,0010090,교보증권(주),C12,파생상품계약_장내파생상품_통화관련거래,3880969666,국내증권사,B,SF205,각주항목(09.06월 이후)
8000,202109,0010090,교보증권(주),C13,파생상품계약_장내파생상품_주식관련거래,183221289938,국내증권사,B,SF205,각주항목(09.06월 이후)
8001,202109,0010090,교보증권(주),C14,파생상품계약_장내파생상품_일반상품관련거래,1998511585,국내증권사,B,SF205,각주항목(09.06월 이후)
8002,202109,0010090,교보증권(주),C15,파생상품계약_장내파생상품_기타,6076672663,국내증권사,B,SF205,각주항목(09.06월 이후)
8003,202109,0010090,교보증권(주),C2,파생상품계약_장외파생상품,34687432214083,국내증권사,B,SF205,각주항목(09.06월 이후)
8004,202109,0010090,교보증권(주),C21,파생상품계약_장외파생상품_이자율관련거래,15642278132252,국내증권사,B,SF205,각주항목(09.06월 이후)
8005,202109,0010090,교보증권(주),C22,파생상품계약_장외파생상품_통화관련거래,7075613998106,국내증권사,B,SF205,각주항목(09.06월 이후)
8006,202109,0010090,교보증권(주),C23,파생상품계약_장외파생상품_주식관련거래,746427599421,국내증권사,B,SF205,각주항목(09.06월 이후)
8007,202109,0010090,교보증권(주),C24,파생상품계약_장외파생상품_신용관련거래,9659108751641,국내증권사,B,SF205,각주항목(09.06월 이후)
8008,202109,0010090,교보증권(주),C25,파생상품계약_장외파생상품_기타,1564003732663,국내증권사,B,SF205,각주항목(09.06월 이후)
8009,202109,0010090,교보증권(주),D,대차 및 대주거래,2721504020970,국내증권사,B,SF205,각주항목(09.06월 이후)
8010,202109,0010090,교보증권(주),D1,대차 및 대주거래_대여증권,276745454585,국내증권사,B,SF205,각주항목(09.06월 이후)
8011,202109,0010090,교보증권(주),D2,대차 및 대주거래_차입증권,2444758566385,국내증권사,B,SF205,각주항목(09.06월 이후)
8012,202109,0010090,교보증권(주),D3,대차 및 대주거래_신용거래대주, ,국내증권사,B,SF205,각주항목(09.06월 이후)
8013,202109,0010090,교보증권(주),E,대손상각채권, ,국내증권사,B,SF205,각주항목(09.06월 이후)
8014,202109,0010090,교보증권(주),F,환전업무 예치금,0,국내증권사,B,SF205,각주항목(09.06월 이후)
8015,202109,0010090,교보증권(주),G,미배당별도예치금,952495628,국내증권사,B,SF205,각주항목(09.06월 이후)
8016,202109,0010090,교보증권(주),H,배서어음매출(종금계정),0,국내증권사,B,SF205,각주항목(09.06월 이후)
8017,202109,0010090,교보증권(주),H1,대출채권매매이익_담보부, ,국내증권사,B,SF205,각주항목(09.06월 이후)
8018,202109,0010090,교보증권(주),H2,대출채권매매이익_무담보부, ,국내증권사,B,SF205,각주항목(09.06월 이후)
8019,202112,0010090,교보증권(주),A,채무보증,926500000000,국내증권사,B,SF205,각주항목(09.06월 이후)
8020,202112,0010090,교보증권(주),A1,채무보증_지급보증,0,국내증권사,B,SF205,각주항목(09.06월 이후)
8021,202112,0010090,교보증권(주),A2,채무보증_매입보장약정,180600000000,국내증권사,B,SF205,각주항목(09.06월 이후)
8022,202112,0010090,교보증권(주),A3,채무보증_채무인수약정, ,국내증권사,B,SF205,각주항목(09.06월 이후)
8023,202112,0010090,교보증권(주),A5,채무보증_매입확약,745900000000,국내증권사,B,SF205,각주항목(09.06월 이후)
8024,202112,0010090,교보증권(주),A6,채무보증_기타, ,국내증권사,B,SF205,각주항목(09.06월 이후)
8025,202112,0010090,교보증권(주),B,투자자의 예수증권 등,41149678716643,국내증권사,B,SF205,각주항목(09.06월 이후)
8026,202112,0010090,교보증권(주),B1,투자자의 예수증권 등_예수 증권,35456960015723,국내증권사,B,SF205,각주항목(09.06월 이후)
8027,202112,0010090,교보증권(주),B2,투자자의 예수증권 등_예수양도성예금증서, ,국내증권사,B,SF205,각주항목(09.06월 이후)
8028,202112,0010090,교보증권(주),B3,투자자의 예수증권 등_기타,5692718700920,국내증권사,B,SF205,각주항목(09.06월 이후)
8029,202112,0010090,교보증권(주),C,파생상품계약,38888796976560,국내증권사,B,SF205,각주항목(09.06월 이후)
8030,202112,0010090,교보증권(주),C1,파생상품계약_장내파생상품,1352014393715,국내증권사,B,SF205,각주항목(09.06월 이후)
8031,202112,0010090,교보증권(주),C11,파생상품계약_장내파생상품_이자율관련거래,1126674595698,국내증권사,B,SF205,각주항목(09.06월 이후)
8032,202112,0010090,교보증권(주),C12,파생상품계약_장내파생상품_통화관련거래,0,국내증권사,B,SF205,각주항목(09.06월 이후)
8033,202112,0010090,교보증권(주),C13,파생상품계약_장내파생상품_주식관련거래,219028920156,국내증권사,B,SF205,각주항목(09.06월 이후)
8034,202112,0010090,교보증권(주),C14,파생상품계약_장내파생상품_일반상품관련거래,1291592952,국내증권사,B,SF205,각주항목(09.06월 이후)
8035,202112,0010090,교보증권(주),C15,파생상품계약_장내파생상품_기타,5019284909,국내증권사,B,SF205,각주항목(09.06월 이후)
8036,202112,0010090,교보증권(주),C2,파생상품계약_장외파생상품,37536782582845,국내증권사,B,SF205,각주항목(09.06월 이후)
8037,202112,0010090,교보증권(주),C21,파생상품계약_장외파생상품_이자율관련거래,17335779152252,국내증권사,B,SF205,각주항목(09.06월 이후)
8038,202112,0010090,교보증권(주),C22,파생상품계약_장외파생상품_통화관련거래,8078775199072,국내증권사,B,SF205,각주항목(09.06월 이후)
8039,202112,0010090,교보증권(주),C23,파생상품계약_장외파생상품_주식관련거래,1028454835840,국내증권사,B,SF205,각주항목(09.06월 이후)
8040,202112,0010090,교보증권(주),C24,파생상품계약_장외파생상품_신용관련거래,9480637050772,국내증권사,B,SF205,각주항목(09.06월 이후)
8041,202112,0010090,교보증권(주),C25,파생상품계약_장외파생상품_기타,1613136344909,국내증권사,B,SF205,각주항목(09.06월 이후)
8042,202112,0010090,교보증권(주),D,대차 및 대주거래,2571937699516,국내증권사,B,SF205,각주항목(09.06월 이후)
8043,202112,0010090,교보증권(주),D1,대차 및 대주거래_대여증권,181960741208,국내증권사,B,SF205,각주항목(09.06월 이후)
8044,202112,0010090,교보증권(주),D2,대차 및 대주거래_차입증권,2389976958308,국내증권사,B,SF205,각주항목(09.06월 이후)
8045,202112,0010090,교보증권(주),D3,대차 및 대주거래_신용거래대주, ,국내증권사,B,SF205,각주항목(09.06월 이후)
8046,202112,0010090,교보증권(주),E,대손상각채권, ,국내증권사,B,SF205,각주항목(09.06월 이후)
8047,202112,0010090,교보증권(주),F,환전업무 예치금,0,국내증권사,B,SF205,각주항목(09.06월 이후)
8048,202112,0010090,교보증권(주),G,미배당별도예치금,1055371953,국내증권사,B,SF205,각주항목(09.06월 이후)
8049,202112,0010090,교보증권(주),H,배서어음매출(종금계정),0,국내증권사,B,SF205,각주항목(09.06월 이후)
8050,202112,0010090,교보증권(주),H1,대출채권매매이익_담보부, ,국내증권사,B,SF205,각주항목(09.06월 이후)
8051,202112,0010090,교보증권(주),H2,대출채권매매이익_무담보부, ,국내증권사,B,SF205,각주항목(09.06월 이후)
8052,202203,0010090,교보증권(주),A,채무보증,1206900000000,국내증권사,B,SF205,각주항목(09.06월 이후)
8053,202203,0010090,교보증권(주),A1,채무보증_지급보증,0,국내증권사,B,SF205,각주항목(09.06월 이후)
8054,202203,0010090,교보증권(주),A2,채무보증_매입보장약정,180600000000,국내증권사,B,SF205,각주항목(09.06월 이후)
8055,202203,0010090,교보증권(주),A3,채무보증_채무인수약정, ,국내증권사,B,SF205,각주항목(09.06월 이후)
8056,202203,0010090,교보증권(주),A5,채무보증_매입확약,1026300000000,국내증권사,B,SF205,각주항목(09.06월 이후)
8057,202203,0010090,교보증권(주),A6,채무보증_기타, ,국내증권사,B,SF205,각주항목(09.06월 이후)
8058,202203,0010090,교보증권(주),B,투자자의 예수증권 등,39683122335753,국내증권사,B,SF205,각주항목(09.06월 이후)
8059,202203,0010090,교보증권(주),B1,투자자의 예수증권 등_예수 증권,35158843199723,국내증권사,B,SF205,각주항목(09.06월 이후)
8060,202203,0010090,교보증권(주),B2,투자자의 예수증권 등_예수양도성예금증서, ,국내증권사,B,SF205,각주항목(09.06월 이후)
8061,202203,0010090,교보증권(주),B3,투자자의 예수증권 등_기타,4524279136030,국내증권사,B,SF205,각주항목(09.06월 이후)
8062,202203,0010090,교보증권(주),C,파생상품계약,44919952253654,국내증권사,B,SF205,각주항목(09.06월 이후)
8063,202203,0010090,교보증권(주),C1,파생상품계약_장내파생상품,1331293104663,국내증권사,B,SF205,각주항목(09.06월 이후)
8064,202203,0010090,교보증권(주),C11,파생상품계약_장내파생상품_이자율관련거래,1135810075157,국내증권사,B,SF205,각주항목(09.06월 이후)
8065,202203,0010090,교보증권(주),C12,파생상품계약_장내파생상품_통화관련거래,0,국내증권사,B,SF205,각주항목(09.06월 이후)
8066,202203,0010090,교보증권(주),C13,파생상품계약_장내파생상품_주식관련거래,182311510956,국내증권사,B,SF205,각주항목(09.06월 이후)
8067,202203,0010090,교보증권(주),C14,파생상품계약_장내파생상품_일반상품관련거래,0,국내증권사,B,SF205,각주항목(09.06월 이후)
8068,202203,0010090,교보증권(주),C15,파생상품계약_장내파생상품_기타,13171518550,국내증권사,B,SF205,각주항목(09.06월 이후)
8069,202203,0010090,교보증권(주),C2,파생상품계약_장외파생상품,43588659148991,국내증권사,B,SF205,각주항목(09.06월 이후)
8070,202203,0010090,교보증권(주),C21,파생상품계약_장외파생상품_이자율관련거래,18525812523157,국내증권사,B,SF205,각주항목(09.06월 이후)
8071,202203,0010090,교보증권(주),C22,파생상품계약_장외파생상품_통화관련거래,10810668529002,국내증권사,B,SF205,각주항목(09.06월 이후)
8072,202203,0010090,교보증권(주),C23,파생상품계약_장외파생상품_주식관련거래,1742676256232,국내증권사,B,SF205,각주항목(09.06월 이후)
8073,202203,0010090,교보증권(주),C24,파생상품계약_장외파생상품_신용관련거래,10805184511920,국내증권사,B,SF205,각주항목(09.06월 이후)
8074,202203,0010090,교보증권(주),C25,파생상품계약_장외파생상품_기타,1704317328680,국내증권사,B,SF205,각주항목(09.06월 이후)
8075,202203,0010090,교보증권(주),D,대차 및 대주거래,2885405082290,국내증권사,B,SF205,각주항목(09.06월 이후)
8076,202203,0010090,교보증권(주),D1,대차 및 대주거래_대여증권,137440076220,국내증권사,B,SF205,각주항목(09.06월 이후)
8077,202203,0010090,교보증권(주),D2,대차 및 대주거래_차입증권,2747965006070,국내증권사,B,SF205,각주항목(09.06월 이후)
8078,202203,0010090,교보증권(주),D3,대차 및 대주거래_신용거래대주, ,국내증권사,B,SF205,각주항목(09.06월 이후)
8079,202203,0010090,교보증권(주),E,대손상각채권, ,국내증권사,B,SF205,각주항목(09.06월 이후)
8080,202203,0010090,교보증권(주),F,환전업무 예치금,0,국내증권사,B,SF205,각주항목(09.06월 이후)
8081,202203,0010090,교보증권(주),G,미배당별도예치금,725202883,국내증권사,B,SF205,각주항목(09.06월 이후)
8082,202203,0010090,교보증권(주),H,배서어음매출(종금계정),0,국내증권사,B,SF205,각주항목(09.06월 이후)
8083,202203,0010090,교보증권(주),H1,대출채권매매이익_담보부, ,국내증권사,B,SF205,각주항목(09.06월 이후)
8084,202203,0010090,교보증권(주),H2,대출채권매매이익_무담보부, ,국내증권사,B,SF205,각주항목(09.06월 이후)
8085,202206,0010090,교보증권(주),A,채무보증,989800000000,국내증권사,B,SF205,각주항목(09.06월 이후)
8086,202206,0010090,교보증권(주),A1,채무보증_지급보증,0,국내증권사,B,SF205,각주항목(09.06월 이후)
8087,202206,0010090,교보증권(주),A2,채무보증_매입보장약정,112300000000,국내증권사,B,SF205,각주항목(09.06월 이후)
8088,202206,0010090,교보증권(주),A3,채무보증_채무인수약정, ,국내증권사,B,SF205,각주항목(09.06월 이후)
8089,202206,0010090,교보증권(주),A5,채무보증_매입확약,877500000000,국내증권사,B,SF205,각주항목(09.06월 이후)
8090,202206,0010090,교보증권(주),A6,채무보증_기타, ,국내증권사,B,SF205,각주항목(09.06월 이후)
8091,202206,0010090,교보증권(주),B,투자자의 예수증권 등,40102974707941,국내증권사,B,SF205,각주항목(09.06월 이후)
8092,202206,0010090,교보증권(주),B1,투자자의 예수증권 등_예수 증권,35699856707941,국내증권사,B,SF205,각주항목(09.06월 이후)
8093,202206,0010090,교보증권(주),B2,투자자의 예수증권 등_예수양도성예금증서, ,국내증권사,B,SF205,각주항목(09.06월 이후)
8094,202206,0010090,교보증권(주),B3,투자자의 예수증권 등_기타,4403118000000,국내증권사,B,SF205,각주항목(09.06월 이후)
8095,202206,0010090,교보증권(주),C,파생상품계약,48734253620712,국내증권사,B,SF205,각주항목(09.06월 이후)
8096,202206,0010090,교보증권(주),C1,파생상품계약_장내파생상품,2009746365917,국내증권사,B,SF205,각주항목(09.06월 이후)
8097,202206,0010090,교보증권(주),C11,파생상품계약_장내파생상품_이자율관련거래,1760848056820,국내증권사,B,SF205,각주항목(09.06월 이후)
8098,202206,0010090,교보증권(주),C12,파생상품계약_장내파생상품_통화관련거래,0,국내증권사,B,SF205,각주항목(09.06월 이후)
8099,202206,0010090,교보증권(주),C13,파생상품계약_장내파생상품_주식관련거래,234732193235,국내증권사,B,SF205,각주항목(09.06월 이후)
8100,202206,0010090,교보증권(주),C14,파생상품계약_장내파생상품_일반상품관련거래,0,국내증권사,B,SF205,각주항목(09.06월 이후)
8101,202206,0010090,교보증권(주),C15,파생상품계약_장내파생상품_기타,14166115862,국내증권사,B,SF205,각주항목(09.06월 이후)
8102,202206,0010090,교보증권(주),C2,파생상품계약_장외파생상품,46724507254795,국내증권사,B,SF205,각주항목(09.06월 이후)
8103,202206,0010090,교보증권(주),C21,파생상품계약_장외파생상품_이자율관련거래,21781755708445,국내증권사,B,SF205,각주항목(09.06월 이후)
8104,202206,0010090,교보증권(주),C22,파생상품계약_장외파생상품_통화관련거래,10907172592211,국내증권사,B,SF205,각주항목(09.06월 이후)
8105,202206,0010090,교보증권(주),C23,파생상품계약_장외파생상품_주식관련거래,1899343797510,국내증권사,B,SF205,각주항목(09.06월 이후)
8106,202206,0010090,교보증권(주),C24,파생상품계약_장외파생상품_신용관련거래,10430038111511,국내증권사,B,SF205,각주항목(09.06월 이후)
8107,202206,0010090,교보증권(주),C25,파생상품계약_장외파생상품_기타,1706197045118,국내증권사,B,SF205,각주항목(09.06월 이후)
8108,202206,0010090,교보증권(주),D,대차 및 대주거래,3072936005846,국내증권사,B,SF205,각주항목(09.06월 이후)
8109,202206,0010090,교보증권(주),D1,대차 및 대주거래_대여증권,122440241923,국내증권사,B,SF205,각주항목(09.06월 이후)
8110,202206,0010090,교보증권(주),D2,대차 및 대주거래_차입증권,2950495763923,국내증권사,B,SF205,각주항목(09.06월 이후)
8111,202206,0010090,교보증권(주),D3,대차 및 대주거래_신용거래대주, ,국내증권사,B,SF205,각주항목(09.06월 이후)
8112,202206,0010090,교보증권(주),E,대손상각채권, ,국내증권사,B,SF205,각주항목(09.06월 이후)
8113,202206,0010090,교보증권(주),F,환전업무 예치금,0,국내증권사,B,SF205,각주항목(09.06월 이후)
8114,202206,0010090,교보증권(주),G,미배당별도예치금,1073162450,국내증권사,B,SF205,각주항목(09.06월 이후)
8115,202206,0010090,교보증권(주),H,배서어음매출(종금계정),0,국내증권사,B,SF205,각주항목(09.06월 이후)
8116,202206,0010090,교보증권(주),H1,대출채권매매이익_담보부, ,국내증권사,B,SF205,각주항목(09.06월 이후)
8117,202206,0010090,교보증권(주),H2,대출채권매매이익_무담보부, ,국내증권사,B,SF205,각주항목(09.06월 이후)
8118,202209,0010090,교보증권(주),A,채무보증,950200000000,국내증권사,B,SF205,각주항목(09.06월 이후)
8119,202209,0010090,교보증권(주),A1,채무보증_지급보증,0,국내증권사,B,SF205,각주항목(09.06월 이후)
8120,202209,0010090,교보증권(주),A2,채무보증_매입보장약정,81700000000,국내증권사,B,SF205,각주항목(09.06월 이후)
8121,202209,0010090,교보증권(주),A3,채무보증_채무인수약정, ,국내증권사,B,SF205,각주항목(09.06월 이후)
8122,202209,0010090,교보증권(주),A5,채무보증_매입확약,868500000000,국내증권사,B,SF205,각주항목(09.06월 이후)
8123,202209,0010090,교보증권(주),A6,채무보증_기타, ,국내증권사,B,SF205,각주항목(09.06월 이후)
8124,202209,0010090,교보증권(주),B,투자자의 예수증권 등,38323511912500,국내증권사,B,SF205,각주항목(09.06월 이후)
8125,202209,0010090,교보증권(주),B1,투자자의 예수증권 등_예수 증권,34325918478094,국내증권사,B,SF205,각주항목(09.06월 이후)
8126,202209,0010090,교보증권(주),B2,투자자의 예수증권 등_예수양도성예금증서, ,국내증권사,B,SF205,각주항목(09.06월 이후)
8127,202209,0010090,교보증권(주),B3,투자자의 예수증권 등_기타,3997593434406,국내증권사,B,SF205,각주항목(09.06월 이후)
8128,202209,0010090,교보증권(주),C,파생상품계약,53840083299426,국내증권사,B,SF205,각주항목(09.06월 이후)
8129,202209,0010090,교보증권(주),C1,파생상품계약_장내파생상품,2046611032264,국내증권사,B,SF205,각주항목(09.06월 이후)
8130,202209,0010090,교보증권(주),C11,파생상품계약_장내파생상품_이자율관련거래,1810129353506,국내증권사,B,SF205,각주항목(09.06월 이후)
8131,202209,0010090,교보증권(주),C12,파생상품계약_장내파생상품_통화관련거래,0,국내증권사,B,SF205,각주항목(09.06월 이후)
8132,202209,0010090,교보증권(주),C13,파생상품계약_장내파생상품_주식관련거래,226451423178,국내증권사,B,SF205,각주항목(09.06월 이후)
8133,202209,0010090,교보증권(주),C14,파생상품계약_장내파생상품_일반상품관련거래,0,국내증권사,B,SF205,각주항목(09.06월 이후)
8134,202209,0010090,교보증권(주),C15,파생상품계약_장내파생상품_기타,10030255580,국내증권사,B,SF205,각주항목(09.06월 이후)
8135,202209,0010090,교보증권(주),C2,파생상품계약_장외파생상품,51793472267162,국내증권사,B,SF205,각주항목(09.06월 이후)
8136,202209,0010090,교보증권(주),C21,파생상품계약_장외파생상품_이자율관련거래,25756374422955,국내증권사,B,SF205,각주항목(09.06월 이후)
8137,202209,0010090,교보증권(주),C22,파생상품계약_장외파생상품_통화관련거래,8873610529675,국내증권사,B,SF205,각주항목(09.06월 이후)
8138,202209,0010090,교보증권(주),C23,파생상품계약_장외파생상품_주식관련거래,2422591851889,국내증권사,B,SF205,각주항목(09.06월 이후)
8139,202209,0010090,교보증권(주),C24,파생상품계약_장외파생상품_신용관련거래,12769241462267,국내증권사,B,SF205,각주항목(09.06월 이후)
8140,202209,0010090,교보증권(주),C25,파생상품계약_장외파생상품_기타,1971654000376,국내증권사,B,SF205,각주항목(09.06월 이후)
8141,202209,0010090,교보증권(주),D,대차 및 대주거래,3358458746501,국내증권사,B,SF205,각주항목(09.06월 이후)
8142,202209,0010090,교보증권(주),D1,대차 및 대주거래_대여증권,109890478848,국내증권사,B,SF205,각주항목(09.06월 이후)
8143,202209,0010090,교보증권(주),D2,대차 및 대주거래_차입증권,3248568267653,국내증권사,B,SF205,각주항목(09.06월 이후)
8144,202209,0010090,교보증권(주),D3,대차 및 대주거래_신용거래대주, ,국내증권사,B,SF205,각주항목(09.06월 이후)
8145,202209,0010090,교보증권(주),E,대손상각채권, ,국내증권사,B,SF205,각주항목(09.06월 이후)
8146,202209,0010090,교보증권(주),F,환전업무 예치금,0,국내증권사,B,SF205,각주항목(09.06월 이후)
8147,202209,0010090,교보증권(주),G,미배당별도예치금,1103722580,국내증권사,B,SF205,각주항목(09.06월 이후)
8148,202209,0010090,교보증권(주),H,배서어음매출(종금계정),0,국내증권사,B,SF205,각주항목(09.06월 이후)
8149,202209,0010090,교보증권(주),H1,대출채권매매이익_담보부, ,국내증권사,B,SF205,각주항목(09.06월 이후)
8150,202209,0010090,교보증권(주),H2,대출채권매매이익_무담보부, ,국내증권사,B,SF205,각주항목(09.06월 이후)
8151,202212,0010090,교보증권(주),A,채무보증,889100000000,국내증권사,B,SF205,각주항목(09.06월 이후)
8152,202212,0010090,교보증권(주),A1,채무보증_지급보증,0,국내증권사,B,SF205,각주항목(09.06월 이후)
8153,202212,0010090,교보증권(주),A2,채무보증_매입보장약정,41200000000,국내증권사,B,SF205,각주항목(09.06월 이후)
8154,202212,0010090,교보증권(주),A3,채무보증_채무인수약정, ,국내증권사,B,SF205,각주항목(09.06월 이후)
8155,202212,0010090,교보증권(주),A5,채무보증_매입확약,847900000000,국내증권사,B,SF205,각주항목(09.06월 이후)
8156,202212,0010090,교보증권(주),A6,채무보증_기타, ,국내증권사,B,SF205,각주항목(09.06월 이후)
8157,202212,0010090,교보증권(주),B,투자자의 예수증권 등,40530863880671,국내증권사,B,SF205,각주항목(09.06월 이후)
8158,202212,0010090,교보증권(주),B1,투자자의 예수증권 등_예수 증권,37453700880671,국내증권사,B,SF205,각주항목(09.06월 이후)
8159,202212,0010090,교보증권(주),B2,투자자의 예수증권 등_예수양도성예금증서, ,국내증권사,B,SF205,각주항목(09.06월 이후)
8160,202212,0010090,교보증권(주),B3,투자자의 예수증권 등_기타,3077163000000,국내증권사,B,SF205,각주항목(09.06월 이후)
8161,202212,0010090,교보증권(주),C,파생상품계약,52657451319158,국내증권사,B,SF205,각주항목(09.06월 이후)
8162,202212,0010090,교보증권(주),C1,파생상품계약_장내파생상품,1694617949728,국내증권사,B,SF205,각주항목(09.06월 이후)
8163,202212,0010090,교보증권(주),C11,파생상품계약_장내파생상품_이자율관련거래,1434904194378,국내증권사,B,SF205,각주항목(09.06월 이후)
8164,202212,0010090,교보증권(주),C12,파생상품계약_장내파생상품_통화관련거래,0,국내증권사,B,SF205,각주항목(09.06월 이후)
8165,202212,0010090,교보증권(주),C13,파생상품계약_장내파생상품_주식관련거래,252114275433,국내증권사,B,SF205,각주항목(09.06월 이후)
8166,202212,0010090,교보증권(주),C14,파생상품계약_장내파생상품_일반상품관련거래,0,국내증권사,B,SF205,각주항목(09.06월 이후)
8167,202212,0010090,교보증권(주),C15,파생상품계약_장내파생상품_기타,7599479917,국내증권사,B,SF205,각주항목(09.06월 이후)
8168,202212,0010090,교보증권(주),C2,파생상품계약_장외파생상품,50962833369430,국내증권사,B,SF205,각주항목(09.06월 이후)
8169,202212,0010090,교보증권(주),C21,파생상품계약_장외파생상품_이자율관련거래,26606368791802,국내증권사,B,SF205,각주항목(09.06월 이후)
8170,202212,0010090,교보증권(주),C22,파생상품계약_장외파생상품_통화관련거래,8160347747936,국내증권사,B,SF205,각주항목(09.06월 이후)
8171,202212,0010090,교보증권(주),C23,파생상품계약_장외파생상품_주식관련거래,2394363355156,국내증권사,B,SF205,각주항목(09.06월 이후)
8172,202212,0010090,교보증권(주),C24,파생상품계약_장외파생상품_신용관련거래,11832336639823,국내증권사,B,SF205,각주항목(09.06월 이후)
8173,202212,0010090,교보증권(주),C25,파생상품계약_장외파생상품_기타,1969416834713,국내증권사,B,SF205,각주항목(09.06월 이후)
8174,202212,0010090,교보증권(주),D,대차 및 대주거래,3012171951622,국내증권사,B,SF205,각주항목(09.06월 이후)
8175,202212,0010090,교보증권(주),D1,대차 및 대주거래_대여증권,89338799251,국내증권사,B,SF205,각주항목(09.06월 이후)
8176,202212,0010090,교보증권(주),D2,대차 및 대주거래_차입증권,2922833152371,국내증권사,B,SF205,각주항목(09.06월 이후)
8177,202212,0010090,교보증권(주),D3,대차 및 대주거래_신용거래대주, ,국내증권사,B,SF205,각주항목(09.06월 이후)
8178,202212,0010090,교보증권(주),E,대손상각채권, ,국내증권사,B,SF205,각주항목(09.06월 이후)
8179,202212,0010090,교보증권(주),F,환전업무 예치금,0,국내증권사,B,SF205,각주항목(09.06월 이후)
8180,202212,0010090,교보증권(주),G,미배당별도예치금,1124343532,국내증권사,B,SF205,각주항목(09.06월 이후)
8181,202212,0010090,교보증권(주),H,배서어음매출(종금계정),0,국내증권사,B,SF205,각주항목(09.06월 이후)
8182,202212,0010090,교보증권(주),H1,대출채권매매이익_담보부, ,국내증권사,B,SF205,각주항목(09.06월 이후)
8183,202212,0010090,교보증권(주),H2,대출채권매매이익_무담보부, ,국내증권사,B,SF205,각주항목(09.06월 이후)
8184,202303,0010090,교보증권(주),A,채무보증,913350000000,국내증권사,B,SF205,각주항목(09.06월 이후)
8185,202303,0010090,교보증권(주),A1,채무보증_지급보증,0,국내증권사,B,SF205,각주항목(09.06월 이후)
8186,202303,0010090,교보증권(주),A2,채무보증_매입보장약정,41200000000,국내증권사,B,SF205,각주항목(09.06월 이후)
8187,202303,0010090,교보증권(주),A3,채무보증_채무인수약정, ,국내증권사,B,SF205,각주항목(09.06월 이후)
8188,202303,0010090,교보증권(주),A5,채무보증_매입확약,872150000000,국내증권사,B,SF205,각주항목(09.06월 이후)
8189,202303,0010090,교보증권(주),A6,채무보증_기타, ,국내증권사,B,SF205,각주항목(09.06월 이후)
8190,202303,0010090,교보증권(주),B,투자자의 예수증권 등,41501344949457,국내증권사,B,SF205,각주항목(09.06월 이후)
8191,202303,0010090,교보증권(주),B1,투자자의 예수증권 등_예수 증권,39635400061379,국내증권사,B,SF205,각주항목(09.06월 이후)
8192,202303,0010090,교보증권(주),B2,투자자의 예수증권 등_예수양도성예금증서, ,국내증권사,B,SF205,각주항목(09.06월 이후)
8193,202303,0010090,교보증권(주),B3,투자자의 예수증권 등_기타,1865944888078,국내증권사,B,SF205,각주항목(09.06월 이후)
8194,202303,0010090,교보증권(주),C,파생상품계약,56318290781431,국내증권사,B,SF205,각주항목(09.06월 이후)
8195,202303,0010090,교보증권(주),C1,파생상품계약_장내파생상품,1831574090058,국내증권사,B,SF205,각주항목(09.06월 이후)
8196,202303,0010090,교보증권(주),C11,파생상품계약_장내파생상품_이자율관련거래,1454398587393,국내증권사,B,SF205,각주항목(09.06월 이후)
8197,202303,0010090,교보증권(주),C12,파생상품계약_장내파생상품_통화관련거래,0,국내증권사,B,SF205,각주항목(09.06월 이후)
8198,202303,0010090,교보증권(주),C13,파생상품계약_장내파생상품_주식관련거래,369326256614,국내증권사,B,SF205,각주항목(09.06월 이후)
8199,202303,0010090,교보증권(주),C14,파생상품계약_장내파생상품_일반상품관련거래,0,국내증권사,B,SF205,각주항목(09.06월 이후)
8200,202303,0010090,교보증권(주),C15,파생상품계약_장내파생상품_기타,7849246051,국내증권사,B,SF205,각주항목(09.06월 이후)
8201,202303,0010090,교보증권(주),C2,파생상품계약_장외파생상품,54486716691373,국내증권사,B,SF205,각주항목(09.06월 이후)
8202,202303,0010090,교보증권(주),C21,파생상품계약_장외파생상품_이자율관련거래,29949509025704,국내증권사,B,SF205,각주항목(09.06월 이후)
8203,202303,0010090,교보증권(주),C22,파생상품계약_장외파생상품_통화관련거래,7889587789341,국내증권사,B,SF205,각주항목(09.06월 이후)
8204,202303,0010090,교보증권(주),C23,파생상품계약_장외파생상품_주식관련거래,2470540357034,국내증권사,B,SF205,각주항목(09.06월 이후)
8205,202303,0010090,교보증권(주),C24,파생상품계약_장외파생상품_신용관련거래,12352988784603,국내증권사,B,SF205,각주항목(09.06월 이후)
8206,202303,0010090,교보증권(주),C25,파생상품계약_장외파생상품_기타,1824090734691,국내증권사,B,SF205,각주항목(09.06월 이후)
8207,202303,0010090,교보증권(주),D,대차 및 대주거래,3308728517918,국내증권사,B,SF205,각주항목(09.06월 이후)
8208,202303,0010090,교보증권(주),D1,대차 및 대주거래_대여증권,455661277194,국내증권사,B,SF205,각주항목(09.06월 이후)
8209,202303,0010090,교보증권(주),D2,대차 및 대주거래_차입증권,2853067240724,국내증권사,B,SF205,각주항목(09.06월 이후)
8210,202303,0010090,교보증권(주),D3,대차 및 대주거래_신용거래대주, ,국내증권사,B,SF205,각주항목(09.06월 이후)
8211,202303,0010090,교보증권(주),E,대손상각채권, ,국내증권사,B,SF205,각주항목(09.06월 이후)
8212,202303,0010090,교보증권(주),F,환전업무 예치금,0,국내증권사,B,SF205,각주항목(09.06월 이후)
8213,202303,0010090,교보증권(주),G,미배당별도예치금,1931357142,국내증권사,B,SF205,각주항목(09.06월 이후)
8214,202303,0010090,교보증권(주),H,배서어음매출(종금계정),0,국내증권사,B,SF205,각주항목(09.06월 이후)
8215,202303,0010090,교보증권(주),H1,대출채권매매이익_담보부, ,국내증권사,B,SF205,각주항목(09.06월 이후)
8216,202303,0010090,교보증권(주),H2,대출채권매매이익_무담보부, ,국내증권사,B,SF205,각주항목(09.06월 이후)
8217,202306,0010090,교보증권(주),A,채무보증,877550000000,국내증권사,B,SF205,각주항목(09.06월 이후)
8218,202306,0010090,교보증권(주),A1,채무보증_지급보증,0,국내증권사,B,SF205,각주항목(09.06월 이후)
8219,202306,0010090,교보증권(주),A2,채무보증_매입보장약정,41200000000,국내증권사,B,SF205,각주항목(09.06월 이후)
8220,202306,0010090,교보증권(주),A3,채무보증_채무인수약정, ,국내증권사,B,SF205,각주항목(09.06월 이후)
8221,202306,0010090,교보증권(주),A5,채무보증_매입확약,836350000000,국내증권사,B,SF205,각주항목(09.06월 이후)
8222,202306,0010090,교보증권(주),A6,채무보증_기타, ,국내증권사,B,SF205,각주항목(09.06월 이후)
8223,202306,0010090,교보증권(주),B,투자자의 예수증권 등,41551771430775,국내증권사,B,SF205,각주항목(09.06월 이후)
8224,202306,0010090,교보증권(주),B1,투자자의 예수증권 등_예수 증권,39633781430775,국내증권사,B,SF205,각주항목(09.06월 이후)
8225,202306,0010090,교보증권(주),B2,투자자의 예수증권 등_예수양도성예금증서, ,국내증권사,B,SF205,각주항목(09.06월 이후)
8226,202306,0010090,교보증권(주),B3,투자자의 예수증권 등_기타,1917990000000,국내증권사,B,SF205,각주항목(09.06월 이후)
8227,202306,0010090,교보증권(주),C,파생상품계약,56274206110700,국내증권사,B,SF205,각주항목(09.06월 이후)
8228,202306,0010090,교보증권(주),C1,파생상품계약_장내파생상품,2004215480460,국내증권사,B,SF205,각주항목(09.06월 이후)
8229,202306,0010090,교보증권(주),C11,파생상품계약_장내파생상품_이자율관련거래,1553831328272,국내증권사,B,SF205,각주항목(09.06월 이후)
8230,202306,0010090,교보증권(주),C12,파생상품계약_장내파생상품_통화관련거래,0,국내증권사,B,SF205,각주항목(09.06월 이후)
8231,202306,0010090,교보증권(주),C13,파생상품계약_장내파생상품_주식관련거래,432989474291,국내증권사,B,SF205,각주항목(09.06월 이후)
8232,202306,0010090,교보증권(주),C14,파생상품계약_장내파생상품_일반상품관련거래,0,국내증권사,B,SF205,각주항목(09.06월 이후)
8233,202306,0010090,교보증권(주),C15,파생상품계약_장내파생상품_기타,17394677897,국내증권사,B,SF205,각주항목(09.06월 이후)
8234,202306,0010090,교보증권(주),C2,파생상품계약_장외파생상품,54269990630240,국내증권사,B,SF205,각주항목(09.06월 이후)
8235,202306,0010090,교보증권(주),C21,파생상품계약_장외파생상품_이자율관련거래,30162918590968,국내증권사,B,SF205,각주항목(09.06월 이후)
8236,202306,0010090,교보증권(주),C22,파생상품계약_장외파생상품_통화관련거래,6868571275238,국내증권사,B,SF205,각주항목(09.06월 이후)
8237,202306,0010090,교보증권(주),C23,파생상품계약_장외파생상품_주식관련거래,2531544803923,국내증권사,B,SF205,각주항목(09.06월 이후)
8238,202306,0010090,교보증권(주),C24,파생상품계약_장외파생상품_신용관련거래,12903279391074,국내증권사,B,SF205,각주항목(09.06월 이후)
8239,202306,0010090,교보증권(주),C25,파생상품계약_장외파생상품_기타,1803676569037,국내증권사,B,SF205,각주항목(09.06월 이후)
8240,202306,0010090,교보증권(주),D,대차 및 대주거래,2514379628470,국내증권사,B,SF205,각주항목(09.06월 이후)
8241,202306,0010090,교보증권(주),D1,대차 및 대주거래_대여증권,343546488165,국내증권사,B,SF205,각주항목(09.06월 이후)
8242,202306,0010090,교보증권(주),D2,대차 및 대주거래_차입증권,2170833140305,국내증권사,B,SF205,각주항목(09.06월 이후)
8243,202306,0010090,교보증권(주),D3,대차 및 대주거래_신용거래대주, ,국내증권사,B,SF205,각주항목(09.06월 이후)
8244,202306,0010090,교보증권(주),E,대손상각채권, ,국내증권사,B,SF205,각주항목(09.06월 이후)
8245,202306,0010090,교보증권(주),F,환전업무 예치금,0,국내증권사,B,SF205,각주항목(09.06월 이후)
8246,202306,0010090,교보증권(주),G,미배당별도예치금,2187237702,국내증권사,B,SF205,각주항목(09.06월 이후)
8247,202306,0010090,교보증권(주),H,배서어음매출(종금계정),0,국내증권사,B,SF205,각주항목(09.06월 이후)
8248,202306,0010090,교보증권(주),H1,대출채권매매이익_담보부, ,국내증권사,B,SF205,각주항목(09.06월 이후)
8249,202306,0010090,교보증권(주),H2,대출채권매매이익_무담보부, ,국내증권사,B,SF205,각주항목(09.06월 이후)
8250,202309,0010090,교보증권(주),A,채무보증,894950000000,국내증권사,B,SF205,각주항목(09.06월 이후)
8251,202309,0010090,교보증권(주),A1,채무보증_지급보증,0,국내증권사,B,SF205,각주항목(09.06월 이후)
8252,202309,0010090,교보증권(주),A2,채무보증_매입보장약정,41200000000,국내증권사,B,SF205,각주항목(09.06월 이후)
8253,202309,0010090,교보증권(주),A3,채무보증_채무인수약정, ,국내증권사,B,SF205,각주항목(09.06월 이후)
8254,202309,0010090,교보증권(주),A5,채무보증_매입확약,853750000000,국내증권사,B,SF205,각주항목(09.06월 이후)
8255,202309,0010090,교보증권(주),A6,채무보증_기타, ,국내증권사,B,SF205,각주항목(09.06월 이후)
8256,202309,0010090,교보증권(주),B,투자자의 예수증권 등,42742603354001,국내증권사,B,SF205,각주항목(09.06월 이후)
8257,202309,0010090,교보증권(주),B1,투자자의 예수증권 등_예수 증권,40343693354001,국내증권사,B,SF205,각주항목(09.06월 이후)
8258,202309,0010090,교보증권(주),B2,투자자의 예수증권 등_예수양도성예금증서, ,국내증권사,B,SF205,각주항목(09.06월 이후)
8259,202309,0010090,교보증권(주),B3,투자자의 예수증권 등_기타,2398910000000,국내증권사,B,SF205,각주항목(09.06월 이후)
8260,202309,0010090,교보증권(주),C,파생상품계약,58295669701020,국내증권사,B,SF205,각주항목(09.06월 이후)
8261,202309,0010090,교보증권(주),C1,파생상품계약_장내파생상품,1648343518136,국내증권사,B,SF205,각주항목(09.06월 이후)
8262,202309,0010090,교보증권(주),C11,파생상품계약_장내파생상품_이자율관련거래,1293146219148,국내증권사,B,SF205,각주항목(09.06월 이후)
8263,202309,0010090,교보증권(주),C12,파생상품계약_장내파생상품_통화관련거래,121410000,국내증권사,B,SF205,각주항목(09.06월 이후)
8264,202309,0010090,교보증권(주),C13,파생상품계약_장내파생상품_주식관련거래,342789555997,국내증권사,B,SF205,각주항목(09.06월 이후)
8265,202309,0010090,교보증권(주),C14,파생상품계약_장내파생상품_일반상품관련거래,0,국내증권사,B,SF205,각주항목(09.06월 이후)
8266,202309,0010090,교보증권(주),C15,파생상품계약_장내파생상품_기타,12286332991,국내증권사,B,SF205,각주항목(09.06월 이후)
8267,202309,0010090,교보증권(주),C2,파생상품계약_장외파생상품,56647326182884,국내증권사,B,SF205,각주항목(09.06월 이후)
8268,202309,0010090,교보증권(주),C21,파생상품계약_장외파생상품_이자율관련거래,32542330743543,국내증권사,B,SF205,각주항목(09.06월 이후)
8269,202309,0010090,교보증권(주),C22,파생상품계약_장외파생상품_통화관련거래,6509845602540,국내증권사,B,SF205,각주항목(09.06월 이후)
8270,202309,0010090,교보증권(주),C23,파생상품계약_장외파생상품_주식관련거래,2520311300353,국내증권사,B,SF205,각주항목(09.06월 이후)
8271,202309,0010090,교보증권(주),C24,파생상품계약_장외파생상품_신용관련거래,13283469312317,국내증권사,B,SF205,각주항목(09.06월 이후)
8272,202309,0010090,교보증권(주),C25,파생상품계약_장외파생상품_기타,1791369224131,국내증권사,B,SF205,각주항목(09.06월 이후)
8273,202309,0010090,교보증권(주),D,대차 및 대주거래,2237661333286,국내증권사,B,SF205,각주항목(09.06월 이후)
8274,202309,0010090,교보증권(주),D1,대차 및 대주거래_대여증권,321473260223,국내증권사,B,SF205,각주항목(09.06월 이후)
8275,202309,0010090,교보증권(주),D2,대차 및 대주거래_차입증권,1916188073063,국내증권사,B,SF205,각주항목(09.06월 이후)
8276,202309,0010090,교보증권(주),D3,대차 및 대주거래_신용거래대주, ,국내증권사,B,SF205,각주항목(09.06월 이후)
8277,202309,0010090,교보증권(주),E,대손상각채권, ,국내증권사,B,SF205,각주항목(09.06월 이후)
8278,202309,0010090,교보증권(주),F,환전업무 예치금,0,국내증권사,B,SF205,각주항목(09.06월 이후)
8279,202309,0010090,교보증권(주),G,미배당별도예치금,2706200794,국내증권사,B,SF205,각주항목(09.06월 이후)
8280,202309,0010090,교보증권(주),H,배서어음매출(종금계정),0,국내증권사,B,SF205,각주항목(09.06월 이후)
8281,202309,0010090,교보증권(주),H1,대출채권매매이익_담보부, ,국내증권사,B,SF205,각주항목(09.06월 이후)
8282,202309,0010090,교보증권(주),H2,대출채권매매이익_무담보부, ,국내증권사,B,SF205,각주항목(09.06월 이후)
8283,202312,0010090,교보증권(주),A,채무보증,984500000000,국내증권사,B,SF205,각주항목(09.06월 이후)
8284,202312,0010090,교보증권(주),A1,채무보증_지급보증,0,국내증권사,B,SF205,각주항목(09.06월 이후)
8285,202312,0010090,교보증권(주),A2,채무보증_매입보장약정,21000000000,국내증권사,B,SF205,각주항목(09.06월 이후)
8286,202312,0010090,교보증권(주),A3,채무보증_채무인수약정, ,국내증권사,B,SF205,각주항목(09.06월 이후)
8287,202312,0010090,교보증권(주),A5,채무보증_매입확약,932500000000,국내증권사,B,SF205,각주항목(09.06월 이후)
8288,202312,0010090,교보증권(주),A6,채무보증_기타,31000000000,국내증권사,B,SF205,각주항목(09.06월 이후)
8289,202312,0010090,교보증권(주),B,투자자의 예수증권 등,44791394751206,국내증권사,B,SF205,각주항목(09.06월 이후)
8290,202312,0010090,교보증권(주),B1,투자자의 예수증권 등_예수 증권,43225394751206,국내증권사,B,SF205,각주항목(09.06월 이후)
8291,202312,0010090,교보증권(주),B2,투자자의 예수증권 등_예수양도성예금증서, ,국내증권사,B,SF205,각주항목(09.06월 이후)
8292,202312,0010090,교보증권(주),B3,투자자의 예수증권 등_기타,1566000000000,국내증권사,B,SF205,각주항목(09.06월 이후)
8293,202312,0010090,교보증권(주),C,파생상품계약,57459351366287,국내증권사,B,SF205,각주항목(09.06월 이후)
8294,202312,0010090,교보증권(주),C1,파생상품계약_장내파생상품,1278127036985,국내증권사,B,SF205,각주항목(09.06월 이후)
8295,202312,0010090,교보증권(주),C11,파생상품계약_장내파생상품_이자율관련거래,1155469157032,국내증권사,B,SF205,각주항목(09.06월 이후)
8296,202312,0010090,교보증권(주),C12,파생상품계약_장내파생상품_통화관련거래,0,국내증권사,B,SF205,각주항목(09.06월 이후)
8297,202312,0010090,교보증권(주),C13,파생상품계약_장내파생상품_주식관련거래,110579288416,국내증권사,B,SF205,각주항목(09.06월 이후)
8298,202312,0010090,교보증권(주),C14,파생상품계약_장내파생상품_일반상품관련거래,0,국내증권사,B,SF205,각주항목(09.06월 이후)
8299,202312,0010090,교보증권(주),C15,파생상품계약_장내파생상품_기타,12078591537,국내증권사,B,SF205,각주항목(09.06월 이후)
8300,202312,0010090,교보증권(주),C2,파생상품계약_장외파생상품,56181224329302,국내증권사,B,SF205,각주항목(09.06월 이후)
8301,202312,0010090,교보증권(주),C21,파생상품계약_장외파생상품_이자율관련거래,34932087883703,국내증권사,B,SF205,각주항목(09.06월 이후)
8302,202312,0010090,교보증권(주),C22,파생상품계약_장외파생상품_통화관련거래,5407023061446,국내증권사,B,SF205,각주항목(09.06월 이후)
8303,202312,0010090,교보증권(주),C23,파생상품계약_장외파생상품_주식관련거래,2497511271486,국내증권사,B,SF205,각주항목(09.06월 이후)
8304,202312,0010090,교보증권(주),C24,파생상품계약_장외파생상품_신용관련거래,11852645660040,국내증권사,B,SF205,각주항목(09.06월 이후)
8305,202312,0010090,교보증권(주),C25,파생상품계약_장외파생상품_기타,1491956452627,국내증권사,B,SF205,각주항목(09.06월 이후)
8306,202312,0010090,교보증권(주),D,대차 및 대주거래,2200398930884,국내증권사,B,SF205,각주항목(09.06월 이후)
8307,202312,0010090,교보증권(주),D1,대차 및 대주거래_대여증권,225619559744,국내증권사,B,SF205,각주항목(09.06월 이후)
8308,202312,0010090,교보증권(주),D2,대차 및 대주거래_차입증권,1974779371140,국내증권사,B,SF205,각주항목(09.06월 이후)
8309,202312,0010090,교보증권(주),D3,대차 및 대주거래_신용거래대주, ,국내증권사,B,SF205,각주항목(09.06월 이후)
8310,202312,0010090,교보증권(주),E,대손상각채권, ,국내증권사,B,SF205,각주항목(09.06월 이후)
8311,202312,0010090,교보증권(주),F,환전업무 예치금,0,국내증권사,B,SF205,각주항목(09.06월 이후)
8312,202312,0010090,교보증권(주),G,미배당별도예치금,1190192206,국내증권사,B,SF205,각주항목(09.06월 이후)
8313,202312,0010090,교보증권(주),H,배서어음매출(종금계정),0,국내증권사,B,SF205,각주항목(09.06월 이후)
8314,202312,0010090,교보증권(주),H1,대출채권매매이익_담보부, ,국내증권사,B,SF205,각주항목(09.06월 이후)
8315,202312,0010090,교보증권(주),H2,대출채권매매이익_무담보부, ,국내증권사,B,SF205,각주항목(09.06월 이후)
8316,202403,0010090,교보증권(주),A,채무보증,917450000000,국내증권사,B,SF205,각주항목(09.06월 이후)
8317,202403,0010090,교보증권(주),A1,채무보증_지급보증,0,국내증권사,B,SF205,각주항목(09.06월 이후)
8318,202403,0010090,교보증권(주),A2,채무보증_매입보장약정,21000000000,국내증권사,B,SF205,각주항목(09.06월 이후)
8319,202403,0010090,교보증권(주),A3,채무보증_채무인수약정, ,국내증권사,B,SF205,각주항목(09.06월 이후)
8320,202403,0010090,교보증권(주),A5,채무보증_매입확약,876450000000,국내증권사,B,SF205,각주항목(09.06월 이후)
8321,202403,0010090,교보증권(주),A6,채무보증_기타,20000000000,국내증권사,B,SF205,각주항목(09.06월 이후)
8322,202403,0010090,교보증권(주),B,투자자의 예수증권 등,47447087226226,국내증권사,B,SF205,각주항목(09.06월 이후)
8323,202403,0010090,교보증권(주),B1,투자자의 예수증권 등_예수 증권,45627937226226,국내증권사,B,SF205,각주항목(09.06월 이후)
8324,202403,0010090,교보증권(주),B2,투자자의 예수증권 등_예수양도성예금증서, ,국내증권사,B,SF205,각주항목(09.06월 이후)
8325,202403,0010090,교보증권(주),B3,투자자의 예수증권 등_기타,1819150000000,국내증권사,B,SF205,각주항목(09.06월 이후)
8326,202403,0010090,교보증권(주),C,파생상품계약,57550432756913,국내증권사,B,SF205,각주항목(09.06월 이후)
8327,202403,0010090,교보증권(주),C1,파생상품계약_장내파생상품,1821558762192,국내증권사,B,SF205,각주항목(09.06월 이후)
8328,202403,0010090,교보증권(주),C11,파생상품계약_장내파생상품_이자율관련거래,1632036854300,국내증권사,B,SF205,각주항목(09.06월 이후)
8329,202403,0010090,교보증권(주),C12,파생상품계약_장내파생상품_통화관련거래,5027985619,국내증권사,B,SF205,각주항목(09.06월 이후)
8330,202403,0010090,교보증권(주),C13,파생상품계약_장내파생상품_주식관련거래,181356003331,국내증권사,B,SF205,각주항목(09.06월 이후)
8331,202403,0010090,교보증권(주),C14,파생상품계약_장내파생상품_일반상품관련거래,0,국내증권사,B,SF205,각주항목(09.06월 이후)
8332,202403,0010090,교보증권(주),C15,파생상품계약_장내파생상품_기타,3137918942,국내증권사,B,SF205,각주항목(09.06월 이후)
8333,202403,0010090,교보증권(주),C2,파생상품계약_장외파생상품,55728873994721,국내증권사,B,SF205,각주항목(09.06월 이후)
8334,202403,0010090,교보증권(주),C21,파생상품계약_장외파생상품_이자율관련거래,37347045841628,국내증권사,B,SF205,각주항목(09.06월 이후)
8335,202403,0010090,교보증권(주),C22,파생상품계약_장외파생상품_통화관련거래,4023105598459,국내증권사,B,SF205,각주항목(09.06월 이후)
8336,202403,0010090,교보증권(주),C23,파생상품계약_장외파생상품_주식관련거래,1932996750385,국내증권사,B,SF205,각주항목(09.06월 이후)
8337,202403,0010090,교보증권(주),C24,파생상품계약_장외파생상품_신용관련거래,10942104095160,국내증권사,B,SF205,각주항목(09.06월 이후)
8338,202403,0010090,교보증권(주),C25,파생상품계약_장외파생상품_기타,1483621709089,국내증권사,B,SF205,각주항목(09.06월 이후)
8339,202403,0010090,교보증권(주),D,대차 및 대주거래,2973244840311,국내증권사,B,SF205,각주항목(09.06월 이후)
8340,202403,0010090,교보증권(주),D1,대차 및 대주거래_대여증권,548084989055,국내증권사,B,SF205,각주항목(09.06월 이후)
8341,202403,0010090,교보증권(주),D2,대차 및 대주거래_차입증권,2425159851256,국내증권사,B,SF205,각주항목(09.06월 이후)
8342,202403,0010090,교보증권(주),D3,대차 및 대주거래_신용거래대주, ,국내증권사,B,SF205,각주항목(09.06월 이후)
8343,202403,0010090,교보증권(주),E,대손상각채권, ,국내증권사,B,SF205,각주항목(09.06월 이후)
8344,202403,0010090,교보증권(주),F,환전업무 예치금,0,국내증권사,B,SF205,각주항목(09.06월 이후)
8345,202403,0010090,교보증권(주),G,미배당별도예치금,1348071208,국내증권사,B,SF205,각주항목(09.06월 이후)
8346,202403,0010090,교보증권(주),H,배서어음매출(종금계정),0,국내증권사,B,SF205,각주항목(09.06월 이후)
8347,202403,0010090,교보증권(주),H1,대출채권매매이익_담보부, ,국내증권사,B,SF205,각주항목(09.06월 이후)
8348,202403,0010090,교보증권(주),H2,대출채권매매이익_무담보부, ,국내증권사,B,SF205,각주항목(09.06월 이후)
8349,202406,0010090,교보증권(주),A,채무보증,853650000000,국내증권사,B,SF205,각주항목(09.06월 이후)
8350,202406,0010090,교보증권(주),A1,채무보증_지급보증,0,국내증권사,B,SF205,각주항목(09.06월 이후)
8351,202406,0010090,교보증권(주),A2,채무보증_매입보장약정, ,국내증권사,B,SF205,각주항목(09.06월 이후)
8352,202406,0010090,교보증권(주),A3,채무보증_채무인수약정, ,국내증권사,B,SF205,각주항목(09.06월 이후)
8353,202406,0010090,교보증권(주),A5,채무보증_매입확약,853650000000,국내증권사,B,SF205,각주항목(09.06월 이후)
8354,202406,0010090,교보증권(주),A6,채무보증_기타, ,국내증권사,B,SF205,각주항목(09.06월 이후)
8355,202406,0010090,교보증권(주),B,투자자의 예수증권 등,47591913706720,국내증권사,B,SF205,각주항목(09.06월 이후)
8356,202406,0010090,교보증권(주),B1,투자자의 예수증권 등_예수 증권,46177913706720,국내증권사,B,SF205,각주항목(09.06월 이후)
8357,202406,0010090,교보증권(주),B2,투자자의 예수증권 등_예수양도성예금증서, ,국내증권사,B,SF205,각주항목(09.06월 이후)
8358,202406,0010090,교보증권(주),B3,투자자의 예수증권 등_기타,1414000000000,국내증권사,B,SF205,각주항목(09.06월 이후)
8359,202406,0010090,교보증권(주),C,파생상품계약,58502562803447,국내증권사,B,SF205,각주항목(09.06월 이후)
8360,202406,0010090,교보증권(주),C1,파생상품계약_장내파생상품,2010595527266,국내증권사,B,SF205,각주항목(09.06월 이후)
8361,202406,0010090,교보증권(주),C11,파생상품계약_장내파생상품_이자율관련거래,1817395213231,국내증권사,B,SF205,각주항목(09.06월 이후)
8362,202406,0010090,교보증권(주),C12,파생상품계약_장내파생상품_통화관련거래,3988660000,국내증권사,B,SF205,각주항목(09.06월 이후)
8363,202406,0010090,교보증권(주),C13,파생상품계약_장내파생상품_주식관련거래,172262737945,국내증권사,B,SF205,각주항목(09.06월 이후)
8364,202406,0010090,교보증권(주),C14,파생상품계약_장내파생상품_일반상품관련거래,0,국내증권사,B,SF205,각주항목(09.06월 이후)
8365,202406,0010090,교보증권(주),C15,파생상품계약_장내파생상품_기타,16948916090,국내증권사,B,SF205,각주항목(09.06월 이후)
8366,202406,0010090,교보증권(주),C2,파생상품계약_장외파생상품,56491967276181,국내증권사,B,SF205,각주항목(09.06월 이후)
8367,202406,0010090,교보증권(주),C21,파생상품계약_장외파생상품_이자율관련거래,37572756032932,국내증권사,B,SF205,각주항목(09.06월 이후)
8368,202406,0010090,교보증권(주),C22,파생상품계약_장외파생상품_통화관련거래,4807071068533,국내증권사,B,SF205,각주항목(09.06월 이후)
8369,202406,0010090,교보증권(주),C23,파생상품계약_장외파생상품_주식관련거래,1758585150526,국내증권사,B,SF205,각주항목(09.06월 이후)
8370,202406,0010090,교보증권(주),C24,파생상품계약_장외파생상품_신용관련거래,10755753435987,국내증권사,B,SF205,각주항목(09.06월 이후)
8371,202406,0010090,교보증권(주),C25,파생상품계약_장외파생상품_기타,1597801588203,국내증권사,B,SF205,각주항목(09.06월 이후)
8372,202406,0010090,교보증권(주),D,대차 및 대주거래,3018049325120,국내증권사,B,SF205,각주항목(09.06월 이후)
8373,202406,0010090,교보증권(주),D1,대차 및 대주거래_대여증권,392322611246,국내증권사,B,SF205,각주항목(09.06월 이후)
8374,202406,0010090,교보증권(주),D2,대차 및 대주거래_차입증권,2625726713874,국내증권사,B,SF205,각주항목(09.06월 이후)
8375,202406,0010090,교보증권(주),D3,대차 및 대주거래_신용거래대주, ,국내증권사,B,SF205,각주항목(09.06월 이후)
8376,202406,0010090,교보증권(주),E,대손상각채권, ,국내증권사,B,SF205,각주항목(09.06월 이후)
8377,202406,0010090,교보증권(주),F,환전업무 예치금,0,국내증권사,B,SF205,각주항목(09.06월 이후)
8378,202406,0010090,교보증권(주),G,미배당별도예치금,1978173384,국내증권사,B,SF205,각주항목(09.06월 이후)
8379,202406,0010090,교보증권(주),H,배서어음매출(종금계정),0,국내증권사,B,SF205,각주항목(09.06월 이후)
8380,202406,0010090,교보증권(주),H1,대출채권매매이익_담보부, ,국내증권사,B,SF205,각주항목(09.06월 이후)
8381,202406,0010090,교보증권(주),H2,대출채권매매이익_무담보부, ,국내증권사,B,SF205,각주항목(09.06월 이후)
8382,202409,0010090,교보증권(주),A,채무보증,1025550000000,국내증권사,B,SF205,각주항목(09.06월 이후)
8383,202409,0010090,교보증권(주),A1,채무보증_지급보증,0,국내증권사,B,SF205,각주항목(09.06월 이후)
8384,202409,0010090,교보증권(주),A2,채무보증_매입보장약정, ,국내증권사,B,SF205,각주항목(09.06월 이후)
8385,202409,0010090,교보증권(주),A3,채무보증_채무인수약정, ,국내증권사,B,SF205,각주항목(09.06월 이후)
8386,202409,0010090,교보증권(주),A5,채무보증_매입확약,1025550000000,국내증권사,B,SF205,각주항목(09.06월 이후)
8387,202409,0010090,교보증권(주),A6,채무보증_기타, ,국내증권사,B,SF205,각주항목(09.06월 이후)
8388,202409,0010090,교보증권(주),B,투자자의 예수증권 등,45117250320486,국내증권사,B,SF205,각주항목(09.06월 이후)
8389,202409,0010090,교보증권(주),B1,투자자의 예수증권 등_예수 증권,43540350320486,국내증권사,B,SF205,각주항목(09.06월 이후)
8390,202409,0010090,교보증권(주),B2,투자자의 예수증권 등_예수양도성예금증서, ,국내증권사,B,SF205,각주항목(09.06월 이후)
8391,202409,0010090,교보증권(주),B3,투자자의 예수증권 등_기타,1576900000000,국내증권사,B,SF205,각주항목(09.06월 이후)
8392,202409,0010090,교보증권(주),C,파생상품계약,60768677276726,국내증권사,B,SF205,각주항목(09.06월 이후)
8393,202409,0010090,교보증권(주),C1,파생상품계약_장내파생상품,1964004917031,국내증권사,B,SF205,각주항목(09.06월 이후)
8394,202409,0010090,교보증권(주),C11,파생상품계약_장내파생상품_이자율관련거래,1584603793925,국내증권사,B,SF205,각주항목(09.06월 이후)
8395,202409,0010090,교보증권(주),C12,파생상품계약_장내파생상품_통화관련거래,3423030000,국내증권사,B,SF205,각주항목(09.06월 이후)
8396,202409,0010090,교보증권(주),C13,파생상품계약_장내파생상품_주식관련거래,360577474826,국내증권사,B,SF205,각주항목(09.06월 이후)
8397,202409,0010090,교보증권(주),C14,파생상품계약_장내파생상품_일반상품관련거래,0,국내증권사,B,SF205,각주항목(09.06월 이후)
8398,202409,0010090,교보증권(주),C15,파생상품계약_장내파생상품_기타,15400618280,국내증권사,B,SF205,각주항목(09.06월 이후)
8399,202409,0010090,교보증권(주),C2,파생상품계약_장외파생상품,58804672359695,국내증권사,B,SF205,각주항목(09.06월 이후)
8400,202409,0010090,교보증권(주),C21,파생상품계약_장외파생상품_이자율관련거래,39187916918793,국내증권사,B,SF205,각주항목(09.06월 이후)
8401,202409,0010090,교보증권(주),C22,파생상품계약_장외파생상품_통화관련거래,4809326505819,국내증권사,B,SF205,각주항목(09.06월 이후)
8402,202409,0010090,교보증권(주),C23,파생상품계약_장외파생상품_주식관련거래,2078481376672,국내증권사,B,SF205,각주항목(09.06월 이후)
8403,202409,0010090,교보증권(주),C24,파생상품계약_장외파생상품_신용관련거래,11232794979170,국내증권사,B,SF205,각주항목(09.06월 이후)
8404,202409,0010090,교보증권(주),C25,파생상품계약_장외파생상품_기타,1496152579241,국내증권사,B,SF205,각주항목(09.06월 이후)
8405,202409,0010090,교보증권(주),D,대차 및 대주거래,2857334014778,국내증권사,B,SF205,각주항목(09.06월 이후)
8406,202409,0010090,교보증권(주),D1,대차 및 대주거래_대여증권,550950208733,국내증권사,B,SF205,각주항목(09.06월 이후)
8407,202409,0010090,교보증권(주),D2,대차 및 대주거래_차입증권,2306383806045,국내증권사,B,SF205,각주항목(09.06월 이후)
8408,202409,0010090,교보증권(주),D3,대차 및 대주거래_신용거래대주, ,국내증권사,B,SF205,각주항목(09.06월 이후)
8409,202409,0010090,교보증권(주),E,대손상각채권, ,국내증권사,B,SF205,각주항목(09.06월 이후)
8410,202409,0010090,교보증권(주),F,환전업무 예치금,0,국내증권사,B,SF205,각주항목(09.06월 이후)
8411,202409,0010090,교보증권(주),G,미배당별도예치금,2605047406,국내증권사,B,SF205,각주항목(09.06월 이후)
8412,202409,0010090,교보증권(주),H,배서어음매출(종금계정),0,국내증권사,B,SF205,각주항목(09.06월 이후)
8413,202409,0010090,교보증권(주),H1,대출채권매매이익_담보부, ,국내증권사,B,SF205,각주항목(09.06월 이후)
8414,202409,0010090,교보증권(주),H2,대출채권매매이익_무담보부, ,국내증권사,B,SF205,각주항목(09.06월 이후)
8415,202412,0010090,교보증권(주),A,채무보증,873150000000,국내증권사,B,SF205,각주항목(09.06월 이후)
8416,202412,0010090,교보증권(주),A1,채무보증_지급보증,0,국내증권사,B,SF205,각주항목(09.06월 이후)
8417,202412,0010090,교보증권(주),A2,채무보증_매입보장약정, ,국내증권사,B,SF205,각주항목(09.06월 이후)
8418,202412,0010090,교보증권(주),A3,채무보증_채무인수약정, ,국내증권사,B,SF205,각주항목(09.06월 이후)
8419,202412,0010090,교보증권(주),A5,채무보증_매입확약,873150000000,국내증권사,B,SF205,각주항목(09.06월 이후)
8420,202412,0010090,교보증권(주),A6,채무보증_기타, ,국내증권사,B,SF205,각주항목(09.06월 이후)
8421,202412,0010090,교보증권(주),B,투자자의 예수증권 등,43492986026388,국내증권사,B,SF205,각주항목(09.06월 이후)
8422,202412,0010090,교보증권(주),B1,투자자의 예수증권 등_예수 증권,42392486026388,국내증권사,B,SF205,각주항목(09.06월 이후)
8423,202412,0010090,교보증권(주),B2,투자자의 예수증권 등_예수양도성예금증서, ,국내증권사,B,SF205,각주항목(09.06월 이후)
8424,202412,0010090,교보증권(주),B3,투자자의 예수증권 등_기타,1100500000000,국내증권사,B,SF205,각주항목(09.06월 이후)
8425,202412,0010090,교보증권(주),C,파생상품계약,63059292470969,국내증권사,B,SF205,각주항목(09.06월 이후)
8426,202412,0010090,교보증권(주),C1,파생상품계약_장내파생상품,2226388057650,국내증권사,B,SF205,각주항목(09.06월 이후)
8427,202412,0010090,교보증권(주),C11,파생상품계약_장내파생상품_이자율관련거래,1995858631794,국내증권사,B,SF205,각주항목(09.06월 이후)
8428,202412,0010090,교보증권(주),C12,파생상품계약_장내파생상품_통화관련거래,4503096000,국내증권사,B,SF205,각주항목(09.06월 이후)
8429,202412,0010090,교보증권(주),C13,파생상품계약_장내파생상품_주식관련거래,214692210594,국내증권사,B,SF205,각주항목(09.06월 이후)
8430,202412,0010090,교보증권(주),C14,파생상품계약_장내파생상품_일반상품관련거래,0,국내증권사,B,SF205,각주항목(09.06월 이후)
8431,202412,0010090,교보증권(주),C15,파생상품계약_장내파생상품_기타,11334119262,국내증권사,B,SF205,각주항목(09.06월 이후)
8432,202412,0010090,교보증권(주),C2,파생상품계약_장외파생상품,60832904413319,국내증권사,B,SF205,각주항목(09.06월 이후)
8433,202412,0010090,교보증권(주),C21,파생상품계약_장외파생상품_이자율관련거래,40897829430917,국내증권사,B,SF205,각주항목(09.06월 이후)
8434,202412,0010090,교보증권(주),C22,파생상품계약_장외파생상품_통화관련거래,4772926724827,국내증권사,B,SF205,각주항목(09.06월 이후)
8435,202412,0010090,교보증권(주),C23,파생상품계약_장외파생상품_주식관련거래,2834515239850,국내증권사,B,SF205,각주항목(09.06월 이후)
8436,202412,0010090,교보증권(주),C24,파생상품계약_장외파생상품_신용관련거래,10835033900429,국내증권사,B,SF205,각주항목(09.06월 이후)
8437,202412,0010090,교보증권(주),C25,파생상품계약_장외파생상품_기타,1492599117296,국내증권사,B,SF205,각주항목(09.06월 이후)
8438,202412,0010090,교보증권(주),D,대차 및 대주거래,3052623045331,국내증권사,B,SF205,각주항목(09.06월 이후)
8439,202412,0010090,교보증권(주),D1,대차 및 대주거래_대여증권,502694821448,국내증권사,B,SF205,각주항목(09.06월 이후)
8440,202412,0010090,교보증권(주),D2,대차 및 대주거래_차입증권,2549928223883,국내증권사,B,SF205,각주항목(09.06월 이후)
8441,202412,0010090,교보증권(주),D3,대차 및 대주거래_신용거래대주, ,국내증권사,B,SF205,각주항목(09.06월 이후)
8442,202412,0010090,교보증권(주),E,대손상각채권,30156246967,국내증권사,B,SF205,각주항목(09.06월 이후)
8443,202412,0010090,교보증권(주),F,환전업무 예치금,0,국내증권사,B,SF205,각주항목(09.06월 이후)
8444,202412,0010090,교보증권(주),G,미배당별도예치금,1156506552,국내증권사,B,SF205,각주항목(09.06월 이후)
8445,202412,0010090,교보증권(주),H,배서어음매출(종금계정),0,국내증권사,B,SF205,각주항목(09.06월 이후)
8446,202412,0010090,교보증권(주),H1,대출채권매매이익_담보부, ,국내증권사,B,SF205,각주항목(09.06월 이후)
8447,202412,0010090,교보증권(주),H2,대출채권매매이익_무담보부, ,국내증권사,B,SF205,각주항목(09.06월 이후)
8448,201703,0012390,노무라금융투자주식회사,A,채무보증,0,국내증권사,B,SF205,각주항목(09.06월 이후)
8449,201703,0012390,노무라금융투자주식회사,A1,채무보증_지급보증,0,국내증권사,B,SF205,각주항목(09.06월 이후)
8450,201703,0012390,노무라금융투자주식회사,A2,채무보증_매입보장약정,0,국내증권사,B,SF205,각주항목(09.06월 이후)
8451,201703,0012390,노무라금융투자주식회사,A3,채무보증_채무인수약정,0,국내증권사,B,SF205,각주항목(09.06월 이후)
8452,201703,0012390,노무라금융투자주식회사,A5,채무보증_매입확약,0,국내증권사,B,SF205,각주항목(09.06월 이후)
8453,201703,0012390,노무라금융투자주식회사,A6,채무보증_기타,0,국내증권사,B,SF205,각주항목(09.06월 이후)
8454,201703,0012390,노무라금융투자주식회사,B,투자자의 예수증권 등,561713129774,국내증권사,B,SF205,각주항목(09.06월 이후)
8455,201703,0012390,노무라금융투자주식회사,B1,투자자의 예수증권 등_예수 증권,561019458510,국내증권사,B,SF205,각주항목(09.06월 이후)
8456,201703,0012390,노무라금융투자주식회사,B2,투자자의 예수증권 등_예수양도성예금증서,0,국내증권사,B,SF205,각주항목(09.06월 이후)
8457,201703,0012390,노무라금융투자주식회사,B3,투자자의 예수증권 등_기타,693671264,국내증권사,B,SF205,각주항목(09.06월 이후)
8458,201703,0012390,노무라금융투자주식회사,C,파생상품계약,173458227013782,국내증권사,B,SF205,각주항목(09.06월 이후)
8459,201703,0012390,노무라금융투자주식회사,C1,파생상품계약_장내파생상품,163553515705,국내증권사,B,SF205,각주항목(09.06월 이후)
8460,201703,0012390,노무라금융투자주식회사,C11,파생상품계약_장내파생상품_이자율관련거래,163553515705,국내증권사,B,SF205,각주항목(09.06월 이후)
8461,201703,0012390,노무라금융투자주식회사,C12,파생상품계약_장내파생상품_통화관련거래,0,국내증권사,B,SF205,각주항목(09.06월 이후)
8462,201703,0012390,노무라금융투자주식회사,C13,파생상품계약_장내파생상품_주식관련거래,0,국내증권사,B,SF205,각주항목(09.06월 이후)
8463,201703,0012390,노무라금융투자주식회사,C14,파생상품계약_장내파생상품_일반상품관련거래,0,국내증권사,B,SF205,각주항목(09.06월 이후)
8464,201703,0012390,노무라금융투자주식회사,C15,파생상품계약_장내파생상품_기타,0,국내증권사,B,SF205,각주항목(09.06월 이후)
8465,201703,0012390,노무라금융투자주식회사,C2,파생상품계약_장외파생상품,173294673498077,국내증권사,B,SF205,각주항목(09.06월 이후)
8466,201703,0012390,노무라금융투자주식회사,C21,파생상품계약_장외파생상품_이자율관련거래,140739025535670,국내증권사,B,SF205,각주항목(09.06월 이후)
8467,201703,0012390,노무라금융투자주식회사,C22,파생상품계약_장외파생상품_통화관련거래,31227674313458,국내증권사,B,SF205,각주항목(09.06월 이후)
8468,201703,0012390,노무라금융투자주식회사,C23,파생상품계약_장외파생상품_주식관련거래,841217496824,국내증권사,B,SF205,각주항목(09.06월 이후)
8469,201703,0012390,노무라금융투자주식회사,C24,파생상품계약_장외파생상품_신용관련거래,486756152125,국내증권사,B,SF205,각주항목(09.06월 이후)
8470,201703,0012390,노무라금융투자주식회사,C25,파생상품계약_장외파생상품_기타,0,국내증권사,B,SF205,각주항목(09.06월 이후)
8471,201703,0012390,노무라금융투자주식회사,D,대차 및 대주거래,0,국내증권사,B,SF205,각주항목(09.06월 이후)
8472,201703,0012390,노무라금융투자주식회사,D1,대차 및 대주거래_대여증권,0,국내증권사,B,SF205,각주항목(09.06월 이후)
8473,201703,0012390,노무라금융투자주식회사,D2,대차 및 대주거래_차입증권,0,국내증권사,B,SF205,각주항목(09.06월 이후)
8474,201703,0012390,노무라금융투자주식회사,D3,대차 및 대주거래_신용거래대주,0,국내증권사,B,SF205,각주항목(09.06월 이후)
8475,201703,0012390,노무라금융투자주식회사,E,대손상각채권,0,국내증권사,B,SF205,각주항목(09.06월 이후)
8476,201703,0012390,노무라금융투자주식회사,F,환전업무 예치금,0,국내증권사,B,SF205,각주항목(09.06월 이후)
8477,201703,0012390,노무라금융투자주식회사,G,미배당별도예치금,0,국내증권사,B,SF205,각주항목(09.06월 이후)
8478,201703,0012390,노무라금융투자주식회사,H,배서어음매출(종금계정),0,국내증권사,B,SF205,각주항목(09.06월 이후)
8479,201703,0012390,노무라금융투자주식회사,H1,대출채권매매이익_담보부,0,국내증권사,B,SF205,각주항목(09.06월 이후)
8480,201703,0012390,노무라금융투자주식회사,H2,대출채권매매이익_무담보부,0,국내증권사,B,SF205,각주항목(09.06월 이후)
8481,201706,0012390,노무라금융투자주식회사,A,채무보증,0,국내증권사,B,SF205,각주항목(09.06월 이후)
8482,201706,0012390,노무라금융투자주식회사,A1,채무보증_지급보증,0,국내증권사,B,SF205,각주항목(09.06월 이후)
8483,201706,0012390,노무라금융투자주식회사,A2,채무보증_매입보장약정,0,국내증권사,B,SF205,각주항목(09.06월 이후)
8484,201706,0012390,노무라금융투자주식회사,A3,채무보증_채무인수약정,0,국내증권사,B,SF205,각주항목(09.06월 이후)
8485,201706,0012390,노무라금융투자주식회사,A5,채무보증_매입확약,0,국내증권사,B,SF205,각주항목(09.06월 이후)
8486,201706,0012390,노무라금융투자주식회사,A6,채무보증_기타,0,국내증권사,B,SF205,각주항목(09.06월 이후)
8487,201706,0012390,노무라금융투자주식회사,B,투자자의 예수증권 등,643808128210,국내증권사,B,SF205,각주항목(09.06월 이후)
8488,201706,0012390,노무라금융투자주식회사,B1,투자자의 예수증권 등_예수 증권,643122910040,국내증권사,B,SF205,각주항목(09.06월 이후)
8489,201706,0012390,노무라금융투자주식회사,B2,투자자의 예수증권 등_예수양도성예금증서,0,국내증권사,B,SF205,각주항목(09.06월 이후)
8490,201706,0012390,노무라금융투자주식회사,B3,투자자의 예수증권 등_기타,685218170,국내증권사,B,SF205,각주항목(09.06월 이후)
8491,201706,0012390,노무라금융투자주식회사,C,파생상품계약,160932802515370,국내증권사,B,SF205,각주항목(09.06월 이후)
8492,201706,0012390,노무라금융투자주식회사,C1,파생상품계약_장내파생상품,224640867317,국내증권사,B,SF205,각주항목(09.06월 이후)
8493,201706,0012390,노무라금융투자주식회사,C11,파생상품계약_장내파생상품_이자율관련거래,224640867317,국내증권사,B,SF205,각주항목(09.06월 이후)
8494,201706,0012390,노무라금융투자주식회사,C12,파생상품계약_장내파생상품_통화관련거래,0,국내증권사,B,SF205,각주항목(09.06월 이후)
8495,201706,0012390,노무라금융투자주식회사,C13,파생상품계약_장내파생상품_주식관련거래,0,국내증권사,B,SF205,각주항목(09.06월 이후)
8496,201706,0012390,노무라금융투자주식회사,C14,파생상품계약_장내파생상품_일반상품관련거래,0,국내증권사,B,SF205,각주항목(09.06월 이후)
8497,201706,0012390,노무라금융투자주식회사,C15,파생상품계약_장내파생상품_기타,0,국내증권사,B,SF205,각주항목(09.06월 이후)
8498,201706,0012390,노무라금융투자주식회사,C2,파생상품계약_장외파생상품,160708161648053,국내증권사,B,SF205,각주항목(09.06월 이후)
8499,201706,0012390,노무라금융투자주식회사,C21,파생상품계약_장외파생상품_이자율관련거래,121254836824293,국내증권사,B,SF205,각주항목(09.06월 이후)
8500,201706,0012390,노무라금융투자주식회사,C22,파생상품계약_장외파생상품_통화관련거래,37644004915320,국내증권사,B,SF205,각주항목(09.06월 이후)
8501,201706,0012390,노무라금융투자주식회사,C23,파생상품계약_장외파생상품_주식관련거래,1425833669908,국내증권사,B,SF205,각주항목(09.06월 이후)
8502,201706,0012390,노무라금융투자주식회사,C24,파생상품계약_장외파생상품_신용관련거래,383486238532,국내증권사,B,SF205,각주항목(09.06월 이후)
8503,201706,0012390,노무라금융투자주식회사,C25,파생상품계약_장외파생상품_기타,0,국내증권사,B,SF205,각주항목(09.06월 이후)
8504,201706,0012390,노무라금융투자주식회사,D,대차 및 대주거래,0,국내증권사,B,SF205,각주항목(09.06월 이후)
8505,201706,0012390,노무라금융투자주식회사,D1,대차 및 대주거래_대여증권,0,국내증권사,B,SF205,각주항목(09.06월 이후)
8506,201706,0012390,노무라금융투자주식회사,D2,대차 및 대주거래_차입증권,0,국내증권사,B,SF205,각주항목(09.06월 이후)
8507,201706,0012390,노무라금융투자주식회사,D3,대차 및 대주거래_신용거래대주,0,국내증권사,B,SF205,각주항목(09.06월 이후)
8508,201706,0012390,노무라금융투자주식회사,E,대손상각채권,0,국내증권사,B,SF205,각주항목(09.06월 이후)
8509,201706,0012390,노무라금융투자주식회사,F,환전업무 예치금,0,국내증권사,B,SF205,각주항목(09.06월 이후)
8510,201706,0012390,노무라금융투자주식회사,G,미배당별도예치금,0,국내증권사,B,SF205,각주항목(09.06월 이후)
8511,201706,0012390,노무라금융투자주식회사,H,배서어음매출(종금계정),0,국내증권사,B,SF205,각주항목(09.06월 이후)
8512,201706,0012390,노무라금융투자주식회사,H1,대출채권매매이익_담보부,0,국내증권사,B,SF205,각주항목(09.06월 이후)
8513,201706,0012390,노무라금융투자주식회사,H2,대출채권매매이익_무담보부,0,국내증권사,B,SF205,각주항목(09.06월 이후)
8514,201709,0012390,노무라금융투자주식회사,A,채무보증,0,국내증권사,B,SF205,각주항목(09.06월 이후)
8515,201709,0012390,노무라금융투자주식회사,A1,채무보증_지급보증,0,국내증권사,B,SF205,각주항목(09.06월 이후)
8516,201709,0012390,노무라금융투자주식회사,A2,채무보증_매입보장약정,0,국내증권사,B,SF205,각주항목(09.06월 이후)
8517,201709,0012390,노무라금융투자주식회사,A3,채무보증_채무인수약정,0,국내증권사,B,SF205,각주항목(09.06월 이후)
8518,201709,0012390,노무라금융투자주식회사,A5,채무보증_매입확약,0,국내증권사,B,SF205,각주항목(09.06월 이후)
8519,201709,0012390,노무라금융투자주식회사,A6,채무보증_기타,0,국내증권사,B,SF205,각주항목(09.06월 이후)
8520,201709,0012390,노무라금융투자주식회사,B,투자자의 예수증권 등,802353590659,국내증권사,B,SF205,각주항목(09.06월 이후)
8521,201709,0012390,노무라금융투자주식회사,B1,투자자의 예수증권 등_예수 증권,564944177050,국내증권사,B,SF205,각주항목(09.06월 이후)
8522,201709,0012390,노무라금융투자주식회사,B2,투자자의 예수증권 등_예수양도성예금증서,0,국내증권사,B,SF205,각주항목(09.06월 이후)
8523,201709,0012390,노무라금융투자주식회사,B3,투자자의 예수증권 등_기타,237409413609,국내증권사,B,SF205,각주항목(09.06월 이후)
8524,201709,0012390,노무라금융투자주식회사,C,파생상품계약,179278038033839,국내증권사,B,SF205,각주항목(09.06월 이후)
8525,201709,0012390,노무라금융투자주식회사,C1,파생상품계약_장내파생상품,348039935968,국내증권사,B,SF205,각주항목(09.06월 이후)
8526,201709,0012390,노무라금융투자주식회사,C11,파생상품계약_장내파생상품_이자율관련거래,348039935968,국내증권사,B,SF205,각주항목(09.06월 이후)
8527,201709,0012390,노무라금융투자주식회사,C12,파생상품계약_장내파생상품_통화관련거래,0,국내증권사,B,SF205,각주항목(09.06월 이후)
8528,201709,0012390,노무라금융투자주식회사,C13,파생상품계약_장내파생상품_주식관련거래,0,국내증권사,B,SF205,각주항목(09.06월 이후)
8529,201709,0012390,노무라금융투자주식회사,C14,파생상품계약_장내파생상품_일반상품관련거래,0,국내증권사,B,SF205,각주항목(09.06월 이후)
8530,201709,0012390,노무라금융투자주식회사,C15,파생상품계약_장내파생상품_기타,0,국내증권사,B,SF205,각주항목(09.06월 이후)
8531,201709,0012390,노무라금융투자주식회사,C2,파생상품계약_장외파생상품,178929998097871,국내증권사,B,SF205,각주항목(09.06월 이후)
8532,201709,0012390,노무라금융투자주식회사,C21,파생상품계약_장외파생상품_이자율관련거래,135230757278738,국내증권사,B,SF205,각주항목(09.06월 이후)
8533,201709,0012390,노무라금융투자주식회사,C22,파생상품계약_장외파생상품_통화관련거래,40694359758815,국내증권사,B,SF205,각주항목(09.06월 이후)
8534,201709,0012390,노무라금융투자주식회사,C23,파생상품계약_장외파생상품_주식관련거래,1714697784260,국내증권사,B,SF205,각주항목(09.06월 이후)
8535,201709,0012390,노무라금융투자주식회사,C24,파생상품계약_장외파생상품_신용관련거래,1290183276058,국내증권사,B,SF205,각주항목(09.06월 이후)
8536,201709,0012390,노무라금융투자주식회사,C25,파생상품계약_장외파생상품_기타,0,국내증권사,B,SF205,각주항목(09.06월 이후)
8537,201709,0012390,노무라금융투자주식회사,D,대차 및 대주거래,0,국내증권사,B,SF205,각주항목(09.06월 이후)
8538,201709,0012390,노무라금융투자주식회사,D1,대차 및 대주거래_대여증권,0,국내증권사,B,SF205,각주항목(09.06월 이후)
8539,201709,0012390,노무라금융투자주식회사,D2,대차 및 대주거래_차입증권,0,국내증권사,B,SF205,각주항목(09.06월 이후)
8540,201709,0012390,노무라금융투자주식회사,D3,대차 및 대주거래_신용거래대주,0,국내증권사,B,SF205,각주항목(09.06월 이후)
8541,201709,0012390,노무라금융투자주식회사,E,대손상각채권,0,국내증권사,B,SF205,각주항목(09.06월 이후)
8542,201709,0012390,노무라금융투자주식회사,F,환전업무 예치금,0,국내증권사,B,SF205,각주항목(09.06월 이후)
8543,201709,0012390,노무라금융투자주식회사,G,미배당별도예치금,0,국내증권사,B,SF205,각주항목(09.06월 이후)
8544,201709,0012390,노무라금융투자주식회사,H,배서어음매출(종금계정),0,국내증권사,B,SF205,각주항목(09.06월 이후)
8545,201709,0012390,노무라금융투자주식회사,H1,대출채권매매이익_담보부,0,국내증권사,B,SF205,각주항목(09.06월 이후)
8546,201709,0012390,노무라금융투자주식회사,H2,대출채권매매이익_무담보부,0,국내증권사,B,SF205,각주항목(09.06월 이후)
8547,201712,0012390,노무라금융투자주식회사,A,채무보증,0,국내증권사,B,SF205,각주항목(09.06월 이후)
8548,201712,0012390,노무라금융투자주식회사,A1,채무보증_지급보증,0,국내증권사,B,SF205,각주항목(09.06월 이후)
8549,201712,0012390,노무라금융투자주식회사,A2,채무보증_매입보장약정,0,국내증권사,B,SF205,각주항목(09.06월 이후)
8550,201712,0012390,노무라금융투자주식회사,A3,채무보증_채무인수약정,0,국내증권사,B,SF205,각주항목(09.06월 이후)
8551,201712,0012390,노무라금융투자주식회사,A5,채무보증_매입확약,0,국내증권사,B,SF205,각주항목(09.06월 이후)
8552,201712,0012390,노무라금융투자주식회사,A6,채무보증_기타,0,국내증권사,B,SF205,각주항목(09.06월 이후)
8553,201712,0012390,노무라금융투자주식회사,B,투자자의 예수증권 등,631978250311,국내증권사,B,SF205,각주항목(09.06월 이후)
8554,201712,0012390,노무라금융투자주식회사,B1,투자자의 예수증권 등_예수 증권,615878924300,국내증권사,B,SF205,각주항목(09.06월 이후)
8555,201712,0012390,노무라금융투자주식회사,B2,투자자의 예수증권 등_예수양도성예금증서,0,국내증권사,B,SF205,각주항목(09.06월 이후)
8556,201712,0012390,노무라금융투자주식회사,B3,투자자의 예수증권 등_기타,16099326011,국내증권사,B,SF205,각주항목(09.06월 이후)
8557,201712,0012390,노무라금융투자주식회사,C,파생상품계약,201813686157893,국내증권사,B,SF205,각주항목(09.06월 이후)
8558,201712,0012390,노무라금융투자주식회사,C1,파생상품계약_장내파생상품,446001734258,국내증권사,B,SF205,각주항목(09.06월 이후)
8559,201712,0012390,노무라금융투자주식회사,C11,파생상품계약_장내파생상품_이자율관련거래,446001734258,국내증권사,B,SF205,각주항목(09.06월 이후)
8560,201712,0012390,노무라금융투자주식회사,C12,파생상품계약_장내파생상품_통화관련거래,0,국내증권사,B,SF205,각주항목(09.06월 이후)
8561,201712,0012390,노무라금융투자주식회사,C13,파생상품계약_장내파생상품_주식관련거래,0,국내증권사,B,SF205,각주항목(09.06월 이후)
8562,201712,0012390,노무라금융투자주식회사,C14,파생상품계약_장내파생상품_일반상품관련거래,0,국내증권사,B,SF205,각주항목(09.06월 이후)
8563,201712,0012390,노무라금융투자주식회사,C15,파생상품계약_장내파생상품_기타,0,국내증권사,B,SF205,각주항목(09.06월 이후)
8564,201712,0012390,노무라금융투자주식회사,C2,파생상품계약_장외파생상품,201367684423635,국내증권사,B,SF205,각주항목(09.06월 이후)
8565,201712,0012390,노무라금융투자주식회사,C21,파생상품계약_장외파생상품_이자율관련거래,142042075628956,국내증권사,B,SF205,각주항목(09.06월 이후)
8566,201712,0012390,노무라금융투자주식회사,C22,파생상품계약_장외파생상품_통화관련거래,55247012720092,국내증권사,B,SF205,각주항목(09.06월 이후)
8567,201712,0012390,노무라금융투자주식회사,C23,파생상품계약_장외파생상품_주식관련거래,2086312189850,국내증권사,B,SF205,각주항목(09.06월 이후)
8568,201712,0012390,노무라금융투자주식회사,C24,파생상품계약_장외파생상품_신용관련거래,1992283884737,국내증권사,B,SF205,각주항목(09.06월 이후)
8569,201712,0012390,노무라금융투자주식회사,C25,파생상품계약_장외파생상품_기타,0,국내증권사,B,SF205,각주항목(09.06월 이후)
8570,201712,0012390,노무라금융투자주식회사,D,대차 및 대주거래,0,국내증권사,B,SF205,각주항목(09.06월 이후)
8571,201712,0012390,노무라금융투자주식회사,D1,대차 및 대주거래_대여증권,0,국내증권사,B,SF205,각주항목(09.06월 이후)
8572,201712,0012390,노무라금융투자주식회사,D2,대차 및 대주거래_차입증권,0,국내증권사,B,SF205,각주항목(09.06월 이후)
8573,201712,0012390,노무라금융투자주식회사,D3,대차 및 대주거래_신용거래대주,0,국내증권사,B,SF205,각주항목(09.06월 이후)
8574,201712,0012390,노무라금융투자주식회사,E,대손상각채권,0,국내증권사,B,SF205,각주항목(09.06월 이후)
8575,201712,0012390,노무라금융투자주식회사,F,환전업무 예치금,0,국내증권사,B,SF205,각주항목(09.06월 이후)
8576,201712,0012390,노무라금융투자주식회사,G,미배당별도예치금,0,국내증권사,B,SF205,각주항목(09.06월 이후)
8577,201712,0012390,노무라금융투자주식회사,H,배서어음매출(종금계정),0,국내증권사,B,SF205,각주항목(09.06월 이후)
8578,201712,0012390,노무라금융투자주식회사,H1,대출채권매매이익_담보부,0,국내증권사,B,SF205,각주항목(09.06월 이후)
8579,201712,0012390,노무라금융투자주식회사,H2,대출채권매매이익_무담보부,0,국내증권사,B,SF205,각주항목(09.06월 이후)
8580,201803,0012390,노무라금융투자주식회사,A,채무보증,0,국내증권사,B,SF205,각주항목(09.06월 이후)
8581,201803,0012390,노무라금융투자주식회사,A1,채무보증_지급보증,0,국내증권사,B,SF205,각주항목(09.06월 이후)
8582,201803,0012390,노무라금융투자주식회사,A2,채무보증_매입보장약정,0,국내증권사,B,SF205,각주항목(09.06월 이후)
8583,201803,0012390,노무라금융투자주식회사,A3,채무보증_채무인수약정,0,국내증권사,B,SF205,각주항목(09.06월 이후)
8584,201803,0012390,노무라금융투자주식회사,A5,채무보증_매입확약,0,국내증권사,B,SF205,각주항목(09.06월 이후)
8585,201803,0012390,노무라금융투자주식회사,A6,채무보증_기타,0,국내증권사,B,SF205,각주항목(09.06월 이후)
8586,201803,0012390,노무라금융투자주식회사,B,투자자의 예수증권 등,615763535704,국내증권사,B,SF205,각주항목(09.06월 이후)
8587,201803,0012390,노무라금융투자주식회사,B1,투자자의 예수증권 등_예수 증권,565310095070,국내증권사,B,SF205,각주항목(09.06월 이후)
8588,201803,0012390,노무라금융투자주식회사,B2,투자자의 예수증권 등_예수양도성예금증서,0,국내증권사,B,SF205,각주항목(09.06월 이후)
8589,201803,0012390,노무라금융투자주식회사,B3,투자자의 예수증권 등_기타,50453440634,국내증권사,B,SF205,각주항목(09.06월 이후)
8590,201803,0012390,노무라금융투자주식회사,C,파생상품계약,246083124718547,국내증권사,B,SF205,각주항목(09.06월 이후)
8591,201803,0012390,노무라금융투자주식회사,C1,파생상품계약_장내파생상품,162667914893,국내증권사,B,SF205,각주항목(09.06월 이후)
8592,201803,0012390,노무라금융투자주식회사,C11,파생상품계약_장내파생상품_이자율관련거래,162667914893,국내증권사,B,SF205,각주항목(09.06월 이후)
8593,201803,0012390,노무라금융투자주식회사,C12,파생상품계약_장내파생상품_통화관련거래,0,국내증권사,B,SF205,각주항목(09.06월 이후)
8594,201803,0012390,노무라금융투자주식회사,C13,파생상품계약_장내파생상품_주식관련거래,0,국내증권사,B,SF205,각주항목(09.06월 이후)
8595,201803,0012390,노무라금융투자주식회사,C14,파생상품계약_장내파생상품_일반상품관련거래,0,국내증권사,B,SF205,각주항목(09.06월 이후)
8596,201803,0012390,노무라금융투자주식회사,C15,파생상품계약_장내파생상품_기타,0,국내증권사,B,SF205,각주항목(09.06월 이후)
8597,201803,0012390,노무라금융투자주식회사,C2,파생상품계약_장외파생상품,245920456803654,국내증권사,B,SF205,각주항목(09.06월 이후)
8598,201803,0012390,노무라금융투자주식회사,C21,파생상품계약_장외파생상품_이자율관련거래,173734297056948,국내증권사,B,SF205,각주항목(09.06월 이후)
8599,201803,0012390,노무라금융투자주식회사,C22,파생상품계약_장외파생상품_통화관련거래,66388531046069,국내증권사,B,SF205,각주항목(09.06월 이후)
8600,201803,0012390,노무라금융투자주식회사,C23,파생상품계약_장외파생상품_주식관련거래,2361032955956,국내증권사,B,SF205,각주항목(09.06월 이후)
8601,201803,0012390,노무라금융투자주식회사,C24,파생상품계약_장외파생상품_신용관련거래,3436595744681,국내증권사,B,SF205,각주항목(09.06월 이후)
8602,201803,0012390,노무라금융투자주식회사,C25,파생상품계약_장외파생상품_기타,0,국내증권사,B,SF205,각주항목(09.06월 이후)
8603,201803,0012390,노무라금융투자주식회사,D,대차 및 대주거래,0,국내증권사,B,SF205,각주항목(09.06월 이후)
8604,201803,0012390,노무라금융투자주식회사,D1,대차 및 대주거래_대여증권,0,국내증권사,B,SF205,각주항목(09.06월 이후)
8605,201803,0012390,노무라금융투자주식회사,D2,대차 및 대주거래_차입증권,0,국내증권사,B,SF205,각주항목(09.06월 이후)
8606,201803,0012390,노무라금융투자주식회사,D3,대차 및 대주거래_신용거래대주,0,국내증권사,B,SF205,각주항목(09.06월 이후)
8607,201803,0012390,노무라금융투자주식회사,E,대손상각채권,0,국내증권사,B,SF205,각주항목(09.06월 이후)
8608,201803,0012390,노무라금융투자주식회사,F,환전업무 예치금,0,국내증권사,B,SF205,각주항목(09.06월 이후)
8609,201803,0012390,노무라금융투자주식회사,G,미배당별도예치금,0,국내증권사,B,SF205,각주항목(09.06월 이후)
8610,201803,0012390,노무라금융투자주식회사,H,배서어음매출(종금계정),0,국내증권사,B,SF205,각주항목(09.06월 이후)
8611,201803,0012390,노무라금융투자주식회사,H1,대출채권매매이익_담보부,0,국내증권사,B,SF205,각주항목(09.06월 이후)
8612,201803,0012390,노무라금융투자주식회사,H2,대출채권매매이익_무담보부,0,국내증권사,B,SF205,각주항목(09.06월 이후)
8613,201806,0012390,노무라금융투자주식회사,A,채무보증,0,국내증권사,B,SF205,각주항목(09.06월 이후)
8614,201806,0012390,노무라금융투자주식회사,A1,채무보증_지급보증,0,국내증권사,B,SF205,각주항목(09.06월 이후)
8615,201806,0012390,노무라금융투자주식회사,A2,채무보증_매입보장약정,0,국내증권사,B,SF205,각주항목(09.06월 이후)
8616,201806,0012390,노무라금융투자주식회사,A3,채무보증_채무인수약정,0,국내증권사,B,SF205,각주항목(09.06월 이후)
8617,201806,0012390,노무라금융투자주식회사,A5,채무보증_매입확약,0,국내증권사,B,SF205,각주항목(09.06월 이후)
8618,201806,0012390,노무라금융투자주식회사,A6,채무보증_기타,0,국내증권사,B,SF205,각주항목(09.06월 이후)
8619,201806,0012390,노무라금융투자주식회사,B,투자자의 예수증권 등,595961933381,국내증권사,B,SF205,각주항목(09.06월 이후)
8620,201806,0012390,노무라금융투자주식회사,B1,투자자의 예수증권 등_예수 증권,552263389400,국내증권사,B,SF205,각주항목(09.06월 이후)
8621,201806,0012390,노무라금융투자주식회사,B2,투자자의 예수증권 등_예수양도성예금증서,0,국내증권사,B,SF205,각주항목(09.06월 이후)
8622,201806,0012390,노무라금융투자주식회사,B3,투자자의 예수증권 등_기타,43698543981,국내증권사,B,SF205,각주항목(09.06월 이후)
8623,201806,0012390,노무라금융투자주식회사,C,파생상품계약,279267052565651,국내증권사,B,SF205,각주항목(09.06월 이후)
8624,201806,0012390,노무라금융투자주식회사,C1,파생상품계약_장내파생상품,167437868303,국내증권사,B,SF205,각주항목(09.06월 이후)
8625,201806,0012390,노무라금융투자주식회사,C11,파생상품계약_장내파생상품_이자율관련거래,167437868303,국내증권사,B,SF205,각주항목(09.06월 이후)
8626,201806,0012390,노무라금융투자주식회사,C12,파생상품계약_장내파생상품_통화관련거래,0,국내증권사,B,SF205,각주항목(09.06월 이후)
8627,201806,0012390,노무라금융투자주식회사,C13,파생상품계약_장내파생상품_주식관련거래,0,국내증권사,B,SF205,각주항목(09.06월 이후)
8628,201806,0012390,노무라금융투자주식회사,C14,파생상품계약_장내파생상품_일반상품관련거래,0,국내증권사,B,SF205,각주항목(09.06월 이후)
8629,201806,0012390,노무라금융투자주식회사,C15,파생상품계약_장내파생상품_기타,0,국내증권사,B,SF205,각주항목(09.06월 이후)
8630,201806,0012390,노무라금융투자주식회사,C2,파생상품계약_장외파생상품,279099614697348,국내증권사,B,SF205,각주항목(09.06월 이후)
8631,201806,0012390,노무라금융투자주식회사,C21,파생상품계약_장외파생상품_이자율관련거래,198617413077177,국내증권사,B,SF205,각주항목(09.06월 이후)
8632,201806,0012390,노무라금융투자주식회사,C22,파생상품계약_장외파생상품_통화관련거래,73674699151902,국내증권사,B,SF205,각주항목(09.06월 이후)
8633,201806,0012390,노무라금융투자주식회사,C23,파생상품계약_장외파생상품_주식관련거래,2929198896838,국내증권사,B,SF205,각주항목(09.06월 이후)
8634,201806,0012390,노무라금융투자주식회사,C24,파생상품계약_장외파생상품_신용관련거래,3878303571431,국내증권사,B,SF205,각주항목(09.06월 이후)
8635,201806,0012390,노무라금융투자주식회사,C25,파생상품계약_장외파생상품_기타,0,국내증권사,B,SF205,각주항목(09.06월 이후)
8636,201806,0012390,노무라금융투자주식회사,D,대차 및 대주거래,0,국내증권사,B,SF205,각주항목(09.06월 이후)
8637,201806,0012390,노무라금융투자주식회사,D1,대차 및 대주거래_대여증권,0,국내증권사,B,SF205,각주항목(09.06월 이후)
8638,201806,0012390,노무라금융투자주식회사,D2,대차 및 대주거래_차입증권,0,국내증권사,B,SF205,각주항목(09.06월 이후)
8639,201806,0012390,노무라금융투자주식회사,D3,대차 및 대주거래_신용거래대주,0,국내증권사,B,SF205,각주항목(09.06월 이후)
8640,201806,0012390,노무라금융투자주식회사,E,대손상각채권,0,국내증권사,B,SF205,각주항목(09.06월 이후)
8641,201806,0012390,노무라금융투자주식회사,F,환전업무 예치금,0,국내증권사,B,SF205,각주항목(09.06월 이후)
8642,201806,0012390,노무라금융투자주식회사,G,미배당별도예치금,0,국내증권사,B,SF205,각주항목(09.06월 이후)
8643,201806,0012390,노무라금융투자주식회사,H,배서어음매출(종금계정),0,국내증권사,B,SF205,각주항목(09.06월 이후)
8644,201806,0012390,노무라금융투자주식회사,H1,대출채권매매이익_담보부,0,국내증권사,B,SF205,각주항목(09.06월 이후)
8645,201806,0012390,노무라금융투자주식회사,H2,대출채권매매이익_무담보부,0,국내증권사,B,SF205,각주항목(09.06월 이후)
8646,201809,0012390,노무라금융투자주식회사,A,채무보증,0,국내증권사,B,SF205,각주항목(09.06월 이후)
8647,201809,0012390,노무라금융투자주식회사,A1,채무보증_지급보증,0,국내증권사,B,SF205,각주항목(09.06월 이후)
8648,201809,0012390,노무라금융투자주식회사,A2,채무보증_매입보장약정,0,국내증권사,B,SF205,각주항목(09.06월 이후)
8649,201809,0012390,노무라금융투자주식회사,A3,채무보증_채무인수약정,0,국내증권사,B,SF205,각주항목(09.06월 이후)
8650,201809,0012390,노무라금융투자주식회사,A5,채무보증_매입확약,0,국내증권사,B,SF205,각주항목(09.06월 이후)
8651,201809,0012390,노무라금융투자주식회사,A6,채무보증_기타,0,국내증권사,B,SF205,각주항목(09.06월 이후)
8652,201809,0012390,노무라금융투자주식회사,B,투자자의 예수증권 등,646391200033,국내증권사,B,SF205,각주항목(09.06월 이후)
8653,201809,0012390,노무라금융투자주식회사,B1,투자자의 예수증권 등_예수 증권,575498628850,국내증권사,B,SF205,각주항목(09.06월 이후)
8654,201809,0012390,노무라금융투자주식회사,B2,투자자의 예수증권 등_예수양도성예금증서,0,국내증권사,B,SF205,각주항목(09.06월 이후)
8655,201809,0012390,노무라금융투자주식회사,B3,투자자의 예수증권 등_기타,70892571183,국내증권사,B,SF205,각주항목(09.06월 이후)
8656,201809,0012390,노무라금융투자주식회사,C,파생상품계약,313678822062147,국내증권사,B,SF205,각주항목(09.06월 이후)
8657,201809,0012390,노무라금융투자주식회사,C1,파생상품계약_장내파생상품,486053786951,국내증권사,B,SF205,각주항목(09.06월 이후)
8658,201809,0012390,노무라금융투자주식회사,C11,파생상품계약_장내파생상품_이자율관련거래,486053786951,국내증권사,B,SF205,각주항목(09.06월 이후)
8659,201809,0012390,노무라금융투자주식회사,C12,파생상품계약_장내파생상품_통화관련거래,0,국내증권사,B,SF205,각주항목(09.06월 이후)
8660,201809,0012390,노무라금융투자주식회사,C13,파생상품계약_장내파생상품_주식관련거래,0,국내증권사,B,SF205,각주항목(09.06월 이후)
8661,201809,0012390,노무라금융투자주식회사,C14,파생상품계약_장내파생상품_일반상품관련거래,0,국내증권사,B,SF205,각주항목(09.06월 이후)
8662,201809,0012390,노무라금융투자주식회사,C15,파생상품계약_장내파생상품_기타,0,국내증권사,B,SF205,각주항목(09.06월 이후)
8663,201809,0012390,노무라금융투자주식회사,C2,파생상품계약_장외파생상품,313192768275196,국내증권사,B,SF205,각주항목(09.06월 이후)
8664,201809,0012390,노무라금융투자주식회사,C21,파생상품계약_장외파생상품_이자율관련거래,232638406289089,국내증권사,B,SF205,각주항목(09.06월 이후)
8665,201809,0012390,노무라금융투자주식회사,C22,파생상품계약_장외파생상품_통화관련거래,72509138448905,국내증권사,B,SF205,각주항목(09.06월 이후)
8666,201809,0012390,노무라금융투자주식회사,C23,파생상품계약_장외파생상품_주식관련거래,4008394268910,국내증권사,B,SF205,각주항목(09.06월 이후)
8667,201809,0012390,노무라금융투자주식회사,C24,파생상품계약_장외파생상품_신용관련거래,4036829268292,국내증권사,B,SF205,각주항목(09.06월 이후)
8668,201809,0012390,노무라금융투자주식회사,C25,파생상품계약_장외파생상품_기타,0,국내증권사,B,SF205,각주항목(09.06월 이후)
8669,201809,0012390,노무라금융투자주식회사,D,대차 및 대주거래,524000000000,국내증권사,B,SF205,각주항목(09.06월 이후)
8670,201809,0012390,노무라금융투자주식회사,D1,대차 및 대주거래_대여증권,0,국내증권사,B,SF205,각주항목(09.06월 이후)
8671,201809,0012390,노무라금융투자주식회사,D2,대차 및 대주거래_차입증권,524000000000,국내증권사,B,SF205,각주항목(09.06월 이후)
8672,201809,0012390,노무라금융투자주식회사,D3,대차 및 대주거래_신용거래대주,0,국내증권사,B,SF205,각주항목(09.06월 이후)
8673,201809,0012390,노무라금융투자주식회사,E,대손상각채권,0,국내증권사,B,SF205,각주항목(09.06월 이후)
8674,201809,0012390,노무라금융투자주식회사,F,환전업무 예치금,0,국내증권사,B,SF205,각주항목(09.06월 이후)
8675,201809,0012390,노무라금융투자주식회사,G,미배당별도예치금,0,국내증권사,B,SF205,각주항목(09.06월 이후)
8676,201809,0012390,노무라금융투자주식회사,H,배서어음매출(종금계정),0,국내증권사,B,SF205,각주항목(09.06월 이후)
8677,201809,0012390,노무라금융투자주식회사,H1,대출채권매매이익_담보부,0,국내증권사,B,SF205,각주항목(09.06월 이후)
8678,201809,0012390,노무라금융투자주식회사,H2,대출채권매매이익_무담보부,0,국내증권사,B,SF205,각주항목(09.06월 이후)
8679,201812,0012390,노무라금융투자주식회사,A,채무보증,0,국내증권사,B,SF205,각주항목(09.06월 이후)
8680,201812,0012390,노무라금융투자주식회사,A1,채무보증_지급보증,0,국내증권사,B,SF205,각주항목(09.06월 이후)
8681,201812,0012390,노무라금융투자주식회사,A2,채무보증_매입보장약정,0,국내증권사,B,SF205,각주항목(09.06월 이후)
8682,201812,0012390,노무라금융투자주식회사,A3,채무보증_채무인수약정,0,국내증권사,B,SF205,각주항목(09.06월 이후)
8683,201812,0012390,노무라금융투자주식회사,A5,채무보증_매입확약,0,국내증권사,B,SF205,각주항목(09.06월 이후)
8684,201812,0012390,노무라금융투자주식회사,A6,채무보증_기타,0,국내증권사,B,SF205,각주항목(09.06월 이후)
8685,201812,0012390,노무라금융투자주식회사,B,투자자의 예수증권 등,584684139634,국내증권사,B,SF205,각주항목(09.06월 이후)
8686,201812,0012390,노무라금융투자주식회사,B1,투자자의 예수증권 등_예수 증권,544159630640,국내증권사,B,SF205,각주항목(09.06월 이후)
8687,201812,0012390,노무라금융투자주식회사,B2,투자자의 예수증권 등_예수양도성예금증서,0,국내증권사,B,SF205,각주항목(09.06월 이후)
8688,201812,0012390,노무라금융투자주식회사,B3,투자자의 예수증권 등_기타,40524508994,국내증권사,B,SF205,각주항목(09.06월 이후)
8689,201812,0012390,노무라금융투자주식회사,C,파생상품계약,285108506074367,국내증권사,B,SF205,각주항목(09.06월 이후)
8690,201812,0012390,노무라금융투자주식회사,C1,파생상품계약_장내파생상품,298141569889,국내증권사,B,SF205,각주항목(09.06월 이후)
8691,201812,0012390,노무라금융투자주식회사,C11,파생상품계약_장내파생상품_이자율관련거래,298141569889,국내증권사,B,SF205,각주항목(09.06월 이후)
8692,201812,0012390,노무라금융투자주식회사,C12,파생상품계약_장내파생상품_통화관련거래,0,국내증권사,B,SF205,각주항목(09.06월 이후)
8693,201812,0012390,노무라금융투자주식회사,C13,파생상품계약_장내파생상품_주식관련거래,0,국내증권사,B,SF205,각주항목(09.06월 이후)
8694,201812,0012390,노무라금융투자주식회사,C14,파생상품계약_장내파생상품_일반상품관련거래,0,국내증권사,B,SF205,각주항목(09.06월 이후)
8695,201812,0012390,노무라금융투자주식회사,C15,파생상품계약_장내파생상품_기타,0,국내증권사,B,SF205,각주항목(09.06월 이후)
8696,201812,0012390,노무라금융투자주식회사,C2,파생상품계약_장외파생상품,284810364504478,국내증권사,B,SF205,각주항목(09.06월 이후)
8697,201812,0012390,노무라금융투자주식회사,C21,파생상품계약_장외파생상품_이자율관련거래,195958726990611,국내증권사,B,SF205,각주항목(09.06월 이후)
8698,201812,0012390,노무라금융투자주식회사,C22,파생상품계약_장외파생상품_통화관련거래,80153397493749,국내증권사,B,SF205,각주항목(09.06월 이후)
8699,201812,0012390,노무라금융투자주식회사,C23,파생상품계약_장외파생상품_주식관련거래,4374017797896,국내증권사,B,SF205,각주항목(09.06월 이후)
8700,201812,0012390,노무라금융투자주식회사,C24,파생상품계약_장외파생상품_신용관련거래,4324222222222,국내증권사,B,SF205,각주항목(09.06월 이후)
8701,201812,0012390,노무라금융투자주식회사,C25,파생상품계약_장외파생상품_기타,0,국내증권사,B,SF205,각주항목(09.06월 이후)
8702,201812,0012390,노무라금융투자주식회사,D,대차 및 대주거래,335495555556,국내증권사,B,SF205,각주항목(09.06월 이후)
8703,201812,0012390,노무라금융투자주식회사,D1,대차 및 대주거래_대여증권,0,국내증권사,B,SF205,각주항목(09.06월 이후)
8704,201812,0012390,노무라금융투자주식회사,D2,대차 및 대주거래_차입증권,335495555556,국내증권사,B,SF205,각주항목(09.06월 이후)
8705,201812,0012390,노무라금융투자주식회사,D3,대차 및 대주거래_신용거래대주,0,국내증권사,B,SF205,각주항목(09.06월 이후)
8706,201812,0012390,노무라금융투자주식회사,E,대손상각채권,0,국내증권사,B,SF205,각주항목(09.06월 이후)
8707,201812,0012390,노무라금융투자주식회사,F,환전업무 예치금,0,국내증권사,B,SF205,각주항목(09.06월 이후)
8708,201812,0012390,노무라금융투자주식회사,G,미배당별도예치금,0,국내증권사,B,SF205,각주항목(09.06월 이후)
8709,201812,0012390,노무라금융투자주식회사,H,배서어음매출(종금계정),0,국내증권사,B,SF205,각주항목(09.06월 이후)
8710,201812,0012390,노무라금융투자주식회사,H1,대출채권매매이익_담보부,0,국내증권사,B,SF205,각주항목(09.06월 이후)
8711,201812,0012390,노무라금융투자주식회사,H2,대출채권매매이익_무담보부,0,국내증권사,B,SF205,각주항목(09.06월 이후)
8712,201903,0012390,노무라금융투자주식회사,A,채무보증,0,국내증권사,B,SF205,각주항목(09.06월 이후)
8713,201903,0012390,노무라금융투자주식회사,A1,채무보증_지급보증,0,국내증권사,B,SF205,각주항목(09.06월 이후)
8714,201903,0012390,노무라금융투자주식회사,A2,채무보증_매입보장약정,0,국내증권사,B,SF205,각주항목(09.06월 이후)
8715,201903,0012390,노무라금융투자주식회사,A3,채무보증_채무인수약정,0,국내증권사,B,SF205,각주항목(09.06월 이후)
8716,201903,0012390,노무라금융투자주식회사,A5,채무보증_매입확약,0,국내증권사,B,SF205,각주항목(09.06월 이후)
8717,201903,0012390,노무라금융투자주식회사,A6,채무보증_기타,0,국내증권사,B,SF205,각주항목(09.06월 이후)
8718,201903,0012390,노무라금융투자주식회사,B,투자자의 예수증권 등,587273160612,국내증권사,B,SF205,각주항목(09.06월 이후)
8719,201903,0012390,노무라금융투자주식회사,B1,투자자의 예수증권 등_예수 증권,543764314020,국내증권사,B,SF205,각주항목(09.06월 이후)
8720,201903,0012390,노무라금융투자주식회사,B2,투자자의 예수증권 등_예수양도성예금증서,0,국내증권사,B,SF205,각주항목(09.06월 이후)
8721,201903,0012390,노무라금융투자주식회사,B3,투자자의 예수증권 등_기타,43508846592,국내증권사,B,SF205,각주항목(09.06월 이후)
8722,201903,0012390,노무라금융투자주식회사,C,파생상품계약,300784737335164,국내증권사,B,SF205,각주항목(09.06월 이후)
8723,201903,0012390,노무라금융투자주식회사,C1,파생상품계약_장내파생상품,477052222159,국내증권사,B,SF205,각주항목(09.06월 이후)
8724,201903,0012390,노무라금융투자주식회사,C11,파생상품계약_장내파생상품_이자율관련거래,477052222159,국내증권사,B,SF205,각주항목(09.06월 이후)
8725,201903,0012390,노무라금융투자주식회사,C12,파생상품계약_장내파생상품_통화관련거래,0,국내증권사,B,SF205,각주항목(09.06월 이후)
8726,201903,0012390,노무라금융투자주식회사,C13,파생상품계약_장내파생상품_주식관련거래,0,국내증권사,B,SF205,각주항목(09.06월 이후)
8727,201903,0012390,노무라금융투자주식회사,C14,파생상품계약_장내파생상품_일반상품관련거래,0,국내증권사,B,SF205,각주항목(09.06월 이후)
8728,201903,0012390,노무라금융투자주식회사,C15,파생상품계약_장내파생상품_기타,0,국내증권사,B,SF205,각주항목(09.06월 이후)
8729,201903,0012390,노무라금융투자주식회사,C2,파생상품계약_장외파생상품,300307685113005,국내증권사,B,SF205,각주항목(09.06월 이후)
8730,201903,0012390,노무라금융투자주식회사,C21,파생상품계약_장외파생상품_이자율관련거래,206051637045515,국내증권사,B,SF205,각주항목(09.06월 이후)
8731,201903,0012390,노무라금융투자주식회사,C22,파생상품계약_장외파생상품_통화관련거래,86483298961703,국내증권사,B,SF205,각주항목(09.06월 이후)
8732,201903,0012390,노무라금융투자주식회사,C23,파생상품계약_장외파생상품_주식관련거래,3359567287606,국내증권사,B,SF205,각주항목(09.06월 이후)
8733,201903,0012390,노무라금융투자주식회사,C24,파생상품계약_장외파생상품_신용관련거래,4413181818181,국내증권사,B,SF205,각주항목(09.06월 이후)
8734,201903,0012390,노무라금융투자주식회사,C25,파생상품계약_장외파생상품_기타,0,국내증권사,B,SF205,각주항목(09.06월 이후)
8735,201903,0012390,노무라금융투자주식회사,D,대차 및 대주거래,507000000000,국내증권사,B,SF205,각주항목(09.06월 이후)
8736,201903,0012390,노무라금융투자주식회사,D1,대차 및 대주거래_대여증권,0,국내증권사,B,SF205,각주항목(09.06월 이후)
8737,201903,0012390,노무라금융투자주식회사,D2,대차 및 대주거래_차입증권,507000000000,국내증권사,B,SF205,각주항목(09.06월 이후)
8738,201903,0012390,노무라금융투자주식회사,D3,대차 및 대주거래_신용거래대주,0,국내증권사,B,SF205,각주항목(09.06월 이후)
8739,201903,0012390,노무라금융투자주식회사,E,대손상각채권,0,국내증권사,B,SF205,각주항목(09.06월 이후)
8740,201903,0012390,노무라금융투자주식회사,F,환전업무 예치금,0,국내증권사,B,SF205,각주항목(09.06월 이후)
8741,201903,0012390,노무라금융투자주식회사,G,미배당별도예치금,0,국내증권사,B,SF205,각주항목(09.06월 이후)
8742,201903,0012390,노무라금융투자주식회사,H,배서어음매출(종금계정),0,국내증권사,B,SF205,각주항목(09.06월 이후)
8743,201903,0012390,노무라금융투자주식회사,H1,대출채권매매이익_담보부,0,국내증권사,B,SF205,각주항목(09.06월 이후)
8744,201903,0012390,노무라금융투자주식회사,H2,대출채권매매이익_무담보부,0,국내증권사,B,SF205,각주항목(09.06월 이후)
8745,201906,0012390,노무라금융투자주식회사,A,채무보증,0,국내증권사,B,SF205,각주항목(09.06월 이후)
8746,201906,0012390,노무라금융투자주식회사,A1,채무보증_지급보증,0,국내증권사,B,SF205,각주항목(09.06월 이후)
8747,201906,0012390,노무라금융투자주식회사,A2,채무보증_매입보장약정,0,국내증권사,B,SF205,각주항목(09.06월 이후)
8748,201906,0012390,노무라금융투자주식회사,A3,채무보증_채무인수약정,0,국내증권사,B,SF205,각주항목(09.06월 이후)
8749,201906,0012390,노무라금융투자주식회사,A5,채무보증_매입확약,0,국내증권사,B,SF205,각주항목(09.06월 이후)
8750,201906,0012390,노무라금융투자주식회사,A6,채무보증_기타,0,국내증권사,B,SF205,각주항목(09.06월 이후)
8751,201906,0012390,노무라금융투자주식회사,B,투자자의 예수증권 등,615038911208,국내증권사,B,SF205,각주항목(09.06월 이후)
8752,201906,0012390,노무라금융투자주식회사,B1,투자자의 예수증권 등_예수 증권,561581298360,국내증권사,B,SF205,각주항목(09.06월 이후)
8753,201906,0012390,노무라금융투자주식회사,B2,투자자의 예수증권 등_예수양도성예금증서,0,국내증권사,B,SF205,각주항목(09.06월 이후)
8754,201906,0012390,노무라금융투자주식회사,B3,투자자의 예수증권 등_기타,53457612848,국내증권사,B,SF205,각주항목(09.06월 이후)
8755,201906,0012390,노무라금융투자주식회사,C,파생상품계약,322911640211782,국내증권사,B,SF205,각주항목(09.06월 이후)
8756,201906,0012390,노무라금융투자주식회사,C1,파생상품계약_장내파생상품,565021443996,국내증권사,B,SF205,각주항목(09.06월 이후)
8757,201906,0012390,노무라금융투자주식회사,C11,파생상품계약_장내파생상품_이자율관련거래,565021443996,국내증권사,B,SF205,각주항목(09.06월 이후)
8758,201906,0012390,노무라금융투자주식회사,C12,파생상품계약_장내파생상품_통화관련거래,0,국내증권사,B,SF205,각주항목(09.06월 이후)
8759,201906,0012390,노무라금융투자주식회사,C13,파생상품계약_장내파생상품_주식관련거래,0,국내증권사,B,SF205,각주항목(09.06월 이후)
8760,201906,0012390,노무라금융투자주식회사,C14,파생상품계약_장내파생상품_일반상품관련거래,0,국내증권사,B,SF205,각주항목(09.06월 이후)
8761,201906,0012390,노무라금융투자주식회사,C15,파생상품계약_장내파생상품_기타,0,국내증권사,B,SF205,각주항목(09.06월 이후)
8762,201906,0012390,노무라금융투자주식회사,C2,파생상품계약_장외파생상품,322346618767786,국내증권사,B,SF205,각주항목(09.06월 이후)
8763,201906,0012390,노무라금융투자주식회사,C21,파생상품계약_장외파생상품_이자율관련거래,236265834125808,국내증권사,B,SF205,각주항목(09.06월 이후)
8764,201906,0012390,노무라금융투자주식회사,C22,파생상품계약_장외파생상품_통화관련거래,78188713845623,국내증권사,B,SF205,각주항목(09.06월 이후)
8765,201906,0012390,노무라금융투자주식회사,C23,파생상품계약_장외파생상품_주식관련거래,3414172412990,국내증권사,B,SF205,각주항목(09.06월 이후)
8766,201906,0012390,노무라금융투자주식회사,C24,파생상품계약_장외파생상품_신용관련거래,4477898383365,국내증권사,B,SF205,각주항목(09.06월 이후)
8767,201906,0012390,노무라금융투자주식회사,C25,파생상품계약_장외파생상품_기타,0,국내증권사,B,SF205,각주항목(09.06월 이후)
8768,201906,0012390,노무라금융투자주식회사,D,대차 및 대주거래,1087077829100,국내증권사,B,SF205,각주항목(09.06월 이후)
8769,201906,0012390,노무라금융투자주식회사,D1,대차 및 대주거래_대여증권,0,국내증권사,B,SF205,각주항목(09.06월 이후)
8770,201906,0012390,노무라금융투자주식회사,D2,대차 및 대주거래_차입증권,1087077829100,국내증권사,B,SF205,각주항목(09.06월 이후)
8771,201906,0012390,노무라금융투자주식회사,D3,대차 및 대주거래_신용거래대주,0,국내증권사,B,SF205,각주항목(09.06월 이후)
8772,201906,0012390,노무라금융투자주식회사,E,대손상각채권,0,국내증권사,B,SF205,각주항목(09.06월 이후)
8773,201906,0012390,노무라금융투자주식회사,F,환전업무 예치금,0,국내증권사,B,SF205,각주항목(09.06월 이후)
8774,201906,0012390,노무라금융투자주식회사,G,미배당별도예치금,0,국내증권사,B,SF205,각주항목(09.06월 이후)
8775,201906,0012390,노무라금융투자주식회사,H,배서어음매출(종금계정),0,국내증권사,B,SF205,각주항목(09.06월 이후)
8776,201906,0012390,노무라금융투자주식회사,H1,대출채권매매이익_담보부,0,국내증권사,B,SF205,각주항목(09.06월 이후)
8777,201906,0012390,노무라금융투자주식회사,H2,대출채권매매이익_무담보부,0,국내증권사,B,SF205,각주항목(09.06월 이후)
8778,201909,0012390,노무라금융투자주식회사,A,채무보증,0,국내증권사,B,SF205,각주항목(09.06월 이후)
8779,201909,0012390,노무라금융투자주식회사,A1,채무보증_지급보증,0,국내증권사,B,SF205,각주항목(09.06월 이후)
8780,201909,0012390,노무라금융투자주식회사,A2,채무보증_매입보장약정,0,국내증권사,B,SF205,각주항목(09.06월 이후)
8781,201909,0012390,노무라금융투자주식회사,A3,채무보증_채무인수약정,0,국내증권사,B,SF205,각주항목(09.06월 이후)
8782,201909,0012390,노무라금융투자주식회사,A5,채무보증_매입확약,0,국내증권사,B,SF205,각주항목(09.06월 이후)
8783,201909,0012390,노무라금융투자주식회사,A6,채무보증_기타,0,국내증권사,B,SF205,각주항목(09.06월 이후)
8784,201909,0012390,노무라금융투자주식회사,B,투자자의 예수증권 등,584868555803,국내증권사,B,SF205,각주항목(09.06월 이후)
8785,201909,0012390,노무라금융투자주식회사,B1,투자자의 예수증권 등_예수 증권,549860750200,국내증권사,B,SF205,각주항목(09.06월 이후)
8786,201909,0012390,노무라금융투자주식회사,B2,투자자의 예수증권 등_예수양도성예금증서,0,국내증권사,B,SF205,각주항목(09.06월 이후)
8787,201909,0012390,노무라금융투자주식회사,B3,투자자의 예수증권 등_기타,35007805603,국내증권사,B,SF205,각주항목(09.06월 이후)
8788,201909,0012390,노무라금융투자주식회사,C,파생상품계약,347806960008792,국내증권사,B,SF205,각주항목(09.06월 이후)
8789,201909,0012390,노무라금융투자주식회사,C1,파생상품계약_장내파생상품,988912133115,국내증권사,B,SF205,각주항목(09.06월 이후)
8790,201909,0012390,노무라금융투자주식회사,C11,파생상품계약_장내파생상품_이자율관련거래,988912133115,국내증권사,B,SF205,각주항목(09.06월 이후)
8791,201909,0012390,노무라금융투자주식회사,C12,파생상품계약_장내파생상품_통화관련거래,0,국내증권사,B,SF205,각주항목(09.06월 이후)
8792,201909,0012390,노무라금융투자주식회사,C13,파생상품계약_장내파생상품_주식관련거래,0,국내증권사,B,SF205,각주항목(09.06월 이후)
8793,201909,0012390,노무라금융투자주식회사,C14,파생상품계약_장내파생상품_일반상품관련거래,0,국내증권사,B,SF205,각주항목(09.06월 이후)
8794,201909,0012390,노무라금융투자주식회사,C15,파생상품계약_장내파생상품_기타,0,국내증권사,B,SF205,각주항목(09.06월 이후)
8795,201909,0012390,노무라금융투자주식회사,C2,파생상품계약_장외파생상품,346818047875677,국내증권사,B,SF205,각주항목(09.06월 이후)
8796,201909,0012390,노무라금융투자주식회사,C21,파생상품계약_장외파생상품_이자율관련거래,246358105906169,국내증권사,B,SF205,각주항목(09.06월 이후)
8797,201909,0012390,노무라금융투자주식회사,C22,파생상품계약_장외파생상품_통화관련거래,91557511026875,국내증권사,B,SF205,각주항목(09.06월 이후)
8798,201909,0012390,노무라금융투자주식회사,C23,파생상품계약_장외파생상품_주식관련거래,4393269265982,국내증권사,B,SF205,각주항목(09.06월 이후)
8799,201909,0012390,노무라금융투자주식회사,C24,파생상품계약_장외파생상품_신용관련거래,4509161676651,국내증권사,B,SF205,각주항목(09.06월 이후)
8800,201909,0012390,노무라금융투자주식회사,C25,파생상품계약_장외파생상품_기타,0,국내증권사,B,SF205,각주항목(09.06월 이후)
8801,201909,0012390,노무라금융투자주식회사,D,대차 및 대주거래,1182798203593,국내증권사,B,SF205,각주항목(09.06월 이후)
8802,201909,0012390,노무라금융투자주식회사,D1,대차 및 대주거래_대여증권,0,국내증권사,B,SF205,각주항목(09.06월 이후)
8803,201909,0012390,노무라금융투자주식회사,D2,대차 및 대주거래_차입증권,1182798203593,국내증권사,B,SF205,각주항목(09.06월 이후)
8804,201909,0012390,노무라금융투자주식회사,D3,대차 및 대주거래_신용거래대주,0,국내증권사,B,SF205,각주항목(09.06월 이후)
8805,201909,0012390,노무라금융투자주식회사,E,대손상각채권,0,국내증권사,B,SF205,각주항목(09.06월 이후)
8806,201909,0012390,노무라금융투자주식회사,F,환전업무 예치금,0,국내증권사,B,SF205,각주항목(09.06월 이후)
8807,201909,0012390,노무라금융투자주식회사,G,미배당별도예치금,0,국내증권사,B,SF205,각주항목(09.06월 이후)
8808,201909,0012390,노무라금융투자주식회사,H,배서어음매출(종금계정),0,국내증권사,B,SF205,각주항목(09.06월 이후)
8809,201909,0012390,노무라금융투자주식회사,H1,대출채권매매이익_담보부,0,국내증권사,B,SF205,각주항목(09.06월 이후)
8810,201909,0012390,노무라금융투자주식회사,H2,대출채권매매이익_무담보부,0,국내증권사,B,SF205,각주항목(09.06월 이후)
8811,201912,0012390,노무라금융투자주식회사,A,채무보증,0,국내증권사,B,SF205,각주항목(09.06월 이후)
8812,201912,0012390,노무라금융투자주식회사,A1,채무보증_지급보증,0,국내증권사,B,SF205,각주항목(09.06월 이후)
8813,201912,0012390,노무라금융투자주식회사,A2,채무보증_매입보장약정,0,국내증권사,B,SF205,각주항목(09.06월 이후)
8814,201912,0012390,노무라금융투자주식회사,A3,채무보증_채무인수약정,0,국내증권사,B,SF205,각주항목(09.06월 이후)
8815,201912,0012390,노무라금융투자주식회사,A5,채무보증_매입확약,0,국내증권사,B,SF205,각주항목(09.06월 이후)
8816,201912,0012390,노무라금융투자주식회사,A6,채무보증_기타,0,국내증권사,B,SF205,각주항목(09.06월 이후)
8817,201912,0012390,노무라금융투자주식회사,B,투자자의 예수증권 등,342795333521,국내증권사,B,SF205,각주항목(09.06월 이후)
8818,201912,0012390,노무라금융투자주식회사,B1,투자자의 예수증권 등_예수 증권,308095594220,국내증권사,B,SF205,각주항목(09.06월 이후)
8819,201912,0012390,노무라금융투자주식회사,B2,투자자의 예수증권 등_예수양도성예금증서,0,국내증권사,B,SF205,각주항목(09.06월 이후)
8820,201912,0012390,노무라금융투자주식회사,B3,투자자의 예수증권 등_기타,34699739301,국내증권사,B,SF205,각주항목(09.06월 이후)
8821,201912,0012390,노무라금융투자주식회사,C,파생상품계약,374474871255399,국내증권사,B,SF205,각주항목(09.06월 이후)
8822,201912,0012390,노무라금융투자주식회사,C1,파생상품계약_장내파생상품,693380552146,국내증권사,B,SF205,각주항목(09.06월 이후)
8823,201912,0012390,노무라금융투자주식회사,C11,파생상품계약_장내파생상품_이자율관련거래,693380552146,국내증권사,B,SF205,각주항목(09.06월 이후)
8824,201912,0012390,노무라금융투자주식회사,C12,파생상품계약_장내파생상품_통화관련거래,0,국내증권사,B,SF205,각주항목(09.06월 이후)
8825,201912,0012390,노무라금융투자주식회사,C13,파생상품계약_장내파생상품_주식관련거래,0,국내증권사,B,SF205,각주항목(09.06월 이후)
8826,201912,0012390,노무라금융투자주식회사,C14,파생상품계약_장내파생상품_일반상품관련거래,0,국내증권사,B,SF205,각주항목(09.06월 이후)
8827,201912,0012390,노무라금융투자주식회사,C15,파생상품계약_장내파생상품_기타,0,국내증권사,B,SF205,각주항목(09.06월 이후)
8828,201912,0012390,노무라금융투자주식회사,C2,파생상품계약_장외파생상품,373781490703253,국내증권사,B,SF205,각주항목(09.06월 이후)
8829,201912,0012390,노무라금융투자주식회사,C21,파생상품계약_장외파생상품_이자율관련거래,279906591162341,국내증권사,B,SF205,각주항목(09.06월 이후)
8830,201912,0012390,노무라금융투자주식회사,C22,파생상품계약_장외파생상품_통화관련거래,84700123489629,국내증권사,B,SF205,각주항목(09.06월 이후)
8831,201912,0012390,노무라금융투자주식회사,C23,파생상품계약_장외파생상품_주식관련거래,4812351109026,국내증권사,B,SF205,각주항목(09.06월 이후)
8832,201912,0012390,노무라금융투자주식회사,C24,파생상품계약_장외파생상품_신용관련거래,4362424942257,국내증권사,B,SF205,각주항목(09.06월 이후)
8833,201912,0012390,노무라금융투자주식회사,C25,파생상품계약_장외파생상품_기타,0,국내증권사,B,SF205,각주항목(09.06월 이후)
8834,201912,0012390,노무라금융투자주식회사,D,대차 및 대주거래,1594035334873,국내증권사,B,SF205,각주항목(09.06월 이후)
8835,201912,0012390,노무라금융투자주식회사,D1,대차 및 대주거래_대여증권,0,국내증권사,B,SF205,각주항목(09.06월 이후)
8836,201912,0012390,노무라금융투자주식회사,D2,대차 및 대주거래_차입증권,1594035334873,국내증권사,B,SF205,각주항목(09.06월 이후)
8837,201912,0012390,노무라금융투자주식회사,D3,대차 및 대주거래_신용거래대주,0,국내증권사,B,SF205,각주항목(09.06월 이후)
8838,201912,0012390,노무라금융투자주식회사,E,대손상각채권,0,국내증권사,B,SF205,각주항목(09.06월 이후)
8839,201912,0012390,노무라금융투자주식회사,F,환전업무 예치금,0,국내증권사,B,SF205,각주항목(09.06월 이후)
8840,201912,0012390,노무라금융투자주식회사,G,미배당별도예치금,0,국내증권사,B,SF205,각주항목(09.06월 이후)
8841,201912,0012390,노무라금융투자주식회사,H,배서어음매출(종금계정),0,국내증권사,B,SF205,각주항목(09.06월 이후)
8842,201912,0012390,노무라금융투자주식회사,H1,대출채권매매이익_담보부,0,국내증권사,B,SF205,각주항목(09.06월 이후)
8843,201912,0012390,노무라금융투자주식회사,H2,대출채권매매이익_무담보부,0,국내증권사,B,SF205,각주항목(09.06월 이후)
8844,202003,0012390,노무라금융투자주식회사,A,채무보증,0,국내증권사,B,SF205,각주항목(09.06월 이후)
8845,202003,0012390,노무라금융투자주식회사,A1,채무보증_지급보증,0,국내증권사,B,SF205,각주항목(09.06월 이후)
8846,202003,0012390,노무라금융투자주식회사,A2,채무보증_매입보장약정,0,국내증권사,B,SF205,각주항목(09.06월 이후)
8847,202003,0012390,노무라금융투자주식회사,A3,채무보증_채무인수약정,0,국내증권사,B,SF205,각주항목(09.06월 이후)
8848,202003,0012390,노무라금융투자주식회사,A5,채무보증_매입확약,0,국내증권사,B,SF205,각주항목(09.06월 이후)
8849,202003,0012390,노무라금융투자주식회사,A6,채무보증_기타,0,국내증권사,B,SF205,각주항목(09.06월 이후)
8850,202003,0012390,노무라금융투자주식회사,B,투자자의 예수증권 등,312805027064,국내증권사,B,SF205,각주항목(09.06월 이후)
8851,202003,0012390,노무라금융투자주식회사,B1,투자자의 예수증권 등_예수 증권,210108286730,국내증권사,B,SF205,각주항목(09.06월 이후)
8852,202003,0012390,노무라금융투자주식회사,B2,투자자의 예수증권 등_예수양도성예금증서, ,국내증권사,B,SF205,각주항목(09.06월 이후)
8853,202003,0012390,노무라금융투자주식회사,B3,투자자의 예수증권 등_기타,102696740334,국내증권사,B,SF205,각주항목(09.06월 이후)
8854,202003,0012390,노무라금융투자주식회사,C,파생상품계약,378977223489631,국내증권사,B,SF205,각주항목(09.06월 이후)
8855,202003,0012390,노무라금융투자주식회사,C1,파생상품계약_장내파생상품,498415212268,국내증권사,B,SF205,각주항목(09.06월 이후)
8856,202003,0012390,노무라금융투자주식회사,C11,파생상품계약_장내파생상품_이자율관련거래,498415212268,국내증권사,B,SF205,각주항목(09.06월 이후)
8857,202003,0012390,노무라금융투자주식회사,C12,파생상품계약_장내파생상품_통화관련거래,0,국내증권사,B,SF205,각주항목(09.06월 이후)
8858,202003,0012390,노무라금융투자주식회사,C13,파생상품계약_장내파생상품_주식관련거래,0,국내증권사,B,SF205,각주항목(09.06월 이후)
8859,202003,0012390,노무라금융투자주식회사,C14,파생상품계약_장내파생상품_일반상품관련거래,0,국내증권사,B,SF205,각주항목(09.06월 이후)
8860,202003,0012390,노무라금융투자주식회사,C15,파생상품계약_장내파생상품_기타,0,국내증권사,B,SF205,각주항목(09.06월 이후)
8861,202003,0012390,노무라금융투자주식회사,C2,파생상품계약_장외파생상품,378478808277363,국내증권사,B,SF205,각주항목(09.06월 이후)
8862,202003,0012390,노무라금융투자주식회사,C21,파생상품계약_장외파생상품_이자율관련거래,290126550769639,국내증권사,B,SF205,각주항목(09.06월 이후)
8863,202003,0012390,노무라금융투자주식회사,C22,파생상품계약_장외파생상품_통화관련거래,79474758736137,국내증권사,B,SF205,각주항목(09.06월 이후)
8864,202003,0012390,노무라금융투자주식회사,C23,파생상품계약_장외파생상품_주식관련거래,4681004095154,국내증권사,B,SF205,각주항목(09.06월 이후)
8865,202003,0012390,노무라금융투자주식회사,C24,파생상품계약_장외파생상품_신용관련거래,4196494676433,국내증권사,B,SF205,각주항목(09.06월 이후)
8866,202003,0012390,노무라금융투자주식회사,C25,파생상품계약_장외파생상품_기타,0,국내증권사,B,SF205,각주항목(09.06월 이후)
8867,202003,0012390,노무라금융투자주식회사,D,대차 및 대주거래,2130332443183,국내증권사,B,SF205,각주항목(09.06월 이후)
8868,202003,0012390,노무라금융투자주식회사,D1,대차 및 대주거래_대여증권,0,국내증권사,B,SF205,각주항목(09.06월 이후)
8869,202003,0012390,노무라금융투자주식회사,D2,대차 및 대주거래_차입증권,2130332443183,국내증권사,B,SF205,각주항목(09.06월 이후)
8870,202003,0012390,노무라금융투자주식회사,D3,대차 및 대주거래_신용거래대주,0,국내증권사,B,SF205,각주항목(09.06월 이후)
8871,202003,0012390,노무라금융투자주식회사,E,대손상각채권,0,국내증권사,B,SF205,각주항목(09.06월 이후)
8872,202003,0012390,노무라금융투자주식회사,F,환전업무 예치금,0,국내증권사,B,SF205,각주항목(09.06월 이후)
8873,202003,0012390,노무라금융투자주식회사,G,미배당별도예치금,0,국내증권사,B,SF205,각주항목(09.06월 이후)
8874,202003,0012390,노무라금융투자주식회사,H,배서어음매출(종금계정),0,국내증권사,B,SF205,각주항목(09.06월 이후)
8875,202003,0012390,노무라금융투자주식회사,H1,대출채권매매이익_담보부,0,국내증권사,B,SF205,각주항목(09.06월 이후)
8876,202003,0012390,노무라금융투자주식회사,H2,대출채권매매이익_무담보부,0,국내증권사,B,SF205,각주항목(09.06월 이후)
8877,202006,0012390,노무라금융투자주식회사,A,채무보증,0,국내증권사,B,SF205,각주항목(09.06월 이후)
8878,202006,0012390,노무라금융투자주식회사,A1,채무보증_지급보증,0,국내증권사,B,SF205,각주항목(09.06월 이후)
8879,202006,0012390,노무라금융투자주식회사,A2,채무보증_매입보장약정,0,국내증권사,B,SF205,각주항목(09.06월 이후)
8880,202006,0012390,노무라금융투자주식회사,A3,채무보증_채무인수약정,0,국내증권사,B,SF205,각주항목(09.06월 이후)
8881,202006,0012390,노무라금융투자주식회사,A5,채무보증_매입확약,0,국내증권사,B,SF205,각주항목(09.06월 이후)
8882,202006,0012390,노무라금융투자주식회사,A6,채무보증_기타,0,국내증권사,B,SF205,각주항목(09.06월 이후)
8883,202006,0012390,노무라금융투자주식회사,B,투자자의 예수증권 등,259316170204,국내증권사,B,SF205,각주항목(09.06월 이후)
8884,202006,0012390,노무라금융투자주식회사,B1,투자자의 예수증권 등_예수 증권,226928767500,국내증권사,B,SF205,각주항목(09.06월 이후)
8885,202006,0012390,노무라금융투자주식회사,B2,투자자의 예수증권 등_예수양도성예금증서,0,국내증권사,B,SF205,각주항목(09.06월 이후)
8886,202006,0012390,노무라금융투자주식회사,B3,투자자의 예수증권 등_기타,32387402704,국내증권사,B,SF205,각주항목(09.06월 이후)
8887,202006,0012390,노무라금융투자주식회사,C,파생상품계약,360718600535591,국내증권사,B,SF205,각주항목(09.06월 이후)
8888,202006,0012390,노무라금융투자주식회사,C1,파생상품계약_장내파생상품,463856998676,국내증권사,B,SF205,각주항목(09.06월 이후)
8889,202006,0012390,노무라금융투자주식회사,C11,파생상품계약_장내파생상품_이자율관련거래,463856998676,국내증권사,B,SF205,각주항목(09.06월 이후)
8890,202006,0012390,노무라금융투자주식회사,C12,파생상품계약_장내파생상품_통화관련거래,0,국내증권사,B,SF205,각주항목(09.06월 이후)
8891,202006,0012390,노무라금융투자주식회사,C13,파생상품계약_장내파생상품_주식관련거래,0,국내증권사,B,SF205,각주항목(09.06월 이후)
8892,202006,0012390,노무라금융투자주식회사,C14,파생상품계약_장내파생상품_일반상품관련거래,0,국내증권사,B,SF205,각주항목(09.06월 이후)
8893,202006,0012390,노무라금융투자주식회사,C15,파생상품계약_장내파생상품_기타,0,국내증권사,B,SF205,각주항목(09.06월 이후)
8894,202006,0012390,노무라금융투자주식회사,C2,파생상품계약_장외파생상품,360254743536915,국내증권사,B,SF205,각주항목(09.06월 이후)
8895,202006,0012390,노무라금융투자주식회사,C21,파생상품계약_장외파생상품_이자율관련거래,266935515172369,국내증권사,B,SF205,각주항목(09.06월 이후)
8896,202006,0012390,노무라금융투자주식회사,C22,파생상품계약_장외파생상품_통화관련거래,84787509121211,국내증권사,B,SF205,각주항목(09.06월 이후)
8897,202006,0012390,노무라금융투자주식회사,C23,파생상품계약_장외파생상품_주식관련거래,4395793858726,국내증권사,B,SF205,각주항목(09.06월 이후)
8898,202006,0012390,노무라금융투자주식회사,C24,파생상품계약_장외파생상품_신용관련거래,4135925384609,국내증권사,B,SF205,각주항목(09.06월 이후)
8899,202006,0012390,노무라금융투자주식회사,C25,파생상품계약_장외파생상품_기타,0,국내증권사,B,SF205,각주항목(09.06월 이후)
8900,202006,0012390,노무라금융투자주식회사,D,대차 및 대주거래,2314656655609,국내증권사,B,SF205,각주항목(09.06월 이후)
8901,202006,0012390,노무라금융투자주식회사,D1,대차 및 대주거래_대여증권,0,국내증권사,B,SF205,각주항목(09.06월 이후)
8902,202006,0012390,노무라금융투자주식회사,D2,대차 및 대주거래_차입증권,2314656655609,국내증권사,B,SF205,각주항목(09.06월 이후)
8903,202006,0012390,노무라금융투자주식회사,D3,대차 및 대주거래_신용거래대주,0,국내증권사,B,SF205,각주항목(09.06월 이후)
8904,202006,0012390,노무라금융투자주식회사,E,대손상각채권,0,국내증권사,B,SF205,각주항목(09.06월 이후)
8905,202006,0012390,노무라금융투자주식회사,F,환전업무 예치금,0,국내증권사,B,SF205,각주항목(09.06월 이후)
8906,202006,0012390,노무라금융투자주식회사,G,미배당별도예치금,0,국내증권사,B,SF205,각주항목(09.06월 이후)
8907,202006,0012390,노무라금융투자주식회사,H,배서어음매출(종금계정),0,국내증권사,B,SF205,각주항목(09.06월 이후)
8908,202006,0012390,노무라금융투자주식회사,H1,대출채권매매이익_담보부,0,국내증권사,B,SF205,각주항목(09.06월 이후)
8909,202006,0012390,노무라금융투자주식회사,H2,대출채권매매이익_무담보부,0,국내증권사,B,SF205,각주항목(09.06월 이후)
8910,202009,0012390,노무라금융투자주식회사,A,채무보증,0,국내증권사,B,SF205,각주항목(09.06월 이후)
8911,202009,0012390,노무라금융투자주식회사,A1,채무보증_지급보증,0,국내증권사,B,SF205,각주항목(09.06월 이후)
8912,202009,0012390,노무라금융투자주식회사,A2,채무보증_매입보장약정,0,국내증권사,B,SF205,각주항목(09.06월 이후)
8913,202009,0012390,노무라금융투자주식회사,A3,채무보증_채무인수약정,0,국내증권사,B,SF205,각주항목(09.06월 이후)
8914,202009,0012390,노무라금융투자주식회사,A5,채무보증_매입확약,0,국내증권사,B,SF205,각주항목(09.06월 이후)
8915,202009,0012390,노무라금융투자주식회사,A6,채무보증_기타,0,국내증권사,B,SF205,각주항목(09.06월 이후)
8916,202009,0012390,노무라금융투자주식회사,B,투자자의 예수증권 등,333522965044,국내증권사,B,SF205,각주항목(09.06월 이후)
8917,202009,0012390,노무라금융투자주식회사,B1,투자자의 예수증권 등_예수 증권,298755999390,국내증권사,B,SF205,각주항목(09.06월 이후)
8918,202009,0012390,노무라금융투자주식회사,B2,투자자의 예수증권 등_예수양도성예금증서,0,국내증권사,B,SF205,각주항목(09.06월 이후)
8919,202009,0012390,노무라금융투자주식회사,B3,투자자의 예수증권 등_기타,34766965654,국내증권사,B,SF205,각주항목(09.06월 이후)
8920,202009,0012390,노무라금융투자주식회사,C,파생상품계약,330904901067634,국내증권사,B,SF205,각주항목(09.06월 이후)
8921,202009,0012390,노무라금융투자주식회사,C1,파생상품계약_장내파생상품,311645728222,국내증권사,B,SF205,각주항목(09.06월 이후)
8922,202009,0012390,노무라금융투자주식회사,C11,파생상품계약_장내파생상품_이자율관련거래,311645728222,국내증권사,B,SF205,각주항목(09.06월 이후)
8923,202009,0012390,노무라금융투자주식회사,C12,파생상품계약_장내파생상품_통화관련거래,0,국내증권사,B,SF205,각주항목(09.06월 이후)
8924,202009,0012390,노무라금융투자주식회사,C13,파생상품계약_장내파생상품_주식관련거래,0,국내증권사,B,SF205,각주항목(09.06월 이후)
8925,202009,0012390,노무라금융투자주식회사,C14,파생상품계약_장내파생상품_일반상품관련거래,0,국내증권사,B,SF205,각주항목(09.06월 이후)
8926,202009,0012390,노무라금융투자주식회사,C15,파생상품계약_장내파생상품_기타,0,국내증권사,B,SF205,각주항목(09.06월 이후)
8927,202009,0012390,노무라금융투자주식회사,C2,파생상품계약_장외파생상품,330593255339412,국내증권사,B,SF205,각주항목(09.06월 이후)
8928,202009,0012390,노무라금융투자주식회사,C21,파생상품계약_장외파생상품_이자율관련거래,242991135198078,국내증권사,B,SF205,각주항목(09.06월 이후)
8929,202009,0012390,노무라금융투자주식회사,C22,파생상품계약_장외파생상품_통화관련거래,79813807392831,국내증권사,B,SF205,각주항목(09.06월 이후)
8930,202009,0012390,노무라금융투자주식회사,C23,파생상품계약_장외파생상품_주식관련거래,3805036374240,국내증권사,B,SF205,각주항목(09.06월 이후)
8931,202009,0012390,노무라금융투자주식회사,C24,파생상품계약_장외파생상품_신용관련거래,3983276374263,국내증권사,B,SF205,각주항목(09.06월 이후)
8932,202009,0012390,노무라금융투자주식회사,C25,파생상품계약_장외파생상품_기타,0,국내증권사,B,SF205,각주항목(09.06월 이후)
8933,202009,0012390,노무라금융투자주식회사,D,대차 및 대주거래,2974587257237,국내증권사,B,SF205,각주항목(09.06월 이후)
8934,202009,0012390,노무라금융투자주식회사,D1,대차 및 대주거래_대여증권,0,국내증권사,B,SF205,각주항목(09.06월 이후)
8935,202009,0012390,노무라금융투자주식회사,D2,대차 및 대주거래_차입증권,2974587257237,국내증권사,B,SF205,각주항목(09.06월 이후)
8936,202009,0012390,노무라금융투자주식회사,D3,대차 및 대주거래_신용거래대주,0,국내증권사,B,SF205,각주항목(09.06월 이후)
8937,202009,0012390,노무라금융투자주식회사,E,대손상각채권,0,국내증권사,B,SF205,각주항목(09.06월 이후)
8938,202009,0012390,노무라금융투자주식회사,F,환전업무 예치금,0,국내증권사,B,SF205,각주항목(09.06월 이후)
8939,202009,0012390,노무라금융투자주식회사,G,미배당별도예치금,0,국내증권사,B,SF205,각주항목(09.06월 이후)
8940,202009,0012390,노무라금융투자주식회사,H,배서어음매출(종금계정),0,국내증권사,B,SF205,각주항목(09.06월 이후)
8941,202009,0012390,노무라금융투자주식회사,H1,대출채권매매이익_담보부,0,국내증권사,B,SF205,각주항목(09.06월 이후)
8942,202009,0012390,노무라금융투자주식회사,H2,대출채권매매이익_무담보부,0,국내증권사,B,SF205,각주항목(09.06월 이후)
8943,202012,0012390,노무라금융투자주식회사,A,채무보증,0,국내증권사,B,SF205,각주항목(09.06월 이후)
8944,202012,0012390,노무라금융투자주식회사,A1,채무보증_지급보증,0,국내증권사,B,SF205,각주항목(09.06월 이후)
8945,202012,0012390,노무라금융투자주식회사,A2,채무보증_매입보장약정,0,국내증권사,B,SF205,각주항목(09.06월 이후)
8946,202012,0012390,노무라금융투자주식회사,A3,채무보증_채무인수약정,0,국내증권사,B,SF205,각주항목(09.06월 이후)
8947,202012,0012390,노무라금융투자주식회사,A5,채무보증_매입확약,0,국내증권사,B,SF205,각주항목(09.06월 이후)
8948,202012,0012390,노무라금융투자주식회사,A6,채무보증_기타,0,국내증권사,B,SF205,각주항목(09.06월 이후)
8949,202012,0012390,노무라금융투자주식회사,B,투자자의 예수증권 등,524401172742,국내증권사,B,SF205,각주항목(09.06월 이후)
8950,202012,0012390,노무라금융투자주식회사,B1,투자자의 예수증권 등_예수 증권,471810154420,국내증권사,B,SF205,각주항목(09.06월 이후)
8951,202012,0012390,노무라금융투자주식회사,B2,투자자의 예수증권 등_예수양도성예금증서,0,국내증권사,B,SF205,각주항목(09.06월 이후)
8952,202012,0012390,노무라금융투자주식회사,B3,투자자의 예수증권 등_기타,52591018322,국내증권사,B,SF205,각주항목(09.06월 이후)
8953,202012,0012390,노무라금융투자주식회사,C,파생상품계약,316719059978374,국내증권사,B,SF205,각주항목(09.06월 이후)
8954,202012,0012390,노무라금융투자주식회사,C1,파생상품계약_장내파생상품,353850329533,국내증권사,B,SF205,각주항목(09.06월 이후)
8955,202012,0012390,노무라금융투자주식회사,C11,파생상품계약_장내파생상품_이자율관련거래,353850329533,국내증권사,B,SF205,각주항목(09.06월 이후)
8956,202012,0012390,노무라금융투자주식회사,C12,파생상품계약_장내파생상품_통화관련거래,0,국내증권사,B,SF205,각주항목(09.06월 이후)
8957,202012,0012390,노무라금융투자주식회사,C13,파생상품계약_장내파생상품_주식관련거래,0,국내증권사,B,SF205,각주항목(09.06월 이후)
8958,202012,0012390,노무라금융투자주식회사,C14,파생상품계약_장내파생상품_일반상품관련거래,0,국내증권사,B,SF205,각주항목(09.06월 이후)
8959,202012,0012390,노무라금융투자주식회사,C15,파생상품계약_장내파생상품_기타,0,국내증권사,B,SF205,각주항목(09.06월 이후)
8960,202012,0012390,노무라금융투자주식회사,C2,파생상품계약_장외파생상품,316365209648841,국내증권사,B,SF205,각주항목(09.06월 이후)
8961,202012,0012390,노무라금융투자주식회사,C21,파생상품계약_장외파생상품_이자율관련거래,236303855049075,국내증권사,B,SF205,각주항목(09.06월 이후)
8962,202012,0012390,노무라금융투자주식회사,C22,파생상품계약_장외파생상품_통화관련거래,72755696688809,국내증권사,B,SF205,각주항목(09.06월 이후)
8963,202012,0012390,노무라금융투자주식회사,C23,파생상품계약_장외파생상품_주식관련거래,3805630484248,국내증권사,B,SF205,각주항목(09.06월 이후)
8964,202012,0012390,노무라금융투자주식회사,C24,파생상품계약_장외파생상품_신용관련거래,3500027426709,국내증권사,B,SF205,각주항목(09.06월 이후)
8965,202012,0012390,노무라금융투자주식회사,C25,파생상품계약_장외파생상품_기타,0,국내증권사,B,SF205,각주항목(09.06월 이후)
8966,202012,0012390,노무라금융투자주식회사,D,대차 및 대주거래,3428148478390,국내증권사,B,SF205,각주항목(09.06월 이후)
8967,202012,0012390,노무라금융투자주식회사,D1,대차 및 대주거래_대여증권,0,국내증권사,B,SF205,각주항목(09.06월 이후)
8968,202012,0012390,노무라금융투자주식회사,D2,대차 및 대주거래_차입증권,3428148478390,국내증권사,B,SF205,각주항목(09.06월 이후)
8969,202012,0012390,노무라금융투자주식회사,D3,대차 및 대주거래_신용거래대주,0,국내증권사,B,SF205,각주항목(09.06월 이후)
8970,202012,0012390,노무라금융투자주식회사,E,대손상각채권,0,국내증권사,B,SF205,각주항목(09.06월 이후)
8971,202012,0012390,노무라금융투자주식회사,F,환전업무 예치금,0,국내증권사,B,SF205,각주항목(09.06월 이후)
8972,202012,0012390,노무라금융투자주식회사,G,미배당별도예치금,0,국내증권사,B,SF205,각주항목(09.06월 이후)
8973,202012,0012390,노무라금융투자주식회사,H,배서어음매출(종금계정),0,국내증권사,B,SF205,각주항목(09.06월 이후)
8974,202012,0012390,노무라금융투자주식회사,H1,대출채권매매이익_담보부,0,국내증권사,B,SF205,각주항목(09.06월 이후)
8975,202012,0012390,노무라금융투자주식회사,H2,대출채권매매이익_무담보부,0,국내증권사,B,SF205,각주항목(09.06월 이후)
8976,202103,0012390,노무라금융투자주식회사,A,채무보증,0,국내증권사,B,SF205,각주항목(09.06월 이후)
8977,202103,0012390,노무라금융투자주식회사,A1,채무보증_지급보증,0,국내증권사,B,SF205,각주항목(09.06월 이후)
8978,202103,0012390,노무라금융투자주식회사,A2,채무보증_매입보장약정, ,국내증권사,B,SF205,각주항목(09.06월 이후)
8979,202103,0012390,노무라금융투자주식회사,A3,채무보증_채무인수약정, ,국내증권사,B,SF205,각주항목(09.06월 이후)
8980,202103,0012390,노무라금융투자주식회사,A5,채무보증_매입확약,0,국내증권사,B,SF205,각주항목(09.06월 이후)
8981,202103,0012390,노무라금융투자주식회사,A6,채무보증_기타, ,국내증권사,B,SF205,각주항목(09.06월 이후)
8982,202103,0012390,노무라금융투자주식회사,B,투자자의 예수증권 등,555596420238,국내증권사,B,SF205,각주항목(09.06월 이후)
8983,202103,0012390,노무라금융투자주식회사,B1,투자자의 예수증권 등_예수 증권,392354956100,국내증권사,B,SF205,각주항목(09.06월 이후)
8984,202103,0012390,노무라금융투자주식회사,B2,투자자의 예수증권 등_예수양도성예금증서, ,국내증권사,B,SF205,각주항목(09.06월 이후)
8985,202103,0012390,노무라금융투자주식회사,B3,투자자의 예수증권 등_기타,163241464138,국내증권사,B,SF205,각주항목(09.06월 이후)
8986,202103,0012390,노무라금융투자주식회사,C,파생상품계약,343915936148276,국내증권사,B,SF205,각주항목(09.06월 이후)
8987,202103,0012390,노무라금융투자주식회사,C1,파생상품계약_장내파생상품,257571046666,국내증권사,B,SF205,각주항목(09.06월 이후)
8988,202103,0012390,노무라금융투자주식회사,C11,파생상품계약_장내파생상품_이자율관련거래,257571046666,국내증권사,B,SF205,각주항목(09.06월 이후)
8989,202103,0012390,노무라금융투자주식회사,C12,파생상품계약_장내파생상품_통화관련거래,0,국내증권사,B,SF205,각주항목(09.06월 이후)
8990,202103,0012390,노무라금융투자주식회사,C13,파생상품계약_장내파생상품_주식관련거래,0,국내증권사,B,SF205,각주항목(09.06월 이후)
8991,202103,0012390,노무라금융투자주식회사,C14,파생상품계약_장내파생상품_일반상품관련거래,0,국내증권사,B,SF205,각주항목(09.06월 이후)
8992,202103,0012390,노무라금융투자주식회사,C15,파생상품계약_장내파생상품_기타,0,국내증권사,B,SF205,각주항목(09.06월 이후)
8993,202103,0012390,노무라금융투자주식회사,C2,파생상품계약_장외파생상품,343658365101610,국내증권사,B,SF205,각주항목(09.06월 이후)
8994,202103,0012390,노무라금융투자주식회사,C21,파생상품계약_장외파생상품_이자율관련거래,254986487066903,국내증권사,B,SF205,각주항목(09.06월 이후)
8995,202103,0012390,노무라금융투자주식회사,C22,파생상품계약_장외파생상품_통화관련거래,80865100811582,국내증권사,B,SF205,각주항목(09.06월 이후)
8996,202103,0012390,노무라금융투자주식회사,C23,파생상품계약_장외파생상품_주식관련거래,4185361290928,국내증권사,B,SF205,각주항목(09.06월 이후)
8997,202103,0012390,노무라금융투자주식회사,C24,파생상품계약_장외파생상품_신용관련거래,3621415932197,국내증권사,B,SF205,각주항목(09.06월 이후)
8998,202103,0012390,노무라금융투자주식회사,C25,파생상품계약_장외파생상품_기타,0,국내증권사,B,SF205,각주항목(09.06월 이후)
8999,202103,0012390,노무라금융투자주식회사,D,대차 및 대주거래,3715161001963,국내증권사,B,SF205,각주항목(09.06월 이후)
9000,202103,0012390,노무라금융투자주식회사,D1,대차 및 대주거래_대여증권,0,국내증권사,B,SF205,각주항목(09.06월 이후)
9001,202103,0012390,노무라금융투자주식회사,D2,대차 및 대주거래_차입증권,3715161001963,국내증권사,B,SF205,각주항목(09.06월 이후)
9002,202103,0012390,노무라금융투자주식회사,D3,대차 및 대주거래_신용거래대주, ,국내증권사,B,SF205,각주항목(09.06월 이후)
9003,202103,0012390,노무라금융투자주식회사,E,대손상각채권, ,국내증권사,B,SF205,각주항목(09.06월 이후)
9004,202103,0012390,노무라금융투자주식회사,F,환전업무 예치금,0,국내증권사,B,SF205,각주항목(09.06월 이후)
9005,202103,0012390,노무라금융투자주식회사,G,미배당별도예치금, ,국내증권사,B,SF205,각주항목(09.06월 이후)
9006,202103,0012390,노무라금융투자주식회사,H,배서어음매출(종금계정),0,국내증권사,B,SF205,각주항목(09.06월 이후)
9007,202103,0012390,노무라금융투자주식회사,H1,대출채권매매이익_담보부, ,국내증권사,B,SF205,각주항목(09.06월 이후)
9008,202103,0012390,노무라금융투자주식회사,H2,대출채권매매이익_무담보부, ,국내증권사,B,SF205,각주항목(09.06월 이후)
9009,202106,0012390,노무라금융투자주식회사,A,채무보증,0,국내증권사,B,SF205,각주항목(09.06월 이후)
9010,202106,0012390,노무라금융투자주식회사,A1,채무보증_지급보증,0,국내증권사,B,SF205,각주항목(09.06월 이후)
9011,202106,0012390,노무라금융투자주식회사,A2,채무보증_매입보장약정,0,국내증권사,B,SF205,각주항목(09.06월 이후)
9012,202106,0012390,노무라금융투자주식회사,A3,채무보증_채무인수약정,0,국내증권사,B,SF205,각주항목(09.06월 이후)
9013,202106,0012390,노무라금융투자주식회사,A5,채무보증_매입확약,0,국내증권사,B,SF205,각주항목(09.06월 이후)
9014,202106,0012390,노무라금융투자주식회사,A6,채무보증_기타,0,국내증권사,B,SF205,각주항목(09.06월 이후)
9015,202106,0012390,노무라금융투자주식회사,B,투자자의 예수증권 등,583650546344,국내증권사,B,SF205,각주항목(09.06월 이후)
9016,202106,0012390,노무라금융투자주식회사,B1,투자자의 예수증권 등_예수 증권,433246029900,국내증권사,B,SF205,각주항목(09.06월 이후)
9017,202106,0012390,노무라금융투자주식회사,B2,투자자의 예수증권 등_예수양도성예금증서,0,국내증권사,B,SF205,각주항목(09.06월 이후)
9018,202106,0012390,노무라금융투자주식회사,B3,투자자의 예수증권 등_기타,150404516444,국내증권사,B,SF205,각주항목(09.06월 이후)
9019,202106,0012390,노무라금융투자주식회사,C,파생상품계약,389294738879207,국내증권사,B,SF205,각주항목(09.06월 이후)
9020,202106,0012390,노무라금융투자주식회사,C1,파생상품계약_장내파생상품,482980332957,국내증권사,B,SF205,각주항목(09.06월 이후)
9021,202106,0012390,노무라금융투자주식회사,C11,파생상품계약_장내파생상품_이자율관련거래,482980332957,국내증권사,B,SF205,각주항목(09.06월 이후)
9022,202106,0012390,노무라금융투자주식회사,C12,파생상품계약_장내파생상품_통화관련거래,0,국내증권사,B,SF205,각주항목(09.06월 이후)
9023,202106,0012390,노무라금융투자주식회사,C13,파생상품계약_장내파생상품_주식관련거래,0,국내증권사,B,SF205,각주항목(09.06월 이후)
9024,202106,0012390,노무라금융투자주식회사,C14,파생상품계약_장내파생상품_일반상품관련거래,0,국내증권사,B,SF205,각주항목(09.06월 이후)
9025,202106,0012390,노무라금융투자주식회사,C15,파생상품계약_장내파생상품_기타,0,국내증권사,B,SF205,각주항목(09.06월 이후)
9026,202106,0012390,노무라금융투자주식회사,C2,파생상품계약_장외파생상품,388811758546250,국내증권사,B,SF205,각주항목(09.06월 이후)
9027,202106,0012390,노무라금융투자주식회사,C21,파생상품계약_장외파생상품_이자율관련거래,300645094326601,국내증권사,B,SF205,각주항목(09.06월 이후)
9028,202106,0012390,노무라금융투자주식회사,C22,파생상품계약_장외파생상품_통화관련거래,80949575524540,국내증권사,B,SF205,각주항목(09.06월 이후)
9029,202106,0012390,노무라금융투자주식회사,C23,파생상품계약_장외파생상품_주식관련거래,3652393435514,국내증권사,B,SF205,각주항목(09.06월 이후)
9030,202106,0012390,노무라금융투자주식회사,C24,파생상품계약_장외파생상품_신용관련거래,3564695259595,국내증권사,B,SF205,각주항목(09.06월 이후)
9031,202106,0012390,노무라금융투자주식회사,C25,파생상품계약_장외파생상품_기타,0,국내증권사,B,SF205,각주항목(09.06월 이후)
9032,202106,0012390,노무라금융투자주식회사,D,대차 및 대주거래,4066058090810,국내증권사,B,SF205,각주항목(09.06월 이후)
9033,202106,0012390,노무라금융투자주식회사,D1,대차 및 대주거래_대여증권,0,국내증권사,B,SF205,각주항목(09.06월 이후)
9034,202106,0012390,노무라금융투자주식회사,D2,대차 및 대주거래_차입증권,4066058090810,국내증권사,B,SF205,각주항목(09.06월 이후)
9035,202106,0012390,노무라금융투자주식회사,D3,대차 및 대주거래_신용거래대주,0,국내증권사,B,SF205,각주항목(09.06월 이후)
9036,202106,0012390,노무라금융투자주식회사,E,대손상각채권,0,국내증권사,B,SF205,각주항목(09.06월 이후)
9037,202106,0012390,노무라금융투자주식회사,F,환전업무 예치금,0,국내증권사,B,SF205,각주항목(09.06월 이후)
9038,202106,0012390,노무라금융투자주식회사,G,미배당별도예치금,0,국내증권사,B,SF205,각주항목(09.06월 이후)
9039,202106,0012390,노무라금융투자주식회사,H,배서어음매출(종금계정),0,국내증권사,B,SF205,각주항목(09.06월 이후)
9040,202106,0012390,노무라금융투자주식회사,H1,대출채권매매이익_담보부,0,국내증권사,B,SF205,각주항목(09.06월 이후)
9041,202106,0012390,노무라금융투자주식회사,H2,대출채권매매이익_무담보부,0,국내증권사,B,SF205,각주항목(09.06월 이후)
9042,202109,0012390,노무라금융투자주식회사,A,채무보증,0,국내증권사,B,SF205,각주항목(09.06월 이후)
9043,202109,0012390,노무라금융투자주식회사,A1,채무보증_지급보증,0,국내증권사,B,SF205,각주항목(09.06월 이후)
9044,202109,0012390,노무라금융투자주식회사,A2,채무보증_매입보장약정,0,국내증권사,B,SF205,각주항목(09.06월 이후)
9045,202109,0012390,노무라금융투자주식회사,A3,채무보증_채무인수약정,0,국내증권사,B,SF205,각주항목(09.06월 이후)
9046,202109,0012390,노무라금융투자주식회사,A5,채무보증_매입확약,0,국내증권사,B,SF205,각주항목(09.06월 이후)
9047,202109,0012390,노무라금융투자주식회사,A6,채무보증_기타,0,국내증권사,B,SF205,각주항목(09.06월 이후)
9048,202109,0012390,노무라금융투자주식회사,B,투자자의 예수증권 등,564444594899,국내증권사,B,SF205,각주항목(09.06월 이후)
9049,202109,0012390,노무라금융투자주식회사,B1,투자자의 예수증권 등_예수 증권,381082059230,국내증권사,B,SF205,각주항목(09.06월 이후)
9050,202109,0012390,노무라금융투자주식회사,B2,투자자의 예수증권 등_예수양도성예금증서,0,국내증권사,B,SF205,각주항목(09.06월 이후)
9051,202109,0012390,노무라금융투자주식회사,B3,투자자의 예수증권 등_기타,183362535669,국내증권사,B,SF205,각주항목(09.06월 이후)
9052,202109,0012390,노무라금융투자주식회사,C,파생상품계약,382376398021224,국내증권사,B,SF205,각주항목(09.06월 이후)
9053,202109,0012390,노무라금융투자주식회사,C1,파생상품계약_장내파생상품,188672233728,국내증권사,B,SF205,각주항목(09.06월 이후)
9054,202109,0012390,노무라금융투자주식회사,C11,파생상품계약_장내파생상품_이자율관련거래,188672233728,국내증권사,B,SF205,각주항목(09.06월 이후)
9055,202109,0012390,노무라금융투자주식회사,C12,파생상품계약_장내파생상품_통화관련거래,0,국내증권사,B,SF205,각주항목(09.06월 이후)
9056,202109,0012390,노무라금융투자주식회사,C13,파생상품계약_장내파생상품_주식관련거래,0,국내증권사,B,SF205,각주항목(09.06월 이후)
9057,202109,0012390,노무라금융투자주식회사,C14,파생상품계약_장내파생상품_일반상품관련거래,0,국내증권사,B,SF205,각주항목(09.06월 이후)
9058,202109,0012390,노무라금융투자주식회사,C15,파생상품계약_장내파생상품_기타,0,국내증권사,B,SF205,각주항목(09.06월 이후)
9059,202109,0012390,노무라금융투자주식회사,C2,파생상품계약_장외파생상품,382187725787496,국내증권사,B,SF205,각주항목(09.06월 이후)
9060,202109,0012390,노무라금융투자주식회사,C21,파생상품계약_장외파생상품_이자율관련거래,299680434352201,국내증권사,B,SF205,각주항목(09.06월 이후)
9061,202109,0012390,노무라금융투자주식회사,C22,파생상품계약_장외파생상품_통화관련거래,75161491704281,국내증권사,B,SF205,각주항목(09.06월 이후)
9062,202109,0012390,노무라금융투자주식회사,C23,파생상품계약_장외파생상품_주식관련거래,3287125174806,국내증권사,B,SF205,각주항목(09.06월 이후)
9063,202109,0012390,노무라금융투자주식회사,C24,파생상품계약_장외파생상품_신용관련거래,4058674556208,국내증권사,B,SF205,각주항목(09.06월 이후)
9064,202109,0012390,노무라금융투자주식회사,C25,파생상품계약_장외파생상품_기타,0,국내증권사,B,SF205,각주항목(09.06월 이후)
9065,202109,0012390,노무라금융투자주식회사,D,대차 및 대주거래,3683520033814,국내증권사,B,SF205,각주항목(09.06월 이후)
9066,202109,0012390,노무라금융투자주식회사,D1,대차 및 대주거래_대여증권,0,국내증권사,B,SF205,각주항목(09.06월 이후)
9067,202109,0012390,노무라금융투자주식회사,D2,대차 및 대주거래_차입증권,3683520033814,국내증권사,B,SF205,각주항목(09.06월 이후)
9068,202109,0012390,노무라금융투자주식회사,D3,대차 및 대주거래_신용거래대주,0,국내증권사,B,SF205,각주항목(09.06월 이후)
9069,202109,0012390,노무라금융투자주식회사,E,대손상각채권,0,국내증권사,B,SF205,각주항목(09.06월 이후)
9070,202109,0012390,노무라금융투자주식회사,F,환전업무 예치금,0,국내증권사,B,SF205,각주항목(09.06월 이후)
9071,202109,0012390,노무라금융투자주식회사,G,미배당별도예치금,0,국내증권사,B,SF205,각주항목(09.06월 이후)
9072,202109,0012390,노무라금융투자주식회사,H,배서어음매출(종금계정),0,국내증권사,B,SF205,각주항목(09.06월 이후)
9073,202109,0012390,노무라금융투자주식회사,H1,대출채권매매이익_담보부,0,국내증권사,B,SF205,각주항목(09.06월 이후)
9074,202109,0012390,노무라금융투자주식회사,H2,대출채권매매이익_무담보부,0,국내증권사,B,SF205,각주항목(09.06월 이후)
9075,202112,0012390,노무라금융투자주식회사,A,채무보증,0,국내증권사,B,SF205,각주항목(09.06월 이후)
9076,202112,0012390,노무라금융투자주식회사,A1,채무보증_지급보증,0,국내증권사,B,SF205,각주항목(09.06월 이후)
9077,202112,0012390,노무라금융투자주식회사,A2,채무보증_매입보장약정, ,국내증권사,B,SF205,각주항목(09.06월 이후)
9078,202112,0012390,노무라금융투자주식회사,A3,채무보증_채무인수약정, ,국내증권사,B,SF205,각주항목(09.06월 이후)
9079,202112,0012390,노무라금융투자주식회사,A5,채무보증_매입확약,0,국내증권사,B,SF205,각주항목(09.06월 이후)
9080,202112,0012390,노무라금융투자주식회사,A6,채무보증_기타, ,국내증권사,B,SF205,각주항목(09.06월 이후)
9081,202112,0012390,노무라금융투자주식회사,B,투자자의 예수증권 등,512156464126,국내증권사,B,SF205,각주항목(09.06월 이후)
9082,202112,0012390,노무라금융투자주식회사,B1,투자자의 예수증권 등_예수 증권,339601969350,국내증권사,B,SF205,각주항목(09.06월 이후)
9083,202112,0012390,노무라금융투자주식회사,B2,투자자의 예수증권 등_예수양도성예금증서,0,국내증권사,B,SF205,각주항목(09.06월 이후)
9084,202112,0012390,노무라금융투자주식회사,B3,투자자의 예수증권 등_기타,172554494776,국내증권사,B,SF205,각주항목(09.06월 이후)
9085,202112,0012390,노무라금융투자주식회사,C,파생상품계약,396401469717651,국내증권사,B,SF205,각주항목(09.06월 이후)
9086,202112,0012390,노무라금융투자주식회사,C1,파생상품계약_장내파생상품,701281613854,국내증권사,B,SF205,각주항목(09.06월 이후)
9087,202112,0012390,노무라금융투자주식회사,C11,파생상품계약_장내파생상품_이자율관련거래,677443711589,국내증권사,B,SF205,각주항목(09.06월 이후)
9088,202112,0012390,노무라금융투자주식회사,C12,파생상품계약_장내파생상품_통화관련거래,23837902265,국내증권사,B,SF205,각주항목(09.06월 이후)
9089,202112,0012390,노무라금융투자주식회사,C13,파생상품계약_장내파생상품_주식관련거래,0,국내증권사,B,SF205,각주항목(09.06월 이후)
9090,202112,0012390,노무라금융투자주식회사,C14,파생상품계약_장내파생상품_일반상품관련거래,0,국내증권사,B,SF205,각주항목(09.06월 이후)
9091,202112,0012390,노무라금융투자주식회사,C15,파생상품계약_장내파생상품_기타,0,국내증권사,B,SF205,각주항목(09.06월 이후)
9092,202112,0012390,노무라금융투자주식회사,C2,파생상품계약_장외파생상품,395700188103797,국내증권사,B,SF205,각주항목(09.06월 이후)
9093,202112,0012390,노무라금융투자주식회사,C21,파생상품계약_장외파생상품_이자율관련거래,311477168660362,국내증권사,B,SF205,각주항목(09.06월 이후)
9094,202112,0012390,노무라금융투자주식회사,C22,파생상품계약_장외파생상품_통화관련거래,77565552079473,국내증권사,B,SF205,각주항목(09.06월 이후)
9095,202112,0012390,노무라금융투자주식회사,C23,파생상품계약_장외파생상품_주식관련거래,2845405385414,국내증권사,B,SF205,각주항목(09.06월 이후)
9096,202112,0012390,노무라금융투자주식회사,C24,파생상품계약_장외파생상품_신용관련거래,3812061978548,국내증권사,B,SF205,각주항목(09.06월 이후)
9097,202112,0012390,노무라금융투자주식회사,C25,파생상품계약_장외파생상품_기타,0,국내증권사,B,SF205,각주항목(09.06월 이후)
9098,202112,0012390,노무라금융투자주식회사,D,대차 및 대주거래,3412182088807,국내증권사,B,SF205,각주항목(09.06월 이후)
9099,202112,0012390,노무라금융투자주식회사,D1,대차 및 대주거래_대여증권,0,국내증권사,B,SF205,각주항목(09.06월 이후)
9100,202112,0012390,노무라금융투자주식회사,D2,대차 및 대주거래_차입증권,3412182088807,국내증권사,B,SF205,각주항목(09.06월 이후)
9101,202112,0012390,노무라금융투자주식회사,D3,대차 및 대주거래_신용거래대주, ,국내증권사,B,SF205,각주항목(09.06월 이후)
9102,202112,0012390,노무라금융투자주식회사,E,대손상각채권, ,국내증권사,B,SF205,각주항목(09.06월 이후)
9103,202112,0012390,노무라금융투자주식회사,F,환전업무 예치금,0,국내증권사,B,SF205,각주항목(09.06월 이후)
9104,202112,0012390,노무라금융투자주식회사,G,미배당별도예치금, ,국내증권사,B,SF205,각주항목(09.06월 이후)
9105,202112,0012390,노무라금융투자주식회사,H,배서어음매출(종금계정),0,국내증권사,B,SF205,각주항목(09.06월 이후)
9106,202112,0012390,노무라금융투자주식회사,H1,대출채권매매이익_담보부, ,국내증권사,B,SF205,각주항목(09.06월 이후)
9107,202112,0012390,노무라금융투자주식회사,H2,대출채권매매이익_무담보부, ,국내증권사,B,SF205,각주항목(09.06월 이후)
9108,202203,0012390,노무라금융투자주식회사,A,채무보증,0,국내증권사,B,SF205,각주항목(09.06월 이후)
9109,202203,0012390,노무라금융투자주식회사,A1,채무보증_지급보증,0,국내증권사,B,SF205,각주항목(09.06월 이후)
9110,202203,0012390,노무라금융투자주식회사,A2,채무보증_매입보장약정, ,국내증권사,B,SF205,각주항목(09.06월 이후)
9111,202203,0012390,노무라금융투자주식회사,A3,채무보증_채무인수약정, ,국내증권사,B,SF205,각주항목(09.06월 이후)
9112,202203,0012390,노무라금융투자주식회사,A5,채무보증_매입확약,0,국내증권사,B,SF205,각주항목(09.06월 이후)
9113,202203,0012390,노무라금융투자주식회사,A6,채무보증_기타, ,국내증권사,B,SF205,각주항목(09.06월 이후)
9114,202203,0012390,노무라금융투자주식회사,B,투자자의 예수증권 등,419563076618,국내증권사,B,SF205,각주항목(09.06월 이후)
9115,202203,0012390,노무라금융투자주식회사,B1,투자자의 예수증권 등_예수 증권,272509935920,국내증권사,B,SF205,각주항목(09.06월 이후)
9116,202203,0012390,노무라금융투자주식회사,B2,투자자의 예수증권 등_예수양도성예금증서,0,국내증권사,B,SF205,각주항목(09.06월 이후)
9117,202203,0012390,노무라금융투자주식회사,B3,투자자의 예수증권 등_기타,147053140698,국내증권사,B,SF205,각주항목(09.06월 이후)
9118,202203,0012390,노무라금융투자주식회사,C,파생상품계약,464885825335804,국내증권사,B,SF205,각주항목(09.06월 이후)
9119,202203,0012390,노무라금융투자주식회사,C1,파생상품계약_장내파생상품,520615408616,국내증권사,B,SF205,각주항목(09.06월 이후)
9120,202203,0012390,노무라금융투자주식회사,C11,파생상품계약_장내파생상품_이자율관련거래,520615408616,국내증권사,B,SF205,각주항목(09.06월 이후)
9121,202203,0012390,노무라금융투자주식회사,C12,파생상품계약_장내파생상품_통화관련거래,0,국내증권사,B,SF205,각주항목(09.06월 이후)
9122,202203,0012390,노무라금융투자주식회사,C13,파생상품계약_장내파생상품_주식관련거래,0,국내증권사,B,SF205,각주항목(09.06월 이후)
9123,202203,0012390,노무라금융투자주식회사,C14,파생상품계약_장내파생상품_일반상품관련거래,0,국내증권사,B,SF205,각주항목(09.06월 이후)
9124,202203,0012390,노무라금융투자주식회사,C15,파생상품계약_장내파생상품_기타,0,국내증권사,B,SF205,각주항목(09.06월 이후)
9125,202203,0012390,노무라금융투자주식회사,C2,파생상품계약_장외파생상품,464365209927188,국내증권사,B,SF205,각주항목(09.06월 이후)
9126,202203,0012390,노무라금융투자주식회사,C21,파생상품계약_장외파생상품_이자율관련거래,380960053400203,국내증권사,B,SF205,각주항목(09.06월 이후)
9127,202203,0012390,노무라금융투자주식회사,C22,파생상품계약_장외파생상품_통화관련거래,75134569968670,국내증권사,B,SF205,각주항목(09.06월 이후)
9128,202203,0012390,노무라금융투자주식회사,C23,파생상품계약_장외파생상품_주식관련거래,2858853224986,국내증권사,B,SF205,각주항목(09.06월 이후)
9129,202203,0012390,노무라금융투자주식회사,C24,파생상품계약_장외파생상품_신용관련거래,5411733333329,국내증권사,B,SF205,각주항목(09.06월 이후)
9130,202203,0012390,노무라금융투자주식회사,C25,파생상품계약_장외파생상품_기타,0,국내증권사,B,SF205,각주항목(09.06월 이후)
9131,202203,0012390,노무라금융투자주식회사,D,대차 및 대주거래,3431830139231,국내증권사,B,SF205,각주항목(09.06월 이후)
9132,202203,0012390,노무라금융투자주식회사,D1,대차 및 대주거래_대여증권,0,국내증권사,B,SF205,각주항목(09.06월 이후)
9133,202203,0012390,노무라금융투자주식회사,D2,대차 및 대주거래_차입증권,3431830139231,국내증권사,B,SF205,각주항목(09.06월 이후)
9134,202203,0012390,노무라금융투자주식회사,D3,대차 및 대주거래_신용거래대주, ,국내증권사,B,SF205,각주항목(09.06월 이후)
9135,202203,0012390,노무라금융투자주식회사,E,대손상각채권, ,국내증권사,B,SF205,각주항목(09.06월 이후)
9136,202203,0012390,노무라금융투자주식회사,F,환전업무 예치금,0,국내증권사,B,SF205,각주항목(09.06월 이후)
9137,202203,0012390,노무라금융투자주식회사,G,미배당별도예치금, ,국내증권사,B,SF205,각주항목(09.06월 이후)
9138,202203,0012390,노무라금융투자주식회사,H,배서어음매출(종금계정),0,국내증권사,B,SF205,각주항목(09.06월 이후)
9139,202203,0012390,노무라금융투자주식회사,H1,대출채권매매이익_담보부, ,국내증권사,B,SF205,각주항목(09.06월 이후)
9140,202203,0012390,노무라금융투자주식회사,H2,대출채권매매이익_무담보부, ,국내증권사,B,SF205,각주항목(09.06월 이후)
9141,202206,0012390,노무라금융투자주식회사,A,채무보증,0,국내증권사,B,SF205,각주항목(09.06월 이후)
9142,202206,0012390,노무라금융투자주식회사,A1,채무보증_지급보증,0,국내증권사,B,SF205,각주항목(09.06월 이후)
9143,202206,0012390,노무라금융투자주식회사,A2,채무보증_매입보장약정, ,국내증권사,B,SF205,각주항목(09.06월 이후)
9144,202206,0012390,노무라금융투자주식회사,A3,채무보증_채무인수약정, ,국내증권사,B,SF205,각주항목(09.06월 이후)
9145,202206,0012390,노무라금융투자주식회사,A5,채무보증_매입확약,0,국내증권사,B,SF205,각주항목(09.06월 이후)
9146,202206,0012390,노무라금융투자주식회사,A6,채무보증_기타, ,국내증권사,B,SF205,각주항목(09.06월 이후)
9147,202206,0012390,노무라금융투자주식회사,B,투자자의 예수증권 등,349014746410,국내증권사,B,SF205,각주항목(09.06월 이후)
9148,202206,0012390,노무라금융투자주식회사,B1,투자자의 예수증권 등_예수 증권,264818541160,국내증권사,B,SF205,각주항목(09.06월 이후)
9149,202206,0012390,노무라금융투자주식회사,B2,투자자의 예수증권 등_예수양도성예금증서,0,국내증권사,B,SF205,각주항목(09.06월 이후)
9150,202206,0012390,노무라금융투자주식회사,B3,투자자의 예수증권 등_기타,84196205250,국내증권사,B,SF205,각주항목(09.06월 이후)
9151,202206,0012390,노무라금융투자주식회사,C,파생상품계약,510606560028012,국내증권사,B,SF205,각주항목(09.06월 이후)
9152,202206,0012390,노무라금융투자주식회사,C1,파생상품계약_장내파생상품,800301595669,국내증권사,B,SF205,각주항목(09.06월 이후)
9153,202206,0012390,노무라금융투자주식회사,C11,파생상품계약_장내파생상품_이자율관련거래,800301595669,국내증권사,B,SF205,각주항목(09.06월 이후)
9154,202206,0012390,노무라금융투자주식회사,C12,파생상품계약_장내파생상품_통화관련거래,0,국내증권사,B,SF205,각주항목(09.06월 이후)
9155,202206,0012390,노무라금융투자주식회사,C13,파생상품계약_장내파생상품_주식관련거래,0,국내증권사,B,SF205,각주항목(09.06월 이후)
9156,202206,0012390,노무라금융투자주식회사,C14,파생상품계약_장내파생상품_일반상품관련거래,0,국내증권사,B,SF205,각주항목(09.06월 이후)
9157,202206,0012390,노무라금융투자주식회사,C15,파생상품계약_장내파생상품_기타,0,국내증권사,B,SF205,각주항목(09.06월 이후)
9158,202206,0012390,노무라금융투자주식회사,C2,파생상품계약_장외파생상품,509806258432343,국내증권사,B,SF205,각주항목(09.06월 이후)
9159,202206,0012390,노무라금융투자주식회사,C21,파생상품계약_장외파생상품_이자율관련거래,420959818561848,국내증권사,B,SF205,각주항목(09.06월 이후)
9160,202206,0012390,노무라금융투자주식회사,C22,파생상품계약_장외파생상품_통화관련거래,79461915797616,국내증권사,B,SF205,각주항목(09.06월 이후)
9161,202206,0012390,노무라금융투자주식회사,C23,파생상품계약_장외파생상품_주식관련거래,3547903922424,국내증권사,B,SF205,각주항목(09.06월 이후)
9162,202206,0012390,노무라금융투자주식회사,C24,파생상품계약_장외파생상품_신용관련거래,5836620150455,국내증권사,B,SF205,각주항목(09.06월 이후)
9163,202206,0012390,노무라금융투자주식회사,C25,파생상품계약_장외파생상품_기타,0,국내증권사,B,SF205,각주항목(09.06월 이후)
9164,202206,0012390,노무라금융투자주식회사,D,대차 및 대주거래,3124600225660,국내증권사,B,SF205,각주항목(09.06월 이후)
9165,202206,0012390,노무라금융투자주식회사,D1,대차 및 대주거래_대여증권,0,국내증권사,B,SF205,각주항목(09.06월 이후)
9166,202206,0012390,노무라금융투자주식회사,D2,대차 및 대주거래_차입증권,3124600225660,국내증권사,B,SF205,각주항목(09.06월 이후)
9167,202206,0012390,노무라금융투자주식회사,D3,대차 및 대주거래_신용거래대주, ,국내증권사,B,SF205,각주항목(09.06월 이후)
9168,202206,0012390,노무라금융투자주식회사,E,대손상각채권, ,국내증권사,B,SF205,각주항목(09.06월 이후)
9169,202206,0012390,노무라금융투자주식회사,F,환전업무 예치금,0,국내증권사,B,SF205,각주항목(09.06월 이후)
9170,202206,0012390,노무라금융투자주식회사,G,미배당별도예치금, ,국내증권사,B,SF205,각주항목(09.06월 이후)
9171,202206,0012390,노무라금융투자주식회사,H,배서어음매출(종금계정),0,국내증권사,B,SF205,각주항목(09.06월 이후)
9172,202206,0012390,노무라금융투자주식회사,H1,대출채권매매이익_담보부, ,국내증권사,B,SF205,각주항목(09.06월 이후)
9173,202206,0012390,노무라금융투자주식회사,H2,대출채권매매이익_무담보부, ,국내증권사,B,SF205,각주항목(09.06월 이후)
9174,202209,0012390,노무라금융투자주식회사,A,채무보증,0,국내증권사,B,SF205,각주항목(09.06월 이후)
9175,202209,0012390,노무라금융투자주식회사,A1,채무보증_지급보증,0,국내증권사,B,SF205,각주항목(09.06월 이후)
9176,202209,0012390,노무라금융투자주식회사,A2,채무보증_매입보장약정, ,국내증권사,B,SF205,각주항목(09.06월 이후)
9177,202209,0012390,노무라금융투자주식회사,A3,채무보증_채무인수약정, ,국내증권사,B,SF205,각주항목(09.06월 이후)
9178,202209,0012390,노무라금융투자주식회사,A5,채무보증_매입확약,0,국내증권사,B,SF205,각주항목(09.06월 이후)
9179,202209,0012390,노무라금융투자주식회사,A6,채무보증_기타, ,국내증권사,B,SF205,각주항목(09.06월 이후)
9180,202209,0012390,노무라금융투자주식회사,B,투자자의 예수증권 등,360744903189,국내증권사,B,SF205,각주항목(09.06월 이후)
9181,202209,0012390,노무라금융투자주식회사,B1,투자자의 예수증권 등_예수 증권,275978680120,국내증권사,B,SF205,각주항목(09.06월 이후)
9182,202209,0012390,노무라금융투자주식회사,B2,투자자의 예수증권 등_예수양도성예금증서,0,국내증권사,B,SF205,각주항목(09.06월 이후)
9183,202209,0012390,노무라금융투자주식회사,B3,투자자의 예수증권 등_기타,84766223069,국내증권사,B,SF205,각주항목(09.06월 이후)
9184,202209,0012390,노무라금융투자주식회사,C,파생상품계약,565011782878522,국내증권사,B,SF205,각주항목(09.06월 이후)
9185,202209,0012390,노무라금융투자주식회사,C1,파생상품계약_장내파생상품,666089220514,국내증권사,B,SF205,각주항목(09.06월 이후)
9186,202209,0012390,노무라금융투자주식회사,C11,파생상품계약_장내파생상품_이자율관련거래,666089220514,국내증권사,B,SF205,각주항목(09.06월 이후)
9187,202209,0012390,노무라금융투자주식회사,C12,파생상품계약_장내파생상품_통화관련거래,0,국내증권사,B,SF205,각주항목(09.06월 이후)
9188,202209,0012390,노무라금융투자주식회사,C13,파생상품계약_장내파생상품_주식관련거래,0,국내증권사,B,SF205,각주항목(09.06월 이후)
9189,202209,0012390,노무라금융투자주식회사,C14,파생상품계약_장내파생상품_일반상품관련거래,0,국내증권사,B,SF205,각주항목(09.06월 이후)
9190,202209,0012390,노무라금융투자주식회사,C15,파생상품계약_장내파생상품_기타,0,국내증권사,B,SF205,각주항목(09.06월 이후)
9191,202209,0012390,노무라금융투자주식회사,C2,파생상품계약_장외파생상품,564345693658008,국내증권사,B,SF205,각주항목(09.06월 이후)
9192,202209,0012390,노무라금융투자주식회사,C21,파생상품계약_장외파생상품_이자율관련거래,467614772720915,국내증권사,B,SF205,각주항목(09.06월 이후)
9193,202209,0012390,노무라금융투자주식회사,C22,파생상품계약_장외파생상품_통화관련거래,86584754501352,국내증권사,B,SF205,각주항목(09.06월 이후)
9194,202209,0012390,노무라금융투자주식회사,C23,파생상품계약_장외파생상품_주식관련거래,3617934481524,국내증권사,B,SF205,각주항목(09.06월 이후)
9195,202209,0012390,노무라금융투자주식회사,C24,파생상품계약_장외파생상품_신용관련거래,6528231954217,국내증권사,B,SF205,각주항목(09.06월 이후)
9196,202209,0012390,노무라금융투자주식회사,C25,파생상품계약_장외파생상품_기타,0,국내증권사,B,SF205,각주항목(09.06월 이후)
9197,202209,0012390,노무라금융투자주식회사,D,대차 및 대주거래,3383016554836,국내증권사,B,SF205,각주항목(09.06월 이후)
9198,202209,0012390,노무라금융투자주식회사,D1,대차 및 대주거래_대여증권,0,국내증권사,B,SF205,각주항목(09.06월 이후)
9199,202209,0012390,노무라금융투자주식회사,D2,대차 및 대주거래_차입증권,3383016554836,국내증권사,B,SF205,각주항목(09.06월 이후)
9200,202209,0012390,노무라금융투자주식회사,D3,대차 및 대주거래_신용거래대주,0,국내증권사,B,SF205,각주항목(09.06월 이후)
9201,202209,0012390,노무라금융투자주식회사,E,대손상각채권,0,국내증권사,B,SF205,각주항목(09.06월 이후)
9202,202209,0012390,노무라금융투자주식회사,F,환전업무 예치금,0,국내증권사,B,SF205,각주항목(09.06월 이후)
9203,202209,0012390,노무라금융투자주식회사,G,미배당별도예치금,0,국내증권사,B,SF205,각주항목(09.06월 이후)
9204,202209,0012390,노무라금융투자주식회사,H,배서어음매출(종금계정),0,국내증권사,B,SF205,각주항목(09.06월 이후)
9205,202209,0012390,노무라금융투자주식회사,H1,대출채권매매이익_담보부,0,국내증권사,B,SF205,각주항목(09.06월 이후)
9206,202209,0012390,노무라금융투자주식회사,H2,대출채권매매이익_무담보부,0,국내증권사,B,SF205,각주항목(09.06월 이후)
9207,202212,0012390,노무라금융투자주식회사,A,채무보증,0,국내증권사,B,SF205,각주항목(09.06월 이후)
9208,202212,0012390,노무라금융투자주식회사,A1,채무보증_지급보증,0,국내증권사,B,SF205,각주항목(09.06월 이후)
9209,202212,0012390,노무라금융투자주식회사,A2,채무보증_매입보장약정, ,국내증권사,B,SF205,각주항목(09.06월 이후)
9210,202212,0012390,노무라금융투자주식회사,A3,채무보증_채무인수약정, ,국내증권사,B,SF205,각주항목(09.06월 이후)
9211,202212,0012390,노무라금융투자주식회사,A5,채무보증_매입확약,0,국내증권사,B,SF205,각주항목(09.06월 이후)
9212,202212,0012390,노무라금융투자주식회사,A6,채무보증_기타, ,국내증권사,B,SF205,각주항목(09.06월 이후)
9213,202212,0012390,노무라금융투자주식회사,B,투자자의 예수증권 등,306726319917,국내증권사,B,SF205,각주항목(09.06월 이후)
9214,202212,0012390,노무라금융투자주식회사,B1,투자자의 예수증권 등_예수 증권,234602010730,국내증권사,B,SF205,각주항목(09.06월 이후)
9215,202212,0012390,노무라금융투자주식회사,B2,투자자의 예수증권 등_예수양도성예금증서,0,국내증권사,B,SF205,각주항목(09.06월 이후)
9216,202212,0012390,노무라금융투자주식회사,B3,투자자의 예수증권 등_기타,72124309187,국내증권사,B,SF205,각주항목(09.06월 이후)
9217,202212,0012390,노무라금융투자주식회사,C,파생상품계약,570879849138914,국내증권사,B,SF205,각주항목(09.06월 이후)
9218,202212,0012390,노무라금융투자주식회사,C1,파생상품계약_장내파생상품,393000483893,국내증권사,B,SF205,각주항목(09.06월 이후)
9219,202212,0012390,노무라금융투자주식회사,C11,파생상품계약_장내파생상품_이자율관련거래,393000483893,국내증권사,B,SF205,각주항목(09.06월 이후)
9220,202212,0012390,노무라금융투자주식회사,C12,파생상품계약_장내파생상품_통화관련거래,0,국내증권사,B,SF205,각주항목(09.06월 이후)
9221,202212,0012390,노무라금융투자주식회사,C13,파생상품계약_장내파생상품_주식관련거래,0,국내증권사,B,SF205,각주항목(09.06월 이후)
9222,202212,0012390,노무라금융투자주식회사,C14,파생상품계약_장내파생상품_일반상품관련거래,0,국내증권사,B,SF205,각주항목(09.06월 이후)
9223,202212,0012390,노무라금융투자주식회사,C15,파생상품계약_장내파생상품_기타,0,국내증권사,B,SF205,각주항목(09.06월 이후)
9224,202212,0012390,노무라금융투자주식회사,C2,파생상품계약_장외파생상품,570486848655021,국내증권사,B,SF205,각주항목(09.06월 이후)
9225,202212,0012390,노무라금융투자주식회사,C21,파생상품계약_장외파생상품_이자율관련거래,461508525252746,국내증권사,B,SF205,각주항목(09.06월 이후)
9226,202212,0012390,노무라금융투자주식회사,C22,파생상품계약_장외파생상품_통화관련거래,101005603695900,국내증권사,B,SF205,각주항목(09.06월 이후)
9227,202212,0012390,노무라금융투자주식회사,C23,파생상품계약_장외파생상품_주식관련거래,2911467645920,국내증권사,B,SF205,각주항목(09.06월 이후)
9228,202212,0012390,노무라금융투자주식회사,C24,파생상품계약_장외파생상품_신용관련거래,5061252060455,국내증권사,B,SF205,각주항목(09.06월 이후)
9229,202212,0012390,노무라금융투자주식회사,C25,파생상품계약_장외파생상품_기타,0,국내증권사,B,SF205,각주항목(09.06월 이후)
9230,202212,0012390,노무라금융투자주식회사,D,대차 및 대주거래,2355689672543,국내증권사,B,SF205,각주항목(09.06월 이후)
9231,202212,0012390,노무라금융투자주식회사,D1,대차 및 대주거래_대여증권,0,국내증권사,B,SF205,각주항목(09.06월 이후)
9232,202212,0012390,노무라금융투자주식회사,D2,대차 및 대주거래_차입증권,2355689672543,국내증권사,B,SF205,각주항목(09.06월 이후)
9233,202212,0012390,노무라금융투자주식회사,D3,대차 및 대주거래_신용거래대주,0,국내증권사,B,SF205,각주항목(09.06월 이후)
9234,202212,0012390,노무라금융투자주식회사,E,대손상각채권,0,국내증권사,B,SF205,각주항목(09.06월 이후)
9235,202212,0012390,노무라금융투자주식회사,F,환전업무 예치금,0,국내증권사,B,SF205,각주항목(09.06월 이후)
9236,202212,0012390,노무라금융투자주식회사,G,미배당별도예치금,0,국내증권사,B,SF205,각주항목(09.06월 이후)
9237,202212,0012390,노무라금융투자주식회사,H,배서어음매출(종금계정),0,국내증권사,B,SF205,각주항목(09.06월 이후)
9238,202212,0012390,노무라금융투자주식회사,H1,대출채권매매이익_담보부,0,국내증권사,B,SF205,각주항목(09.06월 이후)
9239,202212,0012390,노무라금융투자주식회사,H2,대출채권매매이익_무담보부,0,국내증권사,B,SF205,각주항목(09.06월 이후)
9240,202303,0012390,노무라금융투자주식회사,A,채무보증,0,국내증권사,B,SF205,각주항목(09.06월 이후)
9241,202303,0012390,노무라금융투자주식회사,A1,채무보증_지급보증,0,국내증권사,B,SF205,각주항목(09.06월 이후)
9242,202303,0012390,노무라금융투자주식회사,A2,채무보증_매입보장약정, ,국내증권사,B,SF205,각주항목(09.06월 이후)
9243,202303,0012390,노무라금융투자주식회사,A3,채무보증_채무인수약정, ,국내증권사,B,SF205,각주항목(09.06월 이후)
9244,202303,0012390,노무라금융투자주식회사,A5,채무보증_매입확약,0,국내증권사,B,SF205,각주항목(09.06월 이후)
9245,202303,0012390,노무라금융투자주식회사,A6,채무보증_기타, ,국내증권사,B,SF205,각주항목(09.06월 이후)
9246,202303,0012390,노무라금융투자주식회사,B,투자자의 예수증권 등,309236244145,국내증권사,B,SF205,각주항목(09.06월 이후)
9247,202303,0012390,노무라금융투자주식회사,B1,투자자의 예수증권 등_예수 증권,227720764400,국내증권사,B,SF205,각주항목(09.06월 이후)
9248,202303,0012390,노무라금융투자주식회사,B2,투자자의 예수증권 등_예수양도성예금증서,0,국내증권사,B,SF205,각주항목(09.06월 이후)
9249,202303,0012390,노무라금융투자주식회사,B3,투자자의 예수증권 등_기타,81515479745,국내증권사,B,SF205,각주항목(09.06월 이후)
9250,202303,0012390,노무라금융투자주식회사,C,파생상품계약,663215253300287,국내증권사,B,SF205,각주항목(09.06월 이후)
9251,202303,0012390,노무라금융투자주식회사,C1,파생상품계약_장내파생상품,211690359947,국내증권사,B,SF205,각주항목(09.06월 이후)
9252,202303,0012390,노무라금융투자주식회사,C11,파생상품계약_장내파생상품_이자율관련거래,211690359947,국내증권사,B,SF205,각주항목(09.06월 이후)
9253,202303,0012390,노무라금융투자주식회사,C12,파생상품계약_장내파생상품_통화관련거래,0,국내증권사,B,SF205,각주항목(09.06월 이후)
9254,202303,0012390,노무라금융투자주식회사,C13,파생상품계약_장내파생상품_주식관련거래,0,국내증권사,B,SF205,각주항목(09.06월 이후)
9255,202303,0012390,노무라금융투자주식회사,C14,파생상품계약_장내파생상품_일반상품관련거래,0,국내증권사,B,SF205,각주항목(09.06월 이후)
9256,202303,0012390,노무라금융투자주식회사,C15,파생상품계약_장내파생상품_기타,0,국내증권사,B,SF205,각주항목(09.06월 이후)
9257,202303,0012390,노무라금융투자주식회사,C2,파생상품계약_장외파생상품,663003562940340,국내증권사,B,SF205,각주항목(09.06월 이후)
9258,202303,0012390,노무라금융투자주식회사,C21,파생상품계약_장외파생상품_이자율관련거래,546051105136868,국내증권사,B,SF205,각주항목(09.06월 이후)
9259,202303,0012390,노무라금융투자주식회사,C22,파생상품계약_장외파생상품_통화관련거래,109296059516683,국내증권사,B,SF205,각주항목(09.06월 이후)
9260,202303,0012390,노무라금융투자주식회사,C23,파생상품계약_장외파생상품_주식관련거래,2424020013004,국내증권사,B,SF205,각주항목(09.06월 이후)
9261,202303,0012390,노무라금융투자주식회사,C24,파생상품계약_장외파생상품_신용관련거래,5232378273785,국내증권사,B,SF205,각주항목(09.06월 이후)
9262,202303,0012390,노무라금융투자주식회사,C25,파생상품계약_장외파생상품_기타,0,국내증권사,B,SF205,각주항목(09.06월 이후)
9263,202303,0012390,노무라금융투자주식회사,D,대차 및 대주거래,2548947065569,국내증권사,B,SF205,각주항목(09.06월 이후)
9264,202303,0012390,노무라금융투자주식회사,D1,대차 및 대주거래_대여증권,0,국내증권사,B,SF205,각주항목(09.06월 이후)
9265,202303,0012390,노무라금융투자주식회사,D2,대차 및 대주거래_차입증권,2548947065569,국내증권사,B,SF205,각주항목(09.06월 이후)
9266,202303,0012390,노무라금융투자주식회사,D3,대차 및 대주거래_신용거래대주, ,국내증권사,B,SF205,각주항목(09.06월 이후)
9267,202303,0012390,노무라금융투자주식회사,E,대손상각채권, ,국내증권사,B,SF205,각주항목(09.06월 이후)
9268,202303,0012390,노무라금융투자주식회사,F,환전업무 예치금,0,국내증권사,B,SF205,각주항목(09.06월 이후)
9269,202303,0012390,노무라금융투자주식회사,G,미배당별도예치금, ,국내증권사,B,SF205,각주항목(09.06월 이후)
9270,202303,0012390,노무라금융투자주식회사,H,배서어음매출(종금계정),0,국내증권사,B,SF205,각주항목(09.06월 이후)
9271,202303,0012390,노무라금융투자주식회사,H1,대출채권매매이익_담보부, ,국내증권사,B,SF205,각주항목(09.06월 이후)
9272,202303,0012390,노무라금융투자주식회사,H2,대출채권매매이익_무담보부, ,국내증권사,B,SF205,각주항목(09.06월 이후)
9273,202306,0012390,노무라금융투자주식회사,A,채무보증,0,국내증권사,B,SF205,각주항목(09.06월 이후)
9274,202306,0012390,노무라금융투자주식회사,A1,채무보증_지급보증,0,국내증권사,B,SF205,각주항목(09.06월 이후)
9275,202306,0012390,노무라금융투자주식회사,A2,채무보증_매입보장약정, ,국내증권사,B,SF205,각주항목(09.06월 이후)
9276,202306,0012390,노무라금융투자주식회사,A3,채무보증_채무인수약정, ,국내증권사,B,SF205,각주항목(09.06월 이후)
9277,202306,0012390,노무라금융투자주식회사,A5,채무보증_매입확약,0,국내증권사,B,SF205,각주항목(09.06월 이후)
9278,202306,0012390,노무라금융투자주식회사,A6,채무보증_기타, ,국내증권사,B,SF205,각주항목(09.06월 이후)
9279,202306,0012390,노무라금융투자주식회사,B,투자자의 예수증권 등,323002177091,국내증권사,B,SF205,각주항목(09.06월 이후)
9280,202306,0012390,노무라금융투자주식회사,B1,투자자의 예수증권 등_예수 증권,253142310380,국내증권사,B,SF205,각주항목(09.06월 이후)
9281,202306,0012390,노무라금융투자주식회사,B2,투자자의 예수증권 등_예수양도성예금증서,0,국내증권사,B,SF205,각주항목(09.06월 이후)
9282,202306,0012390,노무라금융투자주식회사,B3,투자자의 예수증권 등_기타,69859866711,국내증권사,B,SF205,각주항목(09.06월 이후)
9283,202306,0012390,노무라금융투자주식회사,C,파생상품계약,716886579027739,국내증권사,B,SF205,각주항목(09.06월 이후)
9284,202306,0012390,노무라금융투자주식회사,C1,파생상품계약_장내파생상품,160112836755,국내증권사,B,SF205,각주항목(09.06월 이후)
9285,202306,0012390,노무라금융투자주식회사,C11,파생상품계약_장내파생상품_이자율관련거래,160112836755,국내증권사,B,SF205,각주항목(09.06월 이후)
9286,202306,0012390,노무라금융투자주식회사,C12,파생상품계약_장내파생상품_통화관련거래,0,국내증권사,B,SF205,각주항목(09.06월 이후)
9287,202306,0012390,노무라금융투자주식회사,C13,파생상품계약_장내파생상품_주식관련거래,0,국내증권사,B,SF205,각주항목(09.06월 이후)
9288,202306,0012390,노무라금융투자주식회사,C14,파생상품계약_장내파생상품_일반상품관련거래,0,국내증권사,B,SF205,각주항목(09.06월 이후)
9289,202306,0012390,노무라금융투자주식회사,C15,파생상품계약_장내파생상품_기타,0,국내증권사,B,SF205,각주항목(09.06월 이후)
9290,202306,0012390,노무라금융투자주식회사,C2,파생상품계약_장외파생상품,716726466190984,국내증권사,B,SF205,각주항목(09.06월 이후)
9291,202306,0012390,노무라금융투자주식회사,C21,파생상품계약_장외파생상품_이자율관련거래,605525700597498,국내증권사,B,SF205,각주항목(09.06월 이후)
9292,202306,0012390,노무라금융투자주식회사,C22,파생상품계약_장외파생상품_통화관련거래,104978844641569,국내증권사,B,SF205,각주항목(09.06월 이후)
9293,202306,0012390,노무라금융투자주식회사,C23,파생상품계약_장외파생상품_주식관련거래,2423195178832,국내증권사,B,SF205,각주항목(09.06월 이후)
9294,202306,0012390,노무라금융투자주식회사,C24,파생상품계약_장외파생상품_신용관련거래,3798725773085,국내증권사,B,SF205,각주항목(09.06월 이후)
9295,202306,0012390,노무라금융투자주식회사,C25,파생상품계약_장외파생상품_기타,0,국내증권사,B,SF205,각주항목(09.06월 이후)
9296,202306,0012390,노무라금융투자주식회사,D,대차 및 대주거래,2871914055990,국내증권사,B,SF205,각주항목(09.06월 이후)
9297,202306,0012390,노무라금융투자주식회사,D1,대차 및 대주거래_대여증권,0,국내증권사,B,SF205,각주항목(09.06월 이후)
9298,202306,0012390,노무라금융투자주식회사,D2,대차 및 대주거래_차입증권,2871914055990,국내증권사,B,SF205,각주항목(09.06월 이후)
9299,202306,0012390,노무라금융투자주식회사,D3,대차 및 대주거래_신용거래대주, ,국내증권사,B,SF205,각주항목(09.06월 이후)
9300,202306,0012390,노무라금융투자주식회사,E,대손상각채권, ,국내증권사,B,SF205,각주항목(09.06월 이후)
9301,202306,0012390,노무라금융투자주식회사,F,환전업무 예치금,0,국내증권사,B,SF205,각주항목(09.06월 이후)
9302,202306,0012390,노무라금융투자주식회사,G,미배당별도예치금, ,국내증권사,B,SF205,각주항목(09.06월 이후)
9303,202306,0012390,노무라금융투자주식회사,H,배서어음매출(종금계정),0,국내증권사,B,SF205,각주항목(09.06월 이후)
9304,202306,0012390,노무라금융투자주식회사,H1,대출채권매매이익_담보부, ,국내증권사,B,SF205,각주항목(09.06월 이후)
9305,202306,0012390,노무라금융투자주식회사,H2,대출채권매매이익_무담보부, ,국내증권사,B,SF205,각주항목(09.06월 이후)
9306,202309,0012390,노무라금융투자주식회사,A,채무보증,0,국내증권사,B,SF205,각주항목(09.06월 이후)
9307,202309,0012390,노무라금융투자주식회사,A1,채무보증_지급보증,0,국내증권사,B,SF205,각주항목(09.06월 이후)
9308,202309,0012390,노무라금융투자주식회사,A2,채무보증_매입보장약정, ,국내증권사,B,SF205,각주항목(09.06월 이후)
9309,202309,0012390,노무라금융투자주식회사,A3,채무보증_채무인수약정, ,국내증권사,B,SF205,각주항목(09.06월 이후)
9310,202309,0012390,노무라금융투자주식회사,A5,채무보증_매입확약,0,국내증권사,B,SF205,각주항목(09.06월 이후)
9311,202309,0012390,노무라금융투자주식회사,A6,채무보증_기타, ,국내증권사,B,SF205,각주항목(09.06월 이후)
9312,202309,0012390,노무라금융투자주식회사,B,투자자의 예수증권 등,326148708714,국내증권사,B,SF205,각주항목(09.06월 이후)
9313,202309,0012390,노무라금융투자주식회사,B1,투자자의 예수증권 등_예수 증권,243522135750,국내증권사,B,SF205,각주항목(09.06월 이후)
9314,202309,0012390,노무라금융투자주식회사,B2,투자자의 예수증권 등_예수양도성예금증서,0,국내증권사,B,SF205,각주항목(09.06월 이후)
9315,202309,0012390,노무라금융투자주식회사,B3,투자자의 예수증권 등_기타,82626572964,국내증권사,B,SF205,각주항목(09.06월 이후)
9316,202309,0012390,노무라금융투자주식회사,C,파생상품계약,702374095175359,국내증권사,B,SF205,각주항목(09.06월 이후)
9317,202309,0012390,노무라금융투자주식회사,C1,파생상품계약_장내파생상품,209900615460,국내증권사,B,SF205,각주항목(09.06월 이후)
9318,202309,0012390,노무라금융투자주식회사,C11,파생상품계약_장내파생상품_이자율관련거래,209900615460,국내증권사,B,SF205,각주항목(09.06월 이후)
9319,202309,0012390,노무라금융투자주식회사,C12,파생상품계약_장내파생상품_통화관련거래,0,국내증권사,B,SF205,각주항목(09.06월 이후)
9320,202309,0012390,노무라금융투자주식회사,C13,파생상품계약_장내파생상품_주식관련거래,0,국내증권사,B,SF205,각주항목(09.06월 이후)
9321,202309,0012390,노무라금융투자주식회사,C14,파생상품계약_장내파생상품_일반상품관련거래,0,국내증권사,B,SF205,각주항목(09.06월 이후)
9322,202309,0012390,노무라금융투자주식회사,C15,파생상품계약_장내파생상품_기타,0,국내증권사,B,SF205,각주항목(09.06월 이후)
9323,202309,0012390,노무라금융투자주식회사,C2,파생상품계약_장외파생상품,702164194559899,국내증권사,B,SF205,각주항목(09.06월 이후)
9324,202309,0012390,노무라금융투자주식회사,C21,파생상품계약_장외파생상품_이자율관련거래,604825752031767,국내증권사,B,SF205,각주항목(09.06월 이후)
9325,202309,0012390,노무라금융투자주식회사,C22,파생상품계약_장외파생상품_통화관련거래,90943199811382,국내증권사,B,SF205,각주항목(09.06월 이후)
9326,202309,0012390,노무라금융투자주식회사,C23,파생상품계약_장외파생상품_주식관련거래,2508980370806,국내증권사,B,SF205,각주항목(09.06월 이후)
9327,202309,0012390,노무라금융투자주식회사,C24,파생상품계약_장외파생상품_신용관련거래,3886262345944,국내증권사,B,SF205,각주항목(09.06월 이후)
9328,202309,0012390,노무라금융투자주식회사,C25,파생상품계약_장외파생상품_기타,0,국내증권사,B,SF205,각주항목(09.06월 이후)
9329,202309,0012390,노무라금융투자주식회사,D,대차 및 대주거래,3055779729729,국내증권사,B,SF205,각주항목(09.06월 이후)
9330,202309,0012390,노무라금융투자주식회사,D1,대차 및 대주거래_대여증권,0,국내증권사,B,SF205,각주항목(09.06월 이후)
9331,202309,0012390,노무라금융투자주식회사,D2,대차 및 대주거래_차입증권,3055779729729,국내증권사,B,SF205,각주항목(09.06월 이후)
9332,202309,0012390,노무라금융투자주식회사,D3,대차 및 대주거래_신용거래대주,0,국내증권사,B,SF205,각주항목(09.06월 이후)
9333,202309,0012390,노무라금융투자주식회사,E,대손상각채권,0,국내증권사,B,SF205,각주항목(09.06월 이후)
9334,202309,0012390,노무라금융투자주식회사,F,환전업무 예치금,0,국내증권사,B,SF205,각주항목(09.06월 이후)
9335,202309,0012390,노무라금융투자주식회사,G,미배당별도예치금, ,국내증권사,B,SF205,각주항목(09.06월 이후)
9336,202309,0012390,노무라금융투자주식회사,H,배서어음매출(종금계정),0,국내증권사,B,SF205,각주항목(09.06월 이후)
9337,202309,0012390,노무라금융투자주식회사,H1,대출채권매매이익_담보부, ,국내증권사,B,SF205,각주항목(09.06월 이후)
9338,202309,0012390,노무라금융투자주식회사,H2,대출채권매매이익_무담보부, ,국내증권사,B,SF205,각주항목(09.06월 이후)
9339,202312,0012390,노무라금융투자주식회사,A,채무보증,0,국내증권사,B,SF205,각주항목(09.06월 이후)
9340,202312,0012390,노무라금융투자주식회사,A1,채무보증_지급보증,0,국내증권사,B,SF205,각주항목(09.06월 이후)
9341,202312,0012390,노무라금융투자주식회사,A2,채무보증_매입보장약정, ,국내증권사,B,SF205,각주항목(09.06월 이후)
9342,202312,0012390,노무라금융투자주식회사,A3,채무보증_채무인수약정, ,국내증권사,B,SF205,각주항목(09.06월 이후)
9343,202312,0012390,노무라금융투자주식회사,A5,채무보증_매입확약,0,국내증권사,B,SF205,각주항목(09.06월 이후)
9344,202312,0012390,노무라금융투자주식회사,A6,채무보증_기타, ,국내증권사,B,SF205,각주항목(09.06월 이후)
9345,202312,0012390,노무라금융투자주식회사,B,투자자의 예수증권 등,372411704634,국내증권사,B,SF205,각주항목(09.06월 이후)
9346,202312,0012390,노무라금융투자주식회사,B1,투자자의 예수증권 등_예수 증권,272679925690,국내증권사,B,SF205,각주항목(09.06월 이후)
9347,202312,0012390,노무라금융투자주식회사,B2,투자자의 예수증권 등_예수양도성예금증서,0,국내증권사,B,SF205,각주항목(09.06월 이후)
9348,202312,0012390,노무라금융투자주식회사,B3,투자자의 예수증권 등_기타,99731778944,국내증권사,B,SF205,각주항목(09.06월 이후)
9349,202312,0012390,노무라금융투자주식회사,C,파생상품계약,704929298483987,국내증권사,B,SF205,각주항목(09.06월 이후)
9350,202312,0012390,노무라금융투자주식회사,C1,파생상품계약_장내파생상품,170525953320,국내증권사,B,SF205,각주항목(09.06월 이후)
9351,202312,0012390,노무라금융투자주식회사,C11,파생상품계약_장내파생상품_이자율관련거래,170525953320,국내증권사,B,SF205,각주항목(09.06월 이후)
9352,202312,0012390,노무라금융투자주식회사,C12,파생상품계약_장내파생상품_통화관련거래,0,국내증권사,B,SF205,각주항목(09.06월 이후)
9353,202312,0012390,노무라금융투자주식회사,C13,파생상품계약_장내파생상품_주식관련거래,0,국내증권사,B,SF205,각주항목(09.06월 이후)
9354,202312,0012390,노무라금융투자주식회사,C14,파생상품계약_장내파생상품_일반상품관련거래,0,국내증권사,B,SF205,각주항목(09.06월 이후)
9355,202312,0012390,노무라금융투자주식회사,C15,파생상품계약_장내파생상품_기타,0,국내증권사,B,SF205,각주항목(09.06월 이후)
9356,202312,0012390,노무라금융투자주식회사,C2,파생상품계약_장외파생상품,704758772530667,국내증권사,B,SF205,각주항목(09.06월 이후)
9357,202312,0012390,노무라금융투자주식회사,C21,파생상품계약_장외파생상품_이자율관련거래,618185548066905,국내증권사,B,SF205,각주항목(09.06월 이후)
9358,202312,0012390,노무라금융투자주식회사,C22,파생상품계약_장외파생상품_통화관련거래,80985498483393,국내증권사,B,SF205,각주항목(09.06월 이후)
9359,202312,0012390,노무라금융투자주식회사,C23,파생상품계약_장외파생상품_주식관련거래,2023219967398,국내증권사,B,SF205,각주항목(09.06월 이후)
9360,202312,0012390,노무라금융투자주식회사,C24,파생상품계약_장외파생상품_신용관련거래,3564506012971,국내증권사,B,SF205,각주항목(09.06월 이후)
9361,202312,0012390,노무라금융투자주식회사,C25,파생상품계약_장외파생상품_기타,0,국내증권사,B,SF205,각주항목(09.06월 이후)
9362,202312,0012390,노무라금융투자주식회사,D,대차 및 대주거래,3629766708261,국내증권사,B,SF205,각주항목(09.06월 이후)
9363,202312,0012390,노무라금융투자주식회사,D1,대차 및 대주거래_대여증권,0,국내증권사,B,SF205,각주항목(09.06월 이후)
9364,202312,0012390,노무라금융투자주식회사,D2,대차 및 대주거래_차입증권,3629766708261,국내증권사,B,SF205,각주항목(09.06월 이후)
9365,202312,0012390,노무라금융투자주식회사,D3,대차 및 대주거래_신용거래대주, ,국내증권사,B,SF205,각주항목(09.06월 이후)
9366,202312,0012390,노무라금융투자주식회사,E,대손상각채권, ,국내증권사,B,SF205,각주항목(09.06월 이후)
9367,202312,0012390,노무라금융투자주식회사,F,환전업무 예치금,0,국내증권사,B,SF205,각주항목(09.06월 이후)
9368,202312,0012390,노무라금융투자주식회사,G,미배당별도예치금, ,국내증권사,B,SF205,각주항목(09.06월 이후)
9369,202312,0012390,노무라금융투자주식회사,H,배서어음매출(종금계정),0,국내증권사,B,SF205,각주항목(09.06월 이후)
9370,202312,0012390,노무라금융투자주식회사,H1,대출채권매매이익_담보부, ,국내증권사,B,SF205,각주항목(09.06월 이후)
9371,202312,0012390,노무라금융투자주식회사,H2,대출채권매매이익_무담보부, ,국내증권사,B,SF205,각주항목(09.06월 이후)
9372,202403,0012390,노무라금융투자주식회사,A,채무보증,0,국내증권사,B,SF205,각주항목(09.06월 이후)
9373,202403,0012390,노무라금융투자주식회사,A1,채무보증_지급보증,0,국내증권사,B,SF205,각주항목(09.06월 이후)
9374,202403,0012390,노무라금융투자주식회사,A2,채무보증_매입보장약정, ,국내증권사,B,SF205,각주항목(09.06월 이후)
9375,202403,0012390,노무라금융투자주식회사,A3,채무보증_채무인수약정, ,국내증권사,B,SF205,각주항목(09.06월 이후)
9376,202403,0012390,노무라금융투자주식회사,A5,채무보증_매입확약,0,국내증권사,B,SF205,각주항목(09.06월 이후)
9377,202403,0012390,노무라금융투자주식회사,A6,채무보증_기타, ,국내증권사,B,SF205,각주항목(09.06월 이후)
9378,202403,0012390,노무라금융투자주식회사,B,투자자의 예수증권 등,419952256375,국내증권사,B,SF205,각주항목(09.06월 이후)
9379,202403,0012390,노무라금융투자주식회사,B1,투자자의 예수증권 등_예수 증권,301070936390,국내증권사,B,SF205,각주항목(09.06월 이후)
9380,202403,0012390,노무라금융투자주식회사,B2,투자자의 예수증권 등_예수양도성예금증서,0,국내증권사,B,SF205,각주항목(09.06월 이후)
9381,202403,0012390,노무라금융투자주식회사,B3,투자자의 예수증권 등_기타,118881319985,국내증권사,B,SF205,각주항목(09.06월 이후)
9382,202403,0012390,노무라금융투자주식회사,C,파생상품계약,725241741621587,국내증권사,B,SF205,각주항목(09.06월 이후)
9383,202403,0012390,노무라금융투자주식회사,C1,파생상품계약_장내파생상품,99932296968,국내증권사,B,SF205,각주항목(09.06월 이후)
9384,202403,0012390,노무라금융투자주식회사,C11,파생상품계약_장내파생상품_이자율관련거래,99932296968,국내증권사,B,SF205,각주항목(09.06월 이후)
9385,202403,0012390,노무라금융투자주식회사,C12,파생상품계약_장내파생상품_통화관련거래,0,국내증권사,B,SF205,각주항목(09.06월 이후)
9386,202403,0012390,노무라금융투자주식회사,C13,파생상품계약_장내파생상품_주식관련거래,0,국내증권사,B,SF205,각주항목(09.06월 이후)
9387,202403,0012390,노무라금융투자주식회사,C14,파생상품계약_장내파생상품_일반상품관련거래,0,국내증권사,B,SF205,각주항목(09.06월 이후)
9388,202403,0012390,노무라금융투자주식회사,C15,파생상품계약_장내파생상품_기타,0,국내증권사,B,SF205,각주항목(09.06월 이후)
9389,202403,0012390,노무라금융투자주식회사,C2,파생상품계약_장외파생상품,725141809324619,국내증권사,B,SF205,각주항목(09.06월 이후)
9390,202403,0012390,노무라금융투자주식회사,C21,파생상품계약_장외파생상품_이자율관련거래,626748375650734,국내증권사,B,SF205,각주항목(09.06월 이후)
9391,202403,0012390,노무라금융투자주식회사,C22,파생상품계약_장외파생상품_통화관련거래,93210422665042,국내증권사,B,SF205,각주항목(09.06월 이후)
9392,202403,0012390,노무라금융투자주식회사,C23,파생상품계약_장외파생상품_주식관련거래,1487008130136,국내증권사,B,SF205,각주항목(09.06월 이후)
9393,202403,0012390,노무라금융투자주식회사,C24,파생상품계약_장외파생상품_신용관련거래,3696002878707,국내증권사,B,SF205,각주항목(09.06월 이후)
9394,202403,0012390,노무라금융투자주식회사,C25,파생상품계약_장외파생상품_기타,0,국내증권사,B,SF205,각주항목(09.06월 이후)
9395,202403,0012390,노무라금융투자주식회사,D,대차 및 대주거래,3834560398093,국내증권사,B,SF205,각주항목(09.06월 이후)
9396,202403,0012390,노무라금융투자주식회사,D1,대차 및 대주거래_대여증권,0,국내증권사,B,SF205,각주항목(09.06월 이후)
9397,202403,0012390,노무라금융투자주식회사,D2,대차 및 대주거래_차입증권,3834560398093,국내증권사,B,SF205,각주항목(09.06월 이후)
9398,202403,0012390,노무라금융투자주식회사,D3,대차 및 대주거래_신용거래대주, ,국내증권사,B,SF205,각주항목(09.06월 이후)
9399,202403,0012390,노무라금융투자주식회사,E,대손상각채권, ,국내증권사,B,SF205,각주항목(09.06월 이후)
9400,202403,0012390,노무라금융투자주식회사,F,환전업무 예치금,0,국내증권사,B,SF205,각주항목(09.06월 이후)
9401,202403,0012390,노무라금융투자주식회사,G,미배당별도예치금, ,국내증권사,B,SF205,각주항목(09.06월 이후)
9402,202403,0012390,노무라금융투자주식회사,H,배서어음매출(종금계정),0,국내증권사,B,SF205,각주항목(09.06월 이후)
9403,202403,0012390,노무라금융투자주식회사,H1,대출채권매매이익_담보부, ,국내증권사,B,SF205,각주항목(09.06월 이후)
9404,202403,0012390,노무라금융투자주식회사,H2,대출채권매매이익_무담보부, ,국내증권사,B,SF205,각주항목(09.06월 이후)
9405,202406,0012390,노무라금융투자주식회사,A,채무보증,0,국내증권사,B,SF205,각주항목(09.06월 이후)
9406,202406,0012390,노무라금융투자주식회사,A1,채무보증_지급보증,0,국내증권사,B,SF205,각주항목(09.06월 이후)
9407,202406,0012390,노무라금융투자주식회사,A2,채무보증_매입보장약정, ,국내증권사,B,SF205,각주항목(09.06월 이후)
9408,202406,0012390,노무라금융투자주식회사,A3,채무보증_채무인수약정, ,국내증권사,B,SF205,각주항목(09.06월 이후)
9409,202406,0012390,노무라금융투자주식회사,A5,채무보증_매입확약,0,국내증권사,B,SF205,각주항목(09.06월 이후)
9410,202406,0012390,노무라금융투자주식회사,A6,채무보증_기타, ,국내증권사,B,SF205,각주항목(09.06월 이후)
9411,202406,0012390,노무라금융투자주식회사,B,투자자의 예수증권 등,445144105964,국내증권사,B,SF205,각주항목(09.06월 이후)
9412,202406,0012390,노무라금융투자주식회사,B1,투자자의 예수증권 등_예수 증권,333985380530,국내증권사,B,SF205,각주항목(09.06월 이후)
9413,202406,0012390,노무라금융투자주식회사,B2,투자자의 예수증권 등_예수양도성예금증서,0,국내증권사,B,SF205,각주항목(09.06월 이후)
9414,202406,0012390,노무라금융투자주식회사,B3,투자자의 예수증권 등_기타,111158725434,국내증권사,B,SF205,각주항목(09.06월 이후)
9415,202406,0012390,노무라금융투자주식회사,C,파생상품계약,710128450313782,국내증권사,B,SF205,각주항목(09.06월 이후)
9416,202406,0012390,노무라금융투자주식회사,C1,파생상품계약_장내파생상품,85269717435,국내증권사,B,SF205,각주항목(09.06월 이후)
9417,202406,0012390,노무라금융투자주식회사,C11,파생상품계약_장내파생상품_이자율관련거래,85269717435,국내증권사,B,SF205,각주항목(09.06월 이후)
9418,202406,0012390,노무라금융투자주식회사,C12,파생상품계약_장내파생상품_통화관련거래,0,국내증권사,B,SF205,각주항목(09.06월 이후)
9419,202406,0012390,노무라금융투자주식회사,C13,파생상품계약_장내파생상품_주식관련거래,0,국내증권사,B,SF205,각주항목(09.06월 이후)
9420,202406,0012390,노무라금융투자주식회사,C14,파생상품계약_장내파생상품_일반상품관련거래,0,국내증권사,B,SF205,각주항목(09.06월 이후)
9421,202406,0012390,노무라금융투자주식회사,C15,파생상품계약_장내파생상품_기타,0,국내증권사,B,SF205,각주항목(09.06월 이후)
9422,202406,0012390,노무라금융투자주식회사,C2,파생상품계약_장외파생상품,710043180596347,국내증권사,B,SF205,각주항목(09.06월 이후)
9423,202406,0012390,노무라금융투자주식회사,C21,파생상품계약_장외파생상품_이자율관련거래,607421901008539,국내증권사,B,SF205,각주항목(09.06월 이후)
9424,202406,0012390,노무라금융투자주식회사,C22,파생상품계약_장외파생상품_통화관련거래,97194052423670,국내증권사,B,SF205,각주항목(09.06월 이후)
9425,202406,0012390,노무라금융투자주식회사,C23,파생상품계약_장외파생상품_주식관련거래,984973183448,국내증권사,B,SF205,각주항목(09.06월 이후)
9426,202406,0012390,노무라금융투자주식회사,C24,파생상품계약_장외파생상품_신용관련거래,4442253980690,국내증권사,B,SF205,각주항목(09.06월 이후)
9427,202406,0012390,노무라금융투자주식회사,C25,파생상품계약_장외파생상품_기타,0,국내증권사,B,SF205,각주항목(09.06월 이후)
9428,202406,0012390,노무라금융투자주식회사,D,대차 및 대주거래,3646305231470,국내증권사,B,SF205,각주항목(09.06월 이후)
9429,202406,0012390,노무라금융투자주식회사,D1,대차 및 대주거래_대여증권,0,국내증권사,B,SF205,각주항목(09.06월 이후)
9430,202406,0012390,노무라금융투자주식회사,D2,대차 및 대주거래_차입증권,3646305231470,국내증권사,B,SF205,각주항목(09.06월 이후)
9431,202406,0012390,노무라금융투자주식회사,D3,대차 및 대주거래_신용거래대주, ,국내증권사,B,SF205,각주항목(09.06월 이후)
9432,202406,0012390,노무라금융투자주식회사,E,대손상각채권, ,국내증권사,B,SF205,각주항목(09.06월 이후)
9433,202406,0012390,노무라금융투자주식회사,F,환전업무 예치금,0,국내증권사,B,SF205,각주항목(09.06월 이후)
9434,202406,0012390,노무라금융투자주식회사,G,미배당별도예치금, ,국내증권사,B,SF205,각주항목(09.06월 이후)
9435,202406,0012390,노무라금융투자주식회사,H,배서어음매출(종금계정),0,국내증권사,B,SF205,각주항목(09.06월 이후)
9436,202406,0012390,노무라금융투자주식회사,H1,대출채권매매이익_담보부, ,국내증권사,B,SF205,각주항목(09.06월 이후)
9437,202406,0012390,노무라금융투자주식회사,H2,대출채권매매이익_무담보부, ,국내증권사,B,SF205,각주항목(09.06월 이후)
9438,202409,0012390,노무라금융투자주식회사,A,채무보증,0,국내증권사,B,SF205,각주항목(09.06월 이후)
9439,202409,0012390,노무라금융투자주식회사,A1,채무보증_지급보증,0,국내증권사,B,SF205,각주항목(09.06월 이후)
9440,202409,0012390,노무라금융투자주식회사,A2,채무보증_매입보장약정, ,국내증권사,B,SF205,각주항목(09.06월 이후)
9441,202409,0012390,노무라금융투자주식회사,A3,채무보증_채무인수약정, ,국내증권사,B,SF205,각주항목(09.06월 이후)
9442,202409,0012390,노무라금융투자주식회사,A5,채무보증_매입확약,0,국내증권사,B,SF205,각주항목(09.06월 이후)
9443,202409,0012390,노무라금융투자주식회사,A6,채무보증_기타, ,국내증권사,B,SF205,각주항목(09.06월 이후)
9444,202409,0012390,노무라금융투자주식회사,B,투자자의 예수증권 등,274353823254,국내증권사,B,SF205,각주항목(09.06월 이후)
9445,202409,0012390,노무라금융투자주식회사,B1,투자자의 예수증권 등_예수 증권,190597568460,국내증권사,B,SF205,각주항목(09.06월 이후)
9446,202409,0012390,노무라금융투자주식회사,B2,투자자의 예수증권 등_예수양도성예금증서,0,국내증권사,B,SF205,각주항목(09.06월 이후)
9447,202409,0012390,노무라금융투자주식회사,B3,투자자의 예수증권 등_기타,83756254794,국내증권사,B,SF205,각주항목(09.06월 이후)
9448,202409,0012390,노무라금융투자주식회사,C,파생상품계약,785844065684393,국내증권사,B,SF205,각주항목(09.06월 이후)
9449,202409,0012390,노무라금융투자주식회사,C1,파생상품계약_장내파생상품,53175000000,국내증권사,B,SF205,각주항목(09.06월 이후)
9450,202409,0012390,노무라금융투자주식회사,C11,파생상품계약_장내파생상품_이자율관련거래,53175000000,국내증권사,B,SF205,각주항목(09.06월 이후)
9451,202409,0012390,노무라금융투자주식회사,C12,파생상품계약_장내파생상품_통화관련거래,0,국내증권사,B,SF205,각주항목(09.06월 이후)
9452,202409,0012390,노무라금융투자주식회사,C13,파생상품계약_장내파생상품_주식관련거래,0,국내증권사,B,SF205,각주항목(09.06월 이후)
9453,202409,0012390,노무라금융투자주식회사,C14,파생상품계약_장내파생상품_일반상품관련거래,0,국내증권사,B,SF205,각주항목(09.06월 이후)
9454,202409,0012390,노무라금융투자주식회사,C15,파생상품계약_장내파생상품_기타,0,국내증권사,B,SF205,각주항목(09.06월 이후)
9455,202409,0012390,노무라금융투자주식회사,C2,파생상품계약_장외파생상품,785790890684393,국내증권사,B,SF205,각주항목(09.06월 이후)
9456,202409,0012390,노무라금융투자주식회사,C21,파생상품계약_장외파생상품_이자율관련거래,676276317614680,국내증권사,B,SF205,각주항목(09.06월 이후)
9457,202409,0012390,노무라금융투자주식회사,C22,파생상품계약_장외파생상품_통화관련거래,103416589549927,국내증권사,B,SF205,각주항목(09.06월 이후)
9458,202409,0012390,노무라금융투자주식회사,C23,파생상품계약_장외파생상품_주식관련거래,941713354652,국내증권사,B,SF205,각주항목(09.06월 이후)
9459,202409,0012390,노무라금융투자주식회사,C24,파생상품계약_장외파생상품_신용관련거래,5156270165134,국내증권사,B,SF205,각주항목(09.06월 이후)
9460,202409,0012390,노무라금융투자주식회사,C25,파생상품계약_장외파생상품_기타,0,국내증권사,B,SF205,각주항목(09.06월 이후)
9461,202409,0012390,노무라금융투자주식회사,D,대차 및 대주거래,3220745548324,국내증권사,B,SF205,각주항목(09.06월 이후)
9462,202409,0012390,노무라금융투자주식회사,D1,대차 및 대주거래_대여증권,0,국내증권사,B,SF205,각주항목(09.06월 이후)
9463,202409,0012390,노무라금융투자주식회사,D2,대차 및 대주거래_차입증권,3220745548324,국내증권사,B,SF205,각주항목(09.06월 이후)
9464,202409,0012390,노무라금융투자주식회사,D3,대차 및 대주거래_신용거래대주, ,국내증권사,B,SF205,각주항목(09.06월 이후)
9465,202409,0012390,노무라금융투자주식회사,E,대손상각채권, ,국내증권사,B,SF205,각주항목(09.06월 이후)
9466,202409,0012390,노무라금융투자주식회사,F,환전업무 예치금,0,국내증권사,B,SF205,각주항목(09.06월 이후)
9467,202409,0012390,노무라금융투자주식회사,G,미배당별도예치금, ,국내증권사,B,SF205,각주항목(09.06월 이후)
9468,202409,0012390,노무라금융투자주식회사,H,배서어음매출(종금계정),0,국내증권사,B,SF205,각주항목(09.06월 이후)
9469,202409,0012390,노무라금융투자주식회사,H1,대출채권매매이익_담보부, ,국내증권사,B,SF205,각주항목(09.06월 이후)
9470,202409,0012390,노무라금융투자주식회사,H2,대출채권매매이익_무담보부, ,국내증권사,B,SF205,각주항목(09.06월 이후)
9471,202412,0012390,노무라금융투자주식회사,A,채무보증,0,국내증권사,B,SF205,각주항목(09.06월 이후)
9472,202412,0012390,노무라금융투자주식회사,A1,채무보증_지급보증,0,국내증권사,B,SF205,각주항목(09.06월 이후)
9473,202412,0012390,노무라금융투자주식회사,A2,채무보증_매입보장약정, ,국내증권사,B,SF205,각주항목(09.06월 이후)
9474,202412,0012390,노무라금융투자주식회사,A3,채무보증_채무인수약정, ,국내증권사,B,SF205,각주항목(09.06월 이후)
9475,202412,0012390,노무라금융투자주식회사,A5,채무보증_매입확약,0,국내증권사,B,SF205,각주항목(09.06월 이후)
9476,202412,0012390,노무라금융투자주식회사,A6,채무보증_기타, ,국내증권사,B,SF205,각주항목(09.06월 이후)
9477,202412,0012390,노무라금융투자주식회사,B,투자자의 예수증권 등,355338930809,국내증권사,B,SF205,각주항목(09.06월 이후)
9478,202412,0012390,노무라금융투자주식회사,B1,투자자의 예수증권 등_예수 증권,271499571760,국내증권사,B,SF205,각주항목(09.06월 이후)
9479,202412,0012390,노무라금융투자주식회사,B2,투자자의 예수증권 등_예수양도성예금증서,0,국내증권사,B,SF205,각주항목(09.06월 이후)
9480,202412,0012390,노무라금융투자주식회사,B3,투자자의 예수증권 등_기타,83839359049,국내증권사,B,SF205,각주항목(09.06월 이후)
9481,202412,0012390,노무라금융투자주식회사,C,파생상품계약,773919181426040,국내증권사,B,SF205,각주항목(09.06월 이후)
9482,202412,0012390,노무라금융투자주식회사,C1,파생상품계약_장내파생상품,74655000000,국내증권사,B,SF205,각주항목(09.06월 이후)
9483,202412,0012390,노무라금융투자주식회사,C11,파생상품계약_장내파생상품_이자율관련거래,74655000000,국내증권사,B,SF205,각주항목(09.06월 이후)
9484,202412,0012390,노무라금융투자주식회사,C12,파생상품계약_장내파생상품_통화관련거래,0,국내증권사,B,SF205,각주항목(09.06월 이후)
9485,202412,0012390,노무라금융투자주식회사,C13,파생상품계약_장내파생상품_주식관련거래,0,국내증권사,B,SF205,각주항목(09.06월 이후)
9486,202412,0012390,노무라금융투자주식회사,C14,파생상품계약_장내파생상품_일반상품관련거래,0,국내증권사,B,SF205,각주항목(09.06월 이후)
9487,202412,0012390,노무라금융투자주식회사,C15,파생상품계약_장내파생상품_기타,0,국내증권사,B,SF205,각주항목(09.06월 이후)
9488,202412,0012390,노무라금융투자주식회사,C2,파생상품계약_장외파생상품,773844526426040,국내증권사,B,SF205,각주항목(09.06월 이후)
9489,202412,0012390,노무라금융투자주식회사,C21,파생상품계약_장외파생상품_이자율관련거래,666840273100002,국내증권사,B,SF205,각주항목(09.06월 이후)
9490,202412,0012390,노무라금융투자주식회사,C22,파생상품계약_장외파생상품_통화관련거래,99231569575702,국내증권사,B,SF205,각주항목(09.06월 이후)
9491,202412,0012390,노무라금융투자주식회사,C23,파생상품계약_장외파생상품_주식관련거래,1647154831338,국내증권사,B,SF205,각주항목(09.06월 이후)
9492,202412,0012390,노무라금융투자주식회사,C24,파생상품계약_장외파생상품_신용관련거래,6125528918998,국내증권사,B,SF205,각주항목(09.06월 이후)
9493,202412,0012390,노무라금융투자주식회사,C25,파생상품계약_장외파생상품_기타,0,국내증권사,B,SF205,각주항목(09.06월 이후)
9494,202412,0012390,노무라금융투자주식회사,D,대차 및 대주거래,3627799452461,국내증권사,B,SF205,각주항목(09.06월 이후)
9495,202412,0012390,노무라금융투자주식회사,D1,대차 및 대주거래_대여증권,0,국내증권사,B,SF205,각주항목(09.06월 이후)
9496,202412,0012390,노무라금융투자주식회사,D2,대차 및 대주거래_차입증권,3627799452461,국내증권사,B,SF205,각주항목(09.06월 이후)
9497,202412,0012390,노무라금융투자주식회사,D3,대차 및 대주거래_신용거래대주, ,국내증권사,B,SF205,각주항목(09.06월 이후)
9498,202412,0012390,노무라금융투자주식회사,E,대손상각채권, ,국내증권사,B,SF205,각주항목(09.06월 이후)
9499,202412,0012390,노무라금융투자주식회사,F,환전업무 예치금,0,국내증권사,B,SF205,각주항목(09.06월 이후)
9500,202412,0012390,노무라금융투자주식회사,G,미배당별도예치금, ,국내증권사,B,SF205,각주항목(09.06월 이후)
9501,202412,0012390,노무라금융투자주식회사,H,배서어음매출(종금계정),0,국내증권사,B,SF205,각주항목(09.06월 이후)
9502,202412,0012390,노무라금융투자주식회사,H1,대출채권매매이익_담보부, ,국내증권사,B,SF205,각주항목(09.06월 이후)
9503,202412,0012390,노무라금융투자주식회사,H2,대출채권매매이익_무담보부, ,국내증권사,B,SF205,각주항목(09.06월 이후)
9504,201703,0011981,다올투자증권 주식회사,A,채무보증,199900000000,국내증권사,B,SF205,각주항목(09.06월 이후)
9505,201703,0011981,다올투자증권 주식회사,A1,채무보증_지급보증,0,국내증권사,B,SF205,각주항목(09.06월 이후)
9506,201703,0011981,다올투자증권 주식회사,A2,채무보증_매입보장약정,199900000000,국내증권사,B,SF205,각주항목(09.06월 이후)
9507,201703,0011981,다올투자증권 주식회사,A3,채무보증_채무인수약정,0,국내증권사,B,SF205,각주항목(09.06월 이후)
9508,201703,0011981,다올투자증권 주식회사,A5,채무보증_매입확약,0,국내증권사,B,SF205,각주항목(09.06월 이후)
9509,201703,0011981,다올투자증권 주식회사,A6,채무보증_기타,0,국내증권사,B,SF205,각주항목(09.06월 이후)
9510,201703,0011981,다올투자증권 주식회사,B,투자자의 예수증권 등,7254397396766,국내증권사,B,SF205,각주항목(09.06월 이후)
9511,201703,0011981,다올투자증권 주식회사,B1,투자자의 예수증권 등_예수 증권,7254397396766,국내증권사,B,SF205,각주항목(09.06월 이후)
9512,201703,0011981,다올투자증권 주식회사,B2,투자자의 예수증권 등_예수양도성예금증서,0,국내증권사,B,SF205,각주항목(09.06월 이후)
9513,201703,0011981,다올투자증권 주식회사,B3,투자자의 예수증권 등_기타,0,국내증권사,B,SF205,각주항목(09.06월 이후)
9514,201703,0011981,다올투자증권 주식회사,C,파생상품계약,84192000000,국내증권사,B,SF205,각주항목(09.06월 이후)
9515,201703,0011981,다올투자증권 주식회사,C1,파생상품계약_장내파생상품,84192000000,국내증권사,B,SF205,각주항목(09.06월 이후)
9516,201703,0011981,다올투자증권 주식회사,C11,파생상품계약_장내파생상품_이자율관련거래,0,국내증권사,B,SF205,각주항목(09.06월 이후)
9517,201703,0011981,다올투자증권 주식회사,C12,파생상품계약_장내파생상품_통화관련거래,0,국내증권사,B,SF205,각주항목(09.06월 이후)
9518,201703,0011981,다올투자증권 주식회사,C13,파생상품계약_장내파생상품_주식관련거래,84192000000,국내증권사,B,SF205,각주항목(09.06월 이후)
9519,201703,0011981,다올투자증권 주식회사,C14,파생상품계약_장내파생상품_일반상품관련거래,0,국내증권사,B,SF205,각주항목(09.06월 이후)
9520,201703,0011981,다올투자증권 주식회사,C15,파생상품계약_장내파생상품_기타,0,국내증권사,B,SF205,각주항목(09.06월 이후)
9521,201703,0011981,다올투자증권 주식회사,C2,파생상품계약_장외파생상품,0,국내증권사,B,SF205,각주항목(09.06월 이후)
9522,201703,0011981,다올투자증권 주식회사,C21,파생상품계약_장외파생상품_이자율관련거래,0,국내증권사,B,SF205,각주항목(09.06월 이후)
9523,201703,0011981,다올투자증권 주식회사,C22,파생상품계약_장외파생상품_통화관련거래,0,국내증권사,B,SF205,각주항목(09.06월 이후)
9524,201703,0011981,다올투자증권 주식회사,C23,파생상품계약_장외파생상품_주식관련거래,0,국내증권사,B,SF205,각주항목(09.06월 이후)
9525,201703,0011981,다올투자증권 주식회사,C24,파생상품계약_장외파생상품_신용관련거래,0,국내증권사,B,SF205,각주항목(09.06월 이후)
9526,201703,0011981,다올투자증권 주식회사,C25,파생상품계약_장외파생상품_기타,0,국내증권사,B,SF205,각주항목(09.06월 이후)
9527,201703,0011981,다올투자증권 주식회사,D,대차 및 대주거래,0,국내증권사,B,SF205,각주항목(09.06월 이후)
9528,201703,0011981,다올투자증권 주식회사,D1,대차 및 대주거래_대여증권,0,국내증권사,B,SF205,각주항목(09.06월 이후)
9529,201703,0011981,다올투자증권 주식회사,D2,대차 및 대주거래_차입증권,0,국내증권사,B,SF205,각주항목(09.06월 이후)
9530,201703,0011981,다올투자증권 주식회사,D3,대차 및 대주거래_신용거래대주,0,국내증권사,B,SF205,각주항목(09.06월 이후)
9531,201703,0011981,다올투자증권 주식회사,E,대손상각채권,0,국내증권사,B,SF205,각주항목(09.06월 이후)
9532,201703,0011981,다올투자증권 주식회사,F,환전업무 예치금,0,국내증권사,B,SF205,각주항목(09.06월 이후)
9533,201703,0011981,다올투자증권 주식회사,G,미배당별도예치금,0,국내증권사,B,SF205,각주항목(09.06월 이후)
9534,201703,0011981,다올투자증권 주식회사,H,배서어음매출(종금계정),0,국내증권사,B,SF205,각주항목(09.06월 이후)
9535,201703,0011981,다올투자증권 주식회사,H1,대출채권매매이익_담보부,0,국내증권사,B,SF205,각주항목(09.06월 이후)
9536,201703,0011981,다올투자증권 주식회사,H2,대출채권매매이익_무담보부,0,국내증권사,B,SF205,각주항목(09.06월 이후)
9537,201706,0011981,다올투자증권 주식회사,A,채무보증,220800000000,국내증권사,B,SF205,각주항목(09.06월 이후)
9538,201706,0011981,다올투자증권 주식회사,A1,채무보증_지급보증,0,국내증권사,B,SF205,각주항목(09.06월 이후)
9539,201706,0011981,다올투자증권 주식회사,A2,채무보증_매입보장약정,220800000000,국내증권사,B,SF205,각주항목(09.06월 이후)
9540,201706,0011981,다올투자증권 주식회사,A3,채무보증_채무인수약정,0,국내증권사,B,SF205,각주항목(09.06월 이후)
9541,201706,0011981,다올투자증권 주식회사,A5,채무보증_매입확약,0,국내증권사,B,SF205,각주항목(09.06월 이후)
9542,201706,0011981,다올투자증권 주식회사,A6,채무보증_기타,0,국내증권사,B,SF205,각주항목(09.06월 이후)
9543,201706,0011981,다올투자증권 주식회사,B,투자자의 예수증권 등,7362893898000,국내증권사,B,SF205,각주항목(09.06월 이후)
9544,201706,0011981,다올투자증권 주식회사,B1,투자자의 예수증권 등_예수 증권,7362893898000,국내증권사,B,SF205,각주항목(09.06월 이후)
9545,201706,0011981,다올투자증권 주식회사,B2,투자자의 예수증권 등_예수양도성예금증서,0,국내증권사,B,SF205,각주항목(09.06월 이후)
9546,201706,0011981,다올투자증권 주식회사,B3,투자자의 예수증권 등_기타,0,국내증권사,B,SF205,각주항목(09.06월 이후)
9547,201706,0011981,다올투자증권 주식회사,C,파생상품계약,1315377485000,국내증권사,B,SF205,각주항목(09.06월 이후)
9548,201706,0011981,다올투자증권 주식회사,C1,파생상품계약_장내파생상품,1315377485000,국내증권사,B,SF205,각주항목(09.06월 이후)
9549,201706,0011981,다올투자증권 주식회사,C11,파생상품계약_장내파생상품_이자율관련거래,17269400000,국내증권사,B,SF205,각주항목(09.06월 이후)
9550,201706,0011981,다올투자증권 주식회사,C12,파생상품계약_장내파생상품_통화관련거래,0,국내증권사,B,SF205,각주항목(09.06월 이후)
9551,201706,0011981,다올투자증권 주식회사,C13,파생상품계약_장내파생상품_주식관련거래,1298108085000,국내증권사,B,SF205,각주항목(09.06월 이후)
9552,201706,0011981,다올투자증권 주식회사,C14,파생상품계약_장내파생상품_일반상품관련거래,0,국내증권사,B,SF205,각주항목(09.06월 이후)
9553,201706,0011981,다올투자증권 주식회사,C15,파생상품계약_장내파생상품_기타,0,국내증권사,B,SF205,각주항목(09.06월 이후)
9554,201706,0011981,다올투자증권 주식회사,C2,파생상품계약_장외파생상품,0,국내증권사,B,SF205,각주항목(09.06월 이후)
9555,201706,0011981,다올투자증권 주식회사,C21,파생상품계약_장외파생상품_이자율관련거래,0,국내증권사,B,SF205,각주항목(09.06월 이후)
9556,201706,0011981,다올투자증권 주식회사,C22,파생상품계약_장외파생상품_통화관련거래,0,국내증권사,B,SF205,각주항목(09.06월 이후)
9557,201706,0011981,다올투자증권 주식회사,C23,파생상품계약_장외파생상품_주식관련거래,0,국내증권사,B,SF205,각주항목(09.06월 이후)
9558,201706,0011981,다올투자증권 주식회사,C24,파생상품계약_장외파생상품_신용관련거래,0,국내증권사,B,SF205,각주항목(09.06월 이후)
9559,201706,0011981,다올투자증권 주식회사,C25,파생상품계약_장외파생상품_기타,0,국내증권사,B,SF205,각주항목(09.06월 이후)
9560,201706,0011981,다올투자증권 주식회사,D,대차 및 대주거래,78840219740,국내증권사,B,SF205,각주항목(09.06월 이후)
9561,201706,0011981,다올투자증권 주식회사,D1,대차 및 대주거래_대여증권,0,국내증권사,B,SF205,각주항목(09.06월 이후)
9562,201706,0011981,다올투자증권 주식회사,D2,대차 및 대주거래_차입증권,78840219740,국내증권사,B,SF205,각주항목(09.06월 이후)
9563,201706,0011981,다올투자증권 주식회사,D3,대차 및 대주거래_신용거래대주,0,국내증권사,B,SF205,각주항목(09.06월 이후)
9564,201706,0011981,다올투자증권 주식회사,E,대손상각채권,0,국내증권사,B,SF205,각주항목(09.06월 이후)
9565,201706,0011981,다올투자증권 주식회사,F,환전업무 예치금,0,국내증권사,B,SF205,각주항목(09.06월 이후)
9566,201706,0011981,다올투자증권 주식회사,G,미배당별도예치금,0,국내증권사,B,SF205,각주항목(09.06월 이후)
9567,201706,0011981,다올투자증권 주식회사,H,배서어음매출(종금계정),0,국내증권사,B,SF205,각주항목(09.06월 이후)
9568,201706,0011981,다올투자증권 주식회사,H1,대출채권매매이익_담보부,0,국내증권사,B,SF205,각주항목(09.06월 이후)
9569,201706,0011981,다올투자증권 주식회사,H2,대출채권매매이익_무담보부,0,국내증권사,B,SF205,각주항목(09.06월 이후)
9570,201709,0011981,다올투자증권 주식회사,A,채무보증,283000000000,국내증권사,B,SF205,각주항목(09.06월 이후)
9571,201709,0011981,다올투자증권 주식회사,A1,채무보증_지급보증,0,국내증권사,B,SF205,각주항목(09.06월 이후)
9572,201709,0011981,다올투자증권 주식회사,A2,채무보증_매입보장약정,283000000000,국내증권사,B,SF205,각주항목(09.06월 이후)
9573,201709,0011981,다올투자증권 주식회사,A3,채무보증_채무인수약정,0,국내증권사,B,SF205,각주항목(09.06월 이후)
9574,201709,0011981,다올투자증권 주식회사,A5,채무보증_매입확약,0,국내증권사,B,SF205,각주항목(09.06월 이후)
9575,201709,0011981,다올투자증권 주식회사,A6,채무보증_기타,0,국내증권사,B,SF205,각주항목(09.06월 이후)
9576,201709,0011981,다올투자증권 주식회사,B,투자자의 예수증권 등,7004344695610,국내증권사,B,SF205,각주항목(09.06월 이후)
9577,201709,0011981,다올투자증권 주식회사,B1,투자자의 예수증권 등_예수 증권,7004344695610,국내증권사,B,SF205,각주항목(09.06월 이후)
9578,201709,0011981,다올투자증권 주식회사,B2,투자자의 예수증권 등_예수양도성예금증서,0,국내증권사,B,SF205,각주항목(09.06월 이후)
9579,201709,0011981,다올투자증권 주식회사,B3,투자자의 예수증권 등_기타,0,국내증권사,B,SF205,각주항목(09.06월 이후)
9580,201709,0011981,다올투자증권 주식회사,C,파생상품계약,23416900000,국내증권사,B,SF205,각주항목(09.06월 이후)
9581,201709,0011981,다올투자증권 주식회사,C1,파생상품계약_장내파생상품,23416900000,국내증권사,B,SF205,각주항목(09.06월 이후)
9582,201709,0011981,다올투자증권 주식회사,C11,파생상품계약_장내파생상품_이자율관련거래,7603400000,국내증권사,B,SF205,각주항목(09.06월 이후)
9583,201709,0011981,다올투자증권 주식회사,C12,파생상품계약_장내파생상품_통화관련거래,0,국내증권사,B,SF205,각주항목(09.06월 이후)
9584,201709,0011981,다올투자증권 주식회사,C13,파생상품계약_장내파생상품_주식관련거래,15813500000,국내증권사,B,SF205,각주항목(09.06월 이후)
9585,201709,0011981,다올투자증권 주식회사,C14,파생상품계약_장내파생상품_일반상품관련거래,0,국내증권사,B,SF205,각주항목(09.06월 이후)
9586,201709,0011981,다올투자증권 주식회사,C15,파생상품계약_장내파생상품_기타,0,국내증권사,B,SF205,각주항목(09.06월 이후)
9587,201709,0011981,다올투자증권 주식회사,C2,파생상품계약_장외파생상품,0,국내증권사,B,SF205,각주항목(09.06월 이후)
9588,201709,0011981,다올투자증권 주식회사,C21,파생상품계약_장외파생상품_이자율관련거래,0,국내증권사,B,SF205,각주항목(09.06월 이후)
9589,201709,0011981,다올투자증권 주식회사,C22,파생상품계약_장외파생상품_통화관련거래,0,국내증권사,B,SF205,각주항목(09.06월 이후)
9590,201709,0011981,다올투자증권 주식회사,C23,파생상품계약_장외파생상품_주식관련거래,0,국내증권사,B,SF205,각주항목(09.06월 이후)
9591,201709,0011981,다올투자증권 주식회사,C24,파생상품계약_장외파생상품_신용관련거래,0,국내증권사,B,SF205,각주항목(09.06월 이후)
9592,201709,0011981,다올투자증권 주식회사,C25,파생상품계약_장외파생상품_기타,0,국내증권사,B,SF205,각주항목(09.06월 이후)
9593,201709,0011981,다올투자증권 주식회사,D,대차 및 대주거래,115674410900,국내증권사,B,SF205,각주항목(09.06월 이후)
9594,201709,0011981,다올투자증권 주식회사,D1,대차 및 대주거래_대여증권,0,국내증권사,B,SF205,각주항목(09.06월 이후)
9595,201709,0011981,다올투자증권 주식회사,D2,대차 및 대주거래_차입증권,115674410900,국내증권사,B,SF205,각주항목(09.06월 이후)
9596,201709,0011981,다올투자증권 주식회사,D3,대차 및 대주거래_신용거래대주,0,국내증권사,B,SF205,각주항목(09.06월 이후)
9597,201709,0011981,다올투자증권 주식회사,E,대손상각채권,0,국내증권사,B,SF205,각주항목(09.06월 이후)
9598,201709,0011981,다올투자증권 주식회사,F,환전업무 예치금,0,국내증권사,B,SF205,각주항목(09.06월 이후)
9599,201709,0011981,다올투자증권 주식회사,G,미배당별도예치금,0,국내증권사,B,SF205,각주항목(09.06월 이후)
9600,201709,0011981,다올투자증권 주식회사,H,배서어음매출(종금계정),0,국내증권사,B,SF205,각주항목(09.06월 이후)
9601,201709,0011981,다올투자증권 주식회사,H1,대출채권매매이익_담보부,0,국내증권사,B,SF205,각주항목(09.06월 이후)
9602,201709,0011981,다올투자증권 주식회사,H2,대출채권매매이익_무담보부,0,국내증권사,B,SF205,각주항목(09.06월 이후)
9603,201712,0011981,다올투자증권 주식회사,A,채무보증,278900000000,국내증권사,B,SF205,각주항목(09.06월 이후)
9604,201712,0011981,다올투자증권 주식회사,A1,채무보증_지급보증,0,국내증권사,B,SF205,각주항목(09.06월 이후)
9605,201712,0011981,다올투자증권 주식회사,A2,채무보증_매입보장약정,278900000000,국내증권사,B,SF205,각주항목(09.06월 이후)
9606,201712,0011981,다올투자증권 주식회사,A3,채무보증_채무인수약정,0,국내증권사,B,SF205,각주항목(09.06월 이후)
9607,201712,0011981,다올투자증권 주식회사,A5,채무보증_매입확약,0,국내증권사,B,SF205,각주항목(09.06월 이후)
9608,201712,0011981,다올투자증권 주식회사,A6,채무보증_기타,0,국내증권사,B,SF205,각주항목(09.06월 이후)
9609,201712,0011981,다올투자증권 주식회사,B,투자자의 예수증권 등,6989587364382,국내증권사,B,SF205,각주항목(09.06월 이후)
9610,201712,0011981,다올투자증권 주식회사,B1,투자자의 예수증권 등_예수 증권,6989587364382,국내증권사,B,SF205,각주항목(09.06월 이후)
9611,201712,0011981,다올투자증권 주식회사,B2,투자자의 예수증권 등_예수양도성예금증서,0,국내증권사,B,SF205,각주항목(09.06월 이후)
9612,201712,0011981,다올투자증권 주식회사,B3,투자자의 예수증권 등_기타,0,국내증권사,B,SF205,각주항목(09.06월 이후)
9613,201712,0011981,다올투자증권 주식회사,C,파생상품계약,31288100000,국내증권사,B,SF205,각주항목(09.06월 이후)
9614,201712,0011981,다올투자증권 주식회사,C1,파생상품계약_장내파생상품,31288100000,국내증권사,B,SF205,각주항목(09.06월 이후)
9615,201712,0011981,다올투자증권 주식회사,C11,파생상품계약_장내파생상품_이자율관련거래,31288100000,국내증권사,B,SF205,각주항목(09.06월 이후)
9616,201712,0011981,다올투자증권 주식회사,C12,파생상품계약_장내파생상품_통화관련거래,0,국내증권사,B,SF205,각주항목(09.06월 이후)
9617,201712,0011981,다올투자증권 주식회사,C13,파생상품계약_장내파생상품_주식관련거래,0,국내증권사,B,SF205,각주항목(09.06월 이후)
9618,201712,0011981,다올투자증권 주식회사,C14,파생상품계약_장내파생상품_일반상품관련거래,0,국내증권사,B,SF205,각주항목(09.06월 이후)
9619,201712,0011981,다올투자증권 주식회사,C15,파생상품계약_장내파생상품_기타,0,국내증권사,B,SF205,각주항목(09.06월 이후)
9620,201712,0011981,다올투자증권 주식회사,C2,파생상품계약_장외파생상품,0,국내증권사,B,SF205,각주항목(09.06월 이후)
9621,201712,0011981,다올투자증권 주식회사,C21,파생상품계약_장외파생상품_이자율관련거래,0,국내증권사,B,SF205,각주항목(09.06월 이후)
9622,201712,0011981,다올투자증권 주식회사,C22,파생상품계약_장외파생상품_통화관련거래,0,국내증권사,B,SF205,각주항목(09.06월 이후)
9623,201712,0011981,다올투자증권 주식회사,C23,파생상품계약_장외파생상품_주식관련거래,0,국내증권사,B,SF205,각주항목(09.06월 이후)
9624,201712,0011981,다올투자증권 주식회사,C24,파생상품계약_장외파생상품_신용관련거래,0,국내증권사,B,SF205,각주항목(09.06월 이후)
9625,201712,0011981,다올투자증권 주식회사,C25,파생상품계약_장외파생상품_기타,0,국내증권사,B,SF205,각주항목(09.06월 이후)
9626,201712,0011981,다올투자증권 주식회사,D,대차 및 대주거래,26673300000,국내증권사,B,SF205,각주항목(09.06월 이후)
9627,201712,0011981,다올투자증권 주식회사,D1,대차 및 대주거래_대여증권,0,국내증권사,B,SF205,각주항목(09.06월 이후)
9628,201712,0011981,다올투자증권 주식회사,D2,대차 및 대주거래_차입증권,26673300000,국내증권사,B,SF205,각주항목(09.06월 이후)
9629,201712,0011981,다올투자증권 주식회사,D3,대차 및 대주거래_신용거래대주,0,국내증권사,B,SF205,각주항목(09.06월 이후)
9630,201712,0011981,다올투자증권 주식회사,E,대손상각채권,0,국내증권사,B,SF205,각주항목(09.06월 이후)
9631,201712,0011981,다올투자증권 주식회사,F,환전업무 예치금,0,국내증권사,B,SF205,각주항목(09.06월 이후)
9632,201712,0011981,다올투자증권 주식회사,G,미배당별도예치금,0,국내증권사,B,SF205,각주항목(09.06월 이후)
9633,201712,0011981,다올투자증권 주식회사,H,배서어음매출(종금계정),0,국내증권사,B,SF205,각주항목(09.06월 이후)
9634,201712,0011981,다올투자증권 주식회사,H1,대출채권매매이익_담보부,0,국내증권사,B,SF205,각주항목(09.06월 이후)
9635,201712,0011981,다올투자증권 주식회사,H2,대출채권매매이익_무담보부,0,국내증권사,B,SF205,각주항목(09.06월 이후)
9636,201803,0011981,다올투자증권 주식회사,A,채무보증,239000000000,국내증권사,B,SF205,각주항목(09.06월 이후)
9637,201803,0011981,다올투자증권 주식회사,A1,채무보증_지급보증,0,국내증권사,B,SF205,각주항목(09.06월 이후)
9638,201803,0011981,다올투자증권 주식회사,A2,채무보증_매입보장약정,239000000000,국내증권사,B,SF205,각주항목(09.06월 이후)
9639,201803,0011981,다올투자증권 주식회사,A3,채무보증_채무인수약정, ,국내증권사,B,SF205,각주항목(09.06월 이후)
9640,201803,0011981,다올투자증권 주식회사,A5,채무보증_매입확약,0,국내증권사,B,SF205,각주항목(09.06월 이후)
9641,201803,0011981,다올투자증권 주식회사,A6,채무보증_기타, ,국내증권사,B,SF205,각주항목(09.06월 이후)
9642,201803,0011981,다올투자증권 주식회사,B,투자자의 예수증권 등,7829912475454,국내증권사,B,SF205,각주항목(09.06월 이후)
9643,201803,0011981,다올투자증권 주식회사,B1,투자자의 예수증권 등_예수 증권,7829912475454,국내증권사,B,SF205,각주항목(09.06월 이후)
9644,201803,0011981,다올투자증권 주식회사,B2,투자자의 예수증권 등_예수양도성예금증서,0,국내증권사,B,SF205,각주항목(09.06월 이후)
9645,201803,0011981,다올투자증권 주식회사,B3,투자자의 예수증권 등_기타, ,국내증권사,B,SF205,각주항목(09.06월 이후)
9646,201803,0011981,다올투자증권 주식회사,C,파생상품계약,63633225000,국내증권사,B,SF205,각주항목(09.06월 이후)
9647,201803,0011981,다올투자증권 주식회사,C1,파생상품계약_장내파생상품,47191500000,국내증권사,B,SF205,각주항목(09.06월 이후)
9648,201803,0011981,다올투자증권 주식회사,C11,파생상품계약_장내파생상품_이자율관련거래,0,국내증권사,B,SF205,각주항목(09.06월 이후)
9649,201803,0011981,다올투자증권 주식회사,C12,파생상품계약_장내파생상품_통화관련거래,0,국내증권사,B,SF205,각주항목(09.06월 이후)
9650,201803,0011981,다올투자증권 주식회사,C13,파생상품계약_장내파생상품_주식관련거래,47191500000,국내증권사,B,SF205,각주항목(09.06월 이후)
9651,201803,0011981,다올투자증권 주식회사,C14,파생상품계약_장내파생상품_일반상품관련거래,0,국내증권사,B,SF205,각주항목(09.06월 이후)
9652,201803,0011981,다올투자증권 주식회사,C15,파생상품계약_장내파생상품_기타,0,국내증권사,B,SF205,각주항목(09.06월 이후)
9653,201803,0011981,다올투자증권 주식회사,C2,파생상품계약_장외파생상품,16441725000,국내증권사,B,SF205,각주항목(09.06월 이후)
9654,201803,0011981,다올투자증권 주식회사,C21,파생상품계약_장외파생상품_이자율관련거래,0,국내증권사,B,SF205,각주항목(09.06월 이후)
9655,201803,0011981,다올투자증권 주식회사,C22,파생상품계약_장외파생상품_통화관련거래,16441725000,국내증권사,B,SF205,각주항목(09.06월 이후)
9656,201803,0011981,다올투자증권 주식회사,C23,파생상품계약_장외파생상품_주식관련거래,0,국내증권사,B,SF205,각주항목(09.06월 이후)
9657,201803,0011981,다올투자증권 주식회사,C24,파생상품계약_장외파생상품_신용관련거래,0,국내증권사,B,SF205,각주항목(09.06월 이후)
9658,201803,0011981,다올투자증권 주식회사,C25,파생상품계약_장외파생상품_기타,0,국내증권사,B,SF205,각주항목(09.06월 이후)
9659,201803,0011981,다올투자증권 주식회사,D,대차 및 대주거래,489600000,국내증권사,B,SF205,각주항목(09.06월 이후)
9660,201803,0011981,다올투자증권 주식회사,D1,대차 및 대주거래_대여증권,0,국내증권사,B,SF205,각주항목(09.06월 이후)
9661,201803,0011981,다올투자증권 주식회사,D2,대차 및 대주거래_차입증권,489600000,국내증권사,B,SF205,각주항목(09.06월 이후)
9662,201803,0011981,다올투자증권 주식회사,D3,대차 및 대주거래_신용거래대주, ,국내증권사,B,SF205,각주항목(09.06월 이후)
9663,201803,0011981,다올투자증권 주식회사,E,대손상각채권, ,국내증권사,B,SF205,각주항목(09.06월 이후)
9664,201803,0011981,다올투자증권 주식회사,F,환전업무 예치금,0,국내증권사,B,SF205,각주항목(09.06월 이후)
9665,201803,0011981,다올투자증권 주식회사,G,미배당별도예치금,0,국내증권사,B,SF205,각주항목(09.06월 이후)
9666,201803,0011981,다올투자증권 주식회사,H,배서어음매출(종금계정),0,국내증권사,B,SF205,각주항목(09.06월 이후)
9667,201803,0011981,다올투자증권 주식회사,H1,대출채권매매이익_담보부, ,국내증권사,B,SF205,각주항목(09.06월 이후)
9668,201803,0011981,다올투자증권 주식회사,H2,대출채권매매이익_무담보부, ,국내증권사,B,SF205,각주항목(09.06월 이후)
9669,201806,0011981,다올투자증권 주식회사,A,채무보증,202100000000,국내증권사,B,SF205,각주항목(09.06월 이후)
9670,201806,0011981,다올투자증권 주식회사,A1,채무보증_지급보증,0,국내증권사,B,SF205,각주항목(09.06월 이후)
9671,201806,0011981,다올투자증권 주식회사,A2,채무보증_매입보장약정,202100000000,국내증권사,B,SF205,각주항목(09.06월 이후)
9672,201806,0011981,다올투자증권 주식회사,A3,채무보증_채무인수약정,0,국내증권사,B,SF205,각주항목(09.06월 이후)
9673,201806,0011981,다올투자증권 주식회사,A5,채무보증_매입확약,0,국내증권사,B,SF205,각주항목(09.06월 이후)
9674,201806,0011981,다올투자증권 주식회사,A6,채무보증_기타,0,국내증권사,B,SF205,각주항목(09.06월 이후)
9675,201806,0011981,다올투자증권 주식회사,B,투자자의 예수증권 등,8285058912852,국내증권사,B,SF205,각주항목(09.06월 이후)
9676,201806,0011981,다올투자증권 주식회사,B1,투자자의 예수증권 등_예수 증권,8285058912852,국내증권사,B,SF205,각주항목(09.06월 이후)
9677,201806,0011981,다올투자증권 주식회사,B2,투자자의 예수증권 등_예수양도성예금증서,0,국내증권사,B,SF205,각주항목(09.06월 이후)
9678,201806,0011981,다올투자증권 주식회사,B3,투자자의 예수증권 등_기타, ,국내증권사,B,SF205,각주항목(09.06월 이후)
9679,201806,0011981,다올투자증권 주식회사,C,파생상품계약,2804250000,국내증권사,B,SF205,각주항목(09.06월 이후)
9680,201806,0011981,다올투자증권 주식회사,C1,파생상품계약_장내파생상품,0,국내증권사,B,SF205,각주항목(09.06월 이후)
9681,201806,0011981,다올투자증권 주식회사,C11,파생상품계약_장내파생상품_이자율관련거래,0,국내증권사,B,SF205,각주항목(09.06월 이후)
9682,201806,0011981,다올투자증권 주식회사,C12,파생상품계약_장내파생상품_통화관련거래,0,국내증권사,B,SF205,각주항목(09.06월 이후)
9683,201806,0011981,다올투자증권 주식회사,C13,파생상품계약_장내파생상품_주식관련거래,0,국내증권사,B,SF205,각주항목(09.06월 이후)
9684,201806,0011981,다올투자증권 주식회사,C14,파생상품계약_장내파생상품_일반상품관련거래,0,국내증권사,B,SF205,각주항목(09.06월 이후)
9685,201806,0011981,다올투자증권 주식회사,C15,파생상품계약_장내파생상품_기타,0,국내증권사,B,SF205,각주항목(09.06월 이후)
9686,201806,0011981,다올투자증권 주식회사,C2,파생상품계약_장외파생상품,2804250000,국내증권사,B,SF205,각주항목(09.06월 이후)
9687,201806,0011981,다올투자증권 주식회사,C21,파생상품계약_장외파생상품_이자율관련거래,0,국내증권사,B,SF205,각주항목(09.06월 이후)
9688,201806,0011981,다올투자증권 주식회사,C22,파생상품계약_장외파생상품_통화관련거래,2804250000,국내증권사,B,SF205,각주항목(09.06월 이후)
9689,201806,0011981,다올투자증권 주식회사,C23,파생상품계약_장외파생상품_주식관련거래,0,국내증권사,B,SF205,각주항목(09.06월 이후)
9690,201806,0011981,다올투자증권 주식회사,C24,파생상품계약_장외파생상품_신용관련거래,0,국내증권사,B,SF205,각주항목(09.06월 이후)
9691,201806,0011981,다올투자증권 주식회사,C25,파생상품계약_장외파생상품_기타,0,국내증권사,B,SF205,각주항목(09.06월 이후)
9692,201806,0011981,다올투자증권 주식회사,D,대차 및 대주거래,126812456280,국내증권사,B,SF205,각주항목(09.06월 이후)
9693,201806,0011981,다올투자증권 주식회사,D1,대차 및 대주거래_대여증권,0,국내증권사,B,SF205,각주항목(09.06월 이후)
9694,201806,0011981,다올투자증권 주식회사,D2,대차 및 대주거래_차입증권,126812456280,국내증권사,B,SF205,각주항목(09.06월 이후)
9695,201806,0011981,다올투자증권 주식회사,D3,대차 및 대주거래_신용거래대주,0,국내증권사,B,SF205,각주항목(09.06월 이후)
9696,201806,0011981,다올투자증권 주식회사,E,대손상각채권,0,국내증권사,B,SF205,각주항목(09.06월 이후)
9697,201806,0011981,다올투자증권 주식회사,F,환전업무 예치금,0,국내증권사,B,SF205,각주항목(09.06월 이후)
9698,201806,0011981,다올투자증권 주식회사,G,미배당별도예치금,0,국내증권사,B,SF205,각주항목(09.06월 이후)
9699,201806,0011981,다올투자증권 주식회사,H,배서어음매출(종금계정),0,국내증권사,B,SF205,각주항목(09.06월 이후)
9700,201806,0011981,다올투자증권 주식회사,H1,대출채권매매이익_담보부,0,국내증권사,B,SF205,각주항목(09.06월 이후)
9701,201806,0011981,다올투자증권 주식회사,H2,대출채권매매이익_무담보부,0,국내증권사,B,SF205,각주항목(09.06월 이후)
9702,201809,0011981,다올투자증권 주식회사,A,채무보증,207800000000,국내증권사,B,SF205,각주항목(09.06월 이후)
9703,201809,0011981,다올투자증권 주식회사,A1,채무보증_지급보증,0,국내증권사,B,SF205,각주항목(09.06월 이후)
9704,201809,0011981,다올투자증권 주식회사,A2,채무보증_매입보장약정,207800000000,국내증권사,B,SF205,각주항목(09.06월 이후)
9705,201809,0011981,다올투자증권 주식회사,A3,채무보증_채무인수약정,0,국내증권사,B,SF205,각주항목(09.06월 이후)
9706,201809,0011981,다올투자증권 주식회사,A5,채무보증_매입확약,0,국내증권사,B,SF205,각주항목(09.06월 이후)
9707,201809,0011981,다올투자증권 주식회사,A6,채무보증_기타,0,국내증권사,B,SF205,각주항목(09.06월 이후)
9708,201809,0011981,다올투자증권 주식회사,B,투자자의 예수증권 등,7713623535589,국내증권사,B,SF205,각주항목(09.06월 이후)
9709,201809,0011981,다올투자증권 주식회사,B1,투자자의 예수증권 등_예수 증권,7713623535589,국내증권사,B,SF205,각주항목(09.06월 이후)
9710,201809,0011981,다올투자증권 주식회사,B2,투자자의 예수증권 등_예수양도성예금증서,0,국내증권사,B,SF205,각주항목(09.06월 이후)
9711,201809,0011981,다올투자증권 주식회사,B3,투자자의 예수증권 등_기타, ,국내증권사,B,SF205,각주항목(09.06월 이후)
9712,201809,0011981,다올투자증권 주식회사,C,파생상품계약,7116950000,국내증권사,B,SF205,각주항목(09.06월 이후)
9713,201809,0011981,다올투자증권 주식회사,C1,파생상품계약_장내파생상품,4335200000,국내증권사,B,SF205,각주항목(09.06월 이후)
9714,201809,0011981,다올투자증권 주식회사,C11,파생상품계약_장내파생상품_이자율관련거래,4335200000,국내증권사,B,SF205,각주항목(09.06월 이후)
9715,201809,0011981,다올투자증권 주식회사,C12,파생상품계약_장내파생상품_통화관련거래,0,국내증권사,B,SF205,각주항목(09.06월 이후)
9716,201809,0011981,다올투자증권 주식회사,C13,파생상품계약_장내파생상품_주식관련거래,0,국내증권사,B,SF205,각주항목(09.06월 이후)
9717,201809,0011981,다올투자증권 주식회사,C14,파생상품계약_장내파생상품_일반상품관련거래,0,국내증권사,B,SF205,각주항목(09.06월 이후)
9718,201809,0011981,다올투자증권 주식회사,C15,파생상품계약_장내파생상품_기타,0,국내증권사,B,SF205,각주항목(09.06월 이후)
9719,201809,0011981,다올투자증권 주식회사,C2,파생상품계약_장외파생상품,2781750000,국내증권사,B,SF205,각주항목(09.06월 이후)
9720,201809,0011981,다올투자증권 주식회사,C21,파생상품계약_장외파생상품_이자율관련거래,0,국내증권사,B,SF205,각주항목(09.06월 이후)
9721,201809,0011981,다올투자증권 주식회사,C22,파생상품계약_장외파생상품_통화관련거래,2781750000,국내증권사,B,SF205,각주항목(09.06월 이후)
9722,201809,0011981,다올투자증권 주식회사,C23,파생상품계약_장외파생상품_주식관련거래,0,국내증권사,B,SF205,각주항목(09.06월 이후)
9723,201809,0011981,다올투자증권 주식회사,C24,파생상품계약_장외파생상품_신용관련거래,0,국내증권사,B,SF205,각주항목(09.06월 이후)
9724,201809,0011981,다올투자증권 주식회사,C25,파생상품계약_장외파생상품_기타,0,국내증권사,B,SF205,각주항목(09.06월 이후)
9725,201809,0011981,다올투자증권 주식회사,D,대차 및 대주거래,154100044600,국내증권사,B,SF205,각주항목(09.06월 이후)
9726,201809,0011981,다올투자증권 주식회사,D1,대차 및 대주거래_대여증권,0,국내증권사,B,SF205,각주항목(09.06월 이후)
9727,201809,0011981,다올투자증권 주식회사,D2,대차 및 대주거래_차입증권,154100044600,국내증권사,B,SF205,각주항목(09.06월 이후)
9728,201809,0011981,다올투자증권 주식회사,D3,대차 및 대주거래_신용거래대주, ,국내증권사,B,SF205,각주항목(09.06월 이후)
9729,201809,0011981,다올투자증권 주식회사,E,대손상각채권, ,국내증권사,B,SF205,각주항목(09.06월 이후)
9730,201809,0011981,다올투자증권 주식회사,F,환전업무 예치금,0,국내증권사,B,SF205,각주항목(09.06월 이후)
9731,201809,0011981,다올투자증권 주식회사,G,미배당별도예치금,0,국내증권사,B,SF205,각주항목(09.06월 이후)
9732,201809,0011981,다올투자증권 주식회사,H,배서어음매출(종금계정),0,국내증권사,B,SF205,각주항목(09.06월 이후)
9733,201809,0011981,다올투자증권 주식회사,H1,대출채권매매이익_담보부, ,국내증권사,B,SF205,각주항목(09.06월 이후)
9734,201809,0011981,다올투자증권 주식회사,H2,대출채권매매이익_무담보부, ,국내증권사,B,SF205,각주항목(09.06월 이후)
9735,201812,0011981,다올투자증권 주식회사,A,채무보증,166900000000,국내증권사,B,SF205,각주항목(09.06월 이후)
9736,201812,0011981,다올투자증권 주식회사,A1,채무보증_지급보증,0,국내증권사,B,SF205,각주항목(09.06월 이후)
9737,201812,0011981,다올투자증권 주식회사,A2,채무보증_매입보장약정,166900000000,국내증권사,B,SF205,각주항목(09.06월 이후)
9738,201812,0011981,다올투자증권 주식회사,A3,채무보증_채무인수약정, ,국내증권사,B,SF205,각주항목(09.06월 이후)
9739,201812,0011981,다올투자증권 주식회사,A5,채무보증_매입확약,0,국내증권사,B,SF205,각주항목(09.06월 이후)
9740,201812,0011981,다올투자증권 주식회사,A6,채무보증_기타, ,국내증권사,B,SF205,각주항목(09.06월 이후)
9741,201812,0011981,다올투자증권 주식회사,B,투자자의 예수증권 등,7008484239149,국내증권사,B,SF205,각주항목(09.06월 이후)
9742,201812,0011981,다올투자증권 주식회사,B1,투자자의 예수증권 등_예수 증권,7008484239149,국내증권사,B,SF205,각주항목(09.06월 이후)
9743,201812,0011981,다올투자증권 주식회사,B2,투자자의 예수증권 등_예수양도성예금증서, ,국내증권사,B,SF205,각주항목(09.06월 이후)
9744,201812,0011981,다올투자증권 주식회사,B3,투자자의 예수증권 등_기타, ,국내증권사,B,SF205,각주항목(09.06월 이후)
9745,201812,0011981,다올투자증권 주식회사,C,파생상품계약,37560100000,국내증권사,B,SF205,각주항목(09.06월 이후)
9746,201812,0011981,다올투자증권 주식회사,C1,파생상품계약_장내파생상품,34764850000,국내증권사,B,SF205,각주항목(09.06월 이후)
9747,201812,0011981,다올투자증권 주식회사,C11,파생상품계약_장내파생상품_이자율관련거래,34764850000,국내증권사,B,SF205,각주항목(09.06월 이후)
9748,201812,0011981,다올투자증권 주식회사,C12,파생상품계약_장내파생상품_통화관련거래,0,국내증권사,B,SF205,각주항목(09.06월 이후)
9749,201812,0011981,다올투자증권 주식회사,C13,파생상품계약_장내파생상품_주식관련거래,0,국내증권사,B,SF205,각주항목(09.06월 이후)
9750,201812,0011981,다올투자증권 주식회사,C14,파생상품계약_장내파생상품_일반상품관련거래,0,국내증권사,B,SF205,각주항목(09.06월 이후)
9751,201812,0011981,다올투자증권 주식회사,C15,파생상품계약_장내파생상품_기타,0,국내증권사,B,SF205,각주항목(09.06월 이후)
9752,201812,0011981,다올투자증권 주식회사,C2,파생상품계약_장외파생상품,2795250000,국내증권사,B,SF205,각주항목(09.06월 이후)
9753,201812,0011981,다올투자증권 주식회사,C21,파생상품계약_장외파생상품_이자율관련거래,0,국내증권사,B,SF205,각주항목(09.06월 이후)
9754,201812,0011981,다올투자증권 주식회사,C22,파생상품계약_장외파생상품_통화관련거래,2795250000,국내증권사,B,SF205,각주항목(09.06월 이후)
9755,201812,0011981,다올투자증권 주식회사,C23,파생상품계약_장외파생상품_주식관련거래,0,국내증권사,B,SF205,각주항목(09.06월 이후)
9756,201812,0011981,다올투자증권 주식회사,C24,파생상품계약_장외파생상품_신용관련거래,0,국내증권사,B,SF205,각주항목(09.06월 이후)
9757,201812,0011981,다올투자증권 주식회사,C25,파생상품계약_장외파생상품_기타,0,국내증권사,B,SF205,각주항목(09.06월 이후)
9758,201812,0011981,다올투자증권 주식회사,D,대차 및 대주거래,1017950000,국내증권사,B,SF205,각주항목(09.06월 이후)
9759,201812,0011981,다올투자증권 주식회사,D1,대차 및 대주거래_대여증권,0,국내증권사,B,SF205,각주항목(09.06월 이후)
9760,201812,0011981,다올투자증권 주식회사,D2,대차 및 대주거래_차입증권,1017950000,국내증권사,B,SF205,각주항목(09.06월 이후)
9761,201812,0011981,다올투자증권 주식회사,D3,대차 및 대주거래_신용거래대주, ,국내증권사,B,SF205,각주항목(09.06월 이후)
9762,201812,0011981,다올투자증권 주식회사,E,대손상각채권, ,국내증권사,B,SF205,각주항목(09.06월 이후)
9763,201812,0011981,다올투자증권 주식회사,F,환전업무 예치금,0,국내증권사,B,SF205,각주항목(09.06월 이후)
9764,201812,0011981,다올투자증권 주식회사,G,미배당별도예치금, ,국내증권사,B,SF205,각주항목(09.06월 이후)
9765,201812,0011981,다올투자증권 주식회사,H,배서어음매출(종금계정),0,국내증권사,B,SF205,각주항목(09.06월 이후)
9766,201812,0011981,다올투자증권 주식회사,H1,대출채권매매이익_담보부, ,국내증권사,B,SF205,각주항목(09.06월 이후)
9767,201812,0011981,다올투자증권 주식회사,H2,대출채권매매이익_무담보부, ,국내증권사,B,SF205,각주항목(09.06월 이후)
9768,201903,0011981,다올투자증권 주식회사,A,채무보증,393800000000,국내증권사,B,SF205,각주항목(09.06월 이후)
9769,201903,0011981,다올투자증권 주식회사,A1,채무보증_지급보증,0,국내증권사,B,SF205,각주항목(09.06월 이후)
9770,201903,0011981,다올투자증권 주식회사,A2,채무보증_매입보장약정,202600000000,국내증권사,B,SF205,각주항목(09.06월 이후)
9771,201903,0011981,다올투자증권 주식회사,A3,채무보증_채무인수약정,14400000000,국내증권사,B,SF205,각주항목(09.06월 이후)
9772,201903,0011981,다올투자증권 주식회사,A5,채무보증_매입확약,176800000000,국내증권사,B,SF205,각주항목(09.06월 이후)
9773,201903,0011981,다올투자증권 주식회사,A6,채무보증_기타, ,국내증권사,B,SF205,각주항목(09.06월 이후)
9774,201903,0011981,다올투자증권 주식회사,B,투자자의 예수증권 등,7451892272124,국내증권사,B,SF205,각주항목(09.06월 이후)
9775,201903,0011981,다올투자증권 주식회사,B1,투자자의 예수증권 등_예수 증권,7451892272124,국내증권사,B,SF205,각주항목(09.06월 이후)
9776,201903,0011981,다올투자증권 주식회사,B2,투자자의 예수증권 등_예수양도성예금증서, ,국내증권사,B,SF205,각주항목(09.06월 이후)
9777,201903,0011981,다올투자증권 주식회사,B3,투자자의 예수증권 등_기타, ,국내증권사,B,SF205,각주항목(09.06월 이후)
9778,201903,0011981,다올투자증권 주식회사,C,파생상품계약,360270326032,국내증권사,B,SF205,각주항목(09.06월 이후)
9779,201903,0011981,다올투자증권 주식회사,C1,파생상품계약_장내파생상품,148953350000,국내증권사,B,SF205,각주항목(09.06월 이후)
9780,201903,0011981,다올투자증권 주식회사,C11,파생상품계약_장내파생상품_이자율관련거래,148953350000,국내증권사,B,SF205,각주항목(09.06월 이후)
9781,201903,0011981,다올투자증권 주식회사,C12,파생상품계약_장내파생상품_통화관련거래,0,국내증권사,B,SF205,각주항목(09.06월 이후)
9782,201903,0011981,다올투자증권 주식회사,C13,파생상품계약_장내파생상품_주식관련거래,0,국내증권사,B,SF205,각주항목(09.06월 이후)
9783,201903,0011981,다올투자증권 주식회사,C14,파생상품계약_장내파생상품_일반상품관련거래,0,국내증권사,B,SF205,각주항목(09.06월 이후)
9784,201903,0011981,다올투자증권 주식회사,C15,파생상품계약_장내파생상품_기타,0,국내증권사,B,SF205,각주항목(09.06월 이후)
9785,201903,0011981,다올투자증권 주식회사,C2,파생상품계약_장외파생상품,211316976032,국내증권사,B,SF205,각주항목(09.06월 이후)
9786,201903,0011981,다올투자증권 주식회사,C21,파생상품계약_장외파생상품_이자율관련거래,0,국내증권사,B,SF205,각주항목(09.06월 이후)
9787,201903,0011981,다올투자증권 주식회사,C22,파생상품계약_장외파생상품_통화관련거래,8788576032,국내증권사,B,SF205,각주항목(09.06월 이후)
9788,201903,0011981,다올투자증권 주식회사,C23,파생상품계약_장외파생상품_주식관련거래,0,국내증권사,B,SF205,각주항목(09.06월 이후)
9789,201903,0011981,다올투자증권 주식회사,C24,파생상품계약_장외파생상품_신용관련거래,202528400000,국내증권사,B,SF205,각주항목(09.06월 이후)
9790,201903,0011981,다올투자증권 주식회사,C25,파생상품계약_장외파생상품_기타,0,국내증권사,B,SF205,각주항목(09.06월 이후)
9791,201903,0011981,다올투자증권 주식회사,D,대차 및 대주거래,319687500,국내증권사,B,SF205,각주항목(09.06월 이후)
9792,201903,0011981,다올투자증권 주식회사,D1,대차 및 대주거래_대여증권,0,국내증권사,B,SF205,각주항목(09.06월 이후)
9793,201903,0011981,다올투자증권 주식회사,D2,대차 및 대주거래_차입증권,319687500,국내증권사,B,SF205,각주항목(09.06월 이후)
9794,201903,0011981,다올투자증권 주식회사,D3,대차 및 대주거래_신용거래대주, ,국내증권사,B,SF205,각주항목(09.06월 이후)
9795,201903,0011981,다올투자증권 주식회사,E,대손상각채권, ,국내증권사,B,SF205,각주항목(09.06월 이후)
9796,201903,0011981,다올투자증권 주식회사,F,환전업무 예치금,0,국내증권사,B,SF205,각주항목(09.06월 이후)
9797,201903,0011981,다올투자증권 주식회사,G,미배당별도예치금, ,국내증권사,B,SF205,각주항목(09.06월 이후)
9798,201903,0011981,다올투자증권 주식회사,H,배서어음매출(종금계정),0,국내증권사,B,SF205,각주항목(09.06월 이후)
9799,201903,0011981,다올투자증권 주식회사,H1,대출채권매매이익_담보부, ,국내증권사,B,SF205,각주항목(09.06월 이후)
9800,201903,0011981,다올투자증권 주식회사,H2,대출채권매매이익_무담보부, ,국내증권사,B,SF205,각주항목(09.06월 이후)
9801,201906,0011981,다올투자증권 주식회사,A,채무보증,260600000000,국내증권사,B,SF205,각주항목(09.06월 이후)
9802,201906,0011981,다올투자증권 주식회사,A1,채무보증_지급보증,0,국내증권사,B,SF205,각주항목(09.06월 이후)
9803,201906,0011981,다올투자증권 주식회사,A2,채무보증_매입보장약정,173500000000,국내증권사,B,SF205,각주항목(09.06월 이후)
9804,201906,0011981,다올투자증권 주식회사,A3,채무보증_채무인수약정,0,국내증권사,B,SF205,각주항목(09.06월 이후)
9805,201906,0011981,다올투자증권 주식회사,A5,채무보증_매입확약,87100000000,국내증권사,B,SF205,각주항목(09.06월 이후)
9806,201906,0011981,다올투자증권 주식회사,A6,채무보증_기타, ,국내증권사,B,SF205,각주항목(09.06월 이후)
9807,201906,0011981,다올투자증권 주식회사,B,투자자의 예수증권 등,8348392269876,국내증권사,B,SF205,각주항목(09.06월 이후)
9808,201906,0011981,다올투자증권 주식회사,B1,투자자의 예수증권 등_예수 증권,8348392269876,국내증권사,B,SF205,각주항목(09.06월 이후)
9809,201906,0011981,다올투자증권 주식회사,B2,투자자의 예수증권 등_예수양도성예금증서,0,국내증권사,B,SF205,각주항목(09.06월 이후)
9810,201906,0011981,다올투자증권 주식회사,B3,투자자의 예수증권 등_기타, ,국내증권사,B,SF205,각주항목(09.06월 이후)
9811,201906,0011981,다올투자증권 주식회사,C,파생상품계약,957599316893,국내증권사,B,SF205,각주항목(09.06월 이후)
9812,201906,0011981,다올투자증권 주식회사,C1,파생상품계약_장내파생상품,433062300000,국내증권사,B,SF205,각주항목(09.06월 이후)
9813,201906,0011981,다올투자증권 주식회사,C11,파생상품계약_장내파생상품_이자율관련거래,433062300000,국내증권사,B,SF205,각주항목(09.06월 이후)
9814,201906,0011981,다올투자증권 주식회사,C12,파생상품계약_장내파생상품_통화관련거래,0,국내증권사,B,SF205,각주항목(09.06월 이후)
9815,201906,0011981,다올투자증권 주식회사,C13,파생상품계약_장내파생상품_주식관련거래,0,국내증권사,B,SF205,각주항목(09.06월 이후)
9816,201906,0011981,다올투자증권 주식회사,C14,파생상품계약_장내파생상품_일반상품관련거래,0,국내증권사,B,SF205,각주항목(09.06월 이후)
9817,201906,0011981,다올투자증권 주식회사,C15,파생상품계약_장내파생상품_기타,0,국내증권사,B,SF205,각주항목(09.06월 이후)
9818,201906,0011981,다올투자증권 주식회사,C2,파생상품계약_장외파생상품,524537016893,국내증권사,B,SF205,각주항목(09.06월 이후)
9819,201906,0011981,다올투자증권 주식회사,C21,파생상품계약_장외파생상품_이자율관련거래,0,국내증권사,B,SF205,각주항목(09.06월 이후)
9820,201906,0011981,다올투자증권 주식회사,C22,파생상품계약_장외파생상품_통화관련거래,24799416893,국내증권사,B,SF205,각주항목(09.06월 이후)
9821,201906,0011981,다올투자증권 주식회사,C23,파생상품계약_장외파생상품_주식관련거래,0,국내증권사,B,SF205,각주항목(09.06월 이후)
9822,201906,0011981,다올투자증권 주식회사,C24,파생상품계약_장외파생상품_신용관련거래,499737600000,국내증권사,B,SF205,각주항목(09.06월 이후)
9823,201906,0011981,다올투자증권 주식회사,C25,파생상품계약_장외파생상품_기타,0,국내증권사,B,SF205,각주항목(09.06월 이후)
9824,201906,0011981,다올투자증권 주식회사,D,대차 및 대주거래,24199240600,국내증권사,B,SF205,각주항목(09.06월 이후)
9825,201906,0011981,다올투자증권 주식회사,D1,대차 및 대주거래_대여증권,0,국내증권사,B,SF205,각주항목(09.06월 이후)
9826,201906,0011981,다올투자증권 주식회사,D2,대차 및 대주거래_차입증권,24199240600,국내증권사,B,SF205,각주항목(09.06월 이후)
9827,201906,0011981,다올투자증권 주식회사,D3,대차 및 대주거래_신용거래대주, ,국내증권사,B,SF205,각주항목(09.06월 이후)
9828,201906,0011981,다올투자증권 주식회사,E,대손상각채권, ,국내증권사,B,SF205,각주항목(09.06월 이후)
9829,201906,0011981,다올투자증권 주식회사,F,환전업무 예치금,0,국내증권사,B,SF205,각주항목(09.06월 이후)
9830,201906,0011981,다올투자증권 주식회사,G,미배당별도예치금,0,국내증권사,B,SF205,각주항목(09.06월 이후)
9831,201906,0011981,다올투자증권 주식회사,H,배서어음매출(종금계정),0,국내증권사,B,SF205,각주항목(09.06월 이후)
9832,201906,0011981,다올투자증권 주식회사,H1,대출채권매매이익_담보부, ,국내증권사,B,SF205,각주항목(09.06월 이후)
9833,201906,0011981,다올투자증권 주식회사,H2,대출채권매매이익_무담보부, ,국내증권사,B,SF205,각주항목(09.06월 이후)
9834,201909,0011981,다올투자증권 주식회사,A,채무보증,199100000000,국내증권사,B,SF205,각주항목(09.06월 이후)
9835,201909,0011981,다올투자증권 주식회사,A1,채무보증_지급보증,0,국내증권사,B,SF205,각주항목(09.06월 이후)
9836,201909,0011981,다올투자증권 주식회사,A2,채무보증_매입보장약정,159000000000,국내증권사,B,SF205,각주항목(09.06월 이후)
9837,201909,0011981,다올투자증권 주식회사,A3,채무보증_채무인수약정,0,국내증권사,B,SF205,각주항목(09.06월 이후)
9838,201909,0011981,다올투자증권 주식회사,A5,채무보증_매입확약,40100000000,국내증권사,B,SF205,각주항목(09.06월 이후)
9839,201909,0011981,다올투자증권 주식회사,A6,채무보증_기타, ,국내증권사,B,SF205,각주항목(09.06월 이후)
9840,201909,0011981,다올투자증권 주식회사,B,투자자의 예수증권 등,8337045171108,국내증권사,B,SF205,각주항목(09.06월 이후)
9841,201909,0011981,다올투자증권 주식회사,B1,투자자의 예수증권 등_예수 증권,8337045171108,국내증권사,B,SF205,각주항목(09.06월 이후)
9842,201909,0011981,다올투자증권 주식회사,B2,투자자의 예수증권 등_예수양도성예금증서,0,국내증권사,B,SF205,각주항목(09.06월 이후)
9843,201909,0011981,다올투자증권 주식회사,B3,투자자의 예수증권 등_기타, ,국내증권사,B,SF205,각주항목(09.06월 이후)
9844,201909,0011981,다올투자증권 주식회사,C,파생상품계약,1033252988162,국내증권사,B,SF205,각주항목(09.06월 이후)
9845,201909,0011981,다올투자증권 주식회사,C1,파생상품계약_장내파생상품,323368740000,국내증권사,B,SF205,각주항목(09.06월 이후)
9846,201909,0011981,다올투자증권 주식회사,C11,파생상품계약_장내파생상품_이자율관련거래,323368740000,국내증권사,B,SF205,각주항목(09.06월 이후)
9847,201909,0011981,다올투자증권 주식회사,C12,파생상품계약_장내파생상품_통화관련거래,0,국내증권사,B,SF205,각주항목(09.06월 이후)
9848,201909,0011981,다올투자증권 주식회사,C13,파생상품계약_장내파생상품_주식관련거래,0,국내증권사,B,SF205,각주항목(09.06월 이후)
9849,201909,0011981,다올투자증권 주식회사,C14,파생상품계약_장내파생상품_일반상품관련거래,0,국내증권사,B,SF205,각주항목(09.06월 이후)
9850,201909,0011981,다올투자증권 주식회사,C15,파생상품계약_장내파생상품_기타,0,국내증권사,B,SF205,각주항목(09.06월 이후)
9851,201909,0011981,다올투자증권 주식회사,C2,파생상품계약_장외파생상품,709884248162,국내증권사,B,SF205,각주항목(09.06월 이후)
9852,201909,0011981,다올투자증권 주식회사,C21,파생상품계약_장외파생상품_이자율관련거래,0,국내증권사,B,SF205,각주항목(09.06월 이후)
9853,201909,0011981,다올투자증권 주식회사,C22,파생상품계약_장외파생상품_통화관련거래,87610848162,국내증권사,B,SF205,각주항목(09.06월 이후)
9854,201909,0011981,다올투자증권 주식회사,C23,파생상품계약_장외파생상품_주식관련거래,0,국내증권사,B,SF205,각주항목(09.06월 이후)
9855,201909,0011981,다올투자증권 주식회사,C24,파생상품계약_장외파생상품_신용관련거래,622273400000,국내증권사,B,SF205,각주항목(09.06월 이후)
9856,201909,0011981,다올투자증권 주식회사,C25,파생상품계약_장외파생상품_기타,0,국내증권사,B,SF205,각주항목(09.06월 이후)
9857,201909,0011981,다올투자증권 주식회사,D,대차 및 대주거래,72592821700,국내증권사,B,SF205,각주항목(09.06월 이후)
9858,201909,0011981,다올투자증권 주식회사,D1,대차 및 대주거래_대여증권,0,국내증권사,B,SF205,각주항목(09.06월 이후)
9859,201909,0011981,다올투자증권 주식회사,D2,대차 및 대주거래_차입증권,72592821700,국내증권사,B,SF205,각주항목(09.06월 이후)
9860,201909,0011981,다올투자증권 주식회사,D3,대차 및 대주거래_신용거래대주, ,국내증권사,B,SF205,각주항목(09.06월 이후)
9861,201909,0011981,다올투자증권 주식회사,E,대손상각채권, ,국내증권사,B,SF205,각주항목(09.06월 이후)
9862,201909,0011981,다올투자증권 주식회사,F,환전업무 예치금,0,국내증권사,B,SF205,각주항목(09.06월 이후)
9863,201909,0011981,다올투자증권 주식회사,G,미배당별도예치금,0,국내증권사,B,SF205,각주항목(09.06월 이후)
9864,201909,0011981,다올투자증권 주식회사,H,배서어음매출(종금계정),0,국내증권사,B,SF205,각주항목(09.06월 이후)
9865,201909,0011981,다올투자증권 주식회사,H1,대출채권매매이익_담보부, ,국내증권사,B,SF205,각주항목(09.06월 이후)
9866,201909,0011981,다올투자증권 주식회사,H2,대출채권매매이익_무담보부, ,국내증권사,B,SF205,각주항목(09.06월 이후)
9867,201912,0011981,다올투자증권 주식회사,A,채무보증,316300000000,국내증권사,B,SF205,각주항목(09.06월 이후)
9868,201912,0011981,다올투자증권 주식회사,A1,채무보증_지급보증,0,국내증권사,B,SF205,각주항목(09.06월 이후)
9869,201912,0011981,다올투자증권 주식회사,A2,채무보증_매입보장약정,137400000000,국내증권사,B,SF205,각주항목(09.06월 이후)
9870,201912,0011981,다올투자증권 주식회사,A3,채무보증_채무인수약정,0,국내증권사,B,SF205,각주항목(09.06월 이후)
9871,201912,0011981,다올투자증권 주식회사,A5,채무보증_매입확약,178900000000,국내증권사,B,SF205,각주항목(09.06월 이후)
9872,201912,0011981,다올투자증권 주식회사,A6,채무보증_기타, ,국내증권사,B,SF205,각주항목(09.06월 이후)
9873,201912,0011981,다올투자증권 주식회사,B,투자자의 예수증권 등,9301423146851,국내증권사,B,SF205,각주항목(09.06월 이후)
9874,201912,0011981,다올투자증권 주식회사,B1,투자자의 예수증권 등_예수 증권,9301423146851,국내증권사,B,SF205,각주항목(09.06월 이후)
9875,201912,0011981,다올투자증권 주식회사,B2,투자자의 예수증권 등_예수양도성예금증서,0,국내증권사,B,SF205,각주항목(09.06월 이후)
9876,201912,0011981,다올투자증권 주식회사,B3,투자자의 예수증권 등_기타, ,국내증권사,B,SF205,각주항목(09.06월 이후)
9877,201912,0011981,다올투자증권 주식회사,C,파생상품계약,1360375002906,국내증권사,B,SF205,각주항목(09.06월 이후)
9878,201912,0011981,다올투자증권 주식회사,C1,파생상품계약_장내파생상품,71997160000,국내증권사,B,SF205,각주항목(09.06월 이후)
9879,201912,0011981,다올투자증권 주식회사,C11,파생상품계약_장내파생상품_이자율관련거래,71997160000,국내증권사,B,SF205,각주항목(09.06월 이후)
9880,201912,0011981,다올투자증권 주식회사,C12,파생상품계약_장내파생상품_통화관련거래,0,국내증권사,B,SF205,각주항목(09.06월 이후)
9881,201912,0011981,다올투자증권 주식회사,C13,파생상품계약_장내파생상품_주식관련거래,0,국내증권사,B,SF205,각주항목(09.06월 이후)
9882,201912,0011981,다올투자증권 주식회사,C14,파생상품계약_장내파생상품_일반상품관련거래,0,국내증권사,B,SF205,각주항목(09.06월 이후)
9883,201912,0011981,다올투자증권 주식회사,C15,파생상품계약_장내파생상품_기타,0,국내증권사,B,SF205,각주항목(09.06월 이후)
9884,201912,0011981,다올투자증권 주식회사,C2,파생상품계약_장외파생상품,1288377842906,국내증권사,B,SF205,각주항목(09.06월 이후)
9885,201912,0011981,다올투자증권 주식회사,C21,파생상품계약_장외파생상품_이자율관련거래,400000000000,국내증권사,B,SF205,각주항목(09.06월 이후)
9886,201912,0011981,다올투자증권 주식회사,C22,파생상품계약_장외파생상품_통화관련거래,88637442906,국내증권사,B,SF205,각주항목(09.06월 이후)
9887,201912,0011981,다올투자증권 주식회사,C23,파생상품계약_장외파생상품_주식관련거래,0,국내증권사,B,SF205,각주항목(09.06월 이후)
9888,201912,0011981,다올투자증권 주식회사,C24,파생상품계약_장외파생상품_신용관련거래,799740400000,국내증권사,B,SF205,각주항목(09.06월 이후)
9889,201912,0011981,다올투자증권 주식회사,C25,파생상품계약_장외파생상품_기타,0,국내증권사,B,SF205,각주항목(09.06월 이후)
9890,201912,0011981,다올투자증권 주식회사,D,대차 및 대주거래,179843240155,국내증권사,B,SF205,각주항목(09.06월 이후)
9891,201912,0011981,다올투자증권 주식회사,D1,대차 및 대주거래_대여증권,0,국내증권사,B,SF205,각주항목(09.06월 이후)
9892,201912,0011981,다올투자증권 주식회사,D2,대차 및 대주거래_차입증권,179843240155,국내증권사,B,SF205,각주항목(09.06월 이후)
9893,201912,0011981,다올투자증권 주식회사,D3,대차 및 대주거래_신용거래대주, ,국내증권사,B,SF205,각주항목(09.06월 이후)
9894,201912,0011981,다올투자증권 주식회사,E,대손상각채권, ,국내증권사,B,SF205,각주항목(09.06월 이후)
9895,201912,0011981,다올투자증권 주식회사,F,환전업무 예치금,0,국내증권사,B,SF205,각주항목(09.06월 이후)
9896,201912,0011981,다올투자증권 주식회사,G,미배당별도예치금,0,국내증권사,B,SF205,각주항목(09.06월 이후)
9897,201912,0011981,다올투자증권 주식회사,H,배서어음매출(종금계정),0,국내증권사,B,SF205,각주항목(09.06월 이후)
9898,201912,0011981,다올투자증권 주식회사,H1,대출채권매매이익_담보부, ,국내증권사,B,SF205,각주항목(09.06월 이후)
9899,201912,0011981,다올투자증권 주식회사,H2,대출채권매매이익_무담보부, ,국내증권사,B,SF205,각주항목(09.06월 이후)
9900,202003,0011981,다올투자증권 주식회사,A,채무보증,241900000000,국내증권사,B,SF205,각주항목(09.06월 이후)
9901,202003,0011981,다올투자증권 주식회사,A1,채무보증_지급보증,0,국내증권사,B,SF205,각주항목(09.06월 이후)
9902,202003,0011981,다올투자증권 주식회사,A2,채무보증_매입보장약정,91500000000,국내증권사,B,SF205,각주항목(09.06월 이후)
9903,202003,0011981,다올투자증권 주식회사,A3,채무보증_채무인수약정, ,국내증권사,B,SF205,각주항목(09.06월 이후)
9904,202003,0011981,다올투자증권 주식회사,A5,채무보증_매입확약,150400000000,국내증권사,B,SF205,각주항목(09.06월 이후)
9905,202003,0011981,다올투자증권 주식회사,A6,채무보증_기타, ,국내증권사,B,SF205,각주항목(09.06월 이후)
9906,202003,0011981,다올투자증권 주식회사,B,투자자의 예수증권 등,9160316259346,국내증권사,B,SF205,각주항목(09.06월 이후)
9907,202003,0011981,다올투자증권 주식회사,B1,투자자의 예수증권 등_예수 증권,9160316259346,국내증권사,B,SF205,각주항목(09.06월 이후)
9908,202003,0011981,다올투자증권 주식회사,B2,투자자의 예수증권 등_예수양도성예금증서, ,국내증권사,B,SF205,각주항목(09.06월 이후)
9909,202003,0011981,다올투자증권 주식회사,B3,투자자의 예수증권 등_기타, ,국내증권사,B,SF205,각주항목(09.06월 이후)
9910,202003,0011981,다올투자증권 주식회사,C,파생상품계약,1594063243869,국내증권사,B,SF205,각주항목(09.06월 이후)
9911,202003,0011981,다올투자증권 주식회사,C1,파생상품계약_장내파생상품,198514975000,국내증권사,B,SF205,각주항목(09.06월 이후)
9912,202003,0011981,다올투자증권 주식회사,C11,파생상품계약_장내파생상품_이자율관련거래,194239600000,국내증권사,B,SF205,각주항목(09.06월 이후)
9913,202003,0011981,다올투자증권 주식회사,C12,파생상품계약_장내파생상품_통화관련거래,912375000,국내증권사,B,SF205,각주항목(09.06월 이후)
9914,202003,0011981,다올투자증권 주식회사,C13,파생상품계약_장내파생상품_주식관련거래,3363000000,국내증권사,B,SF205,각주항목(09.06월 이후)
9915,202003,0011981,다올투자증권 주식회사,C14,파생상품계약_장내파생상품_일반상품관련거래,0,국내증권사,B,SF205,각주항목(09.06월 이후)
9916,202003,0011981,다올투자증권 주식회사,C15,파생상품계약_장내파생상품_기타,0,국내증권사,B,SF205,각주항목(09.06월 이후)
9917,202003,0011981,다올투자증권 주식회사,C2,파생상품계약_장외파생상품,1395548268869,국내증권사,B,SF205,각주항목(09.06월 이후)
9918,202003,0011981,다올투자증권 주식회사,C21,파생상품계약_장외파생상품_이자율관련거래,480000000000,국내증권사,B,SF205,각주항목(09.06월 이후)
9919,202003,0011981,다올투자증권 주식회사,C22,파생상품계약_장외파생상품_통화관련거래,82241468869,국내증권사,B,SF205,각주항목(09.06월 이후)
9920,202003,0011981,다올투자증권 주식회사,C23,파생상품계약_장외파생상품_주식관련거래,0,국내증권사,B,SF205,각주항목(09.06월 이후)
9921,202003,0011981,다올투자증권 주식회사,C24,파생상품계약_장외파생상품_신용관련거래,833306800000,국내증권사,B,SF205,각주항목(09.06월 이후)
9922,202003,0011981,다올투자증권 주식회사,C25,파생상품계약_장외파생상품_기타,0,국내증권사,B,SF205,각주항목(09.06월 이후)
9923,202003,0011981,다올투자증권 주식회사,D,대차 및 대주거래,230617464700,국내증권사,B,SF205,각주항목(09.06월 이후)
9924,202003,0011981,다올투자증권 주식회사,D1,대차 및 대주거래_대여증권,0,국내증권사,B,SF205,각주항목(09.06월 이후)
9925,202003,0011981,다올투자증권 주식회사,D2,대차 및 대주거래_차입증권,230617464700,국내증권사,B,SF205,각주항목(09.06월 이후)
9926,202003,0011981,다올투자증권 주식회사,D3,대차 및 대주거래_신용거래대주, ,국내증권사,B,SF205,각주항목(09.06월 이후)
9927,202003,0011981,다올투자증권 주식회사,E,대손상각채권, ,국내증권사,B,SF205,각주항목(09.06월 이후)
9928,202003,0011981,다올투자증권 주식회사,F,환전업무 예치금,0,국내증권사,B,SF205,각주항목(09.06월 이후)
9929,202003,0011981,다올투자증권 주식회사,G,미배당별도예치금, ,국내증권사,B,SF205,각주항목(09.06월 이후)
9930,202003,0011981,다올투자증권 주식회사,H,배서어음매출(종금계정),0,국내증권사,B,SF205,각주항목(09.06월 이후)
9931,202003,0011981,다올투자증권 주식회사,H1,대출채권매매이익_담보부, ,국내증권사,B,SF205,각주항목(09.06월 이후)
9932,202003,0011981,다올투자증권 주식회사,H2,대출채권매매이익_무담보부, ,국내증권사,B,SF205,각주항목(09.06월 이후)
9933,202006,0011981,다올투자증권 주식회사,A,채무보증,286500000000,국내증권사,B,SF205,각주항목(09.06월 이후)
9934,202006,0011981,다올투자증권 주식회사,A1,채무보증_지급보증,0,국내증권사,B,SF205,각주항목(09.06월 이후)
9935,202006,0011981,다올투자증권 주식회사,A2,채무보증_매입보장약정,113500000000,국내증권사,B,SF205,각주항목(09.06월 이후)
9936,202006,0011981,다올투자증권 주식회사,A3,채무보증_채무인수약정,0,국내증권사,B,SF205,각주항목(09.06월 이후)
9937,202006,0011981,다올투자증권 주식회사,A5,채무보증_매입확약,173000000000,국내증권사,B,SF205,각주항목(09.06월 이후)
9938,202006,0011981,다올투자증권 주식회사,A6,채무보증_기타, ,국내증권사,B,SF205,각주항목(09.06월 이후)
9939,202006,0011981,다올투자증권 주식회사,B,투자자의 예수증권 등,10872732864797,국내증권사,B,SF205,각주항목(09.06월 이후)
9940,202006,0011981,다올투자증권 주식회사,B1,투자자의 예수증권 등_예수 증권,10872732864797,국내증권사,B,SF205,각주항목(09.06월 이후)
9941,202006,0011981,다올투자증권 주식회사,B2,투자자의 예수증권 등_예수양도성예금증서,0,국내증권사,B,SF205,각주항목(09.06월 이후)
9942,202006,0011981,다올투자증권 주식회사,B3,투자자의 예수증권 등_기타, ,국내증권사,B,SF205,각주항목(09.06월 이후)
9943,202006,0011981,다올투자증권 주식회사,C,파생상품계약,1913231104078,국내증권사,B,SF205,각주항목(09.06월 이후)
9944,202006,0011981,다올투자증권 주식회사,C1,파생상품계약_장내파생상품,62921708100,국내증권사,B,SF205,각주항목(09.06월 이후)
9945,202006,0011981,다올투자증권 주식회사,C11,파생상품계약_장내파생상품_이자율관련거래,58428700000,국내증권사,B,SF205,각주항목(09.06월 이후)
9946,202006,0011981,다올투자증권 주식회사,C12,파생상품계약_장내파생상품_통화관련거래,1802550000,국내증권사,B,SF205,각주항목(09.06월 이후)
9947,202006,0011981,다올투자증권 주식회사,C13,파생상품계약_장내파생상품_주식관련거래,2690458100,국내증권사,B,SF205,각주항목(09.06월 이후)
9948,202006,0011981,다올투자증권 주식회사,C14,파생상품계약_장내파생상품_일반상품관련거래,0,국내증권사,B,SF205,각주항목(09.06월 이후)
9949,202006,0011981,다올투자증권 주식회사,C15,파생상품계약_장내파생상품_기타,0,국내증권사,B,SF205,각주항목(09.06월 이후)
9950,202006,0011981,다올투자증권 주식회사,C2,파생상품계약_장외파생상품,1850309395978,국내증권사,B,SF205,각주항목(09.06월 이후)
9951,202006,0011981,다올투자증권 주식회사,C21,파생상품계약_장외파생상품_이자율관련거래,820000000000,국내증권사,B,SF205,각주항목(09.06월 이후)
9952,202006,0011981,다올투자증권 주식회사,C22,파생상품계약_장외파생상품_통화관련거래,8346795978,국내증권사,B,SF205,각주항목(09.06월 이후)
9953,202006,0011981,다올투자증권 주식회사,C23,파생상품계약_장외파생상품_주식관련거래,0,국내증권사,B,SF205,각주항목(09.06월 이후)
9954,202006,0011981,다올투자증권 주식회사,C24,파생상품계약_장외파생상품_신용관련거래,1021962600000,국내증권사,B,SF205,각주항목(09.06월 이후)
9955,202006,0011981,다올투자증권 주식회사,C25,파생상품계약_장외파생상품_기타,0,국내증권사,B,SF205,각주항목(09.06월 이후)
9956,202006,0011981,다올투자증권 주식회사,D,대차 및 대주거래,35862410900,국내증권사,B,SF205,각주항목(09.06월 이후)
9957,202006,0011981,다올투자증권 주식회사,D1,대차 및 대주거래_대여증권,0,국내증권사,B,SF205,각주항목(09.06월 이후)
9958,202006,0011981,다올투자증권 주식회사,D2,대차 및 대주거래_차입증권,35862410900,국내증권사,B,SF205,각주항목(09.06월 이후)
9959,202006,0011981,다올투자증권 주식회사,D3,대차 및 대주거래_신용거래대주, ,국내증권사,B,SF205,각주항목(09.06월 이후)
9960,202006,0011981,다올투자증권 주식회사,E,대손상각채권, ,국내증권사,B,SF205,각주항목(09.06월 이후)
9961,202006,0011981,다올투자증권 주식회사,F,환전업무 예치금,0,국내증권사,B,SF205,각주항목(09.06월 이후)
9962,202006,0011981,다올투자증권 주식회사,G,미배당별도예치금,0,국내증권사,B,SF205,각주항목(09.06월 이후)
9963,202006,0011981,다올투자증권 주식회사,H,배서어음매출(종금계정),0,국내증권사,B,SF205,각주항목(09.06월 이후)
9964,202006,0011981,다올투자증권 주식회사,H1,대출채권매매이익_담보부, ,국내증권사,B,SF205,각주항목(09.06월 이후)
9965,202006,0011981,다올투자증권 주식회사,H2,대출채권매매이익_무담보부, ,국내증권사,B,SF205,각주항목(09.06월 이후)
9966,202009,0011981,다올투자증권 주식회사,A,채무보증,350800000000,국내증권사,B,SF205,각주항목(09.06월 이후)
9967,202009,0011981,다올투자증권 주식회사,A1,채무보증_지급보증,0,국내증권사,B,SF205,각주항목(09.06월 이후)
9968,202009,0011981,다올투자증권 주식회사,A2,채무보증_매입보장약정,76000000000,국내증권사,B,SF205,각주항목(09.06월 이후)
9969,202009,0011981,다올투자증권 주식회사,A3,채무보증_채무인수약정,0,국내증권사,B,SF205,각주항목(09.06월 이후)
9970,202009,0011981,다올투자증권 주식회사,A5,채무보증_매입확약,274800000000,국내증권사,B,SF205,각주항목(09.06월 이후)
9971,202009,0011981,다올투자증권 주식회사,A6,채무보증_기타, ,국내증권사,B,SF205,각주항목(09.06월 이후)
9972,202009,0011981,다올투자증권 주식회사,B,투자자의 예수증권 등,11699555186757,국내증권사,B,SF205,각주항목(09.06월 이후)
9973,202009,0011981,다올투자증권 주식회사,B1,투자자의 예수증권 등_예수 증권,11699555186757,국내증권사,B,SF205,각주항목(09.06월 이후)
9974,202009,0011981,다올투자증권 주식회사,B2,투자자의 예수증권 등_예수양도성예금증서,0,국내증권사,B,SF205,각주항목(09.06월 이후)
9975,202009,0011981,다올투자증권 주식회사,B3,투자자의 예수증권 등_기타, ,국내증권사,B,SF205,각주항목(09.06월 이후)
9976,202009,0011981,다올투자증권 주식회사,C,파생상품계약,3254447040917,국내증권사,B,SF205,각주항목(09.06월 이후)
9977,202009,0011981,다올투자증권 주식회사,C1,파생상품계약_장내파생상품,271886595500,국내증권사,B,SF205,각주항목(09.06월 이후)
9978,202009,0011981,다올투자증권 주식회사,C11,파생상품계약_장내파생상품_이자율관련거래,265381920000,국내증권사,B,SF205,각주항목(09.06월 이후)
9979,202009,0011981,다올투자증권 주식회사,C12,파생상품계약_장내파생상품_통화관련거래,0,국내증권사,B,SF205,각주항목(09.06월 이후)
9980,202009,0011981,다올투자증권 주식회사,C13,파생상품계약_장내파생상품_주식관련거래,6504675500,국내증권사,B,SF205,각주항목(09.06월 이후)
9981,202009,0011981,다올투자증권 주식회사,C14,파생상품계약_장내파생상품_일반상품관련거래,0,국내증권사,B,SF205,각주항목(09.06월 이후)
9982,202009,0011981,다올투자증권 주식회사,C15,파생상품계약_장내파생상품_기타,0,국내증권사,B,SF205,각주항목(09.06월 이후)
9983,202009,0011981,다올투자증권 주식회사,C2,파생상품계약_장외파생상품,2982560445417,국내증권사,B,SF205,각주항목(09.06월 이후)
9984,202009,0011981,다올투자증권 주식회사,C21,파생상품계약_장외파생상품_이자율관련거래,1340000000000,국내증권사,B,SF205,각주항목(09.06월 이후)
9985,202009,0011981,다올투자증권 주식회사,C22,파생상품계약_장외파생상품_통화관련거래,135014262092,국내증권사,B,SF205,각주항목(09.06월 이후)
9986,202009,0011981,다올투자증권 주식회사,C23,파생상품계약_장외파생상품_주식관련거래,0,국내증권사,B,SF205,각주항목(09.06월 이후)
9987,202009,0011981,다올투자증권 주식회사,C24,파생상품계약_장외파생상품_신용관련거래,1507546183325,국내증권사,B,SF205,각주항목(09.06월 이후)
9988,202009,0011981,다올투자증권 주식회사,C25,파생상품계약_장외파생상품_기타,0,국내증권사,B,SF205,각주항목(09.06월 이후)
9989,202009,0011981,다올투자증권 주식회사,D,대차 및 대주거래,272952876000,국내증권사,B,SF205,각주항목(09.06월 이후)
9990,202009,0011981,다올투자증권 주식회사,D1,대차 및 대주거래_대여증권,0,국내증권사,B,SF205,각주항목(09.06월 이후)
9991,202009,0011981,다올투자증권 주식회사,D2,대차 및 대주거래_차입증권,272952876000,국내증권사,B,SF205,각주항목(09.06월 이후)
9992,202009,0011981,다올투자증권 주식회사,D3,대차 및 대주거래_신용거래대주, ,국내증권사,B,SF205,각주항목(09.06월 이후)
9993,202009,0011981,다올투자증권 주식회사,E,대손상각채권, ,국내증권사,B,SF205,각주항목(09.06월 이후)
9994,202009,0011981,다올투자증권 주식회사,F,환전업무 예치금,0,국내증권사,B,SF205,각주항목(09.06월 이후)
9995,202009,0011981,다올투자증권 주식회사,G,미배당별도예치금,0,국내증권사,B,SF205,각주항목(09.06월 이후)
9996,202009,0011981,다올투자증권 주식회사,H,배서어음매출(종금계정),0,국내증권사,B,SF205,각주항목(09.06월 이후)
9997,202009,0011981,다올투자증권 주식회사,H1,대출채권매매이익_담보부, ,국내증권사,B,SF205,각주항목(09.06월 이후)
9998,202009,0011981,다올투자증권 주식회사,H2,대출채권매매이익_무담보부, ,국내증권사,B,SF205,각주항목(09.06월 이후)
9999,202012,0011981,다올투자증권 주식회사,A,채무보증,500600000000,국내증권사,B,SF205,각주항목(09.06월 이후)
10000,202012,0011981,다올투자증권 주식회사,A1,채무보증_지급보증,0,국내증권사,B,SF205,각주항목(09.06월 이후)
10001,202012,0011981,다올투자증권 주식회사,A2,채무보증_매입보장약정,136600000000,국내증권사,B,SF205,각주항목(09.06월 이후)
10002,202012,0011981,다올투자증권 주식회사,A3,채무보증_채무인수약정,0,국내증권사,B,SF205,각주항목(09.06월 이후)
10003,202012,0011981,다올투자증권 주식회사,A5,채무보증_매입확약,364000000000,국내증권사,B,SF205,각주항목(09.06월 이후)
10004,202012,0011981,다올투자증권 주식회사,A6,채무보증_기타, ,국내증권사,B,SF205,각주항목(09.06월 이후)
10005,202012,0011981,다올투자증권 주식회사,B,투자자의 예수증권 등,12528174320389,국내증권사,B,SF205,각주항목(09.06월 이후)
10006,202012,0011981,다올투자증권 주식회사,B1,투자자의 예수증권 등_예수 증권,12528174320389,국내증권사,B,SF205,각주항목(09.06월 이후)
10007,202012,0011981,다올투자증권 주식회사,B2,투자자의 예수증권 등_예수양도성예금증서,0,국내증권사,B,SF205,각주항목(09.06월 이후)
10008,202012,0011981,다올투자증권 주식회사,B3,투자자의 예수증권 등_기타, ,국내증권사,B,SF205,각주항목(09.06월 이후)
10009,202012,0011981,다올투자증권 주식회사,C,파생상품계약,3182528981198,국내증권사,B,SF205,각주항목(09.06월 이후)
10010,202012,0011981,다올투자증권 주식회사,C1,파생상품계약_장내파생상품,258026740000,국내증권사,B,SF205,각주항목(09.06월 이후)
10011,202012,0011981,다올투자증권 주식회사,C11,파생상품계약_장내파생상품_이자율관련거래,258026740000,국내증권사,B,SF205,각주항목(09.06월 이후)
10012,202012,0011981,다올투자증권 주식회사,C12,파생상품계약_장내파생상품_통화관련거래,0,국내증권사,B,SF205,각주항목(09.06월 이후)
10013,202012,0011981,다올투자증권 주식회사,C13,파생상품계약_장내파생상품_주식관련거래,0,국내증권사,B,SF205,각주항목(09.06월 이후)
10014,202012,0011981,다올투자증권 주식회사,C14,파생상품계약_장내파생상품_일반상품관련거래,0,국내증권사,B,SF205,각주항목(09.06월 이후)
10015,202012,0011981,다올투자증권 주식회사,C15,파생상품계약_장내파생상품_기타,0,국내증권사,B,SF205,각주항목(09.06월 이후)
10016,202012,0011981,다올투자증권 주식회사,C2,파생상품계약_장외파생상품,2924502241198,국내증권사,B,SF205,각주항목(09.06월 이후)
10017,202012,0011981,다올투자증권 주식회사,C21,파생상품계약_장외파생상품_이자율관련거래,1340000000000,국내증권사,B,SF205,각주항목(09.06월 이후)
10018,202012,0011981,다올투자증권 주식회사,C22,파생상품계약_장외파생상품_통화관련거래,130722219505,국내증권사,B,SF205,각주항목(09.06월 이후)
10019,202012,0011981,다올투자증권 주식회사,C23,파생상품계약_장외파생상품_주식관련거래,0,국내증권사,B,SF205,각주항목(09.06월 이후)
10020,202012,0011981,다올투자증권 주식회사,C24,파생상품계약_장외파생상품_신용관련거래,1453780021693,국내증권사,B,SF205,각주항목(09.06월 이후)
10021,202012,0011981,다올투자증권 주식회사,C25,파생상품계약_장외파생상품_기타,0,국내증권사,B,SF205,각주항목(09.06월 이후)
10022,202012,0011981,다올투자증권 주식회사,D,대차 및 대주거래,251938640800,국내증권사,B,SF205,각주항목(09.06월 이후)
10023,202012,0011981,다올투자증권 주식회사,D1,대차 및 대주거래_대여증권,0,국내증권사,B,SF205,각주항목(09.06월 이후)
10024,202012,0011981,다올투자증권 주식회사,D2,대차 및 대주거래_차입증권,251938640800,국내증권사,B,SF205,각주항목(09.06월 이후)
10025,202012,0011981,다올투자증권 주식회사,D3,대차 및 대주거래_신용거래대주, ,국내증권사,B,SF205,각주항목(09.06월 이후)
10026,202012,0011981,다올투자증권 주식회사,E,대손상각채권, ,국내증권사,B,SF205,각주항목(09.06월 이후)
10027,202012,0011981,다올투자증권 주식회사,F,환전업무 예치금,0,국내증권사,B,SF205,각주항목(09.06월 이후)
10028,202012,0011981,다올투자증권 주식회사,G,미배당별도예치금,0,국내증권사,B,SF205,각주항목(09.06월 이후)
10029,202012,0011981,다올투자증권 주식회사,H,배서어음매출(종금계정),0,국내증권사,B,SF205,각주항목(09.06월 이후)
10030,202012,0011981,다올투자증권 주식회사,H1,대출채권매매이익_담보부, ,국내증권사,B,SF205,각주항목(09.06월 이후)
10031,202012,0011981,다올투자증권 주식회사,H2,대출채권매매이익_무담보부, ,국내증권사,B,SF205,각주항목(09.06월 이후)
10032,202103,0011981,다올투자증권 주식회사,A,채무보증,524000000000,국내증권사,B,SF205,각주항목(09.06월 이후)
10033,202103,0011981,다올투자증권 주식회사,A1,채무보증_지급보증,0,국내증권사,B,SF205,각주항목(09.06월 이후)
10034,202103,0011981,다올투자증권 주식회사,A2,채무보증_매입보장약정,136600000000,국내증권사,B,SF205,각주항목(09.06월 이후)
10035,202103,0011981,다올투자증권 주식회사,A3,채무보증_채무인수약정,0,국내증권사,B,SF205,각주항목(09.06월 이후)
10036,202103,0011981,다올투자증권 주식회사,A5,채무보증_매입확약,387400000000,국내증권사,B,SF205,각주항목(09.06월 이후)
10037,202103,0011981,다올투자증권 주식회사,A6,채무보증_기타, ,국내증권사,B,SF205,각주항목(09.06월 이후)
10038,202103,0011981,다올투자증권 주식회사,B,투자자의 예수증권 등,14433291934539,국내증권사,B,SF205,각주항목(09.06월 이후)
10039,202103,0011981,다올투자증권 주식회사,B1,투자자의 예수증권 등_예수 증권,14433291934539,국내증권사,B,SF205,각주항목(09.06월 이후)
10040,202103,0011981,다올투자증권 주식회사,B2,투자자의 예수증권 등_예수양도성예금증서,0,국내증권사,B,SF205,각주항목(09.06월 이후)
10041,202103,0011981,다올투자증권 주식회사,B3,투자자의 예수증권 등_기타, ,국내증권사,B,SF205,각주항목(09.06월 이후)
10042,202103,0011981,다올투자증권 주식회사,C,파생상품계약,4436851749719,국내증권사,B,SF205,각주항목(09.06월 이후)
10043,202103,0011981,다올투자증권 주식회사,C1,파생상품계약_장내파생상품,297423540983,국내증권사,B,SF205,각주항목(09.06월 이후)
10044,202103,0011981,다올투자증권 주식회사,C11,파생상품계약_장내파생상품_이자율관련거래,284980330000,국내증권사,B,SF205,각주항목(09.06월 이후)
10045,202103,0011981,다올투자증권 주식회사,C12,파생상품계약_장내파생상품_통화관련거래,3647737603,국내증권사,B,SF205,각주항목(09.06월 이후)
10046,202103,0011981,다올투자증권 주식회사,C13,파생상품계약_장내파생상품_주식관련거래,8259010500,국내증권사,B,SF205,각주항목(09.06월 이후)
10047,202103,0011981,다올투자증권 주식회사,C14,파생상품계약_장내파생상품_일반상품관련거래,536462880,국내증권사,B,SF205,각주항목(09.06월 이후)
10048,202103,0011981,다올투자증권 주식회사,C15,파생상품계약_장내파생상품_기타,0,국내증권사,B,SF205,각주항목(09.06월 이후)
10049,202103,0011981,다올투자증권 주식회사,C2,파생상품계약_장외파생상품,4139428208736,국내증권사,B,SF205,각주항목(09.06월 이후)
10050,202103,0011981,다올투자증권 주식회사,C21,파생상품계약_장외파생상품_이자율관련거래,1900000000000,국내증권사,B,SF205,각주항목(09.06월 이후)
10051,202103,0011981,다올투자증권 주식회사,C22,파생상품계약_장외파생상품_통화관련거래,548868170327,국내증권사,B,SF205,각주항목(09.06월 이후)
10052,202103,0011981,다올투자증권 주식회사,C23,파생상품계약_장외파생상품_주식관련거래,0,국내증권사,B,SF205,각주항목(09.06월 이후)
10053,202103,0011981,다올투자증권 주식회사,C24,파생상품계약_장외파생상품_신용관련거래,1690560038409,국내증권사,B,SF205,각주항목(09.06월 이후)
10054,202103,0011981,다올투자증권 주식회사,C25,파생상품계약_장외파생상품_기타,0,국내증권사,B,SF205,각주항목(09.06월 이후)
10055,202103,0011981,다올투자증권 주식회사,D,대차 및 대주거래,101024519949,국내증권사,B,SF205,각주항목(09.06월 이후)
10056,202103,0011981,다올투자증권 주식회사,D1,대차 및 대주거래_대여증권,0,국내증권사,B,SF205,각주항목(09.06월 이후)
10057,202103,0011981,다올투자증권 주식회사,D2,대차 및 대주거래_차입증권,101024519949,국내증권사,B,SF205,각주항목(09.06월 이후)
10058,202103,0011981,다올투자증권 주식회사,D3,대차 및 대주거래_신용거래대주, ,국내증권사,B,SF205,각주항목(09.06월 이후)
10059,202103,0011981,다올투자증권 주식회사,E,대손상각채권, ,국내증권사,B,SF205,각주항목(09.06월 이후)
10060,202103,0011981,다올투자증권 주식회사,F,환전업무 예치금,0,국내증권사,B,SF205,각주항목(09.06월 이후)
10061,202103,0011981,다올투자증권 주식회사,G,미배당별도예치금,0,국내증권사,B,SF205,각주항목(09.06월 이후)
10062,202103,0011981,다올투자증권 주식회사,H,배서어음매출(종금계정),0,국내증권사,B,SF205,각주항목(09.06월 이후)
10063,202103,0011981,다올투자증권 주식회사,H1,대출채권매매이익_담보부, ,국내증권사,B,SF205,각주항목(09.06월 이후)
10064,202103,0011981,다올투자증권 주식회사,H2,대출채권매매이익_무담보부, ,국내증권사,B,SF205,각주항목(09.06월 이후)
10065,202106,0011981,다올투자증권 주식회사,A,채무보증,529300000000,국내증권사,B,SF205,각주항목(09.06월 이후)
10066,202106,0011981,다올투자증권 주식회사,A1,채무보증_지급보증,0,국내증권사,B,SF205,각주항목(09.06월 이후)
10067,202106,0011981,다올투자증권 주식회사,A2,채무보증_매입보장약정,74000000000,국내증권사,B,SF205,각주항목(09.06월 이후)
10068,202106,0011981,다올투자증권 주식회사,A3,채무보증_채무인수약정, ,국내증권사,B,SF205,각주항목(09.06월 이후)
10069,202106,0011981,다올투자증권 주식회사,A5,채무보증_매입확약,455300000000,국내증권사,B,SF205,각주항목(09.06월 이후)
10070,202106,0011981,다올투자증권 주식회사,A6,채무보증_기타, ,국내증권사,B,SF205,각주항목(09.06월 이후)
10071,202106,0011981,다올투자증권 주식회사,B,투자자의 예수증권 등,15068387609901,국내증권사,B,SF205,각주항목(09.06월 이후)
10072,202106,0011981,다올투자증권 주식회사,B1,투자자의 예수증권 등_예수 증권,15068387609901,국내증권사,B,SF205,각주항목(09.06월 이후)
10073,202106,0011981,다올투자증권 주식회사,B2,투자자의 예수증권 등_예수양도성예금증서, ,국내증권사,B,SF205,각주항목(09.06월 이후)
10074,202106,0011981,다올투자증권 주식회사,B3,투자자의 예수증권 등_기타, ,국내증권사,B,SF205,각주항목(09.06월 이후)
10075,202106,0011981,다올투자증권 주식회사,C,파생상품계약,5886396912075,국내증권사,B,SF205,각주항목(09.06월 이후)
10076,202106,0011981,다올투자증권 주식회사,C1,파생상품계약_장내파생상품,207342450805,국내증권사,B,SF205,각주항목(09.06월 이후)
10077,202106,0011981,다올투자증권 주식회사,C11,파생상품계약_장내파생상품_이자율관련거래,181410095878,국내증권사,B,SF205,각주항목(09.06월 이후)
10078,202106,0011981,다올투자증권 주식회사,C12,파생상품계약_장내파생상품_통화관련거래,4557456675,국내증권사,B,SF205,각주항목(09.06월 이후)
10079,202106,0011981,다올투자증권 주식회사,C13,파생상품계약_장내파생상품_주식관련거래,18398692952,국내증권사,B,SF205,각주항목(09.06월 이후)
10080,202106,0011981,다올투자증권 주식회사,C14,파생상품계약_장내파생상품_일반상품관련거래,2976205300,국내증권사,B,SF205,각주항목(09.06월 이후)
10081,202106,0011981,다올투자증권 주식회사,C15,파생상품계약_장내파생상품_기타,0,국내증권사,B,SF205,각주항목(09.06월 이후)
10082,202106,0011981,다올투자증권 주식회사,C2,파생상품계약_장외파생상품,5679054461270,국내증권사,B,SF205,각주항목(09.06월 이후)
10083,202106,0011981,다올투자증권 주식회사,C21,파생상품계약_장외파생상품_이자율관련거래,3392000000000,국내증권사,B,SF205,각주항목(09.06월 이후)
10084,202106,0011981,다올투자증권 주식회사,C22,파생상품계약_장외파생상품_통화관련거래,382997254916,국내증권사,B,SF205,각주항목(09.06월 이후)
10085,202106,0011981,다올투자증권 주식회사,C23,파생상품계약_장외파생상품_주식관련거래,0,국내증권사,B,SF205,각주항목(09.06월 이후)
10086,202106,0011981,다올투자증권 주식회사,C24,파생상품계약_장외파생상품_신용관련거래,1904057206354,국내증권사,B,SF205,각주항목(09.06월 이후)
10087,202106,0011981,다올투자증권 주식회사,C25,파생상품계약_장외파생상품_기타,0,국내증권사,B,SF205,각주항목(09.06월 이후)
10088,202106,0011981,다올투자증권 주식회사,D,대차 및 대주거래,296014173850,국내증권사,B,SF205,각주항목(09.06월 이후)
10089,202106,0011981,다올투자증권 주식회사,D1,대차 및 대주거래_대여증권,0,국내증권사,B,SF205,각주항목(09.06월 이후)
10090,202106,0011981,다올투자증권 주식회사,D2,대차 및 대주거래_차입증권,296014173850,국내증권사,B,SF205,각주항목(09.06월 이후)
10091,202106,0011981,다올투자증권 주식회사,D3,대차 및 대주거래_신용거래대주, ,국내증권사,B,SF205,각주항목(09.06월 이후)
10092,202106,0011981,다올투자증권 주식회사,E,대손상각채권, ,국내증권사,B,SF205,각주항목(09.06월 이후)
10093,202106,0011981,다올투자증권 주식회사,F,환전업무 예치금,0,국내증권사,B,SF205,각주항목(09.06월 이후)
10094,202106,0011981,다올투자증권 주식회사,G,미배당별도예치금, ,국내증권사,B,SF205,각주항목(09.06월 이후)
10095,202106,0011981,다올투자증권 주식회사,H,배서어음매출(종금계정),0,국내증권사,B,SF205,각주항목(09.06월 이후)
10096,202106,0011981,다올투자증권 주식회사,H1,대출채권매매이익_담보부, ,국내증권사,B,SF205,각주항목(09.06월 이후)
10097,202106,0011981,다올투자증권 주식회사,H2,대출채권매매이익_무담보부, ,국내증권사,B,SF205,각주항목(09.06월 이후)
10098,202109,0011981,다올투자증권 주식회사,A,채무보증,574000000000,국내증권사,B,SF205,각주항목(09.06월 이후)
10099,202109,0011981,다올투자증권 주식회사,A1,채무보증_지급보증,0,국내증권사,B,SF205,각주항목(09.06월 이후)
10100,202109,0011981,다올투자증권 주식회사,A2,채무보증_매입보장약정,74000000000,국내증권사,B,SF205,각주항목(09.06월 이후)
10101,202109,0011981,다올투자증권 주식회사,A3,채무보증_채무인수약정, ,국내증권사,B,SF205,각주항목(09.06월 이후)
10102,202109,0011981,다올투자증권 주식회사,A5,채무보증_매입확약,500000000000,국내증권사,B,SF205,각주항목(09.06월 이후)
10103,202109,0011981,다올투자증권 주식회사,A6,채무보증_기타, ,국내증권사,B,SF205,각주항목(09.06월 이후)
10104,202109,0011981,다올투자증권 주식회사,B,투자자의 예수증권 등,15904700063951,국내증권사,B,SF205,각주항목(09.06월 이후)
10105,202109,0011981,다올투자증권 주식회사,B1,투자자의 예수증권 등_예수 증권,15904700063951,국내증권사,B,SF205,각주항목(09.06월 이후)
10106,202109,0011981,다올투자증권 주식회사,B2,투자자의 예수증권 등_예수양도성예금증서, ,국내증권사,B,SF205,각주항목(09.06월 이후)
10107,202109,0011981,다올투자증권 주식회사,B3,투자자의 예수증권 등_기타, ,국내증권사,B,SF205,각주항목(09.06월 이후)
10108,202109,0011981,다올투자증권 주식회사,C,파생상품계약,6550020781727,국내증권사,B,SF205,각주항목(09.06월 이후)
10109,202109,0011981,다올투자증권 주식회사,C1,파생상품계약_장내파생상품,228473193596,국내증권사,B,SF205,각주항목(09.06월 이후)
10110,202109,0011981,다올투자증권 주식회사,C11,파생상품계약_장내파생상품_이자율관련거래,207841320000,국내증권사,B,SF205,각주항목(09.06월 이후)
10111,202109,0011981,다올투자증권 주식회사,C12,파생상품계약_장내파생상품_통화관련거래,1228314736,국내증권사,B,SF205,각주항목(09.06월 이후)
10112,202109,0011981,다올투자증권 주식회사,C13,파생상품계약_장내파생상품_주식관련거래,18987185000,국내증권사,B,SF205,각주항목(09.06월 이후)
10113,202109,0011981,다올투자증권 주식회사,C14,파생상품계약_장내파생상품_일반상품관련거래,416373860,국내증권사,B,SF205,각주항목(09.06월 이후)
10114,202109,0011981,다올투자증권 주식회사,C15,파생상품계약_장내파생상품_기타,0,국내증권사,B,SF205,각주항목(09.06월 이후)
10115,202109,0011981,다올투자증권 주식회사,C2,파생상품계약_장외파생상품,6321547588131,국내증권사,B,SF205,각주항목(09.06월 이후)
10116,202109,0011981,다올투자증권 주식회사,C21,파생상품계약_장외파생상품_이자율관련거래,4233500000000,국내증권사,B,SF205,각주항목(09.06월 이후)
10117,202109,0011981,다올투자증권 주식회사,C22,파생상품계약_장외파생상품_통화관련거래,344731673255,국내증권사,B,SF205,각주항목(09.06월 이후)
10118,202109,0011981,다올투자증권 주식회사,C23,파생상품계약_장외파생상품_주식관련거래,0,국내증권사,B,SF205,각주항목(09.06월 이후)
10119,202109,0011981,다올투자증권 주식회사,C24,파생상품계약_장외파생상품_신용관련거래,1743315914876,국내증권사,B,SF205,각주항목(09.06월 이후)
10120,202109,0011981,다올투자증권 주식회사,C25,파생상품계약_장외파생상품_기타,0,국내증권사,B,SF205,각주항목(09.06월 이후)
10121,202109,0011981,다올투자증권 주식회사,D,대차 및 대주거래,173997326180,국내증권사,B,SF205,각주항목(09.06월 이후)
10122,202109,0011981,다올투자증권 주식회사,D1,대차 및 대주거래_대여증권,0,국내증권사,B,SF205,각주항목(09.06월 이후)
10123,202109,0011981,다올투자증권 주식회사,D2,대차 및 대주거래_차입증권,173997326180,국내증권사,B,SF205,각주항목(09.06월 이후)
10124,202109,0011981,다올투자증권 주식회사,D3,대차 및 대주거래_신용거래대주, ,국내증권사,B,SF205,각주항목(09.06월 이후)
10125,202109,0011981,다올투자증권 주식회사,E,대손상각채권, ,국내증권사,B,SF205,각주항목(09.06월 이후)
10126,202109,0011981,다올투자증권 주식회사,F,환전업무 예치금,0,국내증권사,B,SF205,각주항목(09.06월 이후)
10127,202109,0011981,다올투자증권 주식회사,G,미배당별도예치금, ,국내증권사,B,SF205,각주항목(09.06월 이후)
10128,202109,0011981,다올투자증권 주식회사,H,배서어음매출(종금계정),0,국내증권사,B,SF205,각주항목(09.06월 이후)
10129,202109,0011981,다올투자증권 주식회사,H1,대출채권매매이익_담보부, ,국내증권사,B,SF205,각주항목(09.06월 이후)
10130,202109,0011981,다올투자증권 주식회사,H2,대출채권매매이익_무담보부, ,국내증권사,B,SF205,각주항목(09.06월 이후)
10131,202112,0011981,다올투자증권 주식회사,A,채무보증,732649000000,국내증권사,B,SF205,각주항목(09.06월 이후)
10132,202112,0011981,다올투자증권 주식회사,A1,채무보증_지급보증,0,국내증권사,B,SF205,각주항목(09.06월 이후)
10133,202112,0011981,다올투자증권 주식회사,A2,채무보증_매입보장약정,53900000000,국내증권사,B,SF205,각주항목(09.06월 이후)
10134,202112,0011981,다올투자증권 주식회사,A3,채무보증_채무인수약정, ,국내증권사,B,SF205,각주항목(09.06월 이후)
10135,202112,0011981,다올투자증권 주식회사,A5,채무보증_매입확약,678749000000,국내증권사,B,SF205,각주항목(09.06월 이후)
10136,202112,0011981,다올투자증권 주식회사,A6,채무보증_기타, ,국내증권사,B,SF205,각주항목(09.06월 이후)
10137,202112,0011981,다올투자증권 주식회사,B,투자자의 예수증권 등,17827566928624,국내증권사,B,SF205,각주항목(09.06월 이후)
10138,202112,0011981,다올투자증권 주식회사,B1,투자자의 예수증권 등_예수 증권,17827566928624,국내증권사,B,SF205,각주항목(09.06월 이후)
10139,202112,0011981,다올투자증권 주식회사,B2,투자자의 예수증권 등_예수양도성예금증서, ,국내증권사,B,SF205,각주항목(09.06월 이후)
10140,202112,0011981,다올투자증권 주식회사,B3,투자자의 예수증권 등_기타, ,국내증권사,B,SF205,각주항목(09.06월 이후)
10141,202112,0011981,다올투자증권 주식회사,C,파생상품계약,6863354784578,국내증권사,B,SF205,각주항목(09.06월 이후)
10142,202112,0011981,다올투자증권 주식회사,C1,파생상품계약_장내파생상품,266126228726,국내증권사,B,SF205,각주항목(09.06월 이후)
10143,202112,0011981,다올투자증권 주식회사,C11,파생상품계약_장내파생상품_이자율관련거래,220588590000,국내증권사,B,SF205,각주항목(09.06월 이후)
10144,202112,0011981,다올투자증권 주식회사,C12,파생상품계약_장내파생상품_통화관련거래,0,국내증권사,B,SF205,각주항목(09.06월 이후)
10145,202112,0011981,다올투자증권 주식회사,C13,파생상품계약_장내파생상품_주식관련거래,45537638726,국내증권사,B,SF205,각주항목(09.06월 이후)
10146,202112,0011981,다올투자증권 주식회사,C14,파생상품계약_장내파생상품_일반상품관련거래,0,국내증권사,B,SF205,각주항목(09.06월 이후)
10147,202112,0011981,다올투자증권 주식회사,C15,파생상품계약_장내파생상품_기타,0,국내증권사,B,SF205,각주항목(09.06월 이후)
10148,202112,0011981,다올투자증권 주식회사,C2,파생상품계약_장외파생상품,6597228555852,국내증권사,B,SF205,각주항목(09.06월 이후)
10149,202112,0011981,다올투자증권 주식회사,C21,파생상품계약_장외파생상품_이자율관련거래,4138500000000,국내증권사,B,SF205,각주항목(09.06월 이후)
10150,202112,0011981,다올투자증권 주식회사,C22,파생상품계약_장외파생상품_통화관련거래,442048388669,국내증권사,B,SF205,각주항목(09.06월 이후)
10151,202112,0011981,다올투자증권 주식회사,C23,파생상품계약_장외파생상품_주식관련거래,272935195384,국내증권사,B,SF205,각주항목(09.06월 이후)
10152,202112,0011981,다올투자증권 주식회사,C24,파생상품계약_장외파생상품_신용관련거래,1743744971799,국내증권사,B,SF205,각주항목(09.06월 이후)
10153,202112,0011981,다올투자증권 주식회사,C25,파생상품계약_장외파생상품_기타,0,국내증권사,B,SF205,각주항목(09.06월 이후)
10154,202112,0011981,다올투자증권 주식회사,D,대차 및 대주거래,551739809480,국내증권사,B,SF205,각주항목(09.06월 이후)
10155,202112,0011981,다올투자증권 주식회사,D1,대차 및 대주거래_대여증권,5818641550,국내증권사,B,SF205,각주항목(09.06월 이후)
10156,202112,0011981,다올투자증권 주식회사,D2,대차 및 대주거래_차입증권,545921167930,국내증권사,B,SF205,각주항목(09.06월 이후)
10157,202112,0011981,다올투자증권 주식회사,D3,대차 및 대주거래_신용거래대주, ,국내증권사,B,SF205,각주항목(09.06월 이후)
10158,202112,0011981,다올투자증권 주식회사,E,대손상각채권, ,국내증권사,B,SF205,각주항목(09.06월 이후)
10159,202112,0011981,다올투자증권 주식회사,F,환전업무 예치금,0,국내증권사,B,SF205,각주항목(09.06월 이후)
10160,202112,0011981,다올투자증권 주식회사,G,미배당별도예치금, ,국내증권사,B,SF205,각주항목(09.06월 이후)
10161,202112,0011981,다올투자증권 주식회사,H,배서어음매출(종금계정),0,국내증권사,B,SF205,각주항목(09.06월 이후)
10162,202112,0011981,다올투자증권 주식회사,H1,대출채권매매이익_담보부, ,국내증권사,B,SF205,각주항목(09.06월 이후)
10163,202112,0011981,다올투자증권 주식회사,H2,대출채권매매이익_무담보부, ,국내증권사,B,SF205,각주항목(09.06월 이후)
10164,202203,0011981,다올투자증권 주식회사,A,채무보증,718848000000,국내증권사,B,SF205,각주항목(09.06월 이후)
10165,202203,0011981,다올투자증권 주식회사,A1,채무보증_지급보증,0,국내증권사,B,SF205,각주항목(09.06월 이후)
10166,202203,0011981,다올투자증권 주식회사,A2,채무보증_매입보장약정,51900000000,국내증권사,B,SF205,각주항목(09.06월 이후)
10167,202203,0011981,다올투자증권 주식회사,A3,채무보증_채무인수약정,0,국내증권사,B,SF205,각주항목(09.06월 이후)
10168,202203,0011981,다올투자증권 주식회사,A5,채무보증_매입확약,666948000000,국내증권사,B,SF205,각주항목(09.06월 이후)
10169,202203,0011981,다올투자증권 주식회사,A6,채무보증_기타, ,국내증권사,B,SF205,각주항목(09.06월 이후)
10170,202203,0011981,다올투자증권 주식회사,B,투자자의 예수증권 등,21864924058660,국내증권사,B,SF205,각주항목(09.06월 이후)
10171,202203,0011981,다올투자증권 주식회사,B1,투자자의 예수증권 등_예수 증권,21864924058660,국내증권사,B,SF205,각주항목(09.06월 이후)
10172,202203,0011981,다올투자증권 주식회사,B2,투자자의 예수증권 등_예수양도성예금증서,0,국내증권사,B,SF205,각주항목(09.06월 이후)
10173,202203,0011981,다올투자증권 주식회사,B3,투자자의 예수증권 등_기타, ,국내증권사,B,SF205,각주항목(09.06월 이후)
10174,202203,0011981,다올투자증권 주식회사,C,파생상품계약,6944009013208,국내증권사,B,SF205,각주항목(09.06월 이후)
10175,202203,0011981,다올투자증권 주식회사,C1,파생상품계약_장내파생상품,528908774193,국내증권사,B,SF205,각주항목(09.06월 이후)
10176,202203,0011981,다올투자증권 주식회사,C11,파생상품계약_장내파생상품_이자율관련거래,500789652220,국내증권사,B,SF205,각주항목(09.06월 이후)
10177,202203,0011981,다올투자증권 주식회사,C12,파생상품계약_장내파생상품_통화관련거래,0,국내증권사,B,SF205,각주항목(09.06월 이후)
10178,202203,0011981,다올투자증권 주식회사,C13,파생상품계약_장내파생상품_주식관련거래,28119121973,국내증권사,B,SF205,각주항목(09.06월 이후)
10179,202203,0011981,다올투자증권 주식회사,C14,파생상품계약_장내파생상품_일반상품관련거래,0,국내증권사,B,SF205,각주항목(09.06월 이후)
10180,202203,0011981,다올투자증권 주식회사,C15,파생상품계약_장내파생상품_기타,0,국내증권사,B,SF205,각주항목(09.06월 이후)
10181,202203,0011981,다올투자증권 주식회사,C2,파생상품계약_장외파생상품,6415100239015,국내증권사,B,SF205,각주항목(09.06월 이후)
10182,202203,0011981,다올투자증권 주식회사,C21,파생상품계약_장외파생상품_이자율관련거래,3895000000000,국내증권사,B,SF205,각주항목(09.06월 이후)
10183,202203,0011981,다올투자증권 주식회사,C22,파생상품계약_장외파생상품_통화관련거래,383124571548,국내증권사,B,SF205,각주항목(09.06월 이후)
10184,202203,0011981,다올투자증권 주식회사,C23,파생상품계약_장외파생상품_주식관련거래,272935195384,국내증권사,B,SF205,각주항목(09.06월 이후)
10185,202203,0011981,다올투자증권 주식회사,C24,파생상품계약_장외파생상품_신용관련거래,1864040472083,국내증권사,B,SF205,각주항목(09.06월 이후)
10186,202203,0011981,다올투자증권 주식회사,C25,파생상품계약_장외파생상품_기타,0,국내증권사,B,SF205,각주항목(09.06월 이후)
10187,202203,0011981,다올투자증권 주식회사,D,대차 및 대주거래,544051228845,국내증권사,B,SF205,각주항목(09.06월 이후)
10188,202203,0011981,다올투자증권 주식회사,D1,대차 및 대주거래_대여증권,11877382250,국내증권사,B,SF205,각주항목(09.06월 이후)
10189,202203,0011981,다올투자증권 주식회사,D2,대차 및 대주거래_차입증권,531763781645,국내증권사,B,SF205,각주항목(09.06월 이후)
10190,202203,0011981,다올투자증권 주식회사,D3,대차 및 대주거래_신용거래대주,410064950,국내증권사,B,SF205,각주항목(09.06월 이후)
10191,202203,0011981,다올투자증권 주식회사,E,대손상각채권, ,국내증권사,B,SF205,각주항목(09.06월 이후)
10192,202203,0011981,다올투자증권 주식회사,F,환전업무 예치금,0,국내증권사,B,SF205,각주항목(09.06월 이후)
10193,202203,0011981,다올투자증권 주식회사,G,미배당별도예치금,0,국내증권사,B,SF205,각주항목(09.06월 이후)
10194,202203,0011981,다올투자증권 주식회사,H,배서어음매출(종금계정),0,국내증권사,B,SF205,각주항목(09.06월 이후)
10195,202203,0011981,다올투자증권 주식회사,H1,대출채권매매이익_담보부, ,국내증권사,B,SF205,각주항목(09.06월 이후)
10196,202203,0011981,다올투자증권 주식회사,H2,대출채권매매이익_무담보부, ,국내증권사,B,SF205,각주항목(09.06월 이후)
10197,202206,0011981,다올투자증권 주식회사,A,채무보증,783347000000,국내증권사,B,SF205,각주항목(09.06월 이후)
10198,202206,0011981,다올투자증권 주식회사,A1,채무보증_지급보증,0,국내증권사,B,SF205,각주항목(09.06월 이후)
10199,202206,0011981,다올투자증권 주식회사,A2,채무보증_매입보장약정,51900000000,국내증권사,B,SF205,각주항목(09.06월 이후)
10200,202206,0011981,다올투자증권 주식회사,A3,채무보증_채무인수약정,0,국내증권사,B,SF205,각주항목(09.06월 이후)
10201,202206,0011981,다올투자증권 주식회사,A5,채무보증_매입확약,731447000000,국내증권사,B,SF205,각주항목(09.06월 이후)
10202,202206,0011981,다올투자증권 주식회사,A6,채무보증_기타,0,국내증권사,B,SF205,각주항목(09.06월 이후)
10203,202206,0011981,다올투자증권 주식회사,B,투자자의 예수증권 등,20603333346544,국내증권사,B,SF205,각주항목(09.06월 이후)
10204,202206,0011981,다올투자증권 주식회사,B1,투자자의 예수증권 등_예수 증권,20603333346544,국내증권사,B,SF205,각주항목(09.06월 이후)
10205,202206,0011981,다올투자증권 주식회사,B2,투자자의 예수증권 등_예수양도성예금증서,0,국내증권사,B,SF205,각주항목(09.06월 이후)
10206,202206,0011981,다올투자증권 주식회사,B3,투자자의 예수증권 등_기타,0,국내증권사,B,SF205,각주항목(09.06월 이후)
10207,202206,0011981,다올투자증권 주식회사,C,파생상품계약,7431150287456,국내증권사,B,SF205,각주항목(09.06월 이후)
10208,202206,0011981,다올투자증권 주식회사,C1,파생상품계약_장내파생상품,616445837587,국내증권사,B,SF205,각주항목(09.06월 이후)
10209,202206,0011981,다올투자증권 주식회사,C11,파생상품계약_장내파생상품_이자율관련거래,569124811087,국내증권사,B,SF205,각주항목(09.06월 이후)
10210,202206,0011981,다올투자증권 주식회사,C12,파생상품계약_장내파생상품_통화관련거래,0,국내증권사,B,SF205,각주항목(09.06월 이후)
10211,202206,0011981,다올투자증권 주식회사,C13,파생상품계약_장내파생상품_주식관련거래,47321026500,국내증권사,B,SF205,각주항목(09.06월 이후)
10212,202206,0011981,다올투자증권 주식회사,C14,파생상품계약_장내파생상품_일반상품관련거래,0,국내증권사,B,SF205,각주항목(09.06월 이후)
10213,202206,0011981,다올투자증권 주식회사,C15,파생상품계약_장내파생상품_기타,0,국내증권사,B,SF205,각주항목(09.06월 이후)
10214,202206,0011981,다올투자증권 주식회사,C2,파생상품계약_장외파생상품,6814704449869,국내증권사,B,SF205,각주항목(09.06월 이후)
10215,202206,0011981,다올투자증권 주식회사,C21,파생상품계약_장외파생상품_이자율관련거래,4143500000000,국내증권사,B,SF205,각주항목(09.06월 이후)
10216,202206,0011981,다올투자증권 주식회사,C22,파생상품계약_장외파생상품_통화관련거래,376851103338,국내증권사,B,SF205,각주항목(09.06월 이후)
10217,202206,0011981,다올투자증권 주식회사,C23,파생상품계약_장외파생상품_주식관련거래,272935195384,국내증권사,B,SF205,각주항목(09.06월 이후)
10218,202206,0011981,다올투자증권 주식회사,C24,파생상품계약_장외파생상품_신용관련거래,2021418151147,국내증권사,B,SF205,각주항목(09.06월 이후)
10219,202206,0011981,다올투자증권 주식회사,C25,파생상품계약_장외파생상품_기타,0,국내증권사,B,SF205,각주항목(09.06월 이후)
10220,202206,0011981,다올투자증권 주식회사,D,대차 및 대주거래,595708471412,국내증권사,B,SF205,각주항목(09.06월 이후)
10221,202206,0011981,다올투자증권 주식회사,D1,대차 및 대주거래_대여증권,19709083755,국내증권사,B,SF205,각주항목(09.06월 이후)
10222,202206,0011981,다올투자증권 주식회사,D2,대차 및 대주거래_차입증권,575671709337,국내증권사,B,SF205,각주항목(09.06월 이후)
10223,202206,0011981,다올투자증권 주식회사,D3,대차 및 대주거래_신용거래대주,327678320,국내증권사,B,SF205,각주항목(09.06월 이후)
10224,202206,0011981,다올투자증권 주식회사,E,대손상각채권,0,국내증권사,B,SF205,각주항목(09.06월 이후)
10225,202206,0011981,다올투자증권 주식회사,F,환전업무 예치금,0,국내증권사,B,SF205,각주항목(09.06월 이후)
10226,202206,0011981,다올투자증권 주식회사,G,미배당별도예치금,0,국내증권사,B,SF205,각주항목(09.06월 이후)
10227,202206,0011981,다올투자증권 주식회사,H,배서어음매출(종금계정),0,국내증권사,B,SF205,각주항목(09.06월 이후)
10228,202206,0011981,다올투자증권 주식회사,H1,대출채권매매이익_담보부,0,국내증권사,B,SF205,각주항목(09.06월 이후)
10229,202206,0011981,다올투자증권 주식회사,H2,대출채권매매이익_무담보부,0,국내증권사,B,SF205,각주항목(09.06월 이후)
10230,202209,0011981,다올투자증권 주식회사,A,채무보증,646047000000,국내증권사,B,SF205,각주항목(09.06월 이후)
10231,202209,0011981,다올투자증권 주식회사,A1,채무보증_지급보증,0,국내증권사,B,SF205,각주항목(09.06월 이후)
10232,202209,0011981,다올투자증권 주식회사,A2,채무보증_매입보장약정,0,국내증권사,B,SF205,각주항목(09.06월 이후)
10233,202209,0011981,다올투자증권 주식회사,A3,채무보증_채무인수약정, ,국내증권사,B,SF205,각주항목(09.06월 이후)
10234,202209,0011981,다올투자증권 주식회사,A5,채무보증_매입확약,646047000000,국내증권사,B,SF205,각주항목(09.06월 이후)
10235,202209,0011981,다올투자증권 주식회사,A6,채무보증_기타, ,국내증권사,B,SF205,각주항목(09.06월 이후)
10236,202209,0011981,다올투자증권 주식회사,B,투자자의 예수증권 등,20319832585240,국내증권사,B,SF205,각주항목(09.06월 이후)
10237,202209,0011981,다올투자증권 주식회사,B1,투자자의 예수증권 등_예수 증권,20319832585240,국내증권사,B,SF205,각주항목(09.06월 이후)
10238,202209,0011981,다올투자증권 주식회사,B2,투자자의 예수증권 등_예수양도성예금증서,0,국내증권사,B,SF205,각주항목(09.06월 이후)
10239,202209,0011981,다올투자증권 주식회사,B3,투자자의 예수증권 등_기타, ,국내증권사,B,SF205,각주항목(09.06월 이후)
10240,202209,0011981,다올투자증권 주식회사,C,파생상품계약,7825619092532,국내증권사,B,SF205,각주항목(09.06월 이후)
10241,202209,0011981,다올투자증권 주식회사,C1,파생상품계약_장내파생상품,259382583000,국내증권사,B,SF205,각주항목(09.06월 이후)
10242,202209,0011981,다올투자증권 주식회사,C11,파생상품계약_장내파생상품_이자율관련거래,244273050000,국내증권사,B,SF205,각주항목(09.06월 이후)
10243,202209,0011981,다올투자증권 주식회사,C12,파생상품계약_장내파생상품_통화관련거래,0,국내증권사,B,SF205,각주항목(09.06월 이후)
10244,202209,0011981,다올투자증권 주식회사,C13,파생상품계약_장내파생상품_주식관련거래,15109533000,국내증권사,B,SF205,각주항목(09.06월 이후)
10245,202209,0011981,다올투자증권 주식회사,C14,파생상품계약_장내파생상품_일반상품관련거래,0,국내증권사,B,SF205,각주항목(09.06월 이후)
10246,202209,0011981,다올투자증권 주식회사,C15,파생상품계약_장내파생상품_기타,0,국내증권사,B,SF205,각주항목(09.06월 이후)
10247,202209,0011981,다올투자증권 주식회사,C2,파생상품계약_장외파생상품,7566236509532,국내증권사,B,SF205,각주항목(09.06월 이후)
10248,202209,0011981,다올투자증권 주식회사,C21,파생상품계약_장외파생상품_이자율관련거래,4352960000000,국내증권사,B,SF205,각주항목(09.06월 이후)
10249,202209,0011981,다올투자증권 주식회사,C22,파생상품계약_장외파생상품_통화관련거래,623277354148,국내증권사,B,SF205,각주항목(09.06월 이후)
10250,202209,0011981,다올투자증권 주식회사,C23,파생상품계약_장외파생상품_주식관련거래,272935195384,국내증권사,B,SF205,각주항목(09.06월 이후)
10251,202209,0011981,다올투자증권 주식회사,C24,파생상품계약_장외파생상품_신용관련거래,2317063960000,국내증권사,B,SF205,각주항목(09.06월 이후)
10252,202209,0011981,다올투자증권 주식회사,C25,파생상품계약_장외파생상품_기타,0,국내증권사,B,SF205,각주항목(09.06월 이후)
10253,202209,0011981,다올투자증권 주식회사,D,대차 및 대주거래,889554166960,국내증권사,B,SF205,각주항목(09.06월 이후)
10254,202209,0011981,다올투자증권 주식회사,D1,대차 및 대주거래_대여증권,21031841220,국내증권사,B,SF205,각주항목(09.06월 이후)
10255,202209,0011981,다올투자증권 주식회사,D2,대차 및 대주거래_차입증권,868379787540,국내증권사,B,SF205,각주항목(09.06월 이후)
10256,202209,0011981,다올투자증권 주식회사,D3,대차 및 대주거래_신용거래대주,142538200,국내증권사,B,SF205,각주항목(09.06월 이후)
10257,202209,0011981,다올투자증권 주식회사,E,대손상각채권, ,국내증권사,B,SF205,각주항목(09.06월 이후)
10258,202209,0011981,다올투자증권 주식회사,F,환전업무 예치금,0,국내증권사,B,SF205,각주항목(09.06월 이후)
10259,202209,0011981,다올투자증권 주식회사,G,미배당별도예치금,0,국내증권사,B,SF205,각주항목(09.06월 이후)
10260,202209,0011981,다올투자증권 주식회사,H,배서어음매출(종금계정),0,국내증권사,B,SF205,각주항목(09.06월 이후)
10261,202209,0011981,다올투자증권 주식회사,H1,대출채권매매이익_담보부, ,국내증권사,B,SF205,각주항목(09.06월 이후)
10262,202209,0011981,다올투자증권 주식회사,H2,대출채권매매이익_무담보부, ,국내증권사,B,SF205,각주항목(09.06월 이후)
10263,202212,0011981,다올투자증권 주식회사,A,채무보증,255400000000,국내증권사,B,SF205,각주항목(09.06월 이후)
10264,202212,0011981,다올투자증권 주식회사,A1,채무보증_지급보증,0,국내증권사,B,SF205,각주항목(09.06월 이후)
10265,202212,0011981,다올투자증권 주식회사,A2,채무보증_매입보장약정, ,국내증권사,B,SF205,각주항목(09.06월 이후)
10266,202212,0011981,다올투자증권 주식회사,A3,채무보증_채무인수약정, ,국내증권사,B,SF205,각주항목(09.06월 이후)
10267,202212,0011981,다올투자증권 주식회사,A5,채무보증_매입확약,255400000000,국내증권사,B,SF205,각주항목(09.06월 이후)
10268,202212,0011981,다올투자증권 주식회사,A6,채무보증_기타, ,국내증권사,B,SF205,각주항목(09.06월 이후)
10269,202212,0011981,다올투자증권 주식회사,B,투자자의 예수증권 등,20083752237041,국내증권사,B,SF205,각주항목(09.06월 이후)
10270,202212,0011981,다올투자증권 주식회사,B1,투자자의 예수증권 등_예수 증권,20083752237041,국내증권사,B,SF205,각주항목(09.06월 이후)
10271,202212,0011981,다올투자증권 주식회사,B2,투자자의 예수증권 등_예수양도성예금증서, ,국내증권사,B,SF205,각주항목(09.06월 이후)
10272,202212,0011981,다올투자증권 주식회사,B3,투자자의 예수증권 등_기타, ,국내증권사,B,SF205,각주항목(09.06월 이후)
10273,202212,0011981,다올투자증권 주식회사,C,파생상품계약,7758556246140,국내증권사,B,SF205,각주항목(09.06월 이후)
10274,202212,0011981,다올투자증권 주식회사,C1,파생상품계약_장내파생상품,129518500000,국내증권사,B,SF205,각주항목(09.06월 이후)
10275,202212,0011981,다올투자증권 주식회사,C11,파생상품계약_장내파생상품_이자율관련거래,129518500000,국내증권사,B,SF205,각주항목(09.06월 이후)
10276,202212,0011981,다올투자증권 주식회사,C12,파생상품계약_장내파생상품_통화관련거래,0,국내증권사,B,SF205,각주항목(09.06월 이후)
10277,202212,0011981,다올투자증권 주식회사,C13,파생상품계약_장내파생상품_주식관련거래,0,국내증권사,B,SF205,각주항목(09.06월 이후)
10278,202212,0011981,다올투자증권 주식회사,C14,파생상품계약_장내파생상품_일반상품관련거래,0,국내증권사,B,SF205,각주항목(09.06월 이후)
10279,202212,0011981,다올투자증권 주식회사,C15,파생상품계약_장내파생상품_기타,0,국내증권사,B,SF205,각주항목(09.06월 이후)
10280,202212,0011981,다올투자증권 주식회사,C2,파생상품계약_장외파생상품,7629037746140,국내증권사,B,SF205,각주항목(09.06월 이후)
10281,202212,0011981,다올투자증권 주식회사,C21,파생상품계약_장외파생상품_이자율관련거래,4142994461071,국내증권사,B,SF205,각주항목(09.06월 이후)
10282,202212,0011981,다올투자증권 주식회사,C22,파생상품계약_장외파생상품_통화관련거래,862846864308,국내증권사,B,SF205,각주항목(09.06월 이후)
10283,202212,0011981,다올투자증권 주식회사,C23,파생상품계약_장외파생상품_주식관련거래,272935195384,국내증권사,B,SF205,각주항목(09.06월 이후)
10284,202212,0011981,다올투자증권 주식회사,C24,파생상품계약_장외파생상품_신용관련거래,2350261225377,국내증권사,B,SF205,각주항목(09.06월 이후)
10285,202212,0011981,다올투자증권 주식회사,C25,파생상품계약_장외파생상품_기타,0,국내증권사,B,SF205,각주항목(09.06월 이후)
10286,202212,0011981,다올투자증권 주식회사,D,대차 및 대주거래,408095764100,국내증권사,B,SF205,각주항목(09.06월 이후)
10287,202212,0011981,다올투자증권 주식회사,D1,대차 및 대주거래_대여증권,0,국내증권사,B,SF205,각주항목(09.06월 이후)
10288,202212,0011981,다올투자증권 주식회사,D2,대차 및 대주거래_차입증권,407970029100,국내증권사,B,SF205,각주항목(09.06월 이후)
10289,202212,0011981,다올투자증권 주식회사,D3,대차 및 대주거래_신용거래대주,125735000,국내증권사,B,SF205,각주항목(09.06월 이후)
10290,202212,0011981,다올투자증권 주식회사,E,대손상각채권, ,국내증권사,B,SF205,각주항목(09.06월 이후)
10291,202212,0011981,다올투자증권 주식회사,F,환전업무 예치금,0,국내증권사,B,SF205,각주항목(09.06월 이후)
10292,202212,0011981,다올투자증권 주식회사,G,미배당별도예치금, ,국내증권사,B,SF205,각주항목(09.06월 이후)
10293,202212,0011981,다올투자증권 주식회사,H,배서어음매출(종금계정),0,국내증권사,B,SF205,각주항목(09.06월 이후)
10294,202212,0011981,다올투자증권 주식회사,H1,대출채권매매이익_담보부, ,국내증권사,B,SF205,각주항목(09.06월 이후)
10295,202212,0011981,다올투자증권 주식회사,H2,대출채권매매이익_무담보부, ,국내증권사,B,SF205,각주항목(09.06월 이후)
10296,202303,0011981,다올투자증권 주식회사,A,채무보증,334300000000,국내증권사,B,SF205,각주항목(09.06월 이후)
10297,202303,0011981,다올투자증권 주식회사,A1,채무보증_지급보증,0,국내증권사,B,SF205,각주항목(09.06월 이후)
10298,202303,0011981,다올투자증권 주식회사,A2,채무보증_매입보장약정,0,국내증권사,B,SF205,각주항목(09.06월 이후)
10299,202303,0011981,다올투자증권 주식회사,A3,채무보증_채무인수약정, ,국내증권사,B,SF205,각주항목(09.06월 이후)
10300,202303,0011981,다올투자증권 주식회사,A5,채무보증_매입확약,334300000000,국내증권사,B,SF205,각주항목(09.06월 이후)
10301,202303,0011981,다올투자증권 주식회사,A6,채무보증_기타,0,국내증권사,B,SF205,각주항목(09.06월 이후)
10302,202303,0011981,다올투자증권 주식회사,B,투자자의 예수증권 등,21078743246272,국내증권사,B,SF205,각주항목(09.06월 이후)
10303,202303,0011981,다올투자증권 주식회사,B1,투자자의 예수증권 등_예수 증권,21078743246272,국내증권사,B,SF205,각주항목(09.06월 이후)
10304,202303,0011981,다올투자증권 주식회사,B2,투자자의 예수증권 등_예수양도성예금증서,0,국내증권사,B,SF205,각주항목(09.06월 이후)
10305,202303,0011981,다올투자증권 주식회사,B3,투자자의 예수증권 등_기타, ,국내증권사,B,SF205,각주항목(09.06월 이후)
10306,202303,0011981,다올투자증권 주식회사,C,파생상품계약,8161486640975,국내증권사,B,SF205,각주항목(09.06월 이후)
10307,202303,0011981,다올투자증권 주식회사,C1,파생상품계약_장내파생상품,13800471000,국내증권사,B,SF205,각주항목(09.06월 이후)
10308,202303,0011981,다올투자증권 주식회사,C11,파생상품계약_장내파생상품_이자율관련거래,9439200000,국내증권사,B,SF205,각주항목(09.06월 이후)
10309,202303,0011981,다올투자증권 주식회사,C12,파생상품계약_장내파생상품_통화관련거래,0,국내증권사,B,SF205,각주항목(09.06월 이후)
10310,202303,0011981,다올투자증권 주식회사,C13,파생상품계약_장내파생상품_주식관련거래,4361271000,국내증권사,B,SF205,각주항목(09.06월 이후)
10311,202303,0011981,다올투자증권 주식회사,C14,파생상품계약_장내파생상품_일반상품관련거래,0,국내증권사,B,SF205,각주항목(09.06월 이후)
10312,202303,0011981,다올투자증권 주식회사,C15,파생상품계약_장내파생상품_기타,0,국내증권사,B,SF205,각주항목(09.06월 이후)
10313,202303,0011981,다올투자증권 주식회사,C2,파생상품계약_장외파생상품,8147686169975,국내증권사,B,SF205,각주항목(09.06월 이후)
10314,202303,0011981,다올투자증권 주식회사,C21,파생상품계약_장외파생상품_이자율관련거래,4137060461071,국내증권사,B,SF205,각주항목(09.06월 이후)
10315,202303,0011981,다올투자증권 주식회사,C22,파생상품계약_장외파생상품_통화관련거래,1149423926560,국내증권사,B,SF205,각주항목(09.06월 이후)
10316,202303,0011981,다올투자증권 주식회사,C23,파생상품계약_장외파생상품_주식관련거래,274264397896,국내증권사,B,SF205,각주항목(09.06월 이후)
10317,202303,0011981,다올투자증권 주식회사,C24,파생상품계약_장외파생상품_신용관련거래,2586937384448,국내증권사,B,SF205,각주항목(09.06월 이후)
10318,202303,0011981,다올투자증권 주식회사,C25,파생상품계약_장외파생상품_기타,0,국내증권사,B,SF205,각주항목(09.06월 이후)
10319,202303,0011981,다올투자증권 주식회사,D,대차 및 대주거래,213041094950,국내증권사,B,SF205,각주항목(09.06월 이후)
10320,202303,0011981,다올투자증권 주식회사,D1,대차 및 대주거래_대여증권,0,국내증권사,B,SF205,각주항목(09.06월 이후)
10321,202303,0011981,다올투자증권 주식회사,D2,대차 및 대주거래_차입증권,212660421000,국내증권사,B,SF205,각주항목(09.06월 이후)
10322,202303,0011981,다올투자증권 주식회사,D3,대차 및 대주거래_신용거래대주,380673950,국내증권사,B,SF205,각주항목(09.06월 이후)
10323,202303,0011981,다올투자증권 주식회사,E,대손상각채권, ,국내증권사,B,SF205,각주항목(09.06월 이후)
10324,202303,0011981,다올투자증권 주식회사,F,환전업무 예치금,0,국내증권사,B,SF205,각주항목(09.06월 이후)
10325,202303,0011981,다올투자증권 주식회사,G,미배당별도예치금,0,국내증권사,B,SF205,각주항목(09.06월 이후)
10326,202303,0011981,다올투자증권 주식회사,H,배서어음매출(종금계정),0,국내증권사,B,SF205,각주항목(09.06월 이후)
10327,202303,0011981,다올투자증권 주식회사,H1,대출채권매매이익_담보부, ,국내증권사,B,SF205,각주항목(09.06월 이후)
10328,202303,0011981,다올투자증권 주식회사,H2,대출채권매매이익_무담보부, ,국내증권사,B,SF205,각주항목(09.06월 이후)
10329,202306,0011981,다올투자증권 주식회사,A,채무보증,204300000000,국내증권사,B,SF205,각주항목(09.06월 이후)
10330,202306,0011981,다올투자증권 주식회사,A1,채무보증_지급보증,0,국내증권사,B,SF205,각주항목(09.06월 이후)
10331,202306,0011981,다올투자증권 주식회사,A2,채무보증_매입보장약정, ,국내증권사,B,SF205,각주항목(09.06월 이후)
10332,202306,0011981,다올투자증권 주식회사,A3,채무보증_채무인수약정, ,국내증권사,B,SF205,각주항목(09.06월 이후)
10333,202306,0011981,다올투자증권 주식회사,A5,채무보증_매입확약,204300000000,국내증권사,B,SF205,각주항목(09.06월 이후)
10334,202306,0011981,다올투자증권 주식회사,A6,채무보증_기타, ,국내증권사,B,SF205,각주항목(09.06월 이후)
10335,202306,0011981,다올투자증권 주식회사,B,투자자의 예수증권 등,21891070311119,국내증권사,B,SF205,각주항목(09.06월 이후)
10336,202306,0011981,다올투자증권 주식회사,B1,투자자의 예수증권 등_예수 증권,21891070311119,국내증권사,B,SF205,각주항목(09.06월 이후)
10337,202306,0011981,다올투자증권 주식회사,B2,투자자의 예수증권 등_예수양도성예금증서, ,국내증권사,B,SF205,각주항목(09.06월 이후)
10338,202306,0011981,다올투자증권 주식회사,B3,투자자의 예수증권 등_기타, ,국내증권사,B,SF205,각주항목(09.06월 이후)
10339,202306,0011981,다올투자증권 주식회사,C,파생상품계약,9926254069707,국내증권사,B,SF205,각주항목(09.06월 이후)
10340,202306,0011981,다올투자증권 주식회사,C1,파생상품계약_장내파생상품,80950719875,국내증권사,B,SF205,각주항목(09.06월 이후)
10341,202306,0011981,다올투자증권 주식회사,C11,파생상품계약_장내파생상품_이자율관련거래,80950719875,국내증권사,B,SF205,각주항목(09.06월 이후)
10342,202306,0011981,다올투자증권 주식회사,C12,파생상품계약_장내파생상품_통화관련거래,0,국내증권사,B,SF205,각주항목(09.06월 이후)
10343,202306,0011981,다올투자증권 주식회사,C13,파생상품계약_장내파생상품_주식관련거래,0,국내증권사,B,SF205,각주항목(09.06월 이후)
10344,202306,0011981,다올투자증권 주식회사,C14,파생상품계약_장내파생상품_일반상품관련거래,0,국내증권사,B,SF205,각주항목(09.06월 이후)
10345,202306,0011981,다올투자증권 주식회사,C15,파생상품계약_장내파생상품_기타,0,국내증권사,B,SF205,각주항목(09.06월 이후)
10346,202306,0011981,다올투자증권 주식회사,C2,파생상품계약_장외파생상품,9845303349832,국내증권사,B,SF205,각주항목(09.06월 이후)
10347,202306,0011981,다올투자증권 주식회사,C21,파생상품계약_장외파생상품_이자율관련거래,3841254461071,국내증권사,B,SF205,각주항목(09.06월 이후)
10348,202306,0011981,다올투자증권 주식회사,C22,파생상품계약_장외파생상품_통화관련거래,2748543993767,국내증권사,B,SF205,각주항목(09.06월 이후)
10349,202306,0011981,다올투자증권 주식회사,C23,파생상품계약_장외파생상품_주식관련거래,274264397896,국내증권사,B,SF205,각주항목(09.06월 이후)
10350,202306,0011981,다올투자증권 주식회사,C24,파생상품계약_장외파생상품_신용관련거래,2981240497098,국내증권사,B,SF205,각주항목(09.06월 이후)
10351,202306,0011981,다올투자증권 주식회사,C25,파생상품계약_장외파생상품_기타,0,국내증권사,B,SF205,각주항목(09.06월 이후)
10352,202306,0011981,다올투자증권 주식회사,D,대차 및 대주거래,492274373680,국내증권사,B,SF205,각주항목(09.06월 이후)
10353,202306,0011981,다올투자증권 주식회사,D1,대차 및 대주거래_대여증권,0,국내증권사,B,SF205,각주항목(09.06월 이후)
10354,202306,0011981,다올투자증권 주식회사,D2,대차 및 대주거래_차입증권,492004048800,국내증권사,B,SF205,각주항목(09.06월 이후)
10355,202306,0011981,다올투자증권 주식회사,D3,대차 및 대주거래_신용거래대주,270324880,국내증권사,B,SF205,각주항목(09.06월 이후)
10356,202306,0011981,다올투자증권 주식회사,E,대손상각채권,17051561644,국내증권사,B,SF205,각주항목(09.06월 이후)
10357,202306,0011981,다올투자증권 주식회사,F,환전업무 예치금,0,국내증권사,B,SF205,각주항목(09.06월 이후)
10358,202306,0011981,다올투자증권 주식회사,G,미배당별도예치금, ,국내증권사,B,SF205,각주항목(09.06월 이후)
10359,202306,0011981,다올투자증권 주식회사,H,배서어음매출(종금계정),0,국내증권사,B,SF205,각주항목(09.06월 이후)
10360,202306,0011981,다올투자증권 주식회사,H1,대출채권매매이익_담보부, ,국내증권사,B,SF205,각주항목(09.06월 이후)
10361,202306,0011981,다올투자증권 주식회사,H2,대출채권매매이익_무담보부, ,국내증권사,B,SF205,각주항목(09.06월 이후)
10362,202309,0011981,다올투자증권 주식회사,A,채무보증,214600000000,국내증권사,B,SF205,각주항목(09.06월 이후)
10363,202309,0011981,다올투자증권 주식회사,A1,채무보증_지급보증,0,국내증권사,B,SF205,각주항목(09.06월 이후)
10364,202309,0011981,다올투자증권 주식회사,A2,채무보증_매입보장약정, ,국내증권사,B,SF205,각주항목(09.06월 이후)
10365,202309,0011981,다올투자증권 주식회사,A3,채무보증_채무인수약정, ,국내증권사,B,SF205,각주항목(09.06월 이후)
10366,202309,0011981,다올투자증권 주식회사,A5,채무보증_매입확약,214600000000,국내증권사,B,SF205,각주항목(09.06월 이후)
10367,202309,0011981,다올투자증권 주식회사,A6,채무보증_기타, ,국내증권사,B,SF205,각주항목(09.06월 이후)
10368,202309,0011981,다올투자증권 주식회사,B,투자자의 예수증권 등,24063290910225,국내증권사,B,SF205,각주항목(09.06월 이후)
10369,202309,0011981,다올투자증권 주식회사,B1,투자자의 예수증권 등_예수 증권,24063290910225,국내증권사,B,SF205,각주항목(09.06월 이후)
10370,202309,0011981,다올투자증권 주식회사,B2,투자자의 예수증권 등_예수양도성예금증서, ,국내증권사,B,SF205,각주항목(09.06월 이후)
10371,202309,0011981,다올투자증권 주식회사,B3,투자자의 예수증권 등_기타, ,국내증권사,B,SF205,각주항목(09.06월 이후)
10372,202309,0011981,다올투자증권 주식회사,C,파생상품계약,9681351620730,국내증권사,B,SF205,각주항목(09.06월 이후)
10373,202309,0011981,다올투자증권 주식회사,C1,파생상품계약_장내파생상품,36050162830,국내증권사,B,SF205,각주항목(09.06월 이후)
10374,202309,0011981,다올투자증권 주식회사,C11,파생상품계약_장내파생상품_이자율관련거래,25934888371,국내증권사,B,SF205,각주항목(09.06월 이후)
10375,202309,0011981,다올투자증권 주식회사,C12,파생상품계약_장내파생상품_통화관련거래,0,국내증권사,B,SF205,각주항목(09.06월 이후)
10376,202309,0011981,다올투자증권 주식회사,C13,파생상품계약_장내파생상품_주식관련거래,10115274459,국내증권사,B,SF205,각주항목(09.06월 이후)
10377,202309,0011981,다올투자증권 주식회사,C14,파생상품계약_장내파생상품_일반상품관련거래,0,국내증권사,B,SF205,각주항목(09.06월 이후)
10378,202309,0011981,다올투자증권 주식회사,C15,파생상품계약_장내파생상품_기타,0,국내증권사,B,SF205,각주항목(09.06월 이후)
10379,202309,0011981,다올투자증권 주식회사,C2,파생상품계약_장외파생상품,9645301457900,국내증권사,B,SF205,각주항목(09.06월 이후)
10380,202309,0011981,다올투자증권 주식회사,C21,파생상품계약_장외파생상품_이자율관련거래,4630598461071,국내증권사,B,SF205,각주항목(09.06월 이후)
10381,202309,0011981,다올투자증권 주식회사,C22,파생상품계약_장외파생상품_통화관련거래,1404780688792,국내증권사,B,SF205,각주항목(09.06월 이후)
10382,202309,0011981,다올투자증권 주식회사,C23,파생상품계약_장외파생상품_주식관련거래,296752340931,국내증권사,B,SF205,각주항목(09.06월 이후)
10383,202309,0011981,다올투자증권 주식회사,C24,파생상품계약_장외파생상품_신용관련거래,3313169967106,국내증권사,B,SF205,각주항목(09.06월 이후)
10384,202309,0011981,다올투자증권 주식회사,C25,파생상품계약_장외파생상품_기타,0,국내증권사,B,SF205,각주항목(09.06월 이후)
10385,202309,0011981,다올투자증권 주식회사,D,대차 및 대주거래,592390895845,국내증권사,B,SF205,각주항목(09.06월 이후)
10386,202309,0011981,다올투자증권 주식회사,D1,대차 및 대주거래_대여증권,1267500000,국내증권사,B,SF205,각주항목(09.06월 이후)
10387,202309,0011981,다올투자증권 주식회사,D2,대차 및 대주거래_차입증권,590840304700,국내증권사,B,SF205,각주항목(09.06월 이후)
10388,202309,0011981,다올투자증권 주식회사,D3,대차 및 대주거래_신용거래대주,283091145,국내증권사,B,SF205,각주항목(09.06월 이후)
10389,202309,0011981,다올투자증권 주식회사,E,대손상각채권,38098698632,국내증권사,B,SF205,각주항목(09.06월 이후)
10390,202309,0011981,다올투자증권 주식회사,F,환전업무 예치금,0,국내증권사,B,SF205,각주항목(09.06월 이후)
10391,202309,0011981,다올투자증권 주식회사,G,미배당별도예치금, ,국내증권사,B,SF205,각주항목(09.06월 이후)
10392,202309,0011981,다올투자증권 주식회사,H,배서어음매출(종금계정),0,국내증권사,B,SF205,각주항목(09.06월 이후)
10393,202309,0011981,다올투자증권 주식회사,H1,대출채권매매이익_담보부, ,국내증권사,B,SF205,각주항목(09.06월 이후)
10394,202309,0011981,다올투자증권 주식회사,H2,대출채권매매이익_무담보부, ,국내증권사,B,SF205,각주항목(09.06월 이후)
10395,202312,0011981,다올투자증권 주식회사,A,채무보증,145800000000,국내증권사,B,SF205,각주항목(09.06월 이후)
10396,202312,0011981,다올투자증권 주식회사,A1,채무보증_지급보증,0,국내증권사,B,SF205,각주항목(09.06월 이후)
10397,202312,0011981,다올투자증권 주식회사,A2,채무보증_매입보장약정, ,국내증권사,B,SF205,각주항목(09.06월 이후)
10398,202312,0011981,다올투자증권 주식회사,A3,채무보증_채무인수약정, ,국내증권사,B,SF205,각주항목(09.06월 이후)
10399,202312,0011981,다올투자증권 주식회사,A5,채무보증_매입확약,145800000000,국내증권사,B,SF205,각주항목(09.06월 이후)
10400,202312,0011981,다올투자증권 주식회사,A6,채무보증_기타, ,국내증권사,B,SF205,각주항목(09.06월 이후)
10401,202312,0011981,다올투자증권 주식회사,B,투자자의 예수증권 등,23960701931555,국내증권사,B,SF205,각주항목(09.06월 이후)
10402,202312,0011981,다올투자증권 주식회사,B1,투자자의 예수증권 등_예수 증권,23960701931555,국내증권사,B,SF205,각주항목(09.06월 이후)
10403,202312,0011981,다올투자증권 주식회사,B2,투자자의 예수증권 등_예수양도성예금증서, ,국내증권사,B,SF205,각주항목(09.06월 이후)
10404,202312,0011981,다올투자증권 주식회사,B3,투자자의 예수증권 등_기타, ,국내증권사,B,SF205,각주항목(09.06월 이후)
10405,202312,0011981,다올투자증권 주식회사,C,파생상품계약,10640606144109,국내증권사,B,SF205,각주항목(09.06월 이후)
10406,202312,0011981,다올투자증권 주식회사,C1,파생상품계약_장내파생상품,263321919971,국내증권사,B,SF205,각주항목(09.06월 이후)
10407,202312,0011981,다올투자증권 주식회사,C11,파생상품계약_장내파생상품_이자율관련거래,0,국내증권사,B,SF205,각주항목(09.06월 이후)
10408,202312,0011981,다올투자증권 주식회사,C12,파생상품계약_장내파생상품_통화관련거래,12190806000,국내증권사,B,SF205,각주항목(09.06월 이후)
10409,202312,0011981,다올투자증권 주식회사,C13,파생상품계약_장내파생상품_주식관련거래,251131113971,국내증권사,B,SF205,각주항목(09.06월 이후)
10410,202312,0011981,다올투자증권 주식회사,C14,파생상품계약_장내파생상품_일반상품관련거래,0,국내증권사,B,SF205,각주항목(09.06월 이후)
10411,202312,0011981,다올투자증권 주식회사,C15,파생상품계약_장내파생상품_기타,0,국내증권사,B,SF205,각주항목(09.06월 이후)
10412,202312,0011981,다올투자증권 주식회사,C2,파생상품계약_장외파생상품,10377284224138,국내증권사,B,SF205,각주항목(09.06월 이후)
10413,202312,0011981,다올투자증권 주식회사,C21,파생상품계약_장외파생상품_이자율관련거래,5021572461071,국내증권사,B,SF205,각주항목(09.06월 이후)
10414,202312,0011981,다올투자증권 주식회사,C22,파생상품계약_장외파생상품_통화관련거래,1590175779619,국내증권사,B,SF205,각주항목(09.06월 이후)
10415,202312,0011981,다올투자증권 주식회사,C23,파생상품계약_장외파생상품_주식관련거래,335876736284,국내증권사,B,SF205,각주항목(09.06월 이후)
10416,202312,0011981,다올투자증권 주식회사,C24,파생상품계약_장외파생상품_신용관련거래,3429659247164,국내증권사,B,SF205,각주항목(09.06월 이후)
10417,202312,0011981,다올투자증권 주식회사,C25,파생상품계약_장외파생상품_기타,0,국내증권사,B,SF205,각주항목(09.06월 이후)
10418,202312,0011981,다올투자증권 주식회사,D,대차 및 대주거래,545167428550,국내증권사,B,SF205,각주항목(09.06월 이후)
10419,202312,0011981,다올투자증권 주식회사,D1,대차 및 대주거래_대여증권,0,국내증권사,B,SF205,각주항목(09.06월 이후)
10420,202312,0011981,다올투자증권 주식회사,D2,대차 및 대주거래_차입증권,545154829100,국내증권사,B,SF205,각주항목(09.06월 이후)
10421,202312,0011981,다올투자증권 주식회사,D3,대차 및 대주거래_신용거래대주,12599450,국내증권사,B,SF205,각주항목(09.06월 이후)
10422,202312,0011981,다올투자증권 주식회사,E,대손상각채권,38098698632,국내증권사,B,SF205,각주항목(09.06월 이후)
10423,202312,0011981,다올투자증권 주식회사,F,환전업무 예치금,0,국내증권사,B,SF205,각주항목(09.06월 이후)
10424,202312,0011981,다올투자증권 주식회사,G,미배당별도예치금, ,국내증권사,B,SF205,각주항목(09.06월 이후)
10425,202312,0011981,다올투자증권 주식회사,H,배서어음매출(종금계정),0,국내증권사,B,SF205,각주항목(09.06월 이후)
10426,202312,0011981,다올투자증권 주식회사,H1,대출채권매매이익_담보부, ,국내증권사,B,SF205,각주항목(09.06월 이후)
10427,202312,0011981,다올투자증권 주식회사,H2,대출채권매매이익_무담보부, ,국내증권사,B,SF205,각주항목(09.06월 이후)
10428,202403,0011981,다올투자증권 주식회사,A,채무보증,60800000000,국내증권사,B,SF205,각주항목(09.06월 이후)
10429,202403,0011981,다올투자증권 주식회사,A1,채무보증_지급보증,0,국내증권사,B,SF205,각주항목(09.06월 이후)
10430,202403,0011981,다올투자증권 주식회사,A2,채무보증_매입보장약정,0,국내증권사,B,SF205,각주항목(09.06월 이후)
10431,202403,0011981,다올투자증권 주식회사,A3,채무보증_채무인수약정, ,국내증권사,B,SF205,각주항목(09.06월 이후)
10432,202403,0011981,다올투자증권 주식회사,A5,채무보증_매입확약,60800000000,국내증권사,B,SF205,각주항목(09.06월 이후)
10433,202403,0011981,다올투자증권 주식회사,A6,채무보증_기타,0,국내증권사,B,SF205,각주항목(09.06월 이후)
10434,202403,0011981,다올투자증권 주식회사,B,투자자의 예수증권 등,24949296741400,국내증권사,B,SF205,각주항목(09.06월 이후)
10435,202403,0011981,다올투자증권 주식회사,B1,투자자의 예수증권 등_예수 증권,24949296741400,국내증권사,B,SF205,각주항목(09.06월 이후)
10436,202403,0011981,다올투자증권 주식회사,B2,투자자의 예수증권 등_예수양도성예금증서,0,국내증권사,B,SF205,각주항목(09.06월 이후)
10437,202403,0011981,다올투자증권 주식회사,B3,투자자의 예수증권 등_기타, ,국내증권사,B,SF205,각주항목(09.06월 이후)
10438,202403,0011981,다올투자증권 주식회사,C,파생상품계약,10483446344832,국내증권사,B,SF205,각주항목(09.06월 이후)
10439,202403,0011981,다올투자증권 주식회사,C1,파생상품계약_장내파생상품,266231845825,국내증권사,B,SF205,각주항목(09.06월 이후)
10440,202403,0011981,다올투자증권 주식회사,C11,파생상품계약_장내파생상품_이자율관련거래,0,국내증권사,B,SF205,각주항목(09.06월 이후)
10441,202403,0011981,다올투자증권 주식회사,C12,파생상품계약_장내파생상품_통화관련거래,24491818875,국내증권사,B,SF205,각주항목(09.06월 이후)
10442,202403,0011981,다올투자증권 주식회사,C13,파생상품계약_장내파생상품_주식관련거래,241740026950,국내증권사,B,SF205,각주항목(09.06월 이후)
10443,202403,0011981,다올투자증권 주식회사,C14,파생상품계약_장내파생상품_일반상품관련거래,0,국내증권사,B,SF205,각주항목(09.06월 이후)
10444,202403,0011981,다올투자증권 주식회사,C15,파생상품계약_장내파생상품_기타,0,국내증권사,B,SF205,각주항목(09.06월 이후)
10445,202403,0011981,다올투자증권 주식회사,C2,파생상품계약_장외파생상품,10217214499007,국내증권사,B,SF205,각주항목(09.06월 이후)
10446,202403,0011981,다올투자증권 주식회사,C21,파생상품계약_장외파생상품_이자율관련거래,5076840461071,국내증권사,B,SF205,각주항목(09.06월 이후)
10447,202403,0011981,다올투자증권 주식회사,C22,파생상품계약_장외파생상품_통화관련거래,1391454964419,국내증권사,B,SF205,각주항목(09.06월 이후)
10448,202403,0011981,다올투자증권 주식회사,C23,파생상품계약_장외파생상품_주식관련거래,332734278977,국내증권사,B,SF205,각주항목(09.06월 이후)
10449,202403,0011981,다올투자증권 주식회사,C24,파생상품계약_장외파생상품_신용관련거래,3416184794540,국내증권사,B,SF205,각주항목(09.06월 이후)
10450,202403,0011981,다올투자증권 주식회사,C25,파생상품계약_장외파생상품_기타,0,국내증권사,B,SF205,각주항목(09.06월 이후)
10451,202403,0011981,다올투자증권 주식회사,D,대차 및 대주거래,193948184700,국내증권사,B,SF205,각주항목(09.06월 이후)
10452,202403,0011981,다올투자증권 주식회사,D1,대차 및 대주거래_대여증권,0,국내증권사,B,SF205,각주항목(09.06월 이후)
10453,202403,0011981,다올투자증권 주식회사,D2,대차 및 대주거래_차입증권,193935013200,국내증권사,B,SF205,각주항목(09.06월 이후)
10454,202403,0011981,다올투자증권 주식회사,D3,대차 및 대주거래_신용거래대주,13171500,국내증권사,B,SF205,각주항목(09.06월 이후)
10455,202403,0011981,다올투자증권 주식회사,E,대손상각채권,43190327072,국내증권사,B,SF205,각주항목(09.06월 이후)
10456,202403,0011981,다올투자증권 주식회사,F,환전업무 예치금,0,국내증권사,B,SF205,각주항목(09.06월 이후)
10457,202403,0011981,다올투자증권 주식회사,G,미배당별도예치금,0,국내증권사,B,SF205,각주항목(09.06월 이후)
10458,202403,0011981,다올투자증권 주식회사,H,배서어음매출(종금계정),0,국내증권사,B,SF205,각주항목(09.06월 이후)
10459,202403,0011981,다올투자증권 주식회사,H1,대출채권매매이익_담보부, ,국내증권사,B,SF205,각주항목(09.06월 이후)
10460,202403,0011981,다올투자증권 주식회사,H2,대출채권매매이익_무담보부, ,국내증권사,B,SF205,각주항목(09.06월 이후)
10461,202406,0011981,다올투자증권 주식회사,A,채무보증,121200000000,국내증권사,B,SF205,각주항목(09.06월 이후)
10462,202406,0011981,다올투자증권 주식회사,A1,채무보증_지급보증,0,국내증권사,B,SF205,각주항목(09.06월 이후)
10463,202406,0011981,다올투자증권 주식회사,A2,채무보증_매입보장약정,0,국내증권사,B,SF205,각주항목(09.06월 이후)
10464,202406,0011981,다올투자증권 주식회사,A3,채무보증_채무인수약정, ,국내증권사,B,SF205,각주항목(09.06월 이후)
10465,202406,0011981,다올투자증권 주식회사,A5,채무보증_매입확약,121200000000,국내증권사,B,SF205,각주항목(09.06월 이후)
10466,202406,0011981,다올투자증권 주식회사,A6,채무보증_기타,0,국내증권사,B,SF205,각주항목(09.06월 이후)
10467,202406,0011981,다올투자증권 주식회사,B,투자자의 예수증권 등,25912237979087,국내증권사,B,SF205,각주항목(09.06월 이후)
10468,202406,0011981,다올투자증권 주식회사,B1,투자자의 예수증권 등_예수 증권,25912237979087,국내증권사,B,SF205,각주항목(09.06월 이후)
10469,202406,0011981,다올투자증권 주식회사,B2,투자자의 예수증권 등_예수양도성예금증서,0,국내증권사,B,SF205,각주항목(09.06월 이후)
10470,202406,0011981,다올투자증권 주식회사,B3,투자자의 예수증권 등_기타, ,국내증권사,B,SF205,각주항목(09.06월 이후)
10471,202406,0011981,다올투자증권 주식회사,C,파생상품계약,10298175152390,국내증권사,B,SF205,각주항목(09.06월 이후)
10472,202406,0011981,다올투자증권 주식회사,C1,파생상품계약_장내파생상품,385383448200,국내증권사,B,SF205,각주항목(09.06월 이후)
10473,202406,0011981,다올투자증권 주식회사,C11,파생상품계약_장내파생상품_이자율관련거래,0,국내증권사,B,SF205,각주항목(09.06월 이후)
10474,202406,0011981,다올투자증권 주식회사,C12,파생상품계약_장내파생상품_통화관련거래,0,국내증권사,B,SF205,각주항목(09.06월 이후)
10475,202406,0011981,다올투자증권 주식회사,C13,파생상품계약_장내파생상품_주식관련거래,385383448200,국내증권사,B,SF205,각주항목(09.06월 이후)
10476,202406,0011981,다올투자증권 주식회사,C14,파생상품계약_장내파생상품_일반상품관련거래,0,국내증권사,B,SF205,각주항목(09.06월 이후)
10477,202406,0011981,다올투자증권 주식회사,C15,파생상품계약_장내파생상품_기타,0,국내증권사,B,SF205,각주항목(09.06월 이후)
10478,202406,0011981,다올투자증권 주식회사,C2,파생상품계약_장외파생상품,9912791704190,국내증권사,B,SF205,각주항목(09.06월 이후)
10479,202406,0011981,다올투자증권 주식회사,C21,파생상품계약_장외파생상품_이자율관련거래,5144168461071,국내증권사,B,SF205,각주항목(09.06월 이후)
10480,202406,0011981,다올투자증권 주식회사,C22,파생상품계약_장외파생상품_통화관련거래,1362772389457,국내증권사,B,SF205,각주항목(09.06월 이후)
10481,202406,0011981,다올투자증권 주식회사,C23,파생상품계약_장외파생상품_주식관련거래,329193317505,국내증권사,B,SF205,각주항목(09.06월 이후)
10482,202406,0011981,다올투자증권 주식회사,C24,파생상품계약_장외파생상품_신용관련거래,3076657536157,국내증권사,B,SF205,각주항목(09.06월 이후)
10483,202406,0011981,다올투자증권 주식회사,C25,파생상품계약_장외파생상품_기타,0,국내증권사,B,SF205,각주항목(09.06월 이후)
10484,202406,0011981,다올투자증권 주식회사,D,대차 및 대주거래,456074427190,국내증권사,B,SF205,각주항목(09.06월 이후)
10485,202406,0011981,다올투자증권 주식회사,D1,대차 및 대주거래_대여증권,61177869000,국내증권사,B,SF205,각주항목(09.06월 이후)
10486,202406,0011981,다올투자증권 주식회사,D2,대차 및 대주거래_차입증권,394884104440,국내증권사,B,SF205,각주항목(09.06월 이후)
10487,202406,0011981,다올투자증권 주식회사,D3,대차 및 대주거래_신용거래대주,12453750,국내증권사,B,SF205,각주항목(09.06월 이후)
10488,202406,0011981,다올투자증권 주식회사,E,대손상각채권,61688244876,국내증권사,B,SF205,각주항목(09.06월 이후)
10489,202406,0011981,다올투자증권 주식회사,F,환전업무 예치금,0,국내증권사,B,SF205,각주항목(09.06월 이후)
10490,202406,0011981,다올투자증권 주식회사,G,미배당별도예치금,0,국내증권사,B,SF205,각주항목(09.06월 이후)
10491,202406,0011981,다올투자증권 주식회사,H,배서어음매출(종금계정),0,국내증권사,B,SF205,각주항목(09.06월 이후)
10492,202406,0011981,다올투자증권 주식회사,H1,대출채권매매이익_담보부, ,국내증권사,B,SF205,각주항목(09.06월 이후)
10493,202406,0011981,다올투자증권 주식회사,H2,대출채권매매이익_무담보부, ,국내증권사,B,SF205,각주항목(09.06월 이후)
10494,202409,0011981,다올투자증권 주식회사,A,채무보증,231500000000,국내증권사,B,SF205,각주항목(09.06월 이후)
10495,202409,0011981,다올투자증권 주식회사,A1,채무보증_지급보증,0,국내증권사,B,SF205,각주항목(09.06월 이후)
10496,202409,0011981,다올투자증권 주식회사,A2,채무보증_매입보장약정,0,국내증권사,B,SF205,각주항목(09.06월 이후)
10497,202409,0011981,다올투자증권 주식회사,A3,채무보증_채무인수약정, ,국내증권사,B,SF205,각주항목(09.06월 이후)
10498,202409,0011981,다올투자증권 주식회사,A5,채무보증_매입확약,231500000000,국내증권사,B,SF205,각주항목(09.06월 이후)
10499,202409,0011981,다올투자증권 주식회사,A6,채무보증_기타,0,국내증권사,B,SF205,각주항목(09.06월 이후)
10500,202409,0011981,다올투자증권 주식회사,B,투자자의 예수증권 등,25943289658230,국내증권사,B,SF205,각주항목(09.06월 이후)
10501,202409,0011981,다올투자증권 주식회사,B1,투자자의 예수증권 등_예수 증권,25943289658230,국내증권사,B,SF205,각주항목(09.06월 이후)
10502,202409,0011981,다올투자증권 주식회사,B2,투자자의 예수증권 등_예수양도성예금증서,0,국내증권사,B,SF205,각주항목(09.06월 이후)
10503,202409,0011981,다올투자증권 주식회사,B3,투자자의 예수증권 등_기타, ,국내증권사,B,SF205,각주항목(09.06월 이후)
10504,202409,0011981,다올투자증권 주식회사,C,파생상품계약,9970436969305,국내증권사,B,SF205,각주항목(09.06월 이후)
10505,202409,0011981,다올투자증권 주식회사,C1,파생상품계약_장내파생상품,582721153850,국내증권사,B,SF205,각주항목(09.06월 이후)
10506,202409,0011981,다올투자증권 주식회사,C11,파생상품계약_장내파생상품_이자율관련거래,0,국내증권사,B,SF205,각주항목(09.06월 이후)
10507,202409,0011981,다올투자증권 주식회사,C12,파생상품계약_장내파생상품_통화관련거래,87461426000,국내증권사,B,SF205,각주항목(09.06월 이후)
10508,202409,0011981,다올투자증권 주식회사,C13,파생상품계약_장내파생상품_주식관련거래,495259727850,국내증권사,B,SF205,각주항목(09.06월 이후)
10509,202409,0011981,다올투자증권 주식회사,C14,파생상품계약_장내파생상품_일반상품관련거래,0,국내증권사,B,SF205,각주항목(09.06월 이후)
10510,202409,0011981,다올투자증권 주식회사,C15,파생상품계약_장내파생상품_기타,0,국내증권사,B,SF205,각주항목(09.06월 이후)
10511,202409,0011981,다올투자증권 주식회사,C2,파생상품계약_장외파생상품,9387715815455,국내증권사,B,SF205,각주항목(09.06월 이후)
10512,202409,0011981,다올투자증권 주식회사,C21,파생상품계약_장외파생상품_이자율관련거래,4789588000000,국내증권사,B,SF205,각주항목(09.06월 이후)
10513,202409,0011981,다올투자증권 주식회사,C22,파생상품계약_장외파생상품_통화관련거래,1184756816420,국내증권사,B,SF205,각주항목(09.06월 이후)
10514,202409,0011981,다올투자증권 주식회사,C23,파생상품계약_장외파생상품_주식관련거래,317408657607,국내증권사,B,SF205,각주항목(09.06월 이후)
10515,202409,0011981,다올투자증권 주식회사,C24,파생상품계약_장외파생상품_신용관련거래,3095962341428,국내증권사,B,SF205,각주항목(09.06월 이후)
10516,202409,0011981,다올투자증권 주식회사,C25,파생상품계약_장외파생상품_기타,0,국내증권사,B,SF205,각주항목(09.06월 이후)
10517,202409,0011981,다올투자증권 주식회사,D,대차 및 대주거래,439567912585,국내증권사,B,SF205,각주항목(09.06월 이후)
10518,202409,0011981,다올투자증권 주식회사,D1,대차 및 대주거래_대여증권,22754500000,국내증권사,B,SF205,각주항목(09.06월 이후)
10519,202409,0011981,다올투자증권 주식회사,D2,대차 및 대주거래_차입증권,416813412585,국내증권사,B,SF205,각주항목(09.06월 이후)
10520,202409,0011981,다올투자증권 주식회사,D3,대차 및 대주거래_신용거래대주,0,국내증권사,B,SF205,각주항목(09.06월 이후)
10521,202409,0011981,다올투자증권 주식회사,E,대손상각채권,99655626948,국내증권사,B,SF205,각주항목(09.06월 이후)
10522,202409,0011981,다올투자증권 주식회사,F,환전업무 예치금,0,국내증권사,B,SF205,각주항목(09.06월 이후)
10523,202409,0011981,다올투자증권 주식회사,G,미배당별도예치금,0,국내증권사,B,SF205,각주항목(09.06월 이후)
10524,202409,0011981,다올투자증권 주식회사,H,배서어음매출(종금계정),0,국내증권사,B,SF205,각주항목(09.06월 이후)
10525,202409,0011981,다올투자증권 주식회사,H1,대출채권매매이익_담보부, ,국내증권사,B,SF205,각주항목(09.06월 이후)
10526,202409,0011981,다올투자증권 주식회사,H2,대출채권매매이익_무담보부, ,국내증권사,B,SF205,각주항목(09.06월 이후)
10527,202412,0011981,다올투자증권 주식회사,A,채무보증,135680000000,국내증권사,B,SF205,각주항목(09.06월 이후)
10528,202412,0011981,다올투자증권 주식회사,A1,채무보증_지급보증,0,국내증권사,B,SF205,각주항목(09.06월 이후)
10529,202412,0011981,다올투자증권 주식회사,A2,채무보증_매입보장약정,0,국내증권사,B,SF205,각주항목(09.06월 이후)
10530,202412,0011981,다올투자증권 주식회사,A3,채무보증_채무인수약정, ,국내증권사,B,SF205,각주항목(09.06월 이후)
10531,202412,0011981,다올투자증권 주식회사,A5,채무보증_매입확약,135680000000,국내증권사,B,SF205,각주항목(09.06월 이후)
10532,202412,0011981,다올투자증권 주식회사,A6,채무보증_기타,0,국내증권사,B,SF205,각주항목(09.06월 이후)
10533,202412,0011981,다올투자증권 주식회사,B,투자자의 예수증권 등,26388950703919,국내증권사,B,SF205,각주항목(09.06월 이후)
10534,202412,0011981,다올투자증권 주식회사,B1,투자자의 예수증권 등_예수 증권,26388950703919,국내증권사,B,SF205,각주항목(09.06월 이후)
10535,202412,0011981,다올투자증권 주식회사,B2,투자자의 예수증권 등_예수양도성예금증서,0,국내증권사,B,SF205,각주항목(09.06월 이후)
10536,202412,0011981,다올투자증권 주식회사,B3,투자자의 예수증권 등_기타, ,국내증권사,B,SF205,각주항목(09.06월 이후)
10537,202412,0011981,다올투자증권 주식회사,C,파생상품계약,9111965190114,국내증권사,B,SF205,각주항목(09.06월 이후)
10538,202412,0011981,다올투자증권 주식회사,C1,파생상품계약_장내파생상품,348063513863,국내증권사,B,SF205,각주항목(09.06월 이후)
10539,202412,0011981,다올투자증권 주식회사,C11,파생상품계약_장내파생상품_이자율관련거래,0,국내증권사,B,SF205,각주항목(09.06월 이후)
10540,202412,0011981,다올투자증권 주식회사,C12,파생상품계약_장내파생상품_통화관련거래,3515159000,국내증권사,B,SF205,각주항목(09.06월 이후)
10541,202412,0011981,다올투자증권 주식회사,C13,파생상품계약_장내파생상품_주식관련거래,344548354863,국내증권사,B,SF205,각주항목(09.06월 이후)
10542,202412,0011981,다올투자증권 주식회사,C14,파생상품계약_장내파생상품_일반상품관련거래,0,국내증권사,B,SF205,각주항목(09.06월 이후)
10543,202412,0011981,다올투자증권 주식회사,C15,파생상품계약_장내파생상품_기타,0,국내증권사,B,SF205,각주항목(09.06월 이후)
10544,202412,0011981,다올투자증권 주식회사,C2,파생상품계약_장외파생상품,8763901676251,국내증권사,B,SF205,각주항목(09.06월 이후)
10545,202412,0011981,다올투자증권 주식회사,C21,파생상품계약_장외파생상품_이자율관련거래,4646684400000,국내증권사,B,SF205,각주항목(09.06월 이후)
10546,202412,0011981,다올투자증권 주식회사,C22,파생상품계약_장외파생상품_통화관련거래,1139285104434,국내증권사,B,SF205,각주항목(09.06월 이후)
10547,202412,0011981,다올투자증권 주식회사,C23,파생상품계약_장외파생상품_주식관련거래,296257667383,국내증권사,B,SF205,각주항목(09.06월 이후)
10548,202412,0011981,다올투자증권 주식회사,C24,파생상품계약_장외파생상품_신용관련거래,2681674504434,국내증권사,B,SF205,각주항목(09.06월 이후)
10549,202412,0011981,다올투자증권 주식회사,C25,파생상품계약_장외파생상품_기타,0,국내증권사,B,SF205,각주항목(09.06월 이후)
10550,202412,0011981,다올투자증권 주식회사,D,대차 및 대주거래,555241103270,국내증권사,B,SF205,각주항목(09.06월 이후)
10551,202412,0011981,다올투자증권 주식회사,D1,대차 및 대주거래_대여증권,8852480000,국내증권사,B,SF205,각주항목(09.06월 이후)
10552,202412,0011981,다올투자증권 주식회사,D2,대차 및 대주거래_차입증권,546388623270,국내증권사,B,SF205,각주항목(09.06월 이후)
10553,202412,0011981,다올투자증권 주식회사,D3,대차 및 대주거래_신용거래대주,0,국내증권사,B,SF205,각주항목(09.06월 이후)
10554,202412,0011981,다올투자증권 주식회사,E,대손상각채권,99655626948,국내증권사,B,SF205,각주항목(09.06월 이후)
10555,202412,0011981,다올투자증권 주식회사,F,환전업무 예치금,0,국내증권사,B,SF205,각주항목(09.06월 이후)
10556,202412,0011981,다올투자증권 주식회사,G,미배당별도예치금,0,국내증권사,B,SF205,각주항목(09.06월 이후)
10557,202412,0011981,다올투자증권 주식회사,H,배서어음매출(종금계정),0,국내증권사,B,SF205,각주항목(09.06월 이후)
10558,202412,0011981,다올투자증권 주식회사,H1,대출채권매매이익_담보부, ,국내증권사,B,SF205,각주항목(09.06월 이후)
10559,202412,0011981,다올투자증권 주식회사,H2,대출채권매매이익_무담보부, ,국내증권사,B,SF205,각주항목(09.06월 이후)
10560,201703,0013003,다이와증권캐피탈마켓코리아 주식회사,A,채무보증,0,국내증권사,B,SF205,각주항목(09.06월 이후)
10561,201703,0013003,다이와증권캐피탈마켓코리아 주식회사,A1,채무보증_지급보증,0,국내증권사,B,SF205,각주항목(09.06월 이후)
10562,201703,0013003,다이와증권캐피탈마켓코리아 주식회사,A2,채무보증_매입보장약정,0,국내증권사,B,SF205,각주항목(09.06월 이후)
10563,201703,0013003,다이와증권캐피탈마켓코리아 주식회사,A3,채무보증_채무인수약정,0,국내증권사,B,SF205,각주항목(09.06월 이후)
10564,201703,0013003,다이와증권캐피탈마켓코리아 주식회사,A5,채무보증_매입확약,0,국내증권사,B,SF205,각주항목(09.06월 이후)
10565,201703,0013003,다이와증권캐피탈마켓코리아 주식회사,A6,채무보증_기타,0,국내증권사,B,SF205,각주항목(09.06월 이후)
10566,201703,0013003,다이와증권캐피탈마켓코리아 주식회사,B,투자자의 예수증권 등,1107188158355,국내증권사,B,SF205,각주항목(09.06월 이후)
10567,201703,0013003,다이와증권캐피탈마켓코리아 주식회사,B1,투자자의 예수증권 등_예수 증권,1107188158355,국내증권사,B,SF205,각주항목(09.06월 이후)
10568,201703,0013003,다이와증권캐피탈마켓코리아 주식회사,B2,투자자의 예수증권 등_예수양도성예금증서,0,국내증권사,B,SF205,각주항목(09.06월 이후)
10569,201703,0013003,다이와증권캐피탈마켓코리아 주식회사,B3,투자자의 예수증권 등_기타,0,국내증권사,B,SF205,각주항목(09.06월 이후)
10570,201703,0013003,다이와증권캐피탈마켓코리아 주식회사,C,파생상품계약,7693080000,국내증권사,B,SF205,각주항목(09.06월 이후)
10571,201703,0013003,다이와증권캐피탈마켓코리아 주식회사,C1,파생상품계약_장내파생상품,7693080000,국내증권사,B,SF205,각주항목(09.06월 이후)
10572,201703,0013003,다이와증권캐피탈마켓코리아 주식회사,C11,파생상품계약_장내파생상품_이자율관련거래,7693080000,국내증권사,B,SF205,각주항목(09.06월 이후)
10573,201703,0013003,다이와증권캐피탈마켓코리아 주식회사,C12,파생상품계약_장내파생상품_통화관련거래,0,국내증권사,B,SF205,각주항목(09.06월 이후)
10574,201703,0013003,다이와증권캐피탈마켓코리아 주식회사,C13,파생상품계약_장내파생상품_주식관련거래,0,국내증권사,B,SF205,각주항목(09.06월 이후)
10575,201703,0013003,다이와증권캐피탈마켓코리아 주식회사,C14,파생상품계약_장내파생상품_일반상품관련거래,0,국내증권사,B,SF205,각주항목(09.06월 이후)
10576,201703,0013003,다이와증권캐피탈마켓코리아 주식회사,C15,파생상품계약_장내파생상품_기타,0,국내증권사,B,SF205,각주항목(09.06월 이후)
10577,201703,0013003,다이와증권캐피탈마켓코리아 주식회사,C2,파생상품계약_장외파생상품,0,국내증권사,B,SF205,각주항목(09.06월 이후)
10578,201703,0013003,다이와증권캐피탈마켓코리아 주식회사,C21,파생상품계약_장외파생상품_이자율관련거래,0,국내증권사,B,SF205,각주항목(09.06월 이후)
10579,201703,0013003,다이와증권캐피탈마켓코리아 주식회사,C22,파생상품계약_장외파생상품_통화관련거래,0,국내증권사,B,SF205,각주항목(09.06월 이후)
10580,201703,0013003,다이와증권캐피탈마켓코리아 주식회사,C23,파생상품계약_장외파생상품_주식관련거래,0,국내증권사,B,SF205,각주항목(09.06월 이후)
10581,201703,0013003,다이와증권캐피탈마켓코리아 주식회사,C24,파생상품계약_장외파생상품_신용관련거래,0,국내증권사,B,SF205,각주항목(09.06월 이후)
10582,201703,0013003,다이와증권캐피탈마켓코리아 주식회사,C25,파생상품계약_장외파생상품_기타,0,국내증권사,B,SF205,각주항목(09.06월 이후)
10583,201703,0013003,다이와증권캐피탈마켓코리아 주식회사,D,대차 및 대주거래,0,국내증권사,B,SF205,각주항목(09.06월 이후)
10584,201703,0013003,다이와증권캐피탈마켓코리아 주식회사,D1,대차 및 대주거래_대여증권,0,국내증권사,B,SF205,각주항목(09.06월 이후)
10585,201703,0013003,다이와증권캐피탈마켓코리아 주식회사,D2,대차 및 대주거래_차입증권,0,국내증권사,B,SF205,각주항목(09.06월 이후)
10586,201703,0013003,다이와증권캐피탈마켓코리아 주식회사,D3,대차 및 대주거래_신용거래대주,0,국내증권사,B,SF205,각주항목(09.06월 이후)
10587,201703,0013003,다이와증권캐피탈마켓코리아 주식회사,E,대손상각채권,0,국내증권사,B,SF205,각주항목(09.06월 이후)
10588,201703,0013003,다이와증권캐피탈마켓코리아 주식회사,F,환전업무 예치금,0,국내증권사,B,SF205,각주항목(09.06월 이후)
10589,201703,0013003,다이와증권캐피탈마켓코리아 주식회사,G,미배당별도예치금,0,국내증권사,B,SF205,각주항목(09.06월 이후)
10590,201703,0013003,다이와증권캐피탈마켓코리아 주식회사,H,배서어음매출(종금계정),0,국내증권사,B,SF205,각주항목(09.06월 이후)
10591,201703,0013003,다이와증권캐피탈마켓코리아 주식회사,H1,대출채권매매이익_담보부,0,국내증권사,B,SF205,각주항목(09.06월 이후)
10592,201703,0013003,다이와증권캐피탈마켓코리아 주식회사,H2,대출채권매매이익_무담보부,0,국내증권사,B,SF205,각주항목(09.06월 이후)
10593,201706,0013003,다이와증권캐피탈마켓코리아 주식회사,A,채무보증,0,국내증권사,B,SF205,각주항목(09.06월 이후)
10594,201706,0013003,다이와증권캐피탈마켓코리아 주식회사,A1,채무보증_지급보증,0,국내증권사,B,SF205,각주항목(09.06월 이후)
10595,201706,0013003,다이와증권캐피탈마켓코리아 주식회사,A2,채무보증_매입보장약정,0,국내증권사,B,SF205,각주항목(09.06월 이후)
10596,201706,0013003,다이와증권캐피탈마켓코리아 주식회사,A3,채무보증_채무인수약정,0,국내증권사,B,SF205,각주항목(09.06월 이후)
10597,201706,0013003,다이와증권캐피탈마켓코리아 주식회사,A5,채무보증_매입확약,0,국내증권사,B,SF205,각주항목(09.06월 이후)
10598,201706,0013003,다이와증권캐피탈마켓코리아 주식회사,A6,채무보증_기타,0,국내증권사,B,SF205,각주항목(09.06월 이후)
10599,201706,0013003,다이와증권캐피탈마켓코리아 주식회사,B,투자자의 예수증권 등,1213773389900,국내증권사,B,SF205,각주항목(09.06월 이후)
10600,201706,0013003,다이와증권캐피탈마켓코리아 주식회사,B1,투자자의 예수증권 등_예수 증권,1213773389900,국내증권사,B,SF205,각주항목(09.06월 이후)
10601,201706,0013003,다이와증권캐피탈마켓코리아 주식회사,B2,투자자의 예수증권 등_예수양도성예금증서,0,국내증권사,B,SF205,각주항목(09.06월 이후)
10602,201706,0013003,다이와증권캐피탈마켓코리아 주식회사,B3,투자자의 예수증권 등_기타,0,국내증권사,B,SF205,각주항목(09.06월 이후)
10603,201706,0013003,다이와증권캐피탈마켓코리아 주식회사,C,파생상품계약,8988770000,국내증권사,B,SF205,각주항목(09.06월 이후)
10604,201706,0013003,다이와증권캐피탈마켓코리아 주식회사,C1,파생상품계약_장내파생상품,8988770000,국내증권사,B,SF205,각주항목(09.06월 이후)
10605,201706,0013003,다이와증권캐피탈마켓코리아 주식회사,C11,파생상품계약_장내파생상품_이자율관련거래,8988770000,국내증권사,B,SF205,각주항목(09.06월 이후)
10606,201706,0013003,다이와증권캐피탈마켓코리아 주식회사,C12,파생상품계약_장내파생상품_통화관련거래,0,국내증권사,B,SF205,각주항목(09.06월 이후)
10607,201706,0013003,다이와증권캐피탈마켓코리아 주식회사,C13,파생상품계약_장내파생상품_주식관련거래,0,국내증권사,B,SF205,각주항목(09.06월 이후)
10608,201706,0013003,다이와증권캐피탈마켓코리아 주식회사,C14,파생상품계약_장내파생상품_일반상품관련거래,0,국내증권사,B,SF205,각주항목(09.06월 이후)
10609,201706,0013003,다이와증권캐피탈마켓코리아 주식회사,C15,파생상품계약_장내파생상품_기타,0,국내증권사,B,SF205,각주항목(09.06월 이후)
10610,201706,0013003,다이와증권캐피탈마켓코리아 주식회사,C2,파생상품계약_장외파생상품,0,국내증권사,B,SF205,각주항목(09.06월 이후)
10611,201706,0013003,다이와증권캐피탈마켓코리아 주식회사,C21,파생상품계약_장외파생상품_이자율관련거래,0,국내증권사,B,SF205,각주항목(09.06월 이후)
10612,201706,0013003,다이와증권캐피탈마켓코리아 주식회사,C22,파생상품계약_장외파생상품_통화관련거래,0,국내증권사,B,SF205,각주항목(09.06월 이후)
10613,201706,0013003,다이와증권캐피탈마켓코리아 주식회사,C23,파생상품계약_장외파생상품_주식관련거래,0,국내증권사,B,SF205,각주항목(09.06월 이후)
10614,201706,0013003,다이와증권캐피탈마켓코리아 주식회사,C24,파생상품계약_장외파생상품_신용관련거래,0,국내증권사,B,SF205,각주항목(09.06월 이후)
10615,201706,0013003,다이와증권캐피탈마켓코리아 주식회사,C25,파생상품계약_장외파생상품_기타,0,국내증권사,B,SF205,각주항목(09.06월 이후)
10616,201706,0013003,다이와증권캐피탈마켓코리아 주식회사,D,대차 및 대주거래,0,국내증권사,B,SF205,각주항목(09.06월 이후)
10617,201706,0013003,다이와증권캐피탈마켓코리아 주식회사,D1,대차 및 대주거래_대여증권,0,국내증권사,B,SF205,각주항목(09.06월 이후)
10618,201706,0013003,다이와증권캐피탈마켓코리아 주식회사,D2,대차 및 대주거래_차입증권,0,국내증권사,B,SF205,각주항목(09.06월 이후)
10619,201706,0013003,다이와증권캐피탈마켓코리아 주식회사,D3,대차 및 대주거래_신용거래대주,0,국내증권사,B,SF205,각주항목(09.06월 이후)
10620,201706,0013003,다이와증권캐피탈마켓코리아 주식회사,E,대손상각채권,0,국내증권사,B,SF205,각주항목(09.06월 이후)
10621,201706,0013003,다이와증권캐피탈마켓코리아 주식회사,F,환전업무 예치금,0,국내증권사,B,SF205,각주항목(09.06월 이후)
10622,201706,0013003,다이와증권캐피탈마켓코리아 주식회사,G,미배당별도예치금,0,국내증권사,B,SF205,각주항목(09.06월 이후)
10623,201706,0013003,다이와증권캐피탈마켓코리아 주식회사,H,배서어음매출(종금계정),0,국내증권사,B,SF205,각주항목(09.06월 이후)
10624,201706,0013003,다이와증권캐피탈마켓코리아 주식회사,H1,대출채권매매이익_담보부,0,국내증권사,B,SF205,각주항목(09.06월 이후)
10625,201706,0013003,다이와증권캐피탈마켓코리아 주식회사,H2,대출채권매매이익_무담보부,0,국내증권사,B,SF205,각주항목(09.06월 이후)
10626,201709,0013003,다이와증권캐피탈마켓코리아 주식회사,A,채무보증,0,국내증권사,B,SF205,각주항목(09.06월 이후)
10627,201709,0013003,다이와증권캐피탈마켓코리아 주식회사,A1,채무보증_지급보증,0,국내증권사,B,SF205,각주항목(09.06월 이후)
10628,201709,0013003,다이와증권캐피탈마켓코리아 주식회사,A2,채무보증_매입보장약정,0,국내증권사,B,SF205,각주항목(09.06월 이후)
10629,201709,0013003,다이와증권캐피탈마켓코리아 주식회사,A3,채무보증_채무인수약정,0,국내증권사,B,SF205,각주항목(09.06월 이후)
10630,201709,0013003,다이와증권캐피탈마켓코리아 주식회사,A5,채무보증_매입확약,0,국내증권사,B,SF205,각주항목(09.06월 이후)
10631,201709,0013003,다이와증권캐피탈마켓코리아 주식회사,A6,채무보증_기타,0,국내증권사,B,SF205,각주항목(09.06월 이후)
10632,201709,0013003,다이와증권캐피탈마켓코리아 주식회사,B,투자자의 예수증권 등,1166071621660,국내증권사,B,SF205,각주항목(09.06월 이후)
10633,201709,0013003,다이와증권캐피탈마켓코리아 주식회사,B1,투자자의 예수증권 등_예수 증권,1166071621660,국내증권사,B,SF205,각주항목(09.06월 이후)
10634,201709,0013003,다이와증권캐피탈마켓코리아 주식회사,B2,투자자의 예수증권 등_예수양도성예금증서,0,국내증권사,B,SF205,각주항목(09.06월 이후)
10635,201709,0013003,다이와증권캐피탈마켓코리아 주식회사,B3,투자자의 예수증권 등_기타,0,국내증권사,B,SF205,각주항목(09.06월 이후)
10636,201709,0013003,다이와증권캐피탈마켓코리아 주식회사,C,파생상품계약,56678600000,국내증권사,B,SF205,각주항목(09.06월 이후)
10637,201709,0013003,다이와증권캐피탈마켓코리아 주식회사,C1,파생상품계약_장내파생상품,56678600000,국내증권사,B,SF205,각주항목(09.06월 이후)
10638,201709,0013003,다이와증권캐피탈마켓코리아 주식회사,C11,파생상품계약_장내파생상품_이자율관련거래,56678600000,국내증권사,B,SF205,각주항목(09.06월 이후)
10639,201709,0013003,다이와증권캐피탈마켓코리아 주식회사,C12,파생상품계약_장내파생상품_통화관련거래,0,국내증권사,B,SF205,각주항목(09.06월 이후)
10640,201709,0013003,다이와증권캐피탈마켓코리아 주식회사,C13,파생상품계약_장내파생상품_주식관련거래,0,국내증권사,B,SF205,각주항목(09.06월 이후)
10641,201709,0013003,다이와증권캐피탈마켓코리아 주식회사,C14,파생상품계약_장내파생상품_일반상품관련거래,0,국내증권사,B,SF205,각주항목(09.06월 이후)
10642,201709,0013003,다이와증권캐피탈마켓코리아 주식회사,C15,파생상품계약_장내파생상품_기타,0,국내증권사,B,SF205,각주항목(09.06월 이후)
10643,201709,0013003,다이와증권캐피탈마켓코리아 주식회사,C2,파생상품계약_장외파생상품,0,국내증권사,B,SF205,각주항목(09.06월 이후)
10644,201709,0013003,다이와증권캐피탈마켓코리아 주식회사,C21,파생상품계약_장외파생상품_이자율관련거래,0,국내증권사,B,SF205,각주항목(09.06월 이후)
10645,201709,0013003,다이와증권캐피탈마켓코리아 주식회사,C22,파생상품계약_장외파생상품_통화관련거래,0,국내증권사,B,SF205,각주항목(09.06월 이후)
10646,201709,0013003,다이와증권캐피탈마켓코리아 주식회사,C23,파생상품계약_장외파생상품_주식관련거래,0,국내증권사,B,SF205,각주항목(09.06월 이후)
10647,201709,0013003,다이와증권캐피탈마켓코리아 주식회사,C24,파생상품계약_장외파생상품_신용관련거래,0,국내증권사,B,SF205,각주항목(09.06월 이후)
10648,201709,0013003,다이와증권캐피탈마켓코리아 주식회사,C25,파생상품계약_장외파생상품_기타,0,국내증권사,B,SF205,각주항목(09.06월 이후)
10649,201709,0013003,다이와증권캐피탈마켓코리아 주식회사,D,대차 및 대주거래,0,국내증권사,B,SF205,각주항목(09.06월 이후)
10650,201709,0013003,다이와증권캐피탈마켓코리아 주식회사,D1,대차 및 대주거래_대여증권,0,국내증권사,B,SF205,각주항목(09.06월 이후)
10651,201709,0013003,다이와증권캐피탈마켓코리아 주식회사,D2,대차 및 대주거래_차입증권,0,국내증권사,B,SF205,각주항목(09.06월 이후)
10652,201709,0013003,다이와증권캐피탈마켓코리아 주식회사,D3,대차 및 대주거래_신용거래대주,0,국내증권사,B,SF205,각주항목(09.06월 이후)
10653,201709,0013003,다이와증권캐피탈마켓코리아 주식회사,E,대손상각채권,0,국내증권사,B,SF205,각주항목(09.06월 이후)
10654,201709,0013003,다이와증권캐피탈마켓코리아 주식회사,F,환전업무 예치금,0,국내증권사,B,SF205,각주항목(09.06월 이후)
10655,201709,0013003,다이와증권캐피탈마켓코리아 주식회사,G,미배당별도예치금,0,국내증권사,B,SF205,각주항목(09.06월 이후)
10656,201709,0013003,다이와증권캐피탈마켓코리아 주식회사,H,배서어음매출(종금계정),0,국내증권사,B,SF205,각주항목(09.06월 이후)
10657,201709,0013003,다이와증권캐피탈마켓코리아 주식회사,H1,대출채권매매이익_담보부,0,국내증권사,B,SF205,각주항목(09.06월 이후)
10658,201709,0013003,다이와증권캐피탈마켓코리아 주식회사,H2,대출채권매매이익_무담보부,0,국내증권사,B,SF205,각주항목(09.06월 이후)
10659,201712,0013003,다이와증권캐피탈마켓코리아 주식회사,A,채무보증,0,국내증권사,B,SF205,각주항목(09.06월 이후)
10660,201712,0013003,다이와증권캐피탈마켓코리아 주식회사,A1,채무보증_지급보증,0,국내증권사,B,SF205,각주항목(09.06월 이후)
10661,201712,0013003,다이와증권캐피탈마켓코리아 주식회사,A2,채무보증_매입보장약정,0,국내증권사,B,SF205,각주항목(09.06월 이후)
10662,201712,0013003,다이와증권캐피탈마켓코리아 주식회사,A3,채무보증_채무인수약정,0,국내증권사,B,SF205,각주항목(09.06월 이후)
10663,201712,0013003,다이와증권캐피탈마켓코리아 주식회사,A5,채무보증_매입확약,0,국내증권사,B,SF205,각주항목(09.06월 이후)
10664,201712,0013003,다이와증권캐피탈마켓코리아 주식회사,A6,채무보증_기타,0,국내증권사,B,SF205,각주항목(09.06월 이후)
10665,201712,0013003,다이와증권캐피탈마켓코리아 주식회사,B,투자자의 예수증권 등,1420215357380,국내증권사,B,SF205,각주항목(09.06월 이후)
10666,201712,0013003,다이와증권캐피탈마켓코리아 주식회사,B1,투자자의 예수증권 등_예수 증권,1420215357380,국내증권사,B,SF205,각주항목(09.06월 이후)
10667,201712,0013003,다이와증권캐피탈마켓코리아 주식회사,B2,투자자의 예수증권 등_예수양도성예금증서,0,국내증권사,B,SF205,각주항목(09.06월 이후)
10668,201712,0013003,다이와증권캐피탈마켓코리아 주식회사,B3,투자자의 예수증권 등_기타,0,국내증권사,B,SF205,각주항목(09.06월 이후)
10669,201712,0013003,다이와증권캐피탈마켓코리아 주식회사,C,파생상품계약,22272350000,국내증권사,B,SF205,각주항목(09.06월 이후)
10670,201712,0013003,다이와증권캐피탈마켓코리아 주식회사,C1,파생상품계약_장내파생상품,22272350000,국내증권사,B,SF205,각주항목(09.06월 이후)
10671,201712,0013003,다이와증권캐피탈마켓코리아 주식회사,C11,파생상품계약_장내파생상품_이자율관련거래,22272350000,국내증권사,B,SF205,각주항목(09.06월 이후)
10672,201712,0013003,다이와증권캐피탈마켓코리아 주식회사,C12,파생상품계약_장내파생상품_통화관련거래,0,국내증권사,B,SF205,각주항목(09.06월 이후)
10673,201712,0013003,다이와증권캐피탈마켓코리아 주식회사,C13,파생상품계약_장내파생상품_주식관련거래,0,국내증권사,B,SF205,각주항목(09.06월 이후)
10674,201712,0013003,다이와증권캐피탈마켓코리아 주식회사,C14,파생상품계약_장내파생상품_일반상품관련거래,0,국내증권사,B,SF205,각주항목(09.06월 이후)
10675,201712,0013003,다이와증권캐피탈마켓코리아 주식회사,C15,파생상품계약_장내파생상품_기타,0,국내증권사,B,SF205,각주항목(09.06월 이후)
10676,201712,0013003,다이와증권캐피탈마켓코리아 주식회사,C2,파생상품계약_장외파생상품,0,국내증권사,B,SF205,각주항목(09.06월 이후)
10677,201712,0013003,다이와증권캐피탈마켓코리아 주식회사,C21,파생상품계약_장외파생상품_이자율관련거래,0,국내증권사,B,SF205,각주항목(09.06월 이후)
10678,201712,0013003,다이와증권캐피탈마켓코리아 주식회사,C22,파생상품계약_장외파생상품_통화관련거래,0,국내증권사,B,SF205,각주항목(09.06월 이후)
10679,201712,0013003,다이와증권캐피탈마켓코리아 주식회사,C23,파생상품계약_장외파생상품_주식관련거래,0,국내증권사,B,SF205,각주항목(09.06월 이후)
10680,201712,0013003,다이와증권캐피탈마켓코리아 주식회사,C24,파생상품계약_장외파생상품_신용관련거래,0,국내증권사,B,SF205,각주항목(09.06월 이후)
10681,201712,0013003,다이와증권캐피탈마켓코리아 주식회사,C25,파생상품계약_장외파생상품_기타,0,국내증권사,B,SF205,각주항목(09.06월 이후)
10682,201712,0013003,다이와증권캐피탈마켓코리아 주식회사,D,대차 및 대주거래,0,국내증권사,B,SF205,각주항목(09.06월 이후)
10683,201712,0013003,다이와증권캐피탈마켓코리아 주식회사,D1,대차 및 대주거래_대여증권,0,국내증권사,B,SF205,각주항목(09.06월 이후)
10684,201712,0013003,다이와증권캐피탈마켓코리아 주식회사,D2,대차 및 대주거래_차입증권,0,국내증권사,B,SF205,각주항목(09.06월 이후)
10685,201712,0013003,다이와증권캐피탈마켓코리아 주식회사,D3,대차 및 대주거래_신용거래대주,0,국내증권사,B,SF205,각주항목(09.06월 이후)
10686,201712,0013003,다이와증권캐피탈마켓코리아 주식회사,E,대손상각채권,0,국내증권사,B,SF205,각주항목(09.06월 이후)
10687,201712,0013003,다이와증권캐피탈마켓코리아 주식회사,F,환전업무 예치금,0,국내증권사,B,SF205,각주항목(09.06월 이후)
10688,201712,0013003,다이와증권캐피탈마켓코리아 주식회사,G,미배당별도예치금,0,국내증권사,B,SF205,각주항목(09.06월 이후)
10689,201712,0013003,다이와증권캐피탈마켓코리아 주식회사,H,배서어음매출(종금계정),0,국내증권사,B,SF205,각주항목(09.06월 이후)
10690,201712,0013003,다이와증권캐피탈마켓코리아 주식회사,H1,대출채권매매이익_담보부,0,국내증권사,B,SF205,각주항목(09.06월 이후)
10691,201712,0013003,다이와증권캐피탈마켓코리아 주식회사,H2,대출채권매매이익_무담보부,0,국내증권사,B,SF205,각주항목(09.06월 이후)
10692,201803,0013003,다이와증권캐피탈마켓코리아 주식회사,A,채무보증,0,국내증권사,B,SF205,각주항목(09.06월 이후)
10693,201803,0013003,다이와증권캐피탈마켓코리아 주식회사,A1,채무보증_지급보증,0,국내증권사,B,SF205,각주항목(09.06월 이후)
10694,201803,0013003,다이와증권캐피탈마켓코리아 주식회사,A2,채무보증_매입보장약정,0,국내증권사,B,SF205,각주항목(09.06월 이후)
10695,201803,0013003,다이와증권캐피탈마켓코리아 주식회사,A3,채무보증_채무인수약정,0,국내증권사,B,SF205,각주항목(09.06월 이후)
10696,201803,0013003,다이와증권캐피탈마켓코리아 주식회사,A5,채무보증_매입확약,0,국내증권사,B,SF205,각주항목(09.06월 이후)
10697,201803,0013003,다이와증권캐피탈마켓코리아 주식회사,A6,채무보증_기타,0,국내증권사,B,SF205,각주항목(09.06월 이후)
10698,201803,0013003,다이와증권캐피탈마켓코리아 주식회사,B,투자자의 예수증권 등,1383054743115,국내증권사,B,SF205,각주항목(09.06월 이후)
10699,201803,0013003,다이와증권캐피탈마켓코리아 주식회사,B1,투자자의 예수증권 등_예수 증권,1383054743115,국내증권사,B,SF205,각주항목(09.06월 이후)
10700,201803,0013003,다이와증권캐피탈마켓코리아 주식회사,B2,투자자의 예수증권 등_예수양도성예금증서,0,국내증권사,B,SF205,각주항목(09.06월 이후)
10701,201803,0013003,다이와증권캐피탈마켓코리아 주식회사,B3,투자자의 예수증권 등_기타,0,국내증권사,B,SF205,각주항목(09.06월 이후)
10702,201803,0013003,다이와증권캐피탈마켓코리아 주식회사,C,파생상품계약,67755680000,국내증권사,B,SF205,각주항목(09.06월 이후)
10703,201803,0013003,다이와증권캐피탈마켓코리아 주식회사,C1,파생상품계약_장내파생상품,67755680000,국내증권사,B,SF205,각주항목(09.06월 이후)
10704,201803,0013003,다이와증권캐피탈마켓코리아 주식회사,C11,파생상품계약_장내파생상품_이자율관련거래,67755680000,국내증권사,B,SF205,각주항목(09.06월 이후)
10705,201803,0013003,다이와증권캐피탈마켓코리아 주식회사,C12,파생상품계약_장내파생상품_통화관련거래,0,국내증권사,B,SF205,각주항목(09.06월 이후)
10706,201803,0013003,다이와증권캐피탈마켓코리아 주식회사,C13,파생상품계약_장내파생상품_주식관련거래,0,국내증권사,B,SF205,각주항목(09.06월 이후)
10707,201803,0013003,다이와증권캐피탈마켓코리아 주식회사,C14,파생상품계약_장내파생상품_일반상품관련거래,0,국내증권사,B,SF205,각주항목(09.06월 이후)
10708,201803,0013003,다이와증권캐피탈마켓코리아 주식회사,C15,파생상품계약_장내파생상품_기타,0,국내증권사,B,SF205,각주항목(09.06월 이후)
10709,201803,0013003,다이와증권캐피탈마켓코리아 주식회사,C2,파생상품계약_장외파생상품,0,국내증권사,B,SF205,각주항목(09.06월 이후)
10710,201803,0013003,다이와증권캐피탈마켓코리아 주식회사,C21,파생상품계약_장외파생상품_이자율관련거래,0,국내증권사,B,SF205,각주항목(09.06월 이후)
10711,201803,0013003,다이와증권캐피탈마켓코리아 주식회사,C22,파생상품계약_장외파생상품_통화관련거래,0,국내증권사,B,SF205,각주항목(09.06월 이후)
10712,201803,0013003,다이와증권캐피탈마켓코리아 주식회사,C23,파생상품계약_장외파생상품_주식관련거래,0,국내증권사,B,SF205,각주항목(09.06월 이후)
10713,201803,0013003,다이와증권캐피탈마켓코리아 주식회사,C24,파생상품계약_장외파생상품_신용관련거래,0,국내증권사,B,SF205,각주항목(09.06월 이후)
10714,201803,0013003,다이와증권캐피탈마켓코리아 주식회사,C25,파생상품계약_장외파생상품_기타,0,국내증권사,B,SF205,각주항목(09.06월 이후)
10715,201803,0013003,다이와증권캐피탈마켓코리아 주식회사,D,대차 및 대주거래,0,국내증권사,B,SF205,각주항목(09.06월 이후)
10716,201803,0013003,다이와증권캐피탈마켓코리아 주식회사,D1,대차 및 대주거래_대여증권,0,국내증권사,B,SF205,각주항목(09.06월 이후)
10717,201803,0013003,다이와증권캐피탈마켓코리아 주식회사,D2,대차 및 대주거래_차입증권,0,국내증권사,B,SF205,각주항목(09.06월 이후)
10718,201803,0013003,다이와증권캐피탈마켓코리아 주식회사,D3,대차 및 대주거래_신용거래대주,0,국내증권사,B,SF205,각주항목(09.06월 이후)
10719,201803,0013003,다이와증권캐피탈마켓코리아 주식회사,E,대손상각채권,0,국내증권사,B,SF205,각주항목(09.06월 이후)
10720,201803,0013003,다이와증권캐피탈마켓코리아 주식회사,F,환전업무 예치금,0,국내증권사,B,SF205,각주항목(09.06월 이후)
10721,201803,0013003,다이와증권캐피탈마켓코리아 주식회사,G,미배당별도예치금,0,국내증권사,B,SF205,각주항목(09.06월 이후)
10722,201803,0013003,다이와증권캐피탈마켓코리아 주식회사,H,배서어음매출(종금계정),0,국내증권사,B,SF205,각주항목(09.06월 이후)
10723,201803,0013003,다이와증권캐피탈마켓코리아 주식회사,H1,대출채권매매이익_담보부,0,국내증권사,B,SF205,각주항목(09.06월 이후)
10724,201803,0013003,다이와증권캐피탈마켓코리아 주식회사,H2,대출채권매매이익_무담보부,0,국내증권사,B,SF205,각주항목(09.06월 이후)
10725,201806,0013003,다이와증권캐피탈마켓코리아 주식회사,A,채무보증,0,국내증권사,B,SF205,각주항목(09.06월 이후)
10726,201806,0013003,다이와증권캐피탈마켓코리아 주식회사,A1,채무보증_지급보증,0,국내증권사,B,SF205,각주항목(09.06월 이후)
10727,201806,0013003,다이와증권캐피탈마켓코리아 주식회사,A2,채무보증_매입보장약정,0,국내증권사,B,SF205,각주항목(09.06월 이후)
10728,201806,0013003,다이와증권캐피탈마켓코리아 주식회사,A3,채무보증_채무인수약정,0,국내증권사,B,SF205,각주항목(09.06월 이후)
10729,201806,0013003,다이와증권캐피탈마켓코리아 주식회사,A5,채무보증_매입확약,0,국내증권사,B,SF205,각주항목(09.06월 이후)
10730,201806,0013003,다이와증권캐피탈마켓코리아 주식회사,A6,채무보증_기타,0,국내증권사,B,SF205,각주항목(09.06월 이후)
10731,201806,0013003,다이와증권캐피탈마켓코리아 주식회사,B,투자자의 예수증권 등,1256677788100,국내증권사,B,SF205,각주항목(09.06월 이후)
10732,201806,0013003,다이와증권캐피탈마켓코리아 주식회사,B1,투자자의 예수증권 등_예수 증권,1256677788100,국내증권사,B,SF205,각주항목(09.06월 이후)
10733,201806,0013003,다이와증권캐피탈마켓코리아 주식회사,B2,투자자의 예수증권 등_예수양도성예금증서,0,국내증권사,B,SF205,각주항목(09.06월 이후)
10734,201806,0013003,다이와증권캐피탈마켓코리아 주식회사,B3,투자자의 예수증권 등_기타,0,국내증권사,B,SF205,각주항목(09.06월 이후)
10735,201806,0013003,다이와증권캐피탈마켓코리아 주식회사,C,파생상품계약,49983446206,국내증권사,B,SF205,각주항목(09.06월 이후)
10736,201806,0013003,다이와증권캐피탈마켓코리아 주식회사,C1,파생상품계약_장내파생상품,21942820000,국내증권사,B,SF205,각주항목(09.06월 이후)
10737,201806,0013003,다이와증권캐피탈마켓코리아 주식회사,C11,파생상품계약_장내파생상품_이자율관련거래,21942820000,국내증권사,B,SF205,각주항목(09.06월 이후)
10738,201806,0013003,다이와증권캐피탈마켓코리아 주식회사,C12,파생상품계약_장내파생상품_통화관련거래,0,국내증권사,B,SF205,각주항목(09.06월 이후)
10739,201806,0013003,다이와증권캐피탈마켓코리아 주식회사,C13,파생상품계약_장내파생상품_주식관련거래,0,국내증권사,B,SF205,각주항목(09.06월 이후)
10740,201806,0013003,다이와증권캐피탈마켓코리아 주식회사,C14,파생상품계약_장내파생상품_일반상품관련거래,0,국내증권사,B,SF205,각주항목(09.06월 이후)
10741,201806,0013003,다이와증권캐피탈마켓코리아 주식회사,C15,파생상품계약_장내파생상품_기타,0,국내증권사,B,SF205,각주항목(09.06월 이후)
10742,201806,0013003,다이와증권캐피탈마켓코리아 주식회사,C2,파생상품계약_장외파생상품,28040626206,국내증권사,B,SF205,각주항목(09.06월 이후)
10743,201806,0013003,다이와증권캐피탈마켓코리아 주식회사,C21,파생상품계약_장외파생상품_이자율관련거래,0,국내증권사,B,SF205,각주항목(09.06월 이후)
10744,201806,0013003,다이와증권캐피탈마켓코리아 주식회사,C22,파생상품계약_장외파생상품_통화관련거래,28040626206,국내증권사,B,SF205,각주항목(09.06월 이후)
10745,201806,0013003,다이와증권캐피탈마켓코리아 주식회사,C23,파생상품계약_장외파생상품_주식관련거래,0,국내증권사,B,SF205,각주항목(09.06월 이후)
10746,201806,0013003,다이와증권캐피탈마켓코리아 주식회사,C24,파생상품계약_장외파생상품_신용관련거래,0,국내증권사,B,SF205,각주항목(09.06월 이후)
10747,201806,0013003,다이와증권캐피탈마켓코리아 주식회사,C25,파생상품계약_장외파생상품_기타,0,국내증권사,B,SF205,각주항목(09.06월 이후)
10748,201806,0013003,다이와증권캐피탈마켓코리아 주식회사,D,대차 및 대주거래,0,국내증권사,B,SF205,각주항목(09.06월 이후)
10749,201806,0013003,다이와증권캐피탈마켓코리아 주식회사,D1,대차 및 대주거래_대여증권,0,국내증권사,B,SF205,각주항목(09.06월 이후)
10750,201806,0013003,다이와증권캐피탈마켓코리아 주식회사,D2,대차 및 대주거래_차입증권,0,국내증권사,B,SF205,각주항목(09.06월 이후)
10751,201806,0013003,다이와증권캐피탈마켓코리아 주식회사,D3,대차 및 대주거래_신용거래대주,0,국내증권사,B,SF205,각주항목(09.06월 이후)
10752,201806,0013003,다이와증권캐피탈마켓코리아 주식회사,E,대손상각채권,0,국내증권사,B,SF205,각주항목(09.06월 이후)
10753,201806,0013003,다이와증권캐피탈마켓코리아 주식회사,F,환전업무 예치금,0,국내증권사,B,SF205,각주항목(09.06월 이후)
10754,201806,0013003,다이와증권캐피탈마켓코리아 주식회사,G,미배당별도예치금,0,국내증권사,B,SF205,각주항목(09.06월 이후)
10755,201806,0013003,다이와증권캐피탈마켓코리아 주식회사,H,배서어음매출(종금계정),0,국내증권사,B,SF205,각주항목(09.06월 이후)
10756,201806,0013003,다이와증권캐피탈마켓코리아 주식회사,H1,대출채권매매이익_담보부,0,국내증권사,B,SF205,각주항목(09.06월 이후)
10757,201806,0013003,다이와증권캐피탈마켓코리아 주식회사,H2,대출채권매매이익_무담보부,0,국내증권사,B,SF205,각주항목(09.06월 이후)
10758,201809,0013003,다이와증권캐피탈마켓코리아 주식회사,A,채무보증,0,국내증권사,B,SF205,각주항목(09.06월 이후)
10759,201809,0013003,다이와증권캐피탈마켓코리아 주식회사,A1,채무보증_지급보증,0,국내증권사,B,SF205,각주항목(09.06월 이후)
10760,201809,0013003,다이와증권캐피탈마켓코리아 주식회사,A2,채무보증_매입보장약정, ,국내증권사,B,SF205,각주항목(09.06월 이후)
10761,201809,0013003,다이와증권캐피탈마켓코리아 주식회사,A3,채무보증_채무인수약정, ,국내증권사,B,SF205,각주항목(09.06월 이후)
10762,201809,0013003,다이와증권캐피탈마켓코리아 주식회사,A5,채무보증_매입확약,0,국내증권사,B,SF205,각주항목(09.06월 이후)
10763,201809,0013003,다이와증권캐피탈마켓코리아 주식회사,A6,채무보증_기타, ,국내증권사,B,SF205,각주항목(09.06월 이후)
10764,201809,0013003,다이와증권캐피탈마켓코리아 주식회사,B,투자자의 예수증권 등,1315749489425,국내증권사,B,SF205,각주항목(09.06월 이후)
10765,201809,0013003,다이와증권캐피탈마켓코리아 주식회사,B1,투자자의 예수증권 등_예수 증권,1315749489425,국내증권사,B,SF205,각주항목(09.06월 이후)
10766,201809,0013003,다이와증권캐피탈마켓코리아 주식회사,B2,투자자의 예수증권 등_예수양도성예금증서, ,국내증권사,B,SF205,각주항목(09.06월 이후)
10767,201809,0013003,다이와증권캐피탈마켓코리아 주식회사,B3,투자자의 예수증권 등_기타, ,국내증권사,B,SF205,각주항목(09.06월 이후)
10768,201809,0013003,다이와증권캐피탈마켓코리아 주식회사,C,파생상품계약,47003776206,국내증권사,B,SF205,각주항목(09.06월 이후)
10769,201809,0013003,다이와증권캐피탈마켓코리아 주식회사,C1,파생상품계약_장내파생상품,18963150000,국내증권사,B,SF205,각주항목(09.06월 이후)
10770,201809,0013003,다이와증권캐피탈마켓코리아 주식회사,C11,파생상품계약_장내파생상품_이자율관련거래,18963150000,국내증권사,B,SF205,각주항목(09.06월 이후)
10771,201809,0013003,다이와증권캐피탈마켓코리아 주식회사,C12,파생상품계약_장내파생상품_통화관련거래,0,국내증권사,B,SF205,각주항목(09.06월 이후)
10772,201809,0013003,다이와증권캐피탈마켓코리아 주식회사,C13,파생상품계약_장내파생상품_주식관련거래,0,국내증권사,B,SF205,각주항목(09.06월 이후)
10773,201809,0013003,다이와증권캐피탈마켓코리아 주식회사,C14,파생상품계약_장내파생상품_일반상품관련거래,0,국내증권사,B,SF205,각주항목(09.06월 이후)
10774,201809,0013003,다이와증권캐피탈마켓코리아 주식회사,C15,파생상품계약_장내파생상품_기타,0,국내증권사,B,SF205,각주항목(09.06월 이후)
10775,201809,0013003,다이와증권캐피탈마켓코리아 주식회사,C2,파생상품계약_장외파생상품,28040626206,국내증권사,B,SF205,각주항목(09.06월 이후)
10776,201809,0013003,다이와증권캐피탈마켓코리아 주식회사,C21,파생상품계약_장외파생상품_이자율관련거래,0,국내증권사,B,SF205,각주항목(09.06월 이후)
10777,201809,0013003,다이와증권캐피탈마켓코리아 주식회사,C22,파생상품계약_장외파생상품_통화관련거래,28040626206,국내증권사,B,SF205,각주항목(09.06월 이후)
10778,201809,0013003,다이와증권캐피탈마켓코리아 주식회사,C23,파생상품계약_장외파생상품_주식관련거래,0,국내증권사,B,SF205,각주항목(09.06월 이후)
10779,201809,0013003,다이와증권캐피탈마켓코리아 주식회사,C24,파생상품계약_장외파생상품_신용관련거래,0,국내증권사,B,SF205,각주항목(09.06월 이후)
10780,201809,0013003,다이와증권캐피탈마켓코리아 주식회사,C25,파생상품계약_장외파생상품_기타,0,국내증권사,B,SF205,각주항목(09.06월 이후)
10781,201809,0013003,다이와증권캐피탈마켓코리아 주식회사,D,대차 및 대주거래,0,국내증권사,B,SF205,각주항목(09.06월 이후)
10782,201809,0013003,다이와증권캐피탈마켓코리아 주식회사,D1,대차 및 대주거래_대여증권,0,국내증권사,B,SF205,각주항목(09.06월 이후)
10783,201809,0013003,다이와증권캐피탈마켓코리아 주식회사,D2,대차 및 대주거래_차입증권,0,국내증권사,B,SF205,각주항목(09.06월 이후)
10784,201809,0013003,다이와증권캐피탈마켓코리아 주식회사,D3,대차 및 대주거래_신용거래대주, ,국내증권사,B,SF205,각주항목(09.06월 이후)
10785,201809,0013003,다이와증권캐피탈마켓코리아 주식회사,E,대손상각채권, ,국내증권사,B,SF205,각주항목(09.06월 이후)
10786,201809,0013003,다이와증권캐피탈마켓코리아 주식회사,F,환전업무 예치금,0,국내증권사,B,SF205,각주항목(09.06월 이후)
10787,201809,0013003,다이와증권캐피탈마켓코리아 주식회사,G,미배당별도예치금, ,국내증권사,B,SF205,각주항목(09.06월 이후)
10788,201809,0013003,다이와증권캐피탈마켓코리아 주식회사,H,배서어음매출(종금계정),0,국내증권사,B,SF205,각주항목(09.06월 이후)
10789,201809,0013003,다이와증권캐피탈마켓코리아 주식회사,H1,대출채권매매이익_담보부, ,국내증권사,B,SF205,각주항목(09.06월 이후)
10790,201809,0013003,다이와증권캐피탈마켓코리아 주식회사,H2,대출채권매매이익_무담보부, ,국내증권사,B,SF205,각주항목(09.06월 이후)
10791,201812,0013003,다이와증권캐피탈마켓코리아 주식회사,A,채무보증,0,국내증권사,B,SF205,각주항목(09.06월 이후)
10792,201812,0013003,다이와증권캐피탈마켓코리아 주식회사,A1,채무보증_지급보증,0,국내증권사,B,SF205,각주항목(09.06월 이후)
10793,201812,0013003,다이와증권캐피탈마켓코리아 주식회사,A2,채무보증_매입보장약정, ,국내증권사,B,SF205,각주항목(09.06월 이후)
10794,201812,0013003,다이와증권캐피탈마켓코리아 주식회사,A3,채무보증_채무인수약정, ,국내증권사,B,SF205,각주항목(09.06월 이후)
10795,201812,0013003,다이와증권캐피탈마켓코리아 주식회사,A5,채무보증_매입확약,0,국내증권사,B,SF205,각주항목(09.06월 이후)
10796,201812,0013003,다이와증권캐피탈마켓코리아 주식회사,A6,채무보증_기타, ,국내증권사,B,SF205,각주항목(09.06월 이후)
10797,201812,0013003,다이와증권캐피탈마켓코리아 주식회사,B,투자자의 예수증권 등,1162237607105,국내증권사,B,SF205,각주항목(09.06월 이후)
10798,201812,0013003,다이와증권캐피탈마켓코리아 주식회사,B1,투자자의 예수증권 등_예수 증권,1162237607105,국내증권사,B,SF205,각주항목(09.06월 이후)
10799,201812,0013003,다이와증권캐피탈마켓코리아 주식회사,B2,투자자의 예수증권 등_예수양도성예금증서, ,국내증권사,B,SF205,각주항목(09.06월 이후)
10800,201812,0013003,다이와증권캐피탈마켓코리아 주식회사,B3,투자자의 예수증권 등_기타, ,국내증권사,B,SF205,각주항목(09.06월 이후)
10801,201812,0013003,다이와증권캐피탈마켓코리아 주식회사,C,파생상품계약,95249137275,국내증권사,B,SF205,각주항목(09.06월 이후)
10802,201812,0013003,다이와증권캐피탈마켓코리아 주식회사,C1,파생상품계약_장내파생상품,66857580000,국내증권사,B,SF205,각주항목(09.06월 이후)
10803,201812,0013003,다이와증권캐피탈마켓코리아 주식회사,C11,파생상품계약_장내파생상품_이자율관련거래,66857580000,국내증권사,B,SF205,각주항목(09.06월 이후)
10804,201812,0013003,다이와증권캐피탈마켓코리아 주식회사,C12,파생상품계약_장내파생상품_통화관련거래,0,국내증권사,B,SF205,각주항목(09.06월 이후)
10805,201812,0013003,다이와증권캐피탈마켓코리아 주식회사,C13,파생상품계약_장내파생상품_주식관련거래,0,국내증권사,B,SF205,각주항목(09.06월 이후)
10806,201812,0013003,다이와증권캐피탈마켓코리아 주식회사,C14,파생상품계약_장내파생상품_일반상품관련거래,0,국내증권사,B,SF205,각주항목(09.06월 이후)
10807,201812,0013003,다이와증권캐피탈마켓코리아 주식회사,C15,파생상품계약_장내파생상품_기타,0,국내증권사,B,SF205,각주항목(09.06월 이후)
10808,201812,0013003,다이와증권캐피탈마켓코리아 주식회사,C2,파생상품계약_장외파생상품,28391557275,국내증권사,B,SF205,각주항목(09.06월 이후)
10809,201812,0013003,다이와증권캐피탈마켓코리아 주식회사,C21,파생상품계약_장외파생상품_이자율관련거래,0,국내증권사,B,SF205,각주항목(09.06월 이후)
10810,201812,0013003,다이와증권캐피탈마켓코리아 주식회사,C22,파생상품계약_장외파생상품_통화관련거래,28391557275,국내증권사,B,SF205,각주항목(09.06월 이후)
10811,201812,0013003,다이와증권캐피탈마켓코리아 주식회사,C23,파생상품계약_장외파생상품_주식관련거래,0,국내증권사,B,SF205,각주항목(09.06월 이후)
10812,201812,0013003,다이와증권캐피탈마켓코리아 주식회사,C24,파생상품계약_장외파생상품_신용관련거래,0,국내증권사,B,SF205,각주항목(09.06월 이후)
10813,201812,0013003,다이와증권캐피탈마켓코리아 주식회사,C25,파생상품계약_장외파생상품_기타,0,국내증권사,B,SF205,각주항목(09.06월 이후)
10814,201812,0013003,다이와증권캐피탈마켓코리아 주식회사,D,대차 및 대주거래,0,국내증권사,B,SF205,각주항목(09.06월 이후)
10815,201812,0013003,다이와증권캐피탈마켓코리아 주식회사,D1,대차 및 대주거래_대여증권,0,국내증권사,B,SF205,각주항목(09.06월 이후)
10816,201812,0013003,다이와증권캐피탈마켓코리아 주식회사,D2,대차 및 대주거래_차입증권,0,국내증권사,B,SF205,각주항목(09.06월 이후)
10817,201812,0013003,다이와증권캐피탈마켓코리아 주식회사,D3,대차 및 대주거래_신용거래대주, ,국내증권사,B,SF205,각주항목(09.06월 이후)
10818,201812,0013003,다이와증권캐피탈마켓코리아 주식회사,E,대손상각채권, ,국내증권사,B,SF205,각주항목(09.06월 이후)
10819,201812,0013003,다이와증권캐피탈마켓코리아 주식회사,F,환전업무 예치금,0,국내증권사,B,SF205,각주항목(09.06월 이후)
10820,201812,0013003,다이와증권캐피탈마켓코리아 주식회사,G,미배당별도예치금, ,국내증권사,B,SF205,각주항목(09.06월 이후)
10821,201812,0013003,다이와증권캐피탈마켓코리아 주식회사,H,배서어음매출(종금계정),0,국내증권사,B,SF205,각주항목(09.06월 이후)
10822,201812,0013003,다이와증권캐피탈마켓코리아 주식회사,H1,대출채권매매이익_담보부, ,국내증권사,B,SF205,각주항목(09.06월 이후)
10823,201812,0013003,다이와증권캐피탈마켓코리아 주식회사,H2,대출채권매매이익_무담보부, ,국내증권사,B,SF205,각주항목(09.06월 이후)
10824,201903,0013003,다이와증권캐피탈마켓코리아 주식회사,A,채무보증,0,국내증권사,B,SF205,각주항목(09.06월 이후)
10825,201903,0013003,다이와증권캐피탈마켓코리아 주식회사,A1,채무보증_지급보증,0,국내증권사,B,SF205,각주항목(09.06월 이후)
10826,201903,0013003,다이와증권캐피탈마켓코리아 주식회사,A2,채무보증_매입보장약정, ,국내증권사,B,SF205,각주항목(09.06월 이후)
10827,201903,0013003,다이와증권캐피탈마켓코리아 주식회사,A3,채무보증_채무인수약정, ,국내증권사,B,SF205,각주항목(09.06월 이후)
10828,201903,0013003,다이와증권캐피탈마켓코리아 주식회사,A5,채무보증_매입확약,0,국내증권사,B,SF205,각주항목(09.06월 이후)
10829,201903,0013003,다이와증권캐피탈마켓코리아 주식회사,A6,채무보증_기타, ,국내증권사,B,SF205,각주항목(09.06월 이후)
10830,201903,0013003,다이와증권캐피탈마켓코리아 주식회사,B,투자자의 예수증권 등,1198855906020,국내증권사,B,SF205,각주항목(09.06월 이후)
10831,201903,0013003,다이와증권캐피탈마켓코리아 주식회사,B1,투자자의 예수증권 등_예수 증권,1198855906020,국내증권사,B,SF205,각주항목(09.06월 이후)
10832,201903,0013003,다이와증권캐피탈마켓코리아 주식회사,B2,투자자의 예수증권 등_예수양도성예금증서, ,국내증권사,B,SF205,각주항목(09.06월 이후)
10833,201903,0013003,다이와증권캐피탈마켓코리아 주식회사,B3,투자자의 예수증권 등_기타, ,국내증권사,B,SF205,각주항목(09.06월 이후)
10834,201903,0013003,다이와증권캐피탈마켓코리아 주식회사,C,파생상품계약,50730497275,국내증권사,B,SF205,각주항목(09.06월 이후)
10835,201903,0013003,다이와증권캐피탈마켓코리아 주식회사,C1,파생상품계약_장내파생상품,22338940000,국내증권사,B,SF205,각주항목(09.06월 이후)
10836,201903,0013003,다이와증권캐피탈마켓코리아 주식회사,C11,파생상품계약_장내파생상품_이자율관련거래,22338940000,국내증권사,B,SF205,각주항목(09.06월 이후)
10837,201903,0013003,다이와증권캐피탈마켓코리아 주식회사,C12,파생상품계약_장내파생상품_통화관련거래,0,국내증권사,B,SF205,각주항목(09.06월 이후)
10838,201903,0013003,다이와증권캐피탈마켓코리아 주식회사,C13,파생상품계약_장내파생상품_주식관련거래,0,국내증권사,B,SF205,각주항목(09.06월 이후)
10839,201903,0013003,다이와증권캐피탈마켓코리아 주식회사,C14,파생상품계약_장내파생상품_일반상품관련거래,0,국내증권사,B,SF205,각주항목(09.06월 이후)
10840,201903,0013003,다이와증권캐피탈마켓코리아 주식회사,C15,파생상품계약_장내파생상품_기타,0,국내증권사,B,SF205,각주항목(09.06월 이후)
10841,201903,0013003,다이와증권캐피탈마켓코리아 주식회사,C2,파생상품계약_장외파생상품,28391557275,국내증권사,B,SF205,각주항목(09.06월 이후)
10842,201903,0013003,다이와증권캐피탈마켓코리아 주식회사,C21,파생상품계약_장외파생상품_이자율관련거래,0,국내증권사,B,SF205,각주항목(09.06월 이후)
10843,201903,0013003,다이와증권캐피탈마켓코리아 주식회사,C22,파생상품계약_장외파생상품_통화관련거래,28391557275,국내증권사,B,SF205,각주항목(09.06월 이후)
10844,201903,0013003,다이와증권캐피탈마켓코리아 주식회사,C23,파생상품계약_장외파생상품_주식관련거래,0,국내증권사,B,SF205,각주항목(09.06월 이후)
10845,201903,0013003,다이와증권캐피탈마켓코리아 주식회사,C24,파생상품계약_장외파생상품_신용관련거래,0,국내증권사,B,SF205,각주항목(09.06월 이후)
10846,201903,0013003,다이와증권캐피탈마켓코리아 주식회사,C25,파생상품계약_장외파생상품_기타,0,국내증권사,B,SF205,각주항목(09.06월 이후)
10847,201903,0013003,다이와증권캐피탈마켓코리아 주식회사,D,대차 및 대주거래,0,국내증권사,B,SF205,각주항목(09.06월 이후)
10848,201903,0013003,다이와증권캐피탈마켓코리아 주식회사,D1,대차 및 대주거래_대여증권,0,국내증권사,B,SF205,각주항목(09.06월 이후)
10849,201903,0013003,다이와증권캐피탈마켓코리아 주식회사,D2,대차 및 대주거래_차입증권,0,국내증권사,B,SF205,각주항목(09.06월 이후)
10850,201903,0013003,다이와증권캐피탈마켓코리아 주식회사,D3,대차 및 대주거래_신용거래대주, ,국내증권사,B,SF205,각주항목(09.06월 이후)
10851,201903,0013003,다이와증권캐피탈마켓코리아 주식회사,E,대손상각채권, ,국내증권사,B,SF205,각주항목(09.06월 이후)
10852,201903,0013003,다이와증권캐피탈마켓코리아 주식회사,F,환전업무 예치금,0,국내증권사,B,SF205,각주항목(09.06월 이후)
10853,201903,0013003,다이와증권캐피탈마켓코리아 주식회사,G,미배당별도예치금, ,국내증권사,B,SF205,각주항목(09.06월 이후)
10854,201903,0013003,다이와증권캐피탈마켓코리아 주식회사,H,배서어음매출(종금계정),0,국내증권사,B,SF205,각주항목(09.06월 이후)
10855,201903,0013003,다이와증권캐피탈마켓코리아 주식회사,H1,대출채권매매이익_담보부, ,국내증권사,B,SF205,각주항목(09.06월 이후)
10856,201903,0013003,다이와증권캐피탈마켓코리아 주식회사,H2,대출채권매매이익_무담보부, ,국내증권사,B,SF205,각주항목(09.06월 이후)
10857,201906,0013003,다이와증권캐피탈마켓코리아 주식회사,A,채무보증,0,국내증권사,B,SF205,각주항목(09.06월 이후)
10858,201906,0013003,다이와증권캐피탈마켓코리아 주식회사,A1,채무보증_지급보증,0,국내증권사,B,SF205,각주항목(09.06월 이후)
10859,201906,0013003,다이와증권캐피탈마켓코리아 주식회사,A2,채무보증_매입보장약정, ,국내증권사,B,SF205,각주항목(09.06월 이후)
10860,201906,0013003,다이와증권캐피탈마켓코리아 주식회사,A3,채무보증_채무인수약정, ,국내증권사,B,SF205,각주항목(09.06월 이후)
10861,201906,0013003,다이와증권캐피탈마켓코리아 주식회사,A5,채무보증_매입확약,0,국내증권사,B,SF205,각주항목(09.06월 이후)
10862,201906,0013003,다이와증권캐피탈마켓코리아 주식회사,A6,채무보증_기타, ,국내증권사,B,SF205,각주항목(09.06월 이후)
10863,201906,0013003,다이와증권캐피탈마켓코리아 주식회사,B,투자자의 예수증권 등,1076779814270,국내증권사,B,SF205,각주항목(09.06월 이후)
10864,201906,0013003,다이와증권캐피탈마켓코리아 주식회사,B1,투자자의 예수증권 등_예수 증권,1076779814270,국내증권사,B,SF205,각주항목(09.06월 이후)
10865,201906,0013003,다이와증권캐피탈마켓코리아 주식회사,B2,투자자의 예수증권 등_예수양도성예금증서, ,국내증권사,B,SF205,각주항목(09.06월 이후)
10866,201906,0013003,다이와증권캐피탈마켓코리아 주식회사,B3,투자자의 예수증권 등_기타, ,국내증권사,B,SF205,각주항목(09.06월 이후)
10867,201906,0013003,다이와증권캐피탈마켓코리아 주식회사,C,파생상품계약,97823275130,국내증권사,B,SF205,각주항목(09.06월 이후)
10868,201906,0013003,다이와증권캐피탈마켓코리아 주식회사,C1,파생상품계약_장내파생상품,68625260000,국내증권사,B,SF205,각주항목(09.06월 이후)
10869,201906,0013003,다이와증권캐피탈마켓코리아 주식회사,C11,파생상품계약_장내파생상품_이자율관련거래,68625260000,국내증권사,B,SF205,각주항목(09.06월 이후)
10870,201906,0013003,다이와증권캐피탈마켓코리아 주식회사,C12,파생상품계약_장내파생상품_통화관련거래,0,국내증권사,B,SF205,각주항목(09.06월 이후)
10871,201906,0013003,다이와증권캐피탈마켓코리아 주식회사,C13,파생상품계약_장내파생상품_주식관련거래,0,국내증권사,B,SF205,각주항목(09.06월 이후)
10872,201906,0013003,다이와증권캐피탈마켓코리아 주식회사,C14,파생상품계약_장내파생상품_일반상품관련거래,0,국내증권사,B,SF205,각주항목(09.06월 이후)
10873,201906,0013003,다이와증권캐피탈마켓코리아 주식회사,C15,파생상품계약_장내파생상품_기타,0,국내증권사,B,SF205,각주항목(09.06월 이후)
10874,201906,0013003,다이와증권캐피탈마켓코리아 주식회사,C2,파생상품계약_장외파생상품,29198015130,국내증권사,B,SF205,각주항목(09.06월 이후)
10875,201906,0013003,다이와증권캐피탈마켓코리아 주식회사,C21,파생상품계약_장외파생상품_이자율관련거래,0,국내증권사,B,SF205,각주항목(09.06월 이후)
10876,201906,0013003,다이와증권캐피탈마켓코리아 주식회사,C22,파생상품계약_장외파생상품_통화관련거래,29198015130,국내증권사,B,SF205,각주항목(09.06월 이후)
10877,201906,0013003,다이와증권캐피탈마켓코리아 주식회사,C23,파생상품계약_장외파생상품_주식관련거래,0,국내증권사,B,SF205,각주항목(09.06월 이후)
10878,201906,0013003,다이와증권캐피탈마켓코리아 주식회사,C24,파생상품계약_장외파생상품_신용관련거래,0,국내증권사,B,SF205,각주항목(09.06월 이후)
10879,201906,0013003,다이와증권캐피탈마켓코리아 주식회사,C25,파생상품계약_장외파생상품_기타,0,국내증권사,B,SF205,각주항목(09.06월 이후)
10880,201906,0013003,다이와증권캐피탈마켓코리아 주식회사,D,대차 및 대주거래,0,국내증권사,B,SF205,각주항목(09.06월 이후)
10881,201906,0013003,다이와증권캐피탈마켓코리아 주식회사,D1,대차 및 대주거래_대여증권,0,국내증권사,B,SF205,각주항목(09.06월 이후)
10882,201906,0013003,다이와증권캐피탈마켓코리아 주식회사,D2,대차 및 대주거래_차입증권,0,국내증권사,B,SF205,각주항목(09.06월 이후)
10883,201906,0013003,다이와증권캐피탈마켓코리아 주식회사,D3,대차 및 대주거래_신용거래대주, ,국내증권사,B,SF205,각주항목(09.06월 이후)
10884,201906,0013003,다이와증권캐피탈마켓코리아 주식회사,E,대손상각채권, ,국내증권사,B,SF205,각주항목(09.06월 이후)
10885,201906,0013003,다이와증권캐피탈마켓코리아 주식회사,F,환전업무 예치금,0,국내증권사,B,SF205,각주항목(09.06월 이후)
10886,201906,0013003,다이와증권캐피탈마켓코리아 주식회사,G,미배당별도예치금, ,국내증권사,B,SF205,각주항목(09.06월 이후)
10887,201906,0013003,다이와증권캐피탈마켓코리아 주식회사,H,배서어음매출(종금계정),0,국내증권사,B,SF205,각주항목(09.06월 이후)
10888,201906,0013003,다이와증권캐피탈마켓코리아 주식회사,H1,대출채권매매이익_담보부, ,국내증권사,B,SF205,각주항목(09.06월 이후)
10889,201906,0013003,다이와증권캐피탈마켓코리아 주식회사,H2,대출채권매매이익_무담보부, ,국내증권사,B,SF205,각주항목(09.06월 이후)
10890,201909,0013003,다이와증권캐피탈마켓코리아 주식회사,A,채무보증,0,국내증권사,B,SF205,각주항목(09.06월 이후)
10891,201909,0013003,다이와증권캐피탈마켓코리아 주식회사,A1,채무보증_지급보증,0,국내증권사,B,SF205,각주항목(09.06월 이후)
10892,201909,0013003,다이와증권캐피탈마켓코리아 주식회사,A2,채무보증_매입보장약정, ,국내증권사,B,SF205,각주항목(09.06월 이후)
10893,201909,0013003,다이와증권캐피탈마켓코리아 주식회사,A3,채무보증_채무인수약정, ,국내증권사,B,SF205,각주항목(09.06월 이후)
10894,201909,0013003,다이와증권캐피탈마켓코리아 주식회사,A5,채무보증_매입확약,0,국내증권사,B,SF205,각주항목(09.06월 이후)
10895,201909,0013003,다이와증권캐피탈마켓코리아 주식회사,A6,채무보증_기타, ,국내증권사,B,SF205,각주항목(09.06월 이후)
10896,201909,0013003,다이와증권캐피탈마켓코리아 주식회사,B,투자자의 예수증권 등,1018332877291,국내증권사,B,SF205,각주항목(09.06월 이후)
10897,201909,0013003,다이와증권캐피탈마켓코리아 주식회사,B1,투자자의 예수증권 등_예수 증권,1018332877291,국내증권사,B,SF205,각주항목(09.06월 이후)
10898,201909,0013003,다이와증권캐피탈마켓코리아 주식회사,B2,투자자의 예수증권 등_예수양도성예금증서, ,국내증권사,B,SF205,각주항목(09.06월 이후)
10899,201909,0013003,다이와증권캐피탈마켓코리아 주식회사,B3,투자자의 예수증권 등_기타, ,국내증권사,B,SF205,각주항목(09.06월 이후)
10900,201909,0013003,다이와증권캐피탈마켓코리아 주식회사,C,파생상품계약,169495415130,국내증권사,B,SF205,각주항목(09.06월 이후)
10901,201909,0013003,다이와증권캐피탈마켓코리아 주식회사,C1,파생상품계약_장내파생상품,140297400000,국내증권사,B,SF205,각주항목(09.06월 이후)
10902,201909,0013003,다이와증권캐피탈마켓코리아 주식회사,C11,파생상품계약_장내파생상품_이자율관련거래,140297400000,국내증권사,B,SF205,각주항목(09.06월 이후)
10903,201909,0013003,다이와증권캐피탈마켓코리아 주식회사,C12,파생상품계약_장내파생상품_통화관련거래,0,국내증권사,B,SF205,각주항목(09.06월 이후)
10904,201909,0013003,다이와증권캐피탈마켓코리아 주식회사,C13,파생상품계약_장내파생상품_주식관련거래,0,국내증권사,B,SF205,각주항목(09.06월 이후)
10905,201909,0013003,다이와증권캐피탈마켓코리아 주식회사,C14,파생상품계약_장내파생상품_일반상품관련거래,0,국내증권사,B,SF205,각주항목(09.06월 이후)
10906,201909,0013003,다이와증권캐피탈마켓코리아 주식회사,C15,파생상품계약_장내파생상품_기타,0,국내증권사,B,SF205,각주항목(09.06월 이후)
10907,201909,0013003,다이와증권캐피탈마켓코리아 주식회사,C2,파생상품계약_장외파생상품,29198015130,국내증권사,B,SF205,각주항목(09.06월 이후)
10908,201909,0013003,다이와증권캐피탈마켓코리아 주식회사,C21,파생상품계약_장외파생상품_이자율관련거래,0,국내증권사,B,SF205,각주항목(09.06월 이후)
10909,201909,0013003,다이와증권캐피탈마켓코리아 주식회사,C22,파생상품계약_장외파생상품_통화관련거래,29198015130,국내증권사,B,SF205,각주항목(09.06월 이후)
10910,201909,0013003,다이와증권캐피탈마켓코리아 주식회사,C23,파생상품계약_장외파생상품_주식관련거래,0,국내증권사,B,SF205,각주항목(09.06월 이후)
10911,201909,0013003,다이와증권캐피탈마켓코리아 주식회사,C24,파생상품계약_장외파생상품_신용관련거래,0,국내증권사,B,SF205,각주항목(09.06월 이후)
10912,201909,0013003,다이와증권캐피탈마켓코리아 주식회사,C25,파생상품계약_장외파생상품_기타,0,국내증권사,B,SF205,각주항목(09.06월 이후)
10913,201909,0013003,다이와증권캐피탈마켓코리아 주식회사,D,대차 및 대주거래,0,국내증권사,B,SF205,각주항목(09.06월 이후)
10914,201909,0013003,다이와증권캐피탈마켓코리아 주식회사,D1,대차 및 대주거래_대여증권,0,국내증권사,B,SF205,각주항목(09.06월 이후)
10915,201909,0013003,다이와증권캐피탈마켓코리아 주식회사,D2,대차 및 대주거래_차입증권,0,국내증권사,B,SF205,각주항목(09.06월 이후)
10916,201909,0013003,다이와증권캐피탈마켓코리아 주식회사,D3,대차 및 대주거래_신용거래대주, ,국내증권사,B,SF205,각주항목(09.06월 이후)
10917,201909,0013003,다이와증권캐피탈마켓코리아 주식회사,E,대손상각채권, ,국내증권사,B,SF205,각주항목(09.06월 이후)
10918,201909,0013003,다이와증권캐피탈마켓코리아 주식회사,F,환전업무 예치금,0,국내증권사,B,SF205,각주항목(09.06월 이후)
10919,201909,0013003,다이와증권캐피탈마켓코리아 주식회사,G,미배당별도예치금, ,국내증권사,B,SF205,각주항목(09.06월 이후)
10920,201909,0013003,다이와증권캐피탈마켓코리아 주식회사,H,배서어음매출(종금계정),0,국내증권사,B,SF205,각주항목(09.06월 이후)
10921,201909,0013003,다이와증권캐피탈마켓코리아 주식회사,H1,대출채권매매이익_담보부, ,국내증권사,B,SF205,각주항목(09.06월 이후)
10922,201909,0013003,다이와증권캐피탈마켓코리아 주식회사,H2,대출채권매매이익_무담보부, ,국내증권사,B,SF205,각주항목(09.06월 이후)
10923,201912,0013003,다이와증권캐피탈마켓코리아 주식회사,A,채무보증,0,국내증권사,B,SF205,각주항목(09.06월 이후)
10924,201912,0013003,다이와증권캐피탈마켓코리아 주식회사,A1,채무보증_지급보증,0,국내증권사,B,SF205,각주항목(09.06월 이후)
10925,201912,0013003,다이와증권캐피탈마켓코리아 주식회사,A2,채무보증_매입보장약정, ,국내증권사,B,SF205,각주항목(09.06월 이후)
10926,201912,0013003,다이와증권캐피탈마켓코리아 주식회사,A3,채무보증_채무인수약정, ,국내증권사,B,SF205,각주항목(09.06월 이후)
10927,201912,0013003,다이와증권캐피탈마켓코리아 주식회사,A5,채무보증_매입확약,0,국내증권사,B,SF205,각주항목(09.06월 이후)
10928,201912,0013003,다이와증권캐피탈마켓코리아 주식회사,A6,채무보증_기타, ,국내증권사,B,SF205,각주항목(09.06월 이후)
10929,201912,0013003,다이와증권캐피탈마켓코리아 주식회사,B,투자자의 예수증권 등,1009420468205,국내증권사,B,SF205,각주항목(09.06월 이후)
10930,201912,0013003,다이와증권캐피탈마켓코리아 주식회사,B1,투자자의 예수증권 등_예수 증권,1009420468205,국내증권사,B,SF205,각주항목(09.06월 이후)
10931,201912,0013003,다이와증권캐피탈마켓코리아 주식회사,B2,투자자의 예수증권 등_예수양도성예금증서, ,국내증권사,B,SF205,각주항목(09.06월 이후)
10932,201912,0013003,다이와증권캐피탈마켓코리아 주식회사,B3,투자자의 예수증권 등_기타, ,국내증권사,B,SF205,각주항목(09.06월 이후)
10933,201912,0013003,다이와증권캐피탈마켓코리아 주식회사,C,파생상품계약,48176229036,국내증권사,B,SF205,각주항목(09.06월 이후)
10934,201912,0013003,다이와증권캐피탈마켓코리아 주식회사,C1,파생상품계약_장내파생상품,18981500000,국내증권사,B,SF205,각주항목(09.06월 이후)
10935,201912,0013003,다이와증권캐피탈마켓코리아 주식회사,C11,파생상품계약_장내파생상품_이자율관련거래,18981500000,국내증권사,B,SF205,각주항목(09.06월 이후)
10936,201912,0013003,다이와증권캐피탈마켓코리아 주식회사,C12,파생상품계약_장내파생상품_통화관련거래,0,국내증권사,B,SF205,각주항목(09.06월 이후)
10937,201912,0013003,다이와증권캐피탈마켓코리아 주식회사,C13,파생상품계약_장내파생상품_주식관련거래,0,국내증권사,B,SF205,각주항목(09.06월 이후)
10938,201912,0013003,다이와증권캐피탈마켓코리아 주식회사,C14,파생상품계약_장내파생상품_일반상품관련거래,0,국내증권사,B,SF205,각주항목(09.06월 이후)
10939,201912,0013003,다이와증권캐피탈마켓코리아 주식회사,C15,파생상품계약_장내파생상품_기타,0,국내증권사,B,SF205,각주항목(09.06월 이후)
10940,201912,0013003,다이와증권캐피탈마켓코리아 주식회사,C2,파생상품계약_장외파생상품,29194729036,국내증권사,B,SF205,각주항목(09.06월 이후)
10941,201912,0013003,다이와증권캐피탈마켓코리아 주식회사,C21,파생상품계약_장외파생상품_이자율관련거래,0,국내증권사,B,SF205,각주항목(09.06월 이후)
10942,201912,0013003,다이와증권캐피탈마켓코리아 주식회사,C22,파생상품계약_장외파생상품_통화관련거래,29194729036,국내증권사,B,SF205,각주항목(09.06월 이후)
10943,201912,0013003,다이와증권캐피탈마켓코리아 주식회사,C23,파생상품계약_장외파생상품_주식관련거래,0,국내증권사,B,SF205,각주항목(09.06월 이후)
10944,201912,0013003,다이와증권캐피탈마켓코리아 주식회사,C24,파생상품계약_장외파생상품_신용관련거래,0,국내증권사,B,SF205,각주항목(09.06월 이후)
10945,201912,0013003,다이와증권캐피탈마켓코리아 주식회사,C25,파생상품계약_장외파생상품_기타,0,국내증권사,B,SF205,각주항목(09.06월 이후)
10946,201912,0013003,다이와증권캐피탈마켓코리아 주식회사,D,대차 및 대주거래,0,국내증권사,B,SF205,각주항목(09.06월 이후)
10947,201912,0013003,다이와증권캐피탈마켓코리아 주식회사,D1,대차 및 대주거래_대여증권,0,국내증권사,B,SF205,각주항목(09.06월 이후)
10948,201912,0013003,다이와증권캐피탈마켓코리아 주식회사,D2,대차 및 대주거래_차입증권,0,국내증권사,B,SF205,각주항목(09.06월 이후)
10949,201912,0013003,다이와증권캐피탈마켓코리아 주식회사,D3,대차 및 대주거래_신용거래대주, ,국내증권사,B,SF205,각주항목(09.06월 이후)
10950,201912,0013003,다이와증권캐피탈마켓코리아 주식회사,E,대손상각채권, ,국내증권사,B,SF205,각주항목(09.06월 이후)
10951,201912,0013003,다이와증권캐피탈마켓코리아 주식회사,F,환전업무 예치금,0,국내증권사,B,SF205,각주항목(09.06월 이후)
10952,201912,0013003,다이와증권캐피탈마켓코리아 주식회사,G,미배당별도예치금, ,국내증권사,B,SF205,각주항목(09.06월 이후)
10953,201912,0013003,다이와증권캐피탈마켓코리아 주식회사,H,배서어음매출(종금계정),0,국내증권사,B,SF205,각주항목(09.06월 이후)
10954,201912,0013003,다이와증권캐피탈마켓코리아 주식회사,H1,대출채권매매이익_담보부, ,국내증권사,B,SF205,각주항목(09.06월 이후)
10955,201912,0013003,다이와증권캐피탈마켓코리아 주식회사,H2,대출채권매매이익_무담보부, ,국내증권사,B,SF205,각주항목(09.06월 이후)
10956,202003,0013003,다이와증권캐피탈마켓코리아 주식회사,A,채무보증,0,국내증권사,B,SF205,각주항목(09.06월 이후)
10957,202003,0013003,다이와증권캐피탈마켓코리아 주식회사,A1,채무보증_지급보증,0,국내증권사,B,SF205,각주항목(09.06월 이후)
10958,202003,0013003,다이와증권캐피탈마켓코리아 주식회사,A2,채무보증_매입보장약정, ,국내증권사,B,SF205,각주항목(09.06월 이후)
10959,202003,0013003,다이와증권캐피탈마켓코리아 주식회사,A3,채무보증_채무인수약정, ,국내증권사,B,SF205,각주항목(09.06월 이후)
10960,202003,0013003,다이와증권캐피탈마켓코리아 주식회사,A5,채무보증_매입확약,0,국내증권사,B,SF205,각주항목(09.06월 이후)
10961,202003,0013003,다이와증권캐피탈마켓코리아 주식회사,A6,채무보증_기타, ,국내증권사,B,SF205,각주항목(09.06월 이후)
10962,202003,0013003,다이와증권캐피탈마켓코리아 주식회사,B,투자자의 예수증권 등,743335726864,국내증권사,B,SF205,각주항목(09.06월 이후)
10963,202003,0013003,다이와증권캐피탈마켓코리아 주식회사,B1,투자자의 예수증권 등_예수 증권,743335726864,국내증권사,B,SF205,각주항목(09.06월 이후)
10964,202003,0013003,다이와증권캐피탈마켓코리아 주식회사,B2,투자자의 예수증권 등_예수양도성예금증서, ,국내증권사,B,SF205,각주항목(09.06월 이후)
10965,202003,0013003,다이와증권캐피탈마켓코리아 주식회사,B3,투자자의 예수증권 등_기타, ,국내증권사,B,SF205,각주항목(09.06월 이후)
10966,202003,0013003,다이와증권캐피탈마켓코리아 주식회사,C,파생상품계약,45889729036,국내증권사,B,SF205,각주항목(09.06월 이후)
10967,202003,0013003,다이와증권캐피탈마켓코리아 주식회사,C1,파생상품계약_장내파생상품,16695000000,국내증권사,B,SF205,각주항목(09.06월 이후)
10968,202003,0013003,다이와증권캐피탈마켓코리아 주식회사,C11,파생상품계약_장내파생상품_이자율관련거래,16695000000,국내증권사,B,SF205,각주항목(09.06월 이후)
10969,202003,0013003,다이와증권캐피탈마켓코리아 주식회사,C12,파생상품계약_장내파생상품_통화관련거래,0,국내증권사,B,SF205,각주항목(09.06월 이후)
10970,202003,0013003,다이와증권캐피탈마켓코리아 주식회사,C13,파생상품계약_장내파생상품_주식관련거래,0,국내증권사,B,SF205,각주항목(09.06월 이후)
10971,202003,0013003,다이와증권캐피탈마켓코리아 주식회사,C14,파생상품계약_장내파생상품_일반상품관련거래,0,국내증권사,B,SF205,각주항목(09.06월 이후)
10972,202003,0013003,다이와증권캐피탈마켓코리아 주식회사,C15,파생상품계약_장내파생상품_기타,0,국내증권사,B,SF205,각주항목(09.06월 이후)
10973,202003,0013003,다이와증권캐피탈마켓코리아 주식회사,C2,파생상품계약_장외파생상품,29194729036,국내증권사,B,SF205,각주항목(09.06월 이후)
10974,202003,0013003,다이와증권캐피탈마켓코리아 주식회사,C21,파생상품계약_장외파생상품_이자율관련거래,0,국내증권사,B,SF205,각주항목(09.06월 이후)
10975,202003,0013003,다이와증권캐피탈마켓코리아 주식회사,C22,파생상품계약_장외파생상품_통화관련거래,29194729036,국내증권사,B,SF205,각주항목(09.06월 이후)
10976,202003,0013003,다이와증권캐피탈마켓코리아 주식회사,C23,파생상품계약_장외파생상품_주식관련거래,0,국내증권사,B,SF205,각주항목(09.06월 이후)
10977,202003,0013003,다이와증권캐피탈마켓코리아 주식회사,C24,파생상품계약_장외파생상품_신용관련거래,0,국내증권사,B,SF205,각주항목(09.06월 이후)
10978,202003,0013003,다이와증권캐피탈마켓코리아 주식회사,C25,파생상품계약_장외파생상품_기타,0,국내증권사,B,SF205,각주항목(09.06월 이후)
10979,202003,0013003,다이와증권캐피탈마켓코리아 주식회사,D,대차 및 대주거래,0,국내증권사,B,SF205,각주항목(09.06월 이후)
10980,202003,0013003,다이와증권캐피탈마켓코리아 주식회사,D1,대차 및 대주거래_대여증권,0,국내증권사,B,SF205,각주항목(09.06월 이후)
10981,202003,0013003,다이와증권캐피탈마켓코리아 주식회사,D2,대차 및 대주거래_차입증권,0,국내증권사,B,SF205,각주항목(09.06월 이후)
10982,202003,0013003,다이와증권캐피탈마켓코리아 주식회사,D3,대차 및 대주거래_신용거래대주, ,국내증권사,B,SF205,각주항목(09.06월 이후)
10983,202003,0013003,다이와증권캐피탈마켓코리아 주식회사,E,대손상각채권, ,국내증권사,B,SF205,각주항목(09.06월 이후)
10984,202003,0013003,다이와증권캐피탈마켓코리아 주식회사,F,환전업무 예치금,0,국내증권사,B,SF205,각주항목(09.06월 이후)
10985,202003,0013003,다이와증권캐피탈마켓코리아 주식회사,G,미배당별도예치금, ,국내증권사,B,SF205,각주항목(09.06월 이후)
10986,202003,0013003,다이와증권캐피탈마켓코리아 주식회사,H,배서어음매출(종금계정),0,국내증권사,B,SF205,각주항목(09.06월 이후)
10987,202003,0013003,다이와증권캐피탈마켓코리아 주식회사,H1,대출채권매매이익_담보부, ,국내증권사,B,SF205,각주항목(09.06월 이후)
10988,202003,0013003,다이와증권캐피탈마켓코리아 주식회사,H2,대출채권매매이익_무담보부, ,국내증권사,B,SF205,각주항목(09.06월 이후)
10989,202006,0013003,다이와증권캐피탈마켓코리아 주식회사,A,채무보증,0,국내증권사,B,SF205,각주항목(09.06월 이후)
10990,202006,0013003,다이와증권캐피탈마켓코리아 주식회사,A1,채무보증_지급보증,0,국내증권사,B,SF205,각주항목(09.06월 이후)
10991,202006,0013003,다이와증권캐피탈마켓코리아 주식회사,A2,채무보증_매입보장약정, ,국내증권사,B,SF205,각주항목(09.06월 이후)
10992,202006,0013003,다이와증권캐피탈마켓코리아 주식회사,A3,채무보증_채무인수약정, ,국내증권사,B,SF205,각주항목(09.06월 이후)
10993,202006,0013003,다이와증권캐피탈마켓코리아 주식회사,A5,채무보증_매입확약,0,국내증권사,B,SF205,각주항목(09.06월 이후)
10994,202006,0013003,다이와증권캐피탈마켓코리아 주식회사,A6,채무보증_기타, ,국내증권사,B,SF205,각주항목(09.06월 이후)
10995,202006,0013003,다이와증권캐피탈마켓코리아 주식회사,B,투자자의 예수증권 등,932261072925,국내증권사,B,SF205,각주항목(09.06월 이후)
10996,202006,0013003,다이와증권캐피탈마켓코리아 주식회사,B1,투자자의 예수증권 등_예수 증권,932261072925,국내증권사,B,SF205,각주항목(09.06월 이후)
10997,202006,0013003,다이와증권캐피탈마켓코리아 주식회사,B2,투자자의 예수증권 등_예수양도성예금증서, ,국내증권사,B,SF205,각주항목(09.06월 이후)
10998,202006,0013003,다이와증권캐피탈마켓코리아 주식회사,B3,투자자의 예수증권 등_기타, ,국내증권사,B,SF205,각주항목(09.06월 이후)
10999,202006,0013003,다이와증권캐피탈마켓코리아 주식회사,C,파생상품계약,53677150000,국내증권사,B,SF205,각주항목(09.06월 이후)
11000,202006,0013003,다이와증권캐피탈마켓코리아 주식회사,C1,파생상품계약_장내파생상품,53677150000,국내증권사,B,SF205,각주항목(09.06월 이후)
11001,202006,0013003,다이와증권캐피탈마켓코리아 주식회사,C11,파생상품계약_장내파생상품_이자율관련거래,53677150000,국내증권사,B,SF205,각주항목(09.06월 이후)
11002,202006,0013003,다이와증권캐피탈마켓코리아 주식회사,C12,파생상품계약_장내파생상품_통화관련거래,0,국내증권사,B,SF205,각주항목(09.06월 이후)
11003,202006,0013003,다이와증권캐피탈마켓코리아 주식회사,C13,파생상품계약_장내파생상품_주식관련거래,0,국내증권사,B,SF205,각주항목(09.06월 이후)
11004,202006,0013003,다이와증권캐피탈마켓코리아 주식회사,C14,파생상품계약_장내파생상품_일반상품관련거래,0,국내증권사,B,SF205,각주항목(09.06월 이후)
11005,202006,0013003,다이와증권캐피탈마켓코리아 주식회사,C15,파생상품계약_장내파생상품_기타,0,국내증권사,B,SF205,각주항목(09.06월 이후)
11006,202006,0013003,다이와증권캐피탈마켓코리아 주식회사,C2,파생상품계약_장외파생상품,0,국내증권사,B,SF205,각주항목(09.06월 이후)
11007,202006,0013003,다이와증권캐피탈마켓코리아 주식회사,C21,파생상품계약_장외파생상품_이자율관련거래,0,국내증권사,B,SF205,각주항목(09.06월 이후)
11008,202006,0013003,다이와증권캐피탈마켓코리아 주식회사,C22,파생상품계약_장외파생상품_통화관련거래,0,국내증권사,B,SF205,각주항목(09.06월 이후)
11009,202006,0013003,다이와증권캐피탈마켓코리아 주식회사,C23,파생상품계약_장외파생상품_주식관련거래,0,국내증권사,B,SF205,각주항목(09.06월 이후)
11010,202006,0013003,다이와증권캐피탈마켓코리아 주식회사,C24,파생상품계약_장외파생상품_신용관련거래,0,국내증권사,B,SF205,각주항목(09.06월 이후)
11011,202006,0013003,다이와증권캐피탈마켓코리아 주식회사,C25,파생상품계약_장외파생상품_기타,0,국내증권사,B,SF205,각주항목(09.06월 이후)
11012,202006,0013003,다이와증권캐피탈마켓코리아 주식회사,D,대차 및 대주거래,0,국내증권사,B,SF205,각주항목(09.06월 이후)
11013,202006,0013003,다이와증권캐피탈마켓코리아 주식회사,D1,대차 및 대주거래_대여증권,0,국내증권사,B,SF205,각주항목(09.06월 이후)
11014,202006,0013003,다이와증권캐피탈마켓코리아 주식회사,D2,대차 및 대주거래_차입증권,0,국내증권사,B,SF205,각주항목(09.06월 이후)
11015,202006,0013003,다이와증권캐피탈마켓코리아 주식회사,D3,대차 및 대주거래_신용거래대주, ,국내증권사,B,SF205,각주항목(09.06월 이후)
11016,202006,0013003,다이와증권캐피탈마켓코리아 주식회사,E,대손상각채권, ,국내증권사,B,SF205,각주항목(09.06월 이후)
11017,202006,0013003,다이와증권캐피탈마켓코리아 주식회사,F,환전업무 예치금,0,국내증권사,B,SF205,각주항목(09.06월 이후)
11018,202006,0013003,다이와증권캐피탈마켓코리아 주식회사,G,미배당별도예치금, ,국내증권사,B,SF205,각주항목(09.06월 이후)
11019,202006,0013003,다이와증권캐피탈마켓코리아 주식회사,H,배서어음매출(종금계정),0,국내증권사,B,SF205,각주항목(09.06월 이후)
11020,202006,0013003,다이와증권캐피탈마켓코리아 주식회사,H1,대출채권매매이익_담보부, ,국내증권사,B,SF205,각주항목(09.06월 이후)
11021,202006,0013003,다이와증권캐피탈마켓코리아 주식회사,H2,대출채권매매이익_무담보부, ,국내증권사,B,SF205,각주항목(09.06월 이후)
11022,202009,0013003,다이와증권캐피탈마켓코리아 주식회사,A,채무보증,0,국내증권사,B,SF205,각주항목(09.06월 이후)
11023,202009,0013003,다이와증권캐피탈마켓코리아 주식회사,A1,채무보증_지급보증,0,국내증권사,B,SF205,각주항목(09.06월 이후)
11024,202009,0013003,다이와증권캐피탈마켓코리아 주식회사,A2,채무보증_매입보장약정, ,국내증권사,B,SF205,각주항목(09.06월 이후)
11025,202009,0013003,다이와증권캐피탈마켓코리아 주식회사,A3,채무보증_채무인수약정, ,국내증권사,B,SF205,각주항목(09.06월 이후)
11026,202009,0013003,다이와증권캐피탈마켓코리아 주식회사,A5,채무보증_매입확약,0,국내증권사,B,SF205,각주항목(09.06월 이후)
11027,202009,0013003,다이와증권캐피탈마켓코리아 주식회사,A6,채무보증_기타, ,국내증권사,B,SF205,각주항목(09.06월 이후)
11028,202009,0013003,다이와증권캐피탈마켓코리아 주식회사,B,투자자의 예수증권 등,1027878855990,국내증권사,B,SF205,각주항목(09.06월 이후)
11029,202009,0013003,다이와증권캐피탈마켓코리아 주식회사,B1,투자자의 예수증권 등_예수 증권,1027878855990,국내증권사,B,SF205,각주항목(09.06월 이후)
11030,202009,0013003,다이와증권캐피탈마켓코리아 주식회사,B2,투자자의 예수증권 등_예수양도성예금증서, ,국내증권사,B,SF205,각주항목(09.06월 이후)
11031,202009,0013003,다이와증권캐피탈마켓코리아 주식회사,B3,투자자의 예수증권 등_기타, ,국내증권사,B,SF205,각주항목(09.06월 이후)
11032,202009,0013003,다이와증권캐피탈마켓코리아 주식회사,C,파생상품계약,40857260000,국내증권사,B,SF205,각주항목(09.06월 이후)
11033,202009,0013003,다이와증권캐피탈마켓코리아 주식회사,C1,파생상품계약_장내파생상품,40857260000,국내증권사,B,SF205,각주항목(09.06월 이후)
11034,202009,0013003,다이와증권캐피탈마켓코리아 주식회사,C11,파생상품계약_장내파생상품_이자율관련거래,40857260000,국내증권사,B,SF205,각주항목(09.06월 이후)
11035,202009,0013003,다이와증권캐피탈마켓코리아 주식회사,C12,파생상품계약_장내파생상품_통화관련거래,0,국내증권사,B,SF205,각주항목(09.06월 이후)
11036,202009,0013003,다이와증권캐피탈마켓코리아 주식회사,C13,파생상품계약_장내파생상품_주식관련거래,0,국내증권사,B,SF205,각주항목(09.06월 이후)
11037,202009,0013003,다이와증권캐피탈마켓코리아 주식회사,C14,파생상품계약_장내파생상품_일반상품관련거래,0,국내증권사,B,SF205,각주항목(09.06월 이후)
11038,202009,0013003,다이와증권캐피탈마켓코리아 주식회사,C15,파생상품계약_장내파생상품_기타,0,국내증권사,B,SF205,각주항목(09.06월 이후)
11039,202009,0013003,다이와증권캐피탈마켓코리아 주식회사,C2,파생상품계약_장외파생상품,0,국내증권사,B,SF205,각주항목(09.06월 이후)
11040,202009,0013003,다이와증권캐피탈마켓코리아 주식회사,C21,파생상품계약_장외파생상품_이자율관련거래,0,국내증권사,B,SF205,각주항목(09.06월 이후)
11041,202009,0013003,다이와증권캐피탈마켓코리아 주식회사,C22,파생상품계약_장외파생상품_통화관련거래,0,국내증권사,B,SF205,각주항목(09.06월 이후)
11042,202009,0013003,다이와증권캐피탈마켓코리아 주식회사,C23,파생상품계약_장외파생상품_주식관련거래,0,국내증권사,B,SF205,각주항목(09.06월 이후)
11043,202009,0013003,다이와증권캐피탈마켓코리아 주식회사,C24,파생상품계약_장외파생상품_신용관련거래,0,국내증권사,B,SF205,각주항목(09.06월 이후)
11044,202009,0013003,다이와증권캐피탈마켓코리아 주식회사,C25,파생상품계약_장외파생상품_기타,0,국내증권사,B,SF205,각주항목(09.06월 이후)
11045,202009,0013003,다이와증권캐피탈마켓코리아 주식회사,D,대차 및 대주거래,0,국내증권사,B,SF205,각주항목(09.06월 이후)
11046,202009,0013003,다이와증권캐피탈마켓코리아 주식회사,D1,대차 및 대주거래_대여증권,0,국내증권사,B,SF205,각주항목(09.06월 이후)
11047,202009,0013003,다이와증권캐피탈마켓코리아 주식회사,D2,대차 및 대주거래_차입증권,0,국내증권사,B,SF205,각주항목(09.06월 이후)
11048,202009,0013003,다이와증권캐피탈마켓코리아 주식회사,D3,대차 및 대주거래_신용거래대주, ,국내증권사,B,SF205,각주항목(09.06월 이후)
11049,202009,0013003,다이와증권캐피탈마켓코리아 주식회사,E,대손상각채권, ,국내증권사,B,SF205,각주항목(09.06월 이후)
11050,202009,0013003,다이와증권캐피탈마켓코리아 주식회사,F,환전업무 예치금,0,국내증권사,B,SF205,각주항목(09.06월 이후)
11051,202009,0013003,다이와증권캐피탈마켓코리아 주식회사,G,미배당별도예치금, ,국내증권사,B,SF205,각주항목(09.06월 이후)
11052,202009,0013003,다이와증권캐피탈마켓코리아 주식회사,H,배서어음매출(종금계정),0,국내증권사,B,SF205,각주항목(09.06월 이후)
11053,202009,0013003,다이와증권캐피탈마켓코리아 주식회사,H1,대출채권매매이익_담보부, ,국내증권사,B,SF205,각주항목(09.06월 이후)
11054,202009,0013003,다이와증권캐피탈마켓코리아 주식회사,H2,대출채권매매이익_무담보부, ,국내증권사,B,SF205,각주항목(09.06월 이후)
11055,202012,0013003,다이와증권캐피탈마켓코리아 주식회사,A,채무보증,0,국내증권사,B,SF205,각주항목(09.06월 이후)
11056,202012,0013003,다이와증권캐피탈마켓코리아 주식회사,A1,채무보증_지급보증,0,국내증권사,B,SF205,각주항목(09.06월 이후)
11057,202012,0013003,다이와증권캐피탈마켓코리아 주식회사,A2,채무보증_매입보장약정, ,국내증권사,B,SF205,각주항목(09.06월 이후)
11058,202012,0013003,다이와증권캐피탈마켓코리아 주식회사,A3,채무보증_채무인수약정, ,국내증권사,B,SF205,각주항목(09.06월 이후)
11059,202012,0013003,다이와증권캐피탈마켓코리아 주식회사,A5,채무보증_매입확약,0,국내증권사,B,SF205,각주항목(09.06월 이후)
11060,202012,0013003,다이와증권캐피탈마켓코리아 주식회사,A6,채무보증_기타, ,국내증권사,B,SF205,각주항목(09.06월 이후)
11061,202012,0013003,다이와증권캐피탈마켓코리아 주식회사,B,투자자의 예수증권 등,1108224858550,국내증권사,B,SF205,각주항목(09.06월 이후)
11062,202012,0013003,다이와증권캐피탈마켓코리아 주식회사,B1,투자자의 예수증권 등_예수 증권,1108224858550,국내증권사,B,SF205,각주항목(09.06월 이후)
11063,202012,0013003,다이와증권캐피탈마켓코리아 주식회사,B2,투자자의 예수증권 등_예수양도성예금증서, ,국내증권사,B,SF205,각주항목(09.06월 이후)
11064,202012,0013003,다이와증권캐피탈마켓코리아 주식회사,B3,투자자의 예수증권 등_기타, ,국내증권사,B,SF205,각주항목(09.06월 이후)
11065,202012,0013003,다이와증권캐피탈마켓코리아 주식회사,C,파생상품계약,37758530000,국내증권사,B,SF205,각주항목(09.06월 이후)
11066,202012,0013003,다이와증권캐피탈마켓코리아 주식회사,C1,파생상품계약_장내파생상품,37758530000,국내증권사,B,SF205,각주항목(09.06월 이후)
11067,202012,0013003,다이와증권캐피탈마켓코리아 주식회사,C11,파생상품계약_장내파생상품_이자율관련거래,37758530000,국내증권사,B,SF205,각주항목(09.06월 이후)
11068,202012,0013003,다이와증권캐피탈마켓코리아 주식회사,C12,파생상품계약_장내파생상품_통화관련거래,0,국내증권사,B,SF205,각주항목(09.06월 이후)
11069,202012,0013003,다이와증권캐피탈마켓코리아 주식회사,C13,파생상품계약_장내파생상품_주식관련거래,0,국내증권사,B,SF205,각주항목(09.06월 이후)
11070,202012,0013003,다이와증권캐피탈마켓코리아 주식회사,C14,파생상품계약_장내파생상품_일반상품관련거래,0,국내증권사,B,SF205,각주항목(09.06월 이후)
11071,202012,0013003,다이와증권캐피탈마켓코리아 주식회사,C15,파생상품계약_장내파생상품_기타,0,국내증권사,B,SF205,각주항목(09.06월 이후)
11072,202012,0013003,다이와증권캐피탈마켓코리아 주식회사,C2,파생상품계약_장외파생상품,0,국내증권사,B,SF205,각주항목(09.06월 이후)
11073,202012,0013003,다이와증권캐피탈마켓코리아 주식회사,C21,파생상품계약_장외파생상품_이자율관련거래,0,국내증권사,B,SF205,각주항목(09.06월 이후)
11074,202012,0013003,다이와증권캐피탈마켓코리아 주식회사,C22,파생상품계약_장외파생상품_통화관련거래,0,국내증권사,B,SF205,각주항목(09.06월 이후)
11075,202012,0013003,다이와증권캐피탈마켓코리아 주식회사,C23,파생상품계약_장외파생상품_주식관련거래,0,국내증권사,B,SF205,각주항목(09.06월 이후)
11076,202012,0013003,다이와증권캐피탈마켓코리아 주식회사,C24,파생상품계약_장외파생상품_신용관련거래,0,국내증권사,B,SF205,각주항목(09.06월 이후)
11077,202012,0013003,다이와증권캐피탈마켓코리아 주식회사,C25,파생상품계약_장외파생상품_기타,0,국내증권사,B,SF205,각주항목(09.06월 이후)
11078,202012,0013003,다이와증권캐피탈마켓코리아 주식회사,D,대차 및 대주거래,0,국내증권사,B,SF205,각주항목(09.06월 이후)
11079,202012,0013003,다이와증권캐피탈마켓코리아 주식회사,D1,대차 및 대주거래_대여증권,0,국내증권사,B,SF205,각주항목(09.06월 이후)
11080,202012,0013003,다이와증권캐피탈마켓코리아 주식회사,D2,대차 및 대주거래_차입증권,0,국내증권사,B,SF205,각주항목(09.06월 이후)
11081,202012,0013003,다이와증권캐피탈마켓코리아 주식회사,D3,대차 및 대주거래_신용거래대주, ,국내증권사,B,SF205,각주항목(09.06월 이후)
11082,202012,0013003,다이와증권캐피탈마켓코리아 주식회사,E,대손상각채권, ,국내증권사,B,SF205,각주항목(09.06월 이후)
11083,202012,0013003,다이와증권캐피탈마켓코리아 주식회사,F,환전업무 예치금,0,국내증권사,B,SF205,각주항목(09.06월 이후)
11084,202012,0013003,다이와증권캐피탈마켓코리아 주식회사,G,미배당별도예치금, ,국내증권사,B,SF205,각주항목(09.06월 이후)
11085,202012,0013003,다이와증권캐피탈마켓코리아 주식회사,H,배서어음매출(종금계정),0,국내증권사,B,SF205,각주항목(09.06월 이후)
11086,202012,0013003,다이와증권캐피탈마켓코리아 주식회사,H1,대출채권매매이익_담보부, ,국내증권사,B,SF205,각주항목(09.06월 이후)
11087,202012,0013003,다이와증권캐피탈마켓코리아 주식회사,H2,대출채권매매이익_무담보부, ,국내증권사,B,SF205,각주항목(09.06월 이후)
11088,202103,0013003,다이와증권캐피탈마켓코리아 주식회사,A,채무보증,0,국내증권사,B,SF205,각주항목(09.06월 이후)
11089,202103,0013003,다이와증권캐피탈마켓코리아 주식회사,A1,채무보증_지급보증,0,국내증권사,B,SF205,각주항목(09.06월 이후)
11090,202103,0013003,다이와증권캐피탈마켓코리아 주식회사,A2,채무보증_매입보장약정, ,국내증권사,B,SF205,각주항목(09.06월 이후)
11091,202103,0013003,다이와증권캐피탈마켓코리아 주식회사,A3,채무보증_채무인수약정, ,국내증권사,B,SF205,각주항목(09.06월 이후)
11092,202103,0013003,다이와증권캐피탈마켓코리아 주식회사,A5,채무보증_매입확약,0,국내증권사,B,SF205,각주항목(09.06월 이후)
11093,202103,0013003,다이와증권캐피탈마켓코리아 주식회사,A6,채무보증_기타, ,국내증권사,B,SF205,각주항목(09.06월 이후)
11094,202103,0013003,다이와증권캐피탈마켓코리아 주식회사,B,투자자의 예수증권 등,1223437253650,국내증권사,B,SF205,각주항목(09.06월 이후)
11095,202103,0013003,다이와증권캐피탈마켓코리아 주식회사,B1,투자자의 예수증권 등_예수 증권,1223437253650,국내증권사,B,SF205,각주항목(09.06월 이후)
11096,202103,0013003,다이와증권캐피탈마켓코리아 주식회사,B2,투자자의 예수증권 등_예수양도성예금증서, ,국내증권사,B,SF205,각주항목(09.06월 이후)
11097,202103,0013003,다이와증권캐피탈마켓코리아 주식회사,B3,투자자의 예수증권 등_기타, ,국내증권사,B,SF205,각주항목(09.06월 이후)
11098,202103,0013003,다이와증권캐피탈마켓코리아 주식회사,C,파생상품계약,15197500000,국내증권사,B,SF205,각주항목(09.06월 이후)
11099,202103,0013003,다이와증권캐피탈마켓코리아 주식회사,C1,파생상품계약_장내파생상품,15197500000,국내증권사,B,SF205,각주항목(09.06월 이후)
11100,202103,0013003,다이와증권캐피탈마켓코리아 주식회사,C11,파생상품계약_장내파생상품_이자율관련거래,15197500000,국내증권사,B,SF205,각주항목(09.06월 이후)
11101,202103,0013003,다이와증권캐피탈마켓코리아 주식회사,C12,파생상품계약_장내파생상품_통화관련거래,0,국내증권사,B,SF205,각주항목(09.06월 이후)
11102,202103,0013003,다이와증권캐피탈마켓코리아 주식회사,C13,파생상품계약_장내파생상품_주식관련거래,0,국내증권사,B,SF205,각주항목(09.06월 이후)
11103,202103,0013003,다이와증권캐피탈마켓코리아 주식회사,C14,파생상품계약_장내파생상품_일반상품관련거래,0,국내증권사,B,SF205,각주항목(09.06월 이후)
11104,202103,0013003,다이와증권캐피탈마켓코리아 주식회사,C15,파생상품계약_장내파생상품_기타,0,국내증권사,B,SF205,각주항목(09.06월 이후)
11105,202103,0013003,다이와증권캐피탈마켓코리아 주식회사,C2,파생상품계약_장외파생상품,0,국내증권사,B,SF205,각주항목(09.06월 이후)
11106,202103,0013003,다이와증권캐피탈마켓코리아 주식회사,C21,파생상품계약_장외파생상품_이자율관련거래,0,국내증권사,B,SF205,각주항목(09.06월 이후)
11107,202103,0013003,다이와증권캐피탈마켓코리아 주식회사,C22,파생상품계약_장외파생상품_통화관련거래,0,국내증권사,B,SF205,각주항목(09.06월 이후)
11108,202103,0013003,다이와증권캐피탈마켓코리아 주식회사,C23,파생상품계약_장외파생상품_주식관련거래,0,국내증권사,B,SF205,각주항목(09.06월 이후)
11109,202103,0013003,다이와증권캐피탈마켓코리아 주식회사,C24,파생상품계약_장외파생상품_신용관련거래,0,국내증권사,B,SF205,각주항목(09.06월 이후)
11110,202103,0013003,다이와증권캐피탈마켓코리아 주식회사,C25,파생상품계약_장외파생상품_기타,0,국내증권사,B,SF205,각주항목(09.06월 이후)
11111,202103,0013003,다이와증권캐피탈마켓코리아 주식회사,D,대차 및 대주거래,0,국내증권사,B,SF205,각주항목(09.06월 이후)
11112,202103,0013003,다이와증권캐피탈마켓코리아 주식회사,D1,대차 및 대주거래_대여증권,0,국내증권사,B,SF205,각주항목(09.06월 이후)
11113,202103,0013003,다이와증권캐피탈마켓코리아 주식회사,D2,대차 및 대주거래_차입증권,0,국내증권사,B,SF205,각주항목(09.06월 이후)
11114,202103,0013003,다이와증권캐피탈마켓코리아 주식회사,D3,대차 및 대주거래_신용거래대주, ,국내증권사,B,SF205,각주항목(09.06월 이후)
11115,202103,0013003,다이와증권캐피탈마켓코리아 주식회사,E,대손상각채권, ,국내증권사,B,SF205,각주항목(09.06월 이후)
11116,202103,0013003,다이와증권캐피탈마켓코리아 주식회사,F,환전업무 예치금,0,국내증권사,B,SF205,각주항목(09.06월 이후)
11117,202103,0013003,다이와증권캐피탈마켓코리아 주식회사,G,미배당별도예치금, ,국내증권사,B,SF205,각주항목(09.06월 이후)
11118,202103,0013003,다이와증권캐피탈마켓코리아 주식회사,H,배서어음매출(종금계정),0,국내증권사,B,SF205,각주항목(09.06월 이후)
11119,202103,0013003,다이와증권캐피탈마켓코리아 주식회사,H1,대출채권매매이익_담보부, ,국내증권사,B,SF205,각주항목(09.06월 이후)
11120,202103,0013003,다이와증권캐피탈마켓코리아 주식회사,H2,대출채권매매이익_무담보부, ,국내증권사,B,SF205,각주항목(09.06월 이후)
11121,202106,0013003,다이와증권캐피탈마켓코리아 주식회사,A,채무보증,0,국내증권사,B,SF205,각주항목(09.06월 이후)
11122,202106,0013003,다이와증권캐피탈마켓코리아 주식회사,A1,채무보증_지급보증,0,국내증권사,B,SF205,각주항목(09.06월 이후)
11123,202106,0013003,다이와증권캐피탈마켓코리아 주식회사,A2,채무보증_매입보장약정, ,국내증권사,B,SF205,각주항목(09.06월 이후)
11124,202106,0013003,다이와증권캐피탈마켓코리아 주식회사,A3,채무보증_채무인수약정, ,국내증권사,B,SF205,각주항목(09.06월 이후)
11125,202106,0013003,다이와증권캐피탈마켓코리아 주식회사,A5,채무보증_매입확약,0,국내증권사,B,SF205,각주항목(09.06월 이후)
11126,202106,0013003,다이와증권캐피탈마켓코리아 주식회사,A6,채무보증_기타, ,국내증권사,B,SF205,각주항목(09.06월 이후)
11127,202106,0013003,다이와증권캐피탈마켓코리아 주식회사,B,투자자의 예수증권 등,1455498257095,국내증권사,B,SF205,각주항목(09.06월 이후)
11128,202106,0013003,다이와증권캐피탈마켓코리아 주식회사,B1,투자자의 예수증권 등_예수 증권,1455498257095,국내증권사,B,SF205,각주항목(09.06월 이후)
11129,202106,0013003,다이와증권캐피탈마켓코리아 주식회사,B2,투자자의 예수증권 등_예수양도성예금증서, ,국내증권사,B,SF205,각주항목(09.06월 이후)
11130,202106,0013003,다이와증권캐피탈마켓코리아 주식회사,B3,투자자의 예수증권 등_기타, ,국내증권사,B,SF205,각주항목(09.06월 이후)
11131,202106,0013003,다이와증권캐피탈마켓코리아 주식회사,C,파생상품계약,26124330000,국내증권사,B,SF205,각주항목(09.06월 이후)
11132,202106,0013003,다이와증권캐피탈마켓코리아 주식회사,C1,파생상품계약_장내파생상품,26124330000,국내증권사,B,SF205,각주항목(09.06월 이후)
11133,202106,0013003,다이와증권캐피탈마켓코리아 주식회사,C11,파생상품계약_장내파생상품_이자율관련거래,26124330000,국내증권사,B,SF205,각주항목(09.06월 이후)
11134,202106,0013003,다이와증권캐피탈마켓코리아 주식회사,C12,파생상품계약_장내파생상품_통화관련거래,0,국내증권사,B,SF205,각주항목(09.06월 이후)
11135,202106,0013003,다이와증권캐피탈마켓코리아 주식회사,C13,파생상품계약_장내파생상품_주식관련거래,0,국내증권사,B,SF205,각주항목(09.06월 이후)
11136,202106,0013003,다이와증권캐피탈마켓코리아 주식회사,C14,파생상품계약_장내파생상품_일반상품관련거래,0,국내증권사,B,SF205,각주항목(09.06월 이후)
11137,202106,0013003,다이와증권캐피탈마켓코리아 주식회사,C15,파생상품계약_장내파생상품_기타,0,국내증권사,B,SF205,각주항목(09.06월 이후)
11138,202106,0013003,다이와증권캐피탈마켓코리아 주식회사,C2,파생상품계약_장외파생상품,0,국내증권사,B,SF205,각주항목(09.06월 이후)
11139,202106,0013003,다이와증권캐피탈마켓코리아 주식회사,C21,파생상품계약_장외파생상품_이자율관련거래,0,국내증권사,B,SF205,각주항목(09.06월 이후)
11140,202106,0013003,다이와증권캐피탈마켓코리아 주식회사,C22,파생상품계약_장외파생상품_통화관련거래,0,국내증권사,B,SF205,각주항목(09.06월 이후)
11141,202106,0013003,다이와증권캐피탈마켓코리아 주식회사,C23,파생상품계약_장외파생상품_주식관련거래,0,국내증권사,B,SF205,각주항목(09.06월 이후)
11142,202106,0013003,다이와증권캐피탈마켓코리아 주식회사,C24,파생상품계약_장외파생상품_신용관련거래,0,국내증권사,B,SF205,각주항목(09.06월 이후)
11143,202106,0013003,다이와증권캐피탈마켓코리아 주식회사,C25,파생상품계약_장외파생상품_기타,0,국내증권사,B,SF205,각주항목(09.06월 이후)
11144,202106,0013003,다이와증권캐피탈마켓코리아 주식회사,D,대차 및 대주거래,0,국내증권사,B,SF205,각주항목(09.06월 이후)
11145,202106,0013003,다이와증권캐피탈마켓코리아 주식회사,D1,대차 및 대주거래_대여증권,0,국내증권사,B,SF205,각주항목(09.06월 이후)
11146,202106,0013003,다이와증권캐피탈마켓코리아 주식회사,D2,대차 및 대주거래_차입증권,0,국내증권사,B,SF205,각주항목(09.06월 이후)
11147,202106,0013003,다이와증권캐피탈마켓코리아 주식회사,D3,대차 및 대주거래_신용거래대주, ,국내증권사,B,SF205,각주항목(09.06월 이후)
11148,202106,0013003,다이와증권캐피탈마켓코리아 주식회사,E,대손상각채권, ,국내증권사,B,SF205,각주항목(09.06월 이후)
11149,202106,0013003,다이와증권캐피탈마켓코리아 주식회사,F,환전업무 예치금,0,국내증권사,B,SF205,각주항목(09.06월 이후)
11150,202106,0013003,다이와증권캐피탈마켓코리아 주식회사,G,미배당별도예치금, ,국내증권사,B,SF205,각주항목(09.06월 이후)
11151,202106,0013003,다이와증권캐피탈마켓코리아 주식회사,H,배서어음매출(종금계정),0,국내증권사,B,SF205,각주항목(09.06월 이후)
11152,202106,0013003,다이와증권캐피탈마켓코리아 주식회사,H1,대출채권매매이익_담보부, ,국내증권사,B,SF205,각주항목(09.06월 이후)
11153,202106,0013003,다이와증권캐피탈마켓코리아 주식회사,H2,대출채권매매이익_무담보부, ,국내증권사,B,SF205,각주항목(09.06월 이후)
11154,202109,0013003,다이와증권캐피탈마켓코리아 주식회사,A,채무보증,0,국내증권사,B,SF205,각주항목(09.06월 이후)
11155,202109,0013003,다이와증권캐피탈마켓코리아 주식회사,A1,채무보증_지급보증,0,국내증권사,B,SF205,각주항목(09.06월 이후)
11156,202109,0013003,다이와증권캐피탈마켓코리아 주식회사,A2,채무보증_매입보장약정, ,국내증권사,B,SF205,각주항목(09.06월 이후)
11157,202109,0013003,다이와증권캐피탈마켓코리아 주식회사,A3,채무보증_채무인수약정, ,국내증권사,B,SF205,각주항목(09.06월 이후)
11158,202109,0013003,다이와증권캐피탈마켓코리아 주식회사,A5,채무보증_매입확약,0,국내증권사,B,SF205,각주항목(09.06월 이후)
11159,202109,0013003,다이와증권캐피탈마켓코리아 주식회사,A6,채무보증_기타, ,국내증권사,B,SF205,각주항목(09.06월 이후)
11160,202109,0013003,다이와증권캐피탈마켓코리아 주식회사,B,투자자의 예수증권 등,1356116183170,국내증권사,B,SF205,각주항목(09.06월 이후)
11161,202109,0013003,다이와증권캐피탈마켓코리아 주식회사,B1,투자자의 예수증권 등_예수 증권,1356116183170,국내증권사,B,SF205,각주항목(09.06월 이후)
11162,202109,0013003,다이와증권캐피탈마켓코리아 주식회사,B2,투자자의 예수증권 등_예수양도성예금증서, ,국내증권사,B,SF205,각주항목(09.06월 이후)
11163,202109,0013003,다이와증권캐피탈마켓코리아 주식회사,B3,투자자의 예수증권 등_기타, ,국내증권사,B,SF205,각주항목(09.06월 이후)
11164,202109,0013003,다이와증권캐피탈마켓코리아 주식회사,C,파생상품계약,11736540000,국내증권사,B,SF205,각주항목(09.06월 이후)
11165,202109,0013003,다이와증권캐피탈마켓코리아 주식회사,C1,파생상품계약_장내파생상품,11736540000,국내증권사,B,SF205,각주항목(09.06월 이후)
11166,202109,0013003,다이와증권캐피탈마켓코리아 주식회사,C11,파생상품계약_장내파생상품_이자율관련거래,11736540000,국내증권사,B,SF205,각주항목(09.06월 이후)
11167,202109,0013003,다이와증권캐피탈마켓코리아 주식회사,C12,파생상품계약_장내파생상품_통화관련거래,0,국내증권사,B,SF205,각주항목(09.06월 이후)
11168,202109,0013003,다이와증권캐피탈마켓코리아 주식회사,C13,파생상품계약_장내파생상품_주식관련거래,0,국내증권사,B,SF205,각주항목(09.06월 이후)
11169,202109,0013003,다이와증권캐피탈마켓코리아 주식회사,C14,파생상품계약_장내파생상품_일반상품관련거래,0,국내증권사,B,SF205,각주항목(09.06월 이후)
11170,202109,0013003,다이와증권캐피탈마켓코리아 주식회사,C15,파생상품계약_장내파생상품_기타,0,국내증권사,B,SF205,각주항목(09.06월 이후)
11171,202109,0013003,다이와증권캐피탈마켓코리아 주식회사,C2,파생상품계약_장외파생상품,0,국내증권사,B,SF205,각주항목(09.06월 이후)
11172,202109,0013003,다이와증권캐피탈마켓코리아 주식회사,C21,파생상품계약_장외파생상품_이자율관련거래,0,국내증권사,B,SF205,각주항목(09.06월 이후)
11173,202109,0013003,다이와증권캐피탈마켓코리아 주식회사,C22,파생상품계약_장외파생상품_통화관련거래,0,국내증권사,B,SF205,각주항목(09.06월 이후)
11174,202109,0013003,다이와증권캐피탈마켓코리아 주식회사,C23,파생상품계약_장외파생상품_주식관련거래,0,국내증권사,B,SF205,각주항목(09.06월 이후)
11175,202109,0013003,다이와증권캐피탈마켓코리아 주식회사,C24,파생상품계약_장외파생상품_신용관련거래,0,국내증권사,B,SF205,각주항목(09.06월 이후)
11176,202109,0013003,다이와증권캐피탈마켓코리아 주식회사,C25,파생상품계약_장외파생상품_기타,0,국내증권사,B,SF205,각주항목(09.06월 이후)
11177,202109,0013003,다이와증권캐피탈마켓코리아 주식회사,D,대차 및 대주거래,0,국내증권사,B,SF205,각주항목(09.06월 이후)
11178,202109,0013003,다이와증권캐피탈마켓코리아 주식회사,D1,대차 및 대주거래_대여증권,0,국내증권사,B,SF205,각주항목(09.06월 이후)
11179,202109,0013003,다이와증권캐피탈마켓코리아 주식회사,D2,대차 및 대주거래_차입증권,0,국내증권사,B,SF205,각주항목(09.06월 이후)
11180,202109,0013003,다이와증권캐피탈마켓코리아 주식회사,D3,대차 및 대주거래_신용거래대주, ,국내증권사,B,SF205,각주항목(09.06월 이후)
11181,202109,0013003,다이와증권캐피탈마켓코리아 주식회사,E,대손상각채권, ,국내증권사,B,SF205,각주항목(09.06월 이후)
11182,202109,0013003,다이와증권캐피탈마켓코리아 주식회사,F,환전업무 예치금,0,국내증권사,B,SF205,각주항목(09.06월 이후)
11183,202109,0013003,다이와증권캐피탈마켓코리아 주식회사,G,미배당별도예치금, ,국내증권사,B,SF205,각주항목(09.06월 이후)
11184,202109,0013003,다이와증권캐피탈마켓코리아 주식회사,H,배서어음매출(종금계정),0,국내증권사,B,SF205,각주항목(09.06월 이후)
11185,202109,0013003,다이와증권캐피탈마켓코리아 주식회사,H1,대출채권매매이익_담보부, ,국내증권사,B,SF205,각주항목(09.06월 이후)
11186,202109,0013003,다이와증권캐피탈마켓코리아 주식회사,H2,대출채권매매이익_무담보부, ,국내증권사,B,SF205,각주항목(09.06월 이후)
11187,202112,0013003,다이와증권캐피탈마켓코리아 주식회사,A,채무보증,0,국내증권사,B,SF205,각주항목(09.06월 이후)
11188,202112,0013003,다이와증권캐피탈마켓코리아 주식회사,A1,채무보증_지급보증,0,국내증권사,B,SF205,각주항목(09.06월 이후)
11189,202112,0013003,다이와증권캐피탈마켓코리아 주식회사,A2,채무보증_매입보장약정, ,국내증권사,B,SF205,각주항목(09.06월 이후)
11190,202112,0013003,다이와증권캐피탈마켓코리아 주식회사,A3,채무보증_채무인수약정, ,국내증권사,B,SF205,각주항목(09.06월 이후)
11191,202112,0013003,다이와증권캐피탈마켓코리아 주식회사,A5,채무보증_매입확약,0,국내증권사,B,SF205,각주항목(09.06월 이후)
11192,202112,0013003,다이와증권캐피탈마켓코리아 주식회사,A6,채무보증_기타, ,국내증권사,B,SF205,각주항목(09.06월 이후)
11193,202112,0013003,다이와증권캐피탈마켓코리아 주식회사,B,투자자의 예수증권 등,1590312724855,국내증권사,B,SF205,각주항목(09.06월 이후)
11194,202112,0013003,다이와증권캐피탈마켓코리아 주식회사,B1,투자자의 예수증권 등_예수 증권,1590312724855,국내증권사,B,SF205,각주항목(09.06월 이후)
11195,202112,0013003,다이와증권캐피탈마켓코리아 주식회사,B2,투자자의 예수증권 등_예수양도성예금증서, ,국내증권사,B,SF205,각주항목(09.06월 이후)
11196,202112,0013003,다이와증권캐피탈마켓코리아 주식회사,B3,투자자의 예수증권 등_기타, ,국내증권사,B,SF205,각주항목(09.06월 이후)
11197,202112,0013003,다이와증권캐피탈마켓코리아 주식회사,C,파생상품계약,18795600000,국내증권사,B,SF205,각주항목(09.06월 이후)
11198,202112,0013003,다이와증권캐피탈마켓코리아 주식회사,C1,파생상품계약_장내파생상품,18795600000,국내증권사,B,SF205,각주항목(09.06월 이후)
11199,202112,0013003,다이와증권캐피탈마켓코리아 주식회사,C11,파생상품계약_장내파생상품_이자율관련거래,18795600000,국내증권사,B,SF205,각주항목(09.06월 이후)
11200,202112,0013003,다이와증권캐피탈마켓코리아 주식회사,C12,파생상품계약_장내파생상품_통화관련거래,0,국내증권사,B,SF205,각주항목(09.06월 이후)
11201,202112,0013003,다이와증권캐피탈마켓코리아 주식회사,C13,파생상품계약_장내파생상품_주식관련거래,0,국내증권사,B,SF205,각주항목(09.06월 이후)
11202,202112,0013003,다이와증권캐피탈마켓코리아 주식회사,C14,파생상품계약_장내파생상품_일반상품관련거래,0,국내증권사,B,SF205,각주항목(09.06월 이후)
11203,202112,0013003,다이와증권캐피탈마켓코리아 주식회사,C15,파생상품계약_장내파생상품_기타,0,국내증권사,B,SF205,각주항목(09.06월 이후)
11204,202112,0013003,다이와증권캐피탈마켓코리아 주식회사,C2,파생상품계약_장외파생상품,0,국내증권사,B,SF205,각주항목(09.06월 이후)
11205,202112,0013003,다이와증권캐피탈마켓코리아 주식회사,C21,파생상품계약_장외파생상품_이자율관련거래,0,국내증권사,B,SF205,각주항목(09.06월 이후)
11206,202112,0013003,다이와증권캐피탈마켓코리아 주식회사,C22,파생상품계약_장외파생상품_통화관련거래,0,국내증권사,B,SF205,각주항목(09.06월 이후)
11207,202112,0013003,다이와증권캐피탈마켓코리아 주식회사,C23,파생상품계약_장외파생상품_주식관련거래,0,국내증권사,B,SF205,각주항목(09.06월 이후)
11208,202112,0013003,다이와증권캐피탈마켓코리아 주식회사,C24,파생상품계약_장외파생상품_신용관련거래,0,국내증권사,B,SF205,각주항목(09.06월 이후)
11209,202112,0013003,다이와증권캐피탈마켓코리아 주식회사,C25,파생상품계약_장외파생상품_기타,0,국내증권사,B,SF205,각주항목(09.06월 이후)
11210,202112,0013003,다이와증권캐피탈마켓코리아 주식회사,D,대차 및 대주거래,0,국내증권사,B,SF205,각주항목(09.06월 이후)
11211,202112,0013003,다이와증권캐피탈마켓코리아 주식회사,D1,대차 및 대주거래_대여증권,0,국내증권사,B,SF205,각주항목(09.06월 이후)
11212,202112,0013003,다이와증권캐피탈마켓코리아 주식회사,D2,대차 및 대주거래_차입증권,0,국내증권사,B,SF205,각주항목(09.06월 이후)
11213,202112,0013003,다이와증권캐피탈마켓코리아 주식회사,D3,대차 및 대주거래_신용거래대주,0,국내증권사,B,SF205,각주항목(09.06월 이후)
11214,202112,0013003,다이와증권캐피탈마켓코리아 주식회사,E,대손상각채권,0,국내증권사,B,SF205,각주항목(09.06월 이후)
11215,202112,0013003,다이와증권캐피탈마켓코리아 주식회사,F,환전업무 예치금,0,국내증권사,B,SF205,각주항목(09.06월 이후)
11216,202112,0013003,다이와증권캐피탈마켓코리아 주식회사,G,미배당별도예치금,0,국내증권사,B,SF205,각주항목(09.06월 이후)
11217,202112,0013003,다이와증권캐피탈마켓코리아 주식회사,H,배서어음매출(종금계정),0,국내증권사,B,SF205,각주항목(09.06월 이후)
11218,202112,0013003,다이와증권캐피탈마켓코리아 주식회사,H1,대출채권매매이익_담보부,0,국내증권사,B,SF205,각주항목(09.06월 이후)
11219,202112,0013003,다이와증권캐피탈마켓코리아 주식회사,H2,대출채권매매이익_무담보부,0,국내증권사,B,SF205,각주항목(09.06월 이후)
11220,202203,0013003,다이와증권캐피탈마켓코리아 주식회사,A,채무보증,0,국내증권사,B,SF205,각주항목(09.06월 이후)
11221,202203,0013003,다이와증권캐피탈마켓코리아 주식회사,A1,채무보증_지급보증,0,국내증권사,B,SF205,각주항목(09.06월 이후)
11222,202203,0013003,다이와증권캐피탈마켓코리아 주식회사,A2,채무보증_매입보장약정, ,국내증권사,B,SF205,각주항목(09.06월 이후)
11223,202203,0013003,다이와증권캐피탈마켓코리아 주식회사,A3,채무보증_채무인수약정, ,국내증권사,B,SF205,각주항목(09.06월 이후)
11224,202203,0013003,다이와증권캐피탈마켓코리아 주식회사,A5,채무보증_매입확약,0,국내증권사,B,SF205,각주항목(09.06월 이후)
11225,202203,0013003,다이와증권캐피탈마켓코리아 주식회사,A6,채무보증_기타, ,국내증권사,B,SF205,각주항목(09.06월 이후)
11226,202203,0013003,다이와증권캐피탈마켓코리아 주식회사,B,투자자의 예수증권 등,1105268484910,국내증권사,B,SF205,각주항목(09.06월 이후)
11227,202203,0013003,다이와증권캐피탈마켓코리아 주식회사,B1,투자자의 예수증권 등_예수 증권,1105268484910,국내증권사,B,SF205,각주항목(09.06월 이후)
11228,202203,0013003,다이와증권캐피탈마켓코리아 주식회사,B2,투자자의 예수증권 등_예수양도성예금증서, ,국내증권사,B,SF205,각주항목(09.06월 이후)
11229,202203,0013003,다이와증권캐피탈마켓코리아 주식회사,B3,투자자의 예수증권 등_기타, ,국내증권사,B,SF205,각주항목(09.06월 이후)
11230,202203,0013003,다이와증권캐피탈마켓코리아 주식회사,C,파생상품계약,10983400000,국내증권사,B,SF205,각주항목(09.06월 이후)
11231,202203,0013003,다이와증권캐피탈마켓코리아 주식회사,C1,파생상품계약_장내파생상품,10983400000,국내증권사,B,SF205,각주항목(09.06월 이후)
11232,202203,0013003,다이와증권캐피탈마켓코리아 주식회사,C11,파생상품계약_장내파생상품_이자율관련거래,10983400000,국내증권사,B,SF205,각주항목(09.06월 이후)
11233,202203,0013003,다이와증권캐피탈마켓코리아 주식회사,C12,파생상품계약_장내파생상품_통화관련거래,0,국내증권사,B,SF205,각주항목(09.06월 이후)
11234,202203,0013003,다이와증권캐피탈마켓코리아 주식회사,C13,파생상품계약_장내파생상품_주식관련거래,0,국내증권사,B,SF205,각주항목(09.06월 이후)
11235,202203,0013003,다이와증권캐피탈마켓코리아 주식회사,C14,파생상품계약_장내파생상품_일반상품관련거래,0,국내증권사,B,SF205,각주항목(09.06월 이후)
11236,202203,0013003,다이와증권캐피탈마켓코리아 주식회사,C15,파생상품계약_장내파생상품_기타,0,국내증권사,B,SF205,각주항목(09.06월 이후)
11237,202203,0013003,다이와증권캐피탈마켓코리아 주식회사,C2,파생상품계약_장외파생상품,0,국내증권사,B,SF205,각주항목(09.06월 이후)
11238,202203,0013003,다이와증권캐피탈마켓코리아 주식회사,C21,파생상품계약_장외파생상품_이자율관련거래,0,국내증권사,B,SF205,각주항목(09.06월 이후)
11239,202203,0013003,다이와증권캐피탈마켓코리아 주식회사,C22,파생상품계약_장외파생상품_통화관련거래,0,국내증권사,B,SF205,각주항목(09.06월 이후)
11240,202203,0013003,다이와증권캐피탈마켓코리아 주식회사,C23,파생상품계약_장외파생상품_주식관련거래,0,국내증권사,B,SF205,각주항목(09.06월 이후)
11241,202203,0013003,다이와증권캐피탈마켓코리아 주식회사,C24,파생상품계약_장외파생상품_신용관련거래,0,국내증권사,B,SF205,각주항목(09.06월 이후)
11242,202203,0013003,다이와증권캐피탈마켓코리아 주식회사,C25,파생상품계약_장외파생상품_기타,0,국내증권사,B,SF205,각주항목(09.06월 이후)
11243,202203,0013003,다이와증권캐피탈마켓코리아 주식회사,D,대차 및 대주거래,0,국내증권사,B,SF205,각주항목(09.06월 이후)
11244,202203,0013003,다이와증권캐피탈마켓코리아 주식회사,D1,대차 및 대주거래_대여증권,0,국내증권사,B,SF205,각주항목(09.06월 이후)
11245,202203,0013003,다이와증권캐피탈마켓코리아 주식회사,D2,대차 및 대주거래_차입증권,0,국내증권사,B,SF205,각주항목(09.06월 이후)
11246,202203,0013003,다이와증권캐피탈마켓코리아 주식회사,D3,대차 및 대주거래_신용거래대주,0,국내증권사,B,SF205,각주항목(09.06월 이후)
11247,202203,0013003,다이와증권캐피탈마켓코리아 주식회사,E,대손상각채권,0,국내증권사,B,SF205,각주항목(09.06월 이후)
11248,202203,0013003,다이와증권캐피탈마켓코리아 주식회사,F,환전업무 예치금,0,국내증권사,B,SF205,각주항목(09.06월 이후)
11249,202203,0013003,다이와증권캐피탈마켓코리아 주식회사,G,미배당별도예치금,0,국내증권사,B,SF205,각주항목(09.06월 이후)
11250,202203,0013003,다이와증권캐피탈마켓코리아 주식회사,H,배서어음매출(종금계정),0,국내증권사,B,SF205,각주항목(09.06월 이후)
11251,202203,0013003,다이와증권캐피탈마켓코리아 주식회사,H1,대출채권매매이익_담보부,0,국내증권사,B,SF205,각주항목(09.06월 이후)
11252,202203,0013003,다이와증권캐피탈마켓코리아 주식회사,H2,대출채권매매이익_무담보부,0,국내증권사,B,SF205,각주항목(09.06월 이후)
11253,202206,0013003,다이와증권캐피탈마켓코리아 주식회사,A,채무보증,0,국내증권사,B,SF205,각주항목(09.06월 이후)
11254,202206,0013003,다이와증권캐피탈마켓코리아 주식회사,A1,채무보증_지급보증,0,국내증권사,B,SF205,각주항목(09.06월 이후)
11255,202206,0013003,다이와증권캐피탈마켓코리아 주식회사,A2,채무보증_매입보장약정, ,국내증권사,B,SF205,각주항목(09.06월 이후)
11256,202206,0013003,다이와증권캐피탈마켓코리아 주식회사,A3,채무보증_채무인수약정, ,국내증권사,B,SF205,각주항목(09.06월 이후)
11257,202206,0013003,다이와증권캐피탈마켓코리아 주식회사,A5,채무보증_매입확약,0,국내증권사,B,SF205,각주항목(09.06월 이후)
11258,202206,0013003,다이와증권캐피탈마켓코리아 주식회사,A6,채무보증_기타, ,국내증권사,B,SF205,각주항목(09.06월 이후)
11259,202206,0013003,다이와증권캐피탈마켓코리아 주식회사,B,투자자의 예수증권 등,1007611827625,국내증권사,B,SF205,각주항목(09.06월 이후)
11260,202206,0013003,다이와증권캐피탈마켓코리아 주식회사,B1,투자자의 예수증권 등_예수 증권,1007611827625,국내증권사,B,SF205,각주항목(09.06월 이후)
11261,202206,0013003,다이와증권캐피탈마켓코리아 주식회사,B2,투자자의 예수증권 등_예수양도성예금증서, ,국내증권사,B,SF205,각주항목(09.06월 이후)
11262,202206,0013003,다이와증권캐피탈마켓코리아 주식회사,B3,투자자의 예수증권 등_기타, ,국내증권사,B,SF205,각주항목(09.06월 이후)
11263,202206,0013003,다이와증권캐피탈마켓코리아 주식회사,C,파생상품계약,70913500000,국내증권사,B,SF205,각주항목(09.06월 이후)
11264,202206,0013003,다이와증권캐피탈마켓코리아 주식회사,C1,파생상품계약_장내파생상품,70913500000,국내증권사,B,SF205,각주항목(09.06월 이후)
11265,202206,0013003,다이와증권캐피탈마켓코리아 주식회사,C11,파생상품계약_장내파생상품_이자율관련거래,70913500000,국내증권사,B,SF205,각주항목(09.06월 이후)
11266,202206,0013003,다이와증권캐피탈마켓코리아 주식회사,C12,파생상품계약_장내파생상품_통화관련거래,0,국내증권사,B,SF205,각주항목(09.06월 이후)
11267,202206,0013003,다이와증권캐피탈마켓코리아 주식회사,C13,파생상품계약_장내파생상품_주식관련거래,0,국내증권사,B,SF205,각주항목(09.06월 이후)
11268,202206,0013003,다이와증권캐피탈마켓코리아 주식회사,C14,파생상품계약_장내파생상품_일반상품관련거래,0,국내증권사,B,SF205,각주항목(09.06월 이후)
11269,202206,0013003,다이와증권캐피탈마켓코리아 주식회사,C15,파생상품계약_장내파생상품_기타,0,국내증권사,B,SF205,각주항목(09.06월 이후)
11270,202206,0013003,다이와증권캐피탈마켓코리아 주식회사,C2,파생상품계약_장외파생상품,0,국내증권사,B,SF205,각주항목(09.06월 이후)
11271,202206,0013003,다이와증권캐피탈마켓코리아 주식회사,C21,파생상품계약_장외파생상품_이자율관련거래,0,국내증권사,B,SF205,각주항목(09.06월 이후)
11272,202206,0013003,다이와증권캐피탈마켓코리아 주식회사,C22,파생상품계약_장외파생상품_통화관련거래,0,국내증권사,B,SF205,각주항목(09.06월 이후)
11273,202206,0013003,다이와증권캐피탈마켓코리아 주식회사,C23,파생상품계약_장외파생상품_주식관련거래,0,국내증권사,B,SF205,각주항목(09.06월 이후)
11274,202206,0013003,다이와증권캐피탈마켓코리아 주식회사,C24,파생상품계약_장외파생상품_신용관련거래,0,국내증권사,B,SF205,각주항목(09.06월 이후)
11275,202206,0013003,다이와증권캐피탈마켓코리아 주식회사,C25,파생상품계약_장외파생상품_기타,0,국내증권사,B,SF205,각주항목(09.06월 이후)
11276,202206,0013003,다이와증권캐피탈마켓코리아 주식회사,D,대차 및 대주거래,0,국내증권사,B,SF205,각주항목(09.06월 이후)
11277,202206,0013003,다이와증권캐피탈마켓코리아 주식회사,D1,대차 및 대주거래_대여증권,0,국내증권사,B,SF205,각주항목(09.06월 이후)
11278,202206,0013003,다이와증권캐피탈마켓코리아 주식회사,D2,대차 및 대주거래_차입증권,0,국내증권사,B,SF205,각주항목(09.06월 이후)
11279,202206,0013003,다이와증권캐피탈마켓코리아 주식회사,D3,대차 및 대주거래_신용거래대주, ,국내증권사,B,SF205,각주항목(09.06월 이후)
11280,202206,0013003,다이와증권캐피탈마켓코리아 주식회사,E,대손상각채권, ,국내증권사,B,SF205,각주항목(09.06월 이후)
11281,202206,0013003,다이와증권캐피탈마켓코리아 주식회사,F,환전업무 예치금,0,국내증권사,B,SF205,각주항목(09.06월 이후)
11282,202206,0013003,다이와증권캐피탈마켓코리아 주식회사,G,미배당별도예치금, ,국내증권사,B,SF205,각주항목(09.06월 이후)
11283,202206,0013003,다이와증권캐피탈마켓코리아 주식회사,H,배서어음매출(종금계정),0,국내증권사,B,SF205,각주항목(09.06월 이후)
11284,202206,0013003,다이와증권캐피탈마켓코리아 주식회사,H1,대출채권매매이익_담보부, ,국내증권사,B,SF205,각주항목(09.06월 이후)
11285,202206,0013003,다이와증권캐피탈마켓코리아 주식회사,H2,대출채권매매이익_무담보부, ,국내증권사,B,SF205,각주항목(09.06월 이후)
11286,202209,0013003,다이와증권캐피탈마켓코리아 주식회사,A,채무보증,0,국내증권사,B,SF205,각주항목(09.06월 이후)
11287,202209,0013003,다이와증권캐피탈마켓코리아 주식회사,A1,채무보증_지급보증,0,국내증권사,B,SF205,각주항목(09.06월 이후)
11288,202209,0013003,다이와증권캐피탈마켓코리아 주식회사,A2,채무보증_매입보장약정, ,국내증권사,B,SF205,각주항목(09.06월 이후)
11289,202209,0013003,다이와증권캐피탈마켓코리아 주식회사,A3,채무보증_채무인수약정, ,국내증권사,B,SF205,각주항목(09.06월 이후)
11290,202209,0013003,다이와증권캐피탈마켓코리아 주식회사,A5,채무보증_매입확약,0,국내증권사,B,SF205,각주항목(09.06월 이후)
11291,202209,0013003,다이와증권캐피탈마켓코리아 주식회사,A6,채무보증_기타, ,국내증권사,B,SF205,각주항목(09.06월 이후)
11292,202209,0013003,다이와증권캐피탈마켓코리아 주식회사,B,투자자의 예수증권 등,871883234280,국내증권사,B,SF205,각주항목(09.06월 이후)
11293,202209,0013003,다이와증권캐피탈마켓코리아 주식회사,B1,투자자의 예수증권 등_예수 증권,871883234280,국내증권사,B,SF205,각주항목(09.06월 이후)
11294,202209,0013003,다이와증권캐피탈마켓코리아 주식회사,B2,투자자의 예수증권 등_예수양도성예금증서, ,국내증권사,B,SF205,각주항목(09.06월 이후)
11295,202209,0013003,다이와증권캐피탈마켓코리아 주식회사,B3,투자자의 예수증권 등_기타, ,국내증권사,B,SF205,각주항목(09.06월 이후)
11296,202209,0013003,다이와증권캐피탈마켓코리아 주식회사,C,파생상품계약,79810600000,국내증권사,B,SF205,각주항목(09.06월 이후)
11297,202209,0013003,다이와증권캐피탈마켓코리아 주식회사,C1,파생상품계약_장내파생상품,79810600000,국내증권사,B,SF205,각주항목(09.06월 이후)
11298,202209,0013003,다이와증권캐피탈마켓코리아 주식회사,C11,파생상품계약_장내파생상품_이자율관련거래,79810600000,국내증권사,B,SF205,각주항목(09.06월 이후)
11299,202209,0013003,다이와증권캐피탈마켓코리아 주식회사,C12,파생상품계약_장내파생상품_통화관련거래,0,국내증권사,B,SF205,각주항목(09.06월 이후)
11300,202209,0013003,다이와증권캐피탈마켓코리아 주식회사,C13,파생상품계약_장내파생상품_주식관련거래,0,국내증권사,B,SF205,각주항목(09.06월 이후)
11301,202209,0013003,다이와증권캐피탈마켓코리아 주식회사,C14,파생상품계약_장내파생상품_일반상품관련거래,0,국내증권사,B,SF205,각주항목(09.06월 이후)
11302,202209,0013003,다이와증권캐피탈마켓코리아 주식회사,C15,파생상품계약_장내파생상품_기타,0,국내증권사,B,SF205,각주항목(09.06월 이후)
11303,202209,0013003,다이와증권캐피탈마켓코리아 주식회사,C2,파생상품계약_장외파생상품,0,국내증권사,B,SF205,각주항목(09.06월 이후)
11304,202209,0013003,다이와증권캐피탈마켓코리아 주식회사,C21,파생상품계약_장외파생상품_이자율관련거래,0,국내증권사,B,SF205,각주항목(09.06월 이후)
11305,202209,0013003,다이와증권캐피탈마켓코리아 주식회사,C22,파생상품계약_장외파생상품_통화관련거래,0,국내증권사,B,SF205,각주항목(09.06월 이후)
11306,202209,0013003,다이와증권캐피탈마켓코리아 주식회사,C23,파생상품계약_장외파생상품_주식관련거래,0,국내증권사,B,SF205,각주항목(09.06월 이후)
11307,202209,0013003,다이와증권캐피탈마켓코리아 주식회사,C24,파생상품계약_장외파생상품_신용관련거래,0,국내증권사,B,SF205,각주항목(09.06월 이후)
11308,202209,0013003,다이와증권캐피탈마켓코리아 주식회사,C25,파생상품계약_장외파생상품_기타,0,국내증권사,B,SF205,각주항목(09.06월 이후)
11309,202209,0013003,다이와증권캐피탈마켓코리아 주식회사,D,대차 및 대주거래,0,국내증권사,B,SF205,각주항목(09.06월 이후)
11310,202209,0013003,다이와증권캐피탈마켓코리아 주식회사,D1,대차 및 대주거래_대여증권,0,국내증권사,B,SF205,각주항목(09.06월 이후)
11311,202209,0013003,다이와증권캐피탈마켓코리아 주식회사,D2,대차 및 대주거래_차입증권,0,국내증권사,B,SF205,각주항목(09.06월 이후)
11312,202209,0013003,다이와증권캐피탈마켓코리아 주식회사,D3,대차 및 대주거래_신용거래대주, ,국내증권사,B,SF205,각주항목(09.06월 이후)
11313,202209,0013003,다이와증권캐피탈마켓코리아 주식회사,E,대손상각채권, ,국내증권사,B,SF205,각주항목(09.06월 이후)
11314,202209,0013003,다이와증권캐피탈마켓코리아 주식회사,F,환전업무 예치금,0,국내증권사,B,SF205,각주항목(09.06월 이후)
11315,202209,0013003,다이와증권캐피탈마켓코리아 주식회사,G,미배당별도예치금, ,국내증권사,B,SF205,각주항목(09.06월 이후)
11316,202209,0013003,다이와증권캐피탈마켓코리아 주식회사,H,배서어음매출(종금계정),0,국내증권사,B,SF205,각주항목(09.06월 이후)
11317,202209,0013003,다이와증권캐피탈마켓코리아 주식회사,H1,대출채권매매이익_담보부, ,국내증권사,B,SF205,각주항목(09.06월 이후)
11318,202209,0013003,다이와증권캐피탈마켓코리아 주식회사,H2,대출채권매매이익_무담보부, ,국내증권사,B,SF205,각주항목(09.06월 이후)
11319,202212,0013003,다이와증권캐피탈마켓코리아 주식회사,A,채무보증,0,국내증권사,B,SF205,각주항목(09.06월 이후)
11320,202212,0013003,다이와증권캐피탈마켓코리아 주식회사,A1,채무보증_지급보증,0,국내증권사,B,SF205,각주항목(09.06월 이후)
11321,202212,0013003,다이와증권캐피탈마켓코리아 주식회사,A2,채무보증_매입보장약정, ,국내증권사,B,SF205,각주항목(09.06월 이후)
11322,202212,0013003,다이와증권캐피탈마켓코리아 주식회사,A3,채무보증_채무인수약정, ,국내증권사,B,SF205,각주항목(09.06월 이후)
11323,202212,0013003,다이와증권캐피탈마켓코리아 주식회사,A5,채무보증_매입확약,0,국내증권사,B,SF205,각주항목(09.06월 이후)
11324,202212,0013003,다이와증권캐피탈마켓코리아 주식회사,A6,채무보증_기타, ,국내증권사,B,SF205,각주항목(09.06월 이후)
11325,202212,0013003,다이와증권캐피탈마켓코리아 주식회사,B,투자자의 예수증권 등,901115160550,국내증권사,B,SF205,각주항목(09.06월 이후)
11326,202212,0013003,다이와증권캐피탈마켓코리아 주식회사,B1,투자자의 예수증권 등_예수 증권,901115160550,국내증권사,B,SF205,각주항목(09.06월 이후)
11327,202212,0013003,다이와증권캐피탈마켓코리아 주식회사,B2,투자자의 예수증권 등_예수양도성예금증서, ,국내증권사,B,SF205,각주항목(09.06월 이후)
11328,202212,0013003,다이와증권캐피탈마켓코리아 주식회사,B3,투자자의 예수증권 등_기타, ,국내증권사,B,SF205,각주항목(09.06월 이후)
11329,202212,0013003,다이와증권캐피탈마켓코리아 주식회사,C,파생상품계약,50864440000,국내증권사,B,SF205,각주항목(09.06월 이후)
11330,202212,0013003,다이와증권캐피탈마켓코리아 주식회사,C1,파생상품계약_장내파생상품,50864440000,국내증권사,B,SF205,각주항목(09.06월 이후)
11331,202212,0013003,다이와증권캐피탈마켓코리아 주식회사,C11,파생상품계약_장내파생상품_이자율관련거래,50864440000,국내증권사,B,SF205,각주항목(09.06월 이후)
11332,202212,0013003,다이와증권캐피탈마켓코리아 주식회사,C12,파생상품계약_장내파생상품_통화관련거래,0,국내증권사,B,SF205,각주항목(09.06월 이후)
11333,202212,0013003,다이와증권캐피탈마켓코리아 주식회사,C13,파생상품계약_장내파생상품_주식관련거래,0,국내증권사,B,SF205,각주항목(09.06월 이후)
11334,202212,0013003,다이와증권캐피탈마켓코리아 주식회사,C14,파생상품계약_장내파생상품_일반상품관련거래,0,국내증권사,B,SF205,각주항목(09.06월 이후)
11335,202212,0013003,다이와증권캐피탈마켓코리아 주식회사,C15,파생상품계약_장내파생상품_기타,0,국내증권사,B,SF205,각주항목(09.06월 이후)
11336,202212,0013003,다이와증권캐피탈마켓코리아 주식회사,C2,파생상품계약_장외파생상품,0,국내증권사,B,SF205,각주항목(09.06월 이후)
11337,202212,0013003,다이와증권캐피탈마켓코리아 주식회사,C21,파생상품계약_장외파생상품_이자율관련거래,0,국내증권사,B,SF205,각주항목(09.06월 이후)
11338,202212,0013003,다이와증권캐피탈마켓코리아 주식회사,C22,파생상품계약_장외파생상품_통화관련거래,0,국내증권사,B,SF205,각주항목(09.06월 이후)
11339,202212,0013003,다이와증권캐피탈마켓코리아 주식회사,C23,파생상품계약_장외파생상품_주식관련거래,0,국내증권사,B,SF205,각주항목(09.06월 이후)
11340,202212,0013003,다이와증권캐피탈마켓코리아 주식회사,C24,파생상품계약_장외파생상품_신용관련거래,0,국내증권사,B,SF205,각주항목(09.06월 이후)
11341,202212,0013003,다이와증권캐피탈마켓코리아 주식회사,C25,파생상품계약_장외파생상품_기타,0,국내증권사,B,SF205,각주항목(09.06월 이후)
11342,202212,0013003,다이와증권캐피탈마켓코리아 주식회사,D,대차 및 대주거래,0,국내증권사,B,SF205,각주항목(09.06월 이후)
11343,202212,0013003,다이와증권캐피탈마켓코리아 주식회사,D1,대차 및 대주거래_대여증권,0,국내증권사,B,SF205,각주항목(09.06월 이후)
11344,202212,0013003,다이와증권캐피탈마켓코리아 주식회사,D2,대차 및 대주거래_차입증권,0,국내증권사,B,SF205,각주항목(09.06월 이후)
11345,202212,0013003,다이와증권캐피탈마켓코리아 주식회사,D3,대차 및 대주거래_신용거래대주, ,국내증권사,B,SF205,각주항목(09.06월 이후)
11346,202212,0013003,다이와증권캐피탈마켓코리아 주식회사,E,대손상각채권, ,국내증권사,B,SF205,각주항목(09.06월 이후)
11347,202212,0013003,다이와증권캐피탈마켓코리아 주식회사,F,환전업무 예치금,0,국내증권사,B,SF205,각주항목(09.06월 이후)
11348,202212,0013003,다이와증권캐피탈마켓코리아 주식회사,G,미배당별도예치금, ,국내증권사,B,SF205,각주항목(09.06월 이후)
11349,202212,0013003,다이와증권캐피탈마켓코리아 주식회사,H,배서어음매출(종금계정),0,국내증권사,B,SF205,각주항목(09.06월 이후)
11350,202212,0013003,다이와증권캐피탈마켓코리아 주식회사,H1,대출채권매매이익_담보부, ,국내증권사,B,SF205,각주항목(09.06월 이후)
11351,202212,0013003,다이와증권캐피탈마켓코리아 주식회사,H2,대출채권매매이익_무담보부, ,국내증권사,B,SF205,각주항목(09.06월 이후)
11352,202303,0013003,다이와증권캐피탈마켓코리아 주식회사,A,채무보증,0,국내증권사,B,SF205,각주항목(09.06월 이후)
11353,202303,0013003,다이와증권캐피탈마켓코리아 주식회사,A1,채무보증_지급보증,0,국내증권사,B,SF205,각주항목(09.06월 이후)
11354,202303,0013003,다이와증권캐피탈마켓코리아 주식회사,A2,채무보증_매입보장약정, ,국내증권사,B,SF205,각주항목(09.06월 이후)
11355,202303,0013003,다이와증권캐피탈마켓코리아 주식회사,A3,채무보증_채무인수약정, ,국내증권사,B,SF205,각주항목(09.06월 이후)
11356,202303,0013003,다이와증권캐피탈마켓코리아 주식회사,A5,채무보증_매입확약,0,국내증권사,B,SF205,각주항목(09.06월 이후)
11357,202303,0013003,다이와증권캐피탈마켓코리아 주식회사,A6,채무보증_기타, ,국내증권사,B,SF205,각주항목(09.06월 이후)
11358,202303,0013003,다이와증권캐피탈마켓코리아 주식회사,B,투자자의 예수증권 등,1002307886160,국내증권사,B,SF205,각주항목(09.06월 이후)
11359,202303,0013003,다이와증권캐피탈마켓코리아 주식회사,B1,투자자의 예수증권 등_예수 증권,1002307886160,국내증권사,B,SF205,각주항목(09.06월 이후)
11360,202303,0013003,다이와증권캐피탈마켓코리아 주식회사,B2,투자자의 예수증권 등_예수양도성예금증서, ,국내증권사,B,SF205,각주항목(09.06월 이후)
11361,202303,0013003,다이와증권캐피탈마켓코리아 주식회사,B3,투자자의 예수증권 등_기타, ,국내증권사,B,SF205,각주항목(09.06월 이후)
11362,202303,0013003,다이와증권캐피탈마켓코리아 주식회사,C,파생상품계약,51634800000,국내증권사,B,SF205,각주항목(09.06월 이후)
11363,202303,0013003,다이와증권캐피탈마켓코리아 주식회사,C1,파생상품계약_장내파생상품,51634800000,국내증권사,B,SF205,각주항목(09.06월 이후)
11364,202303,0013003,다이와증권캐피탈마켓코리아 주식회사,C11,파생상품계약_장내파생상품_이자율관련거래,51634800000,국내증권사,B,SF205,각주항목(09.06월 이후)
11365,202303,0013003,다이와증권캐피탈마켓코리아 주식회사,C12,파생상품계약_장내파생상품_통화관련거래,0,국내증권사,B,SF205,각주항목(09.06월 이후)
11366,202303,0013003,다이와증권캐피탈마켓코리아 주식회사,C13,파생상품계약_장내파생상품_주식관련거래,0,국내증권사,B,SF205,각주항목(09.06월 이후)
11367,202303,0013003,다이와증권캐피탈마켓코리아 주식회사,C14,파생상품계약_장내파생상품_일반상품관련거래,0,국내증권사,B,SF205,각주항목(09.06월 이후)
11368,202303,0013003,다이와증권캐피탈마켓코리아 주식회사,C15,파생상품계약_장내파생상품_기타,0,국내증권사,B,SF205,각주항목(09.06월 이후)
11369,202303,0013003,다이와증권캐피탈마켓코리아 주식회사,C2,파생상품계약_장외파생상품,0,국내증권사,B,SF205,각주항목(09.06월 이후)
11370,202303,0013003,다이와증권캐피탈마켓코리아 주식회사,C21,파생상품계약_장외파생상품_이자율관련거래,0,국내증권사,B,SF205,각주항목(09.06월 이후)
11371,202303,0013003,다이와증권캐피탈마켓코리아 주식회사,C22,파생상품계약_장외파생상품_통화관련거래,0,국내증권사,B,SF205,각주항목(09.06월 이후)
11372,202303,0013003,다이와증권캐피탈마켓코리아 주식회사,C23,파생상품계약_장외파생상품_주식관련거래,0,국내증권사,B,SF205,각주항목(09.06월 이후)
11373,202303,0013003,다이와증권캐피탈마켓코리아 주식회사,C24,파생상품계약_장외파생상품_신용관련거래,0,국내증권사,B,SF205,각주항목(09.06월 이후)
11374,202303,0013003,다이와증권캐피탈마켓코리아 주식회사,C25,파생상품계약_장외파생상품_기타,0,국내증권사,B,SF205,각주항목(09.06월 이후)
11375,202303,0013003,다이와증권캐피탈마켓코리아 주식회사,D,대차 및 대주거래,0,국내증권사,B,SF205,각주항목(09.06월 이후)
11376,202303,0013003,다이와증권캐피탈마켓코리아 주식회사,D1,대차 및 대주거래_대여증권,0,국내증권사,B,SF205,각주항목(09.06월 이후)
11377,202303,0013003,다이와증권캐피탈마켓코리아 주식회사,D2,대차 및 대주거래_차입증권,0,국내증권사,B,SF205,각주항목(09.06월 이후)
11378,202303,0013003,다이와증권캐피탈마켓코리아 주식회사,D3,대차 및 대주거래_신용거래대주, ,국내증권사,B,SF205,각주항목(09.06월 이후)
11379,202303,0013003,다이와증권캐피탈마켓코리아 주식회사,E,대손상각채권, ,국내증권사,B,SF205,각주항목(09.06월 이후)
11380,202303,0013003,다이와증권캐피탈마켓코리아 주식회사,F,환전업무 예치금,0,국내증권사,B,SF205,각주항목(09.06월 이후)
11381,202303,0013003,다이와증권캐피탈마켓코리아 주식회사,G,미배당별도예치금, ,국내증권사,B,SF205,각주항목(09.06월 이후)
11382,202303,0013003,다이와증권캐피탈마켓코리아 주식회사,H,배서어음매출(종금계정),0,국내증권사,B,SF205,각주항목(09.06월 이후)
11383,202303,0013003,다이와증권캐피탈마켓코리아 주식회사,H1,대출채권매매이익_담보부, ,국내증권사,B,SF205,각주항목(09.06월 이후)
11384,202303,0013003,다이와증권캐피탈마켓코리아 주식회사,H2,대출채권매매이익_무담보부, ,국내증권사,B,SF205,각주항목(09.06월 이후)
11385,202306,0013003,다이와증권캐피탈마켓코리아 주식회사,A,채무보증,0,국내증권사,B,SF205,각주항목(09.06월 이후)
11386,202306,0013003,다이와증권캐피탈마켓코리아 주식회사,A1,채무보증_지급보증,0,국내증권사,B,SF205,각주항목(09.06월 이후)
11387,202306,0013003,다이와증권캐피탈마켓코리아 주식회사,A2,채무보증_매입보장약정, ,국내증권사,B,SF205,각주항목(09.06월 이후)
11388,202306,0013003,다이와증권캐피탈마켓코리아 주식회사,A3,채무보증_채무인수약정, ,국내증권사,B,SF205,각주항목(09.06월 이후)
11389,202306,0013003,다이와증권캐피탈마켓코리아 주식회사,A5,채무보증_매입확약,0,국내증권사,B,SF205,각주항목(09.06월 이후)
11390,202306,0013003,다이와증권캐피탈마켓코리아 주식회사,A6,채무보증_기타, ,국내증권사,B,SF205,각주항목(09.06월 이후)
11391,202306,0013003,다이와증권캐피탈마켓코리아 주식회사,B,투자자의 예수증권 등,1001739939945,국내증권사,B,SF205,각주항목(09.06월 이후)
11392,202306,0013003,다이와증권캐피탈마켓코리아 주식회사,B1,투자자의 예수증권 등_예수 증권,1001739939945,국내증권사,B,SF205,각주항목(09.06월 이후)
11393,202306,0013003,다이와증권캐피탈마켓코리아 주식회사,B2,투자자의 예수증권 등_예수양도성예금증서, ,국내증권사,B,SF205,각주항목(09.06월 이후)
11394,202306,0013003,다이와증권캐피탈마켓코리아 주식회사,B3,투자자의 예수증권 등_기타, ,국내증권사,B,SF205,각주항목(09.06월 이후)
11395,202306,0013003,다이와증권캐피탈마켓코리아 주식회사,C,파생상품계약,57382600000,국내증권사,B,SF205,각주항목(09.06월 이후)
11396,202306,0013003,다이와증권캐피탈마켓코리아 주식회사,C1,파생상품계약_장내파생상품,57382600000,국내증권사,B,SF205,각주항목(09.06월 이후)
11397,202306,0013003,다이와증권캐피탈마켓코리아 주식회사,C11,파생상품계약_장내파생상품_이자율관련거래,57382600000,국내증권사,B,SF205,각주항목(09.06월 이후)
11398,202306,0013003,다이와증권캐피탈마켓코리아 주식회사,C12,파생상품계약_장내파생상품_통화관련거래,0,국내증권사,B,SF205,각주항목(09.06월 이후)
11399,202306,0013003,다이와증권캐피탈마켓코리아 주식회사,C13,파생상품계약_장내파생상품_주식관련거래,0,국내증권사,B,SF205,각주항목(09.06월 이후)
11400,202306,0013003,다이와증권캐피탈마켓코리아 주식회사,C14,파생상품계약_장내파생상품_일반상품관련거래,0,국내증권사,B,SF205,각주항목(09.06월 이후)
11401,202306,0013003,다이와증권캐피탈마켓코리아 주식회사,C15,파생상품계약_장내파생상품_기타,0,국내증권사,B,SF205,각주항목(09.06월 이후)
11402,202306,0013003,다이와증권캐피탈마켓코리아 주식회사,C2,파생상품계약_장외파생상품,0,국내증권사,B,SF205,각주항목(09.06월 이후)
11403,202306,0013003,다이와증권캐피탈마켓코리아 주식회사,C21,파생상품계약_장외파생상품_이자율관련거래,0,국내증권사,B,SF205,각주항목(09.06월 이후)
11404,202306,0013003,다이와증권캐피탈마켓코리아 주식회사,C22,파생상품계약_장외파생상품_통화관련거래,0,국내증권사,B,SF205,각주항목(09.06월 이후)
11405,202306,0013003,다이와증권캐피탈마켓코리아 주식회사,C23,파생상품계약_장외파생상품_주식관련거래,0,국내증권사,B,SF205,각주항목(09.06월 이후)
11406,202306,0013003,다이와증권캐피탈마켓코리아 주식회사,C24,파생상품계약_장외파생상품_신용관련거래,0,국내증권사,B,SF205,각주항목(09.06월 이후)
11407,202306,0013003,다이와증권캐피탈마켓코리아 주식회사,C25,파생상품계약_장외파생상품_기타,0,국내증권사,B,SF205,각주항목(09.06월 이후)
11408,202306,0013003,다이와증권캐피탈마켓코리아 주식회사,D,대차 및 대주거래,0,국내증권사,B,SF205,각주항목(09.06월 이후)
11409,202306,0013003,다이와증권캐피탈마켓코리아 주식회사,D1,대차 및 대주거래_대여증권,0,국내증권사,B,SF205,각주항목(09.06월 이후)
11410,202306,0013003,다이와증권캐피탈마켓코리아 주식회사,D2,대차 및 대주거래_차입증권,0,국내증권사,B,SF205,각주항목(09.06월 이후)
11411,202306,0013003,다이와증권캐피탈마켓코리아 주식회사,D3,대차 및 대주거래_신용거래대주, ,국내증권사,B,SF205,각주항목(09.06월 이후)
11412,202306,0013003,다이와증권캐피탈마켓코리아 주식회사,E,대손상각채권, ,국내증권사,B,SF205,각주항목(09.06월 이후)
11413,202306,0013003,다이와증권캐피탈마켓코리아 주식회사,F,환전업무 예치금,0,국내증권사,B,SF205,각주항목(09.06월 이후)
11414,202306,0013003,다이와증권캐피탈마켓코리아 주식회사,G,미배당별도예치금, ,국내증권사,B,SF205,각주항목(09.06월 이후)
11415,202306,0013003,다이와증권캐피탈마켓코리아 주식회사,H,배서어음매출(종금계정),0,국내증권사,B,SF205,각주항목(09.06월 이후)
11416,202306,0013003,다이와증권캐피탈마켓코리아 주식회사,H1,대출채권매매이익_담보부, ,국내증권사,B,SF205,각주항목(09.06월 이후)
11417,202306,0013003,다이와증권캐피탈마켓코리아 주식회사,H2,대출채권매매이익_무담보부, ,국내증권사,B,SF205,각주항목(09.06월 이후)
11418,202309,0013003,다이와증권캐피탈마켓코리아 주식회사,A,채무보증,0,국내증권사,B,SF205,각주항목(09.06월 이후)
11419,202309,0013003,다이와증권캐피탈마켓코리아 주식회사,A1,채무보증_지급보증,0,국내증권사,B,SF205,각주항목(09.06월 이후)
11420,202309,0013003,다이와증권캐피탈마켓코리아 주식회사,A2,채무보증_매입보장약정, ,국내증권사,B,SF205,각주항목(09.06월 이후)
11421,202309,0013003,다이와증권캐피탈마켓코리아 주식회사,A3,채무보증_채무인수약정, ,국내증권사,B,SF205,각주항목(09.06월 이후)
11422,202309,0013003,다이와증권캐피탈마켓코리아 주식회사,A5,채무보증_매입확약,0,국내증권사,B,SF205,각주항목(09.06월 이후)
11423,202309,0013003,다이와증권캐피탈마켓코리아 주식회사,A6,채무보증_기타, ,국내증권사,B,SF205,각주항목(09.06월 이후)
11424,202309,0013003,다이와증권캐피탈마켓코리아 주식회사,B,투자자의 예수증권 등,817394644980,국내증권사,B,SF205,각주항목(09.06월 이후)
11425,202309,0013003,다이와증권캐피탈마켓코리아 주식회사,B1,투자자의 예수증권 등_예수 증권,817394644980,국내증권사,B,SF205,각주항목(09.06월 이후)
11426,202309,0013003,다이와증권캐피탈마켓코리아 주식회사,B2,투자자의 예수증권 등_예수양도성예금증서, ,국내증권사,B,SF205,각주항목(09.06월 이후)
11427,202309,0013003,다이와증권캐피탈마켓코리아 주식회사,B3,투자자의 예수증권 등_기타, ,국내증권사,B,SF205,각주항목(09.06월 이후)
11428,202309,0013003,다이와증권캐피탈마켓코리아 주식회사,C,파생상품계약,19347130000,국내증권사,B,SF205,각주항목(09.06월 이후)
11429,202309,0013003,다이와증권캐피탈마켓코리아 주식회사,C1,파생상품계약_장내파생상품,19347130000,국내증권사,B,SF205,각주항목(09.06월 이후)
11430,202309,0013003,다이와증권캐피탈마켓코리아 주식회사,C11,파생상품계약_장내파생상품_이자율관련거래,19347130000,국내증권사,B,SF205,각주항목(09.06월 이후)
11431,202309,0013003,다이와증권캐피탈마켓코리아 주식회사,C12,파생상품계약_장내파생상품_통화관련거래,0,국내증권사,B,SF205,각주항목(09.06월 이후)
11432,202309,0013003,다이와증권캐피탈마켓코리아 주식회사,C13,파생상품계약_장내파생상품_주식관련거래,0,국내증권사,B,SF205,각주항목(09.06월 이후)
11433,202309,0013003,다이와증권캐피탈마켓코리아 주식회사,C14,파생상품계약_장내파생상품_일반상품관련거래,0,국내증권사,B,SF205,각주항목(09.06월 이후)
11434,202309,0013003,다이와증권캐피탈마켓코리아 주식회사,C15,파생상품계약_장내파생상품_기타,0,국내증권사,B,SF205,각주항목(09.06월 이후)
11435,202309,0013003,다이와증권캐피탈마켓코리아 주식회사,C2,파생상품계약_장외파생상품,0,국내증권사,B,SF205,각주항목(09.06월 이후)
11436,202309,0013003,다이와증권캐피탈마켓코리아 주식회사,C21,파생상품계약_장외파생상품_이자율관련거래,0,국내증권사,B,SF205,각주항목(09.06월 이후)
11437,202309,0013003,다이와증권캐피탈마켓코리아 주식회사,C22,파생상품계약_장외파생상품_통화관련거래,0,국내증권사,B,SF205,각주항목(09.06월 이후)
11438,202309,0013003,다이와증권캐피탈마켓코리아 주식회사,C23,파생상품계약_장외파생상품_주식관련거래,0,국내증권사,B,SF205,각주항목(09.06월 이후)
11439,202309,0013003,다이와증권캐피탈마켓코리아 주식회사,C24,파생상품계약_장외파생상품_신용관련거래,0,국내증권사,B,SF205,각주항목(09.06월 이후)
11440,202309,0013003,다이와증권캐피탈마켓코리아 주식회사,C25,파생상품계약_장외파생상품_기타,0,국내증권사,B,SF205,각주항목(09.06월 이후)
11441,202309,0013003,다이와증권캐피탈마켓코리아 주식회사,D,대차 및 대주거래,0,국내증권사,B,SF205,각주항목(09.06월 이후)
11442,202309,0013003,다이와증권캐피탈마켓코리아 주식회사,D1,대차 및 대주거래_대여증권,0,국내증권사,B,SF205,각주항목(09.06월 이후)
11443,202309,0013003,다이와증권캐피탈마켓코리아 주식회사,D2,대차 및 대주거래_차입증권,0,국내증권사,B,SF205,각주항목(09.06월 이후)
11444,202309,0013003,다이와증권캐피탈마켓코리아 주식회사,D3,대차 및 대주거래_신용거래대주, ,국내증권사,B,SF205,각주항목(09.06월 이후)
11445,202309,0013003,다이와증권캐피탈마켓코리아 주식회사,E,대손상각채권, ,국내증권사,B,SF205,각주항목(09.06월 이후)
11446,202309,0013003,다이와증권캐피탈마켓코리아 주식회사,F,환전업무 예치금,0,국내증권사,B,SF205,각주항목(09.06월 이후)
11447,202309,0013003,다이와증권캐피탈마켓코리아 주식회사,G,미배당별도예치금, ,국내증권사,B,SF205,각주항목(09.06월 이후)
11448,202309,0013003,다이와증권캐피탈마켓코리아 주식회사,H,배서어음매출(종금계정),0,국내증권사,B,SF205,각주항목(09.06월 이후)
11449,202309,0013003,다이와증권캐피탈마켓코리아 주식회사,H1,대출채권매매이익_담보부, ,국내증권사,B,SF205,각주항목(09.06월 이후)
11450,202309,0013003,다이와증권캐피탈마켓코리아 주식회사,H2,대출채권매매이익_무담보부, ,국내증권사,B,SF205,각주항목(09.06월 이후)
11451,202312,0013003,다이와증권캐피탈마켓코리아 주식회사,A,채무보증,0,국내증권사,B,SF205,각주항목(09.06월 이후)
11452,202312,0013003,다이와증권캐피탈마켓코리아 주식회사,A1,채무보증_지급보증,0,국내증권사,B,SF205,각주항목(09.06월 이후)
11453,202312,0013003,다이와증권캐피탈마켓코리아 주식회사,A2,채무보증_매입보장약정, ,국내증권사,B,SF205,각주항목(09.06월 이후)
11454,202312,0013003,다이와증권캐피탈마켓코리아 주식회사,A3,채무보증_채무인수약정, ,국내증권사,B,SF205,각주항목(09.06월 이후)
11455,202312,0013003,다이와증권캐피탈마켓코리아 주식회사,A5,채무보증_매입확약,0,국내증권사,B,SF205,각주항목(09.06월 이후)
11456,202312,0013003,다이와증권캐피탈마켓코리아 주식회사,A6,채무보증_기타, ,국내증권사,B,SF205,각주항목(09.06월 이후)
11457,202312,0013003,다이와증권캐피탈마켓코리아 주식회사,B,투자자의 예수증권 등,811596452695,국내증권사,B,SF205,각주항목(09.06월 이후)
11458,202312,0013003,다이와증권캐피탈마켓코리아 주식회사,B1,투자자의 예수증권 등_예수 증권,811596452695,국내증권사,B,SF205,각주항목(09.06월 이후)
11459,202312,0013003,다이와증권캐피탈마켓코리아 주식회사,B2,투자자의 예수증권 등_예수양도성예금증서, ,국내증권사,B,SF205,각주항목(09.06월 이후)
11460,202312,0013003,다이와증권캐피탈마켓코리아 주식회사,B3,투자자의 예수증권 등_기타, ,국내증권사,B,SF205,각주항목(09.06월 이후)
11461,202312,0013003,다이와증권캐피탈마켓코리아 주식회사,C,파생상품계약,80010450000,국내증권사,B,SF205,각주항목(09.06월 이후)
11462,202312,0013003,다이와증권캐피탈마켓코리아 주식회사,C1,파생상품계약_장내파생상품,80010450000,국내증권사,B,SF205,각주항목(09.06월 이후)
11463,202312,0013003,다이와증권캐피탈마켓코리아 주식회사,C11,파생상품계약_장내파생상품_이자율관련거래,80010450000,국내증권사,B,SF205,각주항목(09.06월 이후)
11464,202312,0013003,다이와증권캐피탈마켓코리아 주식회사,C12,파생상품계약_장내파생상품_통화관련거래,0,국내증권사,B,SF205,각주항목(09.06월 이후)
11465,202312,0013003,다이와증권캐피탈마켓코리아 주식회사,C13,파생상품계약_장내파생상품_주식관련거래,0,국내증권사,B,SF205,각주항목(09.06월 이후)
11466,202312,0013003,다이와증권캐피탈마켓코리아 주식회사,C14,파생상품계약_장내파생상품_일반상품관련거래,0,국내증권사,B,SF205,각주항목(09.06월 이후)
11467,202312,0013003,다이와증권캐피탈마켓코리아 주식회사,C15,파생상품계약_장내파생상품_기타,0,국내증권사,B,SF205,각주항목(09.06월 이후)
11468,202312,0013003,다이와증권캐피탈마켓코리아 주식회사,C2,파생상품계약_장외파생상품,0,국내증권사,B,SF205,각주항목(09.06월 이후)
11469,202312,0013003,다이와증권캐피탈마켓코리아 주식회사,C21,파생상품계약_장외파생상품_이자율관련거래,0,국내증권사,B,SF205,각주항목(09.06월 이후)
11470,202312,0013003,다이와증권캐피탈마켓코리아 주식회사,C22,파생상품계약_장외파생상품_통화관련거래,0,국내증권사,B,SF205,각주항목(09.06월 이후)
11471,202312,0013003,다이와증권캐피탈마켓코리아 주식회사,C23,파생상품계약_장외파생상품_주식관련거래,0,국내증권사,B,SF205,각주항목(09.06월 이후)
11472,202312,0013003,다이와증권캐피탈마켓코리아 주식회사,C24,파생상품계약_장외파생상품_신용관련거래,0,국내증권사,B,SF205,각주항목(09.06월 이후)
11473,202312,0013003,다이와증권캐피탈마켓코리아 주식회사,C25,파생상품계약_장외파생상품_기타,0,국내증권사,B,SF205,각주항목(09.06월 이후)
11474,202312,0013003,다이와증권캐피탈마켓코리아 주식회사,D,대차 및 대주거래,0,국내증권사,B,SF205,각주항목(09.06월 이후)
11475,202312,0013003,다이와증권캐피탈마켓코리아 주식회사,D1,대차 및 대주거래_대여증권,0,국내증권사,B,SF205,각주항목(09.06월 이후)
11476,202312,0013003,다이와증권캐피탈마켓코리아 주식회사,D2,대차 및 대주거래_차입증권,0,국내증권사,B,SF205,각주항목(09.06월 이후)
11477,202312,0013003,다이와증권캐피탈마켓코리아 주식회사,D3,대차 및 대주거래_신용거래대주, ,국내증권사,B,SF205,각주항목(09.06월 이후)
11478,202312,0013003,다이와증권캐피탈마켓코리아 주식회사,E,대손상각채권, ,국내증권사,B,SF205,각주항목(09.06월 이후)
11479,202312,0013003,다이와증권캐피탈마켓코리아 주식회사,F,환전업무 예치금,0,국내증권사,B,SF205,각주항목(09.06월 이후)
11480,202312,0013003,다이와증권캐피탈마켓코리아 주식회사,G,미배당별도예치금, ,국내증권사,B,SF205,각주항목(09.06월 이후)
11481,202312,0013003,다이와증권캐피탈마켓코리아 주식회사,H,배서어음매출(종금계정),0,국내증권사,B,SF205,각주항목(09.06월 이후)
11482,202312,0013003,다이와증권캐피탈마켓코리아 주식회사,H1,대출채권매매이익_담보부, ,국내증권사,B,SF205,각주항목(09.06월 이후)
11483,202312,0013003,다이와증권캐피탈마켓코리아 주식회사,H2,대출채권매매이익_무담보부, ,국내증권사,B,SF205,각주항목(09.06월 이후)
11484,202403,0013003,다이와증권캐피탈마켓코리아 주식회사,A,채무보증,0,국내증권사,B,SF205,각주항목(09.06월 이후)
11485,202403,0013003,다이와증권캐피탈마켓코리아 주식회사,A1,채무보증_지급보증,0,국내증권사,B,SF205,각주항목(09.06월 이후)
11486,202403,0013003,다이와증권캐피탈마켓코리아 주식회사,A2,채무보증_매입보장약정, ,국내증권사,B,SF205,각주항목(09.06월 이후)
11487,202403,0013003,다이와증권캐피탈마켓코리아 주식회사,A3,채무보증_채무인수약정, ,국내증권사,B,SF205,각주항목(09.06월 이후)
11488,202403,0013003,다이와증권캐피탈마켓코리아 주식회사,A5,채무보증_매입확약,0,국내증권사,B,SF205,각주항목(09.06월 이후)
11489,202403,0013003,다이와증권캐피탈마켓코리아 주식회사,A6,채무보증_기타, ,국내증권사,B,SF205,각주항목(09.06월 이후)
11490,202403,0013003,다이와증권캐피탈마켓코리아 주식회사,B,투자자의 예수증권 등,852352872500,국내증권사,B,SF205,각주항목(09.06월 이후)
11491,202403,0013003,다이와증권캐피탈마켓코리아 주식회사,B1,투자자의 예수증권 등_예수 증권,852352872500,국내증권사,B,SF205,각주항목(09.06월 이후)
11492,202403,0013003,다이와증권캐피탈마켓코리아 주식회사,B2,투자자의 예수증권 등_예수양도성예금증서, ,국내증권사,B,SF205,각주항목(09.06월 이후)
11493,202403,0013003,다이와증권캐피탈마켓코리아 주식회사,B3,투자자의 예수증권 등_기타, ,국내증권사,B,SF205,각주항목(09.06월 이후)
11494,202403,0013003,다이와증권캐피탈마켓코리아 주식회사,C,파생상품계약,24735510000,국내증권사,B,SF205,각주항목(09.06월 이후)
11495,202403,0013003,다이와증권캐피탈마켓코리아 주식회사,C1,파생상품계약_장내파생상품,24735510000,국내증권사,B,SF205,각주항목(09.06월 이후)
11496,202403,0013003,다이와증권캐피탈마켓코리아 주식회사,C11,파생상품계약_장내파생상품_이자율관련거래,24735510000,국내증권사,B,SF205,각주항목(09.06월 이후)
11497,202403,0013003,다이와증권캐피탈마켓코리아 주식회사,C12,파생상품계약_장내파생상품_통화관련거래,0,국내증권사,B,SF205,각주항목(09.06월 이후)
11498,202403,0013003,다이와증권캐피탈마켓코리아 주식회사,C13,파생상품계약_장내파생상품_주식관련거래,0,국내증권사,B,SF205,각주항목(09.06월 이후)
11499,202403,0013003,다이와증권캐피탈마켓코리아 주식회사,C14,파생상품계약_장내파생상품_일반상품관련거래,0,국내증권사,B,SF205,각주항목(09.06월 이후)
11500,202403,0013003,다이와증권캐피탈마켓코리아 주식회사,C15,파생상품계약_장내파생상품_기타,0,국내증권사,B,SF205,각주항목(09.06월 이후)
11501,202403,0013003,다이와증권캐피탈마켓코리아 주식회사,C2,파생상품계약_장외파생상품,0,국내증권사,B,SF205,각주항목(09.06월 이후)
11502,202403,0013003,다이와증권캐피탈마켓코리아 주식회사,C21,파생상품계약_장외파생상품_이자율관련거래,0,국내증권사,B,SF205,각주항목(09.06월 이후)
11503,202403,0013003,다이와증권캐피탈마켓코리아 주식회사,C22,파생상품계약_장외파생상품_통화관련거래,0,국내증권사,B,SF205,각주항목(09.06월 이후)
11504,202403,0013003,다이와증권캐피탈마켓코리아 주식회사,C23,파생상품계약_장외파생상품_주식관련거래,0,국내증권사,B,SF205,각주항목(09.06월 이후)
11505,202403,0013003,다이와증권캐피탈마켓코리아 주식회사,C24,파생상품계약_장외파생상품_신용관련거래,0,국내증권사,B,SF205,각주항목(09.06월 이후)
11506,202403,0013003,다이와증권캐피탈마켓코리아 주식회사,C25,파생상품계약_장외파생상품_기타,0,국내증권사,B,SF205,각주항목(09.06월 이후)
11507,202403,0013003,다이와증권캐피탈마켓코리아 주식회사,D,대차 및 대주거래,0,국내증권사,B,SF205,각주항목(09.06월 이후)
11508,202403,0013003,다이와증권캐피탈마켓코리아 주식회사,D1,대차 및 대주거래_대여증권,0,국내증권사,B,SF205,각주항목(09.06월 이후)
11509,202403,0013003,다이와증권캐피탈마켓코리아 주식회사,D2,대차 및 대주거래_차입증권,0,국내증권사,B,SF205,각주항목(09.06월 이후)
11510,202403,0013003,다이와증권캐피탈마켓코리아 주식회사,D3,대차 및 대주거래_신용거래대주, ,국내증권사,B,SF205,각주항목(09.06월 이후)
11511,202403,0013003,다이와증권캐피탈마켓코리아 주식회사,E,대손상각채권, ,국내증권사,B,SF205,각주항목(09.06월 이후)
11512,202403,0013003,다이와증권캐피탈마켓코리아 주식회사,F,환전업무 예치금,0,국내증권사,B,SF205,각주항목(09.06월 이후)
11513,202403,0013003,다이와증권캐피탈마켓코리아 주식회사,G,미배당별도예치금, ,국내증권사,B,SF205,각주항목(09.06월 이후)
11514,202403,0013003,다이와증권캐피탈마켓코리아 주식회사,H,배서어음매출(종금계정),0,국내증권사,B,SF205,각주항목(09.06월 이후)
11515,202403,0013003,다이와증권캐피탈마켓코리아 주식회사,H1,대출채권매매이익_담보부, ,국내증권사,B,SF205,각주항목(09.06월 이후)
11516,202403,0013003,다이와증권캐피탈마켓코리아 주식회사,H2,대출채권매매이익_무담보부, ,국내증권사,B,SF205,각주항목(09.06월 이후)
11517,202406,0013003,다이와증권캐피탈마켓코리아 주식회사,A,채무보증,0,국내증권사,B,SF205,각주항목(09.06월 이후)
11518,202406,0013003,다이와증권캐피탈마켓코리아 주식회사,A1,채무보증_지급보증,0,국내증권사,B,SF205,각주항목(09.06월 이후)
11519,202406,0013003,다이와증권캐피탈마켓코리아 주식회사,A2,채무보증_매입보장약정, ,국내증권사,B,SF205,각주항목(09.06월 이후)
11520,202406,0013003,다이와증권캐피탈마켓코리아 주식회사,A3,채무보증_채무인수약정, ,국내증권사,B,SF205,각주항목(09.06월 이후)
11521,202406,0013003,다이와증권캐피탈마켓코리아 주식회사,A5,채무보증_매입확약,0,국내증권사,B,SF205,각주항목(09.06월 이후)
11522,202406,0013003,다이와증권캐피탈마켓코리아 주식회사,A6,채무보증_기타, ,국내증권사,B,SF205,각주항목(09.06월 이후)
11523,202406,0013003,다이와증권캐피탈마켓코리아 주식회사,B,투자자의 예수증권 등,892095770980,국내증권사,B,SF205,각주항목(09.06월 이후)
11524,202406,0013003,다이와증권캐피탈마켓코리아 주식회사,B1,투자자의 예수증권 등_예수 증권,892095770980,국내증권사,B,SF205,각주항목(09.06월 이후)
11525,202406,0013003,다이와증권캐피탈마켓코리아 주식회사,B2,투자자의 예수증권 등_예수양도성예금증서, ,국내증권사,B,SF205,각주항목(09.06월 이후)
11526,202406,0013003,다이와증권캐피탈마켓코리아 주식회사,B3,투자자의 예수증권 등_기타, ,국내증권사,B,SF205,각주항목(09.06월 이후)
11527,202406,0013003,다이와증권캐피탈마켓코리아 주식회사,C,파생상품계약,31671750000,국내증권사,B,SF205,각주항목(09.06월 이후)
11528,202406,0013003,다이와증권캐피탈마켓코리아 주식회사,C1,파생상품계약_장내파생상품,31671750000,국내증권사,B,SF205,각주항목(09.06월 이후)
11529,202406,0013003,다이와증권캐피탈마켓코리아 주식회사,C11,파생상품계약_장내파생상품_이자율관련거래,31671750000,국내증권사,B,SF205,각주항목(09.06월 이후)
11530,202406,0013003,다이와증권캐피탈마켓코리아 주식회사,C12,파생상품계약_장내파생상품_통화관련거래,0,국내증권사,B,SF205,각주항목(09.06월 이후)
11531,202406,0013003,다이와증권캐피탈마켓코리아 주식회사,C13,파생상품계약_장내파생상품_주식관련거래,0,국내증권사,B,SF205,각주항목(09.06월 이후)
11532,202406,0013003,다이와증권캐피탈마켓코리아 주식회사,C14,파생상품계약_장내파생상품_일반상품관련거래,0,국내증권사,B,SF205,각주항목(09.06월 이후)
11533,202406,0013003,다이와증권캐피탈마켓코리아 주식회사,C15,파생상품계약_장내파생상품_기타,0,국내증권사,B,SF205,각주항목(09.06월 이후)
11534,202406,0013003,다이와증권캐피탈마켓코리아 주식회사,C2,파생상품계약_장외파생상품,0,국내증권사,B,SF205,각주항목(09.06월 이후)
11535,202406,0013003,다이와증권캐피탈마켓코리아 주식회사,C21,파생상품계약_장외파생상품_이자율관련거래,0,국내증권사,B,SF205,각주항목(09.06월 이후)
11536,202406,0013003,다이와증권캐피탈마켓코리아 주식회사,C22,파생상품계약_장외파생상품_통화관련거래,0,국내증권사,B,SF205,각주항목(09.06월 이후)
11537,202406,0013003,다이와증권캐피탈마켓코리아 주식회사,C23,파생상품계약_장외파생상품_주식관련거래,0,국내증권사,B,SF205,각주항목(09.06월 이후)
11538,202406,0013003,다이와증권캐피탈마켓코리아 주식회사,C24,파생상품계약_장외파생상품_신용관련거래,0,국내증권사,B,SF205,각주항목(09.06월 이후)
11539,202406,0013003,다이와증권캐피탈마켓코리아 주식회사,C25,파생상품계약_장외파생상품_기타,0,국내증권사,B,SF205,각주항목(09.06월 이후)
11540,202406,0013003,다이와증권캐피탈마켓코리아 주식회사,D,대차 및 대주거래,0,국내증권사,B,SF205,각주항목(09.06월 이후)
11541,202406,0013003,다이와증권캐피탈마켓코리아 주식회사,D1,대차 및 대주거래_대여증권,0,국내증권사,B,SF205,각주항목(09.06월 이후)
11542,202406,0013003,다이와증권캐피탈마켓코리아 주식회사,D2,대차 및 대주거래_차입증권,0,국내증권사,B,SF205,각주항목(09.06월 이후)
11543,202406,0013003,다이와증권캐피탈마켓코리아 주식회사,D3,대차 및 대주거래_신용거래대주, ,국내증권사,B,SF205,각주항목(09.06월 이후)
11544,202406,0013003,다이와증권캐피탈마켓코리아 주식회사,E,대손상각채권, ,국내증권사,B,SF205,각주항목(09.06월 이후)
11545,202406,0013003,다이와증권캐피탈마켓코리아 주식회사,F,환전업무 예치금,0,국내증권사,B,SF205,각주항목(09.06월 이후)
11546,202406,0013003,다이와증권캐피탈마켓코리아 주식회사,G,미배당별도예치금, ,국내증권사,B,SF205,각주항목(09.06월 이후)
11547,202406,0013003,다이와증권캐피탈마켓코리아 주식회사,H,배서어음매출(종금계정),0,국내증권사,B,SF205,각주항목(09.06월 이후)
11548,202406,0013003,다이와증권캐피탈마켓코리아 주식회사,H1,대출채권매매이익_담보부, ,국내증권사,B,SF205,각주항목(09.06월 이후)
11549,202406,0013003,다이와증권캐피탈마켓코리아 주식회사,H2,대출채권매매이익_무담보부, ,국내증권사,B,SF205,각주항목(09.06월 이후)
11550,202409,0013003,다이와증권캐피탈마켓코리아 주식회사,A,채무보증,0,국내증권사,B,SF205,각주항목(09.06월 이후)
11551,202409,0013003,다이와증권캐피탈마켓코리아 주식회사,A1,채무보증_지급보증,0,국내증권사,B,SF205,각주항목(09.06월 이후)
11552,202409,0013003,다이와증권캐피탈마켓코리아 주식회사,A2,채무보증_매입보장약정, ,국내증권사,B,SF205,각주항목(09.06월 이후)
11553,202409,0013003,다이와증권캐피탈마켓코리아 주식회사,A3,채무보증_채무인수약정, ,국내증권사,B,SF205,각주항목(09.06월 이후)
11554,202409,0013003,다이와증권캐피탈마켓코리아 주식회사,A5,채무보증_매입확약,0,국내증권사,B,SF205,각주항목(09.06월 이후)
11555,202409,0013003,다이와증권캐피탈마켓코리아 주식회사,A6,채무보증_기타, ,국내증권사,B,SF205,각주항목(09.06월 이후)
11556,202409,0013003,다이와증권캐피탈마켓코리아 주식회사,B,투자자의 예수증권 등,775951560920,국내증권사,B,SF205,각주항목(09.06월 이후)
11557,202409,0013003,다이와증권캐피탈마켓코리아 주식회사,B1,투자자의 예수증권 등_예수 증권,775951560920,국내증권사,B,SF205,각주항목(09.06월 이후)
11558,202409,0013003,다이와증권캐피탈마켓코리아 주식회사,B2,투자자의 예수증권 등_예수양도성예금증서, ,국내증권사,B,SF205,각주항목(09.06월 이후)
11559,202409,0013003,다이와증권캐피탈마켓코리아 주식회사,B3,투자자의 예수증권 등_기타, ,국내증권사,B,SF205,각주항목(09.06월 이후)
11560,202409,0013003,다이와증권캐피탈마켓코리아 주식회사,C,파생상품계약,134824800000,국내증권사,B,SF205,각주항목(09.06월 이후)
11561,202409,0013003,다이와증권캐피탈마켓코리아 주식회사,C1,파생상품계약_장내파생상품,134824800000,국내증권사,B,SF205,각주항목(09.06월 이후)
11562,202409,0013003,다이와증권캐피탈마켓코리아 주식회사,C11,파생상품계약_장내파생상품_이자율관련거래,134824800000,국내증권사,B,SF205,각주항목(09.06월 이후)
11563,202409,0013003,다이와증권캐피탈마켓코리아 주식회사,C12,파생상품계약_장내파생상품_통화관련거래,0,국내증권사,B,SF205,각주항목(09.06월 이후)
11564,202409,0013003,다이와증권캐피탈마켓코리아 주식회사,C13,파생상품계약_장내파생상품_주식관련거래,0,국내증권사,B,SF205,각주항목(09.06월 이후)
11565,202409,0013003,다이와증권캐피탈마켓코리아 주식회사,C14,파생상품계약_장내파생상품_일반상품관련거래,0,국내증권사,B,SF205,각주항목(09.06월 이후)
11566,202409,0013003,다이와증권캐피탈마켓코리아 주식회사,C15,파생상품계약_장내파생상품_기타,0,국내증권사,B,SF205,각주항목(09.06월 이후)
11567,202409,0013003,다이와증권캐피탈마켓코리아 주식회사,C2,파생상품계약_장외파생상품,0,국내증권사,B,SF205,각주항목(09.06월 이후)
11568,202409,0013003,다이와증권캐피탈마켓코리아 주식회사,C21,파생상품계약_장외파생상품_이자율관련거래,0,국내증권사,B,SF205,각주항목(09.06월 이후)
11569,202409,0013003,다이와증권캐피탈마켓코리아 주식회사,C22,파생상품계약_장외파생상품_통화관련거래,0,국내증권사,B,SF205,각주항목(09.06월 이후)
11570,202409,0013003,다이와증권캐피탈마켓코리아 주식회사,C23,파생상품계약_장외파생상품_주식관련거래,0,국내증권사,B,SF205,각주항목(09.06월 이후)
11571,202409,0013003,다이와증권캐피탈마켓코리아 주식회사,C24,파생상품계약_장외파생상품_신용관련거래,0,국내증권사,B,SF205,각주항목(09.06월 이후)
11572,202409,0013003,다이와증권캐피탈마켓코리아 주식회사,C25,파생상품계약_장외파생상품_기타,0,국내증권사,B,SF205,각주항목(09.06월 이후)
11573,202409,0013003,다이와증권캐피탈마켓코리아 주식회사,D,대차 및 대주거래,0,국내증권사,B,SF205,각주항목(09.06월 이후)
11574,202409,0013003,다이와증권캐피탈마켓코리아 주식회사,D1,대차 및 대주거래_대여증권,0,국내증권사,B,SF205,각주항목(09.06월 이후)
11575,202409,0013003,다이와증권캐피탈마켓코리아 주식회사,D2,대차 및 대주거래_차입증권,0,국내증권사,B,SF205,각주항목(09.06월 이후)
11576,202409,0013003,다이와증권캐피탈마켓코리아 주식회사,D3,대차 및 대주거래_신용거래대주, ,국내증권사,B,SF205,각주항목(09.06월 이후)
11577,202409,0013003,다이와증권캐피탈마켓코리아 주식회사,E,대손상각채권, ,국내증권사,B,SF205,각주항목(09.06월 이후)
11578,202409,0013003,다이와증권캐피탈마켓코리아 주식회사,F,환전업무 예치금,0,국내증권사,B,SF205,각주항목(09.06월 이후)
11579,202409,0013003,다이와증권캐피탈마켓코리아 주식회사,G,미배당별도예치금, ,국내증권사,B,SF205,각주항목(09.06월 이후)
11580,202409,0013003,다이와증권캐피탈마켓코리아 주식회사,H,배서어음매출(종금계정),0,국내증권사,B,SF205,각주항목(09.06월 이후)
11581,202409,0013003,다이와증권캐피탈마켓코리아 주식회사,H1,대출채권매매이익_담보부, ,국내증권사,B,SF205,각주항목(09.06월 이후)
11582,202409,0013003,다이와증권캐피탈마켓코리아 주식회사,H2,대출채권매매이익_무담보부, ,국내증권사,B,SF205,각주항목(09.06월 이후)
11583,202412,0013003,다이와증권캐피탈마켓코리아 주식회사,A,채무보증,0,국내증권사,B,SF205,각주항목(09.06월 이후)
11584,202412,0013003,다이와증권캐피탈마켓코리아 주식회사,A1,채무보증_지급보증,0,국내증권사,B,SF205,각주항목(09.06월 이후)
11585,202412,0013003,다이와증권캐피탈마켓코리아 주식회사,A2,채무보증_매입보장약정, ,국내증권사,B,SF205,각주항목(09.06월 이후)
11586,202412,0013003,다이와증권캐피탈마켓코리아 주식회사,A3,채무보증_채무인수약정, ,국내증권사,B,SF205,각주항목(09.06월 이후)
11587,202412,0013003,다이와증권캐피탈마켓코리아 주식회사,A5,채무보증_매입확약,0,국내증권사,B,SF205,각주항목(09.06월 이후)
11588,202412,0013003,다이와증권캐피탈마켓코리아 주식회사,A6,채무보증_기타, ,국내증권사,B,SF205,각주항목(09.06월 이후)
11589,202412,0013003,다이와증권캐피탈마켓코리아 주식회사,B,투자자의 예수증권 등,711774821805,국내증권사,B,SF205,각주항목(09.06월 이후)
11590,202412,0013003,다이와증권캐피탈마켓코리아 주식회사,B1,투자자의 예수증권 등_예수 증권,711774821805,국내증권사,B,SF205,각주항목(09.06월 이후)
11591,202412,0013003,다이와증권캐피탈마켓코리아 주식회사,B2,투자자의 예수증권 등_예수양도성예금증서, ,국내증권사,B,SF205,각주항목(09.06월 이후)
11592,202412,0013003,다이와증권캐피탈마켓코리아 주식회사,B3,투자자의 예수증권 등_기타, ,국내증권사,B,SF205,각주항목(09.06월 이후)
11593,202412,0013003,다이와증권캐피탈마켓코리아 주식회사,C,파생상품계약,80200270000,국내증권사,B,SF205,각주항목(09.06월 이후)
11594,202412,0013003,다이와증권캐피탈마켓코리아 주식회사,C1,파생상품계약_장내파생상품,80200270000,국내증권사,B,SF205,각주항목(09.06월 이후)
11595,202412,0013003,다이와증권캐피탈마켓코리아 주식회사,C11,파생상품계약_장내파생상품_이자율관련거래,80200270000,국내증권사,B,SF205,각주항목(09.06월 이후)
11596,202412,0013003,다이와증권캐피탈마켓코리아 주식회사,C12,파생상품계약_장내파생상품_통화관련거래,0,국내증권사,B,SF205,각주항목(09.06월 이후)
11597,202412,0013003,다이와증권캐피탈마켓코리아 주식회사,C13,파생상품계약_장내파생상품_주식관련거래,0,국내증권사,B,SF205,각주항목(09.06월 이후)
11598,202412,0013003,다이와증권캐피탈마켓코리아 주식회사,C14,파생상품계약_장내파생상품_일반상품관련거래,0,국내증권사,B,SF205,각주항목(09.06월 이후)
11599,202412,0013003,다이와증권캐피탈마켓코리아 주식회사,C15,파생상품계약_장내파생상품_기타,0,국내증권사,B,SF205,각주항목(09.06월 이후)
11600,202412,0013003,다이와증권캐피탈마켓코리아 주식회사,C2,파생상품계약_장외파생상품,0,국내증권사,B,SF205,각주항목(09.06월 이후)
11601,202412,0013003,다이와증권캐피탈마켓코리아 주식회사,C21,파생상품계약_장외파생상품_이자율관련거래,0,국내증권사,B,SF205,각주항목(09.06월 이후)
11602,202412,0013003,다이와증권캐피탈마켓코리아 주식회사,C22,파생상품계약_장외파생상품_통화관련거래,0,국내증권사,B,SF205,각주항목(09.06월 이후)
11603,202412,0013003,다이와증권캐피탈마켓코리아 주식회사,C23,파생상품계약_장외파생상품_주식관련거래,0,국내증권사,B,SF205,각주항목(09.06월 이후)
11604,202412,0013003,다이와증권캐피탈마켓코리아 주식회사,C24,파생상품계약_장외파생상품_신용관련거래,0,국내증권사,B,SF205,각주항목(09.06월 이후)
11605,202412,0013003,다이와증권캐피탈마켓코리아 주식회사,C25,파생상품계약_장외파생상품_기타,0,국내증권사,B,SF205,각주항목(09.06월 이후)
11606,202412,0013003,다이와증권캐피탈마켓코리아 주식회사,D,대차 및 대주거래,0,국내증권사,B,SF205,각주항목(09.06월 이후)
11607,202412,0013003,다이와증권캐피탈마켓코리아 주식회사,D1,대차 및 대주거래_대여증권,0,국내증권사,B,SF205,각주항목(09.06월 이후)
11608,202412,0013003,다이와증권캐피탈마켓코리아 주식회사,D2,대차 및 대주거래_차입증권,0,국내증권사,B,SF205,각주항목(09.06월 이후)
11609,202412,0013003,다이와증권캐피탈마켓코리아 주식회사,D3,대차 및 대주거래_신용거래대주, ,국내증권사,B,SF205,각주항목(09.06월 이후)
11610,202412,0013003,다이와증권캐피탈마켓코리아 주식회사,E,대손상각채권, ,국내증권사,B,SF205,각주항목(09.06월 이후)
11611,202412,0013003,다이와증권캐피탈마켓코리아 주식회사,F,환전업무 예치금,0,국내증권사,B,SF205,각주항목(09.06월 이후)
11612,202412,0013003,다이와증권캐피탈마켓코리아 주식회사,G,미배당별도예치금, ,국내증권사,B,SF205,각주항목(09.06월 이후)
11613,202412,0013003,다이와증권캐피탈마켓코리아 주식회사,H,배서어음매출(종금계정),0,국내증권사,B,SF205,각주항목(09.06월 이후)
11614,202412,0013003,다이와증권캐피탈마켓코리아 주식회사,H1,대출채권매매이익_담보부, ,국내증권사,B,SF205,각주항목(09.06월 이후)
11615,202412,0013003,다이와증권캐피탈마켓코리아 주식회사,H2,대출채권매매이익_무담보부, ,국내증권사,B,SF205,각주항목(09.06월 이후)
11616,201703,0010093,대신증권주식회사,A,채무보증,466900000000,국내증권사,B,SF205,각주항목(09.06월 이후)
11617,201703,0010093,대신증권주식회사,A1,채무보증_지급보증,0,국내증권사,B,SF205,각주항목(09.06월 이후)
11618,201703,0010093,대신증권주식회사,A2,채무보증_매입보장약정,25300000000,국내증권사,B,SF205,각주항목(09.06월 이후)
11619,201703,0010093,대신증권주식회사,A3,채무보증_채무인수약정,0,국내증권사,B,SF205,각주항목(09.06월 이후)
11620,201703,0010093,대신증권주식회사,A5,채무보증_매입확약,441600000000,국내증권사,B,SF205,각주항목(09.06월 이후)
11621,201703,0010093,대신증권주식회사,A6,채무보증_기타,0,국내증권사,B,SF205,각주항목(09.06월 이후)
11622,201703,0010093,대신증권주식회사,B,투자자의 예수증권 등,27385752727967,국내증권사,B,SF205,각주항목(09.06월 이후)
11623,201703,0010093,대신증권주식회사,B1,투자자의 예수증권 등_예수 증권,27385752727967,국내증권사,B,SF205,각주항목(09.06월 이후)
11624,201703,0010093,대신증권주식회사,B2,투자자의 예수증권 등_예수양도성예금증서,0,국내증권사,B,SF205,각주항목(09.06월 이후)
11625,201703,0010093,대신증권주식회사,B3,투자자의 예수증권 등_기타,0,국내증권사,B,SF205,각주항목(09.06월 이후)
11626,201703,0010093,대신증권주식회사,C,파생상품계약,53790032192812,국내증권사,B,SF205,각주항목(09.06월 이후)
11627,201703,0010093,대신증권주식회사,C1,파생상품계약_장내파생상품,4923379095206,국내증권사,B,SF205,각주항목(09.06월 이후)
11628,201703,0010093,대신증권주식회사,C11,파생상품계약_장내파생상품_이자율관련거래,2732642762190,국내증권사,B,SF205,각주항목(09.06월 이후)
11629,201703,0010093,대신증권주식회사,C12,파생상품계약_장내파생상품_통화관련거래,19863551370,국내증권사,B,SF205,각주항목(09.06월 이후)
11630,201703,0010093,대신증권주식회사,C13,파생상품계약_장내파생상품_주식관련거래,1601921842599,국내증권사,B,SF205,각주항목(09.06월 이후)
11631,201703,0010093,대신증권주식회사,C14,파생상품계약_장내파생상품_일반상품관련거래,683551057,국내증권사,B,SF205,각주항목(09.06월 이후)
11632,201703,0010093,대신증권주식회사,C15,파생상품계약_장내파생상품_기타,568267387990,국내증권사,B,SF205,각주항목(09.06월 이후)
11633,201703,0010093,대신증권주식회사,C2,파생상품계약_장외파생상품,48866653097606,국내증권사,B,SF205,각주항목(09.06월 이후)
11634,201703,0010093,대신증권주식회사,C21,파생상품계약_장외파생상품_이자율관련거래,36777937528661,국내증권사,B,SF205,각주항목(09.06월 이후)
11635,201703,0010093,대신증권주식회사,C22,파생상품계약_장외파생상품_통화관련거래,5224283829359,국내증권사,B,SF205,각주항목(09.06월 이후)
11636,201703,0010093,대신증권주식회사,C23,파생상품계약_장외파생상품_주식관련거래,2767880128787,국내증권사,B,SF205,각주항목(09.06월 이후)
11637,201703,0010093,대신증권주식회사,C24,파생상품계약_장외파생상품_신용관련거래,3455828321631,국내증권사,B,SF205,각주항목(09.06월 이후)
11638,201703,0010093,대신증권주식회사,C25,파생상품계약_장외파생상품_기타,640723289168,국내증권사,B,SF205,각주항목(09.06월 이후)
11639,201703,0010093,대신증권주식회사,D,대차 및 대주거래,968951305741,국내증권사,B,SF205,각주항목(09.06월 이후)
11640,201703,0010093,대신증권주식회사,D1,대차 및 대주거래_대여증권,92752629130,국내증권사,B,SF205,각주항목(09.06월 이후)
11641,201703,0010093,대신증권주식회사,D2,대차 및 대주거래_차입증권,876198676611,국내증권사,B,SF205,각주항목(09.06월 이후)
11642,201703,0010093,대신증권주식회사,D3,대차 및 대주거래_신용거래대주,0,국내증권사,B,SF205,각주항목(09.06월 이후)
11643,201703,0010093,대신증권주식회사,E,대손상각채권,0,국내증권사,B,SF205,각주항목(09.06월 이후)
11644,201703,0010093,대신증권주식회사,F,환전업무 예치금,4935729,국내증권사,B,SF205,각주항목(09.06월 이후)
11645,201703,0010093,대신증권주식회사,G,미배당별도예치금,1244053672,국내증권사,B,SF205,각주항목(09.06월 이후)
11646,201703,0010093,대신증권주식회사,H,배서어음매출(종금계정),0,국내증권사,B,SF205,각주항목(09.06월 이후)
11647,201703,0010093,대신증권주식회사,H1,대출채권매매이익_담보부,0,국내증권사,B,SF205,각주항목(09.06월 이후)
11648,201703,0010093,대신증권주식회사,H2,대출채권매매이익_무담보부,0,국내증권사,B,SF205,각주항목(09.06월 이후)
11649,201706,0010093,대신증권주식회사,A,채무보증,434700000000,국내증권사,B,SF205,각주항목(09.06월 이후)
11650,201706,0010093,대신증권주식회사,A1,채무보증_지급보증,0,국내증권사,B,SF205,각주항목(09.06월 이후)
11651,201706,0010093,대신증권주식회사,A2,채무보증_매입보장약정,25300000000,국내증권사,B,SF205,각주항목(09.06월 이후)
11652,201706,0010093,대신증권주식회사,A3,채무보증_채무인수약정,0,국내증권사,B,SF205,각주항목(09.06월 이후)
11653,201706,0010093,대신증권주식회사,A5,채무보증_매입확약,409400000000,국내증권사,B,SF205,각주항목(09.06월 이후)
11654,201706,0010093,대신증권주식회사,A6,채무보증_기타,0,국내증권사,B,SF205,각주항목(09.06월 이후)
11655,201706,0010093,대신증권주식회사,B,투자자의 예수증권 등,29224407003985,국내증권사,B,SF205,각주항목(09.06월 이후)
11656,201706,0010093,대신증권주식회사,B1,투자자의 예수증권 등_예수 증권,29224407003985,국내증권사,B,SF205,각주항목(09.06월 이후)
11657,201706,0010093,대신증권주식회사,B2,투자자의 예수증권 등_예수양도성예금증서,0,국내증권사,B,SF205,각주항목(09.06월 이후)
11658,201706,0010093,대신증권주식회사,B3,투자자의 예수증권 등_기타,0,국내증권사,B,SF205,각주항목(09.06월 이후)
11659,201706,0010093,대신증권주식회사,C,파생상품계약,55618630233760,국내증권사,B,SF205,각주항목(09.06월 이후)
11660,201706,0010093,대신증권주식회사,C1,파생상품계약_장내파생상품,4868482203701,국내증권사,B,SF205,각주항목(09.06월 이후)
11661,201706,0010093,대신증권주식회사,C11,파생상품계약_장내파생상품_이자율관련거래,3343999166025,국내증권사,B,SF205,각주항목(09.06월 이후)
11662,201706,0010093,대신증권주식회사,C12,파생상품계약_장내파생상품_통화관련거래,35824696000,국내증권사,B,SF205,각주항목(09.06월 이후)
11663,201706,0010093,대신증권주식회사,C13,파생상품계약_장내파생상품_주식관련거래,984836848894,국내증권사,B,SF205,각주항목(09.06월 이후)
11664,201706,0010093,대신증권주식회사,C14,파생상품계약_장내파생상품_일반상품관련거래,1207314696,국내증권사,B,SF205,각주항목(09.06월 이후)
11665,201706,0010093,대신증권주식회사,C15,파생상품계약_장내파생상품_기타,502614178086,국내증권사,B,SF205,각주항목(09.06월 이후)
11666,201706,0010093,대신증권주식회사,C2,파생상품계약_장외파생상품,50750148030059,국내증권사,B,SF205,각주항목(09.06월 이후)
11667,201706,0010093,대신증권주식회사,C21,파생상품계약_장외파생상품_이자율관련거래,36844138488661,국내증권사,B,SF205,각주항목(09.06월 이후)
11668,201706,0010093,대신증권주식회사,C22,파생상품계약_장외파생상품_통화관련거래,5486920917376,국내증권사,B,SF205,각주항목(09.06월 이후)
11669,201706,0010093,대신증권주식회사,C23,파생상품계약_장외파생상품_주식관련거래,4351686677007,국내증권사,B,SF205,각주항목(09.06월 이후)
11670,201706,0010093,대신증권주식회사,C24,파생상품계약_장외파생상품_신용관련거래,3430175757847,국내증권사,B,SF205,각주항목(09.06월 이후)
11671,201706,0010093,대신증권주식회사,C25,파생상품계약_장외파생상품_기타,637226189168,국내증권사,B,SF205,각주항목(09.06월 이후)
11672,201706,0010093,대신증권주식회사,D,대차 및 대주거래,1460408485387,국내증권사,B,SF205,각주항목(09.06월 이후)
11673,201706,0010093,대신증권주식회사,D1,대차 및 대주거래_대여증권,82247104200,국내증권사,B,SF205,각주항목(09.06월 이후)
11674,201706,0010093,대신증권주식회사,D2,대차 및 대주거래_차입증권,1378161381187,국내증권사,B,SF205,각주항목(09.06월 이후)
11675,201706,0010093,대신증권주식회사,D3,대차 및 대주거래_신용거래대주,0,국내증권사,B,SF205,각주항목(09.06월 이후)
11676,201706,0010093,대신증권주식회사,E,대손상각채권,0,국내증권사,B,SF205,각주항목(09.06월 이후)
11677,201706,0010093,대신증권주식회사,F,환전업무 예치금,5039653,국내증권사,B,SF205,각주항목(09.06월 이후)
11678,201706,0010093,대신증권주식회사,G,미배당별도예치금,2181374719,국내증권사,B,SF205,각주항목(09.06월 이후)
11679,201706,0010093,대신증권주식회사,H,배서어음매출(종금계정),0,국내증권사,B,SF205,각주항목(09.06월 이후)
11680,201706,0010093,대신증권주식회사,H1,대출채권매매이익_담보부, ,국내증권사,B,SF205,각주항목(09.06월 이후)
11681,201706,0010093,대신증권주식회사,H2,대출채권매매이익_무담보부, ,국내증권사,B,SF205,각주항목(09.06월 이후)
11682,201709,0010093,대신증권주식회사,A,채무보증,333100000000,국내증권사,B,SF205,각주항목(09.06월 이후)
11683,201709,0010093,대신증권주식회사,A1,채무보증_지급보증,0,국내증권사,B,SF205,각주항목(09.06월 이후)
11684,201709,0010093,대신증권주식회사,A2,채무보증_매입보장약정,25300000000,국내증권사,B,SF205,각주항목(09.06월 이후)
11685,201709,0010093,대신증권주식회사,A3,채무보증_채무인수약정,0,국내증권사,B,SF205,각주항목(09.06월 이후)
11686,201709,0010093,대신증권주식회사,A5,채무보증_매입확약,307800000000,국내증권사,B,SF205,각주항목(09.06월 이후)
11687,201709,0010093,대신증권주식회사,A6,채무보증_기타,0,국내증권사,B,SF205,각주항목(09.06월 이후)
11688,201709,0010093,대신증권주식회사,B,투자자의 예수증권 등,29906063694898,국내증권사,B,SF205,각주항목(09.06월 이후)
11689,201709,0010093,대신증권주식회사,B1,투자자의 예수증권 등_예수 증권,29906063694898,국내증권사,B,SF205,각주항목(09.06월 이후)
11690,201709,0010093,대신증권주식회사,B2,투자자의 예수증권 등_예수양도성예금증서,0,국내증권사,B,SF205,각주항목(09.06월 이후)
11691,201709,0010093,대신증권주식회사,B3,투자자의 예수증권 등_기타,0,국내증권사,B,SF205,각주항목(09.06월 이후)
11692,201709,0010093,대신증권주식회사,C,파생상품계약,57579970833165,국내증권사,B,SF205,각주항목(09.06월 이후)
11693,201709,0010093,대신증권주식회사,C1,파생상품계약_장내파생상품,4409187472778,국내증권사,B,SF205,각주항목(09.06월 이후)
11694,201709,0010093,대신증권주식회사,C11,파생상품계약_장내파생상품_이자율관련거래,3083054468176,국내증권사,B,SF205,각주항목(09.06월 이후)
11695,201709,0010093,대신증권주식회사,C12,파생상품계약_장내파생상품_통화관련거래,62618403000,국내증권사,B,SF205,각주항목(09.06월 이후)
11696,201709,0010093,대신증권주식회사,C13,파생상품계약_장내파생상품_주식관련거래,888253605875,국내증권사,B,SF205,각주항목(09.06월 이후)
11697,201709,0010093,대신증권주식회사,C14,파생상품계약_장내파생상품_일반상품관련거래,1613298242,국내증권사,B,SF205,각주항목(09.06월 이후)
11698,201709,0010093,대신증권주식회사,C15,파생상품계약_장내파생상품_기타,373647697485,국내증권사,B,SF205,각주항목(09.06월 이후)
11699,201709,0010093,대신증권주식회사,C2,파생상품계약_장외파생상품,53170783360387,국내증권사,B,SF205,각주항목(09.06월 이후)
11700,201709,0010093,대신증권주식회사,C21,파생상품계약_장외파생상품_이자율관련거래,40382180488661,국내증권사,B,SF205,각주항목(09.06월 이후)
11701,201709,0010093,대신증권주식회사,C22,파생상품계약_장외파생상품_통화관련거래,5806567515976,국내증권사,B,SF205,각주항목(09.06월 이후)
11702,201709,0010093,대신증권주식회사,C23,파생상품계약_장외파생상품_주식관련거래,2855550460235,국내증권사,B,SF205,각주항목(09.06월 이후)
11703,201709,0010093,대신증권주식회사,C24,파생상품계약_장외파생상품_신용관련거래,3607459706347,국내증권사,B,SF205,각주항목(09.06월 이후)
11704,201709,0010093,대신증권주식회사,C25,파생상품계약_장외파생상품_기타,519025189168,국내증권사,B,SF205,각주항목(09.06월 이후)
11705,201709,0010093,대신증권주식회사,D,대차 및 대주거래,997611298454,국내증권사,B,SF205,각주항목(09.06월 이후)
11706,201709,0010093,대신증권주식회사,D1,대차 및 대주거래_대여증권,3566181500,국내증권사,B,SF205,각주항목(09.06월 이후)
11707,201709,0010093,대신증권주식회사,D2,대차 및 대주거래_차입증권,994045116954,국내증권사,B,SF205,각주항목(09.06월 이후)
11708,201709,0010093,대신증권주식회사,D3,대차 및 대주거래_신용거래대주,0,국내증권사,B,SF205,각주항목(09.06월 이후)
11709,201709,0010093,대신증권주식회사,E,대손상각채권,0,국내증권사,B,SF205,각주항목(09.06월 이후)
11710,201709,0010093,대신증권주식회사,F,환전업무 예치금,5071051,국내증권사,B,SF205,각주항목(09.06월 이후)
11711,201709,0010093,대신증권주식회사,G,미배당별도예치금,3222809719,국내증권사,B,SF205,각주항목(09.06월 이후)
11712,201709,0010093,대신증권주식회사,H,배서어음매출(종금계정),0,국내증권사,B,SF205,각주항목(09.06월 이후)
11713,201709,0010093,대신증권주식회사,H1,대출채권매매이익_담보부,0,국내증권사,B,SF205,각주항목(09.06월 이후)
11714,201709,0010093,대신증권주식회사,H2,대출채권매매이익_무담보부,0,국내증권사,B,SF205,각주항목(09.06월 이후)
11715,201712,0010093,대신증권주식회사,A,채무보증,122400000000,국내증권사,B,SF205,각주항목(09.06월 이후)
11716,201712,0010093,대신증권주식회사,A1,채무보증_지급보증,0,국내증권사,B,SF205,각주항목(09.06월 이후)
11717,201712,0010093,대신증권주식회사,A2,채무보증_매입보장약정, ,국내증권사,B,SF205,각주항목(09.06월 이후)
11718,201712,0010093,대신증권주식회사,A3,채무보증_채무인수약정,0,국내증권사,B,SF205,각주항목(09.06월 이후)
11719,201712,0010093,대신증권주식회사,A5,채무보증_매입확약,110400000000,국내증권사,B,SF205,각주항목(09.06월 이후)
11720,201712,0010093,대신증권주식회사,A6,채무보증_기타,12000000000,국내증권사,B,SF205,각주항목(09.06월 이후)
11721,201712,0010093,대신증권주식회사,B,투자자의 예수증권 등,32047009754484,국내증권사,B,SF205,각주항목(09.06월 이후)
11722,201712,0010093,대신증권주식회사,B1,투자자의 예수증권 등_예수 증권,32047009754484,국내증권사,B,SF205,각주항목(09.06월 이후)
11723,201712,0010093,대신증권주식회사,B2,투자자의 예수증권 등_예수양도성예금증서,0,국내증권사,B,SF205,각주항목(09.06월 이후)
11724,201712,0010093,대신증권주식회사,B3,투자자의 예수증권 등_기타,0,국내증권사,B,SF205,각주항목(09.06월 이후)
11725,201712,0010093,대신증권주식회사,C,파생상품계약,56955375570849,국내증권사,B,SF205,각주항목(09.06월 이후)
11726,201712,0010093,대신증권주식회사,C1,파생상품계약_장내파생상품,2814752007301,국내증권사,B,SF205,각주항목(09.06월 이후)
11727,201712,0010093,대신증권주식회사,C11,파생상품계약_장내파생상품_이자율관련거래,1790929201737,국내증권사,B,SF205,각주항목(09.06월 이후)
11728,201712,0010093,대신증권주식회사,C12,파생상품계약_장내파생상품_통화관련거래,33113516000,국내증권사,B,SF205,각주항목(09.06월 이후)
11729,201712,0010093,대신증권주식회사,C13,파생상품계약_장내파생상품_주식관련거래,533390693751,국내증권사,B,SF205,각주항목(09.06월 이후)
11730,201712,0010093,대신증권주식회사,C14,파생상품계약_장내파생상품_일반상품관련거래,1666217789,국내증권사,B,SF205,각주항목(09.06월 이후)
11731,201712,0010093,대신증권주식회사,C15,파생상품계약_장내파생상품_기타,455652378024,국내증권사,B,SF205,각주항목(09.06월 이후)
11732,201712,0010093,대신증권주식회사,C2,파생상품계약_장외파생상품,54140623563548,국내증권사,B,SF205,각주항목(09.06월 이후)
11733,201712,0010093,대신증권주식회사,C21,파생상품계약_장외파생상품_이자율관련거래,42708321988661,국내증권사,B,SF205,각주항목(09.06월 이후)
11734,201712,0010093,대신증권주식회사,C22,파생상품계약_장외파생상품_통화관련거래,5772879834189,국내증권사,B,SF205,각주항목(09.06월 이후)
11735,201712,0010093,대신증권주식회사,C23,파생상품계약_장외파생상품_주식관련거래,1896763845183,국내증권사,B,SF205,각주항목(09.06월 이후)
11736,201712,0010093,대신증권주식회사,C24,파생상품계약_장외파생상품_신용관련거래,3258731706347,국내증권사,B,SF205,각주항목(09.06월 이후)
11737,201712,0010093,대신증권주식회사,C25,파생상품계약_장외파생상품_기타,503926189168,국내증권사,B,SF205,각주항목(09.06월 이후)
11738,201712,0010093,대신증권주식회사,D,대차 및 대주거래,965527810030,국내증권사,B,SF205,각주항목(09.06월 이후)
11739,201712,0010093,대신증권주식회사,D1,대차 및 대주거래_대여증권,149903250,국내증권사,B,SF205,각주항목(09.06월 이후)
11740,201712,0010093,대신증권주식회사,D2,대차 및 대주거래_차입증권,965377906780,국내증권사,B,SF205,각주항목(09.06월 이후)
11741,201712,0010093,대신증권주식회사,D3,대차 및 대주거래_신용거래대주,0,국내증권사,B,SF205,각주항목(09.06월 이후)
11742,201712,0010093,대신증권주식회사,E,대손상각채권,0,국내증권사,B,SF205,각주항목(09.06월 이후)
11743,201712,0010093,대신증권주식회사,F,환전업무 예치금,4812728,국내증권사,B,SF205,각주항목(09.06월 이후)
11744,201712,0010093,대신증권주식회사,G,미배당별도예치금,120768655,국내증권사,B,SF205,각주항목(09.06월 이후)
11745,201712,0010093,대신증권주식회사,H,배서어음매출(종금계정),0,국내증권사,B,SF205,각주항목(09.06월 이후)
11746,201712,0010093,대신증권주식회사,H1,대출채권매매이익_담보부,0,국내증권사,B,SF205,각주항목(09.06월 이후)
11747,201712,0010093,대신증권주식회사,H2,대출채권매매이익_무담보부,0,국내증권사,B,SF205,각주항목(09.06월 이후)
11748,201803,0010093,대신증권주식회사,A,채무보증,192900000000,국내증권사,B,SF205,각주항목(09.06월 이후)
11749,201803,0010093,대신증권주식회사,A1,채무보증_지급보증,0,국내증권사,B,SF205,각주항목(09.06월 이후)
11750,201803,0010093,대신증권주식회사,A2,채무보증_매입보장약정, ,국내증권사,B,SF205,각주항목(09.06월 이후)
11751,201803,0010093,대신증권주식회사,A3,채무보증_채무인수약정,0,국내증권사,B,SF205,각주항목(09.06월 이후)
11752,201803,0010093,대신증권주식회사,A5,채무보증_매입확약,180900000000,국내증권사,B,SF205,각주항목(09.06월 이후)
11753,201803,0010093,대신증권주식회사,A6,채무보증_기타,12000000000,국내증권사,B,SF205,각주항목(09.06월 이후)
11754,201803,0010093,대신증권주식회사,B,투자자의 예수증권 등,34907958599937,국내증권사,B,SF205,각주항목(09.06월 이후)
11755,201803,0010093,대신증권주식회사,B1,투자자의 예수증권 등_예수 증권,34907958599937,국내증권사,B,SF205,각주항목(09.06월 이후)
11756,201803,0010093,대신증권주식회사,B2,투자자의 예수증권 등_예수양도성예금증서,0,국내증권사,B,SF205,각주항목(09.06월 이후)
11757,201803,0010093,대신증권주식회사,B3,투자자의 예수증권 등_기타,0,국내증권사,B,SF205,각주항목(09.06월 이후)
11758,201803,0010093,대신증권주식회사,C,파생상품계약,59337886022350,국내증권사,B,SF205,각주항목(09.06월 이후)
11759,201803,0010093,대신증권주식회사,C1,파생상품계약_장내파생상품,3866691728939,국내증권사,B,SF205,각주항목(09.06월 이후)
11760,201803,0010093,대신증권주식회사,C11,파생상품계약_장내파생상품_이자율관련거래,2694824538358,국내증권사,B,SF205,각주항목(09.06월 이후)
11761,201803,0010093,대신증권주식회사,C12,파생상품계약_장내파생상품_통화관련거래,38226241000,국내증권사,B,SF205,각주항목(09.06월 이후)
11762,201803,0010093,대신증권주식회사,C13,파생상품계약_장내파생상품_주식관련거래,588651989458,국내증권사,B,SF205,각주항목(09.06월 이후)
11763,201803,0010093,대신증권주식회사,C14,파생상품계약_장내파생상품_일반상품관련거래,2766714083,국내증권사,B,SF205,각주항목(09.06월 이후)
11764,201803,0010093,대신증권주식회사,C15,파생상품계약_장내파생상품_기타,542222246040,국내증권사,B,SF205,각주항목(09.06월 이후)
11765,201803,0010093,대신증권주식회사,C2,파생상품계약_장외파생상품,55471194293411,국내증권사,B,SF205,각주항목(09.06월 이후)
11766,201803,0010093,대신증권주식회사,C21,파생상품계약_장외파생상품_이자율관련거래,44358067179148,국내증권사,B,SF205,각주항목(09.06월 이후)
11767,201803,0010093,대신증권주식회사,C22,파생상품계약_장외파생상품_통화관련거래,5557328447165,국내증권사,B,SF205,각주항목(09.06월 이후)
11768,201803,0010093,대신증권주식회사,C23,파생상품계약_장외파생상품_주식관련거래,2111110500183,국내증권사,B,SF205,각주항목(09.06월 이후)
11769,201803,0010093,대신증권주식회사,C24,파생상품계약_장외파생상품_신용관련거래,2909907061347,국내증권사,B,SF205,각주항목(09.06월 이후)
11770,201803,0010093,대신증권주식회사,C25,파생상품계약_장외파생상품_기타,534781105568,국내증권사,B,SF205,각주항목(09.06월 이후)
11771,201803,0010093,대신증권주식회사,D,대차 및 대주거래,1023107375995,국내증권사,B,SF205,각주항목(09.06월 이후)
11772,201803,0010093,대신증권주식회사,D1,대차 및 대주거래_대여증권,15600000,국내증권사,B,SF205,각주항목(09.06월 이후)
11773,201803,0010093,대신증권주식회사,D2,대차 및 대주거래_차입증권,1023091775995,국내증권사,B,SF205,각주항목(09.06월 이후)
11774,201803,0010093,대신증권주식회사,D3,대차 및 대주거래_신용거래대주,0,국내증권사,B,SF205,각주항목(09.06월 이후)
11775,201803,0010093,대신증권주식회사,E,대손상각채권,0,국내증권사,B,SF205,각주항목(09.06월 이후)
11776,201803,0010093,대신증권주식회사,F,환전업무 예치금,0,국내증권사,B,SF205,각주항목(09.06월 이후)
11777,201803,0010093,대신증권주식회사,G,미배당별도예치금,1267582405,국내증권사,B,SF205,각주항목(09.06월 이후)
11778,201803,0010093,대신증권주식회사,H,배서어음매출(종금계정),0,국내증권사,B,SF205,각주항목(09.06월 이후)
11779,201803,0010093,대신증권주식회사,H1,대출채권매매이익_담보부,0,국내증권사,B,SF205,각주항목(09.06월 이후)
11780,201803,0010093,대신증권주식회사,H2,대출채권매매이익_무담보부,0,국내증권사,B,SF205,각주항목(09.06월 이후)
11781,201806,0010093,대신증권주식회사,A,채무보증,292900000000,국내증권사,B,SF205,각주항목(09.06월 이후)
11782,201806,0010093,대신증권주식회사,A1,채무보증_지급보증,0,국내증권사,B,SF205,각주항목(09.06월 이후)
11783,201806,0010093,대신증권주식회사,A2,채무보증_매입보장약정, ,국내증권사,B,SF205,각주항목(09.06월 이후)
11784,201806,0010093,대신증권주식회사,A3,채무보증_채무인수약정,0,국내증권사,B,SF205,각주항목(09.06월 이후)
11785,201806,0010093,대신증권주식회사,A5,채무보증_매입확약,280900000000,국내증권사,B,SF205,각주항목(09.06월 이후)
11786,201806,0010093,대신증권주식회사,A6,채무보증_기타,12000000000,국내증권사,B,SF205,각주항목(09.06월 이후)
11787,201806,0010093,대신증권주식회사,B,투자자의 예수증권 등,35112579813740,국내증권사,B,SF205,각주항목(09.06월 이후)
11788,201806,0010093,대신증권주식회사,B1,투자자의 예수증권 등_예수 증권,35112579813740,국내증권사,B,SF205,각주항목(09.06월 이후)
11789,201806,0010093,대신증권주식회사,B2,투자자의 예수증권 등_예수양도성예금증서,0,국내증권사,B,SF205,각주항목(09.06월 이후)
11790,201806,0010093,대신증권주식회사,B3,투자자의 예수증권 등_기타,0,국내증권사,B,SF205,각주항목(09.06월 이후)
11791,201806,0010093,대신증권주식회사,C,파생상품계약,60254298946914,국내증권사,B,SF205,각주항목(09.06월 이후)
11792,201806,0010093,대신증권주식회사,C1,파생상품계약_장내파생상품,4716985296234,국내증권사,B,SF205,각주항목(09.06월 이후)
11793,201806,0010093,대신증권주식회사,C11,파생상품계약_장내파생상품_이자율관련거래,3648915147977,국내증권사,B,SF205,각주항목(09.06월 이후)
11794,201806,0010093,대신증권주식회사,C12,파생상품계약_장내파생상품_통화관련거래,52117456000,국내증권사,B,SF205,각주항목(09.06월 이후)
11795,201806,0010093,대신증권주식회사,C13,파생상품계약_장내파생상품_주식관련거래,148047802617,국내증권사,B,SF205,각주항목(09.06월 이후)
11796,201806,0010093,대신증권주식회사,C14,파생상품계약_장내파생상품_일반상품관련거래,2784919871,국내증권사,B,SF205,각주항목(09.06월 이후)
11797,201806,0010093,대신증권주식회사,C15,파생상품계약_장내파생상품_기타,865119969769,국내증권사,B,SF205,각주항목(09.06월 이후)
11798,201806,0010093,대신증권주식회사,C2,파생상품계약_장외파생상품,55537313650680,국내증권사,B,SF205,각주항목(09.06월 이후)
11799,201806,0010093,대신증권주식회사,C21,파생상품계약_장외파생상품_이자율관련거래,45444625219966,국내증권사,B,SF205,각주항목(09.06월 이후)
11800,201806,0010093,대신증권주식회사,C22,파생상품계약_장외파생상품_통화관련거래,5018047436163,국내증권사,B,SF205,각주항목(09.06월 이후)
11801,201806,0010093,대신증권주식회사,C23,파생상품계약_장외파생상품_주식관련거래,1875122600936,국내증권사,B,SF205,각주항목(09.06월 이후)
11802,201806,0010093,대신증권주식회사,C24,파생상품계약_장외파생상품_신용관련거래,2570290241347,국내증권사,B,SF205,각주항목(09.06월 이후)
11803,201806,0010093,대신증권주식회사,C25,파생상품계약_장외파생상품_기타,629228152268,국내증권사,B,SF205,각주항목(09.06월 이후)
11804,201806,0010093,대신증권주식회사,D,대차 및 대주거래,1165833266925,국내증권사,B,SF205,각주항목(09.06월 이후)
11805,201806,0010093,대신증권주식회사,D1,대차 및 대주거래_대여증권,20581420000,국내증권사,B,SF205,각주항목(09.06월 이후)
11806,201806,0010093,대신증권주식회사,D2,대차 및 대주거래_차입증권,1145251846925,국내증권사,B,SF205,각주항목(09.06월 이후)
11807,201806,0010093,대신증권주식회사,D3,대차 및 대주거래_신용거래대주,0,국내증권사,B,SF205,각주항목(09.06월 이후)
11808,201806,0010093,대신증권주식회사,E,대손상각채권,5511087070,국내증권사,B,SF205,각주항목(09.06월 이후)
11809,201806,0010093,대신증권주식회사,F,환전업무 예치금,5038676,국내증권사,B,SF205,각주항목(09.06월 이후)
11810,201806,0010093,대신증권주식회사,G,미배당별도예치금,2654266685,국내증권사,B,SF205,각주항목(09.06월 이후)
11811,201806,0010093,대신증권주식회사,H,배서어음매출(종금계정),0,국내증권사,B,SF205,각주항목(09.06월 이후)
11812,201806,0010093,대신증권주식회사,H1,대출채권매매이익_담보부,0,국내증권사,B,SF205,각주항목(09.06월 이후)
11813,201806,0010093,대신증권주식회사,H2,대출채권매매이익_무담보부,0,국내증권사,B,SF205,각주항목(09.06월 이후)
11814,201809,0010093,대신증권주식회사,A,채무보증,342900000000,국내증권사,B,SF205,각주항목(09.06월 이후)
11815,201809,0010093,대신증권주식회사,A1,채무보증_지급보증,0,국내증권사,B,SF205,각주항목(09.06월 이후)
11816,201809,0010093,대신증권주식회사,A2,채무보증_매입보장약정, ,국내증권사,B,SF205,각주항목(09.06월 이후)
11817,201809,0010093,대신증권주식회사,A3,채무보증_채무인수약정,0,국내증권사,B,SF205,각주항목(09.06월 이후)
11818,201809,0010093,대신증권주식회사,A5,채무보증_매입확약,330900000000,국내증권사,B,SF205,각주항목(09.06월 이후)
11819,201809,0010093,대신증권주식회사,A6,채무보증_기타,12000000000,국내증권사,B,SF205,각주항목(09.06월 이후)
11820,201809,0010093,대신증권주식회사,B,투자자의 예수증권 등,35442941296088,국내증권사,B,SF205,각주항목(09.06월 이후)
11821,201809,0010093,대신증권주식회사,B1,투자자의 예수증권 등_예수 증권,35442941296088,국내증권사,B,SF205,각주항목(09.06월 이후)
11822,201809,0010093,대신증권주식회사,B2,투자자의 예수증권 등_예수양도성예금증서,0,국내증권사,B,SF205,각주항목(09.06월 이후)
11823,201809,0010093,대신증권주식회사,B3,투자자의 예수증권 등_기타,0,국내증권사,B,SF205,각주항목(09.06월 이후)
11824,201809,0010093,대신증권주식회사,C,파생상품계약,62009618737032,국내증권사,B,SF205,각주항목(09.06월 이후)
11825,201809,0010093,대신증권주식회사,C1,파생상품계약_장내파생상품,6497865428872,국내증권사,B,SF205,각주항목(09.06월 이후)
11826,201809,0010093,대신증권주식회사,C11,파생상품계약_장내파생상품_이자율관련거래,5401384789484,국내증권사,B,SF205,각주항목(09.06월 이후)
11827,201809,0010093,대신증권주식회사,C12,파생상품계약_장내파생상품_통화관련거래,62431916000,국내증권사,B,SF205,각주항목(09.06월 이후)
11828,201809,0010093,대신증권주식회사,C13,파생상품계약_장내파생상품_주식관련거래,130846964021,국내증권사,B,SF205,각주항목(09.06월 이후)
11829,201809,0010093,대신증권주식회사,C14,파생상품계약_장내파생상품_일반상품관련거래,2761380183,국내증권사,B,SF205,각주항목(09.06월 이후)
11830,201809,0010093,대신증권주식회사,C15,파생상품계약_장내파생상품_기타,900440379184,국내증권사,B,SF205,각주항목(09.06월 이후)
11831,201809,0010093,대신증권주식회사,C2,파생상품계약_장외파생상품,55511753308160,국내증권사,B,SF205,각주항목(09.06월 이후)
11832,201809,0010093,대신증권주식회사,C21,파생상품계약_장외파생상품_이자율관련거래,46167373219966,국내증권사,B,SF205,각주항목(09.06월 이후)
11833,201809,0010093,대신증권주식회사,C22,파생상품계약_장외파생상품_통화관련거래,4168645897729,국내증권사,B,SF205,각주항목(09.06월 이후)
11834,201809,0010093,대신증권주식회사,C23,파생상품계약_장외파생상품_주식관련거래,2026384497250,국내증권사,B,SF205,각주항목(09.06월 이후)
11835,201809,0010093,대신증권주식회사,C24,파생상품계약_장외파생상품_신용관련거래,2420290241347,국내증권사,B,SF205,각주항목(09.06월 이후)
11836,201809,0010093,대신증권주식회사,C25,파생상품계약_장외파생상품_기타,729059451868,국내증권사,B,SF205,각주항목(09.06월 이후)
11837,201809,0010093,대신증권주식회사,D,대차 및 대주거래,1245237762700,국내증권사,B,SF205,각주항목(09.06월 이후)
11838,201809,0010093,대신증권주식회사,D1,대차 및 대주거래_대여증권,8011394000,국내증권사,B,SF205,각주항목(09.06월 이후)
11839,201809,0010093,대신증권주식회사,D2,대차 및 대주거래_차입증권,1237226368700,국내증권사,B,SF205,각주항목(09.06월 이후)
11840,201809,0010093,대신증권주식회사,D3,대차 및 대주거래_신용거래대주,0,국내증권사,B,SF205,각주항목(09.06월 이후)
11841,201809,0010093,대신증권주식회사,E,대손상각채권,64838991,국내증권사,B,SF205,각주항목(09.06월 이후)
11842,201809,0010093,대신증권주식회사,F,환전업무 예치금,4998248,국내증권사,B,SF205,각주항목(09.06월 이후)
11843,201809,0010093,대신증권주식회사,G,미배당별도예치금,4158751073,국내증권사,B,SF205,각주항목(09.06월 이후)
11844,201809,0010093,대신증권주식회사,H,배서어음매출(종금계정),0,국내증권사,B,SF205,각주항목(09.06월 이후)
11845,201809,0010093,대신증권주식회사,H1,대출채권매매이익_담보부, ,국내증권사,B,SF205,각주항목(09.06월 이후)
11846,201809,0010093,대신증권주식회사,H2,대출채권매매이익_무담보부, ,국내증권사,B,SF205,각주항목(09.06월 이후)
11847,201812,0010093,대신증권주식회사,A,채무보증,433600000000,국내증권사,B,SF205,각주항목(09.06월 이후)
11848,201812,0010093,대신증권주식회사,A1,채무보증_지급보증,0,국내증권사,B,SF205,각주항목(09.06월 이후)
11849,201812,0010093,대신증권주식회사,A2,채무보증_매입보장약정, ,국내증권사,B,SF205,각주항목(09.06월 이후)
11850,201812,0010093,대신증권주식회사,A3,채무보증_채무인수약정,0,국내증권사,B,SF205,각주항목(09.06월 이후)
11851,201812,0010093,대신증권주식회사,A5,채무보증_매입확약,421600000000,국내증권사,B,SF205,각주항목(09.06월 이후)
11852,201812,0010093,대신증권주식회사,A6,채무보증_기타,12000000000,국내증권사,B,SF205,각주항목(09.06월 이후)
11853,201812,0010093,대신증권주식회사,B,투자자의 예수증권 등,33192942963942,국내증권사,B,SF205,각주항목(09.06월 이후)
11854,201812,0010093,대신증권주식회사,B1,투자자의 예수증권 등_예수 증권,33192942963942,국내증권사,B,SF205,각주항목(09.06월 이후)
11855,201812,0010093,대신증권주식회사,B2,투자자의 예수증권 등_예수양도성예금증서,0,국내증권사,B,SF205,각주항목(09.06월 이후)
11856,201812,0010093,대신증권주식회사,B3,투자자의 예수증권 등_기타,0,국내증권사,B,SF205,각주항목(09.06월 이후)
11857,201812,0010093,대신증권주식회사,C,파생상품계약,60596053269939,국내증권사,B,SF205,각주항목(09.06월 이후)
11858,201812,0010093,대신증권주식회사,C1,파생상품계약_장내파생상품,5397053906071,국내증권사,B,SF205,각주항목(09.06월 이후)
11859,201812,0010093,대신증권주식회사,C11,파생상품계약_장내파생상품_이자율관련거래,4564074817871,국내증권사,B,SF205,각주항목(09.06월 이후)
11860,201812,0010093,대신증권주식회사,C12,파생상품계약_장내파생상품_통화관련거래,87690166000,국내증권사,B,SF205,각주항목(09.06월 이후)
11861,201812,0010093,대신증권주식회사,C13,파생상품계약_장내파생상품_주식관련거래,135490389437,국내증권사,B,SF205,각주항목(09.06월 이후)
11862,201812,0010093,대신증권주식회사,C14,파생상품계약_장내파생상품_일반상품관련거래,1047202045,국내증권사,B,SF205,각주항목(09.06월 이후)
11863,201812,0010093,대신증권주식회사,C15,파생상품계약_장내파생상품_기타,608751330718,국내증권사,B,SF205,각주항목(09.06월 이후)
11864,201812,0010093,대신증권주식회사,C2,파생상품계약_장외파생상품,55198999363868,국내증권사,B,SF205,각주항목(09.06월 이후)
11865,201812,0010093,대신증권주식회사,C21,파생상품계약_장외파생상품_이자율관련거래,46236513786250,국내증권사,B,SF205,각주항목(09.06월 이후)
11866,201812,0010093,대신증권주식회사,C22,파생상품계약_장외파생상품_통화관련거래,3877183721644,국내증권사,B,SF205,각주항목(09.06월 이후)
11867,201812,0010093,대신증권주식회사,C23,파생상품계약_장외파생상품_주식관련거래,1980179225559,국내증권사,B,SF205,각주항목(09.06월 이후)
11868,201812,0010093,대신증권주식회사,C24,파생상품계약_장외파생상품_신용관련거래,2411031391347,국내증권사,B,SF205,각주항목(09.06월 이후)
11869,201812,0010093,대신증권주식회사,C25,파생상품계약_장외파생상품_기타,694091239068,국내증권사,B,SF205,각주항목(09.06월 이후)
11870,201812,0010093,대신증권주식회사,D,대차 및 대주거래,1282733380870,국내증권사,B,SF205,각주항목(09.06월 이후)
11871,201812,0010093,대신증권주식회사,D1,대차 및 대주거래_대여증권,1770000000,국내증권사,B,SF205,각주항목(09.06월 이후)
11872,201812,0010093,대신증권주식회사,D2,대차 및 대주거래_차입증권,1280963380870,국내증권사,B,SF205,각주항목(09.06월 이후)
11873,201812,0010093,대신증권주식회사,D3,대차 및 대주거래_신용거래대주,0,국내증권사,B,SF205,각주항목(09.06월 이후)
11874,201812,0010093,대신증권주식회사,E,대손상각채권,200000000,국내증권사,B,SF205,각주항목(09.06월 이후)
11875,201812,0010093,대신증권주식회사,F,환전업무 예치금,5039125,국내증권사,B,SF205,각주항목(09.06월 이후)
11876,201812,0010093,대신증권주식회사,G,미배당별도예치금,412705586,국내증권사,B,SF205,각주항목(09.06월 이후)
11877,201812,0010093,대신증권주식회사,H,배서어음매출(종금계정),0,국내증권사,B,SF205,각주항목(09.06월 이후)
11878,201812,0010093,대신증권주식회사,H1,대출채권매매이익_담보부, ,국내증권사,B,SF205,각주항목(09.06월 이후)
11879,201812,0010093,대신증권주식회사,H2,대출채권매매이익_무담보부, ,국내증권사,B,SF205,각주항목(09.06월 이후)
11880,201903,0010093,대신증권주식회사,A,채무보증,460800000000,국내증권사,B,SF205,각주항목(09.06월 이후)
11881,201903,0010093,대신증권주식회사,A1,채무보증_지급보증,0,국내증권사,B,SF205,각주항목(09.06월 이후)
11882,201903,0010093,대신증권주식회사,A2,채무보증_매입보장약정, ,국내증권사,B,SF205,각주항목(09.06월 이후)
11883,201903,0010093,대신증권주식회사,A3,채무보증_채무인수약정,0,국내증권사,B,SF205,각주항목(09.06월 이후)
11884,201903,0010093,대신증권주식회사,A5,채무보증_매입확약,460800000000,국내증권사,B,SF205,각주항목(09.06월 이후)
11885,201903,0010093,대신증권주식회사,A6,채무보증_기타,0,국내증권사,B,SF205,각주항목(09.06월 이후)
11886,201903,0010093,대신증권주식회사,B,투자자의 예수증권 등,36065864997014,국내증권사,B,SF205,각주항목(09.06월 이후)
11887,201903,0010093,대신증권주식회사,B1,투자자의 예수증권 등_예수 증권,36065864997014,국내증권사,B,SF205,각주항목(09.06월 이후)
11888,201903,0010093,대신증권주식회사,B2,투자자의 예수증권 등_예수양도성예금증서,0,국내증권사,B,SF205,각주항목(09.06월 이후)
11889,201903,0010093,대신증권주식회사,B3,투자자의 예수증권 등_기타,0,국내증권사,B,SF205,각주항목(09.06월 이후)
11890,201903,0010093,대신증권주식회사,C,파생상품계약,53411336252674,국내증권사,B,SF205,각주항목(09.06월 이후)
11891,201903,0010093,대신증권주식회사,C1,파생상품계약_장내파생상품,955037570495,국내증권사,B,SF205,각주항목(09.06월 이후)
11892,201903,0010093,대신증권주식회사,C11,파생상품계약_장내파생상품_이자율관련거래,0,국내증권사,B,SF205,각주항목(09.06월 이후)
11893,201903,0010093,대신증권주식회사,C12,파생상품계약_장내파생상품_통화관련거래,104805539000,국내증권사,B,SF205,각주항목(09.06월 이후)
11894,201903,0010093,대신증권주식회사,C13,파생상품계약_장내파생상품_주식관련거래,211187462964,국내증권사,B,SF205,각주항목(09.06월 이후)
11895,201903,0010093,대신증권주식회사,C14,파생상품계약_장내파생상품_일반상품관련거래,121602566,국내증권사,B,SF205,각주항목(09.06월 이후)
11896,201903,0010093,대신증권주식회사,C15,파생상품계약_장내파생상품_기타,638922965965,국내증권사,B,SF205,각주항목(09.06월 이후)
11897,201903,0010093,대신증권주식회사,C2,파생상품계약_장외파생상품,52456298682179,국내증권사,B,SF205,각주항목(09.06월 이후)
11898,201903,0010093,대신증권주식회사,C21,파생상품계약_장외파생상품_이자율관련거래,44274188097618,국내증권사,B,SF205,각주항목(09.06월 이후)
11899,201903,0010093,대신증권주식회사,C22,파생상품계약_장외파생상품_통화관련거래,3179346521782,국내증권사,B,SF205,각주항목(09.06월 이후)
11900,201903,0010093,대신증권주식회사,C23,파생상품계약_장외파생상품_주식관련거래,1880872616464,국내증권사,B,SF205,각주항목(09.06월 이후)
11901,201903,0010093,대신증권주식회사,C24,파생상품계약_장외파생상품_신용관련거래,2411031391347,국내증권사,B,SF205,각주항목(09.06월 이후)
11902,201903,0010093,대신증권주식회사,C25,파생상품계약_장외파생상품_기타,710860054968,국내증권사,B,SF205,각주항목(09.06월 이후)
11903,201903,0010093,대신증권주식회사,D,대차 및 대주거래,1318304124345,국내증권사,B,SF205,각주항목(09.06월 이후)
11904,201903,0010093,대신증권주식회사,D1,대차 및 대주거래_대여증권,35899941760,국내증권사,B,SF205,각주항목(09.06월 이후)
11905,201903,0010093,대신증권주식회사,D2,대차 및 대주거래_차입증권,1282404182585,국내증권사,B,SF205,각주항목(09.06월 이후)
11906,201903,0010093,대신증권주식회사,D3,대차 및 대주거래_신용거래대주,0,국내증권사,B,SF205,각주항목(09.06월 이후)
11907,201903,0010093,대신증권주식회사,E,대손상각채권,0,국내증권사,B,SF205,각주항목(09.06월 이후)
11908,201903,0010093,대신증권주식회사,F,환전업무 예치금,5110998,국내증권사,B,SF205,각주항목(09.06월 이후)
11909,201903,0010093,대신증권주식회사,G,미배당별도예치금,1540912597,국내증권사,B,SF205,각주항목(09.06월 이후)
11910,201903,0010093,대신증권주식회사,H,배서어음매출(종금계정),0,국내증권사,B,SF205,각주항목(09.06월 이후)
11911,201903,0010093,대신증권주식회사,H1,대출채권매매이익_담보부, ,국내증권사,B,SF205,각주항목(09.06월 이후)
11912,201903,0010093,대신증권주식회사,H2,대출채권매매이익_무담보부, ,국내증권사,B,SF205,각주항목(09.06월 이후)
11913,201906,0010093,대신증권주식회사,A,채무보증,635300000000,국내증권사,B,SF205,각주항목(09.06월 이후)
11914,201906,0010093,대신증권주식회사,A1,채무보증_지급보증,0,국내증권사,B,SF205,각주항목(09.06월 이후)
11915,201906,0010093,대신증권주식회사,A2,채무보증_매입보장약정, ,국내증권사,B,SF205,각주항목(09.06월 이후)
11916,201906,0010093,대신증권주식회사,A3,채무보증_채무인수약정,0,국내증권사,B,SF205,각주항목(09.06월 이후)
11917,201906,0010093,대신증권주식회사,A5,채무보증_매입확약,635300000000,국내증권사,B,SF205,각주항목(09.06월 이후)
11918,201906,0010093,대신증권주식회사,A6,채무보증_기타,0,국내증권사,B,SF205,각주항목(09.06월 이후)
11919,201906,0010093,대신증권주식회사,B,투자자의 예수증권 등,44288230799417,국내증권사,B,SF205,각주항목(09.06월 이후)
11920,201906,0010093,대신증권주식회사,B1,투자자의 예수증권 등_예수 증권,44288230799417,국내증권사,B,SF205,각주항목(09.06월 이후)
11921,201906,0010093,대신증권주식회사,B2,투자자의 예수증권 등_예수양도성예금증서,0,국내증권사,B,SF205,각주항목(09.06월 이후)
11922,201906,0010093,대신증권주식회사,B3,투자자의 예수증권 등_기타,0,국내증권사,B,SF205,각주항목(09.06월 이후)
11923,201906,0010093,대신증권주식회사,C,파생상품계약,55678808761917,국내증권사,B,SF205,각주항목(09.06월 이후)
11924,201906,0010093,대신증권주식회사,C1,파생상품계약_장내파생상품,5338004437357,국내증권사,B,SF205,각주항목(09.06월 이후)
11925,201906,0010093,대신증권주식회사,C11,파생상품계약_장내파생상품_이자율관련거래,4504116795150,국내증권사,B,SF205,각주항목(09.06월 이후)
11926,201906,0010093,대신증권주식회사,C12,파생상품계약_장내파생상품_통화관련거래,46990971000,국내증권사,B,SF205,각주항목(09.06월 이후)
11927,201906,0010093,대신증권주식회사,C13,파생상품계약_장내파생상품_주식관련거래,80891711470,국내증권사,B,SF205,각주항목(09.06월 이후)
11928,201906,0010093,대신증권주식회사,C14,파생상품계약_장내파생상품_일반상품관련거래,1065461197,국내증권사,B,SF205,각주항목(09.06월 이후)
11929,201906,0010093,대신증권주식회사,C15,파생상품계약_장내파생상품_기타,704939498540,국내증권사,B,SF205,각주항목(09.06월 이후)
11930,201906,0010093,대신증권주식회사,C2,파생상품계약_장외파생상품,50340804324560,국내증권사,B,SF205,각주항목(09.06월 이후)
11931,201906,0010093,대신증권주식회사,C21,파생상품계약_장외파생상품_이자율관련거래,42626376093777,국내증권사,B,SF205,각주항목(09.06월 이후)
11932,201906,0010093,대신증권주식회사,C22,파생상품계약_장외파생상품_통화관련거래,3012590904824,국내증권사,B,SF205,각주항목(09.06월 이후)
11933,201906,0010093,대신증권주식회사,C23,파생상품계약_장외파생상품_주식관련거래,1639291168944,국내증권사,B,SF205,각주항목(09.06월 이후)
11934,201906,0010093,대신증권주식회사,C24,파생상품계약_장외파생상품_신용관련거래,2307861391347,국내증권사,B,SF205,각주항목(09.06월 이후)
11935,201906,0010093,대신증권주식회사,C25,파생상품계약_장외파생상품_기타,754684765668,국내증권사,B,SF205,각주항목(09.06월 이후)
11936,201906,0010093,대신증권주식회사,D,대차 및 대주거래,1395426996940,국내증권사,B,SF205,각주항목(09.06월 이후)
11937,201906,0010093,대신증권주식회사,D1,대차 및 대주거래_대여증권,20093540000,국내증권사,B,SF205,각주항목(09.06월 이후)
11938,201906,0010093,대신증권주식회사,D2,대차 및 대주거래_차입증권,1375333456940,국내증권사,B,SF205,각주항목(09.06월 이후)
11939,201906,0010093,대신증권주식회사,D3,대차 및 대주거래_신용거래대주,0,국내증권사,B,SF205,각주항목(09.06월 이후)
11940,201906,0010093,대신증권주식회사,E,대손상각채권,84198700,국내증권사,B,SF205,각주항목(09.06월 이후)
11941,201906,0010093,대신증권주식회사,F,환전업무 예치금,5196345,국내증권사,B,SF205,각주항목(09.06월 이후)
11942,201906,0010093,대신증권주식회사,G,미배당별도예치금,2651529752,국내증권사,B,SF205,각주항목(09.06월 이후)
11943,201906,0010093,대신증권주식회사,H,배서어음매출(종금계정),0,국내증권사,B,SF205,각주항목(09.06월 이후)
11944,201906,0010093,대신증권주식회사,H1,대출채권매매이익_담보부, ,국내증권사,B,SF205,각주항목(09.06월 이후)
11945,201906,0010093,대신증권주식회사,H2,대출채권매매이익_무담보부, ,국내증권사,B,SF205,각주항목(09.06월 이후)
11946,201909,0010093,대신증권주식회사,A,채무보증,801400000000,국내증권사,B,SF205,각주항목(09.06월 이후)
11947,201909,0010093,대신증권주식회사,A1,채무보증_지급보증,0,국내증권사,B,SF205,각주항목(09.06월 이후)
11948,201909,0010093,대신증권주식회사,A2,채무보증_매입보장약정, ,국내증권사,B,SF205,각주항목(09.06월 이후)
11949,201909,0010093,대신증권주식회사,A3,채무보증_채무인수약정,0,국내증권사,B,SF205,각주항목(09.06월 이후)
11950,201909,0010093,대신증권주식회사,A5,채무보증_매입확약,801400000000,국내증권사,B,SF205,각주항목(09.06월 이후)
11951,201909,0010093,대신증권주식회사,A6,채무보증_기타,0,국내증권사,B,SF205,각주항목(09.06월 이후)
11952,201909,0010093,대신증권주식회사,B,투자자의 예수증권 등,47798586359528,국내증권사,B,SF205,각주항목(09.06월 이후)
11953,201909,0010093,대신증권주식회사,B1,투자자의 예수증권 등_예수 증권,47798586359528,국내증권사,B,SF205,각주항목(09.06월 이후)
11954,201909,0010093,대신증권주식회사,B2,투자자의 예수증권 등_예수양도성예금증서,0,국내증권사,B,SF205,각주항목(09.06월 이후)
11955,201909,0010093,대신증권주식회사,B3,투자자의 예수증권 등_기타,0,국내증권사,B,SF205,각주항목(09.06월 이후)
11956,201909,0010093,대신증권주식회사,C,파생상품계약,55569609683522,국내증권사,B,SF205,각주항목(09.06월 이후)
11957,201909,0010093,대신증권주식회사,C1,파생상품계약_장내파생상품,6022743287022,국내증권사,B,SF205,각주항목(09.06월 이후)
11958,201909,0010093,대신증권주식회사,C11,파생상품계약_장내파생상품_이자율관련거래,4701155033198,국내증권사,B,SF205,각주항목(09.06월 이후)
11959,201909,0010093,대신증권주식회사,C12,파생상품계약_장내파생상품_통화관련거래,27877639000,국내증권사,B,SF205,각주항목(09.06월 이후)
11960,201909,0010093,대신증권주식회사,C13,파생상품계약_장내파생상품_주식관련거래,109350730243,국내증권사,B,SF205,각주항목(09.06월 이후)
11961,201909,0010093,대신증권주식회사,C14,파생상품계약_장내파생상품_일반상품관련거래,3367296,국내증권사,B,SF205,각주항목(09.06월 이후)
11962,201909,0010093,대신증권주식회사,C15,파생상품계약_장내파생상품_기타,1184356517285,국내증권사,B,SF205,각주항목(09.06월 이후)
11963,201909,0010093,대신증권주식회사,C2,파생상품계약_장외파생상품,49546866396500,국내증권사,B,SF205,각주항목(09.06월 이후)
11964,201909,0010093,대신증권주식회사,C21,파생상품계약_장외파생상품_이자율관련거래,41356452817557,국내증권사,B,SF205,각주항목(09.06월 이후)
11965,201909,0010093,대신증권주식회사,C22,파생상품계약_장외파생상품_통화관련거래,3565153193943,국내증권사,B,SF205,각주항목(09.06월 이후)
11966,201909,0010093,대신증권주식회사,C23,파생상품계약_장외파생상품_주식관련거래,1515635125941,국내증권사,B,SF205,각주항목(09.06월 이후)
11967,201909,0010093,대신증권주식회사,C24,파생상품계약_장외파생상품_신용관련거래,2302151934591,국내증권사,B,SF205,각주항목(09.06월 이후)
11968,201909,0010093,대신증권주식회사,C25,파생상품계약_장외파생상품_기타,807473324468,국내증권사,B,SF205,각주항목(09.06월 이후)
11969,201909,0010093,대신증권주식회사,D,대차 및 대주거래,1380299106250,국내증권사,B,SF205,각주항목(09.06월 이후)
11970,201909,0010093,대신증권주식회사,D1,대차 및 대주거래_대여증권,40108770000,국내증권사,B,SF205,각주항목(09.06월 이후)
11971,201909,0010093,대신증권주식회사,D2,대차 및 대주거래_차입증권,1340190336250,국내증권사,B,SF205,각주항목(09.06월 이후)
11972,201909,0010093,대신증권주식회사,D3,대차 및 대주거래_신용거래대주,0,국내증권사,B,SF205,각주항목(09.06월 이후)
11973,201909,0010093,대신증권주식회사,E,대손상각채권,0,국내증권사,B,SF205,각주항목(09.06월 이후)
11974,201909,0010093,대신증권주식회사,F,환전업무 예치금,5396239,국내증권사,B,SF205,각주항목(09.06월 이후)
11975,201909,0010093,대신증권주식회사,G,미배당별도예치금,3999179040,국내증권사,B,SF205,각주항목(09.06월 이후)
11976,201909,0010093,대신증권주식회사,H,배서어음매출(종금계정),0,국내증권사,B,SF205,각주항목(09.06월 이후)
11977,201909,0010093,대신증권주식회사,H1,대출채권매매이익_담보부, ,국내증권사,B,SF205,각주항목(09.06월 이후)
11978,201909,0010093,대신증권주식회사,H2,대출채권매매이익_무담보부, ,국내증권사,B,SF205,각주항목(09.06월 이후)
11979,201912,0010093,대신증권주식회사,A,채무보증,692900000000,국내증권사,B,SF205,각주항목(09.06월 이후)
11980,201912,0010093,대신증권주식회사,A1,채무보증_지급보증,0,국내증권사,B,SF205,각주항목(09.06월 이후)
11981,201912,0010093,대신증권주식회사,A2,채무보증_매입보장약정, ,국내증권사,B,SF205,각주항목(09.06월 이후)
11982,201912,0010093,대신증권주식회사,A3,채무보증_채무인수약정, ,국내증권사,B,SF205,각주항목(09.06월 이후)
11983,201912,0010093,대신증권주식회사,A5,채무보증_매입확약,692900000000,국내증권사,B,SF205,각주항목(09.06월 이후)
11984,201912,0010093,대신증권주식회사,A6,채무보증_기타, ,국내증권사,B,SF205,각주항목(09.06월 이후)
11985,201912,0010093,대신증권주식회사,B,투자자의 예수증권 등,49188585121761,국내증권사,B,SF205,각주항목(09.06월 이후)
11986,201912,0010093,대신증권주식회사,B1,투자자의 예수증권 등_예수 증권,49188585121761,국내증권사,B,SF205,각주항목(09.06월 이후)
11987,201912,0010093,대신증권주식회사,B2,투자자의 예수증권 등_예수양도성예금증서, ,국내증권사,B,SF205,각주항목(09.06월 이후)
11988,201912,0010093,대신증권주식회사,B3,투자자의 예수증권 등_기타, ,국내증권사,B,SF205,각주항목(09.06월 이후)
11989,201912,0010093,대신증권주식회사,C,파생상품계약,48879340955273,국내증권사,B,SF205,각주항목(09.06월 이후)
11990,201912,0010093,대신증권주식회사,C1,파생상품계약_장내파생상품,4840936535381,국내증권사,B,SF205,각주항목(09.06월 이후)
11991,201912,0010093,대신증권주식회사,C11,파생상품계약_장내파생상품_이자율관련거래,3459697802219,국내증권사,B,SF205,각주항목(09.06월 이후)
11992,201912,0010093,대신증권주식회사,C12,파생상품계약_장내파생상품_통화관련거래,21878939000,국내증권사,B,SF205,각주항목(09.06월 이후)
11993,201912,0010093,대신증권주식회사,C13,파생상품계약_장내파생상품_주식관련거래,207180011280,국내증권사,B,SF205,각주항목(09.06월 이후)
11994,201912,0010093,대신증권주식회사,C14,파생상품계약_장내파생상품_일반상품관련거래,893508,국내증권사,B,SF205,각주항목(09.06월 이후)
11995,201912,0010093,대신증권주식회사,C15,파생상품계약_장내파생상품_기타,1152178889374,국내증권사,B,SF205,각주항목(09.06월 이후)
11996,201912,0010093,대신증권주식회사,C2,파생상품계약_장외파생상품,44038404419892,국내증권사,B,SF205,각주항목(09.06월 이후)
11997,201912,0010093,대신증권주식회사,C21,파생상품계약_장외파생상품_이자율관련거래,36807825897534,국내증권사,B,SF205,각주항목(09.06월 이후)
11998,201912,0010093,대신증권주식회사,C22,파생상품계약_장외파생상품_통화관련거래,3082201587072,국내증권사,B,SF205,각주항목(09.06월 이후)
11999,201912,0010093,대신증권주식회사,C23,파생상품계약_장외파생상품_주식관련거래,1197259877735,국내증권사,B,SF205,각주항목(09.06월 이후)
12000,201912,0010093,대신증권주식회사,C24,파생상품계약_장외파생상품_신용관련거래,2287337344351,국내증권사,B,SF205,각주항목(09.06월 이후)
12001,201912,0010093,대신증권주식회사,C25,파생상품계약_장외파생상품_기타,663779713200,국내증권사,B,SF205,각주항목(09.06월 이후)
12002,201912,0010093,대신증권주식회사,D,대차 및 대주거래,1364417913690,국내증권사,B,SF205,각주항목(09.06월 이후)
12003,201912,0010093,대신증권주식회사,D1,대차 및 대주거래_대여증권,122567144484,국내증권사,B,SF205,각주항목(09.06월 이후)
12004,201912,0010093,대신증권주식회사,D2,대차 및 대주거래_차입증권,1241850769206,국내증권사,B,SF205,각주항목(09.06월 이후)
12005,201912,0010093,대신증권주식회사,D3,대차 및 대주거래_신용거래대주, ,국내증권사,B,SF205,각주항목(09.06월 이후)
12006,201912,0010093,대신증권주식회사,E,대손상각채권, ,국내증권사,B,SF205,각주항목(09.06월 이후)
12007,201912,0010093,대신증권주식회사,F,환전업무 예치금,5200837,국내증권사,B,SF205,각주항목(09.06월 이후)
12008,201912,0010093,대신증권주식회사,G,미배당별도예치금,252096668,국내증권사,B,SF205,각주항목(09.06월 이후)
12009,201912,0010093,대신증권주식회사,H,배서어음매출(종금계정),0,국내증권사,B,SF205,각주항목(09.06월 이후)
12010,201912,0010093,대신증권주식회사,H1,대출채권매매이익_담보부, ,국내증권사,B,SF205,각주항목(09.06월 이후)
12011,201912,0010093,대신증권주식회사,H2,대출채권매매이익_무담보부, ,국내증권사,B,SF205,각주항목(09.06월 이후)
12012,202003,0010093,대신증권주식회사,A,채무보증,771300000000,국내증권사,B,SF205,각주항목(09.06월 이후)
12013,202003,0010093,대신증권주식회사,A1,채무보증_지급보증,0,국내증권사,B,SF205,각주항목(09.06월 이후)
12014,202003,0010093,대신증권주식회사,A2,채무보증_매입보장약정, ,국내증권사,B,SF205,각주항목(09.06월 이후)
12015,202003,0010093,대신증권주식회사,A3,채무보증_채무인수약정, ,국내증권사,B,SF205,각주항목(09.06월 이후)
12016,202003,0010093,대신증권주식회사,A5,채무보증_매입확약,771300000000,국내증권사,B,SF205,각주항목(09.06월 이후)
12017,202003,0010093,대신증권주식회사,A6,채무보증_기타, ,국내증권사,B,SF205,각주항목(09.06월 이후)
12018,202003,0010093,대신증권주식회사,B,투자자의 예수증권 등,44516679930285,국내증권사,B,SF205,각주항목(09.06월 이후)
12019,202003,0010093,대신증권주식회사,B1,투자자의 예수증권 등_예수 증권,44516679930285,국내증권사,B,SF205,각주항목(09.06월 이후)
12020,202003,0010093,대신증권주식회사,B2,투자자의 예수증권 등_예수양도성예금증서, ,국내증권사,B,SF205,각주항목(09.06월 이후)
12021,202003,0010093,대신증권주식회사,B3,투자자의 예수증권 등_기타, ,국내증권사,B,SF205,각주항목(09.06월 이후)
12022,202003,0010093,대신증권주식회사,C,파생상품계약,43620243399549,국내증권사,B,SF205,각주항목(09.06월 이후)
12023,202003,0010093,대신증권주식회사,C1,파생상품계약_장내파생상품,4650342852574,국내증권사,B,SF205,각주항목(09.06월 이후)
12024,202003,0010093,대신증권주식회사,C11,파생상품계약_장내파생상품_이자율관련거래,3516278854093,국내증권사,B,SF205,각주항목(09.06월 이후)
12025,202003,0010093,대신증권주식회사,C12,파생상품계약_장내파생상품_통화관련거래,12772163000,국내증권사,B,SF205,각주항목(09.06월 이후)
12026,202003,0010093,대신증권주식회사,C13,파생상품계약_장내파생상품_주식관련거래,64297374102,국내증권사,B,SF205,각주항목(09.06월 이후)
12027,202003,0010093,대신증권주식회사,C14,파생상품계약_장내파생상품_일반상품관련거래,352294362,국내증권사,B,SF205,각주항목(09.06월 이후)
12028,202003,0010093,대신증권주식회사,C15,파생상품계약_장내파생상품_기타,1056642167017,국내증권사,B,SF205,각주항목(09.06월 이후)
12029,202003,0010093,대신증권주식회사,C2,파생상품계약_장외파생상품,38969900546975,국내증권사,B,SF205,각주항목(09.06월 이후)
12030,202003,0010093,대신증권주식회사,C21,파생상품계약_장외파생상품_이자율관련거래,32346577957278,국내증권사,B,SF205,각주항목(09.06월 이후)
12031,202003,0010093,대신증권주식회사,C22,파생상품계약_장외파생상품_통화관련거래,2803872141541,국내증권사,B,SF205,각주항목(09.06월 이후)
12032,202003,0010093,대신증권주식회사,C23,파생상품계약_장외파생상품_주식관련거래,1152091399505,국내증권사,B,SF205,각주항목(09.06월 이후)
12033,202003,0010093,대신증권주식회사,C24,파생상품계약_장외파생상품_신용관련거래,2287337344351,국내증권사,B,SF205,각주항목(09.06월 이후)
12034,202003,0010093,대신증권주식회사,C25,파생상품계약_장외파생상품_기타,380021704300,국내증권사,B,SF205,각주항목(09.06월 이후)
12035,202003,0010093,대신증권주식회사,D,대차 및 대주거래,1434752979166,국내증권사,B,SF205,각주항목(09.06월 이후)
12036,202003,0010093,대신증권주식회사,D1,대차 및 대주거래_대여증권,182988846114,국내증권사,B,SF205,각주항목(09.06월 이후)
12037,202003,0010093,대신증권주식회사,D2,대차 및 대주거래_차입증권,1251764133052,국내증권사,B,SF205,각주항목(09.06월 이후)
12038,202003,0010093,대신증권주식회사,D3,대차 및 대주거래_신용거래대주, ,국내증권사,B,SF205,각주항목(09.06월 이후)
12039,202003,0010093,대신증권주식회사,E,대손상각채권, ,국내증권사,B,SF205,각주항목(09.06월 이후)
12040,202003,0010093,대신증권주식회사,F,환전업무 예치금,5491919,국내증권사,B,SF205,각주항목(09.06월 이후)
12041,202003,0010093,대신증권주식회사,G,미배당별도예치금,1596735413,국내증권사,B,SF205,각주항목(09.06월 이후)
12042,202003,0010093,대신증권주식회사,H,배서어음매출(종금계정),0,국내증권사,B,SF205,각주항목(09.06월 이후)
12043,202003,0010093,대신증권주식회사,H1,대출채권매매이익_담보부, ,국내증권사,B,SF205,각주항목(09.06월 이후)
12044,202003,0010093,대신증권주식회사,H2,대출채권매매이익_무담보부, ,국내증권사,B,SF205,각주항목(09.06월 이후)
12045,202006,0010093,대신증권주식회사,A,채무보증,755900000000,국내증권사,B,SF205,각주항목(09.06월 이후)
12046,202006,0010093,대신증권주식회사,A1,채무보증_지급보증,0,국내증권사,B,SF205,각주항목(09.06월 이후)
12047,202006,0010093,대신증권주식회사,A2,채무보증_매입보장약정, ,국내증권사,B,SF205,각주항목(09.06월 이후)
12048,202006,0010093,대신증권주식회사,A3,채무보증_채무인수약정,0,국내증권사,B,SF205,각주항목(09.06월 이후)
12049,202006,0010093,대신증권주식회사,A5,채무보증_매입확약,755900000000,국내증권사,B,SF205,각주항목(09.06월 이후)
12050,202006,0010093,대신증권주식회사,A6,채무보증_기타,0,국내증권사,B,SF205,각주항목(09.06월 이후)
12051,202006,0010093,대신증권주식회사,B,투자자의 예수증권 등,52169650638153,국내증권사,B,SF205,각주항목(09.06월 이후)
12052,202006,0010093,대신증권주식회사,B1,투자자의 예수증권 등_예수 증권,52169650638153,국내증권사,B,SF205,각주항목(09.06월 이후)
12053,202006,0010093,대신증권주식회사,B2,투자자의 예수증권 등_예수양도성예금증서,0,국내증권사,B,SF205,각주항목(09.06월 이후)
12054,202006,0010093,대신증권주식회사,B3,투자자의 예수증권 등_기타,0,국내증권사,B,SF205,각주항목(09.06월 이후)
12055,202006,0010093,대신증권주식회사,C,파생상품계약,40459068201607,국내증권사,B,SF205,각주항목(09.06월 이후)
12056,202006,0010093,대신증권주식회사,C1,파생상품계약_장내파생상품,4783974515731,국내증권사,B,SF205,각주항목(09.06월 이후)
12057,202006,0010093,대신증권주식회사,C11,파생상품계약_장내파생상품_이자율관련거래,3411503530712,국내증권사,B,SF205,각주항목(09.06월 이후)
12058,202006,0010093,대신증권주식회사,C12,파생상품계약_장내파생상품_통화관련거래,26244005000,국내증권사,B,SF205,각주항목(09.06월 이후)
12059,202006,0010093,대신증권주식회사,C13,파생상품계약_장내파생상품_주식관련거래,50762754408,국내증권사,B,SF205,각주항목(09.06월 이후)
12060,202006,0010093,대신증권주식회사,C14,파생상품계약_장내파생상품_일반상품관련거래,2101176972,국내증권사,B,SF205,각주항목(09.06월 이후)
12061,202006,0010093,대신증권주식회사,C15,파생상품계약_장내파생상품_기타,1293363048639,국내증권사,B,SF205,각주항목(09.06월 이후)
12062,202006,0010093,대신증권주식회사,C2,파생상품계약_장외파생상품,35675093685876,국내증권사,B,SF205,각주항목(09.06월 이후)
12063,202006,0010093,대신증권주식회사,C21,파생상품계약_장외파생상품_이자율관련거래,29444049170410,국내증권사,B,SF205,각주항목(09.06월 이후)
12064,202006,0010093,대신증권주식회사,C22,파생상품계약_장외파생상품_통화관련거래,2720937418310,국내증권사,B,SF205,각주항목(09.06월 이후)
12065,202006,0010093,대신증권주식회사,C23,파생상품계약_장외파생상품_주식관련거래,1031868710505,국내증권사,B,SF205,각주항목(09.06월 이후)
12066,202006,0010093,대신증권주식회사,C24,파생상품계약_장외파생상품_신용관련거래,2118576544351,국내증권사,B,SF205,각주항목(09.06월 이후)
12067,202006,0010093,대신증권주식회사,C25,파생상품계약_장외파생상품_기타,359661842300,국내증권사,B,SF205,각주항목(09.06월 이후)
12068,202006,0010093,대신증권주식회사,D,대차 및 대주거래,1384686895238,국내증권사,B,SF205,각주항목(09.06월 이후)
12069,202006,0010093,대신증권주식회사,D1,대차 및 대주거래_대여증권,87148002307,국내증권사,B,SF205,각주항목(09.06월 이후)
12070,202006,0010093,대신증권주식회사,D2,대차 및 대주거래_차입증권,1297538892931,국내증권사,B,SF205,각주항목(09.06월 이후)
12071,202006,0010093,대신증권주식회사,D3,대차 및 대주거래_신용거래대주,0,국내증권사,B,SF205,각주항목(09.06월 이후)
12072,202006,0010093,대신증권주식회사,E,대손상각채권,125044228,국내증권사,B,SF205,각주항목(09.06월 이후)
12073,202006,0010093,대신증권주식회사,F,환전업무 예치금,5393544,국내증권사,B,SF205,각주항목(09.06월 이후)
12074,202006,0010093,대신증권주식회사,G,미배당별도예치금,4273779224,국내증권사,B,SF205,각주항목(09.06월 이후)
12075,202006,0010093,대신증권주식회사,H,배서어음매출(종금계정),0,국내증권사,B,SF205,각주항목(09.06월 이후)
12076,202006,0010093,대신증권주식회사,H1,대출채권매매이익_담보부, ,국내증권사,B,SF205,각주항목(09.06월 이후)
12077,202006,0010093,대신증권주식회사,H2,대출채권매매이익_무담보부, ,국내증권사,B,SF205,각주항목(09.06월 이후)
12078,202009,0010093,대신증권주식회사,A,채무보증,678800000000,국내증권사,B,SF205,각주항목(09.06월 이후)
12079,202009,0010093,대신증권주식회사,A1,채무보증_지급보증,0,국내증권사,B,SF205,각주항목(09.06월 이후)
12080,202009,0010093,대신증권주식회사,A2,채무보증_매입보장약정, ,국내증권사,B,SF205,각주항목(09.06월 이후)
12081,202009,0010093,대신증권주식회사,A3,채무보증_채무인수약정,0,국내증권사,B,SF205,각주항목(09.06월 이후)
12082,202009,0010093,대신증권주식회사,A5,채무보증_매입확약,678800000000,국내증권사,B,SF205,각주항목(09.06월 이후)
12083,202009,0010093,대신증권주식회사,A6,채무보증_기타,0,국내증권사,B,SF205,각주항목(09.06월 이후)
12084,202009,0010093,대신증권주식회사,B,투자자의 예수증권 등,59378037553282,국내증권사,B,SF205,각주항목(09.06월 이후)
12085,202009,0010093,대신증권주식회사,B1,투자자의 예수증권 등_예수 증권,59378037553282,국내증권사,B,SF205,각주항목(09.06월 이후)
12086,202009,0010093,대신증권주식회사,B2,투자자의 예수증권 등_예수양도성예금증서,0,국내증권사,B,SF205,각주항목(09.06월 이후)
12087,202009,0010093,대신증권주식회사,B3,투자자의 예수증권 등_기타,0,국내증권사,B,SF205,각주항목(09.06월 이후)
12088,202009,0010093,대신증권주식회사,C,파생상품계약,36767411491344,국내증권사,B,SF205,각주항목(09.06월 이후)
12089,202009,0010093,대신증권주식회사,C1,파생상품계약_장내파생상품,5415933817583,국내증권사,B,SF205,각주항목(09.06월 이후)
12090,202009,0010093,대신증권주식회사,C11,파생상품계약_장내파생상품_이자율관련거래,3824743495757,국내증권사,B,SF205,각주항목(09.06월 이후)
12091,202009,0010093,대신증권주식회사,C12,파생상품계약_장내파생상품_통화관련거래,15308002000,국내증권사,B,SF205,각주항목(09.06월 이후)
12092,202009,0010093,대신증권주식회사,C13,파생상품계약_장내파생상품_주식관련거래,55962859781,국내증권사,B,SF205,각주항목(09.06월 이후)
12093,202009,0010093,대신증권주식회사,C14,파생상품계약_장내파생상품_일반상품관련거래,2089615756,국내증권사,B,SF205,각주항목(09.06월 이후)
12094,202009,0010093,대신증권주식회사,C15,파생상품계약_장내파생상품_기타,1517829844289,국내증권사,B,SF205,각주항목(09.06월 이후)
12095,202009,0010093,대신증권주식회사,C2,파생상품계약_장외파생상품,31351477673761,국내증권사,B,SF205,각주항목(09.06월 이후)
12096,202009,0010093,대신증권주식회사,C21,파생상품계약_장외파생상품_이자율관련거래,26247575248122,국내증권사,B,SF205,각주항목(09.06월 이후)
12097,202009,0010093,대신증권주식회사,C22,파생상품계약_장외파생상품_통화관련거래,2093250397843,국내증권사,B,SF205,각주항목(09.06월 이후)
12098,202009,0010093,대신증권주식회사,C23,파생상품계약_장외파생상품_주식관련거래,919544690745,국내증권사,B,SF205,각주항목(09.06월 이후)
12099,202009,0010093,대신증권주식회사,C24,파생상품계약_장외파생상품_신용관련거래,1806056544351,국내증권사,B,SF205,각주항목(09.06월 이후)
12100,202009,0010093,대신증권주식회사,C25,파생상품계약_장외파생상품_기타,285050792700,국내증권사,B,SF205,각주항목(09.06월 이후)
12101,202009,0010093,대신증권주식회사,D,대차 및 대주거래,1129929457609,국내증권사,B,SF205,각주항목(09.06월 이후)
12102,202009,0010093,대신증권주식회사,D1,대차 및 대주거래_대여증권,70741832835,국내증권사,B,SF205,각주항목(09.06월 이후)
12103,202009,0010093,대신증권주식회사,D2,대차 및 대주거래_차입증권,1059187624774,국내증권사,B,SF205,각주항목(09.06월 이후)
12104,202009,0010093,대신증권주식회사,D3,대차 및 대주거래_신용거래대주,0,국내증권사,B,SF205,각주항목(09.06월 이후)
12105,202009,0010093,대신증권주식회사,E,대손상각채권,0,국내증권사,B,SF205,각주항목(09.06월 이후)
12106,202009,0010093,대신증권주식회사,F,환전업무 예치금,5271362,국내증권사,B,SF205,각주항목(09.06월 이후)
12107,202009,0010093,대신증권주식회사,G,미배당별도예치금,6654496933,국내증권사,B,SF205,각주항목(09.06월 이후)
12108,202009,0010093,대신증권주식회사,H,배서어음매출(종금계정),0,국내증권사,B,SF205,각주항목(09.06월 이후)
12109,202009,0010093,대신증권주식회사,H1,대출채권매매이익_담보부, ,국내증권사,B,SF205,각주항목(09.06월 이후)
12110,202009,0010093,대신증권주식회사,H2,대출채권매매이익_무담보부, ,국내증권사,B,SF205,각주항목(09.06월 이후)
12111,202012,0010093,대신증권주식회사,A,채무보증,622700000000,국내증권사,B,SF205,각주항목(09.06월 이후)
12112,202012,0010093,대신증권주식회사,A1,채무보증_지급보증,0,국내증권사,B,SF205,각주항목(09.06월 이후)
12113,202012,0010093,대신증권주식회사,A2,채무보증_매입보장약정, ,국내증권사,B,SF205,각주항목(09.06월 이후)
12114,202012,0010093,대신증권주식회사,A3,채무보증_채무인수약정, ,국내증권사,B,SF205,각주항목(09.06월 이후)
12115,202012,0010093,대신증권주식회사,A5,채무보증_매입확약,622700000000,국내증권사,B,SF205,각주항목(09.06월 이후)
12116,202012,0010093,대신증권주식회사,A6,채무보증_기타, ,국내증권사,B,SF205,각주항목(09.06월 이후)
12117,202012,0010093,대신증권주식회사,B,투자자의 예수증권 등,65091443948304,국내증권사,B,SF205,각주항목(09.06월 이후)
12118,202012,0010093,대신증권주식회사,B1,투자자의 예수증권 등_예수 증권,65091443948304,국내증권사,B,SF205,각주항목(09.06월 이후)
12119,202012,0010093,대신증권주식회사,B2,투자자의 예수증권 등_예수양도성예금증서, ,국내증권사,B,SF205,각주항목(09.06월 이후)
12120,202012,0010093,대신증권주식회사,B3,투자자의 예수증권 등_기타, ,국내증권사,B,SF205,각주항목(09.06월 이후)
12121,202012,0010093,대신증권주식회사,C,파생상품계약,45267260059326,국내증권사,B,SF205,각주항목(09.06월 이후)
12122,202012,0010093,대신증권주식회사,C1,파생상품계약_장내파생상품,5086781628815,국내증권사,B,SF205,각주항목(09.06월 이후)
12123,202012,0010093,대신증권주식회사,C11,파생상품계약_장내파생상품_이자율관련거래,3984174754000,국내증권사,B,SF205,각주항목(09.06월 이후)
12124,202012,0010093,대신증권주식회사,C12,파생상품계약_장내파생상품_통화관련거래,16494880000,국내증권사,B,SF205,각주항목(09.06월 이후)
12125,202012,0010093,대신증권주식회사,C13,파생상품계약_장내파생상품_주식관련거래,56587675630,국내증권사,B,SF205,각주항목(09.06월 이후)
12126,202012,0010093,대신증권주식회사,C14,파생상품계약_장내파생상품_일반상품관련거래,1517844912,국내증권사,B,SF205,각주항목(09.06월 이후)
12127,202012,0010093,대신증권주식회사,C15,파생상품계약_장내파생상품_기타,1028006474273,국내증권사,B,SF205,각주항목(09.06월 이후)
12128,202012,0010093,대신증권주식회사,C2,파생상품계약_장외파생상품,40180478430511,국내증권사,B,SF205,각주항목(09.06월 이후)
12129,202012,0010093,대신증권주식회사,C21,파생상품계약_장외파생상품_이자율관련거래,35160531551520,국내증권사,B,SF205,각주항목(09.06월 이후)
12130,202012,0010093,대신증권주식회사,C22,파생상품계약_장외파생상품_통화관련거래,2196768066096,국내증권사,B,SF205,각주항목(09.06월 이후)
12131,202012,0010093,대신증권주식회사,C23,파생상품계약_장외파생상품_주식관련거래,857821777936,국내증권사,B,SF205,각주항목(09.06월 이후)
12132,202012,0010093,대신증권주식회사,C24,파생상품계약_장외파생상품_신용관련거래,1791239113359,국내증권사,B,SF205,각주항목(09.06월 이후)
12133,202012,0010093,대신증권주식회사,C25,파생상품계약_장외파생상품_기타,174117921600,국내증권사,B,SF205,각주항목(09.06월 이후)
12134,202012,0010093,대신증권주식회사,D,대차 및 대주거래,1077728154735,국내증권사,B,SF205,각주항목(09.06월 이후)
12135,202012,0010093,대신증권주식회사,D1,대차 및 대주거래_대여증권,55843324068,국내증권사,B,SF205,각주항목(09.06월 이후)
12136,202012,0010093,대신증권주식회사,D2,대차 및 대주거래_차입증권,1021884830667,국내증권사,B,SF205,각주항목(09.06월 이후)
12137,202012,0010093,대신증권주식회사,D3,대차 및 대주거래_신용거래대주, ,국내증권사,B,SF205,각주항목(09.06월 이후)
12138,202012,0010093,대신증권주식회사,E,대손상각채권, ,국내증권사,B,SF205,각주항목(09.06월 이후)
12139,202012,0010093,대신증권주식회사,F,환전업무 예치금,2863028,국내증권사,B,SF205,각주항목(09.06월 이후)
12140,202012,0010093,대신증권주식회사,G,미배당별도예치금,79801644,국내증권사,B,SF205,각주항목(09.06월 이후)
12141,202012,0010093,대신증권주식회사,H,배서어음매출(종금계정),0,국내증권사,B,SF205,각주항목(09.06월 이후)
12142,202012,0010093,대신증권주식회사,H1,대출채권매매이익_담보부, ,국내증권사,B,SF205,각주항목(09.06월 이후)
12143,202012,0010093,대신증권주식회사,H2,대출채권매매이익_무담보부, ,국내증권사,B,SF205,각주항목(09.06월 이후)
12144,202103,0010093,대신증권주식회사,A,채무보증,629300000000,국내증권사,B,SF205,각주항목(09.06월 이후)
12145,202103,0010093,대신증권주식회사,A1,채무보증_지급보증,0,국내증권사,B,SF205,각주항목(09.06월 이후)
12146,202103,0010093,대신증권주식회사,A2,채무보증_매입보장약정, ,국내증권사,B,SF205,각주항목(09.06월 이후)
12147,202103,0010093,대신증권주식회사,A3,채무보증_채무인수약정, ,국내증권사,B,SF205,각주항목(09.06월 이후)
12148,202103,0010093,대신증권주식회사,A5,채무보증_매입확약,629300000000,국내증권사,B,SF205,각주항목(09.06월 이후)
12149,202103,0010093,대신증권주식회사,A6,채무보증_기타, ,국내증권사,B,SF205,각주항목(09.06월 이후)
12150,202103,0010093,대신증권주식회사,B,투자자의 예수증권 등,70945046700642,국내증권사,B,SF205,각주항목(09.06월 이후)
12151,202103,0010093,대신증권주식회사,B1,투자자의 예수증권 등_예수 증권,70945046700642,국내증권사,B,SF205,각주항목(09.06월 이후)
12152,202103,0010093,대신증권주식회사,B2,투자자의 예수증권 등_예수양도성예금증서, ,국내증권사,B,SF205,각주항목(09.06월 이후)
12153,202103,0010093,대신증권주식회사,B3,투자자의 예수증권 등_기타, ,국내증권사,B,SF205,각주항목(09.06월 이후)
12154,202103,0010093,대신증권주식회사,C,파생상품계약,32666953249106,국내증권사,B,SF205,각주항목(09.06월 이후)
12155,202103,0010093,대신증권주식회사,C1,파생상품계약_장내파생상품,5631688045856,국내증권사,B,SF205,각주항목(09.06월 이후)
12156,202103,0010093,대신증권주식회사,C11,파생상품계약_장내파생상품_이자율관련거래,3124311613300,국내증권사,B,SF205,각주항목(09.06월 이후)
12157,202103,0010093,대신증권주식회사,C12,파생상품계약_장내파생상품_통화관련거래,11786597000,국내증권사,B,SF205,각주항목(09.06월 이후)
12158,202103,0010093,대신증권주식회사,C13,파생상품계약_장내파생상품_주식관련거래,35830806837,국내증권사,B,SF205,각주항목(09.06월 이후)
12159,202103,0010093,대신증권주식회사,C14,파생상품계약_장내파생상품_일반상품관련거래,1603459,국내증권사,B,SF205,각주항목(09.06월 이후)
12160,202103,0010093,대신증권주식회사,C15,파생상품계약_장내파생상품_기타,2459757425260,국내증권사,B,SF205,각주항목(09.06월 이후)
12161,202103,0010093,대신증권주식회사,C2,파생상품계약_장외파생상품,27035265203250,국내증권사,B,SF205,각주항목(09.06월 이후)
12162,202103,0010093,대신증권주식회사,C21,파생상품계약_장외파생상품_이자율관련거래,22881141471340,국내증권사,B,SF205,각주항목(09.06월 이후)
12163,202103,0010093,대신증권주식회사,C22,파생상품계약_장외파생상품_통화관련거래,1906841448991,국내증권사,B,SF205,각주항목(09.06월 이후)
12164,202103,0010093,대신증권주식회사,C23,파생상품계약_장외파생상품_주식관련거래,287478169560,국내증권사,B,SF205,각주항목(09.06월 이후)
12165,202103,0010093,대신증권주식회사,C24,파생상품계약_장외파생상품_신용관련거래,1791239113359,국내증권사,B,SF205,각주항목(09.06월 이후)
12166,202103,0010093,대신증권주식회사,C25,파생상품계약_장외파생상품_기타,168565000000,국내증권사,B,SF205,각주항목(09.06월 이후)
12167,202103,0010093,대신증권주식회사,D,대차 및 대주거래,646973652734,국내증권사,B,SF205,각주항목(09.06월 이후)
12168,202103,0010093,대신증권주식회사,D1,대차 및 대주거래_대여증권,19148976887,국내증권사,B,SF205,각주항목(09.06월 이후)
12169,202103,0010093,대신증권주식회사,D2,대차 및 대주거래_차입증권,627824675847,국내증권사,B,SF205,각주항목(09.06월 이후)
12170,202103,0010093,대신증권주식회사,D3,대차 및 대주거래_신용거래대주, ,국내증권사,B,SF205,각주항목(09.06월 이후)
12171,202103,0010093,대신증권주식회사,E,대손상각채권, ,국내증권사,B,SF205,각주항목(09.06월 이후)
12172,202103,0010093,대신증권주식회사,F,환전업무 예치금,2982759,국내증권사,B,SF205,각주항목(09.06월 이후)
12173,202103,0010093,대신증권주식회사,G,미배당별도예치금,1831168397,국내증권사,B,SF205,각주항목(09.06월 이후)
12174,202103,0010093,대신증권주식회사,H,배서어음매출(종금계정),0,국내증권사,B,SF205,각주항목(09.06월 이후)
12175,202103,0010093,대신증권주식회사,H1,대출채권매매이익_담보부, ,국내증권사,B,SF205,각주항목(09.06월 이후)
12176,202103,0010093,대신증권주식회사,H2,대출채권매매이익_무담보부, ,국내증권사,B,SF205,각주항목(09.06월 이후)
12177,202106,0010093,대신증권주식회사,A,채무보증,907100000000,국내증권사,B,SF205,각주항목(09.06월 이후)
12178,202106,0010093,대신증권주식회사,A1,채무보증_지급보증,0,국내증권사,B,SF205,각주항목(09.06월 이후)
12179,202106,0010093,대신증권주식회사,A2,채무보증_매입보장약정, ,국내증권사,B,SF205,각주항목(09.06월 이후)
12180,202106,0010093,대신증권주식회사,A3,채무보증_채무인수약정, ,국내증권사,B,SF205,각주항목(09.06월 이후)
12181,202106,0010093,대신증권주식회사,A5,채무보증_매입확약,907100000000,국내증권사,B,SF205,각주항목(09.06월 이후)
12182,202106,0010093,대신증권주식회사,A6,채무보증_기타, ,국내증권사,B,SF205,각주항목(09.06월 이후)
12183,202106,0010093,대신증권주식회사,B,투자자의 예수증권 등,81614406946425,국내증권사,B,SF205,각주항목(09.06월 이후)
12184,202106,0010093,대신증권주식회사,B1,투자자의 예수증권 등_예수 증권,81614406946425,국내증권사,B,SF205,각주항목(09.06월 이후)
12185,202106,0010093,대신증권주식회사,B2,투자자의 예수증권 등_예수양도성예금증서, ,국내증권사,B,SF205,각주항목(09.06월 이후)
12186,202106,0010093,대신증권주식회사,B3,투자자의 예수증권 등_기타, ,국내증권사,B,SF205,각주항목(09.06월 이후)
12187,202106,0010093,대신증권주식회사,C,파생상품계약,30325790349195,국내증권사,B,SF205,각주항목(09.06월 이후)
12188,202106,0010093,대신증권주식회사,C1,파생상품계약_장내파생상품,4853145093155,국내증권사,B,SF205,각주항목(09.06월 이후)
12189,202106,0010093,대신증권주식회사,C11,파생상품계약_장내파생상품_이자율관련거래,2684296352735,국내증권사,B,SF205,각주항목(09.06월 이후)
12190,202106,0010093,대신증권주식회사,C12,파생상품계약_장내파생상품_통화관련거래,28833910000,국내증권사,B,SF205,각주항목(09.06월 이후)
12191,202106,0010093,대신증권주식회사,C13,파생상품계약_장내파생상품_주식관련거래,65306079790,국내증권사,B,SF205,각주항목(09.06월 이후)
12192,202106,0010093,대신증권주식회사,C14,파생상품계약_장내파생상품_일반상품관련거래,1499862,국내증권사,B,SF205,각주항목(09.06월 이후)
12193,202106,0010093,대신증권주식회사,C15,파생상품계약_장내파생상품_기타,2074707250768,국내증권사,B,SF205,각주항목(09.06월 이후)
12194,202106,0010093,대신증권주식회사,C2,파생상품계약_장외파생상품,25472645256040,국내증권사,B,SF205,각주항목(09.06월 이후)
12195,202106,0010093,대신증권주식회사,C21,파생상품계약_장외파생상품_이자율관련거래,21731883885200,국내증권사,B,SF205,각주항목(09.06월 이후)
12196,202106,0010093,대신증권주식회사,C22,파생상품계약_장외파생상품_통화관련거래,1774577579881,국내증권사,B,SF205,각주항목(09.06월 이후)
12197,202106,0010093,대신증권주식회사,C23,파생상품계약_장외파생상품_주식관련거래,215039077600,국내증권사,B,SF205,각주항목(09.06월 이후)
12198,202106,0010093,대신증권주식회사,C24,파생상품계약_장외파생상품_신용관련거래,1590644713359,국내증권사,B,SF205,각주항목(09.06월 이후)
12199,202106,0010093,대신증권주식회사,C25,파생상품계약_장외파생상품_기타,160500000000,국내증권사,B,SF205,각주항목(09.06월 이후)
12200,202106,0010093,대신증권주식회사,D,대차 및 대주거래,608745575857,국내증권사,B,SF205,각주항목(09.06월 이후)
12201,202106,0010093,대신증권주식회사,D1,대차 및 대주거래_대여증권,13169964371,국내증권사,B,SF205,각주항목(09.06월 이후)
12202,202106,0010093,대신증권주식회사,D2,대차 및 대주거래_차입증권,595575611486,국내증권사,B,SF205,각주항목(09.06월 이후)
12203,202106,0010093,대신증권주식회사,D3,대차 및 대주거래_신용거래대주, ,국내증권사,B,SF205,각주항목(09.06월 이후)
12204,202106,0010093,대신증권주식회사,E,대손상각채권, ,국내증권사,B,SF205,각주항목(09.06월 이후)
12205,202106,0010093,대신증권주식회사,F,환전업무 예치금,2973549,국내증권사,B,SF205,각주항목(09.06월 이후)
12206,202106,0010093,대신증권주식회사,G,미배당별도예치금,3428606096,국내증권사,B,SF205,각주항목(09.06월 이후)
12207,202106,0010093,대신증권주식회사,H,배서어음매출(종금계정),0,국내증권사,B,SF205,각주항목(09.06월 이후)
12208,202106,0010093,대신증권주식회사,H1,대출채권매매이익_담보부,0,국내증권사,B,SF205,각주항목(09.06월 이후)
12209,202106,0010093,대신증권주식회사,H2,대출채권매매이익_무담보부,0,국내증권사,B,SF205,각주항목(09.06월 이후)
12210,202109,0010093,대신증권주식회사,A,채무보증,1096400000000,국내증권사,B,SF205,각주항목(09.06월 이후)
12211,202109,0010093,대신증권주식회사,A1,채무보증_지급보증,0,국내증권사,B,SF205,각주항목(09.06월 이후)
12212,202109,0010093,대신증권주식회사,A2,채무보증_매입보장약정, ,국내증권사,B,SF205,각주항목(09.06월 이후)
12213,202109,0010093,대신증권주식회사,A3,채무보증_채무인수약정,0,국내증권사,B,SF205,각주항목(09.06월 이후)
12214,202109,0010093,대신증권주식회사,A5,채무보증_매입확약,1096400000000,국내증권사,B,SF205,각주항목(09.06월 이후)
12215,202109,0010093,대신증권주식회사,A6,채무보증_기타,0,국내증권사,B,SF205,각주항목(09.06월 이후)
12216,202109,0010093,대신증권주식회사,B,투자자의 예수증권 등,85514718700757,국내증권사,B,SF205,각주항목(09.06월 이후)
12217,202109,0010093,대신증권주식회사,B1,투자자의 예수증권 등_예수 증권,85514718700757,국내증권사,B,SF205,각주항목(09.06월 이후)
12218,202109,0010093,대신증권주식회사,B2,투자자의 예수증권 등_예수양도성예금증서,0,국내증권사,B,SF205,각주항목(09.06월 이후)
12219,202109,0010093,대신증권주식회사,B3,투자자의 예수증권 등_기타,0,국내증권사,B,SF205,각주항목(09.06월 이후)
12220,202109,0010093,대신증권주식회사,C,파생상품계약,29767585005066,국내증권사,B,SF205,각주항목(09.06월 이후)
12221,202109,0010093,대신증권주식회사,C1,파생상품계약_장내파생상품,4965139590570,국내증권사,B,SF205,각주항목(09.06월 이후)
12222,202109,0010093,대신증권주식회사,C11,파생상품계약_장내파생상품_이자율관련거래,3019711100202,국내증권사,B,SF205,각주항목(09.06월 이후)
12223,202109,0010093,대신증권주식회사,C12,파생상품계약_장내파생상품_통화관련거래,17910640000,국내증권사,B,SF205,각주항목(09.06월 이후)
12224,202109,0010093,대신증권주식회사,C13,파생상품계약_장내파생상품_주식관련거래,41175463166,국내증권사,B,SF205,각주항목(09.06월 이후)
12225,202109,0010093,대신증권주식회사,C14,파생상품계약_장내파생상품_일반상품관련거래,2724023,국내증권사,B,SF205,각주항목(09.06월 이후)
12226,202109,0010093,대신증권주식회사,C15,파생상품계약_장내파생상품_기타,1886339663179,국내증권사,B,SF205,각주항목(09.06월 이후)
12227,202109,0010093,대신증권주식회사,C2,파생상품계약_장외파생상품,24802445414496,국내증권사,B,SF205,각주항목(09.06월 이후)
12228,202109,0010093,대신증권주식회사,C21,파생상품계약_장외파생상품_이자율관련거래,20509595127796,국내증권사,B,SF205,각주항목(09.06월 이후)
12229,202109,0010093,대신증권주식회사,C22,파생상품계약_장외파생상품_통화관련거래,2368516862521,국내증권사,B,SF205,각주항목(09.06월 이후)
12230,202109,0010093,대신증권주식회사,C23,파생상품계약_장외파생상품_주식관련거래,262661710820,국내증권사,B,SF205,각주항목(09.06월 이후)
12231,202109,0010093,대신증권주식회사,C24,파생상품계약_장외파생상품_신용관련거래,1590644713359,국내증권사,B,SF205,각주항목(09.06월 이후)
12232,202109,0010093,대신증권주식회사,C25,파생상품계약_장외파생상품_기타,71027000000,국내증권사,B,SF205,각주항목(09.06월 이후)
12233,202109,0010093,대신증권주식회사,D,대차 및 대주거래,540897821888,국내증권사,B,SF205,각주항목(09.06월 이후)
12234,202109,0010093,대신증권주식회사,D1,대차 및 대주거래_대여증권,14113446494,국내증권사,B,SF205,각주항목(09.06월 이후)
12235,202109,0010093,대신증권주식회사,D2,대차 및 대주거래_차입증권,526784375394,국내증권사,B,SF205,각주항목(09.06월 이후)
12236,202109,0010093,대신증권주식회사,D3,대차 및 대주거래_신용거래대주,0,국내증권사,B,SF205,각주항목(09.06월 이후)
12237,202109,0010093,대신증권주식회사,E,대손상각채권,0,국내증권사,B,SF205,각주항목(09.06월 이후)
12238,202109,0010093,대신증권주식회사,F,환전업무 예치금,3118016,국내증권사,B,SF205,각주항목(09.06월 이후)
12239,202109,0010093,대신증권주식회사,G,미배당별도예치금,4675233441,국내증권사,B,SF205,각주항목(09.06월 이후)
12240,202109,0010093,대신증권주식회사,H,배서어음매출(종금계정),0,국내증권사,B,SF205,각주항목(09.06월 이후)
12241,202109,0010093,대신증권주식회사,H1,대출채권매매이익_담보부,0,국내증권사,B,SF205,각주항목(09.06월 이후)
12242,202109,0010093,대신증권주식회사,H2,대출채권매매이익_무담보부,0,국내증권사,B,SF205,각주항목(09.06월 이후)
12243,202112,0010093,대신증권주식회사,A,채무보증,1203600000000,국내증권사,B,SF205,각주항목(09.06월 이후)
12244,202112,0010093,대신증권주식회사,A1,채무보증_지급보증,0,국내증권사,B,SF205,각주항목(09.06월 이후)
12245,202112,0010093,대신증권주식회사,A2,채무보증_매입보장약정, ,국내증권사,B,SF205,각주항목(09.06월 이후)
12246,202112,0010093,대신증권주식회사,A3,채무보증_채무인수약정,0,국내증권사,B,SF205,각주항목(09.06월 이후)
12247,202112,0010093,대신증권주식회사,A5,채무보증_매입확약,1203600000000,국내증권사,B,SF205,각주항목(09.06월 이후)
12248,202112,0010093,대신증권주식회사,A6,채무보증_기타,0,국내증권사,B,SF205,각주항목(09.06월 이후)
12249,202112,0010093,대신증권주식회사,B,투자자의 예수증권 등,86846262684336,국내증권사,B,SF205,각주항목(09.06월 이후)
12250,202112,0010093,대신증권주식회사,B1,투자자의 예수증권 등_예수 증권,86846262684336,국내증권사,B,SF205,각주항목(09.06월 이후)
12251,202112,0010093,대신증권주식회사,B2,투자자의 예수증권 등_예수양도성예금증서,0,국내증권사,B,SF205,각주항목(09.06월 이후)
12252,202112,0010093,대신증권주식회사,B3,투자자의 예수증권 등_기타,0,국내증권사,B,SF205,각주항목(09.06월 이후)
12253,202112,0010093,대신증권주식회사,C,파생상품계약,29831559427177,국내증권사,B,SF205,각주항목(09.06월 이후)
12254,202112,0010093,대신증권주식회사,C1,파생상품계약_장내파생상품,4550913184795,국내증권사,B,SF205,각주항목(09.06월 이후)
12255,202112,0010093,대신증권주식회사,C11,파생상품계약_장내파생상품_이자율관련거래,2188000893769,국내증권사,B,SF205,각주항목(09.06월 이후)
12256,202112,0010093,대신증권주식회사,C12,파생상품계약_장내파생상품_통화관련거래,23219088000,국내증권사,B,SF205,각주항목(09.06월 이후)
12257,202112,0010093,대신증권주식회사,C13,파생상품계약_장내파생상품_주식관련거래,104589655552,국내증권사,B,SF205,각주항목(09.06월 이후)
12258,202112,0010093,대신증권주식회사,C14,파생상품계약_장내파생상품_일반상품관련거래,543617100,국내증권사,B,SF205,각주항목(09.06월 이후)
12259,202112,0010093,대신증권주식회사,C15,파생상품계약_장내파생상품_기타,2234559930374,국내증권사,B,SF205,각주항목(09.06월 이후)
12260,202112,0010093,대신증권주식회사,C2,파생상품계약_장외파생상품,25280646242382,국내증권사,B,SF205,각주항목(09.06월 이후)
12261,202112,0010093,대신증권주식회사,C21,파생상품계약_장외파생상품_이자율관련거래,20440733365420,국내증권사,B,SF205,각주항목(09.06월 이후)
12262,202112,0010093,대신증권주식회사,C22,파생상품계약_장외파생상품_통화관련거래,2654494430662,국내증권사,B,SF205,각주항목(09.06월 이후)
12263,202112,0010093,대신증권주식회사,C23,파생상품계약_장외파생상품_주식관련거래,594830996300,국내증권사,B,SF205,각주항목(09.06월 이후)
12264,202112,0010093,대신증권주식회사,C24,파생상품계약_장외파생상품_신용관련거래,1576132450000,국내증권사,B,SF205,각주항목(09.06월 이후)
12265,202112,0010093,대신증권주식회사,C25,파생상품계약_장외파생상품_기타,14455000000,국내증권사,B,SF205,각주항목(09.06월 이후)
12266,202112,0010093,대신증권주식회사,D,대차 및 대주거래,824227457696,국내증권사,B,SF205,각주항목(09.06월 이후)
12267,202112,0010093,대신증권주식회사,D1,대차 및 대주거래_대여증권,18787969168,국내증권사,B,SF205,각주항목(09.06월 이후)
12268,202112,0010093,대신증권주식회사,D2,대차 및 대주거래_차입증권,805439488528,국내증권사,B,SF205,각주항목(09.06월 이후)
12269,202112,0010093,대신증권주식회사,D3,대차 및 대주거래_신용거래대주,0,국내증권사,B,SF205,각주항목(09.06월 이후)
12270,202112,0010093,대신증권주식회사,E,대손상각채권,0,국내증권사,B,SF205,각주항목(09.06월 이후)
12271,202112,0010093,대신증권주식회사,F,환전업무 예치금,3119595,국내증권사,B,SF205,각주항목(09.06월 이후)
12272,202112,0010093,대신증권주식회사,G,미배당별도예치금,138506302,국내증권사,B,SF205,각주항목(09.06월 이후)
12273,202112,0010093,대신증권주식회사,H,배서어음매출(종금계정),0,국내증권사,B,SF205,각주항목(09.06월 이후)
12274,202112,0010093,대신증권주식회사,H1,대출채권매매이익_담보부, ,국내증권사,B,SF205,각주항목(09.06월 이후)
12275,202112,0010093,대신증권주식회사,H2,대출채권매매이익_무담보부, ,국내증권사,B,SF205,각주항목(09.06월 이후)
12276,202203,0010093,대신증권주식회사,A,채무보증,1214900000000,국내증권사,B,SF205,각주항목(09.06월 이후)
12277,202203,0010093,대신증권주식회사,A1,채무보증_지급보증,0,국내증권사,B,SF205,각주항목(09.06월 이후)
12278,202203,0010093,대신증권주식회사,A2,채무보증_매입보장약정,0,국내증권사,B,SF205,각주항목(09.06월 이후)
12279,202203,0010093,대신증권주식회사,A3,채무보증_채무인수약정,0,국내증권사,B,SF205,각주항목(09.06월 이후)
12280,202203,0010093,대신증권주식회사,A5,채무보증_매입확약,1214900000000,국내증권사,B,SF205,각주항목(09.06월 이후)
12281,202203,0010093,대신증권주식회사,A6,채무보증_기타,0,국내증권사,B,SF205,각주항목(09.06월 이후)
12282,202203,0010093,대신증권주식회사,B,투자자의 예수증권 등,83859877143084,국내증권사,B,SF205,각주항목(09.06월 이후)
12283,202203,0010093,대신증권주식회사,B1,투자자의 예수증권 등_예수 증권,83859877143084,국내증권사,B,SF205,각주항목(09.06월 이후)
12284,202203,0010093,대신증권주식회사,B2,투자자의 예수증권 등_예수양도성예금증서,0,국내증권사,B,SF205,각주항목(09.06월 이후)
12285,202203,0010093,대신증권주식회사,B3,투자자의 예수증권 등_기타,0,국내증권사,B,SF205,각주항목(09.06월 이후)
12286,202203,0010093,대신증권주식회사,C,파생상품계약,34266772876943,국내증권사,B,SF205,각주항목(09.06월 이후)
12287,202203,0010093,대신증권주식회사,C1,파생상품계약_장내파생상품,4714940412087,국내증권사,B,SF205,각주항목(09.06월 이후)
12288,202203,0010093,대신증권주식회사,C11,파생상품계약_장내파생상품_이자율관련거래,1848569274738,국내증권사,B,SF205,각주항목(09.06월 이후)
12289,202203,0010093,대신증권주식회사,C12,파생상품계약_장내파생상품_통화관련거래,29451314000,국내증권사,B,SF205,각주항목(09.06월 이후)
12290,202203,0010093,대신증권주식회사,C13,파생상품계약_장내파생상품_주식관련거래,65296815783,국내증권사,B,SF205,각주항목(09.06월 이후)
12291,202203,0010093,대신증권주식회사,C14,파생상품계약_장내파생상품_일반상품관련거래,0,국내증권사,B,SF205,각주항목(09.06월 이후)
12292,202203,0010093,대신증권주식회사,C15,파생상품계약_장내파생상품_기타,2771623007566,국내증권사,B,SF205,각주항목(09.06월 이후)
12293,202203,0010093,대신증권주식회사,C2,파생상품계약_장외파생상품,29551832464856,국내증권사,B,SF205,각주항목(09.06월 이후)
12294,202203,0010093,대신증권주식회사,C21,파생상품계약_장외파생상품_이자율관련거래,22904343565232,국내증권사,B,SF205,각주항목(09.06월 이후)
12295,202203,0010093,대신증권주식회사,C22,파생상품계약_장외파생상품_통화관련거래,3265820137224,국내증권사,B,SF205,각주항목(09.06월 이후)
12296,202203,0010093,대신증권주식회사,C23,파생상품계약_장외파생상품_주식관련거래,674026362400,국내증권사,B,SF205,각주항목(09.06월 이후)
12297,202203,0010093,대신증권주식회사,C24,파생상품계약_장외파생상품_신용관련거래,1724587650000,국내증권사,B,SF205,각주항목(09.06월 이후)
12298,202203,0010093,대신증권주식회사,C25,파생상품계약_장외파생상품_기타,983054750000,국내증권사,B,SF205,각주항목(09.06월 이후)
12299,202203,0010093,대신증권주식회사,D,대차 및 대주거래,1089839756354,국내증권사,B,SF205,각주항목(09.06월 이후)
12300,202203,0010093,대신증권주식회사,D1,대차 및 대주거래_대여증권,21384255792,국내증권사,B,SF205,각주항목(09.06월 이후)
12301,202203,0010093,대신증권주식회사,D2,대차 및 대주거래_차입증권,1068455500562,국내증권사,B,SF205,각주항목(09.06월 이후)
12302,202203,0010093,대신증권주식회사,D3,대차 및 대주거래_신용거래대주,0,국내증권사,B,SF205,각주항목(09.06월 이후)
12303,202203,0010093,대신증권주식회사,E,대손상각채권,0,국내증권사,B,SF205,각주항목(09.06월 이후)
12304,202203,0010093,대신증권주식회사,F,환전업무 예치금,0,국내증권사,B,SF205,각주항목(09.06월 이후)
12305,202203,0010093,대신증권주식회사,G,미배당별도예치금,765585772,국내증권사,B,SF205,각주항목(09.06월 이후)
12306,202203,0010093,대신증권주식회사,H,배서어음매출(종금계정),0,국내증권사,B,SF205,각주항목(09.06월 이후)
12307,202203,0010093,대신증권주식회사,H1,대출채권매매이익_담보부,0,국내증권사,B,SF205,각주항목(09.06월 이후)
12308,202203,0010093,대신증권주식회사,H2,대출채권매매이익_무담보부,0,국내증권사,B,SF205,각주항목(09.06월 이후)
12309,202206,0010093,대신증권주식회사,A,채무보증,1364200000000,국내증권사,B,SF205,각주항목(09.06월 이후)
12310,202206,0010093,대신증권주식회사,A1,채무보증_지급보증,0,국내증권사,B,SF205,각주항목(09.06월 이후)
12311,202206,0010093,대신증권주식회사,A2,채무보증_매입보장약정,0,국내증권사,B,SF205,각주항목(09.06월 이후)
12312,202206,0010093,대신증권주식회사,A3,채무보증_채무인수약정,0,국내증권사,B,SF205,각주항목(09.06월 이후)
12313,202206,0010093,대신증권주식회사,A5,채무보증_매입확약,1364200000000,국내증권사,B,SF205,각주항목(09.06월 이후)
12314,202206,0010093,대신증권주식회사,A6,채무보증_기타,0,국내증권사,B,SF205,각주항목(09.06월 이후)
12315,202206,0010093,대신증권주식회사,B,투자자의 예수증권 등,69570747749086,국내증권사,B,SF205,각주항목(09.06월 이후)
12316,202206,0010093,대신증권주식회사,B1,투자자의 예수증권 등_예수 증권,69570747749086,국내증권사,B,SF205,각주항목(09.06월 이후)
12317,202206,0010093,대신증권주식회사,B2,투자자의 예수증권 등_예수양도성예금증서,0,국내증권사,B,SF205,각주항목(09.06월 이후)
12318,202206,0010093,대신증권주식회사,B3,투자자의 예수증권 등_기타,0,국내증권사,B,SF205,각주항목(09.06월 이후)
12319,202206,0010093,대신증권주식회사,C,파생상품계약,34726048934682,국내증권사,B,SF205,각주항목(09.06월 이후)
12320,202206,0010093,대신증권주식회사,C1,파생상품계약_장내파생상품,4356748915796,국내증권사,B,SF205,각주항목(09.06월 이후)
12321,202206,0010093,대신증권주식회사,C11,파생상품계약_장내파생상품_이자율관련거래,1256207903488,국내증권사,B,SF205,각주항목(09.06월 이후)
12322,202206,0010093,대신증권주식회사,C12,파생상품계약_장내파생상품_통화관련거래,17207804000,국내증권사,B,SF205,각주항목(09.06월 이후)
12323,202206,0010093,대신증권주식회사,C13,파생상품계약_장내파생상품_주식관련거래,75161584117,국내증권사,B,SF205,각주항목(09.06월 이후)
12324,202206,0010093,대신증권주식회사,C14,파생상품계약_장내파생상품_일반상품관련거래,0,국내증권사,B,SF205,각주항목(09.06월 이후)
12325,202206,0010093,대신증권주식회사,C15,파생상품계약_장내파생상품_기타,3008171624191,국내증권사,B,SF205,각주항목(09.06월 이후)
12326,202206,0010093,대신증권주식회사,C2,파생상품계약_장외파생상품,30369300018886,국내증권사,B,SF205,각주항목(09.06월 이후)
12327,202206,0010093,대신증권주식회사,C21,파생상품계약_장외파생상품_이자율관련거래,24313941880058,국내증권사,B,SF205,각주항목(09.06월 이후)
12328,202206,0010093,대신증권주식회사,C22,파생상품계약_장외파생상품_통화관련거래,2905004116488,국내증권사,B,SF205,각주항목(09.06월 이후)
12329,202206,0010093,대신증권주식회사,C23,파생상품계약_장외파생상품_주식관련거래,764623004340,국내증권사,B,SF205,각주항목(09.06월 이후)
12330,202206,0010093,대신증권주식회사,C24,파생상품계약_장외파생상품_신용관련거래,1403049600000,국내증권사,B,SF205,각주항목(09.06월 이후)
12331,202206,0010093,대신증권주식회사,C25,파생상품계약_장외파생상품_기타,982681418000,국내증권사,B,SF205,각주항목(09.06월 이후)
12332,202206,0010093,대신증권주식회사,D,대차 및 대주거래,1157301316341,국내증권사,B,SF205,각주항목(09.06월 이후)
12333,202206,0010093,대신증권주식회사,D1,대차 및 대주거래_대여증권,16491941218,국내증권사,B,SF205,각주항목(09.06월 이후)
12334,202206,0010093,대신증권주식회사,D2,대차 및 대주거래_차입증권,1140809375123,국내증권사,B,SF205,각주항목(09.06월 이후)
12335,202206,0010093,대신증권주식회사,D3,대차 및 대주거래_신용거래대주,0,국내증권사,B,SF205,각주항목(09.06월 이후)
12336,202206,0010093,대신증권주식회사,E,대손상각채권,0,국내증권사,B,SF205,각주항목(09.06월 이후)
12337,202206,0010093,대신증권주식회사,F,환전업무 예치금,0,국내증권사,B,SF205,각주항목(09.06월 이후)
12338,202206,0010093,대신증권주식회사,G,미배당별도예치금,1165442176,국내증권사,B,SF205,각주항목(09.06월 이후)
12339,202206,0010093,대신증권주식회사,H,배서어음매출(종금계정),0,국내증권사,B,SF205,각주항목(09.06월 이후)
12340,202206,0010093,대신증권주식회사,H1,대출채권매매이익_담보부,0,국내증권사,B,SF205,각주항목(09.06월 이후)
12341,202206,0010093,대신증권주식회사,H2,대출채권매매이익_무담보부,0,국내증권사,B,SF205,각주항목(09.06월 이후)
12342,202209,0010093,대신증권주식회사,A,채무보증,1416200000000,국내증권사,B,SF205,각주항목(09.06월 이후)
12343,202209,0010093,대신증권주식회사,A1,채무보증_지급보증,0,국내증권사,B,SF205,각주항목(09.06월 이후)
12344,202209,0010093,대신증권주식회사,A2,채무보증_매입보장약정,0,국내증권사,B,SF205,각주항목(09.06월 이후)
12345,202209,0010093,대신증권주식회사,A3,채무보증_채무인수약정,0,국내증권사,B,SF205,각주항목(09.06월 이후)
12346,202209,0010093,대신증권주식회사,A5,채무보증_매입확약,1416200000000,국내증권사,B,SF205,각주항목(09.06월 이후)
12347,202209,0010093,대신증권주식회사,A6,채무보증_기타,0,국내증권사,B,SF205,각주항목(09.06월 이후)
12348,202209,0010093,대신증권주식회사,B,투자자의 예수증권 등,68716171438880,국내증권사,B,SF205,각주항목(09.06월 이후)
12349,202209,0010093,대신증권주식회사,B1,투자자의 예수증권 등_예수 증권,68716171438880,국내증권사,B,SF205,각주항목(09.06월 이후)
12350,202209,0010093,대신증권주식회사,B2,투자자의 예수증권 등_예수양도성예금증서,0,국내증권사,B,SF205,각주항목(09.06월 이후)
12351,202209,0010093,대신증권주식회사,B3,투자자의 예수증권 등_기타,0,국내증권사,B,SF205,각주항목(09.06월 이후)
12352,202209,0010093,대신증권주식회사,C,파생상품계약,35197530765570,국내증권사,B,SF205,각주항목(09.06월 이후)
12353,202209,0010093,대신증권주식회사,C1,파생상품계약_장내파생상품,4239380191723,국내증권사,B,SF205,각주항목(09.06월 이후)
12354,202209,0010093,대신증권주식회사,C11,파생상품계약_장내파생상품_이자율관련거래,1127583701062,국내증권사,B,SF205,각주항목(09.06월 이후)
12355,202209,0010093,대신증권주식회사,C12,파생상품계약_장내파생상품_통화관련거래,18734543308,국내증권사,B,SF205,각주항목(09.06월 이후)
12356,202209,0010093,대신증권주식회사,C13,파생상품계약_장내파생상품_주식관련거래,119151131300,국내증권사,B,SF205,각주항목(09.06월 이후)
12357,202209,0010093,대신증권주식회사,C14,파생상품계약_장내파생상품_일반상품관련거래,0,국내증권사,B,SF205,각주항목(09.06월 이후)
12358,202209,0010093,대신증권주식회사,C15,파생상품계약_장내파생상품_기타,2973910816053,국내증권사,B,SF205,각주항목(09.06월 이후)
12359,202209,0010093,대신증권주식회사,C2,파생상품계약_장외파생상품,30958150573847,국내증권사,B,SF205,각주항목(09.06월 이후)
12360,202209,0010093,대신증권주식회사,C21,파생상품계약_장외파생상품_이자율관련거래,24860056478192,국내증권사,B,SF205,각주항목(09.06월 이후)
12361,202209,0010093,대신증권주식회사,C22,파생상품계약_장외파생상품_통화관련거래,2922537751315,국내증권사,B,SF205,각주항목(09.06월 이후)
12362,202209,0010093,대신증권주식회사,C23,파생상품계약_장외파생상품_주식관련거래,791320076340,국내증권사,B,SF205,각주항목(09.06월 이후)
12363,202209,0010093,대신증권주식회사,C24,파생상품계약_장외파생상품_신용관련거래,1401554850000,국내증권사,B,SF205,각주항목(09.06월 이후)
12364,202209,0010093,대신증권주식회사,C25,파생상품계약_장외파생상품_기타,982681418000,국내증권사,B,SF205,각주항목(09.06월 이후)
12365,202209,0010093,대신증권주식회사,D,대차 및 대주거래,1061362189669,국내증권사,B,SF205,각주항목(09.06월 이후)
12366,202209,0010093,대신증권주식회사,D1,대차 및 대주거래_대여증권,50651079416,국내증권사,B,SF205,각주항목(09.06월 이후)
12367,202209,0010093,대신증권주식회사,D2,대차 및 대주거래_차입증권,1010711110253,국내증권사,B,SF205,각주항목(09.06월 이후)
12368,202209,0010093,대신증권주식회사,D3,대차 및 대주거래_신용거래대주,0,국내증권사,B,SF205,각주항목(09.06월 이후)
12369,202209,0010093,대신증권주식회사,E,대손상각채권,0,국내증권사,B,SF205,각주항목(09.06월 이후)
12370,202209,0010093,대신증권주식회사,F,환전업무 예치금,0,국내증권사,B,SF205,각주항목(09.06월 이후)
12371,202209,0010093,대신증권주식회사,G,미배당별도예치금,1386620537,국내증권사,B,SF205,각주항목(09.06월 이후)
12372,202209,0010093,대신증권주식회사,H,배서어음매출(종금계정),0,국내증권사,B,SF205,각주항목(09.06월 이후)
12373,202209,0010093,대신증권주식회사,H1,대출채권매매이익_담보부,0,국내증권사,B,SF205,각주항목(09.06월 이후)
12374,202209,0010093,대신증권주식회사,H2,대출채권매매이익_무담보부,0,국내증권사,B,SF205,각주항목(09.06월 이후)
12375,202212,0010093,대신증권주식회사,A,채무보증,1224000000000,국내증권사,B,SF205,각주항목(09.06월 이후)
12376,202212,0010093,대신증권주식회사,A1,채무보증_지급보증,0,국내증권사,B,SF205,각주항목(09.06월 이후)
12377,202212,0010093,대신증권주식회사,A2,채무보증_매입보장약정, ,국내증권사,B,SF205,각주항목(09.06월 이후)
12378,202212,0010093,대신증권주식회사,A3,채무보증_채무인수약정, ,국내증권사,B,SF205,각주항목(09.06월 이후)
12379,202212,0010093,대신증권주식회사,A5,채무보증_매입확약,1224000000000,국내증권사,B,SF205,각주항목(09.06월 이후)
12380,202212,0010093,대신증권주식회사,A6,채무보증_기타, ,국내증권사,B,SF205,각주항목(09.06월 이후)
12381,202212,0010093,대신증권주식회사,B,투자자의 예수증권 등,69069574189065,국내증권사,B,SF205,각주항목(09.06월 이후)
12382,202212,0010093,대신증권주식회사,B1,투자자의 예수증권 등_예수 증권,69069574189065,국내증권사,B,SF205,각주항목(09.06월 이후)
12383,202212,0010093,대신증권주식회사,B2,투자자의 예수증권 등_예수양도성예금증서, ,국내증권사,B,SF205,각주항목(09.06월 이후)
12384,202212,0010093,대신증권주식회사,B3,투자자의 예수증권 등_기타, ,국내증권사,B,SF205,각주항목(09.06월 이후)
12385,202212,0010093,대신증권주식회사,C,파생상품계약,37298956077736,국내증권사,B,SF205,각주항목(09.06월 이후)
12386,202212,0010093,대신증권주식회사,C1,파생상품계약_장내파생상품,3689351694931,국내증권사,B,SF205,각주항목(09.06월 이후)
12387,202212,0010093,대신증권주식회사,C11,파생상품계약_장내파생상품_이자율관련거래,848952986817,국내증권사,B,SF205,각주항목(09.06월 이후)
12388,202212,0010093,대신증권주식회사,C12,파생상품계약_장내파생상품_통화관련거래,11406763969,국내증권사,B,SF205,각주항목(09.06월 이후)
12389,202212,0010093,대신증권주식회사,C13,파생상품계약_장내파생상품_주식관련거래,147370567294,국내증권사,B,SF205,각주항목(09.06월 이후)
12390,202212,0010093,대신증권주식회사,C14,파생상품계약_장내파생상품_일반상품관련거래,0,국내증권사,B,SF205,각주항목(09.06월 이후)
12391,202212,0010093,대신증권주식회사,C15,파생상품계약_장내파생상품_기타,2681621376851,국내증권사,B,SF205,각주항목(09.06월 이후)
12392,202212,0010093,대신증권주식회사,C2,파생상품계약_장외파생상품,33609604382805,국내증권사,B,SF205,각주항목(09.06월 이후)
12393,202212,0010093,대신증권주식회사,C21,파생상품계약_장외파생상품_이자율관련거래,28978636971492,국내증권사,B,SF205,각주항목(09.06월 이후)
12394,202212,0010093,대신증권주식회사,C22,파생상품계약_장외파생상품_통화관련거래,2359160998093,국내증권사,B,SF205,각주항목(09.06월 이후)
12395,202212,0010093,대신증권주식회사,C23,파생상품계약_장외파생상품_주식관련거래,630117995220,국내증권사,B,SF205,각주항목(09.06월 이후)
12396,202212,0010093,대신증권주식회사,C24,파생상품계약_장외파생상품_신용관련거래,661417000000,국내증권사,B,SF205,각주항목(09.06월 이후)
12397,202212,0010093,대신증권주식회사,C25,파생상품계약_장외파생상품_기타,980271418000,국내증권사,B,SF205,각주항목(09.06월 이후)
12398,202212,0010093,대신증권주식회사,D,대차 및 대주거래,645794186864,국내증권사,B,SF205,각주항목(09.06월 이후)
12399,202212,0010093,대신증권주식회사,D1,대차 및 대주거래_대여증권,17273535190,국내증권사,B,SF205,각주항목(09.06월 이후)
12400,202212,0010093,대신증권주식회사,D2,대차 및 대주거래_차입증권,628520651674,국내증권사,B,SF205,각주항목(09.06월 이후)
12401,202212,0010093,대신증권주식회사,D3,대차 및 대주거래_신용거래대주, ,국내증권사,B,SF205,각주항목(09.06월 이후)
12402,202212,0010093,대신증권주식회사,E,대손상각채권, ,국내증권사,B,SF205,각주항목(09.06월 이후)
12403,202212,0010093,대신증권주식회사,F,환전업무 예치금,0,국내증권사,B,SF205,각주항목(09.06월 이후)
12404,202212,0010093,대신증권주식회사,G,미배당별도예치금,1116476572,국내증권사,B,SF205,각주항목(09.06월 이후)
12405,202212,0010093,대신증권주식회사,H,배서어음매출(종금계정),0,국내증권사,B,SF205,각주항목(09.06월 이후)
12406,202212,0010093,대신증권주식회사,H1,대출채권매매이익_담보부, ,국내증권사,B,SF205,각주항목(09.06월 이후)
12407,202212,0010093,대신증권주식회사,H2,대출채권매매이익_무담보부, ,국내증권사,B,SF205,각주항목(09.06월 이후)
12408,202303,0010093,대신증권주식회사,A,채무보증,1455800000000,국내증권사,B,SF205,각주항목(09.06월 이후)
12409,202303,0010093,대신증권주식회사,A1,채무보증_지급보증,0,국내증권사,B,SF205,각주항목(09.06월 이후)
12410,202303,0010093,대신증권주식회사,A2,채무보증_매입보장약정,0,국내증권사,B,SF205,각주항목(09.06월 이후)
12411,202303,0010093,대신증권주식회사,A3,채무보증_채무인수약정,0,국내증권사,B,SF205,각주항목(09.06월 이후)
12412,202303,0010093,대신증권주식회사,A5,채무보증_매입확약,1455800000000,국내증권사,B,SF205,각주항목(09.06월 이후)
12413,202303,0010093,대신증권주식회사,A6,채무보증_기타,0,국내증권사,B,SF205,각주항목(09.06월 이후)
12414,202303,0010093,대신증권주식회사,B,투자자의 예수증권 등,83210304487146,국내증권사,B,SF205,각주항목(09.06월 이후)
12415,202303,0010093,대신증권주식회사,B1,투자자의 예수증권 등_예수 증권,83210304487146,국내증권사,B,SF205,각주항목(09.06월 이후)
12416,202303,0010093,대신증권주식회사,B2,투자자의 예수증권 등_예수양도성예금증서,0,국내증권사,B,SF205,각주항목(09.06월 이후)
12417,202303,0010093,대신증권주식회사,B3,투자자의 예수증권 등_기타,0,국내증권사,B,SF205,각주항목(09.06월 이후)
12418,202303,0010093,대신증권주식회사,C,파생상품계약,44840665275634,국내증권사,B,SF205,각주항목(09.06월 이후)
12419,202303,0010093,대신증권주식회사,C1,파생상품계약_장내파생상품,3747895798169,국내증권사,B,SF205,각주항목(09.06월 이후)
12420,202303,0010093,대신증권주식회사,C11,파생상품계약_장내파생상품_이자율관련거래,1185131351803,국내증권사,B,SF205,각주항목(09.06월 이후)
12421,202303,0010093,대신증권주식회사,C12,파생상품계약_장내파생상품_통화관련거래,10319758285,국내증권사,B,SF205,각주항목(09.06월 이후)
12422,202303,0010093,대신증권주식회사,C13,파생상품계약_장내파생상품_주식관련거래,113734588064,국내증권사,B,SF205,각주항목(09.06월 이후)
12423,202303,0010093,대신증권주식회사,C14,파생상품계약_장내파생상품_일반상품관련거래,685495800,국내증권사,B,SF205,각주항목(09.06월 이후)
12424,202303,0010093,대신증권주식회사,C15,파생상품계약_장내파생상품_기타,2438024604217,국내증권사,B,SF205,각주항목(09.06월 이후)
12425,202303,0010093,대신증권주식회사,C2,파생상품계약_장외파생상품,41092769477465,국내증권사,B,SF205,각주항목(09.06월 이후)
12426,202303,0010093,대신증권주식회사,C21,파생상품계약_장외파생상품_이자율관련거래,36433096376952,국내증권사,B,SF205,각주항목(09.06월 이후)
12427,202303,0010093,대신증권주식회사,C22,파생상품계약_장외파생상품_통화관련거래,2521201276893,국내증권사,B,SF205,각주항목(09.06월 이후)
12428,202303,0010093,대신증권주식회사,C23,파생상품계약_장외파생상품_주식관련거래,497600405620,국내증권사,B,SF205,각주항목(09.06월 이후)
12429,202303,0010093,대신증권주식회사,C24,파생상품계약_장외파생상품_신용관련거래,661417000000,국내증권사,B,SF205,각주항목(09.06월 이후)
12430,202303,0010093,대신증권주식회사,C25,파생상품계약_장외파생상품_기타,979454418000,국내증권사,B,SF205,각주항목(09.06월 이후)
12431,202303,0010093,대신증권주식회사,D,대차 및 대주거래,854607250168,국내증권사,B,SF205,각주항목(09.06월 이후)
12432,202303,0010093,대신증권주식회사,D1,대차 및 대주거래_대여증권,32725669697,국내증권사,B,SF205,각주항목(09.06월 이후)
12433,202303,0010093,대신증권주식회사,D2,대차 및 대주거래_차입증권,821881580471,국내증권사,B,SF205,각주항목(09.06월 이후)
12434,202303,0010093,대신증권주식회사,D3,대차 및 대주거래_신용거래대주,0,국내증권사,B,SF205,각주항목(09.06월 이후)
12435,202303,0010093,대신증권주식회사,E,대손상각채권,0,국내증권사,B,SF205,각주항목(09.06월 이후)
12436,202303,0010093,대신증권주식회사,F,환전업무 예치금,0,국내증권사,B,SF205,각주항목(09.06월 이후)
12437,202303,0010093,대신증권주식회사,G,미배당별도예치금,2433397759,국내증권사,B,SF205,각주항목(09.06월 이후)
12438,202303,0010093,대신증권주식회사,H,배서어음매출(종금계정),0,국내증권사,B,SF205,각주항목(09.06월 이후)
12439,202303,0010093,대신증권주식회사,H1,대출채권매매이익_담보부,0,국내증권사,B,SF205,각주항목(09.06월 이후)
12440,202303,0010093,대신증권주식회사,H2,대출채권매매이익_무담보부,0,국내증권사,B,SF205,각주항목(09.06월 이후)
12441,202306,0010093,대신증권주식회사,A,채무보증,1721710020000,국내증권사,B,SF205,각주항목(09.06월 이후)
12442,202306,0010093,대신증권주식회사,A1,채무보증_지급보증,59860020000,국내증권사,B,SF205,각주항목(09.06월 이후)
12443,202306,0010093,대신증권주식회사,A2,채무보증_매입보장약정,0,국내증권사,B,SF205,각주항목(09.06월 이후)
12444,202306,0010093,대신증권주식회사,A3,채무보증_채무인수약정,0,국내증권사,B,SF205,각주항목(09.06월 이후)
12445,202306,0010093,대신증권주식회사,A5,채무보증_매입확약,1661850000000,국내증권사,B,SF205,각주항목(09.06월 이후)
12446,202306,0010093,대신증권주식회사,A6,채무보증_기타,0,국내증권사,B,SF205,각주항목(09.06월 이후)
12447,202306,0010093,대신증권주식회사,B,투자자의 예수증권 등,85318384321260,국내증권사,B,SF205,각주항목(09.06월 이후)
12448,202306,0010093,대신증권주식회사,B1,투자자의 예수증권 등_예수 증권,85318384321260,국내증권사,B,SF205,각주항목(09.06월 이후)
12449,202306,0010093,대신증권주식회사,B2,투자자의 예수증권 등_예수양도성예금증서,0,국내증권사,B,SF205,각주항목(09.06월 이후)
12450,202306,0010093,대신증권주식회사,B3,투자자의 예수증권 등_기타,0,국내증권사,B,SF205,각주항목(09.06월 이후)
12451,202306,0010093,대신증권주식회사,C,파생상품계약,65837958083965,국내증권사,B,SF205,각주항목(09.06월 이후)
12452,202306,0010093,대신증권주식회사,C1,파생상품계약_장내파생상품,2958105496066,국내증권사,B,SF205,각주항목(09.06월 이후)
12453,202306,0010093,대신증권주식회사,C11,파생상품계약_장내파생상품_이자율관련거래,327666650694,국내증권사,B,SF205,각주항목(09.06월 이후)
12454,202306,0010093,대신증권주식회사,C12,파생상품계약_장내파생상품_통화관련거래,9205234488,국내증권사,B,SF205,각주항목(09.06월 이후)
12455,202306,0010093,대신증권주식회사,C13,파생상품계약_장내파생상품_주식관련거래,179637451920,국내증권사,B,SF205,각주항목(09.06월 이후)
12456,202306,0010093,대신증권주식회사,C14,파생상품계약_장내파생상품_일반상품관련거래,245610750,국내증권사,B,SF205,각주항목(09.06월 이후)
12457,202306,0010093,대신증권주식회사,C15,파생상품계약_장내파생상품_기타,2441350548214,국내증권사,B,SF205,각주항목(09.06월 이후)
12458,202306,0010093,대신증권주식회사,C2,파생상품계약_장외파생상품,62879852587899,국내증권사,B,SF205,각주항목(09.06월 이후)
12459,202306,0010093,대신증권주식회사,C21,파생상품계약_장외파생상품_이자율관련거래,58505553783936,국내증권사,B,SF205,각주항목(09.06월 이후)
12460,202306,0010093,대신증권주식회사,C22,파생상품계약_장외파생상품_통화관련거래,2368525438143,국내증권사,B,SF205,각주항목(09.06월 이후)
12461,202306,0010093,대신증권주식회사,C23,파생상품계약_장외파생상품_주식관련거래,364901947820,국내증권사,B,SF205,각주항목(09.06월 이후)
12462,202306,0010093,대신증권주식회사,C24,파생상품계약_장외파생상품_신용관련거래,661417000000,국내증권사,B,SF205,각주항목(09.06월 이후)
12463,202306,0010093,대신증권주식회사,C25,파생상품계약_장외파생상품_기타,979454418000,국내증권사,B,SF205,각주항목(09.06월 이후)
12464,202306,0010093,대신증권주식회사,D,대차 및 대주거래,901440978776,국내증권사,B,SF205,각주항목(09.06월 이후)
12465,202306,0010093,대신증권주식회사,D1,대차 및 대주거래_대여증권,93631621659,국내증권사,B,SF205,각주항목(09.06월 이후)
12466,202306,0010093,대신증권주식회사,D2,대차 및 대주거래_차입증권,807809357117,국내증권사,B,SF205,각주항목(09.06월 이후)
12467,202306,0010093,대신증권주식회사,D3,대차 및 대주거래_신용거래대주,0,국내증권사,B,SF205,각주항목(09.06월 이후)
12468,202306,0010093,대신증권주식회사,E,대손상각채권,0,국내증권사,B,SF205,각주항목(09.06월 이후)
12469,202306,0010093,대신증권주식회사,F,환전업무 예치금,0,국내증권사,B,SF205,각주항목(09.06월 이후)
12470,202306,0010093,대신증권주식회사,G,미배당별도예치금,4353752941,국내증권사,B,SF205,각주항목(09.06월 이후)
12471,202306,0010093,대신증권주식회사,H,배서어음매출(종금계정),0,국내증권사,B,SF205,각주항목(09.06월 이후)
12472,202306,0010093,대신증권주식회사,H1,대출채권매매이익_담보부,0,국내증권사,B,SF205,각주항목(09.06월 이후)
12473,202306,0010093,대신증권주식회사,H2,대출채권매매이익_무담보부,0,국내증권사,B,SF205,각주항목(09.06월 이후)
12474,202309,0010093,대신증권주식회사,A,채무보증,1873896520000,국내증권사,B,SF205,각주항목(09.06월 이후)
12475,202309,0010093,대신증권주식회사,A1,채무보증_지급보증,59546520000,국내증권사,B,SF205,각주항목(09.06월 이후)
12476,202309,0010093,대신증권주식회사,A2,채무보증_매입보장약정, ,국내증권사,B,SF205,각주항목(09.06월 이후)
12477,202309,0010093,대신증권주식회사,A3,채무보증_채무인수약정, ,국내증권사,B,SF205,각주항목(09.06월 이후)
12478,202309,0010093,대신증권주식회사,A5,채무보증_매입확약,1814350000000,국내증권사,B,SF205,각주항목(09.06월 이후)
12479,202309,0010093,대신증권주식회사,A6,채무보증_기타, ,국내증권사,B,SF205,각주항목(09.06월 이후)
12480,202309,0010093,대신증권주식회사,B,투자자의 예수증권 등,86003355493507,국내증권사,B,SF205,각주항목(09.06월 이후)
12481,202309,0010093,대신증권주식회사,B1,투자자의 예수증권 등_예수 증권,86003355493507,국내증권사,B,SF205,각주항목(09.06월 이후)
12482,202309,0010093,대신증권주식회사,B2,투자자의 예수증권 등_예수양도성예금증서, ,국내증권사,B,SF205,각주항목(09.06월 이후)
12483,202309,0010093,대신증권주식회사,B3,투자자의 예수증권 등_기타, ,국내증권사,B,SF205,각주항목(09.06월 이후)
12484,202309,0010093,대신증권주식회사,C,파생상품계약,102071092176047,국내증권사,B,SF205,각주항목(09.06월 이후)
12485,202309,0010093,대신증권주식회사,C1,파생상품계약_장내파생상품,3529208835962,국내증권사,B,SF205,각주항목(09.06월 이후)
12486,202309,0010093,대신증권주식회사,C11,파생상품계약_장내파생상품_이자율관련거래,876860275406,국내증권사,B,SF205,각주항목(09.06월 이후)
12487,202309,0010093,대신증권주식회사,C12,파생상품계약_장내파생상품_통화관련거래,37670834740,국내증권사,B,SF205,각주항목(09.06월 이후)
12488,202309,0010093,대신증권주식회사,C13,파생상품계약_장내파생상품_주식관련거래,342921927376,국내증권사,B,SF205,각주항목(09.06월 이후)
12489,202309,0010093,대신증권주식회사,C14,파생상품계약_장내파생상품_일반상품관련거래,213882025,국내증권사,B,SF205,각주항목(09.06월 이후)
12490,202309,0010093,대신증권주식회사,C15,파생상품계약_장내파생상품_기타,2271541916415,국내증권사,B,SF205,각주항목(09.06월 이후)
12491,202309,0010093,대신증권주식회사,C2,파생상품계약_장외파생상품,98541883340085,국내증권사,B,SF205,각주항목(09.06월 이후)
12492,202309,0010093,대신증권주식회사,C21,파생상품계약_장외파생상품_이자율관련거래,94193270014592,국내증권사,B,SF205,각주항목(09.06월 이후)
12493,202309,0010093,대신증권주식회사,C22,파생상품계약_장외파생상품_통화관련거래,2397552476893,국내증권사,B,SF205,각주항목(09.06월 이후)
12494,202309,0010093,대신증권주식회사,C23,파생상품계약_장외파생상품_주식관련거래,407650430600,국내증권사,B,SF205,각주항목(09.06월 이후)
12495,202309,0010093,대신증권주식회사,C24,파생상품계약_장외파생상품_신용관련거래,563956000000,국내증권사,B,SF205,각주항목(09.06월 이후)
12496,202309,0010093,대신증권주식회사,C25,파생상품계약_장외파생상품_기타,979454418000,국내증권사,B,SF205,각주항목(09.06월 이후)
12497,202309,0010093,대신증권주식회사,D,대차 및 대주거래,809382729450,국내증권사,B,SF205,각주항목(09.06월 이후)
12498,202309,0010093,대신증권주식회사,D1,대차 및 대주거래_대여증권,115628582507,국내증권사,B,SF205,각주항목(09.06월 이후)
12499,202309,0010093,대신증권주식회사,D2,대차 및 대주거래_차입증권,693754146943,국내증권사,B,SF205,각주항목(09.06월 이후)
12500,202309,0010093,대신증권주식회사,D3,대차 및 대주거래_신용거래대주, ,국내증권사,B,SF205,각주항목(09.06월 이후)
12501,202309,0010093,대신증권주식회사,E,대손상각채권, ,국내증권사,B,SF205,각주항목(09.06월 이후)
12502,202309,0010093,대신증권주식회사,F,환전업무 예치금,0,국내증권사,B,SF205,각주항목(09.06월 이후)
12503,202309,0010093,대신증권주식회사,G,미배당별도예치금,10398054550,국내증권사,B,SF205,각주항목(09.06월 이후)
12504,202309,0010093,대신증권주식회사,H,배서어음매출(종금계정),0,국내증권사,B,SF205,각주항목(09.06월 이후)
12505,202309,0010093,대신증권주식회사,H1,대출채권매매이익_담보부, ,국내증권사,B,SF205,각주항목(09.06월 이후)
12506,202309,0010093,대신증권주식회사,H2,대출채권매매이익_무담보부, ,국내증권사,B,SF205,각주항목(09.06월 이후)
12507,202312,0010093,대신증권주식회사,A,채무보증,1911535560000,국내증권사,B,SF205,각주항목(09.06월 이후)
12508,202312,0010093,대신증권주식회사,A1,채무보증_지급보증,60235560000,국내증권사,B,SF205,각주항목(09.06월 이후)
12509,202312,0010093,대신증권주식회사,A2,채무보증_매입보장약정, ,국내증권사,B,SF205,각주항목(09.06월 이후)
12510,202312,0010093,대신증권주식회사,A3,채무보증_채무인수약정, ,국내증권사,B,SF205,각주항목(09.06월 이후)
12511,202312,0010093,대신증권주식회사,A5,채무보증_매입확약,1851300000000,국내증권사,B,SF205,각주항목(09.06월 이후)
12512,202312,0010093,대신증권주식회사,A6,채무보증_기타, ,국내증권사,B,SF205,각주항목(09.06월 이후)
12513,202312,0010093,대신증권주식회사,B,투자자의 예수증권 등,84444229501111,국내증권사,B,SF205,각주항목(09.06월 이후)
12514,202312,0010093,대신증권주식회사,B1,투자자의 예수증권 등_예수 증권,84444229501111,국내증권사,B,SF205,각주항목(09.06월 이후)
12515,202312,0010093,대신증권주식회사,B2,투자자의 예수증권 등_예수양도성예금증서, ,국내증권사,B,SF205,각주항목(09.06월 이후)
12516,202312,0010093,대신증권주식회사,B3,투자자의 예수증권 등_기타, ,국내증권사,B,SF205,각주항목(09.06월 이후)
12517,202312,0010093,대신증권주식회사,C,파생상품계약,89043240129605,국내증권사,B,SF205,각주항목(09.06월 이후)
12518,202312,0010093,대신증권주식회사,C1,파생상품계약_장내파생상품,4733408779922,국내증권사,B,SF205,각주항목(09.06월 이후)
12519,202312,0010093,대신증권주식회사,C11,파생상품계약_장내파생상품_이자율관련거래,2592241719795,국내증권사,B,SF205,각주항목(09.06월 이후)
12520,202312,0010093,대신증권주식회사,C12,파생상품계약_장내파생상품_통화관련거래,4499403000,국내증권사,B,SF205,각주항목(09.06월 이후)
12521,202312,0010093,대신증권주식회사,C13,파생상품계약_장내파생상품_주식관련거래,130706498069,국내증권사,B,SF205,각주항목(09.06월 이후)
12522,202312,0010093,대신증권주식회사,C14,파생상품계약_장내파생상품_일반상품관련거래,0,국내증권사,B,SF205,각주항목(09.06월 이후)
12523,202312,0010093,대신증권주식회사,C15,파생상품계약_장내파생상품_기타,2005961159058,국내증권사,B,SF205,각주항목(09.06월 이후)
12524,202312,0010093,대신증권주식회사,C2,파생상품계약_장외파생상품,84309831349683,국내증권사,B,SF205,각주항목(09.06월 이후)
12525,202312,0010093,대신증권주식회사,C21,파생상품계약_장외파생상품_이자율관련거래,79865393417971,국내증권사,B,SF205,각주항목(09.06월 이후)
12526,202312,0010093,대신증권주식회사,C22,파생상품계약_장외파생상품_통화관련거래,3253145405611,국내증권사,B,SF205,각주항목(09.06월 이후)
12527,202312,0010093,대신증권주식회사,C23,파생상품계약_장외파생상품_주식관련거래,355233159700,국내증권사,B,SF205,각주항목(09.06월 이후)
12528,202312,0010093,대신증권주식회사,C24,파생상품계약_장외파생상품_신용관련거래,836059366401,국내증권사,B,SF205,각주항목(09.06월 이후)
12529,202312,0010093,대신증권주식회사,C25,파생상품계약_장외파생상품_기타,0,국내증권사,B,SF205,각주항목(09.06월 이후)
12530,202312,0010093,대신증권주식회사,D,대차 및 대주거래,905187787398,국내증권사,B,SF205,각주항목(09.06월 이후)
12531,202312,0010093,대신증권주식회사,D1,대차 및 대주거래_대여증권,94540160148,국내증권사,B,SF205,각주항목(09.06월 이후)
12532,202312,0010093,대신증권주식회사,D2,대차 및 대주거래_차입증권,810647627250,국내증권사,B,SF205,각주항목(09.06월 이후)
12533,202312,0010093,대신증권주식회사,D3,대차 및 대주거래_신용거래대주, ,국내증권사,B,SF205,각주항목(09.06월 이후)
12534,202312,0010093,대신증권주식회사,E,대손상각채권, ,국내증권사,B,SF205,각주항목(09.06월 이후)
12535,202312,0010093,대신증권주식회사,F,환전업무 예치금,0,국내증권사,B,SF205,각주항목(09.06월 이후)
12536,202312,0010093,대신증권주식회사,G,미배당별도예치금,390752877,국내증권사,B,SF205,각주항목(09.06월 이후)
12537,202312,0010093,대신증권주식회사,H,배서어음매출(종금계정),0,국내증권사,B,SF205,각주항목(09.06월 이후)
12538,202312,0010093,대신증권주식회사,H1,대출채권매매이익_담보부, ,국내증권사,B,SF205,각주항목(09.06월 이후)
12539,202312,0010093,대신증권주식회사,H2,대출채권매매이익_무담보부, ,국내증권사,B,SF205,각주항목(09.06월 이후)
12540,202403,0010093,대신증권주식회사,A,채무보증,2072305680000,국내증권사,B,SF205,각주항목(09.06월 이후)
12541,202403,0010093,대신증권주식회사,A1,채무보증_지급보증,58705680000,국내증권사,B,SF205,각주항목(09.06월 이후)
12542,202403,0010093,대신증권주식회사,A2,채무보증_매입보장약정,0,국내증권사,B,SF205,각주항목(09.06월 이후)
12543,202403,0010093,대신증권주식회사,A3,채무보증_채무인수약정,0,국내증권사,B,SF205,각주항목(09.06월 이후)
12544,202403,0010093,대신증권주식회사,A5,채무보증_매입확약,2013600000000,국내증권사,B,SF205,각주항목(09.06월 이후)
12545,202403,0010093,대신증권주식회사,A6,채무보증_기타,0,국내증권사,B,SF205,각주항목(09.06월 이후)
12546,202403,0010093,대신증권주식회사,B,투자자의 예수증권 등,90162513054884,국내증권사,B,SF205,각주항목(09.06월 이후)
12547,202403,0010093,대신증권주식회사,B1,투자자의 예수증권 등_예수 증권,90162513054884,국내증권사,B,SF205,각주항목(09.06월 이후)
12548,202403,0010093,대신증권주식회사,B2,투자자의 예수증권 등_예수양도성예금증서,0,국내증권사,B,SF205,각주항목(09.06월 이후)
12549,202403,0010093,대신증권주식회사,B3,투자자의 예수증권 등_기타,0,국내증권사,B,SF205,각주항목(09.06월 이후)
12550,202403,0010093,대신증권주식회사,C,파생상품계약,93923411073578,국내증권사,B,SF205,각주항목(09.06월 이후)
12551,202403,0010093,대신증권주식회사,C1,파생상품계약_장내파생상품,3405347708689,국내증권사,B,SF205,각주항목(09.06월 이후)
12552,202403,0010093,대신증권주식회사,C11,파생상품계약_장내파생상품_이자율관련거래,1137523156053,국내증권사,B,SF205,각주항목(09.06월 이후)
12553,202403,0010093,대신증권주식회사,C12,파생상품계약_장내파생상품_통화관련거래,16420501000,국내증권사,B,SF205,각주항목(09.06월 이후)
12554,202403,0010093,대신증권주식회사,C13,파생상품계약_장내파생상품_주식관련거래,35103228199,국내증권사,B,SF205,각주항목(09.06월 이후)
12555,202403,0010093,대신증권주식회사,C14,파생상품계약_장내파생상품_일반상품관련거래,0,국내증권사,B,SF205,각주항목(09.06월 이후)
12556,202403,0010093,대신증권주식회사,C15,파생상품계약_장내파생상품_기타,2216300823437,국내증권사,B,SF205,각주항목(09.06월 이후)
12557,202403,0010093,대신증권주식회사,C2,파생상품계약_장외파생상품,90518063364889,국내증권사,B,SF205,각주항목(09.06월 이후)
12558,202403,0010093,대신증권주식회사,C21,파생상품계약_장외파생상품_이자율관련거래,86629164930667,국내증권사,B,SF205,각주항목(09.06월 이후)
12559,202403,0010093,대신증권주식회사,C22,파생상품계약_장외파생상품_통화관련거래,2757107002321,국내증권사,B,SF205,각주항목(09.06월 이후)
12560,202403,0010093,대신증권주식회사,C23,파생상품계약_장외파생상품_주식관련거래,295732065500,국내증권사,B,SF205,각주항목(09.06월 이후)
12561,202403,0010093,대신증권주식회사,C24,파생상품계약_장외파생상품_신용관련거래,836059366401,국내증권사,B,SF205,각주항목(09.06월 이후)
12562,202403,0010093,대신증권주식회사,C25,파생상품계약_장외파생상품_기타,0,국내증권사,B,SF205,각주항목(09.06월 이후)
12563,202403,0010093,대신증권주식회사,D,대차 및 대주거래,2017150373510,국내증권사,B,SF205,각주항목(09.06월 이후)
12564,202403,0010093,대신증권주식회사,D1,대차 및 대주거래_대여증권,470259428940,국내증권사,B,SF205,각주항목(09.06월 이후)
12565,202403,0010093,대신증권주식회사,D2,대차 및 대주거래_차입증권,1546890944570,국내증권사,B,SF205,각주항목(09.06월 이후)
12566,202403,0010093,대신증권주식회사,D3,대차 및 대주거래_신용거래대주,0,국내증권사,B,SF205,각주항목(09.06월 이후)
12567,202403,0010093,대신증권주식회사,E,대손상각채권,0,국내증권사,B,SF205,각주항목(09.06월 이후)
12568,202403,0010093,대신증권주식회사,F,환전업무 예치금,0,국내증권사,B,SF205,각주항목(09.06월 이후)
12569,202403,0010093,대신증권주식회사,G,미배당별도예치금,2665506677,국내증권사,B,SF205,각주항목(09.06월 이후)
12570,202403,0010093,대신증권주식회사,H,배서어음매출(종금계정),0,국내증권사,B,SF205,각주항목(09.06월 이후)
12571,202403,0010093,대신증권주식회사,H1,대출채권매매이익_담보부,0,국내증권사,B,SF205,각주항목(09.06월 이후)
12572,202403,0010093,대신증권주식회사,H2,대출채권매매이익_무담보부,0,국내증권사,B,SF205,각주항목(09.06월 이후)
12573,202406,0010093,대신증권주식회사,A,채무보증,2150444460000,국내증권사,B,SF205,각주항목(09.06월 이후)
12574,202406,0010093,대신증권주식회사,A1,채무보증_지급보증,57044460000,국내증권사,B,SF205,각주항목(09.06월 이후)
12575,202406,0010093,대신증권주식회사,A2,채무보증_매입보장약정,0,국내증권사,B,SF205,각주항목(09.06월 이후)
12576,202406,0010093,대신증권주식회사,A3,채무보증_채무인수약정,0,국내증권사,B,SF205,각주항목(09.06월 이후)
12577,202406,0010093,대신증권주식회사,A5,채무보증_매입확약,2093400000000,국내증권사,B,SF205,각주항목(09.06월 이후)
12578,202406,0010093,대신증권주식회사,A6,채무보증_기타,0,국내증권사,B,SF205,각주항목(09.06월 이후)
12579,202406,0010093,대신증권주식회사,B,투자자의 예수증권 등,86755419583102,국내증권사,B,SF205,각주항목(09.06월 이후)
12580,202406,0010093,대신증권주식회사,B1,투자자의 예수증권 등_예수 증권,86755419583102,국내증권사,B,SF205,각주항목(09.06월 이후)
12581,202406,0010093,대신증권주식회사,B2,투자자의 예수증권 등_예수양도성예금증서,0,국내증권사,B,SF205,각주항목(09.06월 이후)
12582,202406,0010093,대신증권주식회사,B3,투자자의 예수증권 등_기타,0,국내증권사,B,SF205,각주항목(09.06월 이후)
12583,202406,0010093,대신증권주식회사,C,파생상품계약,94202277035460,국내증권사,B,SF205,각주항목(09.06월 이후)
12584,202406,0010093,대신증권주식회사,C1,파생상품계약_장내파생상품,4248879817918,국내증권사,B,SF205,각주항목(09.06월 이후)
12585,202406,0010093,대신증권주식회사,C11,파생상품계약_장내파생상품_이자율관련거래,1217589256419,국내증권사,B,SF205,각주항목(09.06월 이후)
12586,202406,0010093,대신증권주식회사,C12,파생상품계약_장내파생상품_통화관련거래,218399605,국내증권사,B,SF205,각주항목(09.06월 이후)
12587,202406,0010093,대신증권주식회사,C13,파생상품계약_장내파생상품_주식관련거래,52389835981,국내증권사,B,SF205,각주항목(09.06월 이후)
12588,202406,0010093,대신증권주식회사,C14,파생상품계약_장내파생상품_일반상품관련거래,647226930,국내증권사,B,SF205,각주항목(09.06월 이후)
12589,202406,0010093,대신증권주식회사,C15,파생상품계약_장내파생상품_기타,2978035098983,국내증권사,B,SF205,각주항목(09.06월 이후)
12590,202406,0010093,대신증권주식회사,C2,파생상품계약_장외파생상품,89953397217542,국내증권사,B,SF205,각주항목(09.06월 이후)
12591,202406,0010093,대신증권주식회사,C21,파생상품계약_장외파생상품_이자율관련거래,84635401239360,국내증권사,B,SF205,각주항목(09.06월 이후)
12592,202406,0010093,대신증권주식회사,C22,파생상품계약_장외파생상품_통화관련거래,4329037840761,국내증권사,B,SF205,각주항목(09.06월 이후)
12593,202406,0010093,대신증권주식회사,C23,파생상품계약_장외파생상품_주식관련거래,152898771020,국내증권사,B,SF205,각주항목(09.06월 이후)
12594,202406,0010093,대신증권주식회사,C24,파생상품계약_장외파생상품_신용관련거래,836059366401,국내증권사,B,SF205,각주항목(09.06월 이후)
12595,202406,0010093,대신증권주식회사,C25,파생상품계약_장외파생상품_기타,0,국내증권사,B,SF205,각주항목(09.06월 이후)
12596,202406,0010093,대신증권주식회사,D,대차 및 대주거래,1828759892067,국내증권사,B,SF205,각주항목(09.06월 이후)
12597,202406,0010093,대신증권주식회사,D1,대차 및 대주거래_대여증권,474782699583,국내증권사,B,SF205,각주항목(09.06월 이후)
12598,202406,0010093,대신증권주식회사,D2,대차 및 대주거래_차입증권,1353977192484,국내증권사,B,SF205,각주항목(09.06월 이후)
12599,202406,0010093,대신증권주식회사,D3,대차 및 대주거래_신용거래대주,0,국내증권사,B,SF205,각주항목(09.06월 이후)
12600,202406,0010093,대신증권주식회사,E,대손상각채권,0,국내증권사,B,SF205,각주항목(09.06월 이후)
12601,202406,0010093,대신증권주식회사,F,환전업무 예치금,0,국내증권사,B,SF205,각주항목(09.06월 이후)
12602,202406,0010093,대신증권주식회사,G,미배당별도예치금,4744390617,국내증권사,B,SF205,각주항목(09.06월 이후)
12603,202406,0010093,대신증권주식회사,H,배서어음매출(종금계정),0,국내증권사,B,SF205,각주항목(09.06월 이후)
12604,202406,0010093,대신증권주식회사,H1,대출채권매매이익_담보부,0,국내증권사,B,SF205,각주항목(09.06월 이후)
12605,202406,0010093,대신증권주식회사,H2,대출채권매매이익_무담보부,0,국내증권사,B,SF205,각주항목(09.06월 이후)
12606,202409,0010093,대신증권주식회사,A,채무보증,2418317660000,국내증권사,B,SF205,각주항목(09.06월 이후)
12607,202409,0010093,대신증권주식회사,A1,채무보증_지급보증,61017660000,국내증권사,B,SF205,각주항목(09.06월 이후)
12608,202409,0010093,대신증권주식회사,A2,채무보증_매입보장약정,0,국내증권사,B,SF205,각주항목(09.06월 이후)
12609,202409,0010093,대신증권주식회사,A3,채무보증_채무인수약정,0,국내증권사,B,SF205,각주항목(09.06월 이후)
12610,202409,0010093,대신증권주식회사,A5,채무보증_매입확약,2357300000000,국내증권사,B,SF205,각주항목(09.06월 이후)
12611,202409,0010093,대신증권주식회사,A6,채무보증_기타,0,국내증권사,B,SF205,각주항목(09.06월 이후)
12612,202409,0010093,대신증권주식회사,B,투자자의 예수증권 등,80088218689646,국내증권사,B,SF205,각주항목(09.06월 이후)
12613,202409,0010093,대신증권주식회사,B1,투자자의 예수증권 등_예수 증권,80088218689646,국내증권사,B,SF205,각주항목(09.06월 이후)
12614,202409,0010093,대신증권주식회사,B2,투자자의 예수증권 등_예수양도성예금증서,0,국내증권사,B,SF205,각주항목(09.06월 이후)
12615,202409,0010093,대신증권주식회사,B3,투자자의 예수증권 등_기타,0,국내증권사,B,SF205,각주항목(09.06월 이후)
12616,202409,0010093,대신증권주식회사,C,파생상품계약,96181317977179,국내증권사,B,SF205,각주항목(09.06월 이후)
12617,202409,0010093,대신증권주식회사,C1,파생상품계약_장내파생상품,3513908896648,국내증권사,B,SF205,각주항목(09.06월 이후)
12618,202409,0010093,대신증권주식회사,C11,파생상품계약_장내파생상품_이자율관련거래,942249882407,국내증권사,B,SF205,각주항목(09.06월 이후)
12619,202409,0010093,대신증권주식회사,C12,파생상품계약_장내파생상품_통화관련거래,16613757000,국내증권사,B,SF205,각주항목(09.06월 이후)
12620,202409,0010093,대신증권주식회사,C13,파생상품계약_장내파생상품_주식관련거래,79174104046,국내증권사,B,SF205,각주항목(09.06월 이후)
12621,202409,0010093,대신증권주식회사,C14,파생상품계약_장내파생상품_일반상품관련거래,1084358885,국내증권사,B,SF205,각주항목(09.06월 이후)
12622,202409,0010093,대신증권주식회사,C15,파생상품계약_장내파생상품_기타,2474786794310,국내증권사,B,SF205,각주항목(09.06월 이후)
12623,202409,0010093,대신증권주식회사,C2,파생상품계약_장외파생상품,92667409080531,국내증권사,B,SF205,각주항목(09.06월 이후)
12624,202409,0010093,대신증권주식회사,C21,파생상품계약_장외파생상품_이자율관련거래,81899957730585,국내증권사,B,SF205,각주항목(09.06월 이후)
12625,202409,0010093,대신증권주식회사,C22,파생상품계약_장외파생상품_통화관련거래,9852167389310,국내증권사,B,SF205,각주항목(09.06월 이후)
12626,202409,0010093,대신증권주식회사,C23,파생상품계약_장외파생상품_주식관련거래,78189100000,국내증권사,B,SF205,각주항목(09.06월 이후)
12627,202409,0010093,대신증권주식회사,C24,파생상품계약_장외파생상품_신용관련거래,837094860636,국내증권사,B,SF205,각주항목(09.06월 이후)
12628,202409,0010093,대신증권주식회사,C25,파생상품계약_장외파생상품_기타,0,국내증권사,B,SF205,각주항목(09.06월 이후)
12629,202409,0010093,대신증권주식회사,D,대차 및 대주거래,2027390751959,국내증권사,B,SF205,각주항목(09.06월 이후)
12630,202409,0010093,대신증권주식회사,D1,대차 및 대주거래_대여증권,494462288523,국내증권사,B,SF205,각주항목(09.06월 이후)
12631,202409,0010093,대신증권주식회사,D2,대차 및 대주거래_차입증권,1532928463436,국내증권사,B,SF205,각주항목(09.06월 이후)
12632,202409,0010093,대신증권주식회사,D3,대차 및 대주거래_신용거래대주,0,국내증권사,B,SF205,각주항목(09.06월 이후)
12633,202409,0010093,대신증권주식회사,E,대손상각채권,0,국내증권사,B,SF205,각주항목(09.06월 이후)
12634,202409,0010093,대신증권주식회사,F,환전업무 예치금,0,국내증권사,B,SF205,각주항목(09.06월 이후)
12635,202409,0010093,대신증권주식회사,G,미배당별도예치금,6629976811,국내증권사,B,SF205,각주항목(09.06월 이후)
12636,202409,0010093,대신증권주식회사,H,배서어음매출(종금계정),0,국내증권사,B,SF205,각주항목(09.06월 이후)
12637,202409,0010093,대신증권주식회사,H1,대출채권매매이익_담보부,0,국내증권사,B,SF205,각주항목(09.06월 이후)
12638,202409,0010093,대신증권주식회사,H2,대출채권매매이익_무담보부,0,국내증권사,B,SF205,각주항목(09.06월 이후)
12639,202412,0010093,대신증권주식회사,A,채무보증,2648107680000,국내증권사,B,SF205,각주항목(09.06월 이후)
12640,202412,0010093,대신증권주식회사,A1,채무보증_지급보증,61807680000,국내증권사,B,SF205,각주항목(09.06월 이후)
12641,202412,0010093,대신증권주식회사,A2,채무보증_매입보장약정,0,국내증권사,B,SF205,각주항목(09.06월 이후)
12642,202412,0010093,대신증권주식회사,A3,채무보증_채무인수약정,0,국내증권사,B,SF205,각주항목(09.06월 이후)
12643,202412,0010093,대신증권주식회사,A5,채무보증_매입확약,2586300000000,국내증권사,B,SF205,각주항목(09.06월 이후)
12644,202412,0010093,대신증권주식회사,A6,채무보증_기타,0,국내증권사,B,SF205,각주항목(09.06월 이후)
12645,202412,0010093,대신증권주식회사,B,투자자의 예수증권 등,71927441091036,국내증권사,B,SF205,각주항목(09.06월 이후)
12646,202412,0010093,대신증권주식회사,B1,투자자의 예수증권 등_예수 증권,71927441091036,국내증권사,B,SF205,각주항목(09.06월 이후)
12647,202412,0010093,대신증권주식회사,B2,투자자의 예수증권 등_예수양도성예금증서,0,국내증권사,B,SF205,각주항목(09.06월 이후)
12648,202412,0010093,대신증권주식회사,B3,투자자의 예수증권 등_기타,0,국내증권사,B,SF205,각주항목(09.06월 이후)
12649,202412,0010093,대신증권주식회사,C,파생상품계약,95710959057982,국내증권사,B,SF205,각주항목(09.06월 이후)
12650,202412,0010093,대신증권주식회사,C1,파생상품계약_장내파생상품,3480859320020,국내증권사,B,SF205,각주항목(09.06월 이후)
12651,202412,0010093,대신증권주식회사,C11,파생상품계약_장내파생상품_이자율관련거래,977035844766,국내증권사,B,SF205,각주항목(09.06월 이후)
12652,202412,0010093,대신증권주식회사,C12,파생상품계약_장내파생상품_통화관련거래,12475353000,국내증권사,B,SF205,각주항목(09.06월 이후)
12653,202412,0010093,대신증권주식회사,C13,파생상품계약_장내파생상품_주식관련거래,36547292403,국내증권사,B,SF205,각주항목(09.06월 이후)
12654,202412,0010093,대신증권주식회사,C14,파생상품계약_장내파생상품_일반상품관련거래,896704585,국내증권사,B,SF205,각주항목(09.06월 이후)
12655,202412,0010093,대신증권주식회사,C15,파생상품계약_장내파생상품_기타,2453904125266,국내증권사,B,SF205,각주항목(09.06월 이후)
12656,202412,0010093,대신증권주식회사,C2,파생상품계약_장외파생상품,92230099737962,국내증권사,B,SF205,각주항목(09.06월 이후)
12657,202412,0010093,대신증권주식회사,C21,파생상품계약_장외파생상품_이자율관련거래,81489407127695,국내증권사,B,SF205,각주항목(09.06월 이후)
12658,202412,0010093,대신증권주식회사,C22,파생상품계약_장외파생상품_통화관련거래,10198920738761,국내증권사,B,SF205,각주항목(09.06월 이후)
12659,202412,0010093,대신증권주식회사,C23,파생상품계약_장외파생상품_주식관련거래,18280000000,국내증권사,B,SF205,각주항목(09.06월 이후)
12660,202412,0010093,대신증권주식회사,C24,파생상품계약_장외파생상품_신용관련거래,523491871506,국내증권사,B,SF205,각주항목(09.06월 이후)
12661,202412,0010093,대신증권주식회사,C25,파생상품계약_장외파생상품_기타,0,국내증권사,B,SF205,각주항목(09.06월 이후)
12662,202412,0010093,대신증권주식회사,D,대차 및 대주거래,2002263250217,국내증권사,B,SF205,각주항목(09.06월 이후)
12663,202412,0010093,대신증권주식회사,D1,대차 및 대주거래_대여증권,488174696128,국내증권사,B,SF205,각주항목(09.06월 이후)
12664,202412,0010093,대신증권주식회사,D2,대차 및 대주거래_차입증권,1514088554089,국내증권사,B,SF205,각주항목(09.06월 이후)
12665,202412,0010093,대신증권주식회사,D3,대차 및 대주거래_신용거래대주,0,국내증권사,B,SF205,각주항목(09.06월 이후)
12666,202412,0010093,대신증권주식회사,E,대손상각채권,0,국내증권사,B,SF205,각주항목(09.06월 이후)
12667,202412,0010093,대신증권주식회사,F,환전업무 예치금,0,국내증권사,B,SF205,각주항목(09.06월 이후)
12668,202412,0010093,대신증권주식회사,G,미배당별도예치금,312785754,국내증권사,B,SF205,각주항목(09.06월 이후)
12669,202412,0010093,대신증권주식회사,H,배서어음매출(종금계정),0,국내증권사,B,SF205,각주항목(09.06월 이후)
12670,202412,0010093,대신증권주식회사,H1,대출채권매매이익_담보부,0,국내증권사,B,SF205,각주항목(09.06월 이후)
12671,202412,0010093,대신증권주식회사,H2,대출채권매매이익_무담보부,0,국내증권사,B,SF205,각주항목(09.06월 이후)
12672,201703,0010169,도이치증권,A,채무보증,0,국내증권사,B,SF205,각주항목(09.06월 이후)
12673,201703,0010169,도이치증권,A1,채무보증_지급보증,0,국내증권사,B,SF205,각주항목(09.06월 이후)
12674,201703,0010169,도이치증권,A2,채무보증_매입보장약정, ,국내증권사,B,SF205,각주항목(09.06월 이후)
12675,201703,0010169,도이치증권,A3,채무보증_채무인수약정, ,국내증권사,B,SF205,각주항목(09.06월 이후)
12676,201703,0010169,도이치증권,A5,채무보증_매입확약,0,국내증권사,B,SF205,각주항목(09.06월 이후)
12677,201703,0010169,도이치증권,A6,채무보증_기타, ,국내증권사,B,SF205,각주항목(09.06월 이후)
12678,201703,0010169,도이치증권,B,투자자의 예수증권 등,0,국내증권사,B,SF205,각주항목(09.06월 이후)
12679,201703,0010169,도이치증권,B1,투자자의 예수증권 등_예수 증권,0,국내증권사,B,SF205,각주항목(09.06월 이후)
12680,201703,0010169,도이치증권,B2,투자자의 예수증권 등_예수양도성예금증서, ,국내증권사,B,SF205,각주항목(09.06월 이후)
12681,201703,0010169,도이치증권,B3,투자자의 예수증권 등_기타, ,국내증권사,B,SF205,각주항목(09.06월 이후)
12682,201703,0010169,도이치증권,C,파생상품계약,0,국내증권사,B,SF205,각주항목(09.06월 이후)
12683,201703,0010169,도이치증권,C1,파생상품계약_장내파생상품,0,국내증권사,B,SF205,각주항목(09.06월 이후)
12684,201703,0010169,도이치증권,C11,파생상품계약_장내파생상품_이자율관련거래,0,국내증권사,B,SF205,각주항목(09.06월 이후)
12685,201703,0010169,도이치증권,C12,파생상품계약_장내파생상품_통화관련거래,0,국내증권사,B,SF205,각주항목(09.06월 이후)
12686,201703,0010169,도이치증권,C13,파생상품계약_장내파생상품_주식관련거래,0,국내증권사,B,SF205,각주항목(09.06월 이후)
12687,201703,0010169,도이치증권,C14,파생상품계약_장내파생상품_일반상품관련거래,0,국내증권사,B,SF205,각주항목(09.06월 이후)
12688,201703,0010169,도이치증권,C15,파생상품계약_장내파생상품_기타,0,국내증권사,B,SF205,각주항목(09.06월 이후)
12689,201703,0010169,도이치증권,C2,파생상품계약_장외파생상품,0,국내증권사,B,SF205,각주항목(09.06월 이후)
12690,201703,0010169,도이치증권,C21,파생상품계약_장외파생상품_이자율관련거래,0,국내증권사,B,SF205,각주항목(09.06월 이후)
12691,201703,0010169,도이치증권,C22,파생상품계약_장외파생상품_통화관련거래,0,국내증권사,B,SF205,각주항목(09.06월 이후)
12692,201703,0010169,도이치증권,C23,파생상품계약_장외파생상품_주식관련거래,0,국내증권사,B,SF205,각주항목(09.06월 이후)
12693,201703,0010169,도이치증권,C24,파생상품계약_장외파생상품_신용관련거래,0,국내증권사,B,SF205,각주항목(09.06월 이후)
12694,201703,0010169,도이치증권,C25,파생상품계약_장외파생상품_기타,0,국내증권사,B,SF205,각주항목(09.06월 이후)
12695,201703,0010169,도이치증권,D,대차 및 대주거래,0,국내증권사,B,SF205,각주항목(09.06월 이후)
12696,201703,0010169,도이치증권,D1,대차 및 대주거래_대여증권,0,국내증권사,B,SF205,각주항목(09.06월 이후)
12697,201703,0010169,도이치증권,D2,대차 및 대주거래_차입증권,0,국내증권사,B,SF205,각주항목(09.06월 이후)
12698,201703,0010169,도이치증권,D3,대차 및 대주거래_신용거래대주, ,국내증권사,B,SF205,각주항목(09.06월 이후)
12699,201703,0010169,도이치증권,E,대손상각채권, ,국내증권사,B,SF205,각주항목(09.06월 이후)
12700,201703,0010169,도이치증권,F,환전업무 예치금,0,국내증권사,B,SF205,각주항목(09.06월 이후)
12701,201703,0010169,도이치증권,G,미배당별도예치금, ,국내증권사,B,SF205,각주항목(09.06월 이후)
12702,201703,0010169,도이치증권,H,배서어음매출(종금계정),0,국내증권사,B,SF205,각주항목(09.06월 이후)
12703,201703,0010169,도이치증권,H1,대출채권매매이익_담보부, ,국내증권사,B,SF205,각주항목(09.06월 이후)
12704,201703,0010169,도이치증권,H2,대출채권매매이익_무담보부, ,국내증권사,B,SF205,각주항목(09.06월 이후)
12705,201706,0010169,도이치증권,A,채무보증,0,국내증권사,B,SF205,각주항목(09.06월 이후)
12706,201706,0010169,도이치증권,A1,채무보증_지급보증,0,국내증권사,B,SF205,각주항목(09.06월 이후)
12707,201706,0010169,도이치증권,A2,채무보증_매입보장약정, ,국내증권사,B,SF205,각주항목(09.06월 이후)
12708,201706,0010169,도이치증권,A3,채무보증_채무인수약정, ,국내증권사,B,SF205,각주항목(09.06월 이후)
12709,201706,0010169,도이치증권,A5,채무보증_매입확약,0,국내증권사,B,SF205,각주항목(09.06월 이후)
12710,201706,0010169,도이치증권,A6,채무보증_기타, ,국내증권사,B,SF205,각주항목(09.06월 이후)
12711,201706,0010169,도이치증권,B,투자자의 예수증권 등,0,국내증권사,B,SF205,각주항목(09.06월 이후)
12712,201706,0010169,도이치증권,B1,투자자의 예수증권 등_예수 증권,0,국내증권사,B,SF205,각주항목(09.06월 이후)
12713,201706,0010169,도이치증권,B2,투자자의 예수증권 등_예수양도성예금증서, ,국내증권사,B,SF205,각주항목(09.06월 이후)
12714,201706,0010169,도이치증권,B3,투자자의 예수증권 등_기타, ,국내증권사,B,SF205,각주항목(09.06월 이후)
12715,201706,0010169,도이치증권,C,파생상품계약,0,국내증권사,B,SF205,각주항목(09.06월 이후)
12716,201706,0010169,도이치증권,C1,파생상품계약_장내파생상품,0,국내증권사,B,SF205,각주항목(09.06월 이후)
12717,201706,0010169,도이치증권,C11,파생상품계약_장내파생상품_이자율관련거래,0,국내증권사,B,SF205,각주항목(09.06월 이후)
12718,201706,0010169,도이치증권,C12,파생상품계약_장내파생상품_통화관련거래,0,국내증권사,B,SF205,각주항목(09.06월 이후)
12719,201706,0010169,도이치증권,C13,파생상품계약_장내파생상품_주식관련거래,0,국내증권사,B,SF205,각주항목(09.06월 이후)
12720,201706,0010169,도이치증권,C14,파생상품계약_장내파생상품_일반상품관련거래,0,국내증권사,B,SF205,각주항목(09.06월 이후)
12721,201706,0010169,도이치증권,C15,파생상품계약_장내파생상품_기타,0,국내증권사,B,SF205,각주항목(09.06월 이후)
12722,201706,0010169,도이치증권,C2,파생상품계약_장외파생상품,0,국내증권사,B,SF205,각주항목(09.06월 이후)
12723,201706,0010169,도이치증권,C21,파생상품계약_장외파생상품_이자율관련거래,0,국내증권사,B,SF205,각주항목(09.06월 이후)
12724,201706,0010169,도이치증권,C22,파생상품계약_장외파생상품_통화관련거래,0,국내증권사,B,SF205,각주항목(09.06월 이후)
12725,201706,0010169,도이치증권,C23,파생상품계약_장외파생상품_주식관련거래,0,국내증권사,B,SF205,각주항목(09.06월 이후)
12726,201706,0010169,도이치증권,C24,파생상품계약_장외파생상품_신용관련거래,0,국내증권사,B,SF205,각주항목(09.06월 이후)
12727,201706,0010169,도이치증권,C25,파생상품계약_장외파생상품_기타,0,국내증권사,B,SF205,각주항목(09.06월 이후)
12728,201706,0010169,도이치증권,D,대차 및 대주거래,0,국내증권사,B,SF205,각주항목(09.06월 이후)
12729,201706,0010169,도이치증권,D1,대차 및 대주거래_대여증권,0,국내증권사,B,SF205,각주항목(09.06월 이후)
12730,201706,0010169,도이치증권,D2,대차 및 대주거래_차입증권,0,국내증권사,B,SF205,각주항목(09.06월 이후)
12731,201706,0010169,도이치증권,D3,대차 및 대주거래_신용거래대주, ,국내증권사,B,SF205,각주항목(09.06월 이후)
12732,201706,0010169,도이치증권,E,대손상각채권, ,국내증권사,B,SF205,각주항목(09.06월 이후)
12733,201706,0010169,도이치증권,F,환전업무 예치금,0,국내증권사,B,SF205,각주항목(09.06월 이후)
12734,201706,0010169,도이치증권,G,미배당별도예치금, ,국내증권사,B,SF205,각주항목(09.06월 이후)
12735,201706,0010169,도이치증권,H,배서어음매출(종금계정),0,국내증권사,B,SF205,각주항목(09.06월 이후)
12736,201706,0010169,도이치증권,H1,대출채권매매이익_담보부, ,국내증권사,B,SF205,각주항목(09.06월 이후)
12737,201706,0010169,도이치증권,H2,대출채권매매이익_무담보부, ,국내증권사,B,SF205,각주항목(09.06월 이후)
12738,201709,0010169,도이치증권,A,채무보증,0,국내증권사,B,SF205,각주항목(09.06월 이후)
12739,201709,0010169,도이치증권,A1,채무보증_지급보증,0,국내증권사,B,SF205,각주항목(09.06월 이후)
12740,201709,0010169,도이치증권,A2,채무보증_매입보장약정, ,국내증권사,B,SF205,각주항목(09.06월 이후)
12741,201709,0010169,도이치증권,A3,채무보증_채무인수약정, ,국내증권사,B,SF205,각주항목(09.06월 이후)
12742,201709,0010169,도이치증권,A5,채무보증_매입확약,0,국내증권사,B,SF205,각주항목(09.06월 이후)
12743,201709,0010169,도이치증권,A6,채무보증_기타, ,국내증권사,B,SF205,각주항목(09.06월 이후)
12744,201709,0010169,도이치증권,B,투자자의 예수증권 등,0,국내증권사,B,SF205,각주항목(09.06월 이후)
12745,201709,0010169,도이치증권,B1,투자자의 예수증권 등_예수 증권,0,국내증권사,B,SF205,각주항목(09.06월 이후)
12746,201709,0010169,도이치증권,B2,투자자의 예수증권 등_예수양도성예금증서, ,국내증권사,B,SF205,각주항목(09.06월 이후)
12747,201709,0010169,도이치증권,B3,투자자의 예수증권 등_기타, ,국내증권사,B,SF205,각주항목(09.06월 이후)
12748,201709,0010169,도이치증권,C,파생상품계약,0,국내증권사,B,SF205,각주항목(09.06월 이후)
12749,201709,0010169,도이치증권,C1,파생상품계약_장내파생상품,0,국내증권사,B,SF205,각주항목(09.06월 이후)
12750,201709,0010169,도이치증권,C11,파생상품계약_장내파생상품_이자율관련거래,0,국내증권사,B,SF205,각주항목(09.06월 이후)
12751,201709,0010169,도이치증권,C12,파생상품계약_장내파생상품_통화관련거래,0,국내증권사,B,SF205,각주항목(09.06월 이후)
12752,201709,0010169,도이치증권,C13,파생상품계약_장내파생상품_주식관련거래,0,국내증권사,B,SF205,각주항목(09.06월 이후)
12753,201709,0010169,도이치증권,C14,파생상품계약_장내파생상품_일반상품관련거래,0,국내증권사,B,SF205,각주항목(09.06월 이후)
12754,201709,0010169,도이치증권,C15,파생상품계약_장내파생상품_기타,0,국내증권사,B,SF205,각주항목(09.06월 이후)
12755,201709,0010169,도이치증권,C2,파생상품계약_장외파생상품,0,국내증권사,B,SF205,각주항목(09.06월 이후)
12756,201709,0010169,도이치증권,C21,파생상품계약_장외파생상품_이자율관련거래,0,국내증권사,B,SF205,각주항목(09.06월 이후)
12757,201709,0010169,도이치증권,C22,파생상품계약_장외파생상품_통화관련거래,0,국내증권사,B,SF205,각주항목(09.06월 이후)
12758,201709,0010169,도이치증권,C23,파생상품계약_장외파생상품_주식관련거래,0,국내증권사,B,SF205,각주항목(09.06월 이후)
12759,201709,0010169,도이치증권,C24,파생상품계약_장외파생상품_신용관련거래,0,국내증권사,B,SF205,각주항목(09.06월 이후)
12760,201709,0010169,도이치증권,C25,파생상품계약_장외파생상품_기타,0,국내증권사,B,SF205,각주항목(09.06월 이후)
12761,201709,0010169,도이치증권,D,대차 및 대주거래,0,국내증권사,B,SF205,각주항목(09.06월 이후)
12762,201709,0010169,도이치증권,D1,대차 및 대주거래_대여증권,0,국내증권사,B,SF205,각주항목(09.06월 이후)
12763,201709,0010169,도이치증권,D2,대차 및 대주거래_차입증권,0,국내증권사,B,SF205,각주항목(09.06월 이후)
12764,201709,0010169,도이치증권,D3,대차 및 대주거래_신용거래대주, ,국내증권사,B,SF205,각주항목(09.06월 이후)
12765,201709,0010169,도이치증권,E,대손상각채권, ,국내증권사,B,SF205,각주항목(09.06월 이후)
12766,201709,0010169,도이치증권,F,환전업무 예치금,0,국내증권사,B,SF205,각주항목(09.06월 이후)
12767,201709,0010169,도이치증권,G,미배당별도예치금, ,국내증권사,B,SF205,각주항목(09.06월 이후)
12768,201709,0010169,도이치증권,H,배서어음매출(종금계정),0,국내증권사,B,SF205,각주항목(09.06월 이후)
12769,201709,0010169,도이치증권,H1,대출채권매매이익_담보부, ,국내증권사,B,SF205,각주항목(09.06월 이후)
12770,201709,0010169,도이치증권,H2,대출채권매매이익_무담보부, ,국내증권사,B,SF205,각주항목(09.06월 이후)
12771,201712,0010169,도이치증권,A,채무보증,0,국내증권사,B,SF205,각주항목(09.06월 이후)
12772,201712,0010169,도이치증권,A1,채무보증_지급보증,0,국내증권사,B,SF205,각주항목(09.06월 이후)
12773,201712,0010169,도이치증권,A2,채무보증_매입보장약정, ,국내증권사,B,SF205,각주항목(09.06월 이후)
12774,201712,0010169,도이치증권,A3,채무보증_채무인수약정, ,국내증권사,B,SF205,각주항목(09.06월 이후)
12775,201712,0010169,도이치증권,A5,채무보증_매입확약,0,국내증권사,B,SF205,각주항목(09.06월 이후)
12776,201712,0010169,도이치증권,A6,채무보증_기타, ,국내증권사,B,SF205,각주항목(09.06월 이후)
12777,201712,0010169,도이치증권,B,투자자의 예수증권 등,0,국내증권사,B,SF205,각주항목(09.06월 이후)
12778,201712,0010169,도이치증권,B1,투자자의 예수증권 등_예수 증권,0,국내증권사,B,SF205,각주항목(09.06월 이후)
12779,201712,0010169,도이치증권,B2,투자자의 예수증권 등_예수양도성예금증서, ,국내증권사,B,SF205,각주항목(09.06월 이후)
12780,201712,0010169,도이치증권,B3,투자자의 예수증권 등_기타, ,국내증권사,B,SF205,각주항목(09.06월 이후)
12781,201712,0010169,도이치증권,C,파생상품계약,0,국내증권사,B,SF205,각주항목(09.06월 이후)
12782,201712,0010169,도이치증권,C1,파생상품계약_장내파생상품,0,국내증권사,B,SF205,각주항목(09.06월 이후)
12783,201712,0010169,도이치증권,C11,파생상품계약_장내파생상품_이자율관련거래,0,국내증권사,B,SF205,각주항목(09.06월 이후)
12784,201712,0010169,도이치증권,C12,파생상품계약_장내파생상품_통화관련거래,0,국내증권사,B,SF205,각주항목(09.06월 이후)
12785,201712,0010169,도이치증권,C13,파생상품계약_장내파생상품_주식관련거래,0,국내증권사,B,SF205,각주항목(09.06월 이후)
12786,201712,0010169,도이치증권,C14,파생상품계약_장내파생상품_일반상품관련거래,0,국내증권사,B,SF205,각주항목(09.06월 이후)
12787,201712,0010169,도이치증권,C15,파생상품계약_장내파생상품_기타,0,국내증권사,B,SF205,각주항목(09.06월 이후)
12788,201712,0010169,도이치증권,C2,파생상품계약_장외파생상품,0,국내증권사,B,SF205,각주항목(09.06월 이후)
12789,201712,0010169,도이치증권,C21,파생상품계약_장외파생상품_이자율관련거래,0,국내증권사,B,SF205,각주항목(09.06월 이후)
12790,201712,0010169,도이치증권,C22,파생상품계약_장외파생상품_통화관련거래,0,국내증권사,B,SF205,각주항목(09.06월 이후)
12791,201712,0010169,도이치증권,C23,파생상품계약_장외파생상품_주식관련거래,0,국내증권사,B,SF205,각주항목(09.06월 이후)
12792,201712,0010169,도이치증권,C24,파생상품계약_장외파생상품_신용관련거래,0,국내증권사,B,SF205,각주항목(09.06월 이후)
12793,201712,0010169,도이치증권,C25,파생상품계약_장외파생상품_기타,0,국내증권사,B,SF205,각주항목(09.06월 이후)
12794,201712,0010169,도이치증권,D,대차 및 대주거래,0,국내증권사,B,SF205,각주항목(09.06월 이후)
12795,201712,0010169,도이치증권,D1,대차 및 대주거래_대여증권,0,국내증권사,B,SF205,각주항목(09.06월 이후)
12796,201712,0010169,도이치증권,D2,대차 및 대주거래_차입증권,0,국내증권사,B,SF205,각주항목(09.06월 이후)
12797,201712,0010169,도이치증권,D3,대차 및 대주거래_신용거래대주, ,국내증권사,B,SF205,각주항목(09.06월 이후)
12798,201712,0010169,도이치증권,E,대손상각채권, ,국내증권사,B,SF205,각주항목(09.06월 이후)
12799,201712,0010169,도이치증권,F,환전업무 예치금,0,국내증권사,B,SF205,각주항목(09.06월 이후)
12800,201712,0010169,도이치증권,G,미배당별도예치금, ,국내증권사,B,SF205,각주항목(09.06월 이후)
12801,201712,0010169,도이치증권,H,배서어음매출(종금계정),0,국내증권사,B,SF205,각주항목(09.06월 이후)
12802,201712,0010169,도이치증권,H1,대출채권매매이익_담보부, ,국내증권사,B,SF205,각주항목(09.06월 이후)
12803,201712,0010169,도이치증권,H2,대출채권매매이익_무담보부, ,국내증권사,B,SF205,각주항목(09.06월 이후)
12804,201803,0010169,도이치증권,A,채무보증,0,국내증권사,B,SF205,각주항목(09.06월 이후)
12805,201803,0010169,도이치증권,A1,채무보증_지급보증,0,국내증권사,B,SF205,각주항목(09.06월 이후)
12806,201803,0010169,도이치증권,A2,채무보증_매입보장약정,0,국내증권사,B,SF205,각주항목(09.06월 이후)
12807,201803,0010169,도이치증권,A3,채무보증_채무인수약정,0,국내증권사,B,SF205,각주항목(09.06월 이후)
12808,201803,0010169,도이치증권,A5,채무보증_매입확약,0,국내증권사,B,SF205,각주항목(09.06월 이후)
12809,201803,0010169,도이치증권,A6,채무보증_기타,0,국내증권사,B,SF205,각주항목(09.06월 이후)
12810,201803,0010169,도이치증권,B,투자자의 예수증권 등,0,국내증권사,B,SF205,각주항목(09.06월 이후)
12811,201803,0010169,도이치증권,B1,투자자의 예수증권 등_예수 증권,0,국내증권사,B,SF205,각주항목(09.06월 이후)
12812,201803,0010169,도이치증권,B2,투자자의 예수증권 등_예수양도성예금증서,0,국내증권사,B,SF205,각주항목(09.06월 이후)
12813,201803,0010169,도이치증권,B3,투자자의 예수증권 등_기타,0,국내증권사,B,SF205,각주항목(09.06월 이후)
12814,201803,0010169,도이치증권,C,파생상품계약,0,국내증권사,B,SF205,각주항목(09.06월 이후)
12815,201803,0010169,도이치증권,C1,파생상품계약_장내파생상품,0,국내증권사,B,SF205,각주항목(09.06월 이후)
12816,201803,0010169,도이치증권,C11,파생상품계약_장내파생상품_이자율관련거래,0,국내증권사,B,SF205,각주항목(09.06월 이후)
12817,201803,0010169,도이치증권,C12,파생상품계약_장내파생상품_통화관련거래,0,국내증권사,B,SF205,각주항목(09.06월 이후)
12818,201803,0010169,도이치증권,C13,파생상품계약_장내파생상품_주식관련거래,0,국내증권사,B,SF205,각주항목(09.06월 이후)
12819,201803,0010169,도이치증권,C14,파생상품계약_장내파생상품_일반상품관련거래,0,국내증권사,B,SF205,각주항목(09.06월 이후)
12820,201803,0010169,도이치증권,C15,파생상품계약_장내파생상품_기타,0,국내증권사,B,SF205,각주항목(09.06월 이후)
12821,201803,0010169,도이치증권,C2,파생상품계약_장외파생상품,0,국내증권사,B,SF205,각주항목(09.06월 이후)
12822,201803,0010169,도이치증권,C21,파생상품계약_장외파생상품_이자율관련거래,0,국내증권사,B,SF205,각주항목(09.06월 이후)
12823,201803,0010169,도이치증권,C22,파생상품계약_장외파생상품_통화관련거래,0,국내증권사,B,SF205,각주항목(09.06월 이후)
12824,201803,0010169,도이치증권,C23,파생상품계약_장외파생상품_주식관련거래,0,국내증권사,B,SF205,각주항목(09.06월 이후)
12825,201803,0010169,도이치증권,C24,파생상품계약_장외파생상품_신용관련거래,0,국내증권사,B,SF205,각주항목(09.06월 이후)
12826,201803,0010169,도이치증권,C25,파생상품계약_장외파생상품_기타,0,국내증권사,B,SF205,각주항목(09.06월 이후)
12827,201803,0010169,도이치증권,D,대차 및 대주거래,0,국내증권사,B,SF205,각주항목(09.06월 이후)
12828,201803,0010169,도이치증권,D1,대차 및 대주거래_대여증권,0,국내증권사,B,SF205,각주항목(09.06월 이후)
12829,201803,0010169,도이치증권,D2,대차 및 대주거래_차입증권,0,국내증권사,B,SF205,각주항목(09.06월 이후)
12830,201803,0010169,도이치증권,D3,대차 및 대주거래_신용거래대주,0,국내증권사,B,SF205,각주항목(09.06월 이후)
12831,201803,0010169,도이치증권,E,대손상각채권,0,국내증권사,B,SF205,각주항목(09.06월 이후)
12832,201803,0010169,도이치증권,F,환전업무 예치금,0,국내증권사,B,SF205,각주항목(09.06월 이후)
12833,201803,0010169,도이치증권,G,미배당별도예치금,0,국내증권사,B,SF205,각주항목(09.06월 이후)
12834,201803,0010169,도이치증권,H,배서어음매출(종금계정),0,국내증권사,B,SF205,각주항목(09.06월 이후)
12835,201803,0010169,도이치증권,H1,대출채권매매이익_담보부,0,국내증권사,B,SF205,각주항목(09.06월 이후)
12836,201803,0010169,도이치증권,H2,대출채권매매이익_무담보부,0,국내증권사,B,SF205,각주항목(09.06월 이후)
12837,201806,0010169,도이치증권,A,채무보증,0,국내증권사,B,SF205,각주항목(09.06월 이후)
12838,201806,0010169,도이치증권,A1,채무보증_지급보증,0,국내증권사,B,SF205,각주항목(09.06월 이후)
12839,201806,0010169,도이치증권,A2,채무보증_매입보장약정,0,국내증권사,B,SF205,각주항목(09.06월 이후)
12840,201806,0010169,도이치증권,A3,채무보증_채무인수약정,0,국내증권사,B,SF205,각주항목(09.06월 이후)
12841,201806,0010169,도이치증권,A5,채무보증_매입확약,0,국내증권사,B,SF205,각주항목(09.06월 이후)
12842,201806,0010169,도이치증권,A6,채무보증_기타,0,국내증권사,B,SF205,각주항목(09.06월 이후)
12843,201806,0010169,도이치증권,B,투자자의 예수증권 등,0,국내증권사,B,SF205,각주항목(09.06월 이후)
12844,201806,0010169,도이치증권,B1,투자자의 예수증권 등_예수 증권,0,국내증권사,B,SF205,각주항목(09.06월 이후)
12845,201806,0010169,도이치증권,B2,투자자의 예수증권 등_예수양도성예금증서,0,국내증권사,B,SF205,각주항목(09.06월 이후)
12846,201806,0010169,도이치증권,B3,투자자의 예수증권 등_기타,0,국내증권사,B,SF205,각주항목(09.06월 이후)
12847,201806,0010169,도이치증권,C,파생상품계약,0,국내증권사,B,SF205,각주항목(09.06월 이후)
12848,201806,0010169,도이치증권,C1,파생상품계약_장내파생상품,0,국내증권사,B,SF205,각주항목(09.06월 이후)
12849,201806,0010169,도이치증권,C11,파생상품계약_장내파생상품_이자율관련거래,0,국내증권사,B,SF205,각주항목(09.06월 이후)
12850,201806,0010169,도이치증권,C12,파생상품계약_장내파생상품_통화관련거래,0,국내증권사,B,SF205,각주항목(09.06월 이후)
12851,201806,0010169,도이치증권,C13,파생상품계약_장내파생상품_주식관련거래,0,국내증권사,B,SF205,각주항목(09.06월 이후)
12852,201806,0010169,도이치증권,C14,파생상품계약_장내파생상품_일반상품관련거래,0,국내증권사,B,SF205,각주항목(09.06월 이후)
12853,201806,0010169,도이치증권,C15,파생상품계약_장내파생상품_기타,0,국내증권사,B,SF205,각주항목(09.06월 이후)
12854,201806,0010169,도이치증권,C2,파생상품계약_장외파생상품,0,국내증권사,B,SF205,각주항목(09.06월 이후)
12855,201806,0010169,도이치증권,C21,파생상품계약_장외파생상품_이자율관련거래,0,국내증권사,B,SF205,각주항목(09.06월 이후)
12856,201806,0010169,도이치증권,C22,파생상품계약_장외파생상품_통화관련거래,0,국내증권사,B,SF205,각주항목(09.06월 이후)
12857,201806,0010169,도이치증권,C23,파생상품계약_장외파생상품_주식관련거래,0,국내증권사,B,SF205,각주항목(09.06월 이후)
12858,201806,0010169,도이치증권,C24,파생상품계약_장외파생상품_신용관련거래,0,국내증권사,B,SF205,각주항목(09.06월 이후)
12859,201806,0010169,도이치증권,C25,파생상품계약_장외파생상품_기타,0,국내증권사,B,SF205,각주항목(09.06월 이후)
12860,201806,0010169,도이치증권,D,대차 및 대주거래,0,국내증권사,B,SF205,각주항목(09.06월 이후)
12861,201806,0010169,도이치증권,D1,대차 및 대주거래_대여증권,0,국내증권사,B,SF205,각주항목(09.06월 이후)
12862,201806,0010169,도이치증권,D2,대차 및 대주거래_차입증권,0,국내증권사,B,SF205,각주항목(09.06월 이후)
12863,201806,0010169,도이치증권,D3,대차 및 대주거래_신용거래대주,0,국내증권사,B,SF205,각주항목(09.06월 이후)
12864,201806,0010169,도이치증권,E,대손상각채권,0,국내증권사,B,SF205,각주항목(09.06월 이후)
12865,201806,0010169,도이치증권,F,환전업무 예치금,0,국내증권사,B,SF205,각주항목(09.06월 이후)
12866,201806,0010169,도이치증권,G,미배당별도예치금,0,국내증권사,B,SF205,각주항목(09.06월 이후)
12867,201806,0010169,도이치증권,H,배서어음매출(종금계정),0,국내증권사,B,SF205,각주항목(09.06월 이후)
12868,201806,0010169,도이치증권,H1,대출채권매매이익_담보부,0,국내증권사,B,SF205,각주항목(09.06월 이후)
12869,201806,0010169,도이치증권,H2,대출채권매매이익_무담보부,0,국내증권사,B,SF205,각주항목(09.06월 이후)
12870,201809,0010169,도이치증권,A,채무보증,0,국내증권사,B,SF205,각주항목(09.06월 이후)
12871,201809,0010169,도이치증권,A1,채무보증_지급보증,0,국내증권사,B,SF205,각주항목(09.06월 이후)
12872,201809,0010169,도이치증권,A2,채무보증_매입보장약정,0,국내증권사,B,SF205,각주항목(09.06월 이후)
12873,201809,0010169,도이치증권,A3,채무보증_채무인수약정,0,국내증권사,B,SF205,각주항목(09.06월 이후)
12874,201809,0010169,도이치증권,A5,채무보증_매입확약,0,국내증권사,B,SF205,각주항목(09.06월 이후)
12875,201809,0010169,도이치증권,A6,채무보증_기타,0,국내증권사,B,SF205,각주항목(09.06월 이후)
12876,201809,0010169,도이치증권,B,투자자의 예수증권 등,0,국내증권사,B,SF205,각주항목(09.06월 이후)
12877,201809,0010169,도이치증권,B1,투자자의 예수증권 등_예수 증권,0,국내증권사,B,SF205,각주항목(09.06월 이후)
12878,201809,0010169,도이치증권,B2,투자자의 예수증권 등_예수양도성예금증서,0,국내증권사,B,SF205,각주항목(09.06월 이후)
12879,201809,0010169,도이치증권,B3,투자자의 예수증권 등_기타,0,국내증권사,B,SF205,각주항목(09.06월 이후)
12880,201809,0010169,도이치증권,C,파생상품계약,0,국내증권사,B,SF205,각주항목(09.06월 이후)
12881,201809,0010169,도이치증권,C1,파생상품계약_장내파생상품,0,국내증권사,B,SF205,각주항목(09.06월 이후)
12882,201809,0010169,도이치증권,C11,파생상품계약_장내파생상품_이자율관련거래,0,국내증권사,B,SF205,각주항목(09.06월 이후)
12883,201809,0010169,도이치증권,C12,파생상품계약_장내파생상품_통화관련거래,0,국내증권사,B,SF205,각주항목(09.06월 이후)
12884,201809,0010169,도이치증권,C13,파생상품계약_장내파생상품_주식관련거래,0,국내증권사,B,SF205,각주항목(09.06월 이후)
12885,201809,0010169,도이치증권,C14,파생상품계약_장내파생상품_일반상품관련거래,0,국내증권사,B,SF205,각주항목(09.06월 이후)
12886,201809,0010169,도이치증권,C15,파생상품계약_장내파생상품_기타,0,국내증권사,B,SF205,각주항목(09.06월 이후)
12887,201809,0010169,도이치증권,C2,파생상품계약_장외파생상품,0,국내증권사,B,SF205,각주항목(09.06월 이후)
12888,201809,0010169,도이치증권,C21,파생상품계약_장외파생상품_이자율관련거래,0,국내증권사,B,SF205,각주항목(09.06월 이후)
12889,201809,0010169,도이치증권,C22,파생상품계약_장외파생상품_통화관련거래,0,국내증권사,B,SF205,각주항목(09.06월 이후)
12890,201809,0010169,도이치증권,C23,파생상품계약_장외파생상품_주식관련거래,0,국내증권사,B,SF205,각주항목(09.06월 이후)
12891,201809,0010169,도이치증권,C24,파생상품계약_장외파생상품_신용관련거래,0,국내증권사,B,SF205,각주항목(09.06월 이후)
12892,201809,0010169,도이치증권,C25,파생상품계약_장외파생상품_기타,0,국내증권사,B,SF205,각주항목(09.06월 이후)
12893,201809,0010169,도이치증권,D,대차 및 대주거래,0,국내증권사,B,SF205,각주항목(09.06월 이후)
12894,201809,0010169,도이치증권,D1,대차 및 대주거래_대여증권,0,국내증권사,B,SF205,각주항목(09.06월 이후)
12895,201809,0010169,도이치증권,D2,대차 및 대주거래_차입증권,0,국내증권사,B,SF205,각주항목(09.06월 이후)
12896,201809,0010169,도이치증권,D3,대차 및 대주거래_신용거래대주,0,국내증권사,B,SF205,각주항목(09.06월 이후)
12897,201809,0010169,도이치증권,E,대손상각채권,0,국내증권사,B,SF205,각주항목(09.06월 이후)
12898,201809,0010169,도이치증권,F,환전업무 예치금,0,국내증권사,B,SF205,각주항목(09.06월 이후)
12899,201809,0010169,도이치증권,G,미배당별도예치금,0,국내증권사,B,SF205,각주항목(09.06월 이후)
12900,201809,0010169,도이치증권,H,배서어음매출(종금계정),0,국내증권사,B,SF205,각주항목(09.06월 이후)
12901,201809,0010169,도이치증권,H1,대출채권매매이익_담보부,0,국내증권사,B,SF205,각주항목(09.06월 이후)
12902,201809,0010169,도이치증권,H2,대출채권매매이익_무담보부,0,국내증권사,B,SF205,각주항목(09.06월 이후)
12903,201812,0010169,도이치증권,A,채무보증,0,국내증권사,B,SF205,각주항목(09.06월 이후)
12904,201812,0010169,도이치증권,A1,채무보증_지급보증,0,국내증권사,B,SF205,각주항목(09.06월 이후)
12905,201812,0010169,도이치증권,A2,채무보증_매입보장약정,0,국내증권사,B,SF205,각주항목(09.06월 이후)
12906,201812,0010169,도이치증권,A3,채무보증_채무인수약정,0,국내증권사,B,SF205,각주항목(09.06월 이후)
12907,201812,0010169,도이치증권,A5,채무보증_매입확약,0,국내증권사,B,SF205,각주항목(09.06월 이후)
12908,201812,0010169,도이치증권,A6,채무보증_기타,0,국내증권사,B,SF205,각주항목(09.06월 이후)
12909,201812,0010169,도이치증권,B,투자자의 예수증권 등,0,국내증권사,B,SF205,각주항목(09.06월 이후)
12910,201812,0010169,도이치증권,B1,투자자의 예수증권 등_예수 증권,0,국내증권사,B,SF205,각주항목(09.06월 이후)
12911,201812,0010169,도이치증권,B2,투자자의 예수증권 등_예수양도성예금증서,0,국내증권사,B,SF205,각주항목(09.06월 이후)
12912,201812,0010169,도이치증권,B3,투자자의 예수증권 등_기타,0,국내증권사,B,SF205,각주항목(09.06월 이후)
12913,201812,0010169,도이치증권,C,파생상품계약,0,국내증권사,B,SF205,각주항목(09.06월 이후)
12914,201812,0010169,도이치증권,C1,파생상품계약_장내파생상품,0,국내증권사,B,SF205,각주항목(09.06월 이후)
12915,201812,0010169,도이치증권,C11,파생상품계약_장내파생상품_이자율관련거래,0,국내증권사,B,SF205,각주항목(09.06월 이후)
12916,201812,0010169,도이치증권,C12,파생상품계약_장내파생상품_통화관련거래,0,국내증권사,B,SF205,각주항목(09.06월 이후)
12917,201812,0010169,도이치증권,C13,파생상품계약_장내파생상품_주식관련거래,0,국내증권사,B,SF205,각주항목(09.06월 이후)
12918,201812,0010169,도이치증권,C14,파생상품계약_장내파생상품_일반상품관련거래,0,국내증권사,B,SF205,각주항목(09.06월 이후)
12919,201812,0010169,도이치증권,C15,파생상품계약_장내파생상품_기타,0,국내증권사,B,SF205,각주항목(09.06월 이후)
12920,201812,0010169,도이치증권,C2,파생상품계약_장외파생상품,0,국내증권사,B,SF205,각주항목(09.06월 이후)
12921,201812,0010169,도이치증권,C21,파생상품계약_장외파생상품_이자율관련거래,0,국내증권사,B,SF205,각주항목(09.06월 이후)
12922,201812,0010169,도이치증권,C22,파생상품계약_장외파생상품_통화관련거래,0,국내증권사,B,SF205,각주항목(09.06월 이후)
12923,201812,0010169,도이치증권,C23,파생상품계약_장외파생상품_주식관련거래,0,국내증권사,B,SF205,각주항목(09.06월 이후)
12924,201812,0010169,도이치증권,C24,파생상품계약_장외파생상품_신용관련거래,0,국내증권사,B,SF205,각주항목(09.06월 이후)
12925,201812,0010169,도이치증권,C25,파생상품계약_장외파생상품_기타,0,국내증권사,B,SF205,각주항목(09.06월 이후)
12926,201812,0010169,도이치증권,D,대차 및 대주거래,0,국내증권사,B,SF205,각주항목(09.06월 이후)
12927,201812,0010169,도이치증권,D1,대차 및 대주거래_대여증권,0,국내증권사,B,SF205,각주항목(09.06월 이후)
12928,201812,0010169,도이치증권,D2,대차 및 대주거래_차입증권,0,국내증권사,B,SF205,각주항목(09.06월 이후)
12929,201812,0010169,도이치증권,D3,대차 및 대주거래_신용거래대주,0,국내증권사,B,SF205,각주항목(09.06월 이후)
12930,201812,0010169,도이치증권,E,대손상각채권,0,국내증권사,B,SF205,각주항목(09.06월 이후)
12931,201812,0010169,도이치증권,F,환전업무 예치금,0,국내증권사,B,SF205,각주항목(09.06월 이후)
12932,201812,0010169,도이치증권,G,미배당별도예치금,0,국내증권사,B,SF205,각주항목(09.06월 이후)
12933,201812,0010169,도이치증권,H,배서어음매출(종금계정),0,국내증권사,B,SF205,각주항목(09.06월 이후)
12934,201812,0010169,도이치증권,H1,대출채권매매이익_담보부,0,국내증권사,B,SF205,각주항목(09.06월 이후)
12935,201812,0010169,도이치증권,H2,대출채권매매이익_무담보부,0,국내증권사,B,SF205,각주항목(09.06월 이후)
12936,201903,0010169,도이치증권,A,채무보증,0,국내증권사,B,SF205,각주항목(09.06월 이후)
12937,201903,0010169,도이치증권,A1,채무보증_지급보증,0,국내증권사,B,SF205,각주항목(09.06월 이후)
12938,201903,0010169,도이치증권,A2,채무보증_매입보장약정,0,국내증권사,B,SF205,각주항목(09.06월 이후)
12939,201903,0010169,도이치증권,A3,채무보증_채무인수약정,0,국내증권사,B,SF205,각주항목(09.06월 이후)
12940,201903,0010169,도이치증권,A5,채무보증_매입확약,0,국내증권사,B,SF205,각주항목(09.06월 이후)
12941,201903,0010169,도이치증권,A6,채무보증_기타,0,국내증권사,B,SF205,각주항목(09.06월 이후)
12942,201903,0010169,도이치증권,B,투자자의 예수증권 등,0,국내증권사,B,SF205,각주항목(09.06월 이후)
12943,201903,0010169,도이치증권,B1,투자자의 예수증권 등_예수 증권,0,국내증권사,B,SF205,각주항목(09.06월 이후)
12944,201903,0010169,도이치증권,B2,투자자의 예수증권 등_예수양도성예금증서,0,국내증권사,B,SF205,각주항목(09.06월 이후)
12945,201903,0010169,도이치증권,B3,투자자의 예수증권 등_기타,0,국내증권사,B,SF205,각주항목(09.06월 이후)
12946,201903,0010169,도이치증권,C,파생상품계약,0,국내증권사,B,SF205,각주항목(09.06월 이후)
12947,201903,0010169,도이치증권,C1,파생상품계약_장내파생상품,0,국내증권사,B,SF205,각주항목(09.06월 이후)
12948,201903,0010169,도이치증권,C11,파생상품계약_장내파생상품_이자율관련거래,0,국내증권사,B,SF205,각주항목(09.06월 이후)
12949,201903,0010169,도이치증권,C12,파생상품계약_장내파생상품_통화관련거래,0,국내증권사,B,SF205,각주항목(09.06월 이후)
12950,201903,0010169,도이치증권,C13,파생상품계약_장내파생상품_주식관련거래,0,국내증권사,B,SF205,각주항목(09.06월 이후)
12951,201903,0010169,도이치증권,C14,파생상품계약_장내파생상품_일반상품관련거래,0,국내증권사,B,SF205,각주항목(09.06월 이후)
12952,201903,0010169,도이치증권,C15,파생상품계약_장내파생상품_기타,0,국내증권사,B,SF205,각주항목(09.06월 이후)
12953,201903,0010169,도이치증권,C2,파생상품계약_장외파생상품,0,국내증권사,B,SF205,각주항목(09.06월 이후)
12954,201903,0010169,도이치증권,C21,파생상품계약_장외파생상품_이자율관련거래,0,국내증권사,B,SF205,각주항목(09.06월 이후)
12955,201903,0010169,도이치증권,C22,파생상품계약_장외파생상품_통화관련거래,0,국내증권사,B,SF205,각주항목(09.06월 이후)
12956,201903,0010169,도이치증권,C23,파생상품계약_장외파생상품_주식관련거래,0,국내증권사,B,SF205,각주항목(09.06월 이후)
12957,201903,0010169,도이치증권,C24,파생상품계약_장외파생상품_신용관련거래,0,국내증권사,B,SF205,각주항목(09.06월 이후)
12958,201903,0010169,도이치증권,C25,파생상품계약_장외파생상품_기타,0,국내증권사,B,SF205,각주항목(09.06월 이후)
12959,201903,0010169,도이치증권,D,대차 및 대주거래,0,국내증권사,B,SF205,각주항목(09.06월 이후)
12960,201903,0010169,도이치증권,D1,대차 및 대주거래_대여증권,0,국내증권사,B,SF205,각주항목(09.06월 이후)
12961,201903,0010169,도이치증권,D2,대차 및 대주거래_차입증권,0,국내증권사,B,SF205,각주항목(09.06월 이후)
12962,201903,0010169,도이치증권,D3,대차 및 대주거래_신용거래대주,0,국내증권사,B,SF205,각주항목(09.06월 이후)
12963,201903,0010169,도이치증권,E,대손상각채권,0,국내증권사,B,SF205,각주항목(09.06월 이후)
12964,201903,0010169,도이치증권,F,환전업무 예치금,0,국내증권사,B,SF205,각주항목(09.06월 이후)
12965,201903,0010169,도이치증권,G,미배당별도예치금,0,국내증권사,B,SF205,각주항목(09.06월 이후)
12966,201903,0010169,도이치증권,H,배서어음매출(종금계정),0,국내증권사,B,SF205,각주항목(09.06월 이후)
12967,201903,0010169,도이치증권,H1,대출채권매매이익_담보부,0,국내증권사,B,SF205,각주항목(09.06월 이후)
12968,201903,0010169,도이치증권,H2,대출채권매매이익_무담보부,0,국내증권사,B,SF205,각주항목(09.06월 이후)
12969,201906,0010169,도이치증권,A,채무보증,0,국내증권사,B,SF205,각주항목(09.06월 이후)
12970,201906,0010169,도이치증권,A1,채무보증_지급보증,0,국내증권사,B,SF205,각주항목(09.06월 이후)
12971,201906,0010169,도이치증권,A2,채무보증_매입보장약정,0,국내증권사,B,SF205,각주항목(09.06월 이후)
12972,201906,0010169,도이치증권,A3,채무보증_채무인수약정,0,국내증권사,B,SF205,각주항목(09.06월 이후)
12973,201906,0010169,도이치증권,A5,채무보증_매입확약,0,국내증권사,B,SF205,각주항목(09.06월 이후)
12974,201906,0010169,도이치증권,A6,채무보증_기타,0,국내증권사,B,SF205,각주항목(09.06월 이후)
12975,201906,0010169,도이치증권,B,투자자의 예수증권 등,0,국내증권사,B,SF205,각주항목(09.06월 이후)
12976,201906,0010169,도이치증권,B1,투자자의 예수증권 등_예수 증권,0,국내증권사,B,SF205,각주항목(09.06월 이후)
12977,201906,0010169,도이치증권,B2,투자자의 예수증권 등_예수양도성예금증서,0,국내증권사,B,SF205,각주항목(09.06월 이후)
12978,201906,0010169,도이치증권,B3,투자자의 예수증권 등_기타,0,국내증권사,B,SF205,각주항목(09.06월 이후)
12979,201906,0010169,도이치증권,C,파생상품계약,0,국내증권사,B,SF205,각주항목(09.06월 이후)
12980,201906,0010169,도이치증권,C1,파생상품계약_장내파생상품,0,국내증권사,B,SF205,각주항목(09.06월 이후)
12981,201906,0010169,도이치증권,C11,파생상품계약_장내파생상품_이자율관련거래,0,국내증권사,B,SF205,각주항목(09.06월 이후)
12982,201906,0010169,도이치증권,C12,파생상품계약_장내파생상품_통화관련거래,0,국내증권사,B,SF205,각주항목(09.06월 이후)
12983,201906,0010169,도이치증권,C13,파생상품계약_장내파생상품_주식관련거래,0,국내증권사,B,SF205,각주항목(09.06월 이후)
12984,201906,0010169,도이치증권,C14,파생상품계약_장내파생상품_일반상품관련거래,0,국내증권사,B,SF205,각주항목(09.06월 이후)
12985,201906,0010169,도이치증권,C15,파생상품계약_장내파생상품_기타,0,국내증권사,B,SF205,각주항목(09.06월 이후)
12986,201906,0010169,도이치증권,C2,파생상품계약_장외파생상품,0,국내증권사,B,SF205,각주항목(09.06월 이후)
12987,201906,0010169,도이치증권,C21,파생상품계약_장외파생상품_이자율관련거래,0,국내증권사,B,SF205,각주항목(09.06월 이후)
12988,201906,0010169,도이치증권,C22,파생상품계약_장외파생상품_통화관련거래,0,국내증권사,B,SF205,각주항목(09.06월 이후)
12989,201906,0010169,도이치증권,C23,파생상품계약_장외파생상품_주식관련거래,0,국내증권사,B,SF205,각주항목(09.06월 이후)
12990,201906,0010169,도이치증권,C24,파생상품계약_장외파생상품_신용관련거래,0,국내증권사,B,SF205,각주항목(09.06월 이후)
12991,201906,0010169,도이치증권,C25,파생상품계약_장외파생상품_기타,0,국내증권사,B,SF205,각주항목(09.06월 이후)
12992,201906,0010169,도이치증권,D,대차 및 대주거래,0,국내증권사,B,SF205,각주항목(09.06월 이후)
12993,201906,0010169,도이치증권,D1,대차 및 대주거래_대여증권,0,국내증권사,B,SF205,각주항목(09.06월 이후)
12994,201906,0010169,도이치증권,D2,대차 및 대주거래_차입증권,0,국내증권사,B,SF205,각주항목(09.06월 이후)
12995,201906,0010169,도이치증권,D3,대차 및 대주거래_신용거래대주,0,국내증권사,B,SF205,각주항목(09.06월 이후)
12996,201906,0010169,도이치증권,E,대손상각채권,0,국내증권사,B,SF205,각주항목(09.06월 이후)
12997,201906,0010169,도이치증권,F,환전업무 예치금,0,국내증권사,B,SF205,각주항목(09.06월 이후)
12998,201906,0010169,도이치증권,G,미배당별도예치금,0,국내증권사,B,SF205,각주항목(09.06월 이후)
12999,201906,0010169,도이치증권,H,배서어음매출(종금계정),0,국내증권사,B,SF205,각주항목(09.06월 이후)
13000,201906,0010169,도이치증권,H1,대출채권매매이익_담보부,0,국내증권사,B,SF205,각주항목(09.06월 이후)
13001,201906,0010169,도이치증권,H2,대출채권매매이익_무담보부,0,국내증권사,B,SF205,각주항목(09.06월 이후)
13002,201909,0010169,도이치증권,A,채무보증,0,국내증권사,B,SF205,각주항목(09.06월 이후)
13003,201909,0010169,도이치증권,A1,채무보증_지급보증,0,국내증권사,B,SF205,각주항목(09.06월 이후)
13004,201909,0010169,도이치증권,A2,채무보증_매입보장약정,0,국내증권사,B,SF205,각주항목(09.06월 이후)
13005,201909,0010169,도이치증권,A3,채무보증_채무인수약정,0,국내증권사,B,SF205,각주항목(09.06월 이후)
13006,201909,0010169,도이치증권,A5,채무보증_매입확약,0,국내증권사,B,SF205,각주항목(09.06월 이후)
13007,201909,0010169,도이치증권,A6,채무보증_기타,0,국내증권사,B,SF205,각주항목(09.06월 이후)
13008,201909,0010169,도이치증권,B,투자자의 예수증권 등,0,국내증권사,B,SF205,각주항목(09.06월 이후)
13009,201909,0010169,도이치증권,B1,투자자의 예수증권 등_예수 증권,0,국내증권사,B,SF205,각주항목(09.06월 이후)
13010,201909,0010169,도이치증권,B2,투자자의 예수증권 등_예수양도성예금증서,0,국내증권사,B,SF205,각주항목(09.06월 이후)
13011,201909,0010169,도이치증권,B3,투자자의 예수증권 등_기타,0,국내증권사,B,SF205,각주항목(09.06월 이후)
13012,201909,0010169,도이치증권,C,파생상품계약,0,국내증권사,B,SF205,각주항목(09.06월 이후)
13013,201909,0010169,도이치증권,C1,파생상품계약_장내파생상품,0,국내증권사,B,SF205,각주항목(09.06월 이후)
13014,201909,0010169,도이치증권,C11,파생상품계약_장내파생상품_이자율관련거래,0,국내증권사,B,SF205,각주항목(09.06월 이후)
13015,201909,0010169,도이치증권,C12,파생상품계약_장내파생상품_통화관련거래,0,국내증권사,B,SF205,각주항목(09.06월 이후)
13016,201909,0010169,도이치증권,C13,파생상품계약_장내파생상품_주식관련거래,0,국내증권사,B,SF205,각주항목(09.06월 이후)
13017,201909,0010169,도이치증권,C14,파생상품계약_장내파생상품_일반상품관련거래,0,국내증권사,B,SF205,각주항목(09.06월 이후)
13018,201909,0010169,도이치증권,C15,파생상품계약_장내파생상품_기타,0,국내증권사,B,SF205,각주항목(09.06월 이후)
13019,201909,0010169,도이치증권,C2,파생상품계약_장외파생상품,0,국내증권사,B,SF205,각주항목(09.06월 이후)
13020,201909,0010169,도이치증권,C21,파생상품계약_장외파생상품_이자율관련거래,0,국내증권사,B,SF205,각주항목(09.06월 이후)
13021,201909,0010169,도이치증권,C22,파생상품계약_장외파생상품_통화관련거래,0,국내증권사,B,SF205,각주항목(09.06월 이후)
13022,201909,0010169,도이치증권,C23,파생상품계약_장외파생상품_주식관련거래,0,국내증권사,B,SF205,각주항목(09.06월 이후)
13023,201909,0010169,도이치증권,C24,파생상품계약_장외파생상품_신용관련거래,0,국내증권사,B,SF205,각주항목(09.06월 이후)
13024,201909,0010169,도이치증권,C25,파생상품계약_장외파생상품_기타,0,국내증권사,B,SF205,각주항목(09.06월 이후)
13025,201909,0010169,도이치증권,D,대차 및 대주거래,0,국내증권사,B,SF205,각주항목(09.06월 이후)
13026,201909,0010169,도이치증권,D1,대차 및 대주거래_대여증권,0,국내증권사,B,SF205,각주항목(09.06월 이후)
13027,201909,0010169,도이치증권,D2,대차 및 대주거래_차입증권,0,국내증권사,B,SF205,각주항목(09.06월 이후)
13028,201909,0010169,도이치증권,D3,대차 및 대주거래_신용거래대주,0,국내증권사,B,SF205,각주항목(09.06월 이후)
13029,201909,0010169,도이치증권,E,대손상각채권,0,국내증권사,B,SF205,각주항목(09.06월 이후)
13030,201909,0010169,도이치증권,F,환전업무 예치금,0,국내증권사,B,SF205,각주항목(09.06월 이후)
13031,201909,0010169,도이치증권,G,미배당별도예치금,0,국내증권사,B,SF205,각주항목(09.06월 이후)
13032,201909,0010169,도이치증권,H,배서어음매출(종금계정),0,국내증권사,B,SF205,각주항목(09.06월 이후)
13033,201909,0010169,도이치증권,H1,대출채권매매이익_담보부,0,국내증권사,B,SF205,각주항목(09.06월 이후)
13034,201909,0010169,도이치증권,H2,대출채권매매이익_무담보부,0,국내증권사,B,SF205,각주항목(09.06월 이후)
13035,201912,0010169,도이치증권,A,채무보증,0,국내증권사,B,SF205,각주항목(09.06월 이후)
13036,201912,0010169,도이치증권,A1,채무보증_지급보증,0,국내증권사,B,SF205,각주항목(09.06월 이후)
13037,201912,0010169,도이치증권,A2,채무보증_매입보장약정,0,국내증권사,B,SF205,각주항목(09.06월 이후)
13038,201912,0010169,도이치증권,A3,채무보증_채무인수약정,0,국내증권사,B,SF205,각주항목(09.06월 이후)
13039,201912,0010169,도이치증권,A5,채무보증_매입확약,0,국내증권사,B,SF205,각주항목(09.06월 이후)
13040,201912,0010169,도이치증권,A6,채무보증_기타,0,국내증권사,B,SF205,각주항목(09.06월 이후)
13041,201912,0010169,도이치증권,B,투자자의 예수증권 등,0,국내증권사,B,SF205,각주항목(09.06월 이후)
13042,201912,0010169,도이치증권,B1,투자자의 예수증권 등_예수 증권,0,국내증권사,B,SF205,각주항목(09.06월 이후)
13043,201912,0010169,도이치증권,B2,투자자의 예수증권 등_예수양도성예금증서,0,국내증권사,B,SF205,각주항목(09.06월 이후)
13044,201912,0010169,도이치증권,B3,투자자의 예수증권 등_기타,0,국내증권사,B,SF205,각주항목(09.06월 이후)
13045,201912,0010169,도이치증권,C,파생상품계약,0,국내증권사,B,SF205,각주항목(09.06월 이후)
13046,201912,0010169,도이치증권,C1,파생상품계약_장내파생상품,0,국내증권사,B,SF205,각주항목(09.06월 이후)
13047,201912,0010169,도이치증권,C11,파생상품계약_장내파생상품_이자율관련거래,0,국내증권사,B,SF205,각주항목(09.06월 이후)
13048,201912,0010169,도이치증권,C12,파생상품계약_장내파생상품_통화관련거래,0,국내증권사,B,SF205,각주항목(09.06월 이후)
13049,201912,0010169,도이치증권,C13,파생상품계약_장내파생상품_주식관련거래,0,국내증권사,B,SF205,각주항목(09.06월 이후)
13050,201912,0010169,도이치증권,C14,파생상품계약_장내파생상품_일반상품관련거래,0,국내증권사,B,SF205,각주항목(09.06월 이후)
13051,201912,0010169,도이치증권,C15,파생상품계약_장내파생상품_기타,0,국내증권사,B,SF205,각주항목(09.06월 이후)
13052,201912,0010169,도이치증권,C2,파생상품계약_장외파생상품,0,국내증권사,B,SF205,각주항목(09.06월 이후)
13053,201912,0010169,도이치증권,C21,파생상품계약_장외파생상품_이자율관련거래,0,국내증권사,B,SF205,각주항목(09.06월 이후)
13054,201912,0010169,도이치증권,C22,파생상품계약_장외파생상품_통화관련거래,0,국내증권사,B,SF205,각주항목(09.06월 이후)
13055,201912,0010169,도이치증권,C23,파생상품계약_장외파생상품_주식관련거래,0,국내증권사,B,SF205,각주항목(09.06월 이후)
13056,201912,0010169,도이치증권,C24,파생상품계약_장외파생상품_신용관련거래,0,국내증권사,B,SF205,각주항목(09.06월 이후)
13057,201912,0010169,도이치증권,C25,파생상품계약_장외파생상품_기타,0,국내증권사,B,SF205,각주항목(09.06월 이후)
13058,201912,0010169,도이치증권,D,대차 및 대주거래,0,국내증권사,B,SF205,각주항목(09.06월 이후)
13059,201912,0010169,도이치증권,D1,대차 및 대주거래_대여증권,0,국내증권사,B,SF205,각주항목(09.06월 이후)
13060,201912,0010169,도이치증권,D2,대차 및 대주거래_차입증권,0,국내증권사,B,SF205,각주항목(09.06월 이후)
13061,201912,0010169,도이치증권,D3,대차 및 대주거래_신용거래대주,0,국내증권사,B,SF205,각주항목(09.06월 이후)
13062,201912,0010169,도이치증권,E,대손상각채권,0,국내증권사,B,SF205,각주항목(09.06월 이후)
13063,201912,0010169,도이치증권,F,환전업무 예치금,0,국내증권사,B,SF205,각주항목(09.06월 이후)
13064,201912,0010169,도이치증권,G,미배당별도예치금,0,국내증권사,B,SF205,각주항목(09.06월 이후)
13065,201912,0010169,도이치증권,H,배서어음매출(종금계정),0,국내증권사,B,SF205,각주항목(09.06월 이후)
13066,201912,0010169,도이치증권,H1,대출채권매매이익_담보부,0,국내증권사,B,SF205,각주항목(09.06월 이후)
13067,201912,0010169,도이치증권,H2,대출채권매매이익_무담보부,0,국내증권사,B,SF205,각주항목(09.06월 이후)
13068,202003,0010169,도이치증권,A,채무보증,0,국내증권사,B,SF205,각주항목(09.06월 이후)
13069,202003,0010169,도이치증권,A1,채무보증_지급보증,0,국내증권사,B,SF205,각주항목(09.06월 이후)
13070,202003,0010169,도이치증권,A2,채무보증_매입보장약정,0,국내증권사,B,SF205,각주항목(09.06월 이후)
13071,202003,0010169,도이치증권,A3,채무보증_채무인수약정,0,국내증권사,B,SF205,각주항목(09.06월 이후)
13072,202003,0010169,도이치증권,A5,채무보증_매입확약,0,국내증권사,B,SF205,각주항목(09.06월 이후)
13073,202003,0010169,도이치증권,A6,채무보증_기타,0,국내증권사,B,SF205,각주항목(09.06월 이후)
13074,202003,0010169,도이치증권,B,투자자의 예수증권 등,0,국내증권사,B,SF205,각주항목(09.06월 이후)
13075,202003,0010169,도이치증권,B1,투자자의 예수증권 등_예수 증권,0,국내증권사,B,SF205,각주항목(09.06월 이후)
13076,202003,0010169,도이치증권,B2,투자자의 예수증권 등_예수양도성예금증서,0,국내증권사,B,SF205,각주항목(09.06월 이후)
13077,202003,0010169,도이치증권,B3,투자자의 예수증권 등_기타,0,국내증권사,B,SF205,각주항목(09.06월 이후)
13078,202003,0010169,도이치증권,C,파생상품계약,0,국내증권사,B,SF205,각주항목(09.06월 이후)
13079,202003,0010169,도이치증권,C1,파생상품계약_장내파생상품,0,국내증권사,B,SF205,각주항목(09.06월 이후)
13080,202003,0010169,도이치증권,C11,파생상품계약_장내파생상품_이자율관련거래,0,국내증권사,B,SF205,각주항목(09.06월 이후)
13081,202003,0010169,도이치증권,C12,파생상품계약_장내파생상품_통화관련거래,0,국내증권사,B,SF205,각주항목(09.06월 이후)
13082,202003,0010169,도이치증권,C13,파생상품계약_장내파생상품_주식관련거래,0,국내증권사,B,SF205,각주항목(09.06월 이후)
13083,202003,0010169,도이치증권,C14,파생상품계약_장내파생상품_일반상품관련거래,0,국내증권사,B,SF205,각주항목(09.06월 이후)
13084,202003,0010169,도이치증권,C15,파생상품계약_장내파생상품_기타,0,국내증권사,B,SF205,각주항목(09.06월 이후)
13085,202003,0010169,도이치증권,C2,파생상품계약_장외파생상품,0,국내증권사,B,SF205,각주항목(09.06월 이후)
13086,202003,0010169,도이치증권,C21,파생상품계약_장외파생상품_이자율관련거래,0,국내증권사,B,SF205,각주항목(09.06월 이후)
13087,202003,0010169,도이치증권,C22,파생상품계약_장외파생상품_통화관련거래,0,국내증권사,B,SF205,각주항목(09.06월 이후)
13088,202003,0010169,도이치증권,C23,파생상품계약_장외파생상품_주식관련거래,0,국내증권사,B,SF205,각주항목(09.06월 이후)
13089,202003,0010169,도이치증권,C24,파생상품계약_장외파생상품_신용관련거래,0,국내증권사,B,SF205,각주항목(09.06월 이후)
13090,202003,0010169,도이치증권,C25,파생상품계약_장외파생상품_기타,0,국내증권사,B,SF205,각주항목(09.06월 이후)
13091,202003,0010169,도이치증권,D,대차 및 대주거래,0,국내증권사,B,SF205,각주항목(09.06월 이후)
13092,202003,0010169,도이치증권,D1,대차 및 대주거래_대여증권,0,국내증권사,B,SF205,각주항목(09.06월 이후)
13093,202003,0010169,도이치증권,D2,대차 및 대주거래_차입증권,0,국내증권사,B,SF205,각주항목(09.06월 이후)
13094,202003,0010169,도이치증권,D3,대차 및 대주거래_신용거래대주,0,국내증권사,B,SF205,각주항목(09.06월 이후)
13095,202003,0010169,도이치증권,E,대손상각채권,0,국내증권사,B,SF205,각주항목(09.06월 이후)
13096,202003,0010169,도이치증권,F,환전업무 예치금,0,국내증권사,B,SF205,각주항목(09.06월 이후)
13097,202003,0010169,도이치증권,G,미배당별도예치금,0,국내증권사,B,SF205,각주항목(09.06월 이후)
13098,202003,0010169,도이치증권,H,배서어음매출(종금계정),0,국내증권사,B,SF205,각주항목(09.06월 이후)
13099,202003,0010169,도이치증권,H1,대출채권매매이익_담보부,0,국내증권사,B,SF205,각주항목(09.06월 이후)
13100,202003,0010169,도이치증권,H2,대출채권매매이익_무담보부,0,국내증권사,B,SF205,각주항목(09.06월 이후)
13101,202006,0010169,도이치증권,A,채무보증,0,국내증권사,B,SF205,각주항목(09.06월 이후)
13102,202006,0010169,도이치증권,A1,채무보증_지급보증,0,국내증권사,B,SF205,각주항목(09.06월 이후)
13103,202006,0010169,도이치증권,A2,채무보증_매입보장약정,0,국내증권사,B,SF205,각주항목(09.06월 이후)
13104,202006,0010169,도이치증권,A3,채무보증_채무인수약정,0,국내증권사,B,SF205,각주항목(09.06월 이후)
13105,202006,0010169,도이치증권,A5,채무보증_매입확약,0,국내증권사,B,SF205,각주항목(09.06월 이후)
13106,202006,0010169,도이치증권,A6,채무보증_기타,0,국내증권사,B,SF205,각주항목(09.06월 이후)
13107,202006,0010169,도이치증권,B,투자자의 예수증권 등,0,국내증권사,B,SF205,각주항목(09.06월 이후)
13108,202006,0010169,도이치증권,B1,투자자의 예수증권 등_예수 증권,0,국내증권사,B,SF205,각주항목(09.06월 이후)
13109,202006,0010169,도이치증권,B2,투자자의 예수증권 등_예수양도성예금증서,0,국내증권사,B,SF205,각주항목(09.06월 이후)
13110,202006,0010169,도이치증권,B3,투자자의 예수증권 등_기타,0,국내증권사,B,SF205,각주항목(09.06월 이후)
13111,202006,0010169,도이치증권,C,파생상품계약,0,국내증권사,B,SF205,각주항목(09.06월 이후)
13112,202006,0010169,도이치증권,C1,파생상품계약_장내파생상품,0,국내증권사,B,SF205,각주항목(09.06월 이후)
13113,202006,0010169,도이치증권,C11,파생상품계약_장내파생상품_이자율관련거래,0,국내증권사,B,SF205,각주항목(09.06월 이후)
13114,202006,0010169,도이치증권,C12,파생상품계약_장내파생상품_통화관련거래,0,국내증권사,B,SF205,각주항목(09.06월 이후)
13115,202006,0010169,도이치증권,C13,파생상품계약_장내파생상품_주식관련거래,0,국내증권사,B,SF205,각주항목(09.06월 이후)
13116,202006,0010169,도이치증권,C14,파생상품계약_장내파생상품_일반상품관련거래,0,국내증권사,B,SF205,각주항목(09.06월 이후)
13117,202006,0010169,도이치증권,C15,파생상품계약_장내파생상품_기타,0,국내증권사,B,SF205,각주항목(09.06월 이후)
13118,202006,0010169,도이치증권,C2,파생상품계약_장외파생상품,0,국내증권사,B,SF205,각주항목(09.06월 이후)
13119,202006,0010169,도이치증권,C21,파생상품계약_장외파생상품_이자율관련거래,0,국내증권사,B,SF205,각주항목(09.06월 이후)
13120,202006,0010169,도이치증권,C22,파생상품계약_장외파생상품_통화관련거래,0,국내증권사,B,SF205,각주항목(09.06월 이후)
13121,202006,0010169,도이치증권,C23,파생상품계약_장외파생상품_주식관련거래,0,국내증권사,B,SF205,각주항목(09.06월 이후)
13122,202006,0010169,도이치증권,C24,파생상품계약_장외파생상품_신용관련거래,0,국내증권사,B,SF205,각주항목(09.06월 이후)
13123,202006,0010169,도이치증권,C25,파생상품계약_장외파생상품_기타,0,국내증권사,B,SF205,각주항목(09.06월 이후)
13124,202006,0010169,도이치증권,D,대차 및 대주거래,0,국내증권사,B,SF205,각주항목(09.06월 이후)
13125,202006,0010169,도이치증권,D1,대차 및 대주거래_대여증권,0,국내증권사,B,SF205,각주항목(09.06월 이후)
13126,202006,0010169,도이치증권,D2,대차 및 대주거래_차입증권,0,국내증권사,B,SF205,각주항목(09.06월 이후)
13127,202006,0010169,도이치증권,D3,대차 및 대주거래_신용거래대주,0,국내증권사,B,SF205,각주항목(09.06월 이후)
13128,202006,0010169,도이치증권,E,대손상각채권,0,국내증권사,B,SF205,각주항목(09.06월 이후)
13129,202006,0010169,도이치증권,F,환전업무 예치금,0,국내증권사,B,SF205,각주항목(09.06월 이후)
13130,202006,0010169,도이치증권,G,미배당별도예치금,0,국내증권사,B,SF205,각주항목(09.06월 이후)
13131,202006,0010169,도이치증권,H,배서어음매출(종금계정),0,국내증권사,B,SF205,각주항목(09.06월 이후)
13132,202006,0010169,도이치증권,H1,대출채권매매이익_담보부,0,국내증권사,B,SF205,각주항목(09.06월 이후)
13133,202006,0010169,도이치증권,H2,대출채권매매이익_무담보부,0,국내증권사,B,SF205,각주항목(09.06월 이후)
13134,202009,0010169,도이치증권,A,채무보증,0,국내증권사,B,SF205,각주항목(09.06월 이후)
13135,202009,0010169,도이치증권,A1,채무보증_지급보증,0,국내증권사,B,SF205,각주항목(09.06월 이후)
13136,202009,0010169,도이치증권,A2,채무보증_매입보장약정,0,국내증권사,B,SF205,각주항목(09.06월 이후)
13137,202009,0010169,도이치증권,A3,채무보증_채무인수약정,0,국내증권사,B,SF205,각주항목(09.06월 이후)
13138,202009,0010169,도이치증권,A5,채무보증_매입확약,0,국내증권사,B,SF205,각주항목(09.06월 이후)
13139,202009,0010169,도이치증권,A6,채무보증_기타,0,국내증권사,B,SF205,각주항목(09.06월 이후)
13140,202009,0010169,도이치증권,B,투자자의 예수증권 등,0,국내증권사,B,SF205,각주항목(09.06월 이후)
13141,202009,0010169,도이치증권,B1,투자자의 예수증권 등_예수 증권,0,국내증권사,B,SF205,각주항목(09.06월 이후)
13142,202009,0010169,도이치증권,B2,투자자의 예수증권 등_예수양도성예금증서,0,국내증권사,B,SF205,각주항목(09.06월 이후)
13143,202009,0010169,도이치증권,B3,투자자의 예수증권 등_기타,0,국내증권사,B,SF205,각주항목(09.06월 이후)
13144,202009,0010169,도이치증권,C,파생상품계약,0,국내증권사,B,SF205,각주항목(09.06월 이후)
13145,202009,0010169,도이치증권,C1,파생상품계약_장내파생상품,0,국내증권사,B,SF205,각주항목(09.06월 이후)
13146,202009,0010169,도이치증권,C11,파생상품계약_장내파생상품_이자율관련거래,0,국내증권사,B,SF205,각주항목(09.06월 이후)
13147,202009,0010169,도이치증권,C12,파생상품계약_장내파생상품_통화관련거래,0,국내증권사,B,SF205,각주항목(09.06월 이후)
13148,202009,0010169,도이치증권,C13,파생상품계약_장내파생상품_주식관련거래,0,국내증권사,B,SF205,각주항목(09.06월 이후)
13149,202009,0010169,도이치증권,C14,파생상품계약_장내파생상품_일반상품관련거래,0,국내증권사,B,SF205,각주항목(09.06월 이후)
13150,202009,0010169,도이치증권,C15,파생상품계약_장내파생상품_기타,0,국내증권사,B,SF205,각주항목(09.06월 이후)
13151,202009,0010169,도이치증권,C2,파생상품계약_장외파생상품,0,국내증권사,B,SF205,각주항목(09.06월 이후)
13152,202009,0010169,도이치증권,C21,파생상품계약_장외파생상품_이자율관련거래,0,국내증권사,B,SF205,각주항목(09.06월 이후)
13153,202009,0010169,도이치증권,C22,파생상품계약_장외파생상품_통화관련거래,0,국내증권사,B,SF205,각주항목(09.06월 이후)
13154,202009,0010169,도이치증권,C23,파생상품계약_장외파생상품_주식관련거래,0,국내증권사,B,SF205,각주항목(09.06월 이후)
13155,202009,0010169,도이치증권,C24,파생상품계약_장외파생상품_신용관련거래,0,국내증권사,B,SF205,각주항목(09.06월 이후)
13156,202009,0010169,도이치증권,C25,파생상품계약_장외파생상품_기타,0,국내증권사,B,SF205,각주항목(09.06월 이후)
13157,202009,0010169,도이치증권,D,대차 및 대주거래,0,국내증권사,B,SF205,각주항목(09.06월 이후)
13158,202009,0010169,도이치증권,D1,대차 및 대주거래_대여증권,0,국내증권사,B,SF205,각주항목(09.06월 이후)
13159,202009,0010169,도이치증권,D2,대차 및 대주거래_차입증권,0,국내증권사,B,SF205,각주항목(09.06월 이후)
13160,202009,0010169,도이치증권,D3,대차 및 대주거래_신용거래대주,0,국내증권사,B,SF205,각주항목(09.06월 이후)
13161,202009,0010169,도이치증권,E,대손상각채권,0,국내증권사,B,SF205,각주항목(09.06월 이후)
13162,202009,0010169,도이치증권,F,환전업무 예치금,0,국내증권사,B,SF205,각주항목(09.06월 이후)
13163,202009,0010169,도이치증권,G,미배당별도예치금,0,국내증권사,B,SF205,각주항목(09.06월 이후)
13164,202009,0010169,도이치증권,H,배서어음매출(종금계정),0,국내증권사,B,SF205,각주항목(09.06월 이후)
13165,202009,0010169,도이치증권,H1,대출채권매매이익_담보부,0,국내증권사,B,SF205,각주항목(09.06월 이후)
13166,202009,0010169,도이치증권,H2,대출채권매매이익_무담보부,0,국내증권사,B,SF205,각주항목(09.06월 이후)
13167,202012,0010169,도이치증권,A,채무보증,0,국내증권사,B,SF205,각주항목(09.06월 이후)
13168,202012,0010169,도이치증권,A1,채무보증_지급보증,0,국내증권사,B,SF205,각주항목(09.06월 이후)
13169,202012,0010169,도이치증권,A2,채무보증_매입보장약정,0,국내증권사,B,SF205,각주항목(09.06월 이후)
13170,202012,0010169,도이치증권,A3,채무보증_채무인수약정,0,국내증권사,B,SF205,각주항목(09.06월 이후)
13171,202012,0010169,도이치증권,A5,채무보증_매입확약,0,국내증권사,B,SF205,각주항목(09.06월 이후)
13172,202012,0010169,도이치증권,A6,채무보증_기타,0,국내증권사,B,SF205,각주항목(09.06월 이후)
13173,202012,0010169,도이치증권,B,투자자의 예수증권 등,0,국내증권사,B,SF205,각주항목(09.06월 이후)
13174,202012,0010169,도이치증권,B1,투자자의 예수증권 등_예수 증권,0,국내증권사,B,SF205,각주항목(09.06월 이후)
13175,202012,0010169,도이치증권,B2,투자자의 예수증권 등_예수양도성예금증서,0,국내증권사,B,SF205,각주항목(09.06월 이후)
13176,202012,0010169,도이치증권,B3,투자자의 예수증권 등_기타,0,국내증권사,B,SF205,각주항목(09.06월 이후)
13177,202012,0010169,도이치증권,C,파생상품계약,0,국내증권사,B,SF205,각주항목(09.06월 이후)
13178,202012,0010169,도이치증권,C1,파생상품계약_장내파생상품,0,국내증권사,B,SF205,각주항목(09.06월 이후)
13179,202012,0010169,도이치증권,C11,파생상품계약_장내파생상품_이자율관련거래,0,국내증권사,B,SF205,각주항목(09.06월 이후)
13180,202012,0010169,도이치증권,C12,파생상품계약_장내파생상품_통화관련거래,0,국내증권사,B,SF205,각주항목(09.06월 이후)
13181,202012,0010169,도이치증권,C13,파생상품계약_장내파생상품_주식관련거래,0,국내증권사,B,SF205,각주항목(09.06월 이후)
13182,202012,0010169,도이치증권,C14,파생상품계약_장내파생상품_일반상품관련거래,0,국내증권사,B,SF205,각주항목(09.06월 이후)
13183,202012,0010169,도이치증권,C15,파생상품계약_장내파생상품_기타,0,국내증권사,B,SF205,각주항목(09.06월 이후)
13184,202012,0010169,도이치증권,C2,파생상품계약_장외파생상품,0,국내증권사,B,SF205,각주항목(09.06월 이후)
13185,202012,0010169,도이치증권,C21,파생상품계약_장외파생상품_이자율관련거래,0,국내증권사,B,SF205,각주항목(09.06월 이후)
13186,202012,0010169,도이치증권,C22,파생상품계약_장외파생상품_통화관련거래,0,국내증권사,B,SF205,각주항목(09.06월 이후)
13187,202012,0010169,도이치증권,C23,파생상품계약_장외파생상품_주식관련거래,0,국내증권사,B,SF205,각주항목(09.06월 이후)
13188,202012,0010169,도이치증권,C24,파생상품계약_장외파생상품_신용관련거래,0,국내증권사,B,SF205,각주항목(09.06월 이후)
13189,202012,0010169,도이치증권,C25,파생상품계약_장외파생상품_기타,0,국내증권사,B,SF205,각주항목(09.06월 이후)
13190,202012,0010169,도이치증권,D,대차 및 대주거래,0,국내증권사,B,SF205,각주항목(09.06월 이후)
13191,202012,0010169,도이치증권,D1,대차 및 대주거래_대여증권,0,국내증권사,B,SF205,각주항목(09.06월 이후)
13192,202012,0010169,도이치증권,D2,대차 및 대주거래_차입증권,0,국내증권사,B,SF205,각주항목(09.06월 이후)
13193,202012,0010169,도이치증권,D3,대차 및 대주거래_신용거래대주,0,국내증권사,B,SF205,각주항목(09.06월 이후)
13194,202012,0010169,도이치증권,E,대손상각채권,0,국내증권사,B,SF205,각주항목(09.06월 이후)
13195,202012,0010169,도이치증권,F,환전업무 예치금,0,국내증권사,B,SF205,각주항목(09.06월 이후)
13196,202012,0010169,도이치증권,G,미배당별도예치금,0,국내증권사,B,SF205,각주항목(09.06월 이후)
13197,202012,0010169,도이치증권,H,배서어음매출(종금계정),0,국내증권사,B,SF205,각주항목(09.06월 이후)
13198,202012,0010169,도이치증권,H1,대출채권매매이익_담보부,0,국내증권사,B,SF205,각주항목(09.06월 이후)
13199,202012,0010169,도이치증권,H2,대출채권매매이익_무담보부,0,국내증권사,B,SF205,각주항목(09.06월 이후)
13200,202103,0010169,도이치증권,A,채무보증,0,국내증권사,B,SF205,각주항목(09.06월 이후)
13201,202103,0010169,도이치증권,A1,채무보증_지급보증,0,국내증권사,B,SF205,각주항목(09.06월 이후)
13202,202103,0010169,도이치증권,A2,채무보증_매입보장약정,0,국내증권사,B,SF205,각주항목(09.06월 이후)
13203,202103,0010169,도이치증권,A3,채무보증_채무인수약정,0,국내증권사,B,SF205,각주항목(09.06월 이후)
13204,202103,0010169,도이치증권,A5,채무보증_매입확약,0,국내증권사,B,SF205,각주항목(09.06월 이후)
13205,202103,0010169,도이치증권,A6,채무보증_기타,0,국내증권사,B,SF205,각주항목(09.06월 이후)
13206,202103,0010169,도이치증권,B,투자자의 예수증권 등,0,국내증권사,B,SF205,각주항목(09.06월 이후)
13207,202103,0010169,도이치증권,B1,투자자의 예수증권 등_예수 증권,0,국내증권사,B,SF205,각주항목(09.06월 이후)
13208,202103,0010169,도이치증권,B2,투자자의 예수증권 등_예수양도성예금증서,0,국내증권사,B,SF205,각주항목(09.06월 이후)
13209,202103,0010169,도이치증권,B3,투자자의 예수증권 등_기타,0,국내증권사,B,SF205,각주항목(09.06월 이후)
13210,202103,0010169,도이치증권,C,파생상품계약,0,국내증권사,B,SF205,각주항목(09.06월 이후)
13211,202103,0010169,도이치증권,C1,파생상품계약_장내파생상품,0,국내증권사,B,SF205,각주항목(09.06월 이후)
13212,202103,0010169,도이치증권,C11,파생상품계약_장내파생상품_이자율관련거래,0,국내증권사,B,SF205,각주항목(09.06월 이후)
13213,202103,0010169,도이치증권,C12,파생상품계약_장내파생상품_통화관련거래,0,국내증권사,B,SF205,각주항목(09.06월 이후)
13214,202103,0010169,도이치증권,C13,파생상품계약_장내파생상품_주식관련거래,0,국내증권사,B,SF205,각주항목(09.06월 이후)
13215,202103,0010169,도이치증권,C14,파생상품계약_장내파생상품_일반상품관련거래,0,국내증권사,B,SF205,각주항목(09.06월 이후)
13216,202103,0010169,도이치증권,C15,파생상품계약_장내파생상품_기타,0,국내증권사,B,SF205,각주항목(09.06월 이후)
13217,202103,0010169,도이치증권,C2,파생상품계약_장외파생상품,0,국내증권사,B,SF205,각주항목(09.06월 이후)
13218,202103,0010169,도이치증권,C21,파생상품계약_장외파생상품_이자율관련거래,0,국내증권사,B,SF205,각주항목(09.06월 이후)
13219,202103,0010169,도이치증권,C22,파생상품계약_장외파생상품_통화관련거래,0,국내증권사,B,SF205,각주항목(09.06월 이후)
13220,202103,0010169,도이치증권,C23,파생상품계약_장외파생상품_주식관련거래,0,국내증권사,B,SF205,각주항목(09.06월 이후)
13221,202103,0010169,도이치증권,C24,파생상품계약_장외파생상품_신용관련거래,0,국내증권사,B,SF205,각주항목(09.06월 이후)
13222,202103,0010169,도이치증권,C25,파생상품계약_장외파생상품_기타,0,국내증권사,B,SF205,각주항목(09.06월 이후)
13223,202103,0010169,도이치증권,D,대차 및 대주거래,0,국내증권사,B,SF205,각주항목(09.06월 이후)
13224,202103,0010169,도이치증권,D1,대차 및 대주거래_대여증권,0,국내증권사,B,SF205,각주항목(09.06월 이후)
13225,202103,0010169,도이치증권,D2,대차 및 대주거래_차입증권,0,국내증권사,B,SF205,각주항목(09.06월 이후)
13226,202103,0010169,도이치증권,D3,대차 및 대주거래_신용거래대주,0,국내증권사,B,SF205,각주항목(09.06월 이후)
13227,202103,0010169,도이치증권,E,대손상각채권,0,국내증권사,B,SF205,각주항목(09.06월 이후)
13228,202103,0010169,도이치증권,F,환전업무 예치금,0,국내증권사,B,SF205,각주항목(09.06월 이후)
13229,202103,0010169,도이치증권,G,미배당별도예치금,0,국내증권사,B,SF205,각주항목(09.06월 이후)
13230,202103,0010169,도이치증권,H,배서어음매출(종금계정),0,국내증권사,B,SF205,각주항목(09.06월 이후)
13231,202103,0010169,도이치증권,H1,대출채권매매이익_담보부,0,국내증권사,B,SF205,각주항목(09.06월 이후)
13232,202103,0010169,도이치증권,H2,대출채권매매이익_무담보부,0,국내증권사,B,SF205,각주항목(09.06월 이후)
13233,202212,0010169,도이치증권,A,채무보증,0,국내증권사,B,SF205,각주항목(09.06월 이후)
13234,202212,0010169,도이치증권,A1,채무보증_지급보증,0,국내증권사,B,SF205,각주항목(09.06월 이후)
13235,202212,0010169,도이치증권,A2,채무보증_매입보장약정,0,국내증권사,B,SF205,각주항목(09.06월 이후)
13236,202212,0010169,도이치증권,A3,채무보증_채무인수약정,0,국내증권사,B,SF205,각주항목(09.06월 이후)
13237,202212,0010169,도이치증권,A5,채무보증_매입확약,0,국내증권사,B,SF205,각주항목(09.06월 이후)
13238,202212,0010169,도이치증권,A6,채무보증_기타,0,국내증권사,B,SF205,각주항목(09.06월 이후)
13239,202212,0010169,도이치증권,B,투자자의 예수증권 등,0,국내증권사,B,SF205,각주항목(09.06월 이후)
13240,202212,0010169,도이치증권,B1,투자자의 예수증권 등_예수 증권,0,국내증권사,B,SF205,각주항목(09.06월 이후)
13241,202212,0010169,도이치증권,B2,투자자의 예수증권 등_예수양도성예금증서,0,국내증권사,B,SF205,각주항목(09.06월 이후)
13242,202212,0010169,도이치증권,B3,투자자의 예수증권 등_기타,0,국내증권사,B,SF205,각주항목(09.06월 이후)
13243,202212,0010169,도이치증권,C,파생상품계약,0,국내증권사,B,SF205,각주항목(09.06월 이후)
13244,202212,0010169,도이치증권,C1,파생상품계약_장내파생상품,0,국내증권사,B,SF205,각주항목(09.06월 이후)
13245,202212,0010169,도이치증권,C11,파생상품계약_장내파생상품_이자율관련거래,0,국내증권사,B,SF205,각주항목(09.06월 이후)
13246,202212,0010169,도이치증권,C12,파생상품계약_장내파생상품_통화관련거래,0,국내증권사,B,SF205,각주항목(09.06월 이후)
13247,202212,0010169,도이치증권,C13,파생상품계약_장내파생상품_주식관련거래,0,국내증권사,B,SF205,각주항목(09.06월 이후)
13248,202212,0010169,도이치증권,C14,파생상품계약_장내파생상품_일반상품관련거래,0,국내증권사,B,SF205,각주항목(09.06월 이후)
13249,202212,0010169,도이치증권,C15,파생상품계약_장내파생상품_기타,0,국내증권사,B,SF205,각주항목(09.06월 이후)
13250,202212,0010169,도이치증권,C2,파생상품계약_장외파생상품,0,국내증권사,B,SF205,각주항목(09.06월 이후)
13251,202212,0010169,도이치증권,C21,파생상품계약_장외파생상품_이자율관련거래,0,국내증권사,B,SF205,각주항목(09.06월 이후)
13252,202212,0010169,도이치증권,C22,파생상품계약_장외파생상품_통화관련거래,0,국내증권사,B,SF205,각주항목(09.06월 이후)
13253,202212,0010169,도이치증권,C23,파생상품계약_장외파생상품_주식관련거래,0,국내증권사,B,SF205,각주항목(09.06월 이후)
13254,202212,0010169,도이치증권,C24,파생상품계약_장외파생상품_신용관련거래,0,국내증권사,B,SF205,각주항목(09.06월 이후)
13255,202212,0010169,도이치증권,C25,파생상품계약_장외파생상품_기타,0,국내증권사,B,SF205,각주항목(09.06월 이후)
13256,202212,0010169,도이치증권,D,대차 및 대주거래,0,국내증권사,B,SF205,각주항목(09.06월 이후)
13257,202212,0010169,도이치증권,D1,대차 및 대주거래_대여증권,0,국내증권사,B,SF205,각주항목(09.06월 이후)
13258,202212,0010169,도이치증권,D2,대차 및 대주거래_차입증권,0,국내증권사,B,SF205,각주항목(09.06월 이후)
13259,202212,0010169,도이치증권,D3,대차 및 대주거래_신용거래대주,0,국내증권사,B,SF205,각주항목(09.06월 이후)
13260,202212,0010169,도이치증권,E,대손상각채권,0,국내증권사,B,SF205,각주항목(09.06월 이후)
13261,202212,0010169,도이치증권,F,환전업무 예치금,0,국내증권사,B,SF205,각주항목(09.06월 이후)
13262,202212,0010169,도이치증권,G,미배당별도예치금,0,국내증권사,B,SF205,각주항목(09.06월 이후)
13263,202212,0010169,도이치증권,H,배서어음매출(종금계정),0,국내증권사,B,SF205,각주항목(09.06월 이후)
13264,202212,0010169,도이치증권,H1,대출채권매매이익_담보부,0,국내증권사,B,SF205,각주항목(09.06월 이후)
13265,202212,0010169,도이치증권,H2,대출채권매매이익_무담보부,0,국내증권사,B,SF205,각주항목(09.06월 이후)
13266,201703,0011980,디에스투자증권,A,채무보증,0,국내증권사,B,SF205,각주항목(09.06월 이후)
13267,201703,0011980,디에스투자증권,A1,채무보증_지급보증,0,국내증권사,B,SF205,각주항목(09.06월 이후)
13268,201703,0011980,디에스투자증권,A2,채무보증_매입보장약정,0,국내증권사,B,SF205,각주항목(09.06월 이후)
13269,201703,0011980,디에스투자증권,A3,채무보증_채무인수약정,0,국내증권사,B,SF205,각주항목(09.06월 이후)
13270,201703,0011980,디에스투자증권,A5,채무보증_매입확약,0,국내증권사,B,SF205,각주항목(09.06월 이후)
13271,201703,0011980,디에스투자증권,A6,채무보증_기타,0,국내증권사,B,SF205,각주항목(09.06월 이후)
13272,201703,0011980,디에스투자증권,B,투자자의 예수증권 등,2547031908862,국내증권사,B,SF205,각주항목(09.06월 이후)
13273,201703,0011980,디에스투자증권,B1,투자자의 예수증권 등_예수 증권,2547031908862,국내증권사,B,SF205,각주항목(09.06월 이후)
13274,201703,0011980,디에스투자증권,B2,투자자의 예수증권 등_예수양도성예금증서,0,국내증권사,B,SF205,각주항목(09.06월 이후)
13275,201703,0011980,디에스투자증권,B3,투자자의 예수증권 등_기타,0,국내증권사,B,SF205,각주항목(09.06월 이후)
13276,201703,0011980,디에스투자증권,C,파생상품계약,0,국내증권사,B,SF205,각주항목(09.06월 이후)
13277,201703,0011980,디에스투자증권,C1,파생상품계약_장내파생상품,0,국내증권사,B,SF205,각주항목(09.06월 이후)
13278,201703,0011980,디에스투자증권,C11,파생상품계약_장내파생상품_이자율관련거래,0,국내증권사,B,SF205,각주항목(09.06월 이후)
13279,201703,0011980,디에스투자증권,C12,파생상품계약_장내파생상품_통화관련거래,0,국내증권사,B,SF205,각주항목(09.06월 이후)
13280,201703,0011980,디에스투자증권,C13,파생상품계약_장내파생상품_주식관련거래,0,국내증권사,B,SF205,각주항목(09.06월 이후)
13281,201703,0011980,디에스투자증권,C14,파생상품계약_장내파생상품_일반상품관련거래,0,국내증권사,B,SF205,각주항목(09.06월 이후)
13282,201703,0011980,디에스투자증권,C15,파생상품계약_장내파생상품_기타,0,국내증권사,B,SF205,각주항목(09.06월 이후)
13283,201703,0011980,디에스투자증권,C2,파생상품계약_장외파생상품,0,국내증권사,B,SF205,각주항목(09.06월 이후)
13284,201703,0011980,디에스투자증권,C21,파생상품계약_장외파생상품_이자율관련거래,0,국내증권사,B,SF205,각주항목(09.06월 이후)
13285,201703,0011980,디에스투자증권,C22,파생상품계약_장외파생상품_통화관련거래,0,국내증권사,B,SF205,각주항목(09.06월 이후)
13286,201703,0011980,디에스투자증권,C23,파생상품계약_장외파생상품_주식관련거래,0,국내증권사,B,SF205,각주항목(09.06월 이후)
13287,201703,0011980,디에스투자증권,C24,파생상품계약_장외파생상품_신용관련거래,0,국내증권사,B,SF205,각주항목(09.06월 이후)
13288,201703,0011980,디에스투자증권,C25,파생상품계약_장외파생상품_기타,0,국내증권사,B,SF205,각주항목(09.06월 이후)
13289,201703,0011980,디에스투자증권,D,대차 및 대주거래,0,국내증권사,B,SF205,각주항목(09.06월 이후)
13290,201703,0011980,디에스투자증권,D1,대차 및 대주거래_대여증권,0,국내증권사,B,SF205,각주항목(09.06월 이후)
13291,201703,0011980,디에스투자증권,D2,대차 및 대주거래_차입증권,0,국내증권사,B,SF205,각주항목(09.06월 이후)
13292,201703,0011980,디에스투자증권,D3,대차 및 대주거래_신용거래대주,0,국내증권사,B,SF205,각주항목(09.06월 이후)
13293,201703,0011980,디에스투자증권,E,대손상각채권,0,국내증권사,B,SF205,각주항목(09.06월 이후)
13294,201703,0011980,디에스투자증권,F,환전업무 예치금,0,국내증권사,B,SF205,각주항목(09.06월 이후)
13295,201703,0011980,디에스투자증권,G,미배당별도예치금,0,국내증권사,B,SF205,각주항목(09.06월 이후)
13296,201703,0011980,디에스투자증권,H,배서어음매출(종금계정),0,국내증권사,B,SF205,각주항목(09.06월 이후)
13297,201703,0011980,디에스투자증권,H1,대출채권매매이익_담보부,0,국내증권사,B,SF205,각주항목(09.06월 이후)
13298,201703,0011980,디에스투자증권,H2,대출채권매매이익_무담보부,0,국내증권사,B,SF205,각주항목(09.06월 이후)
13299,201706,0011980,디에스투자증권,A,채무보증,0,국내증권사,B,SF205,각주항목(09.06월 이후)
13300,201706,0011980,디에스투자증권,A1,채무보증_지급보증,0,국내증권사,B,SF205,각주항목(09.06월 이후)
13301,201706,0011980,디에스투자증권,A2,채무보증_매입보장약정,0,국내증권사,B,SF205,각주항목(09.06월 이후)
13302,201706,0011980,디에스투자증권,A3,채무보증_채무인수약정,0,국내증권사,B,SF205,각주항목(09.06월 이후)
13303,201706,0011980,디에스투자증권,A5,채무보증_매입확약,0,국내증권사,B,SF205,각주항목(09.06월 이후)
13304,201706,0011980,디에스투자증권,A6,채무보증_기타,0,국내증권사,B,SF205,각주항목(09.06월 이후)
13305,201706,0011980,디에스투자증권,B,투자자의 예수증권 등,2233007296239,국내증권사,B,SF205,각주항목(09.06월 이후)
13306,201706,0011980,디에스투자증권,B1,투자자의 예수증권 등_예수 증권,2233007296239,국내증권사,B,SF205,각주항목(09.06월 이후)
13307,201706,0011980,디에스투자증권,B2,투자자의 예수증권 등_예수양도성예금증서,0,국내증권사,B,SF205,각주항목(09.06월 이후)
13308,201706,0011980,디에스투자증권,B3,투자자의 예수증권 등_기타,0,국내증권사,B,SF205,각주항목(09.06월 이후)
13309,201706,0011980,디에스투자증권,C,파생상품계약,0,국내증권사,B,SF205,각주항목(09.06월 이후)
13310,201706,0011980,디에스투자증권,C1,파생상품계약_장내파생상품,0,국내증권사,B,SF205,각주항목(09.06월 이후)
13311,201706,0011980,디에스투자증권,C11,파생상품계약_장내파생상품_이자율관련거래,0,국내증권사,B,SF205,각주항목(09.06월 이후)
13312,201706,0011980,디에스투자증권,C12,파생상품계약_장내파생상품_통화관련거래,0,국내증권사,B,SF205,각주항목(09.06월 이후)
13313,201706,0011980,디에스투자증권,C13,파생상품계약_장내파생상품_주식관련거래,0,국내증권사,B,SF205,각주항목(09.06월 이후)
13314,201706,0011980,디에스투자증권,C14,파생상품계약_장내파생상품_일반상품관련거래,0,국내증권사,B,SF205,각주항목(09.06월 이후)
13315,201706,0011980,디에스투자증권,C15,파생상품계약_장내파생상품_기타,0,국내증권사,B,SF205,각주항목(09.06월 이후)
13316,201706,0011980,디에스투자증권,C2,파생상품계약_장외파생상품,0,국내증권사,B,SF205,각주항목(09.06월 이후)
13317,201706,0011980,디에스투자증권,C21,파생상품계약_장외파생상품_이자율관련거래,0,국내증권사,B,SF205,각주항목(09.06월 이후)
13318,201706,0011980,디에스투자증권,C22,파생상품계약_장외파생상품_통화관련거래,0,국내증권사,B,SF205,각주항목(09.06월 이후)
13319,201706,0011980,디에스투자증권,C23,파생상품계약_장외파생상품_주식관련거래,0,국내증권사,B,SF205,각주항목(09.06월 이후)
13320,201706,0011980,디에스투자증권,C24,파생상품계약_장외파생상품_신용관련거래,0,국내증권사,B,SF205,각주항목(09.06월 이후)
13321,201706,0011980,디에스투자증권,C25,파생상품계약_장외파생상품_기타,0,국내증권사,B,SF205,각주항목(09.06월 이후)
13322,201706,0011980,디에스투자증권,D,대차 및 대주거래,0,국내증권사,B,SF205,각주항목(09.06월 이후)
13323,201706,0011980,디에스투자증권,D1,대차 및 대주거래_대여증권,0,국내증권사,B,SF205,각주항목(09.06월 이후)
13324,201706,0011980,디에스투자증권,D2,대차 및 대주거래_차입증권,0,국내증권사,B,SF205,각주항목(09.06월 이후)
13325,201706,0011980,디에스투자증권,D3,대차 및 대주거래_신용거래대주,0,국내증권사,B,SF205,각주항목(09.06월 이후)
13326,201706,0011980,디에스투자증권,E,대손상각채권,0,국내증권사,B,SF205,각주항목(09.06월 이후)
13327,201706,0011980,디에스투자증권,F,환전업무 예치금,0,국내증권사,B,SF205,각주항목(09.06월 이후)
13328,201706,0011980,디에스투자증권,G,미배당별도예치금,0,국내증권사,B,SF205,각주항목(09.06월 이후)
13329,201706,0011980,디에스투자증권,H,배서어음매출(종금계정),0,국내증권사,B,SF205,각주항목(09.06월 이후)
13330,201706,0011980,디에스투자증권,H1,대출채권매매이익_담보부,0,국내증권사,B,SF205,각주항목(09.06월 이후)
13331,201706,0011980,디에스투자증권,H2,대출채권매매이익_무담보부,0,국내증권사,B,SF205,각주항목(09.06월 이후)
13332,201709,0011980,디에스투자증권,A,채무보증,0,국내증권사,B,SF205,각주항목(09.06월 이후)
13333,201709,0011980,디에스투자증권,A1,채무보증_지급보증,0,국내증권사,B,SF205,각주항목(09.06월 이후)
13334,201709,0011980,디에스투자증권,A2,채무보증_매입보장약정,0,국내증권사,B,SF205,각주항목(09.06월 이후)
13335,201709,0011980,디에스투자증권,A3,채무보증_채무인수약정,0,국내증권사,B,SF205,각주항목(09.06월 이후)
13336,201709,0011980,디에스투자증권,A5,채무보증_매입확약,0,국내증권사,B,SF205,각주항목(09.06월 이후)
13337,201709,0011980,디에스투자증권,A6,채무보증_기타,0,국내증권사,B,SF205,각주항목(09.06월 이후)
13338,201709,0011980,디에스투자증권,B,투자자의 예수증권 등,1648317810295,국내증권사,B,SF205,각주항목(09.06월 이후)
13339,201709,0011980,디에스투자증권,B1,투자자의 예수증권 등_예수 증권,1648317810295,국내증권사,B,SF205,각주항목(09.06월 이후)
13340,201709,0011980,디에스투자증권,B2,투자자의 예수증권 등_예수양도성예금증서,0,국내증권사,B,SF205,각주항목(09.06월 이후)
13341,201709,0011980,디에스투자증권,B3,투자자의 예수증권 등_기타,0,국내증권사,B,SF205,각주항목(09.06월 이후)
13342,201709,0011980,디에스투자증권,C,파생상품계약,0,국내증권사,B,SF205,각주항목(09.06월 이후)
13343,201709,0011980,디에스투자증권,C1,파생상품계약_장내파생상품,0,국내증권사,B,SF205,각주항목(09.06월 이후)
13344,201709,0011980,디에스투자증권,C11,파생상품계약_장내파생상품_이자율관련거래,0,국내증권사,B,SF205,각주항목(09.06월 이후)
13345,201709,0011980,디에스투자증권,C12,파생상품계약_장내파생상품_통화관련거래,0,국내증권사,B,SF205,각주항목(09.06월 이후)
13346,201709,0011980,디에스투자증권,C13,파생상품계약_장내파생상품_주식관련거래,0,국내증권사,B,SF205,각주항목(09.06월 이후)
13347,201709,0011980,디에스투자증권,C14,파생상품계약_장내파생상품_일반상품관련거래,0,국내증권사,B,SF205,각주항목(09.06월 이후)
13348,201709,0011980,디에스투자증권,C15,파생상품계약_장내파생상품_기타,0,국내증권사,B,SF205,각주항목(09.06월 이후)
13349,201709,0011980,디에스투자증권,C2,파생상품계약_장외파생상품,0,국내증권사,B,SF205,각주항목(09.06월 이후)
13350,201709,0011980,디에스투자증권,C21,파생상품계약_장외파생상품_이자율관련거래,0,국내증권사,B,SF205,각주항목(09.06월 이후)
13351,201709,0011980,디에스투자증권,C22,파생상품계약_장외파생상품_통화관련거래,0,국내증권사,B,SF205,각주항목(09.06월 이후)
13352,201709,0011980,디에스투자증권,C23,파생상품계약_장외파생상품_주식관련거래,0,국내증권사,B,SF205,각주항목(09.06월 이후)
13353,201709,0011980,디에스투자증권,C24,파생상품계약_장외파생상품_신용관련거래,0,국내증권사,B,SF205,각주항목(09.06월 이후)
13354,201709,0011980,디에스투자증권,C25,파생상품계약_장외파생상품_기타,0,국내증권사,B,SF205,각주항목(09.06월 이후)
13355,201709,0011980,디에스투자증권,D,대차 및 대주거래,0,국내증권사,B,SF205,각주항목(09.06월 이후)
13356,201709,0011980,디에스투자증권,D1,대차 및 대주거래_대여증권,0,국내증권사,B,SF205,각주항목(09.06월 이후)
13357,201709,0011980,디에스투자증권,D2,대차 및 대주거래_차입증권,0,국내증권사,B,SF205,각주항목(09.06월 이후)
13358,201709,0011980,디에스투자증권,D3,대차 및 대주거래_신용거래대주,0,국내증권사,B,SF205,각주항목(09.06월 이후)
13359,201709,0011980,디에스투자증권,E,대손상각채권,0,국내증권사,B,SF205,각주항목(09.06월 이후)
13360,201709,0011980,디에스투자증권,F,환전업무 예치금,0,국내증권사,B,SF205,각주항목(09.06월 이후)
13361,201709,0011980,디에스투자증권,G,미배당별도예치금,0,국내증권사,B,SF205,각주항목(09.06월 이후)
13362,201709,0011980,디에스투자증권,H,배서어음매출(종금계정),0,국내증권사,B,SF205,각주항목(09.06월 이후)
13363,201709,0011980,디에스투자증권,H1,대출채권매매이익_담보부,0,국내증권사,B,SF205,각주항목(09.06월 이후)
13364,201709,0011980,디에스투자증권,H2,대출채권매매이익_무담보부,0,국내증권사,B,SF205,각주항목(09.06월 이후)
13365,201712,0011980,디에스투자증권,A,채무보증,0,국내증권사,B,SF205,각주항목(09.06월 이후)
13366,201712,0011980,디에스투자증권,A1,채무보증_지급보증,0,국내증권사,B,SF205,각주항목(09.06월 이후)
13367,201712,0011980,디에스투자증권,A2,채무보증_매입보장약정,0,국내증권사,B,SF205,각주항목(09.06월 이후)
13368,201712,0011980,디에스투자증권,A3,채무보증_채무인수약정,0,국내증권사,B,SF205,각주항목(09.06월 이후)
13369,201712,0011980,디에스투자증권,A5,채무보증_매입확약,0,국내증권사,B,SF205,각주항목(09.06월 이후)
13370,201712,0011980,디에스투자증권,A6,채무보증_기타,0,국내증권사,B,SF205,각주항목(09.06월 이후)
13371,201712,0011980,디에스투자증권,B,투자자의 예수증권 등,1427546891953,국내증권사,B,SF205,각주항목(09.06월 이후)
13372,201712,0011980,디에스투자증권,B1,투자자의 예수증권 등_예수 증권,1427546891953,국내증권사,B,SF205,각주항목(09.06월 이후)
13373,201712,0011980,디에스투자증권,B2,투자자의 예수증권 등_예수양도성예금증서,0,국내증권사,B,SF205,각주항목(09.06월 이후)
13374,201712,0011980,디에스투자증권,B3,투자자의 예수증권 등_기타,0,국내증권사,B,SF205,각주항목(09.06월 이후)
13375,201712,0011980,디에스투자증권,C,파생상품계약,0,국내증권사,B,SF205,각주항목(09.06월 이후)
13376,201712,0011980,디에스투자증권,C1,파생상품계약_장내파생상품,0,국내증권사,B,SF205,각주항목(09.06월 이후)
13377,201712,0011980,디에스투자증권,C11,파생상품계약_장내파생상품_이자율관련거래,0,국내증권사,B,SF205,각주항목(09.06월 이후)
13378,201712,0011980,디에스투자증권,C12,파생상품계약_장내파생상품_통화관련거래,0,국내증권사,B,SF205,각주항목(09.06월 이후)
13379,201712,0011980,디에스투자증권,C13,파생상품계약_장내파생상품_주식관련거래,0,국내증권사,B,SF205,각주항목(09.06월 이후)
13380,201712,0011980,디에스투자증권,C14,파생상품계약_장내파생상품_일반상품관련거래,0,국내증권사,B,SF205,각주항목(09.06월 이후)
13381,201712,0011980,디에스투자증권,C15,파생상품계약_장내파생상품_기타,0,국내증권사,B,SF205,각주항목(09.06월 이후)
13382,201712,0011980,디에스투자증권,C2,파생상품계약_장외파생상품,0,국내증권사,B,SF205,각주항목(09.06월 이후)
13383,201712,0011980,디에스투자증권,C21,파생상품계약_장외파생상품_이자율관련거래,0,국내증권사,B,SF205,각주항목(09.06월 이후)
13384,201712,0011980,디에스투자증권,C22,파생상품계약_장외파생상품_통화관련거래,0,국내증권사,B,SF205,각주항목(09.06월 이후)
13385,201712,0011980,디에스투자증권,C23,파생상품계약_장외파생상품_주식관련거래,0,국내증권사,B,SF205,각주항목(09.06월 이후)
13386,201712,0011980,디에스투자증권,C24,파생상품계약_장외파생상품_신용관련거래,0,국내증권사,B,SF205,각주항목(09.06월 이후)
13387,201712,0011980,디에스투자증권,C25,파생상품계약_장외파생상품_기타,0,국내증권사,B,SF205,각주항목(09.06월 이후)
13388,201712,0011980,디에스투자증권,D,대차 및 대주거래,0,국내증권사,B,SF205,각주항목(09.06월 이후)
13389,201712,0011980,디에스투자증권,D1,대차 및 대주거래_대여증권,0,국내증권사,B,SF205,각주항목(09.06월 이후)
13390,201712,0011980,디에스투자증권,D2,대차 및 대주거래_차입증권,0,국내증권사,B,SF205,각주항목(09.06월 이후)
13391,201712,0011980,디에스투자증권,D3,대차 및 대주거래_신용거래대주,0,국내증권사,B,SF205,각주항목(09.06월 이후)
13392,201712,0011980,디에스투자증권,E,대손상각채권,0,국내증권사,B,SF205,각주항목(09.06월 이후)
13393,201712,0011980,디에스투자증권,F,환전업무 예치금,0,국내증권사,B,SF205,각주항목(09.06월 이후)
13394,201712,0011980,디에스투자증권,G,미배당별도예치금,0,국내증권사,B,SF205,각주항목(09.06월 이후)
13395,201712,0011980,디에스투자증권,H,배서어음매출(종금계정),0,국내증권사,B,SF205,각주항목(09.06월 이후)
13396,201712,0011980,디에스투자증권,H1,대출채권매매이익_담보부,0,국내증권사,B,SF205,각주항목(09.06월 이후)
13397,201712,0011980,디에스투자증권,H2,대출채권매매이익_무담보부,0,국내증권사,B,SF205,각주항목(09.06월 이후)
13398,201803,0011980,디에스투자증권,A,채무보증,0,국내증권사,B,SF205,각주항목(09.06월 이후)
13399,201803,0011980,디에스투자증권,A1,채무보증_지급보증,0,국내증권사,B,SF205,각주항목(09.06월 이후)
13400,201803,0011980,디에스투자증권,A2,채무보증_매입보장약정,0,국내증권사,B,SF205,각주항목(09.06월 이후)
13401,201803,0011980,디에스투자증권,A3,채무보증_채무인수약정,0,국내증권사,B,SF205,각주항목(09.06월 이후)
13402,201803,0011980,디에스투자증권,A5,채무보증_매입확약,0,국내증권사,B,SF205,각주항목(09.06월 이후)
13403,201803,0011980,디에스투자증권,A6,채무보증_기타,0,국내증권사,B,SF205,각주항목(09.06월 이후)
13404,201803,0011980,디에스투자증권,B,투자자의 예수증권 등,1662487427606,국내증권사,B,SF205,각주항목(09.06월 이후)
13405,201803,0011980,디에스투자증권,B1,투자자의 예수증권 등_예수 증권,1662487427606,국내증권사,B,SF205,각주항목(09.06월 이후)
13406,201803,0011980,디에스투자증권,B2,투자자의 예수증권 등_예수양도성예금증서,0,국내증권사,B,SF205,각주항목(09.06월 이후)
13407,201803,0011980,디에스투자증권,B3,투자자의 예수증권 등_기타,0,국내증권사,B,SF205,각주항목(09.06월 이후)
13408,201803,0011980,디에스투자증권,C,파생상품계약,0,국내증권사,B,SF205,각주항목(09.06월 이후)
13409,201803,0011980,디에스투자증권,C1,파생상품계약_장내파생상품,0,국내증권사,B,SF205,각주항목(09.06월 이후)
13410,201803,0011980,디에스투자증권,C11,파생상품계약_장내파생상품_이자율관련거래,0,국내증권사,B,SF205,각주항목(09.06월 이후)
13411,201803,0011980,디에스투자증권,C12,파생상품계약_장내파생상품_통화관련거래,0,국내증권사,B,SF205,각주항목(09.06월 이후)
13412,201803,0011980,디에스투자증권,C13,파생상품계약_장내파생상품_주식관련거래,0,국내증권사,B,SF205,각주항목(09.06월 이후)
13413,201803,0011980,디에스투자증권,C14,파생상품계약_장내파생상품_일반상품관련거래,0,국내증권사,B,SF205,각주항목(09.06월 이후)
13414,201803,0011980,디에스투자증권,C15,파생상품계약_장내파생상품_기타,0,국내증권사,B,SF205,각주항목(09.06월 이후)
13415,201803,0011980,디에스투자증권,C2,파생상품계약_장외파생상품,0,국내증권사,B,SF205,각주항목(09.06월 이후)
13416,201803,0011980,디에스투자증권,C21,파생상품계약_장외파생상품_이자율관련거래,0,국내증권사,B,SF205,각주항목(09.06월 이후)
13417,201803,0011980,디에스투자증권,C22,파생상품계약_장외파생상품_통화관련거래,0,국내증권사,B,SF205,각주항목(09.06월 이후)
13418,201803,0011980,디에스투자증권,C23,파생상품계약_장외파생상품_주식관련거래,0,국내증권사,B,SF205,각주항목(09.06월 이후)
13419,201803,0011980,디에스투자증권,C24,파생상품계약_장외파생상품_신용관련거래,0,국내증권사,B,SF205,각주항목(09.06월 이후)
13420,201803,0011980,디에스투자증권,C25,파생상품계약_장외파생상품_기타,0,국내증권사,B,SF205,각주항목(09.06월 이후)
13421,201803,0011980,디에스투자증권,D,대차 및 대주거래,0,국내증권사,B,SF205,각주항목(09.06월 이후)
13422,201803,0011980,디에스투자증권,D1,대차 및 대주거래_대여증권,0,국내증권사,B,SF205,각주항목(09.06월 이후)
13423,201803,0011980,디에스투자증권,D2,대차 및 대주거래_차입증권,0,국내증권사,B,SF205,각주항목(09.06월 이후)
13424,201803,0011980,디에스투자증권,D3,대차 및 대주거래_신용거래대주,0,국내증권사,B,SF205,각주항목(09.06월 이후)
13425,201803,0011980,디에스투자증권,E,대손상각채권,0,국내증권사,B,SF205,각주항목(09.06월 이후)
13426,201803,0011980,디에스투자증권,F,환전업무 예치금,0,국내증권사,B,SF205,각주항목(09.06월 이후)
13427,201803,0011980,디에스투자증권,G,미배당별도예치금,0,국내증권사,B,SF205,각주항목(09.06월 이후)
13428,201803,0011980,디에스투자증권,H,배서어음매출(종금계정),0,국내증권사,B,SF205,각주항목(09.06월 이후)
13429,201803,0011980,디에스투자증권,H1,대출채권매매이익_담보부,0,국내증권사,B,SF205,각주항목(09.06월 이후)
13430,201803,0011980,디에스투자증권,H2,대출채권매매이익_무담보부,0,국내증권사,B,SF205,각주항목(09.06월 이후)
13431,201806,0011980,디에스투자증권,A,채무보증,0,국내증권사,B,SF205,각주항목(09.06월 이후)
13432,201806,0011980,디에스투자증권,A1,채무보증_지급보증,0,국내증권사,B,SF205,각주항목(09.06월 이후)
13433,201806,0011980,디에스투자증권,A2,채무보증_매입보장약정,0,국내증권사,B,SF205,각주항목(09.06월 이후)
13434,201806,0011980,디에스투자증권,A3,채무보증_채무인수약정,0,국내증권사,B,SF205,각주항목(09.06월 이후)
13435,201806,0011980,디에스투자증권,A5,채무보증_매입확약,0,국내증권사,B,SF205,각주항목(09.06월 이후)
13436,201806,0011980,디에스투자증권,A6,채무보증_기타,0,국내증권사,B,SF205,각주항목(09.06월 이후)
13437,201806,0011980,디에스투자증권,B,투자자의 예수증권 등,1888955568927,국내증권사,B,SF205,각주항목(09.06월 이후)
13438,201806,0011980,디에스투자증권,B1,투자자의 예수증권 등_예수 증권,1888955568927,국내증권사,B,SF205,각주항목(09.06월 이후)
13439,201806,0011980,디에스투자증권,B2,투자자의 예수증권 등_예수양도성예금증서,0,국내증권사,B,SF205,각주항목(09.06월 이후)
13440,201806,0011980,디에스투자증권,B3,투자자의 예수증권 등_기타,0,국내증권사,B,SF205,각주항목(09.06월 이후)
13441,201806,0011980,디에스투자증권,C,파생상품계약,0,국내증권사,B,SF205,각주항목(09.06월 이후)
13442,201806,0011980,디에스투자증권,C1,파생상품계약_장내파생상품,0,국내증권사,B,SF205,각주항목(09.06월 이후)
13443,201806,0011980,디에스투자증권,C11,파생상품계약_장내파생상품_이자율관련거래,0,국내증권사,B,SF205,각주항목(09.06월 이후)
13444,201806,0011980,디에스투자증권,C12,파생상품계약_장내파생상품_통화관련거래,0,국내증권사,B,SF205,각주항목(09.06월 이후)
13445,201806,0011980,디에스투자증권,C13,파생상품계약_장내파생상품_주식관련거래,0,국내증권사,B,SF205,각주항목(09.06월 이후)
13446,201806,0011980,디에스투자증권,C14,파생상품계약_장내파생상품_일반상품관련거래,0,국내증권사,B,SF205,각주항목(09.06월 이후)
13447,201806,0011980,디에스투자증권,C15,파생상품계약_장내파생상품_기타,0,국내증권사,B,SF205,각주항목(09.06월 이후)
13448,201806,0011980,디에스투자증권,C2,파생상품계약_장외파생상품,0,국내증권사,B,SF205,각주항목(09.06월 이후)
13449,201806,0011980,디에스투자증권,C21,파생상품계약_장외파생상품_이자율관련거래,0,국내증권사,B,SF205,각주항목(09.06월 이후)
13450,201806,0011980,디에스투자증권,C22,파생상품계약_장외파생상품_통화관련거래,0,국내증권사,B,SF205,각주항목(09.06월 이후)
13451,201806,0011980,디에스투자증권,C23,파생상품계약_장외파생상품_주식관련거래,0,국내증권사,B,SF205,각주항목(09.06월 이후)
13452,201806,0011980,디에스투자증권,C24,파생상품계약_장외파생상품_신용관련거래,0,국내증권사,B,SF205,각주항목(09.06월 이후)
13453,201806,0011980,디에스투자증권,C25,파생상품계약_장외파생상품_기타,0,국내증권사,B,SF205,각주항목(09.06월 이후)
13454,201806,0011980,디에스투자증권,D,대차 및 대주거래,0,국내증권사,B,SF205,각주항목(09.06월 이후)
13455,201806,0011980,디에스투자증권,D1,대차 및 대주거래_대여증권,0,국내증권사,B,SF205,각주항목(09.06월 이후)
13456,201806,0011980,디에스투자증권,D2,대차 및 대주거래_차입증권,0,국내증권사,B,SF205,각주항목(09.06월 이후)
13457,201806,0011980,디에스투자증권,D3,대차 및 대주거래_신용거래대주,0,국내증권사,B,SF205,각주항목(09.06월 이후)
13458,201806,0011980,디에스투자증권,E,대손상각채권,0,국내증권사,B,SF205,각주항목(09.06월 이후)
13459,201806,0011980,디에스투자증권,F,환전업무 예치금,0,국내증권사,B,SF205,각주항목(09.06월 이후)
13460,201806,0011980,디에스투자증권,G,미배당별도예치금,0,국내증권사,B,SF205,각주항목(09.06월 이후)
13461,201806,0011980,디에스투자증권,H,배서어음매출(종금계정),0,국내증권사,B,SF205,각주항목(09.06월 이후)
13462,201806,0011980,디에스투자증권,H1,대출채권매매이익_담보부,0,국내증권사,B,SF205,각주항목(09.06월 이후)
13463,201806,0011980,디에스투자증권,H2,대출채권매매이익_무담보부,0,국내증권사,B,SF205,각주항목(09.06월 이후)
13464,201809,0011980,디에스투자증권,A,채무보증,0,국내증권사,B,SF205,각주항목(09.06월 이후)
13465,201809,0011980,디에스투자증권,A1,채무보증_지급보증,0,국내증권사,B,SF205,각주항목(09.06월 이후)
13466,201809,0011980,디에스투자증권,A2,채무보증_매입보장약정,0,국내증권사,B,SF205,각주항목(09.06월 이후)
13467,201809,0011980,디에스투자증권,A3,채무보증_채무인수약정,0,국내증권사,B,SF205,각주항목(09.06월 이후)
13468,201809,0011980,디에스투자증권,A5,채무보증_매입확약,0,국내증권사,B,SF205,각주항목(09.06월 이후)
13469,201809,0011980,디에스투자증권,A6,채무보증_기타,0,국내증권사,B,SF205,각주항목(09.06월 이후)
13470,201809,0011980,디에스투자증권,B,투자자의 예수증권 등,1633102985357,국내증권사,B,SF205,각주항목(09.06월 이후)
13471,201809,0011980,디에스투자증권,B1,투자자의 예수증권 등_예수 증권,1633102985357,국내증권사,B,SF205,각주항목(09.06월 이후)
13472,201809,0011980,디에스투자증권,B2,투자자의 예수증권 등_예수양도성예금증서,0,국내증권사,B,SF205,각주항목(09.06월 이후)
13473,201809,0011980,디에스투자증권,B3,투자자의 예수증권 등_기타,0,국내증권사,B,SF205,각주항목(09.06월 이후)
13474,201809,0011980,디에스투자증권,C,파생상품계약,0,국내증권사,B,SF205,각주항목(09.06월 이후)
13475,201809,0011980,디에스투자증권,C1,파생상품계약_장내파생상품,0,국내증권사,B,SF205,각주항목(09.06월 이후)
13476,201809,0011980,디에스투자증권,C11,파생상품계약_장내파생상품_이자율관련거래,0,국내증권사,B,SF205,각주항목(09.06월 이후)
13477,201809,0011980,디에스투자증권,C12,파생상품계약_장내파생상품_통화관련거래,0,국내증권사,B,SF205,각주항목(09.06월 이후)
13478,201809,0011980,디에스투자증권,C13,파생상품계약_장내파생상품_주식관련거래,0,국내증권사,B,SF205,각주항목(09.06월 이후)
13479,201809,0011980,디에스투자증권,C14,파생상품계약_장내파생상품_일반상품관련거래,0,국내증권사,B,SF205,각주항목(09.06월 이후)
13480,201809,0011980,디에스투자증권,C15,파생상품계약_장내파생상품_기타,0,국내증권사,B,SF205,각주항목(09.06월 이후)
13481,201809,0011980,디에스투자증권,C2,파생상품계약_장외파생상품,0,국내증권사,B,SF205,각주항목(09.06월 이후)
13482,201809,0011980,디에스투자증권,C21,파생상품계약_장외파생상품_이자율관련거래,0,국내증권사,B,SF205,각주항목(09.06월 이후)
13483,201809,0011980,디에스투자증권,C22,파생상품계약_장외파생상품_통화관련거래,0,국내증권사,B,SF205,각주항목(09.06월 이후)
13484,201809,0011980,디에스투자증권,C23,파생상품계약_장외파생상품_주식관련거래,0,국내증권사,B,SF205,각주항목(09.06월 이후)
13485,201809,0011980,디에스투자증권,C24,파생상품계약_장외파생상품_신용관련거래,0,국내증권사,B,SF205,각주항목(09.06월 이후)
13486,201809,0011980,디에스투자증권,C25,파생상품계약_장외파생상품_기타,0,국내증권사,B,SF205,각주항목(09.06월 이후)
13487,201809,0011980,디에스투자증권,D,대차 및 대주거래,0,국내증권사,B,SF205,각주항목(09.06월 이후)
13488,201809,0011980,디에스투자증권,D1,대차 및 대주거래_대여증권,0,국내증권사,B,SF205,각주항목(09.06월 이후)
13489,201809,0011980,디에스투자증권,D2,대차 및 대주거래_차입증권,0,국내증권사,B,SF205,각주항목(09.06월 이후)
13490,201809,0011980,디에스투자증권,D3,대차 및 대주거래_신용거래대주,0,국내증권사,B,SF205,각주항목(09.06월 이후)
13491,201809,0011980,디에스투자증권,E,대손상각채권,0,국내증권사,B,SF205,각주항목(09.06월 이후)
13492,201809,0011980,디에스투자증권,F,환전업무 예치금,0,국내증권사,B,SF205,각주항목(09.06월 이후)
13493,201809,0011980,디에스투자증권,G,미배당별도예치금,0,국내증권사,B,SF205,각주항목(09.06월 이후)
13494,201809,0011980,디에스투자증권,H,배서어음매출(종금계정),0,국내증권사,B,SF205,각주항목(09.06월 이후)
13495,201809,0011980,디에스투자증권,H1,대출채권매매이익_담보부,0,국내증권사,B,SF205,각주항목(09.06월 이후)
13496,201809,0011980,디에스투자증권,H2,대출채권매매이익_무담보부,0,국내증권사,B,SF205,각주항목(09.06월 이후)
13497,201812,0011980,디에스투자증권,A,채무보증,0,국내증권사,B,SF205,각주항목(09.06월 이후)
13498,201812,0011980,디에스투자증권,A1,채무보증_지급보증,0,국내증권사,B,SF205,각주항목(09.06월 이후)
13499,201812,0011980,디에스투자증권,A2,채무보증_매입보장약정,0,국내증권사,B,SF205,각주항목(09.06월 이후)
13500,201812,0011980,디에스투자증권,A3,채무보증_채무인수약정,0,국내증권사,B,SF205,각주항목(09.06월 이후)
13501,201812,0011980,디에스투자증권,A5,채무보증_매입확약,0,국내증권사,B,SF205,각주항목(09.06월 이후)
13502,201812,0011980,디에스투자증권,A6,채무보증_기타,0,국내증권사,B,SF205,각주항목(09.06월 이후)
13503,201812,0011980,디에스투자증권,B,투자자의 예수증권 등,1618300307069,국내증권사,B,SF205,각주항목(09.06월 이후)
13504,201812,0011980,디에스투자증권,B1,투자자의 예수증권 등_예수 증권,1618300307069,국내증권사,B,SF205,각주항목(09.06월 이후)
13505,201812,0011980,디에스투자증권,B2,투자자의 예수증권 등_예수양도성예금증서,0,국내증권사,B,SF205,각주항목(09.06월 이후)
13506,201812,0011980,디에스투자증권,B3,투자자의 예수증권 등_기타,0,국내증권사,B,SF205,각주항목(09.06월 이후)
13507,201812,0011980,디에스투자증권,C,파생상품계약,0,국내증권사,B,SF205,각주항목(09.06월 이후)
13508,201812,0011980,디에스투자증권,C1,파생상품계약_장내파생상품,0,국내증권사,B,SF205,각주항목(09.06월 이후)
13509,201812,0011980,디에스투자증권,C11,파생상품계약_장내파생상품_이자율관련거래,0,국내증권사,B,SF205,각주항목(09.06월 이후)
13510,201812,0011980,디에스투자증권,C12,파생상품계약_장내파생상품_통화관련거래,0,국내증권사,B,SF205,각주항목(09.06월 이후)
13511,201812,0011980,디에스투자증권,C13,파생상품계약_장내파생상품_주식관련거래,0,국내증권사,B,SF205,각주항목(09.06월 이후)
13512,201812,0011980,디에스투자증권,C14,파생상품계약_장내파생상품_일반상품관련거래,0,국내증권사,B,SF205,각주항목(09.06월 이후)
13513,201812,0011980,디에스투자증권,C15,파생상품계약_장내파생상품_기타,0,국내증권사,B,SF205,각주항목(09.06월 이후)
13514,201812,0011980,디에스투자증권,C2,파생상품계약_장외파생상품,0,국내증권사,B,SF205,각주항목(09.06월 이후)
13515,201812,0011980,디에스투자증권,C21,파생상품계약_장외파생상품_이자율관련거래,0,국내증권사,B,SF205,각주항목(09.06월 이후)
13516,201812,0011980,디에스투자증권,C22,파생상품계약_장외파생상품_통화관련거래,0,국내증권사,B,SF205,각주항목(09.06월 이후)
13517,201812,0011980,디에스투자증권,C23,파생상품계약_장외파생상품_주식관련거래,0,국내증권사,B,SF205,각주항목(09.06월 이후)
13518,201812,0011980,디에스투자증권,C24,파생상품계약_장외파생상품_신용관련거래,0,국내증권사,B,SF205,각주항목(09.06월 이후)
13519,201812,0011980,디에스투자증권,C25,파생상품계약_장외파생상품_기타,0,국내증권사,B,SF205,각주항목(09.06월 이후)
13520,201812,0011980,디에스투자증권,D,대차 및 대주거래,0,국내증권사,B,SF205,각주항목(09.06월 이후)
13521,201812,0011980,디에스투자증권,D1,대차 및 대주거래_대여증권,0,국내증권사,B,SF205,각주항목(09.06월 이후)
13522,201812,0011980,디에스투자증권,D2,대차 및 대주거래_차입증권,0,국내증권사,B,SF205,각주항목(09.06월 이후)
13523,201812,0011980,디에스투자증권,D3,대차 및 대주거래_신용거래대주,0,국내증권사,B,SF205,각주항목(09.06월 이후)
13524,201812,0011980,디에스투자증권,E,대손상각채권,0,국내증권사,B,SF205,각주항목(09.06월 이후)
13525,201812,0011980,디에스투자증권,F,환전업무 예치금,0,국내증권사,B,SF205,각주항목(09.06월 이후)
13526,201812,0011980,디에스투자증권,G,미배당별도예치금,0,국내증권사,B,SF205,각주항목(09.06월 이후)
13527,201812,0011980,디에스투자증권,H,배서어음매출(종금계정),0,국내증권사,B,SF205,각주항목(09.06월 이후)
13528,201812,0011980,디에스투자증권,H1,대출채권매매이익_담보부,0,국내증권사,B,SF205,각주항목(09.06월 이후)
13529,201812,0011980,디에스투자증권,H2,대출채권매매이익_무담보부,0,국내증권사,B,SF205,각주항목(09.06월 이후)
13530,201903,0011980,디에스투자증권,A,채무보증,6070865108,국내증권사,B,SF205,각주항목(09.06월 이후)
13531,201903,0011980,디에스투자증권,A1,채무보증_지급보증,0,국내증권사,B,SF205,각주항목(09.06월 이후)
13532,201903,0011980,디에스투자증권,A2,채무보증_매입보장약정,0,국내증권사,B,SF205,각주항목(09.06월 이후)
13533,201903,0011980,디에스투자증권,A3,채무보증_채무인수약정,0,국내증권사,B,SF205,각주항목(09.06월 이후)
13534,201903,0011980,디에스투자증권,A5,채무보증_매입확약,0,국내증권사,B,SF205,각주항목(09.06월 이후)
13535,201903,0011980,디에스투자증권,A6,채무보증_기타,6070865108,국내증권사,B,SF205,각주항목(09.06월 이후)
13536,201903,0011980,디에스투자증권,B,투자자의 예수증권 등,1705871286118,국내증권사,B,SF205,각주항목(09.06월 이후)
13537,201903,0011980,디에스투자증권,B1,투자자의 예수증권 등_예수 증권,1705871286118,국내증권사,B,SF205,각주항목(09.06월 이후)
13538,201903,0011980,디에스투자증권,B2,투자자의 예수증권 등_예수양도성예금증서,0,국내증권사,B,SF205,각주항목(09.06월 이후)
13539,201903,0011980,디에스투자증권,B3,투자자의 예수증권 등_기타,0,국내증권사,B,SF205,각주항목(09.06월 이후)
13540,201903,0011980,디에스투자증권,C,파생상품계약,0,국내증권사,B,SF205,각주항목(09.06월 이후)
13541,201903,0011980,디에스투자증권,C1,파생상품계약_장내파생상품,0,국내증권사,B,SF205,각주항목(09.06월 이후)
13542,201903,0011980,디에스투자증권,C11,파생상품계약_장내파생상품_이자율관련거래,0,국내증권사,B,SF205,각주항목(09.06월 이후)
13543,201903,0011980,디에스투자증권,C12,파생상품계약_장내파생상품_통화관련거래,0,국내증권사,B,SF205,각주항목(09.06월 이후)
13544,201903,0011980,디에스투자증권,C13,파생상품계약_장내파생상품_주식관련거래,0,국내증권사,B,SF205,각주항목(09.06월 이후)
13545,201903,0011980,디에스투자증권,C14,파생상품계약_장내파생상품_일반상품관련거래,0,국내증권사,B,SF205,각주항목(09.06월 이후)
13546,201903,0011980,디에스투자증권,C15,파생상품계약_장내파생상품_기타,0,국내증권사,B,SF205,각주항목(09.06월 이후)
13547,201903,0011980,디에스투자증권,C2,파생상품계약_장외파생상품,0,국내증권사,B,SF205,각주항목(09.06월 이후)
13548,201903,0011980,디에스투자증권,C21,파생상품계약_장외파생상품_이자율관련거래,0,국내증권사,B,SF205,각주항목(09.06월 이후)
13549,201903,0011980,디에스투자증권,C22,파생상품계약_장외파생상품_통화관련거래,0,국내증권사,B,SF205,각주항목(09.06월 이후)
13550,201903,0011980,디에스투자증권,C23,파생상품계약_장외파생상품_주식관련거래,0,국내증권사,B,SF205,각주항목(09.06월 이후)
13551,201903,0011980,디에스투자증권,C24,파생상품계약_장외파생상품_신용관련거래,0,국내증권사,B,SF205,각주항목(09.06월 이후)
13552,201903,0011980,디에스투자증권,C25,파생상품계약_장외파생상품_기타,0,국내증권사,B,SF205,각주항목(09.06월 이후)
13553,201903,0011980,디에스투자증권,D,대차 및 대주거래,0,국내증권사,B,SF205,각주항목(09.06월 이후)
13554,201903,0011980,디에스투자증권,D1,대차 및 대주거래_대여증권,0,국내증권사,B,SF205,각주항목(09.06월 이후)
13555,201903,0011980,디에스투자증권,D2,대차 및 대주거래_차입증권,0,국내증권사,B,SF205,각주항목(09.06월 이후)
13556,201903,0011980,디에스투자증권,D3,대차 및 대주거래_신용거래대주,0,국내증권사,B,SF205,각주항목(09.06월 이후)
13557,201903,0011980,디에스투자증권,E,대손상각채권,0,국내증권사,B,SF205,각주항목(09.06월 이후)
13558,201903,0011980,디에스투자증권,F,환전업무 예치금,0,국내증권사,B,SF205,각주항목(09.06월 이후)
13559,201903,0011980,디에스투자증권,G,미배당별도예치금,0,국내증권사,B,SF205,각주항목(09.06월 이후)
13560,201903,0011980,디에스투자증권,H,배서어음매출(종금계정),0,국내증권사,B,SF205,각주항목(09.06월 이후)
13561,201903,0011980,디에스투자증권,H1,대출채권매매이익_담보부,0,국내증권사,B,SF205,각주항목(09.06월 이후)
13562,201903,0011980,디에스투자증권,H2,대출채권매매이익_무담보부,0,국내증권사,B,SF205,각주항목(09.06월 이후)
13563,201906,0011980,디에스투자증권,A,채무보증,6070865108,국내증권사,B,SF205,각주항목(09.06월 이후)
13564,201906,0011980,디에스투자증권,A1,채무보증_지급보증,0,국내증권사,B,SF205,각주항목(09.06월 이후)
13565,201906,0011980,디에스투자증권,A2,채무보증_매입보장약정,0,국내증권사,B,SF205,각주항목(09.06월 이후)
13566,201906,0011980,디에스투자증권,A3,채무보증_채무인수약정,0,국내증권사,B,SF205,각주항목(09.06월 이후)
13567,201906,0011980,디에스투자증권,A5,채무보증_매입확약,0,국내증권사,B,SF205,각주항목(09.06월 이후)
13568,201906,0011980,디에스투자증권,A6,채무보증_기타,6070865108,국내증권사,B,SF205,각주항목(09.06월 이후)
13569,201906,0011980,디에스투자증권,B,투자자의 예수증권 등,1852754858437,국내증권사,B,SF205,각주항목(09.06월 이후)
13570,201906,0011980,디에스투자증권,B1,투자자의 예수증권 등_예수 증권,1852754858437,국내증권사,B,SF205,각주항목(09.06월 이후)
13571,201906,0011980,디에스투자증권,B2,투자자의 예수증권 등_예수양도성예금증서,0,국내증권사,B,SF205,각주항목(09.06월 이후)
13572,201906,0011980,디에스투자증권,B3,투자자의 예수증권 등_기타,0,국내증권사,B,SF205,각주항목(09.06월 이후)
13573,201906,0011980,디에스투자증권,C,파생상품계약,0,국내증권사,B,SF205,각주항목(09.06월 이후)
13574,201906,0011980,디에스투자증권,C1,파생상품계약_장내파생상품,0,국내증권사,B,SF205,각주항목(09.06월 이후)
13575,201906,0011980,디에스투자증권,C11,파생상품계약_장내파생상품_이자율관련거래,0,국내증권사,B,SF205,각주항목(09.06월 이후)
13576,201906,0011980,디에스투자증권,C12,파생상품계약_장내파생상품_통화관련거래,0,국내증권사,B,SF205,각주항목(09.06월 이후)
13577,201906,0011980,디에스투자증권,C13,파생상품계약_장내파생상품_주식관련거래,0,국내증권사,B,SF205,각주항목(09.06월 이후)
13578,201906,0011980,디에스투자증권,C14,파생상품계약_장내파생상품_일반상품관련거래,0,국내증권사,B,SF205,각주항목(09.06월 이후)
13579,201906,0011980,디에스투자증권,C15,파생상품계약_장내파생상품_기타,0,국내증권사,B,SF205,각주항목(09.06월 이후)
13580,201906,0011980,디에스투자증권,C2,파생상품계약_장외파생상품,0,국내증권사,B,SF205,각주항목(09.06월 이후)
13581,201906,0011980,디에스투자증권,C21,파생상품계약_장외파생상품_이자율관련거래,0,국내증권사,B,SF205,각주항목(09.06월 이후)
13582,201906,0011980,디에스투자증권,C22,파생상품계약_장외파생상품_통화관련거래,0,국내증권사,B,SF205,각주항목(09.06월 이후)
13583,201906,0011980,디에스투자증권,C23,파생상품계약_장외파생상품_주식관련거래,0,국내증권사,B,SF205,각주항목(09.06월 이후)
13584,201906,0011980,디에스투자증권,C24,파생상품계약_장외파생상품_신용관련거래,0,국내증권사,B,SF205,각주항목(09.06월 이후)
13585,201906,0011980,디에스투자증권,C25,파생상품계약_장외파생상품_기타,0,국내증권사,B,SF205,각주항목(09.06월 이후)
13586,201906,0011980,디에스투자증권,D,대차 및 대주거래,0,국내증권사,B,SF205,각주항목(09.06월 이후)
13587,201906,0011980,디에스투자증권,D1,대차 및 대주거래_대여증권,0,국내증권사,B,SF205,각주항목(09.06월 이후)
13588,201906,0011980,디에스투자증권,D2,대차 및 대주거래_차입증권,0,국내증권사,B,SF205,각주항목(09.06월 이후)
13589,201906,0011980,디에스투자증권,D3,대차 및 대주거래_신용거래대주,0,국내증권사,B,SF205,각주항목(09.06월 이후)
13590,201906,0011980,디에스투자증권,E,대손상각채권,0,국내증권사,B,SF205,각주항목(09.06월 이후)
13591,201906,0011980,디에스투자증권,F,환전업무 예치금,0,국내증권사,B,SF205,각주항목(09.06월 이후)
13592,201906,0011980,디에스투자증권,G,미배당별도예치금,0,국내증권사,B,SF205,각주항목(09.06월 이후)
13593,201906,0011980,디에스투자증권,H,배서어음매출(종금계정),0,국내증권사,B,SF205,각주항목(09.06월 이후)
13594,201906,0011980,디에스투자증권,H1,대출채권매매이익_담보부,0,국내증권사,B,SF205,각주항목(09.06월 이후)
13595,201906,0011980,디에스투자증권,H2,대출채권매매이익_무담보부,0,국내증권사,B,SF205,각주항목(09.06월 이후)
13596,201909,0011980,디에스투자증권,A,채무보증,6070865108,국내증권사,B,SF205,각주항목(09.06월 이후)
13597,201909,0011980,디에스투자증권,A1,채무보증_지급보증,0,국내증권사,B,SF205,각주항목(09.06월 이후)
13598,201909,0011980,디에스투자증권,A2,채무보증_매입보장약정,0,국내증권사,B,SF205,각주항목(09.06월 이후)
13599,201909,0011980,디에스투자증권,A3,채무보증_채무인수약정,0,국내증권사,B,SF205,각주항목(09.06월 이후)
13600,201909,0011980,디에스투자증권,A5,채무보증_매입확약,0,국내증권사,B,SF205,각주항목(09.06월 이후)
13601,201909,0011980,디에스투자증권,A6,채무보증_기타,6070865108,국내증권사,B,SF205,각주항목(09.06월 이후)
13602,201909,0011980,디에스투자증권,B,투자자의 예수증권 등,1958084623618,국내증권사,B,SF205,각주항목(09.06월 이후)
13603,201909,0011980,디에스투자증권,B1,투자자의 예수증권 등_예수 증권,1958084623618,국내증권사,B,SF205,각주항목(09.06월 이후)
13604,201909,0011980,디에스투자증권,B2,투자자의 예수증권 등_예수양도성예금증서,0,국내증권사,B,SF205,각주항목(09.06월 이후)
13605,201909,0011980,디에스투자증권,B3,투자자의 예수증권 등_기타,0,국내증권사,B,SF205,각주항목(09.06월 이후)
13606,201909,0011980,디에스투자증권,C,파생상품계약,6641500000,국내증권사,B,SF205,각주항목(09.06월 이후)
13607,201909,0011980,디에스투자증권,C1,파생상품계약_장내파생상품,6641500000,국내증권사,B,SF205,각주항목(09.06월 이후)
13608,201909,0011980,디에스투자증권,C11,파생상품계약_장내파생상품_이자율관련거래,6641500000,국내증권사,B,SF205,각주항목(09.06월 이후)
13609,201909,0011980,디에스투자증권,C12,파생상품계약_장내파생상품_통화관련거래,0,국내증권사,B,SF205,각주항목(09.06월 이후)
13610,201909,0011980,디에스투자증권,C13,파생상품계약_장내파생상품_주식관련거래,0,국내증권사,B,SF205,각주항목(09.06월 이후)
13611,201909,0011980,디에스투자증권,C14,파생상품계약_장내파생상품_일반상품관련거래,0,국내증권사,B,SF205,각주항목(09.06월 이후)
13612,201909,0011980,디에스투자증권,C15,파생상품계약_장내파생상품_기타,0,국내증권사,B,SF205,각주항목(09.06월 이후)
13613,201909,0011980,디에스투자증권,C2,파생상품계약_장외파생상품,0,국내증권사,B,SF205,각주항목(09.06월 이후)
13614,201909,0011980,디에스투자증권,C21,파생상품계약_장외파생상품_이자율관련거래,0,국내증권사,B,SF205,각주항목(09.06월 이후)
13615,201909,0011980,디에스투자증권,C22,파생상품계약_장외파생상품_통화관련거래,0,국내증권사,B,SF205,각주항목(09.06월 이후)
13616,201909,0011980,디에스투자증권,C23,파생상품계약_장외파생상품_주식관련거래,0,국내증권사,B,SF205,각주항목(09.06월 이후)
13617,201909,0011980,디에스투자증권,C24,파생상품계약_장외파생상품_신용관련거래,0,국내증권사,B,SF205,각주항목(09.06월 이후)
13618,201909,0011980,디에스투자증권,C25,파생상품계약_장외파생상품_기타,0,국내증권사,B,SF205,각주항목(09.06월 이후)
13619,201909,0011980,디에스투자증권,D,대차 및 대주거래,1139018000,국내증권사,B,SF205,각주항목(09.06월 이후)
13620,201909,0011980,디에스투자증권,D1,대차 및 대주거래_대여증권,0,국내증권사,B,SF205,각주항목(09.06월 이후)
13621,201909,0011980,디에스투자증권,D2,대차 및 대주거래_차입증권,1139018000,국내증권사,B,SF205,각주항목(09.06월 이후)
13622,201909,0011980,디에스투자증권,D3,대차 및 대주거래_신용거래대주,0,국내증권사,B,SF205,각주항목(09.06월 이후)
13623,201909,0011980,디에스투자증권,E,대손상각채권,0,국내증권사,B,SF205,각주항목(09.06월 이후)
13624,201909,0011980,디에스투자증권,F,환전업무 예치금,0,국내증권사,B,SF205,각주항목(09.06월 이후)
13625,201909,0011980,디에스투자증권,G,미배당별도예치금,0,국내증권사,B,SF205,각주항목(09.06월 이후)
13626,201909,0011980,디에스투자증권,H,배서어음매출(종금계정),0,국내증권사,B,SF205,각주항목(09.06월 이후)
13627,201909,0011980,디에스투자증권,H1,대출채권매매이익_담보부,0,국내증권사,B,SF205,각주항목(09.06월 이후)
13628,201909,0011980,디에스투자증권,H2,대출채권매매이익_무담보부,0,국내증권사,B,SF205,각주항목(09.06월 이후)
13629,201912,0011980,디에스투자증권,A,채무보증,6070865108,국내증권사,B,SF205,각주항목(09.06월 이후)
13630,201912,0011980,디에스투자증권,A1,채무보증_지급보증,0,국내증권사,B,SF205,각주항목(09.06월 이후)
13631,201912,0011980,디에스투자증권,A2,채무보증_매입보장약정,0,국내증권사,B,SF205,각주항목(09.06월 이후)
13632,201912,0011980,디에스투자증권,A3,채무보증_채무인수약정,0,국내증권사,B,SF205,각주항목(09.06월 이후)
13633,201912,0011980,디에스투자증권,A5,채무보증_매입확약,0,국내증권사,B,SF205,각주항목(09.06월 이후)
13634,201912,0011980,디에스투자증권,A6,채무보증_기타,6070865108,국내증권사,B,SF205,각주항목(09.06월 이후)
13635,201912,0011980,디에스투자증권,B,투자자의 예수증권 등,1828337045602,국내증권사,B,SF205,각주항목(09.06월 이후)
13636,201912,0011980,디에스투자증권,B1,투자자의 예수증권 등_예수 증권,1828337045602,국내증권사,B,SF205,각주항목(09.06월 이후)
13637,201912,0011980,디에스투자증권,B2,투자자의 예수증권 등_예수양도성예금증서,0,국내증권사,B,SF205,각주항목(09.06월 이후)
13638,201912,0011980,디에스투자증권,B3,투자자의 예수증권 등_기타,0,국내증권사,B,SF205,각주항목(09.06월 이후)
13639,201912,0011980,디에스투자증권,C,파생상품계약,1155700000,국내증권사,B,SF205,각주항목(09.06월 이후)
13640,201912,0011980,디에스투자증권,C1,파생상품계약_장내파생상품,1155700000,국내증권사,B,SF205,각주항목(09.06월 이후)
13641,201912,0011980,디에스투자증권,C11,파생상품계약_장내파생상품_이자율관련거래,0,국내증권사,B,SF205,각주항목(09.06월 이후)
13642,201912,0011980,디에스투자증권,C12,파생상품계약_장내파생상품_통화관련거래,1155700000,국내증권사,B,SF205,각주항목(09.06월 이후)
13643,201912,0011980,디에스투자증권,C13,파생상품계약_장내파생상품_주식관련거래,0,국내증권사,B,SF205,각주항목(09.06월 이후)
13644,201912,0011980,디에스투자증권,C14,파생상품계약_장내파생상품_일반상품관련거래,0,국내증권사,B,SF205,각주항목(09.06월 이후)
13645,201912,0011980,디에스투자증권,C15,파생상품계약_장내파생상품_기타,0,국내증권사,B,SF205,각주항목(09.06월 이후)
13646,201912,0011980,디에스투자증권,C2,파생상품계약_장외파생상품,0,국내증권사,B,SF205,각주항목(09.06월 이후)
13647,201912,0011980,디에스투자증권,C21,파생상품계약_장외파생상품_이자율관련거래,0,국내증권사,B,SF205,각주항목(09.06월 이후)
13648,201912,0011980,디에스투자증권,C22,파생상품계약_장외파생상품_통화관련거래,0,국내증권사,B,SF205,각주항목(09.06월 이후)
13649,201912,0011980,디에스투자증권,C23,파생상품계약_장외파생상품_주식관련거래,0,국내증권사,B,SF205,각주항목(09.06월 이후)
13650,201912,0011980,디에스투자증권,C24,파생상품계약_장외파생상품_신용관련거래,0,국내증권사,B,SF205,각주항목(09.06월 이후)
13651,201912,0011980,디에스투자증권,C25,파생상품계약_장외파생상품_기타,0,국내증권사,B,SF205,각주항목(09.06월 이후)
13652,201912,0011980,디에스투자증권,D,대차 및 대주거래,384512301000,국내증권사,B,SF205,각주항목(09.06월 이후)
13653,201912,0011980,디에스투자증권,D1,대차 및 대주거래_대여증권,0,국내증권사,B,SF205,각주항목(09.06월 이후)
13654,201912,0011980,디에스투자증권,D2,대차 및 대주거래_차입증권,384512301000,국내증권사,B,SF205,각주항목(09.06월 이후)
13655,201912,0011980,디에스투자증권,D3,대차 및 대주거래_신용거래대주,0,국내증권사,B,SF205,각주항목(09.06월 이후)
13656,201912,0011980,디에스투자증권,E,대손상각채권,0,국내증권사,B,SF205,각주항목(09.06월 이후)
13657,201912,0011980,디에스투자증권,F,환전업무 예치금,0,국내증권사,B,SF205,각주항목(09.06월 이후)
13658,201912,0011980,디에스투자증권,G,미배당별도예치금,0,국내증권사,B,SF205,각주항목(09.06월 이후)
13659,201912,0011980,디에스투자증권,H,배서어음매출(종금계정),0,국내증권사,B,SF205,각주항목(09.06월 이후)
13660,201912,0011980,디에스투자증권,H1,대출채권매매이익_담보부,0,국내증권사,B,SF205,각주항목(09.06월 이후)
13661,201912,0011980,디에스투자증권,H2,대출채권매매이익_무담보부,0,국내증권사,B,SF205,각주항목(09.06월 이후)
13662,202003,0011980,디에스투자증권,A,채무보증,6070865108,국내증권사,B,SF205,각주항목(09.06월 이후)
13663,202003,0011980,디에스투자증권,A1,채무보증_지급보증,0,국내증권사,B,SF205,각주항목(09.06월 이후)
13664,202003,0011980,디에스투자증권,A2,채무보증_매입보장약정,0,국내증권사,B,SF205,각주항목(09.06월 이후)
13665,202003,0011980,디에스투자증권,A3,채무보증_채무인수약정,0,국내증권사,B,SF205,각주항목(09.06월 이후)
13666,202003,0011980,디에스투자증권,A5,채무보증_매입확약,0,국내증권사,B,SF205,각주항목(09.06월 이후)
13667,202003,0011980,디에스투자증권,A6,채무보증_기타,6070865108,국내증권사,B,SF205,각주항목(09.06월 이후)
13668,202003,0011980,디에스투자증권,B,투자자의 예수증권 등,1852519797817,국내증권사,B,SF205,각주항목(09.06월 이후)
13669,202003,0011980,디에스투자증권,B1,투자자의 예수증권 등_예수 증권,1852519797817,국내증권사,B,SF205,각주항목(09.06월 이후)
13670,202003,0011980,디에스투자증권,B2,투자자의 예수증권 등_예수양도성예금증서,0,국내증권사,B,SF205,각주항목(09.06월 이후)
13671,202003,0011980,디에스투자증권,B3,투자자의 예수증권 등_기타,0,국내증권사,B,SF205,각주항목(09.06월 이후)
13672,202003,0011980,디에스투자증권,C,파생상품계약,60163160000,국내증권사,B,SF205,각주항목(09.06월 이후)
13673,202003,0011980,디에스투자증권,C1,파생상품계약_장내파생상품,60163160000,국내증권사,B,SF205,각주항목(09.06월 이후)
13674,202003,0011980,디에스투자증권,C11,파생상품계약_장내파생상품_이자율관련거래,56196160000,국내증권사,B,SF205,각주항목(09.06월 이후)
13675,202003,0011980,디에스투자증권,C12,파생상품계약_장내파생상품_통화관련거래,2433000000,국내증권사,B,SF205,각주항목(09.06월 이후)
13676,202003,0011980,디에스투자증권,C13,파생상품계약_장내파생상품_주식관련거래,1534000000,국내증권사,B,SF205,각주항목(09.06월 이후)
13677,202003,0011980,디에스투자증권,C14,파생상품계약_장내파생상품_일반상품관련거래,0,국내증권사,B,SF205,각주항목(09.06월 이후)
13678,202003,0011980,디에스투자증권,C15,파생상품계약_장내파생상품_기타,0,국내증권사,B,SF205,각주항목(09.06월 이후)
13679,202003,0011980,디에스투자증권,C2,파생상품계약_장외파생상품,0,국내증권사,B,SF205,각주항목(09.06월 이후)
13680,202003,0011980,디에스투자증권,C21,파생상품계약_장외파생상품_이자율관련거래,0,국내증권사,B,SF205,각주항목(09.06월 이후)
13681,202003,0011980,디에스투자증권,C22,파생상품계약_장외파생상품_통화관련거래,0,국내증권사,B,SF205,각주항목(09.06월 이후)
13682,202003,0011980,디에스투자증권,C23,파생상품계약_장외파생상품_주식관련거래,0,국내증권사,B,SF205,각주항목(09.06월 이후)
13683,202003,0011980,디에스투자증권,C24,파생상품계약_장외파생상품_신용관련거래,0,국내증권사,B,SF205,각주항목(09.06월 이후)
13684,202003,0011980,디에스투자증권,C25,파생상품계약_장외파생상품_기타,0,국내증권사,B,SF205,각주항목(09.06월 이후)
13685,202003,0011980,디에스투자증권,D,대차 및 대주거래,53666056000,국내증권사,B,SF205,각주항목(09.06월 이후)
13686,202003,0011980,디에스투자증권,D1,대차 및 대주거래_대여증권,0,국내증권사,B,SF205,각주항목(09.06월 이후)
13687,202003,0011980,디에스투자증권,D2,대차 및 대주거래_차입증권,53666056000,국내증권사,B,SF205,각주항목(09.06월 이후)
13688,202003,0011980,디에스투자증권,D3,대차 및 대주거래_신용거래대주,0,국내증권사,B,SF205,각주항목(09.06월 이후)
13689,202003,0011980,디에스투자증권,E,대손상각채권,0,국내증권사,B,SF205,각주항목(09.06월 이후)
13690,202003,0011980,디에스투자증권,F,환전업무 예치금,0,국내증권사,B,SF205,각주항목(09.06월 이후)
13691,202003,0011980,디에스투자증권,G,미배당별도예치금,0,국내증권사,B,SF205,각주항목(09.06월 이후)
13692,202003,0011980,디에스투자증권,H,배서어음매출(종금계정),0,국내증권사,B,SF205,각주항목(09.06월 이후)
13693,202003,0011980,디에스투자증권,H1,대출채권매매이익_담보부,0,국내증권사,B,SF205,각주항목(09.06월 이후)
13694,202003,0011980,디에스투자증권,H2,대출채권매매이익_무담보부,0,국내증권사,B,SF205,각주항목(09.06월 이후)
13695,202006,0011980,디에스투자증권,A,채무보증,6070865108,국내증권사,B,SF205,각주항목(09.06월 이후)
13696,202006,0011980,디에스투자증권,A1,채무보증_지급보증,0,국내증권사,B,SF205,각주항목(09.06월 이후)
13697,202006,0011980,디에스투자증권,A2,채무보증_매입보장약정,0,국내증권사,B,SF205,각주항목(09.06월 이후)
13698,202006,0011980,디에스투자증권,A3,채무보증_채무인수약정,0,국내증권사,B,SF205,각주항목(09.06월 이후)
13699,202006,0011980,디에스투자증권,A5,채무보증_매입확약,0,국내증권사,B,SF205,각주항목(09.06월 이후)
13700,202006,0011980,디에스투자증권,A6,채무보증_기타,6070865108,국내증권사,B,SF205,각주항목(09.06월 이후)
13701,202006,0011980,디에스투자증권,B,투자자의 예수증권 등,2172078938257,국내증권사,B,SF205,각주항목(09.06월 이후)
13702,202006,0011980,디에스투자증권,B1,투자자의 예수증권 등_예수 증권,2172078938257,국내증권사,B,SF205,각주항목(09.06월 이후)
13703,202006,0011980,디에스투자증권,B2,투자자의 예수증권 등_예수양도성예금증서,0,국내증권사,B,SF205,각주항목(09.06월 이후)
13704,202006,0011980,디에스투자증권,B3,투자자의 예수증권 등_기타,0,국내증권사,B,SF205,각주항목(09.06월 이후)
13705,202006,0011980,디에스투자증권,C,파생상품계약,91045600000,국내증권사,B,SF205,각주항목(09.06월 이후)
13706,202006,0011980,디에스투자증권,C1,파생상품계약_장내파생상품,91045600000,국내증권사,B,SF205,각주항목(09.06월 이후)
13707,202006,0011980,디에스투자증권,C11,파생상품계약_장내파생상품_이자율관련거래,91045600000,국내증권사,B,SF205,각주항목(09.06월 이후)
13708,202006,0011980,디에스투자증권,C12,파생상품계약_장내파생상품_통화관련거래,0,국내증권사,B,SF205,각주항목(09.06월 이후)
13709,202006,0011980,디에스투자증권,C13,파생상품계약_장내파생상품_주식관련거래,0,국내증권사,B,SF205,각주항목(09.06월 이후)
13710,202006,0011980,디에스투자증권,C14,파생상품계약_장내파생상품_일반상품관련거래,0,국내증권사,B,SF205,각주항목(09.06월 이후)
13711,202006,0011980,디에스투자증권,C15,파생상품계약_장내파생상품_기타,0,국내증권사,B,SF205,각주항목(09.06월 이후)
13712,202006,0011980,디에스투자증권,C2,파생상품계약_장외파생상품,0,국내증권사,B,SF205,각주항목(09.06월 이후)
13713,202006,0011980,디에스투자증권,C21,파생상품계약_장외파생상품_이자율관련거래,0,국내증권사,B,SF205,각주항목(09.06월 이후)
13714,202006,0011980,디에스투자증권,C22,파생상품계약_장외파생상품_통화관련거래,0,국내증권사,B,SF205,각주항목(09.06월 이후)
13715,202006,0011980,디에스투자증권,C23,파생상품계약_장외파생상품_주식관련거래,0,국내증권사,B,SF205,각주항목(09.06월 이후)
13716,202006,0011980,디에스투자증권,C24,파생상품계약_장외파생상품_신용관련거래,0,국내증권사,B,SF205,각주항목(09.06월 이후)
13717,202006,0011980,디에스투자증권,C25,파생상품계약_장외파생상품_기타,0,국내증권사,B,SF205,각주항목(09.06월 이후)
13718,202006,0011980,디에스투자증권,D,대차 및 대주거래,14143776000,국내증권사,B,SF205,각주항목(09.06월 이후)
13719,202006,0011980,디에스투자증권,D1,대차 및 대주거래_대여증권,0,국내증권사,B,SF205,각주항목(09.06월 이후)
13720,202006,0011980,디에스투자증권,D2,대차 및 대주거래_차입증권,14143776000,국내증권사,B,SF205,각주항목(09.06월 이후)
13721,202006,0011980,디에스투자증권,D3,대차 및 대주거래_신용거래대주,0,국내증권사,B,SF205,각주항목(09.06월 이후)
13722,202006,0011980,디에스투자증권,E,대손상각채권,0,국내증권사,B,SF205,각주항목(09.06월 이후)
13723,202006,0011980,디에스투자증권,F,환전업무 예치금,0,국내증권사,B,SF205,각주항목(09.06월 이후)
13724,202006,0011980,디에스투자증권,G,미배당별도예치금,0,국내증권사,B,SF205,각주항목(09.06월 이후)
13725,202006,0011980,디에스투자증권,H,배서어음매출(종금계정),0,국내증권사,B,SF205,각주항목(09.06월 이후)
13726,202006,0011980,디에스투자증권,H1,대출채권매매이익_담보부,0,국내증권사,B,SF205,각주항목(09.06월 이후)
13727,202006,0011980,디에스투자증권,H2,대출채권매매이익_무담보부,0,국내증권사,B,SF205,각주항목(09.06월 이후)
13728,202009,0011980,디에스투자증권,A,채무보증,6070865108,국내증권사,B,SF205,각주항목(09.06월 이후)
13729,202009,0011980,디에스투자증권,A1,채무보증_지급보증,0,국내증권사,B,SF205,각주항목(09.06월 이후)
13730,202009,0011980,디에스투자증권,A2,채무보증_매입보장약정,0,국내증권사,B,SF205,각주항목(09.06월 이후)
13731,202009,0011980,디에스투자증권,A3,채무보증_채무인수약정,0,국내증권사,B,SF205,각주항목(09.06월 이후)
13732,202009,0011980,디에스투자증권,A5,채무보증_매입확약,0,국내증권사,B,SF205,각주항목(09.06월 이후)
13733,202009,0011980,디에스투자증권,A6,채무보증_기타,6070865108,국내증권사,B,SF205,각주항목(09.06월 이후)
13734,202009,0011980,디에스투자증권,B,투자자의 예수증권 등,1780155617444,국내증권사,B,SF205,각주항목(09.06월 이후)
13735,202009,0011980,디에스투자증권,B1,투자자의 예수증권 등_예수 증권,1780155617444,국내증권사,B,SF205,각주항목(09.06월 이후)
13736,202009,0011980,디에스투자증권,B2,투자자의 예수증권 등_예수양도성예금증서,0,국내증권사,B,SF205,각주항목(09.06월 이후)
13737,202009,0011980,디에스투자증권,B3,투자자의 예수증권 등_기타,0,국내증권사,B,SF205,각주항목(09.06월 이후)
13738,202009,0011980,디에스투자증권,C,파생상품계약,64082560000,국내증권사,B,SF205,각주항목(09.06월 이후)
13739,202009,0011980,디에스투자증권,C1,파생상품계약_장내파생상품,64082560000,국내증권사,B,SF205,각주항목(09.06월 이후)
13740,202009,0011980,디에스투자증권,C11,파생상품계약_장내파생상품_이자율관련거래,64082560000,국내증권사,B,SF205,각주항목(09.06월 이후)
13741,202009,0011980,디에스투자증권,C12,파생상품계약_장내파생상품_통화관련거래,0,국내증권사,B,SF205,각주항목(09.06월 이후)
13742,202009,0011980,디에스투자증권,C13,파생상품계약_장내파생상품_주식관련거래,0,국내증권사,B,SF205,각주항목(09.06월 이후)
13743,202009,0011980,디에스투자증권,C14,파생상품계약_장내파생상품_일반상품관련거래,0,국내증권사,B,SF205,각주항목(09.06월 이후)
13744,202009,0011980,디에스투자증권,C15,파생상품계약_장내파생상품_기타,0,국내증권사,B,SF205,각주항목(09.06월 이후)
13745,202009,0011980,디에스투자증권,C2,파생상품계약_장외파생상품,0,국내증권사,B,SF205,각주항목(09.06월 이후)
13746,202009,0011980,디에스투자증권,C21,파생상품계약_장외파생상품_이자율관련거래,0,국내증권사,B,SF205,각주항목(09.06월 이후)
13747,202009,0011980,디에스투자증권,C22,파생상품계약_장외파생상품_통화관련거래,0,국내증권사,B,SF205,각주항목(09.06월 이후)
13748,202009,0011980,디에스투자증권,C23,파생상품계약_장외파생상품_주식관련거래,0,국내증권사,B,SF205,각주항목(09.06월 이후)
13749,202009,0011980,디에스투자증권,C24,파생상품계약_장외파생상품_신용관련거래,0,국내증권사,B,SF205,각주항목(09.06월 이후)
13750,202009,0011980,디에스투자증권,C25,파생상품계약_장외파생상품_기타,0,국내증권사,B,SF205,각주항목(09.06월 이후)
13751,202009,0011980,디에스투자증권,D,대차 및 대주거래,25165870000,국내증권사,B,SF205,각주항목(09.06월 이후)
13752,202009,0011980,디에스투자증권,D1,대차 및 대주거래_대여증권,4990000000,국내증권사,B,SF205,각주항목(09.06월 이후)
13753,202009,0011980,디에스투자증권,D2,대차 및 대주거래_차입증권,20175870000,국내증권사,B,SF205,각주항목(09.06월 이후)
13754,202009,0011980,디에스투자증권,D3,대차 및 대주거래_신용거래대주,0,국내증권사,B,SF205,각주항목(09.06월 이후)
13755,202009,0011980,디에스투자증권,E,대손상각채권,0,국내증권사,B,SF205,각주항목(09.06월 이후)
13756,202009,0011980,디에스투자증권,F,환전업무 예치금,0,국내증권사,B,SF205,각주항목(09.06월 이후)
13757,202009,0011980,디에스투자증권,G,미배당별도예치금,0,국내증권사,B,SF205,각주항목(09.06월 이후)
13758,202009,0011980,디에스투자증권,H,배서어음매출(종금계정),0,국내증권사,B,SF205,각주항목(09.06월 이후)
13759,202009,0011980,디에스투자증권,H1,대출채권매매이익_담보부,0,국내증권사,B,SF205,각주항목(09.06월 이후)
13760,202009,0011980,디에스투자증권,H2,대출채권매매이익_무담보부,0,국내증권사,B,SF205,각주항목(09.06월 이후)
13761,202012,0011980,디에스투자증권,A,채무보증,6070865108,국내증권사,B,SF205,각주항목(09.06월 이후)
13762,202012,0011980,디에스투자증권,A1,채무보증_지급보증,0,국내증권사,B,SF205,각주항목(09.06월 이후)
13763,202012,0011980,디에스투자증권,A2,채무보증_매입보장약정,0,국내증권사,B,SF205,각주항목(09.06월 이후)
13764,202012,0011980,디에스투자증권,A3,채무보증_채무인수약정,0,국내증권사,B,SF205,각주항목(09.06월 이후)
13765,202012,0011980,디에스투자증권,A5,채무보증_매입확약,0,국내증권사,B,SF205,각주항목(09.06월 이후)
13766,202012,0011980,디에스투자증권,A6,채무보증_기타,6070865108,국내증권사,B,SF205,각주항목(09.06월 이후)
13767,202012,0011980,디에스투자증권,B,투자자의 예수증권 등,1503249975664,국내증권사,B,SF205,각주항목(09.06월 이후)
13768,202012,0011980,디에스투자증권,B1,투자자의 예수증권 등_예수 증권,1503249975664,국내증권사,B,SF205,각주항목(09.06월 이후)
13769,202012,0011980,디에스투자증권,B2,투자자의 예수증권 등_예수양도성예금증서,0,국내증권사,B,SF205,각주항목(09.06월 이후)
13770,202012,0011980,디에스투자증권,B3,투자자의 예수증권 등_기타,0,국내증권사,B,SF205,각주항목(09.06월 이후)
13771,202012,0011980,디에스투자증권,C,파생상품계약,24240850000,국내증권사,B,SF205,각주항목(09.06월 이후)
13772,202012,0011980,디에스투자증권,C1,파생상품계약_장내파생상품,24240850000,국내증권사,B,SF205,각주항목(09.06월 이후)
13773,202012,0011980,디에스투자증권,C11,파생상품계약_장내파생상품_이자율관련거래,24240850000,국내증권사,B,SF205,각주항목(09.06월 이후)
13774,202012,0011980,디에스투자증권,C12,파생상품계약_장내파생상품_통화관련거래,0,국내증권사,B,SF205,각주항목(09.06월 이후)
13775,202012,0011980,디에스투자증권,C13,파생상품계약_장내파생상품_주식관련거래,0,국내증권사,B,SF205,각주항목(09.06월 이후)
13776,202012,0011980,디에스투자증권,C14,파생상품계약_장내파생상품_일반상품관련거래,0,국내증권사,B,SF205,각주항목(09.06월 이후)
13777,202012,0011980,디에스투자증권,C15,파생상품계약_장내파생상품_기타,0,국내증권사,B,SF205,각주항목(09.06월 이후)
13778,202012,0011980,디에스투자증권,C2,파생상품계약_장외파생상품,0,국내증권사,B,SF205,각주항목(09.06월 이후)
13779,202012,0011980,디에스투자증권,C21,파생상품계약_장외파생상품_이자율관련거래,0,국내증권사,B,SF205,각주항목(09.06월 이후)
13780,202012,0011980,디에스투자증권,C22,파생상품계약_장외파생상품_통화관련거래,0,국내증권사,B,SF205,각주항목(09.06월 이후)
13781,202012,0011980,디에스투자증권,C23,파생상품계약_장외파생상품_주식관련거래,0,국내증권사,B,SF205,각주항목(09.06월 이후)
13782,202012,0011980,디에스투자증권,C24,파생상품계약_장외파생상품_신용관련거래,0,국내증권사,B,SF205,각주항목(09.06월 이후)
13783,202012,0011980,디에스투자증권,C25,파생상품계약_장외파생상품_기타,0,국내증권사,B,SF205,각주항목(09.06월 이후)
13784,202012,0011980,디에스투자증권,D,대차 및 대주거래,5160000000,국내증권사,B,SF205,각주항목(09.06월 이후)
13785,202012,0011980,디에스투자증권,D1,대차 및 대주거래_대여증권,5160000000,국내증권사,B,SF205,각주항목(09.06월 이후)
13786,202012,0011980,디에스투자증권,D2,대차 및 대주거래_차입증권,0,국내증권사,B,SF205,각주항목(09.06월 이후)
13787,202012,0011980,디에스투자증권,D3,대차 및 대주거래_신용거래대주,0,국내증권사,B,SF205,각주항목(09.06월 이후)
13788,202012,0011980,디에스투자증권,E,대손상각채권,0,국내증권사,B,SF205,각주항목(09.06월 이후)
13789,202012,0011980,디에스투자증권,F,환전업무 예치금,0,국내증권사,B,SF205,각주항목(09.06월 이후)
13790,202012,0011980,디에스투자증권,G,미배당별도예치금,0,국내증권사,B,SF205,각주항목(09.06월 이후)
13791,202012,0011980,디에스투자증권,H,배서어음매출(종금계정),0,국내증권사,B,SF205,각주항목(09.06월 이후)
13792,202012,0011980,디에스투자증권,H1,대출채권매매이익_담보부,0,국내증권사,B,SF205,각주항목(09.06월 이후)
13793,202012,0011980,디에스투자증권,H2,대출채권매매이익_무담보부,0,국내증권사,B,SF205,각주항목(09.06월 이후)
13794,202103,0011980,디에스투자증권,A,채무보증,6070865108,국내증권사,B,SF205,각주항목(09.06월 이후)
13795,202103,0011980,디에스투자증권,A1,채무보증_지급보증,0,국내증권사,B,SF205,각주항목(09.06월 이후)
13796,202103,0011980,디에스투자증권,A2,채무보증_매입보장약정,0,국내증권사,B,SF205,각주항목(09.06월 이후)
13797,202103,0011980,디에스투자증권,A3,채무보증_채무인수약정,0,국내증권사,B,SF205,각주항목(09.06월 이후)
13798,202103,0011980,디에스투자증권,A5,채무보증_매입확약,0,국내증권사,B,SF205,각주항목(09.06월 이후)
13799,202103,0011980,디에스투자증권,A6,채무보증_기타,6070865108,국내증권사,B,SF205,각주항목(09.06월 이후)
13800,202103,0011980,디에스투자증권,B,투자자의 예수증권 등,1396500226511,국내증권사,B,SF205,각주항목(09.06월 이후)
13801,202103,0011980,디에스투자증권,B1,투자자의 예수증권 등_예수 증권,1396500226511,국내증권사,B,SF205,각주항목(09.06월 이후)
13802,202103,0011980,디에스투자증권,B2,투자자의 예수증권 등_예수양도성예금증서,0,국내증권사,B,SF205,각주항목(09.06월 이후)
13803,202103,0011980,디에스투자증권,B3,투자자의 예수증권 등_기타,0,국내증권사,B,SF205,각주항목(09.06월 이후)
13804,202103,0011980,디에스투자증권,C,파생상품계약,81876000000,국내증권사,B,SF205,각주항목(09.06월 이후)
13805,202103,0011980,디에스투자증권,C1,파생상품계약_장내파생상품,81876000000,국내증권사,B,SF205,각주항목(09.06월 이후)
13806,202103,0011980,디에스투자증권,C11,파생상품계약_장내파생상품_이자율관련거래,81876000000,국내증권사,B,SF205,각주항목(09.06월 이후)
13807,202103,0011980,디에스투자증권,C12,파생상품계약_장내파생상품_통화관련거래,0,국내증권사,B,SF205,각주항목(09.06월 이후)
13808,202103,0011980,디에스투자증권,C13,파생상품계약_장내파생상품_주식관련거래,0,국내증권사,B,SF205,각주항목(09.06월 이후)
13809,202103,0011980,디에스투자증권,C14,파생상품계약_장내파생상품_일반상품관련거래,0,국내증권사,B,SF205,각주항목(09.06월 이후)
13810,202103,0011980,디에스투자증권,C15,파생상품계약_장내파생상품_기타,0,국내증권사,B,SF205,각주항목(09.06월 이후)
13811,202103,0011980,디에스투자증권,C2,파생상품계약_장외파생상품,0,국내증권사,B,SF205,각주항목(09.06월 이후)
13812,202103,0011980,디에스투자증권,C21,파생상품계약_장외파생상품_이자율관련거래,0,국내증권사,B,SF205,각주항목(09.06월 이후)
13813,202103,0011980,디에스투자증권,C22,파생상품계약_장외파생상품_통화관련거래,0,국내증권사,B,SF205,각주항목(09.06월 이후)
13814,202103,0011980,디에스투자증권,C23,파생상품계약_장외파생상품_주식관련거래,0,국내증권사,B,SF205,각주항목(09.06월 이후)
13815,202103,0011980,디에스투자증권,C24,파생상품계약_장외파생상품_신용관련거래,0,국내증권사,B,SF205,각주항목(09.06월 이후)
13816,202103,0011980,디에스투자증권,C25,파생상품계약_장외파생상품_기타,0,국내증권사,B,SF205,각주항목(09.06월 이후)
13817,202103,0011980,디에스투자증권,D,대차 및 대주거래,72492796000,국내증권사,B,SF205,각주항목(09.06월 이후)
13818,202103,0011980,디에스투자증권,D1,대차 및 대주거래_대여증권,5220000000,국내증권사,B,SF205,각주항목(09.06월 이후)
13819,202103,0011980,디에스투자증권,D2,대차 및 대주거래_차입증권,67272796000,국내증권사,B,SF205,각주항목(09.06월 이후)
13820,202103,0011980,디에스투자증권,D3,대차 및 대주거래_신용거래대주,0,국내증권사,B,SF205,각주항목(09.06월 이후)
13821,202103,0011980,디에스투자증권,E,대손상각채권,0,국내증권사,B,SF205,각주항목(09.06월 이후)
13822,202103,0011980,디에스투자증권,F,환전업무 예치금,0,국내증권사,B,SF205,각주항목(09.06월 이후)
13823,202103,0011980,디에스투자증권,G,미배당별도예치금,0,국내증권사,B,SF205,각주항목(09.06월 이후)
13824,202103,0011980,디에스투자증권,H,배서어음매출(종금계정),0,국내증권사,B,SF205,각주항목(09.06월 이후)
13825,202103,0011980,디에스투자증권,H1,대출채권매매이익_담보부,0,국내증권사,B,SF205,각주항목(09.06월 이후)
13826,202103,0011980,디에스투자증권,H2,대출채권매매이익_무담보부,0,국내증권사,B,SF205,각주항목(09.06월 이후)
13827,202106,0011980,디에스투자증권,A,채무보증,6070865108,국내증권사,B,SF205,각주항목(09.06월 이후)
13828,202106,0011980,디에스투자증권,A1,채무보증_지급보증,0,국내증권사,B,SF205,각주항목(09.06월 이후)
13829,202106,0011980,디에스투자증권,A2,채무보증_매입보장약정,0,국내증권사,B,SF205,각주항목(09.06월 이후)
13830,202106,0011980,디에스투자증권,A3,채무보증_채무인수약정,0,국내증권사,B,SF205,각주항목(09.06월 이후)
13831,202106,0011980,디에스투자증권,A5,채무보증_매입확약,0,국내증권사,B,SF205,각주항목(09.06월 이후)
13832,202106,0011980,디에스투자증권,A6,채무보증_기타,6070865108,국내증권사,B,SF205,각주항목(09.06월 이후)
13833,202106,0011980,디에스투자증권,B,투자자의 예수증권 등,1595640029172,국내증권사,B,SF205,각주항목(09.06월 이후)
13834,202106,0011980,디에스투자증권,B1,투자자의 예수증권 등_예수 증권,1595640029172,국내증권사,B,SF205,각주항목(09.06월 이후)
13835,202106,0011980,디에스투자증권,B2,투자자의 예수증권 등_예수양도성예금증서,0,국내증권사,B,SF205,각주항목(09.06월 이후)
13836,202106,0011980,디에스투자증권,B3,투자자의 예수증권 등_기타,0,국내증권사,B,SF205,각주항목(09.06월 이후)
13837,202106,0011980,디에스투자증권,C,파생상품계약,125729930000,국내증권사,B,SF205,각주항목(09.06월 이후)
13838,202106,0011980,디에스투자증권,C1,파생상품계약_장내파생상품,121449930000,국내증권사,B,SF205,각주항목(09.06월 이후)
13839,202106,0011980,디에스투자증권,C11,파생상품계약_장내파생상품_이자율관련거래,121449930000,국내증권사,B,SF205,각주항목(09.06월 이후)
13840,202106,0011980,디에스투자증권,C12,파생상품계약_장내파생상품_통화관련거래,0,국내증권사,B,SF205,각주항목(09.06월 이후)
13841,202106,0011980,디에스투자증권,C13,파생상품계약_장내파생상품_주식관련거래,0,국내증권사,B,SF205,각주항목(09.06월 이후)
13842,202106,0011980,디에스투자증권,C14,파생상품계약_장내파생상품_일반상품관련거래,0,국내증권사,B,SF205,각주항목(09.06월 이후)
13843,202106,0011980,디에스투자증권,C15,파생상품계약_장내파생상품_기타,0,국내증권사,B,SF205,각주항목(09.06월 이후)
13844,202106,0011980,디에스투자증권,C2,파생상품계약_장외파생상품,4280000000,국내증권사,B,SF205,각주항목(09.06월 이후)
13845,202106,0011980,디에스투자증권,C21,파생상품계약_장외파생상품_이자율관련거래,0,국내증권사,B,SF205,각주항목(09.06월 이후)
13846,202106,0011980,디에스투자증권,C22,파생상품계약_장외파생상품_통화관련거래,0,국내증권사,B,SF205,각주항목(09.06월 이후)
13847,202106,0011980,디에스투자증권,C23,파생상품계약_장외파생상품_주식관련거래,0,국내증권사,B,SF205,각주항목(09.06월 이후)
13848,202106,0011980,디에스투자증권,C24,파생상품계약_장외파생상품_신용관련거래,4280000000,국내증권사,B,SF205,각주항목(09.06월 이후)
13849,202106,0011980,디에스투자증권,C25,파생상품계약_장외파생상품_기타,0,국내증권사,B,SF205,각주항목(09.06월 이후)
13850,202106,0011980,디에스투자증권,D,대차 및 대주거래,31511400000,국내증권사,B,SF205,각주항목(09.06월 이후)
13851,202106,0011980,디에스투자증권,D1,대차 및 대주거래_대여증권,5160000000,국내증권사,B,SF205,각주항목(09.06월 이후)
13852,202106,0011980,디에스투자증권,D2,대차 및 대주거래_차입증권,26351400000,국내증권사,B,SF205,각주항목(09.06월 이후)
13853,202106,0011980,디에스투자증권,D3,대차 및 대주거래_신용거래대주,0,국내증권사,B,SF205,각주항목(09.06월 이후)
13854,202106,0011980,디에스투자증권,E,대손상각채권,0,국내증권사,B,SF205,각주항목(09.06월 이후)
13855,202106,0011980,디에스투자증권,F,환전업무 예치금,0,국내증권사,B,SF205,각주항목(09.06월 이후)
13856,202106,0011980,디에스투자증권,G,미배당별도예치금,0,국내증권사,B,SF205,각주항목(09.06월 이후)
13857,202106,0011980,디에스투자증권,H,배서어음매출(종금계정),0,국내증권사,B,SF205,각주항목(09.06월 이후)
13858,202106,0011980,디에스투자증권,H1,대출채권매매이익_담보부,0,국내증권사,B,SF205,각주항목(09.06월 이후)
13859,202106,0011980,디에스투자증권,H2,대출채권매매이익_무담보부,0,국내증권사,B,SF205,각주항목(09.06월 이후)
13860,202109,0011980,디에스투자증권,A,채무보증,6070865108,국내증권사,B,SF205,각주항목(09.06월 이후)
13861,202109,0011980,디에스투자증권,A1,채무보증_지급보증,0,국내증권사,B,SF205,각주항목(09.06월 이후)
13862,202109,0011980,디에스투자증권,A2,채무보증_매입보장약정,0,국내증권사,B,SF205,각주항목(09.06월 이후)
13863,202109,0011980,디에스투자증권,A3,채무보증_채무인수약정,0,국내증권사,B,SF205,각주항목(09.06월 이후)
13864,202109,0011980,디에스투자증권,A5,채무보증_매입확약,0,국내증권사,B,SF205,각주항목(09.06월 이후)
13865,202109,0011980,디에스투자증권,A6,채무보증_기타,6070865108,국내증권사,B,SF205,각주항목(09.06월 이후)
13866,202109,0011980,디에스투자증권,B,투자자의 예수증권 등,1452957047724,국내증권사,B,SF205,각주항목(09.06월 이후)
13867,202109,0011980,디에스투자증권,B1,투자자의 예수증권 등_예수 증권,1452957047724,국내증권사,B,SF205,각주항목(09.06월 이후)
13868,202109,0011980,디에스투자증권,B2,투자자의 예수증권 등_예수양도성예금증서,0,국내증권사,B,SF205,각주항목(09.06월 이후)
13869,202109,0011980,디에스투자증권,B3,투자자의 예수증권 등_기타,0,국내증권사,B,SF205,각주항목(09.06월 이후)
13870,202109,0011980,디에스투자증권,C,파생상품계약,53342860000,국내증권사,B,SF205,각주항목(09.06월 이후)
13871,202109,0011980,디에스투자증권,C1,파생상품계약_장내파생상품,49062860000,국내증권사,B,SF205,각주항목(09.06월 이후)
13872,202109,0011980,디에스투자증권,C11,파생상품계약_장내파생상품_이자율관련거래,49062860000,국내증권사,B,SF205,각주항목(09.06월 이후)
13873,202109,0011980,디에스투자증권,C12,파생상품계약_장내파생상품_통화관련거래,0,국내증권사,B,SF205,각주항목(09.06월 이후)
13874,202109,0011980,디에스투자증권,C13,파생상품계약_장내파생상품_주식관련거래,0,국내증권사,B,SF205,각주항목(09.06월 이후)
13875,202109,0011980,디에스투자증권,C14,파생상품계약_장내파생상품_일반상품관련거래,0,국내증권사,B,SF205,각주항목(09.06월 이후)
13876,202109,0011980,디에스투자증권,C15,파생상품계약_장내파생상품_기타,0,국내증권사,B,SF205,각주항목(09.06월 이후)
13877,202109,0011980,디에스투자증권,C2,파생상품계약_장외파생상품,4280000000,국내증권사,B,SF205,각주항목(09.06월 이후)
13878,202109,0011980,디에스투자증권,C21,파생상품계약_장외파생상품_이자율관련거래,0,국내증권사,B,SF205,각주항목(09.06월 이후)
13879,202109,0011980,디에스투자증권,C22,파생상품계약_장외파생상품_통화관련거래,0,국내증권사,B,SF205,각주항목(09.06월 이후)
13880,202109,0011980,디에스투자증권,C23,파생상품계약_장외파생상품_주식관련거래,0,국내증권사,B,SF205,각주항목(09.06월 이후)
13881,202109,0011980,디에스투자증권,C24,파생상품계약_장외파생상품_신용관련거래,4280000000,국내증권사,B,SF205,각주항목(09.06월 이후)
13882,202109,0011980,디에스투자증권,C25,파생상품계약_장외파생상품_기타,0,국내증권사,B,SF205,각주항목(09.06월 이후)
13883,202109,0011980,디에스투자증권,D,대차 및 대주거래,36134858000,국내증권사,B,SF205,각주항목(09.06월 이후)
13884,202109,0011980,디에스투자증권,D1,대차 및 대주거래_대여증권,5560000000,국내증권사,B,SF205,각주항목(09.06월 이후)
13885,202109,0011980,디에스투자증권,D2,대차 및 대주거래_차입증권,30574858000,국내증권사,B,SF205,각주항목(09.06월 이후)
13886,202109,0011980,디에스투자증권,D3,대차 및 대주거래_신용거래대주,0,국내증권사,B,SF205,각주항목(09.06월 이후)
13887,202109,0011980,디에스투자증권,E,대손상각채권,0,국내증권사,B,SF205,각주항목(09.06월 이후)
13888,202109,0011980,디에스투자증권,F,환전업무 예치금,0,국내증권사,B,SF205,각주항목(09.06월 이후)
13889,202109,0011980,디에스투자증권,G,미배당별도예치금,0,국내증권사,B,SF205,각주항목(09.06월 이후)
13890,202109,0011980,디에스투자증권,H,배서어음매출(종금계정),0,국내증권사,B,SF205,각주항목(09.06월 이후)
13891,202109,0011980,디에스투자증권,H1,대출채권매매이익_담보부,0,국내증권사,B,SF205,각주항목(09.06월 이후)
13892,202109,0011980,디에스투자증권,H2,대출채권매매이익_무담보부,0,국내증권사,B,SF205,각주항목(09.06월 이후)
13893,202112,0011980,디에스투자증권,A,채무보증,6070865108,국내증권사,B,SF205,각주항목(09.06월 이후)
13894,202112,0011980,디에스투자증권,A1,채무보증_지급보증,0,국내증권사,B,SF205,각주항목(09.06월 이후)
13895,202112,0011980,디에스투자증권,A2,채무보증_매입보장약정,0,국내증권사,B,SF205,각주항목(09.06월 이후)
13896,202112,0011980,디에스투자증권,A3,채무보증_채무인수약정,0,국내증권사,B,SF205,각주항목(09.06월 이후)
13897,202112,0011980,디에스투자증권,A5,채무보증_매입확약,0,국내증권사,B,SF205,각주항목(09.06월 이후)
13898,202112,0011980,디에스투자증권,A6,채무보증_기타,6070865108,국내증권사,B,SF205,각주항목(09.06월 이후)
13899,202112,0011980,디에스투자증권,B,투자자의 예수증권 등,1712634077774,국내증권사,B,SF205,각주항목(09.06월 이후)
13900,202112,0011980,디에스투자증권,B1,투자자의 예수증권 등_예수 증권,1712634077774,국내증권사,B,SF205,각주항목(09.06월 이후)
13901,202112,0011980,디에스투자증권,B2,투자자의 예수증권 등_예수양도성예금증서,0,국내증권사,B,SF205,각주항목(09.06월 이후)
13902,202112,0011980,디에스투자증권,B3,투자자의 예수증권 등_기타,0,국내증권사,B,SF205,각주항목(09.06월 이후)
13903,202112,0011980,디에스투자증권,C,파생상품계약,73726880000,국내증권사,B,SF205,각주항목(09.06월 이후)
13904,202112,0011980,디에스투자증권,C1,파생상품계약_장내파생상품,69446880000,국내증권사,B,SF205,각주항목(09.06월 이후)
13905,202112,0011980,디에스투자증권,C11,파생상품계약_장내파생상품_이자율관련거래,69446880000,국내증권사,B,SF205,각주항목(09.06월 이후)
13906,202112,0011980,디에스투자증권,C12,파생상품계약_장내파생상품_통화관련거래,0,국내증권사,B,SF205,각주항목(09.06월 이후)
13907,202112,0011980,디에스투자증권,C13,파생상품계약_장내파생상품_주식관련거래,0,국내증권사,B,SF205,각주항목(09.06월 이후)
13908,202112,0011980,디에스투자증권,C14,파생상품계약_장내파생상품_일반상품관련거래,0,국내증권사,B,SF205,각주항목(09.06월 이후)
13909,202112,0011980,디에스투자증권,C15,파생상품계약_장내파생상품_기타,0,국내증권사,B,SF205,각주항목(09.06월 이후)
13910,202112,0011980,디에스투자증권,C2,파생상품계약_장외파생상품,4280000000,국내증권사,B,SF205,각주항목(09.06월 이후)
13911,202112,0011980,디에스투자증권,C21,파생상품계약_장외파생상품_이자율관련거래,0,국내증권사,B,SF205,각주항목(09.06월 이후)
13912,202112,0011980,디에스투자증권,C22,파생상품계약_장외파생상품_통화관련거래,0,국내증권사,B,SF205,각주항목(09.06월 이후)
13913,202112,0011980,디에스투자증권,C23,파생상품계약_장외파생상품_주식관련거래,0,국내증권사,B,SF205,각주항목(09.06월 이후)
13914,202112,0011980,디에스투자증권,C24,파생상품계약_장외파생상품_신용관련거래,4280000000,국내증권사,B,SF205,각주항목(09.06월 이후)
13915,202112,0011980,디에스투자증권,C25,파생상품계약_장외파생상품_기타,0,국내증권사,B,SF205,각주항목(09.06월 이후)
13916,202112,0011980,디에스투자증권,D,대차 및 대주거래,37089844400,국내증권사,B,SF205,각주항목(09.06월 이후)
13917,202112,0011980,디에스투자증권,D1,대차 및 대주거래_대여증권,5330000000,국내증권사,B,SF205,각주항목(09.06월 이후)
13918,202112,0011980,디에스투자증권,D2,대차 및 대주거래_차입증권,31759844400,국내증권사,B,SF205,각주항목(09.06월 이후)
13919,202112,0011980,디에스투자증권,D3,대차 및 대주거래_신용거래대주,0,국내증권사,B,SF205,각주항목(09.06월 이후)
13920,202112,0011980,디에스투자증권,E,대손상각채권,0,국내증권사,B,SF205,각주항목(09.06월 이후)
13921,202112,0011980,디에스투자증권,F,환전업무 예치금,0,국내증권사,B,SF205,각주항목(09.06월 이후)
13922,202112,0011980,디에스투자증권,G,미배당별도예치금,0,국내증권사,B,SF205,각주항목(09.06월 이후)
13923,202112,0011980,디에스투자증권,H,배서어음매출(종금계정),0,국내증권사,B,SF205,각주항목(09.06월 이후)
13924,202112,0011980,디에스투자증권,H1,대출채권매매이익_담보부,0,국내증권사,B,SF205,각주항목(09.06월 이후)
13925,202112,0011980,디에스투자증권,H2,대출채권매매이익_무담보부,0,국내증권사,B,SF205,각주항목(09.06월 이후)
13926,202203,0011980,디에스투자증권,A,채무보증,6070865108,국내증권사,B,SF205,각주항목(09.06월 이후)
13927,202203,0011980,디에스투자증권,A1,채무보증_지급보증,0,국내증권사,B,SF205,각주항목(09.06월 이후)
13928,202203,0011980,디에스투자증권,A2,채무보증_매입보장약정,0,국내증권사,B,SF205,각주항목(09.06월 이후)
13929,202203,0011980,디에스투자증권,A3,채무보증_채무인수약정,0,국내증권사,B,SF205,각주항목(09.06월 이후)
13930,202203,0011980,디에스투자증권,A5,채무보증_매입확약,0,국내증권사,B,SF205,각주항목(09.06월 이후)
13931,202203,0011980,디에스투자증권,A6,채무보증_기타,6070865108,국내증권사,B,SF205,각주항목(09.06월 이후)
13932,202203,0011980,디에스투자증권,B,투자자의 예수증권 등,3075575725133,국내증권사,B,SF205,각주항목(09.06월 이후)
13933,202203,0011980,디에스투자증권,B1,투자자의 예수증권 등_예수 증권,3075575725133,국내증권사,B,SF205,각주항목(09.06월 이후)
13934,202203,0011980,디에스투자증권,B2,투자자의 예수증권 등_예수양도성예금증서,0,국내증권사,B,SF205,각주항목(09.06월 이후)
13935,202203,0011980,디에스투자증권,B3,투자자의 예수증권 등_기타,0,국내증권사,B,SF205,각주항목(09.06월 이후)
13936,202203,0011980,디에스투자증권,C,파생상품계약,85519827965,국내증권사,B,SF205,각주항목(09.06월 이후)
13937,202203,0011980,디에스투자증권,C1,파생상품계약_장내파생상품,80007870000,국내증권사,B,SF205,각주항목(09.06월 이후)
13938,202203,0011980,디에스투자증권,C11,파생상품계약_장내파생상품_이자율관련거래,80007870000,국내증권사,B,SF205,각주항목(09.06월 이후)
13939,202203,0011980,디에스투자증권,C12,파생상품계약_장내파생상품_통화관련거래,0,국내증권사,B,SF205,각주항목(09.06월 이후)
13940,202203,0011980,디에스투자증권,C13,파생상품계약_장내파생상품_주식관련거래,0,국내증권사,B,SF205,각주항목(09.06월 이후)
13941,202203,0011980,디에스투자증권,C14,파생상품계약_장내파생상품_일반상품관련거래,0,국내증권사,B,SF205,각주항목(09.06월 이후)
13942,202203,0011980,디에스투자증권,C15,파생상품계약_장내파생상품_기타,0,국내증권사,B,SF205,각주항목(09.06월 이후)
13943,202203,0011980,디에스투자증권,C2,파생상품계약_장외파생상품,5511957965,국내증권사,B,SF205,각주항목(09.06월 이후)
13944,202203,0011980,디에스투자증권,C21,파생상품계약_장외파생상품_이자율관련거래,0,국내증권사,B,SF205,각주항목(09.06월 이후)
13945,202203,0011980,디에스투자증권,C22,파생상품계약_장외파생상품_통화관련거래,0,국내증권사,B,SF205,각주항목(09.06월 이후)
13946,202203,0011980,디에스투자증권,C23,파생상품계약_장외파생상품_주식관련거래,1231957965,국내증권사,B,SF205,각주항목(09.06월 이후)
13947,202203,0011980,디에스투자증권,C24,파생상품계약_장외파생상품_신용관련거래,4280000000,국내증권사,B,SF205,각주항목(09.06월 이후)
13948,202203,0011980,디에스투자증권,C25,파생상품계약_장외파생상품_기타,0,국내증권사,B,SF205,각주항목(09.06월 이후)
13949,202203,0011980,디에스투자증권,D,대차 및 대주거래,53838271400,국내증권사,B,SF205,각주항목(09.06월 이후)
13950,202203,0011980,디에스투자증권,D1,대차 및 대주거래_대여증권,5570000000,국내증권사,B,SF205,각주항목(09.06월 이후)
13951,202203,0011980,디에스투자증권,D2,대차 및 대주거래_차입증권,48268271400,국내증권사,B,SF205,각주항목(09.06월 이후)
13952,202203,0011980,디에스투자증권,D3,대차 및 대주거래_신용거래대주,0,국내증권사,B,SF205,각주항목(09.06월 이후)
13953,202203,0011980,디에스투자증권,E,대손상각채권,0,국내증권사,B,SF205,각주항목(09.06월 이후)
13954,202203,0011980,디에스투자증권,F,환전업무 예치금,0,국내증권사,B,SF205,각주항목(09.06월 이후)
13955,202203,0011980,디에스투자증권,G,미배당별도예치금,0,국내증권사,B,SF205,각주항목(09.06월 이후)
13956,202203,0011980,디에스투자증권,H,배서어음매출(종금계정),0,국내증권사,B,SF205,각주항목(09.06월 이후)
13957,202203,0011980,디에스투자증권,H1,대출채권매매이익_담보부,0,국내증권사,B,SF205,각주항목(09.06월 이후)
13958,202203,0011980,디에스투자증권,H2,대출채권매매이익_무담보부,0,국내증권사,B,SF205,각주항목(09.06월 이후)
13959,202206,0011980,디에스투자증권,A,채무보증,6070865108,국내증권사,B,SF205,각주항목(09.06월 이후)
13960,202206,0011980,디에스투자증권,A1,채무보증_지급보증,0,국내증권사,B,SF205,각주항목(09.06월 이후)
13961,202206,0011980,디에스투자증권,A2,채무보증_매입보장약정,0,국내증권사,B,SF205,각주항목(09.06월 이후)
13962,202206,0011980,디에스투자증권,A3,채무보증_채무인수약정,0,국내증권사,B,SF205,각주항목(09.06월 이후)
13963,202206,0011980,디에스투자증권,A5,채무보증_매입확약,0,국내증권사,B,SF205,각주항목(09.06월 이후)
13964,202206,0011980,디에스투자증권,A6,채무보증_기타,6070865108,국내증권사,B,SF205,각주항목(09.06월 이후)
13965,202206,0011980,디에스투자증권,B,투자자의 예수증권 등,3373458571338,국내증권사,B,SF205,각주항목(09.06월 이후)
13966,202206,0011980,디에스투자증권,B1,투자자의 예수증권 등_예수 증권,3373458571338,국내증권사,B,SF205,각주항목(09.06월 이후)
13967,202206,0011980,디에스투자증권,B2,투자자의 예수증권 등_예수양도성예금증서,0,국내증권사,B,SF205,각주항목(09.06월 이후)
13968,202206,0011980,디에스투자증권,B3,투자자의 예수증권 등_기타,0,국내증권사,B,SF205,각주항목(09.06월 이후)
13969,202206,0011980,디에스투자증권,C,파생상품계약,98274665691,국내증권사,B,SF205,각주항목(09.06월 이후)
13970,202206,0011980,디에스투자증권,C1,파생상품계약_장내파생상품,92295030000,국내증권사,B,SF205,각주항목(09.06월 이후)
13971,202206,0011980,디에스투자증권,C11,파생상품계약_장내파생상품_이자율관련거래,92295030000,국내증권사,B,SF205,각주항목(09.06월 이후)
13972,202206,0011980,디에스투자증권,C12,파생상품계약_장내파생상품_통화관련거래,0,국내증권사,B,SF205,각주항목(09.06월 이후)
13973,202206,0011980,디에스투자증권,C13,파생상품계약_장내파생상품_주식관련거래,0,국내증권사,B,SF205,각주항목(09.06월 이후)
13974,202206,0011980,디에스투자증권,C14,파생상품계약_장내파생상품_일반상품관련거래,0,국내증권사,B,SF205,각주항목(09.06월 이후)
13975,202206,0011980,디에스투자증권,C15,파생상품계약_장내파생상품_기타,0,국내증권사,B,SF205,각주항목(09.06월 이후)
13976,202206,0011980,디에스투자증권,C2,파생상품계약_장외파생상품,5979635691,국내증권사,B,SF205,각주항목(09.06월 이후)
13977,202206,0011980,디에스투자증권,C21,파생상품계약_장외파생상품_이자율관련거래,0,국내증권사,B,SF205,각주항목(09.06월 이후)
13978,202206,0011980,디에스투자증권,C22,파생상품계약_장외파생상품_통화관련거래,0,국내증권사,B,SF205,각주항목(09.06월 이후)
13979,202206,0011980,디에스투자증권,C23,파생상품계약_장외파생상품_주식관련거래,1699635691,국내증권사,B,SF205,각주항목(09.06월 이후)
13980,202206,0011980,디에스투자증권,C24,파생상품계약_장외파생상품_신용관련거래,4280000000,국내증권사,B,SF205,각주항목(09.06월 이후)
13981,202206,0011980,디에스투자증권,C25,파생상품계약_장외파생상품_기타,0,국내증권사,B,SF205,각주항목(09.06월 이후)
13982,202206,0011980,디에스투자증권,D,대차 및 대주거래,61985008500,국내증권사,B,SF205,각주항목(09.06월 이후)
13983,202206,0011980,디에스투자증권,D1,대차 및 대주거래_대여증권,1940000000,국내증권사,B,SF205,각주항목(09.06월 이후)
13984,202206,0011980,디에스투자증권,D2,대차 및 대주거래_차입증권,60045008500,국내증권사,B,SF205,각주항목(09.06월 이후)
13985,202206,0011980,디에스투자증권,D3,대차 및 대주거래_신용거래대주,0,국내증권사,B,SF205,각주항목(09.06월 이후)
13986,202206,0011980,디에스투자증권,E,대손상각채권,0,국내증권사,B,SF205,각주항목(09.06월 이후)
13987,202206,0011980,디에스투자증권,F,환전업무 예치금,0,국내증권사,B,SF205,각주항목(09.06월 이후)
13988,202206,0011980,디에스투자증권,G,미배당별도예치금,0,국내증권사,B,SF205,각주항목(09.06월 이후)
13989,202206,0011980,디에스투자증권,H,배서어음매출(종금계정),0,국내증권사,B,SF205,각주항목(09.06월 이후)
13990,202206,0011980,디에스투자증권,H1,대출채권매매이익_담보부,0,국내증권사,B,SF205,각주항목(09.06월 이후)
13991,202206,0011980,디에스투자증권,H2,대출채권매매이익_무담보부,0,국내증권사,B,SF205,각주항목(09.06월 이후)
13992,202209,0011980,디에스투자증권,A,채무보증,6070865108,국내증권사,B,SF205,각주항목(09.06월 이후)
13993,202209,0011980,디에스투자증권,A1,채무보증_지급보증,0,국내증권사,B,SF205,각주항목(09.06월 이후)
13994,202209,0011980,디에스투자증권,A2,채무보증_매입보장약정,0,국내증권사,B,SF205,각주항목(09.06월 이후)
13995,202209,0011980,디에스투자증권,A3,채무보증_채무인수약정,0,국내증권사,B,SF205,각주항목(09.06월 이후)
13996,202209,0011980,디에스투자증권,A5,채무보증_매입확약,0,국내증권사,B,SF205,각주항목(09.06월 이후)
13997,202209,0011980,디에스투자증권,A6,채무보증_기타,6070865108,국내증권사,B,SF205,각주항목(09.06월 이후)
13998,202209,0011980,디에스투자증권,B,투자자의 예수증권 등,3759125727364,국내증권사,B,SF205,각주항목(09.06월 이후)
13999,202209,0011980,디에스투자증권,B1,투자자의 예수증권 등_예수 증권,3759125727364,국내증권사,B,SF205,각주항목(09.06월 이후)
14000,202209,0011980,디에스투자증권,B2,투자자의 예수증권 등_예수양도성예금증서,0,국내증권사,B,SF205,각주항목(09.06월 이후)
14001,202209,0011980,디에스투자증권,B3,투자자의 예수증권 등_기타,0,국내증권사,B,SF205,각주항목(09.06월 이후)
14002,202209,0011980,디에스투자증권,C,파생상품계약,128042386934,국내증권사,B,SF205,각주항목(09.06월 이후)
14003,202209,0011980,디에스투자증권,C1,파생상품계약_장내파생상품,123330000000,국내증권사,B,SF205,각주항목(09.06월 이후)
14004,202209,0011980,디에스투자증권,C11,파생상품계약_장내파생상품_이자율관련거래,123330000000,국내증권사,B,SF205,각주항목(09.06월 이후)
14005,202209,0011980,디에스투자증권,C12,파생상품계약_장내파생상품_통화관련거래,0,국내증권사,B,SF205,각주항목(09.06월 이후)
14006,202209,0011980,디에스투자증권,C13,파생상품계약_장내파생상품_주식관련거래,0,국내증권사,B,SF205,각주항목(09.06월 이후)
14007,202209,0011980,디에스투자증권,C14,파생상품계약_장내파생상품_일반상품관련거래,0,국내증권사,B,SF205,각주항목(09.06월 이후)
14008,202209,0011980,디에스투자증권,C15,파생상품계약_장내파생상품_기타,0,국내증권사,B,SF205,각주항목(09.06월 이후)
14009,202209,0011980,디에스투자증권,C2,파생상품계약_장외파생상품,4712386934,국내증권사,B,SF205,각주항목(09.06월 이후)
14010,202209,0011980,디에스투자증권,C21,파생상품계약_장외파생상품_이자율관련거래,0,국내증권사,B,SF205,각주항목(09.06월 이후)
14011,202209,0011980,디에스투자증권,C22,파생상품계약_장외파생상품_통화관련거래,0,국내증권사,B,SF205,각주항목(09.06월 이후)
14012,202209,0011980,디에스투자증권,C23,파생상품계약_장외파생상품_주식관련거래,432386934,국내증권사,B,SF205,각주항목(09.06월 이후)
14013,202209,0011980,디에스투자증권,C24,파생상품계약_장외파생상품_신용관련거래,4280000000,국내증권사,B,SF205,각주항목(09.06월 이후)
14014,202209,0011980,디에스투자증권,C25,파생상품계약_장외파생상품_기타,0,국내증권사,B,SF205,각주항목(09.06월 이후)
14015,202209,0011980,디에스투자증권,D,대차 및 대주거래,82927456100,국내증권사,B,SF205,각주항목(09.06월 이후)
14016,202209,0011980,디에스투자증권,D1,대차 및 대주거래_대여증권,0,국내증권사,B,SF205,각주항목(09.06월 이후)
14017,202209,0011980,디에스투자증권,D2,대차 및 대주거래_차입증권,82927456100,국내증권사,B,SF205,각주항목(09.06월 이후)
14018,202209,0011980,디에스투자증권,D3,대차 및 대주거래_신용거래대주,0,국내증권사,B,SF205,각주항목(09.06월 이후)
14019,202209,0011980,디에스투자증권,E,대손상각채권,0,국내증권사,B,SF205,각주항목(09.06월 이후)
14020,202209,0011980,디에스투자증권,F,환전업무 예치금,0,국내증권사,B,SF205,각주항목(09.06월 이후)
14021,202209,0011980,디에스투자증권,G,미배당별도예치금,0,국내증권사,B,SF205,각주항목(09.06월 이후)
14022,202209,0011980,디에스투자증권,H,배서어음매출(종금계정),0,국내증권사,B,SF205,각주항목(09.06월 이후)
14023,202209,0011980,디에스투자증권,H1,대출채권매매이익_담보부,0,국내증권사,B,SF205,각주항목(09.06월 이후)
14024,202209,0011980,디에스투자증권,H2,대출채권매매이익_무담보부,0,국내증권사,B,SF205,각주항목(09.06월 이후)
14025,202212,0011980,디에스투자증권,A,채무보증,6070865108,국내증권사,B,SF205,각주항목(09.06월 이후)
14026,202212,0011980,디에스투자증권,A1,채무보증_지급보증,0,국내증권사,B,SF205,각주항목(09.06월 이후)
14027,202212,0011980,디에스투자증권,A2,채무보증_매입보장약정,0,국내증권사,B,SF205,각주항목(09.06월 이후)
14028,202212,0011980,디에스투자증권,A3,채무보증_채무인수약정,0,국내증권사,B,SF205,각주항목(09.06월 이후)
14029,202212,0011980,디에스투자증권,A5,채무보증_매입확약,0,국내증권사,B,SF205,각주항목(09.06월 이후)
14030,202212,0011980,디에스투자증권,A6,채무보증_기타,6070865108,국내증권사,B,SF205,각주항목(09.06월 이후)
14031,202212,0011980,디에스투자증권,B,투자자의 예수증권 등,4585740000664,국내증권사,B,SF205,각주항목(09.06월 이후)
14032,202212,0011980,디에스투자증권,B1,투자자의 예수증권 등_예수 증권,4585740000664,국내증권사,B,SF205,각주항목(09.06월 이후)
14033,202212,0011980,디에스투자증권,B2,투자자의 예수증권 등_예수양도성예금증서,0,국내증권사,B,SF205,각주항목(09.06월 이후)
14034,202212,0011980,디에스투자증권,B3,투자자의 예수증권 등_기타,0,국내증권사,B,SF205,각주항목(09.06월 이후)
14035,202212,0011980,디에스투자증권,C,파생상품계약,153529086934,국내증권사,B,SF205,각주항목(09.06월 이후)
14036,202212,0011980,디에스투자증권,C1,파생상품계약_장내파생상품,148816700000,국내증권사,B,SF205,각주항목(09.06월 이후)
14037,202212,0011980,디에스투자증권,C11,파생상품계약_장내파생상품_이자율관련거래,148816700000,국내증권사,B,SF205,각주항목(09.06월 이후)
14038,202212,0011980,디에스투자증권,C12,파생상품계약_장내파생상품_통화관련거래,0,국내증권사,B,SF205,각주항목(09.06월 이후)
14039,202212,0011980,디에스투자증권,C13,파생상품계약_장내파생상품_주식관련거래,0,국내증권사,B,SF205,각주항목(09.06월 이후)
14040,202212,0011980,디에스투자증권,C14,파생상품계약_장내파생상품_일반상품관련거래,0,국내증권사,B,SF205,각주항목(09.06월 이후)
14041,202212,0011980,디에스투자증권,C15,파생상품계약_장내파생상품_기타,0,국내증권사,B,SF205,각주항목(09.06월 이후)
14042,202212,0011980,디에스투자증권,C2,파생상품계약_장외파생상품,4712386934,국내증권사,B,SF205,각주항목(09.06월 이후)
14043,202212,0011980,디에스투자증권,C21,파생상품계약_장외파생상품_이자율관련거래,0,국내증권사,B,SF205,각주항목(09.06월 이후)
14044,202212,0011980,디에스투자증권,C22,파생상품계약_장외파생상품_통화관련거래,0,국내증권사,B,SF205,각주항목(09.06월 이후)
14045,202212,0011980,디에스투자증권,C23,파생상품계약_장외파생상품_주식관련거래,432386934,국내증권사,B,SF205,각주항목(09.06월 이후)
14046,202212,0011980,디에스투자증권,C24,파생상품계약_장외파생상품_신용관련거래,4280000000,국내증권사,B,SF205,각주항목(09.06월 이후)
14047,202212,0011980,디에스투자증권,C25,파생상품계약_장외파생상품_기타,0,국내증권사,B,SF205,각주항목(09.06월 이후)
14048,202212,0011980,디에스투자증권,D,대차 및 대주거래,56485706400,국내증권사,B,SF205,각주항목(09.06월 이후)
14049,202212,0011980,디에스투자증권,D1,대차 및 대주거래_대여증권,0,국내증권사,B,SF205,각주항목(09.06월 이후)
14050,202212,0011980,디에스투자증권,D2,대차 및 대주거래_차입증권,56485706400,국내증권사,B,SF205,각주항목(09.06월 이후)
14051,202212,0011980,디에스투자증권,D3,대차 및 대주거래_신용거래대주,0,국내증권사,B,SF205,각주항목(09.06월 이후)
14052,202212,0011980,디에스투자증권,E,대손상각채권,0,국내증권사,B,SF205,각주항목(09.06월 이후)
14053,202212,0011980,디에스투자증권,F,환전업무 예치금,0,국내증권사,B,SF205,각주항목(09.06월 이후)
14054,202212,0011980,디에스투자증권,G,미배당별도예치금,0,국내증권사,B,SF205,각주항목(09.06월 이후)
14055,202212,0011980,디에스투자증권,H,배서어음매출(종금계정),0,국내증권사,B,SF205,각주항목(09.06월 이후)
14056,202212,0011980,디에스투자증권,H1,대출채권매매이익_담보부,0,국내증권사,B,SF205,각주항목(09.06월 이후)
14057,202212,0011980,디에스투자증권,H2,대출채권매매이익_무담보부,0,국내증권사,B,SF205,각주항목(09.06월 이후)
14058,202303,0011980,디에스투자증권,A,채무보증,6070865108,국내증권사,B,SF205,각주항목(09.06월 이후)
14059,202303,0011980,디에스투자증권,A1,채무보증_지급보증,0,국내증권사,B,SF205,각주항목(09.06월 이후)
14060,202303,0011980,디에스투자증권,A2,채무보증_매입보장약정,0,국내증권사,B,SF205,각주항목(09.06월 이후)
14061,202303,0011980,디에스투자증권,A3,채무보증_채무인수약정,0,국내증권사,B,SF205,각주항목(09.06월 이후)
14062,202303,0011980,디에스투자증권,A5,채무보증_매입확약,0,국내증권사,B,SF205,각주항목(09.06월 이후)
14063,202303,0011980,디에스투자증권,A6,채무보증_기타,6070865108,국내증권사,B,SF205,각주항목(09.06월 이후)
14064,202303,0011980,디에스투자증권,B,투자자의 예수증권 등,5236016273390,국내증권사,B,SF205,각주항목(09.06월 이후)
14065,202303,0011980,디에스투자증권,B1,투자자의 예수증권 등_예수 증권,5236016273390,국내증권사,B,SF205,각주항목(09.06월 이후)
14066,202303,0011980,디에스투자증권,B2,투자자의 예수증권 등_예수양도성예금증서,0,국내증권사,B,SF205,각주항목(09.06월 이후)
14067,202303,0011980,디에스투자증권,B3,투자자의 예수증권 등_기타,0,국내증권사,B,SF205,각주항목(09.06월 이후)
14068,202303,0011980,디에스투자증권,C,파생상품계약,237039016987,국내증권사,B,SF205,각주항목(09.06월 이후)
14069,202303,0011980,디에스투자증권,C1,파생상품계약_장내파생상품,232516200000,국내증권사,B,SF205,각주항목(09.06월 이후)
14070,202303,0011980,디에스투자증권,C11,파생상품계약_장내파생상품_이자율관련거래,232516200000,국내증권사,B,SF205,각주항목(09.06월 이후)
14071,202303,0011980,디에스투자증권,C12,파생상품계약_장내파생상품_통화관련거래,0,국내증권사,B,SF205,각주항목(09.06월 이후)
14072,202303,0011980,디에스투자증권,C13,파생상품계약_장내파생상품_주식관련거래,0,국내증권사,B,SF205,각주항목(09.06월 이후)
14073,202303,0011980,디에스투자증권,C14,파생상품계약_장내파생상품_일반상품관련거래,0,국내증권사,B,SF205,각주항목(09.06월 이후)
14074,202303,0011980,디에스투자증권,C15,파생상품계약_장내파생상품_기타,0,국내증권사,B,SF205,각주항목(09.06월 이후)
14075,202303,0011980,디에스투자증권,C2,파생상품계약_장외파생상품,4522816987,국내증권사,B,SF205,각주항목(09.06월 이후)
14076,202303,0011980,디에스투자증권,C21,파생상품계약_장외파생상품_이자율관련거래,0,국내증권사,B,SF205,각주항목(09.06월 이후)
14077,202303,0011980,디에스투자증권,C22,파생상품계약_장외파생상품_통화관련거래,0,국내증권사,B,SF205,각주항목(09.06월 이후)
14078,202303,0011980,디에스투자증권,C23,파생상품계약_장외파생상품_주식관련거래,242816987,국내증권사,B,SF205,각주항목(09.06월 이후)
14079,202303,0011980,디에스투자증권,C24,파생상품계약_장외파생상품_신용관련거래,4280000000,국내증권사,B,SF205,각주항목(09.06월 이후)
14080,202303,0011980,디에스투자증권,C25,파생상품계약_장외파생상품_기타,0,국내증권사,B,SF205,각주항목(09.06월 이후)
14081,202303,0011980,디에스투자증권,D,대차 및 대주거래,89758954000,국내증권사,B,SF205,각주항목(09.06월 이후)
14082,202303,0011980,디에스투자증권,D1,대차 및 대주거래_대여증권,0,국내증권사,B,SF205,각주항목(09.06월 이후)
14083,202303,0011980,디에스투자증권,D2,대차 및 대주거래_차입증권,89758954000,국내증권사,B,SF205,각주항목(09.06월 이후)
14084,202303,0011980,디에스투자증권,D3,대차 및 대주거래_신용거래대주,0,국내증권사,B,SF205,각주항목(09.06월 이후)
14085,202303,0011980,디에스투자증권,E,대손상각채권,0,국내증권사,B,SF205,각주항목(09.06월 이후)
14086,202303,0011980,디에스투자증권,F,환전업무 예치금,0,국내증권사,B,SF205,각주항목(09.06월 이후)
14087,202303,0011980,디에스투자증권,G,미배당별도예치금,0,국내증권사,B,SF205,각주항목(09.06월 이후)
14088,202303,0011980,디에스투자증권,H,배서어음매출(종금계정),0,국내증권사,B,SF205,각주항목(09.06월 이후)
14089,202303,0011980,디에스투자증권,H1,대출채권매매이익_담보부,0,국내증권사,B,SF205,각주항목(09.06월 이후)
14090,202303,0011980,디에스투자증권,H2,대출채권매매이익_무담보부,0,국내증권사,B,SF205,각주항목(09.06월 이후)
14091,202306,0011980,디에스투자증권,A,채무보증,6070865108,국내증권사,B,SF205,각주항목(09.06월 이후)
14092,202306,0011980,디에스투자증권,A1,채무보증_지급보증,0,국내증권사,B,SF205,각주항목(09.06월 이후)
14093,202306,0011980,디에스투자증권,A2,채무보증_매입보장약정,0,국내증권사,B,SF205,각주항목(09.06월 이후)
14094,202306,0011980,디에스투자증권,A3,채무보증_채무인수약정,0,국내증권사,B,SF205,각주항목(09.06월 이후)
14095,202306,0011980,디에스투자증권,A5,채무보증_매입확약,0,국내증권사,B,SF205,각주항목(09.06월 이후)
14096,202306,0011980,디에스투자증권,A6,채무보증_기타,6070865108,국내증권사,B,SF205,각주항목(09.06월 이후)
14097,202306,0011980,디에스투자증권,B,투자자의 예수증권 등,4652722215273,국내증권사,B,SF205,각주항목(09.06월 이후)
14098,202306,0011980,디에스투자증권,B1,투자자의 예수증권 등_예수 증권,4652722215273,국내증권사,B,SF205,각주항목(09.06월 이후)
14099,202306,0011980,디에스투자증권,B2,투자자의 예수증권 등_예수양도성예금증서,0,국내증권사,B,SF205,각주항목(09.06월 이후)
14100,202306,0011980,디에스투자증권,B3,투자자의 예수증권 등_기타,0,국내증권사,B,SF205,각주항목(09.06월 이후)
14101,202306,0011980,디에스투자증권,C,파생상품계약,123330830000,국내증권사,B,SF205,각주항목(09.06월 이후)
14102,202306,0011980,디에스투자증권,C1,파생상품계약_장내파생상품,119050830000,국내증권사,B,SF205,각주항목(09.06월 이후)
14103,202306,0011980,디에스투자증권,C11,파생상품계약_장내파생상품_이자율관련거래,119050830000,국내증권사,B,SF205,각주항목(09.06월 이후)
14104,202306,0011980,디에스투자증권,C12,파생상품계약_장내파생상품_통화관련거래,0,국내증권사,B,SF205,각주항목(09.06월 이후)
14105,202306,0011980,디에스투자증권,C13,파생상품계약_장내파생상품_주식관련거래,0,국내증권사,B,SF205,각주항목(09.06월 이후)
14106,202306,0011980,디에스투자증권,C14,파생상품계약_장내파생상품_일반상품관련거래,0,국내증권사,B,SF205,각주항목(09.06월 이후)
14107,202306,0011980,디에스투자증권,C15,파생상품계약_장내파생상품_기타,0,국내증권사,B,SF205,각주항목(09.06월 이후)
14108,202306,0011980,디에스투자증권,C2,파생상품계약_장외파생상품,4280000000,국내증권사,B,SF205,각주항목(09.06월 이후)
14109,202306,0011980,디에스투자증권,C21,파생상품계약_장외파생상품_이자율관련거래,0,국내증권사,B,SF205,각주항목(09.06월 이후)
14110,202306,0011980,디에스투자증권,C22,파생상품계약_장외파생상품_통화관련거래,0,국내증권사,B,SF205,각주항목(09.06월 이후)
14111,202306,0011980,디에스투자증권,C23,파생상품계약_장외파생상품_주식관련거래,0,국내증권사,B,SF205,각주항목(09.06월 이후)
14112,202306,0011980,디에스투자증권,C24,파생상품계약_장외파생상품_신용관련거래,4280000000,국내증권사,B,SF205,각주항목(09.06월 이후)
14113,202306,0011980,디에스투자증권,C25,파생상품계약_장외파생상품_기타,0,국내증권사,B,SF205,각주항목(09.06월 이후)
14114,202306,0011980,디에스투자증권,D,대차 및 대주거래,75851290200,국내증권사,B,SF205,각주항목(09.06월 이후)
14115,202306,0011980,디에스투자증권,D1,대차 및 대주거래_대여증권,0,국내증권사,B,SF205,각주항목(09.06월 이후)
14116,202306,0011980,디에스투자증권,D2,대차 및 대주거래_차입증권,75851290200,국내증권사,B,SF205,각주항목(09.06월 이후)
14117,202306,0011980,디에스투자증권,D3,대차 및 대주거래_신용거래대주,0,국내증권사,B,SF205,각주항목(09.06월 이후)
14118,202306,0011980,디에스투자증권,E,대손상각채권,0,국내증권사,B,SF205,각주항목(09.06월 이후)
14119,202306,0011980,디에스투자증권,F,환전업무 예치금,0,국내증권사,B,SF205,각주항목(09.06월 이후)
14120,202306,0011980,디에스투자증권,G,미배당별도예치금,0,국내증권사,B,SF205,각주항목(09.06월 이후)
14121,202306,0011980,디에스투자증권,H,배서어음매출(종금계정),0,국내증권사,B,SF205,각주항목(09.06월 이후)
14122,202306,0011980,디에스투자증권,H1,대출채권매매이익_담보부,0,국내증권사,B,SF205,각주항목(09.06월 이후)
14123,202306,0011980,디에스투자증권,H2,대출채권매매이익_무담보부,0,국내증권사,B,SF205,각주항목(09.06월 이후)
14124,202309,0011980,디에스투자증권,A,채무보증,6070865108,국내증권사,B,SF205,각주항목(09.06월 이후)
14125,202309,0011980,디에스투자증권,A1,채무보증_지급보증,0,국내증권사,B,SF205,각주항목(09.06월 이후)
14126,202309,0011980,디에스투자증권,A2,채무보증_매입보장약정,0,국내증권사,B,SF205,각주항목(09.06월 이후)
14127,202309,0011980,디에스투자증권,A3,채무보증_채무인수약정,0,국내증권사,B,SF205,각주항목(09.06월 이후)
14128,202309,0011980,디에스투자증권,A5,채무보증_매입확약,0,국내증권사,B,SF205,각주항목(09.06월 이후)
14129,202309,0011980,디에스투자증권,A6,채무보증_기타,6070865108,국내증권사,B,SF205,각주항목(09.06월 이후)
14130,202309,0011980,디에스투자증권,B,투자자의 예수증권 등,5411450671802,국내증권사,B,SF205,각주항목(09.06월 이후)
14131,202309,0011980,디에스투자증권,B1,투자자의 예수증권 등_예수 증권,5411450671802,국내증권사,B,SF205,각주항목(09.06월 이후)
14132,202309,0011980,디에스투자증권,B2,투자자의 예수증권 등_예수양도성예금증서,0,국내증권사,B,SF205,각주항목(09.06월 이후)
14133,202309,0011980,디에스투자증권,B3,투자자의 예수증권 등_기타,0,국내증권사,B,SF205,각주항목(09.06월 이후)
14134,202309,0011980,디에스투자증권,C,파생상품계약,25833165000,국내증권사,B,SF205,각주항목(09.06월 이후)
14135,202309,0011980,디에스투자증권,C1,파생상품계약_장내파생상품,21553165000,국내증권사,B,SF205,각주항목(09.06월 이후)
14136,202309,0011980,디에스투자증권,C11,파생상품계약_장내파생상품_이자율관련거래,21515650000,국내증권사,B,SF205,각주항목(09.06월 이후)
14137,202309,0011980,디에스투자증권,C12,파생상품계약_장내파생상품_통화관련거래,0,국내증권사,B,SF205,각주항목(09.06월 이후)
14138,202309,0011980,디에스투자증권,C13,파생상품계약_장내파생상품_주식관련거래,37515000,국내증권사,B,SF205,각주항목(09.06월 이후)
14139,202309,0011980,디에스투자증권,C14,파생상품계약_장내파생상품_일반상품관련거래,0,국내증권사,B,SF205,각주항목(09.06월 이후)
14140,202309,0011980,디에스투자증권,C15,파생상품계약_장내파생상품_기타,0,국내증권사,B,SF205,각주항목(09.06월 이후)
14141,202309,0011980,디에스투자증권,C2,파생상품계약_장외파생상품,4280000000,국내증권사,B,SF205,각주항목(09.06월 이후)
14142,202309,0011980,디에스투자증권,C21,파생상품계약_장외파생상품_이자율관련거래,0,국내증권사,B,SF205,각주항목(09.06월 이후)
14143,202309,0011980,디에스투자증권,C22,파생상품계약_장외파생상품_통화관련거래,0,국내증권사,B,SF205,각주항목(09.06월 이후)
14144,202309,0011980,디에스투자증권,C23,파생상품계약_장외파생상품_주식관련거래,0,국내증권사,B,SF205,각주항목(09.06월 이후)
14145,202309,0011980,디에스투자증권,C24,파생상품계약_장외파생상품_신용관련거래,4280000000,국내증권사,B,SF205,각주항목(09.06월 이후)
14146,202309,0011980,디에스투자증권,C25,파생상품계약_장외파생상품_기타,0,국내증권사,B,SF205,각주항목(09.06월 이후)
14147,202309,0011980,디에스투자증권,D,대차 및 대주거래,20008869500,국내증권사,B,SF205,각주항목(09.06월 이후)
14148,202309,0011980,디에스투자증권,D1,대차 및 대주거래_대여증권,0,국내증권사,B,SF205,각주항목(09.06월 이후)
14149,202309,0011980,디에스투자증권,D2,대차 및 대주거래_차입증권,20008869500,국내증권사,B,SF205,각주항목(09.06월 이후)
14150,202309,0011980,디에스투자증권,D3,대차 및 대주거래_신용거래대주,0,국내증권사,B,SF205,각주항목(09.06월 이후)
14151,202309,0011980,디에스투자증권,E,대손상각채권,0,국내증권사,B,SF205,각주항목(09.06월 이후)
14152,202309,0011980,디에스투자증권,F,환전업무 예치금,0,국내증권사,B,SF205,각주항목(09.06월 이후)
14153,202309,0011980,디에스투자증권,G,미배당별도예치금,0,국내증권사,B,SF205,각주항목(09.06월 이후)
14154,202309,0011980,디에스투자증권,H,배서어음매출(종금계정),0,국내증권사,B,SF205,각주항목(09.06월 이후)
14155,202309,0011980,디에스투자증권,H1,대출채권매매이익_담보부,0,국내증권사,B,SF205,각주항목(09.06월 이후)
14156,202309,0011980,디에스투자증권,H2,대출채권매매이익_무담보부,0,국내증권사,B,SF205,각주항목(09.06월 이후)
14157,202312,0011980,디에스투자증권,A,채무보증,6070865108,국내증권사,B,SF205,각주항목(09.06월 이후)
14158,202312,0011980,디에스투자증권,A1,채무보증_지급보증,0,국내증권사,B,SF205,각주항목(09.06월 이후)
14159,202312,0011980,디에스투자증권,A2,채무보증_매입보장약정,0,국내증권사,B,SF205,각주항목(09.06월 이후)
14160,202312,0011980,디에스투자증권,A3,채무보증_채무인수약정,0,국내증권사,B,SF205,각주항목(09.06월 이후)
14161,202312,0011980,디에스투자증권,A5,채무보증_매입확약,0,국내증권사,B,SF205,각주항목(09.06월 이후)
14162,202312,0011980,디에스투자증권,A6,채무보증_기타,6070865108,국내증권사,B,SF205,각주항목(09.06월 이후)
14163,202312,0011980,디에스투자증권,B,투자자의 예수증권 등,5712519176035,국내증권사,B,SF205,각주항목(09.06월 이후)
14164,202312,0011980,디에스투자증권,B1,투자자의 예수증권 등_예수 증권,5712519176035,국내증권사,B,SF205,각주항목(09.06월 이후)
14165,202312,0011980,디에스투자증권,B2,투자자의 예수증권 등_예수양도성예금증서,0,국내증권사,B,SF205,각주항목(09.06월 이후)
14166,202312,0011980,디에스투자증권,B3,투자자의 예수증권 등_기타,0,국내증권사,B,SF205,각주항목(09.06월 이후)
14167,202312,0011980,디에스투자증권,C,파생상품계약,306411261000,국내증권사,B,SF205,각주항목(09.06월 이후)
14168,202312,0011980,디에스투자증권,C1,파생상품계약_장내파생상품,302131261000,국내증권사,B,SF205,각주항목(09.06월 이후)
14169,202312,0011980,디에스투자증권,C11,파생상품계약_장내파생상품_이자율관련거래,301790580000,국내증권사,B,SF205,각주항목(09.06월 이후)
14170,202312,0011980,디에스투자증권,C12,파생상품계약_장내파생상품_통화관련거래,0,국내증권사,B,SF205,각주항목(09.06월 이후)
14171,202312,0011980,디에스투자증권,C13,파생상품계약_장내파생상품_주식관련거래,340681000,국내증권사,B,SF205,각주항목(09.06월 이후)
14172,202312,0011980,디에스투자증권,C14,파생상품계약_장내파생상품_일반상품관련거래,0,국내증권사,B,SF205,각주항목(09.06월 이후)
14173,202312,0011980,디에스투자증권,C15,파생상품계약_장내파생상품_기타,0,국내증권사,B,SF205,각주항목(09.06월 이후)
14174,202312,0011980,디에스투자증권,C2,파생상품계약_장외파생상품,4280000000,국내증권사,B,SF205,각주항목(09.06월 이후)
14175,202312,0011980,디에스투자증권,C21,파생상품계약_장외파생상품_이자율관련거래,0,국내증권사,B,SF205,각주항목(09.06월 이후)
14176,202312,0011980,디에스투자증권,C22,파생상품계약_장외파생상품_통화관련거래,0,국내증권사,B,SF205,각주항목(09.06월 이후)
14177,202312,0011980,디에스투자증권,C23,파생상품계약_장외파생상품_주식관련거래,0,국내증권사,B,SF205,각주항목(09.06월 이후)
14178,202312,0011980,디에스투자증권,C24,파생상품계약_장외파생상품_신용관련거래,4280000000,국내증권사,B,SF205,각주항목(09.06월 이후)
14179,202312,0011980,디에스투자증권,C25,파생상품계약_장외파생상품_기타,0,국내증권사,B,SF205,각주항목(09.06월 이후)
14180,202312,0011980,디에스투자증권,D,대차 및 대주거래,64370950000,국내증권사,B,SF205,각주항목(09.06월 이후)
14181,202312,0011980,디에스투자증권,D1,대차 및 대주거래_대여증권,0,국내증권사,B,SF205,각주항목(09.06월 이후)
14182,202312,0011980,디에스투자증권,D2,대차 및 대주거래_차입증권,64370950000,국내증권사,B,SF205,각주항목(09.06월 이후)
14183,202312,0011980,디에스투자증권,D3,대차 및 대주거래_신용거래대주,0,국내증권사,B,SF205,각주항목(09.06월 이후)
14184,202312,0011980,디에스투자증권,E,대손상각채권,0,국내증권사,B,SF205,각주항목(09.06월 이후)
14185,202312,0011980,디에스투자증권,F,환전업무 예치금,0,국내증권사,B,SF205,각주항목(09.06월 이후)
14186,202312,0011980,디에스투자증권,G,미배당별도예치금,0,국내증권사,B,SF205,각주항목(09.06월 이후)
14187,202312,0011980,디에스투자증권,H,배서어음매출(종금계정),0,국내증권사,B,SF205,각주항목(09.06월 이후)
14188,202312,0011980,디에스투자증권,H1,대출채권매매이익_담보부,0,국내증권사,B,SF205,각주항목(09.06월 이후)
14189,202312,0011980,디에스투자증권,H2,대출채권매매이익_무담보부,0,국내증권사,B,SF205,각주항목(09.06월 이후)
14190,202403,0011980,디에스투자증권,A,채무보증,6070865108,국내증권사,B,SF205,각주항목(09.06월 이후)
14191,202403,0011980,디에스투자증권,A1,채무보증_지급보증,0,국내증권사,B,SF205,각주항목(09.06월 이후)
14192,202403,0011980,디에스투자증권,A2,채무보증_매입보장약정,0,국내증권사,B,SF205,각주항목(09.06월 이후)
14193,202403,0011980,디에스투자증권,A3,채무보증_채무인수약정,0,국내증권사,B,SF205,각주항목(09.06월 이후)
14194,202403,0011980,디에스투자증권,A5,채무보증_매입확약,0,국내증권사,B,SF205,각주항목(09.06월 이후)
14195,202403,0011980,디에스투자증권,A6,채무보증_기타,6070865108,국내증권사,B,SF205,각주항목(09.06월 이후)
14196,202403,0011980,디에스투자증권,B,투자자의 예수증권 등,6060830692764,국내증권사,B,SF205,각주항목(09.06월 이후)
14197,202403,0011980,디에스투자증권,B1,투자자의 예수증권 등_예수 증권,6060830692764,국내증권사,B,SF205,각주항목(09.06월 이후)
14198,202403,0011980,디에스투자증권,B2,투자자의 예수증권 등_예수양도성예금증서,0,국내증권사,B,SF205,각주항목(09.06월 이후)
14199,202403,0011980,디에스투자증권,B3,투자자의 예수증권 등_기타,0,국내증권사,B,SF205,각주항목(09.06월 이후)
14200,202403,0011980,디에스투자증권,C,파생상품계약,164594089684,국내증권사,B,SF205,각주항목(09.06월 이후)
14201,202403,0011980,디에스투자증권,C1,파생상품계약_장내파생상품,137345845000,국내증권사,B,SF205,각주항목(09.06월 이후)
14202,202403,0011980,디에스투자증권,C11,파생상품계약_장내파생상품_이자율관련거래,132516040000,국내증권사,B,SF205,각주항목(09.06월 이후)
14203,202403,0011980,디에스투자증권,C12,파생상품계약_장내파생상품_통화관련거래,0,국내증권사,B,SF205,각주항목(09.06월 이후)
14204,202403,0011980,디에스투자증권,C13,파생상품계약_장내파생상품_주식관련거래,4829805000,국내증권사,B,SF205,각주항목(09.06월 이후)
14205,202403,0011980,디에스투자증권,C14,파생상품계약_장내파생상품_일반상품관련거래,0,국내증권사,B,SF205,각주항목(09.06월 이후)
14206,202403,0011980,디에스투자증권,C15,파생상품계약_장내파생상품_기타,0,국내증권사,B,SF205,각주항목(09.06월 이후)
14207,202403,0011980,디에스투자증권,C2,파생상품계약_장외파생상품,27248244684,국내증권사,B,SF205,각주항목(09.06월 이후)
14208,202403,0011980,디에스투자증권,C21,파생상품계약_장외파생상품_이자율관련거래,0,국내증권사,B,SF205,각주항목(09.06월 이후)
14209,202403,0011980,디에스투자증권,C22,파생상품계약_장외파생상품_통화관련거래,0,국내증권사,B,SF205,각주항목(09.06월 이후)
14210,202403,0011980,디에스투자증권,C23,파생상품계약_장외파생상품_주식관련거래,27248244684,국내증권사,B,SF205,각주항목(09.06월 이후)
14211,202403,0011980,디에스투자증권,C24,파생상품계약_장외파생상품_신용관련거래,0,국내증권사,B,SF205,각주항목(09.06월 이후)
14212,202403,0011980,디에스투자증권,C25,파생상품계약_장외파생상품_기타,0,국내증권사,B,SF205,각주항목(09.06월 이후)
14213,202403,0011980,디에스투자증권,D,대차 및 대주거래,123553030000,국내증권사,B,SF205,각주항목(09.06월 이후)
14214,202403,0011980,디에스투자증권,D1,대차 및 대주거래_대여증권,0,국내증권사,B,SF205,각주항목(09.06월 이후)
14215,202403,0011980,디에스투자증권,D2,대차 및 대주거래_차입증권,123553030000,국내증권사,B,SF205,각주항목(09.06월 이후)
14216,202403,0011980,디에스투자증권,D3,대차 및 대주거래_신용거래대주,0,국내증권사,B,SF205,각주항목(09.06월 이후)
14217,202403,0011980,디에스투자증권,E,대손상각채권,0,국내증권사,B,SF205,각주항목(09.06월 이후)
14218,202403,0011980,디에스투자증권,F,환전업무 예치금,0,국내증권사,B,SF205,각주항목(09.06월 이후)
14219,202403,0011980,디에스투자증권,G,미배당별도예치금,0,국내증권사,B,SF205,각주항목(09.06월 이후)
14220,202403,0011980,디에스투자증권,H,배서어음매출(종금계정),0,국내증권사,B,SF205,각주항목(09.06월 이후)
14221,202403,0011980,디에스투자증권,H1,대출채권매매이익_담보부,0,국내증권사,B,SF205,각주항목(09.06월 이후)
14222,202403,0011980,디에스투자증권,H2,대출채권매매이익_무담보부,0,국내증권사,B,SF205,각주항목(09.06월 이후)
14223,202406,0011980,디에스투자증권,A,채무보증,6070865108,국내증권사,B,SF205,각주항목(09.06월 이후)
14224,202406,0011980,디에스투자증권,A1,채무보증_지급보증,0,국내증권사,B,SF205,각주항목(09.06월 이후)
14225,202406,0011980,디에스투자증권,A2,채무보증_매입보장약정,0,국내증권사,B,SF205,각주항목(09.06월 이후)
14226,202406,0011980,디에스투자증권,A3,채무보증_채무인수약정,0,국내증권사,B,SF205,각주항목(09.06월 이후)
14227,202406,0011980,디에스투자증권,A5,채무보증_매입확약,0,국내증권사,B,SF205,각주항목(09.06월 이후)
14228,202406,0011980,디에스투자증권,A6,채무보증_기타,6070865108,국내증권사,B,SF205,각주항목(09.06월 이후)
14229,202406,0011980,디에스투자증권,B,투자자의 예수증권 등,6089098052494,국내증권사,B,SF205,각주항목(09.06월 이후)
14230,202406,0011980,디에스투자증권,B1,투자자의 예수증권 등_예수 증권,6089098052494,국내증권사,B,SF205,각주항목(09.06월 이후)
14231,202406,0011980,디에스투자증권,B2,투자자의 예수증권 등_예수양도성예금증서,0,국내증권사,B,SF205,각주항목(09.06월 이후)
14232,202406,0011980,디에스투자증권,B3,투자자의 예수증권 등_기타,0,국내증권사,B,SF205,각주항목(09.06월 이후)
14233,202406,0011980,디에스투자증권,C,파생상품계약,199742916133,국내증권사,B,SF205,각주항목(09.06월 이후)
14234,202406,0011980,디에스투자증권,C1,파생상품계약_장내파생상품,155709990500,국내증권사,B,SF205,각주항목(09.06월 이후)
14235,202406,0011980,디에스투자증권,C11,파생상품계약_장내파생상품_이자율관련거래,152224040000,국내증권사,B,SF205,각주항목(09.06월 이후)
14236,202406,0011980,디에스투자증권,C12,파생상품계약_장내파생상품_통화관련거래,0,국내증권사,B,SF205,각주항목(09.06월 이후)
14237,202406,0011980,디에스투자증권,C13,파생상품계약_장내파생상품_주식관련거래,3485950500,국내증권사,B,SF205,각주항목(09.06월 이후)
14238,202406,0011980,디에스투자증권,C14,파생상품계약_장내파생상품_일반상품관련거래,0,국내증권사,B,SF205,각주항목(09.06월 이후)
14239,202406,0011980,디에스투자증권,C15,파생상품계약_장내파생상품_기타,0,국내증권사,B,SF205,각주항목(09.06월 이후)
14240,202406,0011980,디에스투자증권,C2,파생상품계약_장외파생상품,44032925633,국내증권사,B,SF205,각주항목(09.06월 이후)
14241,202406,0011980,디에스투자증권,C21,파생상품계약_장외파생상품_이자율관련거래,0,국내증권사,B,SF205,각주항목(09.06월 이후)
14242,202406,0011980,디에스투자증권,C22,파생상품계약_장외파생상품_통화관련거래,0,국내증권사,B,SF205,각주항목(09.06월 이후)
14243,202406,0011980,디에스투자증권,C23,파생상품계약_장외파생상품_주식관련거래,44032925633,국내증권사,B,SF205,각주항목(09.06월 이후)
14244,202406,0011980,디에스투자증권,C24,파생상품계약_장외파생상품_신용관련거래,0,국내증권사,B,SF205,각주항목(09.06월 이후)
14245,202406,0011980,디에스투자증권,C25,파생상품계약_장외파생상품_기타,0,국내증권사,B,SF205,각주항목(09.06월 이후)
14246,202406,0011980,디에스투자증권,D,대차 및 대주거래,105681054435,국내증권사,B,SF205,각주항목(09.06월 이후)
14247,202406,0011980,디에스투자증권,D1,대차 및 대주거래_대여증권,0,국내증권사,B,SF205,각주항목(09.06월 이후)
14248,202406,0011980,디에스투자증권,D2,대차 및 대주거래_차입증권,105681054435,국내증권사,B,SF205,각주항목(09.06월 이후)
14249,202406,0011980,디에스투자증권,D3,대차 및 대주거래_신용거래대주,0,국내증권사,B,SF205,각주항목(09.06월 이후)
14250,202406,0011980,디에스투자증권,E,대손상각채권,0,국내증권사,B,SF205,각주항목(09.06월 이후)
14251,202406,0011980,디에스투자증권,F,환전업무 예치금,0,국내증권사,B,SF205,각주항목(09.06월 이후)
14252,202406,0011980,디에스투자증권,G,미배당별도예치금,0,국내증권사,B,SF205,각주항목(09.06월 이후)
14253,202406,0011980,디에스투자증권,H,배서어음매출(종금계정),0,국내증권사,B,SF205,각주항목(09.06월 이후)
14254,202406,0011980,디에스투자증권,H1,대출채권매매이익_담보부,0,국내증권사,B,SF205,각주항목(09.06월 이후)
14255,202406,0011980,디에스투자증권,H2,대출채권매매이익_무담보부,0,국내증권사,B,SF205,각주항목(09.06월 이후)
14256,202409,0011980,디에스투자증권,A,채무보증,6070865108,국내증권사,B,SF205,각주항목(09.06월 이후)
14257,202409,0011980,디에스투자증권,A1,채무보증_지급보증,0,국내증권사,B,SF205,각주항목(09.06월 이후)
14258,202409,0011980,디에스투자증권,A2,채무보증_매입보장약정,0,국내증권사,B,SF205,각주항목(09.06월 이후)
14259,202409,0011980,디에스투자증권,A3,채무보증_채무인수약정,0,국내증권사,B,SF205,각주항목(09.06월 이후)
14260,202409,0011980,디에스투자증권,A5,채무보증_매입확약,0,국내증권사,B,SF205,각주항목(09.06월 이후)
14261,202409,0011980,디에스투자증권,A6,채무보증_기타,6070865108,국내증권사,B,SF205,각주항목(09.06월 이후)
14262,202409,0011980,디에스투자증권,B,투자자의 예수증권 등,6381884904252,국내증권사,B,SF205,각주항목(09.06월 이후)
14263,202409,0011980,디에스투자증권,B1,투자자의 예수증권 등_예수 증권,6381884904252,국내증권사,B,SF205,각주항목(09.06월 이후)
14264,202409,0011980,디에스투자증권,B2,투자자의 예수증권 등_예수양도성예금증서,0,국내증권사,B,SF205,각주항목(09.06월 이후)
14265,202409,0011980,디에스투자증권,B3,투자자의 예수증권 등_기타,0,국내증권사,B,SF205,각주항목(09.06월 이후)
14266,202409,0011980,디에스투자증권,C,파생상품계약,429299732172,국내증권사,B,SF205,각주항목(09.06월 이후)
14267,202409,0011980,디에스투자증권,C1,파생상품계약_장내파생상품,356069558700,국내증권사,B,SF205,각주항목(09.06월 이후)
14268,202409,0011980,디에스투자증권,C11,파생상품계약_장내파생상품_이자율관련거래,349775540000,국내증권사,B,SF205,각주항목(09.06월 이후)
14269,202409,0011980,디에스투자증권,C12,파생상품계약_장내파생상품_통화관련거래,0,국내증권사,B,SF205,각주항목(09.06월 이후)
14270,202409,0011980,디에스투자증권,C13,파생상품계약_장내파생상품_주식관련거래,6294018700,국내증권사,B,SF205,각주항목(09.06월 이후)
14271,202409,0011980,디에스투자증권,C14,파생상품계약_장내파생상품_일반상품관련거래,0,국내증권사,B,SF205,각주항목(09.06월 이후)
14272,202409,0011980,디에스투자증권,C15,파생상품계약_장내파생상품_기타,0,국내증권사,B,SF205,각주항목(09.06월 이후)
14273,202409,0011980,디에스투자증권,C2,파생상품계약_장외파생상품,73230173472,국내증권사,B,SF205,각주항목(09.06월 이후)
14274,202409,0011980,디에스투자증권,C21,파생상품계약_장외파생상품_이자율관련거래,0,국내증권사,B,SF205,각주항목(09.06월 이후)
14275,202409,0011980,디에스투자증권,C22,파생상품계약_장외파생상품_통화관련거래,0,국내증권사,B,SF205,각주항목(09.06월 이후)
14276,202409,0011980,디에스투자증권,C23,파생상품계약_장외파생상품_주식관련거래,73230173472,국내증권사,B,SF205,각주항목(09.06월 이후)
14277,202409,0011980,디에스투자증권,C24,파생상품계약_장외파생상품_신용관련거래,0,국내증권사,B,SF205,각주항목(09.06월 이후)
14278,202409,0011980,디에스투자증권,C25,파생상품계약_장외파생상품_기타,0,국내증권사,B,SF205,각주항목(09.06월 이후)
14279,202409,0011980,디에스투자증권,D,대차 및 대주거래,76465212140,국내증권사,B,SF205,각주항목(09.06월 이후)
14280,202409,0011980,디에스투자증권,D1,대차 및 대주거래_대여증권,0,국내증권사,B,SF205,각주항목(09.06월 이후)
14281,202409,0011980,디에스투자증권,D2,대차 및 대주거래_차입증권,76465212140,국내증권사,B,SF205,각주항목(09.06월 이후)
14282,202409,0011980,디에스투자증권,D3,대차 및 대주거래_신용거래대주,0,국내증권사,B,SF205,각주항목(09.06월 이후)
14283,202409,0011980,디에스투자증권,E,대손상각채권,8000000000,국내증권사,B,SF205,각주항목(09.06월 이후)
14284,202409,0011980,디에스투자증권,F,환전업무 예치금,0,국내증권사,B,SF205,각주항목(09.06월 이후)
14285,202409,0011980,디에스투자증권,G,미배당별도예치금,0,국내증권사,B,SF205,각주항목(09.06월 이후)
14286,202409,0011980,디에스투자증권,H,배서어음매출(종금계정),0,국내증권사,B,SF205,각주항목(09.06월 이후)
14287,202409,0011980,디에스투자증권,H1,대출채권매매이익_담보부,0,국내증권사,B,SF205,각주항목(09.06월 이후)
14288,202409,0011980,디에스투자증권,H2,대출채권매매이익_무담보부,0,국내증권사,B,SF205,각주항목(09.06월 이후)
14289,202412,0011980,디에스투자증권,A,채무보증,6070865108,국내증권사,B,SF205,각주항목(09.06월 이후)
14290,202412,0011980,디에스투자증권,A1,채무보증_지급보증,0,국내증권사,B,SF205,각주항목(09.06월 이후)
14291,202412,0011980,디에스투자증권,A2,채무보증_매입보장약정,0,국내증권사,B,SF205,각주항목(09.06월 이후)
14292,202412,0011980,디에스투자증권,A3,채무보증_채무인수약정,0,국내증권사,B,SF205,각주항목(09.06월 이후)
14293,202412,0011980,디에스투자증권,A5,채무보증_매입확약,0,국내증권사,B,SF205,각주항목(09.06월 이후)
14294,202412,0011980,디에스투자증권,A6,채무보증_기타,6070865108,국내증권사,B,SF205,각주항목(09.06월 이후)
14295,202412,0011980,디에스투자증권,B,투자자의 예수증권 등,7206496258582,국내증권사,B,SF205,각주항목(09.06월 이후)
14296,202412,0011980,디에스투자증권,B1,투자자의 예수증권 등_예수 증권,7206496258582,국내증권사,B,SF205,각주항목(09.06월 이후)
14297,202412,0011980,디에스투자증권,B2,투자자의 예수증권 등_예수양도성예금증서,0,국내증권사,B,SF205,각주항목(09.06월 이후)
14298,202412,0011980,디에스투자증권,B3,투자자의 예수증권 등_기타,0,국내증권사,B,SF205,각주항목(09.06월 이후)
14299,202412,0011980,디에스투자증권,C,파생상품계약,208688617358,국내증권사,B,SF205,각주항목(09.06월 이후)
14300,202412,0011980,디에스투자증권,C1,파생상품계약_장내파생상품,127783488000,국내증권사,B,SF205,각주항목(09.06월 이후)
14301,202412,0011980,디에스투자증권,C11,파생상품계약_장내파생상품_이자율관련거래,119199940000,국내증권사,B,SF205,각주항목(09.06월 이후)
14302,202412,0011980,디에스투자증권,C12,파생상품계약_장내파생상품_통화관련거래,0,국내증권사,B,SF205,각주항목(09.06월 이후)
14303,202412,0011980,디에스투자증권,C13,파생상품계약_장내파생상품_주식관련거래,8583548000,국내증권사,B,SF205,각주항목(09.06월 이후)
14304,202412,0011980,디에스투자증권,C14,파생상품계약_장내파생상품_일반상품관련거래,0,국내증권사,B,SF205,각주항목(09.06월 이후)
14305,202412,0011980,디에스투자증권,C15,파생상품계약_장내파생상품_기타,0,국내증권사,B,SF205,각주항목(09.06월 이후)
14306,202412,0011980,디에스투자증권,C2,파생상품계약_장외파생상품,80905129358,국내증권사,B,SF205,각주항목(09.06월 이후)
14307,202412,0011980,디에스투자증권,C21,파생상품계약_장외파생상품_이자율관련거래,0,국내증권사,B,SF205,각주항목(09.06월 이후)
14308,202412,0011980,디에스투자증권,C22,파생상품계약_장외파생상품_통화관련거래,0,국내증권사,B,SF205,각주항목(09.06월 이후)
14309,202412,0011980,디에스투자증권,C23,파생상품계약_장외파생상품_주식관련거래,80905129358,국내증권사,B,SF205,각주항목(09.06월 이후)
14310,202412,0011980,디에스투자증권,C24,파생상품계약_장외파생상품_신용관련거래,0,국내증권사,B,SF205,각주항목(09.06월 이후)
14311,202412,0011980,디에스투자증권,C25,파생상품계약_장외파생상품_기타,0,국내증권사,B,SF205,각주항목(09.06월 이후)
14312,202412,0011980,디에스투자증권,D,대차 및 대주거래,115238494820,국내증권사,B,SF205,각주항목(09.06월 이후)
14313,202412,0011980,디에스투자증권,D1,대차 및 대주거래_대여증권,0,국내증권사,B,SF205,각주항목(09.06월 이후)
14314,202412,0011980,디에스투자증권,D2,대차 및 대주거래_차입증권,115238494820,국내증권사,B,SF205,각주항목(09.06월 이후)
14315,202412,0011980,디에스투자증권,D3,대차 및 대주거래_신용거래대주,0,국내증권사,B,SF205,각주항목(09.06월 이후)
14316,202412,0011980,디에스투자증권,E,대손상각채권,8000000000,국내증권사,B,SF205,각주항목(09.06월 이후)
14317,202412,0011980,디에스투자증권,F,환전업무 예치금,0,국내증권사,B,SF205,각주항목(09.06월 이후)
14318,202412,0011980,디에스투자증권,G,미배당별도예치금,0,국내증권사,B,SF205,각주항목(09.06월 이후)
14319,202412,0011980,디에스투자증권,H,배서어음매출(종금계정),0,국내증권사,B,SF205,각주항목(09.06월 이후)
14320,202412,0011980,디에스투자증권,H1,대출채권매매이익_담보부,0,국내증권사,B,SF205,각주항목(09.06월 이후)
14321,202412,0011980,디에스투자증권,H2,대출채권매매이익_무담보부,0,국내증권사,B,SF205,각주항목(09.06월 이후)
14322,201703,0010132,리딩투자증권주식회사,A,채무보증,0,국내증권사,B,SF205,각주항목(09.06월 이후)
14323,201703,0010132,리딩투자증권주식회사,A1,채무보증_지급보증,0,국내증권사,B,SF205,각주항목(09.06월 이후)
14324,201703,0010132,리딩투자증권주식회사,A2,채무보증_매입보장약정,0,국내증권사,B,SF205,각주항목(09.06월 이후)
14325,201703,0010132,리딩투자증권주식회사,A3,채무보증_채무인수약정,0,국내증권사,B,SF205,각주항목(09.06월 이후)
14326,201703,0010132,리딩투자증권주식회사,A5,채무보증_매입확약,0,국내증권사,B,SF205,각주항목(09.06월 이후)
14327,201703,0010132,리딩투자증권주식회사,A6,채무보증_기타,0,국내증권사,B,SF205,각주항목(09.06월 이후)
14328,201703,0010132,리딩투자증권주식회사,B,투자자의 예수증권 등,1242323286048,국내증권사,B,SF205,각주항목(09.06월 이후)
14329,201703,0010132,리딩투자증권주식회사,B1,투자자의 예수증권 등_예수 증권,1242323286048,국내증권사,B,SF205,각주항목(09.06월 이후)
14330,201703,0010132,리딩투자증권주식회사,B2,투자자의 예수증권 등_예수양도성예금증서,0,국내증권사,B,SF205,각주항목(09.06월 이후)
14331,201703,0010132,리딩투자증권주식회사,B3,투자자의 예수증권 등_기타,0,국내증권사,B,SF205,각주항목(09.06월 이후)
14332,201703,0010132,리딩투자증권주식회사,C,파생상품계약,0,국내증권사,B,SF205,각주항목(09.06월 이후)
14333,201703,0010132,리딩투자증권주식회사,C1,파생상품계약_장내파생상품,0,국내증권사,B,SF205,각주항목(09.06월 이후)
14334,201703,0010132,리딩투자증권주식회사,C11,파생상품계약_장내파생상품_이자율관련거래,0,국내증권사,B,SF205,각주항목(09.06월 이후)
14335,201703,0010132,리딩투자증권주식회사,C12,파생상품계약_장내파생상품_통화관련거래,0,국내증권사,B,SF205,각주항목(09.06월 이후)
14336,201703,0010132,리딩투자증권주식회사,C13,파생상품계약_장내파생상품_주식관련거래,0,국내증권사,B,SF205,각주항목(09.06월 이후)
14337,201703,0010132,리딩투자증권주식회사,C14,파생상품계약_장내파생상품_일반상품관련거래,0,국내증권사,B,SF205,각주항목(09.06월 이후)
14338,201703,0010132,리딩투자증권주식회사,C15,파생상품계약_장내파생상품_기타,0,국내증권사,B,SF205,각주항목(09.06월 이후)
14339,201703,0010132,리딩투자증권주식회사,C2,파생상품계약_장외파생상품,0,국내증권사,B,SF205,각주항목(09.06월 이후)
14340,201703,0010132,리딩투자증권주식회사,C21,파생상품계약_장외파생상품_이자율관련거래,0,국내증권사,B,SF205,각주항목(09.06월 이후)
14341,201703,0010132,리딩투자증권주식회사,C22,파생상품계약_장외파생상품_통화관련거래,0,국내증권사,B,SF205,각주항목(09.06월 이후)
14342,201703,0010132,리딩투자증권주식회사,C23,파생상품계약_장외파생상품_주식관련거래,0,국내증권사,B,SF205,각주항목(09.06월 이후)
14343,201703,0010132,리딩투자증권주식회사,C24,파생상품계약_장외파생상품_신용관련거래,0,국내증권사,B,SF205,각주항목(09.06월 이후)
14344,201703,0010132,리딩투자증권주식회사,C25,파생상품계약_장외파생상품_기타,0,국내증권사,B,SF205,각주항목(09.06월 이후)
14345,201703,0010132,리딩투자증권주식회사,D,대차 및 대주거래,89007772,국내증권사,B,SF205,각주항목(09.06월 이후)
14346,201703,0010132,리딩투자증권주식회사,D1,대차 및 대주거래_대여증권,83217772,국내증권사,B,SF205,각주항목(09.06월 이후)
14347,201703,0010132,리딩투자증권주식회사,D2,대차 및 대주거래_차입증권,5790000,국내증권사,B,SF205,각주항목(09.06월 이후)
14348,201703,0010132,리딩투자증권주식회사,D3,대차 및 대주거래_신용거래대주,0,국내증권사,B,SF205,각주항목(09.06월 이후)
14349,201703,0010132,리딩투자증권주식회사,E,대손상각채권,0,국내증권사,B,SF205,각주항목(09.06월 이후)
14350,201703,0010132,리딩투자증권주식회사,F,환전업무 예치금,0,국내증권사,B,SF205,각주항목(09.06월 이후)
14351,201703,0010132,리딩투자증권주식회사,G,미배당별도예치금,0,국내증권사,B,SF205,각주항목(09.06월 이후)
14352,201703,0010132,리딩투자증권주식회사,H,배서어음매출(종금계정),0,국내증권사,B,SF205,각주항목(09.06월 이후)
14353,201703,0010132,리딩투자증권주식회사,H1,대출채권매매이익_담보부,0,국내증권사,B,SF205,각주항목(09.06월 이후)
14354,201703,0010132,리딩투자증권주식회사,H2,대출채권매매이익_무담보부,0,국내증권사,B,SF205,각주항목(09.06월 이후)
14355,201706,0010132,리딩투자증권주식회사,A,채무보증,0,국내증권사,B,SF205,각주항목(09.06월 이후)
14356,201706,0010132,리딩투자증권주식회사,A1,채무보증_지급보증,0,국내증권사,B,SF205,각주항목(09.06월 이후)
14357,201706,0010132,리딩투자증권주식회사,A2,채무보증_매입보장약정,0,국내증권사,B,SF205,각주항목(09.06월 이후)
14358,201706,0010132,리딩투자증권주식회사,A3,채무보증_채무인수약정,0,국내증권사,B,SF205,각주항목(09.06월 이후)
14359,201706,0010132,리딩투자증권주식회사,A5,채무보증_매입확약,0,국내증권사,B,SF205,각주항목(09.06월 이후)
14360,201706,0010132,리딩투자증권주식회사,A6,채무보증_기타,0,국내증권사,B,SF205,각주항목(09.06월 이후)
14361,201706,0010132,리딩투자증권주식회사,B,투자자의 예수증권 등,1020438483268,국내증권사,B,SF205,각주항목(09.06월 이후)
14362,201706,0010132,리딩투자증권주식회사,B1,투자자의 예수증권 등_예수 증권,1020438483268,국내증권사,B,SF205,각주항목(09.06월 이후)
14363,201706,0010132,리딩투자증권주식회사,B2,투자자의 예수증권 등_예수양도성예금증서,0,국내증권사,B,SF205,각주항목(09.06월 이후)
14364,201706,0010132,리딩투자증권주식회사,B3,투자자의 예수증권 등_기타,0,국내증권사,B,SF205,각주항목(09.06월 이후)
14365,201706,0010132,리딩투자증권주식회사,C,파생상품계약,0,국내증권사,B,SF205,각주항목(09.06월 이후)
14366,201706,0010132,리딩투자증권주식회사,C1,파생상품계약_장내파생상품,0,국내증권사,B,SF205,각주항목(09.06월 이후)
14367,201706,0010132,리딩투자증권주식회사,C11,파생상품계약_장내파생상품_이자율관련거래,0,국내증권사,B,SF205,각주항목(09.06월 이후)
14368,201706,0010132,리딩투자증권주식회사,C12,파생상품계약_장내파생상품_통화관련거래,0,국내증권사,B,SF205,각주항목(09.06월 이후)
14369,201706,0010132,리딩투자증권주식회사,C13,파생상품계약_장내파생상품_주식관련거래,0,국내증권사,B,SF205,각주항목(09.06월 이후)
14370,201706,0010132,리딩투자증권주식회사,C14,파생상품계약_장내파생상품_일반상품관련거래,0,국내증권사,B,SF205,각주항목(09.06월 이후)
14371,201706,0010132,리딩투자증권주식회사,C15,파생상품계약_장내파생상품_기타,0,국내증권사,B,SF205,각주항목(09.06월 이후)
14372,201706,0010132,리딩투자증권주식회사,C2,파생상품계약_장외파생상품,0,국내증권사,B,SF205,각주항목(09.06월 이후)
14373,201706,0010132,리딩투자증권주식회사,C21,파생상품계약_장외파생상품_이자율관련거래,0,국내증권사,B,SF205,각주항목(09.06월 이후)
14374,201706,0010132,리딩투자증권주식회사,C22,파생상품계약_장외파생상품_통화관련거래,0,국내증권사,B,SF205,각주항목(09.06월 이후)
14375,201706,0010132,리딩투자증권주식회사,C23,파생상품계약_장외파생상품_주식관련거래,0,국내증권사,B,SF205,각주항목(09.06월 이후)
14376,201706,0010132,리딩투자증권주식회사,C24,파생상품계약_장외파생상품_신용관련거래,0,국내증권사,B,SF205,각주항목(09.06월 이후)
14377,201706,0010132,리딩투자증권주식회사,C25,파생상품계약_장외파생상품_기타,0,국내증권사,B,SF205,각주항목(09.06월 이후)
14378,201706,0010132,리딩투자증권주식회사,D,대차 및 대주거래,154428200,국내증권사,B,SF205,각주항목(09.06월 이후)
14379,201706,0010132,리딩투자증권주식회사,D1,대차 및 대주거래_대여증권,29258200,국내증권사,B,SF205,각주항목(09.06월 이후)
14380,201706,0010132,리딩투자증권주식회사,D2,대차 및 대주거래_차입증권,125170000,국내증권사,B,SF205,각주항목(09.06월 이후)
14381,201706,0010132,리딩투자증권주식회사,D3,대차 및 대주거래_신용거래대주,0,국내증권사,B,SF205,각주항목(09.06월 이후)
14382,201706,0010132,리딩투자증권주식회사,E,대손상각채권,0,국내증권사,B,SF205,각주항목(09.06월 이후)
14383,201706,0010132,리딩투자증권주식회사,F,환전업무 예치금,0,국내증권사,B,SF205,각주항목(09.06월 이후)
14384,201706,0010132,리딩투자증권주식회사,G,미배당별도예치금,0,국내증권사,B,SF205,각주항목(09.06월 이후)
14385,201706,0010132,리딩투자증권주식회사,H,배서어음매출(종금계정),0,국내증권사,B,SF205,각주항목(09.06월 이후)
14386,201706,0010132,리딩투자증권주식회사,H1,대출채권매매이익_담보부,0,국내증권사,B,SF205,각주항목(09.06월 이후)
14387,201706,0010132,리딩투자증권주식회사,H2,대출채권매매이익_무담보부,0,국내증권사,B,SF205,각주항목(09.06월 이후)
14388,201709,0010132,리딩투자증권주식회사,A,채무보증,0,국내증권사,B,SF205,각주항목(09.06월 이후)
14389,201709,0010132,리딩투자증권주식회사,A1,채무보증_지급보증,0,국내증권사,B,SF205,각주항목(09.06월 이후)
14390,201709,0010132,리딩투자증권주식회사,A2,채무보증_매입보장약정,0,국내증권사,B,SF205,각주항목(09.06월 이후)
14391,201709,0010132,리딩투자증권주식회사,A3,채무보증_채무인수약정,0,국내증권사,B,SF205,각주항목(09.06월 이후)
14392,201709,0010132,리딩투자증권주식회사,A5,채무보증_매입확약,0,국내증권사,B,SF205,각주항목(09.06월 이후)
14393,201709,0010132,리딩투자증권주식회사,A6,채무보증_기타,0,국내증권사,B,SF205,각주항목(09.06월 이후)
14394,201709,0010132,리딩투자증권주식회사,B,투자자의 예수증권 등,1175103875192,국내증권사,B,SF205,각주항목(09.06월 이후)
14395,201709,0010132,리딩투자증권주식회사,B1,투자자의 예수증권 등_예수 증권,1175103875192,국내증권사,B,SF205,각주항목(09.06월 이후)
14396,201709,0010132,리딩투자증권주식회사,B2,투자자의 예수증권 등_예수양도성예금증서,0,국내증권사,B,SF205,각주항목(09.06월 이후)
14397,201709,0010132,리딩투자증권주식회사,B3,투자자의 예수증권 등_기타,0,국내증권사,B,SF205,각주항목(09.06월 이후)
14398,201709,0010132,리딩투자증권주식회사,C,파생상품계약,0,국내증권사,B,SF205,각주항목(09.06월 이후)
14399,201709,0010132,리딩투자증권주식회사,C1,파생상품계약_장내파생상품,0,국내증권사,B,SF205,각주항목(09.06월 이후)
14400,201709,0010132,리딩투자증권주식회사,C11,파생상품계약_장내파생상품_이자율관련거래,0,국내증권사,B,SF205,각주항목(09.06월 이후)
14401,201709,0010132,리딩투자증권주식회사,C12,파생상품계약_장내파생상품_통화관련거래,0,국내증권사,B,SF205,각주항목(09.06월 이후)
14402,201709,0010132,리딩투자증권주식회사,C13,파생상품계약_장내파생상품_주식관련거래,0,국내증권사,B,SF205,각주항목(09.06월 이후)
14403,201709,0010132,리딩투자증권주식회사,C14,파생상품계약_장내파생상품_일반상품관련거래,0,국내증권사,B,SF205,각주항목(09.06월 이후)
14404,201709,0010132,리딩투자증권주식회사,C15,파생상품계약_장내파생상품_기타,0,국내증권사,B,SF205,각주항목(09.06월 이후)
14405,201709,0010132,리딩투자증권주식회사,C2,파생상품계약_장외파생상품,0,국내증권사,B,SF205,각주항목(09.06월 이후)
14406,201709,0010132,리딩투자증권주식회사,C21,파생상품계약_장외파생상품_이자율관련거래,0,국내증권사,B,SF205,각주항목(09.06월 이후)
14407,201709,0010132,리딩투자증권주식회사,C22,파생상품계약_장외파생상품_통화관련거래,0,국내증권사,B,SF205,각주항목(09.06월 이후)
14408,201709,0010132,리딩투자증권주식회사,C23,파생상품계약_장외파생상품_주식관련거래,0,국내증권사,B,SF205,각주항목(09.06월 이후)
14409,201709,0010132,리딩투자증권주식회사,C24,파생상품계약_장외파생상품_신용관련거래,0,국내증권사,B,SF205,각주항목(09.06월 이후)
14410,201709,0010132,리딩투자증권주식회사,C25,파생상품계약_장외파생상품_기타,0,국내증권사,B,SF205,각주항목(09.06월 이후)
14411,201709,0010132,리딩투자증권주식회사,D,대차 및 대주거래,3043809525,국내증권사,B,SF205,각주항목(09.06월 이후)
14412,201709,0010132,리딩투자증권주식회사,D1,대차 및 대주거래_대여증권,15589525,국내증권사,B,SF205,각주항목(09.06월 이후)
14413,201709,0010132,리딩투자증권주식회사,D2,대차 및 대주거래_차입증권,3028220000,국내증권사,B,SF205,각주항목(09.06월 이후)
14414,201709,0010132,리딩투자증권주식회사,D3,대차 및 대주거래_신용거래대주,0,국내증권사,B,SF205,각주항목(09.06월 이후)
14415,201709,0010132,리딩투자증권주식회사,E,대손상각채권,0,국내증권사,B,SF205,각주항목(09.06월 이후)
14416,201709,0010132,리딩투자증권주식회사,F,환전업무 예치금,0,국내증권사,B,SF205,각주항목(09.06월 이후)
14417,201709,0010132,리딩투자증권주식회사,G,미배당별도예치금,0,국내증권사,B,SF205,각주항목(09.06월 이후)
14418,201709,0010132,리딩투자증권주식회사,H,배서어음매출(종금계정),0,국내증권사,B,SF205,각주항목(09.06월 이후)
14419,201709,0010132,리딩투자증권주식회사,H1,대출채권매매이익_담보부,0,국내증권사,B,SF205,각주항목(09.06월 이후)
14420,201709,0010132,리딩투자증권주식회사,H2,대출채권매매이익_무담보부,0,국내증권사,B,SF205,각주항목(09.06월 이후)
14421,201712,0010132,리딩투자증권주식회사,A,채무보증,0,국내증권사,B,SF205,각주항목(09.06월 이후)
14422,201712,0010132,리딩투자증권주식회사,A1,채무보증_지급보증,0,국내증권사,B,SF205,각주항목(09.06월 이후)
14423,201712,0010132,리딩투자증권주식회사,A2,채무보증_매입보장약정,0,국내증권사,B,SF205,각주항목(09.06월 이후)
14424,201712,0010132,리딩투자증권주식회사,A3,채무보증_채무인수약정,0,국내증권사,B,SF205,각주항목(09.06월 이후)
14425,201712,0010132,리딩투자증권주식회사,A5,채무보증_매입확약,0,국내증권사,B,SF205,각주항목(09.06월 이후)
14426,201712,0010132,리딩투자증권주식회사,A6,채무보증_기타,0,국내증권사,B,SF205,각주항목(09.06월 이후)
14427,201712,0010132,리딩투자증권주식회사,B,투자자의 예수증권 등,862074497396,국내증권사,B,SF205,각주항목(09.06월 이후)
14428,201712,0010132,리딩투자증권주식회사,B1,투자자의 예수증권 등_예수 증권,862074497396,국내증권사,B,SF205,각주항목(09.06월 이후)
14429,201712,0010132,리딩투자증권주식회사,B2,투자자의 예수증권 등_예수양도성예금증서,0,국내증권사,B,SF205,각주항목(09.06월 이후)
14430,201712,0010132,리딩투자증권주식회사,B3,투자자의 예수증권 등_기타,0,국내증권사,B,SF205,각주항목(09.06월 이후)
14431,201712,0010132,리딩투자증권주식회사,C,파생상품계약,0,국내증권사,B,SF205,각주항목(09.06월 이후)
14432,201712,0010132,리딩투자증권주식회사,C1,파생상품계약_장내파생상품,0,국내증권사,B,SF205,각주항목(09.06월 이후)
14433,201712,0010132,리딩투자증권주식회사,C11,파생상품계약_장내파생상품_이자율관련거래,0,국내증권사,B,SF205,각주항목(09.06월 이후)
14434,201712,0010132,리딩투자증권주식회사,C12,파생상품계약_장내파생상품_통화관련거래,0,국내증권사,B,SF205,각주항목(09.06월 이후)
14435,201712,0010132,리딩투자증권주식회사,C13,파생상품계약_장내파생상품_주식관련거래,0,국내증권사,B,SF205,각주항목(09.06월 이후)
14436,201712,0010132,리딩투자증권주식회사,C14,파생상품계약_장내파생상품_일반상품관련거래,0,국내증권사,B,SF205,각주항목(09.06월 이후)
14437,201712,0010132,리딩투자증권주식회사,C15,파생상품계약_장내파생상품_기타,0,국내증권사,B,SF205,각주항목(09.06월 이후)
14438,201712,0010132,리딩투자증권주식회사,C2,파생상품계약_장외파생상품,0,국내증권사,B,SF205,각주항목(09.06월 이후)
14439,201712,0010132,리딩투자증권주식회사,C21,파생상품계약_장외파생상품_이자율관련거래,0,국내증권사,B,SF205,각주항목(09.06월 이후)
14440,201712,0010132,리딩투자증권주식회사,C22,파생상품계약_장외파생상품_통화관련거래,0,국내증권사,B,SF205,각주항목(09.06월 이후)
14441,201712,0010132,리딩투자증권주식회사,C23,파생상품계약_장외파생상품_주식관련거래,0,국내증권사,B,SF205,각주항목(09.06월 이후)
14442,201712,0010132,리딩투자증권주식회사,C24,파생상품계약_장외파생상품_신용관련거래,0,국내증권사,B,SF205,각주항목(09.06월 이후)
14443,201712,0010132,리딩투자증권주식회사,C25,파생상품계약_장외파생상품_기타,0,국내증권사,B,SF205,각주항목(09.06월 이후)
14444,201712,0010132,리딩투자증권주식회사,D,대차 및 대주거래,2525950,국내증권사,B,SF205,각주항목(09.06월 이후)
14445,201712,0010132,리딩투자증권주식회사,D1,대차 및 대주거래_대여증권,2525950,국내증권사,B,SF205,각주항목(09.06월 이후)
14446,201712,0010132,리딩투자증권주식회사,D2,대차 및 대주거래_차입증권,0,국내증권사,B,SF205,각주항목(09.06월 이후)
14447,201712,0010132,리딩투자증권주식회사,D3,대차 및 대주거래_신용거래대주,0,국내증권사,B,SF205,각주항목(09.06월 이후)
14448,201712,0010132,리딩투자증권주식회사,E,대손상각채권,0,국내증권사,B,SF205,각주항목(09.06월 이후)
14449,201712,0010132,리딩투자증권주식회사,F,환전업무 예치금,0,국내증권사,B,SF205,각주항목(09.06월 이후)
14450,201712,0010132,리딩투자증권주식회사,G,미배당별도예치금,0,국내증권사,B,SF205,각주항목(09.06월 이후)
14451,201712,0010132,리딩투자증권주식회사,H,배서어음매출(종금계정),0,국내증권사,B,SF205,각주항목(09.06월 이후)
14452,201712,0010132,리딩투자증권주식회사,H1,대출채권매매이익_담보부,0,국내증권사,B,SF205,각주항목(09.06월 이후)
14453,201712,0010132,리딩투자증권주식회사,H2,대출채권매매이익_무담보부,0,국내증권사,B,SF205,각주항목(09.06월 이후)
14454,201803,0010132,리딩투자증권주식회사,A,채무보증,16250000000,국내증권사,B,SF205,각주항목(09.06월 이후)
14455,201803,0010132,리딩투자증권주식회사,A1,채무보증_지급보증,0,국내증권사,B,SF205,각주항목(09.06월 이후)
14456,201803,0010132,리딩투자증권주식회사,A2,채무보증_매입보장약정,0,국내증권사,B,SF205,각주항목(09.06월 이후)
14457,201803,0010132,리딩투자증권주식회사,A3,채무보증_채무인수약정,0,국내증권사,B,SF205,각주항목(09.06월 이후)
14458,201803,0010132,리딩투자증권주식회사,A5,채무보증_매입확약,0,국내증권사,B,SF205,각주항목(09.06월 이후)
14459,201803,0010132,리딩투자증권주식회사,A6,채무보증_기타,16250000000,국내증권사,B,SF205,각주항목(09.06월 이후)
14460,201803,0010132,리딩투자증권주식회사,B,투자자의 예수증권 등,881825164780,국내증권사,B,SF205,각주항목(09.06월 이후)
14461,201803,0010132,리딩투자증권주식회사,B1,투자자의 예수증권 등_예수 증권,881825164780,국내증권사,B,SF205,각주항목(09.06월 이후)
14462,201803,0010132,리딩투자증권주식회사,B2,투자자의 예수증권 등_예수양도성예금증서,0,국내증권사,B,SF205,각주항목(09.06월 이후)
14463,201803,0010132,리딩투자증권주식회사,B3,투자자의 예수증권 등_기타,0,국내증권사,B,SF205,각주항목(09.06월 이후)
14464,201803,0010132,리딩투자증권주식회사,C,파생상품계약,0,국내증권사,B,SF205,각주항목(09.06월 이후)
14465,201803,0010132,리딩투자증권주식회사,C1,파생상품계약_장내파생상품,0,국내증권사,B,SF205,각주항목(09.06월 이후)
14466,201803,0010132,리딩투자증권주식회사,C11,파생상품계약_장내파생상품_이자율관련거래,0,국내증권사,B,SF205,각주항목(09.06월 이후)
14467,201803,0010132,리딩투자증권주식회사,C12,파생상품계약_장내파생상품_통화관련거래,0,국내증권사,B,SF205,각주항목(09.06월 이후)
14468,201803,0010132,리딩투자증권주식회사,C13,파생상품계약_장내파생상품_주식관련거래,0,국내증권사,B,SF205,각주항목(09.06월 이후)
14469,201803,0010132,리딩투자증권주식회사,C14,파생상품계약_장내파생상품_일반상품관련거래,0,국내증권사,B,SF205,각주항목(09.06월 이후)
14470,201803,0010132,리딩투자증권주식회사,C15,파생상품계약_장내파생상품_기타,0,국내증권사,B,SF205,각주항목(09.06월 이후)
14471,201803,0010132,리딩투자증권주식회사,C2,파생상품계약_장외파생상품,0,국내증권사,B,SF205,각주항목(09.06월 이후)
14472,201803,0010132,리딩투자증권주식회사,C21,파생상품계약_장외파생상품_이자율관련거래,0,국내증권사,B,SF205,각주항목(09.06월 이후)
14473,201803,0010132,리딩투자증권주식회사,C22,파생상품계약_장외파생상품_통화관련거래,0,국내증권사,B,SF205,각주항목(09.06월 이후)
14474,201803,0010132,리딩투자증권주식회사,C23,파생상품계약_장외파생상품_주식관련거래,0,국내증권사,B,SF205,각주항목(09.06월 이후)
14475,201803,0010132,리딩투자증권주식회사,C24,파생상품계약_장외파생상품_신용관련거래,0,국내증권사,B,SF205,각주항목(09.06월 이후)
14476,201803,0010132,리딩투자증권주식회사,C25,파생상품계약_장외파생상품_기타,0,국내증권사,B,SF205,각주항목(09.06월 이후)
14477,201803,0010132,리딩투자증권주식회사,D,대차 및 대주거래,1399325,국내증권사,B,SF205,각주항목(09.06월 이후)
14478,201803,0010132,리딩투자증권주식회사,D1,대차 및 대주거래_대여증권,1399325,국내증권사,B,SF205,각주항목(09.06월 이후)
14479,201803,0010132,리딩투자증권주식회사,D2,대차 및 대주거래_차입증권,0,국내증권사,B,SF205,각주항목(09.06월 이후)
14480,201803,0010132,리딩투자증권주식회사,D3,대차 및 대주거래_신용거래대주,0,국내증권사,B,SF205,각주항목(09.06월 이후)
14481,201803,0010132,리딩투자증권주식회사,E,대손상각채권,0,국내증권사,B,SF205,각주항목(09.06월 이후)
14482,201803,0010132,리딩투자증권주식회사,F,환전업무 예치금,0,국내증권사,B,SF205,각주항목(09.06월 이후)
14483,201803,0010132,리딩투자증권주식회사,G,미배당별도예치금,0,국내증권사,B,SF205,각주항목(09.06월 이후)
14484,201803,0010132,리딩투자증권주식회사,H,배서어음매출(종금계정),0,국내증권사,B,SF205,각주항목(09.06월 이후)
14485,201803,0010132,리딩투자증권주식회사,H1,대출채권매매이익_담보부,0,국내증권사,B,SF205,각주항목(09.06월 이후)
14486,201803,0010132,리딩투자증권주식회사,H2,대출채권매매이익_무담보부,0,국내증권사,B,SF205,각주항목(09.06월 이후)
14487,201806,0010132,리딩투자증권주식회사,A,채무보증,26660000000,국내증권사,B,SF205,각주항목(09.06월 이후)
14488,201806,0010132,리딩투자증권주식회사,A1,채무보증_지급보증,0,국내증권사,B,SF205,각주항목(09.06월 이후)
14489,201806,0010132,리딩투자증권주식회사,A2,채무보증_매입보장약정,0,국내증권사,B,SF205,각주항목(09.06월 이후)
14490,201806,0010132,리딩투자증권주식회사,A3,채무보증_채무인수약정,0,국내증권사,B,SF205,각주항목(09.06월 이후)
14491,201806,0010132,리딩투자증권주식회사,A5,채무보증_매입확약,0,국내증권사,B,SF205,각주항목(09.06월 이후)
14492,201806,0010132,리딩투자증권주식회사,A6,채무보증_기타,26660000000,국내증권사,B,SF205,각주항목(09.06월 이후)
14493,201806,0010132,리딩투자증권주식회사,B,투자자의 예수증권 등,902228708980,국내증권사,B,SF205,각주항목(09.06월 이후)
14494,201806,0010132,리딩투자증권주식회사,B1,투자자의 예수증권 등_예수 증권,902228708980,국내증권사,B,SF205,각주항목(09.06월 이후)
14495,201806,0010132,리딩투자증권주식회사,B2,투자자의 예수증권 등_예수양도성예금증서,0,국내증권사,B,SF205,각주항목(09.06월 이후)
14496,201806,0010132,리딩투자증권주식회사,B3,투자자의 예수증권 등_기타,0,국내증권사,B,SF205,각주항목(09.06월 이후)
14497,201806,0010132,리딩투자증권주식회사,C,파생상품계약,129473240000,국내증권사,B,SF205,각주항목(09.06월 이후)
14498,201806,0010132,리딩투자증권주식회사,C1,파생상품계약_장내파생상품,129473240000,국내증권사,B,SF205,각주항목(09.06월 이후)
14499,201806,0010132,리딩투자증권주식회사,C11,파생상품계약_장내파생상품_이자율관련거래,0,국내증권사,B,SF205,각주항목(09.06월 이후)
14500,201806,0010132,리딩투자증권주식회사,C12,파생상품계약_장내파생상품_통화관련거래,0,국내증권사,B,SF205,각주항목(09.06월 이후)
14501,201806,0010132,리딩투자증권주식회사,C13,파생상품계약_장내파생상품_주식관련거래,129473240000,국내증권사,B,SF205,각주항목(09.06월 이후)
14502,201806,0010132,리딩투자증권주식회사,C14,파생상품계약_장내파생상품_일반상품관련거래,0,국내증권사,B,SF205,각주항목(09.06월 이후)
14503,201806,0010132,리딩투자증권주식회사,C15,파생상품계약_장내파생상품_기타,0,국내증권사,B,SF205,각주항목(09.06월 이후)
14504,201806,0010132,리딩투자증권주식회사,C2,파생상품계약_장외파생상품,0,국내증권사,B,SF205,각주항목(09.06월 이후)
14505,201806,0010132,리딩투자증권주식회사,C21,파생상품계약_장외파생상품_이자율관련거래,0,국내증권사,B,SF205,각주항목(09.06월 이후)
14506,201806,0010132,리딩투자증권주식회사,C22,파생상품계약_장외파생상품_통화관련거래,0,국내증권사,B,SF205,각주항목(09.06월 이후)
14507,201806,0010132,리딩투자증권주식회사,C23,파생상품계약_장외파생상품_주식관련거래,0,국내증권사,B,SF205,각주항목(09.06월 이후)
14508,201806,0010132,리딩투자증권주식회사,C24,파생상품계약_장외파생상품_신용관련거래,0,국내증권사,B,SF205,각주항목(09.06월 이후)
14509,201806,0010132,리딩투자증권주식회사,C25,파생상품계약_장외파생상품_기타,0,국내증권사,B,SF205,각주항목(09.06월 이후)
14510,201806,0010132,리딩투자증권주식회사,D,대차 및 대주거래,20166800000,국내증권사,B,SF205,각주항목(09.06월 이후)
14511,201806,0010132,리딩투자증권주식회사,D1,대차 및 대주거래_대여증권,0,국내증권사,B,SF205,각주항목(09.06월 이후)
14512,201806,0010132,리딩투자증권주식회사,D2,대차 및 대주거래_차입증권,20166800000,국내증권사,B,SF205,각주항목(09.06월 이후)
14513,201806,0010132,리딩투자증권주식회사,D3,대차 및 대주거래_신용거래대주,0,국내증권사,B,SF205,각주항목(09.06월 이후)
14514,201806,0010132,리딩투자증권주식회사,E,대손상각채권,0,국내증권사,B,SF205,각주항목(09.06월 이후)
14515,201806,0010132,리딩투자증권주식회사,F,환전업무 예치금,0,국내증권사,B,SF205,각주항목(09.06월 이후)
14516,201806,0010132,리딩투자증권주식회사,G,미배당별도예치금,0,국내증권사,B,SF205,각주항목(09.06월 이후)
14517,201806,0010132,리딩투자증권주식회사,H,배서어음매출(종금계정),0,국내증권사,B,SF205,각주항목(09.06월 이후)
14518,201806,0010132,리딩투자증권주식회사,H1,대출채권매매이익_담보부,0,국내증권사,B,SF205,각주항목(09.06월 이후)
14519,201806,0010132,리딩투자증권주식회사,H2,대출채권매매이익_무담보부,0,국내증권사,B,SF205,각주항목(09.06월 이후)
14520,201809,0010132,리딩투자증권주식회사,A,채무보증,28160000000,국내증권사,B,SF205,각주항목(09.06월 이후)
14521,201809,0010132,리딩투자증권주식회사,A1,채무보증_지급보증,0,국내증권사,B,SF205,각주항목(09.06월 이후)
14522,201809,0010132,리딩투자증권주식회사,A2,채무보증_매입보장약정,0,국내증권사,B,SF205,각주항목(09.06월 이후)
14523,201809,0010132,리딩투자증권주식회사,A3,채무보증_채무인수약정,0,국내증권사,B,SF205,각주항목(09.06월 이후)
14524,201809,0010132,리딩투자증권주식회사,A5,채무보증_매입확약,0,국내증권사,B,SF205,각주항목(09.06월 이후)
14525,201809,0010132,리딩투자증권주식회사,A6,채무보증_기타,28160000000,국내증권사,B,SF205,각주항목(09.06월 이후)
14526,201809,0010132,리딩투자증권주식회사,B,투자자의 예수증권 등,1337394647876,국내증권사,B,SF205,각주항목(09.06월 이후)
14527,201809,0010132,리딩투자증권주식회사,B1,투자자의 예수증권 등_예수 증권,1337394647876,국내증권사,B,SF205,각주항목(09.06월 이후)
14528,201809,0010132,리딩투자증권주식회사,B2,투자자의 예수증권 등_예수양도성예금증서,0,국내증권사,B,SF205,각주항목(09.06월 이후)
14529,201809,0010132,리딩투자증권주식회사,B3,투자자의 예수증권 등_기타,0,국내증권사,B,SF205,각주항목(09.06월 이후)
14530,201809,0010132,리딩투자증권주식회사,C,파생상품계약,0,국내증권사,B,SF205,각주항목(09.06월 이후)
14531,201809,0010132,리딩투자증권주식회사,C1,파생상품계약_장내파생상품,0,국내증권사,B,SF205,각주항목(09.06월 이후)
14532,201809,0010132,리딩투자증권주식회사,C11,파생상품계약_장내파생상품_이자율관련거래,0,국내증권사,B,SF205,각주항목(09.06월 이후)
14533,201809,0010132,리딩투자증권주식회사,C12,파생상품계약_장내파생상품_통화관련거래,0,국내증권사,B,SF205,각주항목(09.06월 이후)
14534,201809,0010132,리딩투자증권주식회사,C13,파생상품계약_장내파생상품_주식관련거래,0,국내증권사,B,SF205,각주항목(09.06월 이후)
14535,201809,0010132,리딩투자증권주식회사,C14,파생상품계약_장내파생상품_일반상품관련거래,0,국내증권사,B,SF205,각주항목(09.06월 이후)
14536,201809,0010132,리딩투자증권주식회사,C15,파생상품계약_장내파생상품_기타,0,국내증권사,B,SF205,각주항목(09.06월 이후)
14537,201809,0010132,리딩투자증권주식회사,C2,파생상품계약_장외파생상품,0,국내증권사,B,SF205,각주항목(09.06월 이후)
14538,201809,0010132,리딩투자증권주식회사,C21,파생상품계약_장외파생상품_이자율관련거래,0,국내증권사,B,SF205,각주항목(09.06월 이후)
14539,201809,0010132,리딩투자증권주식회사,C22,파생상품계약_장외파생상품_통화관련거래,0,국내증권사,B,SF205,각주항목(09.06월 이후)
14540,201809,0010132,리딩투자증권주식회사,C23,파생상품계약_장외파생상품_주식관련거래,0,국내증권사,B,SF205,각주항목(09.06월 이후)
14541,201809,0010132,리딩투자증권주식회사,C24,파생상품계약_장외파생상품_신용관련거래,0,국내증권사,B,SF205,각주항목(09.06월 이후)
14542,201809,0010132,리딩투자증권주식회사,C25,파생상품계약_장외파생상품_기타,0,국내증권사,B,SF205,각주항목(09.06월 이후)
14543,201809,0010132,리딩투자증권주식회사,D,대차 및 대주거래,0,국내증권사,B,SF205,각주항목(09.06월 이후)
14544,201809,0010132,리딩투자증권주식회사,D1,대차 및 대주거래_대여증권,0,국내증권사,B,SF205,각주항목(09.06월 이후)
14545,201809,0010132,리딩투자증권주식회사,D2,대차 및 대주거래_차입증권,0,국내증권사,B,SF205,각주항목(09.06월 이후)
14546,201809,0010132,리딩투자증권주식회사,D3,대차 및 대주거래_신용거래대주,0,국내증권사,B,SF205,각주항목(09.06월 이후)
14547,201809,0010132,리딩투자증권주식회사,E,대손상각채권,0,국내증권사,B,SF205,각주항목(09.06월 이후)
14548,201809,0010132,리딩투자증권주식회사,F,환전업무 예치금,0,국내증권사,B,SF205,각주항목(09.06월 이후)
14549,201809,0010132,리딩투자증권주식회사,G,미배당별도예치금,0,국내증권사,B,SF205,각주항목(09.06월 이후)
14550,201809,0010132,리딩투자증권주식회사,H,배서어음매출(종금계정),0,국내증권사,B,SF205,각주항목(09.06월 이후)
14551,201809,0010132,리딩투자증권주식회사,H1,대출채권매매이익_담보부,0,국내증권사,B,SF205,각주항목(09.06월 이후)
14552,201809,0010132,리딩투자증권주식회사,H2,대출채권매매이익_무담보부,0,국내증권사,B,SF205,각주항목(09.06월 이후)
14553,201812,0010132,리딩투자증권주식회사,A,채무보증,20000000000,국내증권사,B,SF205,각주항목(09.06월 이후)
14554,201812,0010132,리딩투자증권주식회사,A1,채무보증_지급보증,0,국내증권사,B,SF205,각주항목(09.06월 이후)
14555,201812,0010132,리딩투자증권주식회사,A2,채무보증_매입보장약정,0,국내증권사,B,SF205,각주항목(09.06월 이후)
14556,201812,0010132,리딩투자증권주식회사,A3,채무보증_채무인수약정,0,국내증권사,B,SF205,각주항목(09.06월 이후)
14557,201812,0010132,리딩투자증권주식회사,A5,채무보증_매입확약,0,국내증권사,B,SF205,각주항목(09.06월 이후)
14558,201812,0010132,리딩투자증권주식회사,A6,채무보증_기타,20000000000,국내증권사,B,SF205,각주항목(09.06월 이후)
14559,201812,0010132,리딩투자증권주식회사,B,투자자의 예수증권 등,1084939518932,국내증권사,B,SF205,각주항목(09.06월 이후)
14560,201812,0010132,리딩투자증권주식회사,B1,투자자의 예수증권 등_예수 증권,1084939518932,국내증권사,B,SF205,각주항목(09.06월 이후)
14561,201812,0010132,리딩투자증권주식회사,B2,투자자의 예수증권 등_예수양도성예금증서,0,국내증권사,B,SF205,각주항목(09.06월 이후)
14562,201812,0010132,리딩투자증권주식회사,B3,투자자의 예수증권 등_기타,0,국내증권사,B,SF205,각주항목(09.06월 이후)
14563,201812,0010132,리딩투자증권주식회사,C,파생상품계약,131325590000,국내증권사,B,SF205,각주항목(09.06월 이후)
14564,201812,0010132,리딩투자증권주식회사,C1,파생상품계약_장내파생상품,131325590000,국내증권사,B,SF205,각주항목(09.06월 이후)
14565,201812,0010132,리딩투자증권주식회사,C11,파생상품계약_장내파생상품_이자율관련거래,131325590000,국내증권사,B,SF205,각주항목(09.06월 이후)
14566,201812,0010132,리딩투자증권주식회사,C12,파생상품계약_장내파생상품_통화관련거래,0,국내증권사,B,SF205,각주항목(09.06월 이후)
14567,201812,0010132,리딩투자증권주식회사,C13,파생상품계약_장내파생상품_주식관련거래,0,국내증권사,B,SF205,각주항목(09.06월 이후)
14568,201812,0010132,리딩투자증권주식회사,C14,파생상품계약_장내파생상품_일반상품관련거래,0,국내증권사,B,SF205,각주항목(09.06월 이후)
14569,201812,0010132,리딩투자증권주식회사,C15,파생상품계약_장내파생상품_기타,0,국내증권사,B,SF205,각주항목(09.06월 이후)
14570,201812,0010132,리딩투자증권주식회사,C2,파생상품계약_장외파생상품,0,국내증권사,B,SF205,각주항목(09.06월 이후)
14571,201812,0010132,리딩투자증권주식회사,C21,파생상품계약_장외파생상품_이자율관련거래,0,국내증권사,B,SF205,각주항목(09.06월 이후)
14572,201812,0010132,리딩투자증권주식회사,C22,파생상품계약_장외파생상품_통화관련거래,0,국내증권사,B,SF205,각주항목(09.06월 이후)
14573,201812,0010132,리딩투자증권주식회사,C23,파생상품계약_장외파생상품_주식관련거래,0,국내증권사,B,SF205,각주항목(09.06월 이후)
14574,201812,0010132,리딩투자증권주식회사,C24,파생상품계약_장외파생상품_신용관련거래,0,국내증권사,B,SF205,각주항목(09.06월 이후)
14575,201812,0010132,리딩투자증권주식회사,C25,파생상품계약_장외파생상품_기타,0,국내증권사,B,SF205,각주항목(09.06월 이후)
14576,201812,0010132,리딩투자증권주식회사,D,대차 및 대주거래,84219552000,국내증권사,B,SF205,각주항목(09.06월 이후)
14577,201812,0010132,리딩투자증권주식회사,D1,대차 및 대주거래_대여증권,0,국내증권사,B,SF205,각주항목(09.06월 이후)
14578,201812,0010132,리딩투자증권주식회사,D2,대차 및 대주거래_차입증권,84219552000,국내증권사,B,SF205,각주항목(09.06월 이후)
14579,201812,0010132,리딩투자증권주식회사,D3,대차 및 대주거래_신용거래대주,0,국내증권사,B,SF205,각주항목(09.06월 이후)
14580,201812,0010132,리딩투자증권주식회사,E,대손상각채권,0,국내증권사,B,SF205,각주항목(09.06월 이후)
14581,201812,0010132,리딩투자증권주식회사,F,환전업무 예치금,0,국내증권사,B,SF205,각주항목(09.06월 이후)
14582,201812,0010132,리딩투자증권주식회사,G,미배당별도예치금,0,국내증권사,B,SF205,각주항목(09.06월 이후)
14583,201812,0010132,리딩투자증권주식회사,H,배서어음매출(종금계정),0,국내증권사,B,SF205,각주항목(09.06월 이후)
14584,201812,0010132,리딩투자증권주식회사,H1,대출채권매매이익_담보부,0,국내증권사,B,SF205,각주항목(09.06월 이후)
14585,201812,0010132,리딩투자증권주식회사,H2,대출채권매매이익_무담보부,0,국내증권사,B,SF205,각주항목(09.06월 이후)
14586,201903,0010132,리딩투자증권주식회사,A,채무보증,15000000000,국내증권사,B,SF205,각주항목(09.06월 이후)
14587,201903,0010132,리딩투자증권주식회사,A1,채무보증_지급보증,0,국내증권사,B,SF205,각주항목(09.06월 이후)
14588,201903,0010132,리딩투자증권주식회사,A2,채무보증_매입보장약정,0,국내증권사,B,SF205,각주항목(09.06월 이후)
14589,201903,0010132,리딩투자증권주식회사,A3,채무보증_채무인수약정,0,국내증권사,B,SF205,각주항목(09.06월 이후)
14590,201903,0010132,리딩투자증권주식회사,A5,채무보증_매입확약,0,국내증권사,B,SF205,각주항목(09.06월 이후)
14591,201903,0010132,리딩투자증권주식회사,A6,채무보증_기타,15000000000,국내증권사,B,SF205,각주항목(09.06월 이후)
14592,201903,0010132,리딩투자증권주식회사,B,투자자의 예수증권 등,1573136846518,국내증권사,B,SF205,각주항목(09.06월 이후)
14593,201903,0010132,리딩투자증권주식회사,B1,투자자의 예수증권 등_예수 증권,1573136846518,국내증권사,B,SF205,각주항목(09.06월 이후)
14594,201903,0010132,리딩투자증권주식회사,B2,투자자의 예수증권 등_예수양도성예금증서,0,국내증권사,B,SF205,각주항목(09.06월 이후)
14595,201903,0010132,리딩투자증권주식회사,B3,투자자의 예수증권 등_기타,0,국내증권사,B,SF205,각주항목(09.06월 이후)
14596,201903,0010132,리딩투자증권주식회사,C,파생상품계약,9039400000,국내증권사,B,SF205,각주항목(09.06월 이후)
14597,201903,0010132,리딩투자증권주식회사,C1,파생상품계약_장내파생상품,9039400000,국내증권사,B,SF205,각주항목(09.06월 이후)
14598,201903,0010132,리딩투자증권주식회사,C11,파생상품계약_장내파생상품_이자율관련거래,9039400000,국내증권사,B,SF205,각주항목(09.06월 이후)
14599,201903,0010132,리딩투자증권주식회사,C12,파생상품계약_장내파생상품_통화관련거래,0,국내증권사,B,SF205,각주항목(09.06월 이후)
14600,201903,0010132,리딩투자증권주식회사,C13,파생상품계약_장내파생상품_주식관련거래,0,국내증권사,B,SF205,각주항목(09.06월 이후)
14601,201903,0010132,리딩투자증권주식회사,C14,파생상품계약_장내파생상품_일반상품관련거래,0,국내증권사,B,SF205,각주항목(09.06월 이후)
14602,201903,0010132,리딩투자증권주식회사,C15,파생상품계약_장내파생상품_기타,0,국내증권사,B,SF205,각주항목(09.06월 이후)
14603,201903,0010132,리딩투자증권주식회사,C2,파생상품계약_장외파생상품,0,국내증권사,B,SF205,각주항목(09.06월 이후)
14604,201903,0010132,리딩투자증권주식회사,C21,파생상품계약_장외파생상품_이자율관련거래,0,국내증권사,B,SF205,각주항목(09.06월 이후)
14605,201903,0010132,리딩투자증권주식회사,C22,파생상품계약_장외파생상품_통화관련거래,0,국내증권사,B,SF205,각주항목(09.06월 이후)
14606,201903,0010132,리딩투자증권주식회사,C23,파생상품계약_장외파생상품_주식관련거래,0,국내증권사,B,SF205,각주항목(09.06월 이후)
14607,201903,0010132,리딩투자증권주식회사,C24,파생상품계약_장외파생상품_신용관련거래,0,국내증권사,B,SF205,각주항목(09.06월 이후)
14608,201903,0010132,리딩투자증권주식회사,C25,파생상품계약_장외파생상품_기타,0,국내증권사,B,SF205,각주항목(09.06월 이후)
14609,201903,0010132,리딩투자증권주식회사,D,대차 및 대주거래,0,국내증권사,B,SF205,각주항목(09.06월 이후)
14610,201903,0010132,리딩투자증권주식회사,D1,대차 및 대주거래_대여증권,0,국내증권사,B,SF205,각주항목(09.06월 이후)
14611,201903,0010132,리딩투자증권주식회사,D2,대차 및 대주거래_차입증권,0,국내증권사,B,SF205,각주항목(09.06월 이후)
14612,201903,0010132,리딩투자증권주식회사,D3,대차 및 대주거래_신용거래대주,0,국내증권사,B,SF205,각주항목(09.06월 이후)
14613,201903,0010132,리딩투자증권주식회사,E,대손상각채권,0,국내증권사,B,SF205,각주항목(09.06월 이후)
14614,201903,0010132,리딩투자증권주식회사,F,환전업무 예치금,0,국내증권사,B,SF205,각주항목(09.06월 이후)
14615,201903,0010132,리딩투자증권주식회사,G,미배당별도예치금,0,국내증권사,B,SF205,각주항목(09.06월 이후)
14616,201903,0010132,리딩투자증권주식회사,H,배서어음매출(종금계정),0,국내증권사,B,SF205,각주항목(09.06월 이후)
14617,201903,0010132,리딩투자증권주식회사,H1,대출채권매매이익_담보부,0,국내증권사,B,SF205,각주항목(09.06월 이후)
14618,201903,0010132,리딩투자증권주식회사,H2,대출채권매매이익_무담보부,0,국내증권사,B,SF205,각주항목(09.06월 이후)
14619,201906,0010132,리딩투자증권주식회사,A,채무보증,15000000000,국내증권사,B,SF205,각주항목(09.06월 이후)
14620,201906,0010132,리딩투자증권주식회사,A1,채무보증_지급보증,0,국내증권사,B,SF205,각주항목(09.06월 이후)
14621,201906,0010132,리딩투자증권주식회사,A2,채무보증_매입보장약정,0,국내증권사,B,SF205,각주항목(09.06월 이후)
14622,201906,0010132,리딩투자증권주식회사,A3,채무보증_채무인수약정,0,국내증권사,B,SF205,각주항목(09.06월 이후)
14623,201906,0010132,리딩투자증권주식회사,A5,채무보증_매입확약,0,국내증권사,B,SF205,각주항목(09.06월 이후)
14624,201906,0010132,리딩투자증권주식회사,A6,채무보증_기타,15000000000,국내증권사,B,SF205,각주항목(09.06월 이후)
14625,201906,0010132,리딩투자증권주식회사,B,투자자의 예수증권 등,1535360400200,국내증권사,B,SF205,각주항목(09.06월 이후)
14626,201906,0010132,리딩투자증권주식회사,B1,투자자의 예수증권 등_예수 증권,1535360400200,국내증권사,B,SF205,각주항목(09.06월 이후)
14627,201906,0010132,리딩투자증권주식회사,B2,투자자의 예수증권 등_예수양도성예금증서,0,국내증권사,B,SF205,각주항목(09.06월 이후)
14628,201906,0010132,리딩투자증권주식회사,B3,투자자의 예수증권 등_기타,0,국내증권사,B,SF205,각주항목(09.06월 이후)
14629,201906,0010132,리딩투자증권주식회사,C,파생상품계약,348000000,국내증권사,B,SF205,각주항목(09.06월 이후)
14630,201906,0010132,리딩투자증권주식회사,C1,파생상품계약_장내파생상품,348000000,국내증권사,B,SF205,각주항목(09.06월 이후)
14631,201906,0010132,리딩투자증권주식회사,C11,파생상품계약_장내파생상품_이자율관련거래,348000000,국내증권사,B,SF205,각주항목(09.06월 이후)
14632,201906,0010132,리딩투자증권주식회사,C12,파생상품계약_장내파생상품_통화관련거래,0,국내증권사,B,SF205,각주항목(09.06월 이후)
14633,201906,0010132,리딩투자증권주식회사,C13,파생상품계약_장내파생상품_주식관련거래,0,국내증권사,B,SF205,각주항목(09.06월 이후)
14634,201906,0010132,리딩투자증권주식회사,C14,파생상품계약_장내파생상품_일반상품관련거래,0,국내증권사,B,SF205,각주항목(09.06월 이후)
14635,201906,0010132,리딩투자증권주식회사,C15,파생상품계약_장내파생상품_기타,0,국내증권사,B,SF205,각주항목(09.06월 이후)
14636,201906,0010132,리딩투자증권주식회사,C2,파생상품계약_장외파생상품,0,국내증권사,B,SF205,각주항목(09.06월 이후)
14637,201906,0010132,리딩투자증권주식회사,C21,파생상품계약_장외파생상품_이자율관련거래,0,국내증권사,B,SF205,각주항목(09.06월 이후)
14638,201906,0010132,리딩투자증권주식회사,C22,파생상품계약_장외파생상품_통화관련거래,0,국내증권사,B,SF205,각주항목(09.06월 이후)
14639,201906,0010132,리딩투자증권주식회사,C23,파생상품계약_장외파생상품_주식관련거래,0,국내증권사,B,SF205,각주항목(09.06월 이후)
14640,201906,0010132,리딩투자증권주식회사,C24,파생상품계약_장외파생상품_신용관련거래,0,국내증권사,B,SF205,각주항목(09.06월 이후)
14641,201906,0010132,리딩투자증권주식회사,C25,파생상품계약_장외파생상품_기타,0,국내증권사,B,SF205,각주항목(09.06월 이후)
14642,201906,0010132,리딩투자증권주식회사,D,대차 및 대주거래,0,국내증권사,B,SF205,각주항목(09.06월 이후)
14643,201906,0010132,리딩투자증권주식회사,D1,대차 및 대주거래_대여증권,0,국내증권사,B,SF205,각주항목(09.06월 이후)
14644,201906,0010132,리딩투자증권주식회사,D2,대차 및 대주거래_차입증권,0,국내증권사,B,SF205,각주항목(09.06월 이후)
14645,201906,0010132,리딩투자증권주식회사,D3,대차 및 대주거래_신용거래대주,0,국내증권사,B,SF205,각주항목(09.06월 이후)
14646,201906,0010132,리딩투자증권주식회사,E,대손상각채권,0,국내증권사,B,SF205,각주항목(09.06월 이후)
14647,201906,0010132,리딩투자증권주식회사,F,환전업무 예치금,0,국내증권사,B,SF205,각주항목(09.06월 이후)
14648,201906,0010132,리딩투자증권주식회사,G,미배당별도예치금,0,국내증권사,B,SF205,각주항목(09.06월 이후)
14649,201906,0010132,리딩투자증권주식회사,H,배서어음매출(종금계정),0,국내증권사,B,SF205,각주항목(09.06월 이후)
14650,201906,0010132,리딩투자증권주식회사,H1,대출채권매매이익_담보부,0,국내증권사,B,SF205,각주항목(09.06월 이후)
14651,201906,0010132,리딩투자증권주식회사,H2,대출채권매매이익_무담보부,0,국내증권사,B,SF205,각주항목(09.06월 이후)
14652,201909,0010132,리딩투자증권주식회사,A,채무보증,15000000000,국내증권사,B,SF205,각주항목(09.06월 이후)
14653,201909,0010132,리딩투자증권주식회사,A1,채무보증_지급보증,0,국내증권사,B,SF205,각주항목(09.06월 이후)
14654,201909,0010132,리딩투자증권주식회사,A2,채무보증_매입보장약정,0,국내증권사,B,SF205,각주항목(09.06월 이후)
14655,201909,0010132,리딩투자증권주식회사,A3,채무보증_채무인수약정,0,국내증권사,B,SF205,각주항목(09.06월 이후)
14656,201909,0010132,리딩투자증권주식회사,A5,채무보증_매입확약,0,국내증권사,B,SF205,각주항목(09.06월 이후)
14657,201909,0010132,리딩투자증권주식회사,A6,채무보증_기타,15000000000,국내증권사,B,SF205,각주항목(09.06월 이후)
14658,201909,0010132,리딩투자증권주식회사,B,투자자의 예수증권 등,1514516894996,국내증권사,B,SF205,각주항목(09.06월 이후)
14659,201909,0010132,리딩투자증권주식회사,B1,투자자의 예수증권 등_예수 증권,1514516894996,국내증권사,B,SF205,각주항목(09.06월 이후)
14660,201909,0010132,리딩투자증권주식회사,B2,투자자의 예수증권 등_예수양도성예금증서,0,국내증권사,B,SF205,각주항목(09.06월 이후)
14661,201909,0010132,리딩투자증권주식회사,B3,투자자의 예수증권 등_기타,0,국내증권사,B,SF205,각주항목(09.06월 이후)
14662,201909,0010132,리딩투자증권주식회사,C,파생상품계약,66097000,국내증권사,B,SF205,각주항목(09.06월 이후)
14663,201909,0010132,리딩투자증권주식회사,C1,파생상품계약_장내파생상품,66097000,국내증권사,B,SF205,각주항목(09.06월 이후)
14664,201909,0010132,리딩투자증권주식회사,C11,파생상품계약_장내파생상품_이자율관련거래,66097000,국내증권사,B,SF205,각주항목(09.06월 이후)
14665,201909,0010132,리딩투자증권주식회사,C12,파생상품계약_장내파생상품_통화관련거래,0,국내증권사,B,SF205,각주항목(09.06월 이후)
14666,201909,0010132,리딩투자증권주식회사,C13,파생상품계약_장내파생상품_주식관련거래,0,국내증권사,B,SF205,각주항목(09.06월 이후)
14667,201909,0010132,리딩투자증권주식회사,C14,파생상품계약_장내파생상품_일반상품관련거래,0,국내증권사,B,SF205,각주항목(09.06월 이후)
14668,201909,0010132,리딩투자증권주식회사,C15,파생상품계약_장내파생상품_기타,0,국내증권사,B,SF205,각주항목(09.06월 이후)
14669,201909,0010132,리딩투자증권주식회사,C2,파생상품계약_장외파생상품,0,국내증권사,B,SF205,각주항목(09.06월 이후)
14670,201909,0010132,리딩투자증권주식회사,C21,파생상품계약_장외파생상품_이자율관련거래,0,국내증권사,B,SF205,각주항목(09.06월 이후)
14671,201909,0010132,리딩투자증권주식회사,C22,파생상품계약_장외파생상품_통화관련거래,0,국내증권사,B,SF205,각주항목(09.06월 이후)
14672,201909,0010132,리딩투자증권주식회사,C23,파생상품계약_장외파생상품_주식관련거래,0,국내증권사,B,SF205,각주항목(09.06월 이후)
14673,201909,0010132,리딩투자증권주식회사,C24,파생상품계약_장외파생상품_신용관련거래,0,국내증권사,B,SF205,각주항목(09.06월 이후)
14674,201909,0010132,리딩투자증권주식회사,C25,파생상품계약_장외파생상품_기타,0,국내증권사,B,SF205,각주항목(09.06월 이후)
14675,201909,0010132,리딩투자증권주식회사,D,대차 및 대주거래,45330000,국내증권사,B,SF205,각주항목(09.06월 이후)
14676,201909,0010132,리딩투자증권주식회사,D1,대차 및 대주거래_대여증권,0,국내증권사,B,SF205,각주항목(09.06월 이후)
14677,201909,0010132,리딩투자증권주식회사,D2,대차 및 대주거래_차입증권,45330000,국내증권사,B,SF205,각주항목(09.06월 이후)
14678,201909,0010132,리딩투자증권주식회사,D3,대차 및 대주거래_신용거래대주,0,국내증권사,B,SF205,각주항목(09.06월 이후)
14679,201909,0010132,리딩투자증권주식회사,E,대손상각채권,0,국내증권사,B,SF205,각주항목(09.06월 이후)
14680,201909,0010132,리딩투자증권주식회사,F,환전업무 예치금,0,국내증권사,B,SF205,각주항목(09.06월 이후)
14681,201909,0010132,리딩투자증권주식회사,G,미배당별도예치금,0,국내증권사,B,SF205,각주항목(09.06월 이후)
14682,201909,0010132,리딩투자증권주식회사,H,배서어음매출(종금계정),0,국내증권사,B,SF205,각주항목(09.06월 이후)
14683,201909,0010132,리딩투자증권주식회사,H1,대출채권매매이익_담보부,0,국내증권사,B,SF205,각주항목(09.06월 이후)
14684,201909,0010132,리딩투자증권주식회사,H2,대출채권매매이익_무담보부,0,국내증권사,B,SF205,각주항목(09.06월 이후)
14685,201912,0010132,리딩투자증권주식회사,A,채무보증,15000000000,국내증권사,B,SF205,각주항목(09.06월 이후)
14686,201912,0010132,리딩투자증권주식회사,A1,채무보증_지급보증,0,국내증권사,B,SF205,각주항목(09.06월 이후)
14687,201912,0010132,리딩투자증권주식회사,A2,채무보증_매입보장약정,0,국내증권사,B,SF205,각주항목(09.06월 이후)
14688,201912,0010132,리딩투자증권주식회사,A3,채무보증_채무인수약정,0,국내증권사,B,SF205,각주항목(09.06월 이후)
14689,201912,0010132,리딩투자증권주식회사,A5,채무보증_매입확약,0,국내증권사,B,SF205,각주항목(09.06월 이후)
14690,201912,0010132,리딩투자증권주식회사,A6,채무보증_기타,15000000000,국내증권사,B,SF205,각주항목(09.06월 이후)
14691,201912,0010132,리딩투자증권주식회사,B,투자자의 예수증권 등,1715702126538,국내증권사,B,SF205,각주항목(09.06월 이후)
14692,201912,0010132,리딩투자증권주식회사,B1,투자자의 예수증권 등_예수 증권,1715702126538,국내증권사,B,SF205,각주항목(09.06월 이후)
14693,201912,0010132,리딩투자증권주식회사,B2,투자자의 예수증권 등_예수양도성예금증서,0,국내증권사,B,SF205,각주항목(09.06월 이후)
14694,201912,0010132,리딩투자증권주식회사,B3,투자자의 예수증권 등_기타,0,국내증권사,B,SF205,각주항목(09.06월 이후)
14695,201912,0010132,리딩투자증권주식회사,C,파생상품계약,0,국내증권사,B,SF205,각주항목(09.06월 이후)
14696,201912,0010132,리딩투자증권주식회사,C1,파생상품계약_장내파생상품,0,국내증권사,B,SF205,각주항목(09.06월 이후)
14697,201912,0010132,리딩투자증권주식회사,C11,파생상품계약_장내파생상품_이자율관련거래,0,국내증권사,B,SF205,각주항목(09.06월 이후)
14698,201912,0010132,리딩투자증권주식회사,C12,파생상품계약_장내파생상품_통화관련거래,0,국내증권사,B,SF205,각주항목(09.06월 이후)
14699,201912,0010132,리딩투자증권주식회사,C13,파생상품계약_장내파생상품_주식관련거래,0,국내증권사,B,SF205,각주항목(09.06월 이후)
14700,201912,0010132,리딩투자증권주식회사,C14,파생상품계약_장내파생상품_일반상품관련거래,0,국내증권사,B,SF205,각주항목(09.06월 이후)
14701,201912,0010132,리딩투자증권주식회사,C15,파생상품계약_장내파생상품_기타,0,국내증권사,B,SF205,각주항목(09.06월 이후)
14702,201912,0010132,리딩투자증권주식회사,C2,파생상품계약_장외파생상품,0,국내증권사,B,SF205,각주항목(09.06월 이후)
14703,201912,0010132,리딩투자증권주식회사,C21,파생상품계약_장외파생상품_이자율관련거래,0,국내증권사,B,SF205,각주항목(09.06월 이후)
14704,201912,0010132,리딩투자증권주식회사,C22,파생상품계약_장외파생상품_통화관련거래,0,국내증권사,B,SF205,각주항목(09.06월 이후)
14705,201912,0010132,리딩투자증권주식회사,C23,파생상품계약_장외파생상품_주식관련거래,0,국내증권사,B,SF205,각주항목(09.06월 이후)
14706,201912,0010132,리딩투자증권주식회사,C24,파생상품계약_장외파생상품_신용관련거래,0,국내증권사,B,SF205,각주항목(09.06월 이후)
14707,201912,0010132,리딩투자증권주식회사,C25,파생상품계약_장외파생상품_기타,0,국내증권사,B,SF205,각주항목(09.06월 이후)
14708,201912,0010132,리딩투자증권주식회사,D,대차 및 대주거래,194970000,국내증권사,B,SF205,각주항목(09.06월 이후)
14709,201912,0010132,리딩투자증권주식회사,D1,대차 및 대주거래_대여증권,0,국내증권사,B,SF205,각주항목(09.06월 이후)
14710,201912,0010132,리딩투자증권주식회사,D2,대차 및 대주거래_차입증권,194970000,국내증권사,B,SF205,각주항목(09.06월 이후)
14711,201912,0010132,리딩투자증권주식회사,D3,대차 및 대주거래_신용거래대주,0,국내증권사,B,SF205,각주항목(09.06월 이후)
14712,201912,0010132,리딩투자증권주식회사,E,대손상각채권,0,국내증권사,B,SF205,각주항목(09.06월 이후)
14713,201912,0010132,리딩투자증권주식회사,F,환전업무 예치금,0,국내증권사,B,SF205,각주항목(09.06월 이후)
14714,201912,0010132,리딩투자증권주식회사,G,미배당별도예치금,0,국내증권사,B,SF205,각주항목(09.06월 이후)
14715,201912,0010132,리딩투자증권주식회사,H,배서어음매출(종금계정),0,국내증권사,B,SF205,각주항목(09.06월 이후)
14716,201912,0010132,리딩투자증권주식회사,H1,대출채권매매이익_담보부,0,국내증권사,B,SF205,각주항목(09.06월 이후)
14717,201912,0010132,리딩투자증권주식회사,H2,대출채권매매이익_무담보부,0,국내증권사,B,SF205,각주항목(09.06월 이후)
14718,202003,0010132,리딩투자증권주식회사,A,채무보증,10557359120,국내증권사,B,SF205,각주항목(09.06월 이후)
14719,202003,0010132,리딩투자증권주식회사,A1,채무보증_지급보증,0,국내증권사,B,SF205,각주항목(09.06월 이후)
14720,202003,0010132,리딩투자증권주식회사,A2,채무보증_매입보장약정, ,국내증권사,B,SF205,각주항목(09.06월 이후)
14721,202003,0010132,리딩투자증권주식회사,A3,채무보증_채무인수약정, ,국내증권사,B,SF205,각주항목(09.06월 이후)
14722,202003,0010132,리딩투자증권주식회사,A5,채무보증_매입확약,0,국내증권사,B,SF205,각주항목(09.06월 이후)
14723,202003,0010132,리딩투자증권주식회사,A6,채무보증_기타,10557359120,국내증권사,B,SF205,각주항목(09.06월 이후)
14724,202003,0010132,리딩투자증권주식회사,B,투자자의 예수증권 등,1701010703469,국내증권사,B,SF205,각주항목(09.06월 이후)
14725,202003,0010132,리딩투자증권주식회사,B1,투자자의 예수증권 등_예수 증권,1701010703469,국내증권사,B,SF205,각주항목(09.06월 이후)
14726,202003,0010132,리딩투자증권주식회사,B2,투자자의 예수증권 등_예수양도성예금증서, ,국내증권사,B,SF205,각주항목(09.06월 이후)
14727,202003,0010132,리딩투자증권주식회사,B3,투자자의 예수증권 등_기타, ,국내증권사,B,SF205,각주항목(09.06월 이후)
14728,202003,0010132,리딩투자증권주식회사,C,파생상품계약,0,국내증권사,B,SF205,각주항목(09.06월 이후)
14729,202003,0010132,리딩투자증권주식회사,C1,파생상품계약_장내파생상품,0,국내증권사,B,SF205,각주항목(09.06월 이후)
14730,202003,0010132,리딩투자증권주식회사,C11,파생상품계약_장내파생상품_이자율관련거래,0,국내증권사,B,SF205,각주항목(09.06월 이후)
14731,202003,0010132,리딩투자증권주식회사,C12,파생상품계약_장내파생상품_통화관련거래,0,국내증권사,B,SF205,각주항목(09.06월 이후)
14732,202003,0010132,리딩투자증권주식회사,C13,파생상품계약_장내파생상품_주식관련거래,0,국내증권사,B,SF205,각주항목(09.06월 이후)
14733,202003,0010132,리딩투자증권주식회사,C14,파생상품계약_장내파생상품_일반상품관련거래,0,국내증권사,B,SF205,각주항목(09.06월 이후)
14734,202003,0010132,리딩투자증권주식회사,C15,파생상품계약_장내파생상품_기타,0,국내증권사,B,SF205,각주항목(09.06월 이후)
14735,202003,0010132,리딩투자증권주식회사,C2,파생상품계약_장외파생상품,0,국내증권사,B,SF205,각주항목(09.06월 이후)
14736,202003,0010132,리딩투자증권주식회사,C21,파생상품계약_장외파생상품_이자율관련거래,0,국내증권사,B,SF205,각주항목(09.06월 이후)
14737,202003,0010132,리딩투자증권주식회사,C22,파생상품계약_장외파생상품_통화관련거래,0,국내증권사,B,SF205,각주항목(09.06월 이후)
14738,202003,0010132,리딩투자증권주식회사,C23,파생상품계약_장외파생상품_주식관련거래,0,국내증권사,B,SF205,각주항목(09.06월 이후)
14739,202003,0010132,리딩투자증권주식회사,C24,파생상품계약_장외파생상품_신용관련거래,0,국내증권사,B,SF205,각주항목(09.06월 이후)
14740,202003,0010132,리딩투자증권주식회사,C25,파생상품계약_장외파생상품_기타,0,국내증권사,B,SF205,각주항목(09.06월 이후)
14741,202003,0010132,리딩투자증권주식회사,D,대차 및 대주거래,0,국내증권사,B,SF205,각주항목(09.06월 이후)
14742,202003,0010132,리딩투자증권주식회사,D1,대차 및 대주거래_대여증권,0,국내증권사,B,SF205,각주항목(09.06월 이후)
14743,202003,0010132,리딩투자증권주식회사,D2,대차 및 대주거래_차입증권,0,국내증권사,B,SF205,각주항목(09.06월 이후)
14744,202003,0010132,리딩투자증권주식회사,D3,대차 및 대주거래_신용거래대주, ,국내증권사,B,SF205,각주항목(09.06월 이후)
14745,202003,0010132,리딩투자증권주식회사,E,대손상각채권, ,국내증권사,B,SF205,각주항목(09.06월 이후)
14746,202003,0010132,리딩투자증권주식회사,F,환전업무 예치금,0,국내증권사,B,SF205,각주항목(09.06월 이후)
14747,202003,0010132,리딩투자증권주식회사,G,미배당별도예치금, ,국내증권사,B,SF205,각주항목(09.06월 이후)
14748,202003,0010132,리딩투자증권주식회사,H,배서어음매출(종금계정),0,국내증권사,B,SF205,각주항목(09.06월 이후)
14749,202003,0010132,리딩투자증권주식회사,H1,대출채권매매이익_담보부, ,국내증권사,B,SF205,각주항목(09.06월 이후)
14750,202003,0010132,리딩투자증권주식회사,H2,대출채권매매이익_무담보부, ,국내증권사,B,SF205,각주항목(09.06월 이후)
14751,202006,0010132,리딩투자증권주식회사,A,채무보증,7613879120,국내증권사,B,SF205,각주항목(09.06월 이후)
14752,202006,0010132,리딩투자증권주식회사,A1,채무보증_지급보증,0,국내증권사,B,SF205,각주항목(09.06월 이후)
14753,202006,0010132,리딩투자증권주식회사,A2,채무보증_매입보장약정,0,국내증권사,B,SF205,각주항목(09.06월 이후)
14754,202006,0010132,리딩투자증권주식회사,A3,채무보증_채무인수약정,0,국내증권사,B,SF205,각주항목(09.06월 이후)
14755,202006,0010132,리딩투자증권주식회사,A5,채무보증_매입확약,0,국내증권사,B,SF205,각주항목(09.06월 이후)
14756,202006,0010132,리딩투자증권주식회사,A6,채무보증_기타,7613879120,국내증권사,B,SF205,각주항목(09.06월 이후)
14757,202006,0010132,리딩투자증권주식회사,B,투자자의 예수증권 등,2090150725574,국내증권사,B,SF205,각주항목(09.06월 이후)
14758,202006,0010132,리딩투자증권주식회사,B1,투자자의 예수증권 등_예수 증권,2090150725574,국내증권사,B,SF205,각주항목(09.06월 이후)
14759,202006,0010132,리딩투자증권주식회사,B2,투자자의 예수증권 등_예수양도성예금증서,0,국내증권사,B,SF205,각주항목(09.06월 이후)
14760,202006,0010132,리딩투자증권주식회사,B3,투자자의 예수증권 등_기타,0,국내증권사,B,SF205,각주항목(09.06월 이후)
14761,202006,0010132,리딩투자증권주식회사,C,파생상품계약,0,국내증권사,B,SF205,각주항목(09.06월 이후)
14762,202006,0010132,리딩투자증권주식회사,C1,파생상품계약_장내파생상품,0,국내증권사,B,SF205,각주항목(09.06월 이후)
14763,202006,0010132,리딩투자증권주식회사,C11,파생상품계약_장내파생상품_이자율관련거래,0,국내증권사,B,SF205,각주항목(09.06월 이후)
14764,202006,0010132,리딩투자증권주식회사,C12,파생상품계약_장내파생상품_통화관련거래,0,국내증권사,B,SF205,각주항목(09.06월 이후)
14765,202006,0010132,리딩투자증권주식회사,C13,파생상품계약_장내파생상품_주식관련거래,0,국내증권사,B,SF205,각주항목(09.06월 이후)
14766,202006,0010132,리딩투자증권주식회사,C14,파생상품계약_장내파생상품_일반상품관련거래,0,국내증권사,B,SF205,각주항목(09.06월 이후)
14767,202006,0010132,리딩투자증권주식회사,C15,파생상품계약_장내파생상품_기타,0,국내증권사,B,SF205,각주항목(09.06월 이후)
14768,202006,0010132,리딩투자증권주식회사,C2,파생상품계약_장외파생상품,0,국내증권사,B,SF205,각주항목(09.06월 이후)
14769,202006,0010132,리딩투자증권주식회사,C21,파생상품계약_장외파생상품_이자율관련거래,0,국내증권사,B,SF205,각주항목(09.06월 이후)
14770,202006,0010132,리딩투자증권주식회사,C22,파생상품계약_장외파생상품_통화관련거래,0,국내증권사,B,SF205,각주항목(09.06월 이후)
14771,202006,0010132,리딩투자증권주식회사,C23,파생상품계약_장외파생상품_주식관련거래,0,국내증권사,B,SF205,각주항목(09.06월 이후)
14772,202006,0010132,리딩투자증권주식회사,C24,파생상품계약_장외파생상품_신용관련거래,0,국내증권사,B,SF205,각주항목(09.06월 이후)
14773,202006,0010132,리딩투자증권주식회사,C25,파생상품계약_장외파생상품_기타,0,국내증권사,B,SF205,각주항목(09.06월 이후)
14774,202006,0010132,리딩투자증권주식회사,D,대차 및 대주거래,0,국내증권사,B,SF205,각주항목(09.06월 이후)
14775,202006,0010132,리딩투자증권주식회사,D1,대차 및 대주거래_대여증권,0,국내증권사,B,SF205,각주항목(09.06월 이후)
14776,202006,0010132,리딩투자증권주식회사,D2,대차 및 대주거래_차입증권,0,국내증권사,B,SF205,각주항목(09.06월 이후)
14777,202006,0010132,리딩투자증권주식회사,D3,대차 및 대주거래_신용거래대주,0,국내증권사,B,SF205,각주항목(09.06월 이후)
14778,202006,0010132,리딩투자증권주식회사,E,대손상각채권,0,국내증권사,B,SF205,각주항목(09.06월 이후)
14779,202006,0010132,리딩투자증권주식회사,F,환전업무 예치금,0,국내증권사,B,SF205,각주항목(09.06월 이후)
14780,202006,0010132,리딩투자증권주식회사,G,미배당별도예치금,0,국내증권사,B,SF205,각주항목(09.06월 이후)
14781,202006,0010132,리딩투자증권주식회사,H,배서어음매출(종금계정),0,국내증권사,B,SF205,각주항목(09.06월 이후)
14782,202006,0010132,리딩투자증권주식회사,H1,대출채권매매이익_담보부,0,국내증권사,B,SF205,각주항목(09.06월 이후)
14783,202006,0010132,리딩투자증권주식회사,H2,대출채권매매이익_무담보부,0,국내증권사,B,SF205,각주항목(09.06월 이후)
14784,202009,0010132,리딩투자증권주식회사,A,채무보증,11298646243,국내증권사,B,SF205,각주항목(09.06월 이후)
14785,202009,0010132,리딩투자증권주식회사,A1,채무보증_지급보증,0,국내증권사,B,SF205,각주항목(09.06월 이후)
14786,202009,0010132,리딩투자증권주식회사,A2,채무보증_매입보장약정,0,국내증권사,B,SF205,각주항목(09.06월 이후)
14787,202009,0010132,리딩투자증권주식회사,A3,채무보증_채무인수약정,0,국내증권사,B,SF205,각주항목(09.06월 이후)
14788,202009,0010132,리딩투자증권주식회사,A5,채무보증_매입확약,0,국내증권사,B,SF205,각주항목(09.06월 이후)
14789,202009,0010132,리딩투자증권주식회사,A6,채무보증_기타,11298646243,국내증권사,B,SF205,각주항목(09.06월 이후)
14790,202009,0010132,리딩투자증권주식회사,B,투자자의 예수증권 등,2024849159167,국내증권사,B,SF205,각주항목(09.06월 이후)
14791,202009,0010132,리딩투자증권주식회사,B1,투자자의 예수증권 등_예수 증권,2024849159167,국내증권사,B,SF205,각주항목(09.06월 이후)
14792,202009,0010132,리딩투자증권주식회사,B2,투자자의 예수증권 등_예수양도성예금증서,0,국내증권사,B,SF205,각주항목(09.06월 이후)
14793,202009,0010132,리딩투자증권주식회사,B3,투자자의 예수증권 등_기타,0,국내증권사,B,SF205,각주항목(09.06월 이후)
14794,202009,0010132,리딩투자증권주식회사,C,파생상품계약,0,국내증권사,B,SF205,각주항목(09.06월 이후)
14795,202009,0010132,리딩투자증권주식회사,C1,파생상품계약_장내파생상품,0,국내증권사,B,SF205,각주항목(09.06월 이후)
14796,202009,0010132,리딩투자증권주식회사,C11,파생상품계약_장내파생상품_이자율관련거래,0,국내증권사,B,SF205,각주항목(09.06월 이후)
14797,202009,0010132,리딩투자증권주식회사,C12,파생상품계약_장내파생상품_통화관련거래,0,국내증권사,B,SF205,각주항목(09.06월 이후)
14798,202009,0010132,리딩투자증권주식회사,C13,파생상품계약_장내파생상품_주식관련거래,0,국내증권사,B,SF205,각주항목(09.06월 이후)
14799,202009,0010132,리딩투자증권주식회사,C14,파생상품계약_장내파생상품_일반상품관련거래,0,국내증권사,B,SF205,각주항목(09.06월 이후)
14800,202009,0010132,리딩투자증권주식회사,C15,파생상품계약_장내파생상품_기타,0,국내증권사,B,SF205,각주항목(09.06월 이후)
14801,202009,0010132,리딩투자증권주식회사,C2,파생상품계약_장외파생상품,0,국내증권사,B,SF205,각주항목(09.06월 이후)
14802,202009,0010132,리딩투자증권주식회사,C21,파생상품계약_장외파생상품_이자율관련거래,0,국내증권사,B,SF205,각주항목(09.06월 이후)
14803,202009,0010132,리딩투자증권주식회사,C22,파생상품계약_장외파생상품_통화관련거래,0,국내증권사,B,SF205,각주항목(09.06월 이후)
14804,202009,0010132,리딩투자증권주식회사,C23,파생상품계약_장외파생상품_주식관련거래,0,국내증권사,B,SF205,각주항목(09.06월 이후)
14805,202009,0010132,리딩투자증권주식회사,C24,파생상품계약_장외파생상품_신용관련거래,0,국내증권사,B,SF205,각주항목(09.06월 이후)
14806,202009,0010132,리딩투자증권주식회사,C25,파생상품계약_장외파생상품_기타,0,국내증권사,B,SF205,각주항목(09.06월 이후)
14807,202009,0010132,리딩투자증권주식회사,D,대차 및 대주거래,128396440000,국내증권사,B,SF205,각주항목(09.06월 이후)
14808,202009,0010132,리딩투자증권주식회사,D1,대차 및 대주거래_대여증권,0,국내증권사,B,SF205,각주항목(09.06월 이후)
14809,202009,0010132,리딩투자증권주식회사,D2,대차 및 대주거래_차입증권,128396440000,국내증권사,B,SF205,각주항목(09.06월 이후)
14810,202009,0010132,리딩투자증권주식회사,D3,대차 및 대주거래_신용거래대주,0,국내증권사,B,SF205,각주항목(09.06월 이후)
14811,202009,0010132,리딩투자증권주식회사,E,대손상각채권,0,국내증권사,B,SF205,각주항목(09.06월 이후)
14812,202009,0010132,리딩투자증권주식회사,F,환전업무 예치금,0,국내증권사,B,SF205,각주항목(09.06월 이후)
14813,202009,0010132,리딩투자증권주식회사,G,미배당별도예치금,0,국내증권사,B,SF205,각주항목(09.06월 이후)
14814,202009,0010132,리딩투자증권주식회사,H,배서어음매출(종금계정),0,국내증권사,B,SF205,각주항목(09.06월 이후)
14815,202009,0010132,리딩투자증권주식회사,H1,대출채권매매이익_담보부,0,국내증권사,B,SF205,각주항목(09.06월 이후)
14816,202009,0010132,리딩투자증권주식회사,H2,대출채권매매이익_무담보부,0,국내증권사,B,SF205,각주항목(09.06월 이후)
14817,202012,0010132,리딩투자증권주식회사,A,채무보증,6350000000,국내증권사,B,SF205,각주항목(09.06월 이후)
14818,202012,0010132,리딩투자증권주식회사,A1,채무보증_지급보증,0,국내증권사,B,SF205,각주항목(09.06월 이후)
14819,202012,0010132,리딩투자증권주식회사,A2,채무보증_매입보장약정,0,국내증권사,B,SF205,각주항목(09.06월 이후)
14820,202012,0010132,리딩투자증권주식회사,A3,채무보증_채무인수약정,0,국내증권사,B,SF205,각주항목(09.06월 이후)
14821,202012,0010132,리딩투자증권주식회사,A5,채무보증_매입확약,0,국내증권사,B,SF205,각주항목(09.06월 이후)
14822,202012,0010132,리딩투자증권주식회사,A6,채무보증_기타,6350000000,국내증권사,B,SF205,각주항목(09.06월 이후)
14823,202012,0010132,리딩투자증권주식회사,B,투자자의 예수증권 등,2544737933526,국내증권사,B,SF205,각주항목(09.06월 이후)
14824,202012,0010132,리딩투자증권주식회사,B1,투자자의 예수증권 등_예수 증권,2544737933526,국내증권사,B,SF205,각주항목(09.06월 이후)
14825,202012,0010132,리딩투자증권주식회사,B2,투자자의 예수증권 등_예수양도성예금증서,0,국내증권사,B,SF205,각주항목(09.06월 이후)
14826,202012,0010132,리딩투자증권주식회사,B3,투자자의 예수증권 등_기타,0,국내증권사,B,SF205,각주항목(09.06월 이후)
14827,202012,0010132,리딩투자증권주식회사,C,파생상품계약,0,국내증권사,B,SF205,각주항목(09.06월 이후)
14828,202012,0010132,리딩투자증권주식회사,C1,파생상품계약_장내파생상품,0,국내증권사,B,SF205,각주항목(09.06월 이후)
14829,202012,0010132,리딩투자증권주식회사,C11,파생상품계약_장내파생상품_이자율관련거래,0,국내증권사,B,SF205,각주항목(09.06월 이후)
14830,202012,0010132,리딩투자증권주식회사,C12,파생상품계약_장내파생상품_통화관련거래,0,국내증권사,B,SF205,각주항목(09.06월 이후)
14831,202012,0010132,리딩투자증권주식회사,C13,파생상품계약_장내파생상품_주식관련거래,0,국내증권사,B,SF205,각주항목(09.06월 이후)
14832,202012,0010132,리딩투자증권주식회사,C14,파생상품계약_장내파생상품_일반상품관련거래,0,국내증권사,B,SF205,각주항목(09.06월 이후)
14833,202012,0010132,리딩투자증권주식회사,C15,파생상품계약_장내파생상품_기타,0,국내증권사,B,SF205,각주항목(09.06월 이후)
14834,202012,0010132,리딩투자증권주식회사,C2,파생상품계약_장외파생상품,0,국내증권사,B,SF205,각주항목(09.06월 이후)
14835,202012,0010132,리딩투자증권주식회사,C21,파생상품계약_장외파생상품_이자율관련거래,0,국내증권사,B,SF205,각주항목(09.06월 이후)
14836,202012,0010132,리딩투자증권주식회사,C22,파생상품계약_장외파생상품_통화관련거래,0,국내증권사,B,SF205,각주항목(09.06월 이후)
14837,202012,0010132,리딩투자증권주식회사,C23,파생상품계약_장외파생상품_주식관련거래,0,국내증권사,B,SF205,각주항목(09.06월 이후)
14838,202012,0010132,리딩투자증권주식회사,C24,파생상품계약_장외파생상품_신용관련거래,0,국내증권사,B,SF205,각주항목(09.06월 이후)
14839,202012,0010132,리딩투자증권주식회사,C25,파생상품계약_장외파생상품_기타,0,국내증권사,B,SF205,각주항목(09.06월 이후)
14840,202012,0010132,리딩투자증권주식회사,D,대차 및 대주거래,54535679000,국내증권사,B,SF205,각주항목(09.06월 이후)
14841,202012,0010132,리딩투자증권주식회사,D1,대차 및 대주거래_대여증권,0,국내증권사,B,SF205,각주항목(09.06월 이후)
14842,202012,0010132,리딩투자증권주식회사,D2,대차 및 대주거래_차입증권,54535679000,국내증권사,B,SF205,각주항목(09.06월 이후)
14843,202012,0010132,리딩투자증권주식회사,D3,대차 및 대주거래_신용거래대주,0,국내증권사,B,SF205,각주항목(09.06월 이후)
14844,202012,0010132,리딩투자증권주식회사,E,대손상각채권,0,국내증권사,B,SF205,각주항목(09.06월 이후)
14845,202012,0010132,리딩투자증권주식회사,F,환전업무 예치금,0,국내증권사,B,SF205,각주항목(09.06월 이후)
14846,202012,0010132,리딩투자증권주식회사,G,미배당별도예치금,0,국내증권사,B,SF205,각주항목(09.06월 이후)
14847,202012,0010132,리딩투자증권주식회사,H,배서어음매출(종금계정),0,국내증권사,B,SF205,각주항목(09.06월 이후)
14848,202012,0010132,리딩투자증권주식회사,H1,대출채권매매이익_담보부,0,국내증권사,B,SF205,각주항목(09.06월 이후)
14849,202012,0010132,리딩투자증권주식회사,H2,대출채권매매이익_무담보부,0,국내증권사,B,SF205,각주항목(09.06월 이후)
14850,202103,0010132,리딩투자증권주식회사,A,채무보증,7100000000,국내증권사,B,SF205,각주항목(09.06월 이후)
14851,202103,0010132,리딩투자증권주식회사,A1,채무보증_지급보증,0,국내증권사,B,SF205,각주항목(09.06월 이후)
14852,202103,0010132,리딩투자증권주식회사,A2,채무보증_매입보장약정,0,국내증권사,B,SF205,각주항목(09.06월 이후)
14853,202103,0010132,리딩투자증권주식회사,A3,채무보증_채무인수약정,0,국내증권사,B,SF205,각주항목(09.06월 이후)
14854,202103,0010132,리딩투자증권주식회사,A5,채무보증_매입확약,0,국내증권사,B,SF205,각주항목(09.06월 이후)
14855,202103,0010132,리딩투자증권주식회사,A6,채무보증_기타,7100000000,국내증권사,B,SF205,각주항목(09.06월 이후)
14856,202103,0010132,리딩투자증권주식회사,B,투자자의 예수증권 등,2508822390362,국내증권사,B,SF205,각주항목(09.06월 이후)
14857,202103,0010132,리딩투자증권주식회사,B1,투자자의 예수증권 등_예수 증권,2508822390362,국내증권사,B,SF205,각주항목(09.06월 이후)
14858,202103,0010132,리딩투자증권주식회사,B2,투자자의 예수증권 등_예수양도성예금증서,0,국내증권사,B,SF205,각주항목(09.06월 이후)
14859,202103,0010132,리딩투자증권주식회사,B3,투자자의 예수증권 등_기타,0,국내증권사,B,SF205,각주항목(09.06월 이후)
14860,202103,0010132,리딩투자증권주식회사,C,파생상품계약,0,국내증권사,B,SF205,각주항목(09.06월 이후)
14861,202103,0010132,리딩투자증권주식회사,C1,파생상품계약_장내파생상품,0,국내증권사,B,SF205,각주항목(09.06월 이후)
14862,202103,0010132,리딩투자증권주식회사,C11,파생상품계약_장내파생상품_이자율관련거래,0,국내증권사,B,SF205,각주항목(09.06월 이후)
14863,202103,0010132,리딩투자증권주식회사,C12,파생상품계약_장내파생상품_통화관련거래,0,국내증권사,B,SF205,각주항목(09.06월 이후)
14864,202103,0010132,리딩투자증권주식회사,C13,파생상품계약_장내파생상품_주식관련거래,0,국내증권사,B,SF205,각주항목(09.06월 이후)
14865,202103,0010132,리딩투자증권주식회사,C14,파생상품계약_장내파생상품_일반상품관련거래,0,국내증권사,B,SF205,각주항목(09.06월 이후)
14866,202103,0010132,리딩투자증권주식회사,C15,파생상품계약_장내파생상품_기타,0,국내증권사,B,SF205,각주항목(09.06월 이후)
14867,202103,0010132,리딩투자증권주식회사,C2,파생상품계약_장외파생상품,0,국내증권사,B,SF205,각주항목(09.06월 이후)
14868,202103,0010132,리딩투자증권주식회사,C21,파생상품계약_장외파생상품_이자율관련거래,0,국내증권사,B,SF205,각주항목(09.06월 이후)
14869,202103,0010132,리딩투자증권주식회사,C22,파생상품계약_장외파생상품_통화관련거래,0,국내증권사,B,SF205,각주항목(09.06월 이후)
14870,202103,0010132,리딩투자증권주식회사,C23,파생상품계약_장외파생상품_주식관련거래,0,국내증권사,B,SF205,각주항목(09.06월 이후)
14871,202103,0010132,리딩투자증권주식회사,C24,파생상품계약_장외파생상품_신용관련거래,0,국내증권사,B,SF205,각주항목(09.06월 이후)
14872,202103,0010132,리딩투자증권주식회사,C25,파생상품계약_장외파생상품_기타,0,국내증권사,B,SF205,각주항목(09.06월 이후)
14873,202103,0010132,리딩투자증권주식회사,D,대차 및 대주거래,0,국내증권사,B,SF205,각주항목(09.06월 이후)
14874,202103,0010132,리딩투자증권주식회사,D1,대차 및 대주거래_대여증권,0,국내증권사,B,SF205,각주항목(09.06월 이후)
14875,202103,0010132,리딩투자증권주식회사,D2,대차 및 대주거래_차입증권,0,국내증권사,B,SF205,각주항목(09.06월 이후)
14876,202103,0010132,리딩투자증권주식회사,D3,대차 및 대주거래_신용거래대주,0,국내증권사,B,SF205,각주항목(09.06월 이후)
14877,202103,0010132,리딩투자증권주식회사,E,대손상각채권,0,국내증권사,B,SF205,각주항목(09.06월 이후)
14878,202103,0010132,리딩투자증권주식회사,F,환전업무 예치금,0,국내증권사,B,SF205,각주항목(09.06월 이후)
14879,202103,0010132,리딩투자증권주식회사,G,미배당별도예치금,0,국내증권사,B,SF205,각주항목(09.06월 이후)
14880,202103,0010132,리딩투자증권주식회사,H,배서어음매출(종금계정),0,국내증권사,B,SF205,각주항목(09.06월 이후)
14881,202103,0010132,리딩투자증권주식회사,H1,대출채권매매이익_담보부,0,국내증권사,B,SF205,각주항목(09.06월 이후)
14882,202103,0010132,리딩투자증권주식회사,H2,대출채권매매이익_무담보부,0,국내증권사,B,SF205,각주항목(09.06월 이후)
14883,202106,0010132,리딩투자증권주식회사,A,채무보증,5900000000,국내증권사,B,SF205,각주항목(09.06월 이후)
14884,202106,0010132,리딩투자증권주식회사,A1,채무보증_지급보증,0,국내증권사,B,SF205,각주항목(09.06월 이후)
14885,202106,0010132,리딩투자증권주식회사,A2,채무보증_매입보장약정,0,국내증권사,B,SF205,각주항목(09.06월 이후)
14886,202106,0010132,리딩투자증권주식회사,A3,채무보증_채무인수약정,0,국내증권사,B,SF205,각주항목(09.06월 이후)
14887,202106,0010132,리딩투자증권주식회사,A5,채무보증_매입확약,0,국내증권사,B,SF205,각주항목(09.06월 이후)
14888,202106,0010132,리딩투자증권주식회사,A6,채무보증_기타,5900000000,국내증권사,B,SF205,각주항목(09.06월 이후)
14889,202106,0010132,리딩투자증권주식회사,B,투자자의 예수증권 등,2872170093029,국내증권사,B,SF205,각주항목(09.06월 이후)
14890,202106,0010132,리딩투자증권주식회사,B1,투자자의 예수증권 등_예수 증권,2872170093029,국내증권사,B,SF205,각주항목(09.06월 이후)
14891,202106,0010132,리딩투자증권주식회사,B2,투자자의 예수증권 등_예수양도성예금증서,0,국내증권사,B,SF205,각주항목(09.06월 이후)
14892,202106,0010132,리딩투자증권주식회사,B3,투자자의 예수증권 등_기타,0,국내증권사,B,SF205,각주항목(09.06월 이후)
14893,202106,0010132,리딩투자증권주식회사,C,파생상품계약,0,국내증권사,B,SF205,각주항목(09.06월 이후)
14894,202106,0010132,리딩투자증권주식회사,C1,파생상품계약_장내파생상품,0,국내증권사,B,SF205,각주항목(09.06월 이후)
14895,202106,0010132,리딩투자증권주식회사,C11,파생상품계약_장내파생상품_이자율관련거래,0,국내증권사,B,SF205,각주항목(09.06월 이후)
14896,202106,0010132,리딩투자증권주식회사,C12,파생상품계약_장내파생상품_통화관련거래,0,국내증권사,B,SF205,각주항목(09.06월 이후)
14897,202106,0010132,리딩투자증권주식회사,C13,파생상품계약_장내파생상품_주식관련거래,0,국내증권사,B,SF205,각주항목(09.06월 이후)
14898,202106,0010132,리딩투자증권주식회사,C14,파생상품계약_장내파생상품_일반상품관련거래,0,국내증권사,B,SF205,각주항목(09.06월 이후)
14899,202106,0010132,리딩투자증권주식회사,C15,파생상품계약_장내파생상품_기타,0,국내증권사,B,SF205,각주항목(09.06월 이후)
14900,202106,0010132,리딩투자증권주식회사,C2,파생상품계약_장외파생상품,0,국내증권사,B,SF205,각주항목(09.06월 이후)
14901,202106,0010132,리딩투자증권주식회사,C21,파생상품계약_장외파생상품_이자율관련거래,0,국내증권사,B,SF205,각주항목(09.06월 이후)
14902,202106,0010132,리딩투자증권주식회사,C22,파생상품계약_장외파생상품_통화관련거래,0,국내증권사,B,SF205,각주항목(09.06월 이후)
14903,202106,0010132,리딩투자증권주식회사,C23,파생상품계약_장외파생상품_주식관련거래,0,국내증권사,B,SF205,각주항목(09.06월 이후)
14904,202106,0010132,리딩투자증권주식회사,C24,파생상품계약_장외파생상품_신용관련거래,0,국내증권사,B,SF205,각주항목(09.06월 이후)
14905,202106,0010132,리딩투자증권주식회사,C25,파생상품계약_장외파생상품_기타,0,국내증권사,B,SF205,각주항목(09.06월 이후)
14906,202106,0010132,리딩투자증권주식회사,D,대차 및 대주거래,186652077000,국내증권사,B,SF205,각주항목(09.06월 이후)
14907,202106,0010132,리딩투자증권주식회사,D1,대차 및 대주거래_대여증권,0,국내증권사,B,SF205,각주항목(09.06월 이후)
14908,202106,0010132,리딩투자증권주식회사,D2,대차 및 대주거래_차입증권,186652077000,국내증권사,B,SF205,각주항목(09.06월 이후)
14909,202106,0010132,리딩투자증권주식회사,D3,대차 및 대주거래_신용거래대주,0,국내증권사,B,SF205,각주항목(09.06월 이후)
14910,202106,0010132,리딩투자증권주식회사,E,대손상각채권,0,국내증권사,B,SF205,각주항목(09.06월 이후)
14911,202106,0010132,리딩투자증권주식회사,F,환전업무 예치금,0,국내증권사,B,SF205,각주항목(09.06월 이후)
14912,202106,0010132,리딩투자증권주식회사,G,미배당별도예치금,0,국내증권사,B,SF205,각주항목(09.06월 이후)
14913,202106,0010132,리딩투자증권주식회사,H,배서어음매출(종금계정),0,국내증권사,B,SF205,각주항목(09.06월 이후)
14914,202106,0010132,리딩투자증권주식회사,H1,대출채권매매이익_담보부,0,국내증권사,B,SF205,각주항목(09.06월 이후)
14915,202106,0010132,리딩투자증권주식회사,H2,대출채권매매이익_무담보부,0,국내증권사,B,SF205,각주항목(09.06월 이후)
14916,202109,0010132,리딩투자증권주식회사,A,채무보증,13300000000,국내증권사,B,SF205,각주항목(09.06월 이후)
14917,202109,0010132,리딩투자증권주식회사,A1,채무보증_지급보증,0,국내증권사,B,SF205,각주항목(09.06월 이후)
14918,202109,0010132,리딩투자증권주식회사,A2,채무보증_매입보장약정,0,국내증권사,B,SF205,각주항목(09.06월 이후)
14919,202109,0010132,리딩투자증권주식회사,A3,채무보증_채무인수약정,0,국내증권사,B,SF205,각주항목(09.06월 이후)
14920,202109,0010132,리딩투자증권주식회사,A5,채무보증_매입확약,0,국내증권사,B,SF205,각주항목(09.06월 이후)
14921,202109,0010132,리딩투자증권주식회사,A6,채무보증_기타,13300000000,국내증권사,B,SF205,각주항목(09.06월 이후)
14922,202109,0010132,리딩투자증권주식회사,B,투자자의 예수증권 등,3043041352629,국내증권사,B,SF205,각주항목(09.06월 이후)
14923,202109,0010132,리딩투자증권주식회사,B1,투자자의 예수증권 등_예수 증권,3043041352629,국내증권사,B,SF205,각주항목(09.06월 이후)
14924,202109,0010132,리딩투자증권주식회사,B2,투자자의 예수증권 등_예수양도성예금증서,0,국내증권사,B,SF205,각주항목(09.06월 이후)
14925,202109,0010132,리딩투자증권주식회사,B3,투자자의 예수증권 등_기타,0,국내증권사,B,SF205,각주항목(09.06월 이후)
14926,202109,0010132,리딩투자증권주식회사,C,파생상품계약,0,국내증권사,B,SF205,각주항목(09.06월 이후)
14927,202109,0010132,리딩투자증권주식회사,C1,파생상품계약_장내파생상품,0,국내증권사,B,SF205,각주항목(09.06월 이후)
14928,202109,0010132,리딩투자증권주식회사,C11,파생상품계약_장내파생상품_이자율관련거래,0,국내증권사,B,SF205,각주항목(09.06월 이후)
14929,202109,0010132,리딩투자증권주식회사,C12,파생상품계약_장내파생상품_통화관련거래,0,국내증권사,B,SF205,각주항목(09.06월 이후)
14930,202109,0010132,리딩투자증권주식회사,C13,파생상품계약_장내파생상품_주식관련거래,0,국내증권사,B,SF205,각주항목(09.06월 이후)
14931,202109,0010132,리딩투자증권주식회사,C14,파생상품계약_장내파생상품_일반상품관련거래,0,국내증권사,B,SF205,각주항목(09.06월 이후)
14932,202109,0010132,리딩투자증권주식회사,C15,파생상품계약_장내파생상품_기타,0,국내증권사,B,SF205,각주항목(09.06월 이후)
14933,202109,0010132,리딩투자증권주식회사,C2,파생상품계약_장외파생상품,0,국내증권사,B,SF205,각주항목(09.06월 이후)
14934,202109,0010132,리딩투자증권주식회사,C21,파생상품계약_장외파생상품_이자율관련거래,0,국내증권사,B,SF205,각주항목(09.06월 이후)
14935,202109,0010132,리딩투자증권주식회사,C22,파생상품계약_장외파생상품_통화관련거래,0,국내증권사,B,SF205,각주항목(09.06월 이후)
14936,202109,0010132,리딩투자증권주식회사,C23,파생상품계약_장외파생상품_주식관련거래,0,국내증권사,B,SF205,각주항목(09.06월 이후)
14937,202109,0010132,리딩투자증권주식회사,C24,파생상품계약_장외파생상품_신용관련거래,0,국내증권사,B,SF205,각주항목(09.06월 이후)
14938,202109,0010132,리딩투자증권주식회사,C25,파생상품계약_장외파생상품_기타,0,국내증권사,B,SF205,각주항목(09.06월 이후)
14939,202109,0010132,리딩투자증권주식회사,D,대차 및 대주거래,49131080000,국내증권사,B,SF205,각주항목(09.06월 이후)
14940,202109,0010132,리딩투자증권주식회사,D1,대차 및 대주거래_대여증권,0,국내증권사,B,SF205,각주항목(09.06월 이후)
14941,202109,0010132,리딩투자증권주식회사,D2,대차 및 대주거래_차입증권,49131080000,국내증권사,B,SF205,각주항목(09.06월 이후)
14942,202109,0010132,리딩투자증권주식회사,D3,대차 및 대주거래_신용거래대주,0,국내증권사,B,SF205,각주항목(09.06월 이후)
14943,202109,0010132,리딩투자증권주식회사,E,대손상각채권,0,국내증권사,B,SF205,각주항목(09.06월 이후)
14944,202109,0010132,리딩투자증권주식회사,F,환전업무 예치금,0,국내증권사,B,SF205,각주항목(09.06월 이후)
14945,202109,0010132,리딩투자증권주식회사,G,미배당별도예치금,0,국내증권사,B,SF205,각주항목(09.06월 이후)
14946,202109,0010132,리딩투자증권주식회사,H,배서어음매출(종금계정),0,국내증권사,B,SF205,각주항목(09.06월 이후)
14947,202109,0010132,리딩투자증권주식회사,H1,대출채권매매이익_담보부,0,국내증권사,B,SF205,각주항목(09.06월 이후)
14948,202109,0010132,리딩투자증권주식회사,H2,대출채권매매이익_무담보부,0,국내증권사,B,SF205,각주항목(09.06월 이후)
14949,202112,0010132,리딩투자증권주식회사,A,채무보증,5300000000,국내증권사,B,SF205,각주항목(09.06월 이후)
14950,202112,0010132,리딩투자증권주식회사,A1,채무보증_지급보증,0,국내증권사,B,SF205,각주항목(09.06월 이후)
14951,202112,0010132,리딩투자증권주식회사,A2,채무보증_매입보장약정,0,국내증권사,B,SF205,각주항목(09.06월 이후)
14952,202112,0010132,리딩투자증권주식회사,A3,채무보증_채무인수약정,0,국내증권사,B,SF205,각주항목(09.06월 이후)
14953,202112,0010132,리딩투자증권주식회사,A5,채무보증_매입확약,0,국내증권사,B,SF205,각주항목(09.06월 이후)
14954,202112,0010132,리딩투자증권주식회사,A6,채무보증_기타,5300000000,국내증권사,B,SF205,각주항목(09.06월 이후)
14955,202112,0010132,리딩투자증권주식회사,B,투자자의 예수증권 등,3011430080911,국내증권사,B,SF205,각주항목(09.06월 이후)
14956,202112,0010132,리딩투자증권주식회사,B1,투자자의 예수증권 등_예수 증권,3011430080911,국내증권사,B,SF205,각주항목(09.06월 이후)
14957,202112,0010132,리딩투자증권주식회사,B2,투자자의 예수증권 등_예수양도성예금증서,0,국내증권사,B,SF205,각주항목(09.06월 이후)
14958,202112,0010132,리딩투자증권주식회사,B3,투자자의 예수증권 등_기타,0,국내증권사,B,SF205,각주항목(09.06월 이후)
14959,202112,0010132,리딩투자증권주식회사,C,파생상품계약,0,국내증권사,B,SF205,각주항목(09.06월 이후)
14960,202112,0010132,리딩투자증권주식회사,C1,파생상품계약_장내파생상품,0,국내증권사,B,SF205,각주항목(09.06월 이후)
14961,202112,0010132,리딩투자증권주식회사,C11,파생상품계약_장내파생상품_이자율관련거래,0,국내증권사,B,SF205,각주항목(09.06월 이후)
14962,202112,0010132,리딩투자증권주식회사,C12,파생상품계약_장내파생상품_통화관련거래,0,국내증권사,B,SF205,각주항목(09.06월 이후)
14963,202112,0010132,리딩투자증권주식회사,C13,파생상품계약_장내파생상품_주식관련거래,0,국내증권사,B,SF205,각주항목(09.06월 이후)
14964,202112,0010132,리딩투자증권주식회사,C14,파생상품계약_장내파생상품_일반상품관련거래,0,국내증권사,B,SF205,각주항목(09.06월 이후)
14965,202112,0010132,리딩투자증권주식회사,C15,파생상품계약_장내파생상품_기타,0,국내증권사,B,SF205,각주항목(09.06월 이후)
14966,202112,0010132,리딩투자증권주식회사,C2,파생상품계약_장외파생상품,0,국내증권사,B,SF205,각주항목(09.06월 이후)
14967,202112,0010132,리딩투자증권주식회사,C21,파생상품계약_장외파생상품_이자율관련거래,0,국내증권사,B,SF205,각주항목(09.06월 이후)
14968,202112,0010132,리딩투자증권주식회사,C22,파생상품계약_장외파생상품_통화관련거래,0,국내증권사,B,SF205,각주항목(09.06월 이후)
14969,202112,0010132,리딩투자증권주식회사,C23,파생상품계약_장외파생상품_주식관련거래,0,국내증권사,B,SF205,각주항목(09.06월 이후)
14970,202112,0010132,리딩투자증권주식회사,C24,파생상품계약_장외파생상품_신용관련거래,0,국내증권사,B,SF205,각주항목(09.06월 이후)
14971,202112,0010132,리딩투자증권주식회사,C25,파생상품계약_장외파생상품_기타,0,국내증권사,B,SF205,각주항목(09.06월 이후)
14972,202112,0010132,리딩투자증권주식회사,D,대차 및 대주거래,0,국내증권사,B,SF205,각주항목(09.06월 이후)
14973,202112,0010132,리딩투자증권주식회사,D1,대차 및 대주거래_대여증권,0,국내증권사,B,SF205,각주항목(09.06월 이후)
14974,202112,0010132,리딩투자증권주식회사,D2,대차 및 대주거래_차입증권,0,국내증권사,B,SF205,각주항목(09.06월 이후)
14975,202112,0010132,리딩투자증권주식회사,D3,대차 및 대주거래_신용거래대주,0,국내증권사,B,SF205,각주항목(09.06월 이후)
14976,202112,0010132,리딩투자증권주식회사,E,대손상각채권,0,국내증권사,B,SF205,각주항목(09.06월 이후)
14977,202112,0010132,리딩투자증권주식회사,F,환전업무 예치금,0,국내증권사,B,SF205,각주항목(09.06월 이후)
14978,202112,0010132,리딩투자증권주식회사,G,미배당별도예치금,0,국내증권사,B,SF205,각주항목(09.06월 이후)
14979,202112,0010132,리딩투자증권주식회사,H,배서어음매출(종금계정),0,국내증권사,B,SF205,각주항목(09.06월 이후)
14980,202112,0010132,리딩투자증권주식회사,H1,대출채권매매이익_담보부,0,국내증권사,B,SF205,각주항목(09.06월 이후)
14981,202112,0010132,리딩투자증권주식회사,H2,대출채권매매이익_무담보부,0,국내증권사,B,SF205,각주항목(09.06월 이후)
14982,202203,0010132,리딩투자증권주식회사,A,채무보증,300000000,국내증권사,B,SF205,각주항목(09.06월 이후)
14983,202203,0010132,리딩투자증권주식회사,A1,채무보증_지급보증,0,국내증권사,B,SF205,각주항목(09.06월 이후)
14984,202203,0010132,리딩투자증권주식회사,A2,채무보증_매입보장약정,0,국내증권사,B,SF205,각주항목(09.06월 이후)
14985,202203,0010132,리딩투자증권주식회사,A3,채무보증_채무인수약정,0,국내증권사,B,SF205,각주항목(09.06월 이후)
14986,202203,0010132,리딩투자증권주식회사,A5,채무보증_매입확약,0,국내증권사,B,SF205,각주항목(09.06월 이후)
14987,202203,0010132,리딩투자증권주식회사,A6,채무보증_기타,300000000,국내증권사,B,SF205,각주항목(09.06월 이후)
14988,202203,0010132,리딩투자증권주식회사,B,투자자의 예수증권 등,3313955857600,국내증권사,B,SF205,각주항목(09.06월 이후)
14989,202203,0010132,리딩투자증권주식회사,B1,투자자의 예수증권 등_예수 증권,3313955857600,국내증권사,B,SF205,각주항목(09.06월 이후)
14990,202203,0010132,리딩투자증권주식회사,B2,투자자의 예수증권 등_예수양도성예금증서,0,국내증권사,B,SF205,각주항목(09.06월 이후)
14991,202203,0010132,리딩투자증권주식회사,B3,투자자의 예수증권 등_기타,0,국내증권사,B,SF205,각주항목(09.06월 이후)
14992,202203,0010132,리딩투자증권주식회사,C,파생상품계약,0,국내증권사,B,SF205,각주항목(09.06월 이후)
14993,202203,0010132,리딩투자증권주식회사,C1,파생상품계약_장내파생상품,0,국내증권사,B,SF205,각주항목(09.06월 이후)
14994,202203,0010132,리딩투자증권주식회사,C11,파생상품계약_장내파생상품_이자율관련거래,0,국내증권사,B,SF205,각주항목(09.06월 이후)
14995,202203,0010132,리딩투자증권주식회사,C12,파생상품계약_장내파생상품_통화관련거래,0,국내증권사,B,SF205,각주항목(09.06월 이후)
14996,202203,0010132,리딩투자증권주식회사,C13,파생상품계약_장내파생상품_주식관련거래,0,국내증권사,B,SF205,각주항목(09.06월 이후)
14997,202203,0010132,리딩투자증권주식회사,C14,파생상품계약_장내파생상품_일반상품관련거래,0,국내증권사,B,SF205,각주항목(09.06월 이후)
14998,202203,0010132,리딩투자증권주식회사,C15,파생상품계약_장내파생상품_기타,0,국내증권사,B,SF205,각주항목(09.06월 이후)
14999,202203,0010132,리딩투자증권주식회사,C2,파생상품계약_장외파생상품,0,국내증권사,B,SF205,각주항목(09.06월 이후)
15000,202203,0010132,리딩투자증권주식회사,C21,파생상품계약_장외파생상품_이자율관련거래,0,국내증권사,B,SF205,각주항목(09.06월 이후)
15001,202203,0010132,리딩투자증권주식회사,C22,파생상품계약_장외파생상품_통화관련거래,0,국내증권사,B,SF205,각주항목(09.06월 이후)
15002,202203,0010132,리딩투자증권주식회사,C23,파생상품계약_장외파생상품_주식관련거래,0,국내증권사,B,SF205,각주항목(09.06월 이후)
15003,202203,0010132,리딩투자증권주식회사,C24,파생상품계약_장외파생상품_신용관련거래,0,국내증권사,B,SF205,각주항목(09.06월 이후)
15004,202203,0010132,리딩투자증권주식회사,C25,파생상품계약_장외파생상품_기타,0,국내증권사,B,SF205,각주항목(09.06월 이후)
15005,202203,0010132,리딩투자증권주식회사,D,대차 및 대주거래,714950000,국내증권사,B,SF205,각주항목(09.06월 이후)
15006,202203,0010132,리딩투자증권주식회사,D1,대차 및 대주거래_대여증권,0,국내증권사,B,SF205,각주항목(09.06월 이후)
15007,202203,0010132,리딩투자증권주식회사,D2,대차 및 대주거래_차입증권,714950000,국내증권사,B,SF205,각주항목(09.06월 이후)
15008,202203,0010132,리딩투자증권주식회사,D3,대차 및 대주거래_신용거래대주,0,국내증권사,B,SF205,각주항목(09.06월 이후)
15009,202203,0010132,리딩투자증권주식회사,E,대손상각채권,0,국내증권사,B,SF205,각주항목(09.06월 이후)
15010,202203,0010132,리딩투자증권주식회사,F,환전업무 예치금,0,국내증권사,B,SF205,각주항목(09.06월 이후)
15011,202203,0010132,리딩투자증권주식회사,G,미배당별도예치금,0,국내증권사,B,SF205,각주항목(09.06월 이후)
15012,202203,0010132,리딩투자증권주식회사,H,배서어음매출(종금계정),0,국내증권사,B,SF205,각주항목(09.06월 이후)
15013,202203,0010132,리딩투자증권주식회사,H1,대출채권매매이익_담보부,0,국내증권사,B,SF205,각주항목(09.06월 이후)
15014,202203,0010132,리딩투자증권주식회사,H2,대출채권매매이익_무담보부,0,국내증권사,B,SF205,각주항목(09.06월 이후)
15015,202206,0010132,리딩투자증권주식회사,A,채무보증,150000000,국내증권사,B,SF205,각주항목(09.06월 이후)
15016,202206,0010132,리딩투자증권주식회사,A1,채무보증_지급보증,0,국내증권사,B,SF205,각주항목(09.06월 이후)
15017,202206,0010132,리딩투자증권주식회사,A2,채무보증_매입보장약정,0,국내증권사,B,SF205,각주항목(09.06월 이후)
15018,202206,0010132,리딩투자증권주식회사,A3,채무보증_채무인수약정,0,국내증권사,B,SF205,각주항목(09.06월 이후)
15019,202206,0010132,리딩투자증권주식회사,A5,채무보증_매입확약,0,국내증권사,B,SF205,각주항목(09.06월 이후)
15020,202206,0010132,리딩투자증권주식회사,A6,채무보증_기타,150000000,국내증권사,B,SF205,각주항목(09.06월 이후)
15021,202206,0010132,리딩투자증권주식회사,B,투자자의 예수증권 등,3326497223900,국내증권사,B,SF205,각주항목(09.06월 이후)
15022,202206,0010132,리딩투자증권주식회사,B1,투자자의 예수증권 등_예수 증권,3326497223900,국내증권사,B,SF205,각주항목(09.06월 이후)
15023,202206,0010132,리딩투자증권주식회사,B2,투자자의 예수증권 등_예수양도성예금증서,0,국내증권사,B,SF205,각주항목(09.06월 이후)
15024,202206,0010132,리딩투자증권주식회사,B3,투자자의 예수증권 등_기타,0,국내증권사,B,SF205,각주항목(09.06월 이후)
15025,202206,0010132,리딩투자증권주식회사,C,파생상품계약,0,국내증권사,B,SF205,각주항목(09.06월 이후)
15026,202206,0010132,리딩투자증권주식회사,C1,파생상품계약_장내파생상품,0,국내증권사,B,SF205,각주항목(09.06월 이후)
15027,202206,0010132,리딩투자증권주식회사,C11,파생상품계약_장내파생상품_이자율관련거래,0,국내증권사,B,SF205,각주항목(09.06월 이후)
15028,202206,0010132,리딩투자증권주식회사,C12,파생상품계약_장내파생상품_통화관련거래,0,국내증권사,B,SF205,각주항목(09.06월 이후)
15029,202206,0010132,리딩투자증권주식회사,C13,파생상품계약_장내파생상품_주식관련거래,0,국내증권사,B,SF205,각주항목(09.06월 이후)
15030,202206,0010132,리딩투자증권주식회사,C14,파생상품계약_장내파생상품_일반상품관련거래,0,국내증권사,B,SF205,각주항목(09.06월 이후)
15031,202206,0010132,리딩투자증권주식회사,C15,파생상품계약_장내파생상품_기타,0,국내증권사,B,SF205,각주항목(09.06월 이후)
15032,202206,0010132,리딩투자증권주식회사,C2,파생상품계약_장외파생상품,0,국내증권사,B,SF205,각주항목(09.06월 이후)
15033,202206,0010132,리딩투자증권주식회사,C21,파생상품계약_장외파생상품_이자율관련거래,0,국내증권사,B,SF205,각주항목(09.06월 이후)
15034,202206,0010132,리딩투자증권주식회사,C22,파생상품계약_장외파생상품_통화관련거래,0,국내증권사,B,SF205,각주항목(09.06월 이후)
15035,202206,0010132,리딩투자증권주식회사,C23,파생상품계약_장외파생상품_주식관련거래,0,국내증권사,B,SF205,각주항목(09.06월 이후)
15036,202206,0010132,리딩투자증권주식회사,C24,파생상품계약_장외파생상품_신용관련거래,0,국내증권사,B,SF205,각주항목(09.06월 이후)
15037,202206,0010132,리딩투자증권주식회사,C25,파생상품계약_장외파생상품_기타,0,국내증권사,B,SF205,각주항목(09.06월 이후)
15038,202206,0010132,리딩투자증권주식회사,D,대차 및 대주거래,273857340000,국내증권사,B,SF205,각주항목(09.06월 이후)
15039,202206,0010132,리딩투자증권주식회사,D1,대차 및 대주거래_대여증권,0,국내증권사,B,SF205,각주항목(09.06월 이후)
15040,202206,0010132,리딩투자증권주식회사,D2,대차 및 대주거래_차입증권,273857340000,국내증권사,B,SF205,각주항목(09.06월 이후)
15041,202206,0010132,리딩투자증권주식회사,D3,대차 및 대주거래_신용거래대주,0,국내증권사,B,SF205,각주항목(09.06월 이후)
15042,202206,0010132,리딩투자증권주식회사,E,대손상각채권,0,국내증권사,B,SF205,각주항목(09.06월 이후)
15043,202206,0010132,리딩투자증권주식회사,F,환전업무 예치금,0,국내증권사,B,SF205,각주항목(09.06월 이후)
15044,202206,0010132,리딩투자증권주식회사,G,미배당별도예치금,0,국내증권사,B,SF205,각주항목(09.06월 이후)
15045,202206,0010132,리딩투자증권주식회사,H,배서어음매출(종금계정),0,국내증권사,B,SF205,각주항목(09.06월 이후)
15046,202206,0010132,리딩투자증권주식회사,H1,대출채권매매이익_담보부,0,국내증권사,B,SF205,각주항목(09.06월 이후)
15047,202206,0010132,리딩투자증권주식회사,H2,대출채권매매이익_무담보부,0,국내증권사,B,SF205,각주항목(09.06월 이후)
15048,202209,0010132,리딩투자증권주식회사,A,채무보증,150000000,국내증권사,B,SF205,각주항목(09.06월 이후)
15049,202209,0010132,리딩투자증권주식회사,A1,채무보증_지급보증,0,국내증권사,B,SF205,각주항목(09.06월 이후)
15050,202209,0010132,리딩투자증권주식회사,A2,채무보증_매입보장약정,0,국내증권사,B,SF205,각주항목(09.06월 이후)
15051,202209,0010132,리딩투자증권주식회사,A3,채무보증_채무인수약정,0,국내증권사,B,SF205,각주항목(09.06월 이후)
15052,202209,0010132,리딩투자증권주식회사,A5,채무보증_매입확약,0,국내증권사,B,SF205,각주항목(09.06월 이후)
15053,202209,0010132,리딩투자증권주식회사,A6,채무보증_기타,150000000,국내증권사,B,SF205,각주항목(09.06월 이후)
15054,202209,0010132,리딩투자증권주식회사,B,투자자의 예수증권 등,3257585172170,국내증권사,B,SF205,각주항목(09.06월 이후)
15055,202209,0010132,리딩투자증권주식회사,B1,투자자의 예수증권 등_예수 증권,3257585172170,국내증권사,B,SF205,각주항목(09.06월 이후)
15056,202209,0010132,리딩투자증권주식회사,B2,투자자의 예수증권 등_예수양도성예금증서,0,국내증권사,B,SF205,각주항목(09.06월 이후)
15057,202209,0010132,리딩투자증권주식회사,B3,투자자의 예수증권 등_기타,0,국내증권사,B,SF205,각주항목(09.06월 이후)
15058,202209,0010132,리딩투자증권주식회사,C,파생상품계약,0,국내증권사,B,SF205,각주항목(09.06월 이후)
15059,202209,0010132,리딩투자증권주식회사,C1,파생상품계약_장내파생상품,0,국내증권사,B,SF205,각주항목(09.06월 이후)
15060,202209,0010132,리딩투자증권주식회사,C11,파생상품계약_장내파생상품_이자율관련거래,0,국내증권사,B,SF205,각주항목(09.06월 이후)
15061,202209,0010132,리딩투자증권주식회사,C12,파생상품계약_장내파생상품_통화관련거래,0,국내증권사,B,SF205,각주항목(09.06월 이후)
15062,202209,0010132,리딩투자증권주식회사,C13,파생상품계약_장내파생상품_주식관련거래,0,국내증권사,B,SF205,각주항목(09.06월 이후)
15063,202209,0010132,리딩투자증권주식회사,C14,파생상품계약_장내파생상품_일반상품관련거래,0,국내증권사,B,SF205,각주항목(09.06월 이후)
15064,202209,0010132,리딩투자증권주식회사,C15,파생상품계약_장내파생상품_기타,0,국내증권사,B,SF205,각주항목(09.06월 이후)
15065,202209,0010132,리딩투자증권주식회사,C2,파생상품계약_장외파생상품,0,국내증권사,B,SF205,각주항목(09.06월 이후)
15066,202209,0010132,리딩투자증권주식회사,C21,파생상품계약_장외파생상품_이자율관련거래,0,국내증권사,B,SF205,각주항목(09.06월 이후)
15067,202209,0010132,리딩투자증권주식회사,C22,파생상품계약_장외파생상품_통화관련거래,0,국내증권사,B,SF205,각주항목(09.06월 이후)
15068,202209,0010132,리딩투자증권주식회사,C23,파생상품계약_장외파생상품_주식관련거래,0,국내증권사,B,SF205,각주항목(09.06월 이후)
15069,202209,0010132,리딩투자증권주식회사,C24,파생상품계약_장외파생상품_신용관련거래,0,국내증권사,B,SF205,각주항목(09.06월 이후)
15070,202209,0010132,리딩투자증권주식회사,C25,파생상품계약_장외파생상품_기타,0,국내증권사,B,SF205,각주항목(09.06월 이후)
15071,202209,0010132,리딩투자증권주식회사,D,대차 및 대주거래,79910765000,국내증권사,B,SF205,각주항목(09.06월 이후)
15072,202209,0010132,리딩투자증권주식회사,D1,대차 및 대주거래_대여증권,0,국내증권사,B,SF205,각주항목(09.06월 이후)
15073,202209,0010132,리딩투자증권주식회사,D2,대차 및 대주거래_차입증권,79910765000,국내증권사,B,SF205,각주항목(09.06월 이후)
15074,202209,0010132,리딩투자증권주식회사,D3,대차 및 대주거래_신용거래대주,0,국내증권사,B,SF205,각주항목(09.06월 이후)
15075,202209,0010132,리딩투자증권주식회사,E,대손상각채권,0,국내증권사,B,SF205,각주항목(09.06월 이후)
15076,202209,0010132,리딩투자증권주식회사,F,환전업무 예치금,0,국내증권사,B,SF205,각주항목(09.06월 이후)
15077,202209,0010132,리딩투자증권주식회사,G,미배당별도예치금,0,국내증권사,B,SF205,각주항목(09.06월 이후)
15078,202209,0010132,리딩투자증권주식회사,H,배서어음매출(종금계정),0,국내증권사,B,SF205,각주항목(09.06월 이후)
15079,202209,0010132,리딩투자증권주식회사,H1,대출채권매매이익_담보부,0,국내증권사,B,SF205,각주항목(09.06월 이후)
15080,202209,0010132,리딩투자증권주식회사,H2,대출채권매매이익_무담보부,0,국내증권사,B,SF205,각주항목(09.06월 이후)
15081,202212,0010132,리딩투자증권주식회사,A,채무보증,0,국내증권사,B,SF205,각주항목(09.06월 이후)
15082,202212,0010132,리딩투자증권주식회사,A1,채무보증_지급보증,0,국내증권사,B,SF205,각주항목(09.06월 이후)
15083,202212,0010132,리딩투자증권주식회사,A2,채무보증_매입보장약정,0,국내증권사,B,SF205,각주항목(09.06월 이후)
15084,202212,0010132,리딩투자증권주식회사,A3,채무보증_채무인수약정,0,국내증권사,B,SF205,각주항목(09.06월 이후)
15085,202212,0010132,리딩투자증권주식회사,A5,채무보증_매입확약,0,국내증권사,B,SF205,각주항목(09.06월 이후)
15086,202212,0010132,리딩투자증권주식회사,A6,채무보증_기타,0,국내증권사,B,SF205,각주항목(09.06월 이후)
15087,202212,0010132,리딩투자증권주식회사,B,투자자의 예수증권 등,3406670296982,국내증권사,B,SF205,각주항목(09.06월 이후)
15088,202212,0010132,리딩투자증권주식회사,B1,투자자의 예수증권 등_예수 증권,3406670296982,국내증권사,B,SF205,각주항목(09.06월 이후)
15089,202212,0010132,리딩투자증권주식회사,B2,투자자의 예수증권 등_예수양도성예금증서,0,국내증권사,B,SF205,각주항목(09.06월 이후)
15090,202212,0010132,리딩투자증권주식회사,B3,투자자의 예수증권 등_기타,0,국내증권사,B,SF205,각주항목(09.06월 이후)
15091,202212,0010132,리딩투자증권주식회사,C,파생상품계약,0,국내증권사,B,SF205,각주항목(09.06월 이후)
15092,202212,0010132,리딩투자증권주식회사,C1,파생상품계약_장내파생상품,0,국내증권사,B,SF205,각주항목(09.06월 이후)
15093,202212,0010132,리딩투자증권주식회사,C11,파생상품계약_장내파생상품_이자율관련거래,0,국내증권사,B,SF205,각주항목(09.06월 이후)
15094,202212,0010132,리딩투자증권주식회사,C12,파생상품계약_장내파생상품_통화관련거래,0,국내증권사,B,SF205,각주항목(09.06월 이후)
15095,202212,0010132,리딩투자증권주식회사,C13,파생상품계약_장내파생상품_주식관련거래,0,국내증권사,B,SF205,각주항목(09.06월 이후)
15096,202212,0010132,리딩투자증권주식회사,C14,파생상품계약_장내파생상품_일반상품관련거래,0,국내증권사,B,SF205,각주항목(09.06월 이후)
15097,202212,0010132,리딩투자증권주식회사,C15,파생상품계약_장내파생상품_기타,0,국내증권사,B,SF205,각주항목(09.06월 이후)
15098,202212,0010132,리딩투자증권주식회사,C2,파생상품계약_장외파생상품,0,국내증권사,B,SF205,각주항목(09.06월 이후)
15099,202212,0010132,리딩투자증권주식회사,C21,파생상품계약_장외파생상품_이자율관련거래,0,국내증권사,B,SF205,각주항목(09.06월 이후)
15100,202212,0010132,리딩투자증권주식회사,C22,파생상품계약_장외파생상품_통화관련거래,0,국내증권사,B,SF205,각주항목(09.06월 이후)
15101,202212,0010132,리딩투자증권주식회사,C23,파생상품계약_장외파생상품_주식관련거래,0,국내증권사,B,SF205,각주항목(09.06월 이후)
15102,202212,0010132,리딩투자증권주식회사,C24,파생상품계약_장외파생상품_신용관련거래,0,국내증권사,B,SF205,각주항목(09.06월 이후)
15103,202212,0010132,리딩투자증권주식회사,C25,파생상품계약_장외파생상품_기타,0,국내증권사,B,SF205,각주항목(09.06월 이후)
15104,202212,0010132,리딩투자증권주식회사,D,대차 및 대주거래,22887584000,국내증권사,B,SF205,각주항목(09.06월 이후)
15105,202212,0010132,리딩투자증권주식회사,D1,대차 및 대주거래_대여증권,0,국내증권사,B,SF205,각주항목(09.06월 이후)
15106,202212,0010132,리딩투자증권주식회사,D2,대차 및 대주거래_차입증권,22887584000,국내증권사,B,SF205,각주항목(09.06월 이후)
15107,202212,0010132,리딩투자증권주식회사,D3,대차 및 대주거래_신용거래대주,0,국내증권사,B,SF205,각주항목(09.06월 이후)
15108,202212,0010132,리딩투자증권주식회사,E,대손상각채권,0,국내증권사,B,SF205,각주항목(09.06월 이후)
15109,202212,0010132,리딩투자증권주식회사,F,환전업무 예치금,0,국내증권사,B,SF205,각주항목(09.06월 이후)
15110,202212,0010132,리딩투자증권주식회사,G,미배당별도예치금,0,국내증권사,B,SF205,각주항목(09.06월 이후)
15111,202212,0010132,리딩투자증권주식회사,H,배서어음매출(종금계정),0,국내증권사,B,SF205,각주항목(09.06월 이후)
15112,202212,0010132,리딩투자증권주식회사,H1,대출채권매매이익_담보부,0,국내증권사,B,SF205,각주항목(09.06월 이후)
15113,202212,0010132,리딩투자증권주식회사,H2,대출채권매매이익_무담보부,0,국내증권사,B,SF205,각주항목(09.06월 이후)
15114,202303,0010132,리딩투자증권주식회사,A,채무보증,0,국내증권사,B,SF205,각주항목(09.06월 이후)
15115,202303,0010132,리딩투자증권주식회사,A1,채무보증_지급보증,0,국내증권사,B,SF205,각주항목(09.06월 이후)
15116,202303,0010132,리딩투자증권주식회사,A2,채무보증_매입보장약정,0,국내증권사,B,SF205,각주항목(09.06월 이후)
15117,202303,0010132,리딩투자증권주식회사,A3,채무보증_채무인수약정,0,국내증권사,B,SF205,각주항목(09.06월 이후)
15118,202303,0010132,리딩투자증권주식회사,A5,채무보증_매입확약,0,국내증권사,B,SF205,각주항목(09.06월 이후)
15119,202303,0010132,리딩투자증권주식회사,A6,채무보증_기타,0,국내증권사,B,SF205,각주항목(09.06월 이후)
15120,202303,0010132,리딩투자증권주식회사,B,투자자의 예수증권 등,3392584637076,국내증권사,B,SF205,각주항목(09.06월 이후)
15121,202303,0010132,리딩투자증권주식회사,B1,투자자의 예수증권 등_예수 증권,3392584637076,국내증권사,B,SF205,각주항목(09.06월 이후)
15122,202303,0010132,리딩투자증권주식회사,B2,투자자의 예수증권 등_예수양도성예금증서,0,국내증권사,B,SF205,각주항목(09.06월 이후)
15123,202303,0010132,리딩투자증권주식회사,B3,투자자의 예수증권 등_기타,0,국내증권사,B,SF205,각주항목(09.06월 이후)
15124,202303,0010132,리딩투자증권주식회사,C,파생상품계약,0,국내증권사,B,SF205,각주항목(09.06월 이후)
15125,202303,0010132,리딩투자증권주식회사,C1,파생상품계약_장내파생상품,0,국내증권사,B,SF205,각주항목(09.06월 이후)
15126,202303,0010132,리딩투자증권주식회사,C11,파생상품계약_장내파생상품_이자율관련거래,0,국내증권사,B,SF205,각주항목(09.06월 이후)
15127,202303,0010132,리딩투자증권주식회사,C12,파생상품계약_장내파생상품_통화관련거래,0,국내증권사,B,SF205,각주항목(09.06월 이후)
15128,202303,0010132,리딩투자증권주식회사,C13,파생상품계약_장내파생상품_주식관련거래,0,국내증권사,B,SF205,각주항목(09.06월 이후)
15129,202303,0010132,리딩투자증권주식회사,C14,파생상품계약_장내파생상품_일반상품관련거래,0,국내증권사,B,SF205,각주항목(09.06월 이후)
15130,202303,0010132,리딩투자증권주식회사,C15,파생상품계약_장내파생상품_기타,0,국내증권사,B,SF205,각주항목(09.06월 이후)
15131,202303,0010132,리딩투자증권주식회사,C2,파생상품계약_장외파생상품,0,국내증권사,B,SF205,각주항목(09.06월 이후)
15132,202303,0010132,리딩투자증권주식회사,C21,파생상품계약_장외파생상품_이자율관련거래,0,국내증권사,B,SF205,각주항목(09.06월 이후)
15133,202303,0010132,리딩투자증권주식회사,C22,파생상품계약_장외파생상품_통화관련거래,0,국내증권사,B,SF205,각주항목(09.06월 이후)
15134,202303,0010132,리딩투자증권주식회사,C23,파생상품계약_장외파생상품_주식관련거래,0,국내증권사,B,SF205,각주항목(09.06월 이후)
15135,202303,0010132,리딩투자증권주식회사,C24,파생상품계약_장외파생상품_신용관련거래,0,국내증권사,B,SF205,각주항목(09.06월 이후)
15136,202303,0010132,리딩투자증권주식회사,C25,파생상품계약_장외파생상품_기타,0,국내증권사,B,SF205,각주항목(09.06월 이후)
15137,202303,0010132,리딩투자증권주식회사,D,대차 및 대주거래,10840840000,국내증권사,B,SF205,각주항목(09.06월 이후)
15138,202303,0010132,리딩투자증권주식회사,D1,대차 및 대주거래_대여증권,0,국내증권사,B,SF205,각주항목(09.06월 이후)
15139,202303,0010132,리딩투자증권주식회사,D2,대차 및 대주거래_차입증권,10840840000,국내증권사,B,SF205,각주항목(09.06월 이후)
15140,202303,0010132,리딩투자증권주식회사,D3,대차 및 대주거래_신용거래대주,0,국내증권사,B,SF205,각주항목(09.06월 이후)
15141,202303,0010132,리딩투자증권주식회사,E,대손상각채권,0,국내증권사,B,SF205,각주항목(09.06월 이후)
15142,202303,0010132,리딩투자증권주식회사,F,환전업무 예치금,0,국내증권사,B,SF205,각주항목(09.06월 이후)
15143,202303,0010132,리딩투자증권주식회사,G,미배당별도예치금,0,국내증권사,B,SF205,각주항목(09.06월 이후)
15144,202303,0010132,리딩투자증권주식회사,H,배서어음매출(종금계정),0,국내증권사,B,SF205,각주항목(09.06월 이후)
15145,202303,0010132,리딩투자증권주식회사,H1,대출채권매매이익_담보부,0,국내증권사,B,SF205,각주항목(09.06월 이후)
15146,202303,0010132,리딩투자증권주식회사,H2,대출채권매매이익_무담보부,0,국내증권사,B,SF205,각주항목(09.06월 이후)
15147,202306,0010132,리딩투자증권주식회사,A,채무보증,0,국내증권사,B,SF205,각주항목(09.06월 이후)
15148,202306,0010132,리딩투자증권주식회사,A1,채무보증_지급보증,0,국내증권사,B,SF205,각주항목(09.06월 이후)
15149,202306,0010132,리딩투자증권주식회사,A2,채무보증_매입보장약정,0,국내증권사,B,SF205,각주항목(09.06월 이후)
15150,202306,0010132,리딩투자증권주식회사,A3,채무보증_채무인수약정,0,국내증권사,B,SF205,각주항목(09.06월 이후)
15151,202306,0010132,리딩투자증권주식회사,A5,채무보증_매입확약,0,국내증권사,B,SF205,각주항목(09.06월 이후)
15152,202306,0010132,리딩투자증권주식회사,A6,채무보증_기타,0,국내증권사,B,SF205,각주항목(09.06월 이후)
15153,202306,0010132,리딩투자증권주식회사,B,투자자의 예수증권 등,3678420064325,국내증권사,B,SF205,각주항목(09.06월 이후)
15154,202306,0010132,리딩투자증권주식회사,B1,투자자의 예수증권 등_예수 증권,3678420064325,국내증권사,B,SF205,각주항목(09.06월 이후)
15155,202306,0010132,리딩투자증권주식회사,B2,투자자의 예수증권 등_예수양도성예금증서,0,국내증권사,B,SF205,각주항목(09.06월 이후)
15156,202306,0010132,리딩투자증권주식회사,B3,투자자의 예수증권 등_기타,0,국내증권사,B,SF205,각주항목(09.06월 이후)
15157,202306,0010132,리딩투자증권주식회사,C,파생상품계약,15739468000,국내증권사,B,SF205,각주항목(09.06월 이후)
15158,202306,0010132,리딩투자증권주식회사,C1,파생상품계약_장내파생상품,15739468000,국내증권사,B,SF205,각주항목(09.06월 이후)
15159,202306,0010132,리딩투자증권주식회사,C11,파생상품계약_장내파생상품_이자율관련거래,15739468000,국내증권사,B,SF205,각주항목(09.06월 이후)
15160,202306,0010132,리딩투자증권주식회사,C12,파생상품계약_장내파생상품_통화관련거래,0,국내증권사,B,SF205,각주항목(09.06월 이후)
15161,202306,0010132,리딩투자증권주식회사,C13,파생상품계약_장내파생상품_주식관련거래,0,국내증권사,B,SF205,각주항목(09.06월 이후)
15162,202306,0010132,리딩투자증권주식회사,C14,파생상품계약_장내파생상품_일반상품관련거래,0,국내증권사,B,SF205,각주항목(09.06월 이후)
15163,202306,0010132,리딩투자증권주식회사,C15,파생상품계약_장내파생상품_기타,0,국내증권사,B,SF205,각주항목(09.06월 이후)
15164,202306,0010132,리딩투자증권주식회사,C2,파생상품계약_장외파생상품,0,국내증권사,B,SF205,각주항목(09.06월 이후)
15165,202306,0010132,리딩투자증권주식회사,C21,파생상품계약_장외파생상품_이자율관련거래,0,국내증권사,B,SF205,각주항목(09.06월 이후)
15166,202306,0010132,리딩투자증권주식회사,C22,파생상품계약_장외파생상품_통화관련거래,0,국내증권사,B,SF205,각주항목(09.06월 이후)
15167,202306,0010132,리딩투자증권주식회사,C23,파생상품계약_장외파생상품_주식관련거래,0,국내증권사,B,SF205,각주항목(09.06월 이후)
15168,202306,0010132,리딩투자증권주식회사,C24,파생상품계약_장외파생상품_신용관련거래,0,국내증권사,B,SF205,각주항목(09.06월 이후)
15169,202306,0010132,리딩투자증권주식회사,C25,파생상품계약_장외파생상품_기타,0,국내증권사,B,SF205,각주항목(09.06월 이후)
15170,202306,0010132,리딩투자증권주식회사,D,대차 및 대주거래,97412548500,국내증권사,B,SF205,각주항목(09.06월 이후)
15171,202306,0010132,리딩투자증권주식회사,D1,대차 및 대주거래_대여증권,0,국내증권사,B,SF205,각주항목(09.06월 이후)
15172,202306,0010132,리딩투자증권주식회사,D2,대차 및 대주거래_차입증권,97412548500,국내증권사,B,SF205,각주항목(09.06월 이후)
15173,202306,0010132,리딩투자증권주식회사,D3,대차 및 대주거래_신용거래대주,0,국내증권사,B,SF205,각주항목(09.06월 이후)
15174,202306,0010132,리딩투자증권주식회사,E,대손상각채권,0,국내증권사,B,SF205,각주항목(09.06월 이후)
15175,202306,0010132,리딩투자증권주식회사,F,환전업무 예치금,0,국내증권사,B,SF205,각주항목(09.06월 이후)
15176,202306,0010132,리딩투자증권주식회사,G,미배당별도예치금,0,국내증권사,B,SF205,각주항목(09.06월 이후)
15177,202306,0010132,리딩투자증권주식회사,H,배서어음매출(종금계정),0,국내증권사,B,SF205,각주항목(09.06월 이후)
15178,202306,0010132,리딩투자증권주식회사,H1,대출채권매매이익_담보부,0,국내증권사,B,SF205,각주항목(09.06월 이후)
15179,202306,0010132,리딩투자증권주식회사,H2,대출채권매매이익_무담보부,0,국내증권사,B,SF205,각주항목(09.06월 이후)
15180,202309,0010132,리딩투자증권주식회사,A,채무보증,0,국내증권사,B,SF205,각주항목(09.06월 이후)
15181,202309,0010132,리딩투자증권주식회사,A1,채무보증_지급보증,0,국내증권사,B,SF205,각주항목(09.06월 이후)
15182,202309,0010132,리딩투자증권주식회사,A2,채무보증_매입보장약정,0,국내증권사,B,SF205,각주항목(09.06월 이후)
15183,202309,0010132,리딩투자증권주식회사,A3,채무보증_채무인수약정,0,국내증권사,B,SF205,각주항목(09.06월 이후)
15184,202309,0010132,리딩투자증권주식회사,A5,채무보증_매입확약,0,국내증권사,B,SF205,각주항목(09.06월 이후)
15185,202309,0010132,리딩투자증권주식회사,A6,채무보증_기타,0,국내증권사,B,SF205,각주항목(09.06월 이후)
15186,202309,0010132,리딩투자증권주식회사,B,투자자의 예수증권 등,3974151078910,국내증권사,B,SF205,각주항목(09.06월 이후)
15187,202309,0010132,리딩투자증권주식회사,B1,투자자의 예수증권 등_예수 증권,3974151078910,국내증권사,B,SF205,각주항목(09.06월 이후)
15188,202309,0010132,리딩투자증권주식회사,B2,투자자의 예수증권 등_예수양도성예금증서,0,국내증권사,B,SF205,각주항목(09.06월 이후)
15189,202309,0010132,리딩투자증권주식회사,B3,투자자의 예수증권 등_기타,0,국내증권사,B,SF205,각주항목(09.06월 이후)
15190,202309,0010132,리딩투자증권주식회사,C,파생상품계약,2147600000,국내증권사,B,SF205,각주항목(09.06월 이후)
15191,202309,0010132,리딩투자증권주식회사,C1,파생상품계약_장내파생상품,2147600000,국내증권사,B,SF205,각주항목(09.06월 이후)
15192,202309,0010132,리딩투자증권주식회사,C11,파생상품계약_장내파생상품_이자율관련거래,2147600000,국내증권사,B,SF205,각주항목(09.06월 이후)
15193,202309,0010132,리딩투자증권주식회사,C12,파생상품계약_장내파생상품_통화관련거래,0,국내증권사,B,SF205,각주항목(09.06월 이후)
15194,202309,0010132,리딩투자증권주식회사,C13,파생상품계약_장내파생상품_주식관련거래,0,국내증권사,B,SF205,각주항목(09.06월 이후)
15195,202309,0010132,리딩투자증권주식회사,C14,파생상품계약_장내파생상품_일반상품관련거래,0,국내증권사,B,SF205,각주항목(09.06월 이후)
15196,202309,0010132,리딩투자증권주식회사,C15,파생상품계약_장내파생상품_기타,0,국내증권사,B,SF205,각주항목(09.06월 이후)
15197,202309,0010132,리딩투자증권주식회사,C2,파생상품계약_장외파생상품,0,국내증권사,B,SF205,각주항목(09.06월 이후)
15198,202309,0010132,리딩투자증권주식회사,C21,파생상품계약_장외파생상품_이자율관련거래,0,국내증권사,B,SF205,각주항목(09.06월 이후)
15199,202309,0010132,리딩투자증권주식회사,C22,파생상품계약_장외파생상품_통화관련거래,0,국내증권사,B,SF205,각주항목(09.06월 이후)
15200,202309,0010132,리딩투자증권주식회사,C23,파생상품계약_장외파생상품_주식관련거래,0,국내증권사,B,SF205,각주항목(09.06월 이후)
15201,202309,0010132,리딩투자증권주식회사,C24,파생상품계약_장외파생상품_신용관련거래,0,국내증권사,B,SF205,각주항목(09.06월 이후)
15202,202309,0010132,리딩투자증권주식회사,C25,파생상품계약_장외파생상품_기타,0,국내증권사,B,SF205,각주항목(09.06월 이후)
15203,202309,0010132,리딩투자증권주식회사,D,대차 및 대주거래,181433630000,국내증권사,B,SF205,각주항목(09.06월 이후)
15204,202309,0010132,리딩투자증권주식회사,D1,대차 및 대주거래_대여증권,0,국내증권사,B,SF205,각주항목(09.06월 이후)
15205,202309,0010132,리딩투자증권주식회사,D2,대차 및 대주거래_차입증권,181433630000,국내증권사,B,SF205,각주항목(09.06월 이후)
15206,202309,0010132,리딩투자증권주식회사,D3,대차 및 대주거래_신용거래대주,0,국내증권사,B,SF205,각주항목(09.06월 이후)
15207,202309,0010132,리딩투자증권주식회사,E,대손상각채권,0,국내증권사,B,SF205,각주항목(09.06월 이후)
15208,202309,0010132,리딩투자증권주식회사,F,환전업무 예치금,0,국내증권사,B,SF205,각주항목(09.06월 이후)
15209,202309,0010132,리딩투자증권주식회사,G,미배당별도예치금,0,국내증권사,B,SF205,각주항목(09.06월 이후)
15210,202309,0010132,리딩투자증권주식회사,H,배서어음매출(종금계정),0,국내증권사,B,SF205,각주항목(09.06월 이후)
15211,202309,0010132,리딩투자증권주식회사,H1,대출채권매매이익_담보부,0,국내증권사,B,SF205,각주항목(09.06월 이후)
15212,202309,0010132,리딩투자증권주식회사,H2,대출채권매매이익_무담보부,0,국내증권사,B,SF205,각주항목(09.06월 이후)
15213,202312,0010132,리딩투자증권주식회사,A,채무보증,0,국내증권사,B,SF205,각주항목(09.06월 이후)
15214,202312,0010132,리딩투자증권주식회사,A1,채무보증_지급보증,0,국내증권사,B,SF205,각주항목(09.06월 이후)
15215,202312,0010132,리딩투자증권주식회사,A2,채무보증_매입보장약정, ,국내증권사,B,SF205,각주항목(09.06월 이후)
15216,202312,0010132,리딩투자증권주식회사,A3,채무보증_채무인수약정, ,국내증권사,B,SF205,각주항목(09.06월 이후)
15217,202312,0010132,리딩투자증권주식회사,A5,채무보증_매입확약,0,국내증권사,B,SF205,각주항목(09.06월 이후)
15218,202312,0010132,리딩투자증권주식회사,A6,채무보증_기타,0,국내증권사,B,SF205,각주항목(09.06월 이후)
15219,202312,0010132,리딩투자증권주식회사,B,투자자의 예수증권 등,3941164778826,국내증권사,B,SF205,각주항목(09.06월 이후)
15220,202312,0010132,리딩투자증권주식회사,B1,투자자의 예수증권 등_예수 증권,3941164778826,국내증권사,B,SF205,각주항목(09.06월 이후)
15221,202312,0010132,리딩투자증권주식회사,B2,투자자의 예수증권 등_예수양도성예금증서, ,국내증권사,B,SF205,각주항목(09.06월 이후)
15222,202312,0010132,리딩투자증권주식회사,B3,투자자의 예수증권 등_기타, ,국내증권사,B,SF205,각주항목(09.06월 이후)
15223,202312,0010132,리딩투자증권주식회사,C,파생상품계약,379520560000,국내증권사,B,SF205,각주항목(09.06월 이후)
15224,202312,0010132,리딩투자증권주식회사,C1,파생상품계약_장내파생상품,379520560000,국내증권사,B,SF205,각주항목(09.06월 이후)
15225,202312,0010132,리딩투자증권주식회사,C11,파생상품계약_장내파생상품_이자율관련거래,379520560000,국내증권사,B,SF205,각주항목(09.06월 이후)
15226,202312,0010132,리딩투자증권주식회사,C12,파생상품계약_장내파생상품_통화관련거래,0,국내증권사,B,SF205,각주항목(09.06월 이후)
15227,202312,0010132,리딩투자증권주식회사,C13,파생상품계약_장내파생상품_주식관련거래,0,국내증권사,B,SF205,각주항목(09.06월 이후)
15228,202312,0010132,리딩투자증권주식회사,C14,파생상품계약_장내파생상품_일반상품관련거래,0,국내증권사,B,SF205,각주항목(09.06월 이후)
15229,202312,0010132,리딩투자증권주식회사,C15,파생상품계약_장내파생상품_기타,0,국내증권사,B,SF205,각주항목(09.06월 이후)
15230,202312,0010132,리딩투자증권주식회사,C2,파생상품계약_장외파생상품,0,국내증권사,B,SF205,각주항목(09.06월 이후)
15231,202312,0010132,리딩투자증권주식회사,C21,파생상품계약_장외파생상품_이자율관련거래,0,국내증권사,B,SF205,각주항목(09.06월 이후)
15232,202312,0010132,리딩투자증권주식회사,C22,파생상품계약_장외파생상품_통화관련거래,0,국내증권사,B,SF205,각주항목(09.06월 이후)
15233,202312,0010132,리딩투자증권주식회사,C23,파생상품계약_장외파생상품_주식관련거래,0,국내증권사,B,SF205,각주항목(09.06월 이후)
15234,202312,0010132,리딩투자증권주식회사,C24,파생상품계약_장외파생상품_신용관련거래,0,국내증권사,B,SF205,각주항목(09.06월 이후)
15235,202312,0010132,리딩투자증권주식회사,C25,파생상품계약_장외파생상품_기타,0,국내증권사,B,SF205,각주항목(09.06월 이후)
15236,202312,0010132,리딩투자증권주식회사,D,대차 및 대주거래,95275783700,국내증권사,B,SF205,각주항목(09.06월 이후)
15237,202312,0010132,리딩투자증권주식회사,D1,대차 및 대주거래_대여증권,0,국내증권사,B,SF205,각주항목(09.06월 이후)
15238,202312,0010132,리딩투자증권주식회사,D2,대차 및 대주거래_차입증권,95275783700,국내증권사,B,SF205,각주항목(09.06월 이후)
15239,202312,0010132,리딩투자증권주식회사,D3,대차 및 대주거래_신용거래대주, ,국내증권사,B,SF205,각주항목(09.06월 이후)
15240,202312,0010132,리딩투자증권주식회사,E,대손상각채권, ,국내증권사,B,SF205,각주항목(09.06월 이후)
15241,202312,0010132,리딩투자증권주식회사,F,환전업무 예치금,0,국내증권사,B,SF205,각주항목(09.06월 이후)
15242,202312,0010132,리딩투자증권주식회사,G,미배당별도예치금, ,국내증권사,B,SF205,각주항목(09.06월 이후)
15243,202312,0010132,리딩투자증권주식회사,H,배서어음매출(종금계정),0,국내증권사,B,SF205,각주항목(09.06월 이후)
15244,202312,0010132,리딩투자증권주식회사,H1,대출채권매매이익_담보부, ,국내증권사,B,SF205,각주항목(09.06월 이후)
15245,202312,0010132,리딩투자증권주식회사,H2,대출채권매매이익_무담보부, ,국내증권사,B,SF205,각주항목(09.06월 이후)
15246,202403,0010132,리딩투자증권주식회사,A,채무보증,0,국내증권사,B,SF205,각주항목(09.06월 이후)
15247,202403,0010132,리딩투자증권주식회사,A1,채무보증_지급보증,0,국내증권사,B,SF205,각주항목(09.06월 이후)
15248,202403,0010132,리딩투자증권주식회사,A2,채무보증_매입보장약정, ,국내증권사,B,SF205,각주항목(09.06월 이후)
15249,202403,0010132,리딩투자증권주식회사,A3,채무보증_채무인수약정, ,국내증권사,B,SF205,각주항목(09.06월 이후)
15250,202403,0010132,리딩투자증권주식회사,A5,채무보증_매입확약,0,국내증권사,B,SF205,각주항목(09.06월 이후)
15251,202403,0010132,리딩투자증권주식회사,A6,채무보증_기타,0,국내증권사,B,SF205,각주항목(09.06월 이후)
15252,202403,0010132,리딩투자증권주식회사,B,투자자의 예수증권 등,4058652407743,국내증권사,B,SF205,각주항목(09.06월 이후)
15253,202403,0010132,리딩투자증권주식회사,B1,투자자의 예수증권 등_예수 증권,4058652407743,국내증권사,B,SF205,각주항목(09.06월 이후)
15254,202403,0010132,리딩투자증권주식회사,B2,투자자의 예수증권 등_예수양도성예금증서, ,국내증권사,B,SF205,각주항목(09.06월 이후)
15255,202403,0010132,리딩투자증권주식회사,B3,투자자의 예수증권 등_기타, ,국내증권사,B,SF205,각주항목(09.06월 이후)
15256,202403,0010132,리딩투자증권주식회사,C,파생상품계약,118556952000,국내증권사,B,SF205,각주항목(09.06월 이후)
15257,202403,0010132,리딩투자증권주식회사,C1,파생상품계약_장내파생상품,118556952000,국내증권사,B,SF205,각주항목(09.06월 이후)
15258,202403,0010132,리딩투자증권주식회사,C11,파생상품계약_장내파생상품_이자율관련거래,118013940000,국내증권사,B,SF205,각주항목(09.06월 이후)
15259,202403,0010132,리딩투자증권주식회사,C12,파생상품계약_장내파생상품_통화관련거래,0,국내증권사,B,SF205,각주항목(09.06월 이후)
15260,202403,0010132,리딩투자증권주식회사,C13,파생상품계약_장내파생상품_주식관련거래,543012000,국내증권사,B,SF205,각주항목(09.06월 이후)
15261,202403,0010132,리딩투자증권주식회사,C14,파생상품계약_장내파생상품_일반상품관련거래,0,국내증권사,B,SF205,각주항목(09.06월 이후)
15262,202403,0010132,리딩투자증권주식회사,C15,파생상품계약_장내파생상품_기타,0,국내증권사,B,SF205,각주항목(09.06월 이후)
15263,202403,0010132,리딩투자증권주식회사,C2,파생상품계약_장외파생상품,0,국내증권사,B,SF205,각주항목(09.06월 이후)
15264,202403,0010132,리딩투자증권주식회사,C21,파생상품계약_장외파생상품_이자율관련거래,0,국내증권사,B,SF205,각주항목(09.06월 이후)
15265,202403,0010132,리딩투자증권주식회사,C22,파생상품계약_장외파생상품_통화관련거래,0,국내증권사,B,SF205,각주항목(09.06월 이후)
15266,202403,0010132,리딩투자증권주식회사,C23,파생상품계약_장외파생상품_주식관련거래,0,국내증권사,B,SF205,각주항목(09.06월 이후)
15267,202403,0010132,리딩투자증권주식회사,C24,파생상품계약_장외파생상품_신용관련거래,0,국내증권사,B,SF205,각주항목(09.06월 이후)
15268,202403,0010132,리딩투자증권주식회사,C25,파생상품계약_장외파생상품_기타,0,국내증권사,B,SF205,각주항목(09.06월 이후)
15269,202403,0010132,리딩투자증권주식회사,D,대차 및 대주거래,40315000000,국내증권사,B,SF205,각주항목(09.06월 이후)
15270,202403,0010132,리딩투자증권주식회사,D1,대차 및 대주거래_대여증권,0,국내증권사,B,SF205,각주항목(09.06월 이후)
15271,202403,0010132,리딩투자증권주식회사,D2,대차 및 대주거래_차입증권,40315000000,국내증권사,B,SF205,각주항목(09.06월 이후)
15272,202403,0010132,리딩투자증권주식회사,D3,대차 및 대주거래_신용거래대주, ,국내증권사,B,SF205,각주항목(09.06월 이후)
15273,202403,0010132,리딩투자증권주식회사,E,대손상각채권, ,국내증권사,B,SF205,각주항목(09.06월 이후)
15274,202403,0010132,리딩투자증권주식회사,F,환전업무 예치금,0,국내증권사,B,SF205,각주항목(09.06월 이후)
15275,202403,0010132,리딩투자증권주식회사,G,미배당별도예치금, ,국내증권사,B,SF205,각주항목(09.06월 이후)
15276,202403,0010132,리딩투자증권주식회사,H,배서어음매출(종금계정),0,국내증권사,B,SF205,각주항목(09.06월 이후)
15277,202403,0010132,리딩투자증권주식회사,H1,대출채권매매이익_담보부, ,국내증권사,B,SF205,각주항목(09.06월 이후)
15278,202403,0010132,리딩투자증권주식회사,H2,대출채권매매이익_무담보부, ,국내증권사,B,SF205,각주항목(09.06월 이후)
15279,202406,0010132,리딩투자증권주식회사,A,채무보증,0,국내증권사,B,SF205,각주항목(09.06월 이후)
15280,202406,0010132,리딩투자증권주식회사,A1,채무보증_지급보증,0,국내증권사,B,SF205,각주항목(09.06월 이후)
15281,202406,0010132,리딩투자증권주식회사,A2,채무보증_매입보장약정,0,국내증권사,B,SF205,각주항목(09.06월 이후)
15282,202406,0010132,리딩투자증권주식회사,A3,채무보증_채무인수약정,0,국내증권사,B,SF205,각주항목(09.06월 이후)
15283,202406,0010132,리딩투자증권주식회사,A5,채무보증_매입확약,0,국내증권사,B,SF205,각주항목(09.06월 이후)
15284,202406,0010132,리딩투자증권주식회사,A6,채무보증_기타,0,국내증권사,B,SF205,각주항목(09.06월 이후)
15285,202406,0010132,리딩투자증권주식회사,B,투자자의 예수증권 등,4318252799160,국내증권사,B,SF205,각주항목(09.06월 이후)
15286,202406,0010132,리딩투자증권주식회사,B1,투자자의 예수증권 등_예수 증권,4318252799160,국내증권사,B,SF205,각주항목(09.06월 이후)
15287,202406,0010132,리딩투자증권주식회사,B2,투자자의 예수증권 등_예수양도성예금증서, ,국내증권사,B,SF205,각주항목(09.06월 이후)
15288,202406,0010132,리딩투자증권주식회사,B3,투자자의 예수증권 등_기타, ,국내증권사,B,SF205,각주항목(09.06월 이후)
15289,202406,0010132,리딩투자증권주식회사,C,파생상품계약,199271903000,국내증권사,B,SF205,각주항목(09.06월 이후)
15290,202406,0010132,리딩투자증권주식회사,C1,파생상품계약_장내파생상품,199271903000,국내증권사,B,SF205,각주항목(09.06월 이후)
15291,202406,0010132,리딩투자증권주식회사,C11,파생상품계약_장내파생상품_이자율관련거래,196512700000,국내증권사,B,SF205,각주항목(09.06월 이후)
15292,202406,0010132,리딩투자증권주식회사,C12,파생상품계약_장내파생상품_통화관련거래,0,국내증권사,B,SF205,각주항목(09.06월 이후)
15293,202406,0010132,리딩투자증권주식회사,C13,파생상품계약_장내파생상품_주식관련거래,2759203000,국내증권사,B,SF205,각주항목(09.06월 이후)
15294,202406,0010132,리딩투자증권주식회사,C14,파생상품계약_장내파생상품_일반상품관련거래,0,국내증권사,B,SF205,각주항목(09.06월 이후)
15295,202406,0010132,리딩투자증권주식회사,C15,파생상품계약_장내파생상품_기타,0,국내증권사,B,SF205,각주항목(09.06월 이후)
15296,202406,0010132,리딩투자증권주식회사,C2,파생상품계약_장외파생상품,0,국내증권사,B,SF205,각주항목(09.06월 이후)
15297,202406,0010132,리딩투자증권주식회사,C21,파생상품계약_장외파생상품_이자율관련거래,0,국내증권사,B,SF205,각주항목(09.06월 이후)
15298,202406,0010132,리딩투자증권주식회사,C22,파생상품계약_장외파생상품_통화관련거래,0,국내증권사,B,SF205,각주항목(09.06월 이후)
15299,202406,0010132,리딩투자증권주식회사,C23,파생상품계약_장외파생상품_주식관련거래,0,국내증권사,B,SF205,각주항목(09.06월 이후)
15300,202406,0010132,리딩투자증권주식회사,C24,파생상품계약_장외파생상품_신용관련거래,0,국내증권사,B,SF205,각주항목(09.06월 이후)
15301,202406,0010132,리딩투자증권주식회사,C25,파생상품계약_장외파생상품_기타,0,국내증권사,B,SF205,각주항목(09.06월 이후)
15302,202406,0010132,리딩투자증권주식회사,D,대차 및 대주거래,225831657600,국내증권사,B,SF205,각주항목(09.06월 이후)
15303,202406,0010132,리딩투자증권주식회사,D1,대차 및 대주거래_대여증권,0,국내증권사,B,SF205,각주항목(09.06월 이후)
15304,202406,0010132,리딩투자증권주식회사,D2,대차 및 대주거래_차입증권,225831657600,국내증권사,B,SF205,각주항목(09.06월 이후)
15305,202406,0010132,리딩투자증권주식회사,D3,대차 및 대주거래_신용거래대주, ,국내증권사,B,SF205,각주항목(09.06월 이후)
15306,202406,0010132,리딩투자증권주식회사,E,대손상각채권, ,국내증권사,B,SF205,각주항목(09.06월 이후)
15307,202406,0010132,리딩투자증권주식회사,F,환전업무 예치금,0,국내증권사,B,SF205,각주항목(09.06월 이후)
15308,202406,0010132,리딩투자증권주식회사,G,미배당별도예치금, ,국내증권사,B,SF205,각주항목(09.06월 이후)
15309,202406,0010132,리딩투자증권주식회사,H,배서어음매출(종금계정),0,국내증권사,B,SF205,각주항목(09.06월 이후)
15310,202406,0010132,리딩투자증권주식회사,H1,대출채권매매이익_담보부, ,국내증권사,B,SF205,각주항목(09.06월 이후)
15311,202406,0010132,리딩투자증권주식회사,H2,대출채권매매이익_무담보부, ,국내증권사,B,SF205,각주항목(09.06월 이후)
15312,202409,0010132,리딩투자증권주식회사,A,채무보증,0,국내증권사,B,SF205,각주항목(09.06월 이후)
15313,202409,0010132,리딩투자증권주식회사,A1,채무보증_지급보증,0,국내증권사,B,SF205,각주항목(09.06월 이후)
15314,202409,0010132,리딩투자증권주식회사,A2,채무보증_매입보장약정,0,국내증권사,B,SF205,각주항목(09.06월 이후)
15315,202409,0010132,리딩투자증권주식회사,A3,채무보증_채무인수약정,0,국내증권사,B,SF205,각주항목(09.06월 이후)
15316,202409,0010132,리딩투자증권주식회사,A5,채무보증_매입확약,0,국내증권사,B,SF205,각주항목(09.06월 이후)
15317,202409,0010132,리딩투자증권주식회사,A6,채무보증_기타,0,국내증권사,B,SF205,각주항목(09.06월 이후)
15318,202409,0010132,리딩투자증권주식회사,B,투자자의 예수증권 등,4230662122025,국내증권사,B,SF205,각주항목(09.06월 이후)
15319,202409,0010132,리딩투자증권주식회사,B1,투자자의 예수증권 등_예수 증권,4230662122025,국내증권사,B,SF205,각주항목(09.06월 이후)
15320,202409,0010132,리딩투자증권주식회사,B2,투자자의 예수증권 등_예수양도성예금증서, ,국내증권사,B,SF205,각주항목(09.06월 이후)
15321,202409,0010132,리딩투자증권주식회사,B3,투자자의 예수증권 등_기타, ,국내증권사,B,SF205,각주항목(09.06월 이후)
15322,202409,0010132,리딩투자증권주식회사,C,파생상품계약,1144769930000,국내증권사,B,SF205,각주항목(09.06월 이후)
15323,202409,0010132,리딩투자증권주식회사,C1,파생상품계약_장내파생상품,1144769930000,국내증권사,B,SF205,각주항목(09.06월 이후)
15324,202409,0010132,리딩투자증권주식회사,C11,파생상품계약_장내파생상품_이자율관련거래,1144769930000,국내증권사,B,SF205,각주항목(09.06월 이후)
15325,202409,0010132,리딩투자증권주식회사,C12,파생상품계약_장내파생상품_통화관련거래,0,국내증권사,B,SF205,각주항목(09.06월 이후)
15326,202409,0010132,리딩투자증권주식회사,C13,파생상품계약_장내파생상품_주식관련거래,0,국내증권사,B,SF205,각주항목(09.06월 이후)
15327,202409,0010132,리딩투자증권주식회사,C14,파생상품계약_장내파생상품_일반상품관련거래,0,국내증권사,B,SF205,각주항목(09.06월 이후)
15328,202409,0010132,리딩투자증권주식회사,C15,파생상품계약_장내파생상품_기타,0,국내증권사,B,SF205,각주항목(09.06월 이후)
15329,202409,0010132,리딩투자증권주식회사,C2,파생상품계약_장외파생상품,0,국내증권사,B,SF205,각주항목(09.06월 이후)
15330,202409,0010132,리딩투자증권주식회사,C21,파생상품계약_장외파생상품_이자율관련거래,0,국내증권사,B,SF205,각주항목(09.06월 이후)
15331,202409,0010132,리딩투자증권주식회사,C22,파생상품계약_장외파생상품_통화관련거래,0,국내증권사,B,SF205,각주항목(09.06월 이후)
15332,202409,0010132,리딩투자증권주식회사,C23,파생상품계약_장외파생상품_주식관련거래,0,국내증권사,B,SF205,각주항목(09.06월 이후)
15333,202409,0010132,리딩투자증권주식회사,C24,파생상품계약_장외파생상품_신용관련거래,0,국내증권사,B,SF205,각주항목(09.06월 이후)
15334,202409,0010132,리딩투자증권주식회사,C25,파생상품계약_장외파생상품_기타,0,국내증권사,B,SF205,각주항목(09.06월 이후)
15335,202409,0010132,리딩투자증권주식회사,D,대차 및 대주거래,268251251500,국내증권사,B,SF205,각주항목(09.06월 이후)
15336,202409,0010132,리딩투자증권주식회사,D1,대차 및 대주거래_대여증권,0,국내증권사,B,SF205,각주항목(09.06월 이후)
15337,202409,0010132,리딩투자증권주식회사,D2,대차 및 대주거래_차입증권,268251251500,국내증권사,B,SF205,각주항목(09.06월 이후)
15338,202409,0010132,리딩투자증권주식회사,D3,대차 및 대주거래_신용거래대주, ,국내증권사,B,SF205,각주항목(09.06월 이후)
15339,202409,0010132,리딩투자증권주식회사,E,대손상각채권, ,국내증권사,B,SF205,각주항목(09.06월 이후)
15340,202409,0010132,리딩투자증권주식회사,F,환전업무 예치금,0,국내증권사,B,SF205,각주항목(09.06월 이후)
15341,202409,0010132,리딩투자증권주식회사,G,미배당별도예치금, ,국내증권사,B,SF205,각주항목(09.06월 이후)
15342,202409,0010132,리딩투자증권주식회사,H,배서어음매출(종금계정),0,국내증권사,B,SF205,각주항목(09.06월 이후)
15343,202409,0010132,리딩투자증권주식회사,H1,대출채권매매이익_담보부, ,국내증권사,B,SF205,각주항목(09.06월 이후)
15344,202409,0010132,리딩투자증권주식회사,H2,대출채권매매이익_무담보부, ,국내증권사,B,SF205,각주항목(09.06월 이후)
15345,202412,0010132,리딩투자증권주식회사,A,채무보증,0,국내증권사,B,SF205,각주항목(09.06월 이후)
15346,202412,0010132,리딩투자증권주식회사,A1,채무보증_지급보증,0,국내증권사,B,SF205,각주항목(09.06월 이후)
15347,202412,0010132,리딩투자증권주식회사,A2,채무보증_매입보장약정,0,국내증권사,B,SF205,각주항목(09.06월 이후)
15348,202412,0010132,리딩투자증권주식회사,A3,채무보증_채무인수약정,0,국내증권사,B,SF205,각주항목(09.06월 이후)
15349,202412,0010132,리딩투자증권주식회사,A5,채무보증_매입확약,0,국내증권사,B,SF205,각주항목(09.06월 이후)
15350,202412,0010132,리딩투자증권주식회사,A6,채무보증_기타,0,국내증권사,B,SF205,각주항목(09.06월 이후)
15351,202412,0010132,리딩투자증권주식회사,B,투자자의 예수증권 등,3477144999142,국내증권사,B,SF205,각주항목(09.06월 이후)
15352,202412,0010132,리딩투자증권주식회사,B1,투자자의 예수증권 등_예수 증권,3477144999142,국내증권사,B,SF205,각주항목(09.06월 이후)
15353,202412,0010132,리딩투자증권주식회사,B2,투자자의 예수증권 등_예수양도성예금증서, ,국내증권사,B,SF205,각주항목(09.06월 이후)
15354,202412,0010132,리딩투자증권주식회사,B3,투자자의 예수증권 등_기타, ,국내증권사,B,SF205,각주항목(09.06월 이후)
15355,202412,0010132,리딩투자증권주식회사,C,파생상품계약,758860550000,국내증권사,B,SF205,각주항목(09.06월 이후)
15356,202412,0010132,리딩투자증권주식회사,C1,파생상품계약_장내파생상품,758860550000,국내증권사,B,SF205,각주항목(09.06월 이후)
15357,202412,0010132,리딩투자증권주식회사,C11,파생상품계약_장내파생상품_이자율관련거래,758860550000,국내증권사,B,SF205,각주항목(09.06월 이후)
15358,202412,0010132,리딩투자증권주식회사,C12,파생상품계약_장내파생상품_통화관련거래,0,국내증권사,B,SF205,각주항목(09.06월 이후)
15359,202412,0010132,리딩투자증권주식회사,C13,파생상품계약_장내파생상품_주식관련거래,0,국내증권사,B,SF205,각주항목(09.06월 이후)
15360,202412,0010132,리딩투자증권주식회사,C14,파생상품계약_장내파생상품_일반상품관련거래,0,국내증권사,B,SF205,각주항목(09.06월 이후)
15361,202412,0010132,리딩투자증권주식회사,C15,파생상품계약_장내파생상품_기타,0,국내증권사,B,SF205,각주항목(09.06월 이후)
15362,202412,0010132,리딩투자증권주식회사,C2,파생상품계약_장외파생상품,0,국내증권사,B,SF205,각주항목(09.06월 이후)
15363,202412,0010132,리딩투자증권주식회사,C21,파생상품계약_장외파생상품_이자율관련거래,0,국내증권사,B,SF205,각주항목(09.06월 이후)
15364,202412,0010132,리딩투자증권주식회사,C22,파생상품계약_장외파생상품_통화관련거래,0,국내증권사,B,SF205,각주항목(09.06월 이후)
15365,202412,0010132,리딩투자증권주식회사,C23,파생상품계약_장외파생상품_주식관련거래,0,국내증권사,B,SF205,각주항목(09.06월 이후)
15366,202412,0010132,리딩투자증권주식회사,C24,파생상품계약_장외파생상품_신용관련거래,0,국내증권사,B,SF205,각주항목(09.06월 이후)
15367,202412,0010132,리딩투자증권주식회사,C25,파생상품계약_장외파생상품_기타,0,국내증권사,B,SF205,각주항목(09.06월 이후)
15368,202412,0010132,리딩투자증권주식회사,D,대차 및 대주거래,660579249900,국내증권사,B,SF205,각주항목(09.06월 이후)
15369,202412,0010132,리딩투자증권주식회사,D1,대차 및 대주거래_대여증권,0,국내증권사,B,SF205,각주항목(09.06월 이후)
15370,202412,0010132,리딩투자증권주식회사,D2,대차 및 대주거래_차입증권,660579249900,국내증권사,B,SF205,각주항목(09.06월 이후)
15371,202412,0010132,리딩투자증권주식회사,D3,대차 및 대주거래_신용거래대주, ,국내증권사,B,SF205,각주항목(09.06월 이후)
15372,202412,0010132,리딩투자증권주식회사,E,대손상각채권, ,국내증권사,B,SF205,각주항목(09.06월 이후)
15373,202412,0010132,리딩투자증권주식회사,F,환전업무 예치금,0,국내증권사,B,SF205,각주항목(09.06월 이후)
15374,202412,0010132,리딩투자증권주식회사,G,미배당별도예치금, ,국내증권사,B,SF205,각주항목(09.06월 이후)
15375,202412,0010132,리딩투자증권주식회사,H,배서어음매출(종금계정),0,국내증권사,B,SF205,각주항목(09.06월 이후)
15376,202412,0010132,리딩투자증권주식회사,H1,대출채권매매이익_담보부, ,국내증권사,B,SF205,각주항목(09.06월 이후)
15377,202412,0010132,리딩투자증권주식회사,H2,대출채권매매이익_무담보부, ,국내증권사,B,SF205,각주항목(09.06월 이후)
15378,201712,0011611,맥쿼리증권,A,채무보증,0,국내증권사,B,SF205,각주항목(09.06월 이후)
15379,201712,0011611,맥쿼리증권,A1,채무보증_지급보증,0,국내증권사,B,SF205,각주항목(09.06월 이후)
15380,201712,0011611,맥쿼리증권,A2,채무보증_매입보장약정,0,국내증권사,B,SF205,각주항목(09.06월 이후)
15381,201712,0011611,맥쿼리증권,A3,채무보증_채무인수약정,0,국내증권사,B,SF205,각주항목(09.06월 이후)
15382,201712,0011611,맥쿼리증권,A5,채무보증_매입확약,0,국내증권사,B,SF205,각주항목(09.06월 이후)
15383,201712,0011611,맥쿼리증권,A6,채무보증_기타,0,국내증권사,B,SF205,각주항목(09.06월 이후)
15384,201712,0011611,맥쿼리증권,B,투자자의 예수증권 등,6800000000,국내증권사,B,SF205,각주항목(09.06월 이후)
15385,201712,0011611,맥쿼리증권,B1,투자자의 예수증권 등_예수 증권,6800000000,국내증권사,B,SF205,각주항목(09.06월 이후)
15386,201712,0011611,맥쿼리증권,B2,투자자의 예수증권 등_예수양도성예금증서,0,국내증권사,B,SF205,각주항목(09.06월 이후)
15387,201712,0011611,맥쿼리증권,B3,투자자의 예수증권 등_기타,0,국내증권사,B,SF205,각주항목(09.06월 이후)
15388,201712,0011611,맥쿼리증권,C,파생상품계약,0,국내증권사,B,SF205,각주항목(09.06월 이후)
15389,201712,0011611,맥쿼리증권,C1,파생상품계약_장내파생상품,0,국내증권사,B,SF205,각주항목(09.06월 이후)
15390,201712,0011611,맥쿼리증권,C11,파생상품계약_장내파생상품_이자율관련거래,0,국내증권사,B,SF205,각주항목(09.06월 이후)
15391,201712,0011611,맥쿼리증권,C12,파생상품계약_장내파생상품_통화관련거래,0,국내증권사,B,SF205,각주항목(09.06월 이후)
15392,201712,0011611,맥쿼리증권,C13,파생상품계약_장내파생상품_주식관련거래,0,국내증권사,B,SF205,각주항목(09.06월 이후)
15393,201712,0011611,맥쿼리증권,C14,파생상품계약_장내파생상품_일반상품관련거래,0,국내증권사,B,SF205,각주항목(09.06월 이후)
15394,201712,0011611,맥쿼리증권,C15,파생상품계약_장내파생상품_기타,0,국내증권사,B,SF205,각주항목(09.06월 이후)
15395,201712,0011611,맥쿼리증권,C2,파생상품계약_장외파생상품,0,국내증권사,B,SF205,각주항목(09.06월 이후)
15396,201712,0011611,맥쿼리증권,C21,파생상품계약_장외파생상품_이자율관련거래,0,국내증권사,B,SF205,각주항목(09.06월 이후)
15397,201712,0011611,맥쿼리증권,C22,파생상품계약_장외파생상품_통화관련거래,0,국내증권사,B,SF205,각주항목(09.06월 이후)
15398,201712,0011611,맥쿼리증권,C23,파생상품계약_장외파생상품_주식관련거래,0,국내증권사,B,SF205,각주항목(09.06월 이후)
15399,201712,0011611,맥쿼리증권,C24,파생상품계약_장외파생상품_신용관련거래,0,국내증권사,B,SF205,각주항목(09.06월 이후)
15400,201712,0011611,맥쿼리증권,C25,파생상품계약_장외파생상품_기타,0,국내증권사,B,SF205,각주항목(09.06월 이후)
15401,201712,0011611,맥쿼리증권,D,대차 및 대주거래,0,국내증권사,B,SF205,각주항목(09.06월 이후)
15402,201712,0011611,맥쿼리증권,D1,대차 및 대주거래_대여증권,0,국내증권사,B,SF205,각주항목(09.06월 이후)
15403,201712,0011611,맥쿼리증권,D2,대차 및 대주거래_차입증권,0,국내증권사,B,SF205,각주항목(09.06월 이후)
15404,201712,0011611,맥쿼리증권,D3,대차 및 대주거래_신용거래대주,0,국내증권사,B,SF205,각주항목(09.06월 이후)
15405,201712,0011611,맥쿼리증권,E,대손상각채권,0,국내증권사,B,SF205,각주항목(09.06월 이후)
15406,201712,0011611,맥쿼리증권,F,환전업무 예치금,0,국내증권사,B,SF205,각주항목(09.06월 이후)
15407,201712,0011611,맥쿼리증권,G,미배당별도예치금,0,국내증권사,B,SF205,각주항목(09.06월 이후)
15408,201712,0011611,맥쿼리증권,H,배서어음매출(종금계정),0,국내증권사,B,SF205,각주항목(09.06월 이후)
15409,201712,0011611,맥쿼리증권,H1,대출채권매매이익_담보부,0,국내증권사,B,SF205,각주항목(09.06월 이후)
15410,201712,0011611,맥쿼리증권,H2,대출채권매매이익_무담보부,0,국내증권사,B,SF205,각주항목(09.06월 이후)
15411,201803,0011611,맥쿼리증권,A,채무보증,0,국내증권사,B,SF205,각주항목(09.06월 이후)
15412,201803,0011611,맥쿼리증권,A1,채무보증_지급보증,0,국내증권사,B,SF205,각주항목(09.06월 이후)
15413,201803,0011611,맥쿼리증권,A2,채무보증_매입보장약정,0,국내증권사,B,SF205,각주항목(09.06월 이후)
15414,201803,0011611,맥쿼리증권,A3,채무보증_채무인수약정,0,국내증권사,B,SF205,각주항목(09.06월 이후)
15415,201803,0011611,맥쿼리증권,A5,채무보증_매입확약,0,국내증권사,B,SF205,각주항목(09.06월 이후)
15416,201803,0011611,맥쿼리증권,A6,채무보증_기타,0,국내증권사,B,SF205,각주항목(09.06월 이후)
15417,201803,0011611,맥쿼리증권,B,투자자의 예수증권 등,6800000000,국내증권사,B,SF205,각주항목(09.06월 이후)
15418,201803,0011611,맥쿼리증권,B1,투자자의 예수증권 등_예수 증권,6800000000,국내증권사,B,SF205,각주항목(09.06월 이후)
15419,201803,0011611,맥쿼리증권,B2,투자자의 예수증권 등_예수양도성예금증서,0,국내증권사,B,SF205,각주항목(09.06월 이후)
15420,201803,0011611,맥쿼리증권,B3,투자자의 예수증권 등_기타,0,국내증권사,B,SF205,각주항목(09.06월 이후)
15421,201803,0011611,맥쿼리증권,C,파생상품계약,0,국내증권사,B,SF205,각주항목(09.06월 이후)
15422,201803,0011611,맥쿼리증권,C1,파생상품계약_장내파생상품,0,국내증권사,B,SF205,각주항목(09.06월 이후)
15423,201803,0011611,맥쿼리증권,C11,파생상품계약_장내파생상품_이자율관련거래,0,국내증권사,B,SF205,각주항목(09.06월 이후)
15424,201803,0011611,맥쿼리증권,C12,파생상품계약_장내파생상품_통화관련거래,0,국내증권사,B,SF205,각주항목(09.06월 이후)
15425,201803,0011611,맥쿼리증권,C13,파생상품계약_장내파생상품_주식관련거래,0,국내증권사,B,SF205,각주항목(09.06월 이후)
15426,201803,0011611,맥쿼리증권,C14,파생상품계약_장내파생상품_일반상품관련거래,0,국내증권사,B,SF205,각주항목(09.06월 이후)
15427,201803,0011611,맥쿼리증권,C15,파생상품계약_장내파생상품_기타,0,국내증권사,B,SF205,각주항목(09.06월 이후)
15428,201803,0011611,맥쿼리증권,C2,파생상품계약_장외파생상품,0,국내증권사,B,SF205,각주항목(09.06월 이후)
15429,201803,0011611,맥쿼리증권,C21,파생상품계약_장외파생상품_이자율관련거래,0,국내증권사,B,SF205,각주항목(09.06월 이후)
15430,201803,0011611,맥쿼리증권,C22,파생상품계약_장외파생상품_통화관련거래,0,국내증권사,B,SF205,각주항목(09.06월 이후)
15431,201803,0011611,맥쿼리증권,C23,파생상품계약_장외파생상품_주식관련거래,0,국내증권사,B,SF205,각주항목(09.06월 이후)
15432,201803,0011611,맥쿼리증권,C24,파생상품계약_장외파생상품_신용관련거래,0,국내증권사,B,SF205,각주항목(09.06월 이후)
15433,201803,0011611,맥쿼리증권,C25,파생상품계약_장외파생상품_기타,0,국내증권사,B,SF205,각주항목(09.06월 이후)
15434,201803,0011611,맥쿼리증권,D,대차 및 대주거래,0,국내증권사,B,SF205,각주항목(09.06월 이후)
15435,201803,0011611,맥쿼리증권,D1,대차 및 대주거래_대여증권,0,국내증권사,B,SF205,각주항목(09.06월 이후)
15436,201803,0011611,맥쿼리증권,D2,대차 및 대주거래_차입증권,0,국내증권사,B,SF205,각주항목(09.06월 이후)
15437,201803,0011611,맥쿼리증권,D3,대차 및 대주거래_신용거래대주,0,국내증권사,B,SF205,각주항목(09.06월 이후)
15438,201803,0011611,맥쿼리증권,E,대손상각채권,0,국내증권사,B,SF205,각주항목(09.06월 이후)
15439,201803,0011611,맥쿼리증권,F,환전업무 예치금,0,국내증권사,B,SF205,각주항목(09.06월 이후)
15440,201803,0011611,맥쿼리증권,G,미배당별도예치금,0,국내증권사,B,SF205,각주항목(09.06월 이후)
15441,201803,0011611,맥쿼리증권,H,배서어음매출(종금계정),0,국내증권사,B,SF205,각주항목(09.06월 이후)
15442,201803,0011611,맥쿼리증권,H1,대출채권매매이익_담보부,0,국내증권사,B,SF205,각주항목(09.06월 이후)
15443,201803,0011611,맥쿼리증권,H2,대출채권매매이익_무담보부,0,국내증권사,B,SF205,각주항목(09.06월 이후)
15444,201806,0011611,맥쿼리증권,A,채무보증,0,국내증권사,B,SF205,각주항목(09.06월 이후)
15445,201806,0011611,맥쿼리증권,A1,채무보증_지급보증,0,국내증권사,B,SF205,각주항목(09.06월 이후)
15446,201806,0011611,맥쿼리증권,A2,채무보증_매입보장약정,0,국내증권사,B,SF205,각주항목(09.06월 이후)
15447,201806,0011611,맥쿼리증권,A3,채무보증_채무인수약정,0,국내증권사,B,SF205,각주항목(09.06월 이후)
15448,201806,0011611,맥쿼리증권,A5,채무보증_매입확약,0,국내증권사,B,SF205,각주항목(09.06월 이후)
15449,201806,0011611,맥쿼리증권,A6,채무보증_기타,0,국내증권사,B,SF205,각주항목(09.06월 이후)
15450,201806,0011611,맥쿼리증권,B,투자자의 예수증권 등,6800000000,국내증권사,B,SF205,각주항목(09.06월 이후)
15451,201806,0011611,맥쿼리증권,B1,투자자의 예수증권 등_예수 증권,6800000000,국내증권사,B,SF205,각주항목(09.06월 이후)
15452,201806,0011611,맥쿼리증권,B2,투자자의 예수증권 등_예수양도성예금증서,0,국내증권사,B,SF205,각주항목(09.06월 이후)
15453,201806,0011611,맥쿼리증권,B3,투자자의 예수증권 등_기타,0,국내증권사,B,SF205,각주항목(09.06월 이후)
15454,201806,0011611,맥쿼리증권,C,파생상품계약,0,국내증권사,B,SF205,각주항목(09.06월 이후)
15455,201806,0011611,맥쿼리증권,C1,파생상품계약_장내파생상품,0,국내증권사,B,SF205,각주항목(09.06월 이후)
15456,201806,0011611,맥쿼리증권,C11,파생상품계약_장내파생상품_이자율관련거래,0,국내증권사,B,SF205,각주항목(09.06월 이후)
15457,201806,0011611,맥쿼리증권,C12,파생상품계약_장내파생상품_통화관련거래,0,국내증권사,B,SF205,각주항목(09.06월 이후)
15458,201806,0011611,맥쿼리증권,C13,파생상품계약_장내파생상품_주식관련거래,0,국내증권사,B,SF205,각주항목(09.06월 이후)
15459,201806,0011611,맥쿼리증권,C14,파생상품계약_장내파생상품_일반상품관련거래,0,국내증권사,B,SF205,각주항목(09.06월 이후)
15460,201806,0011611,맥쿼리증권,C15,파생상품계약_장내파생상품_기타,0,국내증권사,B,SF205,각주항목(09.06월 이후)
15461,201806,0011611,맥쿼리증권,C2,파생상품계약_장외파생상품,0,국내증권사,B,SF205,각주항목(09.06월 이후)
15462,201806,0011611,맥쿼리증권,C21,파생상품계약_장외파생상품_이자율관련거래,0,국내증권사,B,SF205,각주항목(09.06월 이후)
15463,201806,0011611,맥쿼리증권,C22,파생상품계약_장외파생상품_통화관련거래,0,국내증권사,B,SF205,각주항목(09.06월 이후)
15464,201806,0011611,맥쿼리증권,C23,파생상품계약_장외파생상품_주식관련거래,0,국내증권사,B,SF205,각주항목(09.06월 이후)
15465,201806,0011611,맥쿼리증권,C24,파생상품계약_장외파생상품_신용관련거래,0,국내증권사,B,SF205,각주항목(09.06월 이후)
15466,201806,0011611,맥쿼리증권,C25,파생상품계약_장외파생상품_기타,0,국내증권사,B,SF205,각주항목(09.06월 이후)
15467,201806,0011611,맥쿼리증권,D,대차 및 대주거래,0,국내증권사,B,SF205,각주항목(09.06월 이후)
15468,201806,0011611,맥쿼리증권,D1,대차 및 대주거래_대여증권,0,국내증권사,B,SF205,각주항목(09.06월 이후)
15469,201806,0011611,맥쿼리증권,D2,대차 및 대주거래_차입증권,0,국내증권사,B,SF205,각주항목(09.06월 이후)
15470,201806,0011611,맥쿼리증권,D3,대차 및 대주거래_신용거래대주,0,국내증권사,B,SF205,각주항목(09.06월 이후)
15471,201806,0011611,맥쿼리증권,E,대손상각채권,0,국내증권사,B,SF205,각주항목(09.06월 이후)
15472,201806,0011611,맥쿼리증권,F,환전업무 예치금,0,국내증권사,B,SF205,각주항목(09.06월 이후)
15473,201806,0011611,맥쿼리증권,G,미배당별도예치금,0,국내증권사,B,SF205,각주항목(09.06월 이후)
15474,201806,0011611,맥쿼리증권,H,배서어음매출(종금계정),0,국내증권사,B,SF205,각주항목(09.06월 이후)
15475,201806,0011611,맥쿼리증권,H1,대출채권매매이익_담보부,0,국내증권사,B,SF205,각주항목(09.06월 이후)
15476,201806,0011611,맥쿼리증권,H2,대출채권매매이익_무담보부,0,국내증권사,B,SF205,각주항목(09.06월 이후)
15477,201809,0011611,맥쿼리증권,A,채무보증,0,국내증권사,B,SF205,각주항목(09.06월 이후)
15478,201809,0011611,맥쿼리증권,A1,채무보증_지급보증,0,국내증권사,B,SF205,각주항목(09.06월 이후)
15479,201809,0011611,맥쿼리증권,A2,채무보증_매입보장약정,0,국내증권사,B,SF205,각주항목(09.06월 이후)
15480,201809,0011611,맥쿼리증권,A3,채무보증_채무인수약정,0,국내증권사,B,SF205,각주항목(09.06월 이후)
15481,201809,0011611,맥쿼리증권,A5,채무보증_매입확약,0,국내증권사,B,SF205,각주항목(09.06월 이후)
15482,201809,0011611,맥쿼리증권,A6,채무보증_기타,0,국내증권사,B,SF205,각주항목(09.06월 이후)
15483,201809,0011611,맥쿼리증권,B,투자자의 예수증권 등,11078125789,국내증권사,B,SF205,각주항목(09.06월 이후)
15484,201809,0011611,맥쿼리증권,B1,투자자의 예수증권 등_예수 증권,11078125789,국내증권사,B,SF205,각주항목(09.06월 이후)
15485,201809,0011611,맥쿼리증권,B2,투자자의 예수증권 등_예수양도성예금증서,0,국내증권사,B,SF205,각주항목(09.06월 이후)
15486,201809,0011611,맥쿼리증권,B3,투자자의 예수증권 등_기타,0,국내증권사,B,SF205,각주항목(09.06월 이후)
15487,201809,0011611,맥쿼리증권,C,파생상품계약,0,국내증권사,B,SF205,각주항목(09.06월 이후)
15488,201809,0011611,맥쿼리증권,C1,파생상품계약_장내파생상품,0,국내증권사,B,SF205,각주항목(09.06월 이후)
15489,201809,0011611,맥쿼리증권,C11,파생상품계약_장내파생상품_이자율관련거래,0,국내증권사,B,SF205,각주항목(09.06월 이후)
15490,201809,0011611,맥쿼리증권,C12,파생상품계약_장내파생상품_통화관련거래,0,국내증권사,B,SF205,각주항목(09.06월 이후)
15491,201809,0011611,맥쿼리증권,C13,파생상품계약_장내파생상품_주식관련거래,0,국내증권사,B,SF205,각주항목(09.06월 이후)
15492,201809,0011611,맥쿼리증권,C14,파생상품계약_장내파생상품_일반상품관련거래,0,국내증권사,B,SF205,각주항목(09.06월 이후)
15493,201809,0011611,맥쿼리증권,C15,파생상품계약_장내파생상품_기타,0,국내증권사,B,SF205,각주항목(09.06월 이후)
15494,201809,0011611,맥쿼리증권,C2,파생상품계약_장외파생상품,0,국내증권사,B,SF205,각주항목(09.06월 이후)
15495,201809,0011611,맥쿼리증권,C21,파생상품계약_장외파생상품_이자율관련거래,0,국내증권사,B,SF205,각주항목(09.06월 이후)
15496,201809,0011611,맥쿼리증권,C22,파생상품계약_장외파생상품_통화관련거래,0,국내증권사,B,SF205,각주항목(09.06월 이후)
15497,201809,0011611,맥쿼리증권,C23,파생상품계약_장외파생상품_주식관련거래,0,국내증권사,B,SF205,각주항목(09.06월 이후)
15498,201809,0011611,맥쿼리증권,C24,파생상품계약_장외파생상품_신용관련거래,0,국내증권사,B,SF205,각주항목(09.06월 이후)
15499,201809,0011611,맥쿼리증권,C25,파생상품계약_장외파생상품_기타,0,국내증권사,B,SF205,각주항목(09.06월 이후)
15500,201809,0011611,맥쿼리증권,D,대차 및 대주거래,0,국내증권사,B,SF205,각주항목(09.06월 이후)
15501,201809,0011611,맥쿼리증권,D1,대차 및 대주거래_대여증권,0,국내증권사,B,SF205,각주항목(09.06월 이후)
15502,201809,0011611,맥쿼리증권,D2,대차 및 대주거래_차입증권,0,국내증권사,B,SF205,각주항목(09.06월 이후)
15503,201809,0011611,맥쿼리증권,D3,대차 및 대주거래_신용거래대주,0,국내증권사,B,SF205,각주항목(09.06월 이후)
15504,201809,0011611,맥쿼리증권,E,대손상각채권,0,국내증권사,B,SF205,각주항목(09.06월 이후)
15505,201809,0011611,맥쿼리증권,F,환전업무 예치금,0,국내증권사,B,SF205,각주항목(09.06월 이후)
15506,201809,0011611,맥쿼리증권,G,미배당별도예치금,0,국내증권사,B,SF205,각주항목(09.06월 이후)
15507,201809,0011611,맥쿼리증권,H,배서어음매출(종금계정),0,국내증권사,B,SF205,각주항목(09.06월 이후)
15508,201809,0011611,맥쿼리증권,H1,대출채권매매이익_담보부,0,국내증권사,B,SF205,각주항목(09.06월 이후)
15509,201809,0011611,맥쿼리증권,H2,대출채권매매이익_무담보부,0,국내증권사,B,SF205,각주항목(09.06월 이후)
15510,201812,0011611,맥쿼리증권,A,채무보증,0,국내증권사,B,SF205,각주항목(09.06월 이후)
15511,201812,0011611,맥쿼리증권,A1,채무보증_지급보증,0,국내증권사,B,SF205,각주항목(09.06월 이후)
15512,201812,0011611,맥쿼리증권,A2,채무보증_매입보장약정,0,국내증권사,B,SF205,각주항목(09.06월 이후)
15513,201812,0011611,맥쿼리증권,A3,채무보증_채무인수약정,0,국내증권사,B,SF205,각주항목(09.06월 이후)
15514,201812,0011611,맥쿼리증권,A5,채무보증_매입확약,0,국내증권사,B,SF205,각주항목(09.06월 이후)
15515,201812,0011611,맥쿼리증권,A6,채무보증_기타,0,국내증권사,B,SF205,각주항목(09.06월 이후)
15516,201812,0011611,맥쿼리증권,B,투자자의 예수증권 등,8010350402,국내증권사,B,SF205,각주항목(09.06월 이후)
15517,201812,0011611,맥쿼리증권,B1,투자자의 예수증권 등_예수 증권,8010350402,국내증권사,B,SF205,각주항목(09.06월 이후)
15518,201812,0011611,맥쿼리증권,B2,투자자의 예수증권 등_예수양도성예금증서,0,국내증권사,B,SF205,각주항목(09.06월 이후)
15519,201812,0011611,맥쿼리증권,B3,투자자의 예수증권 등_기타,0,국내증권사,B,SF205,각주항목(09.06월 이후)
15520,201812,0011611,맥쿼리증권,C,파생상품계약,0,국내증권사,B,SF205,각주항목(09.06월 이후)
15521,201812,0011611,맥쿼리증권,C1,파생상품계약_장내파생상품,0,국내증권사,B,SF205,각주항목(09.06월 이후)
15522,201812,0011611,맥쿼리증권,C11,파생상품계약_장내파생상품_이자율관련거래,0,국내증권사,B,SF205,각주항목(09.06월 이후)
15523,201812,0011611,맥쿼리증권,C12,파생상품계약_장내파생상품_통화관련거래,0,국내증권사,B,SF205,각주항목(09.06월 이후)
15524,201812,0011611,맥쿼리증권,C13,파생상품계약_장내파생상품_주식관련거래,0,국내증권사,B,SF205,각주항목(09.06월 이후)
15525,201812,0011611,맥쿼리증권,C14,파생상품계약_장내파생상품_일반상품관련거래,0,국내증권사,B,SF205,각주항목(09.06월 이후)
15526,201812,0011611,맥쿼리증권,C15,파생상품계약_장내파생상품_기타,0,국내증권사,B,SF205,각주항목(09.06월 이후)
15527,201812,0011611,맥쿼리증권,C2,파생상품계약_장외파생상품,0,국내증권사,B,SF205,각주항목(09.06월 이후)
15528,201812,0011611,맥쿼리증권,C21,파생상품계약_장외파생상품_이자율관련거래,0,국내증권사,B,SF205,각주항목(09.06월 이후)
15529,201812,0011611,맥쿼리증권,C22,파생상품계약_장외파생상품_통화관련거래,0,국내증권사,B,SF205,각주항목(09.06월 이후)
15530,201812,0011611,맥쿼리증권,C23,파생상품계약_장외파생상품_주식관련거래,0,국내증권사,B,SF205,각주항목(09.06월 이후)
15531,201812,0011611,맥쿼리증권,C24,파생상품계약_장외파생상품_신용관련거래,0,국내증권사,B,SF205,각주항목(09.06월 이후)
15532,201812,0011611,맥쿼리증권,C25,파생상품계약_장외파생상품_기타,0,국내증권사,B,SF205,각주항목(09.06월 이후)
15533,201812,0011611,맥쿼리증권,D,대차 및 대주거래,0,국내증권사,B,SF205,각주항목(09.06월 이후)
15534,201812,0011611,맥쿼리증권,D1,대차 및 대주거래_대여증권,0,국내증권사,B,SF205,각주항목(09.06월 이후)
15535,201812,0011611,맥쿼리증권,D2,대차 및 대주거래_차입증권,0,국내증권사,B,SF205,각주항목(09.06월 이후)
15536,201812,0011611,맥쿼리증권,D3,대차 및 대주거래_신용거래대주,0,국내증권사,B,SF205,각주항목(09.06월 이후)
15537,201812,0011611,맥쿼리증권,E,대손상각채권,0,국내증권사,B,SF205,각주항목(09.06월 이후)
15538,201812,0011611,맥쿼리증권,F,환전업무 예치금,0,국내증권사,B,SF205,각주항목(09.06월 이후)
15539,201812,0011611,맥쿼리증권,G,미배당별도예치금,0,국내증권사,B,SF205,각주항목(09.06월 이후)
15540,201812,0011611,맥쿼리증권,H,배서어음매출(종금계정),0,국내증권사,B,SF205,각주항목(09.06월 이후)
15541,201812,0011611,맥쿼리증권,H1,대출채권매매이익_담보부,0,국내증권사,B,SF205,각주항목(09.06월 이후)
15542,201812,0011611,맥쿼리증권,H2,대출채권매매이익_무담보부,0,국내증권사,B,SF205,각주항목(09.06월 이후)
15543,201903,0011611,맥쿼리증권,A,채무보증,0,국내증권사,B,SF205,각주항목(09.06월 이후)
15544,201903,0011611,맥쿼리증권,A1,채무보증_지급보증,0,국내증권사,B,SF205,각주항목(09.06월 이후)
15545,201903,0011611,맥쿼리증권,A2,채무보증_매입보장약정,0,국내증권사,B,SF205,각주항목(09.06월 이후)
15546,201903,0011611,맥쿼리증권,A3,채무보증_채무인수약정,0,국내증권사,B,SF205,각주항목(09.06월 이후)
15547,201903,0011611,맥쿼리증권,A5,채무보증_매입확약,0,국내증권사,B,SF205,각주항목(09.06월 이후)
15548,201903,0011611,맥쿼리증권,A6,채무보증_기타,0,국내증권사,B,SF205,각주항목(09.06월 이후)
15549,201903,0011611,맥쿼리증권,B,투자자의 예수증권 등,11118012233,국내증권사,B,SF205,각주항목(09.06월 이후)
15550,201903,0011611,맥쿼리증권,B1,투자자의 예수증권 등_예수 증권,11118012233,국내증권사,B,SF205,각주항목(09.06월 이후)
15551,201903,0011611,맥쿼리증권,B2,투자자의 예수증권 등_예수양도성예금증서,0,국내증권사,B,SF205,각주항목(09.06월 이후)
15552,201903,0011611,맥쿼리증권,B3,투자자의 예수증권 등_기타,0,국내증권사,B,SF205,각주항목(09.06월 이후)
15553,201903,0011611,맥쿼리증권,C,파생상품계약,0,국내증권사,B,SF205,각주항목(09.06월 이후)
15554,201903,0011611,맥쿼리증권,C1,파생상품계약_장내파생상품,0,국내증권사,B,SF205,각주항목(09.06월 이후)
15555,201903,0011611,맥쿼리증권,C11,파생상품계약_장내파생상품_이자율관련거래,0,국내증권사,B,SF205,각주항목(09.06월 이후)
15556,201903,0011611,맥쿼리증권,C12,파생상품계약_장내파생상품_통화관련거래,0,국내증권사,B,SF205,각주항목(09.06월 이후)
15557,201903,0011611,맥쿼리증권,C13,파생상품계약_장내파생상품_주식관련거래,0,국내증권사,B,SF205,각주항목(09.06월 이후)
15558,201903,0011611,맥쿼리증권,C14,파생상품계약_장내파생상품_일반상품관련거래,0,국내증권사,B,SF205,각주항목(09.06월 이후)
15559,201903,0011611,맥쿼리증권,C15,파생상품계약_장내파생상품_기타,0,국내증권사,B,SF205,각주항목(09.06월 이후)
15560,201903,0011611,맥쿼리증권,C2,파생상품계약_장외파생상품,0,국내증권사,B,SF205,각주항목(09.06월 이후)
15561,201903,0011611,맥쿼리증권,C21,파생상품계약_장외파생상품_이자율관련거래,0,국내증권사,B,SF205,각주항목(09.06월 이후)
15562,201903,0011611,맥쿼리증권,C22,파생상품계약_장외파생상품_통화관련거래,0,국내증권사,B,SF205,각주항목(09.06월 이후)
15563,201903,0011611,맥쿼리증권,C23,파생상품계약_장외파생상품_주식관련거래,0,국내증권사,B,SF205,각주항목(09.06월 이후)
15564,201903,0011611,맥쿼리증권,C24,파생상품계약_장외파생상품_신용관련거래,0,국내증권사,B,SF205,각주항목(09.06월 이후)
15565,201903,0011611,맥쿼리증권,C25,파생상품계약_장외파생상품_기타,0,국내증권사,B,SF205,각주항목(09.06월 이후)
15566,201903,0011611,맥쿼리증권,D,대차 및 대주거래,0,국내증권사,B,SF205,각주항목(09.06월 이후)
15567,201903,0011611,맥쿼리증권,D1,대차 및 대주거래_대여증권,0,국내증권사,B,SF205,각주항목(09.06월 이후)
15568,201903,0011611,맥쿼리증권,D2,대차 및 대주거래_차입증권,0,국내증권사,B,SF205,각주항목(09.06월 이후)
15569,201903,0011611,맥쿼리증권,D3,대차 및 대주거래_신용거래대주,0,국내증권사,B,SF205,각주항목(09.06월 이후)
15570,201903,0011611,맥쿼리증권,E,대손상각채권,34865827,국내증권사,B,SF205,각주항목(09.06월 이후)
15571,201903,0011611,맥쿼리증권,F,환전업무 예치금,0,국내증권사,B,SF205,각주항목(09.06월 이후)
15572,201903,0011611,맥쿼리증권,G,미배당별도예치금,0,국내증권사,B,SF205,각주항목(09.06월 이후)
15573,201903,0011611,맥쿼리증권,H,배서어음매출(종금계정),0,국내증권사,B,SF205,각주항목(09.06월 이후)
15574,201903,0011611,맥쿼리증권,H1,대출채권매매이익_담보부,0,국내증권사,B,SF205,각주항목(09.06월 이후)
15575,201903,0011611,맥쿼리증권,H2,대출채권매매이익_무담보부,0,국내증권사,B,SF205,각주항목(09.06월 이후)
15576,201906,0011611,맥쿼리증권,A,채무보증,0,국내증권사,B,SF205,각주항목(09.06월 이후)
15577,201906,0011611,맥쿼리증권,A1,채무보증_지급보증,0,국내증권사,B,SF205,각주항목(09.06월 이후)
15578,201906,0011611,맥쿼리증권,A2,채무보증_매입보장약정,0,국내증권사,B,SF205,각주항목(09.06월 이후)
15579,201906,0011611,맥쿼리증권,A3,채무보증_채무인수약정,0,국내증권사,B,SF205,각주항목(09.06월 이후)
15580,201906,0011611,맥쿼리증권,A5,채무보증_매입확약,0,국내증권사,B,SF205,각주항목(09.06월 이후)
15581,201906,0011611,맥쿼리증권,A6,채무보증_기타,0,국내증권사,B,SF205,각주항목(09.06월 이후)
15582,201906,0011611,맥쿼리증권,B,투자자의 예수증권 등,11810472705,국내증권사,B,SF205,각주항목(09.06월 이후)
15583,201906,0011611,맥쿼리증권,B1,투자자의 예수증권 등_예수 증권,11810472705,국내증권사,B,SF205,각주항목(09.06월 이후)
15584,201906,0011611,맥쿼리증권,B2,투자자의 예수증권 등_예수양도성예금증서,0,국내증권사,B,SF205,각주항목(09.06월 이후)
15585,201906,0011611,맥쿼리증권,B3,투자자의 예수증권 등_기타,0,국내증권사,B,SF205,각주항목(09.06월 이후)
15586,201906,0011611,맥쿼리증권,C,파생상품계약,0,국내증권사,B,SF205,각주항목(09.06월 이후)
15587,201906,0011611,맥쿼리증권,C1,파생상품계약_장내파생상품,0,국내증권사,B,SF205,각주항목(09.06월 이후)
15588,201906,0011611,맥쿼리증권,C11,파생상품계약_장내파생상품_이자율관련거래,0,국내증권사,B,SF205,각주항목(09.06월 이후)
15589,201906,0011611,맥쿼리증권,C12,파생상품계약_장내파생상품_통화관련거래,0,국내증권사,B,SF205,각주항목(09.06월 이후)
15590,201906,0011611,맥쿼리증권,C13,파생상품계약_장내파생상품_주식관련거래,0,국내증권사,B,SF205,각주항목(09.06월 이후)
15591,201906,0011611,맥쿼리증권,C14,파생상품계약_장내파생상품_일반상품관련거래,0,국내증권사,B,SF205,각주항목(09.06월 이후)
15592,201906,0011611,맥쿼리증권,C15,파생상품계약_장내파생상품_기타,0,국내증권사,B,SF205,각주항목(09.06월 이후)
15593,201906,0011611,맥쿼리증권,C2,파생상품계약_장외파생상품,0,국내증권사,B,SF205,각주항목(09.06월 이후)
15594,201906,0011611,맥쿼리증권,C21,파생상품계약_장외파생상품_이자율관련거래,0,국내증권사,B,SF205,각주항목(09.06월 이후)
15595,201906,0011611,맥쿼리증권,C22,파생상품계약_장외파생상품_통화관련거래,0,국내증권사,B,SF205,각주항목(09.06월 이후)
15596,201906,0011611,맥쿼리증권,C23,파생상품계약_장외파생상품_주식관련거래,0,국내증권사,B,SF205,각주항목(09.06월 이후)
15597,201906,0011611,맥쿼리증권,C24,파생상품계약_장외파생상품_신용관련거래,0,국내증권사,B,SF205,각주항목(09.06월 이후)
15598,201906,0011611,맥쿼리증권,C25,파생상품계약_장외파생상품_기타,0,국내증권사,B,SF205,각주항목(09.06월 이후)
15599,201906,0011611,맥쿼리증권,D,대차 및 대주거래,0,국내증권사,B,SF205,각주항목(09.06월 이후)
15600,201906,0011611,맥쿼리증권,D1,대차 및 대주거래_대여증권,0,국내증권사,B,SF205,각주항목(09.06월 이후)
15601,201906,0011611,맥쿼리증권,D2,대차 및 대주거래_차입증권,0,국내증권사,B,SF205,각주항목(09.06월 이후)
15602,201906,0011611,맥쿼리증권,D3,대차 및 대주거래_신용거래대주,0,국내증권사,B,SF205,각주항목(09.06월 이후)
15603,201906,0011611,맥쿼리증권,E,대손상각채권,34865827,국내증권사,B,SF205,각주항목(09.06월 이후)
15604,201906,0011611,맥쿼리증권,F,환전업무 예치금,0,국내증권사,B,SF205,각주항목(09.06월 이후)
15605,201906,0011611,맥쿼리증권,G,미배당별도예치금,0,국내증권사,B,SF205,각주항목(09.06월 이후)
15606,201906,0011611,맥쿼리증권,H,배서어음매출(종금계정),0,국내증권사,B,SF205,각주항목(09.06월 이후)
15607,201906,0011611,맥쿼리증권,H1,대출채권매매이익_담보부,0,국내증권사,B,SF205,각주항목(09.06월 이후)
15608,201906,0011611,맥쿼리증권,H2,대출채권매매이익_무담보부,0,국내증권사,B,SF205,각주항목(09.06월 이후)
15609,201909,0011611,맥쿼리증권,A,채무보증,0,국내증권사,B,SF205,각주항목(09.06월 이후)
15610,201909,0011611,맥쿼리증권,A1,채무보증_지급보증,0,국내증권사,B,SF205,각주항목(09.06월 이후)
15611,201909,0011611,맥쿼리증권,A2,채무보증_매입보장약정,0,국내증권사,B,SF205,각주항목(09.06월 이후)
15612,201909,0011611,맥쿼리증권,A3,채무보증_채무인수약정,0,국내증권사,B,SF205,각주항목(09.06월 이후)
15613,201909,0011611,맥쿼리증권,A5,채무보증_매입확약,0,국내증권사,B,SF205,각주항목(09.06월 이후)
15614,201909,0011611,맥쿼리증권,A6,채무보증_기타,0,국내증권사,B,SF205,각주항목(09.06월 이후)
15615,201909,0011611,맥쿼리증권,B,투자자의 예수증권 등,11812935223,국내증권사,B,SF205,각주항목(09.06월 이후)
15616,201909,0011611,맥쿼리증권,B1,투자자의 예수증권 등_예수 증권,11812935223,국내증권사,B,SF205,각주항목(09.06월 이후)
15617,201909,0011611,맥쿼리증권,B2,투자자의 예수증권 등_예수양도성예금증서,0,국내증권사,B,SF205,각주항목(09.06월 이후)
15618,201909,0011611,맥쿼리증권,B3,투자자의 예수증권 등_기타,0,국내증권사,B,SF205,각주항목(09.06월 이후)
15619,201909,0011611,맥쿼리증권,C,파생상품계약,0,국내증권사,B,SF205,각주항목(09.06월 이후)
15620,201909,0011611,맥쿼리증권,C1,파생상품계약_장내파생상품,0,국내증권사,B,SF205,각주항목(09.06월 이후)
15621,201909,0011611,맥쿼리증권,C11,파생상품계약_장내파생상품_이자율관련거래,0,국내증권사,B,SF205,각주항목(09.06월 이후)
15622,201909,0011611,맥쿼리증권,C12,파생상품계약_장내파생상품_통화관련거래,0,국내증권사,B,SF205,각주항목(09.06월 이후)
15623,201909,0011611,맥쿼리증권,C13,파생상품계약_장내파생상품_주식관련거래,0,국내증권사,B,SF205,각주항목(09.06월 이후)
15624,201909,0011611,맥쿼리증권,C14,파생상품계약_장내파생상품_일반상품관련거래,0,국내증권사,B,SF205,각주항목(09.06월 이후)
15625,201909,0011611,맥쿼리증권,C15,파생상품계약_장내파생상품_기타,0,국내증권사,B,SF205,각주항목(09.06월 이후)
15626,201909,0011611,맥쿼리증권,C2,파생상품계약_장외파생상품,0,국내증권사,B,SF205,각주항목(09.06월 이후)
15627,201909,0011611,맥쿼리증권,C21,파생상품계약_장외파생상품_이자율관련거래,0,국내증권사,B,SF205,각주항목(09.06월 이후)
15628,201909,0011611,맥쿼리증권,C22,파생상품계약_장외파생상품_통화관련거래,0,국내증권사,B,SF205,각주항목(09.06월 이후)
15629,201909,0011611,맥쿼리증권,C23,파생상품계약_장외파생상품_주식관련거래,0,국내증권사,B,SF205,각주항목(09.06월 이후)
15630,201909,0011611,맥쿼리증권,C24,파생상품계약_장외파생상품_신용관련거래,0,국내증권사,B,SF205,각주항목(09.06월 이후)
15631,201909,0011611,맥쿼리증권,C25,파생상품계약_장외파생상품_기타,0,국내증권사,B,SF205,각주항목(09.06월 이후)
15632,201909,0011611,맥쿼리증권,D,대차 및 대주거래,0,국내증권사,B,SF205,각주항목(09.06월 이후)
15633,201909,0011611,맥쿼리증권,D1,대차 및 대주거래_대여증권,0,국내증권사,B,SF205,각주항목(09.06월 이후)
15634,201909,0011611,맥쿼리증권,D2,대차 및 대주거래_차입증권,0,국내증권사,B,SF205,각주항목(09.06월 이후)
15635,201909,0011611,맥쿼리증권,D3,대차 및 대주거래_신용거래대주,0,국내증권사,B,SF205,각주항목(09.06월 이후)
15636,201909,0011611,맥쿼리증권,E,대손상각채권,34865827,국내증권사,B,SF205,각주항목(09.06월 이후)
15637,201909,0011611,맥쿼리증권,F,환전업무 예치금,0,국내증권사,B,SF205,각주항목(09.06월 이후)
15638,201909,0011611,맥쿼리증권,G,미배당별도예치금,0,국내증권사,B,SF205,각주항목(09.06월 이후)
15639,201909,0011611,맥쿼리증권,H,배서어음매출(종금계정),0,국내증권사,B,SF205,각주항목(09.06월 이후)
15640,201909,0011611,맥쿼리증권,H1,대출채권매매이익_담보부,0,국내증권사,B,SF205,각주항목(09.06월 이후)
15641,201909,0011611,맥쿼리증권,H2,대출채권매매이익_무담보부,0,국내증권사,B,SF205,각주항목(09.06월 이후)
15642,201912,0011611,맥쿼리증권,A,채무보증,0,국내증권사,B,SF205,각주항목(09.06월 이후)
15643,201912,0011611,맥쿼리증권,A1,채무보증_지급보증,0,국내증권사,B,SF205,각주항목(09.06월 이후)
15644,201912,0011611,맥쿼리증권,A2,채무보증_매입보장약정,0,국내증권사,B,SF205,각주항목(09.06월 이후)
15645,201912,0011611,맥쿼리증권,A3,채무보증_채무인수약정,0,국내증권사,B,SF205,각주항목(09.06월 이후)
15646,201912,0011611,맥쿼리증권,A5,채무보증_매입확약,0,국내증권사,B,SF205,각주항목(09.06월 이후)
15647,201912,0011611,맥쿼리증권,A6,채무보증_기타,0,국내증권사,B,SF205,각주항목(09.06월 이후)
15648,201912,0011611,맥쿼리증권,B,투자자의 예수증권 등,0,국내증권사,B,SF205,각주항목(09.06월 이후)
15649,201912,0011611,맥쿼리증권,B1,투자자의 예수증권 등_예수 증권,0,국내증권사,B,SF205,각주항목(09.06월 이후)
15650,201912,0011611,맥쿼리증권,B2,투자자의 예수증권 등_예수양도성예금증서,0,국내증권사,B,SF205,각주항목(09.06월 이후)
15651,201912,0011611,맥쿼리증권,B3,투자자의 예수증권 등_기타,0,국내증권사,B,SF205,각주항목(09.06월 이후)
15652,201912,0011611,맥쿼리증권,C,파생상품계약,0,국내증권사,B,SF205,각주항목(09.06월 이후)
15653,201912,0011611,맥쿼리증권,C1,파생상품계약_장내파생상품,0,국내증권사,B,SF205,각주항목(09.06월 이후)
15654,201912,0011611,맥쿼리증권,C11,파생상품계약_장내파생상품_이자율관련거래,0,국내증권사,B,SF205,각주항목(09.06월 이후)
15655,201912,0011611,맥쿼리증권,C12,파생상품계약_장내파생상품_통화관련거래,0,국내증권사,B,SF205,각주항목(09.06월 이후)
15656,201912,0011611,맥쿼리증권,C13,파생상품계약_장내파생상품_주식관련거래,0,국내증권사,B,SF205,각주항목(09.06월 이후)
15657,201912,0011611,맥쿼리증권,C14,파생상품계약_장내파생상품_일반상품관련거래,0,국내증권사,B,SF205,각주항목(09.06월 이후)
15658,201912,0011611,맥쿼리증권,C15,파생상품계약_장내파생상품_기타,0,국내증권사,B,SF205,각주항목(09.06월 이후)
15659,201912,0011611,맥쿼리증권,C2,파생상품계약_장외파생상품,0,국내증권사,B,SF205,각주항목(09.06월 이후)
15660,201912,0011611,맥쿼리증권,C21,파생상품계약_장외파생상품_이자율관련거래,0,국내증권사,B,SF205,각주항목(09.06월 이후)
15661,201912,0011611,맥쿼리증권,C22,파생상품계약_장외파생상품_통화관련거래,0,국내증권사,B,SF205,각주항목(09.06월 이후)
15662,201912,0011611,맥쿼리증권,C23,파생상품계약_장외파생상품_주식관련거래,0,국내증권사,B,SF205,각주항목(09.06월 이후)
15663,201912,0011611,맥쿼리증권,C24,파생상품계약_장외파생상품_신용관련거래,0,국내증권사,B,SF205,각주항목(09.06월 이후)
15664,201912,0011611,맥쿼리증권,C25,파생상품계약_장외파생상품_기타,0,국내증권사,B,SF205,각주항목(09.06월 이후)
15665,201912,0011611,맥쿼리증권,D,대차 및 대주거래,0,국내증권사,B,SF205,각주항목(09.06월 이후)
15666,201912,0011611,맥쿼리증권,D1,대차 및 대주거래_대여증권,0,국내증권사,B,SF205,각주항목(09.06월 이후)
15667,201912,0011611,맥쿼리증권,D2,대차 및 대주거래_차입증권,0,국내증권사,B,SF205,각주항목(09.06월 이후)
15668,201912,0011611,맥쿼리증권,D3,대차 및 대주거래_신용거래대주,0,국내증권사,B,SF205,각주항목(09.06월 이후)
15669,201912,0011611,맥쿼리증권,E,대손상각채권,34865827,국내증권사,B,SF205,각주항목(09.06월 이후)
15670,201912,0011611,맥쿼리증권,F,환전업무 예치금,0,국내증권사,B,SF205,각주항목(09.06월 이후)
15671,201912,0011611,맥쿼리증권,G,미배당별도예치금,0,국내증권사,B,SF205,각주항목(09.06월 이후)
15672,201912,0011611,맥쿼리증권,H,배서어음매출(종금계정),0,국내증권사,B,SF205,각주항목(09.06월 이후)
15673,201912,0011611,맥쿼리증권,H1,대출채권매매이익_담보부,0,국내증권사,B,SF205,각주항목(09.06월 이후)
15674,201912,0011611,맥쿼리증권,H2,대출채권매매이익_무담보부,0,국내증권사,B,SF205,각주항목(09.06월 이후)
15675,202003,0011611,맥쿼리증권,A,채무보증,0,국내증권사,B,SF205,각주항목(09.06월 이후)
15676,202003,0011611,맥쿼리증권,A1,채무보증_지급보증,0,국내증권사,B,SF205,각주항목(09.06월 이후)
15677,202003,0011611,맥쿼리증권,A2,채무보증_매입보장약정,0,국내증권사,B,SF205,각주항목(09.06월 이후)
15678,202003,0011611,맥쿼리증권,A3,채무보증_채무인수약정,0,국내증권사,B,SF205,각주항목(09.06월 이후)
15679,202003,0011611,맥쿼리증권,A5,채무보증_매입확약,0,국내증권사,B,SF205,각주항목(09.06월 이후)
15680,202003,0011611,맥쿼리증권,A6,채무보증_기타,0,국내증권사,B,SF205,각주항목(09.06월 이후)
15681,202003,0011611,맥쿼리증권,B,투자자의 예수증권 등,0,국내증권사,B,SF205,각주항목(09.06월 이후)
15682,202003,0011611,맥쿼리증권,B1,투자자의 예수증권 등_예수 증권,0,국내증권사,B,SF205,각주항목(09.06월 이후)
15683,202003,0011611,맥쿼리증권,B2,투자자의 예수증권 등_예수양도성예금증서,0,국내증권사,B,SF205,각주항목(09.06월 이후)
15684,202003,0011611,맥쿼리증권,B3,투자자의 예수증권 등_기타,0,국내증권사,B,SF205,각주항목(09.06월 이후)
15685,202003,0011611,맥쿼리증권,C,파생상품계약,0,국내증권사,B,SF205,각주항목(09.06월 이후)
15686,202003,0011611,맥쿼리증권,C1,파생상품계약_장내파생상품,0,국내증권사,B,SF205,각주항목(09.06월 이후)
15687,202003,0011611,맥쿼리증권,C11,파생상품계약_장내파생상품_이자율관련거래,0,국내증권사,B,SF205,각주항목(09.06월 이후)
15688,202003,0011611,맥쿼리증권,C12,파생상품계약_장내파생상품_통화관련거래,0,국내증권사,B,SF205,각주항목(09.06월 이후)
15689,202003,0011611,맥쿼리증권,C13,파생상품계약_장내파생상품_주식관련거래,0,국내증권사,B,SF205,각주항목(09.06월 이후)
15690,202003,0011611,맥쿼리증권,C14,파생상품계약_장내파생상품_일반상품관련거래,0,국내증권사,B,SF205,각주항목(09.06월 이후)
15691,202003,0011611,맥쿼리증권,C15,파생상품계약_장내파생상품_기타,0,국내증권사,B,SF205,각주항목(09.06월 이후)
15692,202003,0011611,맥쿼리증권,C2,파생상품계약_장외파생상품,0,국내증권사,B,SF205,각주항목(09.06월 이후)
15693,202003,0011611,맥쿼리증권,C21,파생상품계약_장외파생상품_이자율관련거래,0,국내증권사,B,SF205,각주항목(09.06월 이후)
15694,202003,0011611,맥쿼리증권,C22,파생상품계약_장외파생상품_통화관련거래,0,국내증권사,B,SF205,각주항목(09.06월 이후)
15695,202003,0011611,맥쿼리증권,C23,파생상품계약_장외파생상품_주식관련거래,0,국내증권사,B,SF205,각주항목(09.06월 이후)
15696,202003,0011611,맥쿼리증권,C24,파생상품계약_장외파생상품_신용관련거래,0,국내증권사,B,SF205,각주항목(09.06월 이후)
15697,202003,0011611,맥쿼리증권,C25,파생상품계약_장외파생상품_기타,0,국내증권사,B,SF205,각주항목(09.06월 이후)
15698,202003,0011611,맥쿼리증권,D,대차 및 대주거래,0,국내증권사,B,SF205,각주항목(09.06월 이후)
15699,202003,0011611,맥쿼리증권,D1,대차 및 대주거래_대여증권,0,국내증권사,B,SF205,각주항목(09.06월 이후)
15700,202003,0011611,맥쿼리증권,D2,대차 및 대주거래_차입증권,0,국내증권사,B,SF205,각주항목(09.06월 이후)
15701,202003,0011611,맥쿼리증권,D3,대차 및 대주거래_신용거래대주,0,국내증권사,B,SF205,각주항목(09.06월 이후)
15702,202003,0011611,맥쿼리증권,E,대손상각채권,34865827,국내증권사,B,SF205,각주항목(09.06월 이후)
15703,202003,0011611,맥쿼리증권,F,환전업무 예치금,0,국내증권사,B,SF205,각주항목(09.06월 이후)
15704,202003,0011611,맥쿼리증권,G,미배당별도예치금,0,국내증권사,B,SF205,각주항목(09.06월 이후)
15705,202003,0011611,맥쿼리증권,H,배서어음매출(종금계정),0,국내증권사,B,SF205,각주항목(09.06월 이후)
15706,202003,0011611,맥쿼리증권,H1,대출채권매매이익_담보부,0,국내증권사,B,SF205,각주항목(09.06월 이후)
15707,202003,0011611,맥쿼리증권,H2,대출채권매매이익_무담보부,0,국내증권사,B,SF205,각주항목(09.06월 이후)
15708,202006,0011611,맥쿼리증권,A,채무보증,0,국내증권사,B,SF205,각주항목(09.06월 이후)
15709,202006,0011611,맥쿼리증권,A1,채무보증_지급보증,0,국내증권사,B,SF205,각주항목(09.06월 이후)
15710,202006,0011611,맥쿼리증권,A2,채무보증_매입보장약정,0,국내증권사,B,SF205,각주항목(09.06월 이후)
15711,202006,0011611,맥쿼리증권,A3,채무보증_채무인수약정,0,국내증권사,B,SF205,각주항목(09.06월 이후)
15712,202006,0011611,맥쿼리증권,A5,채무보증_매입확약,0,국내증권사,B,SF205,각주항목(09.06월 이후)
15713,202006,0011611,맥쿼리증권,A6,채무보증_기타,0,국내증권사,B,SF205,각주항목(09.06월 이후)
15714,202006,0011611,맥쿼리증권,B,투자자의 예수증권 등,0,국내증권사,B,SF205,각주항목(09.06월 이후)
15715,202006,0011611,맥쿼리증권,B1,투자자의 예수증권 등_예수 증권,0,국내증권사,B,SF205,각주항목(09.06월 이후)
15716,202006,0011611,맥쿼리증권,B2,투자자의 예수증권 등_예수양도성예금증서,0,국내증권사,B,SF205,각주항목(09.06월 이후)
15717,202006,0011611,맥쿼리증권,B3,투자자의 예수증권 등_기타,0,국내증권사,B,SF205,각주항목(09.06월 이후)
15718,202006,0011611,맥쿼리증권,C,파생상품계약,0,국내증권사,B,SF205,각주항목(09.06월 이후)
15719,202006,0011611,맥쿼리증권,C1,파생상품계약_장내파생상품,0,국내증권사,B,SF205,각주항목(09.06월 이후)
15720,202006,0011611,맥쿼리증권,C11,파생상품계약_장내파생상품_이자율관련거래,0,국내증권사,B,SF205,각주항목(09.06월 이후)
15721,202006,0011611,맥쿼리증권,C12,파생상품계약_장내파생상품_통화관련거래,0,국내증권사,B,SF205,각주항목(09.06월 이후)
15722,202006,0011611,맥쿼리증권,C13,파생상품계약_장내파생상품_주식관련거래,0,국내증권사,B,SF205,각주항목(09.06월 이후)
15723,202006,0011611,맥쿼리증권,C14,파생상품계약_장내파생상품_일반상품관련거래,0,국내증권사,B,SF205,각주항목(09.06월 이후)
15724,202006,0011611,맥쿼리증권,C15,파생상품계약_장내파생상품_기타,0,국내증권사,B,SF205,각주항목(09.06월 이후)
15725,202006,0011611,맥쿼리증권,C2,파생상품계약_장외파생상품,0,국내증권사,B,SF205,각주항목(09.06월 이후)
15726,202006,0011611,맥쿼리증권,C21,파생상품계약_장외파생상품_이자율관련거래,0,국내증권사,B,SF205,각주항목(09.06월 이후)
15727,202006,0011611,맥쿼리증권,C22,파생상품계약_장외파생상품_통화관련거래,0,국내증권사,B,SF205,각주항목(09.06월 이후)
15728,202006,0011611,맥쿼리증권,C23,파생상품계약_장외파생상품_주식관련거래,0,국내증권사,B,SF205,각주항목(09.06월 이후)
15729,202006,0011611,맥쿼리증권,C24,파생상품계약_장외파생상품_신용관련거래,0,국내증권사,B,SF205,각주항목(09.06월 이후)
15730,202006,0011611,맥쿼리증권,C25,파생상품계약_장외파생상품_기타,0,국내증권사,B,SF205,각주항목(09.06월 이후)
15731,202006,0011611,맥쿼리증권,D,대차 및 대주거래,0,국내증권사,B,SF205,각주항목(09.06월 이후)
15732,202006,0011611,맥쿼리증권,D1,대차 및 대주거래_대여증권,0,국내증권사,B,SF205,각주항목(09.06월 이후)
15733,202006,0011611,맥쿼리증권,D2,대차 및 대주거래_차입증권,0,국내증권사,B,SF205,각주항목(09.06월 이후)
15734,202006,0011611,맥쿼리증권,D3,대차 및 대주거래_신용거래대주,0,국내증권사,B,SF205,각주항목(09.06월 이후)
15735,202006,0011611,맥쿼리증권,E,대손상각채권,34865827,국내증권사,B,SF205,각주항목(09.06월 이후)
15736,202006,0011611,맥쿼리증권,F,환전업무 예치금,0,국내증권사,B,SF205,각주항목(09.06월 이후)
15737,202006,0011611,맥쿼리증권,G,미배당별도예치금,0,국내증권사,B,SF205,각주항목(09.06월 이후)
15738,202006,0011611,맥쿼리증권,H,배서어음매출(종금계정),0,국내증권사,B,SF205,각주항목(09.06월 이후)
15739,202006,0011611,맥쿼리증권,H1,대출채권매매이익_담보부,0,국내증권사,B,SF205,각주항목(09.06월 이후)
15740,202006,0011611,맥쿼리증권,H2,대출채권매매이익_무담보부,0,국내증권사,B,SF205,각주항목(09.06월 이후)
15741,202009,0011611,맥쿼리증권,A,채무보증,0,국내증권사,B,SF205,각주항목(09.06월 이후)
15742,202009,0011611,맥쿼리증권,A1,채무보증_지급보증,0,국내증권사,B,SF205,각주항목(09.06월 이후)
15743,202009,0011611,맥쿼리증권,A2,채무보증_매입보장약정,0,국내증권사,B,SF205,각주항목(09.06월 이후)
15744,202009,0011611,맥쿼리증권,A3,채무보증_채무인수약정,0,국내증권사,B,SF205,각주항목(09.06월 이후)
15745,202009,0011611,맥쿼리증권,A5,채무보증_매입확약,0,국내증권사,B,SF205,각주항목(09.06월 이후)
15746,202009,0011611,맥쿼리증권,A6,채무보증_기타,0,국내증권사,B,SF205,각주항목(09.06월 이후)
15747,202009,0011611,맥쿼리증권,B,투자자의 예수증권 등,0,국내증권사,B,SF205,각주항목(09.06월 이후)
15748,202009,0011611,맥쿼리증권,B1,투자자의 예수증권 등_예수 증권,0,국내증권사,B,SF205,각주항목(09.06월 이후)
15749,202009,0011611,맥쿼리증권,B2,투자자의 예수증권 등_예수양도성예금증서,0,국내증권사,B,SF205,각주항목(09.06월 이후)
15750,202009,0011611,맥쿼리증권,B3,투자자의 예수증권 등_기타,0,국내증권사,B,SF205,각주항목(09.06월 이후)
15751,202009,0011611,맥쿼리증권,C,파생상품계약,0,국내증권사,B,SF205,각주항목(09.06월 이후)
15752,202009,0011611,맥쿼리증권,C1,파생상품계약_장내파생상품,0,국내증권사,B,SF205,각주항목(09.06월 이후)
15753,202009,0011611,맥쿼리증권,C11,파생상품계약_장내파생상품_이자율관련거래,0,국내증권사,B,SF205,각주항목(09.06월 이후)
15754,202009,0011611,맥쿼리증권,C12,파생상품계약_장내파생상품_통화관련거래,0,국내증권사,B,SF205,각주항목(09.06월 이후)
15755,202009,0011611,맥쿼리증권,C13,파생상품계약_장내파생상품_주식관련거래,0,국내증권사,B,SF205,각주항목(09.06월 이후)
15756,202009,0011611,맥쿼리증권,C14,파생상품계약_장내파생상품_일반상품관련거래,0,국내증권사,B,SF205,각주항목(09.06월 이후)
15757,202009,0011611,맥쿼리증권,C15,파생상품계약_장내파생상품_기타,0,국내증권사,B,SF205,각주항목(09.06월 이후)
15758,202009,0011611,맥쿼리증권,C2,파생상품계약_장외파생상품,0,국내증권사,B,SF205,각주항목(09.06월 이후)
15759,202009,0011611,맥쿼리증권,C21,파생상품계약_장외파생상품_이자율관련거래,0,국내증권사,B,SF205,각주항목(09.06월 이후)
15760,202009,0011611,맥쿼리증권,C22,파생상품계약_장외파생상품_통화관련거래,0,국내증권사,B,SF205,각주항목(09.06월 이후)
15761,202009,0011611,맥쿼리증권,C23,파생상품계약_장외파생상품_주식관련거래,0,국내증권사,B,SF205,각주항목(09.06월 이후)
15762,202009,0011611,맥쿼리증권,C24,파생상품계약_장외파생상품_신용관련거래,0,국내증권사,B,SF205,각주항목(09.06월 이후)
15763,202009,0011611,맥쿼리증권,C25,파생상품계약_장외파생상품_기타,0,국내증권사,B,SF205,각주항목(09.06월 이후)
15764,202009,0011611,맥쿼리증권,D,대차 및 대주거래,0,국내증권사,B,SF205,각주항목(09.06월 이후)
15765,202009,0011611,맥쿼리증권,D1,대차 및 대주거래_대여증권,0,국내증권사,B,SF205,각주항목(09.06월 이후)
15766,202009,0011611,맥쿼리증권,D2,대차 및 대주거래_차입증권,0,국내증권사,B,SF205,각주항목(09.06월 이후)
15767,202009,0011611,맥쿼리증권,D3,대차 및 대주거래_신용거래대주,0,국내증권사,B,SF205,각주항목(09.06월 이후)
15768,202009,0011611,맥쿼리증권,E,대손상각채권,34865827,국내증권사,B,SF205,각주항목(09.06월 이후)
15769,202009,0011611,맥쿼리증권,F,환전업무 예치금,0,국내증권사,B,SF205,각주항목(09.06월 이후)
15770,202009,0011611,맥쿼리증권,G,미배당별도예치금,0,국내증권사,B,SF205,각주항목(09.06월 이후)
15771,202009,0011611,맥쿼리증권,H,배서어음매출(종금계정),0,국내증권사,B,SF205,각주항목(09.06월 이후)
15772,202009,0011611,맥쿼리증권,H1,대출채권매매이익_담보부,0,국내증권사,B,SF205,각주항목(09.06월 이후)
15773,202009,0011611,맥쿼리증권,H2,대출채권매매이익_무담보부,0,국내증권사,B,SF205,각주항목(09.06월 이후)
15774,202012,0011611,맥쿼리증권,A,채무보증,0,국내증권사,B,SF205,각주항목(09.06월 이후)
15775,202012,0011611,맥쿼리증권,A1,채무보증_지급보증,0,국내증권사,B,SF205,각주항목(09.06월 이후)
15776,202012,0011611,맥쿼리증권,A2,채무보증_매입보장약정,0,국내증권사,B,SF205,각주항목(09.06월 이후)
15777,202012,0011611,맥쿼리증권,A3,채무보증_채무인수약정,0,국내증권사,B,SF205,각주항목(09.06월 이후)
15778,202012,0011611,맥쿼리증권,A5,채무보증_매입확약,0,국내증권사,B,SF205,각주항목(09.06월 이후)
15779,202012,0011611,맥쿼리증권,A6,채무보증_기타,0,국내증권사,B,SF205,각주항목(09.06월 이후)
15780,202012,0011611,맥쿼리증권,B,투자자의 예수증권 등,0,국내증권사,B,SF205,각주항목(09.06월 이후)
15781,202012,0011611,맥쿼리증권,B1,투자자의 예수증권 등_예수 증권,0,국내증권사,B,SF205,각주항목(09.06월 이후)
15782,202012,0011611,맥쿼리증권,B2,투자자의 예수증권 등_예수양도성예금증서,0,국내증권사,B,SF205,각주항목(09.06월 이후)
15783,202012,0011611,맥쿼리증권,B3,투자자의 예수증권 등_기타,0,국내증권사,B,SF205,각주항목(09.06월 이후)
15784,202012,0011611,맥쿼리증권,C,파생상품계약,0,국내증권사,B,SF205,각주항목(09.06월 이후)
15785,202012,0011611,맥쿼리증권,C1,파생상품계약_장내파생상품,0,국내증권사,B,SF205,각주항목(09.06월 이후)
15786,202012,0011611,맥쿼리증권,C11,파생상품계약_장내파생상품_이자율관련거래,0,국내증권사,B,SF205,각주항목(09.06월 이후)
15787,202012,0011611,맥쿼리증권,C12,파생상품계약_장내파생상품_통화관련거래,0,국내증권사,B,SF205,각주항목(09.06월 이후)
15788,202012,0011611,맥쿼리증권,C13,파생상품계약_장내파생상품_주식관련거래,0,국내증권사,B,SF205,각주항목(09.06월 이후)
15789,202012,0011611,맥쿼리증권,C14,파생상품계약_장내파생상품_일반상품관련거래,0,국내증권사,B,SF205,각주항목(09.06월 이후)
15790,202012,0011611,맥쿼리증권,C15,파생상품계약_장내파생상품_기타,0,국내증권사,B,SF205,각주항목(09.06월 이후)
15791,202012,0011611,맥쿼리증권,C2,파생상품계약_장외파생상품,0,국내증권사,B,SF205,각주항목(09.06월 이후)
15792,202012,0011611,맥쿼리증권,C21,파생상품계약_장외파생상품_이자율관련거래,0,국내증권사,B,SF205,각주항목(09.06월 이후)
15793,202012,0011611,맥쿼리증권,C22,파생상품계약_장외파생상품_통화관련거래,0,국내증권사,B,SF205,각주항목(09.06월 이후)
15794,202012,0011611,맥쿼리증권,C23,파생상품계약_장외파생상품_주식관련거래,0,국내증권사,B,SF205,각주항목(09.06월 이후)
15795,202012,0011611,맥쿼리증권,C24,파생상품계약_장외파생상품_신용관련거래,0,국내증권사,B,SF205,각주항목(09.06월 이후)
15796,202012,0011611,맥쿼리증권,C25,파생상품계약_장외파생상품_기타,0,국내증권사,B,SF205,각주항목(09.06월 이후)
15797,202012,0011611,맥쿼리증권,D,대차 및 대주거래,0,국내증권사,B,SF205,각주항목(09.06월 이후)
15798,202012,0011611,맥쿼리증권,D1,대차 및 대주거래_대여증권,0,국내증권사,B,SF205,각주항목(09.06월 이후)
15799,202012,0011611,맥쿼리증권,D2,대차 및 대주거래_차입증권,0,국내증권사,B,SF205,각주항목(09.06월 이후)
15800,202012,0011611,맥쿼리증권,D3,대차 및 대주거래_신용거래대주,0,국내증권사,B,SF205,각주항목(09.06월 이후)
15801,202012,0011611,맥쿼리증권,E,대손상각채권,34865827,국내증권사,B,SF205,각주항목(09.06월 이후)
15802,202012,0011611,맥쿼리증권,F,환전업무 예치금,0,국내증권사,B,SF205,각주항목(09.06월 이후)
15803,202012,0011611,맥쿼리증권,G,미배당별도예치금,0,국내증권사,B,SF205,각주항목(09.06월 이후)
15804,202012,0011611,맥쿼리증권,H,배서어음매출(종금계정),0,국내증권사,B,SF205,각주항목(09.06월 이후)
15805,202012,0011611,맥쿼리증권,H1,대출채권매매이익_담보부,0,국내증권사,B,SF205,각주항목(09.06월 이후)
15806,202012,0011611,맥쿼리증권,H2,대출채권매매이익_무담보부,0,국내증권사,B,SF205,각주항목(09.06월 이후)
15807,202103,0011611,맥쿼리증권,A,채무보증,0,국내증권사,B,SF205,각주항목(09.06월 이후)
15808,202103,0011611,맥쿼리증권,A1,채무보증_지급보증,0,국내증권사,B,SF205,각주항목(09.06월 이후)
15809,202103,0011611,맥쿼리증권,A2,채무보증_매입보장약정,0,국내증권사,B,SF205,각주항목(09.06월 이후)
15810,202103,0011611,맥쿼리증권,A3,채무보증_채무인수약정,0,국내증권사,B,SF205,각주항목(09.06월 이후)
15811,202103,0011611,맥쿼리증권,A5,채무보증_매입확약,0,국내증권사,B,SF205,각주항목(09.06월 이후)
15812,202103,0011611,맥쿼리증권,A6,채무보증_기타,0,국내증권사,B,SF205,각주항목(09.06월 이후)
15813,202103,0011611,맥쿼리증권,B,투자자의 예수증권 등,0,국내증권사,B,SF205,각주항목(09.06월 이후)
15814,202103,0011611,맥쿼리증권,B1,투자자의 예수증권 등_예수 증권,0,국내증권사,B,SF205,각주항목(09.06월 이후)
15815,202103,0011611,맥쿼리증권,B2,투자자의 예수증권 등_예수양도성예금증서,0,국내증권사,B,SF205,각주항목(09.06월 이후)
15816,202103,0011611,맥쿼리증권,B3,투자자의 예수증권 등_기타,0,국내증권사,B,SF205,각주항목(09.06월 이후)
15817,202103,0011611,맥쿼리증권,C,파생상품계약,0,국내증권사,B,SF205,각주항목(09.06월 이후)
15818,202103,0011611,맥쿼리증권,C1,파생상품계약_장내파생상품,0,국내증권사,B,SF205,각주항목(09.06월 이후)
15819,202103,0011611,맥쿼리증권,C11,파생상품계약_장내파생상품_이자율관련거래,0,국내증권사,B,SF205,각주항목(09.06월 이후)
15820,202103,0011611,맥쿼리증권,C12,파생상품계약_장내파생상품_통화관련거래,0,국내증권사,B,SF205,각주항목(09.06월 이후)
15821,202103,0011611,맥쿼리증권,C13,파생상품계약_장내파생상품_주식관련거래,0,국내증권사,B,SF205,각주항목(09.06월 이후)
15822,202103,0011611,맥쿼리증권,C14,파생상품계약_장내파생상품_일반상품관련거래,0,국내증권사,B,SF205,각주항목(09.06월 이후)
15823,202103,0011611,맥쿼리증권,C15,파생상품계약_장내파생상품_기타,0,국내증권사,B,SF205,각주항목(09.06월 이후)
15824,202103,0011611,맥쿼리증권,C2,파생상품계약_장외파생상품,0,국내증권사,B,SF205,각주항목(09.06월 이후)
15825,202103,0011611,맥쿼리증권,C21,파생상품계약_장외파생상품_이자율관련거래,0,국내증권사,B,SF205,각주항목(09.06월 이후)
15826,202103,0011611,맥쿼리증권,C22,파생상품계약_장외파생상품_통화관련거래,0,국내증권사,B,SF205,각주항목(09.06월 이후)
15827,202103,0011611,맥쿼리증권,C23,파생상품계약_장외파생상품_주식관련거래,0,국내증권사,B,SF205,각주항목(09.06월 이후)
15828,202103,0011611,맥쿼리증권,C24,파생상품계약_장외파생상품_신용관련거래,0,국내증권사,B,SF205,각주항목(09.06월 이후)
15829,202103,0011611,맥쿼리증권,C25,파생상품계약_장외파생상품_기타,0,국내증권사,B,SF205,각주항목(09.06월 이후)
15830,202103,0011611,맥쿼리증권,D,대차 및 대주거래,0,국내증권사,B,SF205,각주항목(09.06월 이후)
15831,202103,0011611,맥쿼리증권,D1,대차 및 대주거래_대여증권,0,국내증권사,B,SF205,각주항목(09.06월 이후)
15832,202103,0011611,맥쿼리증권,D2,대차 및 대주거래_차입증권,0,국내증권사,B,SF205,각주항목(09.06월 이후)
15833,202103,0011611,맥쿼리증권,D3,대차 및 대주거래_신용거래대주,0,국내증권사,B,SF205,각주항목(09.06월 이후)
15834,202103,0011611,맥쿼리증권,E,대손상각채권,34865827,국내증권사,B,SF205,각주항목(09.06월 이후)
15835,202103,0011611,맥쿼리증권,F,환전업무 예치금,0,국내증권사,B,SF205,각주항목(09.06월 이후)
15836,202103,0011611,맥쿼리증권,G,미배당별도예치금,0,국내증권사,B,SF205,각주항목(09.06월 이후)
15837,202103,0011611,맥쿼리증권,H,배서어음매출(종금계정),0,국내증권사,B,SF205,각주항목(09.06월 이후)
15838,202103,0011611,맥쿼리증권,H1,대출채권매매이익_담보부,0,국내증권사,B,SF205,각주항목(09.06월 이후)
15839,202103,0011611,맥쿼리증권,H2,대출채권매매이익_무담보부,0,국내증권사,B,SF205,각주항목(09.06월 이후)
15840,202106,0011611,맥쿼리증권,A,채무보증,0,국내증권사,B,SF205,각주항목(09.06월 이후)
15841,202106,0011611,맥쿼리증권,A1,채무보증_지급보증,0,국내증권사,B,SF205,각주항목(09.06월 이후)
15842,202106,0011611,맥쿼리증권,A2,채무보증_매입보장약정,0,국내증권사,B,SF205,각주항목(09.06월 이후)
15843,202106,0011611,맥쿼리증권,A3,채무보증_채무인수약정,0,국내증권사,B,SF205,각주항목(09.06월 이후)
15844,202106,0011611,맥쿼리증권,A5,채무보증_매입확약,0,국내증권사,B,SF205,각주항목(09.06월 이후)
15845,202106,0011611,맥쿼리증권,A6,채무보증_기타,0,국내증권사,B,SF205,각주항목(09.06월 이후)
15846,202106,0011611,맥쿼리증권,B,투자자의 예수증권 등,0,국내증권사,B,SF205,각주항목(09.06월 이후)
15847,202106,0011611,맥쿼리증권,B1,투자자의 예수증권 등_예수 증권,0,국내증권사,B,SF205,각주항목(09.06월 이후)
15848,202106,0011611,맥쿼리증권,B2,투자자의 예수증권 등_예수양도성예금증서,0,국내증권사,B,SF205,각주항목(09.06월 이후)
15849,202106,0011611,맥쿼리증권,B3,투자자의 예수증권 등_기타,0,국내증권사,B,SF205,각주항목(09.06월 이후)
15850,202106,0011611,맥쿼리증권,C,파생상품계약,0,국내증권사,B,SF205,각주항목(09.06월 이후)
15851,202106,0011611,맥쿼리증권,C1,파생상품계약_장내파생상품,0,국내증권사,B,SF205,각주항목(09.06월 이후)
15852,202106,0011611,맥쿼리증권,C11,파생상품계약_장내파생상품_이자율관련거래,0,국내증권사,B,SF205,각주항목(09.06월 이후)
15853,202106,0011611,맥쿼리증권,C12,파생상품계약_장내파생상품_통화관련거래,0,국내증권사,B,SF205,각주항목(09.06월 이후)
15854,202106,0011611,맥쿼리증권,C13,파생상품계약_장내파생상품_주식관련거래,0,국내증권사,B,SF205,각주항목(09.06월 이후)
15855,202106,0011611,맥쿼리증권,C14,파생상품계약_장내파생상품_일반상품관련거래,0,국내증권사,B,SF205,각주항목(09.06월 이후)
15856,202106,0011611,맥쿼리증권,C15,파생상품계약_장내파생상품_기타,0,국내증권사,B,SF205,각주항목(09.06월 이후)
15857,202106,0011611,맥쿼리증권,C2,파생상품계약_장외파생상품,0,국내증권사,B,SF205,각주항목(09.06월 이후)
15858,202106,0011611,맥쿼리증권,C21,파생상품계약_장외파생상품_이자율관련거래,0,국내증권사,B,SF205,각주항목(09.06월 이후)
15859,202106,0011611,맥쿼리증권,C22,파생상품계약_장외파생상품_통화관련거래,0,국내증권사,B,SF205,각주항목(09.06월 이후)
15860,202106,0011611,맥쿼리증권,C23,파생상품계약_장외파생상품_주식관련거래,0,국내증권사,B,SF205,각주항목(09.06월 이후)
15861,202106,0011611,맥쿼리증권,C24,파생상품계약_장외파생상품_신용관련거래,0,국내증권사,B,SF205,각주항목(09.06월 이후)
15862,202106,0011611,맥쿼리증권,C25,파생상품계약_장외파생상품_기타,0,국내증권사,B,SF205,각주항목(09.06월 이후)
15863,202106,0011611,맥쿼리증권,D,대차 및 대주거래,0,국내증권사,B,SF205,각주항목(09.06월 이후)
15864,202106,0011611,맥쿼리증권,D1,대차 및 대주거래_대여증권,0,국내증권사,B,SF205,각주항목(09.06월 이후)
15865,202106,0011611,맥쿼리증권,D2,대차 및 대주거래_차입증권,0,국내증권사,B,SF205,각주항목(09.06월 이후)
15866,202106,0011611,맥쿼리증권,D3,대차 및 대주거래_신용거래대주,0,국내증권사,B,SF205,각주항목(09.06월 이후)
15867,202106,0011611,맥쿼리증권,E,대손상각채권,34865827,국내증권사,B,SF205,각주항목(09.06월 이후)
15868,202106,0011611,맥쿼리증권,F,환전업무 예치금,0,국내증권사,B,SF205,각주항목(09.06월 이후)
15869,202106,0011611,맥쿼리증권,G,미배당별도예치금,0,국내증권사,B,SF205,각주항목(09.06월 이후)
15870,202106,0011611,맥쿼리증권,H,배서어음매출(종금계정),0,국내증권사,B,SF205,각주항목(09.06월 이후)
15871,202106,0011611,맥쿼리증권,H1,대출채권매매이익_담보부,0,국내증권사,B,SF205,각주항목(09.06월 이후)
15872,202106,0011611,맥쿼리증권,H2,대출채권매매이익_무담보부,0,국내증권사,B,SF205,각주항목(09.06월 이후)
15873,202109,0011611,맥쿼리증권,A,채무보증,0,국내증권사,B,SF205,각주항목(09.06월 이후)
15874,202109,0011611,맥쿼리증권,A1,채무보증_지급보증,0,국내증권사,B,SF205,각주항목(09.06월 이후)
15875,202109,0011611,맥쿼리증권,A2,채무보증_매입보장약정,0,국내증권사,B,SF205,각주항목(09.06월 이후)
15876,202109,0011611,맥쿼리증권,A3,채무보증_채무인수약정,0,국내증권사,B,SF205,각주항목(09.06월 이후)
15877,202109,0011611,맥쿼리증권,A5,채무보증_매입확약,0,국내증권사,B,SF205,각주항목(09.06월 이후)
15878,202109,0011611,맥쿼리증권,A6,채무보증_기타,0,국내증권사,B,SF205,각주항목(09.06월 이후)
15879,202109,0011611,맥쿼리증권,B,투자자의 예수증권 등,0,국내증권사,B,SF205,각주항목(09.06월 이후)
15880,202109,0011611,맥쿼리증권,B1,투자자의 예수증권 등_예수 증권,0,국내증권사,B,SF205,각주항목(09.06월 이후)
15881,202109,0011611,맥쿼리증권,B2,투자자의 예수증권 등_예수양도성예금증서,0,국내증권사,B,SF205,각주항목(09.06월 이후)
15882,202109,0011611,맥쿼리증권,B3,투자자의 예수증권 등_기타,0,국내증권사,B,SF205,각주항목(09.06월 이후)
15883,202109,0011611,맥쿼리증권,C,파생상품계약,0,국내증권사,B,SF205,각주항목(09.06월 이후)
15884,202109,0011611,맥쿼리증권,C1,파생상품계약_장내파생상품,0,국내증권사,B,SF205,각주항목(09.06월 이후)
15885,202109,0011611,맥쿼리증권,C11,파생상품계약_장내파생상품_이자율관련거래,0,국내증권사,B,SF205,각주항목(09.06월 이후)
15886,202109,0011611,맥쿼리증권,C12,파생상품계약_장내파생상품_통화관련거래,0,국내증권사,B,SF205,각주항목(09.06월 이후)
15887,202109,0011611,맥쿼리증권,C13,파생상품계약_장내파생상품_주식관련거래,0,국내증권사,B,SF205,각주항목(09.06월 이후)
15888,202109,0011611,맥쿼리증권,C14,파생상품계약_장내파생상품_일반상품관련거래,0,국내증권사,B,SF205,각주항목(09.06월 이후)
15889,202109,0011611,맥쿼리증권,C15,파생상품계약_장내파생상품_기타,0,국내증권사,B,SF205,각주항목(09.06월 이후)
15890,202109,0011611,맥쿼리증권,C2,파생상품계약_장외파생상품,0,국내증권사,B,SF205,각주항목(09.06월 이후)
15891,202109,0011611,맥쿼리증권,C21,파생상품계약_장외파생상품_이자율관련거래,0,국내증권사,B,SF205,각주항목(09.06월 이후)
15892,202109,0011611,맥쿼리증권,C22,파생상품계약_장외파생상품_통화관련거래,0,국내증권사,B,SF205,각주항목(09.06월 이후)
15893,202109,0011611,맥쿼리증권,C23,파생상품계약_장외파생상품_주식관련거래,0,국내증권사,B,SF205,각주항목(09.06월 이후)
15894,202109,0011611,맥쿼리증권,C24,파생상품계약_장외파생상품_신용관련거래,0,국내증권사,B,SF205,각주항목(09.06월 이후)
15895,202109,0011611,맥쿼리증권,C25,파생상품계약_장외파생상품_기타,0,국내증권사,B,SF205,각주항목(09.06월 이후)
15896,202109,0011611,맥쿼리증권,D,대차 및 대주거래,0,국내증권사,B,SF205,각주항목(09.06월 이후)
15897,202109,0011611,맥쿼리증권,D1,대차 및 대주거래_대여증권,0,국내증권사,B,SF205,각주항목(09.06월 이후)
15898,202109,0011611,맥쿼리증권,D2,대차 및 대주거래_차입증권,0,국내증권사,B,SF205,각주항목(09.06월 이후)
15899,202109,0011611,맥쿼리증권,D3,대차 및 대주거래_신용거래대주,0,국내증권사,B,SF205,각주항목(09.06월 이후)
15900,202109,0011611,맥쿼리증권,E,대손상각채권,34865827,국내증권사,B,SF205,각주항목(09.06월 이후)
15901,202109,0011611,맥쿼리증권,F,환전업무 예치금,0,국내증권사,B,SF205,각주항목(09.06월 이후)
15902,202109,0011611,맥쿼리증권,G,미배당별도예치금,0,국내증권사,B,SF205,각주항목(09.06월 이후)
15903,202109,0011611,맥쿼리증권,H,배서어음매출(종금계정),0,국내증권사,B,SF205,각주항목(09.06월 이후)
15904,202109,0011611,맥쿼리증권,H1,대출채권매매이익_담보부,0,국내증권사,B,SF205,각주항목(09.06월 이후)
15905,202109,0011611,맥쿼리증권,H2,대출채권매매이익_무담보부,0,국내증권사,B,SF205,각주항목(09.06월 이후)
15906,202112,0011611,맥쿼리증권,A,채무보증,0,국내증권사,B,SF205,각주항목(09.06월 이후)
15907,202112,0011611,맥쿼리증권,A1,채무보증_지급보증,0,국내증권사,B,SF205,각주항목(09.06월 이후)
15908,202112,0011611,맥쿼리증권,A2,채무보증_매입보장약정,0,국내증권사,B,SF205,각주항목(09.06월 이후)
15909,202112,0011611,맥쿼리증권,A3,채무보증_채무인수약정,0,국내증권사,B,SF205,각주항목(09.06월 이후)
15910,202112,0011611,맥쿼리증권,A5,채무보증_매입확약,0,국내증권사,B,SF205,각주항목(09.06월 이후)
15911,202112,0011611,맥쿼리증권,A6,채무보증_기타,0,국내증권사,B,SF205,각주항목(09.06월 이후)
15912,202112,0011611,맥쿼리증권,B,투자자의 예수증권 등,0,국내증권사,B,SF205,각주항목(09.06월 이후)
15913,202112,0011611,맥쿼리증권,B1,투자자의 예수증권 등_예수 증권,0,국내증권사,B,SF205,각주항목(09.06월 이후)
15914,202112,0011611,맥쿼리증권,B2,투자자의 예수증권 등_예수양도성예금증서,0,국내증권사,B,SF205,각주항목(09.06월 이후)
15915,202112,0011611,맥쿼리증권,B3,투자자의 예수증권 등_기타,0,국내증권사,B,SF205,각주항목(09.06월 이후)
15916,202112,0011611,맥쿼리증권,C,파생상품계약,0,국내증권사,B,SF205,각주항목(09.06월 이후)
15917,202112,0011611,맥쿼리증권,C1,파생상품계약_장내파생상품,0,국내증권사,B,SF205,각주항목(09.06월 이후)
15918,202112,0011611,맥쿼리증권,C11,파생상품계약_장내파생상품_이자율관련거래,0,국내증권사,B,SF205,각주항목(09.06월 이후)
15919,202112,0011611,맥쿼리증권,C12,파생상품계약_장내파생상품_통화관련거래,0,국내증권사,B,SF205,각주항목(09.06월 이후)
15920,202112,0011611,맥쿼리증권,C13,파생상품계약_장내파생상품_주식관련거래,0,국내증권사,B,SF205,각주항목(09.06월 이후)
15921,202112,0011611,맥쿼리증권,C14,파생상품계약_장내파생상품_일반상품관련거래,0,국내증권사,B,SF205,각주항목(09.06월 이후)
15922,202112,0011611,맥쿼리증권,C15,파생상품계약_장내파생상품_기타,0,국내증권사,B,SF205,각주항목(09.06월 이후)
15923,202112,0011611,맥쿼리증권,C2,파생상품계약_장외파생상품,0,국내증권사,B,SF205,각주항목(09.06월 이후)
15924,202112,0011611,맥쿼리증권,C21,파생상품계약_장외파생상품_이자율관련거래,0,국내증권사,B,SF205,각주항목(09.06월 이후)
15925,202112,0011611,맥쿼리증권,C22,파생상품계약_장외파생상품_통화관련거래,0,국내증권사,B,SF205,각주항목(09.06월 이후)
15926,202112,0011611,맥쿼리증권,C23,파생상품계약_장외파생상품_주식관련거래,0,국내증권사,B,SF205,각주항목(09.06월 이후)
15927,202112,0011611,맥쿼리증권,C24,파생상품계약_장외파생상품_신용관련거래,0,국내증권사,B,SF205,각주항목(09.06월 이후)
15928,202112,0011611,맥쿼리증권,C25,파생상품계약_장외파생상품_기타,0,국내증권사,B,SF205,각주항목(09.06월 이후)
15929,202112,0011611,맥쿼리증권,D,대차 및 대주거래,0,국내증권사,B,SF205,각주항목(09.06월 이후)
15930,202112,0011611,맥쿼리증권,D1,대차 및 대주거래_대여증권,0,국내증권사,B,SF205,각주항목(09.06월 이후)
15931,202112,0011611,맥쿼리증권,D2,대차 및 대주거래_차입증권,0,국내증권사,B,SF205,각주항목(09.06월 이후)
15932,202112,0011611,맥쿼리증권,D3,대차 및 대주거래_신용거래대주,0,국내증권사,B,SF205,각주항목(09.06월 이후)
15933,202112,0011611,맥쿼리증권,E,대손상각채권,34865827,국내증권사,B,SF205,각주항목(09.06월 이후)
15934,202112,0011611,맥쿼리증권,F,환전업무 예치금,0,국내증권사,B,SF205,각주항목(09.06월 이후)
15935,202112,0011611,맥쿼리증권,G,미배당별도예치금,0,국내증권사,B,SF205,각주항목(09.06월 이후)
15936,202112,0011611,맥쿼리증권,H,배서어음매출(종금계정),0,국내증권사,B,SF205,각주항목(09.06월 이후)
15937,202112,0011611,맥쿼리증권,H1,대출채권매매이익_담보부,0,국내증권사,B,SF205,각주항목(09.06월 이후)
15938,202112,0011611,맥쿼리증권,H2,대출채권매매이익_무담보부,0,국내증권사,B,SF205,각주항목(09.06월 이후)
15939,202203,0011611,맥쿼리증권,A,채무보증,0,국내증권사,B,SF205,각주항목(09.06월 이후)
15940,202203,0011611,맥쿼리증권,A1,채무보증_지급보증,0,국내증권사,B,SF205,각주항목(09.06월 이후)
15941,202203,0011611,맥쿼리증권,A2,채무보증_매입보장약정,0,국내증권사,B,SF205,각주항목(09.06월 이후)
15942,202203,0011611,맥쿼리증권,A3,채무보증_채무인수약정,0,국내증권사,B,SF205,각주항목(09.06월 이후)
15943,202203,0011611,맥쿼리증권,A5,채무보증_매입확약,0,국내증권사,B,SF205,각주항목(09.06월 이후)
15944,202203,0011611,맥쿼리증권,A6,채무보증_기타,0,국내증권사,B,SF205,각주항목(09.06월 이후)
15945,202203,0011611,맥쿼리증권,B,투자자의 예수증권 등,0,국내증권사,B,SF205,각주항목(09.06월 이후)
15946,202203,0011611,맥쿼리증권,B1,투자자의 예수증권 등_예수 증권,0,국내증권사,B,SF205,각주항목(09.06월 이후)
15947,202203,0011611,맥쿼리증권,B2,투자자의 예수증권 등_예수양도성예금증서,0,국내증권사,B,SF205,각주항목(09.06월 이후)
15948,202203,0011611,맥쿼리증권,B3,투자자의 예수증권 등_기타,0,국내증권사,B,SF205,각주항목(09.06월 이후)
15949,202203,0011611,맥쿼리증권,C,파생상품계약,0,국내증권사,B,SF205,각주항목(09.06월 이후)
15950,202203,0011611,맥쿼리증권,C1,파생상품계약_장내파생상품,0,국내증권사,B,SF205,각주항목(09.06월 이후)
15951,202203,0011611,맥쿼리증권,C11,파생상품계약_장내파생상품_이자율관련거래,0,국내증권사,B,SF205,각주항목(09.06월 이후)
15952,202203,0011611,맥쿼리증권,C12,파생상품계약_장내파생상품_통화관련거래,0,국내증권사,B,SF205,각주항목(09.06월 이후)
15953,202203,0011611,맥쿼리증권,C13,파생상품계약_장내파생상품_주식관련거래,0,국내증권사,B,SF205,각주항목(09.06월 이후)
15954,202203,0011611,맥쿼리증권,C14,파생상품계약_장내파생상품_일반상품관련거래,0,국내증권사,B,SF205,각주항목(09.06월 이후)
15955,202203,0011611,맥쿼리증권,C15,파생상품계약_장내파생상품_기타,0,국내증권사,B,SF205,각주항목(09.06월 이후)
15956,202203,0011611,맥쿼리증권,C2,파생상품계약_장외파생상품,0,국내증권사,B,SF205,각주항목(09.06월 이후)
15957,202203,0011611,맥쿼리증권,C21,파생상품계약_장외파생상품_이자율관련거래,0,국내증권사,B,SF205,각주항목(09.06월 이후)
15958,202203,0011611,맥쿼리증권,C22,파생상품계약_장외파생상품_통화관련거래,0,국내증권사,B,SF205,각주항목(09.06월 이후)
15959,202203,0011611,맥쿼리증권,C23,파생상품계약_장외파생상품_주식관련거래,0,국내증권사,B,SF205,각주항목(09.06월 이후)
15960,202203,0011611,맥쿼리증권,C24,파생상품계약_장외파생상품_신용관련거래,0,국내증권사,B,SF205,각주항목(09.06월 이후)
15961,202203,0011611,맥쿼리증권,C25,파생상품계약_장외파생상품_기타,0,국내증권사,B,SF205,각주항목(09.06월 이후)
15962,202203,0011611,맥쿼리증권,D,대차 및 대주거래,0,국내증권사,B,SF205,각주항목(09.06월 이후)
15963,202203,0011611,맥쿼리증권,D1,대차 및 대주거래_대여증권,0,국내증권사,B,SF205,각주항목(09.06월 이후)
15964,202203,0011611,맥쿼리증권,D2,대차 및 대주거래_차입증권,0,국내증권사,B,SF205,각주항목(09.06월 이후)
15965,202203,0011611,맥쿼리증권,D3,대차 및 대주거래_신용거래대주,0,국내증권사,B,SF205,각주항목(09.06월 이후)
15966,202203,0011611,맥쿼리증권,E,대손상각채권,34865827,국내증권사,B,SF205,각주항목(09.06월 이후)
15967,202203,0011611,맥쿼리증권,F,환전업무 예치금,0,국내증권사,B,SF205,각주항목(09.06월 이후)
15968,202203,0011611,맥쿼리증권,G,미배당별도예치금,0,국내증권사,B,SF205,각주항목(09.06월 이후)
15969,202203,0011611,맥쿼리증권,H,배서어음매출(종금계정),0,국내증권사,B,SF205,각주항목(09.06월 이후)
15970,202203,0011611,맥쿼리증권,H1,대출채권매매이익_담보부,0,국내증권사,B,SF205,각주항목(09.06월 이후)
15971,202203,0011611,맥쿼리증권,H2,대출채권매매이익_무담보부,0,국내증권사,B,SF205,각주항목(09.06월 이후)
15972,202206,0011611,맥쿼리증권,A,채무보증,0,국내증권사,B,SF205,각주항목(09.06월 이후)
15973,202206,0011611,맥쿼리증권,A1,채무보증_지급보증,0,국내증권사,B,SF205,각주항목(09.06월 이후)
15974,202206,0011611,맥쿼리증권,A2,채무보증_매입보장약정,0,국내증권사,B,SF205,각주항목(09.06월 이후)
15975,202206,0011611,맥쿼리증권,A3,채무보증_채무인수약정,0,국내증권사,B,SF205,각주항목(09.06월 이후)
15976,202206,0011611,맥쿼리증권,A5,채무보증_매입확약,0,국내증권사,B,SF205,각주항목(09.06월 이후)
15977,202206,0011611,맥쿼리증권,A6,채무보증_기타,0,국내증권사,B,SF205,각주항목(09.06월 이후)
15978,202206,0011611,맥쿼리증권,B,투자자의 예수증권 등,0,국내증권사,B,SF205,각주항목(09.06월 이후)
15979,202206,0011611,맥쿼리증권,B1,투자자의 예수증권 등_예수 증권,0,국내증권사,B,SF205,각주항목(09.06월 이후)
15980,202206,0011611,맥쿼리증권,B2,투자자의 예수증권 등_예수양도성예금증서,0,국내증권사,B,SF205,각주항목(09.06월 이후)
15981,202206,0011611,맥쿼리증권,B3,투자자의 예수증권 등_기타,0,국내증권사,B,SF205,각주항목(09.06월 이후)
15982,202206,0011611,맥쿼리증권,C,파생상품계약,0,국내증권사,B,SF205,각주항목(09.06월 이후)
15983,202206,0011611,맥쿼리증권,C1,파생상품계약_장내파생상품,0,국내증권사,B,SF205,각주항목(09.06월 이후)
15984,202206,0011611,맥쿼리증권,C11,파생상품계약_장내파생상품_이자율관련거래,0,국내증권사,B,SF205,각주항목(09.06월 이후)
15985,202206,0011611,맥쿼리증권,C12,파생상품계약_장내파생상품_통화관련거래,0,국내증권사,B,SF205,각주항목(09.06월 이후)
15986,202206,0011611,맥쿼리증권,C13,파생상품계약_장내파생상품_주식관련거래,0,국내증권사,B,SF205,각주항목(09.06월 이후)
15987,202206,0011611,맥쿼리증권,C14,파생상품계약_장내파생상품_일반상품관련거래,0,국내증권사,B,SF205,각주항목(09.06월 이후)
15988,202206,0011611,맥쿼리증권,C15,파생상품계약_장내파생상품_기타,0,국내증권사,B,SF205,각주항목(09.06월 이후)
15989,202206,0011611,맥쿼리증권,C2,파생상품계약_장외파생상품,0,국내증권사,B,SF205,각주항목(09.06월 이후)
15990,202206,0011611,맥쿼리증권,C21,파생상품계약_장외파생상품_이자율관련거래,0,국내증권사,B,SF205,각주항목(09.06월 이후)
15991,202206,0011611,맥쿼리증권,C22,파생상품계약_장외파생상품_통화관련거래,0,국내증권사,B,SF205,각주항목(09.06월 이후)
15992,202206,0011611,맥쿼리증권,C23,파생상품계약_장외파생상품_주식관련거래,0,국내증권사,B,SF205,각주항목(09.06월 이후)
15993,202206,0011611,맥쿼리증권,C24,파생상품계약_장외파생상품_신용관련거래,0,국내증권사,B,SF205,각주항목(09.06월 이후)
15994,202206,0011611,맥쿼리증권,C25,파생상품계약_장외파생상품_기타,0,국내증권사,B,SF205,각주항목(09.06월 이후)
15995,202206,0011611,맥쿼리증권,D,대차 및 대주거래,0,국내증권사,B,SF205,각주항목(09.06월 이후)
15996,202206,0011611,맥쿼리증권,D1,대차 및 대주거래_대여증권,0,국내증권사,B,SF205,각주항목(09.06월 이후)
15997,202206,0011611,맥쿼리증권,D2,대차 및 대주거래_차입증권,0,국내증권사,B,SF205,각주항목(09.06월 이후)
15998,202206,0011611,맥쿼리증권,D3,대차 및 대주거래_신용거래대주,0,국내증권사,B,SF205,각주항목(09.06월 이후)
15999,202206,0011611,맥쿼리증권,E,대손상각채권,34865827,국내증권사,B,SF205,각주항목(09.06월 이후)
16000,202206,0011611,맥쿼리증권,F,환전업무 예치금,0,국내증권사,B,SF205,각주항목(09.06월 이후)
16001,202206,0011611,맥쿼리증권,G,미배당별도예치금,0,국내증권사,B,SF205,각주항목(09.06월 이후)
16002,202206,0011611,맥쿼리증권,H,배서어음매출(종금계정),0,국내증권사,B,SF205,각주항목(09.06월 이후)
16003,202206,0011611,맥쿼리증권,H1,대출채권매매이익_담보부,0,국내증권사,B,SF205,각주항목(09.06월 이후)
16004,202206,0011611,맥쿼리증권,H2,대출채권매매이익_무담보부,0,국내증권사,B,SF205,각주항목(09.06월 이후)
16005,202209,0011611,맥쿼리증권,A,채무보증,0,국내증권사,B,SF205,각주항목(09.06월 이후)
16006,202209,0011611,맥쿼리증권,A1,채무보증_지급보증,0,국내증권사,B,SF205,각주항목(09.06월 이후)
16007,202209,0011611,맥쿼리증권,A2,채무보증_매입보장약정,0,국내증권사,B,SF205,각주항목(09.06월 이후)
16008,202209,0011611,맥쿼리증권,A3,채무보증_채무인수약정,0,국내증권사,B,SF205,각주항목(09.06월 이후)
16009,202209,0011611,맥쿼리증권,A5,채무보증_매입확약,0,국내증권사,B,SF205,각주항목(09.06월 이후)
16010,202209,0011611,맥쿼리증권,A6,채무보증_기타,0,국내증권사,B,SF205,각주항목(09.06월 이후)
16011,202209,0011611,맥쿼리증권,B,투자자의 예수증권 등,0,국내증권사,B,SF205,각주항목(09.06월 이후)
16012,202209,0011611,맥쿼리증권,B1,투자자의 예수증권 등_예수 증권,0,국내증권사,B,SF205,각주항목(09.06월 이후)
16013,202209,0011611,맥쿼리증권,B2,투자자의 예수증권 등_예수양도성예금증서,0,국내증권사,B,SF205,각주항목(09.06월 이후)
16014,202209,0011611,맥쿼리증권,B3,투자자의 예수증권 등_기타,0,국내증권사,B,SF205,각주항목(09.06월 이후)
16015,202209,0011611,맥쿼리증권,C,파생상품계약,0,국내증권사,B,SF205,각주항목(09.06월 이후)
16016,202209,0011611,맥쿼리증권,C1,파생상품계약_장내파생상품,0,국내증권사,B,SF205,각주항목(09.06월 이후)
16017,202209,0011611,맥쿼리증권,C11,파생상품계약_장내파생상품_이자율관련거래,0,국내증권사,B,SF205,각주항목(09.06월 이후)
16018,202209,0011611,맥쿼리증권,C12,파생상품계약_장내파생상품_통화관련거래,0,국내증권사,B,SF205,각주항목(09.06월 이후)
16019,202209,0011611,맥쿼리증권,C13,파생상품계약_장내파생상품_주식관련거래,0,국내증권사,B,SF205,각주항목(09.06월 이후)
16020,202209,0011611,맥쿼리증권,C14,파생상품계약_장내파생상품_일반상품관련거래,0,국내증권사,B,SF205,각주항목(09.06월 이후)
16021,202209,0011611,맥쿼리증권,C15,파생상품계약_장내파생상품_기타,0,국내증권사,B,SF205,각주항목(09.06월 이후)
16022,202209,0011611,맥쿼리증권,C2,파생상품계약_장외파생상품,0,국내증권사,B,SF205,각주항목(09.06월 이후)
16023,202209,0011611,맥쿼리증권,C21,파생상품계약_장외파생상품_이자율관련거래,0,국내증권사,B,SF205,각주항목(09.06월 이후)
16024,202209,0011611,맥쿼리증권,C22,파생상품계약_장외파생상품_통화관련거래,0,국내증권사,B,SF205,각주항목(09.06월 이후)
16025,202209,0011611,맥쿼리증권,C23,파생상품계약_장외파생상품_주식관련거래,0,국내증권사,B,SF205,각주항목(09.06월 이후)
16026,202209,0011611,맥쿼리증권,C24,파생상품계약_장외파생상품_신용관련거래,0,국내증권사,B,SF205,각주항목(09.06월 이후)
16027,202209,0011611,맥쿼리증권,C25,파생상품계약_장외파생상품_기타,0,국내증권사,B,SF205,각주항목(09.06월 이후)
16028,202209,0011611,맥쿼리증권,D,대차 및 대주거래,0,국내증권사,B,SF205,각주항목(09.06월 이후)
16029,202209,0011611,맥쿼리증권,D1,대차 및 대주거래_대여증권,0,국내증권사,B,SF205,각주항목(09.06월 이후)
16030,202209,0011611,맥쿼리증권,D2,대차 및 대주거래_차입증권,0,국내증권사,B,SF205,각주항목(09.06월 이후)
16031,202209,0011611,맥쿼리증권,D3,대차 및 대주거래_신용거래대주,0,국내증권사,B,SF205,각주항목(09.06월 이후)
16032,202209,0011611,맥쿼리증권,E,대손상각채권,34865827,국내증권사,B,SF205,각주항목(09.06월 이후)
16033,202209,0011611,맥쿼리증권,F,환전업무 예치금,0,국내증권사,B,SF205,각주항목(09.06월 이후)
16034,202209,0011611,맥쿼리증권,G,미배당별도예치금,0,국내증권사,B,SF205,각주항목(09.06월 이후)
16035,202209,0011611,맥쿼리증권,H,배서어음매출(종금계정),0,국내증권사,B,SF205,각주항목(09.06월 이후)
16036,202209,0011611,맥쿼리증권,H1,대출채권매매이익_담보부,0,국내증권사,B,SF205,각주항목(09.06월 이후)
16037,202209,0011611,맥쿼리증권,H2,대출채권매매이익_무담보부,0,국내증권사,B,SF205,각주항목(09.06월 이후)
16038,202212,0011611,맥쿼리증권,A,채무보증,0,국내증권사,B,SF205,각주항목(09.06월 이후)
16039,202212,0011611,맥쿼리증권,A1,채무보증_지급보증,0,국내증권사,B,SF205,각주항목(09.06월 이후)
16040,202212,0011611,맥쿼리증권,A2,채무보증_매입보장약정,0,국내증권사,B,SF205,각주항목(09.06월 이후)
16041,202212,0011611,맥쿼리증권,A3,채무보증_채무인수약정,0,국내증권사,B,SF205,각주항목(09.06월 이후)
16042,202212,0011611,맥쿼리증권,A5,채무보증_매입확약,0,국내증권사,B,SF205,각주항목(09.06월 이후)
16043,202212,0011611,맥쿼리증권,A6,채무보증_기타,0,국내증권사,B,SF205,각주항목(09.06월 이후)
16044,202212,0011611,맥쿼리증권,B,투자자의 예수증권 등,0,국내증권사,B,SF205,각주항목(09.06월 이후)
16045,202212,0011611,맥쿼리증권,B1,투자자의 예수증권 등_예수 증권,0,국내증권사,B,SF205,각주항목(09.06월 이후)
16046,202212,0011611,맥쿼리증권,B2,투자자의 예수증권 등_예수양도성예금증서,0,국내증권사,B,SF205,각주항목(09.06월 이후)
16047,202212,0011611,맥쿼리증권,B3,투자자의 예수증권 등_기타,0,국내증권사,B,SF205,각주항목(09.06월 이후)
16048,202212,0011611,맥쿼리증권,C,파생상품계약,0,국내증권사,B,SF205,각주항목(09.06월 이후)
16049,202212,0011611,맥쿼리증권,C1,파생상품계약_장내파생상품,0,국내증권사,B,SF205,각주항목(09.06월 이후)
16050,202212,0011611,맥쿼리증권,C11,파생상품계약_장내파생상품_이자율관련거래,0,국내증권사,B,SF205,각주항목(09.06월 이후)
16051,202212,0011611,맥쿼리증권,C12,파생상품계약_장내파생상품_통화관련거래,0,국내증권사,B,SF205,각주항목(09.06월 이후)
16052,202212,0011611,맥쿼리증권,C13,파생상품계약_장내파생상품_주식관련거래,0,국내증권사,B,SF205,각주항목(09.06월 이후)
16053,202212,0011611,맥쿼리증권,C14,파생상품계약_장내파생상품_일반상품관련거래,0,국내증권사,B,SF205,각주항목(09.06월 이후)
16054,202212,0011611,맥쿼리증권,C15,파생상품계약_장내파생상품_기타,0,국내증권사,B,SF205,각주항목(09.06월 이후)
16055,202212,0011611,맥쿼리증권,C2,파생상품계약_장외파생상품,0,국내증권사,B,SF205,각주항목(09.06월 이후)
16056,202212,0011611,맥쿼리증권,C21,파생상품계약_장외파생상품_이자율관련거래,0,국내증권사,B,SF205,각주항목(09.06월 이후)
16057,202212,0011611,맥쿼리증권,C22,파생상품계약_장외파생상품_통화관련거래,0,국내증권사,B,SF205,각주항목(09.06월 이후)
16058,202212,0011611,맥쿼리증권,C23,파생상품계약_장외파생상품_주식관련거래,0,국내증권사,B,SF205,각주항목(09.06월 이후)
16059,202212,0011611,맥쿼리증권,C24,파생상품계약_장외파생상품_신용관련거래,0,국내증권사,B,SF205,각주항목(09.06월 이후)
16060,202212,0011611,맥쿼리증권,C25,파생상품계약_장외파생상품_기타,0,국내증권사,B,SF205,각주항목(09.06월 이후)
16061,202212,0011611,맥쿼리증권,D,대차 및 대주거래,0,국내증권사,B,SF205,각주항목(09.06월 이후)
16062,202212,0011611,맥쿼리증권,D1,대차 및 대주거래_대여증권,0,국내증권사,B,SF205,각주항목(09.06월 이후)
16063,202212,0011611,맥쿼리증권,D2,대차 및 대주거래_차입증권,0,국내증권사,B,SF205,각주항목(09.06월 이후)
16064,202212,0011611,맥쿼리증권,D3,대차 및 대주거래_신용거래대주,0,국내증권사,B,SF205,각주항목(09.06월 이후)
16065,202212,0011611,맥쿼리증권,E,대손상각채권,34865827,국내증권사,B,SF205,각주항목(09.06월 이후)
16066,202212,0011611,맥쿼리증권,F,환전업무 예치금,0,국내증권사,B,SF205,각주항목(09.06월 이후)
16067,202212,0011611,맥쿼리증권,G,미배당별도예치금,0,국내증권사,B,SF205,각주항목(09.06월 이후)
16068,202212,0011611,맥쿼리증권,H,배서어음매출(종금계정),0,국내증권사,B,SF205,각주항목(09.06월 이후)
16069,202212,0011611,맥쿼리증권,H1,대출채권매매이익_담보부,0,국내증권사,B,SF205,각주항목(09.06월 이후)
16070,202212,0011611,맥쿼리증권,H2,대출채권매매이익_무담보부,0,국내증권사,B,SF205,각주항목(09.06월 이후)
16071,202303,0011611,맥쿼리증권,A,채무보증,0,국내증권사,B,SF205,각주항목(09.06월 이후)
16072,202303,0011611,맥쿼리증권,A1,채무보증_지급보증,0,국내증권사,B,SF205,각주항목(09.06월 이후)
16073,202303,0011611,맥쿼리증권,A2,채무보증_매입보장약정,0,국내증권사,B,SF205,각주항목(09.06월 이후)
16074,202303,0011611,맥쿼리증권,A3,채무보증_채무인수약정,0,국내증권사,B,SF205,각주항목(09.06월 이후)
16075,202303,0011611,맥쿼리증권,A5,채무보증_매입확약,0,국내증권사,B,SF205,각주항목(09.06월 이후)
16076,202303,0011611,맥쿼리증권,A6,채무보증_기타,0,국내증권사,B,SF205,각주항목(09.06월 이후)
16077,202303,0011611,맥쿼리증권,B,투자자의 예수증권 등,0,국내증권사,B,SF205,각주항목(09.06월 이후)
16078,202303,0011611,맥쿼리증권,B1,투자자의 예수증권 등_예수 증권,0,국내증권사,B,SF205,각주항목(09.06월 이후)
16079,202303,0011611,맥쿼리증권,B2,투자자의 예수증권 등_예수양도성예금증서,0,국내증권사,B,SF205,각주항목(09.06월 이후)
16080,202303,0011611,맥쿼리증권,B3,투자자의 예수증권 등_기타,0,국내증권사,B,SF205,각주항목(09.06월 이후)
16081,202303,0011611,맥쿼리증권,C,파생상품계약,0,국내증권사,B,SF205,각주항목(09.06월 이후)
16082,202303,0011611,맥쿼리증권,C1,파생상품계약_장내파생상품,0,국내증권사,B,SF205,각주항목(09.06월 이후)
16083,202303,0011611,맥쿼리증권,C11,파생상품계약_장내파생상품_이자율관련거래,0,국내증권사,B,SF205,각주항목(09.06월 이후)
16084,202303,0011611,맥쿼리증권,C12,파생상품계약_장내파생상품_통화관련거래,0,국내증권사,B,SF205,각주항목(09.06월 이후)
16085,202303,0011611,맥쿼리증권,C13,파생상품계약_장내파생상품_주식관련거래,0,국내증권사,B,SF205,각주항목(09.06월 이후)
16086,202303,0011611,맥쿼리증권,C14,파생상품계약_장내파생상품_일반상품관련거래,0,국내증권사,B,SF205,각주항목(09.06월 이후)
16087,202303,0011611,맥쿼리증권,C15,파생상품계약_장내파생상품_기타,0,국내증권사,B,SF205,각주항목(09.06월 이후)
16088,202303,0011611,맥쿼리증권,C2,파생상품계약_장외파생상품,0,국내증권사,B,SF205,각주항목(09.06월 이후)
16089,202303,0011611,맥쿼리증권,C21,파생상품계약_장외파생상품_이자율관련거래,0,국내증권사,B,SF205,각주항목(09.06월 이후)
16090,202303,0011611,맥쿼리증권,C22,파생상품계약_장외파생상품_통화관련거래,0,국내증권사,B,SF205,각주항목(09.06월 이후)
16091,202303,0011611,맥쿼리증권,C23,파생상품계약_장외파생상품_주식관련거래,0,국내증권사,B,SF205,각주항목(09.06월 이후)
16092,202303,0011611,맥쿼리증권,C24,파생상품계약_장외파생상품_신용관련거래,0,국내증권사,B,SF205,각주항목(09.06월 이후)
16093,202303,0011611,맥쿼리증권,C25,파생상품계약_장외파생상품_기타,0,국내증권사,B,SF205,각주항목(09.06월 이후)
16094,202303,0011611,맥쿼리증권,D,대차 및 대주거래,0,국내증권사,B,SF205,각주항목(09.06월 이후)
16095,202303,0011611,맥쿼리증권,D1,대차 및 대주거래_대여증권,0,국내증권사,B,SF205,각주항목(09.06월 이후)
16096,202303,0011611,맥쿼리증권,D2,대차 및 대주거래_차입증권,0,국내증권사,B,SF205,각주항목(09.06월 이후)
16097,202303,0011611,맥쿼리증권,D3,대차 및 대주거래_신용거래대주,0,국내증권사,B,SF205,각주항목(09.06월 이후)
16098,202303,0011611,맥쿼리증권,E,대손상각채권,34865827,국내증권사,B,SF205,각주항목(09.06월 이후)
16099,202303,0011611,맥쿼리증권,F,환전업무 예치금,0,국내증권사,B,SF205,각주항목(09.06월 이후)
16100,202303,0011611,맥쿼리증권,G,미배당별도예치금,0,국내증권사,B,SF205,각주항목(09.06월 이후)
16101,202303,0011611,맥쿼리증권,H,배서어음매출(종금계정),0,국내증권사,B,SF205,각주항목(09.06월 이후)
16102,202303,0011611,맥쿼리증권,H1,대출채권매매이익_담보부,0,국내증권사,B,SF205,각주항목(09.06월 이후)
16103,202303,0011611,맥쿼리증권,H2,대출채권매매이익_무담보부,0,국내증권사,B,SF205,각주항목(09.06월 이후)
16104,202306,0011611,맥쿼리증권,A,채무보증,0,국내증권사,B,SF205,각주항목(09.06월 이후)
16105,202306,0011611,맥쿼리증권,A1,채무보증_지급보증,0,국내증권사,B,SF205,각주항목(09.06월 이후)
16106,202306,0011611,맥쿼리증권,A2,채무보증_매입보장약정,0,국내증권사,B,SF205,각주항목(09.06월 이후)
16107,202306,0011611,맥쿼리증권,A3,채무보증_채무인수약정,0,국내증권사,B,SF205,각주항목(09.06월 이후)
16108,202306,0011611,맥쿼리증권,A5,채무보증_매입확약,0,국내증권사,B,SF205,각주항목(09.06월 이후)
16109,202306,0011611,맥쿼리증권,A6,채무보증_기타,0,국내증권사,B,SF205,각주항목(09.06월 이후)
16110,202306,0011611,맥쿼리증권,B,투자자의 예수증권 등,0,국내증권사,B,SF205,각주항목(09.06월 이후)
16111,202306,0011611,맥쿼리증권,B1,투자자의 예수증권 등_예수 증권,0,국내증권사,B,SF205,각주항목(09.06월 이후)
16112,202306,0011611,맥쿼리증권,B2,투자자의 예수증권 등_예수양도성예금증서,0,국내증권사,B,SF205,각주항목(09.06월 이후)
16113,202306,0011611,맥쿼리증권,B3,투자자의 예수증권 등_기타,0,국내증권사,B,SF205,각주항목(09.06월 이후)
16114,202306,0011611,맥쿼리증권,C,파생상품계약,0,국내증권사,B,SF205,각주항목(09.06월 이후)
16115,202306,0011611,맥쿼리증권,C1,파생상품계약_장내파생상품,0,국내증권사,B,SF205,각주항목(09.06월 이후)
16116,202306,0011611,맥쿼리증권,C11,파생상품계약_장내파생상품_이자율관련거래,0,국내증권사,B,SF205,각주항목(09.06월 이후)
16117,202306,0011611,맥쿼리증권,C12,파생상품계약_장내파생상품_통화관련거래,0,국내증권사,B,SF205,각주항목(09.06월 이후)
16118,202306,0011611,맥쿼리증권,C13,파생상품계약_장내파생상품_주식관련거래,0,국내증권사,B,SF205,각주항목(09.06월 이후)
16119,202306,0011611,맥쿼리증권,C14,파생상품계약_장내파생상품_일반상품관련거래,0,국내증권사,B,SF205,각주항목(09.06월 이후)
16120,202306,0011611,맥쿼리증권,C15,파생상품계약_장내파생상품_기타,0,국내증권사,B,SF205,각주항목(09.06월 이후)
16121,202306,0011611,맥쿼리증권,C2,파생상품계약_장외파생상품,0,국내증권사,B,SF205,각주항목(09.06월 이후)
16122,202306,0011611,맥쿼리증권,C21,파생상품계약_장외파생상품_이자율관련거래,0,국내증권사,B,SF205,각주항목(09.06월 이후)
16123,202306,0011611,맥쿼리증권,C22,파생상품계약_장외파생상품_통화관련거래,0,국내증권사,B,SF205,각주항목(09.06월 이후)
16124,202306,0011611,맥쿼리증권,C23,파생상품계약_장외파생상품_주식관련거래,0,국내증권사,B,SF205,각주항목(09.06월 이후)
16125,202306,0011611,맥쿼리증권,C24,파생상품계약_장외파생상품_신용관련거래,0,국내증권사,B,SF205,각주항목(09.06월 이후)
16126,202306,0011611,맥쿼리증권,C25,파생상품계약_장외파생상품_기타,0,국내증권사,B,SF205,각주항목(09.06월 이후)
16127,202306,0011611,맥쿼리증권,D,대차 및 대주거래,0,국내증권사,B,SF205,각주항목(09.06월 이후)
16128,202306,0011611,맥쿼리증권,D1,대차 및 대주거래_대여증권,0,국내증권사,B,SF205,각주항목(09.06월 이후)
16129,202306,0011611,맥쿼리증권,D2,대차 및 대주거래_차입증권,0,국내증권사,B,SF205,각주항목(09.06월 이후)
16130,202306,0011611,맥쿼리증권,D3,대차 및 대주거래_신용거래대주,0,국내증권사,B,SF205,각주항목(09.06월 이후)
16131,202306,0011611,맥쿼리증권,E,대손상각채권,34865827,국내증권사,B,SF205,각주항목(09.06월 이후)
16132,202306,0011611,맥쿼리증권,F,환전업무 예치금,0,국내증권사,B,SF205,각주항목(09.06월 이후)
16133,202306,0011611,맥쿼리증권,G,미배당별도예치금,0,국내증권사,B,SF205,각주항목(09.06월 이후)
16134,202306,0011611,맥쿼리증권,H,배서어음매출(종금계정),0,국내증권사,B,SF205,각주항목(09.06월 이후)
16135,202306,0011611,맥쿼리증권,H1,대출채권매매이익_담보부,0,국내증권사,B,SF205,각주항목(09.06월 이후)
16136,202306,0011611,맥쿼리증권,H2,대출채권매매이익_무담보부,0,국내증권사,B,SF205,각주항목(09.06월 이후)
16137,202309,0011611,맥쿼리증권,A,채무보증,0,국내증권사,B,SF205,각주항목(09.06월 이후)
16138,202309,0011611,맥쿼리증권,A1,채무보증_지급보증,0,국내증권사,B,SF205,각주항목(09.06월 이후)
16139,202309,0011611,맥쿼리증권,A2,채무보증_매입보장약정,0,국내증권사,B,SF205,각주항목(09.06월 이후)
16140,202309,0011611,맥쿼리증권,A3,채무보증_채무인수약정,0,국내증권사,B,SF205,각주항목(09.06월 이후)
16141,202309,0011611,맥쿼리증권,A5,채무보증_매입확약,0,국내증권사,B,SF205,각주항목(09.06월 이후)
16142,202309,0011611,맥쿼리증권,A6,채무보증_기타,0,국내증권사,B,SF205,각주항목(09.06월 이후)
16143,202309,0011611,맥쿼리증권,B,투자자의 예수증권 등,0,국내증권사,B,SF205,각주항목(09.06월 이후)
16144,202309,0011611,맥쿼리증권,B1,투자자의 예수증권 등_예수 증권,0,국내증권사,B,SF205,각주항목(09.06월 이후)
16145,202309,0011611,맥쿼리증권,B2,투자자의 예수증권 등_예수양도성예금증서,0,국내증권사,B,SF205,각주항목(09.06월 이후)
16146,202309,0011611,맥쿼리증권,B3,투자자의 예수증권 등_기타,0,국내증권사,B,SF205,각주항목(09.06월 이후)
16147,202309,0011611,맥쿼리증권,C,파생상품계약,0,국내증권사,B,SF205,각주항목(09.06월 이후)
16148,202309,0011611,맥쿼리증권,C1,파생상품계약_장내파생상품,0,국내증권사,B,SF205,각주항목(09.06월 이후)
16149,202309,0011611,맥쿼리증권,C11,파생상품계약_장내파생상품_이자율관련거래,0,국내증권사,B,SF205,각주항목(09.06월 이후)
16150,202309,0011611,맥쿼리증권,C12,파생상품계약_장내파생상품_통화관련거래,0,국내증권사,B,SF205,각주항목(09.06월 이후)
16151,202309,0011611,맥쿼리증권,C13,파생상품계약_장내파생상품_주식관련거래,0,국내증권사,B,SF205,각주항목(09.06월 이후)
16152,202309,0011611,맥쿼리증권,C14,파생상품계약_장내파생상품_일반상품관련거래,0,국내증권사,B,SF205,각주항목(09.06월 이후)
16153,202309,0011611,맥쿼리증권,C15,파생상품계약_장내파생상품_기타,0,국내증권사,B,SF205,각주항목(09.06월 이후)
16154,202309,0011611,맥쿼리증권,C2,파생상품계약_장외파생상품,0,국내증권사,B,SF205,각주항목(09.06월 이후)
16155,202309,0011611,맥쿼리증권,C21,파생상품계약_장외파생상품_이자율관련거래,0,국내증권사,B,SF205,각주항목(09.06월 이후)
16156,202309,0011611,맥쿼리증권,C22,파생상품계약_장외파생상품_통화관련거래,0,국내증권사,B,SF205,각주항목(09.06월 이후)
16157,202309,0011611,맥쿼리증권,C23,파생상품계약_장외파생상품_주식관련거래,0,국내증권사,B,SF205,각주항목(09.06월 이후)
16158,202309,0011611,맥쿼리증권,C24,파생상품계약_장외파생상품_신용관련거래,0,국내증권사,B,SF205,각주항목(09.06월 이후)
16159,202309,0011611,맥쿼리증권,C25,파생상품계약_장외파생상품_기타,0,국내증권사,B,SF205,각주항목(09.06월 이후)
16160,202309,0011611,맥쿼리증권,D,대차 및 대주거래,0,국내증권사,B,SF205,각주항목(09.06월 이후)
16161,202309,0011611,맥쿼리증권,D1,대차 및 대주거래_대여증권,0,국내증권사,B,SF205,각주항목(09.06월 이후)
16162,202309,0011611,맥쿼리증권,D2,대차 및 대주거래_차입증권,0,국내증권사,B,SF205,각주항목(09.06월 이후)
16163,202309,0011611,맥쿼리증권,D3,대차 및 대주거래_신용거래대주,0,국내증권사,B,SF205,각주항목(09.06월 이후)
16164,202309,0011611,맥쿼리증권,E,대손상각채권,34865827,국내증권사,B,SF205,각주항목(09.06월 이후)
16165,202309,0011611,맥쿼리증권,F,환전업무 예치금,0,국내증권사,B,SF205,각주항목(09.06월 이후)
16166,202309,0011611,맥쿼리증권,G,미배당별도예치금,0,국내증권사,B,SF205,각주항목(09.06월 이후)
16167,202309,0011611,맥쿼리증권,H,배서어음매출(종금계정),0,국내증권사,B,SF205,각주항목(09.06월 이후)
16168,202309,0011611,맥쿼리증권,H1,대출채권매매이익_담보부,0,국내증권사,B,SF205,각주항목(09.06월 이후)
16169,202309,0011611,맥쿼리증권,H2,대출채권매매이익_무담보부,0,국내증권사,B,SF205,각주항목(09.06월 이후)
16170,202312,0011611,맥쿼리증권,A,채무보증,0,국내증권사,B,SF205,각주항목(09.06월 이후)
16171,202312,0011611,맥쿼리증권,A1,채무보증_지급보증,0,국내증권사,B,SF205,각주항목(09.06월 이후)
16172,202312,0011611,맥쿼리증권,A2,채무보증_매입보장약정,0,국내증권사,B,SF205,각주항목(09.06월 이후)
16173,202312,0011611,맥쿼리증권,A3,채무보증_채무인수약정,0,국내증권사,B,SF205,각주항목(09.06월 이후)
16174,202312,0011611,맥쿼리증권,A5,채무보증_매입확약,0,국내증권사,B,SF205,각주항목(09.06월 이후)
16175,202312,0011611,맥쿼리증권,A6,채무보증_기타,0,국내증권사,B,SF205,각주항목(09.06월 이후)
16176,202312,0011611,맥쿼리증권,B,투자자의 예수증권 등,0,국내증권사,B,SF205,각주항목(09.06월 이후)
16177,202312,0011611,맥쿼리증권,B1,투자자의 예수증권 등_예수 증권,0,국내증권사,B,SF205,각주항목(09.06월 이후)
16178,202312,0011611,맥쿼리증권,B2,투자자의 예수증권 등_예수양도성예금증서,0,국내증권사,B,SF205,각주항목(09.06월 이후)
16179,202312,0011611,맥쿼리증권,B3,투자자의 예수증권 등_기타,0,국내증권사,B,SF205,각주항목(09.06월 이후)
16180,202312,0011611,맥쿼리증권,C,파생상품계약,0,국내증권사,B,SF205,각주항목(09.06월 이후)
16181,202312,0011611,맥쿼리증권,C1,파생상품계약_장내파생상품,0,국내증권사,B,SF205,각주항목(09.06월 이후)
16182,202312,0011611,맥쿼리증권,C11,파생상품계약_장내파생상품_이자율관련거래,0,국내증권사,B,SF205,각주항목(09.06월 이후)
16183,202312,0011611,맥쿼리증권,C12,파생상품계약_장내파생상품_통화관련거래,0,국내증권사,B,SF205,각주항목(09.06월 이후)
16184,202312,0011611,맥쿼리증권,C13,파생상품계약_장내파생상품_주식관련거래,0,국내증권사,B,SF205,각주항목(09.06월 이후)
16185,202312,0011611,맥쿼리증권,C14,파생상품계약_장내파생상품_일반상품관련거래,0,국내증권사,B,SF205,각주항목(09.06월 이후)
16186,202312,0011611,맥쿼리증권,C15,파생상품계약_장내파생상품_기타,0,국내증권사,B,SF205,각주항목(09.06월 이후)
16187,202312,0011611,맥쿼리증권,C2,파생상품계약_장외파생상품,0,국내증권사,B,SF205,각주항목(09.06월 이후)
16188,202312,0011611,맥쿼리증권,C21,파생상품계약_장외파생상품_이자율관련거래,0,국내증권사,B,SF205,각주항목(09.06월 이후)
16189,202312,0011611,맥쿼리증권,C22,파생상품계약_장외파생상품_통화관련거래,0,국내증권사,B,SF205,각주항목(09.06월 이후)
16190,202312,0011611,맥쿼리증권,C23,파생상품계약_장외파생상품_주식관련거래,0,국내증권사,B,SF205,각주항목(09.06월 이후)
16191,202312,0011611,맥쿼리증권,C24,파생상품계약_장외파생상품_신용관련거래,0,국내증권사,B,SF205,각주항목(09.06월 이후)
16192,202312,0011611,맥쿼리증권,C25,파생상품계약_장외파생상품_기타,0,국내증권사,B,SF205,각주항목(09.06월 이후)
16193,202312,0011611,맥쿼리증권,D,대차 및 대주거래,0,국내증권사,B,SF205,각주항목(09.06월 이후)
16194,202312,0011611,맥쿼리증권,D1,대차 및 대주거래_대여증권,0,국내증권사,B,SF205,각주항목(09.06월 이후)
16195,202312,0011611,맥쿼리증권,D2,대차 및 대주거래_차입증권,0,국내증권사,B,SF205,각주항목(09.06월 이후)
16196,202312,0011611,맥쿼리증권,D3,대차 및 대주거래_신용거래대주,0,국내증권사,B,SF205,각주항목(09.06월 이후)
16197,202312,0011611,맥쿼리증권,E,대손상각채권,34865827,국내증권사,B,SF205,각주항목(09.06월 이후)
16198,202312,0011611,맥쿼리증권,F,환전업무 예치금,0,국내증권사,B,SF205,각주항목(09.06월 이후)
16199,202312,0011611,맥쿼리증권,G,미배당별도예치금,0,국내증권사,B,SF205,각주항목(09.06월 이후)
16200,202312,0011611,맥쿼리증권,H,배서어음매출(종금계정),0,국내증권사,B,SF205,각주항목(09.06월 이후)
16201,202312,0011611,맥쿼리증권,H1,대출채권매매이익_담보부,0,국내증권사,B,SF205,각주항목(09.06월 이후)
16202,202312,0011611,맥쿼리증권,H2,대출채권매매이익_무담보부,0,국내증권사,B,SF205,각주항목(09.06월 이후)
16203,202403,0011611,맥쿼리증권,A,채무보증,0,국내증권사,B,SF205,각주항목(09.06월 이후)
16204,202403,0011611,맥쿼리증권,A1,채무보증_지급보증,0,국내증권사,B,SF205,각주항목(09.06월 이후)
16205,202403,0011611,맥쿼리증권,A2,채무보증_매입보장약정,0,국내증권사,B,SF205,각주항목(09.06월 이후)
16206,202403,0011611,맥쿼리증권,A3,채무보증_채무인수약정,0,국내증권사,B,SF205,각주항목(09.06월 이후)
16207,202403,0011611,맥쿼리증권,A5,채무보증_매입확약,0,국내증권사,B,SF205,각주항목(09.06월 이후)
16208,202403,0011611,맥쿼리증권,A6,채무보증_기타,0,국내증권사,B,SF205,각주항목(09.06월 이후)
16209,202403,0011611,맥쿼리증권,B,투자자의 예수증권 등,0,국내증권사,B,SF205,각주항목(09.06월 이후)
16210,202403,0011611,맥쿼리증권,B1,투자자의 예수증권 등_예수 증권,0,국내증권사,B,SF205,각주항목(09.06월 이후)
16211,202403,0011611,맥쿼리증권,B2,투자자의 예수증권 등_예수양도성예금증서,0,국내증권사,B,SF205,각주항목(09.06월 이후)
16212,202403,0011611,맥쿼리증권,B3,투자자의 예수증권 등_기타,0,국내증권사,B,SF205,각주항목(09.06월 이후)
16213,202403,0011611,맥쿼리증권,C,파생상품계약,0,국내증권사,B,SF205,각주항목(09.06월 이후)
16214,202403,0011611,맥쿼리증권,C1,파생상품계약_장내파생상품,0,국내증권사,B,SF205,각주항목(09.06월 이후)
16215,202403,0011611,맥쿼리증권,C11,파생상품계약_장내파생상품_이자율관련거래,0,국내증권사,B,SF205,각주항목(09.06월 이후)
16216,202403,0011611,맥쿼리증권,C12,파생상품계약_장내파생상품_통화관련거래,0,국내증권사,B,SF205,각주항목(09.06월 이후)
16217,202403,0011611,맥쿼리증권,C13,파생상품계약_장내파생상품_주식관련거래,0,국내증권사,B,SF205,각주항목(09.06월 이후)
16218,202403,0011611,맥쿼리증권,C14,파생상품계약_장내파생상품_일반상품관련거래,0,국내증권사,B,SF205,각주항목(09.06월 이후)
16219,202403,0011611,맥쿼리증권,C15,파생상품계약_장내파생상품_기타,0,국내증권사,B,SF205,각주항목(09.06월 이후)
16220,202403,0011611,맥쿼리증권,C2,파생상품계약_장외파생상품,0,국내증권사,B,SF205,각주항목(09.06월 이후)
16221,202403,0011611,맥쿼리증권,C21,파생상품계약_장외파생상품_이자율관련거래,0,국내증권사,B,SF205,각주항목(09.06월 이후)
16222,202403,0011611,맥쿼리증권,C22,파생상품계약_장외파생상품_통화관련거래,0,국내증권사,B,SF205,각주항목(09.06월 이후)
16223,202403,0011611,맥쿼리증권,C23,파생상품계약_장외파생상품_주식관련거래,0,국내증권사,B,SF205,각주항목(09.06월 이후)
16224,202403,0011611,맥쿼리증권,C24,파생상품계약_장외파생상품_신용관련거래,0,국내증권사,B,SF205,각주항목(09.06월 이후)
16225,202403,0011611,맥쿼리증권,C25,파생상품계약_장외파생상품_기타,0,국내증권사,B,SF205,각주항목(09.06월 이후)
16226,202403,0011611,맥쿼리증권,D,대차 및 대주거래,0,국내증권사,B,SF205,각주항목(09.06월 이후)
16227,202403,0011611,맥쿼리증권,D1,대차 및 대주거래_대여증권,0,국내증권사,B,SF205,각주항목(09.06월 이후)
16228,202403,0011611,맥쿼리증권,D2,대차 및 대주거래_차입증권,0,국내증권사,B,SF205,각주항목(09.06월 이후)
16229,202403,0011611,맥쿼리증권,D3,대차 및 대주거래_신용거래대주,0,국내증권사,B,SF205,각주항목(09.06월 이후)
16230,202403,0011611,맥쿼리증권,E,대손상각채권,34865827,국내증권사,B,SF205,각주항목(09.06월 이후)
16231,202403,0011611,맥쿼리증권,F,환전업무 예치금,0,국내증권사,B,SF205,각주항목(09.06월 이후)
16232,202403,0011611,맥쿼리증권,G,미배당별도예치금,0,국내증권사,B,SF205,각주항목(09.06월 이후)
16233,202403,0011611,맥쿼리증권,H,배서어음매출(종금계정),0,국내증권사,B,SF205,각주항목(09.06월 이후)
16234,202403,0011611,맥쿼리증권,H1,대출채권매매이익_담보부,0,국내증권사,B,SF205,각주항목(09.06월 이후)
16235,202403,0011611,맥쿼리증권,H2,대출채권매매이익_무담보부,0,국내증권사,B,SF205,각주항목(09.06월 이후)
16236,202406,0011611,맥쿼리증권,A,채무보증,0,국내증권사,B,SF205,각주항목(09.06월 이후)
16237,202406,0011611,맥쿼리증권,A1,채무보증_지급보증,0,국내증권사,B,SF205,각주항목(09.06월 이후)
16238,202406,0011611,맥쿼리증권,A2,채무보증_매입보장약정,0,국내증권사,B,SF205,각주항목(09.06월 이후)
16239,202406,0011611,맥쿼리증권,A3,채무보증_채무인수약정,0,국내증권사,B,SF205,각주항목(09.06월 이후)
16240,202406,0011611,맥쿼리증권,A5,채무보증_매입확약,0,국내증권사,B,SF205,각주항목(09.06월 이후)
16241,202406,0011611,맥쿼리증권,A6,채무보증_기타,0,국내증권사,B,SF205,각주항목(09.06월 이후)
16242,202406,0011611,맥쿼리증권,B,투자자의 예수증권 등,0,국내증권사,B,SF205,각주항목(09.06월 이후)
16243,202406,0011611,맥쿼리증권,B1,투자자의 예수증권 등_예수 증권,0,국내증권사,B,SF205,각주항목(09.06월 이후)
16244,202406,0011611,맥쿼리증권,B2,투자자의 예수증권 등_예수양도성예금증서,0,국내증권사,B,SF205,각주항목(09.06월 이후)
16245,202406,0011611,맥쿼리증권,B3,투자자의 예수증권 등_기타,0,국내증권사,B,SF205,각주항목(09.06월 이후)
16246,202406,0011611,맥쿼리증권,C,파생상품계약,0,국내증권사,B,SF205,각주항목(09.06월 이후)
16247,202406,0011611,맥쿼리증권,C1,파생상품계약_장내파생상품,0,국내증권사,B,SF205,각주항목(09.06월 이후)
16248,202406,0011611,맥쿼리증권,C11,파생상품계약_장내파생상품_이자율관련거래,0,국내증권사,B,SF205,각주항목(09.06월 이후)
16249,202406,0011611,맥쿼리증권,C12,파생상품계약_장내파생상품_통화관련거래,0,국내증권사,B,SF205,각주항목(09.06월 이후)
16250,202406,0011611,맥쿼리증권,C13,파생상품계약_장내파생상품_주식관련거래,0,국내증권사,B,SF205,각주항목(09.06월 이후)
16251,202406,0011611,맥쿼리증권,C14,파생상품계약_장내파생상품_일반상품관련거래,0,국내증권사,B,SF205,각주항목(09.06월 이후)
16252,202406,0011611,맥쿼리증권,C15,파생상품계약_장내파생상품_기타,0,국내증권사,B,SF205,각주항목(09.06월 이후)
16253,202406,0011611,맥쿼리증권,C2,파생상품계약_장외파생상품,0,국내증권사,B,SF205,각주항목(09.06월 이후)
16254,202406,0011611,맥쿼리증권,C21,파생상품계약_장외파생상품_이자율관련거래,0,국내증권사,B,SF205,각주항목(09.06월 이후)
16255,202406,0011611,맥쿼리증권,C22,파생상품계약_장외파생상품_통화관련거래,0,국내증권사,B,SF205,각주항목(09.06월 이후)
16256,202406,0011611,맥쿼리증권,C23,파생상품계약_장외파생상품_주식관련거래,0,국내증권사,B,SF205,각주항목(09.06월 이후)
16257,202406,0011611,맥쿼리증권,C24,파생상품계약_장외파생상품_신용관련거래,0,국내증권사,B,SF205,각주항목(09.06월 이후)
16258,202406,0011611,맥쿼리증권,C25,파생상품계약_장외파생상품_기타,0,국내증권사,B,SF205,각주항목(09.06월 이후)
16259,202406,0011611,맥쿼리증권,D,대차 및 대주거래,0,국내증권사,B,SF205,각주항목(09.06월 이후)
16260,202406,0011611,맥쿼리증권,D1,대차 및 대주거래_대여증권,0,국내증권사,B,SF205,각주항목(09.06월 이후)
16261,202406,0011611,맥쿼리증권,D2,대차 및 대주거래_차입증권,0,국내증권사,B,SF205,각주항목(09.06월 이후)
16262,202406,0011611,맥쿼리증권,D3,대차 및 대주거래_신용거래대주,0,국내증권사,B,SF205,각주항목(09.06월 이후)
16263,202406,0011611,맥쿼리증권,E,대손상각채권,34865827,국내증권사,B,SF205,각주항목(09.06월 이후)
16264,202406,0011611,맥쿼리증권,F,환전업무 예치금,0,국내증권사,B,SF205,각주항목(09.06월 이후)
16265,202406,0011611,맥쿼리증권,G,미배당별도예치금,0,국내증권사,B,SF205,각주항목(09.06월 이후)
16266,202406,0011611,맥쿼리증권,H,배서어음매출(종금계정),0,국내증권사,B,SF205,각주항목(09.06월 이후)
16267,202406,0011611,맥쿼리증권,H1,대출채권매매이익_담보부,0,국내증권사,B,SF205,각주항목(09.06월 이후)
16268,202406,0011611,맥쿼리증권,H2,대출채권매매이익_무담보부,0,국내증권사,B,SF205,각주항목(09.06월 이후)
16269,202409,0011611,맥쿼리증권,A,채무보증,0,국내증권사,B,SF205,각주항목(09.06월 이후)
16270,202409,0011611,맥쿼리증권,A1,채무보증_지급보증,0,국내증권사,B,SF205,각주항목(09.06월 이후)
16271,202409,0011611,맥쿼리증권,A2,채무보증_매입보장약정,0,국내증권사,B,SF205,각주항목(09.06월 이후)
16272,202409,0011611,맥쿼리증권,A3,채무보증_채무인수약정,0,국내증권사,B,SF205,각주항목(09.06월 이후)
16273,202409,0011611,맥쿼리증권,A5,채무보증_매입확약,0,국내증권사,B,SF205,각주항목(09.06월 이후)
16274,202409,0011611,맥쿼리증권,A6,채무보증_기타,0,국내증권사,B,SF205,각주항목(09.06월 이후)
16275,202409,0011611,맥쿼리증권,B,투자자의 예수증권 등,0,국내증권사,B,SF205,각주항목(09.06월 이후)
16276,202409,0011611,맥쿼리증권,B1,투자자의 예수증권 등_예수 증권,0,국내증권사,B,SF205,각주항목(09.06월 이후)
16277,202409,0011611,맥쿼리증권,B2,투자자의 예수증권 등_예수양도성예금증서,0,국내증권사,B,SF205,각주항목(09.06월 이후)
16278,202409,0011611,맥쿼리증권,B3,투자자의 예수증권 등_기타,0,국내증권사,B,SF205,각주항목(09.06월 이후)
16279,202409,0011611,맥쿼리증권,C,파생상품계약,0,국내증권사,B,SF205,각주항목(09.06월 이후)
16280,202409,0011611,맥쿼리증권,C1,파생상품계약_장내파생상품,0,국내증권사,B,SF205,각주항목(09.06월 이후)
16281,202409,0011611,맥쿼리증권,C11,파생상품계약_장내파생상품_이자율관련거래,0,국내증권사,B,SF205,각주항목(09.06월 이후)
16282,202409,0011611,맥쿼리증권,C12,파생상품계약_장내파생상품_통화관련거래,0,국내증권사,B,SF205,각주항목(09.06월 이후)
16283,202409,0011611,맥쿼리증권,C13,파생상품계약_장내파생상품_주식관련거래,0,국내증권사,B,SF205,각주항목(09.06월 이후)
16284,202409,0011611,맥쿼리증권,C14,파생상품계약_장내파생상품_일반상품관련거래,0,국내증권사,B,SF205,각주항목(09.06월 이후)
16285,202409,0011611,맥쿼리증권,C15,파생상품계약_장내파생상품_기타,0,국내증권사,B,SF205,각주항목(09.06월 이후)
16286,202409,0011611,맥쿼리증권,C2,파생상품계약_장외파생상품,0,국내증권사,B,SF205,각주항목(09.06월 이후)
16287,202409,0011611,맥쿼리증권,C21,파생상품계약_장외파생상품_이자율관련거래,0,국내증권사,B,SF205,각주항목(09.06월 이후)
16288,202409,0011611,맥쿼리증권,C22,파생상품계약_장외파생상품_통화관련거래,0,국내증권사,B,SF205,각주항목(09.06월 이후)
16289,202409,0011611,맥쿼리증권,C23,파생상품계약_장외파생상품_주식관련거래,0,국내증권사,B,SF205,각주항목(09.06월 이후)
16290,202409,0011611,맥쿼리증권,C24,파생상품계약_장외파생상품_신용관련거래,0,국내증권사,B,SF205,각주항목(09.06월 이후)
16291,202409,0011611,맥쿼리증권,C25,파생상품계약_장외파생상품_기타,0,국내증권사,B,SF205,각주항목(09.06월 이후)
16292,202409,0011611,맥쿼리증권,D,대차 및 대주거래,0,국내증권사,B,SF205,각주항목(09.06월 이후)
16293,202409,0011611,맥쿼리증권,D1,대차 및 대주거래_대여증권,0,국내증권사,B,SF205,각주항목(09.06월 이후)
16294,202409,0011611,맥쿼리증권,D2,대차 및 대주거래_차입증권,0,국내증권사,B,SF205,각주항목(09.06월 이후)
16295,202409,0011611,맥쿼리증권,D3,대차 및 대주거래_신용거래대주,0,국내증권사,B,SF205,각주항목(09.06월 이후)
16296,202409,0011611,맥쿼리증권,E,대손상각채권,34865827,국내증권사,B,SF205,각주항목(09.06월 이후)
16297,202409,0011611,맥쿼리증권,F,환전업무 예치금,0,국내증권사,B,SF205,각주항목(09.06월 이후)
16298,202409,0011611,맥쿼리증권,G,미배당별도예치금,0,국내증권사,B,SF205,각주항목(09.06월 이후)
16299,202409,0011611,맥쿼리증권,H,배서어음매출(종금계정),0,국내증권사,B,SF205,각주항목(09.06월 이후)
16300,202409,0011611,맥쿼리증권,H1,대출채권매매이익_담보부,0,국내증권사,B,SF205,각주항목(09.06월 이후)
16301,202409,0011611,맥쿼리증권,H2,대출채권매매이익_무담보부,0,국내증권사,B,SF205,각주항목(09.06월 이후)
16302,202412,0011611,맥쿼리증권,A,채무보증,0,국내증권사,B,SF205,각주항목(09.06월 이후)
16303,202412,0011611,맥쿼리증권,A1,채무보증_지급보증,0,국내증권사,B,SF205,각주항목(09.06월 이후)
16304,202412,0011611,맥쿼리증권,A2,채무보증_매입보장약정,0,국내증권사,B,SF205,각주항목(09.06월 이후)
16305,202412,0011611,맥쿼리증권,A3,채무보증_채무인수약정,0,국내증권사,B,SF205,각주항목(09.06월 이후)
16306,202412,0011611,맥쿼리증권,A5,채무보증_매입확약,0,국내증권사,B,SF205,각주항목(09.06월 이후)
16307,202412,0011611,맥쿼리증권,A6,채무보증_기타,0,국내증권사,B,SF205,각주항목(09.06월 이후)
16308,202412,0011611,맥쿼리증권,B,투자자의 예수증권 등,0,국내증권사,B,SF205,각주항목(09.06월 이후)
16309,202412,0011611,맥쿼리증권,B1,투자자의 예수증권 등_예수 증권,0,국내증권사,B,SF205,각주항목(09.06월 이후)
16310,202412,0011611,맥쿼리증권,B2,투자자의 예수증권 등_예수양도성예금증서,0,국내증권사,B,SF205,각주항목(09.06월 이후)
16311,202412,0011611,맥쿼리증권,B3,투자자의 예수증권 등_기타,0,국내증권사,B,SF205,각주항목(09.06월 이후)
16312,202412,0011611,맥쿼리증권,C,파생상품계약,0,국내증권사,B,SF205,각주항목(09.06월 이후)
16313,202412,0011611,맥쿼리증권,C1,파생상품계약_장내파생상품,0,국내증권사,B,SF205,각주항목(09.06월 이후)
16314,202412,0011611,맥쿼리증권,C11,파생상품계약_장내파생상품_이자율관련거래,0,국내증권사,B,SF205,각주항목(09.06월 이후)
16315,202412,0011611,맥쿼리증권,C12,파생상품계약_장내파생상품_통화관련거래,0,국내증권사,B,SF205,각주항목(09.06월 이후)
16316,202412,0011611,맥쿼리증권,C13,파생상품계약_장내파생상품_주식관련거래,0,국내증권사,B,SF205,각주항목(09.06월 이후)
16317,202412,0011611,맥쿼리증권,C14,파생상품계약_장내파생상품_일반상품관련거래,0,국내증권사,B,SF205,각주항목(09.06월 이후)
16318,202412,0011611,맥쿼리증권,C15,파생상품계약_장내파생상품_기타,0,국내증권사,B,SF205,각주항목(09.06월 이후)
16319,202412,0011611,맥쿼리증권,C2,파생상품계약_장외파생상품,0,국내증권사,B,SF205,각주항목(09.06월 이후)
16320,202412,0011611,맥쿼리증권,C21,파생상품계약_장외파생상품_이자율관련거래,0,국내증권사,B,SF205,각주항목(09.06월 이후)
16321,202412,0011611,맥쿼리증권,C22,파생상품계약_장외파생상품_통화관련거래,0,국내증권사,B,SF205,각주항목(09.06월 이후)
16322,202412,0011611,맥쿼리증권,C23,파생상품계약_장외파생상품_주식관련거래,0,국내증권사,B,SF205,각주항목(09.06월 이후)
16323,202412,0011611,맥쿼리증권,C24,파생상품계약_장외파생상품_신용관련거래,0,국내증권사,B,SF205,각주항목(09.06월 이후)
16324,202412,0011611,맥쿼리증권,C25,파생상품계약_장외파생상품_기타,0,국내증권사,B,SF205,각주항목(09.06월 이후)
16325,202412,0011611,맥쿼리증권,D,대차 및 대주거래,0,국내증권사,B,SF205,각주항목(09.06월 이후)
16326,202412,0011611,맥쿼리증권,D1,대차 및 대주거래_대여증권,0,국내증권사,B,SF205,각주항목(09.06월 이후)
16327,202412,0011611,맥쿼리증권,D2,대차 및 대주거래_차입증권,0,국내증권사,B,SF205,각주항목(09.06월 이후)
16328,202412,0011611,맥쿼리증권,D3,대차 및 대주거래_신용거래대주,0,국내증권사,B,SF205,각주항목(09.06월 이후)
16329,202412,0011611,맥쿼리증권,E,대손상각채권,34865827,국내증권사,B,SF205,각주항목(09.06월 이후)
16330,202412,0011611,맥쿼리증권,F,환전업무 예치금,0,국내증권사,B,SF205,각주항목(09.06월 이후)
16331,202412,0011611,맥쿼리증권,G,미배당별도예치금,0,국내증권사,B,SF205,각주항목(09.06월 이후)
16332,202412,0011611,맥쿼리증권,H,배서어음매출(종금계정),0,국내증권사,B,SF205,각주항목(09.06월 이후)
16333,202412,0011611,맥쿼리증권,H1,대출채권매매이익_담보부,0,국내증권사,B,SF205,각주항목(09.06월 이후)
16334,202412,0011611,맥쿼리증권,H2,대출채권매매이익_무담보부,0,국내증권사,B,SF205,각주항목(09.06월 이후)
16335,201703,0010099,메리츠증권(주),A,채무보증,5264540870458,국내증권사,B,SF205,각주항목(09.06월 이후)
16336,201703,0010099,메리츠증권(주),A1,채무보증_지급보증,0,국내증권사,B,SF205,각주항목(09.06월 이후)
16337,201703,0010099,메리츠증권(주),A2,채무보증_매입보장약정,239170000000,국내증권사,B,SF205,각주항목(09.06월 이후)
16338,201703,0010099,메리츠증권(주),A3,채무보증_채무인수약정,0,국내증권사,B,SF205,각주항목(09.06월 이후)
16339,201703,0010099,메리츠증권(주),A5,채무보증_매입확약,5025370870458,국내증권사,B,SF205,각주항목(09.06월 이후)
16340,201703,0010099,메리츠증권(주),A6,채무보증_기타,0,국내증권사,B,SF205,각주항목(09.06월 이후)
16341,201703,0010099,메리츠증권(주),B,투자자의 예수증권 등,18704751605409,국내증권사,B,SF205,각주항목(09.06월 이후)
16342,201703,0010099,메리츠증권(주),B1,투자자의 예수증권 등_예수 증권,18704751605409,국내증권사,B,SF205,각주항목(09.06월 이후)
16343,201703,0010099,메리츠증권(주),B2,투자자의 예수증권 등_예수양도성예금증서,0,국내증권사,B,SF205,각주항목(09.06월 이후)
16344,201703,0010099,메리츠증권(주),B3,투자자의 예수증권 등_기타,0,국내증권사,B,SF205,각주항목(09.06월 이후)
16345,201703,0010099,메리츠증권(주),C,파생상품계약,112646394791973,국내증권사,B,SF205,각주항목(09.06월 이후)
16346,201703,0010099,메리츠증권(주),C1,파생상품계약_장내파생상품,2348330045227,국내증권사,B,SF205,각주항목(09.06월 이후)
16347,201703,0010099,메리츠증권(주),C11,파생상품계약_장내파생상품_이자율관련거래,725620684365,국내증권사,B,SF205,각주항목(09.06월 이후)
16348,201703,0010099,메리츠증권(주),C12,파생상품계약_장내파생상품_통화관련거래,120754023562,국내증권사,B,SF205,각주항목(09.06월 이후)
16349,201703,0010099,메리츠증권(주),C13,파생상품계약_장내파생상품_주식관련거래,821992807202,국내증권사,B,SF205,각주항목(09.06월 이후)
16350,201703,0010099,메리츠증권(주),C14,파생상품계약_장내파생상품_일반상품관련거래,679962530098,국내증권사,B,SF205,각주항목(09.06월 이후)
16351,201703,0010099,메리츠증권(주),C15,파생상품계약_장내파생상품_기타,0,국내증권사,B,SF205,각주항목(09.06월 이후)
16352,201703,0010099,메리츠증권(주),C2,파생상품계약_장외파생상품,110298064746746,국내증권사,B,SF205,각주항목(09.06월 이후)
16353,201703,0010099,메리츠증권(주),C21,파생상품계약_장외파생상품_이자율관련거래,109125525280000,국내증권사,B,SF205,각주항목(09.06월 이후)
16354,201703,0010099,메리츠증권(주),C22,파생상품계약_장외파생상품_통화관련거래,526324607293,국내증권사,B,SF205,각주항목(09.06월 이후)
16355,201703,0010099,메리츠증권(주),C23,파생상품계약_장외파생상품_주식관련거래,139542952163,국내증권사,B,SF205,각주항목(09.06월 이후)
16356,201703,0010099,메리츠증권(주),C24,파생상품계약_장외파생상품_신용관련거래,30000000000,국내증권사,B,SF205,각주항목(09.06월 이후)
16357,201703,0010099,메리츠증권(주),C25,파생상품계약_장외파생상품_기타,476671907290,국내증권사,B,SF205,각주항목(09.06월 이후)
16358,201703,0010099,메리츠증권(주),D,대차 및 대주거래,484385601231,국내증권사,B,SF205,각주항목(09.06월 이후)
16359,201703,0010099,메리츠증권(주),D1,대차 및 대주거래_대여증권,79480363249,국내증권사,B,SF205,각주항목(09.06월 이후)
16360,201703,0010099,메리츠증권(주),D2,대차 및 대주거래_차입증권,404905237982,국내증권사,B,SF205,각주항목(09.06월 이후)
16361,201703,0010099,메리츠증권(주),D3,대차 및 대주거래_신용거래대주,0,국내증권사,B,SF205,각주항목(09.06월 이후)
16362,201703,0010099,메리츠증권(주),E,대손상각채권,97442414935,국내증권사,B,SF205,각주항목(09.06월 이후)
16363,201703,0010099,메리츠증권(주),F,환전업무 예치금,0,국내증권사,B,SF205,각주항목(09.06월 이후)
16364,201703,0010099,메리츠증권(주),G,미배당별도예치금,0,국내증권사,B,SF205,각주항목(09.06월 이후)
16365,201703,0010099,메리츠증권(주),H,배서어음매출(종금계정),60000000000,국내증권사,B,SF205,각주항목(09.06월 이후)
16366,201703,0010099,메리츠증권(주),H1,대출채권매매이익_담보부,0,국내증권사,B,SF205,각주항목(09.06월 이후)
16367,201703,0010099,메리츠증권(주),H2,대출채권매매이익_무담보부,60000000000,국내증권사,B,SF205,각주항목(09.06월 이후)
16368,201706,0010099,메리츠증권(주),A,채무보증,5292256532716,국내증권사,B,SF205,각주항목(09.06월 이후)
16369,201706,0010099,메리츠증권(주),A1,채무보증_지급보증,0,국내증권사,B,SF205,각주항목(09.06월 이후)
16370,201706,0010099,메리츠증권(주),A2,채무보증_매입보장약정,438150000000,국내증권사,B,SF205,각주항목(09.06월 이후)
16371,201706,0010099,메리츠증권(주),A3,채무보증_채무인수약정,0,국내증권사,B,SF205,각주항목(09.06월 이후)
16372,201706,0010099,메리츠증권(주),A5,채무보증_매입확약,4854106532716,국내증권사,B,SF205,각주항목(09.06월 이후)
16373,201706,0010099,메리츠증권(주),A6,채무보증_기타,0,국내증권사,B,SF205,각주항목(09.06월 이후)
16374,201706,0010099,메리츠증권(주),B,투자자의 예수증권 등,21938267948105,국내증권사,B,SF205,각주항목(09.06월 이후)
16375,201706,0010099,메리츠증권(주),B1,투자자의 예수증권 등_예수 증권,21938267948105,국내증권사,B,SF205,각주항목(09.06월 이후)
16376,201706,0010099,메리츠증권(주),B2,투자자의 예수증권 등_예수양도성예금증서,0,국내증권사,B,SF205,각주항목(09.06월 이후)
16377,201706,0010099,메리츠증권(주),B3,투자자의 예수증권 등_기타,0,국내증권사,B,SF205,각주항목(09.06월 이후)
16378,201706,0010099,메리츠증권(주),C,파생상품계약,124990545528511,국내증권사,B,SF205,각주항목(09.06월 이후)
16379,201706,0010099,메리츠증권(주),C1,파생상품계약_장내파생상품,7961264978004,국내증권사,B,SF205,각주항목(09.06월 이후)
16380,201706,0010099,메리츠증권(주),C11,파생상품계약_장내파생상품_이자율관련거래,1449502883678,국내증권사,B,SF205,각주항목(09.06월 이후)
16381,201706,0010099,메리츠증권(주),C12,파생상품계약_장내파생상품_통화관련거래,47240032531,국내증권사,B,SF205,각주항목(09.06월 이후)
16382,201706,0010099,메리츠증권(주),C13,파생상품계약_장내파생상품_주식관련거래,5540710030078,국내증권사,B,SF205,각주항목(09.06월 이후)
16383,201706,0010099,메리츠증권(주),C14,파생상품계약_장내파생상품_일반상품관련거래,923812031717,국내증권사,B,SF205,각주항목(09.06월 이후)
16384,201706,0010099,메리츠증권(주),C15,파생상품계약_장내파생상품_기타,0,국내증권사,B,SF205,각주항목(09.06월 이후)
16385,201706,0010099,메리츠증권(주),C2,파생상품계약_장외파생상품,117029280550507,국내증권사,B,SF205,각주항목(09.06월 이후)
16386,201706,0010099,메리츠증권(주),C21,파생상품계약_장외파생상품_이자율관련거래,115986577760000,국내증권사,B,SF205,각주항목(09.06월 이후)
16387,201706,0010099,메리츠증권(주),C22,파생상품계약_장외파생상품_통화관련거래,450270060045,국내증권사,B,SF205,각주항목(09.06월 이후)
16388,201706,0010099,메리츠증권(주),C23,파생상품계약_장외파생상품_주식관련거래,125108766022,국내증권사,B,SF205,각주항목(09.06월 이후)
16389,201706,0010099,메리츠증권(주),C24,파생상품계약_장외파생상품_신용관련거래,40000000000,국내증권사,B,SF205,각주항목(09.06월 이후)
16390,201706,0010099,메리츠증권(주),C25,파생상품계약_장외파생상품_기타,427323964440,국내증권사,B,SF205,각주항목(09.06월 이후)
16391,201706,0010099,메리츠증권(주),D,대차 및 대주거래,852354634821,국내증권사,B,SF205,각주항목(09.06월 이후)
16392,201706,0010099,메리츠증권(주),D1,대차 및 대주거래_대여증권,59213025575,국내증권사,B,SF205,각주항목(09.06월 이후)
16393,201706,0010099,메리츠증권(주),D2,대차 및 대주거래_차입증권,793141609246,국내증권사,B,SF205,각주항목(09.06월 이후)
16394,201706,0010099,메리츠증권(주),D3,대차 및 대주거래_신용거래대주,0,국내증권사,B,SF205,각주항목(09.06월 이후)
16395,201706,0010099,메리츠증권(주),E,대손상각채권,97435596312,국내증권사,B,SF205,각주항목(09.06월 이후)
16396,201706,0010099,메리츠증권(주),F,환전업무 예치금,0,국내증권사,B,SF205,각주항목(09.06월 이후)
16397,201706,0010099,메리츠증권(주),G,미배당별도예치금,0,국내증권사,B,SF205,각주항목(09.06월 이후)
16398,201706,0010099,메리츠증권(주),H,배서어음매출(종금계정),50000000000,국내증권사,B,SF205,각주항목(09.06월 이후)
16399,201706,0010099,메리츠증권(주),H1,대출채권매매이익_담보부,0,국내증권사,B,SF205,각주항목(09.06월 이후)
16400,201706,0010099,메리츠증권(주),H2,대출채권매매이익_무담보부,50000000000,국내증권사,B,SF205,각주항목(09.06월 이후)
16401,201709,0010099,메리츠증권(주),A,채무보증,5094425082292,국내증권사,B,SF205,각주항목(09.06월 이후)
16402,201709,0010099,메리츠증권(주),A1,채무보증_지급보증,0,국내증권사,B,SF205,각주항목(09.06월 이후)
16403,201709,0010099,메리츠증권(주),A2,채무보증_매입보장약정,407900000000,국내증권사,B,SF205,각주항목(09.06월 이후)
16404,201709,0010099,메리츠증권(주),A3,채무보증_채무인수약정,0,국내증권사,B,SF205,각주항목(09.06월 이후)
16405,201709,0010099,메리츠증권(주),A5,채무보증_매입확약,4686525082292,국내증권사,B,SF205,각주항목(09.06월 이후)
16406,201709,0010099,메리츠증권(주),A6,채무보증_기타,0,국내증권사,B,SF205,각주항목(09.06월 이후)
16407,201709,0010099,메리츠증권(주),B,투자자의 예수증권 등,22527333693825,국내증권사,B,SF205,각주항목(09.06월 이후)
16408,201709,0010099,메리츠증권(주),B1,투자자의 예수증권 등_예수 증권,22527333693825,국내증권사,B,SF205,각주항목(09.06월 이후)
16409,201709,0010099,메리츠증권(주),B2,투자자의 예수증권 등_예수양도성예금증서,0,국내증권사,B,SF205,각주항목(09.06월 이후)
16410,201709,0010099,메리츠증권(주),B3,투자자의 예수증권 등_기타,0,국내증권사,B,SF205,각주항목(09.06월 이후)
16411,201709,0010099,메리츠증권(주),C,파생상품계약,128440585251494,국내증권사,B,SF205,각주항목(09.06월 이후)
16412,201709,0010099,메리츠증권(주),C1,파생상품계약_장내파생상품,5591642288179,국내증권사,B,SF205,각주항목(09.06월 이후)
16413,201709,0010099,메리츠증권(주),C11,파생상품계약_장내파생상품_이자율관련거래,2323106367081,국내증권사,B,SF205,각주항목(09.06월 이후)
16414,201709,0010099,메리츠증권(주),C12,파생상품계약_장내파생상품_통화관련거래,102219020266,국내증권사,B,SF205,각주항목(09.06월 이후)
16415,201709,0010099,메리츠증권(주),C13,파생상품계약_장내파생상품_주식관련거래,2280156712335,국내증권사,B,SF205,각주항목(09.06월 이후)
16416,201709,0010099,메리츠증권(주),C14,파생상품계약_장내파생상품_일반상품관련거래,886160188497,국내증권사,B,SF205,각주항목(09.06월 이후)
16417,201709,0010099,메리츠증권(주),C15,파생상품계약_장내파생상품_기타,0,국내증권사,B,SF205,각주항목(09.06월 이후)
16418,201709,0010099,메리츠증권(주),C2,파생상품계약_장외파생상품,122848942963315,국내증권사,B,SF205,각주항목(09.06월 이후)
16419,201709,0010099,메리츠증권(주),C21,파생상품계약_장외파생상품_이자율관련거래,122104857330000,국내증권사,B,SF205,각주항목(09.06월 이후)
16420,201709,0010099,메리츠증권(주),C22,파생상품계약_장외파생상품_통화관련거래,235867262196,국내증권사,B,SF205,각주항목(09.06월 이후)
16421,201709,0010099,메리츠증권(주),C23,파생상품계약_장외파생상품_주식관련거래,145799901919,국내증권사,B,SF205,각주항목(09.06월 이후)
16422,201709,0010099,메리츠증권(주),C24,파생상품계약_장외파생상품_신용관련거래,25000000000,국내증권사,B,SF205,각주항목(09.06월 이후)
16423,201709,0010099,메리츠증권(주),C25,파생상품계약_장외파생상품_기타,337418469200,국내증권사,B,SF205,각주항목(09.06월 이후)
16424,201709,0010099,메리츠증권(주),D,대차 및 대주거래,419158938337,국내증권사,B,SF205,각주항목(09.06월 이후)
16425,201709,0010099,메리츠증권(주),D1,대차 및 대주거래_대여증권,47015275845,국내증권사,B,SF205,각주항목(09.06월 이후)
16426,201709,0010099,메리츠증권(주),D2,대차 및 대주거래_차입증권,372143662492,국내증권사,B,SF205,각주항목(09.06월 이후)
16427,201709,0010099,메리츠증권(주),D3,대차 및 대주거래_신용거래대주,0,국내증권사,B,SF205,각주항목(09.06월 이후)
16428,201709,0010099,메리츠증권(주),E,대손상각채권,97395467287,국내증권사,B,SF205,각주항목(09.06월 이후)
16429,201709,0010099,메리츠증권(주),F,환전업무 예치금,0,국내증권사,B,SF205,각주항목(09.06월 이후)
16430,201709,0010099,메리츠증권(주),G,미배당별도예치금,0,국내증권사,B,SF205,각주항목(09.06월 이후)
16431,201709,0010099,메리츠증권(주),H,배서어음매출(종금계정),10000000000,국내증권사,B,SF205,각주항목(09.06월 이후)
16432,201709,0010099,메리츠증권(주),H1,대출채권매매이익_담보부,0,국내증권사,B,SF205,각주항목(09.06월 이후)
16433,201709,0010099,메리츠증권(주),H2,대출채권매매이익_무담보부,10000000000,국내증권사,B,SF205,각주항목(09.06월 이후)
16434,201712,0010099,메리츠증권(주),A,채무보증,4737919559029,국내증권사,B,SF205,각주항목(09.06월 이후)
16435,201712,0010099,메리츠증권(주),A1,채무보증_지급보증,0,국내증권사,B,SF205,각주항목(09.06월 이후)
16436,201712,0010099,메리츠증권(주),A2,채무보증_매입보장약정,400000000000,국내증권사,B,SF205,각주항목(09.06월 이후)
16437,201712,0010099,메리츠증권(주),A3,채무보증_채무인수약정,0,국내증권사,B,SF205,각주항목(09.06월 이후)
16438,201712,0010099,메리츠증권(주),A5,채무보증_매입확약,4337919559029,국내증권사,B,SF205,각주항목(09.06월 이후)
16439,201712,0010099,메리츠증권(주),A6,채무보증_기타,0,국내증권사,B,SF205,각주항목(09.06월 이후)
16440,201712,0010099,메리츠증권(주),B,투자자의 예수증권 등,22483356388856,국내증권사,B,SF205,각주항목(09.06월 이후)
16441,201712,0010099,메리츠증권(주),B1,투자자의 예수증권 등_예수 증권,22483356388856,국내증권사,B,SF205,각주항목(09.06월 이후)
16442,201712,0010099,메리츠증권(주),B2,투자자의 예수증권 등_예수양도성예금증서,0,국내증권사,B,SF205,각주항목(09.06월 이후)
16443,201712,0010099,메리츠증권(주),B3,투자자의 예수증권 등_기타,0,국내증권사,B,SF205,각주항목(09.06월 이후)
16444,201712,0010099,메리츠증권(주),C,파생상품계약,138081987013379,국내증권사,B,SF205,각주항목(09.06월 이후)
16445,201712,0010099,메리츠증권(주),C1,파생상품계약_장내파생상품,3970036863488,국내증권사,B,SF205,각주항목(09.06월 이후)
16446,201712,0010099,메리츠증권(주),C11,파생상품계약_장내파생상품_이자율관련거래,1370075351017,국내증권사,B,SF205,각주항목(09.06월 이후)
16447,201712,0010099,메리츠증권(주),C12,파생상품계약_장내파생상품_통화관련거래,37285997428,국내증권사,B,SF205,각주항목(09.06월 이후)
16448,201712,0010099,메리츠증권(주),C13,파생상품계약_장내파생상품_주식관련거래,2276600739399,국내증권사,B,SF205,각주항목(09.06월 이후)
16449,201712,0010099,메리츠증권(주),C14,파생상품계약_장내파생상품_일반상품관련거래,286074775644,국내증권사,B,SF205,각주항목(09.06월 이후)
16450,201712,0010099,메리츠증권(주),C15,파생상품계약_장내파생상품_기타,0,국내증권사,B,SF205,각주항목(09.06월 이후)
16451,201712,0010099,메리츠증권(주),C2,파생상품계약_장외파생상품,134111950149891,국내증권사,B,SF205,각주항목(09.06월 이후)
16452,201712,0010099,메리츠증권(주),C21,파생상품계약_장외파생상품_이자율관련거래,132940578980000,국내증권사,B,SF205,각주항목(09.06월 이후)
16453,201712,0010099,메리츠증권(주),C22,파생상품계약_장외파생상품_통화관련거래,653332078795,국내증권사,B,SF205,각주항목(09.06월 이후)
16454,201712,0010099,메리츠증권(주),C23,파생상품계약_장외파생상품_주식관련거래,143009474396,국내증권사,B,SF205,각주항목(09.06월 이후)
16455,201712,0010099,메리츠증권(주),C24,파생상품계약_장외파생상품_신용관련거래,25000000000,국내증권사,B,SF205,각주항목(09.06월 이후)
16456,201712,0010099,메리츠증권(주),C25,파생상품계약_장외파생상품_기타,350029616700,국내증권사,B,SF205,각주항목(09.06월 이후)
16457,201712,0010099,메리츠증권(주),D,대차 및 대주거래,383381297772,국내증권사,B,SF205,각주항목(09.06월 이후)
16458,201712,0010099,메리츠증권(주),D1,대차 및 대주거래_대여증권,47745909420,국내증권사,B,SF205,각주항목(09.06월 이후)
16459,201712,0010099,메리츠증권(주),D2,대차 및 대주거래_차입증권,335635388352,국내증권사,B,SF205,각주항목(09.06월 이후)
16460,201712,0010099,메리츠증권(주),D3,대차 및 대주거래_신용거래대주,0,국내증권사,B,SF205,각주항목(09.06월 이후)
16461,201712,0010099,메리츠증권(주),E,대손상각채권,98421591439,국내증권사,B,SF205,각주항목(09.06월 이후)
16462,201712,0010099,메리츠증권(주),F,환전업무 예치금,0,국내증권사,B,SF205,각주항목(09.06월 이후)
16463,201712,0010099,메리츠증권(주),G,미배당별도예치금,0,국내증권사,B,SF205,각주항목(09.06월 이후)
16464,201712,0010099,메리츠증권(주),H,배서어음매출(종금계정),0,국내증권사,B,SF205,각주항목(09.06월 이후)
16465,201712,0010099,메리츠증권(주),H1,대출채권매매이익_담보부,0,국내증권사,B,SF205,각주항목(09.06월 이후)
16466,201712,0010099,메리츠증권(주),H2,대출채권매매이익_무담보부,0,국내증권사,B,SF205,각주항목(09.06월 이후)
16467,201803,0010099,메리츠증권(주),A,채무보증,4646269800806,국내증권사,B,SF205,각주항목(09.06월 이후)
16468,201803,0010099,메리츠증권(주),A1,채무보증_지급보증,0,국내증권사,B,SF205,각주항목(09.06월 이후)
16469,201803,0010099,메리츠증권(주),A2,채무보증_매입보장약정,396100000000,국내증권사,B,SF205,각주항목(09.06월 이후)
16470,201803,0010099,메리츠증권(주),A3,채무보증_채무인수약정,0,국내증권사,B,SF205,각주항목(09.06월 이후)
16471,201803,0010099,메리츠증권(주),A5,채무보증_매입확약,4250169800806,국내증권사,B,SF205,각주항목(09.06월 이후)
16472,201803,0010099,메리츠증권(주),A6,채무보증_기타,0,국내증권사,B,SF205,각주항목(09.06월 이후)
16473,201803,0010099,메리츠증권(주),B,투자자의 예수증권 등,23081711104391,국내증권사,B,SF205,각주항목(09.06월 이후)
16474,201803,0010099,메리츠증권(주),B1,투자자의 예수증권 등_예수 증권,23081711104391,국내증권사,B,SF205,각주항목(09.06월 이후)
16475,201803,0010099,메리츠증권(주),B2,투자자의 예수증권 등_예수양도성예금증서,0,국내증권사,B,SF205,각주항목(09.06월 이후)
16476,201803,0010099,메리츠증권(주),B3,투자자의 예수증권 등_기타,0,국내증권사,B,SF205,각주항목(09.06월 이후)
16477,201803,0010099,메리츠증권(주),C,파생상품계약,148595746697542,국내증권사,B,SF205,각주항목(09.06월 이후)
16478,201803,0010099,메리츠증권(주),C1,파생상품계약_장내파생상품,4344850884598,국내증권사,B,SF205,각주항목(09.06월 이후)
16479,201803,0010099,메리츠증권(주),C11,파생상품계약_장내파생상품_이자율관련거래,1651470902985,국내증권사,B,SF205,각주항목(09.06월 이후)
16480,201803,0010099,메리츠증권(주),C12,파생상품계약_장내파생상품_통화관련거래,50602063913,국내증권사,B,SF205,각주항목(09.06월 이후)
16481,201803,0010099,메리츠증권(주),C13,파생상품계약_장내파생상품_주식관련거래,2642083449340,국내증권사,B,SF205,각주항목(09.06월 이후)
16482,201803,0010099,메리츠증권(주),C14,파생상품계약_장내파생상품_일반상품관련거래,694468360,국내증권사,B,SF205,각주항목(09.06월 이후)
16483,201803,0010099,메리츠증권(주),C15,파생상품계약_장내파생상품_기타,0,국내증권사,B,SF205,각주항목(09.06월 이후)
16484,201803,0010099,메리츠증권(주),C2,파생상품계약_장외파생상품,144250895812944,국내증권사,B,SF205,각주항목(09.06월 이후)
16485,201803,0010099,메리츠증권(주),C21,파생상품계약_장외파생상품_이자율관련거래,142595048181873,국내증권사,B,SF205,각주항목(09.06월 이후)
16486,201803,0010099,메리츠증권(주),C22,파생상품계약_장외파생상품_통화관련거래,721391604045,국내증권사,B,SF205,각주항목(09.06월 이후)
16487,201803,0010099,메리츠증권(주),C23,파생상품계약_장외파생상품_주식관련거래,129311092326,국내증권사,B,SF205,각주항목(09.06월 이후)
16488,201803,0010099,메리츠증권(주),C24,파생상품계약_장외파생상품_신용관련거래,150000000000,국내증권사,B,SF205,각주항목(09.06월 이후)
16489,201803,0010099,메리츠증권(주),C25,파생상품계약_장외파생상품_기타,655144934700,국내증권사,B,SF205,각주항목(09.06월 이후)
16490,201803,0010099,메리츠증권(주),D,대차 및 대주거래,741270382458,국내증권사,B,SF205,각주항목(09.06월 이후)
16491,201803,0010099,메리츠증권(주),D1,대차 및 대주거래_대여증권,191581203405,국내증권사,B,SF205,각주항목(09.06월 이후)
16492,201803,0010099,메리츠증권(주),D2,대차 및 대주거래_차입증권,549689179053,국내증권사,B,SF205,각주항목(09.06월 이후)
16493,201803,0010099,메리츠증권(주),D3,대차 및 대주거래_신용거래대주,0,국내증권사,B,SF205,각주항목(09.06월 이후)
16494,201803,0010099,메리츠증권(주),E,대손상각채권,98394997485,국내증권사,B,SF205,각주항목(09.06월 이후)
16495,201803,0010099,메리츠증권(주),F,환전업무 예치금,0,국내증권사,B,SF205,각주항목(09.06월 이후)
16496,201803,0010099,메리츠증권(주),G,미배당별도예치금,0,국내증권사,B,SF205,각주항목(09.06월 이후)
16497,201803,0010099,메리츠증권(주),H,배서어음매출(종금계정),0,국내증권사,B,SF205,각주항목(09.06월 이후)
16498,201803,0010099,메리츠증권(주),H1,대출채권매매이익_담보부,0,국내증권사,B,SF205,각주항목(09.06월 이후)
16499,201803,0010099,메리츠증권(주),H2,대출채권매매이익_무담보부,0,국내증권사,B,SF205,각주항목(09.06월 이후)
16500,201806,0010099,메리츠증권(주),A,채무보증,5481968338834,국내증권사,B,SF205,각주항목(09.06월 이후)
16501,201806,0010099,메리츠증권(주),A1,채무보증_지급보증,0,국내증권사,B,SF205,각주항목(09.06월 이후)
16502,201806,0010099,메리츠증권(주),A2,채무보증_매입보장약정,374200000000,국내증권사,B,SF205,각주항목(09.06월 이후)
16503,201806,0010099,메리츠증권(주),A3,채무보증_채무인수약정,0,국내증권사,B,SF205,각주항목(09.06월 이후)
16504,201806,0010099,메리츠증권(주),A5,채무보증_매입확약,5107768338834,국내증권사,B,SF205,각주항목(09.06월 이후)
16505,201806,0010099,메리츠증권(주),A6,채무보증_기타,0,국내증권사,B,SF205,각주항목(09.06월 이후)
16506,201806,0010099,메리츠증권(주),B,투자자의 예수증권 등,23047606075412,국내증권사,B,SF205,각주항목(09.06월 이후)
16507,201806,0010099,메리츠증권(주),B1,투자자의 예수증권 등_예수 증권,23047606075412,국내증권사,B,SF205,각주항목(09.06월 이후)
16508,201806,0010099,메리츠증권(주),B2,투자자의 예수증권 등_예수양도성예금증서,0,국내증권사,B,SF205,각주항목(09.06월 이후)
16509,201806,0010099,메리츠증권(주),B3,투자자의 예수증권 등_기타,0,국내증권사,B,SF205,각주항목(09.06월 이후)
16510,201806,0010099,메리츠증권(주),C,파생상품계약,173488643574698,국내증권사,B,SF205,각주항목(09.06월 이후)
16511,201806,0010099,메리츠증권(주),C1,파생상품계약_장내파생상품,18180406467800,국내증권사,B,SF205,각주항목(09.06월 이후)
16512,201806,0010099,메리츠증권(주),C11,파생상품계약_장내파생상품_이자율관련거래,2340342129650,국내증권사,B,SF205,각주항목(09.06월 이후)
16513,201806,0010099,메리츠증권(주),C12,파생상품계약_장내파생상품_통화관련거래,58055249950,국내증권사,B,SF205,각주항목(09.06월 이후)
16514,201806,0010099,메리츠증권(주),C13,파생상품계약_장내파생상품_주식관련거래,15779345218955,국내증권사,B,SF205,각주항목(09.06월 이후)
16515,201806,0010099,메리츠증권(주),C14,파생상품계약_장내파생상품_일반상품관련거래,2663869245,국내증권사,B,SF205,각주항목(09.06월 이후)
16516,201806,0010099,메리츠증권(주),C15,파생상품계약_장내파생상품_기타,0,국내증권사,B,SF205,각주항목(09.06월 이후)
16517,201806,0010099,메리츠증권(주),C2,파생상품계약_장외파생상품,155308237106898,국내증권사,B,SF205,각주항목(09.06월 이후)
16518,201806,0010099,메리츠증권(주),C21,파생상품계약_장외파생상품_이자율관련거래,150829974959972,국내증권사,B,SF205,각주항목(09.06월 이후)
16519,201806,0010099,메리츠증권(주),C22,파생상품계약_장외파생상품_통화관련거래,1817142025016,국내증권사,B,SF205,각주항목(09.06월 이후)
16520,201806,0010099,메리츠증권(주),C23,파생상품계약_장외파생상품_주식관련거래,138409687474,국내증권사,B,SF205,각주항목(09.06월 이후)
16521,201806,0010099,메리츠증권(주),C24,파생상품계약_장외파생상품_신용관련거래,150000000000,국내증권사,B,SF205,각주항목(09.06월 이후)
16522,201806,0010099,메리츠증권(주),C25,파생상품계약_장외파생상품_기타,2372710434436,국내증권사,B,SF205,각주항목(09.06월 이후)
16523,201806,0010099,메리츠증권(주),D,대차 및 대주거래,1843231813917,국내증권사,B,SF205,각주항목(09.06월 이후)
16524,201806,0010099,메리츠증권(주),D1,대차 및 대주거래_대여증권,185197049677,국내증권사,B,SF205,각주항목(09.06월 이후)
16525,201806,0010099,메리츠증권(주),D2,대차 및 대주거래_차입증권,1658034764240,국내증권사,B,SF205,각주항목(09.06월 이후)
16526,201806,0010099,메리츠증권(주),D3,대차 및 대주거래_신용거래대주,0,국내증권사,B,SF205,각주항목(09.06월 이후)
16527,201806,0010099,메리츠증권(주),E,대손상각채권,98129061319,국내증권사,B,SF205,각주항목(09.06월 이후)
16528,201806,0010099,메리츠증권(주),F,환전업무 예치금,0,국내증권사,B,SF205,각주항목(09.06월 이후)
16529,201806,0010099,메리츠증권(주),G,미배당별도예치금,0,국내증권사,B,SF205,각주항목(09.06월 이후)
16530,201806,0010099,메리츠증권(주),H,배서어음매출(종금계정),0,국내증권사,B,SF205,각주항목(09.06월 이후)
16531,201806,0010099,메리츠증권(주),H1,대출채권매매이익_담보부,0,국내증권사,B,SF205,각주항목(09.06월 이후)
16532,201806,0010099,메리츠증권(주),H2,대출채권매매이익_무담보부,0,국내증권사,B,SF205,각주항목(09.06월 이후)
16533,201809,0010099,메리츠증권(주),A,채무보증,6085885074313,국내증권사,B,SF205,각주항목(09.06월 이후)
16534,201809,0010099,메리츠증권(주),A1,채무보증_지급보증,0,국내증권사,B,SF205,각주항목(09.06월 이후)
16535,201809,0010099,메리츠증권(주),A2,채무보증_매입보장약정,437700000000,국내증권사,B,SF205,각주항목(09.06월 이후)
16536,201809,0010099,메리츠증권(주),A3,채무보증_채무인수약정,0,국내증권사,B,SF205,각주항목(09.06월 이후)
16537,201809,0010099,메리츠증권(주),A5,채무보증_매입확약,5648185074313,국내증권사,B,SF205,각주항목(09.06월 이후)
16538,201809,0010099,메리츠증권(주),A6,채무보증_기타,0,국내증권사,B,SF205,각주항목(09.06월 이후)
16539,201809,0010099,메리츠증권(주),B,투자자의 예수증권 등,22951088539589,국내증권사,B,SF205,각주항목(09.06월 이후)
16540,201809,0010099,메리츠증권(주),B1,투자자의 예수증권 등_예수 증권,22951088539589,국내증권사,B,SF205,각주항목(09.06월 이후)
16541,201809,0010099,메리츠증권(주),B2,투자자의 예수증권 등_예수양도성예금증서,0,국내증권사,B,SF205,각주항목(09.06월 이후)
16542,201809,0010099,메리츠증권(주),B3,투자자의 예수증권 등_기타,0,국내증권사,B,SF205,각주항목(09.06월 이후)
16543,201809,0010099,메리츠증권(주),C,파생상품계약,187991524456700,국내증권사,B,SF205,각주항목(09.06월 이후)
16544,201809,0010099,메리츠증권(주),C1,파생상품계약_장내파생상품,12638816492772,국내증권사,B,SF205,각주항목(09.06월 이후)
16545,201809,0010099,메리츠증권(주),C11,파생상품계약_장내파생상품_이자율관련거래,3417897146964,국내증권사,B,SF205,각주항목(09.06월 이후)
16546,201809,0010099,메리츠증권(주),C12,파생상품계약_장내파생상품_통화관련거래,163772228345,국내증권사,B,SF205,각주항목(09.06월 이후)
16547,201809,0010099,메리츠증권(주),C13,파생상품계약_장내파생상품_주식관련거래,9050109178693,국내증권사,B,SF205,각주항목(09.06월 이후)
16548,201809,0010099,메리츠증권(주),C14,파생상품계약_장내파생상품_일반상품관련거래,7037938770,국내증권사,B,SF205,각주항목(09.06월 이후)
16549,201809,0010099,메리츠증권(주),C15,파생상품계약_장내파생상품_기타,0,국내증권사,B,SF205,각주항목(09.06월 이후)
16550,201809,0010099,메리츠증권(주),C2,파생상품계약_장외파생상품,175352707963928,국내증권사,B,SF205,각주항목(09.06월 이후)
16551,201809,0010099,메리츠증권(주),C21,파생상품계약_장외파생상품_이자율관련거래,169548427097470,국내증권사,B,SF205,각주항목(09.06월 이후)
16552,201809,0010099,메리츠증권(주),C22,파생상품계약_장외파생상품_통화관련거래,2628896709653,국내증권사,B,SF205,각주항목(09.06월 이후)
16553,201809,0010099,메리츠증권(주),C23,파생상품계약_장외파생상품_주식관련거래,148475098861,국내증권사,B,SF205,각주항목(09.06월 이후)
16554,201809,0010099,메리츠증권(주),C24,파생상품계약_장외파생상품_신용관련거래,25000000000,국내증권사,B,SF205,각주항목(09.06월 이후)
16555,201809,0010099,메리츠증권(주),C25,파생상품계약_장외파생상품_기타,3001909057944,국내증권사,B,SF205,각주항목(09.06월 이후)
16556,201809,0010099,메리츠증권(주),D,대차 및 대주거래,1519010852984,국내증권사,B,SF205,각주항목(09.06월 이후)
16557,201809,0010099,메리츠증권(주),D1,대차 및 대주거래_대여증권,268751744377,국내증권사,B,SF205,각주항목(09.06월 이후)
16558,201809,0010099,메리츠증권(주),D2,대차 및 대주거래_차입증권,1250259108607,국내증권사,B,SF205,각주항목(09.06월 이후)
16559,201809,0010099,메리츠증권(주),D3,대차 및 대주거래_신용거래대주,0,국내증권사,B,SF205,각주항목(09.06월 이후)
16560,201809,0010099,메리츠증권(주),E,대손상각채권,98129061319,국내증권사,B,SF205,각주항목(09.06월 이후)
16561,201809,0010099,메리츠증권(주),F,환전업무 예치금,0,국내증권사,B,SF205,각주항목(09.06월 이후)
16562,201809,0010099,메리츠증권(주),G,미배당별도예치금,0,국내증권사,B,SF205,각주항목(09.06월 이후)
16563,201809,0010099,메리츠증권(주),H,배서어음매출(종금계정),0,국내증권사,B,SF205,각주항목(09.06월 이후)
16564,201809,0010099,메리츠증권(주),H1,대출채권매매이익_담보부,0,국내증권사,B,SF205,각주항목(09.06월 이후)
16565,201809,0010099,메리츠증권(주),H2,대출채권매매이익_무담보부,0,국내증권사,B,SF205,각주항목(09.06월 이후)
16566,201812,0010099,메리츠증권(주),A,채무보증,6573012948698,국내증권사,B,SF205,각주항목(09.06월 이후)
16567,201812,0010099,메리츠증권(주),A1,채무보증_지급보증,0,국내증권사,B,SF205,각주항목(09.06월 이후)
16568,201812,0010099,메리츠증권(주),A2,채무보증_매입보장약정,427800000000,국내증권사,B,SF205,각주항목(09.06월 이후)
16569,201812,0010099,메리츠증권(주),A3,채무보증_채무인수약정, ,국내증권사,B,SF205,각주항목(09.06월 이후)
16570,201812,0010099,메리츠증권(주),A5,채무보증_매입확약,6145212948698,국내증권사,B,SF205,각주항목(09.06월 이후)
16571,201812,0010099,메리츠증권(주),A6,채무보증_기타, ,국내증권사,B,SF205,각주항목(09.06월 이후)
16572,201812,0010099,메리츠증권(주),B,투자자의 예수증권 등,21800704632435,국내증권사,B,SF205,각주항목(09.06월 이후)
16573,201812,0010099,메리츠증권(주),B1,투자자의 예수증권 등_예수 증권,21800704632435,국내증권사,B,SF205,각주항목(09.06월 이후)
16574,201812,0010099,메리츠증권(주),B2,투자자의 예수증권 등_예수양도성예금증서, ,국내증권사,B,SF205,각주항목(09.06월 이후)
16575,201812,0010099,메리츠증권(주),B3,투자자의 예수증권 등_기타, ,국내증권사,B,SF205,각주항목(09.06월 이후)
16576,201812,0010099,메리츠증권(주),C,파생상품계약,198970012810022,국내증권사,B,SF205,각주항목(09.06월 이후)
16577,201812,0010099,메리츠증권(주),C1,파생상품계약_장내파생상품,11790657842860,국내증권사,B,SF205,각주항목(09.06월 이후)
16578,201812,0010099,메리츠증권(주),C11,파생상품계약_장내파생상품_이자율관련거래,4147898395234,국내증권사,B,SF205,각주항목(09.06월 이후)
16579,201812,0010099,메리츠증권(주),C12,파생상품계약_장내파생상품_통화관련거래,82331796029,국내증권사,B,SF205,각주항목(09.06월 이후)
16580,201812,0010099,메리츠증권(주),C13,파생상품계약_장내파생상품_주식관련거래,7558908422041,국내증권사,B,SF205,각주항목(09.06월 이후)
16581,201812,0010099,메리츠증권(주),C14,파생상품계약_장내파생상품_일반상품관련거래,1519229556,국내증권사,B,SF205,각주항목(09.06월 이후)
16582,201812,0010099,메리츠증권(주),C15,파생상품계약_장내파생상품_기타,0,국내증권사,B,SF205,각주항목(09.06월 이후)
16583,201812,0010099,메리츠증권(주),C2,파생상품계약_장외파생상품,187179354967162,국내증권사,B,SF205,각주항목(09.06월 이후)
16584,201812,0010099,메리츠증권(주),C21,파생상품계약_장외파생상품_이자율관련거래,180405430456623,국내증권사,B,SF205,각주항목(09.06월 이후)
16585,201812,0010099,메리츠증권(주),C22,파생상품계약_장외파생상품_통화관련거래,3287130957798,국내증권사,B,SF205,각주항목(09.06월 이후)
16586,201812,0010099,메리츠증권(주),C23,파생상품계약_장외파생상품_주식관련거래,130176350011,국내증권사,B,SF205,각주항목(09.06월 이후)
16587,201812,0010099,메리츠증권(주),C24,파생상품계약_장외파생상품_신용관련거래,25000000000,국내증권사,B,SF205,각주항목(09.06월 이후)
16588,201812,0010099,메리츠증권(주),C25,파생상품계약_장외파생상품_기타,3331617202730,국내증권사,B,SF205,각주항목(09.06월 이후)
16589,201812,0010099,메리츠증권(주),D,대차 및 대주거래,1647714947304,국내증권사,B,SF205,각주항목(09.06월 이후)
16590,201812,0010099,메리츠증권(주),D1,대차 및 대주거래_대여증권,322187013462,국내증권사,B,SF205,각주항목(09.06월 이후)
16591,201812,0010099,메리츠증권(주),D2,대차 및 대주거래_차입증권,1325527933842,국내증권사,B,SF205,각주항목(09.06월 이후)
16592,201812,0010099,메리츠증권(주),D3,대차 및 대주거래_신용거래대주, ,국내증권사,B,SF205,각주항목(09.06월 이후)
16593,201812,0010099,메리츠증권(주),E,대손상각채권,98076034034,국내증권사,B,SF205,각주항목(09.06월 이후)
16594,201812,0010099,메리츠증권(주),F,환전업무 예치금,0,국내증권사,B,SF205,각주항목(09.06월 이후)
16595,201812,0010099,메리츠증권(주),G,미배당별도예치금, ,국내증권사,B,SF205,각주항목(09.06월 이후)
16596,201812,0010099,메리츠증권(주),H,배서어음매출(종금계정),0,국내증권사,B,SF205,각주항목(09.06월 이후)
16597,201812,0010099,메리츠증권(주),H1,대출채권매매이익_담보부, ,국내증권사,B,SF205,각주항목(09.06월 이후)
16598,201812,0010099,메리츠증권(주),H2,대출채권매매이익_무담보부, ,국내증권사,B,SF205,각주항목(09.06월 이후)
16599,201903,0010099,메리츠증권(주),A,채무보증,7147178248601,국내증권사,B,SF205,각주항목(09.06월 이후)
16600,201903,0010099,메리츠증권(주),A1,채무보증_지급보증,0,국내증권사,B,SF205,각주항목(09.06월 이후)
16601,201903,0010099,메리츠증권(주),A2,채무보증_매입보장약정,411400000000,국내증권사,B,SF205,각주항목(09.06월 이후)
16602,201903,0010099,메리츠증권(주),A3,채무보증_채무인수약정,0,국내증권사,B,SF205,각주항목(09.06월 이후)
16603,201903,0010099,메리츠증권(주),A5,채무보증_매입확약,6735778248601,국내증권사,B,SF205,각주항목(09.06월 이후)
16604,201903,0010099,메리츠증권(주),A6,채무보증_기타,0,국내증권사,B,SF205,각주항목(09.06월 이후)
16605,201903,0010099,메리츠증권(주),B,투자자의 예수증권 등,23695716211959,국내증권사,B,SF205,각주항목(09.06월 이후)
16606,201903,0010099,메리츠증권(주),B1,투자자의 예수증권 등_예수 증권,23695716211959,국내증권사,B,SF205,각주항목(09.06월 이후)
16607,201903,0010099,메리츠증권(주),B2,투자자의 예수증권 등_예수양도성예금증서,0,국내증권사,B,SF205,각주항목(09.06월 이후)
16608,201903,0010099,메리츠증권(주),B3,투자자의 예수증권 등_기타,0,국내증권사,B,SF205,각주항목(09.06월 이후)
16609,201903,0010099,메리츠증권(주),C,파생상품계약,209695626366539,국내증권사,B,SF205,각주항목(09.06월 이후)
16610,201903,0010099,메리츠증권(주),C1,파생상품계약_장내파생상품,12102316871174,국내증권사,B,SF205,각주항목(09.06월 이후)
16611,201903,0010099,메리츠증권(주),C11,파생상품계약_장내파생상품_이자율관련거래,4829561449229,국내증권사,B,SF205,각주항목(09.06월 이후)
16612,201903,0010099,메리츠증권(주),C12,파생상품계약_장내파생상품_통화관련거래,171513290823,국내증권사,B,SF205,각주항목(09.06월 이후)
16613,201903,0010099,메리츠증권(주),C13,파생상품계약_장내파생상품_주식관련거래,7099867799569,국내증권사,B,SF205,각주항목(09.06월 이후)
16614,201903,0010099,메리츠증권(주),C14,파생상품계약_장내파생상품_일반상품관련거래,1374331553,국내증권사,B,SF205,각주항목(09.06월 이후)
16615,201903,0010099,메리츠증권(주),C15,파생상품계약_장내파생상품_기타,0,국내증권사,B,SF205,각주항목(09.06월 이후)
16616,201903,0010099,메리츠증권(주),C2,파생상품계약_장외파생상품,197593309495365,국내증권사,B,SF205,각주항목(09.06월 이후)
16617,201903,0010099,메리츠증권(주),C21,파생상품계약_장외파생상품_이자율관련거래,189349009137917,국내증권사,B,SF205,각주항목(09.06월 이후)
16618,201903,0010099,메리츠증권(주),C22,파생상품계약_장외파생상품_통화관련거래,4405016539102,국내증권사,B,SF205,각주항목(09.06월 이후)
16619,201903,0010099,메리츠증권(주),C23,파생상품계약_장외파생상품_주식관련거래,78036596871,국내증권사,B,SF205,각주항목(09.06월 이후)
16620,201903,0010099,메리츠증권(주),C24,파생상품계약_장외파생상품_신용관련거래,116024000000,국내증권사,B,SF205,각주항목(09.06월 이후)
16621,201903,0010099,메리츠증권(주),C25,파생상품계약_장외파생상품_기타,3645223221475,국내증권사,B,SF205,각주항목(09.06월 이후)
16622,201903,0010099,메리츠증권(주),D,대차 및 대주거래,1981348046658,국내증권사,B,SF205,각주항목(09.06월 이후)
16623,201903,0010099,메리츠증권(주),D1,대차 및 대주거래_대여증권,628063435957,국내증권사,B,SF205,각주항목(09.06월 이후)
16624,201903,0010099,메리츠증권(주),D2,대차 및 대주거래_차입증권,1353284610701,국내증권사,B,SF205,각주항목(09.06월 이후)
16625,201903,0010099,메리츠증권(주),D3,대차 및 대주거래_신용거래대주,0,국내증권사,B,SF205,각주항목(09.06월 이후)
16626,201903,0010099,메리츠증권(주),E,대손상각채권,98076034034,국내증권사,B,SF205,각주항목(09.06월 이후)
16627,201903,0010099,메리츠증권(주),F,환전업무 예치금,0,국내증권사,B,SF205,각주항목(09.06월 이후)
16628,201903,0010099,메리츠증권(주),G,미배당별도예치금,0,국내증권사,B,SF205,각주항목(09.06월 이후)
16629,201903,0010099,메리츠증권(주),H,배서어음매출(종금계정),0,국내증권사,B,SF205,각주항목(09.06월 이후)
16630,201903,0010099,메리츠증권(주),H1,대출채권매매이익_담보부,0,국내증권사,B,SF205,각주항목(09.06월 이후)
16631,201903,0010099,메리츠증권(주),H2,대출채권매매이익_무담보부,0,국내증권사,B,SF205,각주항목(09.06월 이후)
16632,201906,0010099,메리츠증권(주),A,채무보증,7650966311358,국내증권사,B,SF205,각주항목(09.06월 이후)
16633,201906,0010099,메리츠증권(주),A1,채무보증_지급보증,0,국내증권사,B,SF205,각주항목(09.06월 이후)
16634,201906,0010099,메리츠증권(주),A2,채무보증_매입보장약정,489400000000,국내증권사,B,SF205,각주항목(09.06월 이후)
16635,201906,0010099,메리츠증권(주),A3,채무보증_채무인수약정,0,국내증권사,B,SF205,각주항목(09.06월 이후)
16636,201906,0010099,메리츠증권(주),A5,채무보증_매입확약,7161566311358,국내증권사,B,SF205,각주항목(09.06월 이후)
16637,201906,0010099,메리츠증권(주),A6,채무보증_기타,0,국내증권사,B,SF205,각주항목(09.06월 이후)
16638,201906,0010099,메리츠증권(주),B,투자자의 예수증권 등,24494166072136,국내증권사,B,SF205,각주항목(09.06월 이후)
16639,201906,0010099,메리츠증권(주),B1,투자자의 예수증권 등_예수 증권,24494166072136,국내증권사,B,SF205,각주항목(09.06월 이후)
16640,201906,0010099,메리츠증권(주),B2,투자자의 예수증권 등_예수양도성예금증서,0,국내증권사,B,SF205,각주항목(09.06월 이후)
16641,201906,0010099,메리츠증권(주),B3,투자자의 예수증권 등_기타,0,국내증권사,B,SF205,각주항목(09.06월 이후)
16642,201906,0010099,메리츠증권(주),C,파생상품계약,224732852620735,국내증권사,B,SF205,각주항목(09.06월 이후)
16643,201906,0010099,메리츠증권(주),C1,파생상품계약_장내파생상품,10082576078702,국내증권사,B,SF205,각주항목(09.06월 이후)
16644,201906,0010099,메리츠증권(주),C11,파생상품계약_장내파생상품_이자율관련거래,4441395670232,국내증권사,B,SF205,각주항목(09.06월 이후)
16645,201906,0010099,메리츠증권(주),C12,파생상품계약_장내파생상품_통화관련거래,107753730868,국내증권사,B,SF205,각주항목(09.06월 이후)
16646,201906,0010099,메리츠증권(주),C13,파생상품계약_장내파생상품_주식관련거래,5526217586762,국내증권사,B,SF205,각주항목(09.06월 이후)
16647,201906,0010099,메리츠증권(주),C14,파생상품계약_장내파생상품_일반상품관련거래,7209090840,국내증권사,B,SF205,각주항목(09.06월 이후)
16648,201906,0010099,메리츠증권(주),C15,파생상품계약_장내파생상품_기타,0,국내증권사,B,SF205,각주항목(09.06월 이후)
16649,201906,0010099,메리츠증권(주),C2,파생상품계약_장외파생상품,214650276542033,국내증권사,B,SF205,각주항목(09.06월 이후)
16650,201906,0010099,메리츠증권(주),C21,파생상품계약_장외파생상품_이자율관련거래,202343989657254,국내증권사,B,SF205,각주항목(09.06월 이후)
16651,201906,0010099,메리츠증권(주),C22,파생상품계약_장외파생상품_통화관련거래,7728027343373,국내증권사,B,SF205,각주항목(09.06월 이후)
16652,201906,0010099,메리츠증권(주),C23,파생상품계약_장외파생상품_주식관련거래,70444801970,국내증권사,B,SF205,각주항목(09.06월 이후)
16653,201906,0010099,메리츠증권(주),C24,파생상품계약_장외파생상품_신용관련거래,148816000000,국내증권사,B,SF205,각주항목(09.06월 이후)
16654,201906,0010099,메리츠증권(주),C25,파생상품계약_장외파생상품_기타,4358998739436,국내증권사,B,SF205,각주항목(09.06월 이후)
16655,201906,0010099,메리츠증권(주),D,대차 및 대주거래,2288495515295,국내증권사,B,SF205,각주항목(09.06월 이후)
16656,201906,0010099,메리츠증권(주),D1,대차 및 대주거래_대여증권,594182384746,국내증권사,B,SF205,각주항목(09.06월 이후)
16657,201906,0010099,메리츠증권(주),D2,대차 및 대주거래_차입증권,1694313130549,국내증권사,B,SF205,각주항목(09.06월 이후)
16658,201906,0010099,메리츠증권(주),D3,대차 및 대주거래_신용거래대주,0,국내증권사,B,SF205,각주항목(09.06월 이후)
16659,201906,0010099,메리츠증권(주),E,대손상각채권,98076034034,국내증권사,B,SF205,각주항목(09.06월 이후)
16660,201906,0010099,메리츠증권(주),F,환전업무 예치금,0,국내증권사,B,SF205,각주항목(09.06월 이후)
16661,201906,0010099,메리츠증권(주),G,미배당별도예치금,0,국내증권사,B,SF205,각주항목(09.06월 이후)
16662,201906,0010099,메리츠증권(주),H,배서어음매출(종금계정),0,국내증권사,B,SF205,각주항목(09.06월 이후)
16663,201906,0010099,메리츠증권(주),H1,대출채권매매이익_담보부,0,국내증권사,B,SF205,각주항목(09.06월 이후)
16664,201906,0010099,메리츠증권(주),H2,대출채권매매이익_무담보부,0,국내증권사,B,SF205,각주항목(09.06월 이후)
16665,201909,0010099,메리츠증권(주),A,채무보증,8084760729498,국내증권사,B,SF205,각주항목(09.06월 이후)
16666,201909,0010099,메리츠증권(주),A1,채무보증_지급보증,0,국내증권사,B,SF205,각주항목(09.06월 이후)
16667,201909,0010099,메리츠증권(주),A2,채무보증_매입보장약정,449500000000,국내증권사,B,SF205,각주항목(09.06월 이후)
16668,201909,0010099,메리츠증권(주),A3,채무보증_채무인수약정,0,국내증권사,B,SF205,각주항목(09.06월 이후)
16669,201909,0010099,메리츠증권(주),A5,채무보증_매입확약,7635260729498,국내증권사,B,SF205,각주항목(09.06월 이후)
16670,201909,0010099,메리츠증권(주),A6,채무보증_기타,0,국내증권사,B,SF205,각주항목(09.06월 이후)
16671,201909,0010099,메리츠증권(주),B,투자자의 예수증권 등,22697936769213,국내증권사,B,SF205,각주항목(09.06월 이후)
16672,201909,0010099,메리츠증권(주),B1,투자자의 예수증권 등_예수 증권,22697936769213,국내증권사,B,SF205,각주항목(09.06월 이후)
16673,201909,0010099,메리츠증권(주),B2,투자자의 예수증권 등_예수양도성예금증서,0,국내증권사,B,SF205,각주항목(09.06월 이후)
16674,201909,0010099,메리츠증권(주),B3,투자자의 예수증권 등_기타,0,국내증권사,B,SF205,각주항목(09.06월 이후)
16675,201909,0010099,메리츠증권(주),C,파생상품계약,238979828818490,국내증권사,B,SF205,각주항목(09.06월 이후)
16676,201909,0010099,메리츠증권(주),C1,파생상품계약_장내파생상품,12324256861590,국내증권사,B,SF205,각주항목(09.06월 이후)
16677,201909,0010099,메리츠증권(주),C11,파생상품계약_장내파생상품_이자율관련거래,4834387083111,국내증권사,B,SF205,각주항목(09.06월 이후)
16678,201909,0010099,메리츠증권(주),C12,파생상품계약_장내파생상품_통화관련거래,197698557597,국내증권사,B,SF205,각주항목(09.06월 이후)
16679,201909,0010099,메리츠증권(주),C13,파생상품계약_장내파생상품_주식관련거래,7283113308083,국내증권사,B,SF205,각주항목(09.06월 이후)
16680,201909,0010099,메리츠증권(주),C14,파생상품계약_장내파생상품_일반상품관련거래,9057912799,국내증권사,B,SF205,각주항목(09.06월 이후)
16681,201909,0010099,메리츠증권(주),C15,파생상품계약_장내파생상품_기타,0,국내증권사,B,SF205,각주항목(09.06월 이후)
16682,201909,0010099,메리츠증권(주),C2,파생상품계약_장외파생상품,226655571956900,국내증권사,B,SF205,각주항목(09.06월 이후)
16683,201909,0010099,메리츠증권(주),C21,파생상품계약_장외파생상품_이자율관련거래,213282481200000,국내증권사,B,SF205,각주항목(09.06월 이후)
16684,201909,0010099,메리츠증권(주),C22,파생상품계약_장외파생상품_통화관련거래,8008526609943,국내증권사,B,SF205,각주항목(09.06월 이후)
16685,201909,0010099,메리츠증권(주),C23,파생상품계약_장외파생상품_주식관련거래,65990190156,국내증권사,B,SF205,각주항목(09.06월 이후)
16686,201909,0010099,메리츠증권(주),C24,파생상품계약_장외파생상품_신용관련거래,285260000000,국내증권사,B,SF205,각주항목(09.06월 이후)
16687,201909,0010099,메리츠증권(주),C25,파생상품계약_장외파생상품_기타,5013313956801,국내증권사,B,SF205,각주항목(09.06월 이후)
16688,201909,0010099,메리츠증권(주),D,대차 및 대주거래,2171647709781,국내증권사,B,SF205,각주항목(09.06월 이후)
16689,201909,0010099,메리츠증권(주),D1,대차 및 대주거래_대여증권,571619048974,국내증권사,B,SF205,각주항목(09.06월 이후)
16690,201909,0010099,메리츠증권(주),D2,대차 및 대주거래_차입증권,1600028660807,국내증권사,B,SF205,각주항목(09.06월 이후)
16691,201909,0010099,메리츠증권(주),D3,대차 및 대주거래_신용거래대주,0,국내증권사,B,SF205,각주항목(09.06월 이후)
16692,201909,0010099,메리츠증권(주),E,대손상각채권,98076034034,국내증권사,B,SF205,각주항목(09.06월 이후)
16693,201909,0010099,메리츠증권(주),F,환전업무 예치금,0,국내증권사,B,SF205,각주항목(09.06월 이후)
16694,201909,0010099,메리츠증권(주),G,미배당별도예치금,0,국내증권사,B,SF205,각주항목(09.06월 이후)
16695,201909,0010099,메리츠증권(주),H,배서어음매출(종금계정),0,국내증권사,B,SF205,각주항목(09.06월 이후)
16696,201909,0010099,메리츠증권(주),H1,대출채권매매이익_담보부,0,국내증권사,B,SF205,각주항목(09.06월 이후)
16697,201909,0010099,메리츠증권(주),H2,대출채권매매이익_무담보부,0,국내증권사,B,SF205,각주항목(09.06월 이후)
16698,201912,0010099,메리츠증권(주),A,채무보증,8532757857207,국내증권사,B,SF205,각주항목(09.06월 이후)
16699,201912,0010099,메리츠증권(주),A1,채무보증_지급보증,0,국내증권사,B,SF205,각주항목(09.06월 이후)
16700,201912,0010099,메리츠증권(주),A2,채무보증_매입보장약정,388612000000,국내증권사,B,SF205,각주항목(09.06월 이후)
16701,201912,0010099,메리츠증권(주),A3,채무보증_채무인수약정,0,국내증권사,B,SF205,각주항목(09.06월 이후)
16702,201912,0010099,메리츠증권(주),A5,채무보증_매입확약,8144145857207,국내증권사,B,SF205,각주항목(09.06월 이후)
16703,201912,0010099,메리츠증권(주),A6,채무보증_기타,0,국내증권사,B,SF205,각주항목(09.06월 이후)
16704,201912,0010099,메리츠증권(주),B,투자자의 예수증권 등,22140034850200,국내증권사,B,SF205,각주항목(09.06월 이후)
16705,201912,0010099,메리츠증권(주),B1,투자자의 예수증권 등_예수 증권,22140034850200,국내증권사,B,SF205,각주항목(09.06월 이후)
16706,201912,0010099,메리츠증권(주),B2,투자자의 예수증권 등_예수양도성예금증서,0,국내증권사,B,SF205,각주항목(09.06월 이후)
16707,201912,0010099,메리츠증권(주),B3,투자자의 예수증권 등_기타,0,국내증권사,B,SF205,각주항목(09.06월 이후)
16708,201912,0010099,메리츠증권(주),C,파생상품계약,237520251906735,국내증권사,B,SF205,각주항목(09.06월 이후)
16709,201912,0010099,메리츠증권(주),C1,파생상품계약_장내파생상품,8213432052749,국내증권사,B,SF205,각주항목(09.06월 이후)
16710,201912,0010099,메리츠증권(주),C11,파생상품계약_장내파생상품_이자율관련거래,2471859919766,국내증권사,B,SF205,각주항목(09.06월 이후)
16711,201912,0010099,메리츠증권(주),C12,파생상품계약_장내파생상품_통화관련거래,163467911888,국내증권사,B,SF205,각주항목(09.06월 이후)
16712,201912,0010099,메리츠증권(주),C13,파생상품계약_장내파생상품_주식관련거래,5571392812433,국내증권사,B,SF205,각주항목(09.06월 이후)
16713,201912,0010099,메리츠증권(주),C14,파생상품계약_장내파생상품_일반상품관련거래,6711408662,국내증권사,B,SF205,각주항목(09.06월 이후)
16714,201912,0010099,메리츠증권(주),C15,파생상품계약_장내파생상품_기타,0,국내증권사,B,SF205,각주항목(09.06월 이후)
16715,201912,0010099,메리츠증권(주),C2,파생상품계약_장외파생상품,229306819853986,국내증권사,B,SF205,각주항목(09.06월 이후)
16716,201912,0010099,메리츠증권(주),C21,파생상품계약_장외파생상품_이자율관련거래,216932156380000,국내증권사,B,SF205,각주항목(09.06월 이후)
16717,201912,0010099,메리츠증권(주),C22,파생상품계약_장외파생상품_통화관련거래,7089914139737,국내증권사,B,SF205,각주항목(09.06월 이후)
16718,201912,0010099,메리츠증권(주),C23,파생상품계약_장외파생상품_주식관련거래,84588042020,국내증권사,B,SF205,각주항목(09.06월 이후)
16719,201912,0010099,메리츠증권(주),C24,파생상품계약_장외파생상품_신용관련거래,266560000000,국내증권사,B,SF205,각주항목(09.06월 이후)
16720,201912,0010099,메리츠증권(주),C25,파생상품계약_장외파생상품_기타,4933601292229,국내증권사,B,SF205,각주항목(09.06월 이후)
16721,201912,0010099,메리츠증권(주),D,대차 및 대주거래,2582317121802,국내증권사,B,SF205,각주항목(09.06월 이후)
16722,201912,0010099,메리츠증권(주),D1,대차 및 대주거래_대여증권,902779101273,국내증권사,B,SF205,각주항목(09.06월 이후)
16723,201912,0010099,메리츠증권(주),D2,대차 및 대주거래_차입증권,1679538020529,국내증권사,B,SF205,각주항목(09.06월 이후)
16724,201912,0010099,메리츠증권(주),D3,대차 및 대주거래_신용거래대주,0,국내증권사,B,SF205,각주항목(09.06월 이후)
16725,201912,0010099,메리츠증권(주),E,대손상각채권,98076034034,국내증권사,B,SF205,각주항목(09.06월 이후)
16726,201912,0010099,메리츠증권(주),F,환전업무 예치금,0,국내증권사,B,SF205,각주항목(09.06월 이후)
16727,201912,0010099,메리츠증권(주),G,미배당별도예치금,0,국내증권사,B,SF205,각주항목(09.06월 이후)
16728,201912,0010099,메리츠증권(주),H,배서어음매출(종금계정),0,국내증권사,B,SF205,각주항목(09.06월 이후)
16729,201912,0010099,메리츠증권(주),H1,대출채권매매이익_담보부,0,국내증권사,B,SF205,각주항목(09.06월 이후)
16730,201912,0010099,메리츠증권(주),H2,대출채권매매이익_무담보부,0,국내증권사,B,SF205,각주항목(09.06월 이후)
16731,202003,0010099,메리츠증권(주),A,채무보증,8426429913630,국내증권사,B,SF205,각주항목(09.06월 이후)
16732,202003,0010099,메리츠증권(주),A1,채무보증_지급보증,0,국내증권사,B,SF205,각주항목(09.06월 이후)
16733,202003,0010099,메리츠증권(주),A2,채무보증_매입보장약정,379612000000,국내증권사,B,SF205,각주항목(09.06월 이후)
16734,202003,0010099,메리츠증권(주),A3,채무보증_채무인수약정,0,국내증권사,B,SF205,각주항목(09.06월 이후)
16735,202003,0010099,메리츠증권(주),A5,채무보증_매입확약,8046817913630,국내증권사,B,SF205,각주항목(09.06월 이후)
16736,202003,0010099,메리츠증권(주),A6,채무보증_기타,0,국내증권사,B,SF205,각주항목(09.06월 이후)
16737,202003,0010099,메리츠증권(주),B,투자자의 예수증권 등,19974369674566,국내증권사,B,SF205,각주항목(09.06월 이후)
16738,202003,0010099,메리츠증권(주),B1,투자자의 예수증권 등_예수 증권,19974369674566,국내증권사,B,SF205,각주항목(09.06월 이후)
16739,202003,0010099,메리츠증권(주),B2,투자자의 예수증권 등_예수양도성예금증서,0,국내증권사,B,SF205,각주항목(09.06월 이후)
16740,202003,0010099,메리츠증권(주),B3,투자자의 예수증권 등_기타,0,국내증권사,B,SF205,각주항목(09.06월 이후)
16741,202003,0010099,메리츠증권(주),C,파생상품계약,254535824842686,국내증권사,B,SF205,각주항목(09.06월 이후)
16742,202003,0010099,메리츠증권(주),C1,파생상품계약_장내파생상품,10380477836745,국내증권사,B,SF205,각주항목(09.06월 이후)
16743,202003,0010099,메리츠증권(주),C11,파생상품계약_장내파생상품_이자율관련거래,4278729175309,국내증권사,B,SF205,각주항목(09.06월 이후)
16744,202003,0010099,메리츠증권(주),C12,파생상품계약_장내파생상품_통화관련거래,255328026517,국내증권사,B,SF205,각주항목(09.06월 이후)
16745,202003,0010099,메리츠증권(주),C13,파생상품계약_장내파생상품_주식관련거래,5833342213747,국내증권사,B,SF205,각주항목(09.06월 이후)
16746,202003,0010099,메리츠증권(주),C14,파생상품계약_장내파생상품_일반상품관련거래,13078421172,국내증권사,B,SF205,각주항목(09.06월 이후)
16747,202003,0010099,메리츠증권(주),C15,파생상품계약_장내파생상품_기타,0,국내증권사,B,SF205,각주항목(09.06월 이후)
16748,202003,0010099,메리츠증권(주),C2,파생상품계약_장외파생상품,244155347005941,국내증권사,B,SF205,각주항목(09.06월 이후)
16749,202003,0010099,메리츠증권(주),C21,파생상품계약_장외파생상품_이자율관련거래,228617466580000,국내증권사,B,SF205,각주항목(09.06월 이후)
16750,202003,0010099,메리츠증권(주),C22,파생상품계약_장외파생상품_통화관련거래,11331737905475,국내증권사,B,SF205,각주항목(09.06월 이후)
16751,202003,0010099,메리츠증권(주),C23,파생상품계약_장외파생상품_주식관련거래,43188091505,국내증권사,B,SF205,각주항목(09.06월 이후)
16752,202003,0010099,메리츠증권(주),C24,파생상품계약_장외파생상품_신용관련거래,35000000000,국내증권사,B,SF205,각주항목(09.06월 이후)
16753,202003,0010099,메리츠증권(주),C25,파생상품계약_장외파생상품_기타,4127954428961,국내증권사,B,SF205,각주항목(09.06월 이후)
16754,202003,0010099,메리츠증권(주),D,대차 및 대주거래,4783063139341,국내증권사,B,SF205,각주항목(09.06월 이후)
16755,202003,0010099,메리츠증권(주),D1,대차 및 대주거래_대여증권,1600010653065,국내증권사,B,SF205,각주항목(09.06월 이후)
16756,202003,0010099,메리츠증권(주),D2,대차 및 대주거래_차입증권,3183052486276,국내증권사,B,SF205,각주항목(09.06월 이후)
16757,202003,0010099,메리츠증권(주),D3,대차 및 대주거래_신용거래대주,0,국내증권사,B,SF205,각주항목(09.06월 이후)
16758,202003,0010099,메리츠증권(주),E,대손상각채권,114600870443,국내증권사,B,SF205,각주항목(09.06월 이후)
16759,202003,0010099,메리츠증권(주),F,환전업무 예치금,0,국내증권사,B,SF205,각주항목(09.06월 이후)
16760,202003,0010099,메리츠증권(주),G,미배당별도예치금,0,국내증권사,B,SF205,각주항목(09.06월 이후)
16761,202003,0010099,메리츠증권(주),H,배서어음매출(종금계정),0,국내증권사,B,SF205,각주항목(09.06월 이후)
16762,202003,0010099,메리츠증권(주),H1,대출채권매매이익_담보부,0,국내증권사,B,SF205,각주항목(09.06월 이후)
16763,202003,0010099,메리츠증권(주),H2,대출채권매매이익_무담보부,0,국내증권사,B,SF205,각주항목(09.06월 이후)
16764,202006,0010099,메리츠증권(주),A,채무보증,6216310019713,국내증권사,B,SF205,각주항목(09.06월 이후)
16765,202006,0010099,메리츠증권(주),A1,채무보증_지급보증,0,국내증권사,B,SF205,각주항목(09.06월 이후)
16766,202006,0010099,메리츠증권(주),A2,채무보증_매입보장약정,0,국내증권사,B,SF205,각주항목(09.06월 이후)
16767,202006,0010099,메리츠증권(주),A3,채무보증_채무인수약정,0,국내증권사,B,SF205,각주항목(09.06월 이후)
16768,202006,0010099,메리츠증권(주),A5,채무보증_매입확약,6216310019713,국내증권사,B,SF205,각주항목(09.06월 이후)
16769,202006,0010099,메리츠증권(주),A6,채무보증_기타,0,국내증권사,B,SF205,각주항목(09.06월 이후)
16770,202006,0010099,메리츠증권(주),B,투자자의 예수증권 등,22148616442592,국내증권사,B,SF205,각주항목(09.06월 이후)
16771,202006,0010099,메리츠증권(주),B1,투자자의 예수증권 등_예수 증권,22148616442592,국내증권사,B,SF205,각주항목(09.06월 이후)
16772,202006,0010099,메리츠증권(주),B2,투자자의 예수증권 등_예수양도성예금증서,0,국내증권사,B,SF205,각주항목(09.06월 이후)
16773,202006,0010099,메리츠증권(주),B3,투자자의 예수증권 등_기타,0,국내증권사,B,SF205,각주항목(09.06월 이후)
16774,202006,0010099,메리츠증권(주),C,파생상품계약,253717078034961,국내증권사,B,SF205,각주항목(09.06월 이후)
16775,202006,0010099,메리츠증권(주),C1,파생상품계약_장내파생상품,10108580020819,국내증권사,B,SF205,각주항목(09.06월 이후)
16776,202006,0010099,메리츠증권(주),C11,파생상품계약_장내파생상품_이자율관련거래,4700388216276,국내증권사,B,SF205,각주항목(09.06월 이후)
16777,202006,0010099,메리츠증권(주),C12,파생상품계약_장내파생상품_통화관련거래,99149330625,국내증권사,B,SF205,각주항목(09.06월 이후)
16778,202006,0010099,메리츠증권(주),C13,파생상품계약_장내파생상품_주식관련거래,5306880613568,국내증권사,B,SF205,각주항목(09.06월 이후)
16779,202006,0010099,메리츠증권(주),C14,파생상품계약_장내파생상품_일반상품관련거래,2161860350,국내증권사,B,SF205,각주항목(09.06월 이후)
16780,202006,0010099,메리츠증권(주),C15,파생상품계약_장내파생상품_기타,0,국내증권사,B,SF205,각주항목(09.06월 이후)
16781,202006,0010099,메리츠증권(주),C2,파생상품계약_장외파생상품,243608498014142,국내증권사,B,SF205,각주항목(09.06월 이후)
16782,202006,0010099,메리츠증권(주),C21,파생상품계약_장외파생상품_이자율관련거래,229457190260000,국내증권사,B,SF205,각주항목(09.06월 이후)
16783,202006,0010099,메리츠증권(주),C22,파생상품계약_장외파생상품_통화관련거래,9401757122114,국내증권사,B,SF205,각주항목(09.06월 이후)
16784,202006,0010099,메리츠증권(주),C23,파생상품계약_장외파생상품_주식관련거래,47066685358,국내증권사,B,SF205,각주항목(09.06월 이후)
16785,202006,0010099,메리츠증권(주),C24,파생상품계약_장외파생상품_신용관련거래,568000000000,국내증권사,B,SF205,각주항목(09.06월 이후)
16786,202006,0010099,메리츠증권(주),C25,파생상품계약_장외파생상품_기타,4134483946670,국내증권사,B,SF205,각주항목(09.06월 이후)
16787,202006,0010099,메리츠증권(주),D,대차 및 대주거래,4559023051921,국내증권사,B,SF205,각주항목(09.06월 이후)
16788,202006,0010099,메리츠증권(주),D1,대차 및 대주거래_대여증권,1396647875352,국내증권사,B,SF205,각주항목(09.06월 이후)
16789,202006,0010099,메리츠증권(주),D2,대차 및 대주거래_차입증권,3162375176569,국내증권사,B,SF205,각주항목(09.06월 이후)
16790,202006,0010099,메리츠증권(주),D3,대차 및 대주거래_신용거래대주,0,국내증권사,B,SF205,각주항목(09.06월 이후)
16791,202006,0010099,메리츠증권(주),E,대손상각채권,114600870443,국내증권사,B,SF205,각주항목(09.06월 이후)
16792,202006,0010099,메리츠증권(주),F,환전업무 예치금,0,국내증권사,B,SF205,각주항목(09.06월 이후)
16793,202006,0010099,메리츠증권(주),G,미배당별도예치금,0,국내증권사,B,SF205,각주항목(09.06월 이후)
16794,202006,0010099,메리츠증권(주),H,배서어음매출(종금계정),0,국내증권사,B,SF205,각주항목(09.06월 이후)
16795,202006,0010099,메리츠증권(주),H1,대출채권매매이익_담보부,0,국내증권사,B,SF205,각주항목(09.06월 이후)
16796,202006,0010099,메리츠증권(주),H2,대출채권매매이익_무담보부,0,국내증권사,B,SF205,각주항목(09.06월 이후)
16797,202009,0010099,메리츠증권(주),A,채무보증,5214749889882,국내증권사,B,SF205,각주항목(09.06월 이후)
16798,202009,0010099,메리츠증권(주),A1,채무보증_지급보증,0,국내증권사,B,SF205,각주항목(09.06월 이후)
16799,202009,0010099,메리츠증권(주),A2,채무보증_매입보장약정,0,국내증권사,B,SF205,각주항목(09.06월 이후)
16800,202009,0010099,메리츠증권(주),A3,채무보증_채무인수약정,0,국내증권사,B,SF205,각주항목(09.06월 이후)
16801,202009,0010099,메리츠증권(주),A5,채무보증_매입확약,5214749889882,국내증권사,B,SF205,각주항목(09.06월 이후)
16802,202009,0010099,메리츠증권(주),A6,채무보증_기타,0,국내증권사,B,SF205,각주항목(09.06월 이후)
16803,202009,0010099,메리츠증권(주),B,투자자의 예수증권 등,23508912686458,국내증권사,B,SF205,각주항목(09.06월 이후)
16804,202009,0010099,메리츠증권(주),B1,투자자의 예수증권 등_예수 증권,23508912686458,국내증권사,B,SF205,각주항목(09.06월 이후)
16805,202009,0010099,메리츠증권(주),B2,투자자의 예수증권 등_예수양도성예금증서,0,국내증권사,B,SF205,각주항목(09.06월 이후)
16806,202009,0010099,메리츠증권(주),B3,투자자의 예수증권 등_기타,0,국내증권사,B,SF205,각주항목(09.06월 이후)
16807,202009,0010099,메리츠증권(주),C,파생상품계약,266242872456354,국내증권사,B,SF205,각주항목(09.06월 이후)
16808,202009,0010099,메리츠증권(주),C1,파생상품계약_장내파생상품,10196927234301,국내증권사,B,SF205,각주항목(09.06월 이후)
16809,202009,0010099,메리츠증권(주),C11,파생상품계약_장내파생상품_이자율관련거래,3029393202406,국내증권사,B,SF205,각주항목(09.06월 이후)
16810,202009,0010099,메리츠증권(주),C12,파생상품계약_장내파생상품_통화관련거래,150627062127,국내증권사,B,SF205,각주항목(09.06월 이후)
16811,202009,0010099,메리츠증권(주),C13,파생상품계약_장내파생상품_주식관련거래,7014581378493,국내증권사,B,SF205,각주항목(09.06월 이후)
16812,202009,0010099,메리츠증권(주),C14,파생상품계약_장내파생상품_일반상품관련거래,2325591275,국내증권사,B,SF205,각주항목(09.06월 이후)
16813,202009,0010099,메리츠증권(주),C15,파생상품계약_장내파생상품_기타,0,국내증권사,B,SF205,각주항목(09.06월 이후)
16814,202009,0010099,메리츠증권(주),C2,파생상품계약_장외파생상품,256045945222053,국내증권사,B,SF205,각주항목(09.06월 이후)
16815,202009,0010099,메리츠증권(주),C21,파생상품계약_장외파생상품_이자율관련거래,244282527160000,국내증권사,B,SF205,각주항목(09.06월 이후)
16816,202009,0010099,메리츠증권(주),C22,파생상품계약_장외파생상품_통화관련거래,7725786922878,국내증권사,B,SF205,각주항목(09.06월 이후)
16817,202009,0010099,메리츠증권(주),C23,파생상품계약_장외파생상품_주식관련거래,53041205717,국내증권사,B,SF205,각주항목(09.06월 이후)
16818,202009,0010099,메리츠증권(주),C24,파생상품계약_장외파생상품_신용관련거래,868000000000,국내증권사,B,SF205,각주항목(09.06월 이후)
16819,202009,0010099,메리츠증권(주),C25,파생상품계약_장외파생상품_기타,3116589933458,국내증권사,B,SF205,각주항목(09.06월 이후)
16820,202009,0010099,메리츠증권(주),D,대차 및 대주거래,4035104241327,국내증권사,B,SF205,각주항목(09.06월 이후)
16821,202009,0010099,메리츠증권(주),D1,대차 및 대주거래_대여증권,1813976401666,국내증권사,B,SF205,각주항목(09.06월 이후)
16822,202009,0010099,메리츠증권(주),D2,대차 및 대주거래_차입증권,2221127839661,국내증권사,B,SF205,각주항목(09.06월 이후)
16823,202009,0010099,메리츠증권(주),D3,대차 및 대주거래_신용거래대주,0,국내증권사,B,SF205,각주항목(09.06월 이후)
16824,202009,0010099,메리츠증권(주),E,대손상각채권,114562141893,국내증권사,B,SF205,각주항목(09.06월 이후)
16825,202009,0010099,메리츠증권(주),F,환전업무 예치금,0,국내증권사,B,SF205,각주항목(09.06월 이후)
16826,202009,0010099,메리츠증권(주),G,미배당별도예치금,0,국내증권사,B,SF205,각주항목(09.06월 이후)
16827,202009,0010099,메리츠증권(주),H,배서어음매출(종금계정),0,국내증권사,B,SF205,각주항목(09.06월 이후)
16828,202009,0010099,메리츠증권(주),H1,대출채권매매이익_담보부,0,국내증권사,B,SF205,각주항목(09.06월 이후)
16829,202009,0010099,메리츠증권(주),H2,대출채권매매이익_무담보부,0,국내증권사,B,SF205,각주항목(09.06월 이후)
16830,202012,0010099,메리츠증권(주),A,채무보증,4087957741889,국내증권사,B,SF205,각주항목(09.06월 이후)
16831,202012,0010099,메리츠증권(주),A1,채무보증_지급보증,0,국내증권사,B,SF205,각주항목(09.06월 이후)
16832,202012,0010099,메리츠증권(주),A2,채무보증_매입보장약정,0,국내증권사,B,SF205,각주항목(09.06월 이후)
16833,202012,0010099,메리츠증권(주),A3,채무보증_채무인수약정,0,국내증권사,B,SF205,각주항목(09.06월 이후)
16834,202012,0010099,메리츠증권(주),A5,채무보증_매입확약,4087957741889,국내증권사,B,SF205,각주항목(09.06월 이후)
16835,202012,0010099,메리츠증권(주),A6,채무보증_기타,0,국내증권사,B,SF205,각주항목(09.06월 이후)
16836,202012,0010099,메리츠증권(주),B,투자자의 예수증권 등,27360699124646,국내증권사,B,SF205,각주항목(09.06월 이후)
16837,202012,0010099,메리츠증권(주),B1,투자자의 예수증권 등_예수 증권,27360699124646,국내증권사,B,SF205,각주항목(09.06월 이후)
16838,202012,0010099,메리츠증권(주),B2,투자자의 예수증권 등_예수양도성예금증서,0,국내증권사,B,SF205,각주항목(09.06월 이후)
16839,202012,0010099,메리츠증권(주),B3,투자자의 예수증권 등_기타,0,국내증권사,B,SF205,각주항목(09.06월 이후)
16840,202012,0010099,메리츠증권(주),C,파생상품계약,271057920398798,국내증권사,B,SF205,각주항목(09.06월 이후)
16841,202012,0010099,메리츠증권(주),C1,파생상품계약_장내파생상품,9604483309776,국내증권사,B,SF205,각주항목(09.06월 이후)
16842,202012,0010099,메리츠증권(주),C11,파생상품계약_장내파생상품_이자율관련거래,3593963578346,국내증권사,B,SF205,각주항목(09.06월 이후)
16843,202012,0010099,메리츠증권(주),C12,파생상품계약_장내파생상품_통화관련거래,392209473808,국내증권사,B,SF205,각주항목(09.06월 이후)
16844,202012,0010099,메리츠증권(주),C13,파생상품계약_장내파생상품_주식관련거래,5613083765870,국내증권사,B,SF205,각주항목(09.06월 이후)
16845,202012,0010099,메리츠증권(주),C14,파생상품계약_장내파생상품_일반상품관련거래,5226491752,국내증권사,B,SF205,각주항목(09.06월 이후)
16846,202012,0010099,메리츠증권(주),C15,파생상품계약_장내파생상품_기타,0,국내증권사,B,SF205,각주항목(09.06월 이후)
16847,202012,0010099,메리츠증권(주),C2,파생상품계약_장외파생상품,261453437089022,국내증권사,B,SF205,각주항목(09.06월 이후)
16848,202012,0010099,메리츠증권(주),C21,파생상품계약_장외파생상품_이자율관련거래,249522519200000,국내증권사,B,SF205,각주항목(09.06월 이후)
16849,202012,0010099,메리츠증권(주),C22,파생상품계약_장외파생상품_통화관련거래,8005405738337,국내증권사,B,SF205,각주항목(09.06월 이후)
16850,202012,0010099,메리츠증권(주),C23,파생상품계약_장외파생상품_주식관련거래,49957905281,국내증권사,B,SF205,각주항목(09.06월 이후)
16851,202012,0010099,메리츠증권(주),C24,파생상품계약_장외파생상품_신용관련거래,868000000000,국내증권사,B,SF205,각주항목(09.06월 이후)
16852,202012,0010099,메리츠증권(주),C25,파생상품계약_장외파생상품_기타,3007554245404,국내증권사,B,SF205,각주항목(09.06월 이후)
16853,202012,0010099,메리츠증권(주),D,대차 및 대주거래,3928386037879,국내증권사,B,SF205,각주항목(09.06월 이후)
16854,202012,0010099,메리츠증권(주),D1,대차 및 대주거래_대여증권,1621467893837,국내증권사,B,SF205,각주항목(09.06월 이후)
16855,202012,0010099,메리츠증권(주),D2,대차 및 대주거래_차입증권,2306918144042,국내증권사,B,SF205,각주항목(09.06월 이후)
16856,202012,0010099,메리츠증권(주),D3,대차 및 대주거래_신용거래대주,0,국내증권사,B,SF205,각주항목(09.06월 이후)
16857,202012,0010099,메리츠증권(주),E,대손상각채권,114920038079,국내증권사,B,SF205,각주항목(09.06월 이후)
16858,202012,0010099,메리츠증권(주),F,환전업무 예치금,0,국내증권사,B,SF205,각주항목(09.06월 이후)
16859,202012,0010099,메리츠증권(주),G,미배당별도예치금,0,국내증권사,B,SF205,각주항목(09.06월 이후)
16860,202012,0010099,메리츠증권(주),H,배서어음매출(종금계정),0,국내증권사,B,SF205,각주항목(09.06월 이후)
16861,202012,0010099,메리츠증권(주),H1,대출채권매매이익_담보부,0,국내증권사,B,SF205,각주항목(09.06월 이후)
16862,202012,0010099,메리츠증권(주),H2,대출채권매매이익_무담보부,0,국내증권사,B,SF205,각주항목(09.06월 이후)
16863,202103,0010099,메리츠증권(주),A,채무보증,3696964937494,국내증권사,B,SF205,각주항목(09.06월 이후)
16864,202103,0010099,메리츠증권(주),A1,채무보증_지급보증,0,국내증권사,B,SF205,각주항목(09.06월 이후)
16865,202103,0010099,메리츠증권(주),A2,채무보증_매입보장약정,0,국내증권사,B,SF205,각주항목(09.06월 이후)
16866,202103,0010099,메리츠증권(주),A3,채무보증_채무인수약정,0,국내증권사,B,SF205,각주항목(09.06월 이후)
16867,202103,0010099,메리츠증권(주),A5,채무보증_매입확약,3696964937494,국내증권사,B,SF205,각주항목(09.06월 이후)
16868,202103,0010099,메리츠증권(주),A6,채무보증_기타,0,국내증권사,B,SF205,각주항목(09.06월 이후)
16869,202103,0010099,메리츠증권(주),B,투자자의 예수증권 등,31307362397481,국내증권사,B,SF205,각주항목(09.06월 이후)
16870,202103,0010099,메리츠증권(주),B1,투자자의 예수증권 등_예수 증권,31307362397481,국내증권사,B,SF205,각주항목(09.06월 이후)
16871,202103,0010099,메리츠증권(주),B2,투자자의 예수증권 등_예수양도성예금증서,0,국내증권사,B,SF205,각주항목(09.06월 이후)
16872,202103,0010099,메리츠증권(주),B3,투자자의 예수증권 등_기타,0,국내증권사,B,SF205,각주항목(09.06월 이후)
16873,202103,0010099,메리츠증권(주),C,파생상품계약,280944158757798,국내증권사,B,SF205,각주항목(09.06월 이후)
16874,202103,0010099,메리츠증권(주),C1,파생상품계약_장내파생상품,12586511615030,국내증권사,B,SF205,각주항목(09.06월 이후)
16875,202103,0010099,메리츠증권(주),C11,파생상품계약_장내파생상품_이자율관련거래,4128267417957,국내증권사,B,SF205,각주항목(09.06월 이후)
16876,202103,0010099,메리츠증권(주),C12,파생상품계약_장내파생상품_통화관련거래,275027672829,국내증권사,B,SF205,각주항목(09.06월 이후)
16877,202103,0010099,메리츠증권(주),C13,파생상품계약_장내파생상품_주식관련거래,8162894667400,국내증권사,B,SF205,각주항목(09.06월 이후)
16878,202103,0010099,메리츠증권(주),C14,파생상품계약_장내파생상품_일반상품관련거래,20321856844,국내증권사,B,SF205,각주항목(09.06월 이후)
16879,202103,0010099,메리츠증권(주),C15,파생상품계약_장내파생상품_기타,0,국내증권사,B,SF205,각주항목(09.06월 이후)
16880,202103,0010099,메리츠증권(주),C2,파생상품계약_장외파생상품,268357647142768,국내증권사,B,SF205,각주항목(09.06월 이후)
16881,202103,0010099,메리츠증권(주),C21,파생상품계약_장외파생상품_이자율관련거래,256188670950000,국내증권사,B,SF205,각주항목(09.06월 이후)
16882,202103,0010099,메리츠증권(주),C22,파생상품계약_장외파생상품_통화관련거래,7460283336878,국내증권사,B,SF205,각주항목(09.06월 이후)
16883,202103,0010099,메리츠증권(주),C23,파생상품계약_장외파생상품_주식관련거래,488775495524,국내증권사,B,SF205,각주항목(09.06월 이후)
16884,202103,0010099,메리츠증권(주),C24,파생상품계약_장외파생상품_신용관련거래,928000000000,국내증권사,B,SF205,각주항목(09.06월 이후)
16885,202103,0010099,메리츠증권(주),C25,파생상품계약_장외파생상품_기타,3291917360366,국내증권사,B,SF205,각주항목(09.06월 이후)
16886,202103,0010099,메리츠증권(주),D,대차 및 대주거래,3612913935627,국내증권사,B,SF205,각주항목(09.06월 이후)
16887,202103,0010099,메리츠증권(주),D1,대차 및 대주거래_대여증권,1285903217398,국내증권사,B,SF205,각주항목(09.06월 이후)
16888,202103,0010099,메리츠증권(주),D2,대차 및 대주거래_차입증권,2327010718229,국내증권사,B,SF205,각주항목(09.06월 이후)
16889,202103,0010099,메리츠증권(주),D3,대차 및 대주거래_신용거래대주,0,국내증권사,B,SF205,각주항목(09.06월 이후)
16890,202103,0010099,메리츠증권(주),E,대손상각채권,114799319724,국내증권사,B,SF205,각주항목(09.06월 이후)
16891,202103,0010099,메리츠증권(주),F,환전업무 예치금,0,국내증권사,B,SF205,각주항목(09.06월 이후)
16892,202103,0010099,메리츠증권(주),G,미배당별도예치금,0,국내증권사,B,SF205,각주항목(09.06월 이후)
16893,202103,0010099,메리츠증권(주),H,배서어음매출(종금계정),0,국내증권사,B,SF205,각주항목(09.06월 이후)
16894,202103,0010099,메리츠증권(주),H1,대출채권매매이익_담보부,0,국내증권사,B,SF205,각주항목(09.06월 이후)
16895,202103,0010099,메리츠증권(주),H2,대출채권매매이익_무담보부,0,국내증권사,B,SF205,각주항목(09.06월 이후)
16896,202106,0010099,메리츠증권(주),A,채무보증,4698253703628,국내증권사,B,SF205,각주항목(09.06월 이후)
16897,202106,0010099,메리츠증권(주),A1,채무보증_지급보증,0,국내증권사,B,SF205,각주항목(09.06월 이후)
16898,202106,0010099,메리츠증권(주),A2,채무보증_매입보장약정,5000000000,국내증권사,B,SF205,각주항목(09.06월 이후)
16899,202106,0010099,메리츠증권(주),A3,채무보증_채무인수약정,0,국내증권사,B,SF205,각주항목(09.06월 이후)
16900,202106,0010099,메리츠증권(주),A5,채무보증_매입확약,4693253703628,국내증권사,B,SF205,각주항목(09.06월 이후)
16901,202106,0010099,메리츠증권(주),A6,채무보증_기타,0,국내증권사,B,SF205,각주항목(09.06월 이후)
16902,202106,0010099,메리츠증권(주),B,투자자의 예수증권 등,35447242987368,국내증권사,B,SF205,각주항목(09.06월 이후)
16903,202106,0010099,메리츠증권(주),B1,투자자의 예수증권 등_예수 증권,35447242987368,국내증권사,B,SF205,각주항목(09.06월 이후)
16904,202106,0010099,메리츠증권(주),B2,투자자의 예수증권 등_예수양도성예금증서,0,국내증권사,B,SF205,각주항목(09.06월 이후)
16905,202106,0010099,메리츠증권(주),B3,투자자의 예수증권 등_기타,0,국내증권사,B,SF205,각주항목(09.06월 이후)
16906,202106,0010099,메리츠증권(주),C,파생상품계약,310268016482832,국내증권사,B,SF205,각주항목(09.06월 이후)
16907,202106,0010099,메리츠증권(주),C1,파생상품계약_장내파생상품,20775606098205,국내증권사,B,SF205,각주항목(09.06월 이후)
16908,202106,0010099,메리츠증권(주),C11,파생상품계약_장내파생상품_이자율관련거래,8092701927887,국내증권사,B,SF205,각주항목(09.06월 이후)
16909,202106,0010099,메리츠증권(주),C12,파생상품계약_장내파생상품_통화관련거래,413881048295,국내증권사,B,SF205,각주항목(09.06월 이후)
16910,202106,0010099,메리츠증권(주),C13,파생상품계약_장내파생상품_주식관련거래,12239110574938,국내증권사,B,SF205,각주항목(09.06월 이후)
16911,202106,0010099,메리츠증권(주),C14,파생상품계약_장내파생상품_일반상품관련거래,29912547085,국내증권사,B,SF205,각주항목(09.06월 이후)
16912,202106,0010099,메리츠증권(주),C15,파생상품계약_장내파생상품_기타,0,국내증권사,B,SF205,각주항목(09.06월 이후)
16913,202106,0010099,메리츠증권(주),C2,파생상품계약_장외파생상품,289492410384627,국내증권사,B,SF205,각주항목(09.06월 이후)
16914,202106,0010099,메리츠증권(주),C21,파생상품계약_장외파생상품_이자율관련거래,276700876600000,국내증권사,B,SF205,각주항목(09.06월 이후)
16915,202106,0010099,메리츠증권(주),C22,파생상품계약_장외파생상품_통화관련거래,8029675312002,국내증권사,B,SF205,각주항목(09.06월 이후)
16916,202106,0010099,메리츠증권(주),C23,파생상품계약_장외파생상품_주식관련거래,532256552805,국내증권사,B,SF205,각주항목(09.06월 이후)
16917,202106,0010099,메리츠증권(주),C24,파생상품계약_장외파생상품_신용관련거래,1334420560000,국내증권사,B,SF205,각주항목(09.06월 이후)
16918,202106,0010099,메리츠증권(주),C25,파생상품계약_장외파생상품_기타,2895181359820,국내증권사,B,SF205,각주항목(09.06월 이후)
16919,202106,0010099,메리츠증권(주),D,대차 및 대주거래,5860713464235,국내증권사,B,SF205,각주항목(09.06월 이후)
16920,202106,0010099,메리츠증권(주),D1,대차 및 대주거래_대여증권,1826864992805,국내증권사,B,SF205,각주항목(09.06월 이후)
16921,202106,0010099,메리츠증권(주),D2,대차 및 대주거래_차입증권,4033848471430,국내증권사,B,SF205,각주항목(09.06월 이후)
16922,202106,0010099,메리츠증권(주),D3,대차 및 대주거래_신용거래대주,0,국내증권사,B,SF205,각주항목(09.06월 이후)
16923,202106,0010099,메리츠증권(주),E,대손상각채권,114799319724,국내증권사,B,SF205,각주항목(09.06월 이후)
16924,202106,0010099,메리츠증권(주),F,환전업무 예치금,0,국내증권사,B,SF205,각주항목(09.06월 이후)
16925,202106,0010099,메리츠증권(주),G,미배당별도예치금,0,국내증권사,B,SF205,각주항목(09.06월 이후)
16926,202106,0010099,메리츠증권(주),H,배서어음매출(종금계정),0,국내증권사,B,SF205,각주항목(09.06월 이후)
16927,202106,0010099,메리츠증권(주),H1,대출채권매매이익_담보부,0,국내증권사,B,SF205,각주항목(09.06월 이후)
16928,202106,0010099,메리츠증권(주),H2,대출채권매매이익_무담보부,0,국내증권사,B,SF205,각주항목(09.06월 이후)
16929,202109,0010099,메리츠증권(주),A,채무보증,4567750302385,국내증권사,B,SF205,각주항목(09.06월 이후)
16930,202109,0010099,메리츠증권(주),A1,채무보증_지급보증,19549044400,국내증권사,B,SF205,각주항목(09.06월 이후)
16931,202109,0010099,메리츠증권(주),A2,채무보증_매입보장약정,5000000000,국내증권사,B,SF205,각주항목(09.06월 이후)
16932,202109,0010099,메리츠증권(주),A3,채무보증_채무인수약정,0,국내증권사,B,SF205,각주항목(09.06월 이후)
16933,202109,0010099,메리츠증권(주),A5,채무보증_매입확약,4543201257985,국내증권사,B,SF205,각주항목(09.06월 이후)
16934,202109,0010099,메리츠증권(주),A6,채무보증_기타,0,국내증권사,B,SF205,각주항목(09.06월 이후)
16935,202109,0010099,메리츠증권(주),B,투자자의 예수증권 등,35634566725776,국내증권사,B,SF205,각주항목(09.06월 이후)
16936,202109,0010099,메리츠증권(주),B1,투자자의 예수증권 등_예수 증권,35634566725776,국내증권사,B,SF205,각주항목(09.06월 이후)
16937,202109,0010099,메리츠증권(주),B2,투자자의 예수증권 등_예수양도성예금증서,0,국내증권사,B,SF205,각주항목(09.06월 이후)
16938,202109,0010099,메리츠증권(주),B3,투자자의 예수증권 등_기타,0,국내증권사,B,SF205,각주항목(09.06월 이후)
16939,202109,0010099,메리츠증권(주),C,파생상품계약,321852105440399,국내증권사,B,SF205,각주항목(09.06월 이후)
16940,202109,0010099,메리츠증권(주),C1,파생상품계약_장내파생상품,20765530492624,국내증권사,B,SF205,각주항목(09.06월 이후)
16941,202109,0010099,메리츠증권(주),C11,파생상품계약_장내파생상품_이자율관련거래,5990257008273,국내증권사,B,SF205,각주항목(09.06월 이후)
16942,202109,0010099,메리츠증권(주),C12,파생상품계약_장내파생상품_통화관련거래,947776033529,국내증권사,B,SF205,각주항목(09.06월 이후)
16943,202109,0010099,메리츠증권(주),C13,파생상품계약_장내파생상품_주식관련거래,13789939567325,국내증권사,B,SF205,각주항목(09.06월 이후)
16944,202109,0010099,메리츠증권(주),C14,파생상품계약_장내파생상품_일반상품관련거래,37557883497,국내증권사,B,SF205,각주항목(09.06월 이후)
16945,202109,0010099,메리츠증권(주),C15,파생상품계약_장내파생상품_기타,0,국내증권사,B,SF205,각주항목(09.06월 이후)
16946,202109,0010099,메리츠증권(주),C2,파생상품계약_장외파생상품,301086574947775,국내증권사,B,SF205,각주항목(09.06월 이후)
16947,202109,0010099,메리츠증권(주),C21,파생상품계약_장외파생상품_이자율관련거래,287242030400000,국내증권사,B,SF205,각주항목(09.06월 이후)
16948,202109,0010099,메리츠증권(주),C22,파생상품계약_장외파생상품_통화관련거래,8112395521469,국내증권사,B,SF205,각주항목(09.06월 이후)
16949,202109,0010099,메리츠증권(주),C23,파생상품계약_장외파생상품_주식관련거래,636629698252,국내증권사,B,SF205,각주항목(09.06월 이후)
16950,202109,0010099,메리츠증권(주),C24,파생상품계약_장외파생상품_신용관련거래,1270486200000,국내증권사,B,SF205,각주항목(09.06월 이후)
16951,202109,0010099,메리츠증권(주),C25,파생상품계약_장외파생상품_기타,3825033128054,국내증권사,B,SF205,각주항목(09.06월 이후)
16952,202109,0010099,메리츠증권(주),D,대차 및 대주거래,4302269747205,국내증권사,B,SF205,각주항목(09.06월 이후)
16953,202109,0010099,메리츠증권(주),D1,대차 및 대주거래_대여증권,1574287249880,국내증권사,B,SF205,각주항목(09.06월 이후)
16954,202109,0010099,메리츠증권(주),D2,대차 및 대주거래_차입증권,2727982497325,국내증권사,B,SF205,각주항목(09.06월 이후)
16955,202109,0010099,메리츠증권(주),D3,대차 및 대주거래_신용거래대주,0,국내증권사,B,SF205,각주항목(09.06월 이후)
16956,202109,0010099,메리츠증권(주),E,대손상각채권,114799319724,국내증권사,B,SF205,각주항목(09.06월 이후)
16957,202109,0010099,메리츠증권(주),F,환전업무 예치금,0,국내증권사,B,SF205,각주항목(09.06월 이후)
16958,202109,0010099,메리츠증권(주),G,미배당별도예치금,0,국내증권사,B,SF205,각주항목(09.06월 이후)
16959,202109,0010099,메리츠증권(주),H,배서어음매출(종금계정),0,국내증권사,B,SF205,각주항목(09.06월 이후)
16960,202109,0010099,메리츠증권(주),H1,대출채권매매이익_담보부,0,국내증권사,B,SF205,각주항목(09.06월 이후)
16961,202109,0010099,메리츠증권(주),H2,대출채권매매이익_무담보부,0,국내증권사,B,SF205,각주항목(09.06월 이후)
16962,202112,0010099,메리츠증권(주),A,채무보증,4935783977984,국내증권사,B,SF205,각주항목(09.06월 이후)
16963,202112,0010099,메리츠증권(주),A1,채무보증_지급보증,19271997344,국내증권사,B,SF205,각주항목(09.06월 이후)
16964,202112,0010099,메리츠증권(주),A2,채무보증_매입보장약정,5000000000,국내증권사,B,SF205,각주항목(09.06월 이후)
16965,202112,0010099,메리츠증권(주),A3,채무보증_채무인수약정,0,국내증권사,B,SF205,각주항목(09.06월 이후)
16966,202112,0010099,메리츠증권(주),A5,채무보증_매입확약,4911511980640,국내증권사,B,SF205,각주항목(09.06월 이후)
16967,202112,0010099,메리츠증권(주),A6,채무보증_기타,0,국내증권사,B,SF205,각주항목(09.06월 이후)
16968,202112,0010099,메리츠증권(주),B,투자자의 예수증권 등,38881459578355,국내증권사,B,SF205,각주항목(09.06월 이후)
16969,202112,0010099,메리츠증권(주),B1,투자자의 예수증권 등_예수 증권,38881459578355,국내증권사,B,SF205,각주항목(09.06월 이후)
16970,202112,0010099,메리츠증권(주),B2,투자자의 예수증권 등_예수양도성예금증서,0,국내증권사,B,SF205,각주항목(09.06월 이후)
16971,202112,0010099,메리츠증권(주),B3,투자자의 예수증권 등_기타,0,국내증권사,B,SF205,각주항목(09.06월 이후)
16972,202112,0010099,메리츠증권(주),C,파생상품계약,341412720608243,국내증권사,B,SF205,각주항목(09.06월 이후)
16973,202112,0010099,메리츠증권(주),C1,파생상품계약_장내파생상품,17129049049563,국내증권사,B,SF205,각주항목(09.06월 이후)
16974,202112,0010099,메리츠증권(주),C11,파생상품계약_장내파생상품_이자율관련거래,3924027589207,국내증권사,B,SF205,각주항목(09.06월 이후)
16975,202112,0010099,메리츠증권(주),C12,파생상품계약_장내파생상품_통화관련거래,1086177414690,국내증권사,B,SF205,각주항목(09.06월 이후)
16976,202112,0010099,메리츠증권(주),C13,파생상품계약_장내파생상품_주식관련거래,11966514183175,국내증권사,B,SF205,각주항목(09.06월 이후)
16977,202112,0010099,메리츠증권(주),C14,파생상품계약_장내파생상품_일반상품관련거래,152329862491,국내증권사,B,SF205,각주항목(09.06월 이후)
16978,202112,0010099,메리츠증권(주),C15,파생상품계약_장내파생상품_기타,0,국내증권사,B,SF205,각주항목(09.06월 이후)
16979,202112,0010099,메리츠증권(주),C2,파생상품계약_장외파생상품,324283671558680,국내증권사,B,SF205,각주항목(09.06월 이후)
16980,202112,0010099,메리츠증권(주),C21,파생상품계약_장외파생상품_이자율관련거래,308091027243066,국내증권사,B,SF205,각주항목(09.06월 이후)
16981,202112,0010099,메리츠증권(주),C22,파생상품계약_장외파생상품_통화관련거래,8316928872195,국내증권사,B,SF205,각주항목(09.06월 이후)
16982,202112,0010099,메리츠증권(주),C23,파생상품계약_장외파생상품_주식관련거래,1007229042766,국내증권사,B,SF205,각주항목(09.06월 이후)
16983,202112,0010099,메리츠증권(주),C24,파생상품계약_장외파생상품_신용관련거래,1249711700000,국내증권사,B,SF205,각주항목(09.06월 이후)
16984,202112,0010099,메리츠증권(주),C25,파생상품계약_장외파생상품_기타,5618774700653,국내증권사,B,SF205,각주항목(09.06월 이후)
16985,202112,0010099,메리츠증권(주),D,대차 및 대주거래,7768712083741,국내증권사,B,SF205,각주항목(09.06월 이후)
16986,202112,0010099,메리츠증권(주),D1,대차 및 대주거래_대여증권,1969334494675,국내증권사,B,SF205,각주항목(09.06월 이후)
16987,202112,0010099,메리츠증권(주),D2,대차 및 대주거래_차입증권,5799377589066,국내증권사,B,SF205,각주항목(09.06월 이후)
16988,202112,0010099,메리츠증권(주),D3,대차 및 대주거래_신용거래대주,0,국내증권사,B,SF205,각주항목(09.06월 이후)
16989,202112,0010099,메리츠증권(주),E,대손상각채권,114799319724,국내증권사,B,SF205,각주항목(09.06월 이후)
16990,202112,0010099,메리츠증권(주),F,환전업무 예치금,0,국내증권사,B,SF205,각주항목(09.06월 이후)
16991,202112,0010099,메리츠증권(주),G,미배당별도예치금,0,국내증권사,B,SF205,각주항목(09.06월 이후)
16992,202112,0010099,메리츠증권(주),H,배서어음매출(종금계정),0,국내증권사,B,SF205,각주항목(09.06월 이후)
16993,202112,0010099,메리츠증권(주),H1,대출채권매매이익_담보부,0,국내증권사,B,SF205,각주항목(09.06월 이후)
16994,202112,0010099,메리츠증권(주),H2,대출채권매매이익_무담보부,0,국내증권사,B,SF205,각주항목(09.06월 이후)
16995,202203,0010099,메리츠증권(주),A,채무보증,4829965701446,국내증권사,B,SF205,각주항목(09.06월 이후)
16996,202203,0010099,메리츠증권(주),A1,채무보증_지급보증,19548869296,국내증권사,B,SF205,각주항목(09.06월 이후)
16997,202203,0010099,메리츠증권(주),A2,채무보증_매입보장약정,5000000000,국내증권사,B,SF205,각주항목(09.06월 이후)
16998,202203,0010099,메리츠증권(주),A3,채무보증_채무인수약정,0,국내증권사,B,SF205,각주항목(09.06월 이후)
16999,202203,0010099,메리츠증권(주),A5,채무보증_매입확약,4805416832150,국내증권사,B,SF205,각주항목(09.06월 이후)
17000,202203,0010099,메리츠증권(주),A6,채무보증_기타,0,국내증권사,B,SF205,각주항목(09.06월 이후)
17001,202203,0010099,메리츠증권(주),B,투자자의 예수증권 등,41814195572912,국내증권사,B,SF205,각주항목(09.06월 이후)
17002,202203,0010099,메리츠증권(주),B1,투자자의 예수증권 등_예수 증권,41814195572912,국내증권사,B,SF205,각주항목(09.06월 이후)
17003,202203,0010099,메리츠증권(주),B2,투자자의 예수증권 등_예수양도성예금증서,0,국내증권사,B,SF205,각주항목(09.06월 이후)
17004,202203,0010099,메리츠증권(주),B3,투자자의 예수증권 등_기타,0,국내증권사,B,SF205,각주항목(09.06월 이후)
17005,202203,0010099,메리츠증권(주),C,파생상품계약,349088949293638,국내증권사,B,SF205,각주항목(09.06월 이후)
17006,202203,0010099,메리츠증권(주),C1,파생상품계약_장내파생상품,20349978450121,국내증권사,B,SF205,각주항목(09.06월 이후)
17007,202203,0010099,메리츠증권(주),C11,파생상품계약_장내파생상품_이자율관련거래,6636888127305,국내증권사,B,SF205,각주항목(09.06월 이후)
17008,202203,0010099,메리츠증권(주),C12,파생상품계약_장내파생상품_통화관련거래,710551630327,국내증권사,B,SF205,각주항목(09.06월 이후)
17009,202203,0010099,메리츠증권(주),C13,파생상품계약_장내파생상품_주식관련거래,12969077779829,국내증권사,B,SF205,각주항목(09.06월 이후)
17010,202203,0010099,메리츠증권(주),C14,파생상품계약_장내파생상품_일반상품관련거래,33460912660,국내증권사,B,SF205,각주항목(09.06월 이후)
17011,202203,0010099,메리츠증권(주),C15,파생상품계약_장내파생상품_기타,0,국내증권사,B,SF205,각주항목(09.06월 이후)
17012,202203,0010099,메리츠증권(주),C2,파생상품계약_장외파생상품,328738970843517,국내증권사,B,SF205,각주항목(09.06월 이후)
17013,202203,0010099,메리츠증권(주),C21,파생상품계약_장외파생상품_이자율관련거래,311841851543066,국내증권사,B,SF205,각주항목(09.06월 이후)
17014,202203,0010099,메리츠증권(주),C22,파생상품계약_장외파생상품_통화관련거래,9537287187627,국내증권사,B,SF205,각주항목(09.06월 이후)
17015,202203,0010099,메리츠증권(주),C23,파생상품계약_장외파생상품_주식관련거래,908688611042,국내증권사,B,SF205,각주항목(09.06월 이후)
17016,202203,0010099,메리츠증권(주),C24,파생상품계약_장외파생상품_신용관련거래,1243000000000,국내증권사,B,SF205,각주항목(09.06월 이후)
17017,202203,0010099,메리츠증권(주),C25,파생상품계약_장외파생상품_기타,5208143501782,국내증권사,B,SF205,각주항목(09.06월 이후)
17018,202203,0010099,메리츠증권(주),D,대차 및 대주거래,6147229364646,국내증권사,B,SF205,각주항목(09.06월 이후)
17019,202203,0010099,메리츠증권(주),D1,대차 및 대주거래_대여증권,1588596986923,국내증권사,B,SF205,각주항목(09.06월 이후)
17020,202203,0010099,메리츠증권(주),D2,대차 및 대주거래_차입증권,4558632377723,국내증권사,B,SF205,각주항목(09.06월 이후)
17021,202203,0010099,메리츠증권(주),D3,대차 및 대주거래_신용거래대주,0,국내증권사,B,SF205,각주항목(09.06월 이후)
17022,202203,0010099,메리츠증권(주),E,대손상각채권,114799319724,국내증권사,B,SF205,각주항목(09.06월 이후)
17023,202203,0010099,메리츠증권(주),F,환전업무 예치금,0,국내증권사,B,SF205,각주항목(09.06월 이후)
17024,202203,0010099,메리츠증권(주),G,미배당별도예치금,0,국내증권사,B,SF205,각주항목(09.06월 이후)
17025,202203,0010099,메리츠증권(주),H,배서어음매출(종금계정),0,국내증권사,B,SF205,각주항목(09.06월 이후)
17026,202203,0010099,메리츠증권(주),H1,대출채권매매이익_담보부,0,국내증권사,B,SF205,각주항목(09.06월 이후)
17027,202203,0010099,메리츠증권(주),H2,대출채권매매이익_무담보부,0,국내증권사,B,SF205,각주항목(09.06월 이후)
17028,202206,0010099,메리츠증권(주),A,채무보증,4760881408550,국내증권사,B,SF205,각주항목(09.06월 이후)
17029,202206,0010099,메리츠증권(주),A1,채무보증_지급보증,20175465898,국내증권사,B,SF205,각주항목(09.06월 이후)
17030,202206,0010099,메리츠증권(주),A2,채무보증_매입보장약정,5000000000,국내증권사,B,SF205,각주항목(09.06월 이후)
17031,202206,0010099,메리츠증권(주),A3,채무보증_채무인수약정,0,국내증권사,B,SF205,각주항목(09.06월 이후)
17032,202206,0010099,메리츠증권(주),A5,채무보증_매입확약,4735705942652,국내증권사,B,SF205,각주항목(09.06월 이후)
17033,202206,0010099,메리츠증권(주),A6,채무보증_기타,0,국내증권사,B,SF205,각주항목(09.06월 이후)
17034,202206,0010099,메리츠증권(주),B,투자자의 예수증권 등,33683123860813,국내증권사,B,SF205,각주항목(09.06월 이후)
17035,202206,0010099,메리츠증권(주),B1,투자자의 예수증권 등_예수 증권,33683123860813,국내증권사,B,SF205,각주항목(09.06월 이후)
17036,202206,0010099,메리츠증권(주),B2,투자자의 예수증권 등_예수양도성예금증서,0,국내증권사,B,SF205,각주항목(09.06월 이후)
17037,202206,0010099,메리츠증권(주),B3,투자자의 예수증권 등_기타,0,국내증권사,B,SF205,각주항목(09.06월 이후)
17038,202206,0010099,메리츠증권(주),C,파생상품계약,361162457311991,국내증권사,B,SF205,각주항목(09.06월 이후)
17039,202206,0010099,메리츠증권(주),C1,파생상품계약_장내파생상품,22796106183050,국내증권사,B,SF205,각주항목(09.06월 이후)
17040,202206,0010099,메리츠증권(주),C11,파생상품계약_장내파생상품_이자율관련거래,6700650086910,국내증권사,B,SF205,각주항목(09.06월 이후)
17041,202206,0010099,메리츠증권(주),C12,파생상품계약_장내파생상품_통화관련거래,474154882705,국내증권사,B,SF205,각주항목(09.06월 이후)
17042,202206,0010099,메리츠증권(주),C13,파생상품계약_장내파생상품_주식관련거래,15564931896219,국내증권사,B,SF205,각주항목(09.06월 이후)
17043,202206,0010099,메리츠증권(주),C14,파생상품계약_장내파생상품_일반상품관련거래,56369317216,국내증권사,B,SF205,각주항목(09.06월 이후)
17044,202206,0010099,메리츠증권(주),C15,파생상품계약_장내파생상품_기타,0,국내증권사,B,SF205,각주항목(09.06월 이후)
17045,202206,0010099,메리츠증권(주),C2,파생상품계약_장외파생상품,338366351128941,국내증권사,B,SF205,각주항목(09.06월 이후)
17046,202206,0010099,메리츠증권(주),C21,파생상품계약_장외파생상품_이자율관련거래,320101159043178,국내증권사,B,SF205,각주항목(09.06월 이후)
17047,202206,0010099,메리츠증권(주),C22,파생상품계약_장외파생상품_통화관련거래,10570799050674,국내증권사,B,SF205,각주항목(09.06월 이후)
17048,202206,0010099,메리츠증권(주),C23,파생상품계약_장외파생상품_주식관련거래,760480568682,국내증권사,B,SF205,각주항목(09.06월 이후)
17049,202206,0010099,메리츠증권(주),C24,파생상품계약_장외파생상품_신용관련거래,1243000000000,국내증권사,B,SF205,각주항목(09.06월 이후)
17050,202206,0010099,메리츠증권(주),C25,파생상품계약_장외파생상품_기타,5690912466407,국내증권사,B,SF205,각주항목(09.06월 이후)
17051,202206,0010099,메리츠증권(주),D,대차 및 대주거래,5044206409081,국내증권사,B,SF205,각주항목(09.06월 이후)
17052,202206,0010099,메리츠증권(주),D1,대차 및 대주거래_대여증권,1721823407532,국내증권사,B,SF205,각주항목(09.06월 이후)
17053,202206,0010099,메리츠증권(주),D2,대차 및 대주거래_차입증권,3322383001549,국내증권사,B,SF205,각주항목(09.06월 이후)
17054,202206,0010099,메리츠증권(주),D3,대차 및 대주거래_신용거래대주,0,국내증권사,B,SF205,각주항목(09.06월 이후)
17055,202206,0010099,메리츠증권(주),E,대손상각채권,114799319724,국내증권사,B,SF205,각주항목(09.06월 이후)
17056,202206,0010099,메리츠증권(주),F,환전업무 예치금,0,국내증권사,B,SF205,각주항목(09.06월 이후)
17057,202206,0010099,메리츠증권(주),G,미배당별도예치금,0,국내증권사,B,SF205,각주항목(09.06월 이후)
17058,202206,0010099,메리츠증권(주),H,배서어음매출(종금계정),0,국내증권사,B,SF205,각주항목(09.06월 이후)
17059,202206,0010099,메리츠증권(주),H1,대출채권매매이익_담보부,0,국내증권사,B,SF205,각주항목(09.06월 이후)
17060,202206,0010099,메리츠증권(주),H2,대출채권매매이익_무담보부,0,국내증권사,B,SF205,각주항목(09.06월 이후)
17061,202209,0010099,메리츠증권(주),A,채무보증,5024325231775,국내증권사,B,SF205,각주항목(09.06월 이후)
17062,202209,0010099,메리츠증권(주),A1,채무보증_지급보증,22235897986,국내증권사,B,SF205,각주항목(09.06월 이후)
17063,202209,0010099,메리츠증권(주),A2,채무보증_매입보장약정,5000000000,국내증권사,B,SF205,각주항목(09.06월 이후)
17064,202209,0010099,메리츠증권(주),A3,채무보증_채무인수약정,0,국내증권사,B,SF205,각주항목(09.06월 이후)
17065,202209,0010099,메리츠증권(주),A5,채무보증_매입확약,4997089333789,국내증권사,B,SF205,각주항목(09.06월 이후)
17066,202209,0010099,메리츠증권(주),A6,채무보증_기타,0,국내증권사,B,SF205,각주항목(09.06월 이후)
17067,202209,0010099,메리츠증권(주),B,투자자의 예수증권 등,34193608285642,국내증권사,B,SF205,각주항목(09.06월 이후)
17068,202209,0010099,메리츠증권(주),B1,투자자의 예수증권 등_예수 증권,34193608285642,국내증권사,B,SF205,각주항목(09.06월 이후)
17069,202209,0010099,메리츠증권(주),B2,투자자의 예수증권 등_예수양도성예금증서,0,국내증권사,B,SF205,각주항목(09.06월 이후)
17070,202209,0010099,메리츠증권(주),B3,투자자의 예수증권 등_기타,0,국내증권사,B,SF205,각주항목(09.06월 이후)
17071,202209,0010099,메리츠증권(주),C,파생상품계약,391642513020808,국내증권사,B,SF205,각주항목(09.06월 이후)
17072,202209,0010099,메리츠증권(주),C1,파생상품계약_장내파생상품,21243497313016,국내증권사,B,SF205,각주항목(09.06월 이후)
17073,202209,0010099,메리츠증권(주),C11,파생상품계약_장내파생상품_이자율관련거래,6152594054121,국내증권사,B,SF205,각주항목(09.06월 이후)
17074,202209,0010099,메리츠증권(주),C12,파생상품계약_장내파생상품_통화관련거래,592892489769,국내증권사,B,SF205,각주항목(09.06월 이후)
17075,202209,0010099,메리츠증권(주),C13,파생상품계약_장내파생상품_주식관련거래,14415576058094,국내증권사,B,SF205,각주항목(09.06월 이후)
17076,202209,0010099,메리츠증권(주),C14,파생상품계약_장내파생상품_일반상품관련거래,82434711032,국내증권사,B,SF205,각주항목(09.06월 이후)
17077,202209,0010099,메리츠증권(주),C15,파생상품계약_장내파생상품_기타,0,국내증권사,B,SF205,각주항목(09.06월 이후)
17078,202209,0010099,메리츠증권(주),C2,파생상품계약_장외파생상품,370399015707792,국내증권사,B,SF205,각주항목(09.06월 이후)
17079,202209,0010099,메리츠증권(주),C21,파생상품계약_장외파생상품_이자율관련거래,351783798743178,국내증권사,B,SF205,각주항목(09.06월 이후)
17080,202209,0010099,메리츠증권(주),C22,파생상품계약_장외파생상품_통화관련거래,10809132024645,국내증권사,B,SF205,각주항목(09.06월 이후)
17081,202209,0010099,메리츠증권(주),C23,파생상품계약_장외파생상품_주식관련거래,696324464257,국내증권사,B,SF205,각주항목(09.06월 이후)
17082,202209,0010099,메리츠증권(주),C24,파생상품계약_장외파생상품_신용관련거래,1293000000000,국내증권사,B,SF205,각주항목(09.06월 이후)
17083,202209,0010099,메리츠증권(주),C25,파생상품계약_장외파생상품_기타,5816760475712,국내증권사,B,SF205,각주항목(09.06월 이후)
17084,202209,0010099,메리츠증권(주),D,대차 및 대주거래,7315739439660,국내증권사,B,SF205,각주항목(09.06월 이후)
17085,202209,0010099,메리츠증권(주),D1,대차 및 대주거래_대여증권,3083634136155,국내증권사,B,SF205,각주항목(09.06월 이후)
17086,202209,0010099,메리츠증권(주),D2,대차 및 대주거래_차입증권,4232105303505,국내증권사,B,SF205,각주항목(09.06월 이후)
17087,202209,0010099,메리츠증권(주),D3,대차 및 대주거래_신용거래대주,0,국내증권사,B,SF205,각주항목(09.06월 이후)
17088,202209,0010099,메리츠증권(주),E,대손상각채권,114799319724,국내증권사,B,SF205,각주항목(09.06월 이후)
17089,202209,0010099,메리츠증권(주),F,환전업무 예치금,0,국내증권사,B,SF205,각주항목(09.06월 이후)
17090,202209,0010099,메리츠증권(주),G,미배당별도예치금,0,국내증권사,B,SF205,각주항목(09.06월 이후)
17091,202209,0010099,메리츠증권(주),H,배서어음매출(종금계정),0,국내증권사,B,SF205,각주항목(09.06월 이후)
17092,202209,0010099,메리츠증권(주),H1,대출채권매매이익_담보부,0,국내증권사,B,SF205,각주항목(09.06월 이후)
17093,202209,0010099,메리츠증권(주),H2,대출채권매매이익_무담보부,0,국내증권사,B,SF205,각주항목(09.06월 이후)
17094,202212,0010099,메리츠증권(주),A,채무보증,4562362752081,국내증권사,B,SF205,각주항목(09.06월 이후)
17095,202212,0010099,메리츠증권(주),A1,채무보증_지급보증,19344918572,국내증권사,B,SF205,각주항목(09.06월 이후)
17096,202212,0010099,메리츠증권(주),A2,채무보증_매입보장약정,0,국내증권사,B,SF205,각주항목(09.06월 이후)
17097,202212,0010099,메리츠증권(주),A3,채무보증_채무인수약정,0,국내증권사,B,SF205,각주항목(09.06월 이후)
17098,202212,0010099,메리츠증권(주),A5,채무보증_매입확약,4543017833509,국내증권사,B,SF205,각주항목(09.06월 이후)
17099,202212,0010099,메리츠증권(주),A6,채무보증_기타,0,국내증권사,B,SF205,각주항목(09.06월 이후)
17100,202212,0010099,메리츠증권(주),B,투자자의 예수증권 등,37562623031238,국내증권사,B,SF205,각주항목(09.06월 이후)
17101,202212,0010099,메리츠증권(주),B1,투자자의 예수증권 등_예수 증권,37562623031238,국내증권사,B,SF205,각주항목(09.06월 이후)
17102,202212,0010099,메리츠증권(주),B2,투자자의 예수증권 등_예수양도성예금증서,0,국내증권사,B,SF205,각주항목(09.06월 이후)
17103,202212,0010099,메리츠증권(주),B3,투자자의 예수증권 등_기타,0,국내증권사,B,SF205,각주항목(09.06월 이후)
17104,202212,0010099,메리츠증권(주),C,파생상품계약,285626337918454,국내증권사,B,SF205,각주항목(09.06월 이후)
17105,202212,0010099,메리츠증권(주),C1,파생상품계약_장내파생상품,21158795112738,국내증권사,B,SF205,각주항목(09.06월 이후)
17106,202212,0010099,메리츠증권(주),C11,파생상품계약_장내파생상품_이자율관련거래,5148493836156,국내증권사,B,SF205,각주항목(09.06월 이후)
17107,202212,0010099,메리츠증권(주),C12,파생상품계약_장내파생상품_통화관련거래,445799685701,국내증권사,B,SF205,각주항목(09.06월 이후)
17108,202212,0010099,메리츠증권(주),C13,파생상품계약_장내파생상품_주식관련거래,15542633953208,국내증권사,B,SF205,각주항목(09.06월 이후)
17109,202212,0010099,메리츠증권(주),C14,파생상품계약_장내파생상품_일반상품관련거래,21867637673,국내증권사,B,SF205,각주항목(09.06월 이후)
17110,202212,0010099,메리츠증권(주),C15,파생상품계약_장내파생상품_기타,0,국내증권사,B,SF205,각주항목(09.06월 이후)
17111,202212,0010099,메리츠증권(주),C2,파생상품계약_장외파생상품,264467542805716,국내증권사,B,SF205,각주항목(09.06월 이후)
17112,202212,0010099,메리츠증권(주),C21,파생상품계약_장외파생상품_이자율관련거래,250293711778430,국내증권사,B,SF205,각주항목(09.06월 이후)
17113,202212,0010099,메리츠증권(주),C22,파생상품계약_장외파생상품_통화관련거래,6650485193030,국내증권사,B,SF205,각주항목(09.06월 이후)
17114,202212,0010099,메리츠증권(주),C23,파생상품계약_장외파생상품_주식관련거래,826352728387,국내증권사,B,SF205,각주항목(09.06월 이후)
17115,202212,0010099,메리츠증권(주),C24,파생상품계약_장외파생상품_신용관련거래,1331019000000,국내증권사,B,SF205,각주항목(09.06월 이후)
17116,202212,0010099,메리츠증권(주),C25,파생상품계약_장외파생상품_기타,5365974105869,국내증권사,B,SF205,각주항목(09.06월 이후)
17117,202212,0010099,메리츠증권(주),D,대차 및 대주거래,6153095610744,국내증권사,B,SF205,각주항목(09.06월 이후)
17118,202212,0010099,메리츠증권(주),D1,대차 및 대주거래_대여증권,1397200541334,국내증권사,B,SF205,각주항목(09.06월 이후)
17119,202212,0010099,메리츠증권(주),D2,대차 및 대주거래_차입증권,4755895069410,국내증권사,B,SF205,각주항목(09.06월 이후)
17120,202212,0010099,메리츠증권(주),D3,대차 및 대주거래_신용거래대주,0,국내증권사,B,SF205,각주항목(09.06월 이후)
17121,202212,0010099,메리츠증권(주),E,대손상각채권,118939393724,국내증권사,B,SF205,각주항목(09.06월 이후)
17122,202212,0010099,메리츠증권(주),F,환전업무 예치금,0,국내증권사,B,SF205,각주항목(09.06월 이후)
17123,202212,0010099,메리츠증권(주),G,미배당별도예치금,0,국내증권사,B,SF205,각주항목(09.06월 이후)
17124,202212,0010099,메리츠증권(주),H,배서어음매출(종금계정),0,국내증권사,B,SF205,각주항목(09.06월 이후)
17125,202212,0010099,메리츠증권(주),H1,대출채권매매이익_담보부,0,국내증권사,B,SF205,각주항목(09.06월 이후)
17126,202212,0010099,메리츠증권(주),H2,대출채권매매이익_무담보부,0,국내증권사,B,SF205,각주항목(09.06월 이후)
17127,202303,0010099,메리츠증권(주),A,채무보증,5038237454508,국내증권사,B,SF205,각주항목(09.06월 이후)
17128,202303,0010099,메리츠증권(주),A1,채무보증_지급보증,19548778960,국내증권사,B,SF205,각주항목(09.06월 이후)
17129,202303,0010099,메리츠증권(주),A2,채무보증_매입보장약정,0,국내증권사,B,SF205,각주항목(09.06월 이후)
17130,202303,0010099,메리츠증권(주),A3,채무보증_채무인수약정,0,국내증권사,B,SF205,각주항목(09.06월 이후)
17131,202303,0010099,메리츠증권(주),A5,채무보증_매입확약,5018688675548,국내증권사,B,SF205,각주항목(09.06월 이후)
17132,202303,0010099,메리츠증권(주),A6,채무보증_기타,0,국내증권사,B,SF205,각주항목(09.06월 이후)
17133,202303,0010099,메리츠증권(주),B,투자자의 예수증권 등,40260226743841,국내증권사,B,SF205,각주항목(09.06월 이후)
17134,202303,0010099,메리츠증권(주),B1,투자자의 예수증권 등_예수 증권,40260226743841,국내증권사,B,SF205,각주항목(09.06월 이후)
17135,202303,0010099,메리츠증권(주),B2,투자자의 예수증권 등_예수양도성예금증서,0,국내증권사,B,SF205,각주항목(09.06월 이후)
17136,202303,0010099,메리츠증권(주),B3,투자자의 예수증권 등_기타,0,국내증권사,B,SF205,각주항목(09.06월 이후)
17137,202303,0010099,메리츠증권(주),C,파생상품계약,373026734004303,국내증권사,B,SF205,각주항목(09.06월 이후)
17138,202303,0010099,메리츠증권(주),C1,파생상품계약_장내파생상품,27520284782809,국내증권사,B,SF205,각주항목(09.06월 이후)
17139,202303,0010099,메리츠증권(주),C11,파생상품계약_장내파생상품_이자율관련거래,8334152165910,국내증권사,B,SF205,각주항목(09.06월 이후)
17140,202303,0010099,메리츠증권(주),C12,파생상품계약_장내파생상품_통화관련거래,556137389658,국내증권사,B,SF205,각주항목(09.06월 이후)
17141,202303,0010099,메리츠증권(주),C13,파생상품계약_장내파생상품_주식관련거래,18601600343364,국내증권사,B,SF205,각주항목(09.06월 이후)
17142,202303,0010099,메리츠증권(주),C14,파생상품계약_장내파생상품_일반상품관련거래,28394883877,국내증권사,B,SF205,각주항목(09.06월 이후)
17143,202303,0010099,메리츠증권(주),C15,파생상품계약_장내파생상품_기타,0,국내증권사,B,SF205,각주항목(09.06월 이후)
17144,202303,0010099,메리츠증권(주),C2,파생상품계약_장외파생상품,345506449221494,국내증권사,B,SF205,각주항목(09.06월 이후)
17145,202303,0010099,메리츠증권(주),C21,파생상품계약_장외파생상품_이자율관련거래,331994684475357,국내증권사,B,SF205,각주항목(09.06월 이후)
17146,202303,0010099,메리츠증권(주),C22,파생상품계약_장외파생상품_통화관련거래,6325783233334,국내증권사,B,SF205,각주항목(09.06월 이후)
17147,202303,0010099,메리츠증권(주),C23,파생상품계약_장외파생상품_주식관련거래,839950635508,국내증권사,B,SF205,각주항목(09.06월 이후)
17148,202303,0010099,메리츠증권(주),C24,파생상품계약_장외파생상품_신용관련거래,1293000000000,국내증권사,B,SF205,각주항목(09.06월 이후)
17149,202303,0010099,메리츠증권(주),C25,파생상품계약_장외파생상품_기타,5053030877295,국내증권사,B,SF205,각주항목(09.06월 이후)
17150,202303,0010099,메리츠증권(주),D,대차 및 대주거래,7722500365748,국내증권사,B,SF205,각주항목(09.06월 이후)
17151,202303,0010099,메리츠증권(주),D1,대차 및 대주거래_대여증권,1975656141882,국내증권사,B,SF205,각주항목(09.06월 이후)
17152,202303,0010099,메리츠증권(주),D2,대차 및 대주거래_차입증권,5746844223866,국내증권사,B,SF205,각주항목(09.06월 이후)
17153,202303,0010099,메리츠증권(주),D3,대차 및 대주거래_신용거래대주,0,국내증권사,B,SF205,각주항목(09.06월 이후)
17154,202303,0010099,메리츠증권(주),E,대손상각채권,138480353895,국내증권사,B,SF205,각주항목(09.06월 이후)
17155,202303,0010099,메리츠증권(주),F,환전업무 예치금,0,국내증권사,B,SF205,각주항목(09.06월 이후)
17156,202303,0010099,메리츠증권(주),G,미배당별도예치금,0,국내증권사,B,SF205,각주항목(09.06월 이후)
17157,202303,0010099,메리츠증권(주),H,배서어음매출(종금계정),0,국내증권사,B,SF205,각주항목(09.06월 이후)
17158,202303,0010099,메리츠증권(주),H1,대출채권매매이익_담보부,0,국내증권사,B,SF205,각주항목(09.06월 이후)
17159,202303,0010099,메리츠증권(주),H2,대출채권매매이익_무담보부,0,국내증권사,B,SF205,각주항목(09.06월 이후)
17160,202306,0010099,메리츠증권(주),A,채무보증,4815251565723,국내증권사,B,SF205,각주항목(09.06월 이후)
17161,202306,0010099,메리츠증권(주),A1,채무보증_지급보증,18533599416,국내증권사,B,SF205,각주항목(09.06월 이후)
17162,202306,0010099,메리츠증권(주),A2,채무보증_매입보장약정,0,국내증권사,B,SF205,각주항목(09.06월 이후)
17163,202306,0010099,메리츠증권(주),A3,채무보증_채무인수약정,0,국내증권사,B,SF205,각주항목(09.06월 이후)
17164,202306,0010099,메리츠증권(주),A5,채무보증_매입확약,4796717966307,국내증권사,B,SF205,각주항목(09.06월 이후)
17165,202306,0010099,메리츠증권(주),A6,채무보증_기타,0,국내증권사,B,SF205,각주항목(09.06월 이후)
17166,202306,0010099,메리츠증권(주),B,투자자의 예수증권 등,40007945544510,국내증권사,B,SF205,각주항목(09.06월 이후)
17167,202306,0010099,메리츠증권(주),B1,투자자의 예수증권 등_예수 증권,40007945544510,국내증권사,B,SF205,각주항목(09.06월 이후)
17168,202306,0010099,메리츠증권(주),B2,투자자의 예수증권 등_예수양도성예금증서,0,국내증권사,B,SF205,각주항목(09.06월 이후)
17169,202306,0010099,메리츠증권(주),B3,투자자의 예수증권 등_기타,0,국내증권사,B,SF205,각주항목(09.06월 이후)
17170,202306,0010099,메리츠증권(주),C,파생상품계약,454774246086355,국내증권사,B,SF205,각주항목(09.06월 이후)
17171,202306,0010099,메리츠증권(주),C1,파생상품계약_장내파생상품,24294390945905,국내증권사,B,SF205,각주항목(09.06월 이후)
17172,202306,0010099,메리츠증권(주),C11,파생상품계약_장내파생상품_이자율관련거래,6950784998316,국내증권사,B,SF205,각주항목(09.06월 이후)
17173,202306,0010099,메리츠증권(주),C12,파생상품계약_장내파생상품_통화관련거래,637247130646,국내증권사,B,SF205,각주항목(09.06월 이후)
17174,202306,0010099,메리츠증권(주),C13,파생상품계약_장내파생상품_주식관련거래,16682867544697,국내증권사,B,SF205,각주항목(09.06월 이후)
17175,202306,0010099,메리츠증권(주),C14,파생상품계약_장내파생상품_일반상품관련거래,23491272246,국내증권사,B,SF205,각주항목(09.06월 이후)
17176,202306,0010099,메리츠증권(주),C15,파생상품계약_장내파생상품_기타,0,국내증권사,B,SF205,각주항목(09.06월 이후)
17177,202306,0010099,메리츠증권(주),C2,파생상품계약_장외파생상품,430479855140450,국내증권사,B,SF205,각주항목(09.06월 이후)
17178,202306,0010099,메리츠증권(주),C21,파생상품계약_장외파생상품_이자율관련거래,416753632207131,국내증권사,B,SF205,각주항목(09.06월 이후)
17179,202306,0010099,메리츠증권(주),C22,파생상품계약_장외파생상품_통화관련거래,6398664996566,국내증권사,B,SF205,각주항목(09.06월 이후)
17180,202306,0010099,메리츠증권(주),C23,파생상품계약_장외파생상품_주식관련거래,816713702340,국내증권사,B,SF205,각주항목(09.06월 이후)
17181,202306,0010099,메리츠증권(주),C24,파생상품계약_장외파생상품_신용관련거래,1345512000000,국내증권사,B,SF205,각주항목(09.06월 이후)
17182,202306,0010099,메리츠증권(주),C25,파생상품계약_장외파생상품_기타,5165332234413,국내증권사,B,SF205,각주항목(09.06월 이후)
17183,202306,0010099,메리츠증권(주),D,대차 및 대주거래,5668429205629,국내증권사,B,SF205,각주항목(09.06월 이후)
17184,202306,0010099,메리츠증권(주),D1,대차 및 대주거래_대여증권,2369514249848,국내증권사,B,SF205,각주항목(09.06월 이후)
17185,202306,0010099,메리츠증권(주),D2,대차 및 대주거래_차입증권,3298914955781,국내증권사,B,SF205,각주항목(09.06월 이후)
17186,202306,0010099,메리츠증권(주),D3,대차 및 대주거래_신용거래대주,0,국내증권사,B,SF205,각주항목(09.06월 이후)
17187,202306,0010099,메리츠증권(주),E,대손상각채권,138480353895,국내증권사,B,SF205,각주항목(09.06월 이후)
17188,202306,0010099,메리츠증권(주),F,환전업무 예치금,0,국내증권사,B,SF205,각주항목(09.06월 이후)
17189,202306,0010099,메리츠증권(주),G,미배당별도예치금,0,국내증권사,B,SF205,각주항목(09.06월 이후)
17190,202306,0010099,메리츠증권(주),H,배서어음매출(종금계정),0,국내증권사,B,SF205,각주항목(09.06월 이후)
17191,202306,0010099,메리츠증권(주),H1,대출채권매매이익_담보부,0,국내증권사,B,SF205,각주항목(09.06월 이후)
17192,202306,0010099,메리츠증권(주),H2,대출채권매매이익_무담보부,0,국내증권사,B,SF205,각주항목(09.06월 이후)
17193,202309,0010099,메리츠증권(주),A,채무보증,5381528275797,국내증권사,B,SF205,각주항목(09.06월 이후)
17194,202309,0010099,메리츠증권(주),A1,채무보증_지급보증,18429808015,국내증권사,B,SF205,각주항목(09.06월 이후)
17195,202309,0010099,메리츠증권(주),A2,채무보증_매입보장약정,0,국내증권사,B,SF205,각주항목(09.06월 이후)
17196,202309,0010099,메리츠증권(주),A3,채무보증_채무인수약정,0,국내증권사,B,SF205,각주항목(09.06월 이후)
17197,202309,0010099,메리츠증권(주),A5,채무보증_매입확약,5363098467782,국내증권사,B,SF205,각주항목(09.06월 이후)
17198,202309,0010099,메리츠증권(주),A6,채무보증_기타,0,국내증권사,B,SF205,각주항목(09.06월 이후)
17199,202309,0010099,메리츠증권(주),B,투자자의 예수증권 등,42623875367877,국내증권사,B,SF205,각주항목(09.06월 이후)
17200,202309,0010099,메리츠증권(주),B1,투자자의 예수증권 등_예수 증권,42623875367877,국내증권사,B,SF205,각주항목(09.06월 이후)
17201,202309,0010099,메리츠증권(주),B2,투자자의 예수증권 등_예수양도성예금증서,0,국내증권사,B,SF205,각주항목(09.06월 이후)
17202,202309,0010099,메리츠증권(주),B3,투자자의 예수증권 등_기타,0,국내증권사,B,SF205,각주항목(09.06월 이후)
17203,202309,0010099,메리츠증권(주),C,파생상품계약,444488809866607,국내증권사,B,SF205,각주항목(09.06월 이후)
17204,202309,0010099,메리츠증권(주),C1,파생상품계약_장내파생상품,21244419097148,국내증권사,B,SF205,각주항목(09.06월 이후)
17205,202309,0010099,메리츠증권(주),C11,파생상품계약_장내파생상품_이자율관련거래,6258506266808,국내증권사,B,SF205,각주항목(09.06월 이후)
17206,202309,0010099,메리츠증권(주),C12,파생상품계약_장내파생상품_통화관련거래,836948923013,국내증권사,B,SF205,각주항목(09.06월 이후)
17207,202309,0010099,메리츠증권(주),C13,파생상품계약_장내파생상품_주식관련거래,14113049195783,국내증권사,B,SF205,각주항목(09.06월 이후)
17208,202309,0010099,메리츠증권(주),C14,파생상품계약_장내파생상품_일반상품관련거래,35914711544,국내증권사,B,SF205,각주항목(09.06월 이후)
17209,202309,0010099,메리츠증권(주),C15,파생상품계약_장내파생상품_기타,0,국내증권사,B,SF205,각주항목(09.06월 이후)
17210,202309,0010099,메리츠증권(주),C2,파생상품계약_장외파생상품,423244390769459,국내증권사,B,SF205,각주항목(09.06월 이후)
17211,202309,0010099,메리츠증권(주),C21,파생상품계약_장외파생상품_이자율관련거래,408986265881874,국내증권사,B,SF205,각주항목(09.06월 이후)
17212,202309,0010099,메리츠증권(주),C22,파생상품계약_장외파생상품_통화관련거래,5952222954251,국내증권사,B,SF205,각주항목(09.06월 이후)
17213,202309,0010099,메리츠증권(주),C23,파생상품계약_장외파생상품_주식관련거래,798075616932,국내증권사,B,SF205,각주항목(09.06월 이후)
17214,202309,0010099,메리츠증권(주),C24,파생상품계약_장외파생상품_신용관련거래,1346792000000,국내증권사,B,SF205,각주항목(09.06월 이후)
17215,202309,0010099,메리츠증권(주),C25,파생상품계약_장외파생상품_기타,6161034316402,국내증권사,B,SF205,각주항목(09.06월 이후)
17216,202309,0010099,메리츠증권(주),D,대차 및 대주거래,5971930379720,국내증권사,B,SF205,각주항목(09.06월 이후)
17217,202309,0010099,메리츠증권(주),D1,대차 및 대주거래_대여증권,1830986706584,국내증권사,B,SF205,각주항목(09.06월 이후)
17218,202309,0010099,메리츠증권(주),D2,대차 및 대주거래_차입증권,4140943673136,국내증권사,B,SF205,각주항목(09.06월 이후)
17219,202309,0010099,메리츠증권(주),D3,대차 및 대주거래_신용거래대주,0,국내증권사,B,SF205,각주항목(09.06월 이후)
17220,202309,0010099,메리츠증권(주),E,대손상각채권,138630353895,국내증권사,B,SF205,각주항목(09.06월 이후)
17221,202309,0010099,메리츠증권(주),F,환전업무 예치금,0,국내증권사,B,SF205,각주항목(09.06월 이후)
17222,202309,0010099,메리츠증권(주),G,미배당별도예치금,0,국내증권사,B,SF205,각주항목(09.06월 이후)
17223,202309,0010099,메리츠증권(주),H,배서어음매출(종금계정),0,국내증권사,B,SF205,각주항목(09.06월 이후)
17224,202309,0010099,메리츠증권(주),H1,대출채권매매이익_담보부,0,국내증권사,B,SF205,각주항목(09.06월 이후)
17225,202309,0010099,메리츠증권(주),H2,대출채권매매이익_무담보부,0,국내증권사,B,SF205,각주항목(09.06월 이후)
17226,202312,0010099,메리츠증권(주),A,채무보증,4945637648488,국내증권사,B,SF205,각주항목(09.06월 이후)
17227,202312,0010099,메리츠증권(주),A1,채무보증_지급보증,17509692141,국내증권사,B,SF205,각주항목(09.06월 이후)
17228,202312,0010099,메리츠증권(주),A2,채무보증_매입보장약정,0,국내증권사,B,SF205,각주항목(09.06월 이후)
17229,202312,0010099,메리츠증권(주),A3,채무보증_채무인수약정,0,국내증권사,B,SF205,각주항목(09.06월 이후)
17230,202312,0010099,메리츠증권(주),A5,채무보증_매입확약,4928127956347,국내증권사,B,SF205,각주항목(09.06월 이후)
17231,202312,0010099,메리츠증권(주),A6,채무보증_기타,0,국내증권사,B,SF205,각주항목(09.06월 이후)
17232,202312,0010099,메리츠증권(주),B,투자자의 예수증권 등,45055288550370,국내증권사,B,SF205,각주항목(09.06월 이후)
17233,202312,0010099,메리츠증권(주),B1,투자자의 예수증권 등_예수 증권,45055288550370,국내증권사,B,SF205,각주항목(09.06월 이후)
17234,202312,0010099,메리츠증권(주),B2,투자자의 예수증권 등_예수양도성예금증서,0,국내증권사,B,SF205,각주항목(09.06월 이후)
17235,202312,0010099,메리츠증권(주),B3,투자자의 예수증권 등_기타,0,국내증권사,B,SF205,각주항목(09.06월 이후)
17236,202312,0010099,메리츠증권(주),C,파생상품계약,403037393754801,국내증권사,B,SF205,각주항목(09.06월 이후)
17237,202312,0010099,메리츠증권(주),C1,파생상품계약_장내파생상품,28198379996481,국내증권사,B,SF205,각주항목(09.06월 이후)
17238,202312,0010099,메리츠증권(주),C11,파생상품계약_장내파생상품_이자율관련거래,9110947965695,국내증권사,B,SF205,각주항목(09.06월 이후)
17239,202312,0010099,메리츠증권(주),C12,파생상품계약_장내파생상품_통화관련거래,1039870687763,국내증권사,B,SF205,각주항목(09.06월 이후)
17240,202312,0010099,메리츠증권(주),C13,파생상품계약_장내파생상품_주식관련거래,18019065860915,국내증권사,B,SF205,각주항목(09.06월 이후)
17241,202312,0010099,메리츠증권(주),C14,파생상품계약_장내파생상품_일반상품관련거래,28495482108,국내증권사,B,SF205,각주항목(09.06월 이후)
17242,202312,0010099,메리츠증권(주),C15,파생상품계약_장내파생상품_기타,0,국내증권사,B,SF205,각주항목(09.06월 이후)
17243,202312,0010099,메리츠증권(주),C2,파생상품계약_장외파생상품,374839013758320,국내증권사,B,SF205,각주항목(09.06월 이후)
17244,202312,0010099,메리츠증권(주),C21,파생상품계약_장외파생상품_이자율관련거래,358244477053249,국내증권사,B,SF205,각주항목(09.06월 이후)
17245,202312,0010099,메리츠증권(주),C22,파생상품계약_장외파생상품_통화관련거래,5944837906879,국내증권사,B,SF205,각주항목(09.06월 이후)
17246,202312,0010099,메리츠증권(주),C23,파생상품계약_장외파생상품_주식관련거래,964497690196,국내증권사,B,SF205,각주항목(09.06월 이후)
17247,202312,0010099,메리츠증권(주),C24,파생상품계약_장외파생상품_신용관련거래,1293000000000,국내증권사,B,SF205,각주항목(09.06월 이후)
17248,202312,0010099,메리츠증권(주),C25,파생상품계약_장외파생상품_기타,8392201107996,국내증권사,B,SF205,각주항목(09.06월 이후)
17249,202312,0010099,메리츠증권(주),D,대차 및 대주거래,10156035802557,국내증권사,B,SF205,각주항목(09.06월 이후)
17250,202312,0010099,메리츠증권(주),D1,대차 및 대주거래_대여증권,1956653035600,국내증권사,B,SF205,각주항목(09.06월 이후)
17251,202312,0010099,메리츠증권(주),D2,대차 및 대주거래_차입증권,8199382766957,국내증권사,B,SF205,각주항목(09.06월 이후)
17252,202312,0010099,메리츠증권(주),D3,대차 및 대주거래_신용거래대주,0,국내증권사,B,SF205,각주항목(09.06월 이후)
17253,202312,0010099,메리츠증권(주),E,대손상각채권,153118528328,국내증권사,B,SF205,각주항목(09.06월 이후)
17254,202312,0010099,메리츠증권(주),F,환전업무 예치금,0,국내증권사,B,SF205,각주항목(09.06월 이후)
17255,202312,0010099,메리츠증권(주),G,미배당별도예치금,0,국내증권사,B,SF205,각주항목(09.06월 이후)
17256,202312,0010099,메리츠증권(주),H,배서어음매출(종금계정),0,국내증권사,B,SF205,각주항목(09.06월 이후)
17257,202312,0010099,메리츠증권(주),H1,대출채권매매이익_담보부,0,국내증권사,B,SF205,각주항목(09.06월 이후)
17258,202312,0010099,메리츠증권(주),H2,대출채권매매이익_무담보부,0,국내증권사,B,SF205,각주항목(09.06월 이후)
17259,202403,0010099,메리츠증권(주),A,채무보증,5832783410657,국내증권사,B,SF205,각주항목(09.06월 이후)
17260,202403,0010099,메리츠증권(주),A1,채무보증_지급보증,18063175200,국내증권사,B,SF205,각주항목(09.06월 이후)
17261,202403,0010099,메리츠증권(주),A2,채무보증_매입보장약정, ,국내증권사,B,SF205,각주항목(09.06월 이후)
17262,202403,0010099,메리츠증권(주),A3,채무보증_채무인수약정, ,국내증권사,B,SF205,각주항목(09.06월 이후)
17263,202403,0010099,메리츠증권(주),A5,채무보증_매입확약,5814720235457,국내증권사,B,SF205,각주항목(09.06월 이후)
17264,202403,0010099,메리츠증권(주),A6,채무보증_기타, ,국내증권사,B,SF205,각주항목(09.06월 이후)
17265,202403,0010099,메리츠증권(주),B,투자자의 예수증권 등,51057798954393,국내증권사,B,SF205,각주항목(09.06월 이후)
17266,202403,0010099,메리츠증권(주),B1,투자자의 예수증권 등_예수 증권,51057798954393,국내증권사,B,SF205,각주항목(09.06월 이후)
17267,202403,0010099,메리츠증권(주),B2,투자자의 예수증권 등_예수양도성예금증서, ,국내증권사,B,SF205,각주항목(09.06월 이후)
17268,202403,0010099,메리츠증권(주),B3,투자자의 예수증권 등_기타, ,국내증권사,B,SF205,각주항목(09.06월 이후)
17269,202403,0010099,메리츠증권(주),C,파생상품계약,443479554342752,국내증권사,B,SF205,각주항목(09.06월 이후)
17270,202403,0010099,메리츠증권(주),C1,파생상품계약_장내파생상품,25917941792722,국내증권사,B,SF205,각주항목(09.06월 이후)
17271,202403,0010099,메리츠증권(주),C11,파생상품계약_장내파생상품_이자율관련거래,6853775332907,국내증권사,B,SF205,각주항목(09.06월 이후)
17272,202403,0010099,메리츠증권(주),C12,파생상품계약_장내파생상품_통화관련거래,1556362055153,국내증권사,B,SF205,각주항목(09.06월 이후)
17273,202403,0010099,메리츠증권(주),C13,파생상품계약_장내파생상품_주식관련거래,17467374538152,국내증권사,B,SF205,각주항목(09.06월 이후)
17274,202403,0010099,메리츠증권(주),C14,파생상품계약_장내파생상품_일반상품관련거래,40429866510,국내증권사,B,SF205,각주항목(09.06월 이후)
17275,202403,0010099,메리츠증권(주),C15,파생상품계약_장내파생상품_기타,0,국내증권사,B,SF205,각주항목(09.06월 이후)
17276,202403,0010099,메리츠증권(주),C2,파생상품계약_장외파생상품,417561612550030,국내증권사,B,SF205,각주항목(09.06월 이후)
17277,202403,0010099,메리츠증권(주),C21,파생상품계약_장외파생상품_이자율관련거래,401003343169980,국내증권사,B,SF205,각주항목(09.06월 이후)
17278,202403,0010099,메리츠증권(주),C22,파생상품계약_장외파생상품_통화관련거래,5633752333360,국내증권사,B,SF205,각주항목(09.06월 이후)
17279,202403,0010099,메리츠증권(주),C23,파생상품계약_장외파생상품_주식관련거래,1983017673353,국내증권사,B,SF205,각주항목(09.06월 이후)
17280,202403,0010099,메리츠증권(주),C24,파생상품계약_장외파생상품_신용관련거래,793000000000,국내증권사,B,SF205,각주항목(09.06월 이후)
17281,202403,0010099,메리츠증권(주),C25,파생상품계약_장외파생상품_기타,8148499373337,국내증권사,B,SF205,각주항목(09.06월 이후)
17282,202403,0010099,메리츠증권(주),D,대차 및 대주거래,7578868820505,국내증권사,B,SF205,각주항목(09.06월 이후)
17283,202403,0010099,메리츠증권(주),D1,대차 및 대주거래_대여증권,2265409276498,국내증권사,B,SF205,각주항목(09.06월 이후)
17284,202403,0010099,메리츠증권(주),D2,대차 및 대주거래_차입증권,5313459544007,국내증권사,B,SF205,각주항목(09.06월 이후)
17285,202403,0010099,메리츠증권(주),D3,대차 및 대주거래_신용거래대주, ,국내증권사,B,SF205,각주항목(09.06월 이후)
17286,202403,0010099,메리츠증권(주),E,대손상각채권,178699358449,국내증권사,B,SF205,각주항목(09.06월 이후)
17287,202403,0010099,메리츠증권(주),F,환전업무 예치금,0,국내증권사,B,SF205,각주항목(09.06월 이후)
17288,202403,0010099,메리츠증권(주),G,미배당별도예치금, ,국내증권사,B,SF205,각주항목(09.06월 이후)
17289,202403,0010099,메리츠증권(주),H,배서어음매출(종금계정),0,국내증권사,B,SF205,각주항목(09.06월 이후)
17290,202403,0010099,메리츠증권(주),H1,대출채권매매이익_담보부, ,국내증권사,B,SF205,각주항목(09.06월 이후)
17291,202403,0010099,메리츠증권(주),H2,대출채권매매이익_무담보부, ,국내증권사,B,SF205,각주항목(09.06월 이후)
17292,202406,0010099,메리츠증권(주),A,채무보증,5403070972314,국내증권사,B,SF205,각주항목(09.06월 이후)
17293,202406,0010099,메리츠증권(주),A1,채무보증_지급보증,18409764408,국내증권사,B,SF205,각주항목(09.06월 이후)
17294,202406,0010099,메리츠증권(주),A2,채무보증_매입보장약정, ,국내증권사,B,SF205,각주항목(09.06월 이후)
17295,202406,0010099,메리츠증권(주),A3,채무보증_채무인수약정, ,국내증권사,B,SF205,각주항목(09.06월 이후)
17296,202406,0010099,메리츠증권(주),A5,채무보증_매입확약,5384661207906,국내증권사,B,SF205,각주항목(09.06월 이후)
17297,202406,0010099,메리츠증권(주),A6,채무보증_기타, ,국내증권사,B,SF205,각주항목(09.06월 이후)
17298,202406,0010099,메리츠증권(주),B,투자자의 예수증권 등,48103911568089,국내증권사,B,SF205,각주항목(09.06월 이후)
17299,202406,0010099,메리츠증권(주),B1,투자자의 예수증권 등_예수 증권,48103911568089,국내증권사,B,SF205,각주항목(09.06월 이후)
17300,202406,0010099,메리츠증권(주),B2,투자자의 예수증권 등_예수양도성예금증서, ,국내증권사,B,SF205,각주항목(09.06월 이후)
17301,202406,0010099,메리츠증권(주),B3,투자자의 예수증권 등_기타, ,국내증권사,B,SF205,각주항목(09.06월 이후)
17302,202406,0010099,메리츠증권(주),C,파생상품계약,336419718394294,국내증권사,B,SF205,각주항목(09.06월 이후)
17303,202406,0010099,메리츠증권(주),C1,파생상품계약_장내파생상품,24483737254903,국내증권사,B,SF205,각주항목(09.06월 이후)
17304,202406,0010099,메리츠증권(주),C11,파생상품계약_장내파생상품_이자율관련거래,7333242882333,국내증권사,B,SF205,각주항목(09.06월 이후)
17305,202406,0010099,메리츠증권(주),C12,파생상품계약_장내파생상품_통화관련거래,2125641967017,국내증권사,B,SF205,각주항목(09.06월 이후)
17306,202406,0010099,메리츠증권(주),C13,파생상품계약_장내파생상품_주식관련거래,14983746300720,국내증권사,B,SF205,각주항목(09.06월 이후)
17307,202406,0010099,메리츠증권(주),C14,파생상품계약_장내파생상품_일반상품관련거래,41106104833,국내증권사,B,SF205,각주항목(09.06월 이후)
17308,202406,0010099,메리츠증권(주),C15,파생상품계약_장내파생상품_기타,0,국내증권사,B,SF205,각주항목(09.06월 이후)
17309,202406,0010099,메리츠증권(주),C2,파생상품계약_장외파생상품,311935981139391,국내증권사,B,SF205,각주항목(09.06월 이후)
17310,202406,0010099,메리츠증권(주),C21,파생상품계약_장외파생상품_이자율관련거래,296135603058585,국내증권사,B,SF205,각주항목(09.06월 이후)
17311,202406,0010099,메리츠증권(주),C22,파생상품계약_장외파생상품_통화관련거래,5811425980445,국내증권사,B,SF205,각주항목(09.06월 이후)
17312,202406,0010099,메리츠증권(주),C23,파생상품계약_장외파생상품_주식관련거래,2082347232157,국내증권사,B,SF205,각주항목(09.06월 이후)
17313,202406,0010099,메리츠증권(주),C24,파생상품계약_장외파생상품_신용관련거래,593000000000,국내증권사,B,SF205,각주항목(09.06월 이후)
17314,202406,0010099,메리츠증권(주),C25,파생상품계약_장외파생상품_기타,7313604868204,국내증권사,B,SF205,각주항목(09.06월 이후)
17315,202406,0010099,메리츠증권(주),D,대차 및 대주거래,5683068008654,국내증권사,B,SF205,각주항목(09.06월 이후)
17316,202406,0010099,메리츠증권(주),D1,대차 및 대주거래_대여증권,1742222407845,국내증권사,B,SF205,각주항목(09.06월 이후)
17317,202406,0010099,메리츠증권(주),D2,대차 및 대주거래_차입증권,3940845600809,국내증권사,B,SF205,각주항목(09.06월 이후)
17318,202406,0010099,메리츠증권(주),D3,대차 및 대주거래_신용거래대주, ,국내증권사,B,SF205,각주항목(09.06월 이후)
17319,202406,0010099,메리츠증권(주),E,대손상각채권,178699358449,국내증권사,B,SF205,각주항목(09.06월 이후)
17320,202406,0010099,메리츠증권(주),F,환전업무 예치금,0,국내증권사,B,SF205,각주항목(09.06월 이후)
17321,202406,0010099,메리츠증권(주),G,미배당별도예치금, ,국내증권사,B,SF205,각주항목(09.06월 이후)
17322,202406,0010099,메리츠증권(주),H,배서어음매출(종금계정),0,국내증권사,B,SF205,각주항목(09.06월 이후)
17323,202406,0010099,메리츠증권(주),H1,대출채권매매이익_담보부, ,국내증권사,B,SF205,각주항목(09.06월 이후)
17324,202406,0010099,메리츠증권(주),H2,대출채권매매이익_무담보부, ,국내증권사,B,SF205,각주항목(09.06월 이후)
17325,202409,0010099,메리츠증권(주),A,채무보증,5907509146382,국내증권사,B,SF205,각주항목(09.06월 이후)
17326,202409,0010099,메리츠증권(주),A1,채무보증_지급보증,17305727986,국내증권사,B,SF205,각주항목(09.06월 이후)
17327,202409,0010099,메리츠증권(주),A2,채무보증_매입보장약정, ,국내증권사,B,SF205,각주항목(09.06월 이후)
17328,202409,0010099,메리츠증권(주),A3,채무보증_채무인수약정, ,국내증권사,B,SF205,각주항목(09.06월 이후)
17329,202409,0010099,메리츠증권(주),A5,채무보증_매입확약,5890203418396,국내증권사,B,SF205,각주항목(09.06월 이후)
17330,202409,0010099,메리츠증권(주),A6,채무보증_기타, ,국내증권사,B,SF205,각주항목(09.06월 이후)
17331,202409,0010099,메리츠증권(주),B,투자자의 예수증권 등,48990922223695,국내증권사,B,SF205,각주항목(09.06월 이후)
17332,202409,0010099,메리츠증권(주),B1,투자자의 예수증권 등_예수 증권,48990922223695,국내증권사,B,SF205,각주항목(09.06월 이후)
17333,202409,0010099,메리츠증권(주),B2,투자자의 예수증권 등_예수양도성예금증서, ,국내증권사,B,SF205,각주항목(09.06월 이후)
17334,202409,0010099,메리츠증권(주),B3,투자자의 예수증권 등_기타, ,국내증권사,B,SF205,각주항목(09.06월 이후)
17335,202409,0010099,메리츠증권(주),C,파생상품계약,372793812563858,국내증권사,B,SF205,각주항목(09.06월 이후)
17336,202409,0010099,메리츠증권(주),C1,파생상품계약_장내파생상품,27683729692255,국내증권사,B,SF205,각주항목(09.06월 이후)
17337,202409,0010099,메리츠증권(주),C11,파생상품계약_장내파생상품_이자율관련거래,8275706019003,국내증권사,B,SF205,각주항목(09.06월 이후)
17338,202409,0010099,메리츠증권(주),C12,파생상품계약_장내파생상품_통화관련거래,1505888541523,국내증권사,B,SF205,각주항목(09.06월 이후)
17339,202409,0010099,메리츠증권(주),C13,파생상품계약_장내파생상품_주식관련거래,17857222913523,국내증권사,B,SF205,각주항목(09.06월 이후)
17340,202409,0010099,메리츠증권(주),C14,파생상품계약_장내파생상품_일반상품관련거래,44912218206,국내증권사,B,SF205,각주항목(09.06월 이후)
17341,202409,0010099,메리츠증권(주),C15,파생상품계약_장내파생상품_기타,0,국내증권사,B,SF205,각주항목(09.06월 이후)
17342,202409,0010099,메리츠증권(주),C2,파생상품계약_장외파생상품,345110082871603,국내증권사,B,SF205,각주항목(09.06월 이후)
17343,202409,0010099,메리츠증권(주),C21,파생상품계약_장외파생상품_이자율관련거래,326673877503353,국내증권사,B,SF205,각주항목(09.06월 이후)
17344,202409,0010099,메리츠증권(주),C22,파생상품계약_장외파생상품_통화관련거래,7277810718496,국내증권사,B,SF205,각주항목(09.06월 이후)
17345,202409,0010099,메리츠증권(주),C23,파생상품계약_장외파생상품_주식관련거래,2208553364167,국내증권사,B,SF205,각주항목(09.06월 이후)
17346,202409,0010099,메리츠증권(주),C24,파생상품계약_장외파생상품_신용관련거래,753000000000,국내증권사,B,SF205,각주항목(09.06월 이후)
17347,202409,0010099,메리츠증권(주),C25,파생상품계약_장외파생상품_기타,8196841285587,국내증권사,B,SF205,각주항목(09.06월 이후)
17348,202409,0010099,메리츠증권(주),D,대차 및 대주거래,6240796553895,국내증권사,B,SF205,각주항목(09.06월 이후)
17349,202409,0010099,메리츠증권(주),D1,대차 및 대주거래_대여증권,2249455433957,국내증권사,B,SF205,각주항목(09.06월 이후)
17350,202409,0010099,메리츠증권(주),D2,대차 및 대주거래_차입증권,3991341119938,국내증권사,B,SF205,각주항목(09.06월 이후)
17351,202409,0010099,메리츠증권(주),D3,대차 및 대주거래_신용거래대주, ,국내증권사,B,SF205,각주항목(09.06월 이후)
17352,202409,0010099,메리츠증권(주),E,대손상각채권,178661067323,국내증권사,B,SF205,각주항목(09.06월 이후)
17353,202409,0010099,메리츠증권(주),F,환전업무 예치금,0,국내증권사,B,SF205,각주항목(09.06월 이후)
17354,202409,0010099,메리츠증권(주),G,미배당별도예치금, ,국내증권사,B,SF205,각주항목(09.06월 이후)
17355,202409,0010099,메리츠증권(주),H,배서어음매출(종금계정),0,국내증권사,B,SF205,각주항목(09.06월 이후)
17356,202409,0010099,메리츠증권(주),H1,대출채권매매이익_담보부, ,국내증권사,B,SF205,각주항목(09.06월 이후)
17357,202409,0010099,메리츠증권(주),H2,대출채권매매이익_무담보부, ,국내증권사,B,SF205,각주항목(09.06월 이후)
17358,202412,0010099,메리츠증권(주),A,채무보증,5919844242677,국내증권사,B,SF205,각주항목(09.06월 이후)
17359,202412,0010099,메리츠증권(주),A1,채무보증_지급보증,19051940239,국내증권사,B,SF205,각주항목(09.06월 이후)
17360,202412,0010099,메리츠증권(주),A2,채무보증_매입보장약정, ,국내증권사,B,SF205,각주항목(09.06월 이후)
17361,202412,0010099,메리츠증권(주),A3,채무보증_채무인수약정, ,국내증권사,B,SF205,각주항목(09.06월 이후)
17362,202412,0010099,메리츠증권(주),A5,채무보증_매입확약,5900792302438,국내증권사,B,SF205,각주항목(09.06월 이후)
17363,202412,0010099,메리츠증권(주),A6,채무보증_기타, ,국내증권사,B,SF205,각주항목(09.06월 이후)
17364,202412,0010099,메리츠증권(주),B,투자자의 예수증권 등,50826772332450,국내증권사,B,SF205,각주항목(09.06월 이후)
17365,202412,0010099,메리츠증권(주),B1,투자자의 예수증권 등_예수 증권,50826772332450,국내증권사,B,SF205,각주항목(09.06월 이후)
17366,202412,0010099,메리츠증권(주),B2,투자자의 예수증권 등_예수양도성예금증서, ,국내증권사,B,SF205,각주항목(09.06월 이후)
17367,202412,0010099,메리츠증권(주),B3,투자자의 예수증권 등_기타, ,국내증권사,B,SF205,각주항목(09.06월 이후)
17368,202412,0010099,메리츠증권(주),C,파생상품계약,356816325111655,국내증권사,B,SF205,각주항목(09.06월 이후)
17369,202412,0010099,메리츠증권(주),C1,파생상품계약_장내파생상품,26801630416268,국내증권사,B,SF205,각주항목(09.06월 이후)
17370,202412,0010099,메리츠증권(주),C11,파생상품계약_장내파생상품_이자율관련거래,9097784401166,국내증권사,B,SF205,각주항목(09.06월 이후)
17371,202412,0010099,메리츠증권(주),C12,파생상품계약_장내파생상품_통화관련거래,1944945147625,국내증권사,B,SF205,각주항목(09.06월 이후)
17372,202412,0010099,메리츠증권(주),C13,파생상품계약_장내파생상품_주식관련거래,15725906058760,국내증권사,B,SF205,각주항목(09.06월 이후)
17373,202412,0010099,메리츠증권(주),C14,파생상품계약_장내파생상품_일반상품관련거래,32994808717,국내증권사,B,SF205,각주항목(09.06월 이후)
17374,202412,0010099,메리츠증권(주),C15,파생상품계약_장내파생상품_기타,0,국내증권사,B,SF205,각주항목(09.06월 이후)
17375,202412,0010099,메리츠증권(주),C2,파생상품계약_장외파생상품,330014694695387,국내증권사,B,SF205,각주항목(09.06월 이후)
17376,202412,0010099,메리츠증권(주),C21,파생상품계약_장외파생상품_이자율관련거래,306785328415757,국내증권사,B,SF205,각주항목(09.06월 이후)
17377,202412,0010099,메리츠증권(주),C22,파생상품계약_장외파생상품_통화관련거래,10329728041063,국내증권사,B,SF205,각주항목(09.06월 이후)
17378,202412,0010099,메리츠증권(주),C23,파생상품계약_장외파생상품_주식관련거래,2465135543180,국내증권사,B,SF205,각주항목(09.06월 이후)
17379,202412,0010099,메리츠증권(주),C24,파생상품계약_장외파생상품_신용관련거래,703000000000,국내증권사,B,SF205,각주항목(09.06월 이후)
17380,202412,0010099,메리츠증권(주),C25,파생상품계약_장외파생상품_기타,9731502695387,국내증권사,B,SF205,각주항목(09.06월 이후)
17381,202412,0010099,메리츠증권(주),D,대차 및 대주거래,6392440302053,국내증권사,B,SF205,각주항목(09.06월 이후)
17382,202412,0010099,메리츠증권(주),D1,대차 및 대주거래_대여증권,2107079576901,국내증권사,B,SF205,각주항목(09.06월 이후)
17383,202412,0010099,메리츠증권(주),D2,대차 및 대주거래_차입증권,4285360725152,국내증권사,B,SF205,각주항목(09.06월 이후)
17384,202412,0010099,메리츠증권(주),D3,대차 및 대주거래_신용거래대주, ,국내증권사,B,SF205,각주항목(09.06월 이후)
17385,202412,0010099,메리츠증권(주),E,대손상각채권,177031551036,국내증권사,B,SF205,각주항목(09.06월 이후)
17386,202412,0010099,메리츠증권(주),F,환전업무 예치금,0,국내증권사,B,SF205,각주항목(09.06월 이후)
17387,202412,0010099,메리츠증권(주),G,미배당별도예치금, ,국내증권사,B,SF205,각주항목(09.06월 이후)
17388,202412,0010099,메리츠증권(주),H,배서어음매출(종금계정),0,국내증권사,B,SF205,각주항목(09.06월 이후)
17389,202412,0010099,메리츠증권(주),H1,대출채권매매이익_담보부, ,국내증권사,B,SF205,각주항목(09.06월 이후)
17390,202412,0010099,메리츠증권(주),H2,대출채권매매이익_무담보부, ,국내증권사,B,SF205,각주항목(09.06월 이후)
17391,201703,0010094,미래에셋증권 주식회사,A,채무보증,2560912454053,국내증권사,B,SF205,각주항목(09.06월 이후)
17392,201703,0010094,미래에셋증권 주식회사,A1,채무보증_지급보증,30000000000,국내증권사,B,SF205,각주항목(09.06월 이후)
17393,201703,0010094,미래에셋증권 주식회사,A2,채무보증_매입보장약정,1008600000000,국내증권사,B,SF205,각주항목(09.06월 이후)
17394,201703,0010094,미래에셋증권 주식회사,A3,채무보증_채무인수약정,0,국내증권사,B,SF205,각주항목(09.06월 이후)
17395,201703,0010094,미래에셋증권 주식회사,A5,채무보증_매입확약,1522312454053,국내증권사,B,SF205,각주항목(09.06월 이후)
17396,201703,0010094,미래에셋증권 주식회사,A6,채무보증_기타,0,국내증권사,B,SF205,각주항목(09.06월 이후)
17397,201703,0010094,미래에셋증권 주식회사,B,투자자의 예수증권 등,156821398650047,국내증권사,B,SF205,각주항목(09.06월 이후)
17398,201703,0010094,미래에셋증권 주식회사,B1,투자자의 예수증권 등_예수 증권,156821398650047,국내증권사,B,SF205,각주항목(09.06월 이후)
17399,201703,0010094,미래에셋증권 주식회사,B2,투자자의 예수증권 등_예수양도성예금증서,0,국내증권사,B,SF205,각주항목(09.06월 이후)
17400,201703,0010094,미래에셋증권 주식회사,B3,투자자의 예수증권 등_기타,0,국내증권사,B,SF205,각주항목(09.06월 이후)
17401,201703,0010094,미래에셋증권 주식회사,C,파생상품계약,180651067203831,국내증권사,B,SF205,각주항목(09.06월 이후)
17402,201703,0010094,미래에셋증권 주식회사,C1,파생상품계약_장내파생상품,16993413258185,국내증권사,B,SF205,각주항목(09.06월 이후)
17403,201703,0010094,미래에셋증권 주식회사,C11,파생상품계약_장내파생상품_이자율관련거래,2007333611201,국내증권사,B,SF205,각주항목(09.06월 이후)
17404,201703,0010094,미래에셋증권 주식회사,C12,파생상품계약_장내파생상품_통화관련거래,361961234026,국내증권사,B,SF205,각주항목(09.06월 이후)
17405,201703,0010094,미래에셋증권 주식회사,C13,파생상품계약_장내파생상품_주식관련거래,14561509956208,국내증권사,B,SF205,각주항목(09.06월 이후)
17406,201703,0010094,미래에셋증권 주식회사,C14,파생상품계약_장내파생상품_일반상품관련거래,62608456750,국내증권사,B,SF205,각주항목(09.06월 이후)
17407,201703,0010094,미래에셋증권 주식회사,C15,파생상품계약_장내파생상품_기타,0,국내증권사,B,SF205,각주항목(09.06월 이후)
17408,201703,0010094,미래에셋증권 주식회사,C2,파생상품계약_장외파생상품,163657653945646,국내증권사,B,SF205,각주항목(09.06월 이후)
17409,201703,0010094,미래에셋증권 주식회사,C21,파생상품계약_장외파생상품_이자율관련거래,134439176370000,국내증권사,B,SF205,각주항목(09.06월 이후)
17410,201703,0010094,미래에셋증권 주식회사,C22,파생상품계약_장외파생상품_통화관련거래,16591522215093,국내증권사,B,SF205,각주항목(09.06월 이후)
17411,201703,0010094,미래에셋증권 주식회사,C23,파생상품계약_장외파생상품_주식관련거래,7989705567069,국내증권사,B,SF205,각주항목(09.06월 이후)
17412,201703,0010094,미래에셋증권 주식회사,C24,파생상품계약_장외파생상품_신용관련거래,3421820400000,국내증권사,B,SF205,각주항목(09.06월 이후)
17413,201703,0010094,미래에셋증권 주식회사,C25,파생상품계약_장외파생상품_기타,1215429393484,국내증권사,B,SF205,각주항목(09.06월 이후)
17414,201703,0010094,미래에셋증권 주식회사,D,대차 및 대주거래,9566749303296,국내증권사,B,SF205,각주항목(09.06월 이후)
17415,201703,0010094,미래에셋증권 주식회사,D1,대차 및 대주거래_대여증권,3350316074316,국내증권사,B,SF205,각주항목(09.06월 이후)
17416,201703,0010094,미래에셋증권 주식회사,D2,대차 및 대주거래_차입증권,6216433228980,국내증권사,B,SF205,각주항목(09.06월 이후)
17417,201703,0010094,미래에셋증권 주식회사,D3,대차 및 대주거래_신용거래대주,0,국내증권사,B,SF205,각주항목(09.06월 이후)
17418,201703,0010094,미래에셋증권 주식회사,E,대손상각채권,0,국내증권사,B,SF205,각주항목(09.06월 이후)
17419,201703,0010094,미래에셋증권 주식회사,F,환전업무 예치금,333077265202,국내증권사,B,SF205,각주항목(09.06월 이후)
17420,201703,0010094,미래에셋증권 주식회사,G,미배당별도예치금,6483964249,국내증권사,B,SF205,각주항목(09.06월 이후)
17421,201703,0010094,미래에셋증권 주식회사,H,배서어음매출(종금계정),0,국내증권사,B,SF205,각주항목(09.06월 이후)
17422,201703,0010094,미래에셋증권 주식회사,H1,대출채권매매이익_담보부,0,국내증권사,B,SF205,각주항목(09.06월 이후)
17423,201703,0010094,미래에셋증권 주식회사,H2,대출채권매매이익_무담보부,0,국내증권사,B,SF205,각주항목(09.06월 이후)
17424,201706,0010094,미래에셋증권 주식회사,A,채무보증,2860180000000,국내증권사,B,SF205,각주항목(09.06월 이후)
17425,201706,0010094,미래에셋증권 주식회사,A1,채무보증_지급보증,10000000000,국내증권사,B,SF205,각주항목(09.06월 이후)
17426,201706,0010094,미래에셋증권 주식회사,A2,채무보증_매입보장약정,1041000000000,국내증권사,B,SF205,각주항목(09.06월 이후)
17427,201706,0010094,미래에셋증권 주식회사,A3,채무보증_채무인수약정,0,국내증권사,B,SF205,각주항목(09.06월 이후)
17428,201706,0010094,미래에셋증권 주식회사,A5,채무보증_매입확약,1809180000000,국내증권사,B,SF205,각주항목(09.06월 이후)
17429,201706,0010094,미래에셋증권 주식회사,A6,채무보증_기타,0,국내증권사,B,SF205,각주항목(09.06월 이후)
17430,201706,0010094,미래에셋증권 주식회사,B,투자자의 예수증권 등,170655813993764,국내증권사,B,SF205,각주항목(09.06월 이후)
17431,201706,0010094,미래에셋증권 주식회사,B1,투자자의 예수증권 등_예수 증권,170655813993764,국내증권사,B,SF205,각주항목(09.06월 이후)
17432,201706,0010094,미래에셋증권 주식회사,B2,투자자의 예수증권 등_예수양도성예금증서,0,국내증권사,B,SF205,각주항목(09.06월 이후)
17433,201706,0010094,미래에셋증권 주식회사,B3,투자자의 예수증권 등_기타,0,국내증권사,B,SF205,각주항목(09.06월 이후)
17434,201706,0010094,미래에셋증권 주식회사,C,파생상품계약,193972548708687,국내증권사,B,SF205,각주항목(09.06월 이후)
17435,201706,0010094,미래에셋증권 주식회사,C1,파생상품계약_장내파생상품,20723328472502,국내증권사,B,SF205,각주항목(09.06월 이후)
17436,201706,0010094,미래에셋증권 주식회사,C11,파생상품계약_장내파생상품_이자율관련거래,2608591826384,국내증권사,B,SF205,각주항목(09.06월 이후)
17437,201706,0010094,미래에셋증권 주식회사,C12,파생상품계약_장내파생상품_통화관련거래,312619373788,국내증권사,B,SF205,각주항목(09.06월 이후)
17438,201706,0010094,미래에셋증권 주식회사,C13,파생상품계약_장내파생상품_주식관련거래,17521386297450,국내증권사,B,SF205,각주항목(09.06월 이후)
17439,201706,0010094,미래에셋증권 주식회사,C14,파생상품계약_장내파생상품_일반상품관련거래,280730974880,국내증권사,B,SF205,각주항목(09.06월 이후)
17440,201706,0010094,미래에셋증권 주식회사,C15,파생상품계약_장내파생상품_기타,0,국내증권사,B,SF205,각주항목(09.06월 이후)
17441,201706,0010094,미래에셋증권 주식회사,C2,파생상품계약_장외파생상품,173249220236185,국내증권사,B,SF205,각주항목(09.06월 이후)
17442,201706,0010094,미래에셋증권 주식회사,C21,파생상품계약_장외파생상품_이자율관련거래,137402253700000,국내증권사,B,SF205,각주항목(09.06월 이후)
17443,201706,0010094,미래에셋증권 주식회사,C22,파생상품계약_장외파생상품_통화관련거래,20519043894058,국내증권사,B,SF205,각주항목(09.06월 이후)
17444,201706,0010094,미래에셋증권 주식회사,C23,파생상품계약_장외파생상품_주식관련거래,10958720660244,국내증권사,B,SF205,각주항목(09.06월 이후)
17445,201706,0010094,미래에셋증권 주식회사,C24,파생상품계약_장외파생상품_신용관련거래,3493638990000,국내증권사,B,SF205,각주항목(09.06월 이후)
17446,201706,0010094,미래에셋증권 주식회사,C25,파생상품계약_장외파생상품_기타,875562991883,국내증권사,B,SF205,각주항목(09.06월 이후)
17447,201706,0010094,미래에셋증권 주식회사,D,대차 및 대주거래,6276676052819,국내증권사,B,SF205,각주항목(09.06월 이후)
17448,201706,0010094,미래에셋증권 주식회사,D1,대차 및 대주거래_대여증권,1677450249638,국내증권사,B,SF205,각주항목(09.06월 이후)
17449,201706,0010094,미래에셋증권 주식회사,D2,대차 및 대주거래_차입증권,4599225803181,국내증권사,B,SF205,각주항목(09.06월 이후)
17450,201706,0010094,미래에셋증권 주식회사,D3,대차 및 대주거래_신용거래대주,0,국내증권사,B,SF205,각주항목(09.06월 이후)
17451,201706,0010094,미래에셋증권 주식회사,E,대손상각채권,0,국내증권사,B,SF205,각주항목(09.06월 이후)
17452,201706,0010094,미래에셋증권 주식회사,F,환전업무 예치금,315195324201,국내증권사,B,SF205,각주항목(09.06월 이후)
17453,201706,0010094,미래에셋증권 주식회사,G,미배당별도예치금,8967755808,국내증권사,B,SF205,각주항목(09.06월 이후)
17454,201706,0010094,미래에셋증권 주식회사,H,배서어음매출(종금계정),0,국내증권사,B,SF205,각주항목(09.06월 이후)
17455,201706,0010094,미래에셋증권 주식회사,H1,대출채권매매이익_담보부,0,국내증권사,B,SF205,각주항목(09.06월 이후)
17456,201706,0010094,미래에셋증권 주식회사,H2,대출채권매매이익_무담보부,0,국내증권사,B,SF205,각주항목(09.06월 이후)
17457,201709,0010094,미래에셋증권 주식회사,A,채무보증,2746235000000,국내증권사,B,SF205,각주항목(09.06월 이후)
17458,201709,0010094,미래에셋증권 주식회사,A1,채무보증_지급보증,0,국내증권사,B,SF205,각주항목(09.06월 이후)
17459,201709,0010094,미래에셋증권 주식회사,A2,채무보증_매입보장약정,1139500000000,국내증권사,B,SF205,각주항목(09.06월 이후)
17460,201709,0010094,미래에셋증권 주식회사,A3,채무보증_채무인수약정,0,국내증권사,B,SF205,각주항목(09.06월 이후)
17461,201709,0010094,미래에셋증권 주식회사,A5,채무보증_매입확약,1606735000000,국내증권사,B,SF205,각주항목(09.06월 이후)
17462,201709,0010094,미래에셋증권 주식회사,A6,채무보증_기타,0,국내증권사,B,SF205,각주항목(09.06월 이후)
17463,201709,0010094,미래에셋증권 주식회사,B,투자자의 예수증권 등,172037797529922,국내증권사,B,SF205,각주항목(09.06월 이후)
17464,201709,0010094,미래에셋증권 주식회사,B1,투자자의 예수증권 등_예수 증권,172037797529922,국내증권사,B,SF205,각주항목(09.06월 이후)
17465,201709,0010094,미래에셋증권 주식회사,B2,투자자의 예수증권 등_예수양도성예금증서,0,국내증권사,B,SF205,각주항목(09.06월 이후)
17466,201709,0010094,미래에셋증권 주식회사,B3,투자자의 예수증권 등_기타,0,국내증권사,B,SF205,각주항목(09.06월 이후)
17467,201709,0010094,미래에셋증권 주식회사,C,파생상품계약,187325510033348,국내증권사,B,SF205,각주항목(09.06월 이후)
17468,201709,0010094,미래에셋증권 주식회사,C1,파생상품계약_장내파생상품,20664851497015,국내증권사,B,SF205,각주항목(09.06월 이후)
17469,201709,0010094,미래에셋증권 주식회사,C11,파생상품계약_장내파생상품_이자율관련거래,2874696481582,국내증권사,B,SF205,각주항목(09.06월 이후)
17470,201709,0010094,미래에셋증권 주식회사,C12,파생상품계약_장내파생상품_통화관련거래,283963668981,국내증권사,B,SF205,각주항목(09.06월 이후)
17471,201709,0010094,미래에셋증권 주식회사,C13,파생상품계약_장내파생상품_주식관련거래,17307495221746,국내증권사,B,SF205,각주항목(09.06월 이후)
17472,201709,0010094,미래에셋증권 주식회사,C14,파생상품계약_장내파생상품_일반상품관련거래,198696124706,국내증권사,B,SF205,각주항목(09.06월 이후)
17473,201709,0010094,미래에셋증권 주식회사,C15,파생상품계약_장내파생상품_기타,0,국내증권사,B,SF205,각주항목(09.06월 이후)
17474,201709,0010094,미래에셋증권 주식회사,C2,파생상품계약_장외파생상품,166660658536333,국내증권사,B,SF205,각주항목(09.06월 이후)
17475,201709,0010094,미래에셋증권 주식회사,C21,파생상품계약_장외파생상품_이자율관련거래,131800952893380,국내증권사,B,SF205,각주항목(09.06월 이후)
17476,201709,0010094,미래에셋증권 주식회사,C22,파생상품계약_장외파생상품_통화관련거래,23690596730741,국내증권사,B,SF205,각주항목(09.06월 이후)
17477,201709,0010094,미래에셋증권 주식회사,C23,파생상품계약_장외파생상품_주식관련거래,6885102678441,국내증권사,B,SF205,각주항목(09.06월 이후)
17478,201709,0010094,미래에셋증권 주식회사,C24,파생상품계약_장외파생상품_신용관련거래,3505702580000,국내증권사,B,SF205,각주항목(09.06월 이후)
17479,201709,0010094,미래에셋증권 주식회사,C25,파생상품계약_장외파생상품_기타,778303653771,국내증권사,B,SF205,각주항목(09.06월 이후)
17480,201709,0010094,미래에셋증권 주식회사,D,대차 및 대주거래,6827257276041,국내증권사,B,SF205,각주항목(09.06월 이후)
17481,201709,0010094,미래에셋증권 주식회사,D1,대차 및 대주거래_대여증권,1831561054221,국내증권사,B,SF205,각주항목(09.06월 이후)
17482,201709,0010094,미래에셋증권 주식회사,D2,대차 및 대주거래_차입증권,4995696221820,국내증권사,B,SF205,각주항목(09.06월 이후)
17483,201709,0010094,미래에셋증권 주식회사,D3,대차 및 대주거래_신용거래대주,0,국내증권사,B,SF205,각주항목(09.06월 이후)
17484,201709,0010094,미래에셋증권 주식회사,E,대손상각채권,0,국내증권사,B,SF205,각주항목(09.06월 이후)
17485,201709,0010094,미래에셋증권 주식회사,F,환전업무 예치금,425263213017,국내증권사,B,SF205,각주항목(09.06월 이후)
17486,201709,0010094,미래에셋증권 주식회사,G,미배당별도예치금,8665612485,국내증권사,B,SF205,각주항목(09.06월 이후)
17487,201709,0010094,미래에셋증권 주식회사,H,배서어음매출(종금계정),0,국내증권사,B,SF205,각주항목(09.06월 이후)
17488,201709,0010094,미래에셋증권 주식회사,H1,대출채권매매이익_담보부,0,국내증권사,B,SF205,각주항목(09.06월 이후)
17489,201709,0010094,미래에셋증권 주식회사,H2,대출채권매매이익_무담보부,0,국내증권사,B,SF205,각주항목(09.06월 이후)
17490,201712,0010094,미래에셋증권 주식회사,A,채무보증,3302576000000,국내증권사,B,SF205,각주항목(09.06월 이후)
17491,201712,0010094,미래에셋증권 주식회사,A1,채무보증_지급보증,0,국내증권사,B,SF205,각주항목(09.06월 이후)
17492,201712,0010094,미래에셋증권 주식회사,A2,채무보증_매입보장약정,1532700000000,국내증권사,B,SF205,각주항목(09.06월 이후)
17493,201712,0010094,미래에셋증권 주식회사,A3,채무보증_채무인수약정,0,국내증권사,B,SF205,각주항목(09.06월 이후)
17494,201712,0010094,미래에셋증권 주식회사,A5,채무보증_매입확약,1769876000000,국내증권사,B,SF205,각주항목(09.06월 이후)
17495,201712,0010094,미래에셋증권 주식회사,A6,채무보증_기타,0,국내증권사,B,SF205,각주항목(09.06월 이후)
17496,201712,0010094,미래에셋증권 주식회사,B,투자자의 예수증권 등,186124480902928,국내증권사,B,SF205,각주항목(09.06월 이후)
17497,201712,0010094,미래에셋증권 주식회사,B1,투자자의 예수증권 등_예수 증권,186124480902928,국내증권사,B,SF205,각주항목(09.06월 이후)
17498,201712,0010094,미래에셋증권 주식회사,B2,투자자의 예수증권 등_예수양도성예금증서,0,국내증권사,B,SF205,각주항목(09.06월 이후)
17499,201712,0010094,미래에셋증권 주식회사,B3,투자자의 예수증권 등_기타,0,국내증권사,B,SF205,각주항목(09.06월 이후)
17500,201712,0010094,미래에셋증권 주식회사,C,파생상품계약,199449522779105,국내증권사,B,SF205,각주항목(09.06월 이후)
17501,201712,0010094,미래에셋증권 주식회사,C1,파생상품계약_장내파생상품,19524030883324,국내증권사,B,SF205,각주항목(09.06월 이후)
17502,201712,0010094,미래에셋증권 주식회사,C11,파생상품계약_장내파생상품_이자율관련거래,2176455195050,국내증권사,B,SF205,각주항목(09.06월 이후)
17503,201712,0010094,미래에셋증권 주식회사,C12,파생상품계약_장내파생상품_통화관련거래,215822621292,국내증권사,B,SF205,각주항목(09.06월 이후)
17504,201712,0010094,미래에셋증권 주식회사,C13,파생상품계약_장내파생상품_주식관련거래,17067316262309,국내증권사,B,SF205,각주항목(09.06월 이후)
17505,201712,0010094,미래에셋증권 주식회사,C14,파생상품계약_장내파생상품_일반상품관련거래,64436804673,국내증권사,B,SF205,각주항목(09.06월 이후)
17506,201712,0010094,미래에셋증권 주식회사,C15,파생상품계약_장내파생상품_기타,0,국내증권사,B,SF205,각주항목(09.06월 이후)
17507,201712,0010094,미래에셋증권 주식회사,C2,파생상품계약_장외파생상품,179925491895781,국내증권사,B,SF205,각주항목(09.06월 이후)
17508,201712,0010094,미래에셋증권 주식회사,C21,파생상품계약_장외파생상품_이자율관련거래,138791731112869,국내증권사,B,SF205,각주항목(09.06월 이후)
17509,201712,0010094,미래에셋증권 주식회사,C22,파생상품계약_장외파생상품_통화관련거래,26256309103374,국내증권사,B,SF205,각주항목(09.06월 이후)
17510,201712,0010094,미래에셋증권 주식회사,C23,파생상품계약_장외파생상품_주식관련거래,10984974434057,국내증권사,B,SF205,각주항목(09.06월 이후)
17511,201712,0010094,미래에셋증권 주식회사,C24,파생상품계약_장외파생상품_신용관련거래,3308612360000,국내증권사,B,SF205,각주항목(09.06월 이후)
17512,201712,0010094,미래에셋증권 주식회사,C25,파생상품계약_장외파생상품_기타,583864885481,국내증권사,B,SF205,각주항목(09.06월 이후)
17513,201712,0010094,미래에셋증권 주식회사,D,대차 및 대주거래,7511421001447,국내증권사,B,SF205,각주항목(09.06월 이후)
17514,201712,0010094,미래에셋증권 주식회사,D1,대차 및 대주거래_대여증권,1701507767215,국내증권사,B,SF205,각주항목(09.06월 이후)
17515,201712,0010094,미래에셋증권 주식회사,D2,대차 및 대주거래_차입증권,5809913234232,국내증권사,B,SF205,각주항목(09.06월 이후)
17516,201712,0010094,미래에셋증권 주식회사,D3,대차 및 대주거래_신용거래대주,0,국내증권사,B,SF205,각주항목(09.06월 이후)
17517,201712,0010094,미래에셋증권 주식회사,E,대손상각채권,0,국내증권사,B,SF205,각주항목(09.06월 이후)
17518,201712,0010094,미래에셋증권 주식회사,F,환전업무 예치금,499711997049,국내증권사,B,SF205,각주항목(09.06월 이후)
17519,201712,0010094,미래에셋증권 주식회사,G,미배당별도예치금,12617841424,국내증권사,B,SF205,각주항목(09.06월 이후)
17520,201712,0010094,미래에셋증권 주식회사,H,배서어음매출(종금계정),0,국내증권사,B,SF205,각주항목(09.06월 이후)
17521,201712,0010094,미래에셋증권 주식회사,H1,대출채권매매이익_담보부,0,국내증권사,B,SF205,각주항목(09.06월 이후)
17522,201712,0010094,미래에셋증권 주식회사,H2,대출채권매매이익_무담보부,0,국내증권사,B,SF205,각주항목(09.06월 이후)
17523,201803,0010094,미래에셋증권 주식회사,A,채무보증,3250321000000,국내증권사,B,SF205,각주항목(09.06월 이후)
17524,201803,0010094,미래에셋증권 주식회사,A1,채무보증_지급보증,0,국내증권사,B,SF205,각주항목(09.06월 이후)
17525,201803,0010094,미래에셋증권 주식회사,A2,채무보증_매입보장약정,1675500000000,국내증권사,B,SF205,각주항목(09.06월 이후)
17526,201803,0010094,미래에셋증권 주식회사,A3,채무보증_채무인수약정, ,국내증권사,B,SF205,각주항목(09.06월 이후)
17527,201803,0010094,미래에셋증권 주식회사,A5,채무보증_매입확약,1574821000000,국내증권사,B,SF205,각주항목(09.06월 이후)
17528,201803,0010094,미래에셋증권 주식회사,A6,채무보증_기타, ,국내증권사,B,SF205,각주항목(09.06월 이후)
17529,201803,0010094,미래에셋증권 주식회사,B,투자자의 예수증권 등,197466074389043,국내증권사,B,SF205,각주항목(09.06월 이후)
17530,201803,0010094,미래에셋증권 주식회사,B1,투자자의 예수증권 등_예수 증권,197466074389043,국내증권사,B,SF205,각주항목(09.06월 이후)
17531,201803,0010094,미래에셋증권 주식회사,B2,투자자의 예수증권 등_예수양도성예금증서, ,국내증권사,B,SF205,각주항목(09.06월 이후)
17532,201803,0010094,미래에셋증권 주식회사,B3,투자자의 예수증권 등_기타, ,국내증권사,B,SF205,각주항목(09.06월 이후)
17533,201803,0010094,미래에셋증권 주식회사,C,파생상품계약,205944364193757,국내증권사,B,SF205,각주항목(09.06월 이후)
17534,201803,0010094,미래에셋증권 주식회사,C1,파생상품계약_장내파생상품,21911544008048,국내증권사,B,SF205,각주항목(09.06월 이후)
17535,201803,0010094,미래에셋증권 주식회사,C11,파생상품계약_장내파생상품_이자율관련거래,2641496880128,국내증권사,B,SF205,각주항목(09.06월 이후)
17536,201803,0010094,미래에셋증권 주식회사,C12,파생상품계약_장내파생상품_통화관련거래,272132301305,국내증권사,B,SF205,각주항목(09.06월 이후)
17537,201803,0010094,미래에셋증권 주식회사,C13,파생상품계약_장내파생상품_주식관련거래,18940772434699,국내증권사,B,SF205,각주항목(09.06월 이후)
17538,201803,0010094,미래에셋증권 주식회사,C14,파생상품계약_장내파생상품_일반상품관련거래,57142391916,국내증권사,B,SF205,각주항목(09.06월 이후)
17539,201803,0010094,미래에셋증권 주식회사,C15,파생상품계약_장내파생상품_기타,0,국내증권사,B,SF205,각주항목(09.06월 이후)
17540,201803,0010094,미래에셋증권 주식회사,C2,파생상품계약_장외파생상품,184032820185709,국내증권사,B,SF205,각주항목(09.06월 이후)
17541,201803,0010094,미래에셋증권 주식회사,C21,파생상품계약_장외파생상품_이자율관련거래,137161143695683,국내증권사,B,SF205,각주항목(09.06월 이후)
17542,201803,0010094,미래에셋증권 주식회사,C22,파생상품계약_장외파생상품_통화관련거래,36736621537230,국내증권사,B,SF205,각주항목(09.06월 이후)
17543,201803,0010094,미래에셋증권 주식회사,C23,파생상품계약_장외파생상품_주식관련거래,6466449453119,국내증권사,B,SF205,각주항목(09.06월 이후)
17544,201803,0010094,미래에셋증권 주식회사,C24,파생상품계약_장외파생상품_신용관련거래,3128472100000,국내증권사,B,SF205,각주항목(09.06월 이후)
17545,201803,0010094,미래에셋증권 주식회사,C25,파생상품계약_장외파생상품_기타,540133399677,국내증권사,B,SF205,각주항목(09.06월 이후)
17546,201803,0010094,미래에셋증권 주식회사,D,대차 및 대주거래,9079270831791,국내증권사,B,SF205,각주항목(09.06월 이후)
17547,201803,0010094,미래에셋증권 주식회사,D1,대차 및 대주거래_대여증권,2228567642899,국내증권사,B,SF205,각주항목(09.06월 이후)
17548,201803,0010094,미래에셋증권 주식회사,D2,대차 및 대주거래_차입증권,6850703188892,국내증권사,B,SF205,각주항목(09.06월 이후)
17549,201803,0010094,미래에셋증권 주식회사,D3,대차 및 대주거래_신용거래대주, ,국내증권사,B,SF205,각주항목(09.06월 이후)
17550,201803,0010094,미래에셋증권 주식회사,E,대손상각채권, ,국내증권사,B,SF205,각주항목(09.06월 이후)
17551,201803,0010094,미래에셋증권 주식회사,F,환전업무 예치금,689349916356,국내증권사,B,SF205,각주항목(09.06월 이후)
17552,201803,0010094,미래에셋증권 주식회사,G,미배당별도예치금,9561164687,국내증권사,B,SF205,각주항목(09.06월 이후)
17553,201803,0010094,미래에셋증권 주식회사,H,배서어음매출(종금계정),0,국내증권사,B,SF205,각주항목(09.06월 이후)
17554,201803,0010094,미래에셋증권 주식회사,H1,대출채권매매이익_담보부, ,국내증권사,B,SF205,각주항목(09.06월 이후)
17555,201803,0010094,미래에셋증권 주식회사,H2,대출채권매매이익_무담보부, ,국내증권사,B,SF205,각주항목(09.06월 이후)
17556,201806,0010094,미래에셋증권 주식회사,A,채무보증,3392016000000,국내증권사,B,SF205,각주항목(09.06월 이후)
17557,201806,0010094,미래에셋증권 주식회사,A1,채무보증_지급보증,0,국내증권사,B,SF205,각주항목(09.06월 이후)
17558,201806,0010094,미래에셋증권 주식회사,A2,채무보증_매입보장약정,1838100000000,국내증권사,B,SF205,각주항목(09.06월 이후)
17559,201806,0010094,미래에셋증권 주식회사,A3,채무보증_채무인수약정,0,국내증권사,B,SF205,각주항목(09.06월 이후)
17560,201806,0010094,미래에셋증권 주식회사,A5,채무보증_매입확약,1553916000000,국내증권사,B,SF205,각주항목(09.06월 이후)
17561,201806,0010094,미래에셋증권 주식회사,A6,채무보증_기타,0,국내증권사,B,SF205,각주항목(09.06월 이후)
17562,201806,0010094,미래에셋증권 주식회사,B,투자자의 예수증권 등,198191258190894,국내증권사,B,SF205,각주항목(09.06월 이후)
17563,201806,0010094,미래에셋증권 주식회사,B1,투자자의 예수증권 등_예수 증권,198191258190894,국내증권사,B,SF205,각주항목(09.06월 이후)
17564,201806,0010094,미래에셋증권 주식회사,B2,투자자의 예수증권 등_예수양도성예금증서,0,국내증권사,B,SF205,각주항목(09.06월 이후)
17565,201806,0010094,미래에셋증권 주식회사,B3,투자자의 예수증권 등_기타, ,국내증권사,B,SF205,각주항목(09.06월 이후)
17566,201806,0010094,미래에셋증권 주식회사,C,파생상품계약,205925331824603,국내증권사,B,SF205,각주항목(09.06월 이후)
17567,201806,0010094,미래에셋증권 주식회사,C1,파생상품계약_장내파생상품,20345652045002,국내증권사,B,SF205,각주항목(09.06월 이후)
17568,201806,0010094,미래에셋증권 주식회사,C11,파생상품계약_장내파생상품_이자율관련거래,2512558986461,국내증권사,B,SF205,각주항목(09.06월 이후)
17569,201806,0010094,미래에셋증권 주식회사,C12,파생상품계약_장내파생상품_통화관련거래,336947400641,국내증권사,B,SF205,각주항목(09.06월 이후)
17570,201806,0010094,미래에셋증권 주식회사,C13,파생상품계약_장내파생상품_주식관련거래,17375230260475,국내증권사,B,SF205,각주항목(09.06월 이후)
17571,201806,0010094,미래에셋증권 주식회사,C14,파생상품계약_장내파생상품_일반상품관련거래,120915397425,국내증권사,B,SF205,각주항목(09.06월 이후)
17572,201806,0010094,미래에셋증권 주식회사,C15,파생상품계약_장내파생상품_기타,0,국내증권사,B,SF205,각주항목(09.06월 이후)
17573,201806,0010094,미래에셋증권 주식회사,C2,파생상품계약_장외파생상품,185579679779601,국내증권사,B,SF205,각주항목(09.06월 이후)
17574,201806,0010094,미래에셋증권 주식회사,C21,파생상품계약_장외파생상품_이자율관련거래,126845675523755,국내증권사,B,SF205,각주항목(09.06월 이후)
17575,201806,0010094,미래에셋증권 주식회사,C22,파생상품계약_장외파생상품_통화관련거래,45460256924982,국내증권사,B,SF205,각주항목(09.06월 이후)
17576,201806,0010094,미래에셋증권 주식회사,C23,파생상품계약_장외파생상품_주식관련거래,9895796721964,국내증권사,B,SF205,각주항목(09.06월 이후)
17577,201806,0010094,미래에셋증권 주식회사,C24,파생상품계약_장외파생상품_신용관련거래,2929740580000,국내증권사,B,SF205,각주항목(09.06월 이후)
17578,201806,0010094,미래에셋증권 주식회사,C25,파생상품계약_장외파생상품_기타,448210028900,국내증권사,B,SF205,각주항목(09.06월 이후)
17579,201806,0010094,미래에셋증권 주식회사,D,대차 및 대주거래,9512483174088,국내증권사,B,SF205,각주항목(09.06월 이후)
17580,201806,0010094,미래에셋증권 주식회사,D1,대차 및 대주거래_대여증권,2343413848026,국내증권사,B,SF205,각주항목(09.06월 이후)
17581,201806,0010094,미래에셋증권 주식회사,D2,대차 및 대주거래_차입증권,7169069326062,국내증권사,B,SF205,각주항목(09.06월 이후)
17582,201806,0010094,미래에셋증권 주식회사,D3,대차 및 대주거래_신용거래대주,0,국내증권사,B,SF205,각주항목(09.06월 이후)
17583,201806,0010094,미래에셋증권 주식회사,E,대손상각채권,0,국내증권사,B,SF205,각주항목(09.06월 이후)
17584,201806,0010094,미래에셋증권 주식회사,F,환전업무 예치금,882740274366,국내증권사,B,SF205,각주항목(09.06월 이후)
17585,201806,0010094,미래에셋증권 주식회사,G,미배당별도예치금,12836187949,국내증권사,B,SF205,각주항목(09.06월 이후)
17586,201806,0010094,미래에셋증권 주식회사,H,배서어음매출(종금계정),0,국내증권사,B,SF205,각주항목(09.06월 이후)
17587,201806,0010094,미래에셋증권 주식회사,H1,대출채권매매이익_담보부,0,국내증권사,B,SF205,각주항목(09.06월 이후)
17588,201806,0010094,미래에셋증권 주식회사,H2,대출채권매매이익_무담보부,0,국내증권사,B,SF205,각주항목(09.06월 이후)
17589,201809,0010094,미래에셋증권 주식회사,A,채무보증,3117093500000,국내증권사,B,SF205,각주항목(09.06월 이후)
17590,201809,0010094,미래에셋증권 주식회사,A1,채무보증_지급보증,0,국내증권사,B,SF205,각주항목(09.06월 이후)
17591,201809,0010094,미래에셋증권 주식회사,A2,채무보증_매입보장약정,1672600000000,국내증권사,B,SF205,각주항목(09.06월 이후)
17592,201809,0010094,미래에셋증권 주식회사,A3,채무보증_채무인수약정,0,국내증권사,B,SF205,각주항목(09.06월 이후)
17593,201809,0010094,미래에셋증권 주식회사,A5,채무보증_매입확약,1307193500000,국내증권사,B,SF205,각주항목(09.06월 이후)
17594,201809,0010094,미래에셋증권 주식회사,A6,채무보증_기타,137300000000,국내증권사,B,SF205,각주항목(09.06월 이후)
17595,201809,0010094,미래에셋증권 주식회사,B,투자자의 예수증권 등,199242920891213,국내증권사,B,SF205,각주항목(09.06월 이후)
17596,201809,0010094,미래에셋증권 주식회사,B1,투자자의 예수증권 등_예수 증권,199242920891213,국내증권사,B,SF205,각주항목(09.06월 이후)
17597,201809,0010094,미래에셋증권 주식회사,B2,투자자의 예수증권 등_예수양도성예금증서,0,국내증권사,B,SF205,각주항목(09.06월 이후)
17598,201809,0010094,미래에셋증권 주식회사,B3,투자자의 예수증권 등_기타, ,국내증권사,B,SF205,각주항목(09.06월 이후)
17599,201809,0010094,미래에셋증권 주식회사,C,파생상품계약,196535163683789,국내증권사,B,SF205,각주항목(09.06월 이후)
17600,201809,0010094,미래에셋증권 주식회사,C1,파생상품계약_장내파생상품,24721960614557,국내증권사,B,SF205,각주항목(09.06월 이후)
17601,201809,0010094,미래에셋증권 주식회사,C11,파생상품계약_장내파생상품_이자율관련거래,3000181188092,국내증권사,B,SF205,각주항목(09.06월 이후)
17602,201809,0010094,미래에셋증권 주식회사,C12,파생상품계약_장내파생상품_통화관련거래,379107271422,국내증권사,B,SF205,각주항목(09.06월 이후)
17603,201809,0010094,미래에셋증권 주식회사,C13,파생상품계약_장내파생상품_주식관련거래,21193721503657,국내증권사,B,SF205,각주항목(09.06월 이후)
17604,201809,0010094,미래에셋증권 주식회사,C14,파생상품계약_장내파생상품_일반상품관련거래,148950651386,국내증권사,B,SF205,각주항목(09.06월 이후)
17605,201809,0010094,미래에셋증권 주식회사,C15,파생상품계약_장내파생상품_기타,0,국내증권사,B,SF205,각주항목(09.06월 이후)
17606,201809,0010094,미래에셋증권 주식회사,C2,파생상품계약_장외파생상품,171813203069232,국내증권사,B,SF205,각주항목(09.06월 이후)
17607,201809,0010094,미래에셋증권 주식회사,C21,파생상품계약_장외파생상품_이자율관련거래,114064670965785,국내증권사,B,SF205,각주항목(09.06월 이후)
17608,201809,0010094,미래에셋증권 주식회사,C22,파생상품계약_장외파생상품_통화관련거래,44133069986591,국내증권사,B,SF205,각주항목(09.06월 이후)
17609,201809,0010094,미래에셋증권 주식회사,C23,파생상품계약_장외파생상품_주식관련거래,10301208463156,국내증권사,B,SF205,각주항목(09.06월 이후)
17610,201809,0010094,미래에셋증권 주식회사,C24,파생상품계약_장외파생상품_신용관련거래,2794983980000,국내증권사,B,SF205,각주항목(09.06월 이후)
17611,201809,0010094,미래에셋증권 주식회사,C25,파생상품계약_장외파생상품_기타,519269673700,국내증권사,B,SF205,각주항목(09.06월 이후)
17612,201809,0010094,미래에셋증권 주식회사,D,대차 및 대주거래,10122226418749,국내증권사,B,SF205,각주항목(09.06월 이후)
17613,201809,0010094,미래에셋증권 주식회사,D1,대차 및 대주거래_대여증권,2645062748655,국내증권사,B,SF205,각주항목(09.06월 이후)
17614,201809,0010094,미래에셋증권 주식회사,D2,대차 및 대주거래_차입증권,7477163670094,국내증권사,B,SF205,각주항목(09.06월 이후)
17615,201809,0010094,미래에셋증권 주식회사,D3,대차 및 대주거래_신용거래대주,0,국내증권사,B,SF205,각주항목(09.06월 이후)
17616,201809,0010094,미래에셋증권 주식회사,E,대손상각채권,0,국내증권사,B,SF205,각주항목(09.06월 이후)
17617,201809,0010094,미래에셋증권 주식회사,F,환전업무 예치금,1047007354082,국내증권사,B,SF205,각주항목(09.06월 이후)
17618,201809,0010094,미래에셋증권 주식회사,G,미배당별도예치금,11600844385,국내증권사,B,SF205,각주항목(09.06월 이후)
17619,201809,0010094,미래에셋증권 주식회사,H,배서어음매출(종금계정),0,국내증권사,B,SF205,각주항목(09.06월 이후)
17620,201809,0010094,미래에셋증권 주식회사,H1,대출채권매매이익_담보부, ,국내증권사,B,SF205,각주항목(09.06월 이후)
17621,201809,0010094,미래에셋증권 주식회사,H2,대출채권매매이익_무담보부, ,국내증권사,B,SF205,각주항목(09.06월 이후)
17622,201812,0010094,미래에셋증권 주식회사,A,채무보증,3283943500000,국내증권사,B,SF205,각주항목(09.06월 이후)
17623,201812,0010094,미래에셋증권 주식회사,A1,채무보증_지급보증,0,국내증권사,B,SF205,각주항목(09.06월 이후)
17624,201812,0010094,미래에셋증권 주식회사,A2,채무보증_매입보장약정,1636100000000,국내증권사,B,SF205,각주항목(09.06월 이후)
17625,201812,0010094,미래에셋증권 주식회사,A3,채무보증_채무인수약정,0,국내증권사,B,SF205,각주항목(09.06월 이후)
17626,201812,0010094,미래에셋증권 주식회사,A5,채무보증_매입확약,1510543500000,국내증권사,B,SF205,각주항목(09.06월 이후)
17627,201812,0010094,미래에셋증권 주식회사,A6,채무보증_기타,137300000000,국내증권사,B,SF205,각주항목(09.06월 이후)
17628,201812,0010094,미래에셋증권 주식회사,B,투자자의 예수증권 등,187824084153350,국내증권사,B,SF205,각주항목(09.06월 이후)
17629,201812,0010094,미래에셋증권 주식회사,B1,투자자의 예수증권 등_예수 증권,187824084153350,국내증권사,B,SF205,각주항목(09.06월 이후)
17630,201812,0010094,미래에셋증권 주식회사,B2,투자자의 예수증권 등_예수양도성예금증서,0,국내증권사,B,SF205,각주항목(09.06월 이후)
17631,201812,0010094,미래에셋증권 주식회사,B3,투자자의 예수증권 등_기타, ,국내증권사,B,SF205,각주항목(09.06월 이후)
17632,201812,0010094,미래에셋증권 주식회사,C,파생상품계약,178927415671803,국내증권사,B,SF205,각주항목(09.06월 이후)
17633,201812,0010094,미래에셋증권 주식회사,C1,파생상품계약_장내파생상품,18183918017916,국내증권사,B,SF205,각주항목(09.06월 이후)
17634,201812,0010094,미래에셋증권 주식회사,C11,파생상품계약_장내파생상품_이자율관련거래,2368525783431,국내증권사,B,SF205,각주항목(09.06월 이후)
17635,201812,0010094,미래에셋증권 주식회사,C12,파생상품계약_장내파생상품_통화관련거래,89001892869,국내증권사,B,SF205,각주항목(09.06월 이후)
17636,201812,0010094,미래에셋증권 주식회사,C13,파생상품계약_장내파생상품_주식관련거래,15154303232225,국내증권사,B,SF205,각주항목(09.06월 이후)
17637,201812,0010094,미래에셋증권 주식회사,C14,파생상품계약_장내파생상품_일반상품관련거래,572087109391,국내증권사,B,SF205,각주항목(09.06월 이후)
17638,201812,0010094,미래에셋증권 주식회사,C15,파생상품계약_장내파생상품_기타,0,국내증권사,B,SF205,각주항목(09.06월 이후)
17639,201812,0010094,미래에셋증권 주식회사,C2,파생상품계약_장외파생상품,160743497653887,국내증권사,B,SF205,각주항목(09.06월 이후)
17640,201812,0010094,미래에셋증권 주식회사,C21,파생상품계약_장외파생상품_이자율관련거래,104883207975427,국내증권사,B,SF205,각주항목(09.06월 이후)
17641,201812,0010094,미래에셋증권 주식회사,C22,파생상품계약_장외파생상품_통화관련거래,37262455195132,국내증권사,B,SF205,각주항목(09.06월 이후)
17642,201812,0010094,미래에셋증권 주식회사,C23,파생상품계약_장외파생상품_주식관련거래,15592634556128,국내증권사,B,SF205,각주항목(09.06월 이후)
17643,201812,0010094,미래에셋증권 주식회사,C24,파생상품계약_장외파생상품_신용관련거래,2624037440000,국내증권사,B,SF205,각주항목(09.06월 이후)
17644,201812,0010094,미래에셋증권 주식회사,C25,파생상품계약_장외파생상품_기타,381162487200,국내증권사,B,SF205,각주항목(09.06월 이후)
17645,201812,0010094,미래에셋증권 주식회사,D,대차 및 대주거래,11226237375352,국내증권사,B,SF205,각주항목(09.06월 이후)
17646,201812,0010094,미래에셋증권 주식회사,D1,대차 및 대주거래_대여증권,2952336148088,국내증권사,B,SF205,각주항목(09.06월 이후)
17647,201812,0010094,미래에셋증권 주식회사,D2,대차 및 대주거래_차입증권,8273901227264,국내증권사,B,SF205,각주항목(09.06월 이후)
17648,201812,0010094,미래에셋증권 주식회사,D3,대차 및 대주거래_신용거래대주,0,국내증권사,B,SF205,각주항목(09.06월 이후)
17649,201812,0010094,미래에셋증권 주식회사,E,대손상각채권,0,국내증권사,B,SF205,각주항목(09.06월 이후)
17650,201812,0010094,미래에셋증권 주식회사,F,환전업무 예치금,824475921942,국내증권사,B,SF205,각주항목(09.06월 이후)
17651,201812,0010094,미래에셋증권 주식회사,G,미배당별도예치금,16572671673,국내증권사,B,SF205,각주항목(09.06월 이후)
17652,201812,0010094,미래에셋증권 주식회사,H,배서어음매출(종금계정),0,국내증권사,B,SF205,각주항목(09.06월 이후)
17653,201812,0010094,미래에셋증권 주식회사,H1,대출채권매매이익_담보부, ,국내증권사,B,SF205,각주항목(09.06월 이후)
17654,201812,0010094,미래에셋증권 주식회사,H2,대출채권매매이익_무담보부, ,국내증권사,B,SF205,각주항목(09.06월 이후)
17655,201903,0010094,미래에셋증권 주식회사,A,채무보증,3258703500000,국내증권사,B,SF205,각주항목(09.06월 이후)
17656,201903,0010094,미래에셋증권 주식회사,A1,채무보증_지급보증,0,국내증권사,B,SF205,각주항목(09.06월 이후)
17657,201903,0010094,미래에셋증권 주식회사,A2,채무보증_매입보장약정,1619200000000,국내증권사,B,SF205,각주항목(09.06월 이후)
17658,201903,0010094,미래에셋증권 주식회사,A3,채무보증_채무인수약정,0,국내증권사,B,SF205,각주항목(09.06월 이후)
17659,201903,0010094,미래에셋증권 주식회사,A5,채무보증_매입확약,1502203500000,국내증권사,B,SF205,각주항목(09.06월 이후)
17660,201903,0010094,미래에셋증권 주식회사,A6,채무보증_기타,137300000000,국내증권사,B,SF205,각주항목(09.06월 이후)
17661,201903,0010094,미래에셋증권 주식회사,B,투자자의 예수증권 등,178770705725030,국내증권사,B,SF205,각주항목(09.06월 이후)
17662,201903,0010094,미래에셋증권 주식회사,B1,투자자의 예수증권 등_예수 증권,178770705725030,국내증권사,B,SF205,각주항목(09.06월 이후)
17663,201903,0010094,미래에셋증권 주식회사,B2,투자자의 예수증권 등_예수양도성예금증서,0,국내증권사,B,SF205,각주항목(09.06월 이후)
17664,201903,0010094,미래에셋증권 주식회사,B3,투자자의 예수증권 등_기타, ,국내증권사,B,SF205,각주항목(09.06월 이후)
17665,201903,0010094,미래에셋증권 주식회사,C,파생상품계약,169814931430919,국내증권사,B,SF205,각주항목(09.06월 이후)
17666,201903,0010094,미래에셋증권 주식회사,C1,파생상품계약_장내파생상품,20832980858567,국내증권사,B,SF205,각주항목(09.06월 이후)
17667,201903,0010094,미래에셋증권 주식회사,C11,파생상품계약_장내파생상품_이자율관련거래,3085777550228,국내증권사,B,SF205,각주항목(09.06월 이후)
17668,201903,0010094,미래에셋증권 주식회사,C12,파생상품계약_장내파생상품_통화관련거래,252749857905,국내증권사,B,SF205,각주항목(09.06월 이후)
17669,201903,0010094,미래에셋증권 주식회사,C13,파생상품계약_장내파생상품_주식관련거래,17154958751916,국내증권사,B,SF205,각주항목(09.06월 이후)
17670,201903,0010094,미래에셋증권 주식회사,C14,파생상품계약_장내파생상품_일반상품관련거래,339494698518,국내증권사,B,SF205,각주항목(09.06월 이후)
17671,201903,0010094,미래에셋증권 주식회사,C15,파생상품계약_장내파생상품_기타,0,국내증권사,B,SF205,각주항목(09.06월 이후)
17672,201903,0010094,미래에셋증권 주식회사,C2,파생상품계약_장외파생상품,148981950572352,국내증권사,B,SF205,각주항목(09.06월 이후)
17673,201903,0010094,미래에셋증권 주식회사,C21,파생상품계약_장외파생상품_이자율관련거래,97919163914071,국내증권사,B,SF205,각주항목(09.06월 이후)
17674,201903,0010094,미래에셋증권 주식회사,C22,파생상품계약_장외파생상품_통화관련거래,32548654142168,국내증권사,B,SF205,각주항목(09.06월 이후)
17675,201903,0010094,미래에셋증권 주식회사,C23,파생상품계약_장외파생상품_주식관련거래,15355153506913,국내증권사,B,SF205,각주항목(09.06월 이후)
17676,201903,0010094,미래에셋증권 주식회사,C24,파생상품계약_장외파생상품_신용관련거래,2670182720000,국내증권사,B,SF205,각주항목(09.06월 이후)
17677,201903,0010094,미래에셋증권 주식회사,C25,파생상품계약_장외파생상품_기타,488796289200,국내증권사,B,SF205,각주항목(09.06월 이후)
17678,201903,0010094,미래에셋증권 주식회사,D,대차 및 대주거래,12107160009843,국내증권사,B,SF205,각주항목(09.06월 이후)
17679,201903,0010094,미래에셋증권 주식회사,D1,대차 및 대주거래_대여증권,3370838647440,국내증권사,B,SF205,각주항목(09.06월 이후)
17680,201903,0010094,미래에셋증권 주식회사,D2,대차 및 대주거래_차입증권,8736321362403,국내증권사,B,SF205,각주항목(09.06월 이후)
17681,201903,0010094,미래에셋증권 주식회사,D3,대차 및 대주거래_신용거래대주,0,국내증권사,B,SF205,각주항목(09.06월 이후)
17682,201903,0010094,미래에셋증권 주식회사,E,대손상각채권,0,국내증권사,B,SF205,각주항목(09.06월 이후)
17683,201903,0010094,미래에셋증권 주식회사,F,환전업무 예치금,907317394761,국내증권사,B,SF205,각주항목(09.06월 이후)
17684,201903,0010094,미래에셋증권 주식회사,G,미배당별도예치금,10852161378,국내증권사,B,SF205,각주항목(09.06월 이후)
17685,201903,0010094,미래에셋증권 주식회사,H,배서어음매출(종금계정),0,국내증권사,B,SF205,각주항목(09.06월 이후)
17686,201903,0010094,미래에셋증권 주식회사,H1,대출채권매매이익_담보부,0,국내증권사,B,SF205,각주항목(09.06월 이후)
17687,201903,0010094,미래에셋증권 주식회사,H2,대출채권매매이익_무담보부,0,국내증권사,B,SF205,각주항목(09.06월 이후)
17688,201906,0010094,미래에셋증권 주식회사,A,채무보증,3225094893957,국내증권사,B,SF205,각주항목(09.06월 이후)
17689,201906,0010094,미래에셋증권 주식회사,A1,채무보증_지급보증,0,국내증권사,B,SF205,각주항목(09.06월 이후)
17690,201906,0010094,미래에셋증권 주식회사,A2,채무보증_매입보장약정,1522700000000,국내증권사,B,SF205,각주항목(09.06월 이후)
17691,201906,0010094,미래에셋증권 주식회사,A3,채무보증_채무인수약정,0,국내증권사,B,SF205,각주항목(09.06월 이후)
17692,201906,0010094,미래에셋증권 주식회사,A5,채무보증_매입확약,1702394893957,국내증권사,B,SF205,각주항목(09.06월 이후)
17693,201906,0010094,미래에셋증권 주식회사,A6,채무보증_기타,0,국내증권사,B,SF205,각주항목(09.06월 이후)
17694,201906,0010094,미래에셋증권 주식회사,B,투자자의 예수증권 등,178543674598207,국내증권사,B,SF205,각주항목(09.06월 이후)
17695,201906,0010094,미래에셋증권 주식회사,B1,투자자의 예수증권 등_예수 증권,178543674598207,국내증권사,B,SF205,각주항목(09.06월 이후)
17696,201906,0010094,미래에셋증권 주식회사,B2,투자자의 예수증권 등_예수양도성예금증서,0,국내증권사,B,SF205,각주항목(09.06월 이후)
17697,201906,0010094,미래에셋증권 주식회사,B3,투자자의 예수증권 등_기타, ,국내증권사,B,SF205,각주항목(09.06월 이후)
17698,201906,0010094,미래에셋증권 주식회사,C,파생상품계약,177052763319005,국내증권사,B,SF205,각주항목(09.06월 이후)
17699,201906,0010094,미래에셋증권 주식회사,C1,파생상품계약_장내파생상품,25134398069397,국내증권사,B,SF205,각주항목(09.06월 이후)
17700,201906,0010094,미래에셋증권 주식회사,C11,파생상품계약_장내파생상품_이자율관련거래,3094764167547,국내증권사,B,SF205,각주항목(09.06월 이후)
17701,201906,0010094,미래에셋증권 주식회사,C12,파생상품계약_장내파생상품_통화관련거래,343516013771,국내증권사,B,SF205,각주항목(09.06월 이후)
17702,201906,0010094,미래에셋증권 주식회사,C13,파생상품계약_장내파생상품_주식관련거래,21453180001846,국내증권사,B,SF205,각주항목(09.06월 이후)
17703,201906,0010094,미래에셋증권 주식회사,C14,파생상품계약_장내파생상품_일반상품관련거래,242937886233,국내증권사,B,SF205,각주항목(09.06월 이후)
17704,201906,0010094,미래에셋증권 주식회사,C15,파생상품계약_장내파생상품_기타,0,국내증권사,B,SF205,각주항목(09.06월 이후)
17705,201906,0010094,미래에셋증권 주식회사,C2,파생상품계약_장외파생상품,151918365249608,국내증권사,B,SF205,각주항목(09.06월 이후)
17706,201906,0010094,미래에셋증권 주식회사,C21,파생상품계약_장외파생상품_이자율관련거래,94234657461255,국내증권사,B,SF205,각주항목(09.06월 이후)
17707,201906,0010094,미래에셋증권 주식회사,C22,파생상품계약_장외파생상품_통화관련거래,39391721024067,국내증권사,B,SF205,각주항목(09.06월 이후)
17708,201906,0010094,미래에셋증권 주식회사,C23,파생상품계약_장외파생상품_주식관련거래,15030782422286,국내증권사,B,SF205,각주항목(09.06월 이후)
17709,201906,0010094,미래에셋증권 주식회사,C24,파생상품계약_장외파생상품_신용관련거래,2599008320000,국내증권사,B,SF205,각주항목(09.06월 이후)
17710,201906,0010094,미래에셋증권 주식회사,C25,파생상품계약_장외파생상품_기타,662196022000,국내증권사,B,SF205,각주항목(09.06월 이후)
17711,201906,0010094,미래에셋증권 주식회사,D,대차 및 대주거래,12955026956660,국내증권사,B,SF205,각주항목(09.06월 이후)
17712,201906,0010094,미래에셋증권 주식회사,D1,대차 및 대주거래_대여증권,3630111021795,국내증권사,B,SF205,각주항목(09.06월 이후)
17713,201906,0010094,미래에셋증권 주식회사,D2,대차 및 대주거래_차입증권,9324915934865,국내증권사,B,SF205,각주항목(09.06월 이후)
17714,201906,0010094,미래에셋증권 주식회사,D3,대차 및 대주거래_신용거래대주,0,국내증권사,B,SF205,각주항목(09.06월 이후)
17715,201906,0010094,미래에셋증권 주식회사,E,대손상각채권,0,국내증권사,B,SF205,각주항목(09.06월 이후)
17716,201906,0010094,미래에셋증권 주식회사,F,환전업무 예치금,882249405914,국내증권사,B,SF205,각주항목(09.06월 이후)
17717,201906,0010094,미래에셋증권 주식회사,G,미배당별도예치금,13667716677,국내증권사,B,SF205,각주항목(09.06월 이후)
17718,201906,0010094,미래에셋증권 주식회사,H,배서어음매출(종금계정),0,국내증권사,B,SF205,각주항목(09.06월 이후)
17719,201906,0010094,미래에셋증권 주식회사,H1,대출채권매매이익_담보부, ,국내증권사,B,SF205,각주항목(09.06월 이후)
17720,201906,0010094,미래에셋증권 주식회사,H2,대출채권매매이익_무담보부, ,국내증권사,B,SF205,각주항목(09.06월 이후)
17721,201909,0010094,미래에셋증권 주식회사,A,채무보증,2967805571167,국내증권사,B,SF205,각주항목(09.06월 이후)
17722,201909,0010094,미래에셋증권 주식회사,A1,채무보증_지급보증,3615260000,국내증권사,B,SF205,각주항목(09.06월 이후)
17723,201909,0010094,미래에셋증권 주식회사,A2,채무보증_매입보장약정,1340100000000,국내증권사,B,SF205,각주항목(09.06월 이후)
17724,201909,0010094,미래에셋증권 주식회사,A3,채무보증_채무인수약정,0,국내증권사,B,SF205,각주항목(09.06월 이후)
17725,201909,0010094,미래에셋증권 주식회사,A5,채무보증_매입확약,1624090311167,국내증권사,B,SF205,각주항목(09.06월 이후)
17726,201909,0010094,미래에셋증권 주식회사,A6,채무보증_기타,0,국내증권사,B,SF205,각주항목(09.06월 이후)
17727,201909,0010094,미래에셋증권 주식회사,B,투자자의 예수증권 등,172539737353716,국내증권사,B,SF205,각주항목(09.06월 이후)
17728,201909,0010094,미래에셋증권 주식회사,B1,투자자의 예수증권 등_예수 증권,172539737353716,국내증권사,B,SF205,각주항목(09.06월 이후)
17729,201909,0010094,미래에셋증권 주식회사,B2,투자자의 예수증권 등_예수양도성예금증서,0,국내증권사,B,SF205,각주항목(09.06월 이후)
17730,201909,0010094,미래에셋증권 주식회사,B3,투자자의 예수증권 등_기타, ,국내증권사,B,SF205,각주항목(09.06월 이후)
17731,201909,0010094,미래에셋증권 주식회사,C,파생상품계약,176905260919136,국내증권사,B,SF205,각주항목(09.06월 이후)
17732,201909,0010094,미래에셋증권 주식회사,C1,파생상품계약_장내파생상품,21696561001467,국내증권사,B,SF205,각주항목(09.06월 이후)
17733,201909,0010094,미래에셋증권 주식회사,C11,파생상품계약_장내파생상품_이자율관련거래,2203551498096,국내증권사,B,SF205,각주항목(09.06월 이후)
17734,201909,0010094,미래에셋증권 주식회사,C12,파생상품계약_장내파생상품_통화관련거래,441758985238,국내증권사,B,SF205,각주항목(09.06월 이후)
17735,201909,0010094,미래에셋증권 주식회사,C13,파생상품계약_장내파생상품_주식관련거래,18701201992037,국내증권사,B,SF205,각주항목(09.06월 이후)
17736,201909,0010094,미래에셋증권 주식회사,C14,파생상품계약_장내파생상품_일반상품관련거래,350048526096,국내증권사,B,SF205,각주항목(09.06월 이후)
17737,201909,0010094,미래에셋증권 주식회사,C15,파생상품계약_장내파생상품_기타,0,국내증권사,B,SF205,각주항목(09.06월 이후)
17738,201909,0010094,미래에셋증권 주식회사,C2,파생상품계약_장외파생상품,155208699917669,국내증권사,B,SF205,각주항목(09.06월 이후)
17739,201909,0010094,미래에셋증권 주식회사,C21,파생상품계약_장외파생상품_이자율관련거래,98819527588594,국내증권사,B,SF205,각주항목(09.06월 이후)
17740,201909,0010094,미래에셋증권 주식회사,C22,파생상품계약_장외파생상품_통화관련거래,38637056949208,국내증권사,B,SF205,각주항목(09.06월 이후)
17741,201909,0010094,미래에셋증권 주식회사,C23,파생상품계약_장외파생상품_주식관련거래,14991383529667,국내증권사,B,SF205,각주항목(09.06월 이후)
17742,201909,0010094,미래에셋증권 주식회사,C24,파생상품계약_장외파생상품_신용관련거래,1881310470000,국내증권사,B,SF205,각주항목(09.06월 이후)
17743,201909,0010094,미래에셋증권 주식회사,C25,파생상품계약_장외파생상품_기타,879421380200,국내증권사,B,SF205,각주항목(09.06월 이후)
17744,201909,0010094,미래에셋증권 주식회사,D,대차 및 대주거래,12357042490579,국내증권사,B,SF205,각주항목(09.06월 이후)
17745,201909,0010094,미래에셋증권 주식회사,D1,대차 및 대주거래_대여증권,3196406855542,국내증권사,B,SF205,각주항목(09.06월 이후)
17746,201909,0010094,미래에셋증권 주식회사,D2,대차 및 대주거래_차입증권,9160635635037,국내증권사,B,SF205,각주항목(09.06월 이후)
17747,201909,0010094,미래에셋증권 주식회사,D3,대차 및 대주거래_신용거래대주,0,국내증권사,B,SF205,각주항목(09.06월 이후)
17748,201909,0010094,미래에셋증권 주식회사,E,대손상각채권,0,국내증권사,B,SF205,각주항목(09.06월 이후)
17749,201909,0010094,미래에셋증권 주식회사,F,환전업무 예치금,1003600448043,국내증권사,B,SF205,각주항목(09.06월 이후)
17750,201909,0010094,미래에셋증권 주식회사,G,미배당별도예치금,10442176387,국내증권사,B,SF205,각주항목(09.06월 이후)
17751,201909,0010094,미래에셋증권 주식회사,H,배서어음매출(종금계정),0,국내증권사,B,SF205,각주항목(09.06월 이후)
17752,201909,0010094,미래에셋증권 주식회사,H1,대출채권매매이익_담보부,0,국내증권사,B,SF205,각주항목(09.06월 이후)
17753,201909,0010094,미래에셋증권 주식회사,H2,대출채권매매이익_무담보부,0,국내증권사,B,SF205,각주항목(09.06월 이후)
17754,201912,0010094,미래에셋증권 주식회사,A,채무보증,2870201586853,국내증권사,B,SF205,각주항목(09.06월 이후)
17755,201912,0010094,미래에셋증권 주식회사,A1,채무보증_지급보증,3567932500,국내증권사,B,SF205,각주항목(09.06월 이후)
17756,201912,0010094,미래에셋증권 주식회사,A2,채무보증_매입보장약정,1341218426520,국내증권사,B,SF205,각주항목(09.06월 이후)
17757,201912,0010094,미래에셋증권 주식회사,A3,채무보증_채무인수약정,0,국내증권사,B,SF205,각주항목(09.06월 이후)
17758,201912,0010094,미래에셋증권 주식회사,A5,채무보증_매입확약,1493415227833,국내증권사,B,SF205,각주항목(09.06월 이후)
17759,201912,0010094,미래에셋증권 주식회사,A6,채무보증_기타,32000000000,국내증권사,B,SF205,각주항목(09.06월 이후)
17760,201912,0010094,미래에셋증권 주식회사,B,투자자의 예수증권 등,181134801917731,국내증권사,B,SF205,각주항목(09.06월 이후)
17761,201912,0010094,미래에셋증권 주식회사,B1,투자자의 예수증권 등_예수 증권,181134801917731,국내증권사,B,SF205,각주항목(09.06월 이후)
17762,201912,0010094,미래에셋증권 주식회사,B2,투자자의 예수증권 등_예수양도성예금증서,0,국내증권사,B,SF205,각주항목(09.06월 이후)
17763,201912,0010094,미래에셋증권 주식회사,B3,투자자의 예수증권 등_기타, ,국내증권사,B,SF205,각주항목(09.06월 이후)
17764,201912,0010094,미래에셋증권 주식회사,C,파생상품계약,172126538249264,국내증권사,B,SF205,각주항목(09.06월 이후)
17765,201912,0010094,미래에셋증권 주식회사,C1,파생상품계약_장내파생상품,17038451381941,국내증권사,B,SF205,각주항목(09.06월 이후)
17766,201912,0010094,미래에셋증권 주식회사,C11,파생상품계약_장내파생상품_이자율관련거래,1971536067816,국내증권사,B,SF205,각주항목(09.06월 이후)
17767,201912,0010094,미래에셋증권 주식회사,C12,파생상품계약_장내파생상품_통화관련거래,393674849779,국내증권사,B,SF205,각주항목(09.06월 이후)
17768,201912,0010094,미래에셋증권 주식회사,C13,파생상품계약_장내파생상품_주식관련거래,14368678672167,국내증권사,B,SF205,각주항목(09.06월 이후)
17769,201912,0010094,미래에셋증권 주식회사,C14,파생상품계약_장내파생상품_일반상품관련거래,304561792179,국내증권사,B,SF205,각주항목(09.06월 이후)
17770,201912,0010094,미래에셋증권 주식회사,C15,파생상품계약_장내파생상품_기타,0,국내증권사,B,SF205,각주항목(09.06월 이후)
17771,201912,0010094,미래에셋증권 주식회사,C2,파생상품계약_장외파생상품,155088086867323,국내증권사,B,SF205,각주항목(09.06월 이후)
17772,201912,0010094,미래에셋증권 주식회사,C21,파생상품계약_장외파생상품_이자율관련거래,104467821591585,국내증권사,B,SF205,각주항목(09.06월 이후)
17773,201912,0010094,미래에셋증권 주식회사,C22,파생상품계약_장외파생상품_통화관련거래,31453737904898,국내증권사,B,SF205,각주항목(09.06월 이후)
17774,201912,0010094,미래에셋증권 주식회사,C23,파생상품계약_장외파생상품_주식관련거래,15210635503161,국내증권사,B,SF205,각주항목(09.06월 이후)
17775,201912,0010094,미래에셋증권 주식회사,C24,파생상품계약_장외파생상품_신용관련거래,1801789820000,국내증권사,B,SF205,각주항목(09.06월 이후)
17776,201912,0010094,미래에셋증권 주식회사,C25,파생상품계약_장외파생상품_기타,2154102047679,국내증권사,B,SF205,각주항목(09.06월 이후)
17777,201912,0010094,미래에셋증권 주식회사,D,대차 및 대주거래,13492259229541,국내증권사,B,SF205,각주항목(09.06월 이후)
17778,201912,0010094,미래에셋증권 주식회사,D1,대차 및 대주거래_대여증권,3539033636462,국내증권사,B,SF205,각주항목(09.06월 이후)
17779,201912,0010094,미래에셋증권 주식회사,D2,대차 및 대주거래_차입증권,9953225593079,국내증권사,B,SF205,각주항목(09.06월 이후)
17780,201912,0010094,미래에셋증권 주식회사,D3,대차 및 대주거래_신용거래대주,0,국내증권사,B,SF205,각주항목(09.06월 이후)
17781,201912,0010094,미래에셋증권 주식회사,E,대손상각채권,15475561632,국내증권사,B,SF205,각주항목(09.06월 이후)
17782,201912,0010094,미래에셋증권 주식회사,F,환전업무 예치금,1037034699982,국내증권사,B,SF205,각주항목(09.06월 이후)
17783,201912,0010094,미래에셋증권 주식회사,G,미배당별도예치금,14047914104,국내증권사,B,SF205,각주항목(09.06월 이후)
17784,201912,0010094,미래에셋증권 주식회사,H,배서어음매출(종금계정),0,국내증권사,B,SF205,각주항목(09.06월 이후)
17785,201912,0010094,미래에셋증권 주식회사,H1,대출채권매매이익_담보부, ,국내증권사,B,SF205,각주항목(09.06월 이후)
17786,201912,0010094,미래에셋증권 주식회사,H2,대출채권매매이익_무담보부, ,국내증권사,B,SF205,각주항목(09.06월 이후)
17787,202003,0010094,미래에셋증권 주식회사,A,채무보증,2555320479979,국내증권사,B,SF205,각주항목(09.06월 이후)
17788,202003,0010094,미래에셋증권 주식회사,A1,채무보증_지급보증,3708787500,국내증권사,B,SF205,각주항목(09.06월 이후)
17789,202003,0010094,미래에셋증권 주식회사,A2,채무보증_매입보장약정,1506200024415,국내증권사,B,SF205,각주항목(09.06월 이후)
17790,202003,0010094,미래에셋증권 주식회사,A3,채무보증_채무인수약정, ,국내증권사,B,SF205,각주항목(09.06월 이후)
17791,202003,0010094,미래에셋증권 주식회사,A5,채무보증_매입확약,1013411668064,국내증권사,B,SF205,각주항목(09.06월 이후)
17792,202003,0010094,미래에셋증권 주식회사,A6,채무보증_기타,32000000000,국내증권사,B,SF205,각주항목(09.06월 이후)
17793,202003,0010094,미래에셋증권 주식회사,B,투자자의 예수증권 등,163320350692956,국내증권사,B,SF205,각주항목(09.06월 이후)
17794,202003,0010094,미래에셋증권 주식회사,B1,투자자의 예수증권 등_예수 증권,163320350692956,국내증권사,B,SF205,각주항목(09.06월 이후)
17795,202003,0010094,미래에셋증권 주식회사,B2,투자자의 예수증권 등_예수양도성예금증서, ,국내증권사,B,SF205,각주항목(09.06월 이후)
17796,202003,0010094,미래에셋증권 주식회사,B3,투자자의 예수증권 등_기타, ,국내증권사,B,SF205,각주항목(09.06월 이후)
17797,202003,0010094,미래에셋증권 주식회사,C,파생상품계약,179634531453438,국내증권사,B,SF205,각주항목(09.06월 이후)
17798,202003,0010094,미래에셋증권 주식회사,C1,파생상품계약_장내파생상품,17551462161878,국내증권사,B,SF205,각주항목(09.06월 이후)
17799,202003,0010094,미래에셋증권 주식회사,C11,파생상품계약_장내파생상품_이자율관련거래,2059584402405,국내증권사,B,SF205,각주항목(09.06월 이후)
17800,202003,0010094,미래에셋증권 주식회사,C12,파생상품계약_장내파생상품_통화관련거래,406760952975,국내증권사,B,SF205,각주항목(09.06월 이후)
17801,202003,0010094,미래에셋증권 주식회사,C13,파생상품계약_장내파생상품_주식관련거래,14770954834227,국내증권사,B,SF205,각주항목(09.06월 이후)
17802,202003,0010094,미래에셋증권 주식회사,C14,파생상품계약_장내파생상품_일반상품관련거래,314161972271,국내증권사,B,SF205,각주항목(09.06월 이후)
17803,202003,0010094,미래에셋증권 주식회사,C15,파생상품계약_장내파생상품_기타,0,국내증권사,B,SF205,각주항목(09.06월 이후)
17804,202003,0010094,미래에셋증권 주식회사,C2,파생상품계약_장외파생상품,162083069291560,국내증권사,B,SF205,각주항목(09.06월 이후)
17805,202003,0010094,미래에셋증권 주식회사,C21,파생상품계약_장외파생상품_이자율관련거래,109735038988378,국내증권사,B,SF205,각주항목(09.06월 이후)
17806,202003,0010094,미래에셋증권 주식회사,C22,파생상품계약_장외파생상품_통화관련거래,36325731848150,국내증권사,B,SF205,각주항목(09.06월 이후)
17807,202003,0010094,미래에셋증권 주식회사,C23,파생상품계약_장외파생상품_주식관련거래,13697012023032,국내증권사,B,SF205,각주항목(09.06월 이후)
17808,202003,0010094,미래에셋증권 주식회사,C24,파생상품계약_장외파생상품_신용관련거래,1325285740000,국내증권사,B,SF205,각주항목(09.06월 이후)
17809,202003,0010094,미래에셋증권 주식회사,C25,파생상품계약_장외파생상품_기타,1000000692000,국내증권사,B,SF205,각주항목(09.06월 이후)
17810,202003,0010094,미래에셋증권 주식회사,D,대차 및 대주거래,13521041809282,국내증권사,B,SF205,각주항목(09.06월 이후)
17811,202003,0010094,미래에셋증권 주식회사,D1,대차 및 대주거래_대여증권,3310816326645,국내증권사,B,SF205,각주항목(09.06월 이후)
17812,202003,0010094,미래에셋증권 주식회사,D2,대차 및 대주거래_차입증권,10210225482637,국내증권사,B,SF205,각주항목(09.06월 이후)
17813,202003,0010094,미래에셋증권 주식회사,D3,대차 및 대주거래_신용거래대주, ,국내증권사,B,SF205,각주항목(09.06월 이후)
17814,202003,0010094,미래에셋증권 주식회사,E,대손상각채권,15475561632,국내증권사,B,SF205,각주항목(09.06월 이후)
17815,202003,0010094,미래에셋증권 주식회사,F,환전업무 예치금,1791383663132,국내증권사,B,SF205,각주항목(09.06월 이후)
17816,202003,0010094,미래에셋증권 주식회사,G,미배당별도예치금,11046732226,국내증권사,B,SF205,각주항목(09.06월 이후)
17817,202003,0010094,미래에셋증권 주식회사,H,배서어음매출(종금계정),0,국내증권사,B,SF205,각주항목(09.06월 이후)
17818,202003,0010094,미래에셋증권 주식회사,H1,대출채권매매이익_담보부, ,국내증권사,B,SF205,각주항목(09.06월 이후)
17819,202003,0010094,미래에셋증권 주식회사,H2,대출채권매매이익_무담보부, ,국내증권사,B,SF205,각주항목(09.06월 이후)
17820,202006,0010094,미래에셋증권 주식회사,A,채무보증,2386684818839,국내증권사,B,SF205,각주항목(09.06월 이후)
17821,202006,0010094,미래에셋증권 주식회사,A1,채무보증_지급보증,3713022500,국내증권사,B,SF205,각주항목(09.06월 이후)
17822,202006,0010094,미래에셋증권 주식회사,A2,채무보증_매입보장약정,1292739381165,국내증권사,B,SF205,각주항목(09.06월 이후)
17823,202006,0010094,미래에셋증권 주식회사,A3,채무보증_채무인수약정,0,국내증권사,B,SF205,각주항목(09.06월 이후)
17824,202006,0010094,미래에셋증권 주식회사,A5,채무보증_매입확약,1058232415174,국내증권사,B,SF205,각주항목(09.06월 이후)
17825,202006,0010094,미래에셋증권 주식회사,A6,채무보증_기타,32000000000,국내증권사,B,SF205,각주항목(09.06월 이후)
17826,202006,0010094,미래에셋증권 주식회사,B,투자자의 예수증권 등,196140474548820,국내증권사,B,SF205,각주항목(09.06월 이후)
17827,202006,0010094,미래에셋증권 주식회사,B1,투자자의 예수증권 등_예수 증권,196140474548820,국내증권사,B,SF205,각주항목(09.06월 이후)
17828,202006,0010094,미래에셋증권 주식회사,B2,투자자의 예수증권 등_예수양도성예금증서,0,국내증권사,B,SF205,각주항목(09.06월 이후)
17829,202006,0010094,미래에셋증권 주식회사,B3,투자자의 예수증권 등_기타, ,국내증권사,B,SF205,각주항목(09.06월 이후)
17830,202006,0010094,미래에셋증권 주식회사,C,파생상품계약,165659430774969,국내증권사,B,SF205,각주항목(09.06월 이후)
17831,202006,0010094,미래에셋증권 주식회사,C1,파생상품계약_장내파생상품,13944565711523,국내증권사,B,SF205,각주항목(09.06월 이후)
17832,202006,0010094,미래에셋증권 주식회사,C11,파생상품계약_장내파생상품_이자율관련거래,1843771185118,국내증권사,B,SF205,각주항목(09.06월 이후)
17833,202006,0010094,미래에셋증권 주식회사,C12,파생상품계약_장내파생상품_통화관련거래,250094280887,국내증권사,B,SF205,각주항목(09.06월 이후)
17834,202006,0010094,미래에셋증권 주식회사,C13,파생상품계약_장내파생상품_주식관련거래,11547648750321,국내증권사,B,SF205,각주항목(09.06월 이후)
17835,202006,0010094,미래에셋증권 주식회사,C14,파생상품계약_장내파생상품_일반상품관련거래,303051495197,국내증권사,B,SF205,각주항목(09.06월 이후)
17836,202006,0010094,미래에셋증권 주식회사,C15,파생상품계약_장내파생상품_기타,0,국내증권사,B,SF205,각주항목(09.06월 이후)
17837,202006,0010094,미래에셋증권 주식회사,C2,파생상품계약_장외파생상품,151714865063446,국내증권사,B,SF205,각주항목(09.06월 이후)
17838,202006,0010094,미래에셋증권 주식회사,C21,파생상품계약_장외파생상품_이자율관련거래,107241979133380,국내증권사,B,SF205,각주항목(09.06월 이후)
17839,202006,0010094,미래에셋증권 주식회사,C22,파생상품계약_장외파생상품_통화관련거래,29002934010560,국내증권사,B,SF205,각주항목(09.06월 이후)
17840,202006,0010094,미래에셋증권 주식회사,C23,파생상품계약_장외파생상품_주식관련거래,13322040745606,국내증권사,B,SF205,각주항목(09.06월 이후)
17841,202006,0010094,미래에셋증권 주식회사,C24,파생상품계약_장외파생상품_신용관련거래,1171282850000,국내증권사,B,SF205,각주항목(09.06월 이후)
17842,202006,0010094,미래에셋증권 주식회사,C25,파생상품계약_장외파생상품_기타,976628323900,국내증권사,B,SF205,각주항목(09.06월 이후)
17843,202006,0010094,미래에셋증권 주식회사,D,대차 및 대주거래,12088688916939,국내증권사,B,SF205,각주항목(09.06월 이후)
17844,202006,0010094,미래에셋증권 주식회사,D1,대차 및 대주거래_대여증권,2204472120452,국내증권사,B,SF205,각주항목(09.06월 이후)
17845,202006,0010094,미래에셋증권 주식회사,D2,대차 및 대주거래_차입증권,9884216796487,국내증권사,B,SF205,각주항목(09.06월 이후)
17846,202006,0010094,미래에셋증권 주식회사,D3,대차 및 대주거래_신용거래대주,0,국내증권사,B,SF205,각주항목(09.06월 이후)
17847,202006,0010094,미래에셋증권 주식회사,E,대손상각채권,18226802037,국내증권사,B,SF205,각주항목(09.06월 이후)
17848,202006,0010094,미래에셋증권 주식회사,F,환전업무 예치금,1900630246365,국내증권사,B,SF205,각주항목(09.06월 이후)
17849,202006,0010094,미래에셋증권 주식회사,G,미배당별도예치금,17420614670,국내증권사,B,SF205,각주항목(09.06월 이후)
17850,202006,0010094,미래에셋증권 주식회사,H,배서어음매출(종금계정),0,국내증권사,B,SF205,각주항목(09.06월 이후)
17851,202006,0010094,미래에셋증권 주식회사,H1,대출채권매매이익_담보부, ,국내증권사,B,SF205,각주항목(09.06월 이후)
17852,202006,0010094,미래에셋증권 주식회사,H2,대출채권매매이익_무담보부, ,국내증권사,B,SF205,각주항목(09.06월 이후)
17853,202009,0010094,미래에셋증권 주식회사,A,채무보증,2117285832689,국내증권사,B,SF205,각주항목(09.06월 이후)
17854,202009,0010094,미래에셋증권 주식회사,A1,채무보증_지급보증,3765905000,국내증권사,B,SF205,각주항목(09.06월 이후)
17855,202009,0010094,미래에셋증권 주식회사,A2,채무보증_매입보장약정,1337607323986,국내증권사,B,SF205,각주항목(09.06월 이후)
17856,202009,0010094,미래에셋증권 주식회사,A3,채무보증_채무인수약정,0,국내증권사,B,SF205,각주항목(09.06월 이후)
17857,202009,0010094,미래에셋증권 주식회사,A5,채무보증_매입확약,775912603703,국내증권사,B,SF205,각주항목(09.06월 이후)
17858,202009,0010094,미래에셋증권 주식회사,A6,채무보증_기타,0,국내증권사,B,SF205,각주항목(09.06월 이후)
17859,202009,0010094,미래에셋증권 주식회사,B,투자자의 예수증권 등,229184040973569,국내증권사,B,SF205,각주항목(09.06월 이후)
17860,202009,0010094,미래에셋증권 주식회사,B1,투자자의 예수증권 등_예수 증권,229184040973569,국내증권사,B,SF205,각주항목(09.06월 이후)
17861,202009,0010094,미래에셋증권 주식회사,B2,투자자의 예수증권 등_예수양도성예금증서,0,국내증권사,B,SF205,각주항목(09.06월 이후)
17862,202009,0010094,미래에셋증권 주식회사,B3,투자자의 예수증권 등_기타,0,국내증권사,B,SF205,각주항목(09.06월 이후)
17863,202009,0010094,미래에셋증권 주식회사,C,파생상품계약,166878953000153,국내증권사,B,SF205,각주항목(09.06월 이후)
17864,202009,0010094,미래에셋증권 주식회사,C1,파생상품계약_장내파생상품,14712925263985,국내증권사,B,SF205,각주항목(09.06월 이후)
17865,202009,0010094,미래에셋증권 주식회사,C11,파생상품계약_장내파생상품_이자율관련거래,1953025523319,국내증권사,B,SF205,각주항목(09.06월 이후)
17866,202009,0010094,미래에셋증권 주식회사,C12,파생상품계약_장내파생상품_통화관련거래,160337976521,국내증권사,B,SF205,각주항목(09.06월 이후)
17867,202009,0010094,미래에셋증권 주식회사,C13,파생상품계약_장내파생상품_주식관련거래,12370153431157,국내증권사,B,SF205,각주항목(09.06월 이후)
17868,202009,0010094,미래에셋증권 주식회사,C14,파생상품계약_장내파생상품_일반상품관련거래,229408332988,국내증권사,B,SF205,각주항목(09.06월 이후)
17869,202009,0010094,미래에셋증권 주식회사,C15,파생상품계약_장내파생상품_기타,0,국내증권사,B,SF205,각주항목(09.06월 이후)
17870,202009,0010094,미래에셋증권 주식회사,C2,파생상품계약_장외파생상품,152166027736168,국내증권사,B,SF205,각주항목(09.06월 이후)
17871,202009,0010094,미래에셋증권 주식회사,C21,파생상품계약_장외파생상품_이자율관련거래,109548340930039,국내증권사,B,SF205,각주항목(09.06월 이후)
17872,202009,0010094,미래에셋증권 주식회사,C22,파생상품계약_장외파생상품_통화관련거래,27888567064741,국내증권사,B,SF205,각주항목(09.06월 이후)
17873,202009,0010094,미래에셋증권 주식회사,C23,파생상품계약_장외파생상품_주식관련거래,12320040949968,국내증권사,B,SF205,각주항목(09.06월 이후)
17874,202009,0010094,미래에셋증권 주식회사,C24,파생상품계약_장외파생상품_신용관련거래,1125973250000,국내증권사,B,SF205,각주항목(09.06월 이후)
17875,202009,0010094,미래에셋증권 주식회사,C25,파생상품계약_장외파생상품_기타,1283105541420,국내증권사,B,SF205,각주항목(09.06월 이후)
17876,202009,0010094,미래에셋증권 주식회사,D,대차 및 대주거래,11689913964425,국내증권사,B,SF205,각주항목(09.06월 이후)
17877,202009,0010094,미래에셋증권 주식회사,D1,대차 및 대주거래_대여증권,2669491223109,국내증권사,B,SF205,각주항목(09.06월 이후)
17878,202009,0010094,미래에셋증권 주식회사,D2,대차 및 대주거래_차입증권,9020422741316,국내증권사,B,SF205,각주항목(09.06월 이후)
17879,202009,0010094,미래에셋증권 주식회사,D3,대차 및 대주거래_신용거래대주,0,국내증권사,B,SF205,각주항목(09.06월 이후)
17880,202009,0010094,미래에셋증권 주식회사,E,대손상각채권,18226802037,국내증권사,B,SF205,각주항목(09.06월 이후)
17881,202009,0010094,미래에셋증권 주식회사,F,환전업무 예치금,2203255950107,국내증권사,B,SF205,각주항목(09.06월 이후)
17882,202009,0010094,미래에셋증권 주식회사,G,미배당별도예치금,19604947216,국내증권사,B,SF205,각주항목(09.06월 이후)
17883,202009,0010094,미래에셋증권 주식회사,H,배서어음매출(종금계정),0,국내증권사,B,SF205,각주항목(09.06월 이후)
17884,202009,0010094,미래에셋증권 주식회사,H1,대출채권매매이익_담보부, ,국내증권사,B,SF205,각주항목(09.06월 이후)
17885,202009,0010094,미래에셋증권 주식회사,H2,대출채권매매이익_무담보부, ,국내증권사,B,SF205,각주항목(09.06월 이후)
17886,202012,0010094,미래에셋증권 주식회사,A,채무보증,1965453191826,국내증권사,B,SF205,각주항목(09.06월 이후)
17887,202012,0010094,미래에셋증권 주식회사,A1,채무보증_지급보증,3680160000,국내증권사,B,SF205,각주항목(09.06월 이후)
17888,202012,0010094,미래에셋증권 주식회사,A2,채무보증_매입보장약정,1360488867711,국내증권사,B,SF205,각주항목(09.06월 이후)
17889,202012,0010094,미래에셋증권 주식회사,A3,채무보증_채무인수약정,0,국내증권사,B,SF205,각주항목(09.06월 이후)
17890,202012,0010094,미래에셋증권 주식회사,A5,채무보증_매입확약,601284164115,국내증권사,B,SF205,각주항목(09.06월 이후)
17891,202012,0010094,미래에셋증권 주식회사,A6,채무보증_기타,0,국내증권사,B,SF205,각주항목(09.06월 이후)
17892,202012,0010094,미래에셋증권 주식회사,B,투자자의 예수증권 등,263060312461449,국내증권사,B,SF205,각주항목(09.06월 이후)
17893,202012,0010094,미래에셋증권 주식회사,B1,투자자의 예수증권 등_예수 증권,263060312461449,국내증권사,B,SF205,각주항목(09.06월 이후)
17894,202012,0010094,미래에셋증권 주식회사,B2,투자자의 예수증권 등_예수양도성예금증서,0,국내증권사,B,SF205,각주항목(09.06월 이후)
17895,202012,0010094,미래에셋증권 주식회사,B3,투자자의 예수증권 등_기타, ,국내증권사,B,SF205,각주항목(09.06월 이후)
17896,202012,0010094,미래에셋증권 주식회사,C,파생상품계약,156227691819993,국내증권사,B,SF205,각주항목(09.06월 이후)
17897,202012,0010094,미래에셋증권 주식회사,C1,파생상품계약_장내파생상품,13311141893563,국내증권사,B,SF205,각주항목(09.06월 이후)
17898,202012,0010094,미래에셋증권 주식회사,C11,파생상품계약_장내파생상품_이자율관련거래,1516391800468,국내증권사,B,SF205,각주항목(09.06월 이후)
17899,202012,0010094,미래에셋증권 주식회사,C12,파생상품계약_장내파생상품_통화관련거래,369873514357,국내증권사,B,SF205,각주항목(09.06월 이후)
17900,202012,0010094,미래에셋증권 주식회사,C13,파생상품계약_장내파생상품_주식관련거래,11283706718095,국내증권사,B,SF205,각주항목(09.06월 이후)
17901,202012,0010094,미래에셋증권 주식회사,C14,파생상품계약_장내파생상품_일반상품관련거래,141169860643,국내증권사,B,SF205,각주항목(09.06월 이후)
17902,202012,0010094,미래에셋증권 주식회사,C15,파생상품계약_장내파생상품_기타,0,국내증권사,B,SF205,각주항목(09.06월 이후)
17903,202012,0010094,미래에셋증권 주식회사,C2,파생상품계약_장외파생상품,142916549926430,국내증권사,B,SF205,각주항목(09.06월 이후)
17904,202012,0010094,미래에셋증권 주식회사,C21,파생상품계약_장외파생상품_이자율관련거래,104128708803416,국내증권사,B,SF205,각주항목(09.06월 이후)
17905,202012,0010094,미래에셋증권 주식회사,C22,파생상품계약_장외파생상품_통화관련거래,23130758441506,국내증권사,B,SF205,각주항목(09.06월 이후)
17906,202012,0010094,미래에셋증권 주식회사,C23,파생상품계약_장외파생상품_주식관련거래,13508052849408,국내증권사,B,SF205,각주항목(09.06월 이후)
17907,202012,0010094,미래에셋증권 주식회사,C24,파생상품계약_장외파생상품_신용관련거래,619616000000,국내증권사,B,SF205,각주항목(09.06월 이후)
17908,202012,0010094,미래에셋증권 주식회사,C25,파생상품계약_장외파생상품_기타,1529413832100,국내증권사,B,SF205,각주항목(09.06월 이후)
17909,202012,0010094,미래에셋증권 주식회사,D,대차 및 대주거래,12633986120495,국내증권사,B,SF205,각주항목(09.06월 이후)
17910,202012,0010094,미래에셋증권 주식회사,D1,대차 및 대주거래_대여증권,3241055397419,국내증권사,B,SF205,각주항목(09.06월 이후)
17911,202012,0010094,미래에셋증권 주식회사,D2,대차 및 대주거래_차입증권,9392930723076,국내증권사,B,SF205,각주항목(09.06월 이후)
17912,202012,0010094,미래에셋증권 주식회사,D3,대차 및 대주거래_신용거래대주,0,국내증권사,B,SF205,각주항목(09.06월 이후)
17913,202012,0010094,미래에셋증권 주식회사,E,대손상각채권,18226802037,국내증권사,B,SF205,각주항목(09.06월 이후)
17914,202012,0010094,미래에셋증권 주식회사,F,환전업무 예치금,2163673421827,국내증권사,B,SF205,각주항목(09.06월 이후)
17915,202012,0010094,미래에셋증권 주식회사,G,미배당별도예치금,26151509332,국내증권사,B,SF205,각주항목(09.06월 이후)
17916,202012,0010094,미래에셋증권 주식회사,H,배서어음매출(종금계정),0,국내증권사,B,SF205,각주항목(09.06월 이후)
17917,202012,0010094,미래에셋증권 주식회사,H1,대출채권매매이익_담보부, ,국내증권사,B,SF205,각주항목(09.06월 이후)
17918,202012,0010094,미래에셋증권 주식회사,H2,대출채권매매이익_무담보부, ,국내증권사,B,SF205,각주항목(09.06월 이후)
17919,202103,0010094,미래에셋증권 주식회사,A,채무보증,1830128753516,국내증권사,B,SF205,각주항목(09.06월 이후)
17920,202103,0010094,미래에셋증권 주식회사,A1,채무보증_지급보증,5277797500,국내증권사,B,SF205,각주항목(09.06월 이후)
17921,202103,0010094,미래에셋증권 주식회사,A2,채무보증_매입보장약정,1238564900803,국내증권사,B,SF205,각주항목(09.06월 이후)
17922,202103,0010094,미래에셋증권 주식회사,A3,채무보증_채무인수약정,0,국내증권사,B,SF205,각주항목(09.06월 이후)
17923,202103,0010094,미래에셋증권 주식회사,A5,채무보증_매입확약,586286055213,국내증권사,B,SF205,각주항목(09.06월 이후)
17924,202103,0010094,미래에셋증권 주식회사,A6,채무보증_기타,0,국내증권사,B,SF205,각주항목(09.06월 이후)
17925,202103,0010094,미래에셋증권 주식회사,B,투자자의 예수증권 등,286061140070492,국내증권사,B,SF205,각주항목(09.06월 이후)
17926,202103,0010094,미래에셋증권 주식회사,B1,투자자의 예수증권 등_예수 증권,286061140070492,국내증권사,B,SF205,각주항목(09.06월 이후)
17927,202103,0010094,미래에셋증권 주식회사,B2,투자자의 예수증권 등_예수양도성예금증서,0,국내증권사,B,SF205,각주항목(09.06월 이후)
17928,202103,0010094,미래에셋증권 주식회사,B3,투자자의 예수증권 등_기타, ,국내증권사,B,SF205,각주항목(09.06월 이후)
17929,202103,0010094,미래에셋증권 주식회사,C,파생상품계약,152089972395672,국내증권사,B,SF205,각주항목(09.06월 이후)
17930,202103,0010094,미래에셋증권 주식회사,C1,파생상품계약_장내파생상품,14169659951110,국내증권사,B,SF205,각주항목(09.06월 이후)
17931,202103,0010094,미래에셋증권 주식회사,C11,파생상품계약_장내파생상품_이자율관련거래,2076226537823,국내증권사,B,SF205,각주항목(09.06월 이후)
17932,202103,0010094,미래에셋증권 주식회사,C12,파생상품계약_장내파생상품_통화관련거래,260983685194,국내증권사,B,SF205,각주항목(09.06월 이후)
17933,202103,0010094,미래에셋증권 주식회사,C13,파생상품계약_장내파생상품_주식관련거래,11753225160371,국내증권사,B,SF205,각주항목(09.06월 이후)
17934,202103,0010094,미래에셋증권 주식회사,C14,파생상품계약_장내파생상품_일반상품관련거래,79224567722,국내증권사,B,SF205,각주항목(09.06월 이후)
17935,202103,0010094,미래에셋증권 주식회사,C15,파생상품계약_장내파생상품_기타,0,국내증권사,B,SF205,각주항목(09.06월 이후)
17936,202103,0010094,미래에셋증권 주식회사,C2,파생상품계약_장외파생상품,137920312444562,국내증권사,B,SF205,각주항목(09.06월 이후)
17937,202103,0010094,미래에셋증권 주식회사,C21,파생상품계약_장외파생상품_이자율관련거래,101852479536503,국내증권사,B,SF205,각주항목(09.06월 이후)
17938,202103,0010094,미래에셋증권 주식회사,C22,파생상품계약_장외파생상품_통화관련거래,23592861356459,국내증권사,B,SF205,각주항목(09.06월 이후)
17939,202103,0010094,미래에셋증권 주식회사,C23,파생상품계약_장외파생상품_주식관련거래,10431804527959,국내증권사,B,SF205,각주항목(09.06월 이후)
17940,202103,0010094,미래에셋증권 주식회사,C24,파생상품계약_장외파생상품_신용관련거래,532178250000,국내증권사,B,SF205,각주항목(09.06월 이후)
17941,202103,0010094,미래에셋증권 주식회사,C25,파생상품계약_장외파생상품_기타,1510988773641,국내증권사,B,SF205,각주항목(09.06월 이후)
17942,202103,0010094,미래에셋증권 주식회사,D,대차 및 대주거래,13120434256283,국내증권사,B,SF205,각주항목(09.06월 이후)
17943,202103,0010094,미래에셋증권 주식회사,D1,대차 및 대주거래_대여증권,3405480039471,국내증권사,B,SF205,각주항목(09.06월 이후)
17944,202103,0010094,미래에셋증권 주식회사,D2,대차 및 대주거래_차입증권,9714954216812,국내증권사,B,SF205,각주항목(09.06월 이후)
17945,202103,0010094,미래에셋증권 주식회사,D3,대차 및 대주거래_신용거래대주,0,국내증권사,B,SF205,각주항목(09.06월 이후)
17946,202103,0010094,미래에셋증권 주식회사,E,대손상각채권,18226802037,국내증권사,B,SF205,각주항목(09.06월 이후)
17947,202103,0010094,미래에셋증권 주식회사,F,환전업무 예치금,2188234741253,국내증권사,B,SF205,각주항목(09.06월 이후)
17948,202103,0010094,미래에셋증권 주식회사,G,미배당별도예치금,10717044388,국내증권사,B,SF205,각주항목(09.06월 이후)
17949,202103,0010094,미래에셋증권 주식회사,H,배서어음매출(종금계정),0,국내증권사,B,SF205,각주항목(09.06월 이후)
17950,202103,0010094,미래에셋증권 주식회사,H1,대출채권매매이익_담보부, ,국내증권사,B,SF205,각주항목(09.06월 이후)
17951,202103,0010094,미래에셋증권 주식회사,H2,대출채권매매이익_무담보부, ,국내증권사,B,SF205,각주항목(09.06월 이후)
17952,202106,0010094,미래에셋증권 주식회사,A,채무보증,1864565520738,국내증권사,B,SF205,각주항목(09.06월 이후)
17953,202106,0010094,미래에셋증권 주식회사,A1,채무보증_지급보증,1625000000,국내증권사,B,SF205,각주항목(09.06월 이후)
17954,202106,0010094,미래에셋증권 주식회사,A2,채무보증_매입보장약정,1148576493735,국내증권사,B,SF205,각주항목(09.06월 이후)
17955,202106,0010094,미래에셋증권 주식회사,A3,채무보증_채무인수약정,0,국내증권사,B,SF205,각주항목(09.06월 이후)
17956,202106,0010094,미래에셋증권 주식회사,A5,채무보증_매입확약,714364027003,국내증권사,B,SF205,각주항목(09.06월 이후)
17957,202106,0010094,미래에셋증권 주식회사,A6,채무보증_기타,0,국내증권사,B,SF205,각주항목(09.06월 이후)
17958,202106,0010094,미래에셋증권 주식회사,B,투자자의 예수증권 등,319250224072226,국내증권사,B,SF205,각주항목(09.06월 이후)
17959,202106,0010094,미래에셋증권 주식회사,B1,투자자의 예수증권 등_예수 증권,319250224072226,국내증권사,B,SF205,각주항목(09.06월 이후)
17960,202106,0010094,미래에셋증권 주식회사,B2,투자자의 예수증권 등_예수양도성예금증서,0,국내증권사,B,SF205,각주항목(09.06월 이후)
17961,202106,0010094,미래에셋증권 주식회사,B3,투자자의 예수증권 등_기타,0,국내증권사,B,SF205,각주항목(09.06월 이후)
17962,202106,0010094,미래에셋증권 주식회사,C,파생상품계약,149224959161318,국내증권사,B,SF205,각주항목(09.06월 이후)
17963,202106,0010094,미래에셋증권 주식회사,C1,파생상품계약_장내파생상품,12349814489384,국내증권사,B,SF205,각주항목(09.06월 이후)
17964,202106,0010094,미래에셋증권 주식회사,C11,파생상품계약_장내파생상품_이자율관련거래,1691013856112,국내증권사,B,SF205,각주항목(09.06월 이후)
17965,202106,0010094,미래에셋증권 주식회사,C12,파생상품계약_장내파생상품_통화관련거래,0,국내증권사,B,SF205,각주항목(09.06월 이후)
17966,202106,0010094,미래에셋증권 주식회사,C13,파생상품계약_장내파생상품_주식관련거래,10615843652197,국내증권사,B,SF205,각주항목(09.06월 이후)
17967,202106,0010094,미래에셋증권 주식회사,C14,파생상품계약_장내파생상품_일반상품관련거래,42956981075,국내증권사,B,SF205,각주항목(09.06월 이후)
17968,202106,0010094,미래에셋증권 주식회사,C15,파생상품계약_장내파생상품_기타,0,국내증권사,B,SF205,각주항목(09.06월 이후)
17969,202106,0010094,미래에셋증권 주식회사,C2,파생상품계약_장외파생상품,136875144671934,국내증권사,B,SF205,각주항목(09.06월 이후)
17970,202106,0010094,미래에셋증권 주식회사,C21,파생상품계약_장외파생상품_이자율관련거래,103351883067853,국내증권사,B,SF205,각주항목(09.06월 이후)
17971,202106,0010094,미래에셋증권 주식회사,C22,파생상품계약_장외파생상품_통화관련거래,22091171394349,국내증권사,B,SF205,각주항목(09.06월 이후)
17972,202106,0010094,미래에셋증권 주식회사,C23,파생상품계약_장외파생상품_주식관련거래,9920390584152,국내증권사,B,SF205,각주항목(09.06월 이후)
17973,202106,0010094,미래에셋증권 주식회사,C24,파생상품계약_장외파생상품_신용관련거래,22035000000,국내증권사,B,SF205,각주항목(09.06월 이후)
17974,202106,0010094,미래에셋증권 주식회사,C25,파생상품계약_장외파생상품_기타,1489664625580,국내증권사,B,SF205,각주항목(09.06월 이후)
17975,202106,0010094,미래에셋증권 주식회사,D,대차 및 대주거래,15788219758455,국내증권사,B,SF205,각주항목(09.06월 이후)
17976,202106,0010094,미래에셋증권 주식회사,D1,대차 및 대주거래_대여증권,4562648281897,국내증권사,B,SF205,각주항목(09.06월 이후)
17977,202106,0010094,미래에셋증권 주식회사,D2,대차 및 대주거래_차입증권,11225571476558,국내증권사,B,SF205,각주항목(09.06월 이후)
17978,202106,0010094,미래에셋증권 주식회사,D3,대차 및 대주거래_신용거래대주,0,국내증권사,B,SF205,각주항목(09.06월 이후)
17979,202106,0010094,미래에셋증권 주식회사,E,대손상각채권,18226802037,국내증권사,B,SF205,각주항목(09.06월 이후)
17980,202106,0010094,미래에셋증권 주식회사,F,환전업무 예치금,2372389237023,국내증권사,B,SF205,각주항목(09.06월 이후)
17981,202106,0010094,미래에셋증권 주식회사,G,미배당별도예치금,16655774402,국내증권사,B,SF205,각주항목(09.06월 이후)
17982,202106,0010094,미래에셋증권 주식회사,H,배서어음매출(종금계정),0,국내증권사,B,SF205,각주항목(09.06월 이후)
17983,202106,0010094,미래에셋증권 주식회사,H1,대출채권매매이익_담보부,0,국내증권사,B,SF205,각주항목(09.06월 이후)
17984,202106,0010094,미래에셋증권 주식회사,H2,대출채권매매이익_무담보부,0,국내증권사,B,SF205,각주항목(09.06월 이후)
17985,202109,0010094,미래에셋증권 주식회사,A,채무보증,1748068399446,국내증권사,B,SF205,각주항목(09.06월 이후)
17986,202109,0010094,미래에셋증권 주식회사,A1,채무보증_지급보증,49748428572,국내증권사,B,SF205,각주항목(09.06월 이후)
17987,202109,0010094,미래에셋증권 주식회사,A2,채무보증_매입보장약정,1113576707129,국내증권사,B,SF205,각주항목(09.06월 이후)
17988,202109,0010094,미래에셋증권 주식회사,A3,채무보증_채무인수약정,0,국내증권사,B,SF205,각주항목(09.06월 이후)
17989,202109,0010094,미래에셋증권 주식회사,A5,채무보증_매입확약,584743263745,국내증권사,B,SF205,각주항목(09.06월 이후)
17990,202109,0010094,미래에셋증권 주식회사,A6,채무보증_기타,0,국내증권사,B,SF205,각주항목(09.06월 이후)
17991,202109,0010094,미래에셋증권 주식회사,B,투자자의 예수증권 등,357754143991507,국내증권사,B,SF205,각주항목(09.06월 이후)
17992,202109,0010094,미래에셋증권 주식회사,B1,투자자의 예수증권 등_예수 증권,357754143991507,국내증권사,B,SF205,각주항목(09.06월 이후)
17993,202109,0010094,미래에셋증권 주식회사,B2,투자자의 예수증권 등_예수양도성예금증서,0,국내증권사,B,SF205,각주항목(09.06월 이후)
17994,202109,0010094,미래에셋증권 주식회사,B3,투자자의 예수증권 등_기타, ,국내증권사,B,SF205,각주항목(09.06월 이후)
17995,202109,0010094,미래에셋증권 주식회사,C,파생상품계약,148713572176455,국내증권사,B,SF205,각주항목(09.06월 이후)
17996,202109,0010094,미래에셋증권 주식회사,C1,파생상품계약_장내파생상품,14376132178194,국내증권사,B,SF205,각주항목(09.06월 이후)
17997,202109,0010094,미래에셋증권 주식회사,C11,파생상품계약_장내파생상품_이자율관련거래,1743228852887,국내증권사,B,SF205,각주항목(09.06월 이후)
17998,202109,0010094,미래에셋증권 주식회사,C12,파생상품계약_장내파생상품_통화관련거래,284314607445,국내증권사,B,SF205,각주항목(09.06월 이후)
17999,202109,0010094,미래에셋증권 주식회사,C13,파생상품계약_장내파생상품_주식관련거래,12305115821262,국내증권사,B,SF205,각주항목(09.06월 이후)
18000,202109,0010094,미래에셋증권 주식회사,C14,파생상품계약_장내파생상품_일반상품관련거래,43472896600,국내증권사,B,SF205,각주항목(09.06월 이후)
18001,202109,0010094,미래에셋증권 주식회사,C15,파생상품계약_장내파생상품_기타,0,국내증권사,B,SF205,각주항목(09.06월 이후)
18002,202109,0010094,미래에셋증권 주식회사,C2,파생상품계약_장외파생상품,134337439998261,국내증권사,B,SF205,각주항목(09.06월 이후)
18003,202109,0010094,미래에셋증권 주식회사,C21,파생상품계약_장외파생상품_이자율관련거래,99144725062780,국내증권사,B,SF205,각주항목(09.06월 이후)
18004,202109,0010094,미래에셋증권 주식회사,C22,파생상품계약_장외파생상품_통화관련거래,23448309332969,국내증권사,B,SF205,각주항목(09.06월 이후)
18005,202109,0010094,미래에셋증권 주식회사,C23,파생상품계약_장외파생상품_주식관련거래,10619869770044,국내증권사,B,SF205,각주항목(09.06월 이후)
18006,202109,0010094,미래에셋증권 주식회사,C24,파생상품계약_장외파생상품_신용관련거래,23105550000,국내증권사,B,SF205,각주항목(09.06월 이후)
18007,202109,0010094,미래에셋증권 주식회사,C25,파생상품계약_장외파생상품_기타,1101430282468,국내증권사,B,SF205,각주항목(09.06월 이후)
18008,202109,0010094,미래에셋증권 주식회사,D,대차 및 대주거래,15167263251265,국내증권사,B,SF205,각주항목(09.06월 이후)
18009,202109,0010094,미래에셋증권 주식회사,D1,대차 및 대주거래_대여증권,4497808307408,국내증권사,B,SF205,각주항목(09.06월 이후)
18010,202109,0010094,미래에셋증권 주식회사,D2,대차 및 대주거래_차입증권,10669454943857,국내증권사,B,SF205,각주항목(09.06월 이후)
18011,202109,0010094,미래에셋증권 주식회사,D3,대차 및 대주거래_신용거래대주,0,국내증권사,B,SF205,각주항목(09.06월 이후)
18012,202109,0010094,미래에셋증권 주식회사,E,대손상각채권,18226802037,국내증권사,B,SF205,각주항목(09.06월 이후)
18013,202109,0010094,미래에셋증권 주식회사,F,환전업무 예치금,2861263085036,국내증권사,B,SF205,각주항목(09.06월 이후)
18014,202109,0010094,미래에셋증권 주식회사,G,미배당별도예치금,21516716532,국내증권사,B,SF205,각주항목(09.06월 이후)
18015,202109,0010094,미래에셋증권 주식회사,H,배서어음매출(종금계정),0,국내증권사,B,SF205,각주항목(09.06월 이후)
18016,202109,0010094,미래에셋증권 주식회사,H1,대출채권매매이익_담보부, ,국내증권사,B,SF205,각주항목(09.06월 이후)
18017,202109,0010094,미래에셋증권 주식회사,H2,대출채권매매이익_무담보부, ,국내증권사,B,SF205,각주항목(09.06월 이후)
18018,202112,0010094,미래에셋증권 주식회사,A,채무보증,2162900965002,국내증권사,B,SF205,각주항목(09.06월 이후)
18019,202112,0010094,미래에셋증권 주식회사,A1,채무보증_지급보증,50351801313,국내증권사,B,SF205,각주항목(09.06월 이후)
18020,202112,0010094,미래에셋증권 주식회사,A2,채무보증_매입보장약정,1235473155759,국내증권사,B,SF205,각주항목(09.06월 이후)
18021,202112,0010094,미래에셋증권 주식회사,A3,채무보증_채무인수약정,0,국내증권사,B,SF205,각주항목(09.06월 이후)
18022,202112,0010094,미래에셋증권 주식회사,A5,채무보증_매입확약,877076007930,국내증권사,B,SF205,각주항목(09.06월 이후)
18023,202112,0010094,미래에셋증권 주식회사,A6,채무보증_기타,0,국내증권사,B,SF205,각주항목(09.06월 이후)
18024,202112,0010094,미래에셋증권 주식회사,B,투자자의 예수증권 등,341734673868277,국내증권사,B,SF205,각주항목(09.06월 이후)
18025,202112,0010094,미래에셋증권 주식회사,B1,투자자의 예수증권 등_예수 증권,341734673868277,국내증권사,B,SF205,각주항목(09.06월 이후)
18026,202112,0010094,미래에셋증권 주식회사,B2,투자자의 예수증권 등_예수양도성예금증서,0,국내증권사,B,SF205,각주항목(09.06월 이후)
18027,202112,0010094,미래에셋증권 주식회사,B3,투자자의 예수증권 등_기타, ,국내증권사,B,SF205,각주항목(09.06월 이후)
18028,202112,0010094,미래에셋증권 주식회사,C,파생상품계약,156080824812576,국내증권사,B,SF205,각주항목(09.06월 이후)
18029,202112,0010094,미래에셋증권 주식회사,C1,파생상품계약_장내파생상품,21754512135886,국내증권사,B,SF205,각주항목(09.06월 이후)
18030,202112,0010094,미래에셋증권 주식회사,C11,파생상품계약_장내파생상품_이자율관련거래,2278100344690,국내증권사,B,SF205,각주항목(09.06월 이후)
18031,202112,0010094,미래에셋증권 주식회사,C12,파생상품계약_장내파생상품_통화관련거래,184721587786,국내증권사,B,SF205,각주항목(09.06월 이후)
18032,202112,0010094,미래에셋증권 주식회사,C13,파생상품계약_장내파생상품_주식관련거래,19260065898239,국내증권사,B,SF205,각주항목(09.06월 이후)
18033,202112,0010094,미래에셋증권 주식회사,C14,파생상품계약_장내파생상품_일반상품관련거래,31624305171,국내증권사,B,SF205,각주항목(09.06월 이후)
18034,202112,0010094,미래에셋증권 주식회사,C15,파생상품계약_장내파생상품_기타,0,국내증권사,B,SF205,각주항목(09.06월 이후)
18035,202112,0010094,미래에셋증권 주식회사,C2,파생상품계약_장외파생상품,134326312676690,국내증권사,B,SF205,각주항목(09.06월 이후)
18036,202112,0010094,미래에셋증권 주식회사,C21,파생상품계약_장외파생상품_이자율관련거래,96613491744900,국내증권사,B,SF205,각주항목(09.06월 이후)
18037,202112,0010094,미래에셋증권 주식회사,C22,파생상품계약_장외파생상품_통화관련거래,25208437693464,국내증권사,B,SF205,각주항목(09.06월 이후)
18038,202112,0010094,미래에셋증권 주식회사,C23,파생상품계약_장외파생상품_주식관련거래,11644970392226,국내증권사,B,SF205,각주항목(09.06월 이후)
18039,202112,0010094,미래에셋증권 주식회사,C24,파생상품계약_장외파생상품_신용관련거래,23117250000,국내증권사,B,SF205,각주항목(09.06월 이후)
18040,202112,0010094,미래에셋증권 주식회사,C25,파생상품계약_장외파생상품_기타,836295596100,국내증권사,B,SF205,각주항목(09.06월 이후)
18041,202112,0010094,미래에셋증권 주식회사,D,대차 및 대주거래,16653985431922,국내증권사,B,SF205,각주항목(09.06월 이후)
18042,202112,0010094,미래에셋증권 주식회사,D1,대차 및 대주거래_대여증권,4070257117481,국내증권사,B,SF205,각주항목(09.06월 이후)
18043,202112,0010094,미래에셋증권 주식회사,D2,대차 및 대주거래_차입증권,12583728314441,국내증권사,B,SF205,각주항목(09.06월 이후)
18044,202112,0010094,미래에셋증권 주식회사,D3,대차 및 대주거래_신용거래대주,0,국내증권사,B,SF205,각주항목(09.06월 이후)
18045,202112,0010094,미래에셋증권 주식회사,E,대손상각채권,18226802037,국내증권사,B,SF205,각주항목(09.06월 이후)
18046,202112,0010094,미래에셋증권 주식회사,F,환전업무 예치금,2993784948861,국내증권사,B,SF205,각주항목(09.06월 이후)
18047,202112,0010094,미래에셋증권 주식회사,G,미배당별도예치금,27706827007,국내증권사,B,SF205,각주항목(09.06월 이후)
18048,202112,0010094,미래에셋증권 주식회사,H,배서어음매출(종금계정),0,국내증권사,B,SF205,각주항목(09.06월 이후)
18049,202112,0010094,미래에셋증권 주식회사,H1,대출채권매매이익_담보부, ,국내증권사,B,SF205,각주항목(09.06월 이후)
18050,202112,0010094,미래에셋증권 주식회사,H2,대출채권매매이익_무담보부, ,국내증권사,B,SF205,각주항목(09.06월 이후)
18051,202203,0010094,미래에셋증권 주식회사,A,채무보증,2446127989917,국내증권사,B,SF205,각주항목(09.06월 이후)
18052,202203,0010094,미래에셋증권 주식회사,A1,채무보증_지급보증,51335801313,국내증권사,B,SF205,각주항목(09.06월 이후)
18053,202203,0010094,미래에셋증권 주식회사,A2,채무보증_매입보장약정,1338246235114,국내증권사,B,SF205,각주항목(09.06월 이후)
18054,202203,0010094,미래에셋증권 주식회사,A3,채무보증_채무인수약정,0,국내증권사,B,SF205,각주항목(09.06월 이후)
18055,202203,0010094,미래에셋증권 주식회사,A5,채무보증_매입확약,1056545953490,국내증권사,B,SF205,각주항목(09.06월 이후)
18056,202203,0010094,미래에셋증권 주식회사,A6,채무보증_기타,0,국내증권사,B,SF205,각주항목(09.06월 이후)
18057,202203,0010094,미래에셋증권 주식회사,B,투자자의 예수증권 등,325872205848541,국내증권사,B,SF205,각주항목(09.06월 이후)
18058,202203,0010094,미래에셋증권 주식회사,B1,투자자의 예수증권 등_예수 증권,325872205848541,국내증권사,B,SF205,각주항목(09.06월 이후)
18059,202203,0010094,미래에셋증권 주식회사,B2,투자자의 예수증권 등_예수양도성예금증서,0,국내증권사,B,SF205,각주항목(09.06월 이후)
18060,202203,0010094,미래에셋증권 주식회사,B3,투자자의 예수증권 등_기타, ,국내증권사,B,SF205,각주항목(09.06월 이후)
18061,202203,0010094,미래에셋증권 주식회사,C,파생상품계약,143622856773882,국내증권사,B,SF205,각주항목(09.06월 이후)
18062,202203,0010094,미래에셋증권 주식회사,C1,파생상품계약_장내파생상품,10219803255497,국내증권사,B,SF205,각주항목(09.06월 이후)
18063,202203,0010094,미래에셋증권 주식회사,C11,파생상품계약_장내파생상품_이자율관련거래,2127239990833,국내증권사,B,SF205,각주항목(09.06월 이후)
18064,202203,0010094,미래에셋증권 주식회사,C12,파생상품계약_장내파생상품_통화관련거래,304736420894,국내증권사,B,SF205,각주항목(09.06월 이후)
18065,202203,0010094,미래에셋증권 주식회사,C13,파생상품계약_장내파생상품_주식관련거래,7740833843075,국내증권사,B,SF205,각주항목(09.06월 이후)
18066,202203,0010094,미래에셋증권 주식회사,C14,파생상품계약_장내파생상품_일반상품관련거래,46993000695,국내증권사,B,SF205,각주항목(09.06월 이후)
18067,202203,0010094,미래에셋증권 주식회사,C15,파생상품계약_장내파생상품_기타,0,국내증권사,B,SF205,각주항목(09.06월 이후)
18068,202203,0010094,미래에셋증권 주식회사,C2,파생상품계약_장외파생상품,133403053518385,국내증권사,B,SF205,각주항목(09.06월 이후)
18069,202203,0010094,미래에셋증권 주식회사,C21,파생상품계약_장외파생상품_이자율관련거래,90459198865200,국내증권사,B,SF205,각주항목(09.06월 이후)
18070,202203,0010094,미래에셋증권 주식회사,C22,파생상품계약_장외파생상품_통화관련거래,29944153930017,국내증권사,B,SF205,각주항목(09.06월 이후)
18071,202203,0010094,미래에셋증권 주식회사,C23,파생상품계약_장외파생상품_주식관련거래,12120778974084,국내증권사,B,SF205,각주항목(09.06월 이후)
18072,202203,0010094,미래에셋증권 주식회사,C24,파생상품계약_장외파생상품_신용관련거래,23610600000,국내증권사,B,SF205,각주항목(09.06월 이후)
18073,202203,0010094,미래에셋증권 주식회사,C25,파생상품계약_장외파생상품_기타,855311149084,국내증권사,B,SF205,각주항목(09.06월 이후)
18074,202203,0010094,미래에셋증권 주식회사,D,대차 및 대주거래,15699414739876,국내증권사,B,SF205,각주항목(09.06월 이후)
18075,202203,0010094,미래에셋증권 주식회사,D1,대차 및 대주거래_대여증권,4603617097144,국내증권사,B,SF205,각주항목(09.06월 이후)
18076,202203,0010094,미래에셋증권 주식회사,D2,대차 및 대주거래_차입증권,11095797642732,국내증권사,B,SF205,각주항목(09.06월 이후)
18077,202203,0010094,미래에셋증권 주식회사,D3,대차 및 대주거래_신용거래대주,0,국내증권사,B,SF205,각주항목(09.06월 이후)
18078,202203,0010094,미래에셋증권 주식회사,E,대손상각채권,18226802037,국내증권사,B,SF205,각주항목(09.06월 이후)
18079,202203,0010094,미래에셋증권 주식회사,F,환전업무 예치금,2871879505570,국내증권사,B,SF205,각주항목(09.06월 이후)
18080,202203,0010094,미래에셋증권 주식회사,G,미배당별도예치금,12827515417,국내증권사,B,SF205,각주항목(09.06월 이후)
18081,202203,0010094,미래에셋증권 주식회사,H,배서어음매출(종금계정),0,국내증권사,B,SF205,각주항목(09.06월 이후)
18082,202203,0010094,미래에셋증권 주식회사,H1,대출채권매매이익_담보부, ,국내증권사,B,SF205,각주항목(09.06월 이후)
18083,202203,0010094,미래에셋증권 주식회사,H2,대출채권매매이익_무담보부, ,국내증권사,B,SF205,각주항목(09.06월 이후)
18084,202206,0010094,미래에셋증권 주식회사,A,채무보증,2984245746253,국내증권사,B,SF205,각주항목(09.06월 이후)
18085,202206,0010094,미래에셋증권 주식회사,A1,채무보증_지급보증,54598801313,국내증권사,B,SF205,각주항목(09.06월 이후)
18086,202206,0010094,미래에셋증권 주식회사,A2,채무보증_매입보장약정,1265017805404,국내증권사,B,SF205,각주항목(09.06월 이후)
18087,202206,0010094,미래에셋증권 주식회사,A3,채무보증_채무인수약정,0,국내증권사,B,SF205,각주항목(09.06월 이후)
18088,202206,0010094,미래에셋증권 주식회사,A5,채무보증_매입확약,1664629139536,국내증권사,B,SF205,각주항목(09.06월 이후)
18089,202206,0010094,미래에셋증권 주식회사,A6,채무보증_기타,0,국내증권사,B,SF205,각주항목(09.06월 이후)
18090,202206,0010094,미래에셋증권 주식회사,B,투자자의 예수증권 등,296819089419763,국내증권사,B,SF205,각주항목(09.06월 이후)
18091,202206,0010094,미래에셋증권 주식회사,B1,투자자의 예수증권 등_예수 증권,296819089419763,국내증권사,B,SF205,각주항목(09.06월 이후)
18092,202206,0010094,미래에셋증권 주식회사,B2,투자자의 예수증권 등_예수양도성예금증서,0,국내증권사,B,SF205,각주항목(09.06월 이후)
18093,202206,0010094,미래에셋증권 주식회사,B3,투자자의 예수증권 등_기타, ,국내증권사,B,SF205,각주항목(09.06월 이후)
18094,202206,0010094,미래에셋증권 주식회사,C,파생상품계약,151770661045264,국내증권사,B,SF205,각주항목(09.06월 이후)
18095,202206,0010094,미래에셋증권 주식회사,C1,파생상품계약_장내파생상품,16281523888235,국내증권사,B,SF205,각주항목(09.06월 이후)
18096,202206,0010094,미래에셋증권 주식회사,C11,파생상품계약_장내파생상품_이자율관련거래,2102862613506,국내증권사,B,SF205,각주항목(09.06월 이후)
18097,202206,0010094,미래에셋증권 주식회사,C12,파생상품계약_장내파생상품_통화관련거래,248265161128,국내증권사,B,SF205,각주항목(09.06월 이후)
18098,202206,0010094,미래에셋증권 주식회사,C13,파생상품계약_장내파생상품_주식관련거래,13884461946373,국내증권사,B,SF205,각주항목(09.06월 이후)
18099,202206,0010094,미래에셋증권 주식회사,C14,파생상품계약_장내파생상품_일반상품관련거래,45934167228,국내증권사,B,SF205,각주항목(09.06월 이후)
18100,202206,0010094,미래에셋증권 주식회사,C15,파생상품계약_장내파생상품_기타,0,국내증권사,B,SF205,각주항목(09.06월 이후)
18101,202206,0010094,미래에셋증권 주식회사,C2,파생상품계약_장외파생상품,135489137157029,국내증권사,B,SF205,각주항목(09.06월 이후)
18102,202206,0010094,미래에셋증권 주식회사,C21,파생상품계약_장외파생상품_이자율관련거래,91829152383013,국내증권사,B,SF205,각주항목(09.06월 이후)
18103,202206,0010094,미래에셋증권 주식회사,C22,파생상품계약_장외파생상품_통화관련거래,30929725673619,국내증권사,B,SF205,각주항목(09.06월 이후)
18104,202206,0010094,미래에셋증권 주식회사,C23,파생상품계약_장외파생상품_주식관련거래,11856085854205,국내증권사,B,SF205,각주항목(09.06월 이후)
18105,202206,0010094,미래에셋증권 주식회사,C24,파생상품계약_장외파생상품_신용관련거래,0,국내증권사,B,SF205,각주항목(09.06월 이후)
18106,202206,0010094,미래에셋증권 주식회사,C25,파생상품계약_장외파생상품_기타,874173246192,국내증권사,B,SF205,각주항목(09.06월 이후)
18107,202206,0010094,미래에셋증권 주식회사,D,대차 및 대주거래,15450622189963,국내증권사,B,SF205,각주항목(09.06월 이후)
18108,202206,0010094,미래에셋증권 주식회사,D1,대차 및 대주거래_대여증권,4415759195521,국내증권사,B,SF205,각주항목(09.06월 이후)
18109,202206,0010094,미래에셋증권 주식회사,D2,대차 및 대주거래_차입증권,11034862994442,국내증권사,B,SF205,각주항목(09.06월 이후)
18110,202206,0010094,미래에셋증권 주식회사,D3,대차 및 대주거래_신용거래대주,0,국내증권사,B,SF205,각주항목(09.06월 이후)
18111,202206,0010094,미래에셋증권 주식회사,E,대손상각채권,18226802037,국내증권사,B,SF205,각주항목(09.06월 이후)
18112,202206,0010094,미래에셋증권 주식회사,F,환전업무 예치금,2602655414027,국내증권사,B,SF205,각주항목(09.06월 이후)
18113,202206,0010094,미래에셋증권 주식회사,G,미배당별도예치금,15742202575,국내증권사,B,SF205,각주항목(09.06월 이후)
18114,202206,0010094,미래에셋증권 주식회사,H,배서어음매출(종금계정),0,국내증권사,B,SF205,각주항목(09.06월 이후)
18115,202206,0010094,미래에셋증권 주식회사,H1,대출채권매매이익_담보부, ,국내증권사,B,SF205,각주항목(09.06월 이후)
18116,202206,0010094,미래에셋증권 주식회사,H2,대출채권매매이익_무담보부, ,국내증권사,B,SF205,각주항목(09.06월 이후)
18117,202209,0010094,미래에셋증권 주식회사,A,채무보증,2405816283200,국내증권사,B,SF205,각주항목(09.06월 이후)
18118,202209,0010094,미래에셋증권 주식회사,A1,채무보증_지급보증,1761801313,국내증권사,B,SF205,각주항목(09.06월 이후)
18119,202209,0010094,미래에셋증권 주식회사,A2,채무보증_매입보장약정,905856807467,국내증권사,B,SF205,각주항목(09.06월 이후)
18120,202209,0010094,미래에셋증권 주식회사,A3,채무보증_채무인수약정,0,국내증권사,B,SF205,각주항목(09.06월 이후)
18121,202209,0010094,미래에셋증권 주식회사,A5,채무보증_매입확약,1498197674420,국내증권사,B,SF205,각주항목(09.06월 이후)
18122,202209,0010094,미래에셋증권 주식회사,A6,채무보증_기타,0,국내증권사,B,SF205,각주항목(09.06월 이후)
18123,202209,0010094,미래에셋증권 주식회사,B,투자자의 예수증권 등,279424789088743,국내증권사,B,SF205,각주항목(09.06월 이후)
18124,202209,0010094,미래에셋증권 주식회사,B1,투자자의 예수증권 등_예수 증권,279424789088743,국내증권사,B,SF205,각주항목(09.06월 이후)
18125,202209,0010094,미래에셋증권 주식회사,B2,투자자의 예수증권 등_예수양도성예금증서,0,국내증권사,B,SF205,각주항목(09.06월 이후)
18126,202209,0010094,미래에셋증권 주식회사,B3,투자자의 예수증권 등_기타, ,국내증권사,B,SF205,각주항목(09.06월 이후)
18127,202209,0010094,미래에셋증권 주식회사,C,파생상품계약,162428699646572,국내증권사,B,SF205,각주항목(09.06월 이후)
18128,202209,0010094,미래에셋증권 주식회사,C1,파생상품계약_장내파생상품,17710249564101,국내증권사,B,SF205,각주항목(09.06월 이후)
18129,202209,0010094,미래에셋증권 주식회사,C11,파생상품계약_장내파생상품_이자율관련거래,1929045024874,국내증권사,B,SF205,각주항목(09.06월 이후)
18130,202209,0010094,미래에셋증권 주식회사,C12,파생상품계약_장내파생상품_통화관련거래,192212162389,국내증권사,B,SF205,각주항목(09.06월 이후)
18131,202209,0010094,미래에셋증권 주식회사,C13,파생상품계약_장내파생상품_주식관련거래,15528428948418,국내증권사,B,SF205,각주항목(09.06월 이후)
18132,202209,0010094,미래에셋증권 주식회사,C14,파생상품계약_장내파생상품_일반상품관련거래,60563428420,국내증권사,B,SF205,각주항목(09.06월 이후)
18133,202209,0010094,미래에셋증권 주식회사,C15,파생상품계약_장내파생상품_기타,0,국내증권사,B,SF205,각주항목(09.06월 이후)
18134,202209,0010094,미래에셋증권 주식회사,C2,파생상품계약_장외파생상품,144718450082471,국내증권사,B,SF205,각주항목(09.06월 이후)
18135,202209,0010094,미래에셋증권 주식회사,C21,파생상품계약_장외파생상품_이자율관련거래,94976651843066,국내증권사,B,SF205,각주항목(09.06월 이후)
18136,202209,0010094,미래에셋증권 주식회사,C22,파생상품계약_장외파생상품_통화관련거래,36110048600377,국내증권사,B,SF205,각주항목(09.06월 이후)
18137,202209,0010094,미래에셋증권 주식회사,C23,파생상품계약_장외파생상품_주식관련거래,12758417491644,국내증권사,B,SF205,각주항목(09.06월 이후)
18138,202209,0010094,미래에셋증권 주식회사,C24,파생상품계약_장외파생상품_신용관련거래,0,국내증권사,B,SF205,각주항목(09.06월 이후)
18139,202209,0010094,미래에셋증권 주식회사,C25,파생상품계약_장외파생상품_기타,873332147384,국내증권사,B,SF205,각주항목(09.06월 이후)
18140,202209,0010094,미래에셋증권 주식회사,D,대차 및 대주거래,15556371215234,국내증권사,B,SF205,각주항목(09.06월 이후)
18141,202209,0010094,미래에셋증권 주식회사,D1,대차 및 대주거래_대여증권,4842336961742,국내증권사,B,SF205,각주항목(09.06월 이후)
18142,202209,0010094,미래에셋증권 주식회사,D2,대차 및 대주거래_차입증권,10714034253492,국내증권사,B,SF205,각주항목(09.06월 이후)
18143,202209,0010094,미래에셋증권 주식회사,D3,대차 및 대주거래_신용거래대주,0,국내증권사,B,SF205,각주항목(09.06월 이후)
18144,202209,0010094,미래에셋증권 주식회사,E,대손상각채권,26131210580,국내증권사,B,SF205,각주항목(09.06월 이후)
18145,202209,0010094,미래에셋증권 주식회사,F,환전업무 예치금,2918767674249,국내증권사,B,SF205,각주항목(09.06월 이후)
18146,202209,0010094,미래에셋증권 주식회사,G,미배당별도예치금,16993384205,국내증권사,B,SF205,각주항목(09.06월 이후)
18147,202209,0010094,미래에셋증권 주식회사,H,배서어음매출(종금계정),0,국내증권사,B,SF205,각주항목(09.06월 이후)
18148,202209,0010094,미래에셋증권 주식회사,H1,대출채권매매이익_담보부, ,국내증권사,B,SF205,각주항목(09.06월 이후)
18149,202209,0010094,미래에셋증권 주식회사,H2,대출채권매매이익_무담보부, ,국내증권사,B,SF205,각주항목(09.06월 이후)
18150,202212,0010094,미래에셋증권 주식회사,A,채무보증,2754925983230,국내증권사,B,SF205,각주항목(09.06월 이후)
18151,202212,0010094,미래에셋증권 주식회사,A1,채무보증_지급보증,1761801313,국내증권사,B,SF205,각주항목(09.06월 이후)
18152,202212,0010094,미래에셋증권 주식회사,A2,채무보증_매입보장약정,936184181917,국내증권사,B,SF205,각주항목(09.06월 이후)
18153,202212,0010094,미래에셋증권 주식회사,A3,채무보증_채무인수약정, ,국내증권사,B,SF205,각주항목(09.06월 이후)
18154,202212,0010094,미래에셋증권 주식회사,A5,채무보증_매입확약,1816980000000,국내증권사,B,SF205,각주항목(09.06월 이후)
18155,202212,0010094,미래에셋증권 주식회사,A6,채무보증_기타, ,국내증권사,B,SF205,각주항목(09.06월 이후)
18156,202212,0010094,미래에셋증권 주식회사,B,투자자의 예수증권 등,276215500967247,국내증권사,B,SF205,각주항목(09.06월 이후)
18157,202212,0010094,미래에셋증권 주식회사,B1,투자자의 예수증권 등_예수 증권,276215500967247,국내증권사,B,SF205,각주항목(09.06월 이후)
18158,202212,0010094,미래에셋증권 주식회사,B2,투자자의 예수증권 등_예수양도성예금증서, ,국내증권사,B,SF205,각주항목(09.06월 이후)
18159,202212,0010094,미래에셋증권 주식회사,B3,투자자의 예수증권 등_기타, ,국내증권사,B,SF205,각주항목(09.06월 이후)
18160,202212,0010094,미래에셋증권 주식회사,C,파생상품계약,146818684966268,국내증권사,B,SF205,각주항목(09.06월 이후)
18161,202212,0010094,미래에셋증권 주식회사,C1,파생상품계약_장내파생상품,15258065211281,국내증권사,B,SF205,각주항목(09.06월 이후)
18162,202212,0010094,미래에셋증권 주식회사,C11,파생상품계약_장내파생상품_이자율관련거래,1728385736463,국내증권사,B,SF205,각주항목(09.06월 이후)
18163,202212,0010094,미래에셋증권 주식회사,C12,파생상품계약_장내파생상품_통화관련거래,214931797801,국내증권사,B,SF205,각주항목(09.06월 이후)
18164,202212,0010094,미래에셋증권 주식회사,C13,파생상품계약_장내파생상품_주식관련거래,13266043621604,국내증권사,B,SF205,각주항목(09.06월 이후)
18165,202212,0010094,미래에셋증권 주식회사,C14,파생상품계약_장내파생상품_일반상품관련거래,48704055413,국내증권사,B,SF205,각주항목(09.06월 이후)
18166,202212,0010094,미래에셋증권 주식회사,C15,파생상품계약_장내파생상품_기타,0,국내증권사,B,SF205,각주항목(09.06월 이후)
18167,202212,0010094,미래에셋증권 주식회사,C2,파생상품계약_장외파생상품,131560619754987,국내증권사,B,SF205,각주항목(09.06월 이후)
18168,202212,0010094,미래에셋증권 주식회사,C21,파생상품계약_장외파생상품_이자율관련거래,89166782250106,국내증권사,B,SF205,각주항목(09.06월 이후)
18169,202212,0010094,미래에셋증권 주식회사,C22,파생상품계약_장외파생상품_통화관련거래,28259136197458,국내증권사,B,SF205,각주항목(09.06월 이후)
18170,202212,0010094,미래에셋증권 주식회사,C23,파생상품계약_장외파생상품_주식관련거래,13326939211323,국내증권사,B,SF205,각주항목(09.06월 이후)
18171,202212,0010094,미래에셋증권 주식회사,C24,파생상품계약_장외파생상품_신용관련거래,0,국내증권사,B,SF205,각주항목(09.06월 이후)
18172,202212,0010094,미래에셋증권 주식회사,C25,파생상품계약_장외파생상품_기타,807762096100,국내증권사,B,SF205,각주항목(09.06월 이후)
18173,202212,0010094,미래에셋증권 주식회사,D,대차 및 대주거래,13477439364041,국내증권사,B,SF205,각주항목(09.06월 이후)
18174,202212,0010094,미래에셋증권 주식회사,D1,대차 및 대주거래_대여증권,3926774013295,국내증권사,B,SF205,각주항목(09.06월 이후)
18175,202212,0010094,미래에셋증권 주식회사,D2,대차 및 대주거래_차입증권,9550665350746,국내증권사,B,SF205,각주항목(09.06월 이후)
18176,202212,0010094,미래에셋증권 주식회사,D3,대차 및 대주거래_신용거래대주, ,국내증권사,B,SF205,각주항목(09.06월 이후)
18177,202212,0010094,미래에셋증권 주식회사,E,대손상각채권,28515552030,국내증권사,B,SF205,각주항목(09.06월 이후)
18178,202212,0010094,미래에셋증권 주식회사,F,환전업무 예치금,2109027899958,국내증권사,B,SF205,각주항목(09.06월 이후)
18179,202212,0010094,미래에셋증권 주식회사,G,미배당별도예치금,22314926779,국내증권사,B,SF205,각주항목(09.06월 이후)
18180,202212,0010094,미래에셋증권 주식회사,H,배서어음매출(종금계정),0,국내증권사,B,SF205,각주항목(09.06월 이후)
18181,202212,0010094,미래에셋증권 주식회사,H1,대출채권매매이익_담보부, ,국내증권사,B,SF205,각주항목(09.06월 이후)
18182,202212,0010094,미래에셋증권 주식회사,H2,대출채권매매이익_무담보부, ,국내증권사,B,SF205,각주항목(09.06월 이후)
18183,202303,0010094,미래에셋증권 주식회사,A,채무보증,2566826073469,국내증권사,B,SF205,각주항목(09.06월 이후)
18184,202303,0010094,미래에셋증권 주식회사,A1,채무보증_지급보증,1761801313,국내증권사,B,SF205,각주항목(09.06월 이후)
18185,202303,0010094,미래에셋증권 주식회사,A2,채무보증_매입보장약정,1015480272156,국내증권사,B,SF205,각주항목(09.06월 이후)
18186,202303,0010094,미래에셋증권 주식회사,A3,채무보증_채무인수약정,0,국내증권사,B,SF205,각주항목(09.06월 이후)
18187,202303,0010094,미래에셋증권 주식회사,A5,채무보증_매입확약,1549584000000,국내증권사,B,SF205,각주항목(09.06월 이후)
18188,202303,0010094,미래에셋증권 주식회사,A6,채무보증_기타,0,국내증권사,B,SF205,각주항목(09.06월 이후)
18189,202303,0010094,미래에셋증권 주식회사,B,투자자의 예수증권 등,307429007372419,국내증권사,B,SF205,각주항목(09.06월 이후)
18190,202303,0010094,미래에셋증권 주식회사,B1,투자자의 예수증권 등_예수 증권,307429007372419,국내증권사,B,SF205,각주항목(09.06월 이후)
18191,202303,0010094,미래에셋증권 주식회사,B2,투자자의 예수증권 등_예수양도성예금증서,0,국내증권사,B,SF205,각주항목(09.06월 이후)
18192,202303,0010094,미래에셋증권 주식회사,B3,투자자의 예수증권 등_기타, ,국내증권사,B,SF205,각주항목(09.06월 이후)
18193,202303,0010094,미래에셋증권 주식회사,C,파생상품계약,161575099205592,국내증권사,B,SF205,각주항목(09.06월 이후)
18194,202303,0010094,미래에셋증권 주식회사,C1,파생상품계약_장내파생상품,14183273154503,국내증권사,B,SF205,각주항목(09.06월 이후)
18195,202303,0010094,미래에셋증권 주식회사,C11,파생상품계약_장내파생상품_이자율관련거래,1007512112385,국내증권사,B,SF205,각주항목(09.06월 이후)
18196,202303,0010094,미래에셋증권 주식회사,C12,파생상품계약_장내파생상품_통화관련거래,308415854666,국내증권사,B,SF205,각주항목(09.06월 이후)
18197,202303,0010094,미래에셋증권 주식회사,C13,파생상품계약_장내파생상품_주식관련거래,12772948208813,국내증권사,B,SF205,각주항목(09.06월 이후)
18198,202303,0010094,미래에셋증권 주식회사,C14,파생상품계약_장내파생상품_일반상품관련거래,94396978639,국내증권사,B,SF205,각주항목(09.06월 이후)
18199,202303,0010094,미래에셋증권 주식회사,C15,파생상품계약_장내파생상품_기타,0,국내증권사,B,SF205,각주항목(09.06월 이후)
18200,202303,0010094,미래에셋증권 주식회사,C2,파생상품계약_장외파생상품,147391826051089,국내증권사,B,SF205,각주항목(09.06월 이후)
18201,202303,0010094,미래에셋증권 주식회사,C21,파생상품계약_장외파생상품_이자율관련거래,92615248967558,국내증권사,B,SF205,각주항목(09.06월 이후)
18202,202303,0010094,미래에셋증권 주식회사,C22,파생상품계약_장외파생상품_통화관련거래,39009692711006,국내증권사,B,SF205,각주항목(09.06월 이후)
18203,202303,0010094,미래에셋증권 주식회사,C23,파생상품계약_장외파생상품_주식관련거래,14945182990717,국내증권사,B,SF205,각주항목(09.06월 이후)
18204,202303,0010094,미래에셋증권 주식회사,C24,파생상품계약_장외파생상품_신용관련거래,0,국내증권사,B,SF205,각주항목(09.06월 이후)
18205,202303,0010094,미래에셋증권 주식회사,C25,파생상품계약_장외파생상품_기타,821701381808,국내증권사,B,SF205,각주항목(09.06월 이후)
18206,202303,0010094,미래에셋증권 주식회사,D,대차 및 대주거래,13967834317965,국내증권사,B,SF205,각주항목(09.06월 이후)
18207,202303,0010094,미래에셋증권 주식회사,D1,대차 및 대주거래_대여증권,4564800479942,국내증권사,B,SF205,각주항목(09.06월 이후)
18208,202303,0010094,미래에셋증권 주식회사,D2,대차 및 대주거래_차입증권,9403033838023,국내증권사,B,SF205,각주항목(09.06월 이후)
18209,202303,0010094,미래에셋증권 주식회사,D3,대차 및 대주거래_신용거래대주,0,국내증권사,B,SF205,각주항목(09.06월 이후)
18210,202303,0010094,미래에셋증권 주식회사,E,대손상각채권,28515552030,국내증권사,B,SF205,각주항목(09.06월 이후)
18211,202303,0010094,미래에셋증권 주식회사,F,환전업무 예치금,2028236285231,국내증권사,B,SF205,각주항목(09.06월 이후)
18212,202303,0010094,미래에셋증권 주식회사,G,미배당별도예치금,26360470055,국내증권사,B,SF205,각주항목(09.06월 이후)
18213,202303,0010094,미래에셋증권 주식회사,H,배서어음매출(종금계정),0,국내증권사,B,SF205,각주항목(09.06월 이후)
18214,202303,0010094,미래에셋증권 주식회사,H1,대출채권매매이익_담보부, ,국내증권사,B,SF205,각주항목(09.06월 이후)
18215,202303,0010094,미래에셋증권 주식회사,H2,대출채권매매이익_무담보부, ,국내증권사,B,SF205,각주항목(09.06월 이후)
18216,202306,0010094,미래에셋증권 주식회사,A,채무보증,2404365928706,국내증권사,B,SF205,각주항목(09.06월 이후)
18217,202306,0010094,미래에셋증권 주식회사,A1,채무보증_지급보증,1761801313,국내증권사,B,SF205,각주항목(09.06월 이후)
18218,202306,0010094,미래에셋증권 주식회사,A2,채무보증_매입보장약정,691460127393,국내증권사,B,SF205,각주항목(09.06월 이후)
18219,202306,0010094,미래에셋증권 주식회사,A3,채무보증_채무인수약정,0,국내증권사,B,SF205,각주항목(09.06월 이후)
18220,202306,0010094,미래에셋증권 주식회사,A5,채무보증_매입확약,1711144000000,국내증권사,B,SF205,각주항목(09.06월 이후)
18221,202306,0010094,미래에셋증권 주식회사,A6,채무보증_기타,0,국내증권사,B,SF205,각주항목(09.06월 이후)
18222,202306,0010094,미래에셋증권 주식회사,B,투자자의 예수증권 등,321750662567438,국내증권사,B,SF205,각주항목(09.06월 이후)
18223,202306,0010094,미래에셋증권 주식회사,B1,투자자의 예수증권 등_예수 증권,321750662567438,국내증권사,B,SF205,각주항목(09.06월 이후)
18224,202306,0010094,미래에셋증권 주식회사,B2,투자자의 예수증권 등_예수양도성예금증서,0,국내증권사,B,SF205,각주항목(09.06월 이후)
18225,202306,0010094,미래에셋증권 주식회사,B3,투자자의 예수증권 등_기타, ,국내증권사,B,SF205,각주항목(09.06월 이후)
18226,202306,0010094,미래에셋증권 주식회사,C,파생상품계약,169060208533544,국내증권사,B,SF205,각주항목(09.06월 이후)
18227,202306,0010094,미래에셋증권 주식회사,C1,파생상품계약_장내파생상품,14538250499510,국내증권사,B,SF205,각주항목(09.06월 이후)
18228,202306,0010094,미래에셋증권 주식회사,C11,파생상품계약_장내파생상품_이자율관련거래,1755057641198,국내증권사,B,SF205,각주항목(09.06월 이후)
18229,202306,0010094,미래에셋증권 주식회사,C12,파생상품계약_장내파생상품_통화관련거래,179834055411,국내증권사,B,SF205,각주항목(09.06월 이후)
18230,202306,0010094,미래에셋증권 주식회사,C13,파생상품계약_장내파생상품_주식관련거래,12514659376901,국내증권사,B,SF205,각주항목(09.06월 이후)
18231,202306,0010094,미래에셋증권 주식회사,C14,파생상품계약_장내파생상품_일반상품관련거래,88699426000,국내증권사,B,SF205,각주항목(09.06월 이후)
18232,202306,0010094,미래에셋증권 주식회사,C15,파생상품계약_장내파생상품_기타,0,국내증권사,B,SF205,각주항목(09.06월 이후)
18233,202306,0010094,미래에셋증권 주식회사,C2,파생상품계약_장외파생상품,154521958034034,국내증권사,B,SF205,각주항목(09.06월 이후)
18234,202306,0010094,미래에셋증권 주식회사,C21,파생상품계약_장외파생상품_이자율관련거래,96519990379154,국내증권사,B,SF205,각주항목(09.06월 이후)
18235,202306,0010094,미래에셋증권 주식회사,C22,파생상품계약_장외파생상품_통화관련거래,42111584851499,국내증권사,B,SF205,각주항목(09.06월 이후)
18236,202306,0010094,미래에셋증권 주식회사,C23,파생상품계약_장외파생상품_주식관련거래,15008709282213,국내증권사,B,SF205,각주항목(09.06월 이후)
18237,202306,0010094,미래에셋증권 주식회사,C24,파생상품계약_장외파생상품_신용관련거래,0,국내증권사,B,SF205,각주항목(09.06월 이후)
18238,202306,0010094,미래에셋증권 주식회사,C25,파생상품계약_장외파생상품_기타,881673521168,국내증권사,B,SF205,각주항목(09.06월 이후)
18239,202306,0010094,미래에셋증권 주식회사,D,대차 및 대주거래,14217613452791,국내증권사,B,SF205,각주항목(09.06월 이후)
18240,202306,0010094,미래에셋증권 주식회사,D1,대차 및 대주거래_대여증권,4565528700636,국내증권사,B,SF205,각주항목(09.06월 이후)
18241,202306,0010094,미래에셋증권 주식회사,D2,대차 및 대주거래_차입증권,9652084752155,국내증권사,B,SF205,각주항목(09.06월 이후)
18242,202306,0010094,미래에셋증권 주식회사,D3,대차 및 대주거래_신용거래대주,0,국내증권사,B,SF205,각주항목(09.06월 이후)
18243,202306,0010094,미래에셋증권 주식회사,E,대손상각채권,72707852597,국내증권사,B,SF205,각주항목(09.06월 이후)
18244,202306,0010094,미래에셋증권 주식회사,F,환전업무 예치금,2389482706518,국내증권사,B,SF205,각주항목(09.06월 이후)
18245,202306,0010094,미래에셋증권 주식회사,G,미배당별도예치금,32767712101,국내증권사,B,SF205,각주항목(09.06월 이후)
18246,202306,0010094,미래에셋증권 주식회사,H,배서어음매출(종금계정),0,국내증권사,B,SF205,각주항목(09.06월 이후)
18247,202306,0010094,미래에셋증권 주식회사,H1,대출채권매매이익_담보부, ,국내증권사,B,SF205,각주항목(09.06월 이후)
18248,202306,0010094,미래에셋증권 주식회사,H2,대출채권매매이익_무담보부, ,국내증권사,B,SF205,각주항목(09.06월 이후)
18249,202309,0010094,미래에셋증권 주식회사,A,채무보증,1889647979969,국내증권사,B,SF205,각주항목(09.06월 이후)
18250,202309,0010094,미래에셋증권 주식회사,A1,채무보증_지급보증,1761801313,국내증권사,B,SF205,각주항목(09.06월 이후)
18251,202309,0010094,미래에셋증권 주식회사,A2,채무보증_매입보장약정,683266178656,국내증권사,B,SF205,각주항목(09.06월 이후)
18252,202309,0010094,미래에셋증권 주식회사,A3,채무보증_채무인수약정,0,국내증권사,B,SF205,각주항목(09.06월 이후)
18253,202309,0010094,미래에셋증권 주식회사,A5,채무보증_매입확약,1204620000000,국내증권사,B,SF205,각주항목(09.06월 이후)
18254,202309,0010094,미래에셋증권 주식회사,A6,채무보증_기타,0,국내증권사,B,SF205,각주항목(09.06월 이후)
18255,202309,0010094,미래에셋증권 주식회사,B,투자자의 예수증권 등,304646290564666,국내증권사,B,SF205,각주항목(09.06월 이후)
18256,202309,0010094,미래에셋증권 주식회사,B1,투자자의 예수증권 등_예수 증권,304646290564666,국내증권사,B,SF205,각주항목(09.06월 이후)
18257,202309,0010094,미래에셋증권 주식회사,B2,투자자의 예수증권 등_예수양도성예금증서,0,국내증권사,B,SF205,각주항목(09.06월 이후)
18258,202309,0010094,미래에셋증권 주식회사,B3,투자자의 예수증권 등_기타, ,국내증권사,B,SF205,각주항목(09.06월 이후)
18259,202309,0010094,미래에셋증권 주식회사,C,파생상품계약,171790977441809,국내증권사,B,SF205,각주항목(09.06월 이후)
18260,202309,0010094,미래에셋증권 주식회사,C1,파생상품계약_장내파생상품,10631081132575,국내증권사,B,SF205,각주항목(09.06월 이후)
18261,202309,0010094,미래에셋증권 주식회사,C11,파생상품계약_장내파생상품_이자율관련거래,1215763699112,국내증권사,B,SF205,각주항목(09.06월 이후)
18262,202309,0010094,미래에셋증권 주식회사,C12,파생상품계약_장내파생상품_통화관련거래,85275314336,국내증권사,B,SF205,각주항목(09.06월 이후)
18263,202309,0010094,미래에셋증권 주식회사,C13,파생상품계약_장내파생상품_주식관련거래,9275955437658,국내증권사,B,SF205,각주항목(09.06월 이후)
18264,202309,0010094,미래에셋증권 주식회사,C14,파생상품계약_장내파생상품_일반상품관련거래,54086681469,국내증권사,B,SF205,각주항목(09.06월 이후)
18265,202309,0010094,미래에셋증권 주식회사,C15,파생상품계약_장내파생상품_기타,0,국내증권사,B,SF205,각주항목(09.06월 이후)
18266,202309,0010094,미래에셋증권 주식회사,C2,파생상품계약_장외파생상품,161159896309234,국내증권사,B,SF205,각주항목(09.06월 이후)
18267,202309,0010094,미래에셋증권 주식회사,C21,파생상품계약_장외파생상품_이자율관련거래,100486090493344,국내증권사,B,SF205,각주항목(09.06월 이후)
18268,202309,0010094,미래에셋증권 주식회사,C22,파생상품계약_장외파생상품_통화관련거래,44527949222642,국내증권사,B,SF205,각주항목(09.06월 이후)
18269,202309,0010094,미래에셋증권 주식회사,C23,파생상품계약_장외파생상품_주식관련거래,15289964349077,국내증권사,B,SF205,각주항목(09.06월 이후)
18270,202309,0010094,미래에셋증권 주식회사,C24,파생상품계약_장외파생상품_신용관련거래,0,국내증권사,B,SF205,각주항목(09.06월 이후)
18271,202309,0010094,미래에셋증권 주식회사,C25,파생상품계약_장외파생상품_기타,855892244171,국내증권사,B,SF205,각주항목(09.06월 이후)
18272,202309,0010094,미래에셋증권 주식회사,D,대차 및 대주거래,13529094872544,국내증권사,B,SF205,각주항목(09.06월 이후)
18273,202309,0010094,미래에셋증권 주식회사,D1,대차 및 대주거래_대여증권,4485715853904,국내증권사,B,SF205,각주항목(09.06월 이후)
18274,202309,0010094,미래에셋증권 주식회사,D2,대차 및 대주거래_차입증권,9043379018640,국내증권사,B,SF205,각주항목(09.06월 이후)
18275,202309,0010094,미래에셋증권 주식회사,D3,대차 및 대주거래_신용거래대주,0,국내증권사,B,SF205,각주항목(09.06월 이후)
18276,202309,0010094,미래에셋증권 주식회사,E,대손상각채권,72862349063,국내증권사,B,SF205,각주항목(09.06월 이후)
18277,202309,0010094,미래에셋증권 주식회사,F,환전업무 예치금,2187652550127,국내증권사,B,SF205,각주항목(09.06월 이후)
18278,202309,0010094,미래에셋증권 주식회사,G,미배당별도예치금,29260990981,국내증권사,B,SF205,각주항목(09.06월 이후)
18279,202309,0010094,미래에셋증권 주식회사,H,배서어음매출(종금계정),0,국내증권사,B,SF205,각주항목(09.06월 이후)
18280,202309,0010094,미래에셋증권 주식회사,H1,대출채권매매이익_담보부, ,국내증권사,B,SF205,각주항목(09.06월 이후)
18281,202309,0010094,미래에셋증권 주식회사,H2,대출채권매매이익_무담보부, ,국내증권사,B,SF205,각주항목(09.06월 이후)
18282,202312,0010094,미래에셋증권 주식회사,A,채무보증,1979909158931,국내증권사,B,SF205,각주항목(09.06월 이후)
18283,202312,0010094,미래에셋증권 주식회사,A1,채무보증_지급보증,1761801313,국내증권사,B,SF205,각주항목(09.06월 이후)
18284,202312,0010094,미래에셋증권 주식회사,A2,채무보증_매입보장약정,504577357618,국내증권사,B,SF205,각주항목(09.06월 이후)
18285,202312,0010094,미래에셋증권 주식회사,A3,채무보증_채무인수약정, ,국내증권사,B,SF205,각주항목(09.06월 이후)
18286,202312,0010094,미래에셋증권 주식회사,A5,채무보증_매입확약,1473570000000,국내증권사,B,SF205,각주항목(09.06월 이후)
18287,202312,0010094,미래에셋증권 주식회사,A6,채무보증_기타, ,국내증권사,B,SF205,각주항목(09.06월 이후)
18288,202312,0010094,미래에셋증권 주식회사,B,투자자의 예수증권 등,329622792576192,국내증권사,B,SF205,각주항목(09.06월 이후)
18289,202312,0010094,미래에셋증권 주식회사,B1,투자자의 예수증권 등_예수 증권,329622792576192,국내증권사,B,SF205,각주항목(09.06월 이후)
18290,202312,0010094,미래에셋증권 주식회사,B2,투자자의 예수증권 등_예수양도성예금증서, ,국내증권사,B,SF205,각주항목(09.06월 이후)
18291,202312,0010094,미래에셋증권 주식회사,B3,투자자의 예수증권 등_기타, ,국내증권사,B,SF205,각주항목(09.06월 이후)
18292,202312,0010094,미래에셋증권 주식회사,C,파생상품계약,170904277469898,국내증권사,B,SF205,각주항목(09.06월 이후)
18293,202312,0010094,미래에셋증권 주식회사,C1,파생상품계약_장내파생상품,8984099619750,국내증권사,B,SF205,각주항목(09.06월 이후)
18294,202312,0010094,미래에셋증권 주식회사,C11,파생상품계약_장내파생상품_이자율관련거래,2049647757652,국내증권사,B,SF205,각주항목(09.06월 이후)
18295,202312,0010094,미래에셋증권 주식회사,C12,파생상품계약_장내파생상품_통화관련거래,176551519095,국내증권사,B,SF205,각주항목(09.06월 이후)
18296,202312,0010094,미래에셋증권 주식회사,C13,파생상품계약_장내파생상품_주식관련거래,6686857277678,국내증권사,B,SF205,각주항목(09.06월 이후)
18297,202312,0010094,미래에셋증권 주식회사,C14,파생상품계약_장내파생상품_일반상품관련거래,71043065325,국내증권사,B,SF205,각주항목(09.06월 이후)
18298,202312,0010094,미래에셋증권 주식회사,C15,파생상품계약_장내파생상품_기타,0,국내증권사,B,SF205,각주항목(09.06월 이후)
18299,202312,0010094,미래에셋증권 주식회사,C2,파생상품계약_장외파생상품,161920177850148,국내증권사,B,SF205,각주항목(09.06월 이후)
18300,202312,0010094,미래에셋증권 주식회사,C21,파생상품계약_장외파생상품_이자율관련거래,105851634335768,국내증권사,B,SF205,각주항목(09.06월 이후)
18301,202312,0010094,미래에셋증권 주식회사,C22,파생상품계약_장외파생상품_통화관련거래,41701135060258,국내증권사,B,SF205,각주항목(09.06월 이후)
18302,202312,0010094,미래에셋증권 주식회사,C23,파생상품계약_장외파생상품_주식관련거래,13556876358022,국내증권사,B,SF205,각주항목(09.06월 이후)
18303,202312,0010094,미래에셋증권 주식회사,C24,파생상품계약_장외파생상품_신용관련거래,0,국내증권사,B,SF205,각주항목(09.06월 이후)
18304,202312,0010094,미래에셋증권 주식회사,C25,파생상품계약_장외파생상품_기타,810532096100,국내증권사,B,SF205,각주항목(09.06월 이후)
18305,202312,0010094,미래에셋증권 주식회사,D,대차 및 대주거래,14192513420081,국내증권사,B,SF205,각주항목(09.06월 이후)
18306,202312,0010094,미래에셋증권 주식회사,D1,대차 및 대주거래_대여증권,4357574067760,국내증권사,B,SF205,각주항목(09.06월 이후)
18307,202312,0010094,미래에셋증권 주식회사,D2,대차 및 대주거래_차입증권,9834939352321,국내증권사,B,SF205,각주항목(09.06월 이후)
18308,202312,0010094,미래에셋증권 주식회사,D3,대차 및 대주거래_신용거래대주, ,국내증권사,B,SF205,각주항목(09.06월 이후)
18309,202312,0010094,미래에셋증권 주식회사,E,대손상각채권,72874554239,국내증권사,B,SF205,각주항목(09.06월 이후)
18310,202312,0010094,미래에셋증권 주식회사,F,환전업무 예치금,2348886559996,국내증권사,B,SF205,각주항목(09.06월 이후)
18311,202312,0010094,미래에셋증권 주식회사,G,미배당별도예치금,35931213393,국내증권사,B,SF205,각주항목(09.06월 이후)
18312,202312,0010094,미래에셋증권 주식회사,H,배서어음매출(종금계정),0,국내증권사,B,SF205,각주항목(09.06월 이후)
18313,202312,0010094,미래에셋증권 주식회사,H1,대출채권매매이익_담보부, ,국내증권사,B,SF205,각주항목(09.06월 이후)
18314,202312,0010094,미래에셋증권 주식회사,H2,대출채권매매이익_무담보부, ,국내증권사,B,SF205,각주항목(09.06월 이후)
18315,202403,0010094,미래에셋증권 주식회사,A,채무보증,1429435417691,국내증권사,B,SF205,각주항목(09.06월 이후)
18316,202403,0010094,미래에셋증권 주식회사,A1,채무보증_지급보증,1761801313,국내증권사,B,SF205,각주항목(09.06월 이후)
18317,202403,0010094,미래에셋증권 주식회사,A2,채무보증_매입보장약정,510783616378,국내증권사,B,SF205,각주항목(09.06월 이후)
18318,202403,0010094,미래에셋증권 주식회사,A3,채무보증_채무인수약정,0,국내증권사,B,SF205,각주항목(09.06월 이후)
18319,202403,0010094,미래에셋증권 주식회사,A5,채무보증_매입확약,916890000000,국내증권사,B,SF205,각주항목(09.06월 이후)
18320,202403,0010094,미래에셋증권 주식회사,A6,채무보증_기타,0,국내증권사,B,SF205,각주항목(09.06월 이후)
18321,202403,0010094,미래에셋증권 주식회사,B,투자자의 예수증권 등,332032159114982,국내증권사,B,SF205,각주항목(09.06월 이후)
18322,202403,0010094,미래에셋증권 주식회사,B1,투자자의 예수증권 등_예수 증권,332032159114982,국내증권사,B,SF205,각주항목(09.06월 이후)
18323,202403,0010094,미래에셋증권 주식회사,B2,투자자의 예수증권 등_예수양도성예금증서,0,국내증권사,B,SF205,각주항목(09.06월 이후)
18324,202403,0010094,미래에셋증권 주식회사,B3,투자자의 예수증권 등_기타, ,국내증권사,B,SF205,각주항목(09.06월 이후)
18325,202403,0010094,미래에셋증권 주식회사,C,파생상품계약,188822174732652,국내증권사,B,SF205,각주항목(09.06월 이후)
18326,202403,0010094,미래에셋증권 주식회사,C1,파생상품계약_장내파생상품,7976327686332,국내증권사,B,SF205,각주항목(09.06월 이후)
18327,202403,0010094,미래에셋증권 주식회사,C11,파생상품계약_장내파생상품_이자율관련거래,1019473403581,국내증권사,B,SF205,각주항목(09.06월 이후)
18328,202403,0010094,미래에셋증권 주식회사,C12,파생상품계약_장내파생상품_통화관련거래,156618977393,국내증권사,B,SF205,각주항목(09.06월 이후)
18329,202403,0010094,미래에셋증권 주식회사,C13,파생상품계약_장내파생상품_주식관련거래,6743799001619,국내증권사,B,SF205,각주항목(09.06월 이후)
18330,202403,0010094,미래에셋증권 주식회사,C14,파생상품계약_장내파생상품_일반상품관련거래,56436303739,국내증권사,B,SF205,각주항목(09.06월 이후)
18331,202403,0010094,미래에셋증권 주식회사,C15,파생상품계약_장내파생상품_기타,0,국내증권사,B,SF205,각주항목(09.06월 이후)
18332,202403,0010094,미래에셋증권 주식회사,C2,파생상품계약_장외파생상품,180845847046320,국내증권사,B,SF205,각주항목(09.06월 이후)
18333,202403,0010094,미래에셋증권 주식회사,C21,파생상품계약_장외파생상품_이자율관련거래,121330318376428,국내증권사,B,SF205,각주항목(09.06월 이후)
18334,202403,0010094,미래에셋증권 주식회사,C22,파생상품계약_장외파생상품_통화관련거래,44528961470970,국내증권사,B,SF205,각주항목(09.06월 이후)
18335,202403,0010094,미래에셋증권 주식회사,C23,파생상품계약_장외파생상품_주식관련거래,14031266513193,국내증권사,B,SF205,각주항목(09.06월 이후)
18336,202403,0010094,미래에셋증권 주식회사,C24,파생상품계약_장외파생상품_신용관련거래,0,국내증권사,B,SF205,각주항목(09.06월 이후)
18337,202403,0010094,미래에셋증권 주식회사,C25,파생상품계약_장외파생상품_기타,955300685729,국내증권사,B,SF205,각주항목(09.06월 이후)
18338,202403,0010094,미래에셋증권 주식회사,D,대차 및 대주거래,13776844653281,국내증권사,B,SF205,각주항목(09.06월 이후)
18339,202403,0010094,미래에셋증권 주식회사,D1,대차 및 대주거래_대여증권,4143520012333,국내증권사,B,SF205,각주항목(09.06월 이후)
18340,202403,0010094,미래에셋증권 주식회사,D2,대차 및 대주거래_차입증권,9633324640948,국내증권사,B,SF205,각주항목(09.06월 이후)
18341,202403,0010094,미래에셋증권 주식회사,D3,대차 및 대주거래_신용거래대주,0,국내증권사,B,SF205,각주항목(09.06월 이후)
18342,202403,0010094,미래에셋증권 주식회사,E,대손상각채권,72879369404,국내증권사,B,SF205,각주항목(09.06월 이후)
18343,202403,0010094,미래에셋증권 주식회사,F,환전업무 예치금,2116863106201,국내증권사,B,SF205,각주항목(09.06월 이후)
18344,202403,0010094,미래에셋증권 주식회사,G,미배당별도예치금,35151210354,국내증권사,B,SF205,각주항목(09.06월 이후)
18345,202403,0010094,미래에셋증권 주식회사,H,배서어음매출(종금계정),0,국내증권사,B,SF205,각주항목(09.06월 이후)
18346,202403,0010094,미래에셋증권 주식회사,H1,대출채권매매이익_담보부, ,국내증권사,B,SF205,각주항목(09.06월 이후)
18347,202403,0010094,미래에셋증권 주식회사,H2,대출채권매매이익_무담보부, ,국내증권사,B,SF205,각주항목(09.06월 이후)
18348,202406,0010094,미래에셋증권 주식회사,A,채무보증,1351878637092,국내증권사,B,SF205,각주항목(09.06월 이후)
18349,202406,0010094,미래에셋증권 주식회사,A1,채무보증_지급보증,1761801313,국내증권사,B,SF205,각주항목(09.06월 이후)
18350,202406,0010094,미래에셋증권 주식회사,A2,채무보증_매입보장약정,502006835779,국내증권사,B,SF205,각주항목(09.06월 이후)
18351,202406,0010094,미래에셋증권 주식회사,A3,채무보증_채무인수약정,0,국내증권사,B,SF205,각주항목(09.06월 이후)
18352,202406,0010094,미래에셋증권 주식회사,A5,채무보증_매입확약,848110000000,국내증권사,B,SF205,각주항목(09.06월 이후)
18353,202406,0010094,미래에셋증권 주식회사,A6,채무보증_기타,0,국내증권사,B,SF205,각주항목(09.06월 이후)
18354,202406,0010094,미래에셋증권 주식회사,B,투자자의 예수증권 등,332977207980331,국내증권사,B,SF205,각주항목(09.06월 이후)
18355,202406,0010094,미래에셋증권 주식회사,B1,투자자의 예수증권 등_예수 증권,332977207980331,국내증권사,B,SF205,각주항목(09.06월 이후)
18356,202406,0010094,미래에셋증권 주식회사,B2,투자자의 예수증권 등_예수양도성예금증서,0,국내증권사,B,SF205,각주항목(09.06월 이후)
18357,202406,0010094,미래에셋증권 주식회사,B3,투자자의 예수증권 등_기타, ,국내증권사,B,SF205,각주항목(09.06월 이후)
18358,202406,0010094,미래에셋증권 주식회사,C,파생상품계약,190840129053872,국내증권사,B,SF205,각주항목(09.06월 이후)
18359,202406,0010094,미래에셋증권 주식회사,C1,파생상품계약_장내파생상품,6334106198086,국내증권사,B,SF205,각주항목(09.06월 이후)
18360,202406,0010094,미래에셋증권 주식회사,C11,파생상품계약_장내파생상품_이자율관련거래,813821391550,국내증권사,B,SF205,각주항목(09.06월 이후)
18361,202406,0010094,미래에셋증권 주식회사,C12,파생상품계약_장내파생상품_통화관련거래,255450501760,국내증권사,B,SF205,각주항목(09.06월 이후)
18362,202406,0010094,미래에셋증권 주식회사,C13,파생상품계약_장내파생상품_주식관련거래,5219592329976,국내증권사,B,SF205,각주항목(09.06월 이후)
18363,202406,0010094,미래에셋증권 주식회사,C14,파생상품계약_장내파생상품_일반상품관련거래,45241974800,국내증권사,B,SF205,각주항목(09.06월 이후)
18364,202406,0010094,미래에셋증권 주식회사,C15,파생상품계약_장내파생상품_기타,0,국내증권사,B,SF205,각주항목(09.06월 이후)
18365,202406,0010094,미래에셋증권 주식회사,C2,파생상품계약_장외파생상품,184506022855786,국내증권사,B,SF205,각주항목(09.06월 이후)
18366,202406,0010094,미래에셋증권 주식회사,C21,파생상품계약_장외파생상품_이자율관련거래,128349678730644,국내증권사,B,SF205,각주항목(09.06월 이후)
18367,202406,0010094,미래에셋증권 주식회사,C22,파생상품계약_장외파생상품_통화관련거래,36334388870779,국내증권사,B,SF205,각주항목(09.06월 이후)
18368,202406,0010094,미래에셋증권 주식회사,C23,파생상품계약_장외파생상품_주식관련거래,18921910910556,국내증권사,B,SF205,각주항목(09.06월 이후)
18369,202406,0010094,미래에셋증권 주식회사,C24,파생상품계약_장외파생상품_신용관련거래,0,국내증권사,B,SF205,각주항목(09.06월 이후)
18370,202406,0010094,미래에셋증권 주식회사,C25,파생상품계약_장외파생상품_기타,900044343807,국내증권사,B,SF205,각주항목(09.06월 이후)
18371,202406,0010094,미래에셋증권 주식회사,D,대차 및 대주거래,12716659944026,국내증권사,B,SF205,각주항목(09.06월 이후)
18372,202406,0010094,미래에셋증권 주식회사,D1,대차 및 대주거래_대여증권,3569985211035,국내증권사,B,SF205,각주항목(09.06월 이후)
18373,202406,0010094,미래에셋증권 주식회사,D2,대차 및 대주거래_차입증권,9146674732991,국내증권사,B,SF205,각주항목(09.06월 이후)
18374,202406,0010094,미래에셋증권 주식회사,D3,대차 및 대주거래_신용거래대주,0,국내증권사,B,SF205,각주항목(09.06월 이후)
18375,202406,0010094,미래에셋증권 주식회사,E,대손상각채권,73965657076,국내증권사,B,SF205,각주항목(09.06월 이후)
18376,202406,0010094,미래에셋증권 주식회사,F,환전업무 예치금,2151641975397,국내증권사,B,SF205,각주항목(09.06월 이후)
18377,202406,0010094,미래에셋증권 주식회사,G,미배당별도예치금,42302426863,국내증권사,B,SF205,각주항목(09.06월 이후)
18378,202406,0010094,미래에셋증권 주식회사,H,배서어음매출(종금계정),0,국내증권사,B,SF205,각주항목(09.06월 이후)
18379,202406,0010094,미래에셋증권 주식회사,H1,대출채권매매이익_담보부, ,국내증권사,B,SF205,각주항목(09.06월 이후)
18380,202406,0010094,미래에셋증권 주식회사,H2,대출채권매매이익_무담보부, ,국내증권사,B,SF205,각주항목(09.06월 이후)
18381,202409,0010094,미래에셋증권 주식회사,A,채무보증,1136671379881,국내증권사,B,SF205,각주항목(09.06월 이후)
18382,202409,0010094,미래에셋증권 주식회사,A1,채무보증_지급보증,656801313,국내증권사,B,SF205,각주항목(09.06월 이후)
18383,202409,0010094,미래에셋증권 주식회사,A2,채무보증_매입보장약정,419114578568,국내증권사,B,SF205,각주항목(09.06월 이후)
18384,202409,0010094,미래에셋증권 주식회사,A3,채무보증_채무인수약정,0,국내증권사,B,SF205,각주항목(09.06월 이후)
18385,202409,0010094,미래에셋증권 주식회사,A5,채무보증_매입확약,716900000000,국내증권사,B,SF205,각주항목(09.06월 이후)
18386,202409,0010094,미래에셋증권 주식회사,A6,채무보증_기타,0,국내증권사,B,SF205,각주항목(09.06월 이후)
18387,202409,0010094,미래에셋증권 주식회사,B,투자자의 예수증권 등,324786086000094,국내증권사,B,SF205,각주항목(09.06월 이후)
18388,202409,0010094,미래에셋증권 주식회사,B1,투자자의 예수증권 등_예수 증권,324786086000094,국내증권사,B,SF205,각주항목(09.06월 이후)
18389,202409,0010094,미래에셋증권 주식회사,B2,투자자의 예수증권 등_예수양도성예금증서,0,국내증권사,B,SF205,각주항목(09.06월 이후)
18390,202409,0010094,미래에셋증권 주식회사,B3,투자자의 예수증권 등_기타, ,국내증권사,B,SF205,각주항목(09.06월 이후)
18391,202409,0010094,미래에셋증권 주식회사,C,파생상품계약,191945806778435,국내증권사,B,SF205,각주항목(09.06월 이후)
18392,202409,0010094,미래에셋증권 주식회사,C1,파생상품계약_장내파생상품,3978662391905,국내증권사,B,SF205,각주항목(09.06월 이후)
18393,202409,0010094,미래에셋증권 주식회사,C11,파생상품계약_장내파생상품_이자율관련거래,1153894541340,국내증권사,B,SF205,각주항목(09.06월 이후)
18394,202409,0010094,미래에셋증권 주식회사,C12,파생상품계약_장내파생상품_통화관련거래,180055008427,국내증권사,B,SF205,각주항목(09.06월 이후)
18395,202409,0010094,미래에셋증권 주식회사,C13,파생상품계약_장내파생상품_주식관련거래,2557953852391,국내증권사,B,SF205,각주항목(09.06월 이후)
18396,202409,0010094,미래에셋증권 주식회사,C14,파생상품계약_장내파생상품_일반상품관련거래,86758989747,국내증권사,B,SF205,각주항목(09.06월 이후)
18397,202409,0010094,미래에셋증권 주식회사,C15,파생상품계약_장내파생상품_기타,0,국내증권사,B,SF205,각주항목(09.06월 이후)
18398,202409,0010094,미래에셋증권 주식회사,C2,파생상품계약_장외파생상품,187967144386530,국내증권사,B,SF205,각주항목(09.06월 이후)
18399,202409,0010094,미래에셋증권 주식회사,C21,파생상품계약_장외파생상품_이자율관련거래,133817814169452,국내증권사,B,SF205,각주항목(09.06월 이후)
18400,202409,0010094,미래에셋증권 주식회사,C22,파생상품계약_장외파생상품_통화관련거래,35007622375029,국내증권사,B,SF205,각주항목(09.06월 이후)
18401,202409,0010094,미래에셋증권 주식회사,C23,파생상품계약_장외파생상품_주식관련거래,18260030757787,국내증권사,B,SF205,각주항목(09.06월 이후)
18402,202409,0010094,미래에셋증권 주식회사,C24,파생상품계약_장외파생상품_신용관련거래,0,국내증권사,B,SF205,각주항목(09.06월 이후)
18403,202409,0010094,미래에셋증권 주식회사,C25,파생상품계약_장외파생상품_기타,881677084262,국내증권사,B,SF205,각주항목(09.06월 이후)
18404,202409,0010094,미래에셋증권 주식회사,D,대차 및 대주거래,12092776229902,국내증권사,B,SF205,각주항목(09.06월 이후)
18405,202409,0010094,미래에셋증권 주식회사,D1,대차 및 대주거래_대여증권,3518147457722,국내증권사,B,SF205,각주항목(09.06월 이후)
18406,202409,0010094,미래에셋증권 주식회사,D2,대차 및 대주거래_차입증권,8574628772180,국내증권사,B,SF205,각주항목(09.06월 이후)
18407,202409,0010094,미래에셋증권 주식회사,D3,대차 및 대주거래_신용거래대주,0,국내증권사,B,SF205,각주항목(09.06월 이후)
18408,202409,0010094,미래에셋증권 주식회사,E,대손상각채권,73974349882,국내증권사,B,SF205,각주항목(09.06월 이후)
18409,202409,0010094,미래에셋증권 주식회사,F,환전업무 예치금,2496906219730,국내증권사,B,SF205,각주항목(09.06월 이후)
18410,202409,0010094,미래에셋증권 주식회사,G,미배당별도예치금,33114233630,국내증권사,B,SF205,각주항목(09.06월 이후)
18411,202409,0010094,미래에셋증권 주식회사,H,배서어음매출(종금계정),0,국내증권사,B,SF205,각주항목(09.06월 이후)
18412,202409,0010094,미래에셋증권 주식회사,H1,대출채권매매이익_담보부, ,국내증권사,B,SF205,각주항목(09.06월 이후)
18413,202409,0010094,미래에셋증권 주식회사,H2,대출채권매매이익_무담보부, ,국내증권사,B,SF205,각주항목(09.06월 이후)
18414,202412,0010094,미래에셋증권 주식회사,A,채무보증,1253756706165,국내증권사,B,SF205,각주항목(09.06월 이후)
18415,202412,0010094,미래에셋증권 주식회사,A1,채무보증_지급보증,656801313,국내증권사,B,SF205,각주항목(09.06월 이후)
18416,202412,0010094,미래에셋증권 주식회사,A2,채무보증_매입보장약정,393896375440,국내증권사,B,SF205,각주항목(09.06월 이후)
18417,202412,0010094,미래에셋증권 주식회사,A3,채무보증_채무인수약정,0,국내증권사,B,SF205,각주항목(09.06월 이후)
18418,202412,0010094,미래에셋증권 주식회사,A5,채무보증_매입확약,859203529412,국내증권사,B,SF205,각주항목(09.06월 이후)
18419,202412,0010094,미래에셋증권 주식회사,A6,채무보증_기타,0,국내증권사,B,SF205,각주항목(09.06월 이후)
18420,202412,0010094,미래에셋증권 주식회사,B,투자자의 예수증권 등,315102352164835,국내증권사,B,SF205,각주항목(09.06월 이후)
18421,202412,0010094,미래에셋증권 주식회사,B1,투자자의 예수증권 등_예수 증권,315102352164835,국내증권사,B,SF205,각주항목(09.06월 이후)
18422,202412,0010094,미래에셋증권 주식회사,B2,투자자의 예수증권 등_예수양도성예금증서,0,국내증권사,B,SF205,각주항목(09.06월 이후)
18423,202412,0010094,미래에셋증권 주식회사,B3,투자자의 예수증권 등_기타, ,국내증권사,B,SF205,각주항목(09.06월 이후)
18424,202412,0010094,미래에셋증권 주식회사,C,파생상품계약,192965776308344,국내증권사,B,SF205,각주항목(09.06월 이후)
18425,202412,0010094,미래에셋증권 주식회사,C1,파생상품계약_장내파생상품,3307567593179,국내증권사,B,SF205,각주항목(09.06월 이후)
18426,202412,0010094,미래에셋증권 주식회사,C11,파생상품계약_장내파생상품_이자율관련거래,963466126837,국내증권사,B,SF205,각주항목(09.06월 이후)
18427,202412,0010094,미래에셋증권 주식회사,C12,파생상품계약_장내파생상품_통화관련거래,105634018763,국내증권사,B,SF205,각주항목(09.06월 이후)
18428,202412,0010094,미래에셋증권 주식회사,C13,파생상품계약_장내파생상품_주식관련거래,2027250987702,국내증권사,B,SF205,각주항목(09.06월 이후)
18429,202412,0010094,미래에셋증권 주식회사,C14,파생상품계약_장내파생상품_일반상품관련거래,211216459877,국내증권사,B,SF205,각주항목(09.06월 이후)
18430,202412,0010094,미래에셋증권 주식회사,C15,파생상품계약_장내파생상품_기타,0,국내증권사,B,SF205,각주항목(09.06월 이후)
18431,202412,0010094,미래에셋증권 주식회사,C2,파생상품계약_장외파생상품,189658208715165,국내증권사,B,SF205,각주항목(09.06월 이후)
18432,202412,0010094,미래에셋증권 주식회사,C21,파생상품계약_장외파생상품_이자율관련거래,133200084264632,국내증권사,B,SF205,각주항목(09.06월 이후)
18433,202412,0010094,미래에셋증권 주식회사,C22,파생상품계약_장외파생상품_통화관련거래,35125158297896,국내증권사,B,SF205,각주항목(09.06월 이후)
18434,202412,0010094,미래에셋증권 주식회사,C23,파생상품계약_장외파생상품_주식관련거래,20490640455785,국내증권사,B,SF205,각주항목(09.06월 이후)
18435,202412,0010094,미래에셋증권 주식회사,C24,파생상품계약_장외파생상품_신용관련거래,0,국내증권사,B,SF205,각주항목(09.06월 이후)
18436,202412,0010094,미래에셋증권 주식회사,C25,파생상품계약_장외파생상품_기타,842325696852,국내증권사,B,SF205,각주항목(09.06월 이후)
18437,202412,0010094,미래에셋증권 주식회사,D,대차 및 대주거래,14898082706588,국내증권사,B,SF205,각주항목(09.06월 이후)
18438,202412,0010094,미래에셋증권 주식회사,D1,대차 및 대주거래_대여증권,4092063767087,국내증권사,B,SF205,각주항목(09.06월 이후)
18439,202412,0010094,미래에셋증권 주식회사,D2,대차 및 대주거래_차입증권,10806018939501,국내증권사,B,SF205,각주항목(09.06월 이후)
18440,202412,0010094,미래에셋증권 주식회사,D3,대차 및 대주거래_신용거래대주,0,국내증권사,B,SF205,각주항목(09.06월 이후)
18441,202412,0010094,미래에셋증권 주식회사,E,대손상각채권,76129431547,국내증권사,B,SF205,각주항목(09.06월 이후)
18442,202412,0010094,미래에셋증권 주식회사,F,환전업무 예치금,3269395094859,국내증권사,B,SF205,각주항목(09.06월 이후)
18443,202412,0010094,미래에셋증권 주식회사,G,미배당별도예치금,38858042700,국내증권사,B,SF205,각주항목(09.06월 이후)
18444,202412,0010094,미래에셋증권 주식회사,H,배서어음매출(종금계정),0,국내증권사,B,SF205,각주항목(09.06월 이후)
18445,202412,0010094,미래에셋증권 주식회사,H1,대출채권매매이익_담보부, ,국내증권사,B,SF205,각주항목(09.06월 이후)
18446,202412,0010094,미래에셋증권 주식회사,H2,대출채권매매이익_무담보부, ,국내증권사,B,SF205,각주항목(09.06월 이후)
18447,201703,0010102,부국증권주식회사,A,채무보증,37000000000,국내증권사,B,SF205,각주항목(09.06월 이후)
18448,201703,0010102,부국증권주식회사,A1,채무보증_지급보증,0,국내증권사,B,SF205,각주항목(09.06월 이후)
18449,201703,0010102,부국증권주식회사,A2,채무보증_매입보장약정,10000000000,국내증권사,B,SF205,각주항목(09.06월 이후)
18450,201703,0010102,부국증권주식회사,A3,채무보증_채무인수약정,0,국내증권사,B,SF205,각주항목(09.06월 이후)
18451,201703,0010102,부국증권주식회사,A5,채무보증_매입확약,27000000000,국내증권사,B,SF205,각주항목(09.06월 이후)
18452,201703,0010102,부국증권주식회사,A6,채무보증_기타,0,국내증권사,B,SF205,각주항목(09.06월 이후)
18453,201703,0010102,부국증권주식회사,B,투자자의 예수증권 등,2170631993007,국내증권사,B,SF205,각주항목(09.06월 이후)
18454,201703,0010102,부국증권주식회사,B1,투자자의 예수증권 등_예수 증권,2170631993007,국내증권사,B,SF205,각주항목(09.06월 이후)
18455,201703,0010102,부국증권주식회사,B2,투자자의 예수증권 등_예수양도성예금증서,0,국내증권사,B,SF205,각주항목(09.06월 이후)
18456,201703,0010102,부국증권주식회사,B3,투자자의 예수증권 등_기타,0,국내증권사,B,SF205,각주항목(09.06월 이후)
18457,201703,0010102,부국증권주식회사,C,파생상품계약,637201762104,국내증권사,B,SF205,각주항목(09.06월 이후)
18458,201703,0010102,부국증권주식회사,C1,파생상품계약_장내파생상품,481795865644,국내증권사,B,SF205,각주항목(09.06월 이후)
18459,201703,0010102,부국증권주식회사,C11,파생상품계약_장내파생상품_이자율관련거래,457208193644,국내증권사,B,SF205,각주항목(09.06월 이후)
18460,201703,0010102,부국증권주식회사,C12,파생상품계약_장내파생상품_통화관련거래,9132252000,국내증권사,B,SF205,각주항목(09.06월 이후)
18461,201703,0010102,부국증권주식회사,C13,파생상품계약_장내파생상품_주식관련거래,15455420000,국내증권사,B,SF205,각주항목(09.06월 이후)
18462,201703,0010102,부국증권주식회사,C14,파생상품계약_장내파생상품_일반상품관련거래,0,국내증권사,B,SF205,각주항목(09.06월 이후)
18463,201703,0010102,부국증권주식회사,C15,파생상품계약_장내파생상품_기타,0,국내증권사,B,SF205,각주항목(09.06월 이후)
18464,201703,0010102,부국증권주식회사,C2,파생상품계약_장외파생상품,155405896460,국내증권사,B,SF205,각주항목(09.06월 이후)
18465,201703,0010102,부국증권주식회사,C21,파생상품계약_장외파생상품_이자율관련거래,154501100000,국내증권사,B,SF205,각주항목(09.06월 이후)
18466,201703,0010102,부국증권주식회사,C22,파생상품계약_장외파생상품_통화관련거래,0,국내증권사,B,SF205,각주항목(09.06월 이후)
18467,201703,0010102,부국증권주식회사,C23,파생상품계약_장외파생상품_주식관련거래,904796460,국내증권사,B,SF205,각주항목(09.06월 이후)
18468,201703,0010102,부국증권주식회사,C24,파생상품계약_장외파생상품_신용관련거래,0,국내증권사,B,SF205,각주항목(09.06월 이후)
18469,201703,0010102,부국증권주식회사,C25,파생상품계약_장외파생상품_기타,0,국내증권사,B,SF205,각주항목(09.06월 이후)
18470,201703,0010102,부국증권주식회사,D,대차 및 대주거래,167741178726,국내증권사,B,SF205,각주항목(09.06월 이후)
18471,201703,0010102,부국증권주식회사,D1,대차 및 대주거래_대여증권,5130420000,국내증권사,B,SF205,각주항목(09.06월 이후)
18472,201703,0010102,부국증권주식회사,D2,대차 및 대주거래_차입증권,162610758726,국내증권사,B,SF205,각주항목(09.06월 이후)
18473,201703,0010102,부국증권주식회사,D3,대차 및 대주거래_신용거래대주,0,국내증권사,B,SF205,각주항목(09.06월 이후)
18474,201703,0010102,부국증권주식회사,E,대손상각채권,0,국내증권사,B,SF205,각주항목(09.06월 이후)
18475,201703,0010102,부국증권주식회사,F,환전업무 예치금,0,국내증권사,B,SF205,각주항목(09.06월 이후)
18476,201703,0010102,부국증권주식회사,G,미배당별도예치금,0,국내증권사,B,SF205,각주항목(09.06월 이후)
18477,201703,0010102,부국증권주식회사,H,배서어음매출(종금계정),0,국내증권사,B,SF205,각주항목(09.06월 이후)
18478,201703,0010102,부국증권주식회사,H1,대출채권매매이익_담보부,0,국내증권사,B,SF205,각주항목(09.06월 이후)
18479,201703,0010102,부국증권주식회사,H2,대출채권매매이익_무담보부,0,국내증권사,B,SF205,각주항목(09.06월 이후)
18480,201706,0010102,부국증권주식회사,A,채무보증,35700000000,국내증권사,B,SF205,각주항목(09.06월 이후)
18481,201706,0010102,부국증권주식회사,A1,채무보증_지급보증,0,국내증권사,B,SF205,각주항목(09.06월 이후)
18482,201706,0010102,부국증권주식회사,A2,채무보증_매입보장약정,30000000000,국내증권사,B,SF205,각주항목(09.06월 이후)
18483,201706,0010102,부국증권주식회사,A3,채무보증_채무인수약정,0,국내증권사,B,SF205,각주항목(09.06월 이후)
18484,201706,0010102,부국증권주식회사,A5,채무보증_매입확약,5700000000,국내증권사,B,SF205,각주항목(09.06월 이후)
18485,201706,0010102,부국증권주식회사,A6,채무보증_기타,0,국내증권사,B,SF205,각주항목(09.06월 이후)
18486,201706,0010102,부국증권주식회사,B,투자자의 예수증권 등,1843836169860,국내증권사,B,SF205,각주항목(09.06월 이후)
18487,201706,0010102,부국증권주식회사,B1,투자자의 예수증권 등_예수 증권,1843836169860,국내증권사,B,SF205,각주항목(09.06월 이후)
18488,201706,0010102,부국증권주식회사,B2,투자자의 예수증권 등_예수양도성예금증서,0,국내증권사,B,SF205,각주항목(09.06월 이후)
18489,201706,0010102,부국증권주식회사,B3,투자자의 예수증권 등_기타,0,국내증권사,B,SF205,각주항목(09.06월 이후)
18490,201706,0010102,부국증권주식회사,C,파생상품계약,2100667589459,국내증권사,B,SF205,각주항목(09.06월 이후)
18491,201706,0010102,부국증권주식회사,C1,파생상품계약_장내파생상품,1489244052019,국내증권사,B,SF205,각주항목(09.06월 이후)
18492,201706,0010102,부국증권주식회사,C11,파생상품계약_장내파생상품_이자율관련거래,1453842708019,국내증권사,B,SF205,각주항목(09.06월 이후)
18493,201706,0010102,부국증권주식회사,C12,파생상품계약_장내파생상품_통화관련거래,12433467000,국내증권사,B,SF205,각주항목(09.06월 이후)
18494,201706,0010102,부국증권주식회사,C13,파생상품계약_장내파생상품_주식관련거래,22967877000,국내증권사,B,SF205,각주항목(09.06월 이후)
18495,201706,0010102,부국증권주식회사,C14,파생상품계약_장내파생상품_일반상품관련거래,0,국내증권사,B,SF205,각주항목(09.06월 이후)
18496,201706,0010102,부국증권주식회사,C15,파생상품계약_장내파생상품_기타,0,국내증권사,B,SF205,각주항목(09.06월 이후)
18497,201706,0010102,부국증권주식회사,C2,파생상품계약_장외파생상품,611423537440,국내증권사,B,SF205,각주항목(09.06월 이후)
18498,201706,0010102,부국증권주식회사,C21,파생상품계약_장외파생상품_이자율관련거래,603403060000,국내증권사,B,SF205,각주항목(09.06월 이후)
18499,201706,0010102,부국증권주식회사,C22,파생상품계약_장외파생상품_통화관련거래,5749272633,국내증권사,B,SF205,각주항목(09.06월 이후)
18500,201706,0010102,부국증권주식회사,C23,파생상품계약_장외파생상품_주식관련거래,2271204807,국내증권사,B,SF205,각주항목(09.06월 이후)
18501,201706,0010102,부국증권주식회사,C24,파생상품계약_장외파생상품_신용관련거래,0,국내증권사,B,SF205,각주항목(09.06월 이후)
18502,201706,0010102,부국증권주식회사,C25,파생상품계약_장외파생상품_기타,0,국내증권사,B,SF205,각주항목(09.06월 이후)
18503,201706,0010102,부국증권주식회사,D,대차 및 대주거래,182403732770,국내증권사,B,SF205,각주항목(09.06월 이후)
18504,201706,0010102,부국증권주식회사,D1,대차 및 대주거래_대여증권,5589575500,국내증권사,B,SF205,각주항목(09.06월 이후)
18505,201706,0010102,부국증권주식회사,D2,대차 및 대주거래_차입증권,176814157270,국내증권사,B,SF205,각주항목(09.06월 이후)
18506,201706,0010102,부국증권주식회사,D3,대차 및 대주거래_신용거래대주,0,국내증권사,B,SF205,각주항목(09.06월 이후)
18507,201706,0010102,부국증권주식회사,E,대손상각채권,0,국내증권사,B,SF205,각주항목(09.06월 이후)
18508,201706,0010102,부국증권주식회사,F,환전업무 예치금,0,국내증권사,B,SF205,각주항목(09.06월 이후)
18509,201706,0010102,부국증권주식회사,G,미배당별도예치금,0,국내증권사,B,SF205,각주항목(09.06월 이후)
18510,201706,0010102,부국증권주식회사,H,배서어음매출(종금계정),0,국내증권사,B,SF205,각주항목(09.06월 이후)
18511,201706,0010102,부국증권주식회사,H1,대출채권매매이익_담보부,0,국내증권사,B,SF205,각주항목(09.06월 이후)
18512,201706,0010102,부국증권주식회사,H2,대출채권매매이익_무담보부,0,국내증권사,B,SF205,각주항목(09.06월 이후)
18513,201709,0010102,부국증권주식회사,A,채무보증,13000000000,국내증권사,B,SF205,각주항목(09.06월 이후)
18514,201709,0010102,부국증권주식회사,A1,채무보증_지급보증,0,국내증권사,B,SF205,각주항목(09.06월 이후)
18515,201709,0010102,부국증권주식회사,A2,채무보증_매입보장약정,13000000000,국내증권사,B,SF205,각주항목(09.06월 이후)
18516,201709,0010102,부국증권주식회사,A3,채무보증_채무인수약정,0,국내증권사,B,SF205,각주항목(09.06월 이후)
18517,201709,0010102,부국증권주식회사,A5,채무보증_매입확약,0,국내증권사,B,SF205,각주항목(09.06월 이후)
18518,201709,0010102,부국증권주식회사,A6,채무보증_기타,0,국내증권사,B,SF205,각주항목(09.06월 이후)
18519,201709,0010102,부국증권주식회사,B,투자자의 예수증권 등,2400472290698,국내증권사,B,SF205,각주항목(09.06월 이후)
18520,201709,0010102,부국증권주식회사,B1,투자자의 예수증권 등_예수 증권,2400472290698,국내증권사,B,SF205,각주항목(09.06월 이후)
18521,201709,0010102,부국증권주식회사,B2,투자자의 예수증권 등_예수양도성예금증서,0,국내증권사,B,SF205,각주항목(09.06월 이후)
18522,201709,0010102,부국증권주식회사,B3,투자자의 예수증권 등_기타,0,국내증권사,B,SF205,각주항목(09.06월 이후)
18523,201709,0010102,부국증권주식회사,C,파생상품계약,1884698556326,국내증권사,B,SF205,각주항목(09.06월 이후)
18524,201709,0010102,부국증권주식회사,C1,파생상품계약_장내파생상품,1356374120500,국내증권사,B,SF205,각주항목(09.06월 이후)
18525,201709,0010102,부국증권주식회사,C11,파생상품계약_장내파생상품_이자율관련거래,1351335300000,국내증권사,B,SF205,각주항목(09.06월 이후)
18526,201709,0010102,부국증권주식회사,C12,파생상품계약_장내파생상품_통화관련거래,3509043000,국내증권사,B,SF205,각주항목(09.06월 이후)
18527,201709,0010102,부국증권주식회사,C13,파생상품계약_장내파생상품_주식관련거래,1529777500,국내증권사,B,SF205,각주항목(09.06월 이후)
18528,201709,0010102,부국증권주식회사,C14,파생상품계약_장내파생상품_일반상품관련거래,0,국내증권사,B,SF205,각주항목(09.06월 이후)
18529,201709,0010102,부국증권주식회사,C15,파생상품계약_장내파생상품_기타,0,국내증권사,B,SF205,각주항목(09.06월 이후)
18530,201709,0010102,부국증권주식회사,C2,파생상품계약_장외파생상품,528324435826,국내증권사,B,SF205,각주항목(09.06월 이후)
18531,201709,0010102,부국증권주식회사,C21,파생상품계약_장외파생상품_이자율관련거래,527700450000,국내증권사,B,SF205,각주항목(09.06월 이후)
18532,201709,0010102,부국증권주식회사,C22,파생상품계약_장외파생상품_통화관련거래,0,국내증권사,B,SF205,각주항목(09.06월 이후)
18533,201709,0010102,부국증권주식회사,C23,파생상품계약_장외파생상품_주식관련거래,623985826,국내증권사,B,SF205,각주항목(09.06월 이후)
18534,201709,0010102,부국증권주식회사,C24,파생상품계약_장외파생상품_신용관련거래,0,국내증권사,B,SF205,각주항목(09.06월 이후)
18535,201709,0010102,부국증권주식회사,C25,파생상품계약_장외파생상품_기타,0,국내증권사,B,SF205,각주항목(09.06월 이후)
18536,201709,0010102,부국증권주식회사,D,대차 및 대주거래,162598949204,국내증권사,B,SF205,각주항목(09.06월 이후)
18537,201709,0010102,부국증권주식회사,D1,대차 및 대주거래_대여증권,3647755450,국내증권사,B,SF205,각주항목(09.06월 이후)
18538,201709,0010102,부국증권주식회사,D2,대차 및 대주거래_차입증권,158951193754,국내증권사,B,SF205,각주항목(09.06월 이후)
18539,201709,0010102,부국증권주식회사,D3,대차 및 대주거래_신용거래대주,0,국내증권사,B,SF205,각주항목(09.06월 이후)
18540,201709,0010102,부국증권주식회사,E,대손상각채권,0,국내증권사,B,SF205,각주항목(09.06월 이후)
18541,201709,0010102,부국증권주식회사,F,환전업무 예치금,0,국내증권사,B,SF205,각주항목(09.06월 이후)
18542,201709,0010102,부국증권주식회사,G,미배당별도예치금,0,국내증권사,B,SF205,각주항목(09.06월 이후)
18543,201709,0010102,부국증권주식회사,H,배서어음매출(종금계정),0,국내증권사,B,SF205,각주항목(09.06월 이후)
18544,201709,0010102,부국증권주식회사,H1,대출채권매매이익_담보부,0,국내증권사,B,SF205,각주항목(09.06월 이후)
18545,201709,0010102,부국증권주식회사,H2,대출채권매매이익_무담보부,0,국내증권사,B,SF205,각주항목(09.06월 이후)
18546,201712,0010102,부국증권주식회사,A,채무보증,29089339301,국내증권사,B,SF205,각주항목(09.06월 이후)
18547,201712,0010102,부국증권주식회사,A1,채무보증_지급보증,0,국내증권사,B,SF205,각주항목(09.06월 이후)
18548,201712,0010102,부국증권주식회사,A2,채무보증_매입보장약정,13000000000,국내증권사,B,SF205,각주항목(09.06월 이후)
18549,201712,0010102,부국증권주식회사,A3,채무보증_채무인수약정,0,국내증권사,B,SF205,각주항목(09.06월 이후)
18550,201712,0010102,부국증권주식회사,A5,채무보증_매입확약,16089339301,국내증권사,B,SF205,각주항목(09.06월 이후)
18551,201712,0010102,부국증권주식회사,A6,채무보증_기타,0,국내증권사,B,SF205,각주항목(09.06월 이후)
18552,201712,0010102,부국증권주식회사,B,투자자의 예수증권 등,1640931291428,국내증권사,B,SF205,각주항목(09.06월 이후)
18553,201712,0010102,부국증권주식회사,B1,투자자의 예수증권 등_예수 증권,1640931291428,국내증권사,B,SF205,각주항목(09.06월 이후)
18554,201712,0010102,부국증권주식회사,B2,투자자의 예수증권 등_예수양도성예금증서,0,국내증권사,B,SF205,각주항목(09.06월 이후)
18555,201712,0010102,부국증권주식회사,B3,투자자의 예수증권 등_기타,0,국내증권사,B,SF205,각주항목(09.06월 이후)
18556,201712,0010102,부국증권주식회사,C,파생상품계약,644624482500,국내증권사,B,SF205,각주항목(09.06월 이후)
18557,201712,0010102,부국증권주식회사,C1,파생상품계약_장내파생상품,605664682500,국내증권사,B,SF205,각주항목(09.06월 이후)
18558,201712,0010102,부국증권주식회사,C11,파생상품계약_장내파생상품_이자율관련거래,602563710000,국내증권사,B,SF205,각주항목(09.06월 이후)
18559,201712,0010102,부국증권주식회사,C12,파생상품계약_장내파생상품_통화관련거래,0,국내증권사,B,SF205,각주항목(09.06월 이후)
18560,201712,0010102,부국증권주식회사,C13,파생상품계약_장내파생상품_주식관련거래,3100972500,국내증권사,B,SF205,각주항목(09.06월 이후)
18561,201712,0010102,부국증권주식회사,C14,파생상품계약_장내파생상품_일반상품관련거래,0,국내증권사,B,SF205,각주항목(09.06월 이후)
18562,201712,0010102,부국증권주식회사,C15,파생상품계약_장내파생상품_기타,0,국내증권사,B,SF205,각주항목(09.06월 이후)
18563,201712,0010102,부국증권주식회사,C2,파생상품계약_장외파생상품,38959800000,국내증권사,B,SF205,각주항목(09.06월 이후)
18564,201712,0010102,부국증권주식회사,C21,파생상품계약_장외파생상품_이자율관련거래,38959800000,국내증권사,B,SF205,각주항목(09.06월 이후)
18565,201712,0010102,부국증권주식회사,C22,파생상품계약_장외파생상품_통화관련거래,0,국내증권사,B,SF205,각주항목(09.06월 이후)
18566,201712,0010102,부국증권주식회사,C23,파생상품계약_장외파생상품_주식관련거래,0,국내증권사,B,SF205,각주항목(09.06월 이후)
18567,201712,0010102,부국증권주식회사,C24,파생상품계약_장외파생상품_신용관련거래,0,국내증권사,B,SF205,각주항목(09.06월 이후)
18568,201712,0010102,부국증권주식회사,C25,파생상품계약_장외파생상품_기타,0,국내증권사,B,SF205,각주항목(09.06월 이후)
18569,201712,0010102,부국증권주식회사,D,대차 및 대주거래,174222652168,국내증권사,B,SF205,각주항목(09.06월 이후)
18570,201712,0010102,부국증권주식회사,D1,대차 및 대주거래_대여증권,3770236500,국내증권사,B,SF205,각주항목(09.06월 이후)
18571,201712,0010102,부국증권주식회사,D2,대차 및 대주거래_차입증권,170452415668,국내증권사,B,SF205,각주항목(09.06월 이후)
18572,201712,0010102,부국증권주식회사,D3,대차 및 대주거래_신용거래대주,0,국내증권사,B,SF205,각주항목(09.06월 이후)
18573,201712,0010102,부국증권주식회사,E,대손상각채권,0,국내증권사,B,SF205,각주항목(09.06월 이후)
18574,201712,0010102,부국증권주식회사,F,환전업무 예치금,0,국내증권사,B,SF205,각주항목(09.06월 이후)
18575,201712,0010102,부국증권주식회사,G,미배당별도예치금,0,국내증권사,B,SF205,각주항목(09.06월 이후)
18576,201712,0010102,부국증권주식회사,H,배서어음매출(종금계정),0,국내증권사,B,SF205,각주항목(09.06월 이후)
18577,201712,0010102,부국증권주식회사,H1,대출채권매매이익_담보부,0,국내증권사,B,SF205,각주항목(09.06월 이후)
18578,201712,0010102,부국증권주식회사,H2,대출채권매매이익_무담보부,0,국내증권사,B,SF205,각주항목(09.06월 이후)
18579,201803,0010102,부국증권주식회사,A,채무보증,0,국내증권사,B,SF205,각주항목(09.06월 이후)
18580,201803,0010102,부국증권주식회사,A1,채무보증_지급보증,0,국내증권사,B,SF205,각주항목(09.06월 이후)
18581,201803,0010102,부국증권주식회사,A2,채무보증_매입보장약정,0,국내증권사,B,SF205,각주항목(09.06월 이후)
18582,201803,0010102,부국증권주식회사,A3,채무보증_채무인수약정,0,국내증권사,B,SF205,각주항목(09.06월 이후)
18583,201803,0010102,부국증권주식회사,A5,채무보증_매입확약,0,국내증권사,B,SF205,각주항목(09.06월 이후)
18584,201803,0010102,부국증권주식회사,A6,채무보증_기타,0,국내증권사,B,SF205,각주항목(09.06월 이후)
18585,201803,0010102,부국증권주식회사,B,투자자의 예수증권 등,1654665894258,국내증권사,B,SF205,각주항목(09.06월 이후)
18586,201803,0010102,부국증권주식회사,B1,투자자의 예수증권 등_예수 증권,1654665894258,국내증권사,B,SF205,각주항목(09.06월 이후)
18587,201803,0010102,부국증권주식회사,B2,투자자의 예수증권 등_예수양도성예금증서,0,국내증권사,B,SF205,각주항목(09.06월 이후)
18588,201803,0010102,부국증권주식회사,B3,투자자의 예수증권 등_기타,0,국내증권사,B,SF205,각주항목(09.06월 이후)
18589,201803,0010102,부국증권주식회사,C,파생상품계약,1254615070000,국내증권사,B,SF205,각주항목(09.06월 이후)
18590,201803,0010102,부국증권주식회사,C1,파생상품계약_장내파생상품,1004634850000,국내증권사,B,SF205,각주항목(09.06월 이후)
18591,201803,0010102,부국증권주식회사,C11,파생상품계약_장내파생상품_이자율관련거래,978332790000,국내증권사,B,SF205,각주항목(09.06월 이후)
18592,201803,0010102,부국증권주식회사,C12,파생상품계약_장내파생상품_통화관련거래,0,국내증권사,B,SF205,각주항목(09.06월 이후)
18593,201803,0010102,부국증권주식회사,C13,파생상품계약_장내파생상품_주식관련거래,26302060000,국내증권사,B,SF205,각주항목(09.06월 이후)
18594,201803,0010102,부국증권주식회사,C14,파생상품계약_장내파생상품_일반상품관련거래,0,국내증권사,B,SF205,각주항목(09.06월 이후)
18595,201803,0010102,부국증권주식회사,C15,파생상품계약_장내파생상품_기타,0,국내증권사,B,SF205,각주항목(09.06월 이후)
18596,201803,0010102,부국증권주식회사,C2,파생상품계약_장외파생상품,249980220000,국내증권사,B,SF205,각주항목(09.06월 이후)
18597,201803,0010102,부국증권주식회사,C21,파생상품계약_장외파생상품_이자율관련거래,249980220000,국내증권사,B,SF205,각주항목(09.06월 이후)
18598,201803,0010102,부국증권주식회사,C22,파생상품계약_장외파생상품_통화관련거래,0,국내증권사,B,SF205,각주항목(09.06월 이후)
18599,201803,0010102,부국증권주식회사,C23,파생상품계약_장외파생상품_주식관련거래,0,국내증권사,B,SF205,각주항목(09.06월 이후)
18600,201803,0010102,부국증권주식회사,C24,파생상품계약_장외파생상품_신용관련거래,0,국내증권사,B,SF205,각주항목(09.06월 이후)
18601,201803,0010102,부국증권주식회사,C25,파생상품계약_장외파생상품_기타,0,국내증권사,B,SF205,각주항목(09.06월 이후)
18602,201803,0010102,부국증권주식회사,D,대차 및 대주거래,211177443575,국내증권사,B,SF205,각주항목(09.06월 이후)
18603,201803,0010102,부국증권주식회사,D1,대차 및 대주거래_대여증권,28982362000,국내증권사,B,SF205,각주항목(09.06월 이후)
18604,201803,0010102,부국증권주식회사,D2,대차 및 대주거래_차입증권,182195081575,국내증권사,B,SF205,각주항목(09.06월 이후)
18605,201803,0010102,부국증권주식회사,D3,대차 및 대주거래_신용거래대주,0,국내증권사,B,SF205,각주항목(09.06월 이후)
18606,201803,0010102,부국증권주식회사,E,대손상각채권,0,국내증권사,B,SF205,각주항목(09.06월 이후)
18607,201803,0010102,부국증권주식회사,F,환전업무 예치금,0,국내증권사,B,SF205,각주항목(09.06월 이후)
18608,201803,0010102,부국증권주식회사,G,미배당별도예치금,0,국내증권사,B,SF205,각주항목(09.06월 이후)
18609,201803,0010102,부국증권주식회사,H,배서어음매출(종금계정),0,국내증권사,B,SF205,각주항목(09.06월 이후)
18610,201803,0010102,부국증권주식회사,H1,대출채권매매이익_담보부,0,국내증권사,B,SF205,각주항목(09.06월 이후)
18611,201803,0010102,부국증권주식회사,H2,대출채권매매이익_무담보부,0,국내증권사,B,SF205,각주항목(09.06월 이후)
18612,201806,0010102,부국증권주식회사,A,채무보증,0,국내증권사,B,SF205,각주항목(09.06월 이후)
18613,201806,0010102,부국증권주식회사,A1,채무보증_지급보증,0,국내증권사,B,SF205,각주항목(09.06월 이후)
18614,201806,0010102,부국증권주식회사,A2,채무보증_매입보장약정,0,국내증권사,B,SF205,각주항목(09.06월 이후)
18615,201806,0010102,부국증권주식회사,A3,채무보증_채무인수약정,0,국내증권사,B,SF205,각주항목(09.06월 이후)
18616,201806,0010102,부국증권주식회사,A5,채무보증_매입확약,0,국내증권사,B,SF205,각주항목(09.06월 이후)
18617,201806,0010102,부국증권주식회사,A6,채무보증_기타,0,국내증권사,B,SF205,각주항목(09.06월 이후)
18618,201806,0010102,부국증권주식회사,B,투자자의 예수증권 등,1457752938338,국내증권사,B,SF205,각주항목(09.06월 이후)
18619,201806,0010102,부국증권주식회사,B1,투자자의 예수증권 등_예수 증권,1457752938338,국내증권사,B,SF205,각주항목(09.06월 이후)
18620,201806,0010102,부국증권주식회사,B2,투자자의 예수증권 등_예수양도성예금증서,0,국내증권사,B,SF205,각주항목(09.06월 이후)
18621,201806,0010102,부국증권주식회사,B3,투자자의 예수증권 등_기타,0,국내증권사,B,SF205,각주항목(09.06월 이후)
18622,201806,0010102,부국증권주식회사,C,파생상품계약,1080752614500,국내증권사,B,SF205,각주항목(09.06월 이후)
18623,201806,0010102,부국증권주식회사,C1,파생상품계약_장내파생상품,724395115500,국내증권사,B,SF205,각주항목(09.06월 이후)
18624,201806,0010102,부국증권주식회사,C11,파생상품계약_장내파생상품_이자율관련거래,711762320000,국내증권사,B,SF205,각주항목(09.06월 이후)
18625,201806,0010102,부국증권주식회사,C12,파생상품계약_장내파생상품_통화관련거래,0,국내증권사,B,SF205,각주항목(09.06월 이후)
18626,201806,0010102,부국증권주식회사,C13,파생상품계약_장내파생상품_주식관련거래,12632795500,국내증권사,B,SF205,각주항목(09.06월 이후)
18627,201806,0010102,부국증권주식회사,C14,파생상품계약_장내파생상품_일반상품관련거래,0,국내증권사,B,SF205,각주항목(09.06월 이후)
18628,201806,0010102,부국증권주식회사,C15,파생상품계약_장내파생상품_기타,0,국내증권사,B,SF205,각주항목(09.06월 이후)
18629,201806,0010102,부국증권주식회사,C2,파생상품계약_장외파생상품,356357499000,국내증권사,B,SF205,각주항목(09.06월 이후)
18630,201806,0010102,부국증권주식회사,C21,파생상품계약_장외파생상품_이자율관련거래,356357499000,국내증권사,B,SF205,각주항목(09.06월 이후)
18631,201806,0010102,부국증권주식회사,C22,파생상품계약_장외파생상품_통화관련거래,0,국내증권사,B,SF205,각주항목(09.06월 이후)
18632,201806,0010102,부국증권주식회사,C23,파생상품계약_장외파생상품_주식관련거래,0,국내증권사,B,SF205,각주항목(09.06월 이후)
18633,201806,0010102,부국증권주식회사,C24,파생상품계약_장외파생상품_신용관련거래,0,국내증권사,B,SF205,각주항목(09.06월 이후)
18634,201806,0010102,부국증권주식회사,C25,파생상품계약_장외파생상품_기타,0,국내증권사,B,SF205,각주항목(09.06월 이후)
18635,201806,0010102,부국증권주식회사,D,대차 및 대주거래,260726058393,국내증권사,B,SF205,각주항목(09.06월 이후)
18636,201806,0010102,부국증권주식회사,D1,대차 및 대주거래_대여증권,51264505000,국내증권사,B,SF205,각주항목(09.06월 이후)
18637,201806,0010102,부국증권주식회사,D2,대차 및 대주거래_차입증권,209461553393,국내증권사,B,SF205,각주항목(09.06월 이후)
18638,201806,0010102,부국증권주식회사,D3,대차 및 대주거래_신용거래대주,0,국내증권사,B,SF205,각주항목(09.06월 이후)
18639,201806,0010102,부국증권주식회사,E,대손상각채권,0,국내증권사,B,SF205,각주항목(09.06월 이후)
18640,201806,0010102,부국증권주식회사,F,환전업무 예치금,0,국내증권사,B,SF205,각주항목(09.06월 이후)
18641,201806,0010102,부국증권주식회사,G,미배당별도예치금,0,국내증권사,B,SF205,각주항목(09.06월 이후)
18642,201806,0010102,부국증권주식회사,H,배서어음매출(종금계정),0,국내증권사,B,SF205,각주항목(09.06월 이후)
18643,201806,0010102,부국증권주식회사,H1,대출채권매매이익_담보부,0,국내증권사,B,SF205,각주항목(09.06월 이후)
18644,201806,0010102,부국증권주식회사,H2,대출채권매매이익_무담보부,0,국내증권사,B,SF205,각주항목(09.06월 이후)
18645,201809,0010102,부국증권주식회사,A,채무보증,0,국내증권사,B,SF205,각주항목(09.06월 이후)
18646,201809,0010102,부국증권주식회사,A1,채무보증_지급보증,0,국내증권사,B,SF205,각주항목(09.06월 이후)
18647,201809,0010102,부국증권주식회사,A2,채무보증_매입보장약정,0,국내증권사,B,SF205,각주항목(09.06월 이후)
18648,201809,0010102,부국증권주식회사,A3,채무보증_채무인수약정,0,국내증권사,B,SF205,각주항목(09.06월 이후)
18649,201809,0010102,부국증권주식회사,A5,채무보증_매입확약,0,국내증권사,B,SF205,각주항목(09.06월 이후)
18650,201809,0010102,부국증권주식회사,A6,채무보증_기타,0,국내증권사,B,SF205,각주항목(09.06월 이후)
18651,201809,0010102,부국증권주식회사,B,투자자의 예수증권 등,1511567362828,국내증권사,B,SF205,각주항목(09.06월 이후)
18652,201809,0010102,부국증권주식회사,B1,투자자의 예수증권 등_예수 증권,1511567362828,국내증권사,B,SF205,각주항목(09.06월 이후)
18653,201809,0010102,부국증권주식회사,B2,투자자의 예수증권 등_예수양도성예금증서,0,국내증권사,B,SF205,각주항목(09.06월 이후)
18654,201809,0010102,부국증권주식회사,B3,투자자의 예수증권 등_기타,0,국내증권사,B,SF205,각주항목(09.06월 이후)
18655,201809,0010102,부국증권주식회사,C,파생상품계약,870704570809,국내증권사,B,SF205,각주항목(09.06월 이후)
18656,201809,0010102,부국증권주식회사,C1,파생상품계약_장내파생상품,477710005500,국내증권사,B,SF205,각주항목(09.06월 이후)
18657,201809,0010102,부국증권주식회사,C11,파생상품계약_장내파생상품_이자율관련거래,465277870000,국내증권사,B,SF205,각주항목(09.06월 이후)
18658,201809,0010102,부국증권주식회사,C12,파생상품계약_장내파생상품_통화관련거래,0,국내증권사,B,SF205,각주항목(09.06월 이후)
18659,201809,0010102,부국증권주식회사,C13,파생상품계약_장내파생상품_주식관련거래,12432135500,국내증권사,B,SF205,각주항목(09.06월 이후)
18660,201809,0010102,부국증권주식회사,C14,파생상품계약_장내파생상품_일반상품관련거래,0,국내증권사,B,SF205,각주항목(09.06월 이후)
18661,201809,0010102,부국증권주식회사,C15,파생상품계약_장내파생상품_기타,0,국내증권사,B,SF205,각주항목(09.06월 이후)
18662,201809,0010102,부국증권주식회사,C2,파생상품계약_장외파생상품,392994565309,국내증권사,B,SF205,각주항목(09.06월 이후)
18663,201809,0010102,부국증권주식회사,C21,파생상품계약_장외파생상품_이자율관련거래,392259990000,국내증권사,B,SF205,각주항목(09.06월 이후)
18664,201809,0010102,부국증권주식회사,C22,파생상품계약_장외파생상품_통화관련거래,0,국내증권사,B,SF205,각주항목(09.06월 이후)
18665,201809,0010102,부국증권주식회사,C23,파생상품계약_장외파생상품_주식관련거래,734575309,국내증권사,B,SF205,각주항목(09.06월 이후)
18666,201809,0010102,부국증권주식회사,C24,파생상품계약_장외파생상품_신용관련거래,0,국내증권사,B,SF205,각주항목(09.06월 이후)
18667,201809,0010102,부국증권주식회사,C25,파생상품계약_장외파생상품_기타,0,국내증권사,B,SF205,각주항목(09.06월 이후)
18668,201809,0010102,부국증권주식회사,D,대차 및 대주거래,330239233300,국내증권사,B,SF205,각주항목(09.06월 이후)
18669,201809,0010102,부국증권주식회사,D1,대차 및 대주거래_대여증권,102458005000,국내증권사,B,SF205,각주항목(09.06월 이후)
18670,201809,0010102,부국증권주식회사,D2,대차 및 대주거래_차입증권,227781228300,국내증권사,B,SF205,각주항목(09.06월 이후)
18671,201809,0010102,부국증권주식회사,D3,대차 및 대주거래_신용거래대주,0,국내증권사,B,SF205,각주항목(09.06월 이후)
18672,201809,0010102,부국증권주식회사,E,대손상각채권,0,국내증권사,B,SF205,각주항목(09.06월 이후)
18673,201809,0010102,부국증권주식회사,F,환전업무 예치금,0,국내증권사,B,SF205,각주항목(09.06월 이후)
18674,201809,0010102,부국증권주식회사,G,미배당별도예치금,0,국내증권사,B,SF205,각주항목(09.06월 이후)
18675,201809,0010102,부국증권주식회사,H,배서어음매출(종금계정),0,국내증권사,B,SF205,각주항목(09.06월 이후)
18676,201809,0010102,부국증권주식회사,H1,대출채권매매이익_담보부,0,국내증권사,B,SF205,각주항목(09.06월 이후)
18677,201809,0010102,부국증권주식회사,H2,대출채권매매이익_무담보부,0,국내증권사,B,SF205,각주항목(09.06월 이후)
18678,201812,0010102,부국증권주식회사,A,채무보증,0,국내증권사,B,SF205,각주항목(09.06월 이후)
18679,201812,0010102,부국증권주식회사,A1,채무보증_지급보증,0,국내증권사,B,SF205,각주항목(09.06월 이후)
18680,201812,0010102,부국증권주식회사,A2,채무보증_매입보장약정,0,국내증권사,B,SF205,각주항목(09.06월 이후)
18681,201812,0010102,부국증권주식회사,A3,채무보증_채무인수약정,0,국내증권사,B,SF205,각주항목(09.06월 이후)
18682,201812,0010102,부국증권주식회사,A5,채무보증_매입확약,0,국내증권사,B,SF205,각주항목(09.06월 이후)
18683,201812,0010102,부국증권주식회사,A6,채무보증_기타,0,국내증권사,B,SF205,각주항목(09.06월 이후)
18684,201812,0010102,부국증권주식회사,B,투자자의 예수증권 등,1302489055457,국내증권사,B,SF205,각주항목(09.06월 이후)
18685,201812,0010102,부국증권주식회사,B1,투자자의 예수증권 등_예수 증권,1302489055457,국내증권사,B,SF205,각주항목(09.06월 이후)
18686,201812,0010102,부국증권주식회사,B2,투자자의 예수증권 등_예수양도성예금증서,0,국내증권사,B,SF205,각주항목(09.06월 이후)
18687,201812,0010102,부국증권주식회사,B3,투자자의 예수증권 등_기타,0,국내증권사,B,SF205,각주항목(09.06월 이후)
18688,201812,0010102,부국증권주식회사,C,파생상품계약,722773637599,국내증권사,B,SF205,각주항목(09.06월 이후)
18689,201812,0010102,부국증권주식회사,C1,파생상품계약_장내파생상품,633097777599,국내증권사,B,SF205,각주항목(09.06월 이후)
18690,201812,0010102,부국증권주식회사,C11,파생상품계약_장내파생상품_이자율관련거래,618615340000,국내증권사,B,SF205,각주항목(09.06월 이후)
18691,201812,0010102,부국증권주식회사,C12,파생상품계약_장내파생상품_통화관련거래,0,국내증권사,B,SF205,각주항목(09.06월 이후)
18692,201812,0010102,부국증권주식회사,C13,파생상품계약_장내파생상품_주식관련거래,14482437599,국내증권사,B,SF205,각주항목(09.06월 이후)
18693,201812,0010102,부국증권주식회사,C14,파생상품계약_장내파생상품_일반상품관련거래,0,국내증권사,B,SF205,각주항목(09.06월 이후)
18694,201812,0010102,부국증권주식회사,C15,파생상품계약_장내파생상품_기타,0,국내증권사,B,SF205,각주항목(09.06월 이후)
18695,201812,0010102,부국증권주식회사,C2,파생상품계약_장외파생상품,89675860000,국내증권사,B,SF205,각주항목(09.06월 이후)
18696,201812,0010102,부국증권주식회사,C21,파생상품계약_장외파생상품_이자율관련거래,89675860000,국내증권사,B,SF205,각주항목(09.06월 이후)
18697,201812,0010102,부국증권주식회사,C22,파생상품계약_장외파생상품_통화관련거래,0,국내증권사,B,SF205,각주항목(09.06월 이후)
18698,201812,0010102,부국증권주식회사,C23,파생상품계약_장외파생상품_주식관련거래,0,국내증권사,B,SF205,각주항목(09.06월 이후)
18699,201812,0010102,부국증권주식회사,C24,파생상품계약_장외파생상품_신용관련거래,0,국내증권사,B,SF205,각주항목(09.06월 이후)
18700,201812,0010102,부국증권주식회사,C25,파생상품계약_장외파생상품_기타,0,국내증권사,B,SF205,각주항목(09.06월 이후)
18701,201812,0010102,부국증권주식회사,D,대차 및 대주거래,360566529814,국내증권사,B,SF205,각주항목(09.06월 이후)
18702,201812,0010102,부국증권주식회사,D1,대차 및 대주거래_대여증권,98889545000,국내증권사,B,SF205,각주항목(09.06월 이후)
18703,201812,0010102,부국증권주식회사,D2,대차 및 대주거래_차입증권,261676984814,국내증권사,B,SF205,각주항목(09.06월 이후)
18704,201812,0010102,부국증권주식회사,D3,대차 및 대주거래_신용거래대주,0,국내증권사,B,SF205,각주항목(09.06월 이후)
18705,201812,0010102,부국증권주식회사,E,대손상각채권,0,국내증권사,B,SF205,각주항목(09.06월 이후)
18706,201812,0010102,부국증권주식회사,F,환전업무 예치금,0,국내증권사,B,SF205,각주항목(09.06월 이후)
18707,201812,0010102,부국증권주식회사,G,미배당별도예치금,0,국내증권사,B,SF205,각주항목(09.06월 이후)
18708,201812,0010102,부국증권주식회사,H,배서어음매출(종금계정),0,국내증권사,B,SF205,각주항목(09.06월 이후)
18709,201812,0010102,부국증권주식회사,H1,대출채권매매이익_담보부,0,국내증권사,B,SF205,각주항목(09.06월 이후)
18710,201812,0010102,부국증권주식회사,H2,대출채권매매이익_무담보부,0,국내증권사,B,SF205,각주항목(09.06월 이후)
18711,201903,0010102,부국증권주식회사,A,채무보증,0,국내증권사,B,SF205,각주항목(09.06월 이후)
18712,201903,0010102,부국증권주식회사,A1,채무보증_지급보증,0,국내증권사,B,SF205,각주항목(09.06월 이후)
18713,201903,0010102,부국증권주식회사,A2,채무보증_매입보장약정,0,국내증권사,B,SF205,각주항목(09.06월 이후)
18714,201903,0010102,부국증권주식회사,A3,채무보증_채무인수약정,0,국내증권사,B,SF205,각주항목(09.06월 이후)
18715,201903,0010102,부국증권주식회사,A5,채무보증_매입확약,0,국내증권사,B,SF205,각주항목(09.06월 이후)
18716,201903,0010102,부국증권주식회사,A6,채무보증_기타,0,국내증권사,B,SF205,각주항목(09.06월 이후)
18717,201903,0010102,부국증권주식회사,B,투자자의 예수증권 등,1485746680830,국내증권사,B,SF205,각주항목(09.06월 이후)
18718,201903,0010102,부국증권주식회사,B1,투자자의 예수증권 등_예수 증권,1485746680830,국내증권사,B,SF205,각주항목(09.06월 이후)
18719,201903,0010102,부국증권주식회사,B2,투자자의 예수증권 등_예수양도성예금증서,0,국내증권사,B,SF205,각주항목(09.06월 이후)
18720,201903,0010102,부국증권주식회사,B3,투자자의 예수증권 등_기타,0,국내증권사,B,SF205,각주항목(09.06월 이후)
18721,201903,0010102,부국증권주식회사,C,파생상품계약,1813518513000,국내증권사,B,SF205,각주항목(09.06월 이후)
18722,201903,0010102,부국증권주식회사,C1,파생상품계약_장내파생상품,1477380338000,국내증권사,B,SF205,각주항목(09.06월 이후)
18723,201903,0010102,부국증권주식회사,C11,파생상품계약_장내파생상품_이자율관련거래,1465981880000,국내증권사,B,SF205,각주항목(09.06월 이후)
18724,201903,0010102,부국증권주식회사,C12,파생상품계약_장내파생상품_통화관련거래,0,국내증권사,B,SF205,각주항목(09.06월 이후)
18725,201903,0010102,부국증권주식회사,C13,파생상품계약_장내파생상품_주식관련거래,11398458000,국내증권사,B,SF205,각주항목(09.06월 이후)
18726,201903,0010102,부국증권주식회사,C14,파생상품계약_장내파생상품_일반상품관련거래,0,국내증권사,B,SF205,각주항목(09.06월 이후)
18727,201903,0010102,부국증권주식회사,C15,파생상품계약_장내파생상품_기타,0,국내증권사,B,SF205,각주항목(09.06월 이후)
18728,201903,0010102,부국증권주식회사,C2,파생상품계약_장외파생상품,336138175000,국내증권사,B,SF205,각주항목(09.06월 이후)
18729,201903,0010102,부국증권주식회사,C21,파생상품계약_장외파생상품_이자율관련거래,336138175000,국내증권사,B,SF205,각주항목(09.06월 이후)
18730,201903,0010102,부국증권주식회사,C22,파생상품계약_장외파생상품_통화관련거래,0,국내증권사,B,SF205,각주항목(09.06월 이후)
18731,201903,0010102,부국증권주식회사,C23,파생상품계약_장외파생상품_주식관련거래,0,국내증권사,B,SF205,각주항목(09.06월 이후)
18732,201903,0010102,부국증권주식회사,C24,파생상품계약_장외파생상품_신용관련거래,0,국내증권사,B,SF205,각주항목(09.06월 이후)
18733,201903,0010102,부국증권주식회사,C25,파생상품계약_장외파생상품_기타,0,국내증권사,B,SF205,각주항목(09.06월 이후)
18734,201903,0010102,부국증권주식회사,D,대차 및 대주거래,358387511002,국내증권사,B,SF205,각주항목(09.06월 이후)
18735,201903,0010102,부국증권주식회사,D1,대차 및 대주거래_대여증권,91183664000,국내증권사,B,SF205,각주항목(09.06월 이후)
18736,201903,0010102,부국증권주식회사,D2,대차 및 대주거래_차입증권,267203847002,국내증권사,B,SF205,각주항목(09.06월 이후)
18737,201903,0010102,부국증권주식회사,D3,대차 및 대주거래_신용거래대주,0,국내증권사,B,SF205,각주항목(09.06월 이후)
18738,201903,0010102,부국증권주식회사,E,대손상각채권,0,국내증권사,B,SF205,각주항목(09.06월 이후)
18739,201903,0010102,부국증권주식회사,F,환전업무 예치금,0,국내증권사,B,SF205,각주항목(09.06월 이후)
18740,201903,0010102,부국증권주식회사,G,미배당별도예치금,0,국내증권사,B,SF205,각주항목(09.06월 이후)
18741,201903,0010102,부국증권주식회사,H,배서어음매출(종금계정),0,국내증권사,B,SF205,각주항목(09.06월 이후)
18742,201903,0010102,부국증권주식회사,H1,대출채권매매이익_담보부,0,국내증권사,B,SF205,각주항목(09.06월 이후)
18743,201903,0010102,부국증권주식회사,H2,대출채권매매이익_무담보부,0,국내증권사,B,SF205,각주항목(09.06월 이후)
18744,201906,0010102,부국증권주식회사,A,채무보증,0,국내증권사,B,SF205,각주항목(09.06월 이후)
18745,201906,0010102,부국증권주식회사,A1,채무보증_지급보증,0,국내증권사,B,SF205,각주항목(09.06월 이후)
18746,201906,0010102,부국증권주식회사,A2,채무보증_매입보장약정,0,국내증권사,B,SF205,각주항목(09.06월 이후)
18747,201906,0010102,부국증권주식회사,A3,채무보증_채무인수약정,0,국내증권사,B,SF205,각주항목(09.06월 이후)
18748,201906,0010102,부국증권주식회사,A5,채무보증_매입확약,0,국내증권사,B,SF205,각주항목(09.06월 이후)
18749,201906,0010102,부국증권주식회사,A6,채무보증_기타,0,국내증권사,B,SF205,각주항목(09.06월 이후)
18750,201906,0010102,부국증권주식회사,B,투자자의 예수증권 등,2009633323172,국내증권사,B,SF205,각주항목(09.06월 이후)
18751,201906,0010102,부국증권주식회사,B1,투자자의 예수증권 등_예수 증권,2009633323172,국내증권사,B,SF205,각주항목(09.06월 이후)
18752,201906,0010102,부국증권주식회사,B2,투자자의 예수증권 등_예수양도성예금증서,0,국내증권사,B,SF205,각주항목(09.06월 이후)
18753,201906,0010102,부국증권주식회사,B3,투자자의 예수증권 등_기타,0,국내증권사,B,SF205,각주항목(09.06월 이후)
18754,201906,0010102,부국증권주식회사,C,파생상품계약,2791328242500,국내증권사,B,SF205,각주항목(09.06월 이후)
18755,201906,0010102,부국증권주식회사,C1,파생상품계약_장내파생상품,1745099082500,국내증권사,B,SF205,각주항목(09.06월 이후)
18756,201906,0010102,부국증권주식회사,C11,파생상품계약_장내파생상품_이자율관련거래,1741067590000,국내증권사,B,SF205,각주항목(09.06월 이후)
18757,201906,0010102,부국증권주식회사,C12,파생상품계약_장내파생상품_통화관련거래,0,국내증권사,B,SF205,각주항목(09.06월 이후)
18758,201906,0010102,부국증권주식회사,C13,파생상품계약_장내파생상품_주식관련거래,4031492500,국내증권사,B,SF205,각주항목(09.06월 이후)
18759,201906,0010102,부국증권주식회사,C14,파생상품계약_장내파생상품_일반상품관련거래,0,국내증권사,B,SF205,각주항목(09.06월 이후)
18760,201906,0010102,부국증권주식회사,C15,파생상품계약_장내파생상품_기타,0,국내증권사,B,SF205,각주항목(09.06월 이후)
18761,201906,0010102,부국증권주식회사,C2,파생상품계약_장외파생상품,1046229160000,국내증권사,B,SF205,각주항목(09.06월 이후)
18762,201906,0010102,부국증권주식회사,C21,파생상품계약_장외파생상품_이자율관련거래,1046229160000,국내증권사,B,SF205,각주항목(09.06월 이후)
18763,201906,0010102,부국증권주식회사,C22,파생상품계약_장외파생상품_통화관련거래,0,국내증권사,B,SF205,각주항목(09.06월 이후)
18764,201906,0010102,부국증권주식회사,C23,파생상품계약_장외파생상품_주식관련거래,0,국내증권사,B,SF205,각주항목(09.06월 이후)
18765,201906,0010102,부국증권주식회사,C24,파생상품계약_장외파생상품_신용관련거래,0,국내증권사,B,SF205,각주항목(09.06월 이후)
18766,201906,0010102,부국증권주식회사,C25,파생상품계약_장외파생상품_기타,0,국내증권사,B,SF205,각주항목(09.06월 이후)
18767,201906,0010102,부국증권주식회사,D,대차 및 대주거래,252761173193,국내증권사,B,SF205,각주항목(09.06월 이후)
18768,201906,0010102,부국증권주식회사,D1,대차 및 대주거래_대여증권,53402922800,국내증권사,B,SF205,각주항목(09.06월 이후)
18769,201906,0010102,부국증권주식회사,D2,대차 및 대주거래_차입증권,199358250393,국내증권사,B,SF205,각주항목(09.06월 이후)
18770,201906,0010102,부국증권주식회사,D3,대차 및 대주거래_신용거래대주,0,국내증권사,B,SF205,각주항목(09.06월 이후)
18771,201906,0010102,부국증권주식회사,E,대손상각채권,0,국내증권사,B,SF205,각주항목(09.06월 이후)
18772,201906,0010102,부국증권주식회사,F,환전업무 예치금,0,국내증권사,B,SF205,각주항목(09.06월 이후)
18773,201906,0010102,부국증권주식회사,G,미배당별도예치금,0,국내증권사,B,SF205,각주항목(09.06월 이후)
18774,201906,0010102,부국증권주식회사,H,배서어음매출(종금계정),0,국내증권사,B,SF205,각주항목(09.06월 이후)
18775,201906,0010102,부국증권주식회사,H1,대출채권매매이익_담보부,0,국내증권사,B,SF205,각주항목(09.06월 이후)
18776,201906,0010102,부국증권주식회사,H2,대출채권매매이익_무담보부,0,국내증권사,B,SF205,각주항목(09.06월 이후)
18777,201909,0010102,부국증권주식회사,A,채무보증,0,국내증권사,B,SF205,각주항목(09.06월 이후)
18778,201909,0010102,부국증권주식회사,A1,채무보증_지급보증,0,국내증권사,B,SF205,각주항목(09.06월 이후)
18779,201909,0010102,부국증권주식회사,A2,채무보증_매입보장약정,0,국내증권사,B,SF205,각주항목(09.06월 이후)
18780,201909,0010102,부국증권주식회사,A3,채무보증_채무인수약정,0,국내증권사,B,SF205,각주항목(09.06월 이후)
18781,201909,0010102,부국증권주식회사,A5,채무보증_매입확약,0,국내증권사,B,SF205,각주항목(09.06월 이후)
18782,201909,0010102,부국증권주식회사,A6,채무보증_기타,0,국내증권사,B,SF205,각주항목(09.06월 이후)
18783,201909,0010102,부국증권주식회사,B,투자자의 예수증권 등,2230052239146,국내증권사,B,SF205,각주항목(09.06월 이후)
18784,201909,0010102,부국증권주식회사,B1,투자자의 예수증권 등_예수 증권,2230052239146,국내증권사,B,SF205,각주항목(09.06월 이후)
18785,201909,0010102,부국증권주식회사,B2,투자자의 예수증권 등_예수양도성예금증서,0,국내증권사,B,SF205,각주항목(09.06월 이후)
18786,201909,0010102,부국증권주식회사,B3,투자자의 예수증권 등_기타,0,국내증권사,B,SF205,각주항목(09.06월 이후)
18787,201909,0010102,부국증권주식회사,C,파생상품계약,1250399420000,국내증권사,B,SF205,각주항목(09.06월 이후)
18788,201909,0010102,부국증권주식회사,C1,파생상품계약_장내파생상품,860886670000,국내증권사,B,SF205,각주항목(09.06월 이후)
18789,201909,0010102,부국증권주식회사,C11,파생상품계약_장내파생상품_이자율관련거래,790280550000,국내증권사,B,SF205,각주항목(09.06월 이후)
18790,201909,0010102,부국증권주식회사,C12,파생상품계약_장내파생상품_통화관련거래,5929350000,국내증권사,B,SF205,각주항목(09.06월 이후)
18791,201909,0010102,부국증권주식회사,C13,파생상품계약_장내파생상품_주식관련거래,64676770000,국내증권사,B,SF205,각주항목(09.06월 이후)
18792,201909,0010102,부국증권주식회사,C14,파생상품계약_장내파생상품_일반상품관련거래,0,국내증권사,B,SF205,각주항목(09.06월 이후)
18793,201909,0010102,부국증권주식회사,C15,파생상품계약_장내파생상품_기타,0,국내증권사,B,SF205,각주항목(09.06월 이후)
18794,201909,0010102,부국증권주식회사,C2,파생상품계약_장외파생상품,389512750000,국내증권사,B,SF205,각주항목(09.06월 이후)
18795,201909,0010102,부국증권주식회사,C21,파생상품계약_장외파생상품_이자율관련거래,389512750000,국내증권사,B,SF205,각주항목(09.06월 이후)
18796,201909,0010102,부국증권주식회사,C22,파생상품계약_장외파생상품_통화관련거래,0,국내증권사,B,SF205,각주항목(09.06월 이후)
18797,201909,0010102,부국증권주식회사,C23,파생상품계약_장외파생상품_주식관련거래,0,국내증권사,B,SF205,각주항목(09.06월 이후)
18798,201909,0010102,부국증권주식회사,C24,파생상품계약_장외파생상품_신용관련거래,0,국내증권사,B,SF205,각주항목(09.06월 이후)
18799,201909,0010102,부국증권주식회사,C25,파생상품계약_장외파생상품_기타,0,국내증권사,B,SF205,각주항목(09.06월 이후)
18800,201909,0010102,부국증권주식회사,D,대차 및 대주거래,278836858577,국내증권사,B,SF205,각주항목(09.06월 이후)
18801,201909,0010102,부국증권주식회사,D1,대차 및 대주거래_대여증권,72603556000,국내증권사,B,SF205,각주항목(09.06월 이후)
18802,201909,0010102,부국증권주식회사,D2,대차 및 대주거래_차입증권,206233302577,국내증권사,B,SF205,각주항목(09.06월 이후)
18803,201909,0010102,부국증권주식회사,D3,대차 및 대주거래_신용거래대주,0,국내증권사,B,SF205,각주항목(09.06월 이후)
18804,201909,0010102,부국증권주식회사,E,대손상각채권,0,국내증권사,B,SF205,각주항목(09.06월 이후)
18805,201909,0010102,부국증권주식회사,F,환전업무 예치금,0,국내증권사,B,SF205,각주항목(09.06월 이후)
18806,201909,0010102,부국증권주식회사,G,미배당별도예치금,0,국내증권사,B,SF205,각주항목(09.06월 이후)
18807,201909,0010102,부국증권주식회사,H,배서어음매출(종금계정),0,국내증권사,B,SF205,각주항목(09.06월 이후)
18808,201909,0010102,부국증권주식회사,H1,대출채권매매이익_담보부,0,국내증권사,B,SF205,각주항목(09.06월 이후)
18809,201909,0010102,부국증권주식회사,H2,대출채권매매이익_무담보부,0,국내증권사,B,SF205,각주항목(09.06월 이후)
18810,201912,0010102,부국증권주식회사,A,채무보증,0,국내증권사,B,SF205,각주항목(09.06월 이후)
18811,201912,0010102,부국증권주식회사,A1,채무보증_지급보증,0,국내증권사,B,SF205,각주항목(09.06월 이후)
18812,201912,0010102,부국증권주식회사,A2,채무보증_매입보장약정,0,국내증권사,B,SF205,각주항목(09.06월 이후)
18813,201912,0010102,부국증권주식회사,A3,채무보증_채무인수약정,0,국내증권사,B,SF205,각주항목(09.06월 이후)
18814,201912,0010102,부국증권주식회사,A5,채무보증_매입확약,0,국내증권사,B,SF205,각주항목(09.06월 이후)
18815,201912,0010102,부국증권주식회사,A6,채무보증_기타,0,국내증권사,B,SF205,각주항목(09.06월 이후)
18816,201912,0010102,부국증권주식회사,B,투자자의 예수증권 등,2199723386541,국내증권사,B,SF205,각주항목(09.06월 이후)
18817,201912,0010102,부국증권주식회사,B1,투자자의 예수증권 등_예수 증권,2199723386541,국내증권사,B,SF205,각주항목(09.06월 이후)
18818,201912,0010102,부국증권주식회사,B2,투자자의 예수증권 등_예수양도성예금증서,0,국내증권사,B,SF205,각주항목(09.06월 이후)
18819,201912,0010102,부국증권주식회사,B3,투자자의 예수증권 등_기타,0,국내증권사,B,SF205,각주항목(09.06월 이후)
18820,201912,0010102,부국증권주식회사,C,파생상품계약,724848985563,국내증권사,B,SF205,각주항목(09.06월 이후)
18821,201912,0010102,부국증권주식회사,C1,파생상품계약_장내파생상품,277543625563,국내증권사,B,SF205,각주항목(09.06월 이후)
18822,201912,0010102,부국증권주식회사,C11,파생상품계약_장내파생상품_이자율관련거래,267186668063,국내증권사,B,SF205,각주항목(09.06월 이후)
18823,201912,0010102,부국증권주식회사,C12,파생상품계약_장내파생상품_통화관련거래,2333900000,국내증권사,B,SF205,각주항목(09.06월 이후)
18824,201912,0010102,부국증권주식회사,C13,파생상품계약_장내파생상품_주식관련거래,8023057500,국내증권사,B,SF205,각주항목(09.06월 이후)
18825,201912,0010102,부국증권주식회사,C14,파생상품계약_장내파생상품_일반상품관련거래,0,국내증권사,B,SF205,각주항목(09.06월 이후)
18826,201912,0010102,부국증권주식회사,C15,파생상품계약_장내파생상품_기타,0,국내증권사,B,SF205,각주항목(09.06월 이후)
18827,201912,0010102,부국증권주식회사,C2,파생상품계약_장외파생상품,447305360000,국내증권사,B,SF205,각주항목(09.06월 이후)
18828,201912,0010102,부국증권주식회사,C21,파생상품계약_장외파생상품_이자율관련거래,447305360000,국내증권사,B,SF205,각주항목(09.06월 이후)
18829,201912,0010102,부국증권주식회사,C22,파생상품계약_장외파생상품_통화관련거래,0,국내증권사,B,SF205,각주항목(09.06월 이후)
18830,201912,0010102,부국증권주식회사,C23,파생상품계약_장외파생상품_주식관련거래,0,국내증권사,B,SF205,각주항목(09.06월 이후)
18831,201912,0010102,부국증권주식회사,C24,파생상품계약_장외파생상품_신용관련거래,0,국내증권사,B,SF205,각주항목(09.06월 이후)
18832,201912,0010102,부국증권주식회사,C25,파생상품계약_장외파생상품_기타,0,국내증권사,B,SF205,각주항목(09.06월 이후)
18833,201912,0010102,부국증권주식회사,D,대차 및 대주거래,321745044319,국내증권사,B,SF205,각주항목(09.06월 이후)
18834,201912,0010102,부국증권주식회사,D1,대차 및 대주거래_대여증권,58726130710,국내증권사,B,SF205,각주항목(09.06월 이후)
18835,201912,0010102,부국증권주식회사,D2,대차 및 대주거래_차입증권,263018913609,국내증권사,B,SF205,각주항목(09.06월 이후)
18836,201912,0010102,부국증권주식회사,D3,대차 및 대주거래_신용거래대주,0,국내증권사,B,SF205,각주항목(09.06월 이후)
18837,201912,0010102,부국증권주식회사,E,대손상각채권,0,국내증권사,B,SF205,각주항목(09.06월 이후)
18838,201912,0010102,부국증권주식회사,F,환전업무 예치금,0,국내증권사,B,SF205,각주항목(09.06월 이후)
18839,201912,0010102,부국증권주식회사,G,미배당별도예치금,0,국내증권사,B,SF205,각주항목(09.06월 이후)
18840,201912,0010102,부국증권주식회사,H,배서어음매출(종금계정),0,국내증권사,B,SF205,각주항목(09.06월 이후)
18841,201912,0010102,부국증권주식회사,H1,대출채권매매이익_담보부,0,국내증권사,B,SF205,각주항목(09.06월 이후)
18842,201912,0010102,부국증권주식회사,H2,대출채권매매이익_무담보부,0,국내증권사,B,SF205,각주항목(09.06월 이후)
18843,202003,0010102,부국증권주식회사,A,채무보증,0,국내증권사,B,SF205,각주항목(09.06월 이후)
18844,202003,0010102,부국증권주식회사,A1,채무보증_지급보증,0,국내증권사,B,SF205,각주항목(09.06월 이후)
18845,202003,0010102,부국증권주식회사,A2,채무보증_매입보장약정,0,국내증권사,B,SF205,각주항목(09.06월 이후)
18846,202003,0010102,부국증권주식회사,A3,채무보증_채무인수약정,0,국내증권사,B,SF205,각주항목(09.06월 이후)
18847,202003,0010102,부국증권주식회사,A5,채무보증_매입확약,0,국내증권사,B,SF205,각주항목(09.06월 이후)
18848,202003,0010102,부국증권주식회사,A6,채무보증_기타,0,국내증권사,B,SF205,각주항목(09.06월 이후)
18849,202003,0010102,부국증권주식회사,B,투자자의 예수증권 등,2341253949101,국내증권사,B,SF205,각주항목(09.06월 이후)
18850,202003,0010102,부국증권주식회사,B1,투자자의 예수증권 등_예수 증권,2341253949101,국내증권사,B,SF205,각주항목(09.06월 이후)
18851,202003,0010102,부국증권주식회사,B2,투자자의 예수증권 등_예수양도성예금증서,0,국내증권사,B,SF205,각주항목(09.06월 이후)
18852,202003,0010102,부국증권주식회사,B3,투자자의 예수증권 등_기타,0,국내증권사,B,SF205,각주항목(09.06월 이후)
18853,202003,0010102,부국증권주식회사,C,파생상품계약,2251673747500,국내증권사,B,SF205,각주항목(09.06월 이후)
18854,202003,0010102,부국증권주식회사,C1,파생상품계약_장내파생상품,1524275427500,국내증권사,B,SF205,각주항목(09.06월 이후)
18855,202003,0010102,부국증권주식회사,C11,파생상품계약_장내파생상품_이자율관련거래,1519218250000,국내증권사,B,SF205,각주항목(09.06월 이후)
18856,202003,0010102,부국증권주식회사,C12,파생상품계약_장내파생상품_통화관련거래,0,국내증권사,B,SF205,각주항목(09.06월 이후)
18857,202003,0010102,부국증권주식회사,C13,파생상품계약_장내파생상품_주식관련거래,5057177500,국내증권사,B,SF205,각주항목(09.06월 이후)
18858,202003,0010102,부국증권주식회사,C14,파생상품계약_장내파생상품_일반상품관련거래,0,국내증권사,B,SF205,각주항목(09.06월 이후)
18859,202003,0010102,부국증권주식회사,C15,파생상품계약_장내파생상품_기타,0,국내증권사,B,SF205,각주항목(09.06월 이후)
18860,202003,0010102,부국증권주식회사,C2,파생상품계약_장외파생상품,727398320000,국내증권사,B,SF205,각주항목(09.06월 이후)
18861,202003,0010102,부국증권주식회사,C21,파생상품계약_장외파생상품_이자율관련거래,727398320000,국내증권사,B,SF205,각주항목(09.06월 이후)
18862,202003,0010102,부국증권주식회사,C22,파생상품계약_장외파생상품_통화관련거래,0,국내증권사,B,SF205,각주항목(09.06월 이후)
18863,202003,0010102,부국증권주식회사,C23,파생상품계약_장외파생상품_주식관련거래,0,국내증권사,B,SF205,각주항목(09.06월 이후)
18864,202003,0010102,부국증권주식회사,C24,파생상품계약_장외파생상품_신용관련거래,0,국내증권사,B,SF205,각주항목(09.06월 이후)
18865,202003,0010102,부국증권주식회사,C25,파생상품계약_장외파생상품_기타,0,국내증권사,B,SF205,각주항목(09.06월 이후)
18866,202003,0010102,부국증권주식회사,D,대차 및 대주거래,343841492008,국내증권사,B,SF205,각주항목(09.06월 이후)
18867,202003,0010102,부국증권주식회사,D1,대차 및 대주거래_대여증권,53861076840,국내증권사,B,SF205,각주항목(09.06월 이후)
18868,202003,0010102,부국증권주식회사,D2,대차 및 대주거래_차입증권,289980415168,국내증권사,B,SF205,각주항목(09.06월 이후)
18869,202003,0010102,부국증권주식회사,D3,대차 및 대주거래_신용거래대주,0,국내증권사,B,SF205,각주항목(09.06월 이후)
18870,202003,0010102,부국증권주식회사,E,대손상각채권,0,국내증권사,B,SF205,각주항목(09.06월 이후)
18871,202003,0010102,부국증권주식회사,F,환전업무 예치금,0,국내증권사,B,SF205,각주항목(09.06월 이후)
18872,202003,0010102,부국증권주식회사,G,미배당별도예치금,0,국내증권사,B,SF205,각주항목(09.06월 이후)
18873,202003,0010102,부국증권주식회사,H,배서어음매출(종금계정),0,국내증권사,B,SF205,각주항목(09.06월 이후)
18874,202003,0010102,부국증권주식회사,H1,대출채권매매이익_담보부,0,국내증권사,B,SF205,각주항목(09.06월 이후)
18875,202003,0010102,부국증권주식회사,H2,대출채권매매이익_무담보부,0,국내증권사,B,SF205,각주항목(09.06월 이후)
18876,202006,0010102,부국증권주식회사,A,채무보증,0,국내증권사,B,SF205,각주항목(09.06월 이후)
18877,202006,0010102,부국증권주식회사,A1,채무보증_지급보증,0,국내증권사,B,SF205,각주항목(09.06월 이후)
18878,202006,0010102,부국증권주식회사,A2,채무보증_매입보장약정,0,국내증권사,B,SF205,각주항목(09.06월 이후)
18879,202006,0010102,부국증권주식회사,A3,채무보증_채무인수약정,0,국내증권사,B,SF205,각주항목(09.06월 이후)
18880,202006,0010102,부국증권주식회사,A5,채무보증_매입확약,0,국내증권사,B,SF205,각주항목(09.06월 이후)
18881,202006,0010102,부국증권주식회사,A6,채무보증_기타,0,국내증권사,B,SF205,각주항목(09.06월 이후)
18882,202006,0010102,부국증권주식회사,B,투자자의 예수증권 등,2794485545578,국내증권사,B,SF205,각주항목(09.06월 이후)
18883,202006,0010102,부국증권주식회사,B1,투자자의 예수증권 등_예수 증권,2794485545578,국내증권사,B,SF205,각주항목(09.06월 이후)
18884,202006,0010102,부국증권주식회사,B2,투자자의 예수증권 등_예수양도성예금증서,0,국내증권사,B,SF205,각주항목(09.06월 이후)
18885,202006,0010102,부국증권주식회사,B3,투자자의 예수증권 등_기타,0,국내증권사,B,SF205,각주항목(09.06월 이후)
18886,202006,0010102,부국증권주식회사,C,파생상품계약,1934740614700,국내증권사,B,SF205,각주항목(09.06월 이후)
18887,202006,0010102,부국증권주식회사,C1,파생상품계약_장내파생상품,1539500754700,국내증권사,B,SF205,각주항목(09.06월 이후)
18888,202006,0010102,부국증권주식회사,C11,파생상품계약_장내파생상품_이자율관련거래,1525905130000,국내증권사,B,SF205,각주항목(09.06월 이후)
18889,202006,0010102,부국증권주식회사,C12,파생상품계약_장내파생상품_통화관련거래,119760000,국내증권사,B,SF205,각주항목(09.06월 이후)
18890,202006,0010102,부국증권주식회사,C13,파생상품계약_장내파생상품_주식관련거래,13475864700,국내증권사,B,SF205,각주항목(09.06월 이후)
18891,202006,0010102,부국증권주식회사,C14,파생상품계약_장내파생상품_일반상품관련거래,0,국내증권사,B,SF205,각주항목(09.06월 이후)
18892,202006,0010102,부국증권주식회사,C15,파생상품계약_장내파생상품_기타,0,국내증권사,B,SF205,각주항목(09.06월 이후)
18893,202006,0010102,부국증권주식회사,C2,파생상품계약_장외파생상품,395239860000,국내증권사,B,SF205,각주항목(09.06월 이후)
18894,202006,0010102,부국증권주식회사,C21,파생상품계약_장외파생상품_이자율관련거래,395239860000,국내증권사,B,SF205,각주항목(09.06월 이후)
18895,202006,0010102,부국증권주식회사,C22,파생상품계약_장외파생상품_통화관련거래,0,국내증권사,B,SF205,각주항목(09.06월 이후)
18896,202006,0010102,부국증권주식회사,C23,파생상품계약_장외파생상품_주식관련거래,0,국내증권사,B,SF205,각주항목(09.06월 이후)
18897,202006,0010102,부국증권주식회사,C24,파생상품계약_장외파생상품_신용관련거래,0,국내증권사,B,SF205,각주항목(09.06월 이후)
18898,202006,0010102,부국증권주식회사,C25,파생상품계약_장외파생상품_기타,0,국내증권사,B,SF205,각주항목(09.06월 이후)
18899,202006,0010102,부국증권주식회사,D,대차 및 대주거래,174039905554,국내증권사,B,SF205,각주항목(09.06월 이후)
18900,202006,0010102,부국증권주식회사,D1,대차 및 대주거래_대여증권,19289204950,국내증권사,B,SF205,각주항목(09.06월 이후)
18901,202006,0010102,부국증권주식회사,D2,대차 및 대주거래_차입증권,154750700604,국내증권사,B,SF205,각주항목(09.06월 이후)
18902,202006,0010102,부국증권주식회사,D3,대차 및 대주거래_신용거래대주,0,국내증권사,B,SF205,각주항목(09.06월 이후)
18903,202006,0010102,부국증권주식회사,E,대손상각채권,0,국내증권사,B,SF205,각주항목(09.06월 이후)
18904,202006,0010102,부국증권주식회사,F,환전업무 예치금,0,국내증권사,B,SF205,각주항목(09.06월 이후)
18905,202006,0010102,부국증권주식회사,G,미배당별도예치금,0,국내증권사,B,SF205,각주항목(09.06월 이후)
18906,202006,0010102,부국증권주식회사,H,배서어음매출(종금계정),0,국내증권사,B,SF205,각주항목(09.06월 이후)
18907,202006,0010102,부국증권주식회사,H1,대출채권매매이익_담보부,0,국내증권사,B,SF205,각주항목(09.06월 이후)
18908,202006,0010102,부국증권주식회사,H2,대출채권매매이익_무담보부,0,국내증권사,B,SF205,각주항목(09.06월 이후)
18909,202009,0010102,부국증권주식회사,A,채무보증,0,국내증권사,B,SF205,각주항목(09.06월 이후)
18910,202009,0010102,부국증권주식회사,A1,채무보증_지급보증,0,국내증권사,B,SF205,각주항목(09.06월 이후)
18911,202009,0010102,부국증권주식회사,A2,채무보증_매입보장약정,0,국내증권사,B,SF205,각주항목(09.06월 이후)
18912,202009,0010102,부국증권주식회사,A3,채무보증_채무인수약정,0,국내증권사,B,SF205,각주항목(09.06월 이후)
18913,202009,0010102,부국증권주식회사,A5,채무보증_매입확약,0,국내증권사,B,SF205,각주항목(09.06월 이후)
18914,202009,0010102,부국증권주식회사,A6,채무보증_기타,0,국내증권사,B,SF205,각주항목(09.06월 이후)
18915,202009,0010102,부국증권주식회사,B,투자자의 예수증권 등,3480113711114,국내증권사,B,SF205,각주항목(09.06월 이후)
18916,202009,0010102,부국증권주식회사,B1,투자자의 예수증권 등_예수 증권,3480113711114,국내증권사,B,SF205,각주항목(09.06월 이후)
18917,202009,0010102,부국증권주식회사,B2,투자자의 예수증권 등_예수양도성예금증서,0,국내증권사,B,SF205,각주항목(09.06월 이후)
18918,202009,0010102,부국증권주식회사,B3,투자자의 예수증권 등_기타,0,국내증권사,B,SF205,각주항목(09.06월 이후)
18919,202009,0010102,부국증권주식회사,C,파생상품계약,1771799951800,국내증권사,B,SF205,각주항목(09.06월 이후)
18920,202009,0010102,부국증권주식회사,C1,파생상품계약_장내파생상품,1479216346800,국내증권사,B,SF205,각주항목(09.06월 이후)
18921,202009,0010102,부국증권주식회사,C11,파생상품계약_장내파생상품_이자율관련거래,1470302680000,국내증권사,B,SF205,각주항목(09.06월 이후)
18922,202009,0010102,부국증권주식회사,C12,파생상품계약_장내파생상품_통화관련거래,0,국내증권사,B,SF205,각주항목(09.06월 이후)
18923,202009,0010102,부국증권주식회사,C13,파생상품계약_장내파생상품_주식관련거래,8913666800,국내증권사,B,SF205,각주항목(09.06월 이후)
18924,202009,0010102,부국증권주식회사,C14,파생상품계약_장내파생상품_일반상품관련거래,0,국내증권사,B,SF205,각주항목(09.06월 이후)
18925,202009,0010102,부국증권주식회사,C15,파생상품계약_장내파생상품_기타,0,국내증권사,B,SF205,각주항목(09.06월 이후)
18926,202009,0010102,부국증권주식회사,C2,파생상품계약_장외파생상품,292583605000,국내증권사,B,SF205,각주항목(09.06월 이후)
18927,202009,0010102,부국증권주식회사,C21,파생상품계약_장외파생상품_이자율관련거래,292583605000,국내증권사,B,SF205,각주항목(09.06월 이후)
18928,202009,0010102,부국증권주식회사,C22,파생상품계약_장외파생상품_통화관련거래,0,국내증권사,B,SF205,각주항목(09.06월 이후)
18929,202009,0010102,부국증권주식회사,C23,파생상품계약_장외파생상품_주식관련거래,0,국내증권사,B,SF205,각주항목(09.06월 이후)
18930,202009,0010102,부국증권주식회사,C24,파생상품계약_장외파생상품_신용관련거래,0,국내증권사,B,SF205,각주항목(09.06월 이후)
18931,202009,0010102,부국증권주식회사,C25,파생상품계약_장외파생상품_기타,0,국내증권사,B,SF205,각주항목(09.06월 이후)
18932,202009,0010102,부국증권주식회사,D,대차 및 대주거래,199060245546,국내증권사,B,SF205,각주항목(09.06월 이후)
18933,202009,0010102,부국증권주식회사,D1,대차 및 대주거래_대여증권,20508066500,국내증권사,B,SF205,각주항목(09.06월 이후)
18934,202009,0010102,부국증권주식회사,D2,대차 및 대주거래_차입증권,178552179046,국내증권사,B,SF205,각주항목(09.06월 이후)
18935,202009,0010102,부국증권주식회사,D3,대차 및 대주거래_신용거래대주,0,국내증권사,B,SF205,각주항목(09.06월 이후)
18936,202009,0010102,부국증권주식회사,E,대손상각채권,192212817,국내증권사,B,SF205,각주항목(09.06월 이후)
18937,202009,0010102,부국증권주식회사,F,환전업무 예치금,0,국내증권사,B,SF205,각주항목(09.06월 이후)
18938,202009,0010102,부국증권주식회사,G,미배당별도예치금,0,국내증권사,B,SF205,각주항목(09.06월 이후)
18939,202009,0010102,부국증권주식회사,H,배서어음매출(종금계정),0,국내증권사,B,SF205,각주항목(09.06월 이후)
18940,202009,0010102,부국증권주식회사,H1,대출채권매매이익_담보부,0,국내증권사,B,SF205,각주항목(09.06월 이후)
18941,202009,0010102,부국증권주식회사,H2,대출채권매매이익_무담보부,0,국내증권사,B,SF205,각주항목(09.06월 이후)
18942,202012,0010102,부국증권주식회사,A,채무보증,0,국내증권사,B,SF205,각주항목(09.06월 이후)
18943,202012,0010102,부국증권주식회사,A1,채무보증_지급보증,0,국내증권사,B,SF205,각주항목(09.06월 이후)
18944,202012,0010102,부국증권주식회사,A2,채무보증_매입보장약정,0,국내증권사,B,SF205,각주항목(09.06월 이후)
18945,202012,0010102,부국증권주식회사,A3,채무보증_채무인수약정,0,국내증권사,B,SF205,각주항목(09.06월 이후)
18946,202012,0010102,부국증권주식회사,A5,채무보증_매입확약,0,국내증권사,B,SF205,각주항목(09.06월 이후)
18947,202012,0010102,부국증권주식회사,A6,채무보증_기타,0,국내증권사,B,SF205,각주항목(09.06월 이후)
18948,202012,0010102,부국증권주식회사,B,투자자의 예수증권 등,3414845737311,국내증권사,B,SF205,각주항목(09.06월 이후)
18949,202012,0010102,부국증권주식회사,B1,투자자의 예수증권 등_예수 증권,3414845737311,국내증권사,B,SF205,각주항목(09.06월 이후)
18950,202012,0010102,부국증권주식회사,B2,투자자의 예수증권 등_예수양도성예금증서,0,국내증권사,B,SF205,각주항목(09.06월 이후)
18951,202012,0010102,부국증권주식회사,B3,투자자의 예수증권 등_기타,0,국내증권사,B,SF205,각주항목(09.06월 이후)
18952,202012,0010102,부국증권주식회사,C,파생상품계약,662244150500,국내증권사,B,SF205,각주항목(09.06월 이후)
18953,202012,0010102,부국증권주식회사,C1,파생상품계약_장내파생상품,298838650500,국내증권사,B,SF205,각주항목(09.06월 이후)
18954,202012,0010102,부국증권주식회사,C11,파생상품계약_장내파생상품_이자율관련거래,290776240000,국내증권사,B,SF205,각주항목(09.06월 이후)
18955,202012,0010102,부국증권주식회사,C12,파생상품계약_장내파생상품_통화관련거래,0,국내증권사,B,SF205,각주항목(09.06월 이후)
18956,202012,0010102,부국증권주식회사,C13,파생상품계약_장내파생상품_주식관련거래,8062410500,국내증권사,B,SF205,각주항목(09.06월 이후)
18957,202012,0010102,부국증권주식회사,C14,파생상품계약_장내파생상품_일반상품관련거래,0,국내증권사,B,SF205,각주항목(09.06월 이후)
18958,202012,0010102,부국증권주식회사,C15,파생상품계약_장내파생상품_기타,0,국내증권사,B,SF205,각주항목(09.06월 이후)
18959,202012,0010102,부국증권주식회사,C2,파생상품계약_장외파생상품,363405500000,국내증권사,B,SF205,각주항목(09.06월 이후)
18960,202012,0010102,부국증권주식회사,C21,파생상품계약_장외파생상품_이자율관련거래,363405500000,국내증권사,B,SF205,각주항목(09.06월 이후)
18961,202012,0010102,부국증권주식회사,C22,파생상품계약_장외파생상품_통화관련거래,0,국내증권사,B,SF205,각주항목(09.06월 이후)
18962,202012,0010102,부국증권주식회사,C23,파생상품계약_장외파생상품_주식관련거래,0,국내증권사,B,SF205,각주항목(09.06월 이후)
18963,202012,0010102,부국증권주식회사,C24,파생상품계약_장외파생상품_신용관련거래,0,국내증권사,B,SF205,각주항목(09.06월 이후)
18964,202012,0010102,부국증권주식회사,C25,파생상품계약_장외파생상품_기타,0,국내증권사,B,SF205,각주항목(09.06월 이후)
18965,202012,0010102,부국증권주식회사,D,대차 및 대주거래,204438277120,국내증권사,B,SF205,각주항목(09.06월 이후)
18966,202012,0010102,부국증권주식회사,D1,대차 및 대주거래_대여증권,16868013560,국내증권사,B,SF205,각주항목(09.06월 이후)
18967,202012,0010102,부국증권주식회사,D2,대차 및 대주거래_차입증권,187570263560,국내증권사,B,SF205,각주항목(09.06월 이후)
18968,202012,0010102,부국증권주식회사,D3,대차 및 대주거래_신용거래대주,0,국내증권사,B,SF205,각주항목(09.06월 이후)
18969,202012,0010102,부국증권주식회사,E,대손상각채권,0,국내증권사,B,SF205,각주항목(09.06월 이후)
18970,202012,0010102,부국증권주식회사,F,환전업무 예치금,0,국내증권사,B,SF205,각주항목(09.06월 이후)
18971,202012,0010102,부국증권주식회사,G,미배당별도예치금,0,국내증권사,B,SF205,각주항목(09.06월 이후)
18972,202012,0010102,부국증권주식회사,H,배서어음매출(종금계정),0,국내증권사,B,SF205,각주항목(09.06월 이후)
18973,202012,0010102,부국증권주식회사,H1,대출채권매매이익_담보부,0,국내증권사,B,SF205,각주항목(09.06월 이후)
18974,202012,0010102,부국증권주식회사,H2,대출채권매매이익_무담보부,0,국내증권사,B,SF205,각주항목(09.06월 이후)
18975,202103,0010102,부국증권주식회사,A,채무보증,0,국내증권사,B,SF205,각주항목(09.06월 이후)
18976,202103,0010102,부국증권주식회사,A1,채무보증_지급보증,0,국내증권사,B,SF205,각주항목(09.06월 이후)
18977,202103,0010102,부국증권주식회사,A2,채무보증_매입보장약정,0,국내증권사,B,SF205,각주항목(09.06월 이후)
18978,202103,0010102,부국증권주식회사,A3,채무보증_채무인수약정,0,국내증권사,B,SF205,각주항목(09.06월 이후)
18979,202103,0010102,부국증권주식회사,A5,채무보증_매입확약,0,국내증권사,B,SF205,각주항목(09.06월 이후)
18980,202103,0010102,부국증권주식회사,A6,채무보증_기타,0,국내증권사,B,SF205,각주항목(09.06월 이후)
18981,202103,0010102,부국증권주식회사,B,투자자의 예수증권 등,3895507540534,국내증권사,B,SF205,각주항목(09.06월 이후)
18982,202103,0010102,부국증권주식회사,B1,투자자의 예수증권 등_예수 증권,3895507540534,국내증권사,B,SF205,각주항목(09.06월 이후)
18983,202103,0010102,부국증권주식회사,B2,투자자의 예수증권 등_예수양도성예금증서,0,국내증권사,B,SF205,각주항목(09.06월 이후)
18984,202103,0010102,부국증권주식회사,B3,투자자의 예수증권 등_기타,0,국내증권사,B,SF205,각주항목(09.06월 이후)
18985,202103,0010102,부국증권주식회사,C,파생상품계약,1524668894806,국내증권사,B,SF205,각주항목(09.06월 이후)
18986,202103,0010102,부국증권주식회사,C1,파생상품계약_장내파생상품,1240541589806,국내증권사,B,SF205,각주항목(09.06월 이후)
18987,202103,0010102,부국증권주식회사,C11,파생상품계약_장내파생상품_이자율관련거래,1236208330000,국내증권사,B,SF205,각주항목(09.06월 이후)
18988,202103,0010102,부국증권주식회사,C12,파생상품계약_장내파생상품_통화관련거래,0,국내증권사,B,SF205,각주항목(09.06월 이후)
18989,202103,0010102,부국증권주식회사,C13,파생상품계약_장내파생상품_주식관련거래,4333259806,국내증권사,B,SF205,각주항목(09.06월 이후)
18990,202103,0010102,부국증권주식회사,C14,파생상품계약_장내파생상품_일반상품관련거래,0,국내증권사,B,SF205,각주항목(09.06월 이후)
18991,202103,0010102,부국증권주식회사,C15,파생상품계약_장내파생상품_기타,0,국내증권사,B,SF205,각주항목(09.06월 이후)
18992,202103,0010102,부국증권주식회사,C2,파생상품계약_장외파생상품,284127305000,국내증권사,B,SF205,각주항목(09.06월 이후)
18993,202103,0010102,부국증권주식회사,C21,파생상품계약_장외파생상품_이자율관련거래,284127305000,국내증권사,B,SF205,각주항목(09.06월 이후)
18994,202103,0010102,부국증권주식회사,C22,파생상품계약_장외파생상품_통화관련거래,0,국내증권사,B,SF205,각주항목(09.06월 이후)
18995,202103,0010102,부국증권주식회사,C23,파생상품계약_장외파생상품_주식관련거래,0,국내증권사,B,SF205,각주항목(09.06월 이후)
18996,202103,0010102,부국증권주식회사,C24,파생상품계약_장외파생상품_신용관련거래,0,국내증권사,B,SF205,각주항목(09.06월 이후)
18997,202103,0010102,부국증권주식회사,C25,파생상품계약_장외파생상품_기타,0,국내증권사,B,SF205,각주항목(09.06월 이후)
18998,202103,0010102,부국증권주식회사,D,대차 및 대주거래,301052935200,국내증권사,B,SF205,각주항목(09.06월 이후)
18999,202103,0010102,부국증권주식회사,D1,대차 및 대주거래_대여증권,7577533100,국내증권사,B,SF205,각주항목(09.06월 이후)
19000,202103,0010102,부국증권주식회사,D2,대차 및 대주거래_차입증권,293475402100,국내증권사,B,SF205,각주항목(09.06월 이후)
19001,202103,0010102,부국증권주식회사,D3,대차 및 대주거래_신용거래대주,0,국내증권사,B,SF205,각주항목(09.06월 이후)
19002,202103,0010102,부국증권주식회사,E,대손상각채권,0,국내증권사,B,SF205,각주항목(09.06월 이후)
19003,202103,0010102,부국증권주식회사,F,환전업무 예치금,0,국내증권사,B,SF205,각주항목(09.06월 이후)
19004,202103,0010102,부국증권주식회사,G,미배당별도예치금,0,국내증권사,B,SF205,각주항목(09.06월 이후)
19005,202103,0010102,부국증권주식회사,H,배서어음매출(종금계정),0,국내증권사,B,SF205,각주항목(09.06월 이후)
19006,202103,0010102,부국증권주식회사,H1,대출채권매매이익_담보부,0,국내증권사,B,SF205,각주항목(09.06월 이후)
19007,202103,0010102,부국증권주식회사,H2,대출채권매매이익_무담보부,0,국내증권사,B,SF205,각주항목(09.06월 이후)
19008,202106,0010102,부국증권주식회사,A,채무보증,53500000000,국내증권사,B,SF205,각주항목(09.06월 이후)
19009,202106,0010102,부국증권주식회사,A1,채무보증_지급보증,0,국내증권사,B,SF205,각주항목(09.06월 이후)
19010,202106,0010102,부국증권주식회사,A2,채무보증_매입보장약정,53500000000,국내증권사,B,SF205,각주항목(09.06월 이후)
19011,202106,0010102,부국증권주식회사,A3,채무보증_채무인수약정,0,국내증권사,B,SF205,각주항목(09.06월 이후)
19012,202106,0010102,부국증권주식회사,A5,채무보증_매입확약,0,국내증권사,B,SF205,각주항목(09.06월 이후)
19013,202106,0010102,부국증권주식회사,A6,채무보증_기타,0,국내증권사,B,SF205,각주항목(09.06월 이후)
19014,202106,0010102,부국증권주식회사,B,투자자의 예수증권 등,3728619064548,국내증권사,B,SF205,각주항목(09.06월 이후)
19015,202106,0010102,부국증권주식회사,B1,투자자의 예수증권 등_예수 증권,3728619064548,국내증권사,B,SF205,각주항목(09.06월 이후)
19016,202106,0010102,부국증권주식회사,B2,투자자의 예수증권 등_예수양도성예금증서,0,국내증권사,B,SF205,각주항목(09.06월 이후)
19017,202106,0010102,부국증권주식회사,B3,투자자의 예수증권 등_기타,0,국내증권사,B,SF205,각주항목(09.06월 이후)
19018,202106,0010102,부국증권주식회사,C,파생상품계약,2655384217000,국내증권사,B,SF205,각주항목(09.06월 이후)
19019,202106,0010102,부국증권주식회사,C1,파생상품계약_장내파생상품,2388197592000,국내증권사,B,SF205,각주항목(09.06월 이후)
19020,202106,0010102,부국증권주식회사,C11,파생상품계약_장내파생상품_이자율관련거래,2332576840000,국내증권사,B,SF205,각주항목(09.06월 이후)
19021,202106,0010102,부국증권주식회사,C12,파생상품계약_장내파생상품_통화관련거래,0,국내증권사,B,SF205,각주항목(09.06월 이후)
19022,202106,0010102,부국증권주식회사,C13,파생상품계약_장내파생상품_주식관련거래,55620752000,국내증권사,B,SF205,각주항목(09.06월 이후)
19023,202106,0010102,부국증권주식회사,C14,파생상품계약_장내파생상품_일반상품관련거래,0,국내증권사,B,SF205,각주항목(09.06월 이후)
19024,202106,0010102,부국증권주식회사,C15,파생상품계약_장내파생상품_기타,0,국내증권사,B,SF205,각주항목(09.06월 이후)
19025,202106,0010102,부국증권주식회사,C2,파생상품계약_장외파생상품,267186625000,국내증권사,B,SF205,각주항목(09.06월 이후)
19026,202106,0010102,부국증권주식회사,C21,파생상품계약_장외파생상품_이자율관련거래,267186625000,국내증권사,B,SF205,각주항목(09.06월 이후)
19027,202106,0010102,부국증권주식회사,C22,파생상품계약_장외파생상품_통화관련거래,0,국내증권사,B,SF205,각주항목(09.06월 이후)
19028,202106,0010102,부국증권주식회사,C23,파생상품계약_장외파생상품_주식관련거래,0,국내증권사,B,SF205,각주항목(09.06월 이후)
19029,202106,0010102,부국증권주식회사,C24,파생상품계약_장외파생상품_신용관련거래,0,국내증권사,B,SF205,각주항목(09.06월 이후)
19030,202106,0010102,부국증권주식회사,C25,파생상품계약_장외파생상품_기타,0,국내증권사,B,SF205,각주항목(09.06월 이후)
19031,202106,0010102,부국증권주식회사,D,대차 및 대주거래,438316643620,국내증권사,B,SF205,각주항목(09.06월 이후)
19032,202106,0010102,부국증권주식회사,D1,대차 및 대주거래_대여증권,41407552800,국내증권사,B,SF205,각주항목(09.06월 이후)
19033,202106,0010102,부국증권주식회사,D2,대차 및 대주거래_차입증권,396909090820,국내증권사,B,SF205,각주항목(09.06월 이후)
19034,202106,0010102,부국증권주식회사,D3,대차 및 대주거래_신용거래대주,0,국내증권사,B,SF205,각주항목(09.06월 이후)
19035,202106,0010102,부국증권주식회사,E,대손상각채권,0,국내증권사,B,SF205,각주항목(09.06월 이후)
19036,202106,0010102,부국증권주식회사,F,환전업무 예치금,0,국내증권사,B,SF205,각주항목(09.06월 이후)
19037,202106,0010102,부국증권주식회사,G,미배당별도예치금,0,국내증권사,B,SF205,각주항목(09.06월 이후)
19038,202106,0010102,부국증권주식회사,H,배서어음매출(종금계정),0,국내증권사,B,SF205,각주항목(09.06월 이후)
19039,202106,0010102,부국증권주식회사,H1,대출채권매매이익_담보부,0,국내증권사,B,SF205,각주항목(09.06월 이후)
19040,202106,0010102,부국증권주식회사,H2,대출채권매매이익_무담보부,0,국내증권사,B,SF205,각주항목(09.06월 이후)
19041,202109,0010102,부국증권주식회사,A,채무보증,50200000000,국내증권사,B,SF205,각주항목(09.06월 이후)
19042,202109,0010102,부국증권주식회사,A1,채무보증_지급보증,0,국내증권사,B,SF205,각주항목(09.06월 이후)
19043,202109,0010102,부국증권주식회사,A2,채무보증_매입보장약정,39500000000,국내증권사,B,SF205,각주항목(09.06월 이후)
19044,202109,0010102,부국증권주식회사,A3,채무보증_채무인수약정,0,국내증권사,B,SF205,각주항목(09.06월 이후)
19045,202109,0010102,부국증권주식회사,A5,채무보증_매입확약,0,국내증권사,B,SF205,각주항목(09.06월 이후)
19046,202109,0010102,부국증권주식회사,A6,채무보증_기타,10700000000,국내증권사,B,SF205,각주항목(09.06월 이후)
19047,202109,0010102,부국증권주식회사,B,투자자의 예수증권 등,3707273574108,국내증권사,B,SF205,각주항목(09.06월 이후)
19048,202109,0010102,부국증권주식회사,B1,투자자의 예수증권 등_예수 증권,3707273574108,국내증권사,B,SF205,각주항목(09.06월 이후)
19049,202109,0010102,부국증권주식회사,B2,투자자의 예수증권 등_예수양도성예금증서,0,국내증권사,B,SF205,각주항목(09.06월 이후)
19050,202109,0010102,부국증권주식회사,B3,투자자의 예수증권 등_기타,0,국내증권사,B,SF205,각주항목(09.06월 이후)
19051,202109,0010102,부국증권주식회사,C,파생상품계약,1984945555000,국내증권사,B,SF205,각주항목(09.06월 이후)
19052,202109,0010102,부국증권주식회사,C1,파생상품계약_장내파생상품,1859097695000,국내증권사,B,SF205,각주항목(09.06월 이후)
19053,202109,0010102,부국증권주식회사,C11,파생상품계약_장내파생상품_이자율관련거래,1852912560000,국내증권사,B,SF205,각주항목(09.06월 이후)
19054,202109,0010102,부국증권주식회사,C12,파생상품계약_장내파생상품_통화관련거래,0,국내증권사,B,SF205,각주항목(09.06월 이후)
19055,202109,0010102,부국증권주식회사,C13,파생상품계약_장내파생상품_주식관련거래,6185135000,국내증권사,B,SF205,각주항목(09.06월 이후)
19056,202109,0010102,부국증권주식회사,C14,파생상품계약_장내파생상품_일반상품관련거래,0,국내증권사,B,SF205,각주항목(09.06월 이후)
19057,202109,0010102,부국증권주식회사,C15,파생상품계약_장내파생상품_기타,0,국내증권사,B,SF205,각주항목(09.06월 이후)
19058,202109,0010102,부국증권주식회사,C2,파생상품계약_장외파생상품,125847860000,국내증권사,B,SF205,각주항목(09.06월 이후)
19059,202109,0010102,부국증권주식회사,C21,파생상품계약_장외파생상품_이자율관련거래,125847860000,국내증권사,B,SF205,각주항목(09.06월 이후)
19060,202109,0010102,부국증권주식회사,C22,파생상품계약_장외파생상품_통화관련거래,0,국내증권사,B,SF205,각주항목(09.06월 이후)
19061,202109,0010102,부국증권주식회사,C23,파생상품계약_장외파생상품_주식관련거래,0,국내증권사,B,SF205,각주항목(09.06월 이후)
19062,202109,0010102,부국증권주식회사,C24,파생상품계약_장외파생상품_신용관련거래,0,국내증권사,B,SF205,각주항목(09.06월 이후)
19063,202109,0010102,부국증권주식회사,C25,파생상품계약_장외파생상품_기타,0,국내증권사,B,SF205,각주항목(09.06월 이후)
19064,202109,0010102,부국증권주식회사,D,대차 및 대주거래,350059700190,국내증권사,B,SF205,각주항목(09.06월 이후)
19065,202109,0010102,부국증권주식회사,D1,대차 및 대주거래_대여증권,39859935700,국내증권사,B,SF205,각주항목(09.06월 이후)
19066,202109,0010102,부국증권주식회사,D2,대차 및 대주거래_차입증권,310199764490,국내증권사,B,SF205,각주항목(09.06월 이후)
19067,202109,0010102,부국증권주식회사,D3,대차 및 대주거래_신용거래대주,0,국내증권사,B,SF205,각주항목(09.06월 이후)
19068,202109,0010102,부국증권주식회사,E,대손상각채권,0,국내증권사,B,SF205,각주항목(09.06월 이후)
19069,202109,0010102,부국증권주식회사,F,환전업무 예치금,0,국내증권사,B,SF205,각주항목(09.06월 이후)
19070,202109,0010102,부국증권주식회사,G,미배당별도예치금,0,국내증권사,B,SF205,각주항목(09.06월 이후)
19071,202109,0010102,부국증권주식회사,H,배서어음매출(종금계정),0,국내증권사,B,SF205,각주항목(09.06월 이후)
19072,202109,0010102,부국증권주식회사,H1,대출채권매매이익_담보부,0,국내증권사,B,SF205,각주항목(09.06월 이후)
19073,202109,0010102,부국증권주식회사,H2,대출채권매매이익_무담보부,0,국내증권사,B,SF205,각주항목(09.06월 이후)
19074,202112,0010102,부국증권주식회사,A,채무보증,90500000000,국내증권사,B,SF205,각주항목(09.06월 이후)
19075,202112,0010102,부국증권주식회사,A1,채무보증_지급보증,0,국내증권사,B,SF205,각주항목(09.06월 이후)
19076,202112,0010102,부국증권주식회사,A2,채무보증_매입보장약정,19800000000,국내증권사,B,SF205,각주항목(09.06월 이후)
19077,202112,0010102,부국증권주식회사,A3,채무보증_채무인수약정,0,국내증권사,B,SF205,각주항목(09.06월 이후)
19078,202112,0010102,부국증권주식회사,A5,채무보증_매입확약,0,국내증권사,B,SF205,각주항목(09.06월 이후)
19079,202112,0010102,부국증권주식회사,A6,채무보증_기타,70700000000,국내증권사,B,SF205,각주항목(09.06월 이후)
19080,202112,0010102,부국증권주식회사,B,투자자의 예수증권 등,3759881783155,국내증권사,B,SF205,각주항목(09.06월 이후)
19081,202112,0010102,부국증권주식회사,B1,투자자의 예수증권 등_예수 증권,3759881783155,국내증권사,B,SF205,각주항목(09.06월 이후)
19082,202112,0010102,부국증권주식회사,B2,투자자의 예수증권 등_예수양도성예금증서,0,국내증권사,B,SF205,각주항목(09.06월 이후)
19083,202112,0010102,부국증권주식회사,B3,투자자의 예수증권 등_기타,0,국내증권사,B,SF205,각주항목(09.06월 이후)
19084,202112,0010102,부국증권주식회사,C,파생상품계약,377476274400,국내증권사,B,SF205,각주항목(09.06월 이후)
19085,202112,0010102,부국증권주식회사,C1,파생상품계약_장내파생상품,295818804400,국내증권사,B,SF205,각주항목(09.06월 이후)
19086,202112,0010102,부국증권주식회사,C11,파생상품계약_장내파생상품_이자율관련거래,290833290000,국내증권사,B,SF205,각주항목(09.06월 이후)
19087,202112,0010102,부국증권주식회사,C12,파생상품계약_장내파생상품_통화관련거래,0,국내증권사,B,SF205,각주항목(09.06월 이후)
19088,202112,0010102,부국증권주식회사,C13,파생상품계약_장내파생상품_주식관련거래,4985514400,국내증권사,B,SF205,각주항목(09.06월 이후)
19089,202112,0010102,부국증권주식회사,C14,파생상품계약_장내파생상품_일반상품관련거래,0,국내증권사,B,SF205,각주항목(09.06월 이후)
19090,202112,0010102,부국증권주식회사,C15,파생상품계약_장내파생상품_기타,0,국내증권사,B,SF205,각주항목(09.06월 이후)
19091,202112,0010102,부국증권주식회사,C2,파생상품계약_장외파생상품,81657470000,국내증권사,B,SF205,각주항목(09.06월 이후)
19092,202112,0010102,부국증권주식회사,C21,파생상품계약_장외파생상품_이자율관련거래,81657470000,국내증권사,B,SF205,각주항목(09.06월 이후)
19093,202112,0010102,부국증권주식회사,C22,파생상품계약_장외파생상품_통화관련거래,0,국내증권사,B,SF205,각주항목(09.06월 이후)
19094,202112,0010102,부국증권주식회사,C23,파생상품계약_장외파생상품_주식관련거래,0,국내증권사,B,SF205,각주항목(09.06월 이후)
19095,202112,0010102,부국증권주식회사,C24,파생상품계약_장외파생상품_신용관련거래,0,국내증권사,B,SF205,각주항목(09.06월 이후)
19096,202112,0010102,부국증권주식회사,C25,파생상품계약_장외파생상품_기타,0,국내증권사,B,SF205,각주항목(09.06월 이후)
19097,202112,0010102,부국증권주식회사,D,대차 및 대주거래,260954807000,국내증권사,B,SF205,각주항목(09.06월 이후)
19098,202112,0010102,부국증권주식회사,D1,대차 및 대주거래_대여증권,21740988800,국내증권사,B,SF205,각주항목(09.06월 이후)
19099,202112,0010102,부국증권주식회사,D2,대차 및 대주거래_차입증권,239213818200,국내증권사,B,SF205,각주항목(09.06월 이후)
19100,202112,0010102,부국증권주식회사,D3,대차 및 대주거래_신용거래대주,0,국내증권사,B,SF205,각주항목(09.06월 이후)
19101,202112,0010102,부국증권주식회사,E,대손상각채권,0,국내증권사,B,SF205,각주항목(09.06월 이후)
19102,202112,0010102,부국증권주식회사,F,환전업무 예치금,0,국내증권사,B,SF205,각주항목(09.06월 이후)
19103,202112,0010102,부국증권주식회사,G,미배당별도예치금,0,국내증권사,B,SF205,각주항목(09.06월 이후)
19104,202112,0010102,부국증권주식회사,H,배서어음매출(종금계정),0,국내증권사,B,SF205,각주항목(09.06월 이후)
19105,202112,0010102,부국증권주식회사,H1,대출채권매매이익_담보부,0,국내증권사,B,SF205,각주항목(09.06월 이후)
19106,202112,0010102,부국증권주식회사,H2,대출채권매매이익_무담보부,0,국내증권사,B,SF205,각주항목(09.06월 이후)
19107,202203,0010102,부국증권주식회사,A,채무보증,93700000000,국내증권사,B,SF205,각주항목(09.06월 이후)
19108,202203,0010102,부국증권주식회사,A1,채무보증_지급보증,0,국내증권사,B,SF205,각주항목(09.06월 이후)
19109,202203,0010102,부국증권주식회사,A2,채무보증_매입보장약정,13000000000,국내증권사,B,SF205,각주항목(09.06월 이후)
19110,202203,0010102,부국증권주식회사,A3,채무보증_채무인수약정,0,국내증권사,B,SF205,각주항목(09.06월 이후)
19111,202203,0010102,부국증권주식회사,A5,채무보증_매입확약,0,국내증권사,B,SF205,각주항목(09.06월 이후)
19112,202203,0010102,부국증권주식회사,A6,채무보증_기타,80700000000,국내증권사,B,SF205,각주항목(09.06월 이후)
19113,202203,0010102,부국증권주식회사,B,투자자의 예수증권 등,5480331069623,국내증권사,B,SF205,각주항목(09.06월 이후)
19114,202203,0010102,부국증권주식회사,B1,투자자의 예수증권 등_예수 증권,5480331069623,국내증권사,B,SF205,각주항목(09.06월 이후)
19115,202203,0010102,부국증권주식회사,B2,투자자의 예수증권 등_예수양도성예금증서,0,국내증권사,B,SF205,각주항목(09.06월 이후)
19116,202203,0010102,부국증권주식회사,B3,투자자의 예수증권 등_기타,0,국내증권사,B,SF205,각주항목(09.06월 이후)
19117,202203,0010102,부국증권주식회사,C,파생상품계약,1408139204000,국내증권사,B,SF205,각주항목(09.06월 이후)
19118,202203,0010102,부국증권주식회사,C1,파생상품계약_장내파생상품,1278406629000,국내증권사,B,SF205,각주항목(09.06월 이후)
19119,202203,0010102,부국증권주식회사,C11,파생상품계약_장내파생상품_이자율관련거래,1271653270000,국내증권사,B,SF205,각주항목(09.06월 이후)
19120,202203,0010102,부국증권주식회사,C12,파생상품계약_장내파생상품_통화관련거래,0,국내증권사,B,SF205,각주항목(09.06월 이후)
19121,202203,0010102,부국증권주식회사,C13,파생상품계약_장내파생상품_주식관련거래,6753359000,국내증권사,B,SF205,각주항목(09.06월 이후)
19122,202203,0010102,부국증권주식회사,C14,파생상품계약_장내파생상품_일반상품관련거래,0,국내증권사,B,SF205,각주항목(09.06월 이후)
19123,202203,0010102,부국증권주식회사,C15,파생상품계약_장내파생상품_기타,0,국내증권사,B,SF205,각주항목(09.06월 이후)
19124,202203,0010102,부국증권주식회사,C2,파생상품계약_장외파생상품,129732575000,국내증권사,B,SF205,각주항목(09.06월 이후)
19125,202203,0010102,부국증권주식회사,C21,파생상품계약_장외파생상품_이자율관련거래,129732575000,국내증권사,B,SF205,각주항목(09.06월 이후)
19126,202203,0010102,부국증권주식회사,C22,파생상품계약_장외파생상품_통화관련거래,0,국내증권사,B,SF205,각주항목(09.06월 이후)
19127,202203,0010102,부국증권주식회사,C23,파생상품계약_장외파생상품_주식관련거래,0,국내증권사,B,SF205,각주항목(09.06월 이후)
19128,202203,0010102,부국증권주식회사,C24,파생상품계약_장외파생상품_신용관련거래,0,국내증권사,B,SF205,각주항목(09.06월 이후)
19129,202203,0010102,부국증권주식회사,C25,파생상품계약_장외파생상품_기타,0,국내증권사,B,SF205,각주항목(09.06월 이후)
19130,202203,0010102,부국증권주식회사,D,대차 및 대주거래,479328191300,국내증권사,B,SF205,각주항목(09.06월 이후)
19131,202203,0010102,부국증권주식회사,D1,대차 및 대주거래_대여증권,26478354500,국내증권사,B,SF205,각주항목(09.06월 이후)
19132,202203,0010102,부국증권주식회사,D2,대차 및 대주거래_차입증권,452809386800,국내증권사,B,SF205,각주항목(09.06월 이후)
19133,202203,0010102,부국증권주식회사,D3,대차 및 대주거래_신용거래대주,40450000,국내증권사,B,SF205,각주항목(09.06월 이후)
19134,202203,0010102,부국증권주식회사,E,대손상각채권,0,국내증권사,B,SF205,각주항목(09.06월 이후)
19135,202203,0010102,부국증권주식회사,F,환전업무 예치금,0,국내증권사,B,SF205,각주항목(09.06월 이후)
19136,202203,0010102,부국증권주식회사,G,미배당별도예치금,0,국내증권사,B,SF205,각주항목(09.06월 이후)
19137,202203,0010102,부국증권주식회사,H,배서어음매출(종금계정),0,국내증권사,B,SF205,각주항목(09.06월 이후)
19138,202203,0010102,부국증권주식회사,H1,대출채권매매이익_담보부,0,국내증권사,B,SF205,각주항목(09.06월 이후)
19139,202203,0010102,부국증권주식회사,H2,대출채권매매이익_무담보부,0,국내증권사,B,SF205,각주항목(09.06월 이후)
19140,202206,0010102,부국증권주식회사,A,채무보증,122273830000,국내증권사,B,SF205,각주항목(09.06월 이후)
19141,202206,0010102,부국증권주식회사,A1,채무보증_지급보증,0,국내증권사,B,SF205,각주항목(09.06월 이후)
19142,202206,0010102,부국증권주식회사,A2,채무보증_매입보장약정,44000000000,국내증권사,B,SF205,각주항목(09.06월 이후)
19143,202206,0010102,부국증권주식회사,A3,채무보증_채무인수약정,0,국내증권사,B,SF205,각주항목(09.06월 이후)
19144,202206,0010102,부국증권주식회사,A5,채무보증_매입확약,0,국내증권사,B,SF205,각주항목(09.06월 이후)
19145,202206,0010102,부국증권주식회사,A6,채무보증_기타,78273830000,국내증권사,B,SF205,각주항목(09.06월 이후)
19146,202206,0010102,부국증권주식회사,B,투자자의 예수증권 등,3060744138613,국내증권사,B,SF205,각주항목(09.06월 이후)
19147,202206,0010102,부국증권주식회사,B1,투자자의 예수증권 등_예수 증권,3060744138613,국내증권사,B,SF205,각주항목(09.06월 이후)
19148,202206,0010102,부국증권주식회사,B2,투자자의 예수증권 등_예수양도성예금증서,0,국내증권사,B,SF205,각주항목(09.06월 이후)
19149,202206,0010102,부국증권주식회사,B3,투자자의 예수증권 등_기타,0,국내증권사,B,SF205,각주항목(09.06월 이후)
19150,202206,0010102,부국증권주식회사,C,파생상품계약,2372469266785,국내증권사,B,SF205,각주항목(09.06월 이후)
19151,202206,0010102,부국증권주식회사,C1,파생상품계약_장내파생상품,2058843986785,국내증권사,B,SF205,각주항목(09.06월 이후)
19152,202206,0010102,부국증권주식회사,C11,파생상품계약_장내파생상품_이자율관련거래,2051111630000,국내증권사,B,SF205,각주항목(09.06월 이후)
19153,202206,0010102,부국증권주식회사,C12,파생상품계약_장내파생상품_통화관련거래,0,국내증권사,B,SF205,각주항목(09.06월 이후)
19154,202206,0010102,부국증권주식회사,C13,파생상품계약_장내파생상품_주식관련거래,7732356785,국내증권사,B,SF205,각주항목(09.06월 이후)
19155,202206,0010102,부국증권주식회사,C14,파생상품계약_장내파생상품_일반상품관련거래,0,국내증권사,B,SF205,각주항목(09.06월 이후)
19156,202206,0010102,부국증권주식회사,C15,파생상품계약_장내파생상품_기타,0,국내증권사,B,SF205,각주항목(09.06월 이후)
19157,202206,0010102,부국증권주식회사,C2,파생상품계약_장외파생상품,313625280000,국내증권사,B,SF205,각주항목(09.06월 이후)
19158,202206,0010102,부국증권주식회사,C21,파생상품계약_장외파생상품_이자율관련거래,313625280000,국내증권사,B,SF205,각주항목(09.06월 이후)
19159,202206,0010102,부국증권주식회사,C22,파생상품계약_장외파생상품_통화관련거래,0,국내증권사,B,SF205,각주항목(09.06월 이후)
19160,202206,0010102,부국증권주식회사,C23,파생상품계약_장외파생상품_주식관련거래,0,국내증권사,B,SF205,각주항목(09.06월 이후)
19161,202206,0010102,부국증권주식회사,C24,파생상품계약_장외파생상품_신용관련거래,0,국내증권사,B,SF205,각주항목(09.06월 이후)
19162,202206,0010102,부국증권주식회사,C25,파생상품계약_장외파생상품_기타,0,국내증권사,B,SF205,각주항목(09.06월 이후)
19163,202206,0010102,부국증권주식회사,D,대차 및 대주거래,444173296300,국내증권사,B,SF205,각주항목(09.06월 이후)
19164,202206,0010102,부국증권주식회사,D1,대차 및 대주거래_대여증권,27736602600,국내증권사,B,SF205,각주항목(09.06월 이후)
19165,202206,0010102,부국증권주식회사,D2,대차 및 대주거래_차입증권,416436693700,국내증권사,B,SF205,각주항목(09.06월 이후)
19166,202206,0010102,부국증권주식회사,D3,대차 및 대주거래_신용거래대주,0,국내증권사,B,SF205,각주항목(09.06월 이후)
19167,202206,0010102,부국증권주식회사,E,대손상각채권,0,국내증권사,B,SF205,각주항목(09.06월 이후)
19168,202206,0010102,부국증권주식회사,F,환전업무 예치금,0,국내증권사,B,SF205,각주항목(09.06월 이후)
19169,202206,0010102,부국증권주식회사,G,미배당별도예치금,0,국내증권사,B,SF205,각주항목(09.06월 이후)
19170,202206,0010102,부국증권주식회사,H,배서어음매출(종금계정),0,국내증권사,B,SF205,각주항목(09.06월 이후)
19171,202206,0010102,부국증권주식회사,H1,대출채권매매이익_담보부,0,국내증권사,B,SF205,각주항목(09.06월 이후)
19172,202206,0010102,부국증권주식회사,H2,대출채권매매이익_무담보부,0,국내증권사,B,SF205,각주항목(09.06월 이후)
19173,202209,0010102,부국증권주식회사,A,채무보증,90974133000,국내증권사,B,SF205,각주항목(09.06월 이후)
19174,202209,0010102,부국증권주식회사,A1,채무보증_지급보증,0,국내증권사,B,SF205,각주항목(09.06월 이후)
19175,202209,0010102,부국증권주식회사,A2,채무보증_매입보장약정,38000000000,국내증권사,B,SF205,각주항목(09.06월 이후)
19176,202209,0010102,부국증권주식회사,A3,채무보증_채무인수약정,0,국내증권사,B,SF205,각주항목(09.06월 이후)
19177,202209,0010102,부국증권주식회사,A5,채무보증_매입확약,0,국내증권사,B,SF205,각주항목(09.06월 이후)
19178,202209,0010102,부국증권주식회사,A6,채무보증_기타,52974133000,국내증권사,B,SF205,각주항목(09.06월 이후)
19179,202209,0010102,부국증권주식회사,B,투자자의 예수증권 등,3674778808710,국내증권사,B,SF205,각주항목(09.06월 이후)
19180,202209,0010102,부국증권주식회사,B1,투자자의 예수증권 등_예수 증권,3674778808710,국내증권사,B,SF205,각주항목(09.06월 이후)
19181,202209,0010102,부국증권주식회사,B2,투자자의 예수증권 등_예수양도성예금증서,0,국내증권사,B,SF205,각주항목(09.06월 이후)
19182,202209,0010102,부국증권주식회사,B3,투자자의 예수증권 등_기타,0,국내증권사,B,SF205,각주항목(09.06월 이후)
19183,202209,0010102,부국증권주식회사,C,파생상품계약,1820793767700,국내증권사,B,SF205,각주항목(09.06월 이후)
19184,202209,0010102,부국증권주식회사,C1,파생상품계약_장내파생상품,1412650972700,국내증권사,B,SF205,각주항목(09.06월 이후)
19185,202209,0010102,부국증권주식회사,C11,파생상품계약_장내파생상품_이자율관련거래,1402031910000,국내증권사,B,SF205,각주항목(09.06월 이후)
19186,202209,0010102,부국증권주식회사,C12,파생상품계약_장내파생상품_통화관련거래,0,국내증권사,B,SF205,각주항목(09.06월 이후)
19187,202209,0010102,부국증권주식회사,C13,파생상품계약_장내파생상품_주식관련거래,10619062700,국내증권사,B,SF205,각주항목(09.06월 이후)
19188,202209,0010102,부국증권주식회사,C14,파생상품계약_장내파생상품_일반상품관련거래,0,국내증권사,B,SF205,각주항목(09.06월 이후)
19189,202209,0010102,부국증권주식회사,C15,파생상품계약_장내파생상품_기타,0,국내증권사,B,SF205,각주항목(09.06월 이후)
19190,202209,0010102,부국증권주식회사,C2,파생상품계약_장외파생상품,408142795000,국내증권사,B,SF205,각주항목(09.06월 이후)
19191,202209,0010102,부국증권주식회사,C21,파생상품계약_장외파생상품_이자율관련거래,408142795000,국내증권사,B,SF205,각주항목(09.06월 이후)
19192,202209,0010102,부국증권주식회사,C22,파생상품계약_장외파생상품_통화관련거래,0,국내증권사,B,SF205,각주항목(09.06월 이후)
19193,202209,0010102,부국증권주식회사,C23,파생상품계약_장외파생상품_주식관련거래,0,국내증권사,B,SF205,각주항목(09.06월 이후)
19194,202209,0010102,부국증권주식회사,C24,파생상품계약_장외파생상품_신용관련거래,0,국내증권사,B,SF205,각주항목(09.06월 이후)
19195,202209,0010102,부국증권주식회사,C25,파생상품계약_장외파생상품_기타,0,국내증권사,B,SF205,각주항목(09.06월 이후)
19196,202209,0010102,부국증권주식회사,D,대차 및 대주거래,655788805490,국내증권사,B,SF205,각주항목(09.06월 이후)
19197,202209,0010102,부국증권주식회사,D1,대차 및 대주거래_대여증권,40437297790,국내증권사,B,SF205,각주항목(09.06월 이후)
19198,202209,0010102,부국증권주식회사,D2,대차 및 대주거래_차입증권,615351507700,국내증권사,B,SF205,각주항목(09.06월 이후)
19199,202209,0010102,부국증권주식회사,D3,대차 및 대주거래_신용거래대주,0,국내증권사,B,SF205,각주항목(09.06월 이후)
19200,202209,0010102,부국증권주식회사,E,대손상각채권,6582159,국내증권사,B,SF205,각주항목(09.06월 이후)
19201,202209,0010102,부국증권주식회사,F,환전업무 예치금,0,국내증권사,B,SF205,각주항목(09.06월 이후)
19202,202209,0010102,부국증권주식회사,G,미배당별도예치금,0,국내증권사,B,SF205,각주항목(09.06월 이후)
19203,202209,0010102,부국증권주식회사,H,배서어음매출(종금계정),0,국내증권사,B,SF205,각주항목(09.06월 이후)
19204,202209,0010102,부국증권주식회사,H1,대출채권매매이익_담보부,0,국내증권사,B,SF205,각주항목(09.06월 이후)
19205,202209,0010102,부국증권주식회사,H2,대출채권매매이익_무담보부,0,국내증권사,B,SF205,각주항목(09.06월 이후)
19206,202212,0010102,부국증권주식회사,A,채무보증,67874133000,국내증권사,B,SF205,각주항목(09.06월 이후)
19207,202212,0010102,부국증권주식회사,A1,채무보증_지급보증,0,국내증권사,B,SF205,각주항목(09.06월 이후)
19208,202212,0010102,부국증권주식회사,A2,채무보증_매입보장약정,23000000000,국내증권사,B,SF205,각주항목(09.06월 이후)
19209,202212,0010102,부국증권주식회사,A3,채무보증_채무인수약정,0,국내증권사,B,SF205,각주항목(09.06월 이후)
19210,202212,0010102,부국증권주식회사,A5,채무보증_매입확약,0,국내증권사,B,SF205,각주항목(09.06월 이후)
19211,202212,0010102,부국증권주식회사,A6,채무보증_기타,44874133000,국내증권사,B,SF205,각주항목(09.06월 이후)
19212,202212,0010102,부국증권주식회사,B,투자자의 예수증권 등,3330681262237,국내증권사,B,SF205,각주항목(09.06월 이후)
19213,202212,0010102,부국증권주식회사,B1,투자자의 예수증권 등_예수 증권,3330681262237,국내증권사,B,SF205,각주항목(09.06월 이후)
19214,202212,0010102,부국증권주식회사,B2,투자자의 예수증권 등_예수양도성예금증서,0,국내증권사,B,SF205,각주항목(09.06월 이후)
19215,202212,0010102,부국증권주식회사,B3,투자자의 예수증권 등_기타,0,국내증권사,B,SF205,각주항목(09.06월 이후)
19216,202212,0010102,부국증권주식회사,C,파생상품계약,161216482510,국내증권사,B,SF205,각주항목(09.06월 이후)
19217,202212,0010102,부국증권주식회사,C1,파생상품계약_장내파생상품,140106562510,국내증권사,B,SF205,각주항목(09.06월 이후)
19218,202212,0010102,부국증권주식회사,C11,파생상품계약_장내파생상품_이자율관련거래,124651650000,국내증권사,B,SF205,각주항목(09.06월 이후)
19219,202212,0010102,부국증권주식회사,C12,파생상품계약_장내파생상품_통화관련거래,946768000,국내증권사,B,SF205,각주항목(09.06월 이후)
19220,202212,0010102,부국증권주식회사,C13,파생상품계약_장내파생상품_주식관련거래,14508144510,국내증권사,B,SF205,각주항목(09.06월 이후)
19221,202212,0010102,부국증권주식회사,C14,파생상품계약_장내파생상품_일반상품관련거래,0,국내증권사,B,SF205,각주항목(09.06월 이후)
19222,202212,0010102,부국증권주식회사,C15,파생상품계약_장내파생상품_기타,0,국내증권사,B,SF205,각주항목(09.06월 이후)
19223,202212,0010102,부국증권주식회사,C2,파생상품계약_장외파생상품,21109920000,국내증권사,B,SF205,각주항목(09.06월 이후)
19224,202212,0010102,부국증권주식회사,C21,파생상품계약_장외파생상품_이자율관련거래,21109920000,국내증권사,B,SF205,각주항목(09.06월 이후)
19225,202212,0010102,부국증권주식회사,C22,파생상품계약_장외파생상품_통화관련거래,0,국내증권사,B,SF205,각주항목(09.06월 이후)
19226,202212,0010102,부국증권주식회사,C23,파생상품계약_장외파생상품_주식관련거래,0,국내증권사,B,SF205,각주항목(09.06월 이후)
19227,202212,0010102,부국증권주식회사,C24,파생상품계약_장외파생상품_신용관련거래,0,국내증권사,B,SF205,각주항목(09.06월 이후)
19228,202212,0010102,부국증권주식회사,C25,파생상품계약_장외파생상품_기타,0,국내증권사,B,SF205,각주항목(09.06월 이후)
19229,202212,0010102,부국증권주식회사,D,대차 및 대주거래,249254400270,국내증권사,B,SF205,각주항목(09.06월 이후)
19230,202212,0010102,부국증권주식회사,D1,대차 및 대주거래_대여증권,32581087380,국내증권사,B,SF205,각주항목(09.06월 이후)
19231,202212,0010102,부국증권주식회사,D2,대차 및 대주거래_차입증권,216673312890,국내증권사,B,SF205,각주항목(09.06월 이후)
19232,202212,0010102,부국증권주식회사,D3,대차 및 대주거래_신용거래대주,0,국내증권사,B,SF205,각주항목(09.06월 이후)
19233,202212,0010102,부국증권주식회사,E,대손상각채권,0,국내증권사,B,SF205,각주항목(09.06월 이후)
19234,202212,0010102,부국증권주식회사,F,환전업무 예치금,0,국내증권사,B,SF205,각주항목(09.06월 이후)
19235,202212,0010102,부국증권주식회사,G,미배당별도예치금,0,국내증권사,B,SF205,각주항목(09.06월 이후)
19236,202212,0010102,부국증권주식회사,H,배서어음매출(종금계정),0,국내증권사,B,SF205,각주항목(09.06월 이후)
19237,202212,0010102,부국증권주식회사,H1,대출채권매매이익_담보부,0,국내증권사,B,SF205,각주항목(09.06월 이후)
19238,202212,0010102,부국증권주식회사,H2,대출채권매매이익_무담보부,0,국내증권사,B,SF205,각주항목(09.06월 이후)
19239,202303,0010102,부국증권주식회사,A,채무보증,16174133000,국내증권사,B,SF205,각주항목(09.06월 이후)
19240,202303,0010102,부국증권주식회사,A1,채무보증_지급보증,0,국내증권사,B,SF205,각주항목(09.06월 이후)
19241,202303,0010102,부국증권주식회사,A2,채무보증_매입보장약정,9000000000,국내증권사,B,SF205,각주항목(09.06월 이후)
19242,202303,0010102,부국증권주식회사,A3,채무보증_채무인수약정,0,국내증권사,B,SF205,각주항목(09.06월 이후)
19243,202303,0010102,부국증권주식회사,A5,채무보증_매입확약,0,국내증권사,B,SF205,각주항목(09.06월 이후)
19244,202303,0010102,부국증권주식회사,A6,채무보증_기타,7174133000,국내증권사,B,SF205,각주항목(09.06월 이후)
19245,202303,0010102,부국증권주식회사,B,투자자의 예수증권 등,4078719804993,국내증권사,B,SF205,각주항목(09.06월 이후)
19246,202303,0010102,부국증권주식회사,B1,투자자의 예수증권 등_예수 증권,4078719804993,국내증권사,B,SF205,각주항목(09.06월 이후)
19247,202303,0010102,부국증권주식회사,B2,투자자의 예수증권 등_예수양도성예금증서,0,국내증권사,B,SF205,각주항목(09.06월 이후)
19248,202303,0010102,부국증권주식회사,B3,투자자의 예수증권 등_기타,0,국내증권사,B,SF205,각주항목(09.06월 이후)
19249,202303,0010102,부국증권주식회사,C,파생상품계약,1914509956500,국내증권사,B,SF205,각주항목(09.06월 이후)
19250,202303,0010102,부국증권주식회사,C1,파생상품계약_장내파생상품,1343174256500,국내증권사,B,SF205,각주항목(09.06월 이후)
19251,202303,0010102,부국증권주식회사,C11,파생상품계약_장내파생상품_이자율관련거래,1332699740000,국내증권사,B,SF205,각주항목(09.06월 이후)
19252,202303,0010102,부국증권주식회사,C12,파생상품계약_장내파생상품_통화관련거래,0,국내증권사,B,SF205,각주항목(09.06월 이후)
19253,202303,0010102,부국증권주식회사,C13,파생상품계약_장내파생상품_주식관련거래,10474516500,국내증권사,B,SF205,각주항목(09.06월 이후)
19254,202303,0010102,부국증권주식회사,C14,파생상품계약_장내파생상품_일반상품관련거래,0,국내증권사,B,SF205,각주항목(09.06월 이후)
19255,202303,0010102,부국증권주식회사,C15,파생상품계약_장내파생상품_기타,0,국내증권사,B,SF205,각주항목(09.06월 이후)
19256,202303,0010102,부국증권주식회사,C2,파생상품계약_장외파생상품,571335700000,국내증권사,B,SF205,각주항목(09.06월 이후)
19257,202303,0010102,부국증권주식회사,C21,파생상품계약_장외파생상품_이자율관련거래,571335700000,국내증권사,B,SF205,각주항목(09.06월 이후)
19258,202303,0010102,부국증권주식회사,C22,파생상품계약_장외파생상품_통화관련거래,0,국내증권사,B,SF205,각주항목(09.06월 이후)
19259,202303,0010102,부국증권주식회사,C23,파생상품계약_장외파생상품_주식관련거래,0,국내증권사,B,SF205,각주항목(09.06월 이후)
19260,202303,0010102,부국증권주식회사,C24,파생상품계약_장외파생상품_신용관련거래,0,국내증권사,B,SF205,각주항목(09.06월 이후)
19261,202303,0010102,부국증권주식회사,C25,파생상품계약_장외파생상품_기타,0,국내증권사,B,SF205,각주항목(09.06월 이후)
19262,202303,0010102,부국증권주식회사,D,대차 및 대주거래,328873475450,국내증권사,B,SF205,각주항목(09.06월 이후)
19263,202303,0010102,부국증권주식회사,D1,대차 및 대주거래_대여증권,36677649020,국내증권사,B,SF205,각주항목(09.06월 이후)
19264,202303,0010102,부국증권주식회사,D2,대차 및 대주거래_차입증권,292195826430,국내증권사,B,SF205,각주항목(09.06월 이후)
19265,202303,0010102,부국증권주식회사,D3,대차 및 대주거래_신용거래대주,0,국내증권사,B,SF205,각주항목(09.06월 이후)
19266,202303,0010102,부국증권주식회사,E,대손상각채권,0,국내증권사,B,SF205,각주항목(09.06월 이후)
19267,202303,0010102,부국증권주식회사,F,환전업무 예치금,0,국내증권사,B,SF205,각주항목(09.06월 이후)
19268,202303,0010102,부국증권주식회사,G,미배당별도예치금,0,국내증권사,B,SF205,각주항목(09.06월 이후)
19269,202303,0010102,부국증권주식회사,H,배서어음매출(종금계정),0,국내증권사,B,SF205,각주항목(09.06월 이후)
19270,202303,0010102,부국증권주식회사,H1,대출채권매매이익_담보부,0,국내증권사,B,SF205,각주항목(09.06월 이후)
19271,202303,0010102,부국증권주식회사,H2,대출채권매매이익_무담보부,0,국내증권사,B,SF205,각주항목(09.06월 이후)
19272,202306,0010102,부국증권주식회사,A,채무보증,7174133000,국내증권사,B,SF205,각주항목(09.06월 이후)
19273,202306,0010102,부국증권주식회사,A1,채무보증_지급보증,0,국내증권사,B,SF205,각주항목(09.06월 이후)
19274,202306,0010102,부국증권주식회사,A2,채무보증_매입보장약정,0,국내증권사,B,SF205,각주항목(09.06월 이후)
19275,202306,0010102,부국증권주식회사,A3,채무보증_채무인수약정,0,국내증권사,B,SF205,각주항목(09.06월 이후)
19276,202306,0010102,부국증권주식회사,A5,채무보증_매입확약,0,국내증권사,B,SF205,각주항목(09.06월 이후)
19277,202306,0010102,부국증권주식회사,A6,채무보증_기타,7174133000,국내증권사,B,SF205,각주항목(09.06월 이후)
19278,202306,0010102,부국증권주식회사,B,투자자의 예수증권 등,3826040704105,국내증권사,B,SF205,각주항목(09.06월 이후)
19279,202306,0010102,부국증권주식회사,B1,투자자의 예수증권 등_예수 증권,3826040704105,국내증권사,B,SF205,각주항목(09.06월 이후)
19280,202306,0010102,부국증권주식회사,B2,투자자의 예수증권 등_예수양도성예금증서,0,국내증권사,B,SF205,각주항목(09.06월 이후)
19281,202306,0010102,부국증권주식회사,B3,투자자의 예수증권 등_기타,0,국내증권사,B,SF205,각주항목(09.06월 이후)
19282,202306,0010102,부국증권주식회사,C,파생상품계약,1767383754900,국내증권사,B,SF205,각주항목(09.06월 이후)
19283,202306,0010102,부국증권주식회사,C1,파생상품계약_장내파생상품,1347123714900,국내증권사,B,SF205,각주항목(09.06월 이후)
19284,202306,0010102,부국증권주식회사,C11,파생상품계약_장내파생상품_이자율관련거래,1338254520000,국내증권사,B,SF205,각주항목(09.06월 이후)
19285,202306,0010102,부국증권주식회사,C12,파생상품계약_장내파생상품_통화관련거래,1236558000,국내증권사,B,SF205,각주항목(09.06월 이후)
19286,202306,0010102,부국증권주식회사,C13,파생상품계약_장내파생상품_주식관련거래,7632636900,국내증권사,B,SF205,각주항목(09.06월 이후)
19287,202306,0010102,부국증권주식회사,C14,파생상품계약_장내파생상품_일반상품관련거래,0,국내증권사,B,SF205,각주항목(09.06월 이후)
19288,202306,0010102,부국증권주식회사,C15,파생상품계약_장내파생상품_기타,0,국내증권사,B,SF205,각주항목(09.06월 이후)
19289,202306,0010102,부국증권주식회사,C2,파생상품계약_장외파생상품,420260040000,국내증권사,B,SF205,각주항목(09.06월 이후)
19290,202306,0010102,부국증권주식회사,C21,파생상품계약_장외파생상품_이자율관련거래,420260040000,국내증권사,B,SF205,각주항목(09.06월 이후)
19291,202306,0010102,부국증권주식회사,C22,파생상품계약_장외파생상품_통화관련거래,0,국내증권사,B,SF205,각주항목(09.06월 이후)
19292,202306,0010102,부국증권주식회사,C23,파생상품계약_장외파생상품_주식관련거래,0,국내증권사,B,SF205,각주항목(09.06월 이후)
19293,202306,0010102,부국증권주식회사,C24,파생상품계약_장외파생상품_신용관련거래,0,국내증권사,B,SF205,각주항목(09.06월 이후)
19294,202306,0010102,부국증권주식회사,C25,파생상품계약_장외파생상품_기타,0,국내증권사,B,SF205,각주항목(09.06월 이후)
19295,202306,0010102,부국증권주식회사,D,대차 및 대주거래,363231558004,국내증권사,B,SF205,각주항목(09.06월 이후)
19296,202306,0010102,부국증권주식회사,D1,대차 및 대주거래_대여증권,69153765982,국내증권사,B,SF205,각주항목(09.06월 이후)
19297,202306,0010102,부국증권주식회사,D2,대차 및 대주거래_차입증권,294010472022,국내증권사,B,SF205,각주항목(09.06월 이후)
19298,202306,0010102,부국증권주식회사,D3,대차 및 대주거래_신용거래대주,67320000,국내증권사,B,SF205,각주항목(09.06월 이후)
19299,202306,0010102,부국증권주식회사,E,대손상각채권,0,국내증권사,B,SF205,각주항목(09.06월 이후)
19300,202306,0010102,부국증권주식회사,F,환전업무 예치금,0,국내증권사,B,SF205,각주항목(09.06월 이후)
19301,202306,0010102,부국증권주식회사,G,미배당별도예치금,0,국내증권사,B,SF205,각주항목(09.06월 이후)
19302,202306,0010102,부국증권주식회사,H,배서어음매출(종금계정),0,국내증권사,B,SF205,각주항목(09.06월 이후)
19303,202306,0010102,부국증권주식회사,H1,대출채권매매이익_담보부,0,국내증권사,B,SF205,각주항목(09.06월 이후)
19304,202306,0010102,부국증권주식회사,H2,대출채권매매이익_무담보부,0,국내증권사,B,SF205,각주항목(09.06월 이후)
19305,202309,0010102,부국증권주식회사,A,채무보증,7174133000,국내증권사,B,SF205,각주항목(09.06월 이후)
19306,202309,0010102,부국증권주식회사,A1,채무보증_지급보증,0,국내증권사,B,SF205,각주항목(09.06월 이후)
19307,202309,0010102,부국증권주식회사,A2,채무보증_매입보장약정,0,국내증권사,B,SF205,각주항목(09.06월 이후)
19308,202309,0010102,부국증권주식회사,A3,채무보증_채무인수약정,0,국내증권사,B,SF205,각주항목(09.06월 이후)
19309,202309,0010102,부국증권주식회사,A5,채무보증_매입확약,0,국내증권사,B,SF205,각주항목(09.06월 이후)
19310,202309,0010102,부국증권주식회사,A6,채무보증_기타,7174133000,국내증권사,B,SF205,각주항목(09.06월 이후)
19311,202309,0010102,부국증권주식회사,B,투자자의 예수증권 등,3987812948796,국내증권사,B,SF205,각주항목(09.06월 이후)
19312,202309,0010102,부국증권주식회사,B1,투자자의 예수증권 등_예수 증권,3987812948796,국내증권사,B,SF205,각주항목(09.06월 이후)
19313,202309,0010102,부국증권주식회사,B2,투자자의 예수증권 등_예수양도성예금증서,0,국내증권사,B,SF205,각주항목(09.06월 이후)
19314,202309,0010102,부국증권주식회사,B3,투자자의 예수증권 등_기타,0,국내증권사,B,SF205,각주항목(09.06월 이후)
19315,202309,0010102,부국증권주식회사,C,파생상품계약,1551573969602,국내증권사,B,SF205,각주항목(09.06월 이후)
19316,202309,0010102,부국증권주식회사,C1,파생상품계약_장내파생상품,1054289184602,국내증권사,B,SF205,각주항목(09.06월 이후)
19317,202309,0010102,부국증권주식회사,C11,파생상품계약_장내파생상품_이자율관련거래,1028109010000,국내증권사,B,SF205,각주항목(09.06월 이후)
19318,202309,0010102,부국증권주식회사,C12,파생상품계약_장내파생상품_통화관련거래,2709124000,국내증권사,B,SF205,각주항목(09.06월 이후)
19319,202309,0010102,부국증권주식회사,C13,파생상품계약_장내파생상품_주식관련거래,23471050602,국내증권사,B,SF205,각주항목(09.06월 이후)
19320,202309,0010102,부국증권주식회사,C14,파생상품계약_장내파생상품_일반상품관련거래,0,국내증권사,B,SF205,각주항목(09.06월 이후)
19321,202309,0010102,부국증권주식회사,C15,파생상품계약_장내파생상품_기타,0,국내증권사,B,SF205,각주항목(09.06월 이후)
19322,202309,0010102,부국증권주식회사,C2,파생상품계약_장외파생상품,497284785000,국내증권사,B,SF205,각주항목(09.06월 이후)
19323,202309,0010102,부국증권주식회사,C21,파생상품계약_장외파생상품_이자율관련거래,497284785000,국내증권사,B,SF205,각주항목(09.06월 이후)
19324,202309,0010102,부국증권주식회사,C22,파생상품계약_장외파생상품_통화관련거래,0,국내증권사,B,SF205,각주항목(09.06월 이후)
19325,202309,0010102,부국증권주식회사,C23,파생상품계약_장외파생상품_주식관련거래,0,국내증권사,B,SF205,각주항목(09.06월 이후)
19326,202309,0010102,부국증권주식회사,C24,파생상품계약_장외파생상품_신용관련거래,0,국내증권사,B,SF205,각주항목(09.06월 이후)
19327,202309,0010102,부국증권주식회사,C25,파생상품계약_장외파생상품_기타,0,국내증권사,B,SF205,각주항목(09.06월 이후)
19328,202309,0010102,부국증권주식회사,D,대차 및 대주거래,521400778861,국내증권사,B,SF205,각주항목(09.06월 이후)
19329,202309,0010102,부국증권주식회사,D1,대차 및 대주거래_대여증권,124355533431,국내증권사,B,SF205,각주항목(09.06월 이후)
19330,202309,0010102,부국증권주식회사,D2,대차 및 대주거래_차입증권,397045245430,국내증권사,B,SF205,각주항목(09.06월 이후)
19331,202309,0010102,부국증권주식회사,D3,대차 및 대주거래_신용거래대주,0,국내증권사,B,SF205,각주항목(09.06월 이후)
19332,202309,0010102,부국증권주식회사,E,대손상각채권,0,국내증권사,B,SF205,각주항목(09.06월 이후)
19333,202309,0010102,부국증권주식회사,F,환전업무 예치금,0,국내증권사,B,SF205,각주항목(09.06월 이후)
19334,202309,0010102,부국증권주식회사,G,미배당별도예치금,0,국내증권사,B,SF205,각주항목(09.06월 이후)
19335,202309,0010102,부국증권주식회사,H,배서어음매출(종금계정),0,국내증권사,B,SF205,각주항목(09.06월 이후)
19336,202309,0010102,부국증권주식회사,H1,대출채권매매이익_담보부,0,국내증권사,B,SF205,각주항목(09.06월 이후)
19337,202309,0010102,부국증권주식회사,H2,대출채권매매이익_무담보부,0,국내증권사,B,SF205,각주항목(09.06월 이후)
19338,202312,0010102,부국증권주식회사,A,채무보증,7774133000,국내증권사,B,SF205,각주항목(09.06월 이후)
19339,202312,0010102,부국증권주식회사,A1,채무보증_지급보증,0,국내증권사,B,SF205,각주항목(09.06월 이후)
19340,202312,0010102,부국증권주식회사,A2,채무보증_매입보장약정,0,국내증권사,B,SF205,각주항목(09.06월 이후)
19341,202312,0010102,부국증권주식회사,A3,채무보증_채무인수약정,0,국내증권사,B,SF205,각주항목(09.06월 이후)
19342,202312,0010102,부국증권주식회사,A5,채무보증_매입확약,0,국내증권사,B,SF205,각주항목(09.06월 이후)
19343,202312,0010102,부국증권주식회사,A6,채무보증_기타,7774133000,국내증권사,B,SF205,각주항목(09.06월 이후)
19344,202312,0010102,부국증권주식회사,B,투자자의 예수증권 등,4291853226799,국내증권사,B,SF205,각주항목(09.06월 이후)
19345,202312,0010102,부국증권주식회사,B1,투자자의 예수증권 등_예수 증권,4291853226799,국내증권사,B,SF205,각주항목(09.06월 이후)
19346,202312,0010102,부국증권주식회사,B2,투자자의 예수증권 등_예수양도성예금증서,0,국내증권사,B,SF205,각주항목(09.06월 이후)
19347,202312,0010102,부국증권주식회사,B3,투자자의 예수증권 등_기타,0,국내증권사,B,SF205,각주항목(09.06월 이후)
19348,202312,0010102,부국증권주식회사,C,파생상품계약,663796370900,국내증권사,B,SF205,각주항목(09.06월 이후)
19349,202312,0010102,부국증권주식회사,C1,파생상품계약_장내파생상품,569565970900,국내증권사,B,SF205,각주항목(09.06월 이후)
19350,202312,0010102,부국증권주식회사,C11,파생상품계약_장내파생상품_이자율관련거래,537185650000,국내증권사,B,SF205,각주항목(09.06월 이후)
19351,202312,0010102,부국증권주식회사,C12,파생상품계약_장내파생상품_통화관련거래,2723349000,국내증권사,B,SF205,각주항목(09.06월 이후)
19352,202312,0010102,부국증권주식회사,C13,파생상품계약_장내파생상품_주식관련거래,29656971900,국내증권사,B,SF205,각주항목(09.06월 이후)
19353,202312,0010102,부국증권주식회사,C14,파생상품계약_장내파생상품_일반상품관련거래,0,국내증권사,B,SF205,각주항목(09.06월 이후)
19354,202312,0010102,부국증권주식회사,C15,파생상품계약_장내파생상품_기타,0,국내증권사,B,SF205,각주항목(09.06월 이후)
19355,202312,0010102,부국증권주식회사,C2,파생상품계약_장외파생상품,94230400000,국내증권사,B,SF205,각주항목(09.06월 이후)
19356,202312,0010102,부국증권주식회사,C21,파생상품계약_장외파생상품_이자율관련거래,94230400000,국내증권사,B,SF205,각주항목(09.06월 이후)
19357,202312,0010102,부국증권주식회사,C22,파생상품계약_장외파생상품_통화관련거래,0,국내증권사,B,SF205,각주항목(09.06월 이후)
19358,202312,0010102,부국증권주식회사,C23,파생상품계약_장외파생상품_주식관련거래,0,국내증권사,B,SF205,각주항목(09.06월 이후)
19359,202312,0010102,부국증권주식회사,C24,파생상품계약_장외파생상품_신용관련거래,0,국내증권사,B,SF205,각주항목(09.06월 이후)
19360,202312,0010102,부국증권주식회사,C25,파생상품계약_장외파생상품_기타,0,국내증권사,B,SF205,각주항목(09.06월 이후)
19361,202312,0010102,부국증권주식회사,D,대차 및 대주거래,454029623750,국내증권사,B,SF205,각주항목(09.06월 이후)
19362,202312,0010102,부국증권주식회사,D1,대차 및 대주거래_대여증권,52017187860,국내증권사,B,SF205,각주항목(09.06월 이후)
19363,202312,0010102,부국증권주식회사,D2,대차 및 대주거래_차입증권,402012435890,국내증권사,B,SF205,각주항목(09.06월 이후)
19364,202312,0010102,부국증권주식회사,D3,대차 및 대주거래_신용거래대주,0,국내증권사,B,SF205,각주항목(09.06월 이후)
19365,202312,0010102,부국증권주식회사,E,대손상각채권,0,국내증권사,B,SF205,각주항목(09.06월 이후)
19366,202312,0010102,부국증권주식회사,F,환전업무 예치금,0,국내증권사,B,SF205,각주항목(09.06월 이후)
19367,202312,0010102,부국증권주식회사,G,미배당별도예치금,0,국내증권사,B,SF205,각주항목(09.06월 이후)
19368,202312,0010102,부국증권주식회사,H,배서어음매출(종금계정),0,국내증권사,B,SF205,각주항목(09.06월 이후)
19369,202312,0010102,부국증권주식회사,H1,대출채권매매이익_담보부,0,국내증권사,B,SF205,각주항목(09.06월 이후)
19370,202312,0010102,부국증권주식회사,H2,대출채권매매이익_무담보부,0,국내증권사,B,SF205,각주항목(09.06월 이후)
19371,202403,0010102,부국증권주식회사,A,채무보증,3674133000,국내증권사,B,SF205,각주항목(09.06월 이후)
19372,202403,0010102,부국증권주식회사,A1,채무보증_지급보증,0,국내증권사,B,SF205,각주항목(09.06월 이후)
19373,202403,0010102,부국증권주식회사,A2,채무보증_매입보장약정,0,국내증권사,B,SF205,각주항목(09.06월 이후)
19374,202403,0010102,부국증권주식회사,A3,채무보증_채무인수약정,0,국내증권사,B,SF205,각주항목(09.06월 이후)
19375,202403,0010102,부국증권주식회사,A5,채무보증_매입확약,0,국내증권사,B,SF205,각주항목(09.06월 이후)
19376,202403,0010102,부국증권주식회사,A6,채무보증_기타,3674133000,국내증권사,B,SF205,각주항목(09.06월 이후)
19377,202403,0010102,부국증권주식회사,B,투자자의 예수증권 등,4930793949248,국내증권사,B,SF205,각주항목(09.06월 이후)
19378,202403,0010102,부국증권주식회사,B1,투자자의 예수증권 등_예수 증권,4930793949248,국내증권사,B,SF205,각주항목(09.06월 이후)
19379,202403,0010102,부국증권주식회사,B2,투자자의 예수증권 등_예수양도성예금증서,0,국내증권사,B,SF205,각주항목(09.06월 이후)
19380,202403,0010102,부국증권주식회사,B3,투자자의 예수증권 등_기타,0,국내증권사,B,SF205,각주항목(09.06월 이후)
19381,202403,0010102,부국증권주식회사,C,파생상품계약,2090383014930,국내증권사,B,SF205,각주항목(09.06월 이후)
19382,202403,0010102,부국증권주식회사,C1,파생상품계약_장내파생상품,1539155114930,국내증권사,B,SF205,각주항목(09.06월 이후)
19383,202403,0010102,부국증권주식회사,C11,파생상품계약_장내파생상품_이자율관련거래,1520080290000,국내증권사,B,SF205,각주항목(09.06월 이후)
19384,202403,0010102,부국증권주식회사,C12,파생상품계약_장내파생상품_통화관련거래,2690600000,국내증권사,B,SF205,각주항목(09.06월 이후)
19385,202403,0010102,부국증권주식회사,C13,파생상품계약_장내파생상품_주식관련거래,16384224930,국내증권사,B,SF205,각주항목(09.06월 이후)
19386,202403,0010102,부국증권주식회사,C14,파생상품계약_장내파생상품_일반상품관련거래,0,국내증권사,B,SF205,각주항목(09.06월 이후)
19387,202403,0010102,부국증권주식회사,C15,파생상품계약_장내파생상품_기타,0,국내증권사,B,SF205,각주항목(09.06월 이후)
19388,202403,0010102,부국증권주식회사,C2,파생상품계약_장외파생상품,551227900000,국내증권사,B,SF205,각주항목(09.06월 이후)
19389,202403,0010102,부국증권주식회사,C21,파생상품계약_장외파생상품_이자율관련거래,551227900000,국내증권사,B,SF205,각주항목(09.06월 이후)
19390,202403,0010102,부국증권주식회사,C22,파생상품계약_장외파생상품_통화관련거래,0,국내증권사,B,SF205,각주항목(09.06월 이후)
19391,202403,0010102,부국증권주식회사,C23,파생상품계약_장외파생상품_주식관련거래,0,국내증권사,B,SF205,각주항목(09.06월 이후)
19392,202403,0010102,부국증권주식회사,C24,파생상품계약_장외파생상품_신용관련거래,0,국내증권사,B,SF205,각주항목(09.06월 이후)
19393,202403,0010102,부국증권주식회사,C25,파생상품계약_장외파생상품_기타,0,국내증권사,B,SF205,각주항목(09.06월 이후)
19394,202403,0010102,부국증권주식회사,D,대차 및 대주거래,378289608250,국내증권사,B,SF205,각주항목(09.06월 이후)
19395,202403,0010102,부국증권주식회사,D1,대차 및 대주거래_대여증권,43092244950,국내증권사,B,SF205,각주항목(09.06월 이후)
19396,202403,0010102,부국증권주식회사,D2,대차 및 대주거래_차입증권,335197363300,국내증권사,B,SF205,각주항목(09.06월 이후)
19397,202403,0010102,부국증권주식회사,D3,대차 및 대주거래_신용거래대주,0,국내증권사,B,SF205,각주항목(09.06월 이후)
19398,202403,0010102,부국증권주식회사,E,대손상각채권,0,국내증권사,B,SF205,각주항목(09.06월 이후)
19399,202403,0010102,부국증권주식회사,F,환전업무 예치금,0,국내증권사,B,SF205,각주항목(09.06월 이후)
19400,202403,0010102,부국증권주식회사,G,미배당별도예치금,0,국내증권사,B,SF205,각주항목(09.06월 이후)
19401,202403,0010102,부국증권주식회사,H,배서어음매출(종금계정),0,국내증권사,B,SF205,각주항목(09.06월 이후)
19402,202403,0010102,부국증권주식회사,H1,대출채권매매이익_담보부,0,국내증권사,B,SF205,각주항목(09.06월 이후)
19403,202403,0010102,부국증권주식회사,H2,대출채권매매이익_무담보부,0,국내증권사,B,SF205,각주항목(09.06월 이후)
19404,202406,0010102,부국증권주식회사,A,채무보증,924154000,국내증권사,B,SF205,각주항목(09.06월 이후)
19405,202406,0010102,부국증권주식회사,A1,채무보증_지급보증,0,국내증권사,B,SF205,각주항목(09.06월 이후)
19406,202406,0010102,부국증권주식회사,A2,채무보증_매입보장약정,0,국내증권사,B,SF205,각주항목(09.06월 이후)
19407,202406,0010102,부국증권주식회사,A3,채무보증_채무인수약정,0,국내증권사,B,SF205,각주항목(09.06월 이후)
19408,202406,0010102,부국증권주식회사,A5,채무보증_매입확약,0,국내증권사,B,SF205,각주항목(09.06월 이후)
19409,202406,0010102,부국증권주식회사,A6,채무보증_기타,924154000,국내증권사,B,SF205,각주항목(09.06월 이후)
19410,202406,0010102,부국증권주식회사,B,투자자의 예수증권 등,4221657032875,국내증권사,B,SF205,각주항목(09.06월 이후)
19411,202406,0010102,부국증권주식회사,B1,투자자의 예수증권 등_예수 증권,4221657032875,국내증권사,B,SF205,각주항목(09.06월 이후)
19412,202406,0010102,부국증권주식회사,B2,투자자의 예수증권 등_예수양도성예금증서,0,국내증권사,B,SF205,각주항목(09.06월 이후)
19413,202406,0010102,부국증권주식회사,B3,투자자의 예수증권 등_기타,0,국내증권사,B,SF205,각주항목(09.06월 이후)
19414,202406,0010102,부국증권주식회사,C,파생상품계약,1717604240500,국내증권사,B,SF205,각주항목(09.06월 이후)
19415,202406,0010102,부국증권주식회사,C1,파생상품계약_장내파생상품,1301714210500,국내증권사,B,SF205,각주항목(09.06월 이후)
19416,202406,0010102,부국증권주식회사,C11,파생상품계약_장내파생상품_이자율관련거래,1208953620000,국내증권사,B,SF205,각주항목(09.06월 이후)
19417,202406,0010102,부국증권주식회사,C12,파생상품계약_장내파생상품_통화관련거래,2639707000,국내증권사,B,SF205,각주항목(09.06월 이후)
19418,202406,0010102,부국증권주식회사,C13,파생상품계약_장내파생상품_주식관련거래,90120883500,국내증권사,B,SF205,각주항목(09.06월 이후)
19419,202406,0010102,부국증권주식회사,C14,파생상품계약_장내파생상품_일반상품관련거래,0,국내증권사,B,SF205,각주항목(09.06월 이후)
19420,202406,0010102,부국증권주식회사,C15,파생상품계약_장내파생상품_기타,0,국내증권사,B,SF205,각주항목(09.06월 이후)
19421,202406,0010102,부국증권주식회사,C2,파생상품계약_장외파생상품,415890030000,국내증권사,B,SF205,각주항목(09.06월 이후)
19422,202406,0010102,부국증권주식회사,C21,파생상품계약_장외파생상품_이자율관련거래,415890030000,국내증권사,B,SF205,각주항목(09.06월 이후)
19423,202406,0010102,부국증권주식회사,C22,파생상품계약_장외파생상품_통화관련거래,0,국내증권사,B,SF205,각주항목(09.06월 이후)
19424,202406,0010102,부국증권주식회사,C23,파생상품계약_장외파생상품_주식관련거래,0,국내증권사,B,SF205,각주항목(09.06월 이후)
19425,202406,0010102,부국증권주식회사,C24,파생상품계약_장외파생상품_신용관련거래,0,국내증권사,B,SF205,각주항목(09.06월 이후)
19426,202406,0010102,부국증권주식회사,C25,파생상품계약_장외파생상품_기타,0,국내증권사,B,SF205,각주항목(09.06월 이후)
19427,202406,0010102,부국증권주식회사,D,대차 및 대주거래,442067241620,국내증권사,B,SF205,각주항목(09.06월 이후)
19428,202406,0010102,부국증권주식회사,D1,대차 및 대주거래_대여증권,50633954530,국내증권사,B,SF205,각주항목(09.06월 이후)
19429,202406,0010102,부국증권주식회사,D2,대차 및 대주거래_차입증권,391433287090,국내증권사,B,SF205,각주항목(09.06월 이후)
19430,202406,0010102,부국증권주식회사,D3,대차 및 대주거래_신용거래대주,0,국내증권사,B,SF205,각주항목(09.06월 이후)
19431,202406,0010102,부국증권주식회사,E,대손상각채권,0,국내증권사,B,SF205,각주항목(09.06월 이후)
19432,202406,0010102,부국증권주식회사,F,환전업무 예치금,0,국내증권사,B,SF205,각주항목(09.06월 이후)
19433,202406,0010102,부국증권주식회사,G,미배당별도예치금,0,국내증권사,B,SF205,각주항목(09.06월 이후)
19434,202406,0010102,부국증권주식회사,H,배서어음매출(종금계정),0,국내증권사,B,SF205,각주항목(09.06월 이후)
19435,202406,0010102,부국증권주식회사,H1,대출채권매매이익_담보부,0,국내증권사,B,SF205,각주항목(09.06월 이후)
19436,202406,0010102,부국증권주식회사,H2,대출채권매매이익_무담보부,0,국내증권사,B,SF205,각주항목(09.06월 이후)
19437,202409,0010102,부국증권주식회사,A,채무보증,758114962,국내증권사,B,SF205,각주항목(09.06월 이후)
19438,202409,0010102,부국증권주식회사,A1,채무보증_지급보증,0,국내증권사,B,SF205,각주항목(09.06월 이후)
19439,202409,0010102,부국증권주식회사,A2,채무보증_매입보장약정,0,국내증권사,B,SF205,각주항목(09.06월 이후)
19440,202409,0010102,부국증권주식회사,A3,채무보증_채무인수약정,0,국내증권사,B,SF205,각주항목(09.06월 이후)
19441,202409,0010102,부국증권주식회사,A5,채무보증_매입확약,0,국내증권사,B,SF205,각주항목(09.06월 이후)
19442,202409,0010102,부국증권주식회사,A6,채무보증_기타,758114962,국내증권사,B,SF205,각주항목(09.06월 이후)
19443,202409,0010102,부국증권주식회사,B,투자자의 예수증권 등,3593084242012,국내증권사,B,SF205,각주항목(09.06월 이후)
19444,202409,0010102,부국증권주식회사,B1,투자자의 예수증권 등_예수 증권,3593084242012,국내증권사,B,SF205,각주항목(09.06월 이후)
19445,202409,0010102,부국증권주식회사,B2,투자자의 예수증권 등_예수양도성예금증서,0,국내증권사,B,SF205,각주항목(09.06월 이후)
19446,202409,0010102,부국증권주식회사,B3,투자자의 예수증권 등_기타,0,국내증권사,B,SF205,각주항목(09.06월 이후)
19447,202409,0010102,부국증권주식회사,C,파생상품계약,3086712895600,국내증권사,B,SF205,각주항목(09.06월 이후)
19448,202409,0010102,부국증권주식회사,C1,파생상품계약_장내파생상품,2568548795600,국내증권사,B,SF205,각주항목(09.06월 이후)
19449,202409,0010102,부국증권주식회사,C11,파생상품계약_장내파생상품_이자율관련거래,2541889000000,국내증권사,B,SF205,각주항목(09.06월 이후)
19450,202409,0010102,부국증권주식회사,C12,파생상품계약_장내파생상품_통화관련거래,2843516000,국내증권사,B,SF205,각주항목(09.06월 이후)
19451,202409,0010102,부국증권주식회사,C13,파생상품계약_장내파생상품_주식관련거래,23816279600,국내증권사,B,SF205,각주항목(09.06월 이후)
19452,202409,0010102,부국증권주식회사,C14,파생상품계약_장내파생상품_일반상품관련거래,0,국내증권사,B,SF205,각주항목(09.06월 이후)
19453,202409,0010102,부국증권주식회사,C15,파생상품계약_장내파생상품_기타,0,국내증권사,B,SF205,각주항목(09.06월 이후)
19454,202409,0010102,부국증권주식회사,C2,파생상품계약_장외파생상품,518164100000,국내증권사,B,SF205,각주항목(09.06월 이후)
19455,202409,0010102,부국증권주식회사,C21,파생상품계약_장외파생상품_이자율관련거래,518733180000,국내증권사,B,SF205,각주항목(09.06월 이후)
19456,202409,0010102,부국증권주식회사,C22,파생상품계약_장외파생상품_통화관련거래,0,국내증권사,B,SF205,각주항목(09.06월 이후)
19457,202409,0010102,부국증권주식회사,C23,파생상품계약_장외파생상품_주식관련거래,-569080000,국내증권사,B,SF205,각주항목(09.06월 이후)
19458,202409,0010102,부국증권주식회사,C24,파생상품계약_장외파생상품_신용관련거래,0,국내증권사,B,SF205,각주항목(09.06월 이후)
19459,202409,0010102,부국증권주식회사,C25,파생상품계약_장외파생상품_기타,0,국내증권사,B,SF205,각주항목(09.06월 이후)
19460,202409,0010102,부국증권주식회사,D,대차 및 대주거래,488955737138,국내증권사,B,SF205,각주항목(09.06월 이후)
19461,202409,0010102,부국증권주식회사,D1,대차 및 대주거래_대여증권,62401062400,국내증권사,B,SF205,각주항목(09.06월 이후)
19462,202409,0010102,부국증권주식회사,D2,대차 및 대주거래_차입증권,426554674738,국내증권사,B,SF205,각주항목(09.06월 이후)
19463,202409,0010102,부국증권주식회사,D3,대차 및 대주거래_신용거래대주,0,국내증권사,B,SF205,각주항목(09.06월 이후)
19464,202409,0010102,부국증권주식회사,E,대손상각채권,2114593168,국내증권사,B,SF205,각주항목(09.06월 이후)
19465,202409,0010102,부국증권주식회사,F,환전업무 예치금,0,국내증권사,B,SF205,각주항목(09.06월 이후)
19466,202409,0010102,부국증권주식회사,G,미배당별도예치금,0,국내증권사,B,SF205,각주항목(09.06월 이후)
19467,202409,0010102,부국증권주식회사,H,배서어음매출(종금계정),0,국내증권사,B,SF205,각주항목(09.06월 이후)
19468,202409,0010102,부국증권주식회사,H1,대출채권매매이익_담보부,0,국내증권사,B,SF205,각주항목(09.06월 이후)
19469,202409,0010102,부국증권주식회사,H2,대출채권매매이익_무담보부,0,국내증권사,B,SF205,각주항목(09.06월 이후)
19470,202412,0010102,부국증권주식회사,A,채무보증,344844962,국내증권사,B,SF205,각주항목(09.06월 이후)
19471,202412,0010102,부국증권주식회사,A1,채무보증_지급보증,0,국내증권사,B,SF205,각주항목(09.06월 이후)
19472,202412,0010102,부국증권주식회사,A2,채무보증_매입보장약정,0,국내증권사,B,SF205,각주항목(09.06월 이후)
19473,202412,0010102,부국증권주식회사,A3,채무보증_채무인수약정,0,국내증권사,B,SF205,각주항목(09.06월 이후)
19474,202412,0010102,부국증권주식회사,A5,채무보증_매입확약,0,국내증권사,B,SF205,각주항목(09.06월 이후)
19475,202412,0010102,부국증권주식회사,A6,채무보증_기타,344844962,국내증권사,B,SF205,각주항목(09.06월 이후)
19476,202412,0010102,부국증권주식회사,B,투자자의 예수증권 등,3467915078289,국내증권사,B,SF205,각주항목(09.06월 이후)
19477,202412,0010102,부국증권주식회사,B1,투자자의 예수증권 등_예수 증권,3467915078289,국내증권사,B,SF205,각주항목(09.06월 이후)
19478,202412,0010102,부국증권주식회사,B2,투자자의 예수증권 등_예수양도성예금증서,0,국내증권사,B,SF205,각주항목(09.06월 이후)
19479,202412,0010102,부국증권주식회사,B3,투자자의 예수증권 등_기타,0,국내증권사,B,SF205,각주항목(09.06월 이후)
19480,202412,0010102,부국증권주식회사,C,파생상품계약,1425143888500,국내증권사,B,SF205,각주항목(09.06월 이후)
19481,202412,0010102,부국증권주식회사,C1,파생상품계약_장내파생상품,1089076020500,국내증권사,B,SF205,각주항목(09.06월 이후)
19482,202412,0010102,부국증권주식회사,C11,파생상품계약_장내파생상품_이자율관련거래,900929810000,국내증권사,B,SF205,각주항목(09.06월 이후)
19483,202412,0010102,부국증권주식회사,C12,파생상품계약_장내파생상품_통화관련거래,2811252000,국내증권사,B,SF205,각주항목(09.06월 이후)
19484,202412,0010102,부국증권주식회사,C13,파생상품계약_장내파생상품_주식관련거래,185334958500,국내증권사,B,SF205,각주항목(09.06월 이후)
19485,202412,0010102,부국증권주식회사,C14,파생상품계약_장내파생상품_일반상품관련거래,0,국내증권사,B,SF205,각주항목(09.06월 이후)
19486,202412,0010102,부국증권주식회사,C15,파생상품계약_장내파생상품_기타,0,국내증권사,B,SF205,각주항목(09.06월 이후)
19487,202412,0010102,부국증권주식회사,C2,파생상품계약_장외파생상품,336067868000,국내증권사,B,SF205,각주항목(09.06월 이후)
19488,202412,0010102,부국증권주식회사,C21,파생상품계약_장외파생상품_이자율관련거래,331238000000,국내증권사,B,SF205,각주항목(09.06월 이후)
19489,202412,0010102,부국증권주식회사,C22,파생상품계약_장외파생상품_통화관련거래,0,국내증권사,B,SF205,각주항목(09.06월 이후)
19490,202412,0010102,부국증권주식회사,C23,파생상품계약_장외파생상품_주식관련거래,4829868000,국내증권사,B,SF205,각주항목(09.06월 이후)
19491,202412,0010102,부국증권주식회사,C24,파생상품계약_장외파생상품_신용관련거래,0,국내증권사,B,SF205,각주항목(09.06월 이후)
19492,202412,0010102,부국증권주식회사,C25,파생상품계약_장외파생상품_기타,0,국내증권사,B,SF205,각주항목(09.06월 이후)
19493,202412,0010102,부국증권주식회사,D,대차 및 대주거래,363131686650,국내증권사,B,SF205,각주항목(09.06월 이후)
19494,202412,0010102,부국증권주식회사,D1,대차 및 대주거래_대여증권,44511661180,국내증권사,B,SF205,각주항목(09.06월 이후)
19495,202412,0010102,부국증권주식회사,D2,대차 및 대주거래_차입증권,318620025470,국내증권사,B,SF205,각주항목(09.06월 이후)
19496,202412,0010102,부국증권주식회사,D3,대차 및 대주거래_신용거래대주,0,국내증권사,B,SF205,각주항목(09.06월 이후)
19497,202412,0010102,부국증권주식회사,E,대손상각채권,16481949393,국내증권사,B,SF205,각주항목(09.06월 이후)
19498,202412,0010102,부국증권주식회사,F,환전업무 예치금,0,국내증권사,B,SF205,각주항목(09.06월 이후)
19499,202412,0010102,부국증권주식회사,G,미배당별도예치금,0,국내증권사,B,SF205,각주항목(09.06월 이후)
19500,202412,0010102,부국증권주식회사,H,배서어음매출(종금계정),0,국내증권사,B,SF205,각주항목(09.06월 이후)
19501,202412,0010102,부국증권주식회사,H1,대출채권매매이익_담보부,0,국내증권사,B,SF205,각주항목(09.06월 이후)
19502,202412,0010102,부국증권주식회사,H2,대출채권매매이익_무담보부,0,국내증권사,B,SF205,각주항목(09.06월 이후)
19503,201703,0011221,비엔피파리바증권주식회사,A,채무보증,0,국내증권사,B,SF205,각주항목(09.06월 이후)
19504,201703,0011221,비엔피파리바증권주식회사,A1,채무보증_지급보증,0,국내증권사,B,SF205,각주항목(09.06월 이후)
19505,201703,0011221,비엔피파리바증권주식회사,A2,채무보증_매입보장약정,0,국내증권사,B,SF205,각주항목(09.06월 이후)
19506,201703,0011221,비엔피파리바증권주식회사,A3,채무보증_채무인수약정,0,국내증권사,B,SF205,각주항목(09.06월 이후)
19507,201703,0011221,비엔피파리바증권주식회사,A5,채무보증_매입확약,0,국내증권사,B,SF205,각주항목(09.06월 이후)
19508,201703,0011221,비엔피파리바증권주식회사,A6,채무보증_기타,0,국내증권사,B,SF205,각주항목(09.06월 이후)
19509,201703,0011221,비엔피파리바증권주식회사,B,투자자의 예수증권 등,0,국내증권사,B,SF205,각주항목(09.06월 이후)
19510,201703,0011221,비엔피파리바증권주식회사,B1,투자자의 예수증권 등_예수 증권,0,국내증권사,B,SF205,각주항목(09.06월 이후)
19511,201703,0011221,비엔피파리바증권주식회사,B2,투자자의 예수증권 등_예수양도성예금증서,0,국내증권사,B,SF205,각주항목(09.06월 이후)
19512,201703,0011221,비엔피파리바증권주식회사,B3,투자자의 예수증권 등_기타,0,국내증권사,B,SF205,각주항목(09.06월 이후)
19513,201703,0011221,비엔피파리바증권주식회사,C,파생상품계약,0,국내증권사,B,SF205,각주항목(09.06월 이후)
19514,201703,0011221,비엔피파리바증권주식회사,C1,파생상품계약_장내파생상품,0,국내증권사,B,SF205,각주항목(09.06월 이후)
19515,201703,0011221,비엔피파리바증권주식회사,C11,파생상품계약_장내파생상품_이자율관련거래,0,국내증권사,B,SF205,각주항목(09.06월 이후)
19516,201703,0011221,비엔피파리바증권주식회사,C12,파생상품계약_장내파생상품_통화관련거래,0,국내증권사,B,SF205,각주항목(09.06월 이후)
19517,201703,0011221,비엔피파리바증권주식회사,C13,파생상품계약_장내파생상품_주식관련거래,0,국내증권사,B,SF205,각주항목(09.06월 이후)
19518,201703,0011221,비엔피파리바증권주식회사,C14,파생상품계약_장내파생상품_일반상품관련거래,0,국내증권사,B,SF205,각주항목(09.06월 이후)
19519,201703,0011221,비엔피파리바증권주식회사,C15,파생상품계약_장내파생상품_기타,0,국내증권사,B,SF205,각주항목(09.06월 이후)
19520,201703,0011221,비엔피파리바증권주식회사,C2,파생상품계약_장외파생상품,0,국내증권사,B,SF205,각주항목(09.06월 이후)
19521,201703,0011221,비엔피파리바증권주식회사,C21,파생상품계약_장외파생상품_이자율관련거래,0,국내증권사,B,SF205,각주항목(09.06월 이후)
19522,201703,0011221,비엔피파리바증권주식회사,C22,파생상품계약_장외파생상품_통화관련거래,0,국내증권사,B,SF205,각주항목(09.06월 이후)
19523,201703,0011221,비엔피파리바증권주식회사,C23,파생상품계약_장외파생상품_주식관련거래,0,국내증권사,B,SF205,각주항목(09.06월 이후)
19524,201703,0011221,비엔피파리바증권주식회사,C24,파생상품계약_장외파생상품_신용관련거래,0,국내증권사,B,SF205,각주항목(09.06월 이후)
19525,201703,0011221,비엔피파리바증권주식회사,C25,파생상품계약_장외파생상품_기타,0,국내증권사,B,SF205,각주항목(09.06월 이후)
19526,201703,0011221,비엔피파리바증권주식회사,D,대차 및 대주거래,0,국내증권사,B,SF205,각주항목(09.06월 이후)
19527,201703,0011221,비엔피파리바증권주식회사,D1,대차 및 대주거래_대여증권,0,국내증권사,B,SF205,각주항목(09.06월 이후)
19528,201703,0011221,비엔피파리바증권주식회사,D2,대차 및 대주거래_차입증권,0,국내증권사,B,SF205,각주항목(09.06월 이후)
19529,201703,0011221,비엔피파리바증권주식회사,D3,대차 및 대주거래_신용거래대주,0,국내증권사,B,SF205,각주항목(09.06월 이후)
19530,201703,0011221,비엔피파리바증권주식회사,E,대손상각채권,0,국내증권사,B,SF205,각주항목(09.06월 이후)
19531,201703,0011221,비엔피파리바증권주식회사,F,환전업무 예치금,0,국내증권사,B,SF205,각주항목(09.06월 이후)
19532,201703,0011221,비엔피파리바증권주식회사,G,미배당별도예치금,0,국내증권사,B,SF205,각주항목(09.06월 이후)
19533,201703,0011221,비엔피파리바증권주식회사,H,배서어음매출(종금계정),0,국내증권사,B,SF205,각주항목(09.06월 이후)
19534,201703,0011221,비엔피파리바증권주식회사,H1,대출채권매매이익_담보부,0,국내증권사,B,SF205,각주항목(09.06월 이후)
19535,201703,0011221,비엔피파리바증권주식회사,H2,대출채권매매이익_무담보부,0,국내증권사,B,SF205,각주항목(09.06월 이후)
19536,201706,0011221,비엔피파리바증권주식회사,A,채무보증,0,국내증권사,B,SF205,각주항목(09.06월 이후)
19537,201706,0011221,비엔피파리바증권주식회사,A1,채무보증_지급보증,0,국내증권사,B,SF205,각주항목(09.06월 이후)
19538,201706,0011221,비엔피파리바증권주식회사,A2,채무보증_매입보장약정,0,국내증권사,B,SF205,각주항목(09.06월 이후)
19539,201706,0011221,비엔피파리바증권주식회사,A3,채무보증_채무인수약정,0,국내증권사,B,SF205,각주항목(09.06월 이후)
19540,201706,0011221,비엔피파리바증권주식회사,A5,채무보증_매입확약,0,국내증권사,B,SF205,각주항목(09.06월 이후)
19541,201706,0011221,비엔피파리바증권주식회사,A6,채무보증_기타,0,국내증권사,B,SF205,각주항목(09.06월 이후)
19542,201706,0011221,비엔피파리바증권주식회사,B,투자자의 예수증권 등,83420958800,국내증권사,B,SF205,각주항목(09.06월 이후)
19543,201706,0011221,비엔피파리바증권주식회사,B1,투자자의 예수증권 등_예수 증권,83420958800,국내증권사,B,SF205,각주항목(09.06월 이후)
19544,201706,0011221,비엔피파리바증권주식회사,B2,투자자의 예수증권 등_예수양도성예금증서,0,국내증권사,B,SF205,각주항목(09.06월 이후)
19545,201706,0011221,비엔피파리바증권주식회사,B3,투자자의 예수증권 등_기타,0,국내증권사,B,SF205,각주항목(09.06월 이후)
19546,201706,0011221,비엔피파리바증권주식회사,C,파생상품계약,0,국내증권사,B,SF205,각주항목(09.06월 이후)
19547,201706,0011221,비엔피파리바증권주식회사,C1,파생상품계약_장내파생상품,0,국내증권사,B,SF205,각주항목(09.06월 이후)
19548,201706,0011221,비엔피파리바증권주식회사,C11,파생상품계약_장내파생상품_이자율관련거래,0,국내증권사,B,SF205,각주항목(09.06월 이후)
19549,201706,0011221,비엔피파리바증권주식회사,C12,파생상품계약_장내파생상품_통화관련거래,0,국내증권사,B,SF205,각주항목(09.06월 이후)
19550,201706,0011221,비엔피파리바증권주식회사,C13,파생상품계약_장내파생상품_주식관련거래,0,국내증권사,B,SF205,각주항목(09.06월 이후)
19551,201706,0011221,비엔피파리바증권주식회사,C14,파생상품계약_장내파생상품_일반상품관련거래,0,국내증권사,B,SF205,각주항목(09.06월 이후)
19552,201706,0011221,비엔피파리바증권주식회사,C15,파생상품계약_장내파생상품_기타,0,국내증권사,B,SF205,각주항목(09.06월 이후)
19553,201706,0011221,비엔피파리바증권주식회사,C2,파생상품계약_장외파생상품,0,국내증권사,B,SF205,각주항목(09.06월 이후)
19554,201706,0011221,비엔피파리바증권주식회사,C21,파생상품계약_장외파생상품_이자율관련거래,0,국내증권사,B,SF205,각주항목(09.06월 이후)
19555,201706,0011221,비엔피파리바증권주식회사,C22,파생상품계약_장외파생상품_통화관련거래,0,국내증권사,B,SF205,각주항목(09.06월 이후)
19556,201706,0011221,비엔피파리바증권주식회사,C23,파생상품계약_장외파생상품_주식관련거래,0,국내증권사,B,SF205,각주항목(09.06월 이후)
19557,201706,0011221,비엔피파리바증권주식회사,C24,파생상품계약_장외파생상품_신용관련거래,0,국내증권사,B,SF205,각주항목(09.06월 이후)
19558,201706,0011221,비엔피파리바증권주식회사,C25,파생상품계약_장외파생상품_기타,0,국내증권사,B,SF205,각주항목(09.06월 이후)
19559,201706,0011221,비엔피파리바증권주식회사,D,대차 및 대주거래,0,국내증권사,B,SF205,각주항목(09.06월 이후)
19560,201706,0011221,비엔피파리바증권주식회사,D1,대차 및 대주거래_대여증권,0,국내증권사,B,SF205,각주항목(09.06월 이후)
19561,201706,0011221,비엔피파리바증권주식회사,D2,대차 및 대주거래_차입증권,0,국내증권사,B,SF205,각주항목(09.06월 이후)
19562,201706,0011221,비엔피파리바증권주식회사,D3,대차 및 대주거래_신용거래대주,0,국내증권사,B,SF205,각주항목(09.06월 이후)
19563,201706,0011221,비엔피파리바증권주식회사,E,대손상각채권,0,국내증권사,B,SF205,각주항목(09.06월 이후)
19564,201706,0011221,비엔피파리바증권주식회사,F,환전업무 예치금,0,국내증권사,B,SF205,각주항목(09.06월 이후)
19565,201706,0011221,비엔피파리바증권주식회사,G,미배당별도예치금,0,국내증권사,B,SF205,각주항목(09.06월 이후)
19566,201706,0011221,비엔피파리바증권주식회사,H,배서어음매출(종금계정),0,국내증권사,B,SF205,각주항목(09.06월 이후)
19567,201706,0011221,비엔피파리바증권주식회사,H1,대출채권매매이익_담보부,0,국내증권사,B,SF205,각주항목(09.06월 이후)
19568,201706,0011221,비엔피파리바증권주식회사,H2,대출채권매매이익_무담보부,0,국내증권사,B,SF205,각주항목(09.06월 이후)
19569,201709,0011221,비엔피파리바증권주식회사,A,채무보증,0,국내증권사,B,SF205,각주항목(09.06월 이후)
19570,201709,0011221,비엔피파리바증권주식회사,A1,채무보증_지급보증,0,국내증권사,B,SF205,각주항목(09.06월 이후)
19571,201709,0011221,비엔피파리바증권주식회사,A2,채무보증_매입보장약정,0,국내증권사,B,SF205,각주항목(09.06월 이후)
19572,201709,0011221,비엔피파리바증권주식회사,A3,채무보증_채무인수약정,0,국내증권사,B,SF205,각주항목(09.06월 이후)
19573,201709,0011221,비엔피파리바증권주식회사,A5,채무보증_매입확약,0,국내증권사,B,SF205,각주항목(09.06월 이후)
19574,201709,0011221,비엔피파리바증권주식회사,A6,채무보증_기타,0,국내증권사,B,SF205,각주항목(09.06월 이후)
19575,201709,0011221,비엔피파리바증권주식회사,B,투자자의 예수증권 등,85117710650,국내증권사,B,SF205,각주항목(09.06월 이후)
19576,201709,0011221,비엔피파리바증권주식회사,B1,투자자의 예수증권 등_예수 증권,85117710650,국내증권사,B,SF205,각주항목(09.06월 이후)
19577,201709,0011221,비엔피파리바증권주식회사,B2,투자자의 예수증권 등_예수양도성예금증서,0,국내증권사,B,SF205,각주항목(09.06월 이후)
19578,201709,0011221,비엔피파리바증권주식회사,B3,투자자의 예수증권 등_기타,0,국내증권사,B,SF205,각주항목(09.06월 이후)
19579,201709,0011221,비엔피파리바증권주식회사,C,파생상품계약,0,국내증권사,B,SF205,각주항목(09.06월 이후)
19580,201709,0011221,비엔피파리바증권주식회사,C1,파생상품계약_장내파생상품,0,국내증권사,B,SF205,각주항목(09.06월 이후)
19581,201709,0011221,비엔피파리바증권주식회사,C11,파생상품계약_장내파생상품_이자율관련거래,0,국내증권사,B,SF205,각주항목(09.06월 이후)
19582,201709,0011221,비엔피파리바증권주식회사,C12,파생상품계약_장내파생상품_통화관련거래,0,국내증권사,B,SF205,각주항목(09.06월 이후)
19583,201709,0011221,비엔피파리바증권주식회사,C13,파생상품계약_장내파생상품_주식관련거래,0,국내증권사,B,SF205,각주항목(09.06월 이후)
19584,201709,0011221,비엔피파리바증권주식회사,C14,파생상품계약_장내파생상품_일반상품관련거래,0,국내증권사,B,SF205,각주항목(09.06월 이후)
19585,201709,0011221,비엔피파리바증권주식회사,C15,파생상품계약_장내파생상품_기타,0,국내증권사,B,SF205,각주항목(09.06월 이후)
19586,201709,0011221,비엔피파리바증권주식회사,C2,파생상품계약_장외파생상품,0,국내증권사,B,SF205,각주항목(09.06월 이후)
19587,201709,0011221,비엔피파리바증권주식회사,C21,파생상품계약_장외파생상품_이자율관련거래,0,국내증권사,B,SF205,각주항목(09.06월 이후)
19588,201709,0011221,비엔피파리바증권주식회사,C22,파생상품계약_장외파생상품_통화관련거래,0,국내증권사,B,SF205,각주항목(09.06월 이후)
19589,201709,0011221,비엔피파리바증권주식회사,C23,파생상품계약_장외파생상품_주식관련거래,0,국내증권사,B,SF205,각주항목(09.06월 이후)
19590,201709,0011221,비엔피파리바증권주식회사,C24,파생상품계약_장외파생상품_신용관련거래,0,국내증권사,B,SF205,각주항목(09.06월 이후)
19591,201709,0011221,비엔피파리바증권주식회사,C25,파생상품계약_장외파생상품_기타,0,국내증권사,B,SF205,각주항목(09.06월 이후)
19592,201709,0011221,비엔피파리바증권주식회사,D,대차 및 대주거래,0,국내증권사,B,SF205,각주항목(09.06월 이후)
19593,201709,0011221,비엔피파리바증권주식회사,D1,대차 및 대주거래_대여증권,0,국내증권사,B,SF205,각주항목(09.06월 이후)
19594,201709,0011221,비엔피파리바증권주식회사,D2,대차 및 대주거래_차입증권,0,국내증권사,B,SF205,각주항목(09.06월 이후)
19595,201709,0011221,비엔피파리바증권주식회사,D3,대차 및 대주거래_신용거래대주,0,국내증권사,B,SF205,각주항목(09.06월 이후)
19596,201709,0011221,비엔피파리바증권주식회사,E,대손상각채권,0,국내증권사,B,SF205,각주항목(09.06월 이후)
19597,201709,0011221,비엔피파리바증권주식회사,F,환전업무 예치금,0,국내증권사,B,SF205,각주항목(09.06월 이후)
19598,201709,0011221,비엔피파리바증권주식회사,G,미배당별도예치금,0,국내증권사,B,SF205,각주항목(09.06월 이후)
19599,201709,0011221,비엔피파리바증권주식회사,H,배서어음매출(종금계정),0,국내증권사,B,SF205,각주항목(09.06월 이후)
19600,201709,0011221,비엔피파리바증권주식회사,H1,대출채권매매이익_담보부,0,국내증권사,B,SF205,각주항목(09.06월 이후)
19601,201709,0011221,비엔피파리바증권주식회사,H2,대출채권매매이익_무담보부,0,국내증권사,B,SF205,각주항목(09.06월 이후)
19602,201712,0011221,비엔피파리바증권주식회사,A,채무보증,0,국내증권사,B,SF205,각주항목(09.06월 이후)
19603,201712,0011221,비엔피파리바증권주식회사,A1,채무보증_지급보증,0,국내증권사,B,SF205,각주항목(09.06월 이후)
19604,201712,0011221,비엔피파리바증권주식회사,A2,채무보증_매입보장약정,0,국내증권사,B,SF205,각주항목(09.06월 이후)
19605,201712,0011221,비엔피파리바증권주식회사,A3,채무보증_채무인수약정,0,국내증권사,B,SF205,각주항목(09.06월 이후)
19606,201712,0011221,비엔피파리바증권주식회사,A5,채무보증_매입확약,0,국내증권사,B,SF205,각주항목(09.06월 이후)
19607,201712,0011221,비엔피파리바증권주식회사,A6,채무보증_기타,0,국내증권사,B,SF205,각주항목(09.06월 이후)
19608,201712,0011221,비엔피파리바증권주식회사,B,투자자의 예수증권 등,83604043400,국내증권사,B,SF205,각주항목(09.06월 이후)
19609,201712,0011221,비엔피파리바증권주식회사,B1,투자자의 예수증권 등_예수 증권,83604043400,국내증권사,B,SF205,각주항목(09.06월 이후)
19610,201712,0011221,비엔피파리바증권주식회사,B2,투자자의 예수증권 등_예수양도성예금증서,0,국내증권사,B,SF205,각주항목(09.06월 이후)
19611,201712,0011221,비엔피파리바증권주식회사,B3,투자자의 예수증권 등_기타,0,국내증권사,B,SF205,각주항목(09.06월 이후)
19612,201712,0011221,비엔피파리바증권주식회사,C,파생상품계약,0,국내증권사,B,SF205,각주항목(09.06월 이후)
19613,201712,0011221,비엔피파리바증권주식회사,C1,파생상품계약_장내파생상품,0,국내증권사,B,SF205,각주항목(09.06월 이후)
19614,201712,0011221,비엔피파리바증권주식회사,C11,파생상품계약_장내파생상품_이자율관련거래,0,국내증권사,B,SF205,각주항목(09.06월 이후)
19615,201712,0011221,비엔피파리바증권주식회사,C12,파생상품계약_장내파생상품_통화관련거래,0,국내증권사,B,SF205,각주항목(09.06월 이후)
19616,201712,0011221,비엔피파리바증권주식회사,C13,파생상품계약_장내파생상품_주식관련거래,0,국내증권사,B,SF205,각주항목(09.06월 이후)
19617,201712,0011221,비엔피파리바증권주식회사,C14,파생상품계약_장내파생상품_일반상품관련거래,0,국내증권사,B,SF205,각주항목(09.06월 이후)
19618,201712,0011221,비엔피파리바증권주식회사,C15,파생상품계약_장내파생상품_기타,0,국내증권사,B,SF205,각주항목(09.06월 이후)
19619,201712,0011221,비엔피파리바증권주식회사,C2,파생상품계약_장외파생상품,0,국내증권사,B,SF205,각주항목(09.06월 이후)
19620,201712,0011221,비엔피파리바증권주식회사,C21,파생상품계약_장외파생상품_이자율관련거래,0,국내증권사,B,SF205,각주항목(09.06월 이후)
19621,201712,0011221,비엔피파리바증권주식회사,C22,파생상품계약_장외파생상품_통화관련거래,0,국내증권사,B,SF205,각주항목(09.06월 이후)
19622,201712,0011221,비엔피파리바증권주식회사,C23,파생상품계약_장외파생상품_주식관련거래,0,국내증권사,B,SF205,각주항목(09.06월 이후)
19623,201712,0011221,비엔피파리바증권주식회사,C24,파생상품계약_장외파생상품_신용관련거래,0,국내증권사,B,SF205,각주항목(09.06월 이후)
19624,201712,0011221,비엔피파리바증권주식회사,C25,파생상품계약_장외파생상품_기타,0,국내증권사,B,SF205,각주항목(09.06월 이후)
19625,201712,0011221,비엔피파리바증권주식회사,D,대차 및 대주거래,0,국내증권사,B,SF205,각주항목(09.06월 이후)
19626,201712,0011221,비엔피파리바증권주식회사,D1,대차 및 대주거래_대여증권,0,국내증권사,B,SF205,각주항목(09.06월 이후)
19627,201712,0011221,비엔피파리바증권주식회사,D2,대차 및 대주거래_차입증권,0,국내증권사,B,SF205,각주항목(09.06월 이후)
19628,201712,0011221,비엔피파리바증권주식회사,D3,대차 및 대주거래_신용거래대주,0,국내증권사,B,SF205,각주항목(09.06월 이후)
19629,201712,0011221,비엔피파리바증권주식회사,E,대손상각채권,0,국내증권사,B,SF205,각주항목(09.06월 이후)
19630,201712,0011221,비엔피파리바증권주식회사,F,환전업무 예치금,0,국내증권사,B,SF205,각주항목(09.06월 이후)
19631,201712,0011221,비엔피파리바증권주식회사,G,미배당별도예치금,0,국내증권사,B,SF205,각주항목(09.06월 이후)
19632,201712,0011221,비엔피파리바증권주식회사,H,배서어음매출(종금계정),0,국내증권사,B,SF205,각주항목(09.06월 이후)
19633,201712,0011221,비엔피파리바증권주식회사,H1,대출채권매매이익_담보부,0,국내증권사,B,SF205,각주항목(09.06월 이후)
19634,201712,0011221,비엔피파리바증권주식회사,H2,대출채권매매이익_무담보부,0,국내증권사,B,SF205,각주항목(09.06월 이후)
19635,201803,0011221,비엔피파리바증권주식회사,A,채무보증,0,국내증권사,B,SF205,각주항목(09.06월 이후)
19636,201803,0011221,비엔피파리바증권주식회사,A1,채무보증_지급보증,0,국내증권사,B,SF205,각주항목(09.06월 이후)
19637,201803,0011221,비엔피파리바증권주식회사,A2,채무보증_매입보장약정,0,국내증권사,B,SF205,각주항목(09.06월 이후)
19638,201803,0011221,비엔피파리바증권주식회사,A3,채무보증_채무인수약정,0,국내증권사,B,SF205,각주항목(09.06월 이후)
19639,201803,0011221,비엔피파리바증권주식회사,A5,채무보증_매입확약,0,국내증권사,B,SF205,각주항목(09.06월 이후)
19640,201803,0011221,비엔피파리바증권주식회사,A6,채무보증_기타,0,국내증권사,B,SF205,각주항목(09.06월 이후)
19641,201803,0011221,비엔피파리바증권주식회사,B,투자자의 예수증권 등,102999989400,국내증권사,B,SF205,각주항목(09.06월 이후)
19642,201803,0011221,비엔피파리바증권주식회사,B1,투자자의 예수증권 등_예수 증권,102999989400,국내증권사,B,SF205,각주항목(09.06월 이후)
19643,201803,0011221,비엔피파리바증권주식회사,B2,투자자의 예수증권 등_예수양도성예금증서,0,국내증권사,B,SF205,각주항목(09.06월 이후)
19644,201803,0011221,비엔피파리바증권주식회사,B3,투자자의 예수증권 등_기타,0,국내증권사,B,SF205,각주항목(09.06월 이후)
19645,201803,0011221,비엔피파리바증권주식회사,C,파생상품계약,0,국내증권사,B,SF205,각주항목(09.06월 이후)
19646,201803,0011221,비엔피파리바증권주식회사,C1,파생상품계약_장내파생상품,0,국내증권사,B,SF205,각주항목(09.06월 이후)
19647,201803,0011221,비엔피파리바증권주식회사,C11,파생상품계약_장내파생상품_이자율관련거래,0,국내증권사,B,SF205,각주항목(09.06월 이후)
19648,201803,0011221,비엔피파리바증권주식회사,C12,파생상품계약_장내파생상품_통화관련거래,0,국내증권사,B,SF205,각주항목(09.06월 이후)
19649,201803,0011221,비엔피파리바증권주식회사,C13,파생상품계약_장내파생상품_주식관련거래,0,국내증권사,B,SF205,각주항목(09.06월 이후)
19650,201803,0011221,비엔피파리바증권주식회사,C14,파생상품계약_장내파생상품_일반상품관련거래,0,국내증권사,B,SF205,각주항목(09.06월 이후)
19651,201803,0011221,비엔피파리바증권주식회사,C15,파생상품계약_장내파생상품_기타,0,국내증권사,B,SF205,각주항목(09.06월 이후)
19652,201803,0011221,비엔피파리바증권주식회사,C2,파생상품계약_장외파생상품,0,국내증권사,B,SF205,각주항목(09.06월 이후)
19653,201803,0011221,비엔피파리바증권주식회사,C21,파생상품계약_장외파생상품_이자율관련거래,0,국내증권사,B,SF205,각주항목(09.06월 이후)
19654,201803,0011221,비엔피파리바증권주식회사,C22,파생상품계약_장외파생상품_통화관련거래,0,국내증권사,B,SF205,각주항목(09.06월 이후)
19655,201803,0011221,비엔피파리바증권주식회사,C23,파생상품계약_장외파생상품_주식관련거래,0,국내증권사,B,SF205,각주항목(09.06월 이후)
19656,201803,0011221,비엔피파리바증권주식회사,C24,파생상품계약_장외파생상품_신용관련거래,0,국내증권사,B,SF205,각주항목(09.06월 이후)
19657,201803,0011221,비엔피파리바증권주식회사,C25,파생상품계약_장외파생상품_기타,0,국내증권사,B,SF205,각주항목(09.06월 이후)
19658,201803,0011221,비엔피파리바증권주식회사,D,대차 및 대주거래,0,국내증권사,B,SF205,각주항목(09.06월 이후)
19659,201803,0011221,비엔피파리바증권주식회사,D1,대차 및 대주거래_대여증권,0,국내증권사,B,SF205,각주항목(09.06월 이후)
19660,201803,0011221,비엔피파리바증권주식회사,D2,대차 및 대주거래_차입증권,0,국내증권사,B,SF205,각주항목(09.06월 이후)
19661,201803,0011221,비엔피파리바증권주식회사,D3,대차 및 대주거래_신용거래대주,0,국내증권사,B,SF205,각주항목(09.06월 이후)
19662,201803,0011221,비엔피파리바증권주식회사,E,대손상각채권,0,국내증권사,B,SF205,각주항목(09.06월 이후)
19663,201803,0011221,비엔피파리바증권주식회사,F,환전업무 예치금,0,국내증권사,B,SF205,각주항목(09.06월 이후)
19664,201803,0011221,비엔피파리바증권주식회사,G,미배당별도예치금,0,국내증권사,B,SF205,각주항목(09.06월 이후)
19665,201803,0011221,비엔피파리바증권주식회사,H,배서어음매출(종금계정),0,국내증권사,B,SF205,각주항목(09.06월 이후)
19666,201803,0011221,비엔피파리바증권주식회사,H1,대출채권매매이익_담보부,0,국내증권사,B,SF205,각주항목(09.06월 이후)
19667,201803,0011221,비엔피파리바증권주식회사,H2,대출채권매매이익_무담보부,0,국내증권사,B,SF205,각주항목(09.06월 이후)
19668,201806,0011221,비엔피파리바증권주식회사,A,채무보증,0,국내증권사,B,SF205,각주항목(09.06월 이후)
19669,201806,0011221,비엔피파리바증권주식회사,A1,채무보증_지급보증,0,국내증권사,B,SF205,각주항목(09.06월 이후)
19670,201806,0011221,비엔피파리바증권주식회사,A2,채무보증_매입보장약정,0,국내증권사,B,SF205,각주항목(09.06월 이후)
19671,201806,0011221,비엔피파리바증권주식회사,A3,채무보증_채무인수약정,0,국내증권사,B,SF205,각주항목(09.06월 이후)
19672,201806,0011221,비엔피파리바증권주식회사,A5,채무보증_매입확약,0,국내증권사,B,SF205,각주항목(09.06월 이후)
19673,201806,0011221,비엔피파리바증권주식회사,A6,채무보증_기타,0,국내증권사,B,SF205,각주항목(09.06월 이후)
19674,201806,0011221,비엔피파리바증권주식회사,B,투자자의 예수증권 등,94559072000,국내증권사,B,SF205,각주항목(09.06월 이후)
19675,201806,0011221,비엔피파리바증권주식회사,B1,투자자의 예수증권 등_예수 증권,94559072000,국내증권사,B,SF205,각주항목(09.06월 이후)
19676,201806,0011221,비엔피파리바증권주식회사,B2,투자자의 예수증권 등_예수양도성예금증서,0,국내증권사,B,SF205,각주항목(09.06월 이후)
19677,201806,0011221,비엔피파리바증권주식회사,B3,투자자의 예수증권 등_기타,0,국내증권사,B,SF205,각주항목(09.06월 이후)
19678,201806,0011221,비엔피파리바증권주식회사,C,파생상품계약,0,국내증권사,B,SF205,각주항목(09.06월 이후)
19679,201806,0011221,비엔피파리바증권주식회사,C1,파생상품계약_장내파생상품,0,국내증권사,B,SF205,각주항목(09.06월 이후)
19680,201806,0011221,비엔피파리바증권주식회사,C11,파생상품계약_장내파생상품_이자율관련거래,0,국내증권사,B,SF205,각주항목(09.06월 이후)
19681,201806,0011221,비엔피파리바증권주식회사,C12,파생상품계약_장내파생상품_통화관련거래,0,국내증권사,B,SF205,각주항목(09.06월 이후)
19682,201806,0011221,비엔피파리바증권주식회사,C13,파생상품계약_장내파생상품_주식관련거래,0,국내증권사,B,SF205,각주항목(09.06월 이후)
19683,201806,0011221,비엔피파리바증권주식회사,C14,파생상품계약_장내파생상품_일반상품관련거래,0,국내증권사,B,SF205,각주항목(09.06월 이후)
19684,201806,0011221,비엔피파리바증권주식회사,C15,파생상품계약_장내파생상품_기타,0,국내증권사,B,SF205,각주항목(09.06월 이후)
19685,201806,0011221,비엔피파리바증권주식회사,C2,파생상품계약_장외파생상품,0,국내증권사,B,SF205,각주항목(09.06월 이후)
19686,201806,0011221,비엔피파리바증권주식회사,C21,파생상품계약_장외파생상품_이자율관련거래,0,국내증권사,B,SF205,각주항목(09.06월 이후)
19687,201806,0011221,비엔피파리바증권주식회사,C22,파생상품계약_장외파생상품_통화관련거래,0,국내증권사,B,SF205,각주항목(09.06월 이후)
19688,201806,0011221,비엔피파리바증권주식회사,C23,파생상품계약_장외파생상품_주식관련거래,0,국내증권사,B,SF205,각주항목(09.06월 이후)
19689,201806,0011221,비엔피파리바증권주식회사,C24,파생상품계약_장외파생상품_신용관련거래,0,국내증권사,B,SF205,각주항목(09.06월 이후)
19690,201806,0011221,비엔피파리바증권주식회사,C25,파생상품계약_장외파생상품_기타,0,국내증권사,B,SF205,각주항목(09.06월 이후)
19691,201806,0011221,비엔피파리바증권주식회사,D,대차 및 대주거래,0,국내증권사,B,SF205,각주항목(09.06월 이후)
19692,201806,0011221,비엔피파리바증권주식회사,D1,대차 및 대주거래_대여증권,0,국내증권사,B,SF205,각주항목(09.06월 이후)
19693,201806,0011221,비엔피파리바증권주식회사,D2,대차 및 대주거래_차입증권,0,국내증권사,B,SF205,각주항목(09.06월 이후)
19694,201806,0011221,비엔피파리바증권주식회사,D3,대차 및 대주거래_신용거래대주,0,국내증권사,B,SF205,각주항목(09.06월 이후)
19695,201806,0011221,비엔피파리바증권주식회사,E,대손상각채권,0,국내증권사,B,SF205,각주항목(09.06월 이후)
19696,201806,0011221,비엔피파리바증권주식회사,F,환전업무 예치금,0,국내증권사,B,SF205,각주항목(09.06월 이후)
19697,201806,0011221,비엔피파리바증권주식회사,G,미배당별도예치금,0,국내증권사,B,SF205,각주항목(09.06월 이후)
19698,201806,0011221,비엔피파리바증권주식회사,H,배서어음매출(종금계정),0,국내증권사,B,SF205,각주항목(09.06월 이후)
19699,201806,0011221,비엔피파리바증권주식회사,H1,대출채권매매이익_담보부,0,국내증권사,B,SF205,각주항목(09.06월 이후)
19700,201806,0011221,비엔피파리바증권주식회사,H2,대출채권매매이익_무담보부,0,국내증권사,B,SF205,각주항목(09.06월 이후)
19701,201809,0011221,비엔피파리바증권주식회사,A,채무보증,0,국내증권사,B,SF205,각주항목(09.06월 이후)
19702,201809,0011221,비엔피파리바증권주식회사,A1,채무보증_지급보증,0,국내증권사,B,SF205,각주항목(09.06월 이후)
19703,201809,0011221,비엔피파리바증권주식회사,A2,채무보증_매입보장약정,0,국내증권사,B,SF205,각주항목(09.06월 이후)
19704,201809,0011221,비엔피파리바증권주식회사,A3,채무보증_채무인수약정,0,국내증권사,B,SF205,각주항목(09.06월 이후)
19705,201809,0011221,비엔피파리바증권주식회사,A5,채무보증_매입확약,0,국내증권사,B,SF205,각주항목(09.06월 이후)
19706,201809,0011221,비엔피파리바증권주식회사,A6,채무보증_기타,0,국내증권사,B,SF205,각주항목(09.06월 이후)
19707,201809,0011221,비엔피파리바증권주식회사,B,투자자의 예수증권 등,119380828400,국내증권사,B,SF205,각주항목(09.06월 이후)
19708,201809,0011221,비엔피파리바증권주식회사,B1,투자자의 예수증권 등_예수 증권,119380828400,국내증권사,B,SF205,각주항목(09.06월 이후)
19709,201809,0011221,비엔피파리바증권주식회사,B2,투자자의 예수증권 등_예수양도성예금증서,0,국내증권사,B,SF205,각주항목(09.06월 이후)
19710,201809,0011221,비엔피파리바증권주식회사,B3,투자자의 예수증권 등_기타,0,국내증권사,B,SF205,각주항목(09.06월 이후)
19711,201809,0011221,비엔피파리바증권주식회사,C,파생상품계약,0,국내증권사,B,SF205,각주항목(09.06월 이후)
19712,201809,0011221,비엔피파리바증권주식회사,C1,파생상품계약_장내파생상품,0,국내증권사,B,SF205,각주항목(09.06월 이후)
19713,201809,0011221,비엔피파리바증권주식회사,C11,파생상품계약_장내파생상품_이자율관련거래,0,국내증권사,B,SF205,각주항목(09.06월 이후)
19714,201809,0011221,비엔피파리바증권주식회사,C12,파생상품계약_장내파생상품_통화관련거래,0,국내증권사,B,SF205,각주항목(09.06월 이후)
19715,201809,0011221,비엔피파리바증권주식회사,C13,파생상품계약_장내파생상품_주식관련거래,0,국내증권사,B,SF205,각주항목(09.06월 이후)
19716,201809,0011221,비엔피파리바증권주식회사,C14,파생상품계약_장내파생상품_일반상품관련거래,0,국내증권사,B,SF205,각주항목(09.06월 이후)
19717,201809,0011221,비엔피파리바증권주식회사,C15,파생상품계약_장내파생상품_기타,0,국내증권사,B,SF205,각주항목(09.06월 이후)
19718,201809,0011221,비엔피파리바증권주식회사,C2,파생상품계약_장외파생상품,0,국내증권사,B,SF205,각주항목(09.06월 이후)
19719,201809,0011221,비엔피파리바증권주식회사,C21,파생상품계약_장외파생상품_이자율관련거래,0,국내증권사,B,SF205,각주항목(09.06월 이후)
19720,201809,0011221,비엔피파리바증권주식회사,C22,파생상품계약_장외파생상품_통화관련거래,0,국내증권사,B,SF205,각주항목(09.06월 이후)
19721,201809,0011221,비엔피파리바증권주식회사,C23,파생상품계약_장외파생상품_주식관련거래,0,국내증권사,B,SF205,각주항목(09.06월 이후)
19722,201809,0011221,비엔피파리바증권주식회사,C24,파생상품계약_장외파생상품_신용관련거래,0,국내증권사,B,SF205,각주항목(09.06월 이후)
19723,201809,0011221,비엔피파리바증권주식회사,C25,파생상품계약_장외파생상품_기타,0,국내증권사,B,SF205,각주항목(09.06월 이후)
19724,201809,0011221,비엔피파리바증권주식회사,D,대차 및 대주거래,0,국내증권사,B,SF205,각주항목(09.06월 이후)
19725,201809,0011221,비엔피파리바증권주식회사,D1,대차 및 대주거래_대여증권,0,국내증권사,B,SF205,각주항목(09.06월 이후)
19726,201809,0011221,비엔피파리바증권주식회사,D2,대차 및 대주거래_차입증권,0,국내증권사,B,SF205,각주항목(09.06월 이후)
19727,201809,0011221,비엔피파리바증권주식회사,D3,대차 및 대주거래_신용거래대주,0,국내증권사,B,SF205,각주항목(09.06월 이후)
19728,201809,0011221,비엔피파리바증권주식회사,E,대손상각채권,0,국내증권사,B,SF205,각주항목(09.06월 이후)
19729,201809,0011221,비엔피파리바증권주식회사,F,환전업무 예치금,0,국내증권사,B,SF205,각주항목(09.06월 이후)
19730,201809,0011221,비엔피파리바증권주식회사,G,미배당별도예치금,0,국내증권사,B,SF205,각주항목(09.06월 이후)
19731,201809,0011221,비엔피파리바증권주식회사,H,배서어음매출(종금계정),0,국내증권사,B,SF205,각주항목(09.06월 이후)
19732,201809,0011221,비엔피파리바증권주식회사,H1,대출채권매매이익_담보부,0,국내증권사,B,SF205,각주항목(09.06월 이후)
19733,201809,0011221,비엔피파리바증권주식회사,H2,대출채권매매이익_무담보부,0,국내증권사,B,SF205,각주항목(09.06월 이후)
19734,201812,0011221,비엔피파리바증권주식회사,A,채무보증,0,국내증권사,B,SF205,각주항목(09.06월 이후)
19735,201812,0011221,비엔피파리바증권주식회사,A1,채무보증_지급보증,0,국내증권사,B,SF205,각주항목(09.06월 이후)
19736,201812,0011221,비엔피파리바증권주식회사,A2,채무보증_매입보장약정,0,국내증권사,B,SF205,각주항목(09.06월 이후)
19737,201812,0011221,비엔피파리바증권주식회사,A3,채무보증_채무인수약정,0,국내증권사,B,SF205,각주항목(09.06월 이후)
19738,201812,0011221,비엔피파리바증권주식회사,A5,채무보증_매입확약,0,국내증권사,B,SF205,각주항목(09.06월 이후)
19739,201812,0011221,비엔피파리바증권주식회사,A6,채무보증_기타,0,국내증권사,B,SF205,각주항목(09.06월 이후)
19740,201812,0011221,비엔피파리바증권주식회사,B,투자자의 예수증권 등,0,국내증권사,B,SF205,각주항목(09.06월 이후)
19741,201812,0011221,비엔피파리바증권주식회사,B1,투자자의 예수증권 등_예수 증권,0,국내증권사,B,SF205,각주항목(09.06월 이후)
19742,201812,0011221,비엔피파리바증권주식회사,B2,투자자의 예수증권 등_예수양도성예금증서,0,국내증권사,B,SF205,각주항목(09.06월 이후)
19743,201812,0011221,비엔피파리바증권주식회사,B3,투자자의 예수증권 등_기타,0,국내증권사,B,SF205,각주항목(09.06월 이후)
19744,201812,0011221,비엔피파리바증권주식회사,C,파생상품계약,0,국내증권사,B,SF205,각주항목(09.06월 이후)
19745,201812,0011221,비엔피파리바증권주식회사,C1,파생상품계약_장내파생상품,0,국내증권사,B,SF205,각주항목(09.06월 이후)
19746,201812,0011221,비엔피파리바증권주식회사,C11,파생상품계약_장내파생상품_이자율관련거래,0,국내증권사,B,SF205,각주항목(09.06월 이후)
19747,201812,0011221,비엔피파리바증권주식회사,C12,파생상품계약_장내파생상품_통화관련거래,0,국내증권사,B,SF205,각주항목(09.06월 이후)
19748,201812,0011221,비엔피파리바증권주식회사,C13,파생상품계약_장내파생상품_주식관련거래,0,국내증권사,B,SF205,각주항목(09.06월 이후)
19749,201812,0011221,비엔피파리바증권주식회사,C14,파생상품계약_장내파생상품_일반상품관련거래,0,국내증권사,B,SF205,각주항목(09.06월 이후)
19750,201812,0011221,비엔피파리바증권주식회사,C15,파생상품계약_장내파생상품_기타,0,국내증권사,B,SF205,각주항목(09.06월 이후)
19751,201812,0011221,비엔피파리바증권주식회사,C2,파생상품계약_장외파생상품,0,국내증권사,B,SF205,각주항목(09.06월 이후)
19752,201812,0011221,비엔피파리바증권주식회사,C21,파생상품계약_장외파생상품_이자율관련거래,0,국내증권사,B,SF205,각주항목(09.06월 이후)
19753,201812,0011221,비엔피파리바증권주식회사,C22,파생상품계약_장외파생상품_통화관련거래,0,국내증권사,B,SF205,각주항목(09.06월 이후)
19754,201812,0011221,비엔피파리바증권주식회사,C23,파생상품계약_장외파생상품_주식관련거래,0,국내증권사,B,SF205,각주항목(09.06월 이후)
19755,201812,0011221,비엔피파리바증권주식회사,C24,파생상품계약_장외파생상품_신용관련거래,0,국내증권사,B,SF205,각주항목(09.06월 이후)
19756,201812,0011221,비엔피파리바증권주식회사,C25,파생상품계약_장외파생상품_기타,0,국내증권사,B,SF205,각주항목(09.06월 이후)
19757,201812,0011221,비엔피파리바증권주식회사,D,대차 및 대주거래,0,국내증권사,B,SF205,각주항목(09.06월 이후)
19758,201812,0011221,비엔피파리바증권주식회사,D1,대차 및 대주거래_대여증권,0,국내증권사,B,SF205,각주항목(09.06월 이후)
19759,201812,0011221,비엔피파리바증권주식회사,D2,대차 및 대주거래_차입증권,0,국내증권사,B,SF205,각주항목(09.06월 이후)
19760,201812,0011221,비엔피파리바증권주식회사,D3,대차 및 대주거래_신용거래대주,0,국내증권사,B,SF205,각주항목(09.06월 이후)
19761,201812,0011221,비엔피파리바증권주식회사,E,대손상각채권,0,국내증권사,B,SF205,각주항목(09.06월 이후)
19762,201812,0011221,비엔피파리바증권주식회사,F,환전업무 예치금,0,국내증권사,B,SF205,각주항목(09.06월 이후)
19763,201812,0011221,비엔피파리바증권주식회사,G,미배당별도예치금,0,국내증권사,B,SF205,각주항목(09.06월 이후)
19764,201812,0011221,비엔피파리바증권주식회사,H,배서어음매출(종금계정),0,국내증권사,B,SF205,각주항목(09.06월 이후)
19765,201812,0011221,비엔피파리바증권주식회사,H1,대출채권매매이익_담보부,0,국내증권사,B,SF205,각주항목(09.06월 이후)
19766,201812,0011221,비엔피파리바증권주식회사,H2,대출채권매매이익_무담보부,0,국내증권사,B,SF205,각주항목(09.06월 이후)
19767,201903,0011221,비엔피파리바증권주식회사,A,채무보증,0,국내증권사,B,SF205,각주항목(09.06월 이후)
19768,201903,0011221,비엔피파리바증권주식회사,A1,채무보증_지급보증,0,국내증권사,B,SF205,각주항목(09.06월 이후)
19769,201903,0011221,비엔피파리바증권주식회사,A2,채무보증_매입보장약정,0,국내증권사,B,SF205,각주항목(09.06월 이후)
19770,201903,0011221,비엔피파리바증권주식회사,A3,채무보증_채무인수약정,0,국내증권사,B,SF205,각주항목(09.06월 이후)
19771,201903,0011221,비엔피파리바증권주식회사,A5,채무보증_매입확약,0,국내증권사,B,SF205,각주항목(09.06월 이후)
19772,201903,0011221,비엔피파리바증권주식회사,A6,채무보증_기타,0,국내증권사,B,SF205,각주항목(09.06월 이후)
19773,201903,0011221,비엔피파리바증권주식회사,B,투자자의 예수증권 등,0,국내증권사,B,SF205,각주항목(09.06월 이후)
19774,201903,0011221,비엔피파리바증권주식회사,B1,투자자의 예수증권 등_예수 증권,0,국내증권사,B,SF205,각주항목(09.06월 이후)
19775,201903,0011221,비엔피파리바증권주식회사,B2,투자자의 예수증권 등_예수양도성예금증서,0,국내증권사,B,SF205,각주항목(09.06월 이후)
19776,201903,0011221,비엔피파리바증권주식회사,B3,투자자의 예수증권 등_기타,0,국내증권사,B,SF205,각주항목(09.06월 이후)
19777,201903,0011221,비엔피파리바증권주식회사,C,파생상품계약,0,국내증권사,B,SF205,각주항목(09.06월 이후)
19778,201903,0011221,비엔피파리바증권주식회사,C1,파생상품계약_장내파생상품,0,국내증권사,B,SF205,각주항목(09.06월 이후)
19779,201903,0011221,비엔피파리바증권주식회사,C11,파생상품계약_장내파생상품_이자율관련거래,0,국내증권사,B,SF205,각주항목(09.06월 이후)
19780,201903,0011221,비엔피파리바증권주식회사,C12,파생상품계약_장내파생상품_통화관련거래,0,국내증권사,B,SF205,각주항목(09.06월 이후)
19781,201903,0011221,비엔피파리바증권주식회사,C13,파생상품계약_장내파생상품_주식관련거래,0,국내증권사,B,SF205,각주항목(09.06월 이후)
19782,201903,0011221,비엔피파리바증권주식회사,C14,파생상품계약_장내파생상품_일반상품관련거래,0,국내증권사,B,SF205,각주항목(09.06월 이후)
19783,201903,0011221,비엔피파리바증권주식회사,C15,파생상품계약_장내파생상품_기타,0,국내증권사,B,SF205,각주항목(09.06월 이후)
19784,201903,0011221,비엔피파리바증권주식회사,C2,파생상품계약_장외파생상품,0,국내증권사,B,SF205,각주항목(09.06월 이후)
19785,201903,0011221,비엔피파리바증권주식회사,C21,파생상품계약_장외파생상품_이자율관련거래,0,국내증권사,B,SF205,각주항목(09.06월 이후)
19786,201903,0011221,비엔피파리바증권주식회사,C22,파생상품계약_장외파생상품_통화관련거래,0,국내증권사,B,SF205,각주항목(09.06월 이후)
19787,201903,0011221,비엔피파리바증권주식회사,C23,파생상품계약_장외파생상품_주식관련거래,0,국내증권사,B,SF205,각주항목(09.06월 이후)
19788,201903,0011221,비엔피파리바증권주식회사,C24,파생상품계약_장외파생상품_신용관련거래,0,국내증권사,B,SF205,각주항목(09.06월 이후)
19789,201903,0011221,비엔피파리바증권주식회사,C25,파생상품계약_장외파생상품_기타,0,국내증권사,B,SF205,각주항목(09.06월 이후)
19790,201903,0011221,비엔피파리바증권주식회사,D,대차 및 대주거래,0,국내증권사,B,SF205,각주항목(09.06월 이후)
19791,201903,0011221,비엔피파리바증권주식회사,D1,대차 및 대주거래_대여증권,0,국내증권사,B,SF205,각주항목(09.06월 이후)
19792,201903,0011221,비엔피파리바증권주식회사,D2,대차 및 대주거래_차입증권,0,국내증권사,B,SF205,각주항목(09.06월 이후)
19793,201903,0011221,비엔피파리바증권주식회사,D3,대차 및 대주거래_신용거래대주,0,국내증권사,B,SF205,각주항목(09.06월 이후)
19794,201903,0011221,비엔피파리바증권주식회사,E,대손상각채권,0,국내증권사,B,SF205,각주항목(09.06월 이후)
19795,201903,0011221,비엔피파리바증권주식회사,F,환전업무 예치금,0,국내증권사,B,SF205,각주항목(09.06월 이후)
19796,201903,0011221,비엔피파리바증권주식회사,G,미배당별도예치금,0,국내증권사,B,SF205,각주항목(09.06월 이후)
19797,201903,0011221,비엔피파리바증권주식회사,H,배서어음매출(종금계정),0,국내증권사,B,SF205,각주항목(09.06월 이후)
19798,201903,0011221,비엔피파리바증권주식회사,H1,대출채권매매이익_담보부,0,국내증권사,B,SF205,각주항목(09.06월 이후)
19799,201903,0011221,비엔피파리바증권주식회사,H2,대출채권매매이익_무담보부,0,국내증권사,B,SF205,각주항목(09.06월 이후)
19800,201906,0011221,비엔피파리바증권주식회사,A,채무보증,0,국내증권사,B,SF205,각주항목(09.06월 이후)
19801,201906,0011221,비엔피파리바증권주식회사,A1,채무보증_지급보증,0,국내증권사,B,SF205,각주항목(09.06월 이후)
19802,201906,0011221,비엔피파리바증권주식회사,A2,채무보증_매입보장약정,0,국내증권사,B,SF205,각주항목(09.06월 이후)
19803,201906,0011221,비엔피파리바증권주식회사,A3,채무보증_채무인수약정,0,국내증권사,B,SF205,각주항목(09.06월 이후)
19804,201906,0011221,비엔피파리바증권주식회사,A5,채무보증_매입확약,0,국내증권사,B,SF205,각주항목(09.06월 이후)
19805,201906,0011221,비엔피파리바증권주식회사,A6,채무보증_기타,0,국내증권사,B,SF205,각주항목(09.06월 이후)
19806,201906,0011221,비엔피파리바증권주식회사,B,투자자의 예수증권 등,10071200000,국내증권사,B,SF205,각주항목(09.06월 이후)
19807,201906,0011221,비엔피파리바증권주식회사,B1,투자자의 예수증권 등_예수 증권,10071200000,국내증권사,B,SF205,각주항목(09.06월 이후)
19808,201906,0011221,비엔피파리바증권주식회사,B2,투자자의 예수증권 등_예수양도성예금증서,0,국내증권사,B,SF205,각주항목(09.06월 이후)
19809,201906,0011221,비엔피파리바증권주식회사,B3,투자자의 예수증권 등_기타,0,국내증권사,B,SF205,각주항목(09.06월 이후)
19810,201906,0011221,비엔피파리바증권주식회사,C,파생상품계약,0,국내증권사,B,SF205,각주항목(09.06월 이후)
19811,201906,0011221,비엔피파리바증권주식회사,C1,파생상품계약_장내파생상품,0,국내증권사,B,SF205,각주항목(09.06월 이후)
19812,201906,0011221,비엔피파리바증권주식회사,C11,파생상품계약_장내파생상품_이자율관련거래,0,국내증권사,B,SF205,각주항목(09.06월 이후)
19813,201906,0011221,비엔피파리바증권주식회사,C12,파생상품계약_장내파생상품_통화관련거래,0,국내증권사,B,SF205,각주항목(09.06월 이후)
19814,201906,0011221,비엔피파리바증권주식회사,C13,파생상품계약_장내파생상품_주식관련거래,0,국내증권사,B,SF205,각주항목(09.06월 이후)
19815,201906,0011221,비엔피파리바증권주식회사,C14,파생상품계약_장내파생상품_일반상품관련거래,0,국내증권사,B,SF205,각주항목(09.06월 이후)
19816,201906,0011221,비엔피파리바증권주식회사,C15,파생상품계약_장내파생상품_기타,0,국내증권사,B,SF205,각주항목(09.06월 이후)
19817,201906,0011221,비엔피파리바증권주식회사,C2,파생상품계약_장외파생상품,0,국내증권사,B,SF205,각주항목(09.06월 이후)
19818,201906,0011221,비엔피파리바증권주식회사,C21,파생상품계약_장외파생상품_이자율관련거래,0,국내증권사,B,SF205,각주항목(09.06월 이후)
19819,201906,0011221,비엔피파리바증권주식회사,C22,파생상품계약_장외파생상품_통화관련거래,0,국내증권사,B,SF205,각주항목(09.06월 이후)
19820,201906,0011221,비엔피파리바증권주식회사,C23,파생상품계약_장외파생상품_주식관련거래,0,국내증권사,B,SF205,각주항목(09.06월 이후)
19821,201906,0011221,비엔피파리바증권주식회사,C24,파생상품계약_장외파생상품_신용관련거래,0,국내증권사,B,SF205,각주항목(09.06월 이후)
19822,201906,0011221,비엔피파리바증권주식회사,C25,파생상품계약_장외파생상품_기타,0,국내증권사,B,SF205,각주항목(09.06월 이후)
19823,201906,0011221,비엔피파리바증권주식회사,D,대차 및 대주거래,0,국내증권사,B,SF205,각주항목(09.06월 이후)
19824,201906,0011221,비엔피파리바증권주식회사,D1,대차 및 대주거래_대여증권,0,국내증권사,B,SF205,각주항목(09.06월 이후)
19825,201906,0011221,비엔피파리바증권주식회사,D2,대차 및 대주거래_차입증권,0,국내증권사,B,SF205,각주항목(09.06월 이후)
19826,201906,0011221,비엔피파리바증권주식회사,D3,대차 및 대주거래_신용거래대주,0,국내증권사,B,SF205,각주항목(09.06월 이후)
19827,201906,0011221,비엔피파리바증권주식회사,E,대손상각채권,0,국내증권사,B,SF205,각주항목(09.06월 이후)
19828,201906,0011221,비엔피파리바증권주식회사,F,환전업무 예치금,0,국내증권사,B,SF205,각주항목(09.06월 이후)
19829,201906,0011221,비엔피파리바증권주식회사,G,미배당별도예치금,0,국내증권사,B,SF205,각주항목(09.06월 이후)
19830,201906,0011221,비엔피파리바증권주식회사,H,배서어음매출(종금계정),0,국내증권사,B,SF205,각주항목(09.06월 이후)
19831,201906,0011221,비엔피파리바증권주식회사,H1,대출채권매매이익_담보부,0,국내증권사,B,SF205,각주항목(09.06월 이후)
19832,201906,0011221,비엔피파리바증권주식회사,H2,대출채권매매이익_무담보부,0,국내증권사,B,SF205,각주항목(09.06월 이후)
19833,201909,0011221,비엔피파리바증권주식회사,A,채무보증,0,국내증권사,B,SF205,각주항목(09.06월 이후)
19834,201909,0011221,비엔피파리바증권주식회사,A1,채무보증_지급보증,0,국내증권사,B,SF205,각주항목(09.06월 이후)
19835,201909,0011221,비엔피파리바증권주식회사,A2,채무보증_매입보장약정,0,국내증권사,B,SF205,각주항목(09.06월 이후)
19836,201909,0011221,비엔피파리바증권주식회사,A3,채무보증_채무인수약정,0,국내증권사,B,SF205,각주항목(09.06월 이후)
19837,201909,0011221,비엔피파리바증권주식회사,A5,채무보증_매입확약,0,국내증권사,B,SF205,각주항목(09.06월 이후)
19838,201909,0011221,비엔피파리바증권주식회사,A6,채무보증_기타,0,국내증권사,B,SF205,각주항목(09.06월 이후)
19839,201909,0011221,비엔피파리바증권주식회사,B,투자자의 예수증권 등,10064200000,국내증권사,B,SF205,각주항목(09.06월 이후)
19840,201909,0011221,비엔피파리바증권주식회사,B1,투자자의 예수증권 등_예수 증권,10064200000,국내증권사,B,SF205,각주항목(09.06월 이후)
19841,201909,0011221,비엔피파리바증권주식회사,B2,투자자의 예수증권 등_예수양도성예금증서,0,국내증권사,B,SF205,각주항목(09.06월 이후)
19842,201909,0011221,비엔피파리바증권주식회사,B3,투자자의 예수증권 등_기타,0,국내증권사,B,SF205,각주항목(09.06월 이후)
19843,201909,0011221,비엔피파리바증권주식회사,C,파생상품계약,0,국내증권사,B,SF205,각주항목(09.06월 이후)
19844,201909,0011221,비엔피파리바증권주식회사,C1,파생상품계약_장내파생상품,0,국내증권사,B,SF205,각주항목(09.06월 이후)
19845,201909,0011221,비엔피파리바증권주식회사,C11,파생상품계약_장내파생상품_이자율관련거래,0,국내증권사,B,SF205,각주항목(09.06월 이후)
19846,201909,0011221,비엔피파리바증권주식회사,C12,파생상품계약_장내파생상품_통화관련거래,0,국내증권사,B,SF205,각주항목(09.06월 이후)
19847,201909,0011221,비엔피파리바증권주식회사,C13,파생상품계약_장내파생상품_주식관련거래,0,국내증권사,B,SF205,각주항목(09.06월 이후)
19848,201909,0011221,비엔피파리바증권주식회사,C14,파생상품계약_장내파생상품_일반상품관련거래,0,국내증권사,B,SF205,각주항목(09.06월 이후)
19849,201909,0011221,비엔피파리바증권주식회사,C15,파생상품계약_장내파생상품_기타,0,국내증권사,B,SF205,각주항목(09.06월 이후)
19850,201909,0011221,비엔피파리바증권주식회사,C2,파생상품계약_장외파생상품,0,국내증권사,B,SF205,각주항목(09.06월 이후)
19851,201909,0011221,비엔피파리바증권주식회사,C21,파생상품계약_장외파생상품_이자율관련거래,0,국내증권사,B,SF205,각주항목(09.06월 이후)
19852,201909,0011221,비엔피파리바증권주식회사,C22,파생상품계약_장외파생상품_통화관련거래,0,국내증권사,B,SF205,각주항목(09.06월 이후)
19853,201909,0011221,비엔피파리바증권주식회사,C23,파생상품계약_장외파생상품_주식관련거래,0,국내증권사,B,SF205,각주항목(09.06월 이후)
19854,201909,0011221,비엔피파리바증권주식회사,C24,파생상품계약_장외파생상품_신용관련거래,0,국내증권사,B,SF205,각주항목(09.06월 이후)
19855,201909,0011221,비엔피파리바증권주식회사,C25,파생상품계약_장외파생상품_기타,0,국내증권사,B,SF205,각주항목(09.06월 이후)
19856,201909,0011221,비엔피파리바증권주식회사,D,대차 및 대주거래,0,국내증권사,B,SF205,각주항목(09.06월 이후)
19857,201909,0011221,비엔피파리바증권주식회사,D1,대차 및 대주거래_대여증권,0,국내증권사,B,SF205,각주항목(09.06월 이후)
19858,201909,0011221,비엔피파리바증권주식회사,D2,대차 및 대주거래_차입증권,0,국내증권사,B,SF205,각주항목(09.06월 이후)
19859,201909,0011221,비엔피파리바증권주식회사,D3,대차 및 대주거래_신용거래대주,0,국내증권사,B,SF205,각주항목(09.06월 이후)
19860,201909,0011221,비엔피파리바증권주식회사,E,대손상각채권,0,국내증권사,B,SF205,각주항목(09.06월 이후)
19861,201909,0011221,비엔피파리바증권주식회사,F,환전업무 예치금,0,국내증권사,B,SF205,각주항목(09.06월 이후)
19862,201909,0011221,비엔피파리바증권주식회사,G,미배당별도예치금,0,국내증권사,B,SF205,각주항목(09.06월 이후)
19863,201909,0011221,비엔피파리바증권주식회사,H,배서어음매출(종금계정),0,국내증권사,B,SF205,각주항목(09.06월 이후)
19864,201909,0011221,비엔피파리바증권주식회사,H1,대출채권매매이익_담보부,0,국내증권사,B,SF205,각주항목(09.06월 이후)
19865,201909,0011221,비엔피파리바증권주식회사,H2,대출채권매매이익_무담보부,0,국내증권사,B,SF205,각주항목(09.06월 이후)
19866,201912,0011221,비엔피파리바증권주식회사,A,채무보증,0,국내증권사,B,SF205,각주항목(09.06월 이후)
19867,201912,0011221,비엔피파리바증권주식회사,A1,채무보증_지급보증,0,국내증권사,B,SF205,각주항목(09.06월 이후)
19868,201912,0011221,비엔피파리바증권주식회사,A2,채무보증_매입보장약정,0,국내증권사,B,SF205,각주항목(09.06월 이후)
19869,201912,0011221,비엔피파리바증권주식회사,A3,채무보증_채무인수약정,0,국내증권사,B,SF205,각주항목(09.06월 이후)
19870,201912,0011221,비엔피파리바증권주식회사,A5,채무보증_매입확약,0,국내증권사,B,SF205,각주항목(09.06월 이후)
19871,201912,0011221,비엔피파리바증권주식회사,A6,채무보증_기타,0,국내증권사,B,SF205,각주항목(09.06월 이후)
19872,201912,0011221,비엔피파리바증권주식회사,B,투자자의 예수증권 등,9394650000,국내증권사,B,SF205,각주항목(09.06월 이후)
19873,201912,0011221,비엔피파리바증권주식회사,B1,투자자의 예수증권 등_예수 증권,9394650000,국내증권사,B,SF205,각주항목(09.06월 이후)
19874,201912,0011221,비엔피파리바증권주식회사,B2,투자자의 예수증권 등_예수양도성예금증서,0,국내증권사,B,SF205,각주항목(09.06월 이후)
19875,201912,0011221,비엔피파리바증권주식회사,B3,투자자의 예수증권 등_기타,0,국내증권사,B,SF205,각주항목(09.06월 이후)
19876,201912,0011221,비엔피파리바증권주식회사,C,파생상품계약,0,국내증권사,B,SF205,각주항목(09.06월 이후)
19877,201912,0011221,비엔피파리바증권주식회사,C1,파생상품계약_장내파생상품,0,국내증권사,B,SF205,각주항목(09.06월 이후)
19878,201912,0011221,비엔피파리바증권주식회사,C11,파생상품계약_장내파생상품_이자율관련거래,0,국내증권사,B,SF205,각주항목(09.06월 이후)
19879,201912,0011221,비엔피파리바증권주식회사,C12,파생상품계약_장내파생상품_통화관련거래,0,국내증권사,B,SF205,각주항목(09.06월 이후)
19880,201912,0011221,비엔피파리바증권주식회사,C13,파생상품계약_장내파생상품_주식관련거래,0,국내증권사,B,SF205,각주항목(09.06월 이후)
19881,201912,0011221,비엔피파리바증권주식회사,C14,파생상품계약_장내파생상품_일반상품관련거래,0,국내증권사,B,SF205,각주항목(09.06월 이후)
19882,201912,0011221,비엔피파리바증권주식회사,C15,파생상품계약_장내파생상품_기타,0,국내증권사,B,SF205,각주항목(09.06월 이후)
19883,201912,0011221,비엔피파리바증권주식회사,C2,파생상품계약_장외파생상품,0,국내증권사,B,SF205,각주항목(09.06월 이후)
19884,201912,0011221,비엔피파리바증권주식회사,C21,파생상품계약_장외파생상품_이자율관련거래,0,국내증권사,B,SF205,각주항목(09.06월 이후)
19885,201912,0011221,비엔피파리바증권주식회사,C22,파생상품계약_장외파생상품_통화관련거래,0,국내증권사,B,SF205,각주항목(09.06월 이후)
19886,201912,0011221,비엔피파리바증권주식회사,C23,파생상품계약_장외파생상품_주식관련거래,0,국내증권사,B,SF205,각주항목(09.06월 이후)
19887,201912,0011221,비엔피파리바증권주식회사,C24,파생상품계약_장외파생상품_신용관련거래,0,국내증권사,B,SF205,각주항목(09.06월 이후)
19888,201912,0011221,비엔피파리바증권주식회사,C25,파생상품계약_장외파생상품_기타,0,국내증권사,B,SF205,각주항목(09.06월 이후)
19889,201912,0011221,비엔피파리바증권주식회사,D,대차 및 대주거래,0,국내증권사,B,SF205,각주항목(09.06월 이후)
19890,201912,0011221,비엔피파리바증권주식회사,D1,대차 및 대주거래_대여증권,0,국내증권사,B,SF205,각주항목(09.06월 이후)
19891,201912,0011221,비엔피파리바증권주식회사,D2,대차 및 대주거래_차입증권,0,국내증권사,B,SF205,각주항목(09.06월 이후)
19892,201912,0011221,비엔피파리바증권주식회사,D3,대차 및 대주거래_신용거래대주,0,국내증권사,B,SF205,각주항목(09.06월 이후)
19893,201912,0011221,비엔피파리바증권주식회사,E,대손상각채권,0,국내증권사,B,SF205,각주항목(09.06월 이후)
19894,201912,0011221,비엔피파리바증권주식회사,F,환전업무 예치금,0,국내증권사,B,SF205,각주항목(09.06월 이후)
19895,201912,0011221,비엔피파리바증권주식회사,G,미배당별도예치금,0,국내증권사,B,SF205,각주항목(09.06월 이후)
19896,201912,0011221,비엔피파리바증권주식회사,H,배서어음매출(종금계정),0,국내증권사,B,SF205,각주항목(09.06월 이후)
19897,201912,0011221,비엔피파리바증권주식회사,H1,대출채권매매이익_담보부,0,국내증권사,B,SF205,각주항목(09.06월 이후)
19898,201912,0011221,비엔피파리바증권주식회사,H2,대출채권매매이익_무담보부,0,국내증권사,B,SF205,각주항목(09.06월 이후)
19899,202003,0011221,비엔피파리바증권주식회사,A,채무보증,0,국내증권사,B,SF205,각주항목(09.06월 이후)
19900,202003,0011221,비엔피파리바증권주식회사,A1,채무보증_지급보증,0,국내증권사,B,SF205,각주항목(09.06월 이후)
19901,202003,0011221,비엔피파리바증권주식회사,A2,채무보증_매입보장약정,0,국내증권사,B,SF205,각주항목(09.06월 이후)
19902,202003,0011221,비엔피파리바증권주식회사,A3,채무보증_채무인수약정,0,국내증권사,B,SF205,각주항목(09.06월 이후)
19903,202003,0011221,비엔피파리바증권주식회사,A5,채무보증_매입확약,0,국내증권사,B,SF205,각주항목(09.06월 이후)
19904,202003,0011221,비엔피파리바증권주식회사,A6,채무보증_기타,0,국내증권사,B,SF205,각주항목(09.06월 이후)
19905,202003,0011221,비엔피파리바증권주식회사,B,투자자의 예수증권 등,9464220000,국내증권사,B,SF205,각주항목(09.06월 이후)
19906,202003,0011221,비엔피파리바증권주식회사,B1,투자자의 예수증권 등_예수 증권,9464220000,국내증권사,B,SF205,각주항목(09.06월 이후)
19907,202003,0011221,비엔피파리바증권주식회사,B2,투자자의 예수증권 등_예수양도성예금증서,0,국내증권사,B,SF205,각주항목(09.06월 이후)
19908,202003,0011221,비엔피파리바증권주식회사,B3,투자자의 예수증권 등_기타,0,국내증권사,B,SF205,각주항목(09.06월 이후)
19909,202003,0011221,비엔피파리바증권주식회사,C,파생상품계약,0,국내증권사,B,SF205,각주항목(09.06월 이후)
19910,202003,0011221,비엔피파리바증권주식회사,C1,파생상품계약_장내파생상품,0,국내증권사,B,SF205,각주항목(09.06월 이후)
19911,202003,0011221,비엔피파리바증권주식회사,C11,파생상품계약_장내파생상품_이자율관련거래,0,국내증권사,B,SF205,각주항목(09.06월 이후)
19912,202003,0011221,비엔피파리바증권주식회사,C12,파생상품계약_장내파생상품_통화관련거래,0,국내증권사,B,SF205,각주항목(09.06월 이후)
19913,202003,0011221,비엔피파리바증권주식회사,C13,파생상품계약_장내파생상품_주식관련거래,0,국내증권사,B,SF205,각주항목(09.06월 이후)
19914,202003,0011221,비엔피파리바증권주식회사,C14,파생상품계약_장내파생상품_일반상품관련거래,0,국내증권사,B,SF205,각주항목(09.06월 이후)
19915,202003,0011221,비엔피파리바증권주식회사,C15,파생상품계약_장내파생상품_기타,0,국내증권사,B,SF205,각주항목(09.06월 이후)
19916,202003,0011221,비엔피파리바증권주식회사,C2,파생상품계약_장외파생상품,0,국내증권사,B,SF205,각주항목(09.06월 이후)
19917,202003,0011221,비엔피파리바증권주식회사,C21,파생상품계약_장외파생상품_이자율관련거래,0,국내증권사,B,SF205,각주항목(09.06월 이후)
19918,202003,0011221,비엔피파리바증권주식회사,C22,파생상품계약_장외파생상품_통화관련거래,0,국내증권사,B,SF205,각주항목(09.06월 이후)
19919,202003,0011221,비엔피파리바증권주식회사,C23,파생상품계약_장외파생상품_주식관련거래,0,국내증권사,B,SF205,각주항목(09.06월 이후)
19920,202003,0011221,비엔피파리바증권주식회사,C24,파생상품계약_장외파생상품_신용관련거래,0,국내증권사,B,SF205,각주항목(09.06월 이후)
19921,202003,0011221,비엔피파리바증권주식회사,C25,파생상품계약_장외파생상품_기타,0,국내증권사,B,SF205,각주항목(09.06월 이후)
19922,202003,0011221,비엔피파리바증권주식회사,D,대차 및 대주거래,0,국내증권사,B,SF205,각주항목(09.06월 이후)
19923,202003,0011221,비엔피파리바증권주식회사,D1,대차 및 대주거래_대여증권,0,국내증권사,B,SF205,각주항목(09.06월 이후)
19924,202003,0011221,비엔피파리바증권주식회사,D2,대차 및 대주거래_차입증권,0,국내증권사,B,SF205,각주항목(09.06월 이후)
19925,202003,0011221,비엔피파리바증권주식회사,D3,대차 및 대주거래_신용거래대주,0,국내증권사,B,SF205,각주항목(09.06월 이후)
19926,202003,0011221,비엔피파리바증권주식회사,E,대손상각채권,0,국내증권사,B,SF205,각주항목(09.06월 이후)
19927,202003,0011221,비엔피파리바증권주식회사,F,환전업무 예치금,0,국내증권사,B,SF205,각주항목(09.06월 이후)
19928,202003,0011221,비엔피파리바증권주식회사,G,미배당별도예치금,0,국내증권사,B,SF205,각주항목(09.06월 이후)
19929,202003,0011221,비엔피파리바증권주식회사,H,배서어음매출(종금계정),0,국내증권사,B,SF205,각주항목(09.06월 이후)
19930,202003,0011221,비엔피파리바증권주식회사,H1,대출채권매매이익_담보부,0,국내증권사,B,SF205,각주항목(09.06월 이후)
19931,202003,0011221,비엔피파리바증권주식회사,H2,대출채권매매이익_무담보부,0,국내증권사,B,SF205,각주항목(09.06월 이후)
19932,202006,0011221,비엔피파리바증권주식회사,A,채무보증,0,국내증권사,B,SF205,각주항목(09.06월 이후)
19933,202006,0011221,비엔피파리바증권주식회사,A1,채무보증_지급보증,0,국내증권사,B,SF205,각주항목(09.06월 이후)
19934,202006,0011221,비엔피파리바증권주식회사,A2,채무보증_매입보장약정,0,국내증권사,B,SF205,각주항목(09.06월 이후)
19935,202006,0011221,비엔피파리바증권주식회사,A3,채무보증_채무인수약정,0,국내증권사,B,SF205,각주항목(09.06월 이후)
19936,202006,0011221,비엔피파리바증권주식회사,A5,채무보증_매입확약,0,국내증권사,B,SF205,각주항목(09.06월 이후)
19937,202006,0011221,비엔피파리바증권주식회사,A6,채무보증_기타,0,국내증권사,B,SF205,각주항목(09.06월 이후)
19938,202006,0011221,비엔피파리바증권주식회사,B,투자자의 예수증권 등,9180990000,국내증권사,B,SF205,각주항목(09.06월 이후)
19939,202006,0011221,비엔피파리바증권주식회사,B1,투자자의 예수증권 등_예수 증권,9180990000,국내증권사,B,SF205,각주항목(09.06월 이후)
19940,202006,0011221,비엔피파리바증권주식회사,B2,투자자의 예수증권 등_예수양도성예금증서,0,국내증권사,B,SF205,각주항목(09.06월 이후)
19941,202006,0011221,비엔피파리바증권주식회사,B3,투자자의 예수증권 등_기타,0,국내증권사,B,SF205,각주항목(09.06월 이후)
19942,202006,0011221,비엔피파리바증권주식회사,C,파생상품계약,0,국내증권사,B,SF205,각주항목(09.06월 이후)
19943,202006,0011221,비엔피파리바증권주식회사,C1,파생상품계약_장내파생상품,0,국내증권사,B,SF205,각주항목(09.06월 이후)
19944,202006,0011221,비엔피파리바증권주식회사,C11,파생상품계약_장내파생상품_이자율관련거래,0,국내증권사,B,SF205,각주항목(09.06월 이후)
19945,202006,0011221,비엔피파리바증권주식회사,C12,파생상품계약_장내파생상품_통화관련거래,0,국내증권사,B,SF205,각주항목(09.06월 이후)
19946,202006,0011221,비엔피파리바증권주식회사,C13,파생상품계약_장내파생상품_주식관련거래,0,국내증권사,B,SF205,각주항목(09.06월 이후)
19947,202006,0011221,비엔피파리바증권주식회사,C14,파생상품계약_장내파생상품_일반상품관련거래,0,국내증권사,B,SF205,각주항목(09.06월 이후)
19948,202006,0011221,비엔피파리바증권주식회사,C15,파생상품계약_장내파생상품_기타,0,국내증권사,B,SF205,각주항목(09.06월 이후)
19949,202006,0011221,비엔피파리바증권주식회사,C2,파생상품계약_장외파생상품,0,국내증권사,B,SF205,각주항목(09.06월 이후)
19950,202006,0011221,비엔피파리바증권주식회사,C21,파생상품계약_장외파생상품_이자율관련거래,0,국내증권사,B,SF205,각주항목(09.06월 이후)
19951,202006,0011221,비엔피파리바증권주식회사,C22,파생상품계약_장외파생상품_통화관련거래,0,국내증권사,B,SF205,각주항목(09.06월 이후)
19952,202006,0011221,비엔피파리바증권주식회사,C23,파생상품계약_장외파생상품_주식관련거래,0,국내증권사,B,SF205,각주항목(09.06월 이후)
19953,202006,0011221,비엔피파리바증권주식회사,C24,파생상품계약_장외파생상품_신용관련거래,0,국내증권사,B,SF205,각주항목(09.06월 이후)
19954,202006,0011221,비엔피파리바증권주식회사,C25,파생상품계약_장외파생상품_기타,0,국내증권사,B,SF205,각주항목(09.06월 이후)
19955,202006,0011221,비엔피파리바증권주식회사,D,대차 및 대주거래,0,국내증권사,B,SF205,각주항목(09.06월 이후)
19956,202006,0011221,비엔피파리바증권주식회사,D1,대차 및 대주거래_대여증권,0,국내증권사,B,SF205,각주항목(09.06월 이후)
19957,202006,0011221,비엔피파리바증권주식회사,D2,대차 및 대주거래_차입증권,0,국내증권사,B,SF205,각주항목(09.06월 이후)
19958,202006,0011221,비엔피파리바증권주식회사,D3,대차 및 대주거래_신용거래대주,0,국내증권사,B,SF205,각주항목(09.06월 이후)
19959,202006,0011221,비엔피파리바증권주식회사,E,대손상각채권,0,국내증권사,B,SF205,각주항목(09.06월 이후)
19960,202006,0011221,비엔피파리바증권주식회사,F,환전업무 예치금,0,국내증권사,B,SF205,각주항목(09.06월 이후)
19961,202006,0011221,비엔피파리바증권주식회사,G,미배당별도예치금,0,국내증권사,B,SF205,각주항목(09.06월 이후)
19962,202006,0011221,비엔피파리바증권주식회사,H,배서어음매출(종금계정),0,국내증권사,B,SF205,각주항목(09.06월 이후)
19963,202006,0011221,비엔피파리바증권주식회사,H1,대출채권매매이익_담보부,0,국내증권사,B,SF205,각주항목(09.06월 이후)
19964,202006,0011221,비엔피파리바증권주식회사,H2,대출채권매매이익_무담보부,0,국내증권사,B,SF205,각주항목(09.06월 이후)
19965,202009,0011221,비엔피파리바증권주식회사,A,채무보증,0,국내증권사,B,SF205,각주항목(09.06월 이후)
19966,202009,0011221,비엔피파리바증권주식회사,A1,채무보증_지급보증,0,국내증권사,B,SF205,각주항목(09.06월 이후)
19967,202009,0011221,비엔피파리바증권주식회사,A2,채무보증_매입보장약정,0,국내증권사,B,SF205,각주항목(09.06월 이후)
19968,202009,0011221,비엔피파리바증권주식회사,A3,채무보증_채무인수약정,0,국내증권사,B,SF205,각주항목(09.06월 이후)
19969,202009,0011221,비엔피파리바증권주식회사,A5,채무보증_매입확약,0,국내증권사,B,SF205,각주항목(09.06월 이후)
19970,202009,0011221,비엔피파리바증권주식회사,A6,채무보증_기타,0,국내증권사,B,SF205,각주항목(09.06월 이후)
19971,202009,0011221,비엔피파리바증권주식회사,B,투자자의 예수증권 등,9199350000,국내증권사,B,SF205,각주항목(09.06월 이후)
19972,202009,0011221,비엔피파리바증권주식회사,B1,투자자의 예수증권 등_예수 증권,9199350000,국내증권사,B,SF205,각주항목(09.06월 이후)
19973,202009,0011221,비엔피파리바증권주식회사,B2,투자자의 예수증권 등_예수양도성예금증서,0,국내증권사,B,SF205,각주항목(09.06월 이후)
19974,202009,0011221,비엔피파리바증권주식회사,B3,투자자의 예수증권 등_기타,0,국내증권사,B,SF205,각주항목(09.06월 이후)
19975,202009,0011221,비엔피파리바증권주식회사,C,파생상품계약,0,국내증권사,B,SF205,각주항목(09.06월 이후)
19976,202009,0011221,비엔피파리바증권주식회사,C1,파생상품계약_장내파생상품,0,국내증권사,B,SF205,각주항목(09.06월 이후)
19977,202009,0011221,비엔피파리바증권주식회사,C11,파생상품계약_장내파생상품_이자율관련거래,0,국내증권사,B,SF205,각주항목(09.06월 이후)
19978,202009,0011221,비엔피파리바증권주식회사,C12,파생상품계약_장내파생상품_통화관련거래,0,국내증권사,B,SF205,각주항목(09.06월 이후)
19979,202009,0011221,비엔피파리바증권주식회사,C13,파생상품계약_장내파생상품_주식관련거래,0,국내증권사,B,SF205,각주항목(09.06월 이후)
19980,202009,0011221,비엔피파리바증권주식회사,C14,파생상품계약_장내파생상품_일반상품관련거래,0,국내증권사,B,SF205,각주항목(09.06월 이후)
19981,202009,0011221,비엔피파리바증권주식회사,C15,파생상품계약_장내파생상품_기타,0,국내증권사,B,SF205,각주항목(09.06월 이후)
19982,202009,0011221,비엔피파리바증권주식회사,C2,파생상품계약_장외파생상품,0,국내증권사,B,SF205,각주항목(09.06월 이후)
19983,202009,0011221,비엔피파리바증권주식회사,C21,파생상품계약_장외파생상품_이자율관련거래,0,국내증권사,B,SF205,각주항목(09.06월 이후)
19984,202009,0011221,비엔피파리바증권주식회사,C22,파생상품계약_장외파생상품_통화관련거래,0,국내증권사,B,SF205,각주항목(09.06월 이후)
19985,202009,0011221,비엔피파리바증권주식회사,C23,파생상품계약_장외파생상품_주식관련거래,0,국내증권사,B,SF205,각주항목(09.06월 이후)
19986,202009,0011221,비엔피파리바증권주식회사,C24,파생상품계약_장외파생상품_신용관련거래,0,국내증권사,B,SF205,각주항목(09.06월 이후)
19987,202009,0011221,비엔피파리바증권주식회사,C25,파생상품계약_장외파생상품_기타,0,국내증권사,B,SF205,각주항목(09.06월 이후)
19988,202009,0011221,비엔피파리바증권주식회사,D,대차 및 대주거래,0,국내증권사,B,SF205,각주항목(09.06월 이후)
19989,202009,0011221,비엔피파리바증권주식회사,D1,대차 및 대주거래_대여증권,0,국내증권사,B,SF205,각주항목(09.06월 이후)
19990,202009,0011221,비엔피파리바증권주식회사,D2,대차 및 대주거래_차입증권,0,국내증권사,B,SF205,각주항목(09.06월 이후)
19991,202009,0011221,비엔피파리바증권주식회사,D3,대차 및 대주거래_신용거래대주,0,국내증권사,B,SF205,각주항목(09.06월 이후)
19992,202009,0011221,비엔피파리바증권주식회사,E,대손상각채권,0,국내증권사,B,SF205,각주항목(09.06월 이후)
19993,202009,0011221,비엔피파리바증권주식회사,F,환전업무 예치금,0,국내증권사,B,SF205,각주항목(09.06월 이후)
19994,202009,0011221,비엔피파리바증권주식회사,G,미배당별도예치금,0,국내증권사,B,SF205,각주항목(09.06월 이후)
19995,202009,0011221,비엔피파리바증권주식회사,H,배서어음매출(종금계정),0,국내증권사,B,SF205,각주항목(09.06월 이후)
19996,202009,0011221,비엔피파리바증권주식회사,H1,대출채권매매이익_담보부,0,국내증권사,B,SF205,각주항목(09.06월 이후)
19997,202009,0011221,비엔피파리바증권주식회사,H2,대출채권매매이익_무담보부,0,국내증권사,B,SF205,각주항목(09.06월 이후)
19998,202012,0011221,비엔피파리바증권주식회사,A,채무보증,0,국내증권사,B,SF205,각주항목(09.06월 이후)
19999,202012,0011221,비엔피파리바증권주식회사,A1,채무보증_지급보증,0,국내증권사,B,SF205,각주항목(09.06월 이후)
20000,202012,0011221,비엔피파리바증권주식회사,A2,채무보증_매입보장약정,0,국내증권사,B,SF205,각주항목(09.06월 이후)
20001,202012,0011221,비엔피파리바증권주식회사,A3,채무보증_채무인수약정,0,국내증권사,B,SF205,각주항목(09.06월 이후)
20002,202012,0011221,비엔피파리바증권주식회사,A5,채무보증_매입확약,0,국내증권사,B,SF205,각주항목(09.06월 이후)
20003,202012,0011221,비엔피파리바증권주식회사,A6,채무보증_기타,0,국내증권사,B,SF205,각주항목(09.06월 이후)
20004,202012,0011221,비엔피파리바증권주식회사,B,투자자의 예수증권 등,9123570000,국내증권사,B,SF205,각주항목(09.06월 이후)
20005,202012,0011221,비엔피파리바증권주식회사,B1,투자자의 예수증권 등_예수 증권,9123570000,국내증권사,B,SF205,각주항목(09.06월 이후)
20006,202012,0011221,비엔피파리바증권주식회사,B2,투자자의 예수증권 등_예수양도성예금증서,0,국내증권사,B,SF205,각주항목(09.06월 이후)
20007,202012,0011221,비엔피파리바증권주식회사,B3,투자자의 예수증권 등_기타,0,국내증권사,B,SF205,각주항목(09.06월 이후)
20008,202012,0011221,비엔피파리바증권주식회사,C,파생상품계약,0,국내증권사,B,SF205,각주항목(09.06월 이후)
20009,202012,0011221,비엔피파리바증권주식회사,C1,파생상품계약_장내파생상품,0,국내증권사,B,SF205,각주항목(09.06월 이후)
20010,202012,0011221,비엔피파리바증권주식회사,C11,파생상품계약_장내파생상품_이자율관련거래,0,국내증권사,B,SF205,각주항목(09.06월 이후)
20011,202012,0011221,비엔피파리바증권주식회사,C12,파생상품계약_장내파생상품_통화관련거래,0,국내증권사,B,SF205,각주항목(09.06월 이후)
20012,202012,0011221,비엔피파리바증권주식회사,C13,파생상품계약_장내파생상품_주식관련거래,0,국내증권사,B,SF205,각주항목(09.06월 이후)
20013,202012,0011221,비엔피파리바증권주식회사,C14,파생상품계약_장내파생상품_일반상품관련거래,0,국내증권사,B,SF205,각주항목(09.06월 이후)
20014,202012,0011221,비엔피파리바증권주식회사,C15,파생상품계약_장내파생상품_기타,0,국내증권사,B,SF205,각주항목(09.06월 이후)
20015,202012,0011221,비엔피파리바증권주식회사,C2,파생상품계약_장외파생상품,0,국내증권사,B,SF205,각주항목(09.06월 이후)
20016,202012,0011221,비엔피파리바증권주식회사,C21,파생상품계약_장외파생상품_이자율관련거래,0,국내증권사,B,SF205,각주항목(09.06월 이후)
20017,202012,0011221,비엔피파리바증권주식회사,C22,파생상품계약_장외파생상품_통화관련거래,0,국내증권사,B,SF205,각주항목(09.06월 이후)
20018,202012,0011221,비엔피파리바증권주식회사,C23,파생상품계약_장외파생상품_주식관련거래,0,국내증권사,B,SF205,각주항목(09.06월 이후)
20019,202012,0011221,비엔피파리바증권주식회사,C24,파생상품계약_장외파생상품_신용관련거래,0,국내증권사,B,SF205,각주항목(09.06월 이후)
20020,202012,0011221,비엔피파리바증권주식회사,C25,파생상품계약_장외파생상품_기타,0,국내증권사,B,SF205,각주항목(09.06월 이후)
20021,202012,0011221,비엔피파리바증권주식회사,D,대차 및 대주거래,0,국내증권사,B,SF205,각주항목(09.06월 이후)
20022,202012,0011221,비엔피파리바증권주식회사,D1,대차 및 대주거래_대여증권,0,국내증권사,B,SF205,각주항목(09.06월 이후)
20023,202012,0011221,비엔피파리바증권주식회사,D2,대차 및 대주거래_차입증권,0,국내증권사,B,SF205,각주항목(09.06월 이후)
20024,202012,0011221,비엔피파리바증권주식회사,D3,대차 및 대주거래_신용거래대주,0,국내증권사,B,SF205,각주항목(09.06월 이후)
20025,202012,0011221,비엔피파리바증권주식회사,E,대손상각채권,0,국내증권사,B,SF205,각주항목(09.06월 이후)
20026,202012,0011221,비엔피파리바증권주식회사,F,환전업무 예치금,0,국내증권사,B,SF205,각주항목(09.06월 이후)
20027,202012,0011221,비엔피파리바증권주식회사,G,미배당별도예치금,0,국내증권사,B,SF205,각주항목(09.06월 이후)
20028,202012,0011221,비엔피파리바증권주식회사,H,배서어음매출(종금계정),0,국내증권사,B,SF205,각주항목(09.06월 이후)
20029,202012,0011221,비엔피파리바증권주식회사,H1,대출채권매매이익_담보부,0,국내증권사,B,SF205,각주항목(09.06월 이후)
20030,202012,0011221,비엔피파리바증권주식회사,H2,대출채권매매이익_무담보부,0,국내증권사,B,SF205,각주항목(09.06월 이후)
20031,202103,0011221,비엔피파리바증권주식회사,A,채무보증,0,국내증권사,B,SF205,각주항목(09.06월 이후)
20032,202103,0011221,비엔피파리바증권주식회사,A1,채무보증_지급보증,0,국내증권사,B,SF205,각주항목(09.06월 이후)
20033,202103,0011221,비엔피파리바증권주식회사,A2,채무보증_매입보장약정,0,국내증권사,B,SF205,각주항목(09.06월 이후)
20034,202103,0011221,비엔피파리바증권주식회사,A3,채무보증_채무인수약정,0,국내증권사,B,SF205,각주항목(09.06월 이후)
20035,202103,0011221,비엔피파리바증권주식회사,A5,채무보증_매입확약,0,국내증권사,B,SF205,각주항목(09.06월 이후)
20036,202103,0011221,비엔피파리바증권주식회사,A6,채무보증_기타,0,국내증권사,B,SF205,각주항목(09.06월 이후)
20037,202103,0011221,비엔피파리바증권주식회사,B,투자자의 예수증권 등,9142200000,국내증권사,B,SF205,각주항목(09.06월 이후)
20038,202103,0011221,비엔피파리바증권주식회사,B1,투자자의 예수증권 등_예수 증권,9142200000,국내증권사,B,SF205,각주항목(09.06월 이후)
20039,202103,0011221,비엔피파리바증권주식회사,B2,투자자의 예수증권 등_예수양도성예금증서,0,국내증권사,B,SF205,각주항목(09.06월 이후)
20040,202103,0011221,비엔피파리바증권주식회사,B3,투자자의 예수증권 등_기타,0,국내증권사,B,SF205,각주항목(09.06월 이후)
20041,202103,0011221,비엔피파리바증권주식회사,C,파생상품계약,0,국내증권사,B,SF205,각주항목(09.06월 이후)
20042,202103,0011221,비엔피파리바증권주식회사,C1,파생상품계약_장내파생상품,0,국내증권사,B,SF205,각주항목(09.06월 이후)
20043,202103,0011221,비엔피파리바증권주식회사,C11,파생상품계약_장내파생상품_이자율관련거래,0,국내증권사,B,SF205,각주항목(09.06월 이후)
20044,202103,0011221,비엔피파리바증권주식회사,C12,파생상품계약_장내파생상품_통화관련거래,0,국내증권사,B,SF205,각주항목(09.06월 이후)
20045,202103,0011221,비엔피파리바증권주식회사,C13,파생상품계약_장내파생상품_주식관련거래,0,국내증권사,B,SF205,각주항목(09.06월 이후)
20046,202103,0011221,비엔피파리바증권주식회사,C14,파생상품계약_장내파생상품_일반상품관련거래,0,국내증권사,B,SF205,각주항목(09.06월 이후)
20047,202103,0011221,비엔피파리바증권주식회사,C15,파생상품계약_장내파생상품_기타,0,국내증권사,B,SF205,각주항목(09.06월 이후)
20048,202103,0011221,비엔피파리바증권주식회사,C2,파생상품계약_장외파생상품,0,국내증권사,B,SF205,각주항목(09.06월 이후)
20049,202103,0011221,비엔피파리바증권주식회사,C21,파생상품계약_장외파생상품_이자율관련거래,0,국내증권사,B,SF205,각주항목(09.06월 이후)
20050,202103,0011221,비엔피파리바증권주식회사,C22,파생상품계약_장외파생상품_통화관련거래,0,국내증권사,B,SF205,각주항목(09.06월 이후)
20051,202103,0011221,비엔피파리바증권주식회사,C23,파생상품계약_장외파생상품_주식관련거래,0,국내증권사,B,SF205,각주항목(09.06월 이후)
20052,202103,0011221,비엔피파리바증권주식회사,C24,파생상품계약_장외파생상품_신용관련거래,0,국내증권사,B,SF205,각주항목(09.06월 이후)
20053,202103,0011221,비엔피파리바증권주식회사,C25,파생상품계약_장외파생상품_기타,0,국내증권사,B,SF205,각주항목(09.06월 이후)
20054,202103,0011221,비엔피파리바증권주식회사,D,대차 및 대주거래,0,국내증권사,B,SF205,각주항목(09.06월 이후)
20055,202103,0011221,비엔피파리바증권주식회사,D1,대차 및 대주거래_대여증권,0,국내증권사,B,SF205,각주항목(09.06월 이후)
20056,202103,0011221,비엔피파리바증권주식회사,D2,대차 및 대주거래_차입증권,0,국내증권사,B,SF205,각주항목(09.06월 이후)
20057,202103,0011221,비엔피파리바증권주식회사,D3,대차 및 대주거래_신용거래대주,0,국내증권사,B,SF205,각주항목(09.06월 이후)
20058,202103,0011221,비엔피파리바증권주식회사,E,대손상각채권,0,국내증권사,B,SF205,각주항목(09.06월 이후)
20059,202103,0011221,비엔피파리바증권주식회사,F,환전업무 예치금,0,국내증권사,B,SF205,각주항목(09.06월 이후)
20060,202103,0011221,비엔피파리바증권주식회사,G,미배당별도예치금,0,국내증권사,B,SF205,각주항목(09.06월 이후)
20061,202103,0011221,비엔피파리바증권주식회사,H,배서어음매출(종금계정),0,국내증권사,B,SF205,각주항목(09.06월 이후)
20062,202103,0011221,비엔피파리바증권주식회사,H1,대출채권매매이익_담보부,0,국내증권사,B,SF205,각주항목(09.06월 이후)
20063,202103,0011221,비엔피파리바증권주식회사,H2,대출채권매매이익_무담보부,0,국내증권사,B,SF205,각주항목(09.06월 이후)
20064,202106,0011221,비엔피파리바증권주식회사,A,채무보증,0,국내증권사,B,SF205,각주항목(09.06월 이후)
20065,202106,0011221,비엔피파리바증권주식회사,A1,채무보증_지급보증,0,국내증권사,B,SF205,각주항목(09.06월 이후)
20066,202106,0011221,비엔피파리바증권주식회사,A2,채무보증_매입보장약정,0,국내증권사,B,SF205,각주항목(09.06월 이후)
20067,202106,0011221,비엔피파리바증권주식회사,A3,채무보증_채무인수약정,0,국내증권사,B,SF205,각주항목(09.06월 이후)
20068,202106,0011221,비엔피파리바증권주식회사,A5,채무보증_매입확약,0,국내증권사,B,SF205,각주항목(09.06월 이후)
20069,202106,0011221,비엔피파리바증권주식회사,A6,채무보증_기타,0,국내증권사,B,SF205,각주항목(09.06월 이후)
20070,202106,0011221,비엔피파리바증권주식회사,B,투자자의 예수증권 등,9063000000,국내증권사,B,SF205,각주항목(09.06월 이후)
20071,202106,0011221,비엔피파리바증권주식회사,B1,투자자의 예수증권 등_예수 증권,9063000000,국내증권사,B,SF205,각주항목(09.06월 이후)
20072,202106,0011221,비엔피파리바증권주식회사,B2,투자자의 예수증권 등_예수양도성예금증서,0,국내증권사,B,SF205,각주항목(09.06월 이후)
20073,202106,0011221,비엔피파리바증권주식회사,B3,투자자의 예수증권 등_기타,0,국내증권사,B,SF205,각주항목(09.06월 이후)
20074,202106,0011221,비엔피파리바증권주식회사,C,파생상품계약,0,국내증권사,B,SF205,각주항목(09.06월 이후)
20075,202106,0011221,비엔피파리바증권주식회사,C1,파생상품계약_장내파생상품,0,국내증권사,B,SF205,각주항목(09.06월 이후)
20076,202106,0011221,비엔피파리바증권주식회사,C11,파생상품계약_장내파생상품_이자율관련거래,0,국내증권사,B,SF205,각주항목(09.06월 이후)
20077,202106,0011221,비엔피파리바증권주식회사,C12,파생상품계약_장내파생상품_통화관련거래,0,국내증권사,B,SF205,각주항목(09.06월 이후)
20078,202106,0011221,비엔피파리바증권주식회사,C13,파생상품계약_장내파생상품_주식관련거래,0,국내증권사,B,SF205,각주항목(09.06월 이후)
20079,202106,0011221,비엔피파리바증권주식회사,C14,파생상품계약_장내파생상품_일반상품관련거래,0,국내증권사,B,SF205,각주항목(09.06월 이후)
20080,202106,0011221,비엔피파리바증권주식회사,C15,파생상품계약_장내파생상품_기타,0,국내증권사,B,SF205,각주항목(09.06월 이후)
20081,202106,0011221,비엔피파리바증권주식회사,C2,파생상품계약_장외파생상품,0,국내증권사,B,SF205,각주항목(09.06월 이후)
20082,202106,0011221,비엔피파리바증권주식회사,C21,파생상품계약_장외파생상품_이자율관련거래,0,국내증권사,B,SF205,각주항목(09.06월 이후)
20083,202106,0011221,비엔피파리바증권주식회사,C22,파생상품계약_장외파생상품_통화관련거래,0,국내증권사,B,SF205,각주항목(09.06월 이후)
20084,202106,0011221,비엔피파리바증권주식회사,C23,파생상품계약_장외파생상품_주식관련거래,0,국내증권사,B,SF205,각주항목(09.06월 이후)
20085,202106,0011221,비엔피파리바증권주식회사,C24,파생상품계약_장외파생상품_신용관련거래,0,국내증권사,B,SF205,각주항목(09.06월 이후)
20086,202106,0011221,비엔피파리바증권주식회사,C25,파생상품계약_장외파생상품_기타,0,국내증권사,B,SF205,각주항목(09.06월 이후)
20087,202106,0011221,비엔피파리바증권주식회사,D,대차 및 대주거래,0,국내증권사,B,SF205,각주항목(09.06월 이후)
20088,202106,0011221,비엔피파리바증권주식회사,D1,대차 및 대주거래_대여증권,0,국내증권사,B,SF205,각주항목(09.06월 이후)
20089,202106,0011221,비엔피파리바증권주식회사,D2,대차 및 대주거래_차입증권,0,국내증권사,B,SF205,각주항목(09.06월 이후)
20090,202106,0011221,비엔피파리바증권주식회사,D3,대차 및 대주거래_신용거래대주,0,국내증권사,B,SF205,각주항목(09.06월 이후)
20091,202106,0011221,비엔피파리바증권주식회사,E,대손상각채권,0,국내증권사,B,SF205,각주항목(09.06월 이후)
20092,202106,0011221,비엔피파리바증권주식회사,F,환전업무 예치금,0,국내증권사,B,SF205,각주항목(09.06월 이후)
20093,202106,0011221,비엔피파리바증권주식회사,G,미배당별도예치금,0,국내증권사,B,SF205,각주항목(09.06월 이후)
20094,202106,0011221,비엔피파리바증권주식회사,H,배서어음매출(종금계정),0,국내증권사,B,SF205,각주항목(09.06월 이후)
20095,202106,0011221,비엔피파리바증권주식회사,H1,대출채권매매이익_담보부,0,국내증권사,B,SF205,각주항목(09.06월 이후)
20096,202106,0011221,비엔피파리바증권주식회사,H2,대출채권매매이익_무담보부,0,국내증권사,B,SF205,각주항목(09.06월 이후)
20097,202109,0011221,비엔피파리바증권주식회사,A,채무보증,0,국내증권사,B,SF205,각주항목(09.06월 이후)
20098,202109,0011221,비엔피파리바증권주식회사,A1,채무보증_지급보증,0,국내증권사,B,SF205,각주항목(09.06월 이후)
20099,202109,0011221,비엔피파리바증권주식회사,A2,채무보증_매입보장약정,0,국내증권사,B,SF205,각주항목(09.06월 이후)
20100,202109,0011221,비엔피파리바증권주식회사,A3,채무보증_채무인수약정,0,국내증권사,B,SF205,각주항목(09.06월 이후)
20101,202109,0011221,비엔피파리바증권주식회사,A5,채무보증_매입확약,0,국내증권사,B,SF205,각주항목(09.06월 이후)
20102,202109,0011221,비엔피파리바증권주식회사,A6,채무보증_기타,0,국내증권사,B,SF205,각주항목(09.06월 이후)
20103,202109,0011221,비엔피파리바증권주식회사,B,투자자의 예수증권 등,9962000000,국내증권사,B,SF205,각주항목(09.06월 이후)
20104,202109,0011221,비엔피파리바증권주식회사,B1,투자자의 예수증권 등_예수 증권,9962000000,국내증권사,B,SF205,각주항목(09.06월 이후)
20105,202109,0011221,비엔피파리바증권주식회사,B2,투자자의 예수증권 등_예수양도성예금증서,0,국내증권사,B,SF205,각주항목(09.06월 이후)
20106,202109,0011221,비엔피파리바증권주식회사,B3,투자자의 예수증권 등_기타,0,국내증권사,B,SF205,각주항목(09.06월 이후)
20107,202109,0011221,비엔피파리바증권주식회사,C,파생상품계약,0,국내증권사,B,SF205,각주항목(09.06월 이후)
20108,202109,0011221,비엔피파리바증권주식회사,C1,파생상품계약_장내파생상품,0,국내증권사,B,SF205,각주항목(09.06월 이후)
20109,202109,0011221,비엔피파리바증권주식회사,C11,파생상품계약_장내파생상품_이자율관련거래,0,국내증권사,B,SF205,각주항목(09.06월 이후)
20110,202109,0011221,비엔피파리바증권주식회사,C12,파생상품계약_장내파생상품_통화관련거래,0,국내증권사,B,SF205,각주항목(09.06월 이후)
20111,202109,0011221,비엔피파리바증권주식회사,C13,파생상품계약_장내파생상품_주식관련거래,0,국내증권사,B,SF205,각주항목(09.06월 이후)
20112,202109,0011221,비엔피파리바증권주식회사,C14,파생상품계약_장내파생상품_일반상품관련거래,0,국내증권사,B,SF205,각주항목(09.06월 이후)
20113,202109,0011221,비엔피파리바증권주식회사,C15,파생상품계약_장내파생상품_기타,0,국내증권사,B,SF205,각주항목(09.06월 이후)
20114,202109,0011221,비엔피파리바증권주식회사,C2,파생상품계약_장외파생상품,0,국내증권사,B,SF205,각주항목(09.06월 이후)
20115,202109,0011221,비엔피파리바증권주식회사,C21,파생상품계약_장외파생상품_이자율관련거래,0,국내증권사,B,SF205,각주항목(09.06월 이후)
20116,202109,0011221,비엔피파리바증권주식회사,C22,파생상품계약_장외파생상품_통화관련거래,0,국내증권사,B,SF205,각주항목(09.06월 이후)
20117,202109,0011221,비엔피파리바증권주식회사,C23,파생상품계약_장외파생상품_주식관련거래,0,국내증권사,B,SF205,각주항목(09.06월 이후)
20118,202109,0011221,비엔피파리바증권주식회사,C24,파생상품계약_장외파생상품_신용관련거래,0,국내증권사,B,SF205,각주항목(09.06월 이후)
20119,202109,0011221,비엔피파리바증권주식회사,C25,파생상품계약_장외파생상품_기타,0,국내증권사,B,SF205,각주항목(09.06월 이후)
20120,202109,0011221,비엔피파리바증권주식회사,D,대차 및 대주거래,0,국내증권사,B,SF205,각주항목(09.06월 이후)
20121,202109,0011221,비엔피파리바증권주식회사,D1,대차 및 대주거래_대여증권,0,국내증권사,B,SF205,각주항목(09.06월 이후)
20122,202109,0011221,비엔피파리바증권주식회사,D2,대차 및 대주거래_차입증권,0,국내증권사,B,SF205,각주항목(09.06월 이후)
20123,202109,0011221,비엔피파리바증권주식회사,D3,대차 및 대주거래_신용거래대주,0,국내증권사,B,SF205,각주항목(09.06월 이후)
20124,202109,0011221,비엔피파리바증권주식회사,E,대손상각채권,0,국내증권사,B,SF205,각주항목(09.06월 이후)
20125,202109,0011221,비엔피파리바증권주식회사,F,환전업무 예치금,0,국내증권사,B,SF205,각주항목(09.06월 이후)
20126,202109,0011221,비엔피파리바증권주식회사,G,미배당별도예치금,0,국내증권사,B,SF205,각주항목(09.06월 이후)
20127,202109,0011221,비엔피파리바증권주식회사,H,배서어음매출(종금계정),0,국내증권사,B,SF205,각주항목(09.06월 이후)
20128,202109,0011221,비엔피파리바증권주식회사,H1,대출채권매매이익_담보부,0,국내증권사,B,SF205,각주항목(09.06월 이후)
20129,202109,0011221,비엔피파리바증권주식회사,H2,대출채권매매이익_무담보부,0,국내증권사,B,SF205,각주항목(09.06월 이후)
20130,202112,0011221,비엔피파리바증권주식회사,A,채무보증,0,국내증권사,B,SF205,각주항목(09.06월 이후)
20131,202112,0011221,비엔피파리바증권주식회사,A1,채무보증_지급보증,0,국내증권사,B,SF205,각주항목(09.06월 이후)
20132,202112,0011221,비엔피파리바증권주식회사,A2,채무보증_매입보장약정,0,국내증권사,B,SF205,각주항목(09.06월 이후)
20133,202112,0011221,비엔피파리바증권주식회사,A3,채무보증_채무인수약정,0,국내증권사,B,SF205,각주항목(09.06월 이후)
20134,202112,0011221,비엔피파리바증권주식회사,A5,채무보증_매입확약,0,국내증권사,B,SF205,각주항목(09.06월 이후)
20135,202112,0011221,비엔피파리바증권주식회사,A6,채무보증_기타,0,국내증권사,B,SF205,각주항목(09.06월 이후)
20136,202112,0011221,비엔피파리바증권주식회사,B,투자자의 예수증권 등,9928000000,국내증권사,B,SF205,각주항목(09.06월 이후)
20137,202112,0011221,비엔피파리바증권주식회사,B1,투자자의 예수증권 등_예수 증권,9928000000,국내증권사,B,SF205,각주항목(09.06월 이후)
20138,202112,0011221,비엔피파리바증권주식회사,B2,투자자의 예수증권 등_예수양도성예금증서,0,국내증권사,B,SF205,각주항목(09.06월 이후)
20139,202112,0011221,비엔피파리바증권주식회사,B3,투자자의 예수증권 등_기타,0,국내증권사,B,SF205,각주항목(09.06월 이후)
20140,202112,0011221,비엔피파리바증권주식회사,C,파생상품계약,0,국내증권사,B,SF205,각주항목(09.06월 이후)
20141,202112,0011221,비엔피파리바증권주식회사,C1,파생상품계약_장내파생상품,0,국내증권사,B,SF205,각주항목(09.06월 이후)
20142,202112,0011221,비엔피파리바증권주식회사,C11,파생상품계약_장내파생상품_이자율관련거래,0,국내증권사,B,SF205,각주항목(09.06월 이후)
20143,202112,0011221,비엔피파리바증권주식회사,C12,파생상품계약_장내파생상품_통화관련거래,0,국내증권사,B,SF205,각주항목(09.06월 이후)
20144,202112,0011221,비엔피파리바증권주식회사,C13,파생상품계약_장내파생상품_주식관련거래,0,국내증권사,B,SF205,각주항목(09.06월 이후)
20145,202112,0011221,비엔피파리바증권주식회사,C14,파생상품계약_장내파생상품_일반상품관련거래,0,국내증권사,B,SF205,각주항목(09.06월 이후)
20146,202112,0011221,비엔피파리바증권주식회사,C15,파생상품계약_장내파생상품_기타,0,국내증권사,B,SF205,각주항목(09.06월 이후)
20147,202112,0011221,비엔피파리바증권주식회사,C2,파생상품계약_장외파생상품,0,국내증권사,B,SF205,각주항목(09.06월 이후)
20148,202112,0011221,비엔피파리바증권주식회사,C21,파생상품계약_장외파생상품_이자율관련거래,0,국내증권사,B,SF205,각주항목(09.06월 이후)
20149,202112,0011221,비엔피파리바증권주식회사,C22,파생상품계약_장외파생상품_통화관련거래,0,국내증권사,B,SF205,각주항목(09.06월 이후)
20150,202112,0011221,비엔피파리바증권주식회사,C23,파생상품계약_장외파생상품_주식관련거래,0,국내증권사,B,SF205,각주항목(09.06월 이후)
20151,202112,0011221,비엔피파리바증권주식회사,C24,파생상품계약_장외파생상품_신용관련거래,0,국내증권사,B,SF205,각주항목(09.06월 이후)
20152,202112,0011221,비엔피파리바증권주식회사,C25,파생상품계약_장외파생상품_기타,0,국내증권사,B,SF205,각주항목(09.06월 이후)
20153,202112,0011221,비엔피파리바증권주식회사,D,대차 및 대주거래,0,국내증권사,B,SF205,각주항목(09.06월 이후)
20154,202112,0011221,비엔피파리바증권주식회사,D1,대차 및 대주거래_대여증권,0,국내증권사,B,SF205,각주항목(09.06월 이후)
20155,202112,0011221,비엔피파리바증권주식회사,D2,대차 및 대주거래_차입증권,0,국내증권사,B,SF205,각주항목(09.06월 이후)
20156,202112,0011221,비엔피파리바증권주식회사,D3,대차 및 대주거래_신용거래대주,0,국내증권사,B,SF205,각주항목(09.06월 이후)
20157,202112,0011221,비엔피파리바증권주식회사,E,대손상각채권,0,국내증권사,B,SF205,각주항목(09.06월 이후)
20158,202112,0011221,비엔피파리바증권주식회사,F,환전업무 예치금,0,국내증권사,B,SF205,각주항목(09.06월 이후)
20159,202112,0011221,비엔피파리바증권주식회사,G,미배당별도예치금,0,국내증권사,B,SF205,각주항목(09.06월 이후)
20160,202112,0011221,비엔피파리바증권주식회사,H,배서어음매출(종금계정),0,국내증권사,B,SF205,각주항목(09.06월 이후)
20161,202112,0011221,비엔피파리바증권주식회사,H1,대출채권매매이익_담보부,0,국내증권사,B,SF205,각주항목(09.06월 이후)
20162,202112,0011221,비엔피파리바증권주식회사,H2,대출채권매매이익_무담보부,0,국내증권사,B,SF205,각주항목(09.06월 이후)
20163,202203,0011221,비엔피파리바증권주식회사,A,채무보증,0,국내증권사,B,SF205,각주항목(09.06월 이후)
20164,202203,0011221,비엔피파리바증권주식회사,A1,채무보증_지급보증,0,국내증권사,B,SF205,각주항목(09.06월 이후)
20165,202203,0011221,비엔피파리바증권주식회사,A2,채무보증_매입보장약정,0,국내증권사,B,SF205,각주항목(09.06월 이후)
20166,202203,0011221,비엔피파리바증권주식회사,A3,채무보증_채무인수약정,0,국내증권사,B,SF205,각주항목(09.06월 이후)
20167,202203,0011221,비엔피파리바증권주식회사,A5,채무보증_매입확약,0,국내증권사,B,SF205,각주항목(09.06월 이후)
20168,202203,0011221,비엔피파리바증권주식회사,A6,채무보증_기타,0,국내증권사,B,SF205,각주항목(09.06월 이후)
20169,202203,0011221,비엔피파리바증권주식회사,B,투자자의 예수증권 등,47510000000,국내증권사,B,SF205,각주항목(09.06월 이후)
20170,202203,0011221,비엔피파리바증권주식회사,B1,투자자의 예수증권 등_예수 증권,47510000000,국내증권사,B,SF205,각주항목(09.06월 이후)
20171,202203,0011221,비엔피파리바증권주식회사,B2,투자자의 예수증권 등_예수양도성예금증서,0,국내증권사,B,SF205,각주항목(09.06월 이후)
20172,202203,0011221,비엔피파리바증권주식회사,B3,투자자의 예수증권 등_기타,0,국내증권사,B,SF205,각주항목(09.06월 이후)
20173,202203,0011221,비엔피파리바증권주식회사,C,파생상품계약,0,국내증권사,B,SF205,각주항목(09.06월 이후)
20174,202203,0011221,비엔피파리바증권주식회사,C1,파생상품계약_장내파생상품,0,국내증권사,B,SF205,각주항목(09.06월 이후)
20175,202203,0011221,비엔피파리바증권주식회사,C11,파생상품계약_장내파생상품_이자율관련거래,0,국내증권사,B,SF205,각주항목(09.06월 이후)
20176,202203,0011221,비엔피파리바증권주식회사,C12,파생상품계약_장내파생상품_통화관련거래,0,국내증권사,B,SF205,각주항목(09.06월 이후)
20177,202203,0011221,비엔피파리바증권주식회사,C13,파생상품계약_장내파생상품_주식관련거래,0,국내증권사,B,SF205,각주항목(09.06월 이후)
20178,202203,0011221,비엔피파리바증권주식회사,C14,파생상품계약_장내파생상품_일반상품관련거래,0,국내증권사,B,SF205,각주항목(09.06월 이후)
20179,202203,0011221,비엔피파리바증권주식회사,C15,파생상품계약_장내파생상품_기타,0,국내증권사,B,SF205,각주항목(09.06월 이후)
20180,202203,0011221,비엔피파리바증권주식회사,C2,파생상품계약_장외파생상품,0,국내증권사,B,SF205,각주항목(09.06월 이후)
20181,202203,0011221,비엔피파리바증권주식회사,C21,파생상품계약_장외파생상품_이자율관련거래,0,국내증권사,B,SF205,각주항목(09.06월 이후)
20182,202203,0011221,비엔피파리바증권주식회사,C22,파생상품계약_장외파생상품_통화관련거래,0,국내증권사,B,SF205,각주항목(09.06월 이후)
20183,202203,0011221,비엔피파리바증권주식회사,C23,파생상품계약_장외파생상품_주식관련거래,0,국내증권사,B,SF205,각주항목(09.06월 이후)
20184,202203,0011221,비엔피파리바증권주식회사,C24,파생상품계약_장외파생상품_신용관련거래,0,국내증권사,B,SF205,각주항목(09.06월 이후)
20185,202203,0011221,비엔피파리바증권주식회사,C25,파생상품계약_장외파생상품_기타,0,국내증권사,B,SF205,각주항목(09.06월 이후)
20186,202203,0011221,비엔피파리바증권주식회사,D,대차 및 대주거래,0,국내증권사,B,SF205,각주항목(09.06월 이후)
20187,202203,0011221,비엔피파리바증권주식회사,D1,대차 및 대주거래_대여증권,0,국내증권사,B,SF205,각주항목(09.06월 이후)
20188,202203,0011221,비엔피파리바증권주식회사,D2,대차 및 대주거래_차입증권,0,국내증권사,B,SF205,각주항목(09.06월 이후)
20189,202203,0011221,비엔피파리바증권주식회사,D3,대차 및 대주거래_신용거래대주,0,국내증권사,B,SF205,각주항목(09.06월 이후)
20190,202203,0011221,비엔피파리바증권주식회사,E,대손상각채권,0,국내증권사,B,SF205,각주항목(09.06월 이후)
20191,202203,0011221,비엔피파리바증권주식회사,F,환전업무 예치금,0,국내증권사,B,SF205,각주항목(09.06월 이후)
20192,202203,0011221,비엔피파리바증권주식회사,G,미배당별도예치금,0,국내증권사,B,SF205,각주항목(09.06월 이후)
20193,202203,0011221,비엔피파리바증권주식회사,H,배서어음매출(종금계정),0,국내증권사,B,SF205,각주항목(09.06월 이후)
20194,202203,0011221,비엔피파리바증권주식회사,H1,대출채권매매이익_담보부,0,국내증권사,B,SF205,각주항목(09.06월 이후)
20195,202203,0011221,비엔피파리바증권주식회사,H2,대출채권매매이익_무담보부,0,국내증권사,B,SF205,각주항목(09.06월 이후)
20196,202206,0011221,비엔피파리바증권주식회사,A,채무보증,0,국내증권사,B,SF205,각주항목(09.06월 이후)
20197,202206,0011221,비엔피파리바증권주식회사,A1,채무보증_지급보증,0,국내증권사,B,SF205,각주항목(09.06월 이후)
20198,202206,0011221,비엔피파리바증권주식회사,A2,채무보증_매입보장약정,0,국내증권사,B,SF205,각주항목(09.06월 이후)
20199,202206,0011221,비엔피파리바증권주식회사,A3,채무보증_채무인수약정,0,국내증권사,B,SF205,각주항목(09.06월 이후)
20200,202206,0011221,비엔피파리바증권주식회사,A5,채무보증_매입확약,0,국내증권사,B,SF205,각주항목(09.06월 이후)
20201,202206,0011221,비엔피파리바증권주식회사,A6,채무보증_기타,0,국내증권사,B,SF205,각주항목(09.06월 이후)
20202,202206,0011221,비엔피파리바증권주식회사,B,투자자의 예수증권 등,9285000000,국내증권사,B,SF205,각주항목(09.06월 이후)
20203,202206,0011221,비엔피파리바증권주식회사,B1,투자자의 예수증권 등_예수 증권,9285000000,국내증권사,B,SF205,각주항목(09.06월 이후)
20204,202206,0011221,비엔피파리바증권주식회사,B2,투자자의 예수증권 등_예수양도성예금증서,0,국내증권사,B,SF205,각주항목(09.06월 이후)
20205,202206,0011221,비엔피파리바증권주식회사,B3,투자자의 예수증권 등_기타,0,국내증권사,B,SF205,각주항목(09.06월 이후)
20206,202206,0011221,비엔피파리바증권주식회사,C,파생상품계약,0,국내증권사,B,SF205,각주항목(09.06월 이후)
20207,202206,0011221,비엔피파리바증권주식회사,C1,파생상품계약_장내파생상품,0,국내증권사,B,SF205,각주항목(09.06월 이후)
20208,202206,0011221,비엔피파리바증권주식회사,C11,파생상품계약_장내파생상품_이자율관련거래,0,국내증권사,B,SF205,각주항목(09.06월 이후)
20209,202206,0011221,비엔피파리바증권주식회사,C12,파생상품계약_장내파생상품_통화관련거래,0,국내증권사,B,SF205,각주항목(09.06월 이후)
20210,202206,0011221,비엔피파리바증권주식회사,C13,파생상품계약_장내파생상품_주식관련거래,0,국내증권사,B,SF205,각주항목(09.06월 이후)
20211,202206,0011221,비엔피파리바증권주식회사,C14,파생상품계약_장내파생상품_일반상품관련거래,0,국내증권사,B,SF205,각주항목(09.06월 이후)
20212,202206,0011221,비엔피파리바증권주식회사,C15,파생상품계약_장내파생상품_기타,0,국내증권사,B,SF205,각주항목(09.06월 이후)
20213,202206,0011221,비엔피파리바증권주식회사,C2,파생상품계약_장외파생상품,0,국내증권사,B,SF205,각주항목(09.06월 이후)
20214,202206,0011221,비엔피파리바증권주식회사,C21,파생상품계약_장외파생상품_이자율관련거래,0,국내증권사,B,SF205,각주항목(09.06월 이후)
20215,202206,0011221,비엔피파리바증권주식회사,C22,파생상품계약_장외파생상품_통화관련거래,0,국내증권사,B,SF205,각주항목(09.06월 이후)
20216,202206,0011221,비엔피파리바증권주식회사,C23,파생상품계약_장외파생상품_주식관련거래,0,국내증권사,B,SF205,각주항목(09.06월 이후)
20217,202206,0011221,비엔피파리바증권주식회사,C24,파생상품계약_장외파생상품_신용관련거래,0,국내증권사,B,SF205,각주항목(09.06월 이후)
20218,202206,0011221,비엔피파리바증권주식회사,C25,파생상품계약_장외파생상품_기타,0,국내증권사,B,SF205,각주항목(09.06월 이후)
20219,202206,0011221,비엔피파리바증권주식회사,D,대차 및 대주거래,0,국내증권사,B,SF205,각주항목(09.06월 이후)
20220,202206,0011221,비엔피파리바증권주식회사,D1,대차 및 대주거래_대여증권,0,국내증권사,B,SF205,각주항목(09.06월 이후)
20221,202206,0011221,비엔피파리바증권주식회사,D2,대차 및 대주거래_차입증권,0,국내증권사,B,SF205,각주항목(09.06월 이후)
20222,202206,0011221,비엔피파리바증권주식회사,D3,대차 및 대주거래_신용거래대주,0,국내증권사,B,SF205,각주항목(09.06월 이후)
20223,202206,0011221,비엔피파리바증권주식회사,E,대손상각채권,0,국내증권사,B,SF205,각주항목(09.06월 이후)
20224,202206,0011221,비엔피파리바증권주식회사,F,환전업무 예치금,0,국내증권사,B,SF205,각주항목(09.06월 이후)
20225,202206,0011221,비엔피파리바증권주식회사,G,미배당별도예치금,0,국내증권사,B,SF205,각주항목(09.06월 이후)
20226,202206,0011221,비엔피파리바증권주식회사,H,배서어음매출(종금계정),0,국내증권사,B,SF205,각주항목(09.06월 이후)
20227,202206,0011221,비엔피파리바증권주식회사,H1,대출채권매매이익_담보부,0,국내증권사,B,SF205,각주항목(09.06월 이후)
20228,202206,0011221,비엔피파리바증권주식회사,H2,대출채권매매이익_무담보부,0,국내증권사,B,SF205,각주항목(09.06월 이후)
20229,202209,0011221,비엔피파리바증권주식회사,A,채무보증,0,국내증권사,B,SF205,각주항목(09.06월 이후)
20230,202209,0011221,비엔피파리바증권주식회사,A1,채무보증_지급보증,0,국내증권사,B,SF205,각주항목(09.06월 이후)
20231,202209,0011221,비엔피파리바증권주식회사,A2,채무보증_매입보장약정,0,국내증권사,B,SF205,각주항목(09.06월 이후)
20232,202209,0011221,비엔피파리바증권주식회사,A3,채무보증_채무인수약정,0,국내증권사,B,SF205,각주항목(09.06월 이후)
20233,202209,0011221,비엔피파리바증권주식회사,A5,채무보증_매입확약,0,국내증권사,B,SF205,각주항목(09.06월 이후)
20234,202209,0011221,비엔피파리바증권주식회사,A6,채무보증_기타,0,국내증권사,B,SF205,각주항목(09.06월 이후)
20235,202209,0011221,비엔피파리바증권주식회사,B,투자자의 예수증권 등,9189000000,국내증권사,B,SF205,각주항목(09.06월 이후)
20236,202209,0011221,비엔피파리바증권주식회사,B1,투자자의 예수증권 등_예수 증권,9189000000,국내증권사,B,SF205,각주항목(09.06월 이후)
20237,202209,0011221,비엔피파리바증권주식회사,B2,투자자의 예수증권 등_예수양도성예금증서,0,국내증권사,B,SF205,각주항목(09.06월 이후)
20238,202209,0011221,비엔피파리바증권주식회사,B3,투자자의 예수증권 등_기타,0,국내증권사,B,SF205,각주항목(09.06월 이후)
20239,202209,0011221,비엔피파리바증권주식회사,C,파생상품계약,0,국내증권사,B,SF205,각주항목(09.06월 이후)
20240,202209,0011221,비엔피파리바증권주식회사,C1,파생상품계약_장내파생상품,0,국내증권사,B,SF205,각주항목(09.06월 이후)
20241,202209,0011221,비엔피파리바증권주식회사,C11,파생상품계약_장내파생상품_이자율관련거래,0,국내증권사,B,SF205,각주항목(09.06월 이후)
20242,202209,0011221,비엔피파리바증권주식회사,C12,파생상품계약_장내파생상품_통화관련거래,0,국내증권사,B,SF205,각주항목(09.06월 이후)
20243,202209,0011221,비엔피파리바증권주식회사,C13,파생상품계약_장내파생상품_주식관련거래,0,국내증권사,B,SF205,각주항목(09.06월 이후)
20244,202209,0011221,비엔피파리바증권주식회사,C14,파생상품계약_장내파생상품_일반상품관련거래,0,국내증권사,B,SF205,각주항목(09.06월 이후)
20245,202209,0011221,비엔피파리바증권주식회사,C15,파생상품계약_장내파생상품_기타,0,국내증권사,B,SF205,각주항목(09.06월 이후)
20246,202209,0011221,비엔피파리바증권주식회사,C2,파생상품계약_장외파생상품,0,국내증권사,B,SF205,각주항목(09.06월 이후)
20247,202209,0011221,비엔피파리바증권주식회사,C21,파생상품계약_장외파생상품_이자율관련거래,0,국내증권사,B,SF205,각주항목(09.06월 이후)
20248,202209,0011221,비엔피파리바증권주식회사,C22,파생상품계약_장외파생상품_통화관련거래,0,국내증권사,B,SF205,각주항목(09.06월 이후)
20249,202209,0011221,비엔피파리바증권주식회사,C23,파생상품계약_장외파생상품_주식관련거래,0,국내증권사,B,SF205,각주항목(09.06월 이후)
20250,202209,0011221,비엔피파리바증권주식회사,C24,파생상품계약_장외파생상품_신용관련거래,0,국내증권사,B,SF205,각주항목(09.06월 이후)
20251,202209,0011221,비엔피파리바증권주식회사,C25,파생상품계약_장외파생상품_기타,0,국내증권사,B,SF205,각주항목(09.06월 이후)
20252,202209,0011221,비엔피파리바증권주식회사,D,대차 및 대주거래,0,국내증권사,B,SF205,각주항목(09.06월 이후)
20253,202209,0011221,비엔피파리바증권주식회사,D1,대차 및 대주거래_대여증권,0,국내증권사,B,SF205,각주항목(09.06월 이후)
20254,202209,0011221,비엔피파리바증권주식회사,D2,대차 및 대주거래_차입증권,0,국내증권사,B,SF205,각주항목(09.06월 이후)
20255,202209,0011221,비엔피파리바증권주식회사,D3,대차 및 대주거래_신용거래대주,0,국내증권사,B,SF205,각주항목(09.06월 이후)
20256,202209,0011221,비엔피파리바증권주식회사,E,대손상각채권,0,국내증권사,B,SF205,각주항목(09.06월 이후)
20257,202209,0011221,비엔피파리바증권주식회사,F,환전업무 예치금,0,국내증권사,B,SF205,각주항목(09.06월 이후)
20258,202209,0011221,비엔피파리바증권주식회사,G,미배당별도예치금,0,국내증권사,B,SF205,각주항목(09.06월 이후)
20259,202209,0011221,비엔피파리바증권주식회사,H,배서어음매출(종금계정),0,국내증권사,B,SF205,각주항목(09.06월 이후)
20260,202209,0011221,비엔피파리바증권주식회사,H1,대출채권매매이익_담보부,0,국내증권사,B,SF205,각주항목(09.06월 이후)
20261,202209,0011221,비엔피파리바증권주식회사,H2,대출채권매매이익_무담보부,0,국내증권사,B,SF205,각주항목(09.06월 이후)
20262,202212,0011221,비엔피파리바증권주식회사,A,채무보증,0,국내증권사,B,SF205,각주항목(09.06월 이후)
20263,202212,0011221,비엔피파리바증권주식회사,A1,채무보증_지급보증,0,국내증권사,B,SF205,각주항목(09.06월 이후)
20264,202212,0011221,비엔피파리바증권주식회사,A2,채무보증_매입보장약정,0,국내증권사,B,SF205,각주항목(09.06월 이후)
20265,202212,0011221,비엔피파리바증권주식회사,A3,채무보증_채무인수약정,0,국내증권사,B,SF205,각주항목(09.06월 이후)
20266,202212,0011221,비엔피파리바증권주식회사,A5,채무보증_매입확약,0,국내증권사,B,SF205,각주항목(09.06월 이후)
20267,202212,0011221,비엔피파리바증권주식회사,A6,채무보증_기타,0,국내증권사,B,SF205,각주항목(09.06월 이후)
20268,202212,0011221,비엔피파리바증권주식회사,B,투자자의 예수증권 등,727309906305,국내증권사,B,SF205,각주항목(09.06월 이후)
20269,202212,0011221,비엔피파리바증권주식회사,B1,투자자의 예수증권 등_예수 증권,727309906305,국내증권사,B,SF205,각주항목(09.06월 이후)
20270,202212,0011221,비엔피파리바증권주식회사,B2,투자자의 예수증권 등_예수양도성예금증서,0,국내증권사,B,SF205,각주항목(09.06월 이후)
20271,202212,0011221,비엔피파리바증권주식회사,B3,투자자의 예수증권 등_기타,0,국내증권사,B,SF205,각주항목(09.06월 이후)
20272,202212,0011221,비엔피파리바증권주식회사,C,파생상품계약,0,국내증권사,B,SF205,각주항목(09.06월 이후)
20273,202212,0011221,비엔피파리바증권주식회사,C1,파생상품계약_장내파생상품,0,국내증권사,B,SF205,각주항목(09.06월 이후)
20274,202212,0011221,비엔피파리바증권주식회사,C11,파생상품계약_장내파생상품_이자율관련거래,0,국내증권사,B,SF205,각주항목(09.06월 이후)
20275,202212,0011221,비엔피파리바증권주식회사,C12,파생상품계약_장내파생상품_통화관련거래,0,국내증권사,B,SF205,각주항목(09.06월 이후)
20276,202212,0011221,비엔피파리바증권주식회사,C13,파생상품계약_장내파생상품_주식관련거래,0,국내증권사,B,SF205,각주항목(09.06월 이후)
20277,202212,0011221,비엔피파리바증권주식회사,C14,파생상품계약_장내파생상품_일반상품관련거래,0,국내증권사,B,SF205,각주항목(09.06월 이후)
20278,202212,0011221,비엔피파리바증권주식회사,C15,파생상품계약_장내파생상품_기타,0,국내증권사,B,SF205,각주항목(09.06월 이후)
20279,202212,0011221,비엔피파리바증권주식회사,C2,파생상품계약_장외파생상품,0,국내증권사,B,SF205,각주항목(09.06월 이후)
20280,202212,0011221,비엔피파리바증권주식회사,C21,파생상품계약_장외파생상품_이자율관련거래,0,국내증권사,B,SF205,각주항목(09.06월 이후)
20281,202212,0011221,비엔피파리바증권주식회사,C22,파생상품계약_장외파생상품_통화관련거래,0,국내증권사,B,SF205,각주항목(09.06월 이후)
20282,202212,0011221,비엔피파리바증권주식회사,C23,파생상품계약_장외파생상품_주식관련거래,0,국내증권사,B,SF205,각주항목(09.06월 이후)
20283,202212,0011221,비엔피파리바증권주식회사,C24,파생상품계약_장외파생상품_신용관련거래,0,국내증권사,B,SF205,각주항목(09.06월 이후)
20284,202212,0011221,비엔피파리바증권주식회사,C25,파생상품계약_장외파생상품_기타,0,국내증권사,B,SF205,각주항목(09.06월 이후)
20285,202212,0011221,비엔피파리바증권주식회사,D,대차 및 대주거래,0,국내증권사,B,SF205,각주항목(09.06월 이후)
20286,202212,0011221,비엔피파리바증권주식회사,D1,대차 및 대주거래_대여증권,0,국내증권사,B,SF205,각주항목(09.06월 이후)
20287,202212,0011221,비엔피파리바증권주식회사,D2,대차 및 대주거래_차입증권,0,국내증권사,B,SF205,각주항목(09.06월 이후)
20288,202212,0011221,비엔피파리바증권주식회사,D3,대차 및 대주거래_신용거래대주,0,국내증권사,B,SF205,각주항목(09.06월 이후)
20289,202212,0011221,비엔피파리바증권주식회사,E,대손상각채권,0,국내증권사,B,SF205,각주항목(09.06월 이후)
20290,202212,0011221,비엔피파리바증권주식회사,F,환전업무 예치금,0,국내증권사,B,SF205,각주항목(09.06월 이후)
20291,202212,0011221,비엔피파리바증권주식회사,G,미배당별도예치금,0,국내증권사,B,SF205,각주항목(09.06월 이후)
20292,202212,0011221,비엔피파리바증권주식회사,H,배서어음매출(종금계정),0,국내증권사,B,SF205,각주항목(09.06월 이후)
20293,202212,0011221,비엔피파리바증권주식회사,H1,대출채권매매이익_담보부,0,국내증권사,B,SF205,각주항목(09.06월 이후)
20294,202212,0011221,비엔피파리바증권주식회사,H2,대출채권매매이익_무담보부,0,국내증권사,B,SF205,각주항목(09.06월 이후)
20295,202303,0011221,비엔피파리바증권주식회사,A,채무보증,0,국내증권사,B,SF205,각주항목(09.06월 이후)
20296,202303,0011221,비엔피파리바증권주식회사,A1,채무보증_지급보증,0,국내증권사,B,SF205,각주항목(09.06월 이후)
20297,202303,0011221,비엔피파리바증권주식회사,A2,채무보증_매입보장약정,0,국내증권사,B,SF205,각주항목(09.06월 이후)
20298,202303,0011221,비엔피파리바증권주식회사,A3,채무보증_채무인수약정,0,국내증권사,B,SF205,각주항목(09.06월 이후)
20299,202303,0011221,비엔피파리바증권주식회사,A5,채무보증_매입확약,0,국내증권사,B,SF205,각주항목(09.06월 이후)
20300,202303,0011221,비엔피파리바증권주식회사,A6,채무보증_기타,0,국내증권사,B,SF205,각주항목(09.06월 이후)
20301,202303,0011221,비엔피파리바증권주식회사,B,투자자의 예수증권 등,953943691151,국내증권사,B,SF205,각주항목(09.06월 이후)
20302,202303,0011221,비엔피파리바증권주식회사,B1,투자자의 예수증권 등_예수 증권,953943691151,국내증권사,B,SF205,각주항목(09.06월 이후)
20303,202303,0011221,비엔피파리바증권주식회사,B2,투자자의 예수증권 등_예수양도성예금증서,0,국내증권사,B,SF205,각주항목(09.06월 이후)
20304,202303,0011221,비엔피파리바증권주식회사,B3,투자자의 예수증권 등_기타,0,국내증권사,B,SF205,각주항목(09.06월 이후)
20305,202303,0011221,비엔피파리바증권주식회사,C,파생상품계약,0,국내증권사,B,SF205,각주항목(09.06월 이후)
20306,202303,0011221,비엔피파리바증권주식회사,C1,파생상품계약_장내파생상품,0,국내증권사,B,SF205,각주항목(09.06월 이후)
20307,202303,0011221,비엔피파리바증권주식회사,C11,파생상품계약_장내파생상품_이자율관련거래,0,국내증권사,B,SF205,각주항목(09.06월 이후)
20308,202303,0011221,비엔피파리바증권주식회사,C12,파생상품계약_장내파생상품_통화관련거래,0,국내증권사,B,SF205,각주항목(09.06월 이후)
20309,202303,0011221,비엔피파리바증권주식회사,C13,파생상품계약_장내파생상품_주식관련거래,0,국내증권사,B,SF205,각주항목(09.06월 이후)
20310,202303,0011221,비엔피파리바증권주식회사,C14,파생상품계약_장내파생상품_일반상품관련거래,0,국내증권사,B,SF205,각주항목(09.06월 이후)
20311,202303,0011221,비엔피파리바증권주식회사,C15,파생상품계약_장내파생상품_기타,0,국내증권사,B,SF205,각주항목(09.06월 이후)
20312,202303,0011221,비엔피파리바증권주식회사,C2,파생상품계약_장외파생상품,0,국내증권사,B,SF205,각주항목(09.06월 이후)
20313,202303,0011221,비엔피파리바증권주식회사,C21,파생상품계약_장외파생상품_이자율관련거래,0,국내증권사,B,SF205,각주항목(09.06월 이후)
20314,202303,0011221,비엔피파리바증권주식회사,C22,파생상품계약_장외파생상품_통화관련거래,0,국내증권사,B,SF205,각주항목(09.06월 이후)
20315,202303,0011221,비엔피파리바증권주식회사,C23,파생상품계약_장외파생상품_주식관련거래,0,국내증권사,B,SF205,각주항목(09.06월 이후)
20316,202303,0011221,비엔피파리바증권주식회사,C24,파생상품계약_장외파생상품_신용관련거래,0,국내증권사,B,SF205,각주항목(09.06월 이후)
20317,202303,0011221,비엔피파리바증권주식회사,C25,파생상품계약_장외파생상품_기타,0,국내증권사,B,SF205,각주항목(09.06월 이후)
20318,202303,0011221,비엔피파리바증권주식회사,D,대차 및 대주거래,0,국내증권사,B,SF205,각주항목(09.06월 이후)
20319,202303,0011221,비엔피파리바증권주식회사,D1,대차 및 대주거래_대여증권,0,국내증권사,B,SF205,각주항목(09.06월 이후)
20320,202303,0011221,비엔피파리바증권주식회사,D2,대차 및 대주거래_차입증권,0,국내증권사,B,SF205,각주항목(09.06월 이후)
20321,202303,0011221,비엔피파리바증권주식회사,D3,대차 및 대주거래_신용거래대주,0,국내증권사,B,SF205,각주항목(09.06월 이후)
20322,202303,0011221,비엔피파리바증권주식회사,E,대손상각채권,0,국내증권사,B,SF205,각주항목(09.06월 이후)
20323,202303,0011221,비엔피파리바증권주식회사,F,환전업무 예치금,0,국내증권사,B,SF205,각주항목(09.06월 이후)
20324,202303,0011221,비엔피파리바증권주식회사,G,미배당별도예치금,0,국내증권사,B,SF205,각주항목(09.06월 이후)
20325,202303,0011221,비엔피파리바증권주식회사,H,배서어음매출(종금계정),0,국내증권사,B,SF205,각주항목(09.06월 이후)
20326,202303,0011221,비엔피파리바증권주식회사,H1,대출채권매매이익_담보부,0,국내증권사,B,SF205,각주항목(09.06월 이후)
20327,202303,0011221,비엔피파리바증권주식회사,H2,대출채권매매이익_무담보부,0,국내증권사,B,SF205,각주항목(09.06월 이후)
20328,202306,0011221,비엔피파리바증권주식회사,A,채무보증,0,국내증권사,B,SF205,각주항목(09.06월 이후)
20329,202306,0011221,비엔피파리바증권주식회사,A1,채무보증_지급보증,0,국내증권사,B,SF205,각주항목(09.06월 이후)
20330,202306,0011221,비엔피파리바증권주식회사,A2,채무보증_매입보장약정,0,국내증권사,B,SF205,각주항목(09.06월 이후)
20331,202306,0011221,비엔피파리바증권주식회사,A3,채무보증_채무인수약정,0,국내증권사,B,SF205,각주항목(09.06월 이후)
20332,202306,0011221,비엔피파리바증권주식회사,A5,채무보증_매입확약,0,국내증권사,B,SF205,각주항목(09.06월 이후)
20333,202306,0011221,비엔피파리바증권주식회사,A6,채무보증_기타,0,국내증권사,B,SF205,각주항목(09.06월 이후)
20334,202306,0011221,비엔피파리바증권주식회사,B,투자자의 예수증권 등,9443000000,국내증권사,B,SF205,각주항목(09.06월 이후)
20335,202306,0011221,비엔피파리바증권주식회사,B1,투자자의 예수증권 등_예수 증권,9443000000,국내증권사,B,SF205,각주항목(09.06월 이후)
20336,202306,0011221,비엔피파리바증권주식회사,B2,투자자의 예수증권 등_예수양도성예금증서,0,국내증권사,B,SF205,각주항목(09.06월 이후)
20337,202306,0011221,비엔피파리바증권주식회사,B3,투자자의 예수증권 등_기타,0,국내증권사,B,SF205,각주항목(09.06월 이후)
20338,202306,0011221,비엔피파리바증권주식회사,C,파생상품계약,0,국내증권사,B,SF205,각주항목(09.06월 이후)
20339,202306,0011221,비엔피파리바증권주식회사,C1,파생상품계약_장내파생상품,0,국내증권사,B,SF205,각주항목(09.06월 이후)
20340,202306,0011221,비엔피파리바증권주식회사,C11,파생상품계약_장내파생상품_이자율관련거래,0,국내증권사,B,SF205,각주항목(09.06월 이후)
20341,202306,0011221,비엔피파리바증권주식회사,C12,파생상품계약_장내파생상품_통화관련거래,0,국내증권사,B,SF205,각주항목(09.06월 이후)
20342,202306,0011221,비엔피파리바증권주식회사,C13,파생상품계약_장내파생상품_주식관련거래,0,국내증권사,B,SF205,각주항목(09.06월 이후)
20343,202306,0011221,비엔피파리바증권주식회사,C14,파생상품계약_장내파생상품_일반상품관련거래,0,국내증권사,B,SF205,각주항목(09.06월 이후)
20344,202306,0011221,비엔피파리바증권주식회사,C15,파생상품계약_장내파생상품_기타,0,국내증권사,B,SF205,각주항목(09.06월 이후)
20345,202306,0011221,비엔피파리바증권주식회사,C2,파생상품계약_장외파생상품,0,국내증권사,B,SF205,각주항목(09.06월 이후)
20346,202306,0011221,비엔피파리바증권주식회사,C21,파생상품계약_장외파생상품_이자율관련거래,0,국내증권사,B,SF205,각주항목(09.06월 이후)
20347,202306,0011221,비엔피파리바증권주식회사,C22,파생상품계약_장외파생상품_통화관련거래,0,국내증권사,B,SF205,각주항목(09.06월 이후)
20348,202306,0011221,비엔피파리바증권주식회사,C23,파생상품계약_장외파생상품_주식관련거래,0,국내증권사,B,SF205,각주항목(09.06월 이후)
20349,202306,0011221,비엔피파리바증권주식회사,C24,파생상품계약_장외파생상품_신용관련거래,0,국내증권사,B,SF205,각주항목(09.06월 이후)
20350,202306,0011221,비엔피파리바증권주식회사,C25,파생상품계약_장외파생상품_기타,0,국내증권사,B,SF205,각주항목(09.06월 이후)
20351,202306,0011221,비엔피파리바증권주식회사,D,대차 및 대주거래,0,국내증권사,B,SF205,각주항목(09.06월 이후)
20352,202306,0011221,비엔피파리바증권주식회사,D1,대차 및 대주거래_대여증권,0,국내증권사,B,SF205,각주항목(09.06월 이후)
20353,202306,0011221,비엔피파리바증권주식회사,D2,대차 및 대주거래_차입증권,0,국내증권사,B,SF205,각주항목(09.06월 이후)
20354,202306,0011221,비엔피파리바증권주식회사,D3,대차 및 대주거래_신용거래대주,0,국내증권사,B,SF205,각주항목(09.06월 이후)
20355,202306,0011221,비엔피파리바증권주식회사,E,대손상각채권,0,국내증권사,B,SF205,각주항목(09.06월 이후)
20356,202306,0011221,비엔피파리바증권주식회사,F,환전업무 예치금,0,국내증권사,B,SF205,각주항목(09.06월 이후)
20357,202306,0011221,비엔피파리바증권주식회사,G,미배당별도예치금,0,국내증권사,B,SF205,각주항목(09.06월 이후)
20358,202306,0011221,비엔피파리바증권주식회사,H,배서어음매출(종금계정),0,국내증권사,B,SF205,각주항목(09.06월 이후)
20359,202306,0011221,비엔피파리바증권주식회사,H1,대출채권매매이익_담보부,0,국내증권사,B,SF205,각주항목(09.06월 이후)
20360,202306,0011221,비엔피파리바증권주식회사,H2,대출채권매매이익_무담보부,0,국내증권사,B,SF205,각주항목(09.06월 이후)
20361,202309,0011221,비엔피파리바증권주식회사,A,채무보증,0,국내증권사,B,SF205,각주항목(09.06월 이후)
20362,202309,0011221,비엔피파리바증권주식회사,A1,채무보증_지급보증,0,국내증권사,B,SF205,각주항목(09.06월 이후)
20363,202309,0011221,비엔피파리바증권주식회사,A2,채무보증_매입보장약정,0,국내증권사,B,SF205,각주항목(09.06월 이후)
20364,202309,0011221,비엔피파리바증권주식회사,A3,채무보증_채무인수약정,0,국내증권사,B,SF205,각주항목(09.06월 이후)
20365,202309,0011221,비엔피파리바증권주식회사,A5,채무보증_매입확약,0,국내증권사,B,SF205,각주항목(09.06월 이후)
20366,202309,0011221,비엔피파리바증권주식회사,A6,채무보증_기타,0,국내증권사,B,SF205,각주항목(09.06월 이후)
20367,202309,0011221,비엔피파리바증권주식회사,B,투자자의 예수증권 등,9448000000,국내증권사,B,SF205,각주항목(09.06월 이후)
20368,202309,0011221,비엔피파리바증권주식회사,B1,투자자의 예수증권 등_예수 증권,9448000000,국내증권사,B,SF205,각주항목(09.06월 이후)
20369,202309,0011221,비엔피파리바증권주식회사,B2,투자자의 예수증권 등_예수양도성예금증서,0,국내증권사,B,SF205,각주항목(09.06월 이후)
20370,202309,0011221,비엔피파리바증권주식회사,B3,투자자의 예수증권 등_기타,0,국내증권사,B,SF205,각주항목(09.06월 이후)
20371,202309,0011221,비엔피파리바증권주식회사,C,파생상품계약,0,국내증권사,B,SF205,각주항목(09.06월 이후)
20372,202309,0011221,비엔피파리바증권주식회사,C1,파생상품계약_장내파생상품,0,국내증권사,B,SF205,각주항목(09.06월 이후)
20373,202309,0011221,비엔피파리바증권주식회사,C11,파생상품계약_장내파생상품_이자율관련거래,0,국내증권사,B,SF205,각주항목(09.06월 이후)
20374,202309,0011221,비엔피파리바증권주식회사,C12,파생상품계약_장내파생상품_통화관련거래,0,국내증권사,B,SF205,각주항목(09.06월 이후)
20375,202309,0011221,비엔피파리바증권주식회사,C13,파생상품계약_장내파생상품_주식관련거래,0,국내증권사,B,SF205,각주항목(09.06월 이후)
20376,202309,0011221,비엔피파리바증권주식회사,C14,파생상품계약_장내파생상품_일반상품관련거래,0,국내증권사,B,SF205,각주항목(09.06월 이후)
20377,202309,0011221,비엔피파리바증권주식회사,C15,파생상품계약_장내파생상품_기타,0,국내증권사,B,SF205,각주항목(09.06월 이후)
20378,202309,0011221,비엔피파리바증권주식회사,C2,파생상품계약_장외파생상품,0,국내증권사,B,SF205,각주항목(09.06월 이후)
20379,202309,0011221,비엔피파리바증권주식회사,C21,파생상품계약_장외파생상품_이자율관련거래,0,국내증권사,B,SF205,각주항목(09.06월 이후)
20380,202309,0011221,비엔피파리바증권주식회사,C22,파생상품계약_장외파생상품_통화관련거래,0,국내증권사,B,SF205,각주항목(09.06월 이후)
20381,202309,0011221,비엔피파리바증권주식회사,C23,파생상품계약_장외파생상품_주식관련거래,0,국내증권사,B,SF205,각주항목(09.06월 이후)
20382,202309,0011221,비엔피파리바증권주식회사,C24,파생상품계약_장외파생상품_신용관련거래,0,국내증권사,B,SF205,각주항목(09.06월 이후)
20383,202309,0011221,비엔피파리바증권주식회사,C25,파생상품계약_장외파생상품_기타,0,국내증권사,B,SF205,각주항목(09.06월 이후)
20384,202309,0011221,비엔피파리바증권주식회사,D,대차 및 대주거래,0,국내증권사,B,SF205,각주항목(09.06월 이후)
20385,202309,0011221,비엔피파리바증권주식회사,D1,대차 및 대주거래_대여증권,0,국내증권사,B,SF205,각주항목(09.06월 이후)
20386,202309,0011221,비엔피파리바증권주식회사,D2,대차 및 대주거래_차입증권,0,국내증권사,B,SF205,각주항목(09.06월 이후)
20387,202309,0011221,비엔피파리바증권주식회사,D3,대차 및 대주거래_신용거래대주,0,국내증권사,B,SF205,각주항목(09.06월 이후)
20388,202309,0011221,비엔피파리바증권주식회사,E,대손상각채권,0,국내증권사,B,SF205,각주항목(09.06월 이후)
20389,202309,0011221,비엔피파리바증권주식회사,F,환전업무 예치금,0,국내증권사,B,SF205,각주항목(09.06월 이후)
20390,202309,0011221,비엔피파리바증권주식회사,G,미배당별도예치금,0,국내증권사,B,SF205,각주항목(09.06월 이후)
20391,202309,0011221,비엔피파리바증권주식회사,H,배서어음매출(종금계정),0,국내증권사,B,SF205,각주항목(09.06월 이후)
20392,202309,0011221,비엔피파리바증권주식회사,H1,대출채권매매이익_담보부,0,국내증권사,B,SF205,각주항목(09.06월 이후)
20393,202309,0011221,비엔피파리바증권주식회사,H2,대출채권매매이익_무담보부,0,국내증권사,B,SF205,각주항목(09.06월 이후)
20394,202312,0011221,비엔피파리바증권주식회사,A,채무보증,0,국내증권사,B,SF205,각주항목(09.06월 이후)
20395,202312,0011221,비엔피파리바증권주식회사,A1,채무보증_지급보증,0,국내증권사,B,SF205,각주항목(09.06월 이후)
20396,202312,0011221,비엔피파리바증권주식회사,A2,채무보증_매입보장약정,0,국내증권사,B,SF205,각주항목(09.06월 이후)
20397,202312,0011221,비엔피파리바증권주식회사,A3,채무보증_채무인수약정,0,국내증권사,B,SF205,각주항목(09.06월 이후)
20398,202312,0011221,비엔피파리바증권주식회사,A5,채무보증_매입확약,0,국내증권사,B,SF205,각주항목(09.06월 이후)
20399,202312,0011221,비엔피파리바증권주식회사,A6,채무보증_기타,0,국내증권사,B,SF205,각주항목(09.06월 이후)
20400,202312,0011221,비엔피파리바증권주식회사,B,투자자의 예수증권 등,9662000000,국내증권사,B,SF205,각주항목(09.06월 이후)
20401,202312,0011221,비엔피파리바증권주식회사,B1,투자자의 예수증권 등_예수 증권,9662000000,국내증권사,B,SF205,각주항목(09.06월 이후)
20402,202312,0011221,비엔피파리바증권주식회사,B2,투자자의 예수증권 등_예수양도성예금증서,0,국내증권사,B,SF205,각주항목(09.06월 이후)
20403,202312,0011221,비엔피파리바증권주식회사,B3,투자자의 예수증권 등_기타,0,국내증권사,B,SF205,각주항목(09.06월 이후)
20404,202312,0011221,비엔피파리바증권주식회사,C,파생상품계약,0,국내증권사,B,SF205,각주항목(09.06월 이후)
20405,202312,0011221,비엔피파리바증권주식회사,C1,파생상품계약_장내파생상품,0,국내증권사,B,SF205,각주항목(09.06월 이후)
20406,202312,0011221,비엔피파리바증권주식회사,C11,파생상품계약_장내파생상품_이자율관련거래,0,국내증권사,B,SF205,각주항목(09.06월 이후)
20407,202312,0011221,비엔피파리바증권주식회사,C12,파생상품계약_장내파생상품_통화관련거래,0,국내증권사,B,SF205,각주항목(09.06월 이후)
20408,202312,0011221,비엔피파리바증권주식회사,C13,파생상품계약_장내파생상품_주식관련거래,0,국내증권사,B,SF205,각주항목(09.06월 이후)
20409,202312,0011221,비엔피파리바증권주식회사,C14,파생상품계약_장내파생상품_일반상품관련거래,0,국내증권사,B,SF205,각주항목(09.06월 이후)
20410,202312,0011221,비엔피파리바증권주식회사,C15,파생상품계약_장내파생상품_기타,0,국내증권사,B,SF205,각주항목(09.06월 이후)
20411,202312,0011221,비엔피파리바증권주식회사,C2,파생상품계약_장외파생상품,0,국내증권사,B,SF205,각주항목(09.06월 이후)
20412,202312,0011221,비엔피파리바증권주식회사,C21,파생상품계약_장외파생상품_이자율관련거래,0,국내증권사,B,SF205,각주항목(09.06월 이후)
20413,202312,0011221,비엔피파리바증권주식회사,C22,파생상품계약_장외파생상품_통화관련거래,0,국내증권사,B,SF205,각주항목(09.06월 이후)
20414,202312,0011221,비엔피파리바증권주식회사,C23,파생상품계약_장외파생상품_주식관련거래,0,국내증권사,B,SF205,각주항목(09.06월 이후)
20415,202312,0011221,비엔피파리바증권주식회사,C24,파생상품계약_장외파생상품_신용관련거래,0,국내증권사,B,SF205,각주항목(09.06월 이후)
20416,202312,0011221,비엔피파리바증권주식회사,C25,파생상품계약_장외파생상품_기타,0,국내증권사,B,SF205,각주항목(09.06월 이후)
20417,202312,0011221,비엔피파리바증권주식회사,D,대차 및 대주거래,0,국내증권사,B,SF205,각주항목(09.06월 이후)
20418,202312,0011221,비엔피파리바증권주식회사,D1,대차 및 대주거래_대여증권,0,국내증권사,B,SF205,각주항목(09.06월 이후)
20419,202312,0011221,비엔피파리바증권주식회사,D2,대차 및 대주거래_차입증권,0,국내증권사,B,SF205,각주항목(09.06월 이후)
20420,202312,0011221,비엔피파리바증권주식회사,D3,대차 및 대주거래_신용거래대주,0,국내증권사,B,SF205,각주항목(09.06월 이후)
20421,202312,0011221,비엔피파리바증권주식회사,E,대손상각채권,0,국내증권사,B,SF205,각주항목(09.06월 이후)
20422,202312,0011221,비엔피파리바증권주식회사,F,환전업무 예치금,0,국내증권사,B,SF205,각주항목(09.06월 이후)
20423,202312,0011221,비엔피파리바증권주식회사,G,미배당별도예치금,0,국내증권사,B,SF205,각주항목(09.06월 이후)
20424,202312,0011221,비엔피파리바증권주식회사,H,배서어음매출(종금계정),0,국내증권사,B,SF205,각주항목(09.06월 이후)
20425,202312,0011221,비엔피파리바증권주식회사,H1,대출채권매매이익_담보부,0,국내증권사,B,SF205,각주항목(09.06월 이후)
20426,202312,0011221,비엔피파리바증권주식회사,H2,대출채권매매이익_무담보부,0,국내증권사,B,SF205,각주항목(09.06월 이후)
20427,202403,0011221,비엔피파리바증권주식회사,A,채무보증,0,국내증권사,B,SF205,각주항목(09.06월 이후)
20428,202403,0011221,비엔피파리바증권주식회사,A1,채무보증_지급보증,0,국내증권사,B,SF205,각주항목(09.06월 이후)
20429,202403,0011221,비엔피파리바증권주식회사,A2,채무보증_매입보장약정,0,국내증권사,B,SF205,각주항목(09.06월 이후)
20430,202403,0011221,비엔피파리바증권주식회사,A3,채무보증_채무인수약정,0,국내증권사,B,SF205,각주항목(09.06월 이후)
20431,202403,0011221,비엔피파리바증권주식회사,A5,채무보증_매입확약,0,국내증권사,B,SF205,각주항목(09.06월 이후)
20432,202403,0011221,비엔피파리바증권주식회사,A6,채무보증_기타,0,국내증권사,B,SF205,각주항목(09.06월 이후)
20433,202403,0011221,비엔피파리바증권주식회사,B,투자자의 예수증권 등,9691000000,국내증권사,B,SF205,각주항목(09.06월 이후)
20434,202403,0011221,비엔피파리바증권주식회사,B1,투자자의 예수증권 등_예수 증권,9691000000,국내증권사,B,SF205,각주항목(09.06월 이후)
20435,202403,0011221,비엔피파리바증권주식회사,B2,투자자의 예수증권 등_예수양도성예금증서,0,국내증권사,B,SF205,각주항목(09.06월 이후)
20436,202403,0011221,비엔피파리바증권주식회사,B3,투자자의 예수증권 등_기타,0,국내증권사,B,SF205,각주항목(09.06월 이후)
20437,202403,0011221,비엔피파리바증권주식회사,C,파생상품계약,0,국내증권사,B,SF205,각주항목(09.06월 이후)
20438,202403,0011221,비엔피파리바증권주식회사,C1,파생상품계약_장내파생상품,0,국내증권사,B,SF205,각주항목(09.06월 이후)
20439,202403,0011221,비엔피파리바증권주식회사,C11,파생상품계약_장내파생상품_이자율관련거래,0,국내증권사,B,SF205,각주항목(09.06월 이후)
20440,202403,0011221,비엔피파리바증권주식회사,C12,파생상품계약_장내파생상품_통화관련거래,0,국내증권사,B,SF205,각주항목(09.06월 이후)
20441,202403,0011221,비엔피파리바증권주식회사,C13,파생상품계약_장내파생상품_주식관련거래,0,국내증권사,B,SF205,각주항목(09.06월 이후)
20442,202403,0011221,비엔피파리바증권주식회사,C14,파생상품계약_장내파생상품_일반상품관련거래,0,국내증권사,B,SF205,각주항목(09.06월 이후)
20443,202403,0011221,비엔피파리바증권주식회사,C15,파생상품계약_장내파생상품_기타,0,국내증권사,B,SF205,각주항목(09.06월 이후)
20444,202403,0011221,비엔피파리바증권주식회사,C2,파생상품계약_장외파생상품,0,국내증권사,B,SF205,각주항목(09.06월 이후)
20445,202403,0011221,비엔피파리바증권주식회사,C21,파생상품계약_장외파생상품_이자율관련거래,0,국내증권사,B,SF205,각주항목(09.06월 이후)
20446,202403,0011221,비엔피파리바증권주식회사,C22,파생상품계약_장외파생상품_통화관련거래,0,국내증권사,B,SF205,각주항목(09.06월 이후)
20447,202403,0011221,비엔피파리바증권주식회사,C23,파생상품계약_장외파생상품_주식관련거래,0,국내증권사,B,SF205,각주항목(09.06월 이후)
20448,202403,0011221,비엔피파리바증권주식회사,C24,파생상품계약_장외파생상품_신용관련거래,0,국내증권사,B,SF205,각주항목(09.06월 이후)
20449,202403,0011221,비엔피파리바증권주식회사,C25,파생상품계약_장외파생상품_기타,0,국내증권사,B,SF205,각주항목(09.06월 이후)
20450,202403,0011221,비엔피파리바증권주식회사,D,대차 및 대주거래,0,국내증권사,B,SF205,각주항목(09.06월 이후)
20451,202403,0011221,비엔피파리바증권주식회사,D1,대차 및 대주거래_대여증권,0,국내증권사,B,SF205,각주항목(09.06월 이후)
20452,202403,0011221,비엔피파리바증권주식회사,D2,대차 및 대주거래_차입증권,0,국내증권사,B,SF205,각주항목(09.06월 이후)
20453,202403,0011221,비엔피파리바증권주식회사,D3,대차 및 대주거래_신용거래대주,0,국내증권사,B,SF205,각주항목(09.06월 이후)
20454,202403,0011221,비엔피파리바증권주식회사,E,대손상각채권,0,국내증권사,B,SF205,각주항목(09.06월 이후)
20455,202403,0011221,비엔피파리바증권주식회사,F,환전업무 예치금,0,국내증권사,B,SF205,각주항목(09.06월 이후)
20456,202403,0011221,비엔피파리바증권주식회사,G,미배당별도예치금,0,국내증권사,B,SF205,각주항목(09.06월 이후)
20457,202403,0011221,비엔피파리바증권주식회사,H,배서어음매출(종금계정),0,국내증권사,B,SF205,각주항목(09.06월 이후)
20458,202403,0011221,비엔피파리바증권주식회사,H1,대출채권매매이익_담보부,0,국내증권사,B,SF205,각주항목(09.06월 이후)
20459,202403,0011221,비엔피파리바증권주식회사,H2,대출채권매매이익_무담보부,0,국내증권사,B,SF205,각주항목(09.06월 이후)
20460,202406,0011221,비엔피파리바증권주식회사,A,채무보증,0,국내증권사,B,SF205,각주항목(09.06월 이후)
20461,202406,0011221,비엔피파리바증권주식회사,A1,채무보증_지급보증,0,국내증권사,B,SF205,각주항목(09.06월 이후)
20462,202406,0011221,비엔피파리바증권주식회사,A2,채무보증_매입보장약정,0,국내증권사,B,SF205,각주항목(09.06월 이후)
20463,202406,0011221,비엔피파리바증권주식회사,A3,채무보증_채무인수약정,0,국내증권사,B,SF205,각주항목(09.06월 이후)
20464,202406,0011221,비엔피파리바증권주식회사,A5,채무보증_매입확약,0,국내증권사,B,SF205,각주항목(09.06월 이후)
20465,202406,0011221,비엔피파리바증권주식회사,A6,채무보증_기타,0,국내증권사,B,SF205,각주항목(09.06월 이후)
20466,202406,0011221,비엔피파리바증권주식회사,B,투자자의 예수증권 등,161937665000,국내증권사,B,SF205,각주항목(09.06월 이후)
20467,202406,0011221,비엔피파리바증권주식회사,B1,투자자의 예수증권 등_예수 증권,161937665000,국내증권사,B,SF205,각주항목(09.06월 이후)
20468,202406,0011221,비엔피파리바증권주식회사,B2,투자자의 예수증권 등_예수양도성예금증서,0,국내증권사,B,SF205,각주항목(09.06월 이후)
20469,202406,0011221,비엔피파리바증권주식회사,B3,투자자의 예수증권 등_기타,0,국내증권사,B,SF205,각주항목(09.06월 이후)
20470,202406,0011221,비엔피파리바증권주식회사,C,파생상품계약,0,국내증권사,B,SF205,각주항목(09.06월 이후)
20471,202406,0011221,비엔피파리바증권주식회사,C1,파생상품계약_장내파생상품,0,국내증권사,B,SF205,각주항목(09.06월 이후)
20472,202406,0011221,비엔피파리바증권주식회사,C11,파생상품계약_장내파생상품_이자율관련거래,0,국내증권사,B,SF205,각주항목(09.06월 이후)
20473,202406,0011221,비엔피파리바증권주식회사,C12,파생상품계약_장내파생상품_통화관련거래,0,국내증권사,B,SF205,각주항목(09.06월 이후)
20474,202406,0011221,비엔피파리바증권주식회사,C13,파생상품계약_장내파생상품_주식관련거래,0,국내증권사,B,SF205,각주항목(09.06월 이후)
20475,202406,0011221,비엔피파리바증권주식회사,C14,파생상품계약_장내파생상품_일반상품관련거래,0,국내증권사,B,SF205,각주항목(09.06월 이후)
20476,202406,0011221,비엔피파리바증권주식회사,C15,파생상품계약_장내파생상품_기타,0,국내증권사,B,SF205,각주항목(09.06월 이후)
20477,202406,0011221,비엔피파리바증권주식회사,C2,파생상품계약_장외파생상품,0,국내증권사,B,SF205,각주항목(09.06월 이후)
20478,202406,0011221,비엔피파리바증권주식회사,C21,파생상품계약_장외파생상품_이자율관련거래,0,국내증권사,B,SF205,각주항목(09.06월 이후)
20479,202406,0011221,비엔피파리바증권주식회사,C22,파생상품계약_장외파생상품_통화관련거래,0,국내증권사,B,SF205,각주항목(09.06월 이후)
20480,202406,0011221,비엔피파리바증권주식회사,C23,파생상품계약_장외파생상품_주식관련거래,0,국내증권사,B,SF205,각주항목(09.06월 이후)
20481,202406,0011221,비엔피파리바증권주식회사,C24,파생상품계약_장외파생상품_신용관련거래,0,국내증권사,B,SF205,각주항목(09.06월 이후)
20482,202406,0011221,비엔피파리바증권주식회사,C25,파생상품계약_장외파생상품_기타,0,국내증권사,B,SF205,각주항목(09.06월 이후)
20483,202406,0011221,비엔피파리바증권주식회사,D,대차 및 대주거래,0,국내증권사,B,SF205,각주항목(09.06월 이후)
20484,202406,0011221,비엔피파리바증권주식회사,D1,대차 및 대주거래_대여증권,0,국내증권사,B,SF205,각주항목(09.06월 이후)
20485,202406,0011221,비엔피파리바증권주식회사,D2,대차 및 대주거래_차입증권,0,국내증권사,B,SF205,각주항목(09.06월 이후)
20486,202406,0011221,비엔피파리바증권주식회사,D3,대차 및 대주거래_신용거래대주,0,국내증권사,B,SF205,각주항목(09.06월 이후)
20487,202406,0011221,비엔피파리바증권주식회사,E,대손상각채권,0,국내증권사,B,SF205,각주항목(09.06월 이후)
20488,202406,0011221,비엔피파리바증권주식회사,F,환전업무 예치금,0,국내증권사,B,SF205,각주항목(09.06월 이후)
20489,202406,0011221,비엔피파리바증권주식회사,G,미배당별도예치금,0,국내증권사,B,SF205,각주항목(09.06월 이후)
20490,202406,0011221,비엔피파리바증권주식회사,H,배서어음매출(종금계정),0,국내증권사,B,SF205,각주항목(09.06월 이후)
20491,202406,0011221,비엔피파리바증권주식회사,H1,대출채권매매이익_담보부,0,국내증권사,B,SF205,각주항목(09.06월 이후)
20492,202406,0011221,비엔피파리바증권주식회사,H2,대출채권매매이익_무담보부,0,국내증권사,B,SF205,각주항목(09.06월 이후)
20493,202409,0011221,비엔피파리바증권주식회사,A,채무보증,0,국내증권사,B,SF205,각주항목(09.06월 이후)
20494,202409,0011221,비엔피파리바증권주식회사,A1,채무보증_지급보증,0,국내증권사,B,SF205,각주항목(09.06월 이후)
20495,202409,0011221,비엔피파리바증권주식회사,A2,채무보증_매입보장약정,0,국내증권사,B,SF205,각주항목(09.06월 이후)
20496,202409,0011221,비엔피파리바증권주식회사,A3,채무보증_채무인수약정,0,국내증권사,B,SF205,각주항목(09.06월 이후)
20497,202409,0011221,비엔피파리바증권주식회사,A5,채무보증_매입확약,0,국내증권사,B,SF205,각주항목(09.06월 이후)
20498,202409,0011221,비엔피파리바증권주식회사,A6,채무보증_기타,0,국내증권사,B,SF205,각주항목(09.06월 이후)
20499,202409,0011221,비엔피파리바증권주식회사,B,투자자의 예수증권 등,273583465000,국내증권사,B,SF205,각주항목(09.06월 이후)
20500,202409,0011221,비엔피파리바증권주식회사,B1,투자자의 예수증권 등_예수 증권,273583465000,국내증권사,B,SF205,각주항목(09.06월 이후)
20501,202409,0011221,비엔피파리바증권주식회사,B2,투자자의 예수증권 등_예수양도성예금증서,0,국내증권사,B,SF205,각주항목(09.06월 이후)
20502,202409,0011221,비엔피파리바증권주식회사,B3,투자자의 예수증권 등_기타,0,국내증권사,B,SF205,각주항목(09.06월 이후)
20503,202409,0011221,비엔피파리바증권주식회사,C,파생상품계약,0,국내증권사,B,SF205,각주항목(09.06월 이후)
20504,202409,0011221,비엔피파리바증권주식회사,C1,파생상품계약_장내파생상품,0,국내증권사,B,SF205,각주항목(09.06월 이후)
20505,202409,0011221,비엔피파리바증권주식회사,C11,파생상품계약_장내파생상품_이자율관련거래,0,국내증권사,B,SF205,각주항목(09.06월 이후)
20506,202409,0011221,비엔피파리바증권주식회사,C12,파생상품계약_장내파생상품_통화관련거래,0,국내증권사,B,SF205,각주항목(09.06월 이후)
20507,202409,0011221,비엔피파리바증권주식회사,C13,파생상품계약_장내파생상품_주식관련거래,0,국내증권사,B,SF205,각주항목(09.06월 이후)
20508,202409,0011221,비엔피파리바증권주식회사,C14,파생상품계약_장내파생상품_일반상품관련거래,0,국내증권사,B,SF205,각주항목(09.06월 이후)
20509,202409,0011221,비엔피파리바증권주식회사,C15,파생상품계약_장내파생상품_기타,0,국내증권사,B,SF205,각주항목(09.06월 이후)
20510,202409,0011221,비엔피파리바증권주식회사,C2,파생상품계약_장외파생상품,0,국내증권사,B,SF205,각주항목(09.06월 이후)
20511,202409,0011221,비엔피파리바증권주식회사,C21,파생상품계약_장외파생상품_이자율관련거래,0,국내증권사,B,SF205,각주항목(09.06월 이후)
20512,202409,0011221,비엔피파리바증권주식회사,C22,파생상품계약_장외파생상품_통화관련거래,0,국내증권사,B,SF205,각주항목(09.06월 이후)
20513,202409,0011221,비엔피파리바증권주식회사,C23,파생상품계약_장외파생상품_주식관련거래,0,국내증권사,B,SF205,각주항목(09.06월 이후)
20514,202409,0011221,비엔피파리바증권주식회사,C24,파생상품계약_장외파생상품_신용관련거래,0,국내증권사,B,SF205,각주항목(09.06월 이후)
20515,202409,0011221,비엔피파리바증권주식회사,C25,파생상품계약_장외파생상품_기타,0,국내증권사,B,SF205,각주항목(09.06월 이후)
20516,202409,0011221,비엔피파리바증권주식회사,D,대차 및 대주거래,0,국내증권사,B,SF205,각주항목(09.06월 이후)
20517,202409,0011221,비엔피파리바증권주식회사,D1,대차 및 대주거래_대여증권,0,국내증권사,B,SF205,각주항목(09.06월 이후)
20518,202409,0011221,비엔피파리바증권주식회사,D2,대차 및 대주거래_차입증권,0,국내증권사,B,SF205,각주항목(09.06월 이후)
20519,202409,0011221,비엔피파리바증권주식회사,D3,대차 및 대주거래_신용거래대주,0,국내증권사,B,SF205,각주항목(09.06월 이후)
20520,202409,0011221,비엔피파리바증권주식회사,E,대손상각채권,0,국내증권사,B,SF205,각주항목(09.06월 이후)
20521,202409,0011221,비엔피파리바증권주식회사,F,환전업무 예치금,0,국내증권사,B,SF205,각주항목(09.06월 이후)
20522,202409,0011221,비엔피파리바증권주식회사,G,미배당별도예치금,0,국내증권사,B,SF205,각주항목(09.06월 이후)
20523,202409,0011221,비엔피파리바증권주식회사,H,배서어음매출(종금계정),0,국내증권사,B,SF205,각주항목(09.06월 이후)
20524,202409,0011221,비엔피파리바증권주식회사,H1,대출채권매매이익_담보부,0,국내증권사,B,SF205,각주항목(09.06월 이후)
20525,202409,0011221,비엔피파리바증권주식회사,H2,대출채권매매이익_무담보부,0,국내증권사,B,SF205,각주항목(09.06월 이후)
20526,202412,0011221,비엔피파리바증권주식회사,A,채무보증,0,국내증권사,B,SF205,각주항목(09.06월 이후)
20527,202412,0011221,비엔피파리바증권주식회사,A1,채무보증_지급보증,0,국내증권사,B,SF205,각주항목(09.06월 이후)
20528,202412,0011221,비엔피파리바증권주식회사,A2,채무보증_매입보장약정,0,국내증권사,B,SF205,각주항목(09.06월 이후)
20529,202412,0011221,비엔피파리바증권주식회사,A3,채무보증_채무인수약정,0,국내증권사,B,SF205,각주항목(09.06월 이후)
20530,202412,0011221,비엔피파리바증권주식회사,A5,채무보증_매입확약,0,국내증권사,B,SF205,각주항목(09.06월 이후)
20531,202412,0011221,비엔피파리바증권주식회사,A6,채무보증_기타,0,국내증권사,B,SF205,각주항목(09.06월 이후)
20532,202412,0011221,비엔피파리바증권주식회사,B,투자자의 예수증권 등,308118659050,국내증권사,B,SF205,각주항목(09.06월 이후)
20533,202412,0011221,비엔피파리바증권주식회사,B1,투자자의 예수증권 등_예수 증권,308118659050,국내증권사,B,SF205,각주항목(09.06월 이후)
20534,202412,0011221,비엔피파리바증권주식회사,B2,투자자의 예수증권 등_예수양도성예금증서,0,국내증권사,B,SF205,각주항목(09.06월 이후)
20535,202412,0011221,비엔피파리바증권주식회사,B3,투자자의 예수증권 등_기타,0,국내증권사,B,SF205,각주항목(09.06월 이후)
20536,202412,0011221,비엔피파리바증권주식회사,C,파생상품계약,0,국내증권사,B,SF205,각주항목(09.06월 이후)
20537,202412,0011221,비엔피파리바증권주식회사,C1,파생상품계약_장내파생상품,0,국내증권사,B,SF205,각주항목(09.06월 이후)
20538,202412,0011221,비엔피파리바증권주식회사,C11,파생상품계약_장내파생상품_이자율관련거래,0,국내증권사,B,SF205,각주항목(09.06월 이후)
20539,202412,0011221,비엔피파리바증권주식회사,C12,파생상품계약_장내파생상품_통화관련거래,0,국내증권사,B,SF205,각주항목(09.06월 이후)
20540,202412,0011221,비엔피파리바증권주식회사,C13,파생상품계약_장내파생상품_주식관련거래,0,국내증권사,B,SF205,각주항목(09.06월 이후)
20541,202412,0011221,비엔피파리바증권주식회사,C14,파생상품계약_장내파생상품_일반상품관련거래,0,국내증권사,B,SF205,각주항목(09.06월 이후)
20542,202412,0011221,비엔피파리바증권주식회사,C15,파생상품계약_장내파생상품_기타,0,국내증권사,B,SF205,각주항목(09.06월 이후)
20543,202412,0011221,비엔피파리바증권주식회사,C2,파생상품계약_장외파생상품,0,국내증권사,B,SF205,각주항목(09.06월 이후)
20544,202412,0011221,비엔피파리바증권주식회사,C21,파생상품계약_장외파생상품_이자율관련거래,0,국내증권사,B,SF205,각주항목(09.06월 이후)
20545,202412,0011221,비엔피파리바증권주식회사,C22,파생상품계약_장외파생상품_통화관련거래,0,국내증권사,B,SF205,각주항목(09.06월 이후)
20546,202412,0011221,비엔피파리바증권주식회사,C23,파생상품계약_장외파생상품_주식관련거래,0,국내증권사,B,SF205,각주항목(09.06월 이후)
20547,202412,0011221,비엔피파리바증권주식회사,C24,파생상품계약_장외파생상품_신용관련거래,0,국내증권사,B,SF205,각주항목(09.06월 이후)
20548,202412,0011221,비엔피파리바증권주식회사,C25,파생상품계약_장외파생상품_기타,0,국내증권사,B,SF205,각주항목(09.06월 이후)
20549,202412,0011221,비엔피파리바증권주식회사,D,대차 및 대주거래,0,국내증권사,B,SF205,각주항목(09.06월 이후)
20550,202412,0011221,비엔피파리바증권주식회사,D1,대차 및 대주거래_대여증권,0,국내증권사,B,SF205,각주항목(09.06월 이후)
20551,202412,0011221,비엔피파리바증권주식회사,D2,대차 및 대주거래_차입증권,0,국내증권사,B,SF205,각주항목(09.06월 이후)
20552,202412,0011221,비엔피파리바증권주식회사,D3,대차 및 대주거래_신용거래대주,0,국내증권사,B,SF205,각주항목(09.06월 이후)
20553,202412,0011221,비엔피파리바증권주식회사,E,대손상각채권,0,국내증권사,B,SF205,각주항목(09.06월 이후)
20554,202412,0011221,비엔피파리바증권주식회사,F,환전업무 예치금,0,국내증권사,B,SF205,각주항목(09.06월 이후)
20555,202412,0011221,비엔피파리바증권주식회사,G,미배당별도예치금,0,국내증권사,B,SF205,각주항목(09.06월 이후)
20556,202412,0011221,비엔피파리바증권주식회사,H,배서어음매출(종금계정),0,국내증권사,B,SF205,각주항목(09.06월 이후)
20557,202412,0011221,비엔피파리바증권주식회사,H1,대출채권매매이익_담보부,0,국내증권사,B,SF205,각주항목(09.06월 이후)
20558,202412,0011221,비엔피파리바증권주식회사,H2,대출채권매매이익_무담보부,0,국내증권사,B,SF205,각주항목(09.06월 이후)
20559,201703,0010119,삼성증권(주),A,채무보증,334561313574,국내증권사,B,SF205,각주항목(09.06월 이후)
20560,201703,0010119,삼성증권(주),A1,채무보증_지급보증,0,국내증권사,B,SF205,각주항목(09.06월 이후)
20561,201703,0010119,삼성증권(주),A2,채무보증_매입보장약정,280000000000,국내증권사,B,SF205,각주항목(09.06월 이후)
20562,201703,0010119,삼성증권(주),A3,채무보증_채무인수약정, ,국내증권사,B,SF205,각주항목(09.06월 이후)
20563,201703,0010119,삼성증권(주),A5,채무보증_매입확약,54561313574,국내증권사,B,SF205,각주항목(09.06월 이후)
20564,201703,0010119,삼성증권(주),A6,채무보증_기타,0,국내증권사,B,SF205,각주항목(09.06월 이후)
20565,201703,0010119,삼성증권(주),B,투자자의 예수증권 등,253929527045853,국내증권사,B,SF205,각주항목(09.06월 이후)
20566,201703,0010119,삼성증권(주),B1,투자자의 예수증권 등_예수 증권,253929527045853,국내증권사,B,SF205,각주항목(09.06월 이후)
20567,201703,0010119,삼성증권(주),B2,투자자의 예수증권 등_예수양도성예금증서,0,국내증권사,B,SF205,각주항목(09.06월 이후)
20568,201703,0010119,삼성증권(주),B3,투자자의 예수증권 등_기타,0,국내증권사,B,SF205,각주항목(09.06월 이후)
20569,201703,0010119,삼성증권(주),C,파생상품계약,84454862373835,국내증권사,B,SF205,각주항목(09.06월 이후)
20570,201703,0010119,삼성증권(주),C1,파생상품계약_장내파생상품,14096376806756,국내증권사,B,SF205,각주항목(09.06월 이후)
20571,201703,0010119,삼성증권(주),C11,파생상품계약_장내파생상품_이자율관련거래,2152051400356,국내증권사,B,SF205,각주항목(09.06월 이후)
20572,201703,0010119,삼성증권(주),C12,파생상품계약_장내파생상품_통화관련거래,29331685835,국내증권사,B,SF205,각주항목(09.06월 이후)
20573,201703,0010119,삼성증권(주),C13,파생상품계약_장내파생상품_주식관련거래,11912910774810,국내증권사,B,SF205,각주항목(09.06월 이후)
20574,201703,0010119,삼성증권(주),C14,파생상품계약_장내파생상품_일반상품관련거래,0,국내증권사,B,SF205,각주항목(09.06월 이후)
20575,201703,0010119,삼성증권(주),C15,파생상품계약_장내파생상품_기타,2082945755,국내증권사,B,SF205,각주항목(09.06월 이후)
20576,201703,0010119,삼성증권(주),C2,파생상품계약_장외파생상품,70358485567079,국내증권사,B,SF205,각주항목(09.06월 이후)
20577,201703,0010119,삼성증권(주),C21,파생상품계약_장외파생상품_이자율관련거래,61762011177000,국내증권사,B,SF205,각주항목(09.06월 이후)
20578,201703,0010119,삼성증권(주),C22,파생상품계약_장외파생상품_통화관련거래,3835450255966,국내증권사,B,SF205,각주항목(09.06월 이후)
20579,201703,0010119,삼성증권(주),C23,파생상품계약_장외파생상품_주식관련거래,1840341254113,국내증권사,B,SF205,각주항목(09.06월 이후)
20580,201703,0010119,삼성증권(주),C24,파생상품계약_장외파생상품_신용관련거래,2739595850000,국내증권사,B,SF205,각주항목(09.06월 이후)
20581,201703,0010119,삼성증권(주),C25,파생상품계약_장외파생상품_기타,181087030000,국내증권사,B,SF205,각주항목(09.06월 이후)
20582,201703,0010119,삼성증권(주),D,대차 및 대주거래,4106169555404,국내증권사,B,SF205,각주항목(09.06월 이후)
20583,201703,0010119,삼성증권(주),D1,대차 및 대주거래_대여증권,2013092029224,국내증권사,B,SF205,각주항목(09.06월 이후)
20584,201703,0010119,삼성증권(주),D2,대차 및 대주거래_차입증권,2093077526180,국내증권사,B,SF205,각주항목(09.06월 이후)
20585,201703,0010119,삼성증권(주),D3,대차 및 대주거래_신용거래대주,0,국내증권사,B,SF205,각주항목(09.06월 이후)
20586,201703,0010119,삼성증권(주),E,대손상각채권, ,국내증권사,B,SF205,각주항목(09.06월 이후)
20587,201703,0010119,삼성증권(주),F,환전업무 예치금,0,국내증권사,B,SF205,각주항목(09.06월 이후)
20588,201703,0010119,삼성증권(주),G,미배당별도예치금, ,국내증권사,B,SF205,각주항목(09.06월 이후)
20589,201703,0010119,삼성증권(주),H,배서어음매출(종금계정),0,국내증권사,B,SF205,각주항목(09.06월 이후)
20590,201703,0010119,삼성증권(주),H1,대출채권매매이익_담보부, ,국내증권사,B,SF205,각주항목(09.06월 이후)
20591,201703,0010119,삼성증권(주),H2,대출채권매매이익_무담보부, ,국내증권사,B,SF205,각주항목(09.06월 이후)
20592,201706,0010119,삼성증권(주),A,채무보증,993938153155,국내증권사,B,SF205,각주항목(09.06월 이후)
20593,201706,0010119,삼성증권(주),A1,채무보증_지급보증,0,국내증권사,B,SF205,각주항목(09.06월 이후)
20594,201706,0010119,삼성증권(주),A2,채무보증_매입보장약정,492300000000,국내증권사,B,SF205,각주항목(09.06월 이후)
20595,201706,0010119,삼성증권(주),A3,채무보증_채무인수약정, ,국내증권사,B,SF205,각주항목(09.06월 이후)
20596,201706,0010119,삼성증권(주),A5,채무보증_매입확약,501638153155,국내증권사,B,SF205,각주항목(09.06월 이후)
20597,201706,0010119,삼성증권(주),A6,채무보증_기타,0,국내증권사,B,SF205,각주항목(09.06월 이후)
20598,201706,0010119,삼성증권(주),B,투자자의 예수증권 등,265852817987482,국내증권사,B,SF205,각주항목(09.06월 이후)
20599,201706,0010119,삼성증권(주),B1,투자자의 예수증권 등_예수 증권,265852817987482,국내증권사,B,SF205,각주항목(09.06월 이후)
20600,201706,0010119,삼성증권(주),B2,투자자의 예수증권 등_예수양도성예금증서,0,국내증권사,B,SF205,각주항목(09.06월 이후)
20601,201706,0010119,삼성증권(주),B3,투자자의 예수증권 등_기타,0,국내증권사,B,SF205,각주항목(09.06월 이후)
20602,201706,0010119,삼성증권(주),C,파생상품계약,86876161840497,국내증권사,B,SF205,각주항목(09.06월 이후)
20603,201706,0010119,삼성증권(주),C1,파생상품계약_장내파생상품,15919939714583,국내증권사,B,SF205,각주항목(09.06월 이후)
20604,201706,0010119,삼성증권(주),C11,파생상품계약_장내파생상품_이자율관련거래,5444296559058,국내증권사,B,SF205,각주항목(09.06월 이후)
20605,201706,0010119,삼성증권(주),C12,파생상품계약_장내파생상품_통화관련거래,73486211276,국내증권사,B,SF205,각주항목(09.06월 이후)
20606,201706,0010119,삼성증권(주),C13,파생상품계약_장내파생상품_주식관련거래,10399627695052,국내증권사,B,SF205,각주항목(09.06월 이후)
20607,201706,0010119,삼성증권(주),C14,파생상품계약_장내파생상품_일반상품관련거래,0,국내증권사,B,SF205,각주항목(09.06월 이후)
20608,201706,0010119,삼성증권(주),C15,파생상품계약_장내파생상품_기타,2529249197,국내증권사,B,SF205,각주항목(09.06월 이후)
20609,201706,0010119,삼성증권(주),C2,파생상품계약_장외파생상품,70956222125914,국내증권사,B,SF205,각주항목(09.06월 이후)
20610,201706,0010119,삼성증권(주),C21,파생상품계약_장외파생상품_이자율관련거래,63004089362000,국내증권사,B,SF205,각주항목(09.06월 이후)
20611,201706,0010119,삼성증권(주),C22,파생상품계약_장외파생상품_통화관련거래,3586064156183,국내증권사,B,SF205,각주항목(09.06월 이후)
20612,201706,0010119,삼성증권(주),C23,파생상품계약_장외파생상품_주식관련거래,1572145137731,국내증권사,B,SF205,각주항목(09.06월 이후)
20613,201706,0010119,삼성증권(주),C24,파생상품계약_장외파생상품_신용관련거래,2639059160000,국내증권사,B,SF205,각주항목(09.06월 이후)
20614,201706,0010119,삼성증권(주),C25,파생상품계약_장외파생상품_기타,154864310000,국내증권사,B,SF205,각주항목(09.06월 이후)
20615,201706,0010119,삼성증권(주),D,대차 및 대주거래,3755856123783,국내증권사,B,SF205,각주항목(09.06월 이후)
20616,201706,0010119,삼성증권(주),D1,대차 및 대주거래_대여증권,1697003926880,국내증권사,B,SF205,각주항목(09.06월 이후)
20617,201706,0010119,삼성증권(주),D2,대차 및 대주거래_차입증권,2058852196903,국내증권사,B,SF205,각주항목(09.06월 이후)
20618,201706,0010119,삼성증권(주),D3,대차 및 대주거래_신용거래대주,0,국내증권사,B,SF205,각주항목(09.06월 이후)
20619,201706,0010119,삼성증권(주),E,대손상각채권,0,국내증권사,B,SF205,각주항목(09.06월 이후)
20620,201706,0010119,삼성증권(주),F,환전업무 예치금,0,국내증권사,B,SF205,각주항목(09.06월 이후)
20621,201706,0010119,삼성증권(주),G,미배당별도예치금,0,국내증권사,B,SF205,각주항목(09.06월 이후)
20622,201706,0010119,삼성증권(주),H,배서어음매출(종금계정),0,국내증권사,B,SF205,각주항목(09.06월 이후)
20623,201706,0010119,삼성증권(주),H1,대출채권매매이익_담보부,0,국내증권사,B,SF205,각주항목(09.06월 이후)
20624,201706,0010119,삼성증권(주),H2,대출채권매매이익_무담보부,0,국내증권사,B,SF205,각주항목(09.06월 이후)
20625,201709,0010119,삼성증권(주),A,채무보증,1283389047299,국내증권사,B,SF205,각주항목(09.06월 이후)
20626,201709,0010119,삼성증권(주),A1,채무보증_지급보증,0,국내증권사,B,SF205,각주항목(09.06월 이후)
20627,201709,0010119,삼성증권(주),A2,채무보증_매입보장약정,532300000000,국내증권사,B,SF205,각주항목(09.06월 이후)
20628,201709,0010119,삼성증권(주),A3,채무보증_채무인수약정, ,국내증권사,B,SF205,각주항목(09.06월 이후)
20629,201709,0010119,삼성증권(주),A5,채무보증_매입확약,751089047299,국내증권사,B,SF205,각주항목(09.06월 이후)
20630,201709,0010119,삼성증권(주),A6,채무보증_기타,0,국내증권사,B,SF205,각주항목(09.06월 이후)
20631,201709,0010119,삼성증권(주),B,투자자의 예수증권 등,272266177790964,국내증권사,B,SF205,각주항목(09.06월 이후)
20632,201709,0010119,삼성증권(주),B1,투자자의 예수증권 등_예수 증권,272266177790964,국내증권사,B,SF205,각주항목(09.06월 이후)
20633,201709,0010119,삼성증권(주),B2,투자자의 예수증권 등_예수양도성예금증서,0,국내증권사,B,SF205,각주항목(09.06월 이후)
20634,201709,0010119,삼성증권(주),B3,투자자의 예수증권 등_기타,0,국내증권사,B,SF205,각주항목(09.06월 이후)
20635,201709,0010119,삼성증권(주),C,파생상품계약,82579687819047,국내증권사,B,SF205,각주항목(09.06월 이후)
20636,201709,0010119,삼성증권(주),C1,파생상품계약_장내파생상품,7677402973062,국내증권사,B,SF205,각주항목(09.06월 이후)
20637,201709,0010119,삼성증권(주),C11,파생상품계약_장내파생상품_이자율관련거래,956975126244,국내증권사,B,SF205,각주항목(09.06월 이후)
20638,201709,0010119,삼성증권(주),C12,파생상품계약_장내파생상품_통화관련거래,351651747738,국내증권사,B,SF205,각주항목(09.06월 이후)
20639,201709,0010119,삼성증권(주),C13,파생상품계약_장내파생상품_주식관련거래,4418740926524,국내증권사,B,SF205,각주항목(09.06월 이후)
20640,201709,0010119,삼성증권(주),C14,파생상품계약_장내파생상품_일반상품관련거래,0,국내증권사,B,SF205,각주항목(09.06월 이후)
20641,201709,0010119,삼성증권(주),C15,파생상품계약_장내파생상품_기타,1950035172556,국내증권사,B,SF205,각주항목(09.06월 이후)
20642,201709,0010119,삼성증권(주),C2,파생상품계약_장외파생상품,74902284845985,국내증권사,B,SF205,각주항목(09.06월 이후)
20643,201709,0010119,삼성증권(주),C21,파생상품계약_장외파생상품_이자율관련거래,64309411939000,국내증권사,B,SF205,각주항목(09.06월 이후)
20644,201709,0010119,삼성증권(주),C22,파생상품계약_장외파생상품_통화관련거래,6548179162334,국내증권사,B,SF205,각주항목(09.06월 이후)
20645,201709,0010119,삼성증권(주),C23,파생상품계약_장외파생상품_주식관련거래,1679695074651,국내증권사,B,SF205,각주항목(09.06월 이후)
20646,201709,0010119,삼성증권(주),C24,파생상품계약_장외파생상품_신용관련거래,2233480620000,국내증권사,B,SF205,각주항목(09.06월 이후)
20647,201709,0010119,삼성증권(주),C25,파생상품계약_장외파생상품_기타,131518050000,국내증권사,B,SF205,각주항목(09.06월 이후)
20648,201709,0010119,삼성증권(주),D,대차 및 대주거래,4892206922470,국내증권사,B,SF205,각주항목(09.06월 이후)
20649,201709,0010119,삼성증권(주),D1,대차 및 대주거래_대여증권,2075317952041,국내증권사,B,SF205,각주항목(09.06월 이후)
20650,201709,0010119,삼성증권(주),D2,대차 및 대주거래_차입증권,2816888970429,국내증권사,B,SF205,각주항목(09.06월 이후)
20651,201709,0010119,삼성증권(주),D3,대차 및 대주거래_신용거래대주,0,국내증권사,B,SF205,각주항목(09.06월 이후)
20652,201709,0010119,삼성증권(주),E,대손상각채권, ,국내증권사,B,SF205,각주항목(09.06월 이후)
20653,201709,0010119,삼성증권(주),F,환전업무 예치금,0,국내증권사,B,SF205,각주항목(09.06월 이후)
20654,201709,0010119,삼성증권(주),G,미배당별도예치금, ,국내증권사,B,SF205,각주항목(09.06월 이후)
20655,201709,0010119,삼성증권(주),H,배서어음매출(종금계정),0,국내증권사,B,SF205,각주항목(09.06월 이후)
20656,201709,0010119,삼성증권(주),H1,대출채권매매이익_담보부, ,국내증권사,B,SF205,각주항목(09.06월 이후)
20657,201709,0010119,삼성증권(주),H2,대출채권매매이익_무담보부, ,국내증권사,B,SF205,각주항목(09.06월 이후)
20658,201712,0010119,삼성증권(주),A,채무보증,1493316166158,국내증권사,B,SF205,각주항목(09.06월 이후)
20659,201712,0010119,삼성증권(주),A1,채무보증_지급보증,10000000000,국내증권사,B,SF205,각주항목(09.06월 이후)
20660,201712,0010119,삼성증권(주),A2,채무보증_매입보장약정,582300000000,국내증권사,B,SF205,각주항목(09.06월 이후)
20661,201712,0010119,삼성증권(주),A3,채무보증_채무인수약정, ,국내증권사,B,SF205,각주항목(09.06월 이후)
20662,201712,0010119,삼성증권(주),A5,채무보증_매입확약,901016166158,국내증권사,B,SF205,각주항목(09.06월 이후)
20663,201712,0010119,삼성증권(주),A6,채무보증_기타,0,국내증권사,B,SF205,각주항목(09.06월 이후)
20664,201712,0010119,삼성증권(주),B,투자자의 예수증권 등,278998869028089,국내증권사,B,SF205,각주항목(09.06월 이후)
20665,201712,0010119,삼성증권(주),B1,투자자의 예수증권 등_예수 증권,278998869028089,국내증권사,B,SF205,각주항목(09.06월 이후)
20666,201712,0010119,삼성증권(주),B2,투자자의 예수증권 등_예수양도성예금증서, ,국내증권사,B,SF205,각주항목(09.06월 이후)
20667,201712,0010119,삼성증권(주),B3,투자자의 예수증권 등_기타, ,국내증권사,B,SF205,각주항목(09.06월 이후)
20668,201712,0010119,삼성증권(주),C,파생상품계약,82414514663364,국내증권사,B,SF205,각주항목(09.06월 이후)
20669,201712,0010119,삼성증권(주),C1,파생상품계약_장내파생상품,7185712944682,국내증권사,B,SF205,각주항목(09.06월 이후)
20670,201712,0010119,삼성증권(주),C11,파생상품계약_장내파생상품_이자율관련거래,1084266258931,국내증권사,B,SF205,각주항목(09.06월 이후)
20671,201712,0010119,삼성증권(주),C12,파생상품계약_장내파생상품_통화관련거래,595846403096,국내증권사,B,SF205,각주항목(09.06월 이후)
20672,201712,0010119,삼성증권(주),C13,파생상품계약_장내파생상품_주식관련거래,4231382527109,국내증권사,B,SF205,각주항목(09.06월 이후)
20673,201712,0010119,삼성증권(주),C14,파생상품계약_장내파생상품_일반상품관련거래,0,국내증권사,B,SF205,각주항목(09.06월 이후)
20674,201712,0010119,삼성증권(주),C15,파생상품계약_장내파생상품_기타,1274217755546,국내증권사,B,SF205,각주항목(09.06월 이후)
20675,201712,0010119,삼성증권(주),C2,파생상품계약_장외파생상품,75228801718682,국내증권사,B,SF205,각주항목(09.06월 이후)
20676,201712,0010119,삼성증권(주),C21,파생상품계약_장외파생상품_이자율관련거래,64804977710000,국내증권사,B,SF205,각주항목(09.06월 이후)
20677,201712,0010119,삼성증권(주),C22,파생상품계약_장외파생상품_통화관련거래,6902211908648,국내증권사,B,SF205,각주항목(09.06월 이후)
20678,201712,0010119,삼성증권(주),C23,파생상품계약_장외파생상품_주식관련거래,1219009201586,국내증권사,B,SF205,각주항목(09.06월 이후)
20679,201712,0010119,삼성증권(주),C24,파생상품계약_장외파생상품_신용관련거래,1872772040000,국내증권사,B,SF205,각주항목(09.06월 이후)
20680,201712,0010119,삼성증권(주),C25,파생상품계약_장외파생상품_기타,429830858448,국내증권사,B,SF205,각주항목(09.06월 이후)
20681,201712,0010119,삼성증권(주),D,대차 및 대주거래,4460366433512,국내증권사,B,SF205,각주항목(09.06월 이후)
20682,201712,0010119,삼성증권(주),D1,대차 및 대주거래_대여증권,1735339375055,국내증권사,B,SF205,각주항목(09.06월 이후)
20683,201712,0010119,삼성증권(주),D2,대차 및 대주거래_차입증권,2725027058457,국내증권사,B,SF205,각주항목(09.06월 이후)
20684,201712,0010119,삼성증권(주),D3,대차 및 대주거래_신용거래대주,0,국내증권사,B,SF205,각주항목(09.06월 이후)
20685,201712,0010119,삼성증권(주),E,대손상각채권,0,국내증권사,B,SF205,각주항목(09.06월 이후)
20686,201712,0010119,삼성증권(주),F,환전업무 예치금,0,국내증권사,B,SF205,각주항목(09.06월 이후)
20687,201712,0010119,삼성증권(주),G,미배당별도예치금,0,국내증권사,B,SF205,각주항목(09.06월 이후)
20688,201712,0010119,삼성증권(주),H,배서어음매출(종금계정),0,국내증권사,B,SF205,각주항목(09.06월 이후)
20689,201712,0010119,삼성증권(주),H1,대출채권매매이익_담보부,0,국내증권사,B,SF205,각주항목(09.06월 이후)
20690,201712,0010119,삼성증권(주),H2,대출채권매매이익_무담보부,0,국내증권사,B,SF205,각주항목(09.06월 이후)
20691,201803,0010119,삼성증권(주),A,채무보증,2050284934365,국내증권사,B,SF205,각주항목(09.06월 이후)
20692,201803,0010119,삼성증권(주),A1,채무보증_지급보증,10000000000,국내증권사,B,SF205,각주항목(09.06월 이후)
20693,201803,0010119,삼성증권(주),A2,채무보증_매입보장약정,682300000000,국내증권사,B,SF205,각주항목(09.06월 이후)
20694,201803,0010119,삼성증권(주),A3,채무보증_채무인수약정, ,국내증권사,B,SF205,각주항목(09.06월 이후)
20695,201803,0010119,삼성증권(주),A5,채무보증_매입확약,1357984934365,국내증권사,B,SF205,각주항목(09.06월 이후)
20696,201803,0010119,삼성증권(주),A6,채무보증_기타,0,국내증권사,B,SF205,각주항목(09.06월 이후)
20697,201803,0010119,삼성증권(주),B,투자자의 예수증권 등,285736810093889,국내증권사,B,SF205,각주항목(09.06월 이후)
20698,201803,0010119,삼성증권(주),B1,투자자의 예수증권 등_예수 증권,285736810093889,국내증권사,B,SF205,각주항목(09.06월 이후)
20699,201803,0010119,삼성증권(주),B2,투자자의 예수증권 등_예수양도성예금증서, ,국내증권사,B,SF205,각주항목(09.06월 이후)
20700,201803,0010119,삼성증권(주),B3,투자자의 예수증권 등_기타, ,국내증권사,B,SF205,각주항목(09.06월 이후)
20701,201803,0010119,삼성증권(주),C,파생상품계약,99903583301899,국내증권사,B,SF205,각주항목(09.06월 이후)
20702,201803,0010119,삼성증권(주),C1,파생상품계약_장내파생상품,21656395573104,국내증권사,B,SF205,각주항목(09.06월 이후)
20703,201803,0010119,삼성증권(주),C11,파생상품계약_장내파생상품_이자율관련거래,1782435499943,국내증권사,B,SF205,각주항목(09.06월 이후)
20704,201803,0010119,삼성증권(주),C12,파생상품계약_장내파생상품_통화관련거래,26471317211,국내증권사,B,SF205,각주항목(09.06월 이후)
20705,201803,0010119,삼성증권(주),C13,파생상품계약_장내파생상품_주식관련거래,19801748439448,국내증권사,B,SF205,각주항목(09.06월 이후)
20706,201803,0010119,삼성증권(주),C14,파생상품계약_장내파생상품_일반상품관련거래,0,국내증권사,B,SF205,각주항목(09.06월 이후)
20707,201803,0010119,삼성증권(주),C15,파생상품계약_장내파생상품_기타,45740316502,국내증권사,B,SF205,각주항목(09.06월 이후)
20708,201803,0010119,삼성증권(주),C2,파생상품계약_장외파생상품,78247187728795,국내증권사,B,SF205,각주항목(09.06월 이후)
20709,201803,0010119,삼성증권(주),C21,파생상품계약_장외파생상품_이자율관련거래,71373552935000,국내증권사,B,SF205,각주항목(09.06월 이후)
20710,201803,0010119,삼성증권(주),C22,파생상품계약_장외파생상품_통화관련거래,4808766777326,국내증권사,B,SF205,각주항목(09.06월 이후)
20711,201803,0010119,삼성증권(주),C23,파생상품계약_장외파생상품_주식관련거래,1098295651469,국내증권사,B,SF205,각주항목(09.06월 이후)
20712,201803,0010119,삼성증권(주),C24,파생상품계약_장외파생상품_신용관련거래,775382900000,국내증권사,B,SF205,각주항목(09.06월 이후)
20713,201803,0010119,삼성증권(주),C25,파생상품계약_장외파생상품_기타,191189465000,국내증권사,B,SF205,각주항목(09.06월 이후)
20714,201803,0010119,삼성증권(주),D,대차 및 대주거래,4575063329509,국내증권사,B,SF205,각주항목(09.06월 이후)
20715,201803,0010119,삼성증권(주),D1,대차 및 대주거래_대여증권,2555240047714,국내증권사,B,SF205,각주항목(09.06월 이후)
20716,201803,0010119,삼성증권(주),D2,대차 및 대주거래_차입증권,2019823281795,국내증권사,B,SF205,각주항목(09.06월 이후)
20717,201803,0010119,삼성증권(주),D3,대차 및 대주거래_신용거래대주, ,국내증권사,B,SF205,각주항목(09.06월 이후)
20718,201803,0010119,삼성증권(주),E,대손상각채권, ,국내증권사,B,SF205,각주항목(09.06월 이후)
20719,201803,0010119,삼성증권(주),F,환전업무 예치금,0,국내증권사,B,SF205,각주항목(09.06월 이후)
20720,201803,0010119,삼성증권(주),G,미배당별도예치금, ,국내증권사,B,SF205,각주항목(09.06월 이후)
20721,201803,0010119,삼성증권(주),H,배서어음매출(종금계정),0,국내증권사,B,SF205,각주항목(09.06월 이후)
20722,201803,0010119,삼성증권(주),H1,대출채권매매이익_담보부, ,국내증권사,B,SF205,각주항목(09.06월 이후)
20723,201803,0010119,삼성증권(주),H2,대출채권매매이익_무담보부, ,국내증권사,B,SF205,각주항목(09.06월 이후)
20724,201806,0010119,삼성증권(주),A,채무보증,2127239123721,국내증권사,B,SF205,각주항목(09.06월 이후)
20725,201806,0010119,삼성증권(주),A1,채무보증_지급보증,10000000000,국내증권사,B,SF205,각주항목(09.06월 이후)
20726,201806,0010119,삼성증권(주),A2,채무보증_매입보장약정,577300000000,국내증권사,B,SF205,각주항목(09.06월 이후)
20727,201806,0010119,삼성증권(주),A3,채무보증_채무인수약정, ,국내증권사,B,SF205,각주항목(09.06월 이후)
20728,201806,0010119,삼성증권(주),A5,채무보증_매입확약,1539939123721,국내증권사,B,SF205,각주항목(09.06월 이후)
20729,201806,0010119,삼성증권(주),A6,채무보증_기타, ,국내증권사,B,SF205,각주항목(09.06월 이후)
20730,201806,0010119,삼성증권(주),B,투자자의 예수증권 등,270385026364061,국내증권사,B,SF205,각주항목(09.06월 이후)
20731,201806,0010119,삼성증권(주),B1,투자자의 예수증권 등_예수 증권,270385026364061,국내증권사,B,SF205,각주항목(09.06월 이후)
20732,201806,0010119,삼성증권(주),B2,투자자의 예수증권 등_예수양도성예금증서, ,국내증권사,B,SF205,각주항목(09.06월 이후)
20733,201806,0010119,삼성증권(주),B3,투자자의 예수증권 등_기타, ,국내증권사,B,SF205,각주항목(09.06월 이후)
20734,201806,0010119,삼성증권(주),C,파생상품계약,106007824152339,국내증권사,B,SF205,각주항목(09.06월 이후)
20735,201806,0010119,삼성증권(주),C1,파생상품계약_장내파생상품,24887785833521,국내증권사,B,SF205,각주항목(09.06월 이후)
20736,201806,0010119,삼성증권(주),C11,파생상품계약_장내파생상품_이자율관련거래,2045841681117,국내증권사,B,SF205,각주항목(09.06월 이후)
20737,201806,0010119,삼성증권(주),C12,파생상품계약_장내파생상품_통화관련거래,74283581746,국내증권사,B,SF205,각주항목(09.06월 이후)
20738,201806,0010119,삼성증권(주),C13,파생상품계약_장내파생상품_주식관련거래,22749720934294,국내증권사,B,SF205,각주항목(09.06월 이후)
20739,201806,0010119,삼성증권(주),C14,파생상품계약_장내파생상품_일반상품관련거래,0,국내증권사,B,SF205,각주항목(09.06월 이후)
20740,201806,0010119,삼성증권(주),C15,파생상품계약_장내파생상품_기타,17939636364,국내증권사,B,SF205,각주항목(09.06월 이후)
20741,201806,0010119,삼성증권(주),C2,파생상품계약_장외파생상품,81120038318818,국내증권사,B,SF205,각주항목(09.06월 이후)
20742,201806,0010119,삼성증권(주),C21,파생상품계약_장외파생상품_이자율관련거래,72856730525000,국내증권사,B,SF205,각주항목(09.06월 이후)
20743,201806,0010119,삼성증권(주),C22,파생상품계약_장외파생상품_통화관련거래,5367223674733,국내증권사,B,SF205,각주항목(09.06월 이후)
20744,201806,0010119,삼성증권(주),C23,파생상품계약_장외파생상품_주식관련거래,1931482367783,국내증권사,B,SF205,각주항목(09.06월 이후)
20745,201806,0010119,삼성증권(주),C24,파생상품계약_장외파생상품_신용관련거래,756851540000,국내증권사,B,SF205,각주항목(09.06월 이후)
20746,201806,0010119,삼성증권(주),C25,파생상품계약_장외파생상품_기타,207750211302,국내증권사,B,SF205,각주항목(09.06월 이후)
20747,201806,0010119,삼성증권(주),D,대차 및 대주거래,6481706833868,국내증권사,B,SF205,각주항목(09.06월 이후)
20748,201806,0010119,삼성증권(주),D1,대차 및 대주거래_대여증권,2917099755416,국내증권사,B,SF205,각주항목(09.06월 이후)
20749,201806,0010119,삼성증권(주),D2,대차 및 대주거래_차입증권,3564607078452,국내증권사,B,SF205,각주항목(09.06월 이후)
20750,201806,0010119,삼성증권(주),D3,대차 및 대주거래_신용거래대주, ,국내증권사,B,SF205,각주항목(09.06월 이후)
20751,201806,0010119,삼성증권(주),E,대손상각채권, ,국내증권사,B,SF205,각주항목(09.06월 이후)
20752,201806,0010119,삼성증권(주),F,환전업무 예치금,0,국내증권사,B,SF205,각주항목(09.06월 이후)
20753,201806,0010119,삼성증권(주),G,미배당별도예치금, ,국내증권사,B,SF205,각주항목(09.06월 이후)
20754,201806,0010119,삼성증권(주),H,배서어음매출(종금계정),0,국내증권사,B,SF205,각주항목(09.06월 이후)
20755,201806,0010119,삼성증권(주),H1,대출채권매매이익_담보부, ,국내증권사,B,SF205,각주항목(09.06월 이후)
20756,201806,0010119,삼성증권(주),H2,대출채권매매이익_무담보부, ,국내증권사,B,SF205,각주항목(09.06월 이후)
20757,201809,0010119,삼성증권(주),A,채무보증,2057543572120,국내증권사,B,SF205,각주항목(09.06월 이후)
20758,201809,0010119,삼성증권(주),A1,채무보증_지급보증,10000000000,국내증권사,B,SF205,각주항목(09.06월 이후)
20759,201809,0010119,삼성증권(주),A2,채무보증_매입보장약정,487300000000,국내증권사,B,SF205,각주항목(09.06월 이후)
20760,201809,0010119,삼성증권(주),A3,채무보증_채무인수약정, ,국내증권사,B,SF205,각주항목(09.06월 이후)
20761,201809,0010119,삼성증권(주),A5,채무보증_매입확약,1560243572120,국내증권사,B,SF205,각주항목(09.06월 이후)
20762,201809,0010119,삼성증권(주),A6,채무보증_기타, ,국내증권사,B,SF205,각주항목(09.06월 이후)
20763,201809,0010119,삼성증권(주),B,투자자의 예수증권 등,284407447333583,국내증권사,B,SF205,각주항목(09.06월 이후)
20764,201809,0010119,삼성증권(주),B1,투자자의 예수증권 등_예수 증권,284407447333583,국내증권사,B,SF205,각주항목(09.06월 이후)
20765,201809,0010119,삼성증권(주),B2,투자자의 예수증권 등_예수양도성예금증서, ,국내증권사,B,SF205,각주항목(09.06월 이후)
20766,201809,0010119,삼성증권(주),B3,투자자의 예수증권 등_기타, ,국내증권사,B,SF205,각주항목(09.06월 이후)
20767,201809,0010119,삼성증권(주),C,파생상품계약,110878815829379,국내증권사,B,SF205,각주항목(09.06월 이후)
20768,201809,0010119,삼성증권(주),C1,파생상품계약_장내파생상품,25923094851008,국내증권사,B,SF205,각주항목(09.06월 이후)
20769,201809,0010119,삼성증권(주),C11,파생상품계약_장내파생상품_이자율관련거래,1940569512547,국내증권사,B,SF205,각주항목(09.06월 이후)
20770,201809,0010119,삼성증권(주),C12,파생상품계약_장내파생상품_통화관련거래,41378706563,국내증권사,B,SF205,각주항목(09.06월 이후)
20771,201809,0010119,삼성증권(주),C13,파생상품계약_장내파생상품_주식관련거래,23923540754534,국내증권사,B,SF205,각주항목(09.06월 이후)
20772,201809,0010119,삼성증권(주),C14,파생상품계약_장내파생상품_일반상품관련거래,0,국내증권사,B,SF205,각주항목(09.06월 이후)
20773,201809,0010119,삼성증권(주),C15,파생상품계약_장내파생상품_기타,17605877364,국내증권사,B,SF205,각주항목(09.06월 이후)
20774,201809,0010119,삼성증권(주),C2,파생상품계약_장외파생상품,84955720978371,국내증권사,B,SF205,각주항목(09.06월 이후)
20775,201809,0010119,삼성증권(주),C21,파생상품계약_장외파생상품_이자율관련거래,75821145285000,국내증권사,B,SF205,각주항목(09.06월 이후)
20776,201809,0010119,삼성증권(주),C22,파생상품계약_장외파생상품_통화관련거래,5303927316233,국내증권사,B,SF205,각주항목(09.06월 이후)
20777,201809,0010119,삼성증권(주),C23,파생상품계약_장외파생상품_주식관련거래,2700306869718,국내증권사,B,SF205,각주항목(09.06월 이후)
20778,201809,0010119,삼성증권(주),C24,파생상품계약_장외파생상품_신용관련거래,924917790000,국내증권사,B,SF205,각주항목(09.06월 이후)
20779,201809,0010119,삼성증권(주),C25,파생상품계약_장외파생상품_기타,205423717420,국내증권사,B,SF205,각주항목(09.06월 이후)
20780,201809,0010119,삼성증권(주),D,대차 및 대주거래,6860040203172,국내증권사,B,SF205,각주항목(09.06월 이후)
20781,201809,0010119,삼성증권(주),D1,대차 및 대주거래_대여증권,2460607678881,국내증권사,B,SF205,각주항목(09.06월 이후)
20782,201809,0010119,삼성증권(주),D2,대차 및 대주거래_차입증권,4399432524291,국내증권사,B,SF205,각주항목(09.06월 이후)
20783,201809,0010119,삼성증권(주),D3,대차 및 대주거래_신용거래대주, ,국내증권사,B,SF205,각주항목(09.06월 이후)
20784,201809,0010119,삼성증권(주),E,대손상각채권, ,국내증권사,B,SF205,각주항목(09.06월 이후)
20785,201809,0010119,삼성증권(주),F,환전업무 예치금,0,국내증권사,B,SF205,각주항목(09.06월 이후)
20786,201809,0010119,삼성증권(주),G,미배당별도예치금, ,국내증권사,B,SF205,각주항목(09.06월 이후)
20787,201809,0010119,삼성증권(주),H,배서어음매출(종금계정),0,국내증권사,B,SF205,각주항목(09.06월 이후)
20788,201809,0010119,삼성증권(주),H1,대출채권매매이익_담보부, ,국내증권사,B,SF205,각주항목(09.06월 이후)
20789,201809,0010119,삼성증권(주),H2,대출채권매매이익_무담보부, ,국내증권사,B,SF205,각주항목(09.06월 이후)
20790,201812,0010119,삼성증권(주),A,채무보증,2353169758502,국내증권사,B,SF205,각주항목(09.06월 이후)
20791,201812,0010119,삼성증권(주),A1,채무보증_지급보증,10000000000,국내증권사,B,SF205,각주항목(09.06월 이후)
20792,201812,0010119,삼성증권(주),A2,채무보증_매입보장약정,517300000000,국내증권사,B,SF205,각주항목(09.06월 이후)
20793,201812,0010119,삼성증권(주),A3,채무보증_채무인수약정, ,국내증권사,B,SF205,각주항목(09.06월 이후)
20794,201812,0010119,삼성증권(주),A5,채무보증_매입확약,1825869758502,국내증권사,B,SF205,각주항목(09.06월 이후)
20795,201812,0010119,삼성증권(주),A6,채무보증_기타, ,국내증권사,B,SF205,각주항목(09.06월 이후)
20796,201812,0010119,삼성증권(주),B,투자자의 예수증권 등,232751335640961,국내증권사,B,SF205,각주항목(09.06월 이후)
20797,201812,0010119,삼성증권(주),B1,투자자의 예수증권 등_예수 증권,232751335640961,국내증권사,B,SF205,각주항목(09.06월 이후)
20798,201812,0010119,삼성증권(주),B2,투자자의 예수증권 등_예수양도성예금증서, ,국내증권사,B,SF205,각주항목(09.06월 이후)
20799,201812,0010119,삼성증권(주),B3,투자자의 예수증권 등_기타, ,국내증권사,B,SF205,각주항목(09.06월 이후)
20800,201812,0010119,삼성증권(주),C,파생상품계약,129938254606321,국내증권사,B,SF205,각주항목(09.06월 이후)
20801,201812,0010119,삼성증권(주),C1,파생상품계약_장내파생상품,38537191347554,국내증권사,B,SF205,각주항목(09.06월 이후)
20802,201812,0010119,삼성증권(주),C11,파생상품계약_장내파생상품_이자율관련거래,2243735393933,국내증권사,B,SF205,각주항목(09.06월 이후)
20803,201812,0010119,삼성증권(주),C12,파생상품계약_장내파생상품_통화관련거래,42046380148,국내증권사,B,SF205,각주항목(09.06월 이후)
20804,201812,0010119,삼성증권(주),C13,파생상품계약_장내파생상품_주식관련거래,36185852347231,국내증권사,B,SF205,각주항목(09.06월 이후)
20805,201812,0010119,삼성증권(주),C14,파생상품계약_장내파생상품_일반상품관련거래,0,국내증권사,B,SF205,각주항목(09.06월 이후)
20806,201812,0010119,삼성증권(주),C15,파생상품계약_장내파생상품_기타,65557226242,국내증권사,B,SF205,각주항목(09.06월 이후)
20807,201812,0010119,삼성증권(주),C2,파생상품계약_장외파생상품,91401063258767,국내증권사,B,SF205,각주항목(09.06월 이후)
20808,201812,0010119,삼성증권(주),C21,파생상품계약_장외파생상품_이자율관련거래,80542117695000,국내증권사,B,SF205,각주항목(09.06월 이후)
20809,201812,0010119,삼성증권(주),C22,파생상품계약_장외파생상품_통화관련거래,6546712348972,국내증권사,B,SF205,각주항목(09.06월 이후)
20810,201812,0010119,삼성증권(주),C23,파생상품계약_장외파생상품_주식관련거래,3202829553795,국내증권사,B,SF205,각주항목(09.06월 이후)
20811,201812,0010119,삼성증권(주),C24,파생상품계약_장외파생상품_신용관련거래,914242170000,국내증권사,B,SF205,각주항목(09.06월 이후)
20812,201812,0010119,삼성증권(주),C25,파생상품계약_장외파생상품_기타,195161491000,국내증권사,B,SF205,각주항목(09.06월 이후)
20813,201812,0010119,삼성증권(주),D,대차 및 대주거래,5806076298467,국내증권사,B,SF205,각주항목(09.06월 이후)
20814,201812,0010119,삼성증권(주),D1,대차 및 대주거래_대여증권,1860343508099,국내증권사,B,SF205,각주항목(09.06월 이후)
20815,201812,0010119,삼성증권(주),D2,대차 및 대주거래_차입증권,3945732790368,국내증권사,B,SF205,각주항목(09.06월 이후)
20816,201812,0010119,삼성증권(주),D3,대차 및 대주거래_신용거래대주, ,국내증권사,B,SF205,각주항목(09.06월 이후)
20817,201812,0010119,삼성증권(주),E,대손상각채권, ,국내증권사,B,SF205,각주항목(09.06월 이후)
20818,201812,0010119,삼성증권(주),F,환전업무 예치금,0,국내증권사,B,SF205,각주항목(09.06월 이후)
20819,201812,0010119,삼성증권(주),G,미배당별도예치금,0,국내증권사,B,SF205,각주항목(09.06월 이후)
20820,201812,0010119,삼성증권(주),H,배서어음매출(종금계정),0,국내증권사,B,SF205,각주항목(09.06월 이후)
20821,201812,0010119,삼성증권(주),H1,대출채권매매이익_담보부,0,국내증권사,B,SF205,각주항목(09.06월 이후)
20822,201812,0010119,삼성증권(주),H2,대출채권매매이익_무담보부,0,국내증권사,B,SF205,각주항목(09.06월 이후)
20823,201903,0010119,삼성증권(주),A,채무보증,2170430291711,국내증권사,B,SF205,각주항목(09.06월 이후)
20824,201903,0010119,삼성증권(주),A1,채무보증_지급보증,10000000000,국내증권사,B,SF205,각주항목(09.06월 이후)
20825,201903,0010119,삼성증권(주),A2,채무보증_매입보장약정,563300000000,국내증권사,B,SF205,각주항목(09.06월 이후)
20826,201903,0010119,삼성증권(주),A3,채무보증_채무인수약정, ,국내증권사,B,SF205,각주항목(09.06월 이후)
20827,201903,0010119,삼성증권(주),A5,채무보증_매입확약,1597130291711,국내증권사,B,SF205,각주항목(09.06월 이후)
20828,201903,0010119,삼성증권(주),A6,채무보증_기타, ,국내증권사,B,SF205,각주항목(09.06월 이후)
20829,201903,0010119,삼성증권(주),B,투자자의 예수증권 등,241799904587318,국내증권사,B,SF205,각주항목(09.06월 이후)
20830,201903,0010119,삼성증권(주),B1,투자자의 예수증권 등_예수 증권,241799904587318,국내증권사,B,SF205,각주항목(09.06월 이후)
20831,201903,0010119,삼성증권(주),B2,투자자의 예수증권 등_예수양도성예금증서, ,국내증권사,B,SF205,각주항목(09.06월 이후)
20832,201903,0010119,삼성증권(주),B3,투자자의 예수증권 등_기타, ,국내증권사,B,SF205,각주항목(09.06월 이후)
20833,201903,0010119,삼성증권(주),C,파생상품계약,128622850598569,국내증권사,B,SF205,각주항목(09.06월 이후)
20834,201903,0010119,삼성증권(주),C1,파생상품계약_장내파생상품,35712497546865,국내증권사,B,SF205,각주항목(09.06월 이후)
20835,201903,0010119,삼성증권(주),C11,파생상품계약_장내파생상품_이자율관련거래,1523644068792,국내증권사,B,SF205,각주항목(09.06월 이후)
20836,201903,0010119,삼성증권(주),C12,파생상품계약_장내파생상품_통화관련거래,23850315222,국내증권사,B,SF205,각주항목(09.06월 이후)
20837,201903,0010119,삼성증권(주),C13,파생상품계약_장내파생상품_주식관련거래,34113428641736,국내증권사,B,SF205,각주항목(09.06월 이후)
20838,201903,0010119,삼성증권(주),C14,파생상품계약_장내파생상품_일반상품관련거래,0,국내증권사,B,SF205,각주항목(09.06월 이후)
20839,201903,0010119,삼성증권(주),C15,파생상품계약_장내파생상품_기타,51574521115,국내증권사,B,SF205,각주항목(09.06월 이후)
20840,201903,0010119,삼성증권(주),C2,파생상품계약_장외파생상품,92910353051704,국내증권사,B,SF205,각주항목(09.06월 이후)
20841,201903,0010119,삼성증권(주),C21,파생상품계약_장외파생상품_이자율관련거래,81828657920000,국내증권사,B,SF205,각주항목(09.06월 이후)
20842,201903,0010119,삼성증권(주),C22,파생상품계약_장외파생상품_통화관련거래,6244605048255,국내증권사,B,SF205,각주항목(09.06월 이후)
20843,201903,0010119,삼성증권(주),C23,파생상품계약_장외파생상품_주식관련거래,3050491065449,국내증권사,B,SF205,각주항목(09.06월 이후)
20844,201903,0010119,삼성증권(주),C24,파생상품계약_장외파생상품_신용관련거래,1568760860000,국내증권사,B,SF205,각주항목(09.06월 이후)
20845,201903,0010119,삼성증권(주),C25,파생상품계약_장외파생상품_기타,217838158000,국내증권사,B,SF205,각주항목(09.06월 이후)
20846,201903,0010119,삼성증권(주),D,대차 및 대주거래,6422032111357,국내증권사,B,SF205,각주항목(09.06월 이후)
20847,201903,0010119,삼성증권(주),D1,대차 및 대주거래_대여증권,2092855164438,국내증권사,B,SF205,각주항목(09.06월 이후)
20848,201903,0010119,삼성증권(주),D2,대차 및 대주거래_차입증권,4329176946919,국내증권사,B,SF205,각주항목(09.06월 이후)
20849,201903,0010119,삼성증권(주),D3,대차 및 대주거래_신용거래대주, ,국내증권사,B,SF205,각주항목(09.06월 이후)
20850,201903,0010119,삼성증권(주),E,대손상각채권,0,국내증권사,B,SF205,각주항목(09.06월 이후)
20851,201903,0010119,삼성증권(주),F,환전업무 예치금,0,국내증권사,B,SF205,각주항목(09.06월 이후)
20852,201903,0010119,삼성증권(주),G,미배당별도예치금,0,국내증권사,B,SF205,각주항목(09.06월 이후)
20853,201903,0010119,삼성증권(주),H,배서어음매출(종금계정),0,국내증권사,B,SF205,각주항목(09.06월 이후)
20854,201903,0010119,삼성증권(주),H1,대출채권매매이익_담보부,0,국내증권사,B,SF205,각주항목(09.06월 이후)
20855,201903,0010119,삼성증권(주),H2,대출채권매매이익_무담보부,0,국내증권사,B,SF205,각주항목(09.06월 이후)
20856,201906,0010119,삼성증권(주),A,채무보증,2404191779392,국내증권사,B,SF205,각주항목(09.06월 이후)
20857,201906,0010119,삼성증권(주),A1,채무보증_지급보증,10000000000,국내증권사,B,SF205,각주항목(09.06월 이후)
20858,201906,0010119,삼성증권(주),A2,채무보증_매입보장약정,638300000000,국내증권사,B,SF205,각주항목(09.06월 이후)
20859,201906,0010119,삼성증권(주),A3,채무보증_채무인수약정, ,국내증권사,B,SF205,각주항목(09.06월 이후)
20860,201906,0010119,삼성증권(주),A5,채무보증_매입확약,1755891779392,국내증권사,B,SF205,각주항목(09.06월 이후)
20861,201906,0010119,삼성증권(주),A6,채무보증_기타, ,국내증권사,B,SF205,각주항목(09.06월 이후)
20862,201906,0010119,삼성증권(주),B,투자자의 예수증권 등,216238010123246,국내증권사,B,SF205,각주항목(09.06월 이후)
20863,201906,0010119,삼성증권(주),B1,투자자의 예수증권 등_예수 증권,216238010123246,국내증권사,B,SF205,각주항목(09.06월 이후)
20864,201906,0010119,삼성증권(주),B2,투자자의 예수증권 등_예수양도성예금증서, ,국내증권사,B,SF205,각주항목(09.06월 이후)
20865,201906,0010119,삼성증권(주),B3,투자자의 예수증권 등_기타, ,국내증권사,B,SF205,각주항목(09.06월 이후)
20866,201906,0010119,삼성증권(주),C,파생상품계약,135393811119744,국내증권사,B,SF205,각주항목(09.06월 이후)
20867,201906,0010119,삼성증권(주),C1,파생상품계약_장내파생상품,39519007998266,국내증권사,B,SF205,각주항목(09.06월 이후)
20868,201906,0010119,삼성증권(주),C11,파생상품계약_장내파생상품_이자율관련거래,1874710812016,국내증권사,B,SF205,각주항목(09.06월 이후)
20869,201906,0010119,삼성증권(주),C12,파생상품계약_장내파생상품_통화관련거래,48120450511,국내증권사,B,SF205,각주항목(09.06월 이후)
20870,201906,0010119,삼성증권(주),C13,파생상품계약_장내파생상품_주식관련거래,37469806637401,국내증권사,B,SF205,각주항목(09.06월 이후)
20871,201906,0010119,삼성증권(주),C14,파생상품계약_장내파생상품_일반상품관련거래,0,국내증권사,B,SF205,각주항목(09.06월 이후)
20872,201906,0010119,삼성증권(주),C15,파생상품계약_장내파생상품_기타,126370098338,국내증권사,B,SF205,각주항목(09.06월 이후)
20873,201906,0010119,삼성증권(주),C2,파생상품계약_장외파생상품,95874803121478,국내증권사,B,SF205,각주항목(09.06월 이후)
20874,201906,0010119,삼성증권(주),C21,파생상품계약_장외파생상품_이자율관련거래,82061155970000,국내증권사,B,SF205,각주항목(09.06월 이후)
20875,201906,0010119,삼성증권(주),C22,파생상품계약_장외파생상품_통화관련거래,8535465690513,국내증권사,B,SF205,각주항목(09.06월 이후)
20876,201906,0010119,삼성증권(주),C23,파생상품계약_장외파생상품_주식관련거래,3403586352965,국내증권사,B,SF205,각주항목(09.06월 이후)
20877,201906,0010119,삼성증권(주),C24,파생상품계약_장외파생상품_신용관련거래,1636326560000,국내증권사,B,SF205,각주항목(09.06월 이후)
20878,201906,0010119,삼성증권(주),C25,파생상품계약_장외파생상품_기타,238268548000,국내증권사,B,SF205,각주항목(09.06월 이후)
20879,201906,0010119,삼성증권(주),D,대차 및 대주거래,7178908570720,국내증권사,B,SF205,각주항목(09.06월 이후)
20880,201906,0010119,삼성증권(주),D1,대차 및 대주거래_대여증권,2281923858700,국내증권사,B,SF205,각주항목(09.06월 이후)
20881,201906,0010119,삼성증권(주),D2,대차 및 대주거래_차입증권,4896984712020,국내증권사,B,SF205,각주항목(09.06월 이후)
20882,201906,0010119,삼성증권(주),D3,대차 및 대주거래_신용거래대주, ,국내증권사,B,SF205,각주항목(09.06월 이후)
20883,201906,0010119,삼성증권(주),E,대손상각채권, ,국내증권사,B,SF205,각주항목(09.06월 이후)
20884,201906,0010119,삼성증권(주),F,환전업무 예치금,0,국내증권사,B,SF205,각주항목(09.06월 이후)
20885,201906,0010119,삼성증권(주),G,미배당별도예치금, ,국내증권사,B,SF205,각주항목(09.06월 이후)
20886,201906,0010119,삼성증권(주),H,배서어음매출(종금계정),0,국내증권사,B,SF205,각주항목(09.06월 이후)
20887,201906,0010119,삼성증권(주),H1,대출채권매매이익_담보부, ,국내증권사,B,SF205,각주항목(09.06월 이후)
20888,201906,0010119,삼성증권(주),H2,대출채권매매이익_무담보부, ,국내증권사,B,SF205,각주항목(09.06월 이후)
20889,201909,0010119,삼성증권(주),A,채무보증,2300667163548,국내증권사,B,SF205,각주항목(09.06월 이후)
20890,201909,0010119,삼성증권(주),A1,채무보증_지급보증,10000000000,국내증권사,B,SF205,각주항목(09.06월 이후)
20891,201909,0010119,삼성증권(주),A2,채무보증_매입보장약정,578800000000,국내증권사,B,SF205,각주항목(09.06월 이후)
20892,201909,0010119,삼성증권(주),A3,채무보증_채무인수약정, ,국내증권사,B,SF205,각주항목(09.06월 이후)
20893,201909,0010119,삼성증권(주),A5,채무보증_매입확약,1711867163548,국내증권사,B,SF205,각주항목(09.06월 이후)
20894,201909,0010119,삼성증권(주),A6,채무보증_기타, ,국내증권사,B,SF205,각주항목(09.06월 이후)
20895,201909,0010119,삼성증권(주),B,투자자의 예수증권 등,210413982556483,국내증권사,B,SF205,각주항목(09.06월 이후)
20896,201909,0010119,삼성증권(주),B1,투자자의 예수증권 등_예수 증권,210413982556483,국내증권사,B,SF205,각주항목(09.06월 이후)
20897,201909,0010119,삼성증권(주),B2,투자자의 예수증권 등_예수양도성예금증서, ,국내증권사,B,SF205,각주항목(09.06월 이후)
20898,201909,0010119,삼성증권(주),B3,투자자의 예수증권 등_기타, ,국내증권사,B,SF205,각주항목(09.06월 이후)
20899,201909,0010119,삼성증권(주),C,파생상품계약,131848443402535,국내증권사,B,SF205,각주항목(09.06월 이후)
20900,201909,0010119,삼성증권(주),C1,파생상품계약_장내파생상품,29051509092381,국내증권사,B,SF205,각주항목(09.06월 이후)
20901,201909,0010119,삼성증권(주),C11,파생상품계약_장내파생상품_이자율관련거래,1821225320604,국내증권사,B,SF205,각주항목(09.06월 이후)
20902,201909,0010119,삼성증권(주),C12,파생상품계약_장내파생상품_통화관련거래,80344337604,국내증권사,B,SF205,각주항목(09.06월 이후)
20903,201909,0010119,삼성증권(주),C13,파생상품계약_장내파생상품_주식관련거래,26902960540422,국내증권사,B,SF205,각주항목(09.06월 이후)
20904,201909,0010119,삼성증권(주),C14,파생상품계약_장내파생상품_일반상품관련거래,0,국내증권사,B,SF205,각주항목(09.06월 이후)
20905,201909,0010119,삼성증권(주),C15,파생상품계약_장내파생상품_기타,246978893751,국내증권사,B,SF205,각주항목(09.06월 이후)
20906,201909,0010119,삼성증권(주),C2,파생상품계약_장외파생상품,102796934310154,국내증권사,B,SF205,각주항목(09.06월 이후)
20907,201909,0010119,삼성증권(주),C21,파생상품계약_장외파생상품_이자율관련거래,87369350545000,국내증권사,B,SF205,각주항목(09.06월 이후)
20908,201909,0010119,삼성증권(주),C22,파생상품계약_장외파생상품_통화관련거래,9313264093820,국내증권사,B,SF205,각주항목(09.06월 이후)
20909,201909,0010119,삼성증권(주),C23,파생상품계약_장외파생상품_주식관련거래,4142905718334,국내증권사,B,SF205,각주항목(09.06월 이후)
20910,201909,0010119,삼성증권(주),C24,파생상품계약_장외파생상품_신용관련거래,1721166710000,국내증권사,B,SF205,각주항목(09.06월 이후)
20911,201909,0010119,삼성증권(주),C25,파생상품계약_장외파생상품_기타,250247243000,국내증권사,B,SF205,각주항목(09.06월 이후)
20912,201909,0010119,삼성증권(주),D,대차 및 대주거래,7152608589779,국내증권사,B,SF205,각주항목(09.06월 이후)
20913,201909,0010119,삼성증권(주),D1,대차 및 대주거래_대여증권,2204603843678,국내증권사,B,SF205,각주항목(09.06월 이후)
20914,201909,0010119,삼성증권(주),D2,대차 및 대주거래_차입증권,4948004746101,국내증권사,B,SF205,각주항목(09.06월 이후)
20915,201909,0010119,삼성증권(주),D3,대차 및 대주거래_신용거래대주, ,국내증권사,B,SF205,각주항목(09.06월 이후)
20916,201909,0010119,삼성증권(주),E,대손상각채권, ,국내증권사,B,SF205,각주항목(09.06월 이후)
20917,201909,0010119,삼성증권(주),F,환전업무 예치금,0,국내증권사,B,SF205,각주항목(09.06월 이후)
20918,201909,0010119,삼성증권(주),G,미배당별도예치금, ,국내증권사,B,SF205,각주항목(09.06월 이후)
20919,201909,0010119,삼성증권(주),H,배서어음매출(종금계정),0,국내증권사,B,SF205,각주항목(09.06월 이후)
20920,201909,0010119,삼성증권(주),H1,대출채권매매이익_담보부, ,국내증권사,B,SF205,각주항목(09.06월 이후)
20921,201909,0010119,삼성증권(주),H2,대출채권매매이익_무담보부, ,국내증권사,B,SF205,각주항목(09.06월 이후)
20922,201912,0010119,삼성증권(주),A,채무보증,3110029019714,국내증권사,B,SF205,각주항목(09.06월 이후)
20923,201912,0010119,삼성증권(주),A1,채무보증_지급보증,10000000000,국내증권사,B,SF205,각주항목(09.06월 이후)
20924,201912,0010119,삼성증권(주),A2,채무보증_매입보장약정,470300000000,국내증권사,B,SF205,각주항목(09.06월 이후)
20925,201912,0010119,삼성증권(주),A3,채무보증_채무인수약정, ,국내증권사,B,SF205,각주항목(09.06월 이후)
20926,201912,0010119,삼성증권(주),A5,채무보증_매입확약,2629729019714,국내증권사,B,SF205,각주항목(09.06월 이후)
20927,201912,0010119,삼성증권(주),A6,채무보증_기타, ,국내증권사,B,SF205,각주항목(09.06월 이후)
20928,201912,0010119,삼성증권(주),B,투자자의 예수증권 등,225817881535132,국내증권사,B,SF205,각주항목(09.06월 이후)
20929,201912,0010119,삼성증권(주),B1,투자자의 예수증권 등_예수 증권,225817881535132,국내증권사,B,SF205,각주항목(09.06월 이후)
20930,201912,0010119,삼성증권(주),B2,투자자의 예수증권 등_예수양도성예금증서, ,국내증권사,B,SF205,각주항목(09.06월 이후)
20931,201912,0010119,삼성증권(주),B3,투자자의 예수증권 등_기타, ,국내증권사,B,SF205,각주항목(09.06월 이후)
20932,201912,0010119,삼성증권(주),C,파생상품계약,132125048026425,국내증권사,B,SF205,각주항목(09.06월 이후)
20933,201912,0010119,삼성증권(주),C1,파생상품계약_장내파생상품,25465771402299,국내증권사,B,SF205,각주항목(09.06월 이후)
20934,201912,0010119,삼성증권(주),C11,파생상품계약_장내파생상품_이자율관련거래,1479983375448,국내증권사,B,SF205,각주항목(09.06월 이후)
20935,201912,0010119,삼성증권(주),C12,파생상품계약_장내파생상품_통화관련거래,1551366658,국내증권사,B,SF205,각주항목(09.06월 이후)
20936,201912,0010119,삼성증권(주),C13,파생상품계약_장내파생상품_주식관련거래,23575051858462,국내증권사,B,SF205,각주항목(09.06월 이후)
20937,201912,0010119,삼성증권(주),C14,파생상품계약_장내파생상품_일반상품관련거래,0,국내증권사,B,SF205,각주항목(09.06월 이후)
20938,201912,0010119,삼성증권(주),C15,파생상품계약_장내파생상품_기타,409184801731,국내증권사,B,SF205,각주항목(09.06월 이후)
20939,201912,0010119,삼성증권(주),C2,파생상품계약_장외파생상품,106659276624126,국내증권사,B,SF205,각주항목(09.06월 이후)
20940,201912,0010119,삼성증권(주),C21,파생상품계약_장외파생상품_이자율관련거래,91186241870000,국내증권사,B,SF205,각주항목(09.06월 이후)
20941,201912,0010119,삼성증권(주),C22,파생상품계약_장외파생상품_통화관련거래,9974953945721,국내증권사,B,SF205,각주항목(09.06월 이후)
20942,201912,0010119,삼성증권(주),C23,파생상품계약_장외파생상품_주식관련거래,3467799842405,국내증권사,B,SF205,각주항목(09.06월 이후)
20943,201912,0010119,삼성증권(주),C24,파생상품계약_장외파생상품_신용관련거래,1683465260000,국내증권사,B,SF205,각주항목(09.06월 이후)
20944,201912,0010119,삼성증권(주),C25,파생상품계약_장외파생상품_기타,346815706000,국내증권사,B,SF205,각주항목(09.06월 이후)
20945,201912,0010119,삼성증권(주),D,대차 및 대주거래,8202404150695,국내증권사,B,SF205,각주항목(09.06월 이후)
20946,201912,0010119,삼성증권(주),D1,대차 및 대주거래_대여증권,2303720389774,국내증권사,B,SF205,각주항목(09.06월 이후)
20947,201912,0010119,삼성증권(주),D2,대차 및 대주거래_차입증권,5898683760921,국내증권사,B,SF205,각주항목(09.06월 이후)
20948,201912,0010119,삼성증권(주),D3,대차 및 대주거래_신용거래대주, ,국내증권사,B,SF205,각주항목(09.06월 이후)
20949,201912,0010119,삼성증권(주),E,대손상각채권, ,국내증권사,B,SF205,각주항목(09.06월 이후)
20950,201912,0010119,삼성증권(주),F,환전업무 예치금,0,국내증권사,B,SF205,각주항목(09.06월 이후)
20951,201912,0010119,삼성증권(주),G,미배당별도예치금, ,국내증권사,B,SF205,각주항목(09.06월 이후)
20952,201912,0010119,삼성증권(주),H,배서어음매출(종금계정),0,국내증권사,B,SF205,각주항목(09.06월 이후)
20953,201912,0010119,삼성증권(주),H1,대출채권매매이익_담보부, ,국내증권사,B,SF205,각주항목(09.06월 이후)
20954,201912,0010119,삼성증권(주),H2,대출채권매매이익_무담보부, ,국내증권사,B,SF205,각주항목(09.06월 이후)
20955,202003,0010119,삼성증권(주),A,채무보증,3178411038019,국내증권사,B,SF205,각주항목(09.06월 이후)
20956,202003,0010119,삼성증권(주),A1,채무보증_지급보증,10000000000,국내증권사,B,SF205,각주항목(09.06월 이후)
20957,202003,0010119,삼성증권(주),A2,채무보증_매입보장약정,467800000000,국내증권사,B,SF205,각주항목(09.06월 이후)
20958,202003,0010119,삼성증권(주),A3,채무보증_채무인수약정, ,국내증권사,B,SF205,각주항목(09.06월 이후)
20959,202003,0010119,삼성증권(주),A5,채무보증_매입확약,2700611038019,국내증권사,B,SF205,각주항목(09.06월 이후)
20960,202003,0010119,삼성증권(주),A6,채무보증_기타, ,국내증권사,B,SF205,각주항목(09.06월 이후)
20961,202003,0010119,삼성증권(주),B,투자자의 예수증권 등,198040944743475,국내증권사,B,SF205,각주항목(09.06월 이후)
20962,202003,0010119,삼성증권(주),B1,투자자의 예수증권 등_예수 증권,198040944743475,국내증권사,B,SF205,각주항목(09.06월 이후)
20963,202003,0010119,삼성증권(주),B2,투자자의 예수증권 등_예수양도성예금증서, ,국내증권사,B,SF205,각주항목(09.06월 이후)
20964,202003,0010119,삼성증권(주),B3,투자자의 예수증권 등_기타, ,국내증권사,B,SF205,각주항목(09.06월 이후)
20965,202003,0010119,삼성증권(주),C,파생상품계약,138070060050538,국내증권사,B,SF205,각주항목(09.06월 이후)
20966,202003,0010119,삼성증권(주),C1,파생상품계약_장내파생상품,25859612533590,국내증권사,B,SF205,각주항목(09.06월 이후)
20967,202003,0010119,삼성증권(주),C11,파생상품계약_장내파생상품_이자율관련거래,810459989868,국내증권사,B,SF205,각주항목(09.06월 이후)
20968,202003,0010119,삼성증권(주),C12,파생상품계약_장내파생상품_통화관련거래,12625784401,국내증권사,B,SF205,각주항목(09.06월 이후)
20969,202003,0010119,삼성증권(주),C13,파생상품계약_장내파생상품_주식관련거래,24557702263468,국내증권사,B,SF205,각주항목(09.06월 이후)
20970,202003,0010119,삼성증권(주),C14,파생상품계약_장내파생상품_일반상품관련거래,478824495853,국내증권사,B,SF205,각주항목(09.06월 이후)
20971,202003,0010119,삼성증권(주),C15,파생상품계약_장내파생상품_기타,0,국내증권사,B,SF205,각주항목(09.06월 이후)
20972,202003,0010119,삼성증권(주),C2,파생상품계약_장외파생상품,112210447516948,국내증권사,B,SF205,각주항목(09.06월 이후)
20973,202003,0010119,삼성증권(주),C21,파생상품계약_장외파생상품_이자율관련거래,97087042090000,국내증권사,B,SF205,각주항목(09.06월 이후)
20974,202003,0010119,삼성증권(주),C22,파생상품계약_장외파생상품_통화관련거래,9651246789489,국내증권사,B,SF205,각주항목(09.06월 이후)
20975,202003,0010119,삼성증권(주),C23,파생상품계약_장외파생상품_주식관련거래,3320826140159,국내증권사,B,SF205,각주항목(09.06월 이후)
20976,202003,0010119,삼성증권(주),C24,파생상품계약_장외파생상품_신용관련거래,1709627420000,국내증권사,B,SF205,각주항목(09.06월 이후)
20977,202003,0010119,삼성증권(주),C25,파생상품계약_장외파생상품_기타,441705077300,국내증권사,B,SF205,각주항목(09.06월 이후)
20978,202003,0010119,삼성증권(주),D,대차 및 대주거래,8244883260696,국내증권사,B,SF205,각주항목(09.06월 이후)
20979,202003,0010119,삼성증권(주),D1,대차 및 대주거래_대여증권,1989685634479,국내증권사,B,SF205,각주항목(09.06월 이후)
20980,202003,0010119,삼성증권(주),D2,대차 및 대주거래_차입증권,6255197626217,국내증권사,B,SF205,각주항목(09.06월 이후)
20981,202003,0010119,삼성증권(주),D3,대차 및 대주거래_신용거래대주, ,국내증권사,B,SF205,각주항목(09.06월 이후)
20982,202003,0010119,삼성증권(주),E,대손상각채권, ,국내증권사,B,SF205,각주항목(09.06월 이후)
20983,202003,0010119,삼성증권(주),F,환전업무 예치금,0,국내증권사,B,SF205,각주항목(09.06월 이후)
20984,202003,0010119,삼성증권(주),G,미배당별도예치금,0,국내증권사,B,SF205,각주항목(09.06월 이후)
20985,202003,0010119,삼성증권(주),H,배서어음매출(종금계정),0,국내증권사,B,SF205,각주항목(09.06월 이후)
20986,202003,0010119,삼성증권(주),H1,대출채권매매이익_담보부,0,국내증권사,B,SF205,각주항목(09.06월 이후)
20987,202003,0010119,삼성증권(주),H2,대출채권매매이익_무담보부,0,국내증권사,B,SF205,각주항목(09.06월 이후)
20988,202006,0010119,삼성증권(주),A,채무보증,3473815244872,국내증권사,B,SF205,각주항목(09.06월 이후)
20989,202006,0010119,삼성증권(주),A1,채무보증_지급보증,10000000000,국내증권사,B,SF205,각주항목(09.06월 이후)
20990,202006,0010119,삼성증권(주),A2,채무보증_매입보장약정,317800000000,국내증권사,B,SF205,각주항목(09.06월 이후)
20991,202006,0010119,삼성증권(주),A3,채무보증_채무인수약정, ,국내증권사,B,SF205,각주항목(09.06월 이후)
20992,202006,0010119,삼성증권(주),A5,채무보증_매입확약,3146015244872,국내증권사,B,SF205,각주항목(09.06월 이후)
20993,202006,0010119,삼성증권(주),A6,채무보증_기타, ,국내증권사,B,SF205,각주항목(09.06월 이후)
20994,202006,0010119,삼성증권(주),B,투자자의 예수증권 등,243804263549734,국내증권사,B,SF205,각주항목(09.06월 이후)
20995,202006,0010119,삼성증권(주),B1,투자자의 예수증권 등_예수 증권,243804263549734,국내증권사,B,SF205,각주항목(09.06월 이후)
20996,202006,0010119,삼성증권(주),B2,투자자의 예수증권 등_예수양도성예금증서, ,국내증권사,B,SF205,각주항목(09.06월 이후)
20997,202006,0010119,삼성증권(주),B3,투자자의 예수증권 등_기타, ,국내증권사,B,SF205,각주항목(09.06월 이후)
20998,202006,0010119,삼성증권(주),C,파생상품계약,134662974153572,국내증권사,B,SF205,각주항목(09.06월 이후)
20999,202006,0010119,삼성증권(주),C1,파생상품계약_장내파생상품,24412379288202,국내증권사,B,SF205,각주항목(09.06월 이후)
21000,202006,0010119,삼성증권(주),C11,파생상품계약_장내파생상품_이자율관련거래,2018853379264,국내증권사,B,SF205,각주항목(09.06월 이후)
21001,202006,0010119,삼성증권(주),C12,파생상품계약_장내파생상품_통화관련거래,72761572708,국내증권사,B,SF205,각주항목(09.06월 이후)
21002,202006,0010119,삼성증권(주),C13,파생상품계약_장내파생상품_주식관련거래,21992474017481,국내증권사,B,SF205,각주항목(09.06월 이후)
21003,202006,0010119,삼성증권(주),C14,파생상품계약_장내파생상품_일반상품관련거래,328290318749,국내증권사,B,SF205,각주항목(09.06월 이후)
21004,202006,0010119,삼성증권(주),C15,파생상품계약_장내파생상품_기타,0,국내증권사,B,SF205,각주항목(09.06월 이후)
21005,202006,0010119,삼성증권(주),C2,파생상품계약_장외파생상품,110250594865370,국내증권사,B,SF205,각주항목(09.06월 이후)
21006,202006,0010119,삼성증권(주),C21,파생상품계약_장외파생상품_이자율관련거래,95215159005000,국내증권사,B,SF205,각주항목(09.06월 이후)
21007,202006,0010119,삼성증권(주),C22,파생상품계약_장외파생상품_통화관련거래,9144950688534,국내증권사,B,SF205,각주항목(09.06월 이후)
21008,202006,0010119,삼성증권(주),C23,파생상품계약_장외파생상품_주식관련거래,3746741756337,국내증권사,B,SF205,각주항목(09.06월 이후)
21009,202006,0010119,삼성증권(주),C24,파생상품계약_장외파생상품_신용관련거래,1700646690000,국내증권사,B,SF205,각주항목(09.06월 이후)
21010,202006,0010119,삼성증권(주),C25,파생상품계약_장외파생상품_기타,443096725499,국내증권사,B,SF205,각주항목(09.06월 이후)
21011,202006,0010119,삼성증권(주),D,대차 및 대주거래,8341270184106,국내증권사,B,SF205,각주항목(09.06월 이후)
21012,202006,0010119,삼성증권(주),D1,대차 및 대주거래_대여증권,1988773782283,국내증권사,B,SF205,각주항목(09.06월 이후)
21013,202006,0010119,삼성증권(주),D2,대차 및 대주거래_차입증권,6352496401823,국내증권사,B,SF205,각주항목(09.06월 이후)
21014,202006,0010119,삼성증권(주),D3,대차 및 대주거래_신용거래대주, ,국내증권사,B,SF205,각주항목(09.06월 이후)
21015,202006,0010119,삼성증권(주),E,대손상각채권, ,국내증권사,B,SF205,각주항목(09.06월 이후)
21016,202006,0010119,삼성증권(주),F,환전업무 예치금,0,국내증권사,B,SF205,각주항목(09.06월 이후)
21017,202006,0010119,삼성증권(주),G,미배당별도예치금, ,국내증권사,B,SF205,각주항목(09.06월 이후)
21018,202006,0010119,삼성증권(주),H,배서어음매출(종금계정),0,국내증권사,B,SF205,각주항목(09.06월 이후)
21019,202006,0010119,삼성증권(주),H1,대출채권매매이익_담보부, ,국내증권사,B,SF205,각주항목(09.06월 이후)
21020,202006,0010119,삼성증권(주),H2,대출채권매매이익_무담보부, ,국내증권사,B,SF205,각주항목(09.06월 이후)
21021,202009,0010119,삼성증권(주),A,채무보증,3340807571629,국내증권사,B,SF205,각주항목(09.06월 이후)
21022,202009,0010119,삼성증권(주),A1,채무보증_지급보증,10000000000,국내증권사,B,SF205,각주항목(09.06월 이후)
21023,202009,0010119,삼성증권(주),A2,채무보증_매입보장약정,317800000000,국내증권사,B,SF205,각주항목(09.06월 이후)
21024,202009,0010119,삼성증권(주),A3,채무보증_채무인수약정, ,국내증권사,B,SF205,각주항목(09.06월 이후)
21025,202009,0010119,삼성증권(주),A5,채무보증_매입확약,3013007571629,국내증권사,B,SF205,각주항목(09.06월 이후)
21026,202009,0010119,삼성증권(주),A6,채무보증_기타, ,국내증권사,B,SF205,각주항목(09.06월 이후)
21027,202009,0010119,삼성증권(주),B,투자자의 예수증권 등,269894460996065,국내증권사,B,SF205,각주항목(09.06월 이후)
21028,202009,0010119,삼성증권(주),B1,투자자의 예수증권 등_예수 증권,269894460996065,국내증권사,B,SF205,각주항목(09.06월 이후)
21029,202009,0010119,삼성증권(주),B2,투자자의 예수증권 등_예수양도성예금증서, ,국내증권사,B,SF205,각주항목(09.06월 이후)
21030,202009,0010119,삼성증권(주),B3,투자자의 예수증권 등_기타, ,국내증권사,B,SF205,각주항목(09.06월 이후)
21031,202009,0010119,삼성증권(주),C,파생상품계약,133233120012802,국내증권사,B,SF205,각주항목(09.06월 이후)
21032,202009,0010119,삼성증권(주),C1,파생상품계약_장내파생상품,21266199172696,국내증권사,B,SF205,각주항목(09.06월 이후)
21033,202009,0010119,삼성증권(주),C11,파생상품계약_장내파생상품_이자율관련거래,1684092189863,국내증권사,B,SF205,각주항목(09.06월 이후)
21034,202009,0010119,삼성증권(주),C12,파생상품계약_장내파생상품_통화관련거래,51804802477,국내증권사,B,SF205,각주항목(09.06월 이후)
21035,202009,0010119,삼성증권(주),C13,파생상품계약_장내파생상품_주식관련거래,19068629021588,국내증권사,B,SF205,각주항목(09.06월 이후)
21036,202009,0010119,삼성증권(주),C14,파생상품계약_장내파생상품_일반상품관련거래,461673158768,국내증권사,B,SF205,각주항목(09.06월 이후)
21037,202009,0010119,삼성증권(주),C15,파생상품계약_장내파생상품_기타,0,국내증권사,B,SF205,각주항목(09.06월 이후)
21038,202009,0010119,삼성증권(주),C2,파생상품계약_장외파생상품,111966920840106,국내증권사,B,SF205,각주항목(09.06월 이후)
21039,202009,0010119,삼성증권(주),C21,파생상품계약_장외파생상품_이자율관련거래,91616411625000,국내증권사,B,SF205,각주항목(09.06월 이후)
21040,202009,0010119,삼성증권(주),C22,파생상품계약_장외파생상품_통화관련거래,13748157968405,국내증권사,B,SF205,각주항목(09.06월 이후)
21041,202009,0010119,삼성증권(주),C23,파생상품계약_장외파생상품_주식관련거래,4161325450866,국내증권사,B,SF205,각주항목(09.06월 이후)
21042,202009,0010119,삼성증권(주),C24,파생상품계약_장외파생상품_신용관련거래,1579059950000,국내증권사,B,SF205,각주항목(09.06월 이후)
21043,202009,0010119,삼성증권(주),C25,파생상품계약_장외파생상품_기타,861965845835,국내증권사,B,SF205,각주항목(09.06월 이후)
21044,202009,0010119,삼성증권(주),D,대차 및 대주거래,9843939788823,국내증권사,B,SF205,각주항목(09.06월 이후)
21045,202009,0010119,삼성증권(주),D1,대차 및 대주거래_대여증권,2348923047582,국내증권사,B,SF205,각주항목(09.06월 이후)
21046,202009,0010119,삼성증권(주),D2,대차 및 대주거래_차입증권,7495016741241,국내증권사,B,SF205,각주항목(09.06월 이후)
21047,202009,0010119,삼성증권(주),D3,대차 및 대주거래_신용거래대주, ,국내증권사,B,SF205,각주항목(09.06월 이후)
21048,202009,0010119,삼성증권(주),E,대손상각채권, ,국내증권사,B,SF205,각주항목(09.06월 이후)
21049,202009,0010119,삼성증권(주),F,환전업무 예치금,0,국내증권사,B,SF205,각주항목(09.06월 이후)
21050,202009,0010119,삼성증권(주),G,미배당별도예치금,0,국내증권사,B,SF205,각주항목(09.06월 이후)
21051,202009,0010119,삼성증권(주),H,배서어음매출(종금계정),0,국내증권사,B,SF205,각주항목(09.06월 이후)
21052,202009,0010119,삼성증권(주),H1,대출채권매매이익_담보부,0,국내증권사,B,SF205,각주항목(09.06월 이후)
21053,202009,0010119,삼성증권(주),H2,대출채권매매이익_무담보부,0,국내증권사,B,SF205,각주항목(09.06월 이후)
21054,202012,0010119,삼성증권(주),A,채무보증,3810570096596,국내증권사,B,SF205,각주항목(09.06월 이후)
21055,202012,0010119,삼성증권(주),A1,채무보증_지급보증,10000000000,국내증권사,B,SF205,각주항목(09.06월 이후)
21056,202012,0010119,삼성증권(주),A2,채무보증_매입보장약정,227800000000,국내증권사,B,SF205,각주항목(09.06월 이후)
21057,202012,0010119,삼성증권(주),A3,채무보증_채무인수약정, ,국내증권사,B,SF205,각주항목(09.06월 이후)
21058,202012,0010119,삼성증권(주),A5,채무보증_매입확약,3572770096596,국내증권사,B,SF205,각주항목(09.06월 이후)
21059,202012,0010119,삼성증권(주),A6,채무보증_기타, ,국내증권사,B,SF205,각주항목(09.06월 이후)
21060,202012,0010119,삼성증권(주),B,투자자의 예수증권 등,316655650346609,국내증권사,B,SF205,각주항목(09.06월 이후)
21061,202012,0010119,삼성증권(주),B1,투자자의 예수증권 등_예수 증권,316655650346609,국내증권사,B,SF205,각주항목(09.06월 이후)
21062,202012,0010119,삼성증권(주),B2,투자자의 예수증권 등_예수양도성예금증서, ,국내증권사,B,SF205,각주항목(09.06월 이후)
21063,202012,0010119,삼성증권(주),B3,투자자의 예수증권 등_기타, ,국내증권사,B,SF205,각주항목(09.06월 이후)
21064,202012,0010119,삼성증권(주),C,파생상품계약,124882835514989,국내증권사,B,SF205,각주항목(09.06월 이후)
21065,202012,0010119,삼성증권(주),C1,파생상품계약_장내파생상품,17920387407336,국내증권사,B,SF205,각주항목(09.06월 이후)
21066,202012,0010119,삼성증권(주),C11,파생상품계약_장내파생상품_이자율관련거래,1525317311000,국내증권사,B,SF205,각주항목(09.06월 이후)
21067,202012,0010119,삼성증권(주),C12,파생상품계약_장내파생상품_통화관련거래,56052572734,국내증권사,B,SF205,각주항목(09.06월 이후)
21068,202012,0010119,삼성증권(주),C13,파생상품계약_장내파생상품_주식관련거래,15700580244568,국내증권사,B,SF205,각주항목(09.06월 이후)
21069,202012,0010119,삼성증권(주),C14,파생상품계약_장내파생상품_일반상품관련거래,638437279034,국내증권사,B,SF205,각주항목(09.06월 이후)
21070,202012,0010119,삼성증권(주),C15,파생상품계약_장내파생상품_기타,0,국내증권사,B,SF205,각주항목(09.06월 이후)
21071,202012,0010119,삼성증권(주),C2,파생상품계약_장외파생상품,106962448107653,국내증권사,B,SF205,각주항목(09.06월 이후)
21072,202012,0010119,삼성증권(주),C21,파생상품계약_장외파생상품_이자율관련거래,91826386200000,국내증권사,B,SF205,각주항목(09.06월 이후)
21073,202012,0010119,삼성증권(주),C22,파생상품계약_장외파생상품_통화관련거래,10214549785794,국내증권사,B,SF205,각주항목(09.06월 이후)
21074,202012,0010119,삼성증권(주),C23,파생상품계약_장외파생상품_주식관련거래,2479854525984,국내증권사,B,SF205,각주항목(09.06월 이후)
21075,202012,0010119,삼성증권(주),C24,파생상품계약_장외파생상품_신용관련거래,1492873600000,국내증권사,B,SF205,각주항목(09.06월 이후)
21076,202012,0010119,삼성증권(주),C25,파생상품계약_장외파생상품_기타,948783995875,국내증권사,B,SF205,각주항목(09.06월 이후)
21077,202012,0010119,삼성증권(주),D,대차 및 대주거래,9835924052498,국내증권사,B,SF205,각주항목(09.06월 이후)
21078,202012,0010119,삼성증권(주),D1,대차 및 대주거래_대여증권,1871643710256,국내증권사,B,SF205,각주항목(09.06월 이후)
21079,202012,0010119,삼성증권(주),D2,대차 및 대주거래_차입증권,7964280342242,국내증권사,B,SF205,각주항목(09.06월 이후)
21080,202012,0010119,삼성증권(주),D3,대차 및 대주거래_신용거래대주, ,국내증권사,B,SF205,각주항목(09.06월 이후)
21081,202012,0010119,삼성증권(주),E,대손상각채권,2630438840,국내증권사,B,SF205,각주항목(09.06월 이후)
21082,202012,0010119,삼성증권(주),F,환전업무 예치금,0,국내증권사,B,SF205,각주항목(09.06월 이후)
21083,202012,0010119,삼성증권(주),G,미배당별도예치금,0,국내증권사,B,SF205,각주항목(09.06월 이후)
21084,202012,0010119,삼성증권(주),H,배서어음매출(종금계정),0,국내증권사,B,SF205,각주항목(09.06월 이후)
21085,202012,0010119,삼성증권(주),H1,대출채권매매이익_담보부,0,국내증권사,B,SF205,각주항목(09.06월 이후)
21086,202012,0010119,삼성증권(주),H2,대출채권매매이익_무담보부,0,국내증권사,B,SF205,각주항목(09.06월 이후)
21087,202103,0010119,삼성증권(주),A,채무보증,3208483238256,국내증권사,B,SF205,각주항목(09.06월 이후)
21088,202103,0010119,삼성증권(주),A1,채무보증_지급보증,10000000000,국내증권사,B,SF205,각주항목(09.06월 이후)
21089,202103,0010119,삼성증권(주),A2,채무보증_매입보장약정,227800000000,국내증권사,B,SF205,각주항목(09.06월 이후)
21090,202103,0010119,삼성증권(주),A3,채무보증_채무인수약정, ,국내증권사,B,SF205,각주항목(09.06월 이후)
21091,202103,0010119,삼성증권(주),A5,채무보증_매입확약,2970683238256,국내증권사,B,SF205,각주항목(09.06월 이후)
21092,202103,0010119,삼성증권(주),A6,채무보증_기타, ,국내증권사,B,SF205,각주항목(09.06월 이후)
21093,202103,0010119,삼성증권(주),B,투자자의 예수증권 등,334389968428069,국내증권사,B,SF205,각주항목(09.06월 이후)
21094,202103,0010119,삼성증권(주),B1,투자자의 예수증권 등_예수 증권,334389968428069,국내증권사,B,SF205,각주항목(09.06월 이후)
21095,202103,0010119,삼성증권(주),B2,투자자의 예수증권 등_예수양도성예금증서, ,국내증권사,B,SF205,각주항목(09.06월 이후)
21096,202103,0010119,삼성증권(주),B3,투자자의 예수증권 등_기타, ,국내증권사,B,SF205,각주항목(09.06월 이후)
21097,202103,0010119,삼성증권(주),C,파생상품계약,116273557684408,국내증권사,B,SF205,각주항목(09.06월 이후)
21098,202103,0010119,삼성증권(주),C1,파생상품계약_장내파생상품,15027213035319,국내증권사,B,SF205,각주항목(09.06월 이후)
21099,202103,0010119,삼성증권(주),C11,파생상품계약_장내파생상품_이자율관련거래,1440828990367,국내증권사,B,SF205,각주항목(09.06월 이후)
21100,202103,0010119,삼성증권(주),C12,파생상품계약_장내파생상품_통화관련거래,56560994290,국내증권사,B,SF205,각주항목(09.06월 이후)
21101,202103,0010119,삼성증권(주),C13,파생상품계약_장내파생상품_주식관련거래,12684739955065,국내증권사,B,SF205,각주항목(09.06월 이후)
21102,202103,0010119,삼성증권(주),C14,파생상품계약_장내파생상품_일반상품관련거래,845083095597,국내증권사,B,SF205,각주항목(09.06월 이후)
21103,202103,0010119,삼성증권(주),C15,파생상품계약_장내파생상품_기타,0,국내증권사,B,SF205,각주항목(09.06월 이후)
21104,202103,0010119,삼성증권(주),C2,파생상품계약_장외파생상품,101246344649089,국내증권사,B,SF205,각주항목(09.06월 이후)
21105,202103,0010119,삼성증권(주),C21,파생상품계약_장외파생상품_이자율관련거래,85624583650000,국내증권사,B,SF205,각주항목(09.06월 이후)
21106,202103,0010119,삼성증권(주),C22,파생상품계약_장외파생상품_통화관련거래,10618637516883,국내증권사,B,SF205,각주항목(09.06월 이후)
21107,202103,0010119,삼성증권(주),C23,파생상품계약_장외파생상품_주식관련거래,2636682549869,국내증권사,B,SF205,각주항목(09.06월 이후)
21108,202103,0010119,삼성증권(주),C24,파생상품계약_장외파생상품_신용관련거래,1424847950000,국내증권사,B,SF205,각주항목(09.06월 이후)
21109,202103,0010119,삼성증권(주),C25,파생상품계약_장외파생상품_기타,941592982337,국내증권사,B,SF205,각주항목(09.06월 이후)
21110,202103,0010119,삼성증권(주),D,대차 및 대주거래,11526804638574,국내증권사,B,SF205,각주항목(09.06월 이후)
21111,202103,0010119,삼성증권(주),D1,대차 및 대주거래_대여증권,2077162594949,국내증권사,B,SF205,각주항목(09.06월 이후)
21112,202103,0010119,삼성증권(주),D2,대차 및 대주거래_차입증권,9449642043625,국내증권사,B,SF205,각주항목(09.06월 이후)
21113,202103,0010119,삼성증권(주),D3,대차 및 대주거래_신용거래대주, ,국내증권사,B,SF205,각주항목(09.06월 이후)
21114,202103,0010119,삼성증권(주),E,대손상각채권, ,국내증권사,B,SF205,각주항목(09.06월 이후)
21115,202103,0010119,삼성증권(주),F,환전업무 예치금,0,국내증권사,B,SF205,각주항목(09.06월 이후)
21116,202103,0010119,삼성증권(주),G,미배당별도예치금, ,국내증권사,B,SF205,각주항목(09.06월 이후)
21117,202103,0010119,삼성증권(주),H,배서어음매출(종금계정),0,국내증권사,B,SF205,각주항목(09.06월 이후)
21118,202103,0010119,삼성증권(주),H1,대출채권매매이익_담보부, ,국내증권사,B,SF205,각주항목(09.06월 이후)
21119,202103,0010119,삼성증권(주),H2,대출채권매매이익_무담보부, ,국내증권사,B,SF205,각주항목(09.06월 이후)
21120,202106,0010119,삼성증권(주),A,채무보증,3179867478031,국내증권사,B,SF205,각주항목(09.06월 이후)
21121,202106,0010119,삼성증권(주),A1,채무보증_지급보증,10000000000,국내증권사,B,SF205,각주항목(09.06월 이후)
21122,202106,0010119,삼성증권(주),A2,채무보증_매입보장약정,100000000000,국내증권사,B,SF205,각주항목(09.06월 이후)
21123,202106,0010119,삼성증권(주),A3,채무보증_채무인수약정, ,국내증권사,B,SF205,각주항목(09.06월 이후)
21124,202106,0010119,삼성증권(주),A5,채무보증_매입확약,3069867478031,국내증권사,B,SF205,각주항목(09.06월 이후)
21125,202106,0010119,삼성증권(주),A6,채무보증_기타, ,국내증권사,B,SF205,각주항목(09.06월 이후)
21126,202106,0010119,삼성증권(주),B,투자자의 예수증권 등,359574311914757,국내증권사,B,SF205,각주항목(09.06월 이후)
21127,202106,0010119,삼성증권(주),B1,투자자의 예수증권 등_예수 증권,359574311914757,국내증권사,B,SF205,각주항목(09.06월 이후)
21128,202106,0010119,삼성증권(주),B2,투자자의 예수증권 등_예수양도성예금증서,0,국내증권사,B,SF205,각주항목(09.06월 이후)
21129,202106,0010119,삼성증권(주),B3,투자자의 예수증권 등_기타,0,국내증권사,B,SF205,각주항목(09.06월 이후)
21130,202106,0010119,삼성증권(주),C,파생상품계약,119078030722173,국내증권사,B,SF205,각주항목(09.06월 이후)
21131,202106,0010119,삼성증권(주),C1,파생상품계약_장내파생상품,14145296123994,국내증권사,B,SF205,각주항목(09.06월 이후)
21132,202106,0010119,삼성증권(주),C11,파생상품계약_장내파생상품_이자율관련거래,1956753746848,국내증권사,B,SF205,각주항목(09.06월 이후)
21133,202106,0010119,삼성증권(주),C12,파생상품계약_장내파생상품_통화관련거래,96735430802,국내증권사,B,SF205,각주항목(09.06월 이후)
21134,202106,0010119,삼성증권(주),C13,파생상품계약_장내파생상품_주식관련거래,11766629491561,국내증권사,B,SF205,각주항목(09.06월 이후)
21135,202106,0010119,삼성증권(주),C14,파생상품계약_장내파생상품_일반상품관련거래,325177454783,국내증권사,B,SF205,각주항목(09.06월 이후)
21136,202106,0010119,삼성증권(주),C15,파생상품계약_장내파생상품_기타,0,국내증권사,B,SF205,각주항목(09.06월 이후)
21137,202106,0010119,삼성증권(주),C2,파생상품계약_장외파생상품,104932734598179,국내증권사,B,SF205,각주항목(09.06월 이후)
21138,202106,0010119,삼성증권(주),C21,파생상품계약_장외파생상품_이자율관련거래,87554295000000,국내증권사,B,SF205,각주항목(09.06월 이후)
21139,202106,0010119,삼성증권(주),C22,파생상품계약_장외파생상품_통화관련거래,11685973047523,국내증권사,B,SF205,각주항목(09.06월 이후)
21140,202106,0010119,삼성증권(주),C23,파생상품계약_장외파생상품_주식관련거래,3057418774848,국내증권사,B,SF205,각주항목(09.06월 이후)
21141,202106,0010119,삼성증권(주),C24,파생상품계약_장외파생상품_신용관련거래,1422301000000,국내증권사,B,SF205,각주항목(09.06월 이후)
21142,202106,0010119,삼성증권(주),C25,파생상품계약_장외파생상품_기타,1212746775808,국내증권사,B,SF205,각주항목(09.06월 이후)
21143,202106,0010119,삼성증권(주),D,대차 및 대주거래,18830920659056,국내증권사,B,SF205,각주항목(09.06월 이후)
21144,202106,0010119,삼성증권(주),D1,대차 및 대주거래_대여증권,5147933909946,국내증권사,B,SF205,각주항목(09.06월 이후)
21145,202106,0010119,삼성증권(주),D2,대차 및 대주거래_차입증권,13682986749110,국내증권사,B,SF205,각주항목(09.06월 이후)
21146,202106,0010119,삼성증권(주),D3,대차 및 대주거래_신용거래대주,0,국내증권사,B,SF205,각주항목(09.06월 이후)
21147,202106,0010119,삼성증권(주),E,대손상각채권,0,국내증권사,B,SF205,각주항목(09.06월 이후)
21148,202106,0010119,삼성증권(주),F,환전업무 예치금,0,국내증권사,B,SF205,각주항목(09.06월 이후)
21149,202106,0010119,삼성증권(주),G,미배당별도예치금,0,국내증권사,B,SF205,각주항목(09.06월 이후)
21150,202106,0010119,삼성증권(주),H,배서어음매출(종금계정),0,국내증권사,B,SF205,각주항목(09.06월 이후)
21151,202106,0010119,삼성증권(주),H1,대출채권매매이익_담보부,0,국내증권사,B,SF205,각주항목(09.06월 이후)
21152,202106,0010119,삼성증권(주),H2,대출채권매매이익_무담보부,0,국내증권사,B,SF205,각주항목(09.06월 이후)
21153,202109,0010119,삼성증권(주),A,채무보증,3456614610990,국내증권사,B,SF205,각주항목(09.06월 이후)
21154,202109,0010119,삼성증권(주),A1,채무보증_지급보증,10000000000,국내증권사,B,SF205,각주항목(09.06월 이후)
21155,202109,0010119,삼성증권(주),A2,채무보증_매입보장약정,100000000000,국내증권사,B,SF205,각주항목(09.06월 이후)
21156,202109,0010119,삼성증권(주),A3,채무보증_채무인수약정, ,국내증권사,B,SF205,각주항목(09.06월 이후)
21157,202109,0010119,삼성증권(주),A5,채무보증_매입확약,3346614610990,국내증권사,B,SF205,각주항목(09.06월 이후)
21158,202109,0010119,삼성증권(주),A6,채무보증_기타, ,국내증권사,B,SF205,각주항목(09.06월 이후)
21159,202109,0010119,삼성증권(주),B,투자자의 예수증권 등,351601925069965,국내증권사,B,SF205,각주항목(09.06월 이후)
21160,202109,0010119,삼성증권(주),B1,투자자의 예수증권 등_예수 증권,351601925069965,국내증권사,B,SF205,각주항목(09.06월 이후)
21161,202109,0010119,삼성증권(주),B2,투자자의 예수증권 등_예수양도성예금증서,0,국내증권사,B,SF205,각주항목(09.06월 이후)
21162,202109,0010119,삼성증권(주),B3,투자자의 예수증권 등_기타,0,국내증권사,B,SF205,각주항목(09.06월 이후)
21163,202109,0010119,삼성증권(주),C,파생상품계약,118495673190059,국내증권사,B,SF205,각주항목(09.06월 이후)
21164,202109,0010119,삼성증권(주),C1,파생상품계약_장내파생상품,15007198047315,국내증권사,B,SF205,각주항목(09.06월 이후)
21165,202109,0010119,삼성증권(주),C11,파생상품계약_장내파생상품_이자율관련거래,1838122667149,국내증권사,B,SF205,각주항목(09.06월 이후)
21166,202109,0010119,삼성증권(주),C12,파생상품계약_장내파생상품_통화관련거래,194701567438,국내증권사,B,SF205,각주항목(09.06월 이후)
21167,202109,0010119,삼성증권(주),C13,파생상품계약_장내파생상품_주식관련거래,12732656428813,국내증권사,B,SF205,각주항목(09.06월 이후)
21168,202109,0010119,삼성증권(주),C14,파생상품계약_장내파생상품_일반상품관련거래,241717383915,국내증권사,B,SF205,각주항목(09.06월 이후)
21169,202109,0010119,삼성증권(주),C15,파생상품계약_장내파생상품_기타,0,국내증권사,B,SF205,각주항목(09.06월 이후)
21170,202109,0010119,삼성증권(주),C2,파생상품계약_장외파생상품,103488475142744,국내증권사,B,SF205,각주항목(09.06월 이후)
21171,202109,0010119,삼성증권(주),C21,파생상품계약_장외파생상품_이자율관련거래,86947865050000,국내증권사,B,SF205,각주항목(09.06월 이후)
21172,202109,0010119,삼성증권(주),C22,파생상품계약_장외파생상품_통화관련거래,10265747050732,국내증권사,B,SF205,각주항목(09.06월 이후)
21173,202109,0010119,삼성증권(주),C23,파생상품계약_장외파생상품_주식관련거래,3727564018354,국내증권사,B,SF205,각주항목(09.06월 이후)
21174,202109,0010119,삼성증권(주),C24,파생상품계약_장외파생상품_신용관련거래,1462251730000,국내증권사,B,SF205,각주항목(09.06월 이후)
21175,202109,0010119,삼성증권(주),C25,파생상품계약_장외파생상품_기타,1085047293658,국내증권사,B,SF205,각주항목(09.06월 이후)
21176,202109,0010119,삼성증권(주),D,대차 및 대주거래,19759078403891,국내증권사,B,SF205,각주항목(09.06월 이후)
21177,202109,0010119,삼성증권(주),D1,대차 및 대주거래_대여증권,5014320236979,국내증권사,B,SF205,각주항목(09.06월 이후)
21178,202109,0010119,삼성증권(주),D2,대차 및 대주거래_차입증권,14744758166912,국내증권사,B,SF205,각주항목(09.06월 이후)
21179,202109,0010119,삼성증권(주),D3,대차 및 대주거래_신용거래대주,0,국내증권사,B,SF205,각주항목(09.06월 이후)
21180,202109,0010119,삼성증권(주),E,대손상각채권,0,국내증권사,B,SF205,각주항목(09.06월 이후)
21181,202109,0010119,삼성증권(주),F,환전업무 예치금,0,국내증권사,B,SF205,각주항목(09.06월 이후)
21182,202109,0010119,삼성증권(주),G,미배당별도예치금,0,국내증권사,B,SF205,각주항목(09.06월 이후)
21183,202109,0010119,삼성증권(주),H,배서어음매출(종금계정),0,국내증권사,B,SF205,각주항목(09.06월 이후)
21184,202109,0010119,삼성증권(주),H1,대출채권매매이익_담보부,0,국내증권사,B,SF205,각주항목(09.06월 이후)
21185,202109,0010119,삼성증권(주),H2,대출채권매매이익_무담보부,0,국내증권사,B,SF205,각주항목(09.06월 이후)
21186,202112,0010119,삼성증권(주),A,채무보증,4244412056852,국내증권사,B,SF205,각주항목(09.06월 이후)
21187,202112,0010119,삼성증권(주),A1,채무보증_지급보증,10000000000,국내증권사,B,SF205,각주항목(09.06월 이후)
21188,202112,0010119,삼성증권(주),A2,채무보증_매입보장약정,100000000000,국내증권사,B,SF205,각주항목(09.06월 이후)
21189,202112,0010119,삼성증권(주),A3,채무보증_채무인수약정, ,국내증권사,B,SF205,각주항목(09.06월 이후)
21190,202112,0010119,삼성증권(주),A5,채무보증_매입확약,4134412056852,국내증권사,B,SF205,각주항목(09.06월 이후)
21191,202112,0010119,삼성증권(주),A6,채무보증_기타, ,국내증권사,B,SF205,각주항목(09.06월 이후)
21192,202112,0010119,삼성증권(주),B,투자자의 예수증권 등,346873654891314,국내증권사,B,SF205,각주항목(09.06월 이후)
21193,202112,0010119,삼성증권(주),B1,투자자의 예수증권 등_예수 증권,346873654891314,국내증권사,B,SF205,각주항목(09.06월 이후)
21194,202112,0010119,삼성증권(주),B2,투자자의 예수증권 등_예수양도성예금증서,0,국내증권사,B,SF205,각주항목(09.06월 이후)
21195,202112,0010119,삼성증권(주),B3,투자자의 예수증권 등_기타,0,국내증권사,B,SF205,각주항목(09.06월 이후)
21196,202112,0010119,삼성증권(주),C,파생상품계약,119585080260136,국내증권사,B,SF205,각주항목(09.06월 이후)
21197,202112,0010119,삼성증권(주),C1,파생상품계약_장내파생상품,15808004054968,국내증권사,B,SF205,각주항목(09.06월 이후)
21198,202112,0010119,삼성증권(주),C11,파생상품계약_장내파생상품_이자율관련거래,1593364436617,국내증권사,B,SF205,각주항목(09.06월 이후)
21199,202112,0010119,삼성증권(주),C12,파생상품계약_장내파생상품_통화관련거래,510559182250,국내증권사,B,SF205,각주항목(09.06월 이후)
21200,202112,0010119,삼성증권(주),C13,파생상품계약_장내파생상품_주식관련거래,13515643502155,국내증권사,B,SF205,각주항목(09.06월 이후)
21201,202112,0010119,삼성증권(주),C14,파생상품계약_장내파생상품_일반상품관련거래,188436933946,국내증권사,B,SF205,각주항목(09.06월 이후)
21202,202112,0010119,삼성증권(주),C15,파생상품계약_장내파생상품_기타,0,국내증권사,B,SF205,각주항목(09.06월 이후)
21203,202112,0010119,삼성증권(주),C2,파생상품계약_장외파생상품,103777076205168,국내증권사,B,SF205,각주항목(09.06월 이후)
21204,202112,0010119,삼성증권(주),C21,파생상품계약_장외파생상품_이자율관련거래,85236320350000,국내증권사,B,SF205,각주항목(09.06월 이후)
21205,202112,0010119,삼성증권(주),C22,파생상품계약_장외파생상품_통화관련거래,10321988425117,국내증권사,B,SF205,각주항목(09.06월 이후)
21206,202112,0010119,삼성증권(주),C23,파생상품계약_장외파생상품_주식관련거래,5733482211937,국내증권사,B,SF205,각주항목(09.06월 이후)
21207,202112,0010119,삼성증권(주),C24,파생상품계약_장외파생상품_신용관련거래,1462688350000,국내증권사,B,SF205,각주항목(09.06월 이후)
21208,202112,0010119,삼성증권(주),C25,파생상품계약_장외파생상품_기타,1022596868114,국내증권사,B,SF205,각주항목(09.06월 이후)
21209,202112,0010119,삼성증권(주),D,대차 및 대주거래,16205155554614,국내증권사,B,SF205,각주항목(09.06월 이후)
21210,202112,0010119,삼성증권(주),D1,대차 및 대주거래_대여증권,3634439253469,국내증권사,B,SF205,각주항목(09.06월 이후)
21211,202112,0010119,삼성증권(주),D2,대차 및 대주거래_차입증권,12570716301145,국내증권사,B,SF205,각주항목(09.06월 이후)
21212,202112,0010119,삼성증권(주),D3,대차 및 대주거래_신용거래대주,0,국내증권사,B,SF205,각주항목(09.06월 이후)
21213,202112,0010119,삼성증권(주),E,대손상각채권,0,국내증권사,B,SF205,각주항목(09.06월 이후)
21214,202112,0010119,삼성증권(주),F,환전업무 예치금,0,국내증권사,B,SF205,각주항목(09.06월 이후)
21215,202112,0010119,삼성증권(주),G,미배당별도예치금,0,국내증권사,B,SF205,각주항목(09.06월 이후)
21216,202112,0010119,삼성증권(주),H,배서어음매출(종금계정),0,국내증권사,B,SF205,각주항목(09.06월 이후)
21217,202112,0010119,삼성증권(주),H1,대출채권매매이익_담보부,0,국내증권사,B,SF205,각주항목(09.06월 이후)
21218,202112,0010119,삼성증권(주),H2,대출채권매매이익_무담보부,0,국내증권사,B,SF205,각주항목(09.06월 이후)
21219,202203,0010119,삼성증권(주),A,채무보증,4048042105708,국내증권사,B,SF205,각주항목(09.06월 이후)
21220,202203,0010119,삼성증권(주),A1,채무보증_지급보증,10000000000,국내증권사,B,SF205,각주항목(09.06월 이후)
21221,202203,0010119,삼성증권(주),A2,채무보증_매입보장약정,150000000000,국내증권사,B,SF205,각주항목(09.06월 이후)
21222,202203,0010119,삼성증권(주),A3,채무보증_채무인수약정, ,국내증권사,B,SF205,각주항목(09.06월 이후)
21223,202203,0010119,삼성증권(주),A5,채무보증_매입확약,3888042105708,국내증권사,B,SF205,각주항목(09.06월 이후)
21224,202203,0010119,삼성증권(주),A6,채무보증_기타, ,국내증권사,B,SF205,각주항목(09.06월 이후)
21225,202203,0010119,삼성증권(주),B,투자자의 예수증권 등,338830018121969,국내증권사,B,SF205,각주항목(09.06월 이후)
21226,202203,0010119,삼성증권(주),B1,투자자의 예수증권 등_예수 증권,338830018121969,국내증권사,B,SF205,각주항목(09.06월 이후)
21227,202203,0010119,삼성증권(주),B2,투자자의 예수증권 등_예수양도성예금증서,0,국내증권사,B,SF205,각주항목(09.06월 이후)
21228,202203,0010119,삼성증권(주),B3,투자자의 예수증권 등_기타,0,국내증권사,B,SF205,각주항목(09.06월 이후)
21229,202203,0010119,삼성증권(주),C,파생상품계약,126127084474912,국내증권사,B,SF205,각주항목(09.06월 이후)
21230,202203,0010119,삼성증권(주),C1,파생상품계약_장내파생상품,17885018968617,국내증권사,B,SF205,각주항목(09.06월 이후)
21231,202203,0010119,삼성증권(주),C11,파생상품계약_장내파생상품_이자율관련거래,1803240285689,국내증권사,B,SF205,각주항목(09.06월 이후)
21232,202203,0010119,삼성증권(주),C12,파생상품계약_장내파생상품_통화관련거래,598356913005,국내증권사,B,SF205,각주항목(09.06월 이후)
21233,202203,0010119,삼성증권(주),C13,파생상품계약_장내파생상품_주식관련거래,15407486606502,국내증권사,B,SF205,각주항목(09.06월 이후)
21234,202203,0010119,삼성증권(주),C14,파생상품계약_장내파생상품_일반상품관련거래,75935163421,국내증권사,B,SF205,각주항목(09.06월 이후)
21235,202203,0010119,삼성증권(주),C15,파생상품계약_장내파생상품_기타,0,국내증권사,B,SF205,각주항목(09.06월 이후)
21236,202203,0010119,삼성증권(주),C2,파생상품계약_장외파생상품,108242065506295,국내증권사,B,SF205,각주항목(09.06월 이후)
21237,202203,0010119,삼성증권(주),C21,파생상품계약_장외파생상품_이자율관련거래,87893183900000,국내증권사,B,SF205,각주항목(09.06월 이후)
21238,202203,0010119,삼성증권(주),C22,파생상품계약_장외파생상품_통화관련거래,10634641808459,국내증권사,B,SF205,각주항목(09.06월 이후)
21239,202203,0010119,삼성증권(주),C23,파생상품계약_장외파생상품_주식관련거래,6788636747102,국내증권사,B,SF205,각주항목(09.06월 이후)
21240,202203,0010119,삼성증권(주),C24,파생상품계약_장외파생상품_신용관련거래,1847971560000,국내증권사,B,SF205,각주항목(09.06월 이후)
21241,202203,0010119,삼성증권(주),C25,파생상품계약_장외파생상품_기타,1077631490734,국내증권사,B,SF205,각주항목(09.06월 이후)
21242,202203,0010119,삼성증권(주),D,대차 및 대주거래,17809185322500,국내증권사,B,SF205,각주항목(09.06월 이후)
21243,202203,0010119,삼성증권(주),D1,대차 및 대주거래_대여증권,4552783603047,국내증권사,B,SF205,각주항목(09.06월 이후)
21244,202203,0010119,삼성증권(주),D2,대차 및 대주거래_차입증권,13256401719453,국내증권사,B,SF205,각주항목(09.06월 이후)
21245,202203,0010119,삼성증권(주),D3,대차 및 대주거래_신용거래대주,0,국내증권사,B,SF205,각주항목(09.06월 이후)
21246,202203,0010119,삼성증권(주),E,대손상각채권,0,국내증권사,B,SF205,각주항목(09.06월 이후)
21247,202203,0010119,삼성증권(주),F,환전업무 예치금,0,국내증권사,B,SF205,각주항목(09.06월 이후)
21248,202203,0010119,삼성증권(주),G,미배당별도예치금,0,국내증권사,B,SF205,각주항목(09.06월 이후)
21249,202203,0010119,삼성증권(주),H,배서어음매출(종금계정),0,국내증권사,B,SF205,각주항목(09.06월 이후)
21250,202203,0010119,삼성증권(주),H1,대출채권매매이익_담보부,0,국내증권사,B,SF205,각주항목(09.06월 이후)
21251,202203,0010119,삼성증권(주),H2,대출채권매매이익_무담보부,0,국내증권사,B,SF205,각주항목(09.06월 이후)
21252,202206,0010119,삼성증권(주),A,채무보증,4277365318645,국내증권사,B,SF205,각주항목(09.06월 이후)
21253,202206,0010119,삼성증권(주),A1,채무보증_지급보증,10000000000,국내증권사,B,SF205,각주항목(09.06월 이후)
21254,202206,0010119,삼성증권(주),A2,채무보증_매입보장약정,150000000000,국내증권사,B,SF205,각주항목(09.06월 이후)
21255,202206,0010119,삼성증권(주),A3,채무보증_채무인수약정,0,국내증권사,B,SF205,각주항목(09.06월 이후)
21256,202206,0010119,삼성증권(주),A5,채무보증_매입확약,4117365318645,국내증권사,B,SF205,각주항목(09.06월 이후)
21257,202206,0010119,삼성증권(주),A6,채무보증_기타,0,국내증권사,B,SF205,각주항목(09.06월 이후)
21258,202206,0010119,삼성증권(주),B,투자자의 예수증권 등,301033086372459,국내증권사,B,SF205,각주항목(09.06월 이후)
21259,202206,0010119,삼성증권(주),B1,투자자의 예수증권 등_예수 증권,301033086372459,국내증권사,B,SF205,각주항목(09.06월 이후)
21260,202206,0010119,삼성증권(주),B2,투자자의 예수증권 등_예수양도성예금증서,0,국내증권사,B,SF205,각주항목(09.06월 이후)
21261,202206,0010119,삼성증권(주),B3,투자자의 예수증권 등_기타,0,국내증권사,B,SF205,각주항목(09.06월 이후)
21262,202206,0010119,삼성증권(주),C,파생상품계약,139745436273616,국내증권사,B,SF205,각주항목(09.06월 이후)
21263,202206,0010119,삼성증권(주),C1,파생상품계약_장내파생상품,16214948817170,국내증권사,B,SF205,각주항목(09.06월 이후)
21264,202206,0010119,삼성증권(주),C11,파생상품계약_장내파생상품_이자율관련거래,1508213528431,국내증권사,B,SF205,각주항목(09.06월 이후)
21265,202206,0010119,삼성증권(주),C12,파생상품계약_장내파생상품_통화관련거래,221218009599,국내증권사,B,SF205,각주항목(09.06월 이후)
21266,202206,0010119,삼성증권(주),C13,파생상품계약_장내파생상품_주식관련거래,14257313854680,국내증권사,B,SF205,각주항목(09.06월 이후)
21267,202206,0010119,삼성증권(주),C14,파생상품계약_장내파생상품_일반상품관련거래,228203424460,국내증권사,B,SF205,각주항목(09.06월 이후)
21268,202206,0010119,삼성증권(주),C15,파생상품계약_장내파생상품_기타,0,국내증권사,B,SF205,각주항목(09.06월 이후)
21269,202206,0010119,삼성증권(주),C2,파생상품계약_장외파생상품,123530487456446,국내증권사,B,SF205,각주항목(09.06월 이후)
21270,202206,0010119,삼성증권(주),C21,파생상품계약_장외파생상품_이자율관련거래,100300275250000,국내증권사,B,SF205,각주항목(09.06월 이후)
21271,202206,0010119,삼성증권(주),C22,파생상품계약_장외파생상품_통화관련거래,13086407233904,국내증권사,B,SF205,각주항목(09.06월 이후)
21272,202206,0010119,삼성증권(주),C23,파생상품계약_장외파생상품_주식관련거래,6659622397033,국내증권사,B,SF205,각주항목(09.06월 이후)
21273,202206,0010119,삼성증권(주),C24,파생상품계약_장외파생상품_신용관련거래,2395456030000,국내증권사,B,SF205,각주항목(09.06월 이후)
21274,202206,0010119,삼성증권(주),C25,파생상품계약_장외파생상품_기타,1088726545509,국내증권사,B,SF205,각주항목(09.06월 이후)
21275,202206,0010119,삼성증권(주),D,대차 및 대주거래,15311956261151,국내증권사,B,SF205,각주항목(09.06월 이후)
21276,202206,0010119,삼성증권(주),D1,대차 및 대주거래_대여증권,3756026782855,국내증권사,B,SF205,각주항목(09.06월 이후)
21277,202206,0010119,삼성증권(주),D2,대차 및 대주거래_차입증권,11555929478296,국내증권사,B,SF205,각주항목(09.06월 이후)
21278,202206,0010119,삼성증권(주),D3,대차 및 대주거래_신용거래대주,0,국내증권사,B,SF205,각주항목(09.06월 이후)
21279,202206,0010119,삼성증권(주),E,대손상각채권,272255143,국내증권사,B,SF205,각주항목(09.06월 이후)
21280,202206,0010119,삼성증권(주),F,환전업무 예치금,0,국내증권사,B,SF205,각주항목(09.06월 이후)
21281,202206,0010119,삼성증권(주),G,미배당별도예치금,0,국내증권사,B,SF205,각주항목(09.06월 이후)
21282,202206,0010119,삼성증권(주),H,배서어음매출(종금계정),0,국내증권사,B,SF205,각주항목(09.06월 이후)
21283,202206,0010119,삼성증권(주),H1,대출채권매매이익_담보부,0,국내증권사,B,SF205,각주항목(09.06월 이후)
21284,202206,0010119,삼성증권(주),H2,대출채권매매이익_무담보부,0,국내증권사,B,SF205,각주항목(09.06월 이후)
21285,202209,0010119,삼성증권(주),A,채무보증,3717143767554,국내증권사,B,SF205,각주항목(09.06월 이후)
21286,202209,0010119,삼성증권(주),A1,채무보증_지급보증,10000000000,국내증권사,B,SF205,각주항목(09.06월 이후)
21287,202209,0010119,삼성증권(주),A2,채무보증_매입보장약정,150000000000,국내증권사,B,SF205,각주항목(09.06월 이후)
21288,202209,0010119,삼성증권(주),A3,채무보증_채무인수약정,0,국내증권사,B,SF205,각주항목(09.06월 이후)
21289,202209,0010119,삼성증권(주),A5,채무보증_매입확약,3557143767554,국내증권사,B,SF205,각주항목(09.06월 이후)
21290,202209,0010119,삼성증권(주),A6,채무보증_기타,0,국내증권사,B,SF205,각주항목(09.06월 이후)
21291,202209,0010119,삼성증권(주),B,투자자의 예수증권 등,287826286420910,국내증권사,B,SF205,각주항목(09.06월 이후)
21292,202209,0010119,삼성증권(주),B1,투자자의 예수증권 등_예수 증권,287826286420910,국내증권사,B,SF205,각주항목(09.06월 이후)
21293,202209,0010119,삼성증권(주),B2,투자자의 예수증권 등_예수양도성예금증서,0,국내증권사,B,SF205,각주항목(09.06월 이후)
21294,202209,0010119,삼성증권(주),B3,투자자의 예수증권 등_기타,0,국내증권사,B,SF205,각주항목(09.06월 이후)
21295,202209,0010119,삼성증권(주),C,파생상품계약,147330816491738,국내증권사,B,SF205,각주항목(09.06월 이후)
21296,202209,0010119,삼성증권(주),C1,파생상품계약_장내파생상품,17046376337213,국내증권사,B,SF205,각주항목(09.06월 이후)
21297,202209,0010119,삼성증권(주),C11,파생상품계약_장내파생상품_이자율관련거래,2209036145911,국내증권사,B,SF205,각주항목(09.06월 이후)
21298,202209,0010119,삼성증권(주),C12,파생상품계약_장내파생상품_통화관련거래,214147056243,국내증권사,B,SF205,각주항목(09.06월 이후)
21299,202209,0010119,삼성증권(주),C13,파생상품계약_장내파생상품_주식관련거래,14346478129125,국내증권사,B,SF205,각주항목(09.06월 이후)
21300,202209,0010119,삼성증권(주),C14,파생상품계약_장내파생상품_일반상품관련거래,276217847734,국내증권사,B,SF205,각주항목(09.06월 이후)
21301,202209,0010119,삼성증권(주),C15,파생상품계약_장내파생상품_기타,497158200,국내증권사,B,SF205,각주항목(09.06월 이후)
21302,202209,0010119,삼성증권(주),C2,파생상품계약_장외파생상품,130284440154525,국내증권사,B,SF205,각주항목(09.06월 이후)
21303,202209,0010119,삼성증권(주),C21,파생상품계약_장외파생상품_이자율관련거래,103624651600000,국내증권사,B,SF205,각주항목(09.06월 이후)
21304,202209,0010119,삼성증권(주),C22,파생상품계약_장외파생상품_통화관련거래,13944919352087,국내증권사,B,SF205,각주항목(09.06월 이후)
21305,202209,0010119,삼성증권(주),C23,파생상품계약_장외파생상품_주식관련거래,8464399941292,국내증권사,B,SF205,각주항목(09.06월 이후)
21306,202209,0010119,삼성증권(주),C24,파생상품계약_장외파생상품_신용관련거래,3076416360000,국내증권사,B,SF205,각주항목(09.06월 이후)
21307,202209,0010119,삼성증권(주),C25,파생상품계약_장외파생상품_기타,1174052901146,국내증권사,B,SF205,각주항목(09.06월 이후)
21308,202209,0010119,삼성증권(주),D,대차 및 대주거래,14157413384942,국내증권사,B,SF205,각주항목(09.06월 이후)
21309,202209,0010119,삼성증권(주),D1,대차 및 대주거래_대여증권,3712088925045,국내증권사,B,SF205,각주항목(09.06월 이후)
21310,202209,0010119,삼성증권(주),D2,대차 및 대주거래_차입증권,10445324459897,국내증권사,B,SF205,각주항목(09.06월 이후)
21311,202209,0010119,삼성증권(주),D3,대차 및 대주거래_신용거래대주,0,국내증권사,B,SF205,각주항목(09.06월 이후)
21312,202209,0010119,삼성증권(주),E,대손상각채권,0,국내증권사,B,SF205,각주항목(09.06월 이후)
21313,202209,0010119,삼성증권(주),F,환전업무 예치금,0,국내증권사,B,SF205,각주항목(09.06월 이후)
21314,202209,0010119,삼성증권(주),G,미배당별도예치금,0,국내증권사,B,SF205,각주항목(09.06월 이후)
21315,202209,0010119,삼성증권(주),H,배서어음매출(종금계정),0,국내증권사,B,SF205,각주항목(09.06월 이후)
21316,202209,0010119,삼성증권(주),H1,대출채권매매이익_담보부,0,국내증권사,B,SF205,각주항목(09.06월 이후)
21317,202209,0010119,삼성증권(주),H2,대출채권매매이익_무담보부,0,국내증권사,B,SF205,각주항목(09.06월 이후)
21318,202212,0010119,삼성증권(주),A,채무보증,3168680040105,국내증권사,B,SF205,각주항목(09.06월 이후)
21319,202212,0010119,삼성증권(주),A1,채무보증_지급보증,10000000000,국내증권사,B,SF205,각주항목(09.06월 이후)
21320,202212,0010119,삼성증권(주),A2,채무보증_매입보장약정,150000000000,국내증권사,B,SF205,각주항목(09.06월 이후)
21321,202212,0010119,삼성증권(주),A3,채무보증_채무인수약정,0,국내증권사,B,SF205,각주항목(09.06월 이후)
21322,202212,0010119,삼성증권(주),A5,채무보증_매입확약,3008680040105,국내증권사,B,SF205,각주항목(09.06월 이후)
21323,202212,0010119,삼성증권(주),A6,채무보증_기타,0,국내증권사,B,SF205,각주항목(09.06월 이후)
21324,202212,0010119,삼성증권(주),B,투자자의 예수증권 등,294704718541800,국내증권사,B,SF205,각주항목(09.06월 이후)
21325,202212,0010119,삼성증권(주),B1,투자자의 예수증권 등_예수 증권,294704718541800,국내증권사,B,SF205,각주항목(09.06월 이후)
21326,202212,0010119,삼성증권(주),B2,투자자의 예수증권 등_예수양도성예금증서,0,국내증권사,B,SF205,각주항목(09.06월 이후)
21327,202212,0010119,삼성증권(주),B3,투자자의 예수증권 등_기타,0,국내증권사,B,SF205,각주항목(09.06월 이후)
21328,202212,0010119,삼성증권(주),C,파생상품계약,126139103576720,국내증권사,B,SF205,각주항목(09.06월 이후)
21329,202212,0010119,삼성증권(주),C1,파생상품계약_장내파생상품,13127805967524,국내증권사,B,SF205,각주항목(09.06월 이후)
21330,202212,0010119,삼성증권(주),C11,파생상품계약_장내파생상품_이자율관련거래,1413630606966,국내증권사,B,SF205,각주항목(09.06월 이후)
21331,202212,0010119,삼성증권(주),C12,파생상품계약_장내파생상품_통화관련거래,492168495301,국내증권사,B,SF205,각주항목(09.06월 이후)
21332,202212,0010119,삼성증권(주),C13,파생상품계약_장내파생상품_주식관련거래,11094888477292,국내증권사,B,SF205,각주항목(09.06월 이후)
21333,202212,0010119,삼성증권(주),C14,파생상품계약_장내파생상품_일반상품관련거래,127118387965,국내증권사,B,SF205,각주항목(09.06월 이후)
21334,202212,0010119,삼성증권(주),C15,파생상품계약_장내파생상품_기타,0,국내증권사,B,SF205,각주항목(09.06월 이후)
21335,202212,0010119,삼성증권(주),C2,파생상품계약_장외파생상품,113011297609196,국내증권사,B,SF205,각주항목(09.06월 이후)
21336,202212,0010119,삼성증권(주),C21,파생상품계약_장외파생상품_이자율관련거래,91886727000000,국내증권사,B,SF205,각주항목(09.06월 이후)
21337,202212,0010119,삼성증권(주),C22,파생상품계약_장외파생상품_통화관련거래,11189860896455,국내증권사,B,SF205,각주항목(09.06월 이후)
21338,202212,0010119,삼성증권(주),C23,파생상품계약_장외파생상품_주식관련거래,6234506710565,국내증권사,B,SF205,각주항목(09.06월 이후)
21339,202212,0010119,삼성증권(주),C24,파생상품계약_장외파생상품_신용관련거래,2600474230000,국내증권사,B,SF205,각주항목(09.06월 이후)
21340,202212,0010119,삼성증권(주),C25,파생상품계약_장외파생상품_기타,1099728772176,국내증권사,B,SF205,각주항목(09.06월 이후)
21341,202212,0010119,삼성증권(주),D,대차 및 대주거래,12808492166778,국내증권사,B,SF205,각주항목(09.06월 이후)
21342,202212,0010119,삼성증권(주),D1,대차 및 대주거래_대여증권,3609588036668,국내증권사,B,SF205,각주항목(09.06월 이후)
21343,202212,0010119,삼성증권(주),D2,대차 및 대주거래_차입증권,9198904130110,국내증권사,B,SF205,각주항목(09.06월 이후)
21344,202212,0010119,삼성증권(주),D3,대차 및 대주거래_신용거래대주,0,국내증권사,B,SF205,각주항목(09.06월 이후)
21345,202212,0010119,삼성증권(주),E,대손상각채권,385501950,국내증권사,B,SF205,각주항목(09.06월 이후)
21346,202212,0010119,삼성증권(주),F,환전업무 예치금,0,국내증권사,B,SF205,각주항목(09.06월 이후)
21347,202212,0010119,삼성증권(주),G,미배당별도예치금,0,국내증권사,B,SF205,각주항목(09.06월 이후)
21348,202212,0010119,삼성증권(주),H,배서어음매출(종금계정),0,국내증권사,B,SF205,각주항목(09.06월 이후)
21349,202212,0010119,삼성증권(주),H1,대출채권매매이익_담보부,0,국내증권사,B,SF205,각주항목(09.06월 이후)
21350,202212,0010119,삼성증권(주),H2,대출채권매매이익_무담보부,0,국내증권사,B,SF205,각주항목(09.06월 이후)
21351,202303,0010119,삼성증권(주),A,채무보증,2953149661616,국내증권사,B,SF205,각주항목(09.06월 이후)
21352,202303,0010119,삼성증권(주),A1,채무보증_지급보증,10000000000,국내증권사,B,SF205,각주항목(09.06월 이후)
21353,202303,0010119,삼성증권(주),A2,채무보증_매입보장약정,50000000000,국내증권사,B,SF205,각주항목(09.06월 이후)
21354,202303,0010119,삼성증권(주),A3,채무보증_채무인수약정, ,국내증권사,B,SF205,각주항목(09.06월 이후)
21355,202303,0010119,삼성증권(주),A5,채무보증_매입확약,2893149661616,국내증권사,B,SF205,각주항목(09.06월 이후)
21356,202303,0010119,삼성증권(주),A6,채무보증_기타,0,국내증권사,B,SF205,각주항목(09.06월 이후)
21357,202303,0010119,삼성증권(주),B,투자자의 예수증권 등,323088636739911,국내증권사,B,SF205,각주항목(09.06월 이후)
21358,202303,0010119,삼성증권(주),B1,투자자의 예수증권 등_예수 증권,323088636739911,국내증권사,B,SF205,각주항목(09.06월 이후)
21359,202303,0010119,삼성증권(주),B2,투자자의 예수증권 등_예수양도성예금증서,0,국내증권사,B,SF205,각주항목(09.06월 이후)
21360,202303,0010119,삼성증권(주),B3,투자자의 예수증권 등_기타,0,국내증권사,B,SF205,각주항목(09.06월 이후)
21361,202303,0010119,삼성증권(주),C,파생상품계약,122776333875653,국내증권사,B,SF205,각주항목(09.06월 이후)
21362,202303,0010119,삼성증권(주),C1,파생상품계약_장내파생상품,13842687283372,국내증권사,B,SF205,각주항목(09.06월 이후)
21363,202303,0010119,삼성증권(주),C11,파생상품계약_장내파생상품_이자율관련거래,888505943775,국내증권사,B,SF205,각주항목(09.06월 이후)
21364,202303,0010119,삼성증권(주),C12,파생상품계약_장내파생상품_통화관련거래,557687679103,국내증권사,B,SF205,각주항목(09.06월 이후)
21365,202303,0010119,삼성증권(주),C13,파생상품계약_장내파생상품_주식관련거래,12201005722736,국내증권사,B,SF205,각주항목(09.06월 이후)
21366,202303,0010119,삼성증권(주),C14,파생상품계약_장내파생상품_일반상품관련거래,195487937758,국내증권사,B,SF205,각주항목(09.06월 이후)
21367,202303,0010119,삼성증권(주),C15,파생상품계약_장내파생상품_기타,0,국내증권사,B,SF205,각주항목(09.06월 이후)
21368,202303,0010119,삼성증권(주),C2,파생상품계약_장외파생상품,108933646592281,국내증권사,B,SF205,각주항목(09.06월 이후)
21369,202303,0010119,삼성증권(주),C21,파생상품계약_장외파생상품_이자율관련거래,82786293600000,국내증권사,B,SF205,각주항목(09.06월 이후)
21370,202303,0010119,삼성증권(주),C22,파생상품계약_장외파생상품_통화관련거래,13576949244769,국내증권사,B,SF205,각주항목(09.06월 이후)
21371,202303,0010119,삼성증권(주),C23,파생상품계약_장외파생상품_주식관련거래,8254986334788,국내증권사,B,SF205,각주항목(09.06월 이후)
21372,202303,0010119,삼성증권(주),C24,파생상품계약_장외파생상품_신용관련거래,2835647780000,국내증권사,B,SF205,각주항목(09.06월 이후)
21373,202303,0010119,삼성증권(주),C25,파생상품계약_장외파생상품_기타,1479769632724,국내증권사,B,SF205,각주항목(09.06월 이후)
21374,202303,0010119,삼성증권(주),D,대차 및 대주거래,15520277236147,국내증권사,B,SF205,각주항목(09.06월 이후)
21375,202303,0010119,삼성증권(주),D1,대차 및 대주거래_대여증권,4379790583570,국내증권사,B,SF205,각주항목(09.06월 이후)
21376,202303,0010119,삼성증권(주),D2,대차 및 대주거래_차입증권,11140486652577,국내증권사,B,SF205,각주항목(09.06월 이후)
21377,202303,0010119,삼성증권(주),D3,대차 및 대주거래_신용거래대주,0,국내증권사,B,SF205,각주항목(09.06월 이후)
21378,202303,0010119,삼성증권(주),E,대손상각채권,0,국내증권사,B,SF205,각주항목(09.06월 이후)
21379,202303,0010119,삼성증권(주),F,환전업무 예치금,0,국내증권사,B,SF205,각주항목(09.06월 이후)
21380,202303,0010119,삼성증권(주),G,미배당별도예치금,0,국내증권사,B,SF205,각주항목(09.06월 이후)
21381,202303,0010119,삼성증권(주),H,배서어음매출(종금계정),0,국내증권사,B,SF205,각주항목(09.06월 이후)
21382,202303,0010119,삼성증권(주),H1,대출채권매매이익_담보부,0,국내증권사,B,SF205,각주항목(09.06월 이후)
21383,202303,0010119,삼성증권(주),H2,대출채권매매이익_무담보부,0,국내증권사,B,SF205,각주항목(09.06월 이후)
21384,202306,0010119,삼성증권(주),A,채무보증,3033007100088,국내증권사,B,SF205,각주항목(09.06월 이후)
21385,202306,0010119,삼성증권(주),A1,채무보증_지급보증,0,국내증권사,B,SF205,각주항목(09.06월 이후)
21386,202306,0010119,삼성증권(주),A2,채무보증_매입보장약정,50000000000,국내증권사,B,SF205,각주항목(09.06월 이후)
21387,202306,0010119,삼성증권(주),A3,채무보증_채무인수약정,0,국내증권사,B,SF205,각주항목(09.06월 이후)
21388,202306,0010119,삼성증권(주),A5,채무보증_매입확약,2983007100088,국내증권사,B,SF205,각주항목(09.06월 이후)
21389,202306,0010119,삼성증권(주),A6,채무보증_기타,0,국내증권사,B,SF205,각주항목(09.06월 이후)
21390,202306,0010119,삼성증권(주),B,투자자의 예수증권 등,332663549927336,국내증권사,B,SF205,각주항목(09.06월 이후)
21391,202306,0010119,삼성증권(주),B1,투자자의 예수증권 등_예수 증권,332663549927336,국내증권사,B,SF205,각주항목(09.06월 이후)
21392,202306,0010119,삼성증권(주),B2,투자자의 예수증권 등_예수양도성예금증서,0,국내증권사,B,SF205,각주항목(09.06월 이후)
21393,202306,0010119,삼성증권(주),B3,투자자의 예수증권 등_기타,0,국내증권사,B,SF205,각주항목(09.06월 이후)
21394,202306,0010119,삼성증권(주),C,파생상품계약,132537740891986,국내증권사,B,SF205,각주항목(09.06월 이후)
21395,202306,0010119,삼성증권(주),C1,파생상품계약_장내파생상품,9988451904720,국내증권사,B,SF205,각주항목(09.06월 이후)
21396,202306,0010119,삼성증권(주),C11,파생상품계약_장내파생상품_이자율관련거래,1236334117489,국내증권사,B,SF205,각주항목(09.06월 이후)
21397,202306,0010119,삼성증권(주),C12,파생상품계약_장내파생상품_통화관련거래,496504545192,국내증권사,B,SF205,각주항목(09.06월 이후)
21398,202306,0010119,삼성증권(주),C13,파생상품계약_장내파생상품_주식관련거래,8027356587527,국내증권사,B,SF205,각주항목(09.06월 이후)
21399,202306,0010119,삼성증권(주),C14,파생상품계약_장내파생상품_일반상품관련거래,228256654512,국내증권사,B,SF205,각주항목(09.06월 이후)
21400,202306,0010119,삼성증권(주),C15,파생상품계약_장내파생상품_기타,0,국내증권사,B,SF205,각주항목(09.06월 이후)
21401,202306,0010119,삼성증권(주),C2,파생상품계약_장외파생상품,122549288987266,국내증권사,B,SF205,각주항목(09.06월 이후)
21402,202306,0010119,삼성증권(주),C21,파생상품계약_장외파생상품_이자율관련거래,90994852500000,국내증권사,B,SF205,각주항목(09.06월 이후)
21403,202306,0010119,삼성증권(주),C22,파생상품계약_장외파생상품_통화관련거래,20004659230682,국내증권사,B,SF205,각주항목(09.06월 이후)
21404,202306,0010119,삼성증권(주),C23,파생상품계약_장외파생상품_주식관련거래,7356479867862,국내증권사,B,SF205,각주항목(09.06월 이후)
21405,202306,0010119,삼성증권(주),C24,파생상품계약_장외파생상품_신용관련거래,2678998900000,국내증권사,B,SF205,각주항목(09.06월 이후)
21406,202306,0010119,삼성증권(주),C25,파생상품계약_장외파생상품_기타,1514298488722,국내증권사,B,SF205,각주항목(09.06월 이후)
21407,202306,0010119,삼성증권(주),D,대차 및 대주거래,15492928376212,국내증권사,B,SF205,각주항목(09.06월 이후)
21408,202306,0010119,삼성증권(주),D1,대차 및 대주거래_대여증권,4473829978206,국내증권사,B,SF205,각주항목(09.06월 이후)
21409,202306,0010119,삼성증권(주),D2,대차 및 대주거래_차입증권,11019098398006,국내증권사,B,SF205,각주항목(09.06월 이후)
21410,202306,0010119,삼성증권(주),D3,대차 및 대주거래_신용거래대주,0,국내증권사,B,SF205,각주항목(09.06월 이후)
21411,202306,0010119,삼성증권(주),E,대손상각채권,0,국내증권사,B,SF205,각주항목(09.06월 이후)
21412,202306,0010119,삼성증권(주),F,환전업무 예치금,0,국내증권사,B,SF205,각주항목(09.06월 이후)
21413,202306,0010119,삼성증권(주),G,미배당별도예치금,0,국내증권사,B,SF205,각주항목(09.06월 이후)
21414,202306,0010119,삼성증권(주),H,배서어음매출(종금계정),0,국내증권사,B,SF205,각주항목(09.06월 이후)
21415,202306,0010119,삼성증권(주),H1,대출채권매매이익_담보부,0,국내증권사,B,SF205,각주항목(09.06월 이후)
21416,202306,0010119,삼성증권(주),H2,대출채권매매이익_무담보부,0,국내증권사,B,SF205,각주항목(09.06월 이후)
21417,202309,0010119,삼성증권(주),A,채무보증,2220272872975,국내증권사,B,SF205,각주항목(09.06월 이후)
21418,202309,0010119,삼성증권(주),A1,채무보증_지급보증,0,국내증권사,B,SF205,각주항목(09.06월 이후)
21419,202309,0010119,삼성증권(주),A2,채무보증_매입보장약정,0,국내증권사,B,SF205,각주항목(09.06월 이후)
21420,202309,0010119,삼성증권(주),A3,채무보증_채무인수약정,0,국내증권사,B,SF205,각주항목(09.06월 이후)
21421,202309,0010119,삼성증권(주),A5,채무보증_매입확약,2220272872975,국내증권사,B,SF205,각주항목(09.06월 이후)
21422,202309,0010119,삼성증권(주),A6,채무보증_기타,0,국내증권사,B,SF205,각주항목(09.06월 이후)
21423,202309,0010119,삼성증권(주),B,투자자의 예수증권 등,328046486332861,국내증권사,B,SF205,각주항목(09.06월 이후)
21424,202309,0010119,삼성증권(주),B1,투자자의 예수증권 등_예수 증권,328046486332861,국내증권사,B,SF205,각주항목(09.06월 이후)
21425,202309,0010119,삼성증권(주),B2,투자자의 예수증권 등_예수양도성예금증서,0,국내증권사,B,SF205,각주항목(09.06월 이후)
21426,202309,0010119,삼성증권(주),B3,투자자의 예수증권 등_기타,0,국내증권사,B,SF205,각주항목(09.06월 이후)
21427,202309,0010119,삼성증권(주),C,파생상품계약,147505363255836,국내증권사,B,SF205,각주항목(09.06월 이후)
21428,202309,0010119,삼성증권(주),C1,파생상품계약_장내파생상품,9570390824890,국내증권사,B,SF205,각주항목(09.06월 이후)
21429,202309,0010119,삼성증권(주),C11,파생상품계약_장내파생상품_이자율관련거래,1028444300912,국내증권사,B,SF205,각주항목(09.06월 이후)
21430,202309,0010119,삼성증권(주),C12,파생상품계약_장내파생상품_통화관련거래,463983536655,국내증권사,B,SF205,각주항목(09.06월 이후)
21431,202309,0010119,삼성증권(주),C13,파생상품계약_장내파생상품_주식관련거래,7875990902556,국내증권사,B,SF205,각주항목(09.06월 이후)
21432,202309,0010119,삼성증권(주),C14,파생상품계약_장내파생상품_일반상품관련거래,201972084767,국내증권사,B,SF205,각주항목(09.06월 이후)
21433,202309,0010119,삼성증권(주),C15,파생상품계약_장내파생상품_기타,0,국내증권사,B,SF205,각주항목(09.06월 이후)
21434,202309,0010119,삼성증권(주),C2,파생상품계약_장외파생상품,137934972430946,국내증권사,B,SF205,각주항목(09.06월 이후)
21435,202309,0010119,삼성증권(주),C21,파생상품계약_장외파생상품_이자율관련거래,97737273200000,국내증권사,B,SF205,각주항목(09.06월 이후)
21436,202309,0010119,삼성증권(주),C22,파생상품계약_장외파생상품_통화관련거래,28106758055873,국내증권사,B,SF205,각주항목(09.06월 이후)
21437,202309,0010119,삼성증권(주),C23,파생상품계약_장외파생상품_주식관련거래,7613200169372,국내증권사,B,SF205,각주항목(09.06월 이후)
21438,202309,0010119,삼성증권(주),C24,파생상품계약_장외파생상품_신용관련거래,2575818400000,국내증권사,B,SF205,각주항목(09.06월 이후)
21439,202309,0010119,삼성증권(주),C25,파생상품계약_장외파생상품_기타,1901922605701,국내증권사,B,SF205,각주항목(09.06월 이후)
21440,202309,0010119,삼성증권(주),D,대차 및 대주거래,17936531007173,국내증권사,B,SF205,각주항목(09.06월 이후)
21441,202309,0010119,삼성증권(주),D1,대차 및 대주거래_대여증권,5288629543546,국내증권사,B,SF205,각주항목(09.06월 이후)
21442,202309,0010119,삼성증권(주),D2,대차 및 대주거래_차입증권,12647901463627,국내증권사,B,SF205,각주항목(09.06월 이후)
21443,202309,0010119,삼성증권(주),D3,대차 및 대주거래_신용거래대주,0,국내증권사,B,SF205,각주항목(09.06월 이후)
21444,202309,0010119,삼성증권(주),E,대손상각채권,0,국내증권사,B,SF205,각주항목(09.06월 이후)
21445,202309,0010119,삼성증권(주),F,환전업무 예치금,0,국내증권사,B,SF205,각주항목(09.06월 이후)
21446,202309,0010119,삼성증권(주),G,미배당별도예치금,0,국내증권사,B,SF205,각주항목(09.06월 이후)
21447,202309,0010119,삼성증권(주),H,배서어음매출(종금계정),0,국내증권사,B,SF205,각주항목(09.06월 이후)
21448,202309,0010119,삼성증권(주),H1,대출채권매매이익_담보부,0,국내증권사,B,SF205,각주항목(09.06월 이후)
21449,202309,0010119,삼성증권(주),H2,대출채권매매이익_무담보부,0,국내증권사,B,SF205,각주항목(09.06월 이후)
21450,202312,0010119,삼성증권(주),A,채무보증,1901108624440,국내증권사,B,SF205,각주항목(09.06월 이후)
21451,202312,0010119,삼성증권(주),A1,채무보증_지급보증,0,국내증권사,B,SF205,각주항목(09.06월 이후)
21452,202312,0010119,삼성증권(주),A2,채무보증_매입보장약정,0,국내증권사,B,SF205,각주항목(09.06월 이후)
21453,202312,0010119,삼성증권(주),A3,채무보증_채무인수약정,0,국내증권사,B,SF205,각주항목(09.06월 이후)
21454,202312,0010119,삼성증권(주),A5,채무보증_매입확약,1901108624440,국내증권사,B,SF205,각주항목(09.06월 이후)
21455,202312,0010119,삼성증권(주),A6,채무보증_기타,0,국내증권사,B,SF205,각주항목(09.06월 이후)
21456,202312,0010119,삼성증권(주),B,투자자의 예수증권 등,339304380976853,국내증권사,B,SF205,각주항목(09.06월 이후)
21457,202312,0010119,삼성증권(주),B1,투자자의 예수증권 등_예수 증권,339304380976853,국내증권사,B,SF205,각주항목(09.06월 이후)
21458,202312,0010119,삼성증권(주),B2,투자자의 예수증권 등_예수양도성예금증서,0,국내증권사,B,SF205,각주항목(09.06월 이후)
21459,202312,0010119,삼성증권(주),B3,투자자의 예수증권 등_기타,0,국내증권사,B,SF205,각주항목(09.06월 이후)
21460,202312,0010119,삼성증권(주),C,파생상품계약,138484861868380,국내증권사,B,SF205,각주항목(09.06월 이후)
21461,202312,0010119,삼성증권(주),C1,파생상품계약_장내파생상품,6818050039064,국내증권사,B,SF205,각주항목(09.06월 이후)
21462,202312,0010119,삼성증권(주),C11,파생상품계약_장내파생상품_이자율관련거래,775441944307,국내증권사,B,SF205,각주항목(09.06월 이후)
21463,202312,0010119,삼성증권(주),C12,파생상품계약_장내파생상품_통화관련거래,540122702560,국내증권사,B,SF205,각주항목(09.06월 이후)
21464,202312,0010119,삼성증권(주),C13,파생상품계약_장내파생상품_주식관련거래,5283607211071,국내증권사,B,SF205,각주항목(09.06월 이후)
21465,202312,0010119,삼성증권(주),C14,파생상품계약_장내파생상품_일반상품관련거래,218878181126,국내증권사,B,SF205,각주항목(09.06월 이후)
21466,202312,0010119,삼성증권(주),C15,파생상품계약_장내파생상품_기타,0,국내증권사,B,SF205,각주항목(09.06월 이후)
21467,202312,0010119,삼성증권(주),C2,파생상품계약_장외파생상품,131666811829316,국내증권사,B,SF205,각주항목(09.06월 이후)
21468,202312,0010119,삼성증권(주),C21,파생상품계약_장외파생상품_이자율관련거래,98600160800000,국내증권사,B,SF205,각주항목(09.06월 이후)
21469,202312,0010119,삼성증권(주),C22,파생상품계약_장외파생상품_통화관련거래,21167403205236,국내증권사,B,SF205,각주항목(09.06월 이후)
21470,202312,0010119,삼성증권(주),C23,파생상품계약_장외파생상품_주식관련거래,5934817765421,국내증권사,B,SF205,각주항목(09.06월 이후)
21471,202312,0010119,삼성증권(주),C24,파생상품계약_장외파생상품_신용관련거래,2361770200000,국내증권사,B,SF205,각주항목(09.06월 이후)
21472,202312,0010119,삼성증권(주),C25,파생상품계약_장외파생상품_기타,3602659858659,국내증권사,B,SF205,각주항목(09.06월 이후)
21473,202312,0010119,삼성증권(주),D,대차 및 대주거래,17618625393434,국내증권사,B,SF205,각주항목(09.06월 이후)
21474,202312,0010119,삼성증권(주),D1,대차 및 대주거래_대여증권,5217349933053,국내증권사,B,SF205,각주항목(09.06월 이후)
21475,202312,0010119,삼성증권(주),D2,대차 및 대주거래_차입증권,12401275460381,국내증권사,B,SF205,각주항목(09.06월 이후)
21476,202312,0010119,삼성증권(주),D3,대차 및 대주거래_신용거래대주,0,국내증권사,B,SF205,각주항목(09.06월 이후)
21477,202312,0010119,삼성증권(주),E,대손상각채권,10491045852,국내증권사,B,SF205,각주항목(09.06월 이후)
21478,202312,0010119,삼성증권(주),F,환전업무 예치금,0,국내증권사,B,SF205,각주항목(09.06월 이후)
21479,202312,0010119,삼성증권(주),G,미배당별도예치금,0,국내증권사,B,SF205,각주항목(09.06월 이후)
21480,202312,0010119,삼성증권(주),H,배서어음매출(종금계정),0,국내증권사,B,SF205,각주항목(09.06월 이후)
21481,202312,0010119,삼성증권(주),H1,대출채권매매이익_담보부,0,국내증권사,B,SF205,각주항목(09.06월 이후)
21482,202312,0010119,삼성증권(주),H2,대출채권매매이익_무담보부,0,국내증권사,B,SF205,각주항목(09.06월 이후)
21483,202403,0010119,삼성증권(주),A,채무보증,1307189846883,국내증권사,B,SF205,각주항목(09.06월 이후)
21484,202403,0010119,삼성증권(주),A1,채무보증_지급보증,0,국내증권사,B,SF205,각주항목(09.06월 이후)
21485,202403,0010119,삼성증권(주),A2,채무보증_매입보장약정,0,국내증권사,B,SF205,각주항목(09.06월 이후)
21486,202403,0010119,삼성증권(주),A3,채무보증_채무인수약정,0,국내증권사,B,SF205,각주항목(09.06월 이후)
21487,202403,0010119,삼성증권(주),A5,채무보증_매입확약,1307189846883,국내증권사,B,SF205,각주항목(09.06월 이후)
21488,202403,0010119,삼성증권(주),A6,채무보증_기타,0,국내증권사,B,SF205,각주항목(09.06월 이후)
21489,202403,0010119,삼성증권(주),B,투자자의 예수증권 등,361054502317291,국내증권사,B,SF205,각주항목(09.06월 이후)
21490,202403,0010119,삼성증권(주),B1,투자자의 예수증권 등_예수 증권,361054502317291,국내증권사,B,SF205,각주항목(09.06월 이후)
21491,202403,0010119,삼성증권(주),B2,투자자의 예수증권 등_예수양도성예금증서,0,국내증권사,B,SF205,각주항목(09.06월 이후)
21492,202403,0010119,삼성증권(주),B3,투자자의 예수증권 등_기타,0,국내증권사,B,SF205,각주항목(09.06월 이후)
21493,202403,0010119,삼성증권(주),C,파생상품계약,138128298187396,국내증권사,B,SF205,각주항목(09.06월 이후)
21494,202403,0010119,삼성증권(주),C1,파생상품계약_장내파생상품,5804652412110,국내증권사,B,SF205,각주항목(09.06월 이후)
21495,202403,0010119,삼성증권(주),C11,파생상품계약_장내파생상품_이자율관련거래,916781369714,국내증권사,B,SF205,각주항목(09.06월 이후)
21496,202403,0010119,삼성증권(주),C12,파생상품계약_장내파생상품_통화관련거래,578233712959,국내증권사,B,SF205,각주항목(09.06월 이후)
21497,202403,0010119,삼성증권(주),C13,파생상품계약_장내파생상품_주식관련거래,4061205745404,국내증권사,B,SF205,각주항목(09.06월 이후)
21498,202403,0010119,삼성증권(주),C14,파생상품계약_장내파생상품_일반상품관련거래,248431584033,국내증권사,B,SF205,각주항목(09.06월 이후)
21499,202403,0010119,삼성증권(주),C15,파생상품계약_장내파생상품_기타,0,국내증권사,B,SF205,각주항목(09.06월 이후)
21500,202403,0010119,삼성증권(주),C2,파생상품계약_장외파생상품,132323645775286,국내증권사,B,SF205,각주항목(09.06월 이후)
21501,202403,0010119,삼성증권(주),C21,파생상품계약_장외파생상품_이자율관련거래,94745837200000,국내증권사,B,SF205,각주항목(09.06월 이후)
21502,202403,0010119,삼성증권(주),C22,파생상품계약_장외파생상품_통화관련거래,26784859965076,국내증권사,B,SF205,각주항목(09.06월 이후)
21503,202403,0010119,삼성증권(주),C23,파생상품계약_장외파생상품_주식관련거래,5269910412095,국내증권사,B,SF205,각주항목(09.06월 이후)
21504,202403,0010119,삼성증권(주),C24,파생상품계약_장외파생상품_신용관련거래,2736392000000,국내증권사,B,SF205,각주항목(09.06월 이후)
21505,202403,0010119,삼성증권(주),C25,파생상품계약_장외파생상품_기타,2786646198115,국내증권사,B,SF205,각주항목(09.06월 이후)
21506,202403,0010119,삼성증권(주),D,대차 및 대주거래,17738537646935,국내증권사,B,SF205,각주항목(09.06월 이후)
21507,202403,0010119,삼성증권(주),D1,대차 및 대주거래_대여증권,4702026760821,국내증권사,B,SF205,각주항목(09.06월 이후)
21508,202403,0010119,삼성증권(주),D2,대차 및 대주거래_차입증권,13036510886114,국내증권사,B,SF205,각주항목(09.06월 이후)
21509,202403,0010119,삼성증권(주),D3,대차 및 대주거래_신용거래대주,0,국내증권사,B,SF205,각주항목(09.06월 이후)
21510,202403,0010119,삼성증권(주),E,대손상각채권,0,국내증권사,B,SF205,각주항목(09.06월 이후)
21511,202403,0010119,삼성증권(주),F,환전업무 예치금,0,국내증권사,B,SF205,각주항목(09.06월 이후)
21512,202403,0010119,삼성증권(주),G,미배당별도예치금,0,국내증권사,B,SF205,각주항목(09.06월 이후)
21513,202403,0010119,삼성증권(주),H,배서어음매출(종금계정),0,국내증권사,B,SF205,각주항목(09.06월 이후)
21514,202403,0010119,삼성증권(주),H1,대출채권매매이익_담보부,0,국내증권사,B,SF205,각주항목(09.06월 이후)
21515,202403,0010119,삼성증권(주),H2,대출채권매매이익_무담보부,0,국내증권사,B,SF205,각주항목(09.06월 이후)
21516,202406,0010119,삼성증권(주),A,채무보증,1348343406523,국내증권사,B,SF205,각주항목(09.06월 이후)
21517,202406,0010119,삼성증권(주),A1,채무보증_지급보증,0,국내증권사,B,SF205,각주항목(09.06월 이후)
21518,202406,0010119,삼성증권(주),A2,채무보증_매입보장약정,0,국내증권사,B,SF205,각주항목(09.06월 이후)
21519,202406,0010119,삼성증권(주),A3,채무보증_채무인수약정,0,국내증권사,B,SF205,각주항목(09.06월 이후)
21520,202406,0010119,삼성증권(주),A5,채무보증_매입확약,1348343406523,국내증권사,B,SF205,각주항목(09.06월 이후)
21521,202406,0010119,삼성증권(주),A6,채무보증_기타,0,국내증권사,B,SF205,각주항목(09.06월 이후)
21522,202406,0010119,삼성증권(주),B,투자자의 예수증권 등,359059235297365,국내증권사,B,SF205,각주항목(09.06월 이후)
21523,202406,0010119,삼성증권(주),B1,투자자의 예수증권 등_예수 증권,359059235297365,국내증권사,B,SF205,각주항목(09.06월 이후)
21524,202406,0010119,삼성증권(주),B2,투자자의 예수증권 등_예수양도성예금증서,0,국내증권사,B,SF205,각주항목(09.06월 이후)
21525,202406,0010119,삼성증권(주),B3,투자자의 예수증권 등_기타,0,국내증권사,B,SF205,각주항목(09.06월 이후)
21526,202406,0010119,삼성증권(주),C,파생상품계약,150937139877704,국내증권사,B,SF205,각주항목(09.06월 이후)
21527,202406,0010119,삼성증권(주),C1,파생상품계약_장내파생상품,4909980689939,국내증권사,B,SF205,각주항목(09.06월 이후)
21528,202406,0010119,삼성증권(주),C11,파생상품계약_장내파생상품_이자율관련거래,989912395761,국내증권사,B,SF205,각주항목(09.06월 이후)
21529,202406,0010119,삼성증권(주),C12,파생상품계약_장내파생상품_통화관련거래,653485374840,국내증권사,B,SF205,각주항목(09.06월 이후)
21530,202406,0010119,삼성증권(주),C13,파생상품계약_장내파생상품_주식관련거래,3125575879846,국내증권사,B,SF205,각주항목(09.06월 이후)
21531,202406,0010119,삼성증권(주),C14,파생상품계약_장내파생상품_일반상품관련거래,141007039492,국내증권사,B,SF205,각주항목(09.06월 이후)
21532,202406,0010119,삼성증권(주),C15,파생상품계약_장내파생상품_기타,0,국내증권사,B,SF205,각주항목(09.06월 이후)
21533,202406,0010119,삼성증권(주),C2,파생상품계약_장외파생상품,146027159187765,국내증권사,B,SF205,각주항목(09.06월 이후)
21534,202406,0010119,삼성증권(주),C21,파생상품계약_장외파생상품_이자율관련거래,106975256800000,국내증권사,B,SF205,각주항목(09.06월 이후)
21535,202406,0010119,삼성증권(주),C22,파생상품계약_장외파생상품_통화관련거래,29635430607928,국내증권사,B,SF205,각주항목(09.06월 이후)
21536,202406,0010119,삼성증권(주),C23,파생상품계약_장외파생상품_주식관련거래,4485843213983,국내증권사,B,SF205,각주항목(09.06월 이후)
21537,202406,0010119,삼성증권(주),C24,파생상품계약_장외파생상품_신용관련거래,2144296800000,국내증권사,B,SF205,각주항목(09.06월 이후)
21538,202406,0010119,삼성증권(주),C25,파생상품계약_장외파생상품_기타,2786331765854,국내증권사,B,SF205,각주항목(09.06월 이후)
21539,202406,0010119,삼성증권(주),D,대차 및 대주거래,32329597917592,국내증권사,B,SF205,각주항목(09.06월 이후)
21540,202406,0010119,삼성증권(주),D1,대차 및 대주거래_대여증권,11671760779312,국내증권사,B,SF205,각주항목(09.06월 이후)
21541,202406,0010119,삼성증권(주),D2,대차 및 대주거래_차입증권,20657837138280,국내증권사,B,SF205,각주항목(09.06월 이후)
21542,202406,0010119,삼성증권(주),D3,대차 및 대주거래_신용거래대주,0,국내증권사,B,SF205,각주항목(09.06월 이후)
21543,202406,0010119,삼성증권(주),E,대손상각채권,3139315068,국내증권사,B,SF205,각주항목(09.06월 이후)
21544,202406,0010119,삼성증권(주),F,환전업무 예치금,0,국내증권사,B,SF205,각주항목(09.06월 이후)
21545,202406,0010119,삼성증권(주),G,미배당별도예치금,0,국내증권사,B,SF205,각주항목(09.06월 이후)
21546,202406,0010119,삼성증권(주),H,배서어음매출(종금계정),0,국내증권사,B,SF205,각주항목(09.06월 이후)
21547,202406,0010119,삼성증권(주),H1,대출채권매매이익_담보부,0,국내증권사,B,SF205,각주항목(09.06월 이후)
21548,202406,0010119,삼성증권(주),H2,대출채권매매이익_무담보부,0,국내증권사,B,SF205,각주항목(09.06월 이후)
21549,202409,0010119,삼성증권(주),A,채무보증,1146361956388,국내증권사,B,SF205,각주항목(09.06월 이후)
21550,202409,0010119,삼성증권(주),A1,채무보증_지급보증,0,국내증권사,B,SF205,각주항목(09.06월 이후)
21551,202409,0010119,삼성증권(주),A2,채무보증_매입보장약정,0,국내증권사,B,SF205,각주항목(09.06월 이후)
21552,202409,0010119,삼성증권(주),A3,채무보증_채무인수약정,0,국내증권사,B,SF205,각주항목(09.06월 이후)
21553,202409,0010119,삼성증권(주),A5,채무보증_매입확약,1146361956388,국내증권사,B,SF205,각주항목(09.06월 이후)
21554,202409,0010119,삼성증권(주),A6,채무보증_기타,0,국내증권사,B,SF205,각주항목(09.06월 이후)
21555,202409,0010119,삼성증권(주),B,투자자의 예수증권 등,347366098391725,국내증권사,B,SF205,각주항목(09.06월 이후)
21556,202409,0010119,삼성증권(주),B1,투자자의 예수증권 등_예수 증권,347366098391725,국내증권사,B,SF205,각주항목(09.06월 이후)
21557,202409,0010119,삼성증권(주),B2,투자자의 예수증권 등_예수양도성예금증서,0,국내증권사,B,SF205,각주항목(09.06월 이후)
21558,202409,0010119,삼성증권(주),B3,투자자의 예수증권 등_기타,0,국내증권사,B,SF205,각주항목(09.06월 이후)
21559,202409,0010119,삼성증권(주),C,파생상품계약,166020847508323,국내증권사,B,SF205,각주항목(09.06월 이후)
21560,202409,0010119,삼성증권(주),C1,파생상품계약_장내파생상품,3848641225230,국내증권사,B,SF205,각주항목(09.06월 이후)
21561,202409,0010119,삼성증권(주),C11,파생상품계약_장내파생상품_이자율관련거래,985040225923,국내증권사,B,SF205,각주항목(09.06월 이후)
21562,202409,0010119,삼성증권(주),C12,파생상품계약_장내파생상품_통화관련거래,666769921871,국내증권사,B,SF205,각주항목(09.06월 이후)
21563,202409,0010119,삼성증권(주),C13,파생상품계약_장내파생상품_주식관련거래,2081825209176,국내증권사,B,SF205,각주항목(09.06월 이후)
21564,202409,0010119,삼성증권(주),C14,파생상품계약_장내파생상품_일반상품관련거래,115005868260,국내증권사,B,SF205,각주항목(09.06월 이후)
21565,202409,0010119,삼성증권(주),C15,파생상품계약_장내파생상품_기타,0,국내증권사,B,SF205,각주항목(09.06월 이후)
21566,202409,0010119,삼성증권(주),C2,파생상품계약_장외파생상품,162172206283093,국내증권사,B,SF205,각주항목(09.06월 이후)
21567,202409,0010119,삼성증권(주),C21,파생상품계약_장외파생상품_이자율관련거래,125823009400000,국내증권사,B,SF205,각주항목(09.06월 이후)
21568,202409,0010119,삼성증권(주),C22,파생상품계약_장외파생상품_통화관련거래,26925586305661,국내증권사,B,SF205,각주항목(09.06월 이후)
21569,202409,0010119,삼성증권(주),C23,파생상품계약_장외파생상품_주식관련거래,4310898313842,국내증권사,B,SF205,각주항목(09.06월 이후)
21570,202409,0010119,삼성증권(주),C24,파생상품계약_장외파생상품_신용관련거래,2174766400000,국내증권사,B,SF205,각주항목(09.06월 이후)
21571,202409,0010119,삼성증권(주),C25,파생상품계약_장외파생상품_기타,2937945863590,국내증권사,B,SF205,각주항목(09.06월 이후)
21572,202409,0010119,삼성증권(주),D,대차 및 대주거래,16953152602046,국내증권사,B,SF205,각주항목(09.06월 이후)
21573,202409,0010119,삼성증권(주),D1,대차 및 대주거래_대여증권,4143473663107,국내증권사,B,SF205,각주항목(09.06월 이후)
21574,202409,0010119,삼성증권(주),D2,대차 및 대주거래_차입증권,12809678938939,국내증권사,B,SF205,각주항목(09.06월 이후)
21575,202409,0010119,삼성증권(주),D3,대차 및 대주거래_신용거래대주,0,국내증권사,B,SF205,각주항목(09.06월 이후)
21576,202409,0010119,삼성증권(주),E,대손상각채권,9832818486,국내증권사,B,SF205,각주항목(09.06월 이후)
21577,202409,0010119,삼성증권(주),F,환전업무 예치금,0,국내증권사,B,SF205,각주항목(09.06월 이후)
21578,202409,0010119,삼성증권(주),G,미배당별도예치금,0,국내증권사,B,SF205,각주항목(09.06월 이후)
21579,202409,0010119,삼성증권(주),H,배서어음매출(종금계정),0,국내증권사,B,SF205,각주항목(09.06월 이후)
21580,202409,0010119,삼성증권(주),H1,대출채권매매이익_담보부,0,국내증권사,B,SF205,각주항목(09.06월 이후)
21581,202409,0010119,삼성증권(주),H2,대출채권매매이익_무담보부,0,국내증권사,B,SF205,각주항목(09.06월 이후)
21582,202412,0010119,삼성증권(주),A,채무보증,2169531694952,국내증권사,B,SF205,각주항목(09.06월 이후)
21583,202412,0010119,삼성증권(주),A1,채무보증_지급보증,0,국내증권사,B,SF205,각주항목(09.06월 이후)
21584,202412,0010119,삼성증권(주),A2,채무보증_매입보장약정,42500000000,국내증권사,B,SF205,각주항목(09.06월 이후)
21585,202412,0010119,삼성증권(주),A3,채무보증_채무인수약정,0,국내증권사,B,SF205,각주항목(09.06월 이후)
21586,202412,0010119,삼성증권(주),A5,채무보증_매입확약,2127031694952,국내증권사,B,SF205,각주항목(09.06월 이후)
21587,202412,0010119,삼성증권(주),A6,채무보증_기타,0,국내증권사,B,SF205,각주항목(09.06월 이후)
21588,202412,0010119,삼성증권(주),B,투자자의 예수증권 등,319787426838409,국내증권사,B,SF205,각주항목(09.06월 이후)
21589,202412,0010119,삼성증권(주),B1,투자자의 예수증권 등_예수 증권,319787426838409,국내증권사,B,SF205,각주항목(09.06월 이후)
21590,202412,0010119,삼성증권(주),B2,투자자의 예수증권 등_예수양도성예금증서,0,국내증권사,B,SF205,각주항목(09.06월 이후)
21591,202412,0010119,삼성증권(주),B3,투자자의 예수증권 등_기타,0,국내증권사,B,SF205,각주항목(09.06월 이후)
21592,202412,0010119,삼성증권(주),C,파생상품계약,177093728944179,국내증권사,B,SF205,각주항목(09.06월 이후)
21593,202412,0010119,삼성증권(주),C1,파생상품계약_장내파생상품,3127958831390,국내증권사,B,SF205,각주항목(09.06월 이후)
21594,202412,0010119,삼성증권(주),C11,파생상품계약_장내파생상품_이자율관련거래,568611562588,국내증권사,B,SF205,각주항목(09.06월 이후)
21595,202412,0010119,삼성증권(주),C12,파생상품계약_장내파생상품_통화관련거래,831169266591,국내증권사,B,SF205,각주항목(09.06월 이후)
21596,202412,0010119,삼성증권(주),C13,파생상품계약_장내파생상품_주식관련거래,1554823608981,국내증권사,B,SF205,각주항목(09.06월 이후)
21597,202412,0010119,삼성증권(주),C14,파생상품계약_장내파생상품_일반상품관련거래,173354393230,국내증권사,B,SF205,각주항목(09.06월 이후)
21598,202412,0010119,삼성증권(주),C15,파생상품계약_장내파생상품_기타,0,국내증권사,B,SF205,각주항목(09.06월 이후)
21599,202412,0010119,삼성증권(주),C2,파생상품계약_장외파생상품,173965770112789,국내증권사,B,SF205,각주항목(09.06월 이후)
21600,202412,0010119,삼성증권(주),C21,파생상품계약_장외파생상품_이자율관련거래,135917251000000,국내증권사,B,SF205,각주항목(09.06월 이후)
21601,202412,0010119,삼성증권(주),C22,파생상품계약_장외파생상품_통화관련거래,27993649372614,국내증권사,B,SF205,각주항목(09.06월 이후)
21602,202412,0010119,삼성증권(주),C23,파생상품계약_장외파생상품_주식관련거래,4763224375218,국내증권사,B,SF205,각주항목(09.06월 이후)
21603,202412,0010119,삼성증권(주),C24,파생상품계약_장외파생상품_신용관련거래,2349080000000,국내증권사,B,SF205,각주항목(09.06월 이후)
21604,202412,0010119,삼성증권(주),C25,파생상품계약_장외파생상품_기타,2942565364957,국내증권사,B,SF205,각주항목(09.06월 이후)
21605,202412,0010119,삼성증권(주),D,대차 및 대주거래,16092179504980,국내증권사,B,SF205,각주항목(09.06월 이후)
21606,202412,0010119,삼성증권(주),D1,대차 및 대주거래_대여증권,4236212953490,국내증권사,B,SF205,각주항목(09.06월 이후)
21607,202412,0010119,삼성증권(주),D2,대차 및 대주거래_차입증권,11855966551490,국내증권사,B,SF205,각주항목(09.06월 이후)
21608,202412,0010119,삼성증권(주),D3,대차 및 대주거래_신용거래대주,0,국내증권사,B,SF205,각주항목(09.06월 이후)
21609,202412,0010119,삼성증권(주),E,대손상각채권,9832818486,국내증권사,B,SF205,각주항목(09.06월 이후)
21610,202412,0010119,삼성증권(주),F,환전업무 예치금,0,국내증권사,B,SF205,각주항목(09.06월 이후)
21611,202412,0010119,삼성증권(주),G,미배당별도예치금,0,국내증권사,B,SF205,각주항목(09.06월 이후)
21612,202412,0010119,삼성증권(주),H,배서어음매출(종금계정),0,국내증권사,B,SF205,각주항목(09.06월 이후)
21613,202412,0010119,삼성증권(주),H1,대출채권매매이익_담보부,0,국내증권사,B,SF205,각주항목(09.06월 이후)
21614,202412,0010119,삼성증권(주),H2,대출채권매매이익_무담보부,0,국내증권사,B,SF205,각주항목(09.06월 이후)
21615,201703,0010104,상상인증권,A,채무보증,0,국내증권사,B,SF205,각주항목(09.06월 이후)
21616,201703,0010104,상상인증권,A1,채무보증_지급보증,0,국내증권사,B,SF205,각주항목(09.06월 이후)
21617,201703,0010104,상상인증권,A2,채무보증_매입보장약정,0,국내증권사,B,SF205,각주항목(09.06월 이후)
21618,201703,0010104,상상인증권,A3,채무보증_채무인수약정,0,국내증권사,B,SF205,각주항목(09.06월 이후)
21619,201703,0010104,상상인증권,A5,채무보증_매입확약,0,국내증권사,B,SF205,각주항목(09.06월 이후)
21620,201703,0010104,상상인증권,A6,채무보증_기타,0,국내증권사,B,SF205,각주항목(09.06월 이후)
21621,201703,0010104,상상인증권,B,투자자의 예수증권 등,2153106506965,국내증권사,B,SF205,각주항목(09.06월 이후)
21622,201703,0010104,상상인증권,B1,투자자의 예수증권 등_예수 증권,2153106506965,국내증권사,B,SF205,각주항목(09.06월 이후)
21623,201703,0010104,상상인증권,B2,투자자의 예수증권 등_예수양도성예금증서,0,국내증권사,B,SF205,각주항목(09.06월 이후)
21624,201703,0010104,상상인증권,B3,투자자의 예수증권 등_기타,0,국내증권사,B,SF205,각주항목(09.06월 이후)
21625,201703,0010104,상상인증권,C,파생상품계약,97004420000,국내증권사,B,SF205,각주항목(09.06월 이후)
21626,201703,0010104,상상인증권,C1,파생상품계약_장내파생상품,97004420000,국내증권사,B,SF205,각주항목(09.06월 이후)
21627,201703,0010104,상상인증권,C11,파생상품계약_장내파생상품_이자율관련거래,97004420000,국내증권사,B,SF205,각주항목(09.06월 이후)
21628,201703,0010104,상상인증권,C12,파생상품계약_장내파생상품_통화관련거래,0,국내증권사,B,SF205,각주항목(09.06월 이후)
21629,201703,0010104,상상인증권,C13,파생상품계약_장내파생상품_주식관련거래,0,국내증권사,B,SF205,각주항목(09.06월 이후)
21630,201703,0010104,상상인증권,C14,파생상품계약_장내파생상품_일반상품관련거래,0,국내증권사,B,SF205,각주항목(09.06월 이후)
21631,201703,0010104,상상인증권,C15,파생상품계약_장내파생상품_기타,0,국내증권사,B,SF205,각주항목(09.06월 이후)
21632,201703,0010104,상상인증권,C2,파생상품계약_장외파생상품,0,국내증권사,B,SF205,각주항목(09.06월 이후)
21633,201703,0010104,상상인증권,C21,파생상품계약_장외파생상품_이자율관련거래,0,국내증권사,B,SF205,각주항목(09.06월 이후)
21634,201703,0010104,상상인증권,C22,파생상품계약_장외파생상품_통화관련거래,0,국내증권사,B,SF205,각주항목(09.06월 이후)
21635,201703,0010104,상상인증권,C23,파생상품계약_장외파생상품_주식관련거래,0,국내증권사,B,SF205,각주항목(09.06월 이후)
21636,201703,0010104,상상인증권,C24,파생상품계약_장외파생상품_신용관련거래,0,국내증권사,B,SF205,각주항목(09.06월 이후)
21637,201703,0010104,상상인증권,C25,파생상품계약_장외파생상품_기타,0,국내증권사,B,SF205,각주항목(09.06월 이후)
21638,201703,0010104,상상인증권,D,대차 및 대주거래,25280075000,국내증권사,B,SF205,각주항목(09.06월 이후)
21639,201703,0010104,상상인증권,D1,대차 및 대주거래_대여증권,0,국내증권사,B,SF205,각주항목(09.06월 이후)
21640,201703,0010104,상상인증권,D2,대차 및 대주거래_차입증권,25280075000,국내증권사,B,SF205,각주항목(09.06월 이후)
21641,201703,0010104,상상인증권,D3,대차 및 대주거래_신용거래대주,0,국내증권사,B,SF205,각주항목(09.06월 이후)
21642,201703,0010104,상상인증권,E,대손상각채권,88342381592,국내증권사,B,SF205,각주항목(09.06월 이후)
21643,201703,0010104,상상인증권,F,환전업무 예치금,0,국내증권사,B,SF205,각주항목(09.06월 이후)
21644,201703,0010104,상상인증권,G,미배당별도예치금,0,국내증권사,B,SF205,각주항목(09.06월 이후)
21645,201703,0010104,상상인증권,H,배서어음매출(종금계정),0,국내증권사,B,SF205,각주항목(09.06월 이후)
21646,201703,0010104,상상인증권,H1,대출채권매매이익_담보부,0,국내증권사,B,SF205,각주항목(09.06월 이후)
21647,201703,0010104,상상인증권,H2,대출채권매매이익_무담보부,0,국내증권사,B,SF205,각주항목(09.06월 이후)
21648,201706,0010104,상상인증권,A,채무보증,0,국내증권사,B,SF205,각주항목(09.06월 이후)
21649,201706,0010104,상상인증권,A1,채무보증_지급보증,0,국내증권사,B,SF205,각주항목(09.06월 이후)
21650,201706,0010104,상상인증권,A2,채무보증_매입보장약정,0,국내증권사,B,SF205,각주항목(09.06월 이후)
21651,201706,0010104,상상인증권,A3,채무보증_채무인수약정,0,국내증권사,B,SF205,각주항목(09.06월 이후)
21652,201706,0010104,상상인증권,A5,채무보증_매입확약,0,국내증권사,B,SF205,각주항목(09.06월 이후)
21653,201706,0010104,상상인증권,A6,채무보증_기타,0,국내증권사,B,SF205,각주항목(09.06월 이후)
21654,201706,0010104,상상인증권,B,투자자의 예수증권 등,1993048659746,국내증권사,B,SF205,각주항목(09.06월 이후)
21655,201706,0010104,상상인증권,B1,투자자의 예수증권 등_예수 증권,1993048659746,국내증권사,B,SF205,각주항목(09.06월 이후)
21656,201706,0010104,상상인증권,B2,투자자의 예수증권 등_예수양도성예금증서,0,국내증권사,B,SF205,각주항목(09.06월 이후)
21657,201706,0010104,상상인증권,B3,투자자의 예수증권 등_기타,0,국내증권사,B,SF205,각주항목(09.06월 이후)
21658,201706,0010104,상상인증권,C,파생상품계약,6660910000,국내증권사,B,SF205,각주항목(09.06월 이후)
21659,201706,0010104,상상인증권,C1,파생상품계약_장내파생상품,6660910000,국내증권사,B,SF205,각주항목(09.06월 이후)
21660,201706,0010104,상상인증권,C11,파생상품계약_장내파생상품_이자율관련거래,6660910000,국내증권사,B,SF205,각주항목(09.06월 이후)
21661,201706,0010104,상상인증권,C12,파생상품계약_장내파생상품_통화관련거래,0,국내증권사,B,SF205,각주항목(09.06월 이후)
21662,201706,0010104,상상인증권,C13,파생상품계약_장내파생상품_주식관련거래,0,국내증권사,B,SF205,각주항목(09.06월 이후)
21663,201706,0010104,상상인증권,C14,파생상품계약_장내파생상품_일반상품관련거래,0,국내증권사,B,SF205,각주항목(09.06월 이후)
21664,201706,0010104,상상인증권,C15,파생상품계약_장내파생상품_기타,0,국내증권사,B,SF205,각주항목(09.06월 이후)
21665,201706,0010104,상상인증권,C2,파생상품계약_장외파생상품,0,국내증권사,B,SF205,각주항목(09.06월 이후)
21666,201706,0010104,상상인증권,C21,파생상품계약_장외파생상품_이자율관련거래,0,국내증권사,B,SF205,각주항목(09.06월 이후)
21667,201706,0010104,상상인증권,C22,파생상품계약_장외파생상품_통화관련거래,0,국내증권사,B,SF205,각주항목(09.06월 이후)
21668,201706,0010104,상상인증권,C23,파생상품계약_장외파생상품_주식관련거래,0,국내증권사,B,SF205,각주항목(09.06월 이후)
21669,201706,0010104,상상인증권,C24,파생상품계약_장외파생상품_신용관련거래,0,국내증권사,B,SF205,각주항목(09.06월 이후)
21670,201706,0010104,상상인증권,C25,파생상품계약_장외파생상품_기타,0,국내증권사,B,SF205,각주항목(09.06월 이후)
21671,201706,0010104,상상인증권,D,대차 및 대주거래,14247450000,국내증권사,B,SF205,각주항목(09.06월 이후)
21672,201706,0010104,상상인증권,D1,대차 및 대주거래_대여증권,0,국내증권사,B,SF205,각주항목(09.06월 이후)
21673,201706,0010104,상상인증권,D2,대차 및 대주거래_차입증권,14247450000,국내증권사,B,SF205,각주항목(09.06월 이후)
21674,201706,0010104,상상인증권,D3,대차 및 대주거래_신용거래대주,0,국내증권사,B,SF205,각주항목(09.06월 이후)
21675,201706,0010104,상상인증권,E,대손상각채권,88342381592,국내증권사,B,SF205,각주항목(09.06월 이후)
21676,201706,0010104,상상인증권,F,환전업무 예치금,0,국내증권사,B,SF205,각주항목(09.06월 이후)
21677,201706,0010104,상상인증권,G,미배당별도예치금,0,국내증권사,B,SF205,각주항목(09.06월 이후)
21678,201706,0010104,상상인증권,H,배서어음매출(종금계정),0,국내증권사,B,SF205,각주항목(09.06월 이후)
21679,201706,0010104,상상인증권,H1,대출채권매매이익_담보부,0,국내증권사,B,SF205,각주항목(09.06월 이후)
21680,201706,0010104,상상인증권,H2,대출채권매매이익_무담보부,0,국내증권사,B,SF205,각주항목(09.06월 이후)
21681,201709,0010104,상상인증권,A,채무보증,0,국내증권사,B,SF205,각주항목(09.06월 이후)
21682,201709,0010104,상상인증권,A1,채무보증_지급보증,0,국내증권사,B,SF205,각주항목(09.06월 이후)
21683,201709,0010104,상상인증권,A2,채무보증_매입보장약정,0,국내증권사,B,SF205,각주항목(09.06월 이후)
21684,201709,0010104,상상인증권,A3,채무보증_채무인수약정,0,국내증권사,B,SF205,각주항목(09.06월 이후)
21685,201709,0010104,상상인증권,A5,채무보증_매입확약,0,국내증권사,B,SF205,각주항목(09.06월 이후)
21686,201709,0010104,상상인증권,A6,채무보증_기타,0,국내증권사,B,SF205,각주항목(09.06월 이후)
21687,201709,0010104,상상인증권,B,투자자의 예수증권 등,1936077204922,국내증권사,B,SF205,각주항목(09.06월 이후)
21688,201709,0010104,상상인증권,B1,투자자의 예수증권 등_예수 증권,1936077204922,국내증권사,B,SF205,각주항목(09.06월 이후)
21689,201709,0010104,상상인증권,B2,투자자의 예수증권 등_예수양도성예금증서,0,국내증권사,B,SF205,각주항목(09.06월 이후)
21690,201709,0010104,상상인증권,B3,투자자의 예수증권 등_기타,0,국내증권사,B,SF205,각주항목(09.06월 이후)
21691,201709,0010104,상상인증권,C,파생상품계약,57188750000,국내증권사,B,SF205,각주항목(09.06월 이후)
21692,201709,0010104,상상인증권,C1,파생상품계약_장내파생상품,57188750000,국내증권사,B,SF205,각주항목(09.06월 이후)
21693,201709,0010104,상상인증권,C11,파생상품계약_장내파생상품_이자율관련거래,57188750000,국내증권사,B,SF205,각주항목(09.06월 이후)
21694,201709,0010104,상상인증권,C12,파생상품계약_장내파생상품_통화관련거래,0,국내증권사,B,SF205,각주항목(09.06월 이후)
21695,201709,0010104,상상인증권,C13,파생상품계약_장내파생상품_주식관련거래,0,국내증권사,B,SF205,각주항목(09.06월 이후)
21696,201709,0010104,상상인증권,C14,파생상품계약_장내파생상품_일반상품관련거래,0,국내증권사,B,SF205,각주항목(09.06월 이후)
21697,201709,0010104,상상인증권,C15,파생상품계약_장내파생상품_기타,0,국내증권사,B,SF205,각주항목(09.06월 이후)
21698,201709,0010104,상상인증권,C2,파생상품계약_장외파생상품,0,국내증권사,B,SF205,각주항목(09.06월 이후)
21699,201709,0010104,상상인증권,C21,파생상품계약_장외파생상품_이자율관련거래,0,국내증권사,B,SF205,각주항목(09.06월 이후)
21700,201709,0010104,상상인증권,C22,파생상품계약_장외파생상품_통화관련거래,0,국내증권사,B,SF205,각주항목(09.06월 이후)
21701,201709,0010104,상상인증권,C23,파생상품계약_장외파생상품_주식관련거래,0,국내증권사,B,SF205,각주항목(09.06월 이후)
21702,201709,0010104,상상인증권,C24,파생상품계약_장외파생상품_신용관련거래,0,국내증권사,B,SF205,각주항목(09.06월 이후)
21703,201709,0010104,상상인증권,C25,파생상품계약_장외파생상품_기타,0,국내증권사,B,SF205,각주항목(09.06월 이후)
21704,201709,0010104,상상인증권,D,대차 및 대주거래,14076139000,국내증권사,B,SF205,각주항목(09.06월 이후)
21705,201709,0010104,상상인증권,D1,대차 및 대주거래_대여증권,0,국내증권사,B,SF205,각주항목(09.06월 이후)
21706,201709,0010104,상상인증권,D2,대차 및 대주거래_차입증권,14076139000,국내증권사,B,SF205,각주항목(09.06월 이후)
21707,201709,0010104,상상인증권,D3,대차 및 대주거래_신용거래대주,0,국내증권사,B,SF205,각주항목(09.06월 이후)
21708,201709,0010104,상상인증권,E,대손상각채권,88342381592,국내증권사,B,SF205,각주항목(09.06월 이후)
21709,201709,0010104,상상인증권,F,환전업무 예치금,0,국내증권사,B,SF205,각주항목(09.06월 이후)
21710,201709,0010104,상상인증권,G,미배당별도예치금,0,국내증권사,B,SF205,각주항목(09.06월 이후)
21711,201709,0010104,상상인증권,H,배서어음매출(종금계정),0,국내증권사,B,SF205,각주항목(09.06월 이후)
21712,201709,0010104,상상인증권,H1,대출채권매매이익_담보부,0,국내증권사,B,SF205,각주항목(09.06월 이후)
21713,201709,0010104,상상인증권,H2,대출채권매매이익_무담보부,0,국내증권사,B,SF205,각주항목(09.06월 이후)
21714,201712,0010104,상상인증권,A,채무보증,0,국내증권사,B,SF205,각주항목(09.06월 이후)
21715,201712,0010104,상상인증권,A1,채무보증_지급보증,0,국내증권사,B,SF205,각주항목(09.06월 이후)
21716,201712,0010104,상상인증권,A2,채무보증_매입보장약정,0,국내증권사,B,SF205,각주항목(09.06월 이후)
21717,201712,0010104,상상인증권,A3,채무보증_채무인수약정,0,국내증권사,B,SF205,각주항목(09.06월 이후)
21718,201712,0010104,상상인증권,A5,채무보증_매입확약,0,국내증권사,B,SF205,각주항목(09.06월 이후)
21719,201712,0010104,상상인증권,A6,채무보증_기타,0,국내증권사,B,SF205,각주항목(09.06월 이후)
21720,201712,0010104,상상인증권,B,투자자의 예수증권 등,1524272960238,국내증권사,B,SF205,각주항목(09.06월 이후)
21721,201712,0010104,상상인증권,B1,투자자의 예수증권 등_예수 증권,1524272960238,국내증권사,B,SF205,각주항목(09.06월 이후)
21722,201712,0010104,상상인증권,B2,투자자의 예수증권 등_예수양도성예금증서,0,국내증권사,B,SF205,각주항목(09.06월 이후)
21723,201712,0010104,상상인증권,B3,투자자의 예수증권 등_기타,0,국내증권사,B,SF205,각주항목(09.06월 이후)
21724,201712,0010104,상상인증권,C,파생상품계약,37366210000,국내증권사,B,SF205,각주항목(09.06월 이후)
21725,201712,0010104,상상인증권,C1,파생상품계약_장내파생상품,37366210000,국내증권사,B,SF205,각주항목(09.06월 이후)
21726,201712,0010104,상상인증권,C11,파생상품계약_장내파생상품_이자율관련거래,37366210000,국내증권사,B,SF205,각주항목(09.06월 이후)
21727,201712,0010104,상상인증권,C12,파생상품계약_장내파생상품_통화관련거래,0,국내증권사,B,SF205,각주항목(09.06월 이후)
21728,201712,0010104,상상인증권,C13,파생상품계약_장내파생상품_주식관련거래,0,국내증권사,B,SF205,각주항목(09.06월 이후)
21729,201712,0010104,상상인증권,C14,파생상품계약_장내파생상품_일반상품관련거래,0,국내증권사,B,SF205,각주항목(09.06월 이후)
21730,201712,0010104,상상인증권,C15,파생상품계약_장내파생상품_기타,0,국내증권사,B,SF205,각주항목(09.06월 이후)
21731,201712,0010104,상상인증권,C2,파생상품계약_장외파생상품,0,국내증권사,B,SF205,각주항목(09.06월 이후)
21732,201712,0010104,상상인증권,C21,파생상품계약_장외파생상품_이자율관련거래,0,국내증권사,B,SF205,각주항목(09.06월 이후)
21733,201712,0010104,상상인증권,C22,파생상품계약_장외파생상품_통화관련거래,0,국내증권사,B,SF205,각주항목(09.06월 이후)
21734,201712,0010104,상상인증권,C23,파생상품계약_장외파생상품_주식관련거래,0,국내증권사,B,SF205,각주항목(09.06월 이후)
21735,201712,0010104,상상인증권,C24,파생상품계약_장외파생상품_신용관련거래,0,국내증권사,B,SF205,각주항목(09.06월 이후)
21736,201712,0010104,상상인증권,C25,파생상품계약_장외파생상품_기타,0,국내증권사,B,SF205,각주항목(09.06월 이후)
21737,201712,0010104,상상인증권,D,대차 및 대주거래,31195884000,국내증권사,B,SF205,각주항목(09.06월 이후)
21738,201712,0010104,상상인증권,D1,대차 및 대주거래_대여증권,0,국내증권사,B,SF205,각주항목(09.06월 이후)
21739,201712,0010104,상상인증권,D2,대차 및 대주거래_차입증권,31195884000,국내증권사,B,SF205,각주항목(09.06월 이후)
21740,201712,0010104,상상인증권,D3,대차 및 대주거래_신용거래대주,0,국내증권사,B,SF205,각주항목(09.06월 이후)
21741,201712,0010104,상상인증권,E,대손상각채권,88342381592,국내증권사,B,SF205,각주항목(09.06월 이후)
21742,201712,0010104,상상인증권,F,환전업무 예치금,0,국내증권사,B,SF205,각주항목(09.06월 이후)
21743,201712,0010104,상상인증권,G,미배당별도예치금,0,국내증권사,B,SF205,각주항목(09.06월 이후)
21744,201712,0010104,상상인증권,H,배서어음매출(종금계정),0,국내증권사,B,SF205,각주항목(09.06월 이후)
21745,201712,0010104,상상인증권,H1,대출채권매매이익_담보부,0,국내증권사,B,SF205,각주항목(09.06월 이후)
21746,201712,0010104,상상인증권,H2,대출채권매매이익_무담보부,0,국내증권사,B,SF205,각주항목(09.06월 이후)
21747,201803,0010104,상상인증권,A,채무보증,0,국내증권사,B,SF205,각주항목(09.06월 이후)
21748,201803,0010104,상상인증권,A1,채무보증_지급보증,0,국내증권사,B,SF205,각주항목(09.06월 이후)
21749,201803,0010104,상상인증권,A2,채무보증_매입보장약정,0,국내증권사,B,SF205,각주항목(09.06월 이후)
21750,201803,0010104,상상인증권,A3,채무보증_채무인수약정,0,국내증권사,B,SF205,각주항목(09.06월 이후)
21751,201803,0010104,상상인증권,A5,채무보증_매입확약,0,국내증권사,B,SF205,각주항목(09.06월 이후)
21752,201803,0010104,상상인증권,A6,채무보증_기타,0,국내증권사,B,SF205,각주항목(09.06월 이후)
21753,201803,0010104,상상인증권,B,투자자의 예수증권 등,1716537061311,국내증권사,B,SF205,각주항목(09.06월 이후)
21754,201803,0010104,상상인증권,B1,투자자의 예수증권 등_예수 증권,1716537061311,국내증권사,B,SF205,각주항목(09.06월 이후)
21755,201803,0010104,상상인증권,B2,투자자의 예수증권 등_예수양도성예금증서,0,국내증권사,B,SF205,각주항목(09.06월 이후)
21756,201803,0010104,상상인증권,B3,투자자의 예수증권 등_기타,0,국내증권사,B,SF205,각주항목(09.06월 이후)
21757,201803,0010104,상상인증권,C,파생상품계약,15781500000,국내증권사,B,SF205,각주항목(09.06월 이후)
21758,201803,0010104,상상인증권,C1,파생상품계약_장내파생상품,15781500000,국내증권사,B,SF205,각주항목(09.06월 이후)
21759,201803,0010104,상상인증권,C11,파생상품계약_장내파생상품_이자율관련거래,15781500000,국내증권사,B,SF205,각주항목(09.06월 이후)
21760,201803,0010104,상상인증권,C12,파생상품계약_장내파생상품_통화관련거래,0,국내증권사,B,SF205,각주항목(09.06월 이후)
21761,201803,0010104,상상인증권,C13,파생상품계약_장내파생상품_주식관련거래,0,국내증권사,B,SF205,각주항목(09.06월 이후)
21762,201803,0010104,상상인증권,C14,파생상품계약_장내파생상품_일반상품관련거래,0,국내증권사,B,SF205,각주항목(09.06월 이후)
21763,201803,0010104,상상인증권,C15,파생상품계약_장내파생상품_기타,0,국내증권사,B,SF205,각주항목(09.06월 이후)
21764,201803,0010104,상상인증권,C2,파생상품계약_장외파생상품,0,국내증권사,B,SF205,각주항목(09.06월 이후)
21765,201803,0010104,상상인증권,C21,파생상품계약_장외파생상품_이자율관련거래,0,국내증권사,B,SF205,각주항목(09.06월 이후)
21766,201803,0010104,상상인증권,C22,파생상품계약_장외파생상품_통화관련거래,0,국내증권사,B,SF205,각주항목(09.06월 이후)
21767,201803,0010104,상상인증권,C23,파생상품계약_장외파생상품_주식관련거래,0,국내증권사,B,SF205,각주항목(09.06월 이후)
21768,201803,0010104,상상인증권,C24,파생상품계약_장외파생상품_신용관련거래,0,국내증권사,B,SF205,각주항목(09.06월 이후)
21769,201803,0010104,상상인증권,C25,파생상품계약_장외파생상품_기타,0,국내증권사,B,SF205,각주항목(09.06월 이후)
21770,201803,0010104,상상인증권,D,대차 및 대주거래,22154524000,국내증권사,B,SF205,각주항목(09.06월 이후)
21771,201803,0010104,상상인증권,D1,대차 및 대주거래_대여증권,0,국내증권사,B,SF205,각주항목(09.06월 이후)
21772,201803,0010104,상상인증권,D2,대차 및 대주거래_차입증권,22154524000,국내증권사,B,SF205,각주항목(09.06월 이후)
21773,201803,0010104,상상인증권,D3,대차 및 대주거래_신용거래대주,0,국내증권사,B,SF205,각주항목(09.06월 이후)
21774,201803,0010104,상상인증권,E,대손상각채권,88342381592,국내증권사,B,SF205,각주항목(09.06월 이후)
21775,201803,0010104,상상인증권,F,환전업무 예치금,0,국내증권사,B,SF205,각주항목(09.06월 이후)
21776,201803,0010104,상상인증권,G,미배당별도예치금,0,국내증권사,B,SF205,각주항목(09.06월 이후)
21777,201803,0010104,상상인증권,H,배서어음매출(종금계정),0,국내증권사,B,SF205,각주항목(09.06월 이후)
21778,201803,0010104,상상인증권,H1,대출채권매매이익_담보부,0,국내증권사,B,SF205,각주항목(09.06월 이후)
21779,201803,0010104,상상인증권,H2,대출채권매매이익_무담보부,0,국내증권사,B,SF205,각주항목(09.06월 이후)
21780,201806,0010104,상상인증권,A,채무보증,0,국내증권사,B,SF205,각주항목(09.06월 이후)
21781,201806,0010104,상상인증권,A1,채무보증_지급보증,0,국내증권사,B,SF205,각주항목(09.06월 이후)
21782,201806,0010104,상상인증권,A2,채무보증_매입보장약정,0,국내증권사,B,SF205,각주항목(09.06월 이후)
21783,201806,0010104,상상인증권,A3,채무보증_채무인수약정,0,국내증권사,B,SF205,각주항목(09.06월 이후)
21784,201806,0010104,상상인증권,A5,채무보증_매입확약,0,국내증권사,B,SF205,각주항목(09.06월 이후)
21785,201806,0010104,상상인증권,A6,채무보증_기타,0,국내증권사,B,SF205,각주항목(09.06월 이후)
21786,201806,0010104,상상인증권,B,투자자의 예수증권 등,1613945252432,국내증권사,B,SF205,각주항목(09.06월 이후)
21787,201806,0010104,상상인증권,B1,투자자의 예수증권 등_예수 증권,1613945252432,국내증권사,B,SF205,각주항목(09.06월 이후)
21788,201806,0010104,상상인증권,B2,투자자의 예수증권 등_예수양도성예금증서,0,국내증권사,B,SF205,각주항목(09.06월 이후)
21789,201806,0010104,상상인증권,B3,투자자의 예수증권 등_기타,0,국내증권사,B,SF205,각주항목(09.06월 이후)
21790,201806,0010104,상상인증권,C,파생상품계약,35099940000,국내증권사,B,SF205,각주항목(09.06월 이후)
21791,201806,0010104,상상인증권,C1,파생상품계약_장내파생상품,35099940000,국내증권사,B,SF205,각주항목(09.06월 이후)
21792,201806,0010104,상상인증권,C11,파생상품계약_장내파생상품_이자율관련거래,35099940000,국내증권사,B,SF205,각주항목(09.06월 이후)
21793,201806,0010104,상상인증권,C12,파생상품계약_장내파생상품_통화관련거래,0,국내증권사,B,SF205,각주항목(09.06월 이후)
21794,201806,0010104,상상인증권,C13,파생상품계약_장내파생상품_주식관련거래,0,국내증권사,B,SF205,각주항목(09.06월 이후)
21795,201806,0010104,상상인증권,C14,파생상품계약_장내파생상품_일반상품관련거래,0,국내증권사,B,SF205,각주항목(09.06월 이후)
21796,201806,0010104,상상인증권,C15,파생상품계약_장내파생상품_기타,0,국내증권사,B,SF205,각주항목(09.06월 이후)
21797,201806,0010104,상상인증권,C2,파생상품계약_장외파생상품,0,국내증권사,B,SF205,각주항목(09.06월 이후)
21798,201806,0010104,상상인증권,C21,파생상품계약_장외파생상품_이자율관련거래,0,국내증권사,B,SF205,각주항목(09.06월 이후)
21799,201806,0010104,상상인증권,C22,파생상품계약_장외파생상품_통화관련거래,0,국내증권사,B,SF205,각주항목(09.06월 이후)
21800,201806,0010104,상상인증권,C23,파생상품계약_장외파생상품_주식관련거래,0,국내증권사,B,SF205,각주항목(09.06월 이후)
21801,201806,0010104,상상인증권,C24,파생상품계약_장외파생상품_신용관련거래,0,국내증권사,B,SF205,각주항목(09.06월 이후)
21802,201806,0010104,상상인증권,C25,파생상품계약_장외파생상품_기타,0,국내증권사,B,SF205,각주항목(09.06월 이후)
21803,201806,0010104,상상인증권,D,대차 및 대주거래,19485868000,국내증권사,B,SF205,각주항목(09.06월 이후)
21804,201806,0010104,상상인증권,D1,대차 및 대주거래_대여증권,0,국내증권사,B,SF205,각주항목(09.06월 이후)
21805,201806,0010104,상상인증권,D2,대차 및 대주거래_차입증권,19485868000,국내증권사,B,SF205,각주항목(09.06월 이후)
21806,201806,0010104,상상인증권,D3,대차 및 대주거래_신용거래대주,0,국내증권사,B,SF205,각주항목(09.06월 이후)
21807,201806,0010104,상상인증권,E,대손상각채권,88342381592,국내증권사,B,SF205,각주항목(09.06월 이후)
21808,201806,0010104,상상인증권,F,환전업무 예치금,0,국내증권사,B,SF205,각주항목(09.06월 이후)
21809,201806,0010104,상상인증권,G,미배당별도예치금,0,국내증권사,B,SF205,각주항목(09.06월 이후)
21810,201806,0010104,상상인증권,H,배서어음매출(종금계정),0,국내증권사,B,SF205,각주항목(09.06월 이후)
21811,201806,0010104,상상인증권,H1,대출채권매매이익_담보부,0,국내증권사,B,SF205,각주항목(09.06월 이후)
21812,201806,0010104,상상인증권,H2,대출채권매매이익_무담보부,0,국내증권사,B,SF205,각주항목(09.06월 이후)
21813,201809,0010104,상상인증권,A,채무보증,0,국내증권사,B,SF205,각주항목(09.06월 이후)
21814,201809,0010104,상상인증권,A1,채무보증_지급보증,0,국내증권사,B,SF205,각주항목(09.06월 이후)
21815,201809,0010104,상상인증권,A2,채무보증_매입보장약정,0,국내증권사,B,SF205,각주항목(09.06월 이후)
21816,201809,0010104,상상인증권,A3,채무보증_채무인수약정,0,국내증권사,B,SF205,각주항목(09.06월 이후)
21817,201809,0010104,상상인증권,A5,채무보증_매입확약,0,국내증권사,B,SF205,각주항목(09.06월 이후)
21818,201809,0010104,상상인증권,A6,채무보증_기타,0,국내증권사,B,SF205,각주항목(09.06월 이후)
21819,201809,0010104,상상인증권,B,투자자의 예수증권 등,1480250293788,국내증권사,B,SF205,각주항목(09.06월 이후)
21820,201809,0010104,상상인증권,B1,투자자의 예수증권 등_예수 증권,1480250293788,국내증권사,B,SF205,각주항목(09.06월 이후)
21821,201809,0010104,상상인증권,B2,투자자의 예수증권 등_예수양도성예금증서,0,국내증권사,B,SF205,각주항목(09.06월 이후)
21822,201809,0010104,상상인증권,B3,투자자의 예수증권 등_기타,0,국내증권사,B,SF205,각주항목(09.06월 이후)
21823,201809,0010104,상상인증권,C,파생상품계약,5355080000,국내증권사,B,SF205,각주항목(09.06월 이후)
21824,201809,0010104,상상인증권,C1,파생상품계약_장내파생상품,5355080000,국내증권사,B,SF205,각주항목(09.06월 이후)
21825,201809,0010104,상상인증권,C11,파생상품계약_장내파생상품_이자율관련거래,5355080000,국내증권사,B,SF205,각주항목(09.06월 이후)
21826,201809,0010104,상상인증권,C12,파생상품계약_장내파생상품_통화관련거래,0,국내증권사,B,SF205,각주항목(09.06월 이후)
21827,201809,0010104,상상인증권,C13,파생상품계약_장내파생상품_주식관련거래,0,국내증권사,B,SF205,각주항목(09.06월 이후)
21828,201809,0010104,상상인증권,C14,파생상품계약_장내파생상품_일반상품관련거래,0,국내증권사,B,SF205,각주항목(09.06월 이후)
21829,201809,0010104,상상인증권,C15,파생상품계약_장내파생상품_기타,0,국내증권사,B,SF205,각주항목(09.06월 이후)
21830,201809,0010104,상상인증권,C2,파생상품계약_장외파생상품,0,국내증권사,B,SF205,각주항목(09.06월 이후)
21831,201809,0010104,상상인증권,C21,파생상품계약_장외파생상품_이자율관련거래,0,국내증권사,B,SF205,각주항목(09.06월 이후)
21832,201809,0010104,상상인증권,C22,파생상품계약_장외파생상품_통화관련거래,0,국내증권사,B,SF205,각주항목(09.06월 이후)
21833,201809,0010104,상상인증권,C23,파생상품계약_장외파생상품_주식관련거래,0,국내증권사,B,SF205,각주항목(09.06월 이후)
21834,201809,0010104,상상인증권,C24,파생상품계약_장외파생상품_신용관련거래,0,국내증권사,B,SF205,각주항목(09.06월 이후)
21835,201809,0010104,상상인증권,C25,파생상품계약_장외파생상품_기타,0,국내증권사,B,SF205,각주항목(09.06월 이후)
21836,201809,0010104,상상인증권,D,대차 및 대주거래,20852852000,국내증권사,B,SF205,각주항목(09.06월 이후)
21837,201809,0010104,상상인증권,D1,대차 및 대주거래_대여증권,0,국내증권사,B,SF205,각주항목(09.06월 이후)
21838,201809,0010104,상상인증권,D2,대차 및 대주거래_차입증권,20852852000,국내증권사,B,SF205,각주항목(09.06월 이후)
21839,201809,0010104,상상인증권,D3,대차 및 대주거래_신용거래대주,0,국내증권사,B,SF205,각주항목(09.06월 이후)
21840,201809,0010104,상상인증권,E,대손상각채권,88342381592,국내증권사,B,SF205,각주항목(09.06월 이후)
21841,201809,0010104,상상인증권,F,환전업무 예치금,0,국내증권사,B,SF205,각주항목(09.06월 이후)
21842,201809,0010104,상상인증권,G,미배당별도예치금,0,국내증권사,B,SF205,각주항목(09.06월 이후)
21843,201809,0010104,상상인증권,H,배서어음매출(종금계정),0,국내증권사,B,SF205,각주항목(09.06월 이후)
21844,201809,0010104,상상인증권,H1,대출채권매매이익_담보부,0,국내증권사,B,SF205,각주항목(09.06월 이후)
21845,201809,0010104,상상인증권,H2,대출채권매매이익_무담보부,0,국내증권사,B,SF205,각주항목(09.06월 이후)
21846,201812,0010104,상상인증권,A,채무보증,0,국내증권사,B,SF205,각주항목(09.06월 이후)
21847,201812,0010104,상상인증권,A1,채무보증_지급보증,0,국내증권사,B,SF205,각주항목(09.06월 이후)
21848,201812,0010104,상상인증권,A2,채무보증_매입보장약정,0,국내증권사,B,SF205,각주항목(09.06월 이후)
21849,201812,0010104,상상인증권,A3,채무보증_채무인수약정,0,국내증권사,B,SF205,각주항목(09.06월 이후)
21850,201812,0010104,상상인증권,A5,채무보증_매입확약,0,국내증권사,B,SF205,각주항목(09.06월 이후)
21851,201812,0010104,상상인증권,A6,채무보증_기타,0,국내증권사,B,SF205,각주항목(09.06월 이후)
21852,201812,0010104,상상인증권,B,투자자의 예수증권 등,1276309510079,국내증권사,B,SF205,각주항목(09.06월 이후)
21853,201812,0010104,상상인증권,B1,투자자의 예수증권 등_예수 증권,1276309510079,국내증권사,B,SF205,각주항목(09.06월 이후)
21854,201812,0010104,상상인증권,B2,투자자의 예수증권 등_예수양도성예금증서,0,국내증권사,B,SF205,각주항목(09.06월 이후)
21855,201812,0010104,상상인증권,B3,투자자의 예수증권 등_기타,0,국내증권사,B,SF205,각주항목(09.06월 이후)
21856,201812,0010104,상상인증권,C,파생상품계약,12304320000,국내증권사,B,SF205,각주항목(09.06월 이후)
21857,201812,0010104,상상인증권,C1,파생상품계약_장내파생상품,12304320000,국내증권사,B,SF205,각주항목(09.06월 이후)
21858,201812,0010104,상상인증권,C11,파생상품계약_장내파생상품_이자율관련거래,12304320000,국내증권사,B,SF205,각주항목(09.06월 이후)
21859,201812,0010104,상상인증권,C12,파생상품계약_장내파생상품_통화관련거래,0,국내증권사,B,SF205,각주항목(09.06월 이후)
21860,201812,0010104,상상인증권,C13,파생상품계약_장내파생상품_주식관련거래,0,국내증권사,B,SF205,각주항목(09.06월 이후)
21861,201812,0010104,상상인증권,C14,파생상품계약_장내파생상품_일반상품관련거래,0,국내증권사,B,SF205,각주항목(09.06월 이후)
21862,201812,0010104,상상인증권,C15,파생상품계약_장내파생상품_기타,0,국내증권사,B,SF205,각주항목(09.06월 이후)
21863,201812,0010104,상상인증권,C2,파생상품계약_장외파생상품,0,국내증권사,B,SF205,각주항목(09.06월 이후)
21864,201812,0010104,상상인증권,C21,파생상품계약_장외파생상품_이자율관련거래,0,국내증권사,B,SF205,각주항목(09.06월 이후)
21865,201812,0010104,상상인증권,C22,파생상품계약_장외파생상품_통화관련거래,0,국내증권사,B,SF205,각주항목(09.06월 이후)
21866,201812,0010104,상상인증권,C23,파생상품계약_장외파생상품_주식관련거래,0,국내증권사,B,SF205,각주항목(09.06월 이후)
21867,201812,0010104,상상인증권,C24,파생상품계약_장외파생상품_신용관련거래,0,국내증권사,B,SF205,각주항목(09.06월 이후)
21868,201812,0010104,상상인증권,C25,파생상품계약_장외파생상품_기타,0,국내증권사,B,SF205,각주항목(09.06월 이후)
21869,201812,0010104,상상인증권,D,대차 및 대주거래,25175394000,국내증권사,B,SF205,각주항목(09.06월 이후)
21870,201812,0010104,상상인증권,D1,대차 및 대주거래_대여증권,0,국내증권사,B,SF205,각주항목(09.06월 이후)
21871,201812,0010104,상상인증권,D2,대차 및 대주거래_차입증권,25175394000,국내증권사,B,SF205,각주항목(09.06월 이후)
21872,201812,0010104,상상인증권,D3,대차 및 대주거래_신용거래대주,0,국내증권사,B,SF205,각주항목(09.06월 이후)
21873,201812,0010104,상상인증권,E,대손상각채권,88342381592,국내증권사,B,SF205,각주항목(09.06월 이후)
21874,201812,0010104,상상인증권,F,환전업무 예치금,0,국내증권사,B,SF205,각주항목(09.06월 이후)
21875,201812,0010104,상상인증권,G,미배당별도예치금,0,국내증권사,B,SF205,각주항목(09.06월 이후)
21876,201812,0010104,상상인증권,H,배서어음매출(종금계정),0,국내증권사,B,SF205,각주항목(09.06월 이후)
21877,201812,0010104,상상인증권,H1,대출채권매매이익_담보부,0,국내증권사,B,SF205,각주항목(09.06월 이후)
21878,201812,0010104,상상인증권,H2,대출채권매매이익_무담보부,0,국내증권사,B,SF205,각주항목(09.06월 이후)
21879,201903,0010104,상상인증권,A,채무보증,0,국내증권사,B,SF205,각주항목(09.06월 이후)
21880,201903,0010104,상상인증권,A1,채무보증_지급보증,0,국내증권사,B,SF205,각주항목(09.06월 이후)
21881,201903,0010104,상상인증권,A2,채무보증_매입보장약정,0,국내증권사,B,SF205,각주항목(09.06월 이후)
21882,201903,0010104,상상인증권,A3,채무보증_채무인수약정,0,국내증권사,B,SF205,각주항목(09.06월 이후)
21883,201903,0010104,상상인증권,A5,채무보증_매입확약,0,국내증권사,B,SF205,각주항목(09.06월 이후)
21884,201903,0010104,상상인증권,A6,채무보증_기타,0,국내증권사,B,SF205,각주항목(09.06월 이후)
21885,201903,0010104,상상인증권,B,투자자의 예수증권 등,1369746084118,국내증권사,B,SF205,각주항목(09.06월 이후)
21886,201903,0010104,상상인증권,B1,투자자의 예수증권 등_예수 증권,1369746084118,국내증권사,B,SF205,각주항목(09.06월 이후)
21887,201903,0010104,상상인증권,B2,투자자의 예수증권 등_예수양도성예금증서,0,국내증권사,B,SF205,각주항목(09.06월 이후)
21888,201903,0010104,상상인증권,B3,투자자의 예수증권 등_기타,0,국내증권사,B,SF205,각주항목(09.06월 이후)
21889,201903,0010104,상상인증권,C,파생상품계약,131518310000,국내증권사,B,SF205,각주항목(09.06월 이후)
21890,201903,0010104,상상인증권,C1,파생상품계약_장내파생상품,131518310000,국내증권사,B,SF205,각주항목(09.06월 이후)
21891,201903,0010104,상상인증권,C11,파생상품계약_장내파생상품_이자율관련거래,131518310000,국내증권사,B,SF205,각주항목(09.06월 이후)
21892,201903,0010104,상상인증권,C12,파생상품계약_장내파생상품_통화관련거래,0,국내증권사,B,SF205,각주항목(09.06월 이후)
21893,201903,0010104,상상인증권,C13,파생상품계약_장내파생상품_주식관련거래,0,국내증권사,B,SF205,각주항목(09.06월 이후)
21894,201903,0010104,상상인증권,C14,파생상품계약_장내파생상품_일반상품관련거래,0,국내증권사,B,SF205,각주항목(09.06월 이후)
21895,201903,0010104,상상인증권,C15,파생상품계약_장내파생상품_기타,0,국내증권사,B,SF205,각주항목(09.06월 이후)
21896,201903,0010104,상상인증권,C2,파생상품계약_장외파생상품,0,국내증권사,B,SF205,각주항목(09.06월 이후)
21897,201903,0010104,상상인증권,C21,파생상품계약_장외파생상품_이자율관련거래,0,국내증권사,B,SF205,각주항목(09.06월 이후)
21898,201903,0010104,상상인증권,C22,파생상품계약_장외파생상품_통화관련거래,0,국내증권사,B,SF205,각주항목(09.06월 이후)
21899,201903,0010104,상상인증권,C23,파생상품계약_장외파생상품_주식관련거래,0,국내증권사,B,SF205,각주항목(09.06월 이후)
21900,201903,0010104,상상인증권,C24,파생상품계약_장외파생상품_신용관련거래,0,국내증권사,B,SF205,각주항목(09.06월 이후)
21901,201903,0010104,상상인증권,C25,파생상품계약_장외파생상품_기타,0,국내증권사,B,SF205,각주항목(09.06월 이후)
21902,201903,0010104,상상인증권,D,대차 및 대주거래,18442304000,국내증권사,B,SF205,각주항목(09.06월 이후)
21903,201903,0010104,상상인증권,D1,대차 및 대주거래_대여증권,0,국내증권사,B,SF205,각주항목(09.06월 이후)
21904,201903,0010104,상상인증권,D2,대차 및 대주거래_차입증권,18442304000,국내증권사,B,SF205,각주항목(09.06월 이후)
21905,201903,0010104,상상인증권,D3,대차 및 대주거래_신용거래대주,0,국내증권사,B,SF205,각주항목(09.06월 이후)
21906,201903,0010104,상상인증권,E,대손상각채권,88342381592,국내증권사,B,SF205,각주항목(09.06월 이후)
21907,201903,0010104,상상인증권,F,환전업무 예치금,0,국내증권사,B,SF205,각주항목(09.06월 이후)
21908,201903,0010104,상상인증권,G,미배당별도예치금,0,국내증권사,B,SF205,각주항목(09.06월 이후)
21909,201903,0010104,상상인증권,H,배서어음매출(종금계정),0,국내증권사,B,SF205,각주항목(09.06월 이후)
21910,201903,0010104,상상인증권,H1,대출채권매매이익_담보부,0,국내증권사,B,SF205,각주항목(09.06월 이후)
21911,201903,0010104,상상인증권,H2,대출채권매매이익_무담보부,0,국내증권사,B,SF205,각주항목(09.06월 이후)
21912,201906,0010104,상상인증권,A,채무보증,0,국내증권사,B,SF205,각주항목(09.06월 이후)
21913,201906,0010104,상상인증권,A1,채무보증_지급보증,0,국내증권사,B,SF205,각주항목(09.06월 이후)
21914,201906,0010104,상상인증권,A2,채무보증_매입보장약정,0,국내증권사,B,SF205,각주항목(09.06월 이후)
21915,201906,0010104,상상인증권,A3,채무보증_채무인수약정,0,국내증권사,B,SF205,각주항목(09.06월 이후)
21916,201906,0010104,상상인증권,A5,채무보증_매입확약,0,국내증권사,B,SF205,각주항목(09.06월 이후)
21917,201906,0010104,상상인증권,A6,채무보증_기타,0,국내증권사,B,SF205,각주항목(09.06월 이후)
21918,201906,0010104,상상인증권,B,투자자의 예수증권 등,1561369288250,국내증권사,B,SF205,각주항목(09.06월 이후)
21919,201906,0010104,상상인증권,B1,투자자의 예수증권 등_예수 증권,1561369288250,국내증권사,B,SF205,각주항목(09.06월 이후)
21920,201906,0010104,상상인증권,B2,투자자의 예수증권 등_예수양도성예금증서,0,국내증권사,B,SF205,각주항목(09.06월 이후)
21921,201906,0010104,상상인증권,B3,투자자의 예수증권 등_기타,0,국내증권사,B,SF205,각주항목(09.06월 이후)
21922,201906,0010104,상상인증권,C,파생상품계약,128947200000,국내증권사,B,SF205,각주항목(09.06월 이후)
21923,201906,0010104,상상인증권,C1,파생상품계약_장내파생상품,128947200000,국내증권사,B,SF205,각주항목(09.06월 이후)
21924,201906,0010104,상상인증권,C11,파생상품계약_장내파생상품_이자율관련거래,128947200000,국내증권사,B,SF205,각주항목(09.06월 이후)
21925,201906,0010104,상상인증권,C12,파생상품계약_장내파생상품_통화관련거래,0,국내증권사,B,SF205,각주항목(09.06월 이후)
21926,201906,0010104,상상인증권,C13,파생상품계약_장내파생상품_주식관련거래,0,국내증권사,B,SF205,각주항목(09.06월 이후)
21927,201906,0010104,상상인증권,C14,파생상품계약_장내파생상품_일반상품관련거래,0,국내증권사,B,SF205,각주항목(09.06월 이후)
21928,201906,0010104,상상인증권,C15,파생상품계약_장내파생상품_기타,0,국내증권사,B,SF205,각주항목(09.06월 이후)
21929,201906,0010104,상상인증권,C2,파생상품계약_장외파생상품,0,국내증권사,B,SF205,각주항목(09.06월 이후)
21930,201906,0010104,상상인증권,C21,파생상품계약_장외파생상품_이자율관련거래,0,국내증권사,B,SF205,각주항목(09.06월 이후)
21931,201906,0010104,상상인증권,C22,파생상품계약_장외파생상품_통화관련거래,0,국내증권사,B,SF205,각주항목(09.06월 이후)
21932,201906,0010104,상상인증권,C23,파생상품계약_장외파생상품_주식관련거래,0,국내증권사,B,SF205,각주항목(09.06월 이후)
21933,201906,0010104,상상인증권,C24,파생상품계약_장외파생상품_신용관련거래,0,국내증권사,B,SF205,각주항목(09.06월 이후)
21934,201906,0010104,상상인증권,C25,파생상품계약_장외파생상품_기타,0,국내증권사,B,SF205,각주항목(09.06월 이후)
21935,201906,0010104,상상인증권,D,대차 및 대주거래,2957145000,국내증권사,B,SF205,각주항목(09.06월 이후)
21936,201906,0010104,상상인증권,D1,대차 및 대주거래_대여증권,0,국내증권사,B,SF205,각주항목(09.06월 이후)
21937,201906,0010104,상상인증권,D2,대차 및 대주거래_차입증권,2957145000,국내증권사,B,SF205,각주항목(09.06월 이후)
21938,201906,0010104,상상인증권,D3,대차 및 대주거래_신용거래대주,0,국내증권사,B,SF205,각주항목(09.06월 이후)
21939,201906,0010104,상상인증권,E,대손상각채권,57233448528,국내증권사,B,SF205,각주항목(09.06월 이후)
21940,201906,0010104,상상인증권,F,환전업무 예치금,0,국내증권사,B,SF205,각주항목(09.06월 이후)
21941,201906,0010104,상상인증권,G,미배당별도예치금,0,국내증권사,B,SF205,각주항목(09.06월 이후)
21942,201906,0010104,상상인증권,H,배서어음매출(종금계정),0,국내증권사,B,SF205,각주항목(09.06월 이후)
21943,201906,0010104,상상인증권,H1,대출채권매매이익_담보부,0,국내증권사,B,SF205,각주항목(09.06월 이후)
21944,201906,0010104,상상인증권,H2,대출채권매매이익_무담보부,0,국내증권사,B,SF205,각주항목(09.06월 이후)
21945,201909,0010104,상상인증권,A,채무보증,0,국내증권사,B,SF205,각주항목(09.06월 이후)
21946,201909,0010104,상상인증권,A1,채무보증_지급보증,0,국내증권사,B,SF205,각주항목(09.06월 이후)
21947,201909,0010104,상상인증권,A2,채무보증_매입보장약정,0,국내증권사,B,SF205,각주항목(09.06월 이후)
21948,201909,0010104,상상인증권,A3,채무보증_채무인수약정,0,국내증권사,B,SF205,각주항목(09.06월 이후)
21949,201909,0010104,상상인증권,A5,채무보증_매입확약,0,국내증권사,B,SF205,각주항목(09.06월 이후)
21950,201909,0010104,상상인증권,A6,채무보증_기타,0,국내증권사,B,SF205,각주항목(09.06월 이후)
21951,201909,0010104,상상인증권,B,투자자의 예수증권 등,1605571539794,국내증권사,B,SF205,각주항목(09.06월 이후)
21952,201909,0010104,상상인증권,B1,투자자의 예수증권 등_예수 증권,1605571539794,국내증권사,B,SF205,각주항목(09.06월 이후)
21953,201909,0010104,상상인증권,B2,투자자의 예수증권 등_예수양도성예금증서,0,국내증권사,B,SF205,각주항목(09.06월 이후)
21954,201909,0010104,상상인증권,B3,투자자의 예수증권 등_기타,0,국내증권사,B,SF205,각주항목(09.06월 이후)
21955,201909,0010104,상상인증권,C,파생상품계약,38790500000,국내증권사,B,SF205,각주항목(09.06월 이후)
21956,201909,0010104,상상인증권,C1,파생상품계약_장내파생상품,38790500000,국내증권사,B,SF205,각주항목(09.06월 이후)
21957,201909,0010104,상상인증권,C11,파생상품계약_장내파생상품_이자율관련거래,38790500000,국내증권사,B,SF205,각주항목(09.06월 이후)
21958,201909,0010104,상상인증권,C12,파생상품계약_장내파생상품_통화관련거래,0,국내증권사,B,SF205,각주항목(09.06월 이후)
21959,201909,0010104,상상인증권,C13,파생상품계약_장내파생상품_주식관련거래,0,국내증권사,B,SF205,각주항목(09.06월 이후)
21960,201909,0010104,상상인증권,C14,파생상품계약_장내파생상품_일반상품관련거래,0,국내증권사,B,SF205,각주항목(09.06월 이후)
21961,201909,0010104,상상인증권,C15,파생상품계약_장내파생상품_기타,0,국내증권사,B,SF205,각주항목(09.06월 이후)
21962,201909,0010104,상상인증권,C2,파생상품계약_장외파생상품,0,국내증권사,B,SF205,각주항목(09.06월 이후)
21963,201909,0010104,상상인증권,C21,파생상품계약_장외파생상품_이자율관련거래,0,국내증권사,B,SF205,각주항목(09.06월 이후)
21964,201909,0010104,상상인증권,C22,파생상품계약_장외파생상품_통화관련거래,0,국내증권사,B,SF205,각주항목(09.06월 이후)
21965,201909,0010104,상상인증권,C23,파생상품계약_장외파생상품_주식관련거래,0,국내증권사,B,SF205,각주항목(09.06월 이후)
21966,201909,0010104,상상인증권,C24,파생상품계약_장외파생상품_신용관련거래,0,국내증권사,B,SF205,각주항목(09.06월 이후)
21967,201909,0010104,상상인증권,C25,파생상품계약_장외파생상품_기타,0,국내증권사,B,SF205,각주항목(09.06월 이후)
21968,201909,0010104,상상인증권,D,대차 및 대주거래,18146808000,국내증권사,B,SF205,각주항목(09.06월 이후)
21969,201909,0010104,상상인증권,D1,대차 및 대주거래_대여증권,0,국내증권사,B,SF205,각주항목(09.06월 이후)
21970,201909,0010104,상상인증권,D2,대차 및 대주거래_차입증권,18146808000,국내증권사,B,SF205,각주항목(09.06월 이후)
21971,201909,0010104,상상인증권,D3,대차 및 대주거래_신용거래대주,0,국내증권사,B,SF205,각주항목(09.06월 이후)
21972,201909,0010104,상상인증권,E,대손상각채권,57233448528,국내증권사,B,SF205,각주항목(09.06월 이후)
21973,201909,0010104,상상인증권,F,환전업무 예치금,0,국내증권사,B,SF205,각주항목(09.06월 이후)
21974,201909,0010104,상상인증권,G,미배당별도예치금,0,국내증권사,B,SF205,각주항목(09.06월 이후)
21975,201909,0010104,상상인증권,H,배서어음매출(종금계정),0,국내증권사,B,SF205,각주항목(09.06월 이후)
21976,201909,0010104,상상인증권,H1,대출채권매매이익_담보부,0,국내증권사,B,SF205,각주항목(09.06월 이후)
21977,201909,0010104,상상인증권,H2,대출채권매매이익_무담보부,0,국내증권사,B,SF205,각주항목(09.06월 이후)
21978,201912,0010104,상상인증권,A,채무보증,0,국내증권사,B,SF205,각주항목(09.06월 이후)
21979,201912,0010104,상상인증권,A1,채무보증_지급보증,0,국내증권사,B,SF205,각주항목(09.06월 이후)
21980,201912,0010104,상상인증권,A2,채무보증_매입보장약정,0,국내증권사,B,SF205,각주항목(09.06월 이후)
21981,201912,0010104,상상인증권,A3,채무보증_채무인수약정,0,국내증권사,B,SF205,각주항목(09.06월 이후)
21982,201912,0010104,상상인증권,A5,채무보증_매입확약,0,국내증권사,B,SF205,각주항목(09.06월 이후)
21983,201912,0010104,상상인증권,A6,채무보증_기타,0,국내증권사,B,SF205,각주항목(09.06월 이후)
21984,201912,0010104,상상인증권,B,투자자의 예수증권 등,1482465321589,국내증권사,B,SF205,각주항목(09.06월 이후)
21985,201912,0010104,상상인증권,B1,투자자의 예수증권 등_예수 증권,1482465321589,국내증권사,B,SF205,각주항목(09.06월 이후)
21986,201912,0010104,상상인증권,B2,투자자의 예수증권 등_예수양도성예금증서,0,국내증권사,B,SF205,각주항목(09.06월 이후)
21987,201912,0010104,상상인증권,B3,투자자의 예수증권 등_기타,0,국내증권사,B,SF205,각주항목(09.06월 이후)
21988,201912,0010104,상상인증권,C,파생상품계약,5215120000,국내증권사,B,SF205,각주항목(09.06월 이후)
21989,201912,0010104,상상인증권,C1,파생상품계약_장내파생상품,5215120000,국내증권사,B,SF205,각주항목(09.06월 이후)
21990,201912,0010104,상상인증권,C11,파생상품계약_장내파생상품_이자율관련거래,5215120000,국내증권사,B,SF205,각주항목(09.06월 이후)
21991,201912,0010104,상상인증권,C12,파생상품계약_장내파생상품_통화관련거래,0,국내증권사,B,SF205,각주항목(09.06월 이후)
21992,201912,0010104,상상인증권,C13,파생상품계약_장내파생상품_주식관련거래,0,국내증권사,B,SF205,각주항목(09.06월 이후)
21993,201912,0010104,상상인증권,C14,파생상품계약_장내파생상품_일반상품관련거래,0,국내증권사,B,SF205,각주항목(09.06월 이후)
21994,201912,0010104,상상인증권,C15,파생상품계약_장내파생상품_기타,0,국내증권사,B,SF205,각주항목(09.06월 이후)
21995,201912,0010104,상상인증권,C2,파생상품계약_장외파생상품,0,국내증권사,B,SF205,각주항목(09.06월 이후)
21996,201912,0010104,상상인증권,C21,파생상품계약_장외파생상품_이자율관련거래,0,국내증권사,B,SF205,각주항목(09.06월 이후)
21997,201912,0010104,상상인증권,C22,파생상품계약_장외파생상품_통화관련거래,0,국내증권사,B,SF205,각주항목(09.06월 이후)
21998,201912,0010104,상상인증권,C23,파생상품계약_장외파생상품_주식관련거래,0,국내증권사,B,SF205,각주항목(09.06월 이후)
21999,201912,0010104,상상인증권,C24,파생상품계약_장외파생상품_신용관련거래,0,국내증권사,B,SF205,각주항목(09.06월 이후)
22000,201912,0010104,상상인증권,C25,파생상품계약_장외파생상품_기타,0,국내증권사,B,SF205,각주항목(09.06월 이후)
22001,201912,0010104,상상인증권,D,대차 및 대주거래,29258520000,국내증권사,B,SF205,각주항목(09.06월 이후)
22002,201912,0010104,상상인증권,D1,대차 및 대주거래_대여증권,0,국내증권사,B,SF205,각주항목(09.06월 이후)
22003,201912,0010104,상상인증권,D2,대차 및 대주거래_차입증권,29258520000,국내증권사,B,SF205,각주항목(09.06월 이후)
22004,201912,0010104,상상인증권,D3,대차 및 대주거래_신용거래대주,0,국내증권사,B,SF205,각주항목(09.06월 이후)
22005,201912,0010104,상상인증권,E,대손상각채권,57233448528,국내증권사,B,SF205,각주항목(09.06월 이후)
22006,201912,0010104,상상인증권,F,환전업무 예치금,0,국내증권사,B,SF205,각주항목(09.06월 이후)
22007,201912,0010104,상상인증권,G,미배당별도예치금,0,국내증권사,B,SF205,각주항목(09.06월 이후)
22008,201912,0010104,상상인증권,H,배서어음매출(종금계정),0,국내증권사,B,SF205,각주항목(09.06월 이후)
22009,201912,0010104,상상인증권,H1,대출채권매매이익_담보부,0,국내증권사,B,SF205,각주항목(09.06월 이후)
22010,201912,0010104,상상인증권,H2,대출채권매매이익_무담보부,0,국내증권사,B,SF205,각주항목(09.06월 이후)
22011,202003,0010104,상상인증권,A,채무보증,0,국내증권사,B,SF205,각주항목(09.06월 이후)
22012,202003,0010104,상상인증권,A1,채무보증_지급보증,0,국내증권사,B,SF205,각주항목(09.06월 이후)
22013,202003,0010104,상상인증권,A2,채무보증_매입보장약정,0,국내증권사,B,SF205,각주항목(09.06월 이후)
22014,202003,0010104,상상인증권,A3,채무보증_채무인수약정,0,국내증권사,B,SF205,각주항목(09.06월 이후)
22015,202003,0010104,상상인증권,A5,채무보증_매입확약,0,국내증권사,B,SF205,각주항목(09.06월 이후)
22016,202003,0010104,상상인증권,A6,채무보증_기타,0,국내증권사,B,SF205,각주항목(09.06월 이후)
22017,202003,0010104,상상인증권,B,투자자의 예수증권 등,1196963716456,국내증권사,B,SF205,각주항목(09.06월 이후)
22018,202003,0010104,상상인증권,B1,투자자의 예수증권 등_예수 증권,1196963716456,국내증권사,B,SF205,각주항목(09.06월 이후)
22019,202003,0010104,상상인증권,B2,투자자의 예수증권 등_예수양도성예금증서,0,국내증권사,B,SF205,각주항목(09.06월 이후)
22020,202003,0010104,상상인증권,B3,투자자의 예수증권 등_기타,0,국내증권사,B,SF205,각주항목(09.06월 이후)
22021,202003,0010104,상상인증권,C,파생상품계약,2561280000,국내증권사,B,SF205,각주항목(09.06월 이후)
22022,202003,0010104,상상인증권,C1,파생상품계약_장내파생상품,2561280000,국내증권사,B,SF205,각주항목(09.06월 이후)
22023,202003,0010104,상상인증권,C11,파생상품계약_장내파생상품_이자율관련거래,2561280000,국내증권사,B,SF205,각주항목(09.06월 이후)
22024,202003,0010104,상상인증권,C12,파생상품계약_장내파생상품_통화관련거래,0,국내증권사,B,SF205,각주항목(09.06월 이후)
22025,202003,0010104,상상인증권,C13,파생상품계약_장내파생상품_주식관련거래,0,국내증권사,B,SF205,각주항목(09.06월 이후)
22026,202003,0010104,상상인증권,C14,파생상품계약_장내파생상품_일반상품관련거래,0,국내증권사,B,SF205,각주항목(09.06월 이후)
22027,202003,0010104,상상인증권,C15,파생상품계약_장내파생상품_기타,0,국내증권사,B,SF205,각주항목(09.06월 이후)
22028,202003,0010104,상상인증권,C2,파생상품계약_장외파생상품,0,국내증권사,B,SF205,각주항목(09.06월 이후)
22029,202003,0010104,상상인증권,C21,파생상품계약_장외파생상품_이자율관련거래,0,국내증권사,B,SF205,각주항목(09.06월 이후)
22030,202003,0010104,상상인증권,C22,파생상품계약_장외파생상품_통화관련거래,0,국내증권사,B,SF205,각주항목(09.06월 이후)
22031,202003,0010104,상상인증권,C23,파생상품계약_장외파생상품_주식관련거래,0,국내증권사,B,SF205,각주항목(09.06월 이후)
22032,202003,0010104,상상인증권,C24,파생상품계약_장외파생상품_신용관련거래,0,국내증권사,B,SF205,각주항목(09.06월 이후)
22033,202003,0010104,상상인증권,C25,파생상품계약_장외파생상품_기타,0,국내증권사,B,SF205,각주항목(09.06월 이후)
22034,202003,0010104,상상인증권,D,대차 및 대주거래,32278699000,국내증권사,B,SF205,각주항목(09.06월 이후)
22035,202003,0010104,상상인증권,D1,대차 및 대주거래_대여증권,0,국내증권사,B,SF205,각주항목(09.06월 이후)
22036,202003,0010104,상상인증권,D2,대차 및 대주거래_차입증권,32278699000,국내증권사,B,SF205,각주항목(09.06월 이후)
22037,202003,0010104,상상인증권,D3,대차 및 대주거래_신용거래대주,0,국내증권사,B,SF205,각주항목(09.06월 이후)
22038,202003,0010104,상상인증권,E,대손상각채권,57233448528,국내증권사,B,SF205,각주항목(09.06월 이후)
22039,202003,0010104,상상인증권,F,환전업무 예치금,0,국내증권사,B,SF205,각주항목(09.06월 이후)
22040,202003,0010104,상상인증권,G,미배당별도예치금,0,국내증권사,B,SF205,각주항목(09.06월 이후)
22041,202003,0010104,상상인증권,H,배서어음매출(종금계정),0,국내증권사,B,SF205,각주항목(09.06월 이후)
22042,202003,0010104,상상인증권,H1,대출채권매매이익_담보부,0,국내증권사,B,SF205,각주항목(09.06월 이후)
22043,202003,0010104,상상인증권,H2,대출채권매매이익_무담보부,0,국내증권사,B,SF205,각주항목(09.06월 이후)
22044,202006,0010104,상상인증권,A,채무보증,0,국내증권사,B,SF205,각주항목(09.06월 이후)
22045,202006,0010104,상상인증권,A1,채무보증_지급보증,0,국내증권사,B,SF205,각주항목(09.06월 이후)
22046,202006,0010104,상상인증권,A2,채무보증_매입보장약정,0,국내증권사,B,SF205,각주항목(09.06월 이후)
22047,202006,0010104,상상인증권,A3,채무보증_채무인수약정,0,국내증권사,B,SF205,각주항목(09.06월 이후)
22048,202006,0010104,상상인증권,A5,채무보증_매입확약,0,국내증권사,B,SF205,각주항목(09.06월 이후)
22049,202006,0010104,상상인증권,A6,채무보증_기타,0,국내증권사,B,SF205,각주항목(09.06월 이후)
22050,202006,0010104,상상인증권,B,투자자의 예수증권 등,1581225165667,국내증권사,B,SF205,각주항목(09.06월 이후)
22051,202006,0010104,상상인증권,B1,투자자의 예수증권 등_예수 증권,1581225165667,국내증권사,B,SF205,각주항목(09.06월 이후)
22052,202006,0010104,상상인증권,B2,투자자의 예수증권 등_예수양도성예금증서,0,국내증권사,B,SF205,각주항목(09.06월 이후)
22053,202006,0010104,상상인증권,B3,투자자의 예수증권 등_기타,0,국내증권사,B,SF205,각주항목(09.06월 이후)
22054,202006,0010104,상상인증권,C,파생상품계약,934850000,국내증권사,B,SF205,각주항목(09.06월 이후)
22055,202006,0010104,상상인증권,C1,파생상품계약_장내파생상품,934850000,국내증권사,B,SF205,각주항목(09.06월 이후)
22056,202006,0010104,상상인증권,C11,파생상품계약_장내파생상품_이자율관련거래,934850000,국내증권사,B,SF205,각주항목(09.06월 이후)
22057,202006,0010104,상상인증권,C12,파생상품계약_장내파생상품_통화관련거래,0,국내증권사,B,SF205,각주항목(09.06월 이후)
22058,202006,0010104,상상인증권,C13,파생상품계약_장내파생상품_주식관련거래,0,국내증권사,B,SF205,각주항목(09.06월 이후)
22059,202006,0010104,상상인증권,C14,파생상품계약_장내파생상품_일반상품관련거래,0,국내증권사,B,SF205,각주항목(09.06월 이후)
22060,202006,0010104,상상인증권,C15,파생상품계약_장내파생상품_기타,0,국내증권사,B,SF205,각주항목(09.06월 이후)
22061,202006,0010104,상상인증권,C2,파생상품계약_장외파생상품,0,국내증권사,B,SF205,각주항목(09.06월 이후)
22062,202006,0010104,상상인증권,C21,파생상품계약_장외파생상품_이자율관련거래,0,국내증권사,B,SF205,각주항목(09.06월 이후)
22063,202006,0010104,상상인증권,C22,파생상품계약_장외파생상품_통화관련거래,0,국내증권사,B,SF205,각주항목(09.06월 이후)
22064,202006,0010104,상상인증권,C23,파생상품계약_장외파생상품_주식관련거래,0,국내증권사,B,SF205,각주항목(09.06월 이후)
22065,202006,0010104,상상인증권,C24,파생상품계약_장외파생상품_신용관련거래,0,국내증권사,B,SF205,각주항목(09.06월 이후)
22066,202006,0010104,상상인증권,C25,파생상품계약_장외파생상품_기타,0,국내증권사,B,SF205,각주항목(09.06월 이후)
22067,202006,0010104,상상인증권,D,대차 및 대주거래,26531508500,국내증권사,B,SF205,각주항목(09.06월 이후)
22068,202006,0010104,상상인증권,D1,대차 및 대주거래_대여증권,0,국내증권사,B,SF205,각주항목(09.06월 이후)
22069,202006,0010104,상상인증권,D2,대차 및 대주거래_차입증권,26531508500,국내증권사,B,SF205,각주항목(09.06월 이후)
22070,202006,0010104,상상인증권,D3,대차 및 대주거래_신용거래대주,0,국내증권사,B,SF205,각주항목(09.06월 이후)
22071,202006,0010104,상상인증권,E,대손상각채권,5249742195,국내증권사,B,SF205,각주항목(09.06월 이후)
22072,202006,0010104,상상인증권,F,환전업무 예치금,0,국내증권사,B,SF205,각주항목(09.06월 이후)
22073,202006,0010104,상상인증권,G,미배당별도예치금,0,국내증권사,B,SF205,각주항목(09.06월 이후)
22074,202006,0010104,상상인증권,H,배서어음매출(종금계정),0,국내증권사,B,SF205,각주항목(09.06월 이후)
22075,202006,0010104,상상인증권,H1,대출채권매매이익_담보부,0,국내증권사,B,SF205,각주항목(09.06월 이후)
22076,202006,0010104,상상인증권,H2,대출채권매매이익_무담보부,0,국내증권사,B,SF205,각주항목(09.06월 이후)
22077,202009,0010104,상상인증권,A,채무보증,0,국내증권사,B,SF205,각주항목(09.06월 이후)
22078,202009,0010104,상상인증권,A1,채무보증_지급보증,0,국내증권사,B,SF205,각주항목(09.06월 이후)
22079,202009,0010104,상상인증권,A2,채무보증_매입보장약정,0,국내증권사,B,SF205,각주항목(09.06월 이후)
22080,202009,0010104,상상인증권,A3,채무보증_채무인수약정,0,국내증권사,B,SF205,각주항목(09.06월 이후)
22081,202009,0010104,상상인증권,A5,채무보증_매입확약,0,국내증권사,B,SF205,각주항목(09.06월 이후)
22082,202009,0010104,상상인증권,A6,채무보증_기타,0,국내증권사,B,SF205,각주항목(09.06월 이후)
22083,202009,0010104,상상인증권,B,투자자의 예수증권 등,1568464985754,국내증권사,B,SF205,각주항목(09.06월 이후)
22084,202009,0010104,상상인증권,B1,투자자의 예수증권 등_예수 증권,1568464985754,국내증권사,B,SF205,각주항목(09.06월 이후)
22085,202009,0010104,상상인증권,B2,투자자의 예수증권 등_예수양도성예금증서,0,국내증권사,B,SF205,각주항목(09.06월 이후)
22086,202009,0010104,상상인증권,B3,투자자의 예수증권 등_기타,0,국내증권사,B,SF205,각주항목(09.06월 이후)
22087,202009,0010104,상상인증권,C,파생상품계약,1338080000,국내증권사,B,SF205,각주항목(09.06월 이후)
22088,202009,0010104,상상인증권,C1,파생상품계약_장내파생상품,1338080000,국내증권사,B,SF205,각주항목(09.06월 이후)
22089,202009,0010104,상상인증권,C11,파생상품계약_장내파생상품_이자율관련거래,1338080000,국내증권사,B,SF205,각주항목(09.06월 이후)
22090,202009,0010104,상상인증권,C12,파생상품계약_장내파생상품_통화관련거래,0,국내증권사,B,SF205,각주항목(09.06월 이후)
22091,202009,0010104,상상인증권,C13,파생상품계약_장내파생상품_주식관련거래,0,국내증권사,B,SF205,각주항목(09.06월 이후)
22092,202009,0010104,상상인증권,C14,파생상품계약_장내파생상품_일반상품관련거래,0,국내증권사,B,SF205,각주항목(09.06월 이후)
22093,202009,0010104,상상인증권,C15,파생상품계약_장내파생상품_기타,0,국내증권사,B,SF205,각주항목(09.06월 이후)
22094,202009,0010104,상상인증권,C2,파생상품계약_장외파생상품,0,국내증권사,B,SF205,각주항목(09.06월 이후)
22095,202009,0010104,상상인증권,C21,파생상품계약_장외파생상품_이자율관련거래,0,국내증권사,B,SF205,각주항목(09.06월 이후)
22096,202009,0010104,상상인증권,C22,파생상품계약_장외파생상품_통화관련거래,0,국내증권사,B,SF205,각주항목(09.06월 이후)
22097,202009,0010104,상상인증권,C23,파생상품계약_장외파생상품_주식관련거래,0,국내증권사,B,SF205,각주항목(09.06월 이후)
22098,202009,0010104,상상인증권,C24,파생상품계약_장외파생상품_신용관련거래,0,국내증권사,B,SF205,각주항목(09.06월 이후)
22099,202009,0010104,상상인증권,C25,파생상품계약_장외파생상품_기타,0,국내증권사,B,SF205,각주항목(09.06월 이후)
22100,202009,0010104,상상인증권,D,대차 및 대주거래,28931052500,국내증권사,B,SF205,각주항목(09.06월 이후)
22101,202009,0010104,상상인증권,D1,대차 및 대주거래_대여증권,0,국내증권사,B,SF205,각주항목(09.06월 이후)
22102,202009,0010104,상상인증권,D2,대차 및 대주거래_차입증권,28931052500,국내증권사,B,SF205,각주항목(09.06월 이후)
22103,202009,0010104,상상인증권,D3,대차 및 대주거래_신용거래대주,0,국내증권사,B,SF205,각주항목(09.06월 이후)
22104,202009,0010104,상상인증권,E,대손상각채권,8043050129,국내증권사,B,SF205,각주항목(09.06월 이후)
22105,202009,0010104,상상인증권,F,환전업무 예치금,0,국내증권사,B,SF205,각주항목(09.06월 이후)
22106,202009,0010104,상상인증권,G,미배당별도예치금,0,국내증권사,B,SF205,각주항목(09.06월 이후)
22107,202009,0010104,상상인증권,H,배서어음매출(종금계정),0,국내증권사,B,SF205,각주항목(09.06월 이후)
22108,202009,0010104,상상인증권,H1,대출채권매매이익_담보부,0,국내증권사,B,SF205,각주항목(09.06월 이후)
22109,202009,0010104,상상인증권,H2,대출채권매매이익_무담보부,0,국내증권사,B,SF205,각주항목(09.06월 이후)
22110,202012,0010104,상상인증권,A,채무보증,0,국내증권사,B,SF205,각주항목(09.06월 이후)
22111,202012,0010104,상상인증권,A1,채무보증_지급보증,0,국내증권사,B,SF205,각주항목(09.06월 이후)
22112,202012,0010104,상상인증권,A2,채무보증_매입보장약정,0,국내증권사,B,SF205,각주항목(09.06월 이후)
22113,202012,0010104,상상인증권,A3,채무보증_채무인수약정,0,국내증권사,B,SF205,각주항목(09.06월 이후)
22114,202012,0010104,상상인증권,A5,채무보증_매입확약,0,국내증권사,B,SF205,각주항목(09.06월 이후)
22115,202012,0010104,상상인증권,A6,채무보증_기타,0,국내증권사,B,SF205,각주항목(09.06월 이후)
22116,202012,0010104,상상인증권,B,투자자의 예수증권 등,1844765451303,국내증권사,B,SF205,각주항목(09.06월 이후)
22117,202012,0010104,상상인증권,B1,투자자의 예수증권 등_예수 증권,1844765451303,국내증권사,B,SF205,각주항목(09.06월 이후)
22118,202012,0010104,상상인증권,B2,투자자의 예수증권 등_예수양도성예금증서,0,국내증권사,B,SF205,각주항목(09.06월 이후)
22119,202012,0010104,상상인증권,B3,투자자의 예수증권 등_기타,0,국내증권사,B,SF205,각주항목(09.06월 이후)
22120,202012,0010104,상상인증권,C,파생상품계약,668820000,국내증권사,B,SF205,각주항목(09.06월 이후)
22121,202012,0010104,상상인증권,C1,파생상품계약_장내파생상품,668820000,국내증권사,B,SF205,각주항목(09.06월 이후)
22122,202012,0010104,상상인증권,C11,파생상품계약_장내파생상품_이자율관련거래,668820000,국내증권사,B,SF205,각주항목(09.06월 이후)
22123,202012,0010104,상상인증권,C12,파생상품계약_장내파생상품_통화관련거래,0,국내증권사,B,SF205,각주항목(09.06월 이후)
22124,202012,0010104,상상인증권,C13,파생상품계약_장내파생상품_주식관련거래,0,국내증권사,B,SF205,각주항목(09.06월 이후)
22125,202012,0010104,상상인증권,C14,파생상품계약_장내파생상품_일반상품관련거래,0,국내증권사,B,SF205,각주항목(09.06월 이후)
22126,202012,0010104,상상인증권,C15,파생상품계약_장내파생상품_기타,0,국내증권사,B,SF205,각주항목(09.06월 이후)
22127,202012,0010104,상상인증권,C2,파생상품계약_장외파생상품,0,국내증권사,B,SF205,각주항목(09.06월 이후)
22128,202012,0010104,상상인증권,C21,파생상품계약_장외파생상품_이자율관련거래,0,국내증권사,B,SF205,각주항목(09.06월 이후)
22129,202012,0010104,상상인증권,C22,파생상품계약_장외파생상품_통화관련거래,0,국내증권사,B,SF205,각주항목(09.06월 이후)
22130,202012,0010104,상상인증권,C23,파생상품계약_장외파생상품_주식관련거래,0,국내증권사,B,SF205,각주항목(09.06월 이후)
22131,202012,0010104,상상인증권,C24,파생상품계약_장외파생상품_신용관련거래,0,국내증권사,B,SF205,각주항목(09.06월 이후)
22132,202012,0010104,상상인증권,C25,파생상품계약_장외파생상품_기타,0,국내증권사,B,SF205,각주항목(09.06월 이후)
22133,202012,0010104,상상인증권,D,대차 및 대주거래,29360611500,국내증권사,B,SF205,각주항목(09.06월 이후)
22134,202012,0010104,상상인증권,D1,대차 및 대주거래_대여증권,0,국내증권사,B,SF205,각주항목(09.06월 이후)
22135,202012,0010104,상상인증권,D2,대차 및 대주거래_차입증권,29360611500,국내증권사,B,SF205,각주항목(09.06월 이후)
22136,202012,0010104,상상인증권,D3,대차 및 대주거래_신용거래대주,0,국내증권사,B,SF205,각주항목(09.06월 이후)
22137,202012,0010104,상상인증권,E,대손상각채권,8805758314,국내증권사,B,SF205,각주항목(09.06월 이후)
22138,202012,0010104,상상인증권,F,환전업무 예치금,0,국내증권사,B,SF205,각주항목(09.06월 이후)
22139,202012,0010104,상상인증권,G,미배당별도예치금,0,국내증권사,B,SF205,각주항목(09.06월 이후)
22140,202012,0010104,상상인증권,H,배서어음매출(종금계정),0,국내증권사,B,SF205,각주항목(09.06월 이후)
22141,202012,0010104,상상인증권,H1,대출채권매매이익_담보부,0,국내증권사,B,SF205,각주항목(09.06월 이후)
22142,202012,0010104,상상인증권,H2,대출채권매매이익_무담보부,0,국내증권사,B,SF205,각주항목(09.06월 이후)
22143,202103,0010104,상상인증권,A,채무보증,0,국내증권사,B,SF205,각주항목(09.06월 이후)
22144,202103,0010104,상상인증권,A1,채무보증_지급보증,0,국내증권사,B,SF205,각주항목(09.06월 이후)
22145,202103,0010104,상상인증권,A2,채무보증_매입보장약정,0,국내증권사,B,SF205,각주항목(09.06월 이후)
22146,202103,0010104,상상인증권,A3,채무보증_채무인수약정,0,국내증권사,B,SF205,각주항목(09.06월 이후)
22147,202103,0010104,상상인증권,A5,채무보증_매입확약,0,국내증권사,B,SF205,각주항목(09.06월 이후)
22148,202103,0010104,상상인증권,A6,채무보증_기타,0,국내증권사,B,SF205,각주항목(09.06월 이후)
22149,202103,0010104,상상인증권,B,투자자의 예수증권 등,1997501309421,국내증권사,B,SF205,각주항목(09.06월 이후)
22150,202103,0010104,상상인증권,B1,투자자의 예수증권 등_예수 증권,1997501309421,국내증권사,B,SF205,각주항목(09.06월 이후)
22151,202103,0010104,상상인증권,B2,투자자의 예수증권 등_예수양도성예금증서,0,국내증권사,B,SF205,각주항목(09.06월 이후)
22152,202103,0010104,상상인증권,B3,투자자의 예수증권 등_기타,0,국내증권사,B,SF205,각주항목(09.06월 이후)
22153,202103,0010104,상상인증권,C,파생상품계약,1218690000,국내증권사,B,SF205,각주항목(09.06월 이후)
22154,202103,0010104,상상인증권,C1,파생상품계약_장내파생상품,1218690000,국내증권사,B,SF205,각주항목(09.06월 이후)
22155,202103,0010104,상상인증권,C11,파생상품계약_장내파생상품_이자율관련거래,1218690000,국내증권사,B,SF205,각주항목(09.06월 이후)
22156,202103,0010104,상상인증권,C12,파생상품계약_장내파생상품_통화관련거래,0,국내증권사,B,SF205,각주항목(09.06월 이후)
22157,202103,0010104,상상인증권,C13,파생상품계약_장내파생상품_주식관련거래,0,국내증권사,B,SF205,각주항목(09.06월 이후)
22158,202103,0010104,상상인증권,C14,파생상품계약_장내파생상품_일반상품관련거래,0,국내증권사,B,SF205,각주항목(09.06월 이후)
22159,202103,0010104,상상인증권,C15,파생상품계약_장내파생상품_기타,0,국내증권사,B,SF205,각주항목(09.06월 이후)
22160,202103,0010104,상상인증권,C2,파생상품계약_장외파생상품,0,국내증권사,B,SF205,각주항목(09.06월 이후)
22161,202103,0010104,상상인증권,C21,파생상품계약_장외파생상품_이자율관련거래,0,국내증권사,B,SF205,각주항목(09.06월 이후)
22162,202103,0010104,상상인증권,C22,파생상품계약_장외파생상품_통화관련거래,0,국내증권사,B,SF205,각주항목(09.06월 이후)
22163,202103,0010104,상상인증권,C23,파생상품계약_장외파생상품_주식관련거래,0,국내증권사,B,SF205,각주항목(09.06월 이후)
22164,202103,0010104,상상인증권,C24,파생상품계약_장외파생상품_신용관련거래,0,국내증권사,B,SF205,각주항목(09.06월 이후)
22165,202103,0010104,상상인증권,C25,파생상품계약_장외파생상품_기타,0,국내증권사,B,SF205,각주항목(09.06월 이후)
22166,202103,0010104,상상인증권,D,대차 및 대주거래,27278515000,국내증권사,B,SF205,각주항목(09.06월 이후)
22167,202103,0010104,상상인증권,D1,대차 및 대주거래_대여증권,0,국내증권사,B,SF205,각주항목(09.06월 이후)
22168,202103,0010104,상상인증권,D2,대차 및 대주거래_차입증권,27278515000,국내증권사,B,SF205,각주항목(09.06월 이후)
22169,202103,0010104,상상인증권,D3,대차 및 대주거래_신용거래대주,0,국내증권사,B,SF205,각주항목(09.06월 이후)
22170,202103,0010104,상상인증권,E,대손상각채권,8805758314,국내증권사,B,SF205,각주항목(09.06월 이후)
22171,202103,0010104,상상인증권,F,환전업무 예치금,0,국내증권사,B,SF205,각주항목(09.06월 이후)
22172,202103,0010104,상상인증권,G,미배당별도예치금,0,국내증권사,B,SF205,각주항목(09.06월 이후)
22173,202103,0010104,상상인증권,H,배서어음매출(종금계정),0,국내증권사,B,SF205,각주항목(09.06월 이후)
22174,202103,0010104,상상인증권,H1,대출채권매매이익_담보부,0,국내증권사,B,SF205,각주항목(09.06월 이후)
22175,202103,0010104,상상인증권,H2,대출채권매매이익_무담보부,0,국내증권사,B,SF205,각주항목(09.06월 이후)
22176,202106,0010104,상상인증권,A,채무보증,0,국내증권사,B,SF205,각주항목(09.06월 이후)
22177,202106,0010104,상상인증권,A1,채무보증_지급보증,0,국내증권사,B,SF205,각주항목(09.06월 이후)
22178,202106,0010104,상상인증권,A2,채무보증_매입보장약정,0,국내증권사,B,SF205,각주항목(09.06월 이후)
22179,202106,0010104,상상인증권,A3,채무보증_채무인수약정,0,국내증권사,B,SF205,각주항목(09.06월 이후)
22180,202106,0010104,상상인증권,A5,채무보증_매입확약,0,국내증권사,B,SF205,각주항목(09.06월 이후)
22181,202106,0010104,상상인증권,A6,채무보증_기타,0,국내증권사,B,SF205,각주항목(09.06월 이후)
22182,202106,0010104,상상인증권,B,투자자의 예수증권 등,2164910602586,국내증권사,B,SF205,각주항목(09.06월 이후)
22183,202106,0010104,상상인증권,B1,투자자의 예수증권 등_예수 증권,2164910602586,국내증권사,B,SF205,각주항목(09.06월 이후)
22184,202106,0010104,상상인증권,B2,투자자의 예수증권 등_예수양도성예금증서,0,국내증권사,B,SF205,각주항목(09.06월 이후)
22185,202106,0010104,상상인증권,B3,투자자의 예수증권 등_기타,0,국내증권사,B,SF205,각주항목(09.06월 이후)
22186,202106,0010104,상상인증권,C,파생상품계약,3786440000,국내증권사,B,SF205,각주항목(09.06월 이후)
22187,202106,0010104,상상인증권,C1,파생상품계약_장내파생상품,3786440000,국내증권사,B,SF205,각주항목(09.06월 이후)
22188,202106,0010104,상상인증권,C11,파생상품계약_장내파생상품_이자율관련거래,3786440000,국내증권사,B,SF205,각주항목(09.06월 이후)
22189,202106,0010104,상상인증권,C12,파생상품계약_장내파생상품_통화관련거래,0,국내증권사,B,SF205,각주항목(09.06월 이후)
22190,202106,0010104,상상인증권,C13,파생상품계약_장내파생상품_주식관련거래,0,국내증권사,B,SF205,각주항목(09.06월 이후)
22191,202106,0010104,상상인증권,C14,파생상품계약_장내파생상품_일반상품관련거래,0,국내증권사,B,SF205,각주항목(09.06월 이후)
22192,202106,0010104,상상인증권,C15,파생상품계약_장내파생상품_기타,0,국내증권사,B,SF205,각주항목(09.06월 이후)
22193,202106,0010104,상상인증권,C2,파생상품계약_장외파생상품,0,국내증권사,B,SF205,각주항목(09.06월 이후)
22194,202106,0010104,상상인증권,C21,파생상품계약_장외파생상품_이자율관련거래,0,국내증권사,B,SF205,각주항목(09.06월 이후)
22195,202106,0010104,상상인증권,C22,파생상품계약_장외파생상품_통화관련거래,0,국내증권사,B,SF205,각주항목(09.06월 이후)
22196,202106,0010104,상상인증권,C23,파생상품계약_장외파생상품_주식관련거래,0,국내증권사,B,SF205,각주항목(09.06월 이후)
22197,202106,0010104,상상인증권,C24,파생상품계약_장외파생상품_신용관련거래,0,국내증권사,B,SF205,각주항목(09.06월 이후)
22198,202106,0010104,상상인증권,C25,파생상품계약_장외파생상품_기타,0,국내증권사,B,SF205,각주항목(09.06월 이후)
22199,202106,0010104,상상인증권,D,대차 및 대주거래,27447240000,국내증권사,B,SF205,각주항목(09.06월 이후)
22200,202106,0010104,상상인증권,D1,대차 및 대주거래_대여증권,0,국내증권사,B,SF205,각주항목(09.06월 이후)
22201,202106,0010104,상상인증권,D2,대차 및 대주거래_차입증권,27447240000,국내증권사,B,SF205,각주항목(09.06월 이후)
22202,202106,0010104,상상인증권,D3,대차 및 대주거래_신용거래대주,0,국내증권사,B,SF205,각주항목(09.06월 이후)
22203,202106,0010104,상상인증권,E,대손상각채권,8805758314,국내증권사,B,SF205,각주항목(09.06월 이후)
22204,202106,0010104,상상인증권,F,환전업무 예치금,0,국내증권사,B,SF205,각주항목(09.06월 이후)
22205,202106,0010104,상상인증권,G,미배당별도예치금,0,국내증권사,B,SF205,각주항목(09.06월 이후)
22206,202106,0010104,상상인증권,H,배서어음매출(종금계정),0,국내증권사,B,SF205,각주항목(09.06월 이후)
22207,202106,0010104,상상인증권,H1,대출채권매매이익_담보부,0,국내증권사,B,SF205,각주항목(09.06월 이후)
22208,202106,0010104,상상인증권,H2,대출채권매매이익_무담보부,0,국내증권사,B,SF205,각주항목(09.06월 이후)
22209,202109,0010104,상상인증권,A,채무보증,0,국내증권사,B,SF205,각주항목(09.06월 이후)
22210,202109,0010104,상상인증권,A1,채무보증_지급보증,0,국내증권사,B,SF205,각주항목(09.06월 이후)
22211,202109,0010104,상상인증권,A2,채무보증_매입보장약정,0,국내증권사,B,SF205,각주항목(09.06월 이후)
22212,202109,0010104,상상인증권,A3,채무보증_채무인수약정,0,국내증권사,B,SF205,각주항목(09.06월 이후)
22213,202109,0010104,상상인증권,A5,채무보증_매입확약,0,국내증권사,B,SF205,각주항목(09.06월 이후)
22214,202109,0010104,상상인증권,A6,채무보증_기타,0,국내증권사,B,SF205,각주항목(09.06월 이후)
22215,202109,0010104,상상인증권,B,투자자의 예수증권 등,2182430364989,국내증권사,B,SF205,각주항목(09.06월 이후)
22216,202109,0010104,상상인증권,B1,투자자의 예수증권 등_예수 증권,2182430364989,국내증권사,B,SF205,각주항목(09.06월 이후)
22217,202109,0010104,상상인증권,B2,투자자의 예수증권 등_예수양도성예금증서,0,국내증권사,B,SF205,각주항목(09.06월 이후)
22218,202109,0010104,상상인증권,B3,투자자의 예수증권 등_기타,0,국내증권사,B,SF205,각주항목(09.06월 이후)
22219,202109,0010104,상상인증권,C,파생상품계약,109400000,국내증권사,B,SF205,각주항목(09.06월 이후)
22220,202109,0010104,상상인증권,C1,파생상품계약_장내파생상품,109400000,국내증권사,B,SF205,각주항목(09.06월 이후)
22221,202109,0010104,상상인증권,C11,파생상품계약_장내파생상품_이자율관련거래,109400000,국내증권사,B,SF205,각주항목(09.06월 이후)
22222,202109,0010104,상상인증권,C12,파생상품계약_장내파생상품_통화관련거래,0,국내증권사,B,SF205,각주항목(09.06월 이후)
22223,202109,0010104,상상인증권,C13,파생상품계약_장내파생상품_주식관련거래,0,국내증권사,B,SF205,각주항목(09.06월 이후)
22224,202109,0010104,상상인증권,C14,파생상품계약_장내파생상품_일반상품관련거래,0,국내증권사,B,SF205,각주항목(09.06월 이후)
22225,202109,0010104,상상인증권,C15,파생상품계약_장내파생상품_기타,0,국내증권사,B,SF205,각주항목(09.06월 이후)
22226,202109,0010104,상상인증권,C2,파생상품계약_장외파생상품,0,국내증권사,B,SF205,각주항목(09.06월 이후)
22227,202109,0010104,상상인증권,C21,파생상품계약_장외파생상품_이자율관련거래,0,국내증권사,B,SF205,각주항목(09.06월 이후)
22228,202109,0010104,상상인증권,C22,파생상품계약_장외파생상품_통화관련거래,0,국내증권사,B,SF205,각주항목(09.06월 이후)
22229,202109,0010104,상상인증권,C23,파생상품계약_장외파생상품_주식관련거래,0,국내증권사,B,SF205,각주항목(09.06월 이후)
22230,202109,0010104,상상인증권,C24,파생상품계약_장외파생상품_신용관련거래,0,국내증권사,B,SF205,각주항목(09.06월 이후)
22231,202109,0010104,상상인증권,C25,파생상품계약_장외파생상품_기타,0,국내증권사,B,SF205,각주항목(09.06월 이후)
22232,202109,0010104,상상인증권,D,대차 및 대주거래,27160860000,국내증권사,B,SF205,각주항목(09.06월 이후)
22233,202109,0010104,상상인증권,D1,대차 및 대주거래_대여증권,0,국내증권사,B,SF205,각주항목(09.06월 이후)
22234,202109,0010104,상상인증권,D2,대차 및 대주거래_차입증권,27160860000,국내증권사,B,SF205,각주항목(09.06월 이후)
22235,202109,0010104,상상인증권,D3,대차 및 대주거래_신용거래대주,0,국내증권사,B,SF205,각주항목(09.06월 이후)
22236,202109,0010104,상상인증권,E,대손상각채권,8805758314,국내증권사,B,SF205,각주항목(09.06월 이후)
22237,202109,0010104,상상인증권,F,환전업무 예치금,0,국내증권사,B,SF205,각주항목(09.06월 이후)
22238,202109,0010104,상상인증권,G,미배당별도예치금,0,국내증권사,B,SF205,각주항목(09.06월 이후)
22239,202109,0010104,상상인증권,H,배서어음매출(종금계정),0,국내증권사,B,SF205,각주항목(09.06월 이후)
22240,202109,0010104,상상인증권,H1,대출채권매매이익_담보부,0,국내증권사,B,SF205,각주항목(09.06월 이후)
22241,202109,0010104,상상인증권,H2,대출채권매매이익_무담보부,0,국내증권사,B,SF205,각주항목(09.06월 이후)
22242,202112,0010104,상상인증권,A,채무보증,0,국내증권사,B,SF205,각주항목(09.06월 이후)
22243,202112,0010104,상상인증권,A1,채무보증_지급보증,0,국내증권사,B,SF205,각주항목(09.06월 이후)
22244,202112,0010104,상상인증권,A2,채무보증_매입보장약정,0,국내증권사,B,SF205,각주항목(09.06월 이후)
22245,202112,0010104,상상인증권,A3,채무보증_채무인수약정,0,국내증권사,B,SF205,각주항목(09.06월 이후)
22246,202112,0010104,상상인증권,A5,채무보증_매입확약,0,국내증권사,B,SF205,각주항목(09.06월 이후)
22247,202112,0010104,상상인증권,A6,채무보증_기타,0,국내증권사,B,SF205,각주항목(09.06월 이후)
22248,202112,0010104,상상인증권,B,투자자의 예수증권 등,1959905327055,국내증권사,B,SF205,각주항목(09.06월 이후)
22249,202112,0010104,상상인증권,B1,투자자의 예수증권 등_예수 증권,1959905327055,국내증권사,B,SF205,각주항목(09.06월 이후)
22250,202112,0010104,상상인증권,B2,투자자의 예수증권 등_예수양도성예금증서,0,국내증권사,B,SF205,각주항목(09.06월 이후)
22251,202112,0010104,상상인증권,B3,투자자의 예수증권 등_기타,0,국내증권사,B,SF205,각주항목(09.06월 이후)
22252,202112,0010104,상상인증권,C,파생상품계약,545550000,국내증권사,B,SF205,각주항목(09.06월 이후)
22253,202112,0010104,상상인증권,C1,파생상품계약_장내파생상품,545550000,국내증권사,B,SF205,각주항목(09.06월 이후)
22254,202112,0010104,상상인증권,C11,파생상품계약_장내파생상품_이자율관련거래,545550000,국내증권사,B,SF205,각주항목(09.06월 이후)
22255,202112,0010104,상상인증권,C12,파생상품계약_장내파생상품_통화관련거래,0,국내증권사,B,SF205,각주항목(09.06월 이후)
22256,202112,0010104,상상인증권,C13,파생상품계약_장내파생상품_주식관련거래,0,국내증권사,B,SF205,각주항목(09.06월 이후)
22257,202112,0010104,상상인증권,C14,파생상품계약_장내파생상품_일반상품관련거래,0,국내증권사,B,SF205,각주항목(09.06월 이후)
22258,202112,0010104,상상인증권,C15,파생상품계약_장내파생상품_기타,0,국내증권사,B,SF205,각주항목(09.06월 이후)
22259,202112,0010104,상상인증권,C2,파생상품계약_장외파생상품,0,국내증권사,B,SF205,각주항목(09.06월 이후)
22260,202112,0010104,상상인증권,C21,파생상품계약_장외파생상품_이자율관련거래,0,국내증권사,B,SF205,각주항목(09.06월 이후)
22261,202112,0010104,상상인증권,C22,파생상품계약_장외파생상품_통화관련거래,0,국내증권사,B,SF205,각주항목(09.06월 이후)
22262,202112,0010104,상상인증권,C23,파생상품계약_장외파생상품_주식관련거래,0,국내증권사,B,SF205,각주항목(09.06월 이후)
22263,202112,0010104,상상인증권,C24,파생상품계약_장외파생상품_신용관련거래,0,국내증권사,B,SF205,각주항목(09.06월 이후)
22264,202112,0010104,상상인증권,C25,파생상품계약_장외파생상품_기타,0,국내증권사,B,SF205,각주항목(09.06월 이후)
22265,202112,0010104,상상인증권,D,대차 및 대주거래,28022853000,국내증권사,B,SF205,각주항목(09.06월 이후)
22266,202112,0010104,상상인증권,D1,대차 및 대주거래_대여증권,0,국내증권사,B,SF205,각주항목(09.06월 이후)
22267,202112,0010104,상상인증권,D2,대차 및 대주거래_차입증권,28022853000,국내증권사,B,SF205,각주항목(09.06월 이후)
22268,202112,0010104,상상인증권,D3,대차 및 대주거래_신용거래대주,0,국내증권사,B,SF205,각주항목(09.06월 이후)
22269,202112,0010104,상상인증권,E,대손상각채권,8805758314,국내증권사,B,SF205,각주항목(09.06월 이후)
22270,202112,0010104,상상인증권,F,환전업무 예치금,0,국내증권사,B,SF205,각주항목(09.06월 이후)
22271,202112,0010104,상상인증권,G,미배당별도예치금,0,국내증권사,B,SF205,각주항목(09.06월 이후)
22272,202112,0010104,상상인증권,H,배서어음매출(종금계정),0,국내증권사,B,SF205,각주항목(09.06월 이후)
22273,202112,0010104,상상인증권,H1,대출채권매매이익_담보부,0,국내증권사,B,SF205,각주항목(09.06월 이후)
22274,202112,0010104,상상인증권,H2,대출채권매매이익_무담보부,0,국내증권사,B,SF205,각주항목(09.06월 이후)
22275,202203,0010104,상상인증권,A,채무보증,0,국내증권사,B,SF205,각주항목(09.06월 이후)
22276,202203,0010104,상상인증권,A1,채무보증_지급보증,0,국내증권사,B,SF205,각주항목(09.06월 이후)
22277,202203,0010104,상상인증권,A2,채무보증_매입보장약정,0,국내증권사,B,SF205,각주항목(09.06월 이후)
22278,202203,0010104,상상인증권,A3,채무보증_채무인수약정,0,국내증권사,B,SF205,각주항목(09.06월 이후)
22279,202203,0010104,상상인증권,A5,채무보증_매입확약,0,국내증권사,B,SF205,각주항목(09.06월 이후)
22280,202203,0010104,상상인증권,A6,채무보증_기타,0,국내증권사,B,SF205,각주항목(09.06월 이후)
22281,202203,0010104,상상인증권,B,투자자의 예수증권 등,2044036100308,국내증권사,B,SF205,각주항목(09.06월 이후)
22282,202203,0010104,상상인증권,B1,투자자의 예수증권 등_예수 증권,2044036100308,국내증권사,B,SF205,각주항목(09.06월 이후)
22283,202203,0010104,상상인증권,B2,투자자의 예수증권 등_예수양도성예금증서,0,국내증권사,B,SF205,각주항목(09.06월 이후)
22284,202203,0010104,상상인증권,B3,투자자의 예수증권 등_기타,0,국내증권사,B,SF205,각주항목(09.06월 이후)
22285,202203,0010104,상상인증권,C,파생상품계약,860610000,국내증권사,B,SF205,각주항목(09.06월 이후)
22286,202203,0010104,상상인증권,C1,파생상품계약_장내파생상품,860610000,국내증권사,B,SF205,각주항목(09.06월 이후)
22287,202203,0010104,상상인증권,C11,파생상품계약_장내파생상품_이자율관련거래,860610000,국내증권사,B,SF205,각주항목(09.06월 이후)
22288,202203,0010104,상상인증권,C12,파생상품계약_장내파생상품_통화관련거래,0,국내증권사,B,SF205,각주항목(09.06월 이후)
22289,202203,0010104,상상인증권,C13,파생상품계약_장내파생상품_주식관련거래,0,국내증권사,B,SF205,각주항목(09.06월 이후)
22290,202203,0010104,상상인증권,C14,파생상품계약_장내파생상품_일반상품관련거래,0,국내증권사,B,SF205,각주항목(09.06월 이후)
22291,202203,0010104,상상인증권,C15,파생상품계약_장내파생상품_기타,0,국내증권사,B,SF205,각주항목(09.06월 이후)
22292,202203,0010104,상상인증권,C2,파생상품계약_장외파생상품,0,국내증권사,B,SF205,각주항목(09.06월 이후)
22293,202203,0010104,상상인증권,C21,파생상품계약_장외파생상품_이자율관련거래,0,국내증권사,B,SF205,각주항목(09.06월 이후)
22294,202203,0010104,상상인증권,C22,파생상품계약_장외파생상품_통화관련거래,0,국내증권사,B,SF205,각주항목(09.06월 이후)
22295,202203,0010104,상상인증권,C23,파생상품계약_장외파생상품_주식관련거래,0,국내증권사,B,SF205,각주항목(09.06월 이후)
22296,202203,0010104,상상인증권,C24,파생상품계약_장외파생상품_신용관련거래,0,국내증권사,B,SF205,각주항목(09.06월 이후)
22297,202203,0010104,상상인증권,C25,파생상품계약_장외파생상품_기타,0,국내증권사,B,SF205,각주항목(09.06월 이후)
22298,202203,0010104,상상인증권,D,대차 및 대주거래,29961546000,국내증권사,B,SF205,각주항목(09.06월 이후)
22299,202203,0010104,상상인증권,D1,대차 및 대주거래_대여증권,0,국내증권사,B,SF205,각주항목(09.06월 이후)
22300,202203,0010104,상상인증권,D2,대차 및 대주거래_차입증권,29961546000,국내증권사,B,SF205,각주항목(09.06월 이후)
22301,202203,0010104,상상인증권,D3,대차 및 대주거래_신용거래대주,0,국내증권사,B,SF205,각주항목(09.06월 이후)
22302,202203,0010104,상상인증권,E,대손상각채권,11709672126,국내증권사,B,SF205,각주항목(09.06월 이후)
22303,202203,0010104,상상인증권,F,환전업무 예치금,0,국내증권사,B,SF205,각주항목(09.06월 이후)
22304,202203,0010104,상상인증권,G,미배당별도예치금,0,국내증권사,B,SF205,각주항목(09.06월 이후)
22305,202203,0010104,상상인증권,H,배서어음매출(종금계정),0,국내증권사,B,SF205,각주항목(09.06월 이후)
22306,202203,0010104,상상인증권,H1,대출채권매매이익_담보부,0,국내증권사,B,SF205,각주항목(09.06월 이후)
22307,202203,0010104,상상인증권,H2,대출채권매매이익_무담보부,0,국내증권사,B,SF205,각주항목(09.06월 이후)
22308,202206,0010104,상상인증권,A,채무보증,0,국내증권사,B,SF205,각주항목(09.06월 이후)
22309,202206,0010104,상상인증권,A1,채무보증_지급보증,0,국내증권사,B,SF205,각주항목(09.06월 이후)
22310,202206,0010104,상상인증권,A2,채무보증_매입보장약정,0,국내증권사,B,SF205,각주항목(09.06월 이후)
22311,202206,0010104,상상인증권,A3,채무보증_채무인수약정,0,국내증권사,B,SF205,각주항목(09.06월 이후)
22312,202206,0010104,상상인증권,A5,채무보증_매입확약,0,국내증권사,B,SF205,각주항목(09.06월 이후)
22313,202206,0010104,상상인증권,A6,채무보증_기타,0,국내증권사,B,SF205,각주항목(09.06월 이후)
22314,202206,0010104,상상인증권,B,투자자의 예수증권 등,1799194476117,국내증권사,B,SF205,각주항목(09.06월 이후)
22315,202206,0010104,상상인증권,B1,투자자의 예수증권 등_예수 증권,1799194476117,국내증권사,B,SF205,각주항목(09.06월 이후)
22316,202206,0010104,상상인증권,B2,투자자의 예수증권 등_예수양도성예금증서,0,국내증권사,B,SF205,각주항목(09.06월 이후)
22317,202206,0010104,상상인증권,B3,투자자의 예수증권 등_기타,0,국내증권사,B,SF205,각주항목(09.06월 이후)
22318,202206,0010104,상상인증권,C,파생상품계약,2172870000,국내증권사,B,SF205,각주항목(09.06월 이후)
22319,202206,0010104,상상인증권,C1,파생상품계약_장내파생상품,2172870000,국내증권사,B,SF205,각주항목(09.06월 이후)
22320,202206,0010104,상상인증권,C11,파생상품계약_장내파생상품_이자율관련거래,2172870000,국내증권사,B,SF205,각주항목(09.06월 이후)
22321,202206,0010104,상상인증권,C12,파생상품계약_장내파생상품_통화관련거래,0,국내증권사,B,SF205,각주항목(09.06월 이후)
22322,202206,0010104,상상인증권,C13,파생상품계약_장내파생상품_주식관련거래,0,국내증권사,B,SF205,각주항목(09.06월 이후)
22323,202206,0010104,상상인증권,C14,파생상품계약_장내파생상품_일반상품관련거래,0,국내증권사,B,SF205,각주항목(09.06월 이후)
22324,202206,0010104,상상인증권,C15,파생상품계약_장내파생상품_기타,0,국내증권사,B,SF205,각주항목(09.06월 이후)
22325,202206,0010104,상상인증권,C2,파생상품계약_장외파생상품,0,국내증권사,B,SF205,각주항목(09.06월 이후)
22326,202206,0010104,상상인증권,C21,파생상품계약_장외파생상품_이자율관련거래,0,국내증권사,B,SF205,각주항목(09.06월 이후)
22327,202206,0010104,상상인증권,C22,파생상품계약_장외파생상품_통화관련거래,0,국내증권사,B,SF205,각주항목(09.06월 이후)
22328,202206,0010104,상상인증권,C23,파생상품계약_장외파생상품_주식관련거래,0,국내증권사,B,SF205,각주항목(09.06월 이후)
22329,202206,0010104,상상인증권,C24,파생상품계약_장외파생상품_신용관련거래,0,국내증권사,B,SF205,각주항목(09.06월 이후)
22330,202206,0010104,상상인증권,C25,파생상품계약_장외파생상품_기타,0,국내증권사,B,SF205,각주항목(09.06월 이후)
22331,202206,0010104,상상인증권,D,대차 및 대주거래,31292523000,국내증권사,B,SF205,각주항목(09.06월 이후)
22332,202206,0010104,상상인증권,D1,대차 및 대주거래_대여증권,0,국내증권사,B,SF205,각주항목(09.06월 이후)
22333,202206,0010104,상상인증권,D2,대차 및 대주거래_차입증권,31292523000,국내증권사,B,SF205,각주항목(09.06월 이후)
22334,202206,0010104,상상인증권,D3,대차 및 대주거래_신용거래대주,0,국내증권사,B,SF205,각주항목(09.06월 이후)
22335,202206,0010104,상상인증권,E,대손상각채권,11709672126,국내증권사,B,SF205,각주항목(09.06월 이후)
22336,202206,0010104,상상인증권,F,환전업무 예치금,0,국내증권사,B,SF205,각주항목(09.06월 이후)
22337,202206,0010104,상상인증권,G,미배당별도예치금,0,국내증권사,B,SF205,각주항목(09.06월 이후)
22338,202206,0010104,상상인증권,H,배서어음매출(종금계정),0,국내증권사,B,SF205,각주항목(09.06월 이후)
22339,202206,0010104,상상인증권,H1,대출채권매매이익_담보부,0,국내증권사,B,SF205,각주항목(09.06월 이후)
22340,202206,0010104,상상인증권,H2,대출채권매매이익_무담보부,0,국내증권사,B,SF205,각주항목(09.06월 이후)
22341,202209,0010104,상상인증권,A,채무보증,0,국내증권사,B,SF205,각주항목(09.06월 이후)
22342,202209,0010104,상상인증권,A1,채무보증_지급보증,0,국내증권사,B,SF205,각주항목(09.06월 이후)
22343,202209,0010104,상상인증권,A2,채무보증_매입보장약정,0,국내증권사,B,SF205,각주항목(09.06월 이후)
22344,202209,0010104,상상인증권,A3,채무보증_채무인수약정,0,국내증권사,B,SF205,각주항목(09.06월 이후)
22345,202209,0010104,상상인증권,A5,채무보증_매입확약,0,국내증권사,B,SF205,각주항목(09.06월 이후)
22346,202209,0010104,상상인증권,A6,채무보증_기타,0,국내증권사,B,SF205,각주항목(09.06월 이후)
22347,202209,0010104,상상인증권,B,투자자의 예수증권 등,1603903308456,국내증권사,B,SF205,각주항목(09.06월 이후)
22348,202209,0010104,상상인증권,B1,투자자의 예수증권 등_예수 증권,1603903308456,국내증권사,B,SF205,각주항목(09.06월 이후)
22349,202209,0010104,상상인증권,B2,투자자의 예수증권 등_예수양도성예금증서,0,국내증권사,B,SF205,각주항목(09.06월 이후)
22350,202209,0010104,상상인증권,B3,투자자의 예수증권 등_기타,0,국내증권사,B,SF205,각주항목(09.06월 이후)
22351,202209,0010104,상상인증권,C,파생상품계약,0,국내증권사,B,SF205,각주항목(09.06월 이후)
22352,202209,0010104,상상인증권,C1,파생상품계약_장내파생상품,0,국내증권사,B,SF205,각주항목(09.06월 이후)
22353,202209,0010104,상상인증권,C11,파생상품계약_장내파생상품_이자율관련거래,0,국내증권사,B,SF205,각주항목(09.06월 이후)
22354,202209,0010104,상상인증권,C12,파생상품계약_장내파생상품_통화관련거래,0,국내증권사,B,SF205,각주항목(09.06월 이후)
22355,202209,0010104,상상인증권,C13,파생상품계약_장내파생상품_주식관련거래,0,국내증권사,B,SF205,각주항목(09.06월 이후)
22356,202209,0010104,상상인증권,C14,파생상품계약_장내파생상품_일반상품관련거래,0,국내증권사,B,SF205,각주항목(09.06월 이후)
22357,202209,0010104,상상인증권,C15,파생상품계약_장내파생상품_기타,0,국내증권사,B,SF205,각주항목(09.06월 이후)
22358,202209,0010104,상상인증권,C2,파생상품계약_장외파생상품,0,국내증권사,B,SF205,각주항목(09.06월 이후)
22359,202209,0010104,상상인증권,C21,파생상품계약_장외파생상품_이자율관련거래,0,국내증권사,B,SF205,각주항목(09.06월 이후)
22360,202209,0010104,상상인증권,C22,파생상품계약_장외파생상품_통화관련거래,0,국내증권사,B,SF205,각주항목(09.06월 이후)
22361,202209,0010104,상상인증권,C23,파생상품계약_장외파생상품_주식관련거래,0,국내증권사,B,SF205,각주항목(09.06월 이후)
22362,202209,0010104,상상인증권,C24,파생상품계약_장외파생상품_신용관련거래,0,국내증권사,B,SF205,각주항목(09.06월 이후)
22363,202209,0010104,상상인증권,C25,파생상품계약_장외파생상품_기타,0,국내증권사,B,SF205,각주항목(09.06월 이후)
22364,202209,0010104,상상인증권,D,대차 및 대주거래,35723875000,국내증권사,B,SF205,각주항목(09.06월 이후)
22365,202209,0010104,상상인증권,D1,대차 및 대주거래_대여증권,0,국내증권사,B,SF205,각주항목(09.06월 이후)
22366,202209,0010104,상상인증권,D2,대차 및 대주거래_차입증권,35723875000,국내증권사,B,SF205,각주항목(09.06월 이후)
22367,202209,0010104,상상인증권,D3,대차 및 대주거래_신용거래대주,0,국내증권사,B,SF205,각주항목(09.06월 이후)
22368,202209,0010104,상상인증권,E,대손상각채권,11709672126,국내증권사,B,SF205,각주항목(09.06월 이후)
22369,202209,0010104,상상인증권,F,환전업무 예치금,0,국내증권사,B,SF205,각주항목(09.06월 이후)
22370,202209,0010104,상상인증권,G,미배당별도예치금,0,국내증권사,B,SF205,각주항목(09.06월 이후)
22371,202209,0010104,상상인증권,H,배서어음매출(종금계정),0,국내증권사,B,SF205,각주항목(09.06월 이후)
22372,202209,0010104,상상인증권,H1,대출채권매매이익_담보부,0,국내증권사,B,SF205,각주항목(09.06월 이후)
22373,202209,0010104,상상인증권,H2,대출채권매매이익_무담보부,0,국내증권사,B,SF205,각주항목(09.06월 이후)
22374,202212,0010104,상상인증권,A,채무보증,0,국내증권사,B,SF205,각주항목(09.06월 이후)
22375,202212,0010104,상상인증권,A1,채무보증_지급보증,0,국내증권사,B,SF205,각주항목(09.06월 이후)
22376,202212,0010104,상상인증권,A2,채무보증_매입보장약정,0,국내증권사,B,SF205,각주항목(09.06월 이후)
22377,202212,0010104,상상인증권,A3,채무보증_채무인수약정,0,국내증권사,B,SF205,각주항목(09.06월 이후)
22378,202212,0010104,상상인증권,A5,채무보증_매입확약,0,국내증권사,B,SF205,각주항목(09.06월 이후)
22379,202212,0010104,상상인증권,A6,채무보증_기타,0,국내증권사,B,SF205,각주항목(09.06월 이후)
22380,202212,0010104,상상인증권,B,투자자의 예수증권 등,1830029567139,국내증권사,B,SF205,각주항목(09.06월 이후)
22381,202212,0010104,상상인증권,B1,투자자의 예수증권 등_예수 증권,1830029567139,국내증권사,B,SF205,각주항목(09.06월 이후)
22382,202212,0010104,상상인증권,B2,투자자의 예수증권 등_예수양도성예금증서,0,국내증권사,B,SF205,각주항목(09.06월 이후)
22383,202212,0010104,상상인증권,B3,투자자의 예수증권 등_기타,0,국내증권사,B,SF205,각주항목(09.06월 이후)
22384,202212,0010104,상상인증권,C,파생상품계약,4448350000,국내증권사,B,SF205,각주항목(09.06월 이후)
22385,202212,0010104,상상인증권,C1,파생상품계약_장내파생상품,4448350000,국내증권사,B,SF205,각주항목(09.06월 이후)
22386,202212,0010104,상상인증권,C11,파생상품계약_장내파생상품_이자율관련거래,4448350000,국내증권사,B,SF205,각주항목(09.06월 이후)
22387,202212,0010104,상상인증권,C12,파생상품계약_장내파생상품_통화관련거래,0,국내증권사,B,SF205,각주항목(09.06월 이후)
22388,202212,0010104,상상인증권,C13,파생상품계약_장내파생상품_주식관련거래,0,국내증권사,B,SF205,각주항목(09.06월 이후)
22389,202212,0010104,상상인증권,C14,파생상품계약_장내파생상품_일반상품관련거래,0,국내증권사,B,SF205,각주항목(09.06월 이후)
22390,202212,0010104,상상인증권,C15,파생상품계약_장내파생상품_기타,0,국내증권사,B,SF205,각주항목(09.06월 이후)
22391,202212,0010104,상상인증권,C2,파생상품계약_장외파생상품,0,국내증권사,B,SF205,각주항목(09.06월 이후)
22392,202212,0010104,상상인증권,C21,파생상품계약_장외파생상품_이자율관련거래,0,국내증권사,B,SF205,각주항목(09.06월 이후)
22393,202212,0010104,상상인증권,C22,파생상품계약_장외파생상품_통화관련거래,0,국내증권사,B,SF205,각주항목(09.06월 이후)
22394,202212,0010104,상상인증권,C23,파생상품계약_장외파생상품_주식관련거래,0,국내증권사,B,SF205,각주항목(09.06월 이후)
22395,202212,0010104,상상인증권,C24,파생상품계약_장외파생상품_신용관련거래,0,국내증권사,B,SF205,각주항목(09.06월 이후)
22396,202212,0010104,상상인증권,C25,파생상품계약_장외파생상품_기타,0,국내증권사,B,SF205,각주항목(09.06월 이후)
22397,202212,0010104,상상인증권,D,대차 및 대주거래,46748859000,국내증권사,B,SF205,각주항목(09.06월 이후)
22398,202212,0010104,상상인증권,D1,대차 및 대주거래_대여증권,0,국내증권사,B,SF205,각주항목(09.06월 이후)
22399,202212,0010104,상상인증권,D2,대차 및 대주거래_차입증권,46748859000,국내증권사,B,SF205,각주항목(09.06월 이후)
22400,202212,0010104,상상인증권,D3,대차 및 대주거래_신용거래대주,0,국내증권사,B,SF205,각주항목(09.06월 이후)
22401,202212,0010104,상상인증권,E,대손상각채권,11857603327,국내증권사,B,SF205,각주항목(09.06월 이후)
22402,202212,0010104,상상인증권,F,환전업무 예치금,0,국내증권사,B,SF205,각주항목(09.06월 이후)
22403,202212,0010104,상상인증권,G,미배당별도예치금,0,국내증권사,B,SF205,각주항목(09.06월 이후)
22404,202212,0010104,상상인증권,H,배서어음매출(종금계정),0,국내증권사,B,SF205,각주항목(09.06월 이후)
22405,202212,0010104,상상인증권,H1,대출채권매매이익_담보부,0,국내증권사,B,SF205,각주항목(09.06월 이후)
22406,202212,0010104,상상인증권,H2,대출채권매매이익_무담보부,0,국내증권사,B,SF205,각주항목(09.06월 이후)
22407,202303,0010104,상상인증권,A,채무보증,0,국내증권사,B,SF205,각주항목(09.06월 이후)
22408,202303,0010104,상상인증권,A1,채무보증_지급보증,0,국내증권사,B,SF205,각주항목(09.06월 이후)
22409,202303,0010104,상상인증권,A2,채무보증_매입보장약정,0,국내증권사,B,SF205,각주항목(09.06월 이후)
22410,202303,0010104,상상인증권,A3,채무보증_채무인수약정,0,국내증권사,B,SF205,각주항목(09.06월 이후)
22411,202303,0010104,상상인증권,A5,채무보증_매입확약,0,국내증권사,B,SF205,각주항목(09.06월 이후)
22412,202303,0010104,상상인증권,A6,채무보증_기타,0,국내증권사,B,SF205,각주항목(09.06월 이후)
22413,202303,0010104,상상인증권,B,투자자의 예수증권 등,2336798978953,국내증권사,B,SF205,각주항목(09.06월 이후)
22414,202303,0010104,상상인증권,B1,투자자의 예수증권 등_예수 증권,2336798978953,국내증권사,B,SF205,각주항목(09.06월 이후)
22415,202303,0010104,상상인증권,B2,투자자의 예수증권 등_예수양도성예금증서,0,국내증권사,B,SF205,각주항목(09.06월 이후)
22416,202303,0010104,상상인증권,B3,투자자의 예수증권 등_기타,0,국내증권사,B,SF205,각주항목(09.06월 이후)
22417,202303,0010104,상상인증권,C,파생상품계약,58209780000,국내증권사,B,SF205,각주항목(09.06월 이후)
22418,202303,0010104,상상인증권,C1,파생상품계약_장내파생상품,58209780000,국내증권사,B,SF205,각주항목(09.06월 이후)
22419,202303,0010104,상상인증권,C11,파생상품계약_장내파생상품_이자율관련거래,58209780000,국내증권사,B,SF205,각주항목(09.06월 이후)
22420,202303,0010104,상상인증권,C12,파생상품계약_장내파생상품_통화관련거래,0,국내증권사,B,SF205,각주항목(09.06월 이후)
22421,202303,0010104,상상인증권,C13,파생상품계약_장내파생상품_주식관련거래,0,국내증권사,B,SF205,각주항목(09.06월 이후)
22422,202303,0010104,상상인증권,C14,파생상품계약_장내파생상품_일반상품관련거래,0,국내증권사,B,SF205,각주항목(09.06월 이후)
22423,202303,0010104,상상인증권,C15,파생상품계약_장내파생상품_기타,0,국내증권사,B,SF205,각주항목(09.06월 이후)
22424,202303,0010104,상상인증권,C2,파생상품계약_장외파생상품,0,국내증권사,B,SF205,각주항목(09.06월 이후)
22425,202303,0010104,상상인증권,C21,파생상품계약_장외파생상품_이자율관련거래,0,국내증권사,B,SF205,각주항목(09.06월 이후)
22426,202303,0010104,상상인증권,C22,파생상품계약_장외파생상품_통화관련거래,0,국내증권사,B,SF205,각주항목(09.06월 이후)
22427,202303,0010104,상상인증권,C23,파생상품계약_장외파생상품_주식관련거래,0,국내증권사,B,SF205,각주항목(09.06월 이후)
22428,202303,0010104,상상인증권,C24,파생상품계약_장외파생상품_신용관련거래,0,국내증권사,B,SF205,각주항목(09.06월 이후)
22429,202303,0010104,상상인증권,C25,파생상품계약_장외파생상품_기타,0,국내증권사,B,SF205,각주항목(09.06월 이후)
22430,202303,0010104,상상인증권,D,대차 및 대주거래,323567567000,국내증권사,B,SF205,각주항목(09.06월 이후)
22431,202303,0010104,상상인증권,D1,대차 및 대주거래_대여증권,0,국내증권사,B,SF205,각주항목(09.06월 이후)
22432,202303,0010104,상상인증권,D2,대차 및 대주거래_차입증권,323567567000,국내증권사,B,SF205,각주항목(09.06월 이후)
22433,202303,0010104,상상인증권,D3,대차 및 대주거래_신용거래대주,0,국내증권사,B,SF205,각주항목(09.06월 이후)
22434,202303,0010104,상상인증권,E,대손상각채권,11857603327,국내증권사,B,SF205,각주항목(09.06월 이후)
22435,202303,0010104,상상인증권,F,환전업무 예치금,0,국내증권사,B,SF205,각주항목(09.06월 이후)
22436,202303,0010104,상상인증권,G,미배당별도예치금,0,국내증권사,B,SF205,각주항목(09.06월 이후)
22437,202303,0010104,상상인증권,H,배서어음매출(종금계정),0,국내증권사,B,SF205,각주항목(09.06월 이후)
22438,202303,0010104,상상인증권,H1,대출채권매매이익_담보부,0,국내증권사,B,SF205,각주항목(09.06월 이후)
22439,202303,0010104,상상인증권,H2,대출채권매매이익_무담보부,0,국내증권사,B,SF205,각주항목(09.06월 이후)
22440,202306,0010104,상상인증권,A,채무보증,0,국내증권사,B,SF205,각주항목(09.06월 이후)
22441,202306,0010104,상상인증권,A1,채무보증_지급보증,0,국내증권사,B,SF205,각주항목(09.06월 이후)
22442,202306,0010104,상상인증권,A2,채무보증_매입보장약정,0,국내증권사,B,SF205,각주항목(09.06월 이후)
22443,202306,0010104,상상인증권,A3,채무보증_채무인수약정,0,국내증권사,B,SF205,각주항목(09.06월 이후)
22444,202306,0010104,상상인증권,A5,채무보증_매입확약,0,국내증권사,B,SF205,각주항목(09.06월 이후)
22445,202306,0010104,상상인증권,A6,채무보증_기타,0,국내증권사,B,SF205,각주항목(09.06월 이후)
22446,202306,0010104,상상인증권,B,투자자의 예수증권 등,2007903835928,국내증권사,B,SF205,각주항목(09.06월 이후)
22447,202306,0010104,상상인증권,B1,투자자의 예수증권 등_예수 증권,2007903835928,국내증권사,B,SF205,각주항목(09.06월 이후)
22448,202306,0010104,상상인증권,B2,투자자의 예수증권 등_예수양도성예금증서,0,국내증권사,B,SF205,각주항목(09.06월 이후)
22449,202306,0010104,상상인증권,B3,투자자의 예수증권 등_기타,0,국내증권사,B,SF205,각주항목(09.06월 이후)
22450,202306,0010104,상상인증권,C,파생상품계약,93416860000,국내증권사,B,SF205,각주항목(09.06월 이후)
22451,202306,0010104,상상인증권,C1,파생상품계약_장내파생상품,93416860000,국내증권사,B,SF205,각주항목(09.06월 이후)
22452,202306,0010104,상상인증권,C11,파생상품계약_장내파생상품_이자율관련거래,93416860000,국내증권사,B,SF205,각주항목(09.06월 이후)
22453,202306,0010104,상상인증권,C12,파생상품계약_장내파생상품_통화관련거래,0,국내증권사,B,SF205,각주항목(09.06월 이후)
22454,202306,0010104,상상인증권,C13,파생상품계약_장내파생상품_주식관련거래,0,국내증권사,B,SF205,각주항목(09.06월 이후)
22455,202306,0010104,상상인증권,C14,파생상품계약_장내파생상품_일반상품관련거래,0,국내증권사,B,SF205,각주항목(09.06월 이후)
22456,202306,0010104,상상인증권,C15,파생상품계약_장내파생상품_기타,0,국내증권사,B,SF205,각주항목(09.06월 이후)
22457,202306,0010104,상상인증권,C2,파생상품계약_장외파생상품,0,국내증권사,B,SF205,각주항목(09.06월 이후)
22458,202306,0010104,상상인증권,C21,파생상품계약_장외파생상품_이자율관련거래,0,국내증권사,B,SF205,각주항목(09.06월 이후)
22459,202306,0010104,상상인증권,C22,파생상품계약_장외파생상품_통화관련거래,0,국내증권사,B,SF205,각주항목(09.06월 이후)
22460,202306,0010104,상상인증권,C23,파생상품계약_장외파생상품_주식관련거래,0,국내증권사,B,SF205,각주항목(09.06월 이후)
22461,202306,0010104,상상인증권,C24,파생상품계약_장외파생상품_신용관련거래,0,국내증권사,B,SF205,각주항목(09.06월 이후)
22462,202306,0010104,상상인증권,C25,파생상품계약_장외파생상품_기타,0,국내증권사,B,SF205,각주항목(09.06월 이후)
22463,202306,0010104,상상인증권,D,대차 및 대주거래,395832405000,국내증권사,B,SF205,각주항목(09.06월 이후)
22464,202306,0010104,상상인증권,D1,대차 및 대주거래_대여증권,0,국내증권사,B,SF205,각주항목(09.06월 이후)
22465,202306,0010104,상상인증권,D2,대차 및 대주거래_차입증권,395832405000,국내증권사,B,SF205,각주항목(09.06월 이후)
22466,202306,0010104,상상인증권,D3,대차 및 대주거래_신용거래대주,0,국내증권사,B,SF205,각주항목(09.06월 이후)
22467,202306,0010104,상상인증권,E,대손상각채권,12710469082,국내증권사,B,SF205,각주항목(09.06월 이후)
22468,202306,0010104,상상인증권,F,환전업무 예치금,0,국내증권사,B,SF205,각주항목(09.06월 이후)
22469,202306,0010104,상상인증권,G,미배당별도예치금,0,국내증권사,B,SF205,각주항목(09.06월 이후)
22470,202306,0010104,상상인증권,H,배서어음매출(종금계정),0,국내증권사,B,SF205,각주항목(09.06월 이후)
22471,202306,0010104,상상인증권,H1,대출채권매매이익_담보부,0,국내증권사,B,SF205,각주항목(09.06월 이후)
22472,202306,0010104,상상인증권,H2,대출채권매매이익_무담보부,0,국내증권사,B,SF205,각주항목(09.06월 이후)
22473,202309,0010104,상상인증권,A,채무보증,0,국내증권사,B,SF205,각주항목(09.06월 이후)
22474,202309,0010104,상상인증권,A1,채무보증_지급보증,0,국내증권사,B,SF205,각주항목(09.06월 이후)
22475,202309,0010104,상상인증권,A2,채무보증_매입보장약정,0,국내증권사,B,SF205,각주항목(09.06월 이후)
22476,202309,0010104,상상인증권,A3,채무보증_채무인수약정,0,국내증권사,B,SF205,각주항목(09.06월 이후)
22477,202309,0010104,상상인증권,A5,채무보증_매입확약,0,국내증권사,B,SF205,각주항목(09.06월 이후)
22478,202309,0010104,상상인증권,A6,채무보증_기타,0,국내증권사,B,SF205,각주항목(09.06월 이후)
22479,202309,0010104,상상인증권,B,투자자의 예수증권 등,2069121410072,국내증권사,B,SF205,각주항목(09.06월 이후)
22480,202309,0010104,상상인증권,B1,투자자의 예수증권 등_예수 증권,2069121410072,국내증권사,B,SF205,각주항목(09.06월 이후)
22481,202309,0010104,상상인증권,B2,투자자의 예수증권 등_예수양도성예금증서,0,국내증권사,B,SF205,각주항목(09.06월 이후)
22482,202309,0010104,상상인증권,B3,투자자의 예수증권 등_기타,0,국내증권사,B,SF205,각주항목(09.06월 이후)
22483,202309,0010104,상상인증권,C,파생상품계약,162765800000,국내증권사,B,SF205,각주항목(09.06월 이후)
22484,202309,0010104,상상인증권,C1,파생상품계약_장내파생상품,162765800000,국내증권사,B,SF205,각주항목(09.06월 이후)
22485,202309,0010104,상상인증권,C11,파생상품계약_장내파생상품_이자율관련거래,162765800000,국내증권사,B,SF205,각주항목(09.06월 이후)
22486,202309,0010104,상상인증권,C12,파생상품계약_장내파생상품_통화관련거래,0,국내증권사,B,SF205,각주항목(09.06월 이후)
22487,202309,0010104,상상인증권,C13,파생상품계약_장내파생상품_주식관련거래,0,국내증권사,B,SF205,각주항목(09.06월 이후)
22488,202309,0010104,상상인증권,C14,파생상품계약_장내파생상품_일반상품관련거래,0,국내증권사,B,SF205,각주항목(09.06월 이후)
22489,202309,0010104,상상인증권,C15,파생상품계약_장내파생상품_기타,0,국내증권사,B,SF205,각주항목(09.06월 이후)
22490,202309,0010104,상상인증권,C2,파생상품계약_장외파생상품,0,국내증권사,B,SF205,각주항목(09.06월 이후)
22491,202309,0010104,상상인증권,C21,파생상품계약_장외파생상품_이자율관련거래,0,국내증권사,B,SF205,각주항목(09.06월 이후)
22492,202309,0010104,상상인증권,C22,파생상품계약_장외파생상품_통화관련거래,0,국내증권사,B,SF205,각주항목(09.06월 이후)
22493,202309,0010104,상상인증권,C23,파생상품계약_장외파생상품_주식관련거래,0,국내증권사,B,SF205,각주항목(09.06월 이후)
22494,202309,0010104,상상인증권,C24,파생상품계약_장외파생상품_신용관련거래,0,국내증권사,B,SF205,각주항목(09.06월 이후)
22495,202309,0010104,상상인증권,C25,파생상품계약_장외파생상품_기타,0,국내증권사,B,SF205,각주항목(09.06월 이후)
22496,202309,0010104,상상인증권,D,대차 및 대주거래,180754784000,국내증권사,B,SF205,각주항목(09.06월 이후)
22497,202309,0010104,상상인증권,D1,대차 및 대주거래_대여증권,0,국내증권사,B,SF205,각주항목(09.06월 이후)
22498,202309,0010104,상상인증권,D2,대차 및 대주거래_차입증권,180754784000,국내증권사,B,SF205,각주항목(09.06월 이후)
22499,202309,0010104,상상인증권,D3,대차 및 대주거래_신용거래대주,0,국내증권사,B,SF205,각주항목(09.06월 이후)
22500,202309,0010104,상상인증권,E,대손상각채권,12710469082,국내증권사,B,SF205,각주항목(09.06월 이후)
22501,202309,0010104,상상인증권,F,환전업무 예치금,0,국내증권사,B,SF205,각주항목(09.06월 이후)
22502,202309,0010104,상상인증권,G,미배당별도예치금,0,국내증권사,B,SF205,각주항목(09.06월 이후)
22503,202309,0010104,상상인증권,H,배서어음매출(종금계정),0,국내증권사,B,SF205,각주항목(09.06월 이후)
22504,202309,0010104,상상인증권,H1,대출채권매매이익_담보부,0,국내증권사,B,SF205,각주항목(09.06월 이후)
22505,202309,0010104,상상인증권,H2,대출채권매매이익_무담보부,0,국내증권사,B,SF205,각주항목(09.06월 이후)
22506,202312,0010104,상상인증권,A,채무보증,0,국내증권사,B,SF205,각주항목(09.06월 이후)
22507,202312,0010104,상상인증권,A1,채무보증_지급보증,0,국내증권사,B,SF205,각주항목(09.06월 이후)
22508,202312,0010104,상상인증권,A2,채무보증_매입보장약정,0,국내증권사,B,SF205,각주항목(09.06월 이후)
22509,202312,0010104,상상인증권,A3,채무보증_채무인수약정,0,국내증권사,B,SF205,각주항목(09.06월 이후)
22510,202312,0010104,상상인증권,A5,채무보증_매입확약,0,국내증권사,B,SF205,각주항목(09.06월 이후)
22511,202312,0010104,상상인증권,A6,채무보증_기타,0,국내증권사,B,SF205,각주항목(09.06월 이후)
22512,202312,0010104,상상인증권,B,투자자의 예수증권 등,1996085734566,국내증권사,B,SF205,각주항목(09.06월 이후)
22513,202312,0010104,상상인증권,B1,투자자의 예수증권 등_예수 증권,1996085734566,국내증권사,B,SF205,각주항목(09.06월 이후)
22514,202312,0010104,상상인증권,B2,투자자의 예수증권 등_예수양도성예금증서,0,국내증권사,B,SF205,각주항목(09.06월 이후)
22515,202312,0010104,상상인증권,B3,투자자의 예수증권 등_기타,0,국내증권사,B,SF205,각주항목(09.06월 이후)
22516,202312,0010104,상상인증권,C,파생상품계약,821174128000,국내증권사,B,SF205,각주항목(09.06월 이후)
22517,202312,0010104,상상인증권,C1,파생상품계약_장내파생상품,821174128000,국내증권사,B,SF205,각주항목(09.06월 이후)
22518,202312,0010104,상상인증권,C11,파생상품계약_장내파생상품_이자율관련거래,815894520000,국내증권사,B,SF205,각주항목(09.06월 이후)
22519,202312,0010104,상상인증권,C12,파생상품계약_장내파생상품_통화관련거래,0,국내증권사,B,SF205,각주항목(09.06월 이후)
22520,202312,0010104,상상인증권,C13,파생상품계약_장내파생상품_주식관련거래,5279608000,국내증권사,B,SF205,각주항목(09.06월 이후)
22521,202312,0010104,상상인증권,C14,파생상품계약_장내파생상품_일반상품관련거래,0,국내증권사,B,SF205,각주항목(09.06월 이후)
22522,202312,0010104,상상인증권,C15,파생상품계약_장내파생상품_기타,0,국내증권사,B,SF205,각주항목(09.06월 이후)
22523,202312,0010104,상상인증권,C2,파생상품계약_장외파생상품,0,국내증권사,B,SF205,각주항목(09.06월 이후)
22524,202312,0010104,상상인증권,C21,파생상품계약_장외파생상품_이자율관련거래,0,국내증권사,B,SF205,각주항목(09.06월 이후)
22525,202312,0010104,상상인증권,C22,파생상품계약_장외파생상품_통화관련거래,0,국내증권사,B,SF205,각주항목(09.06월 이후)
22526,202312,0010104,상상인증권,C23,파생상품계약_장외파생상품_주식관련거래,0,국내증권사,B,SF205,각주항목(09.06월 이후)
22527,202312,0010104,상상인증권,C24,파생상품계약_장외파생상품_신용관련거래,0,국내증권사,B,SF205,각주항목(09.06월 이후)
22528,202312,0010104,상상인증권,C25,파생상품계약_장외파생상품_기타,0,국내증권사,B,SF205,각주항목(09.06월 이후)
22529,202312,0010104,상상인증권,D,대차 및 대주거래,192729800000,국내증권사,B,SF205,각주항목(09.06월 이후)
22530,202312,0010104,상상인증권,D1,대차 및 대주거래_대여증권,0,국내증권사,B,SF205,각주항목(09.06월 이후)
22531,202312,0010104,상상인증권,D2,대차 및 대주거래_차입증권,192729800000,국내증권사,B,SF205,각주항목(09.06월 이후)
22532,202312,0010104,상상인증권,D3,대차 및 대주거래_신용거래대주,0,국내증권사,B,SF205,각주항목(09.06월 이후)
22533,202312,0010104,상상인증권,E,대손상각채권,12710469082,국내증권사,B,SF205,각주항목(09.06월 이후)
22534,202312,0010104,상상인증권,F,환전업무 예치금,0,국내증권사,B,SF205,각주항목(09.06월 이후)
22535,202312,0010104,상상인증권,G,미배당별도예치금,0,국내증권사,B,SF205,각주항목(09.06월 이후)
22536,202312,0010104,상상인증권,H,배서어음매출(종금계정),0,국내증권사,B,SF205,각주항목(09.06월 이후)
22537,202312,0010104,상상인증권,H1,대출채권매매이익_담보부,0,국내증권사,B,SF205,각주항목(09.06월 이후)
22538,202312,0010104,상상인증권,H2,대출채권매매이익_무담보부,0,국내증권사,B,SF205,각주항목(09.06월 이후)
22539,202403,0010104,상상인증권,A,채무보증,800000000,국내증권사,B,SF205,각주항목(09.06월 이후)
22540,202403,0010104,상상인증권,A1,채무보증_지급보증,0,국내증권사,B,SF205,각주항목(09.06월 이후)
22541,202403,0010104,상상인증권,A2,채무보증_매입보장약정, ,국내증권사,B,SF205,각주항목(09.06월 이후)
22542,202403,0010104,상상인증권,A3,채무보증_채무인수약정, ,국내증권사,B,SF205,각주항목(09.06월 이후)
22543,202403,0010104,상상인증권,A5,채무보증_매입확약,0,국내증권사,B,SF205,각주항목(09.06월 이후)
22544,202403,0010104,상상인증권,A6,채무보증_기타,800000000,국내증권사,B,SF205,각주항목(09.06월 이후)
22545,202403,0010104,상상인증권,B,투자자의 예수증권 등,2318464388814,국내증권사,B,SF205,각주항목(09.06월 이후)
22546,202403,0010104,상상인증권,B1,투자자의 예수증권 등_예수 증권,2318464388814,국내증권사,B,SF205,각주항목(09.06월 이후)
22547,202403,0010104,상상인증권,B2,투자자의 예수증권 등_예수양도성예금증서, ,국내증권사,B,SF205,각주항목(09.06월 이후)
22548,202403,0010104,상상인증권,B3,투자자의 예수증권 등_기타, ,국내증권사,B,SF205,각주항목(09.06월 이후)
22549,202403,0010104,상상인증권,C,파생상품계약,67141789980,국내증권사,B,SF205,각주항목(09.06월 이후)
22550,202403,0010104,상상인증권,C1,파생상품계약_장내파생상품,51327153145,국내증권사,B,SF205,각주항목(09.06월 이후)
22551,202403,0010104,상상인증권,C11,파생상품계약_장내파생상품_이자율관련거래,37895320000,국내증권사,B,SF205,각주항목(09.06월 이후)
22552,202403,0010104,상상인증권,C12,파생상품계약_장내파생상품_통화관련거래,0,국내증권사,B,SF205,각주항목(09.06월 이후)
22553,202403,0010104,상상인증권,C13,파생상품계약_장내파생상품_주식관련거래,13431833145,국내증권사,B,SF205,각주항목(09.06월 이후)
22554,202403,0010104,상상인증권,C14,파생상품계약_장내파생상품_일반상품관련거래,0,국내증권사,B,SF205,각주항목(09.06월 이후)
22555,202403,0010104,상상인증권,C15,파생상품계약_장내파생상품_기타,0,국내증권사,B,SF205,각주항목(09.06월 이후)
22556,202403,0010104,상상인증권,C2,파생상품계약_장외파생상품,15814636835,국내증권사,B,SF205,각주항목(09.06월 이후)
22557,202403,0010104,상상인증권,C21,파생상품계약_장외파생상품_이자율관련거래,0,국내증권사,B,SF205,각주항목(09.06월 이후)
22558,202403,0010104,상상인증권,C22,파생상품계약_장외파생상품_통화관련거래,0,국내증권사,B,SF205,각주항목(09.06월 이후)
22559,202403,0010104,상상인증권,C23,파생상품계약_장외파생상품_주식관련거래,15814636835,국내증권사,B,SF205,각주항목(09.06월 이후)
22560,202403,0010104,상상인증권,C24,파생상품계약_장외파생상품_신용관련거래,0,국내증권사,B,SF205,각주항목(09.06월 이후)
22561,202403,0010104,상상인증권,C25,파생상품계약_장외파생상품_기타,0,국내증권사,B,SF205,각주항목(09.06월 이후)
22562,202403,0010104,상상인증권,D,대차 및 대주거래,155020616000,국내증권사,B,SF205,각주항목(09.06월 이후)
22563,202403,0010104,상상인증권,D1,대차 및 대주거래_대여증권,0,국내증권사,B,SF205,각주항목(09.06월 이후)
22564,202403,0010104,상상인증권,D2,대차 및 대주거래_차입증권,155020616000,국내증권사,B,SF205,각주항목(09.06월 이후)
22565,202403,0010104,상상인증권,D3,대차 및 대주거래_신용거래대주, ,국내증권사,B,SF205,각주항목(09.06월 이후)
22566,202403,0010104,상상인증권,E,대손상각채권,12710469082,국내증권사,B,SF205,각주항목(09.06월 이후)
22567,202403,0010104,상상인증권,F,환전업무 예치금,0,국내증권사,B,SF205,각주항목(09.06월 이후)
22568,202403,0010104,상상인증권,G,미배당별도예치금,86487630,국내증권사,B,SF205,각주항목(09.06월 이후)
22569,202403,0010104,상상인증권,H,배서어음매출(종금계정),0,국내증권사,B,SF205,각주항목(09.06월 이후)
22570,202403,0010104,상상인증권,H1,대출채권매매이익_담보부, ,국내증권사,B,SF205,각주항목(09.06월 이후)
22571,202403,0010104,상상인증권,H2,대출채권매매이익_무담보부, ,국내증권사,B,SF205,각주항목(09.06월 이후)
22572,202406,0010104,상상인증권,A,채무보증,0,국내증권사,B,SF205,각주항목(09.06월 이후)
22573,202406,0010104,상상인증권,A1,채무보증_지급보증,0,국내증권사,B,SF205,각주항목(09.06월 이후)
22574,202406,0010104,상상인증권,A2,채무보증_매입보장약정, ,국내증권사,B,SF205,각주항목(09.06월 이후)
22575,202406,0010104,상상인증권,A3,채무보증_채무인수약정, ,국내증권사,B,SF205,각주항목(09.06월 이후)
22576,202406,0010104,상상인증권,A5,채무보증_매입확약,0,국내증권사,B,SF205,각주항목(09.06월 이후)
22577,202406,0010104,상상인증권,A6,채무보증_기타, ,국내증권사,B,SF205,각주항목(09.06월 이후)
22578,202406,0010104,상상인증권,B,투자자의 예수증권 등,2786708900659,국내증권사,B,SF205,각주항목(09.06월 이후)
22579,202406,0010104,상상인증권,B1,투자자의 예수증권 등_예수 증권,2786708900659,국내증권사,B,SF205,각주항목(09.06월 이후)
22580,202406,0010104,상상인증권,B2,투자자의 예수증권 등_예수양도성예금증서, ,국내증권사,B,SF205,각주항목(09.06월 이후)
22581,202406,0010104,상상인증권,B3,투자자의 예수증권 등_기타, ,국내증권사,B,SF205,각주항목(09.06월 이후)
22582,202406,0010104,상상인증권,C,파생상품계약,97571674019,국내증권사,B,SF205,각주항목(09.06월 이후)
22583,202406,0010104,상상인증권,C1,파생상품계약_장내파생상품,78512906000,국내증권사,B,SF205,각주항목(09.06월 이후)
22584,202406,0010104,상상인증권,C11,파생상품계약_장내파생상품_이자율관련거래,68910500000,국내증권사,B,SF205,각주항목(09.06월 이후)
22585,202406,0010104,상상인증권,C12,파생상품계약_장내파생상품_통화관련거래,0,국내증권사,B,SF205,각주항목(09.06월 이후)
22586,202406,0010104,상상인증권,C13,파생상품계약_장내파생상품_주식관련거래,9602406000,국내증권사,B,SF205,각주항목(09.06월 이후)
22587,202406,0010104,상상인증권,C14,파생상품계약_장내파생상품_일반상품관련거래,0,국내증권사,B,SF205,각주항목(09.06월 이후)
22588,202406,0010104,상상인증권,C15,파생상품계약_장내파생상품_기타,0,국내증권사,B,SF205,각주항목(09.06월 이후)
22589,202406,0010104,상상인증권,C2,파생상품계약_장외파생상품,19058768019,국내증권사,B,SF205,각주항목(09.06월 이후)
22590,202406,0010104,상상인증권,C21,파생상품계약_장외파생상품_이자율관련거래,0,국내증권사,B,SF205,각주항목(09.06월 이후)
22591,202406,0010104,상상인증권,C22,파생상품계약_장외파생상품_통화관련거래,0,국내증권사,B,SF205,각주항목(09.06월 이후)
22592,202406,0010104,상상인증권,C23,파생상품계약_장외파생상품_주식관련거래,12990161220,국내증권사,B,SF205,각주항목(09.06월 이후)
22593,202406,0010104,상상인증권,C24,파생상품계약_장외파생상품_신용관련거래,0,국내증권사,B,SF205,각주항목(09.06월 이후)
22594,202406,0010104,상상인증권,C25,파생상품계약_장외파생상품_기타,6068606799,국내증권사,B,SF205,각주항목(09.06월 이후)
22595,202406,0010104,상상인증권,D,대차 및 대주거래,383602209000,국내증권사,B,SF205,각주항목(09.06월 이후)
22596,202406,0010104,상상인증권,D1,대차 및 대주거래_대여증권,0,국내증권사,B,SF205,각주항목(09.06월 이후)
22597,202406,0010104,상상인증권,D2,대차 및 대주거래_차입증권,383602209000,국내증권사,B,SF205,각주항목(09.06월 이후)
22598,202406,0010104,상상인증권,D3,대차 및 대주거래_신용거래대주, ,국내증권사,B,SF205,각주항목(09.06월 이후)
22599,202406,0010104,상상인증권,E,대손상각채권,13598332474,국내증권사,B,SF205,각주항목(09.06월 이후)
22600,202406,0010104,상상인증권,F,환전업무 예치금,0,국내증권사,B,SF205,각주항목(09.06월 이후)
22601,202406,0010104,상상인증권,G,미배당별도예치금,108268937,국내증권사,B,SF205,각주항목(09.06월 이후)
22602,202406,0010104,상상인증권,H,배서어음매출(종금계정),0,국내증권사,B,SF205,각주항목(09.06월 이후)
22603,202406,0010104,상상인증권,H1,대출채권매매이익_담보부, ,국내증권사,B,SF205,각주항목(09.06월 이후)
22604,202406,0010104,상상인증권,H2,대출채권매매이익_무담보부, ,국내증권사,B,SF205,각주항목(09.06월 이후)
22605,202409,0010104,상상인증권,A,채무보증,0,국내증권사,B,SF205,각주항목(09.06월 이후)
22606,202409,0010104,상상인증권,A1,채무보증_지급보증,0,국내증권사,B,SF205,각주항목(09.06월 이후)
22607,202409,0010104,상상인증권,A2,채무보증_매입보장약정, ,국내증권사,B,SF205,각주항목(09.06월 이후)
22608,202409,0010104,상상인증권,A3,채무보증_채무인수약정, ,국내증권사,B,SF205,각주항목(09.06월 이후)
22609,202409,0010104,상상인증권,A5,채무보증_매입확약,0,국내증권사,B,SF205,각주항목(09.06월 이후)
22610,202409,0010104,상상인증권,A6,채무보증_기타, ,국내증권사,B,SF205,각주항목(09.06월 이후)
22611,202409,0010104,상상인증권,B,투자자의 예수증권 등,2855361300182,국내증권사,B,SF205,각주항목(09.06월 이후)
22612,202409,0010104,상상인증권,B1,투자자의 예수증권 등_예수 증권,2855361300182,국내증권사,B,SF205,각주항목(09.06월 이후)
22613,202409,0010104,상상인증권,B2,투자자의 예수증권 등_예수양도성예금증서, ,국내증권사,B,SF205,각주항목(09.06월 이후)
22614,202409,0010104,상상인증권,B3,투자자의 예수증권 등_기타, ,국내증권사,B,SF205,각주항목(09.06월 이후)
22615,202409,0010104,상상인증권,C,파생상품계약,45587256217,국내증권사,B,SF205,각주항목(09.06월 이후)
22616,202409,0010104,상상인증권,C1,파생상품계약_장내파생상품,23705670000,국내증권사,B,SF205,각주항목(09.06월 이후)
22617,202409,0010104,상상인증권,C11,파생상품계약_장내파생상품_이자율관련거래,16475680000,국내증권사,B,SF205,각주항목(09.06월 이후)
22618,202409,0010104,상상인증권,C12,파생상품계약_장내파생상품_통화관련거래,0,국내증권사,B,SF205,각주항목(09.06월 이후)
22619,202409,0010104,상상인증권,C13,파생상품계약_장내파생상품_주식관련거래,7229990000,국내증권사,B,SF205,각주항목(09.06월 이후)
22620,202409,0010104,상상인증권,C14,파생상품계약_장내파생상품_일반상품관련거래,0,국내증권사,B,SF205,각주항목(09.06월 이후)
22621,202409,0010104,상상인증권,C15,파생상품계약_장내파생상품_기타,0,국내증권사,B,SF205,각주항목(09.06월 이후)
22622,202409,0010104,상상인증권,C2,파생상품계약_장외파생상품,21881586217,국내증권사,B,SF205,각주항목(09.06월 이후)
22623,202409,0010104,상상인증권,C21,파생상품계약_장외파생상품_이자율관련거래,0,국내증권사,B,SF205,각주항목(09.06월 이후)
22624,202409,0010104,상상인증권,C22,파생상품계약_장외파생상품_통화관련거래,0,국내증권사,B,SF205,각주항목(09.06월 이후)
22625,202409,0010104,상상인증권,C23,파생상품계약_장외파생상품_주식관련거래,1965818785,국내증권사,B,SF205,각주항목(09.06월 이후)
22626,202409,0010104,상상인증권,C24,파생상품계약_장외파생상품_신용관련거래,0,국내증권사,B,SF205,각주항목(09.06월 이후)
22627,202409,0010104,상상인증권,C25,파생상품계약_장외파생상품_기타,19915767432,국내증권사,B,SF205,각주항목(09.06월 이후)
22628,202409,0010104,상상인증권,D,대차 및 대주거래,204877591000,국내증권사,B,SF205,각주항목(09.06월 이후)
22629,202409,0010104,상상인증권,D1,대차 및 대주거래_대여증권,0,국내증권사,B,SF205,각주항목(09.06월 이후)
22630,202409,0010104,상상인증권,D2,대차 및 대주거래_차입증권,204877591000,국내증권사,B,SF205,각주항목(09.06월 이후)
22631,202409,0010104,상상인증권,D3,대차 및 대주거래_신용거래대주, ,국내증권사,B,SF205,각주항목(09.06월 이후)
22632,202409,0010104,상상인증권,E,대손상각채권,13598332474,국내증권사,B,SF205,각주항목(09.06월 이후)
22633,202409,0010104,상상인증권,F,환전업무 예치금,0,국내증권사,B,SF205,각주항목(09.06월 이후)
22634,202409,0010104,상상인증권,G,미배당별도예치금,119611152,국내증권사,B,SF205,각주항목(09.06월 이후)
22635,202409,0010104,상상인증권,H,배서어음매출(종금계정),0,국내증권사,B,SF205,각주항목(09.06월 이후)
22636,202409,0010104,상상인증권,H1,대출채권매매이익_담보부, ,국내증권사,B,SF205,각주항목(09.06월 이후)
22637,202409,0010104,상상인증권,H2,대출채권매매이익_무담보부, ,국내증권사,B,SF205,각주항목(09.06월 이후)
22638,202412,0010104,상상인증권,A,채무보증,0,국내증권사,B,SF205,각주항목(09.06월 이후)
22639,202412,0010104,상상인증권,A1,채무보증_지급보증,0,국내증권사,B,SF205,각주항목(09.06월 이후)
22640,202412,0010104,상상인증권,A2,채무보증_매입보장약정, ,국내증권사,B,SF205,각주항목(09.06월 이후)
22641,202412,0010104,상상인증권,A3,채무보증_채무인수약정, ,국내증권사,B,SF205,각주항목(09.06월 이후)
22642,202412,0010104,상상인증권,A5,채무보증_매입확약,0,국내증권사,B,SF205,각주항목(09.06월 이후)
22643,202412,0010104,상상인증권,A6,채무보증_기타, ,국내증권사,B,SF205,각주항목(09.06월 이후)
22644,202412,0010104,상상인증권,B,투자자의 예수증권 등,3457908918504,국내증권사,B,SF205,각주항목(09.06월 이후)
22645,202412,0010104,상상인증권,B1,투자자의 예수증권 등_예수 증권,3457908918504,국내증권사,B,SF205,각주항목(09.06월 이후)
22646,202412,0010104,상상인증권,B2,투자자의 예수증권 등_예수양도성예금증서, ,국내증권사,B,SF205,각주항목(09.06월 이후)
22647,202412,0010104,상상인증권,B3,투자자의 예수증권 등_기타, ,국내증권사,B,SF205,각주항목(09.06월 이후)
22648,202412,0010104,상상인증권,C,파생상품계약,331028456767,국내증권사,B,SF205,각주항목(09.06월 이후)
22649,202412,0010104,상상인증권,C1,파생상품계약_장내파생상품,327913200000,국내증권사,B,SF205,각주항목(09.06월 이후)
22650,202412,0010104,상상인증권,C11,파생상품계약_장내파생상품_이자율관련거래,327913200000,국내증권사,B,SF205,각주항목(09.06월 이후)
22651,202412,0010104,상상인증권,C12,파생상품계약_장내파생상품_통화관련거래,0,국내증권사,B,SF205,각주항목(09.06월 이후)
22652,202412,0010104,상상인증권,C13,파생상품계약_장내파생상품_주식관련거래,0,국내증권사,B,SF205,각주항목(09.06월 이후)
22653,202412,0010104,상상인증권,C14,파생상품계약_장내파생상품_일반상품관련거래,0,국내증권사,B,SF205,각주항목(09.06월 이후)
22654,202412,0010104,상상인증권,C15,파생상품계약_장내파생상품_기타,0,국내증권사,B,SF205,각주항목(09.06월 이후)
22655,202412,0010104,상상인증권,C2,파생상품계약_장외파생상품,3115256767,국내증권사,B,SF205,각주항목(09.06월 이후)
22656,202412,0010104,상상인증권,C21,파생상품계약_장외파생상품_이자율관련거래,0,국내증권사,B,SF205,각주항목(09.06월 이후)
22657,202412,0010104,상상인증권,C22,파생상품계약_장외파생상품_통화관련거래,0,국내증권사,B,SF205,각주항목(09.06월 이후)
22658,202412,0010104,상상인증권,C23,파생상품계약_장외파생상품_주식관련거래,0,국내증권사,B,SF205,각주항목(09.06월 이후)
22659,202412,0010104,상상인증권,C24,파생상품계약_장외파생상품_신용관련거래,0,국내증권사,B,SF205,각주항목(09.06월 이후)
22660,202412,0010104,상상인증권,C25,파생상품계약_장외파생상품_기타,3115256767,국내증권사,B,SF205,각주항목(09.06월 이후)
22661,202412,0010104,상상인증권,D,대차 및 대주거래,79358329000,국내증권사,B,SF205,각주항목(09.06월 이후)
22662,202412,0010104,상상인증권,D1,대차 및 대주거래_대여증권,0,국내증권사,B,SF205,각주항목(09.06월 이후)
22663,202412,0010104,상상인증권,D2,대차 및 대주거래_차입증권,79358329000,국내증권사,B,SF205,각주항목(09.06월 이후)
22664,202412,0010104,상상인증권,D3,대차 및 대주거래_신용거래대주, ,국내증권사,B,SF205,각주항목(09.06월 이후)
22665,202412,0010104,상상인증권,E,대손상각채권,29237385925,국내증권사,B,SF205,각주항목(09.06월 이후)
22666,202412,0010104,상상인증권,F,환전업무 예치금,0,국내증권사,B,SF205,각주항목(09.06월 이후)
22667,202412,0010104,상상인증권,G,미배당별도예치금,127606551,국내증권사,B,SF205,각주항목(09.06월 이후)
22668,202412,0010104,상상인증권,H,배서어음매출(종금계정),0,국내증권사,B,SF205,각주항목(09.06월 이후)
22669,202412,0010104,상상인증권,H1,대출채권매매이익_담보부, ,국내증권사,B,SF205,각주항목(09.06월 이후)
22670,202412,0010104,상상인증권,H2,대출채권매매이익_무담보부, ,국내증권사,B,SF205,각주항목(09.06월 이후)
22671,201703,0010095,신영증권주식회사,A,채무보증,262100000000,국내증권사,B,SF205,각주항목(09.06월 이후)
22672,201703,0010095,신영증권주식회사,A1,채무보증_지급보증,0,국내증권사,B,SF205,각주항목(09.06월 이후)
22673,201703,0010095,신영증권주식회사,A2,채무보증_매입보장약정,58600000000,국내증권사,B,SF205,각주항목(09.06월 이후)
22674,201703,0010095,신영증권주식회사,A3,채무보증_채무인수약정,0,국내증권사,B,SF205,각주항목(09.06월 이후)
22675,201703,0010095,신영증권주식회사,A5,채무보증_매입확약,203500000000,국내증권사,B,SF205,각주항목(09.06월 이후)
22676,201703,0010095,신영증권주식회사,A6,채무보증_기타,0,국내증권사,B,SF205,각주항목(09.06월 이후)
22677,201703,0010095,신영증권주식회사,B,투자자의 예수증권 등,8881287306519,국내증권사,B,SF205,각주항목(09.06월 이후)
22678,201703,0010095,신영증권주식회사,B1,투자자의 예수증권 등_예수 증권,8881287306519,국내증권사,B,SF205,각주항목(09.06월 이후)
22679,201703,0010095,신영증권주식회사,B2,투자자의 예수증권 등_예수양도성예금증서,0,국내증권사,B,SF205,각주항목(09.06월 이후)
22680,201703,0010095,신영증권주식회사,B3,투자자의 예수증권 등_기타,0,국내증권사,B,SF205,각주항목(09.06월 이후)
22681,201703,0010095,신영증권주식회사,C,파생상품계약,29454481391628,국내증권사,B,SF205,각주항목(09.06월 이후)
22682,201703,0010095,신영증권주식회사,C1,파생상품계약_장내파생상품,1220556188001,국내증권사,B,SF205,각주항목(09.06월 이후)
22683,201703,0010095,신영증권주식회사,C11,파생상품계약_장내파생상품_이자율관련거래,434895437760,국내증권사,B,SF205,각주항목(09.06월 이후)
22684,201703,0010095,신영증권주식회사,C12,파생상품계약_장내파생상품_통화관련거래,849832000,국내증권사,B,SF205,각주항목(09.06월 이후)
22685,201703,0010095,신영증권주식회사,C13,파생상품계약_장내파생상품_주식관련거래,784810918241,국내증권사,B,SF205,각주항목(09.06월 이후)
22686,201703,0010095,신영증권주식회사,C14,파생상품계약_장내파생상품_일반상품관련거래,0,국내증권사,B,SF205,각주항목(09.06월 이후)
22687,201703,0010095,신영증권주식회사,C15,파생상품계약_장내파생상품_기타,0,국내증권사,B,SF205,각주항목(09.06월 이후)
22688,201703,0010095,신영증권주식회사,C2,파생상품계약_장외파생상품,28233925203627,국내증권사,B,SF205,각주항목(09.06월 이후)
22689,201703,0010095,신영증권주식회사,C21,파생상품계약_장외파생상품_이자율관련거래,24515548397478,국내증권사,B,SF205,각주항목(09.06월 이후)
22690,201703,0010095,신영증권주식회사,C22,파생상품계약_장외파생상품_통화관련거래,426455177009,국내증권사,B,SF205,각주항목(09.06월 이후)
22691,201703,0010095,신영증권주식회사,C23,파생상품계약_장외파생상품_주식관련거래,2703831267075,국내증권사,B,SF205,각주항목(09.06월 이후)
22692,201703,0010095,신영증권주식회사,C24,파생상품계약_장외파생상품_신용관련거래,585896000000,국내증권사,B,SF205,각주항목(09.06월 이후)
22693,201703,0010095,신영증권주식회사,C25,파생상품계약_장외파생상품_기타,2194362065,국내증권사,B,SF205,각주항목(09.06월 이후)
22694,201703,0010095,신영증권주식회사,D,대차 및 대주거래,14428053650,국내증권사,B,SF205,각주항목(09.06월 이후)
22695,201703,0010095,신영증권주식회사,D1,대차 및 대주거래_대여증권,4744570150,국내증권사,B,SF205,각주항목(09.06월 이후)
22696,201703,0010095,신영증권주식회사,D2,대차 및 대주거래_차입증권,9683483500,국내증권사,B,SF205,각주항목(09.06월 이후)
22697,201703,0010095,신영증권주식회사,D3,대차 및 대주거래_신용거래대주,0,국내증권사,B,SF205,각주항목(09.06월 이후)
22698,201703,0010095,신영증권주식회사,E,대손상각채권,0,국내증권사,B,SF205,각주항목(09.06월 이후)
22699,201703,0010095,신영증권주식회사,F,환전업무 예치금,0,국내증권사,B,SF205,각주항목(09.06월 이후)
22700,201703,0010095,신영증권주식회사,G,미배당별도예치금,61187863,국내증권사,B,SF205,각주항목(09.06월 이후)
22701,201703,0010095,신영증권주식회사,H,배서어음매출(종금계정),0,국내증권사,B,SF205,각주항목(09.06월 이후)
22702,201703,0010095,신영증권주식회사,H1,대출채권매매이익_담보부,0,국내증권사,B,SF205,각주항목(09.06월 이후)
22703,201703,0010095,신영증권주식회사,H2,대출채권매매이익_무담보부,0,국내증권사,B,SF205,각주항목(09.06월 이후)
22704,201706,0010095,신영증권주식회사,A,채무보증,289600000000,국내증권사,B,SF205,각주항목(09.06월 이후)
22705,201706,0010095,신영증권주식회사,A1,채무보증_지급보증,0,국내증권사,B,SF205,각주항목(09.06월 이후)
22706,201706,0010095,신영증권주식회사,A2,채무보증_매입보장약정,73800000000,국내증권사,B,SF205,각주항목(09.06월 이후)
22707,201706,0010095,신영증권주식회사,A3,채무보증_채무인수약정,0,국내증권사,B,SF205,각주항목(09.06월 이후)
22708,201706,0010095,신영증권주식회사,A5,채무보증_매입확약,215800000000,국내증권사,B,SF205,각주항목(09.06월 이후)
22709,201706,0010095,신영증권주식회사,A6,채무보증_기타,0,국내증권사,B,SF205,각주항목(09.06월 이후)
22710,201706,0010095,신영증권주식회사,B,투자자의 예수증권 등,7971134067190,국내증권사,B,SF205,각주항목(09.06월 이후)
22711,201706,0010095,신영증권주식회사,B1,투자자의 예수증권 등_예수 증권,7971134067190,국내증권사,B,SF205,각주항목(09.06월 이후)
22712,201706,0010095,신영증권주식회사,B2,투자자의 예수증권 등_예수양도성예금증서,0,국내증권사,B,SF205,각주항목(09.06월 이후)
22713,201706,0010095,신영증권주식회사,B3,투자자의 예수증권 등_기타,0,국내증권사,B,SF205,각주항목(09.06월 이후)
22714,201706,0010095,신영증권주식회사,C,파생상품계약,28600163781632,국내증권사,B,SF205,각주항목(09.06월 이후)
22715,201706,0010095,신영증권주식회사,C1,파생상품계약_장내파생상품,1215311801211,국내증권사,B,SF205,각주항목(09.06월 이후)
22716,201706,0010095,신영증권주식회사,C11,파생상품계약_장내파생상품_이자율관련거래,472247100000,국내증권사,B,SF205,각주항목(09.06월 이후)
22717,201706,0010095,신영증권주식회사,C12,파생상품계약_장내파생상품_통화관련거래,0,국내증권사,B,SF205,각주항목(09.06월 이후)
22718,201706,0010095,신영증권주식회사,C13,파생상품계약_장내파생상품_주식관련거래,743064701211,국내증권사,B,SF205,각주항목(09.06월 이후)
22719,201706,0010095,신영증권주식회사,C14,파생상품계약_장내파생상품_일반상품관련거래,0,국내증권사,B,SF205,각주항목(09.06월 이후)
22720,201706,0010095,신영증권주식회사,C15,파생상품계약_장내파생상품_기타,0,국내증권사,B,SF205,각주항목(09.06월 이후)
22721,201706,0010095,신영증권주식회사,C2,파생상품계약_장외파생상품,27384851980421,국내증권사,B,SF205,각주항목(09.06월 이후)
22722,201706,0010095,신영증권주식회사,C21,파생상품계약_장외파생상품_이자율관련거래,23011469547830,국내증권사,B,SF205,각주항목(09.06월 이후)
22723,201706,0010095,신영증권주식회사,C22,파생상품계약_장외파생상품_통화관련거래,306554153020,국내증권사,B,SF205,각주항목(09.06월 이후)
22724,201706,0010095,신영증권주식회사,C23,파생상품계약_장외파생상품_주식관련거래,3492850917506,국내증권사,B,SF205,각주항목(09.06월 이후)
22725,201706,0010095,신영증권주식회사,C24,파생상품계약_장외파생상품_신용관련거래,571783000000,국내증권사,B,SF205,각주항목(09.06월 이후)
22726,201706,0010095,신영증권주식회사,C25,파생상품계약_장외파생상품_기타,2194362065,국내증권사,B,SF205,각주항목(09.06월 이후)
22727,201706,0010095,신영증권주식회사,D,대차 및 대주거래,161464644200,국내증권사,B,SF205,각주항목(09.06월 이후)
22728,201706,0010095,신영증권주식회사,D1,대차 및 대주거래_대여증권,116070690700,국내증권사,B,SF205,각주항목(09.06월 이후)
22729,201706,0010095,신영증권주식회사,D2,대차 및 대주거래_차입증권,45393953500,국내증권사,B,SF205,각주항목(09.06월 이후)
22730,201706,0010095,신영증권주식회사,D3,대차 및 대주거래_신용거래대주,0,국내증권사,B,SF205,각주항목(09.06월 이후)
22731,201706,0010095,신영증권주식회사,E,대손상각채권,23195822807,국내증권사,B,SF205,각주항목(09.06월 이후)
22732,201706,0010095,신영증권주식회사,F,환전업무 예치금,0,국내증권사,B,SF205,각주항목(09.06월 이후)
22733,201706,0010095,신영증권주식회사,G,미배당별도예치금,39541579,국내증권사,B,SF205,각주항목(09.06월 이후)
22734,201706,0010095,신영증권주식회사,H,배서어음매출(종금계정),0,국내증권사,B,SF205,각주항목(09.06월 이후)
22735,201706,0010095,신영증권주식회사,H1,대출채권매매이익_담보부,0,국내증권사,B,SF205,각주항목(09.06월 이후)
22736,201706,0010095,신영증권주식회사,H2,대출채권매매이익_무담보부,0,국내증권사,B,SF205,각주항목(09.06월 이후)
22737,201709,0010095,신영증권주식회사,A,채무보증,250700000000,국내증권사,B,SF205,각주항목(09.06월 이후)
22738,201709,0010095,신영증권주식회사,A1,채무보증_지급보증,0,국내증권사,B,SF205,각주항목(09.06월 이후)
22739,201709,0010095,신영증권주식회사,A2,채무보증_매입보장약정,60000000000,국내증권사,B,SF205,각주항목(09.06월 이후)
22740,201709,0010095,신영증권주식회사,A3,채무보증_채무인수약정, ,국내증권사,B,SF205,각주항목(09.06월 이후)
22741,201709,0010095,신영증권주식회사,A5,채무보증_매입확약,190700000000,국내증권사,B,SF205,각주항목(09.06월 이후)
22742,201709,0010095,신영증권주식회사,A6,채무보증_기타, ,국내증권사,B,SF205,각주항목(09.06월 이후)
22743,201709,0010095,신영증권주식회사,B,투자자의 예수증권 등,7670436786670,국내증권사,B,SF205,각주항목(09.06월 이후)
22744,201709,0010095,신영증권주식회사,B1,투자자의 예수증권 등_예수 증권,7670436786670,국내증권사,B,SF205,각주항목(09.06월 이후)
22745,201709,0010095,신영증권주식회사,B2,투자자의 예수증권 등_예수양도성예금증서, ,국내증권사,B,SF205,각주항목(09.06월 이후)
22746,201709,0010095,신영증권주식회사,B3,투자자의 예수증권 등_기타, ,국내증권사,B,SF205,각주항목(09.06월 이후)
22747,201709,0010095,신영증권주식회사,C,파생상품계약,27659703840728,국내증권사,B,SF205,각주항목(09.06월 이후)
22748,201709,0010095,신영증권주식회사,C1,파생상품계약_장내파생상품,1128447068987,국내증권사,B,SF205,각주항목(09.06월 이후)
22749,201709,0010095,신영증권주식회사,C11,파생상품계약_장내파생상품_이자율관련거래,327485511328,국내증권사,B,SF205,각주항목(09.06월 이후)
22750,201709,0010095,신영증권주식회사,C12,파생상품계약_장내파생상품_통화관련거래,0,국내증권사,B,SF205,각주항목(09.06월 이후)
22751,201709,0010095,신영증권주식회사,C13,파생상품계약_장내파생상품_주식관련거래,800961557659,국내증권사,B,SF205,각주항목(09.06월 이후)
22752,201709,0010095,신영증권주식회사,C14,파생상품계약_장내파생상품_일반상품관련거래,0,국내증권사,B,SF205,각주항목(09.06월 이후)
22753,201709,0010095,신영증권주식회사,C15,파생상품계약_장내파생상품_기타,0,국내증권사,B,SF205,각주항목(09.06월 이후)
22754,201709,0010095,신영증권주식회사,C2,파생상품계약_장외파생상품,26531256771741,국내증권사,B,SF205,각주항목(09.06월 이후)
22755,201709,0010095,신영증권주식회사,C21,파생상품계약_장외파생상품_이자율관련거래,22767267492534,국내증권사,B,SF205,각주항목(09.06월 이후)
22756,201709,0010095,신영증권주식회사,C22,파생상품계약_장외파생상품_통화관련거래,372638328031,국내증권사,B,SF205,각주항목(09.06월 이후)
22757,201709,0010095,신영증권주식회사,C23,파생상품계약_장외파생상품_주식관련거래,2835655589111,국내증권사,B,SF205,각주항목(09.06월 이후)
22758,201709,0010095,신영증권주식회사,C24,파생상품계약_장외파생상품_신용관련거래,553501000000,국내증권사,B,SF205,각주항목(09.06월 이후)
22759,201709,0010095,신영증권주식회사,C25,파생상품계약_장외파생상품_기타,2194362065,국내증권사,B,SF205,각주항목(09.06월 이후)
22760,201709,0010095,신영증권주식회사,D,대차 및 대주거래,22343908800,국내증권사,B,SF205,각주항목(09.06월 이후)
22761,201709,0010095,신영증권주식회사,D1,대차 및 대주거래_대여증권,3156299200,국내증권사,B,SF205,각주항목(09.06월 이후)
22762,201709,0010095,신영증권주식회사,D2,대차 및 대주거래_차입증권,19187609600,국내증권사,B,SF205,각주항목(09.06월 이후)
22763,201709,0010095,신영증권주식회사,D3,대차 및 대주거래_신용거래대주, ,국내증권사,B,SF205,각주항목(09.06월 이후)
22764,201709,0010095,신영증권주식회사,E,대손상각채권,23195822807,국내증권사,B,SF205,각주항목(09.06월 이후)
22765,201709,0010095,신영증권주식회사,F,환전업무 예치금,0,국내증권사,B,SF205,각주항목(09.06월 이후)
22766,201709,0010095,신영증권주식회사,G,미배당별도예치금,70676681,국내증권사,B,SF205,각주항목(09.06월 이후)
22767,201709,0010095,신영증권주식회사,H,배서어음매출(종금계정),0,국내증권사,B,SF205,각주항목(09.06월 이후)
22768,201709,0010095,신영증권주식회사,H1,대출채권매매이익_담보부,0,국내증권사,B,SF205,각주항목(09.06월 이후)
22769,201709,0010095,신영증권주식회사,H2,대출채권매매이익_무담보부,0,국내증권사,B,SF205,각주항목(09.06월 이후)
22770,201712,0010095,신영증권주식회사,A,채무보증,201300000000,국내증권사,B,SF205,각주항목(09.06월 이후)
22771,201712,0010095,신영증권주식회사,A1,채무보증_지급보증,0,국내증권사,B,SF205,각주항목(09.06월 이후)
22772,201712,0010095,신영증권주식회사,A2,채무보증_매입보장약정,56700000000,국내증권사,B,SF205,각주항목(09.06월 이후)
22773,201712,0010095,신영증권주식회사,A3,채무보증_채무인수약정, ,국내증권사,B,SF205,각주항목(09.06월 이후)
22774,201712,0010095,신영증권주식회사,A5,채무보증_매입확약,144600000000,국내증권사,B,SF205,각주항목(09.06월 이후)
22775,201712,0010095,신영증권주식회사,A6,채무보증_기타, ,국내증권사,B,SF205,각주항목(09.06월 이후)
22776,201712,0010095,신영증권주식회사,B,투자자의 예수증권 등,7929339482968,국내증권사,B,SF205,각주항목(09.06월 이후)
22777,201712,0010095,신영증권주식회사,B1,투자자의 예수증권 등_예수 증권,7929339482968,국내증권사,B,SF205,각주항목(09.06월 이후)
22778,201712,0010095,신영증권주식회사,B2,투자자의 예수증권 등_예수양도성예금증서, ,국내증권사,B,SF205,각주항목(09.06월 이후)
22779,201712,0010095,신영증권주식회사,B3,투자자의 예수증권 등_기타, ,국내증권사,B,SF205,각주항목(09.06월 이후)
22780,201712,0010095,신영증권주식회사,C,파생상품계약,27847402901000,국내증권사,B,SF205,각주항목(09.06월 이후)
22781,201712,0010095,신영증권주식회사,C1,파생상품계약_장내파생상품,445389851125,국내증권사,B,SF205,각주항목(09.06월 이후)
22782,201712,0010095,신영증권주식회사,C11,파생상품계약_장내파생상품_이자율관련거래,192712401362,국내증권사,B,SF205,각주항목(09.06월 이후)
22783,201712,0010095,신영증권주식회사,C12,파생상품계약_장내파생상품_통화관련거래,0,국내증권사,B,SF205,각주항목(09.06월 이후)
22784,201712,0010095,신영증권주식회사,C13,파생상품계약_장내파생상품_주식관련거래,252677449763,국내증권사,B,SF205,각주항목(09.06월 이후)
22785,201712,0010095,신영증권주식회사,C14,파생상품계약_장내파생상품_일반상품관련거래,0,국내증권사,B,SF205,각주항목(09.06월 이후)
22786,201712,0010095,신영증권주식회사,C15,파생상품계약_장내파생상품_기타,0,국내증권사,B,SF205,각주항목(09.06월 이후)
22787,201712,0010095,신영증권주식회사,C2,파생상품계약_장외파생상품,27402013049875,국내증권사,B,SF205,각주항목(09.06월 이후)
22788,201712,0010095,신영증권주식회사,C21,파생상품계약_장외파생상품_이자율관련거래,24233834107383,국내증권사,B,SF205,각주항목(09.06월 이후)
22789,201712,0010095,신영증권주식회사,C22,파생상품계약_장외파생상품_통화관련거래,496430361614,국내증권사,B,SF205,각주항목(09.06월 이후)
22790,201712,0010095,신영증권주식회사,C23,파생상품계약_장외파생상품_주식관련거래,2266202218813,국내증권사,B,SF205,각주항목(09.06월 이후)
22791,201712,0010095,신영증권주식회사,C24,파생상품계약_장외파생상품_신용관련거래,403352000000,국내증권사,B,SF205,각주항목(09.06월 이후)
22792,201712,0010095,신영증권주식회사,C25,파생상품계약_장외파생상품_기타,2194362065,국내증권사,B,SF205,각주항목(09.06월 이후)
22793,201712,0010095,신영증권주식회사,D,대차 및 대주거래,86004370300,국내증권사,B,SF205,각주항목(09.06월 이후)
22794,201712,0010095,신영증권주식회사,D1,대차 및 대주거래_대여증권,3271785650,국내증권사,B,SF205,각주항목(09.06월 이후)
22795,201712,0010095,신영증권주식회사,D2,대차 및 대주거래_차입증권,82732584650,국내증권사,B,SF205,각주항목(09.06월 이후)
22796,201712,0010095,신영증권주식회사,D3,대차 및 대주거래_신용거래대주, ,국내증권사,B,SF205,각주항목(09.06월 이후)
22797,201712,0010095,신영증권주식회사,E,대손상각채권,23195822807,국내증권사,B,SF205,각주항목(09.06월 이후)
22798,201712,0010095,신영증권주식회사,F,환전업무 예치금,0,국내증권사,B,SF205,각주항목(09.06월 이후)
22799,201712,0010095,신영증권주식회사,G,미배당별도예치금,105189614,국내증권사,B,SF205,각주항목(09.06월 이후)
22800,201712,0010095,신영증권주식회사,H,배서어음매출(종금계정),0,국내증권사,B,SF205,각주항목(09.06월 이후)
22801,201712,0010095,신영증권주식회사,H1,대출채권매매이익_담보부,0,국내증권사,B,SF205,각주항목(09.06월 이후)
22802,201712,0010095,신영증권주식회사,H2,대출채권매매이익_무담보부,0,국내증권사,B,SF205,각주항목(09.06월 이후)
22803,201803,0010095,신영증권주식회사,A,채무보증,196860000000,국내증권사,B,SF205,각주항목(09.06월 이후)
22804,201803,0010095,신영증권주식회사,A1,채무보증_지급보증,0,국내증권사,B,SF205,각주항목(09.06월 이후)
22805,201803,0010095,신영증권주식회사,A2,채무보증_매입보장약정,56700000000,국내증권사,B,SF205,각주항목(09.06월 이후)
22806,201803,0010095,신영증권주식회사,A3,채무보증_채무인수약정,0,국내증권사,B,SF205,각주항목(09.06월 이후)
22807,201803,0010095,신영증권주식회사,A5,채무보증_매입확약,140160000000,국내증권사,B,SF205,각주항목(09.06월 이후)
22808,201803,0010095,신영증권주식회사,A6,채무보증_기타,0,국내증권사,B,SF205,각주항목(09.06월 이후)
22809,201803,0010095,신영증권주식회사,B,투자자의 예수증권 등,8124475297706,국내증권사,B,SF205,각주항목(09.06월 이후)
22810,201803,0010095,신영증권주식회사,B1,투자자의 예수증권 등_예수 증권,8124475297706,국내증권사,B,SF205,각주항목(09.06월 이후)
22811,201803,0010095,신영증권주식회사,B2,투자자의 예수증권 등_예수양도성예금증서,0,국내증권사,B,SF205,각주항목(09.06월 이후)
22812,201803,0010095,신영증권주식회사,B3,투자자의 예수증권 등_기타,0,국내증권사,B,SF205,각주항목(09.06월 이후)
22813,201803,0010095,신영증권주식회사,C,파생상품계약,27861906037758,국내증권사,B,SF205,각주항목(09.06월 이후)
22814,201803,0010095,신영증권주식회사,C1,파생상품계약_장내파생상품,848106590685,국내증권사,B,SF205,각주항목(09.06월 이후)
22815,201803,0010095,신영증권주식회사,C11,파생상품계약_장내파생상품_이자율관련거래,223997340000,국내증권사,B,SF205,각주항목(09.06월 이후)
22816,201803,0010095,신영증권주식회사,C12,파생상품계약_장내파생상품_통화관련거래,1646720000,국내증권사,B,SF205,각주항목(09.06월 이후)
22817,201803,0010095,신영증권주식회사,C13,파생상품계약_장내파생상품_주식관련거래,622462530685,국내증권사,B,SF205,각주항목(09.06월 이후)
22818,201803,0010095,신영증권주식회사,C14,파생상품계약_장내파생상품_일반상품관련거래,0,국내증권사,B,SF205,각주항목(09.06월 이후)
22819,201803,0010095,신영증권주식회사,C15,파생상품계약_장내파생상품_기타,0,국내증권사,B,SF205,각주항목(09.06월 이후)
22820,201803,0010095,신영증권주식회사,C2,파생상품계약_장외파생상품,27013799447073,국내증권사,B,SF205,각주항목(09.06월 이후)
22821,201803,0010095,신영증권주식회사,C21,파생상품계약_장외파생상품_이자율관련거래,24038499820666,국내증권사,B,SF205,각주항목(09.06월 이후)
22822,201803,0010095,신영증권주식회사,C22,파생상품계약_장외파생상품_통화관련거래,599045070700,국내증권사,B,SF205,각주항목(09.06월 이후)
22823,201803,0010095,신영증권주식회사,C23,파생상품계약_장외파생상품_주식관련거래,2306870193642,국내증권사,B,SF205,각주항목(09.06월 이후)
22824,201803,0010095,신영증권주식회사,C24,파생상품계약_장외파생상품_신용관련거래,67190000000,국내증권사,B,SF205,각주항목(09.06월 이후)
22825,201803,0010095,신영증권주식회사,C25,파생상품계약_장외파생상품_기타,2194362065,국내증권사,B,SF205,각주항목(09.06월 이후)
22826,201803,0010095,신영증권주식회사,D,대차 및 대주거래,177688250580,국내증권사,B,SF205,각주항목(09.06월 이후)
22827,201803,0010095,신영증권주식회사,D1,대차 및 대주거래_대여증권,5506003400,국내증권사,B,SF205,각주항목(09.06월 이후)
22828,201803,0010095,신영증권주식회사,D2,대차 및 대주거래_차입증권,172182247180,국내증권사,B,SF205,각주항목(09.06월 이후)
22829,201803,0010095,신영증권주식회사,D3,대차 및 대주거래_신용거래대주,0,국내증권사,B,SF205,각주항목(09.06월 이후)
22830,201803,0010095,신영증권주식회사,E,대손상각채권,23195822807,국내증권사,B,SF205,각주항목(09.06월 이후)
22831,201803,0010095,신영증권주식회사,F,환전업무 예치금,0,국내증권사,B,SF205,각주항목(09.06월 이후)
22832,201803,0010095,신영증권주식회사,G,미배당별도예치금,123243352,국내증권사,B,SF205,각주항목(09.06월 이후)
22833,201803,0010095,신영증권주식회사,H,배서어음매출(종금계정),0,국내증권사,B,SF205,각주항목(09.06월 이후)
22834,201803,0010095,신영증권주식회사,H1,대출채권매매이익_담보부,0,국내증권사,B,SF205,각주항목(09.06월 이후)
22835,201803,0010095,신영증권주식회사,H2,대출채권매매이익_무담보부,0,국내증권사,B,SF205,각주항목(09.06월 이후)
22836,201806,0010095,신영증권주식회사,A,채무보증,201520000000,국내증권사,B,SF205,각주항목(09.06월 이후)
22837,201806,0010095,신영증권주식회사,A1,채무보증_지급보증,0,국내증권사,B,SF205,각주항목(09.06월 이후)
22838,201806,0010095,신영증권주식회사,A2,채무보증_매입보장약정,52700000000,국내증권사,B,SF205,각주항목(09.06월 이후)
22839,201806,0010095,신영증권주식회사,A3,채무보증_채무인수약정,0,국내증권사,B,SF205,각주항목(09.06월 이후)
22840,201806,0010095,신영증권주식회사,A5,채무보증_매입확약,148820000000,국내증권사,B,SF205,각주항목(09.06월 이후)
22841,201806,0010095,신영증권주식회사,A6,채무보증_기타,0,국내증권사,B,SF205,각주항목(09.06월 이후)
22842,201806,0010095,신영증권주식회사,B,투자자의 예수증권 등,4015984824439,국내증권사,B,SF205,각주항목(09.06월 이후)
22843,201806,0010095,신영증권주식회사,B1,투자자의 예수증권 등_예수 증권,4015984824439,국내증권사,B,SF205,각주항목(09.06월 이후)
22844,201806,0010095,신영증권주식회사,B2,투자자의 예수증권 등_예수양도성예금증서,0,국내증권사,B,SF205,각주항목(09.06월 이후)
22845,201806,0010095,신영증권주식회사,B3,투자자의 예수증권 등_기타,0,국내증권사,B,SF205,각주항목(09.06월 이후)
22846,201806,0010095,신영증권주식회사,C,파생상품계약,26903721851554,국내증권사,B,SF205,각주항목(09.06월 이후)
22847,201806,0010095,신영증권주식회사,C1,파생상품계약_장내파생상품,742697357761,국내증권사,B,SF205,각주항목(09.06월 이후)
22848,201806,0010095,신영증권주식회사,C11,파생상품계약_장내파생상품_이자율관련거래,517195140000,국내증권사,B,SF205,각주항목(09.06월 이후)
22849,201806,0010095,신영증권주식회사,C12,파생상품계약_장내파생상품_통화관련거래,568446000,국내증권사,B,SF205,각주항목(09.06월 이후)
22850,201806,0010095,신영증권주식회사,C13,파생상품계약_장내파생상품_주식관련거래,224933771761,국내증권사,B,SF205,각주항목(09.06월 이후)
22851,201806,0010095,신영증권주식회사,C14,파생상품계약_장내파생상품_일반상품관련거래,0,국내증권사,B,SF205,각주항목(09.06월 이후)
22852,201806,0010095,신영증권주식회사,C15,파생상품계약_장내파생상품_기타,0,국내증권사,B,SF205,각주항목(09.06월 이후)
22853,201806,0010095,신영증권주식회사,C2,파생상품계약_장외파생상품,26161024493793,국내증권사,B,SF205,각주항목(09.06월 이후)
22854,201806,0010095,신영증권주식회사,C21,파생상품계약_장외파생상품_이자율관련거래,22374066831803,국내증권사,B,SF205,각주항목(09.06월 이후)
22855,201806,0010095,신영증권주식회사,C22,파생상품계약_장외파생상품_통화관련거래,978557791740,국내증권사,B,SF205,각주항목(09.06월 이후)
22856,201806,0010095,신영증권주식회사,C23,파생상품계약_장외파생상품_주식관련거래,2746205508185,국내증권사,B,SF205,각주항목(09.06월 이후)
22857,201806,0010095,신영증권주식회사,C24,파생상품계약_장외파생상품_신용관련거래,60000000000,국내증권사,B,SF205,각주항목(09.06월 이후)
22858,201806,0010095,신영증권주식회사,C25,파생상품계약_장외파생상품_기타,2194362065,국내증권사,B,SF205,각주항목(09.06월 이후)
22859,201806,0010095,신영증권주식회사,D,대차 및 대주거래,141161843150,국내증권사,B,SF205,각주항목(09.06월 이후)
22860,201806,0010095,신영증권주식회사,D1,대차 및 대주거래_대여증권,5139691200,국내증권사,B,SF205,각주항목(09.06월 이후)
22861,201806,0010095,신영증권주식회사,D2,대차 및 대주거래_차입증권,136022151950,국내증권사,B,SF205,각주항목(09.06월 이후)
22862,201806,0010095,신영증권주식회사,D3,대차 및 대주거래_신용거래대주,0,국내증권사,B,SF205,각주항목(09.06월 이후)
22863,201806,0010095,신영증권주식회사,E,대손상각채권,0,국내증권사,B,SF205,각주항목(09.06월 이후)
22864,201806,0010095,신영증권주식회사,F,환전업무 예치금,0,국내증권사,B,SF205,각주항목(09.06월 이후)
22865,201806,0010095,신영증권주식회사,G,미배당별도예치금,15098622,국내증권사,B,SF205,각주항목(09.06월 이후)
22866,201806,0010095,신영증권주식회사,H,배서어음매출(종금계정),0,국내증권사,B,SF205,각주항목(09.06월 이후)
22867,201806,0010095,신영증권주식회사,H1,대출채권매매이익_담보부,0,국내증권사,B,SF205,각주항목(09.06월 이후)
22868,201806,0010095,신영증권주식회사,H2,대출채권매매이익_무담보부,0,국내증권사,B,SF205,각주항목(09.06월 이후)
22869,201809,0010095,신영증권주식회사,A,채무보증,276720000000,국내증권사,B,SF205,각주항목(09.06월 이후)
22870,201809,0010095,신영증권주식회사,A1,채무보증_지급보증,0,국내증권사,B,SF205,각주항목(09.06월 이후)
22871,201809,0010095,신영증권주식회사,A2,채무보증_매입보장약정,100400000000,국내증권사,B,SF205,각주항목(09.06월 이후)
22872,201809,0010095,신영증권주식회사,A3,채무보증_채무인수약정, ,국내증권사,B,SF205,각주항목(09.06월 이후)
22873,201809,0010095,신영증권주식회사,A5,채무보증_매입확약,176320000000,국내증권사,B,SF205,각주항목(09.06월 이후)
22874,201809,0010095,신영증권주식회사,A6,채무보증_기타, ,국내증권사,B,SF205,각주항목(09.06월 이후)
22875,201809,0010095,신영증권주식회사,B,투자자의 예수증권 등,8836587751576,국내증권사,B,SF205,각주항목(09.06월 이후)
22876,201809,0010095,신영증권주식회사,B1,투자자의 예수증권 등_예수 증권,8836587751576,국내증권사,B,SF205,각주항목(09.06월 이후)
22877,201809,0010095,신영증권주식회사,B2,투자자의 예수증권 등_예수양도성예금증서, ,국내증권사,B,SF205,각주항목(09.06월 이후)
22878,201809,0010095,신영증권주식회사,B3,투자자의 예수증권 등_기타, ,국내증권사,B,SF205,각주항목(09.06월 이후)
22879,201809,0010095,신영증권주식회사,C,파생상품계약,30062875450491,국내증권사,B,SF205,각주항목(09.06월 이후)
22880,201809,0010095,신영증권주식회사,C1,파생상품계약_장내파생상품,986400764564,국내증권사,B,SF205,각주항목(09.06월 이후)
22881,201809,0010095,신영증권주식회사,C11,파생상품계약_장내파생상품_이자율관련거래,595482191618,국내증권사,B,SF205,각주항목(09.06월 이후)
22882,201809,0010095,신영증권주식회사,C12,파생상품계약_장내파생상품_통화관련거래,709760000,국내증권사,B,SF205,각주항목(09.06월 이후)
22883,201809,0010095,신영증권주식회사,C13,파생상품계약_장내파생상품_주식관련거래,390208812946,국내증권사,B,SF205,각주항목(09.06월 이후)
22884,201809,0010095,신영증권주식회사,C14,파생상품계약_장내파생상품_일반상품관련거래,0,국내증권사,B,SF205,각주항목(09.06월 이후)
22885,201809,0010095,신영증권주식회사,C15,파생상품계약_장내파생상품_기타,0,국내증권사,B,SF205,각주항목(09.06월 이후)
22886,201809,0010095,신영증권주식회사,C2,파생상품계약_장외파생상품,29076474685927,국내증권사,B,SF205,각주항목(09.06월 이후)
22887,201809,0010095,신영증권주식회사,C21,파생상품계약_장외파생상품_이자율관련거래,20933100767879,국내증권사,B,SF205,각주항목(09.06월 이후)
22888,201809,0010095,신영증권주식회사,C22,파생상품계약_장외파생상품_통화관련거래,2942416832348,국내증권사,B,SF205,각주항목(09.06월 이후)
22889,201809,0010095,신영증권주식회사,C23,파생상품계약_장외파생상품_주식관련거래,5189757844696,국내증권사,B,SF205,각주항목(09.06월 이후)
22890,201809,0010095,신영증권주식회사,C24,파생상품계약_장외파생상품_신용관련거래,11199241004,국내증권사,B,SF205,각주항목(09.06월 이후)
22891,201809,0010095,신영증권주식회사,C25,파생상품계약_장외파생상품_기타,0,국내증권사,B,SF205,각주항목(09.06월 이후)
22892,201809,0010095,신영증권주식회사,D,대차 및 대주거래,328615848700,국내증권사,B,SF205,각주항목(09.06월 이후)
22893,201809,0010095,신영증권주식회사,D1,대차 및 대주거래_대여증권,164307924350,국내증권사,B,SF205,각주항목(09.06월 이후)
22894,201809,0010095,신영증권주식회사,D2,대차 및 대주거래_차입증권,10700617250,국내증권사,B,SF205,각주항목(09.06월 이후)
22895,201809,0010095,신영증권주식회사,D3,대차 및 대주거래_신용거래대주,153607307100,국내증권사,B,SF205,각주항목(09.06월 이후)
22896,201809,0010095,신영증권주식회사,E,대손상각채권,26233307100,국내증권사,B,SF205,각주항목(09.06월 이후)
22897,201809,0010095,신영증권주식회사,F,환전업무 예치금,0,국내증권사,B,SF205,각주항목(09.06월 이후)
22898,201809,0010095,신영증권주식회사,G,미배당별도예치금, ,국내증권사,B,SF205,각주항목(09.06월 이후)
22899,201809,0010095,신영증권주식회사,H,배서어음매출(종금계정),0,국내증권사,B,SF205,각주항목(09.06월 이후)
22900,201809,0010095,신영증권주식회사,H1,대출채권매매이익_담보부, ,국내증권사,B,SF205,각주항목(09.06월 이후)
22901,201809,0010095,신영증권주식회사,H2,대출채권매매이익_무담보부, ,국내증권사,B,SF205,각주항목(09.06월 이후)
22902,201812,0010095,신영증권주식회사,A,채무보증,254030000000,국내증권사,B,SF205,각주항목(09.06월 이후)
22903,201812,0010095,신영증권주식회사,A1,채무보증_지급보증,0,국내증권사,B,SF205,각주항목(09.06월 이후)
22904,201812,0010095,신영증권주식회사,A2,채무보증_매입보장약정,104500000000,국내증권사,B,SF205,각주항목(09.06월 이후)
22905,201812,0010095,신영증권주식회사,A3,채무보증_채무인수약정, ,국내증권사,B,SF205,각주항목(09.06월 이후)
22906,201812,0010095,신영증권주식회사,A5,채무보증_매입확약,149530000000,국내증권사,B,SF205,각주항목(09.06월 이후)
22907,201812,0010095,신영증권주식회사,A6,채무보증_기타, ,국내증권사,B,SF205,각주항목(09.06월 이후)
22908,201812,0010095,신영증권주식회사,B,투자자의 예수증권 등,9488405360600,국내증권사,B,SF205,각주항목(09.06월 이후)
22909,201812,0010095,신영증권주식회사,B1,투자자의 예수증권 등_예수 증권,9488405360600,국내증권사,B,SF205,각주항목(09.06월 이후)
22910,201812,0010095,신영증권주식회사,B2,투자자의 예수증권 등_예수양도성예금증서, ,국내증권사,B,SF205,각주항목(09.06월 이후)
22911,201812,0010095,신영증권주식회사,B3,투자자의 예수증권 등_기타, ,국내증권사,B,SF205,각주항목(09.06월 이후)
22912,201812,0010095,신영증권주식회사,C,파생상품계약,25145338835126,국내증권사,B,SF205,각주항목(09.06월 이후)
22913,201812,0010095,신영증권주식회사,C1,파생상품계약_장내파생상품,910860460108,국내증권사,B,SF205,각주항목(09.06월 이후)
22914,201812,0010095,신영증권주식회사,C11,파생상품계약_장내파생상품_이자율관련거래,565217398252,국내증권사,B,SF205,각주항목(09.06월 이후)
22915,201812,0010095,신영증권주식회사,C12,파생상품계약_장내파생상품_통화관련거래,4207320000,국내증권사,B,SF205,각주항목(09.06월 이후)
22916,201812,0010095,신영증권주식회사,C13,파생상품계약_장내파생상품_주식관련거래,341435741856,국내증권사,B,SF205,각주항목(09.06월 이후)
22917,201812,0010095,신영증권주식회사,C14,파생상품계약_장내파생상품_일반상품관련거래,0,국내증권사,B,SF205,각주항목(09.06월 이후)
22918,201812,0010095,신영증권주식회사,C15,파생상품계약_장내파생상품_기타,0,국내증권사,B,SF205,각주항목(09.06월 이후)
22919,201812,0010095,신영증권주식회사,C2,파생상품계약_장외파생상품,24234478375018,국내증권사,B,SF205,각주항목(09.06월 이후)
22920,201812,0010095,신영증권주식회사,C21,파생상품계약_장외파생상품_이자율관련거래,19705328068509,국내증권사,B,SF205,각주항목(09.06월 이후)
22921,201812,0010095,신영증권주식회사,C22,파생상품계약_장외파생상품_통화관련거래,1862082231161,국내증권사,B,SF205,각주항목(09.06월 이후)
22922,201812,0010095,신영증권주식회사,C23,파생상품계약_장외파생상품_주식관련거래,2667068075348,국내증권사,B,SF205,각주항목(09.06월 이후)
22923,201812,0010095,신영증권주식회사,C24,파생상품계약_장외파생상품_신용관련거래,0,국내증권사,B,SF205,각주항목(09.06월 이후)
22924,201812,0010095,신영증권주식회사,C25,파생상품계약_장외파생상품_기타,0,국내증권사,B,SF205,각주항목(09.06월 이후)
22925,201812,0010095,신영증권주식회사,D,대차 및 대주거래,253797292750,국내증권사,B,SF205,각주항목(09.06월 이후)
22926,201812,0010095,신영증권주식회사,D1,대차 및 대주거래_대여증권,2670066550,국내증권사,B,SF205,각주항목(09.06월 이후)
22927,201812,0010095,신영증권주식회사,D2,대차 및 대주거래_차입증권,251127226200,국내증권사,B,SF205,각주항목(09.06월 이후)
22928,201812,0010095,신영증권주식회사,D3,대차 및 대주거래_신용거래대주,0,국내증권사,B,SF205,각주항목(09.06월 이후)
22929,201812,0010095,신영증권주식회사,E,대손상각채권,0,국내증권사,B,SF205,각주항목(09.06월 이후)
22930,201812,0010095,신영증권주식회사,F,환전업무 예치금,0,국내증권사,B,SF205,각주항목(09.06월 이후)
22931,201812,0010095,신영증권주식회사,G,미배당별도예치금, ,국내증권사,B,SF205,각주항목(09.06월 이후)
22932,201812,0010095,신영증권주식회사,H,배서어음매출(종금계정),0,국내증권사,B,SF205,각주항목(09.06월 이후)
22933,201812,0010095,신영증권주식회사,H1,대출채권매매이익_담보부, ,국내증권사,B,SF205,각주항목(09.06월 이후)
22934,201812,0010095,신영증권주식회사,H2,대출채권매매이익_무담보부, ,국내증권사,B,SF205,각주항목(09.06월 이후)
22935,201903,0010095,신영증권주식회사,A,채무보증,256440000000,국내증권사,B,SF205,각주항목(09.06월 이후)
22936,201903,0010095,신영증권주식회사,A1,채무보증_지급보증,0,국내증권사,B,SF205,각주항목(09.06월 이후)
22937,201903,0010095,신영증권주식회사,A2,채무보증_매입보장약정,127200000000,국내증권사,B,SF205,각주항목(09.06월 이후)
22938,201903,0010095,신영증권주식회사,A3,채무보증_채무인수약정,0,국내증권사,B,SF205,각주항목(09.06월 이후)
22939,201903,0010095,신영증권주식회사,A5,채무보증_매입확약,129240000000,국내증권사,B,SF205,각주항목(09.06월 이후)
22940,201903,0010095,신영증권주식회사,A6,채무보증_기타,0,국내증권사,B,SF205,각주항목(09.06월 이후)
22941,201903,0010095,신영증권주식회사,B,투자자의 예수증권 등,9195974582114,국내증권사,B,SF205,각주항목(09.06월 이후)
22942,201903,0010095,신영증권주식회사,B1,투자자의 예수증권 등_예수 증권,9195974582114,국내증권사,B,SF205,각주항목(09.06월 이후)
22943,201903,0010095,신영증권주식회사,B2,투자자의 예수증권 등_예수양도성예금증서, ,국내증권사,B,SF205,각주항목(09.06월 이후)
22944,201903,0010095,신영증권주식회사,B3,투자자의 예수증권 등_기타,0,국내증권사,B,SF205,각주항목(09.06월 이후)
22945,201903,0010095,신영증권주식회사,C,파생상품계약,28324957663612,국내증권사,B,SF205,각주항목(09.06월 이후)
22946,201903,0010095,신영증권주식회사,C1,파생상품계약_장내파생상품,2057810663599,국내증권사,B,SF205,각주항목(09.06월 이후)
22947,201903,0010095,신영증권주식회사,C11,파생상품계약_장내파생상품_이자율관련거래,1554917836543,국내증권사,B,SF205,각주항목(09.06월 이후)
22948,201903,0010095,신영증권주식회사,C12,파생상품계약_장내파생상품_통화관련거래,3495184000,국내증권사,B,SF205,각주항목(09.06월 이후)
22949,201903,0010095,신영증권주식회사,C13,파생상품계약_장내파생상품_주식관련거래,499397643056,국내증권사,B,SF205,각주항목(09.06월 이후)
22950,201903,0010095,신영증권주식회사,C14,파생상품계약_장내파생상품_일반상품관련거래,0,국내증권사,B,SF205,각주항목(09.06월 이후)
22951,201903,0010095,신영증권주식회사,C15,파생상품계약_장내파생상품_기타,0,국내증권사,B,SF205,각주항목(09.06월 이후)
22952,201903,0010095,신영증권주식회사,C2,파생상품계약_장외파생상품,26267147000013,국내증권사,B,SF205,각주항목(09.06월 이후)
22953,201903,0010095,신영증권주식회사,C21,파생상품계약_장외파생상품_이자율관련거래,21033833594186,국내증권사,B,SF205,각주항목(09.06월 이후)
22954,201903,0010095,신영증권주식회사,C22,파생상품계약_장외파생상품_통화관련거래,2417611920308,국내증권사,B,SF205,각주항목(09.06월 이후)
22955,201903,0010095,신영증권주식회사,C23,파생상품계약_장외파생상품_주식관련거래,2815612560520,국내증권사,B,SF205,각주항목(09.06월 이후)
22956,201903,0010095,신영증권주식회사,C24,파생상품계약_장외파생상품_신용관련거래,88924999,국내증권사,B,SF205,각주항목(09.06월 이후)
22957,201903,0010095,신영증권주식회사,C25,파생상품계약_장외파생상품_기타,0,국내증권사,B,SF205,각주항목(09.06월 이후)
22958,201903,0010095,신영증권주식회사,D,대차 및 대주거래,206124907850,국내증권사,B,SF205,각주항목(09.06월 이후)
22959,201903,0010095,신영증권주식회사,D1,대차 및 대주거래_대여증권,186871520000,국내증권사,B,SF205,각주항목(09.06월 이후)
22960,201903,0010095,신영증권주식회사,D2,대차 및 대주거래_차입증권,19253387850,국내증권사,B,SF205,각주항목(09.06월 이후)
22961,201903,0010095,신영증권주식회사,D3,대차 및 대주거래_신용거래대주,0,국내증권사,B,SF205,각주항목(09.06월 이후)
22962,201903,0010095,신영증권주식회사,E,대손상각채권,0,국내증권사,B,SF205,각주항목(09.06월 이후)
22963,201903,0010095,신영증권주식회사,F,환전업무 예치금,0,국내증권사,B,SF205,각주항목(09.06월 이후)
22964,201903,0010095,신영증권주식회사,G,미배당별도예치금,5829139,국내증권사,B,SF205,각주항목(09.06월 이후)
22965,201903,0010095,신영증권주식회사,H,배서어음매출(종금계정),0,국내증권사,B,SF205,각주항목(09.06월 이후)
22966,201903,0010095,신영증권주식회사,H1,대출채권매매이익_담보부,0,국내증권사,B,SF205,각주항목(09.06월 이후)
22967,201903,0010095,신영증권주식회사,H2,대출채권매매이익_무담보부,0,국내증권사,B,SF205,각주항목(09.06월 이후)
22968,201906,0010095,신영증권주식회사,A,채무보증,308110000000,국내증권사,B,SF205,각주항목(09.06월 이후)
22969,201906,0010095,신영증권주식회사,A1,채무보증_지급보증,0,국내증권사,B,SF205,각주항목(09.06월 이후)
22970,201906,0010095,신영증권주식회사,A2,채무보증_매입보장약정,167900000000,국내증권사,B,SF205,각주항목(09.06월 이후)
22971,201906,0010095,신영증권주식회사,A3,채무보증_채무인수약정, ,국내증권사,B,SF205,각주항목(09.06월 이후)
22972,201906,0010095,신영증권주식회사,A5,채무보증_매입확약,140210000000,국내증권사,B,SF205,각주항목(09.06월 이후)
22973,201906,0010095,신영증권주식회사,A6,채무보증_기타, ,국내증권사,B,SF205,각주항목(09.06월 이후)
22974,201906,0010095,신영증권주식회사,B,투자자의 예수증권 등,9881638906818,국내증권사,B,SF205,각주항목(09.06월 이후)
22975,201906,0010095,신영증권주식회사,B1,투자자의 예수증권 등_예수 증권,9881638906818,국내증권사,B,SF205,각주항목(09.06월 이후)
22976,201906,0010095,신영증권주식회사,B2,투자자의 예수증권 등_예수양도성예금증서, ,국내증권사,B,SF205,각주항목(09.06월 이후)
22977,201906,0010095,신영증권주식회사,B3,투자자의 예수증권 등_기타, ,국내증권사,B,SF205,각주항목(09.06월 이후)
22978,201906,0010095,신영증권주식회사,C,파생상품계약,28439244175412,국내증권사,B,SF205,각주항목(09.06월 이후)
22979,201906,0010095,신영증권주식회사,C1,파생상품계약_장내파생상품,2442073754904,국내증권사,B,SF205,각주항목(09.06월 이후)
22980,201906,0010095,신영증권주식회사,C11,파생상품계약_장내파생상품_이자율관련거래,2003514643950,국내증권사,B,SF205,각주항목(09.06월 이후)
22981,201906,0010095,신영증권주식회사,C12,파생상품계약_장내파생상품_통화관련거래,173175000,국내증권사,B,SF205,각주항목(09.06월 이후)
22982,201906,0010095,신영증권주식회사,C13,파생상품계약_장내파생상품_주식관련거래,438385935954,국내증권사,B,SF205,각주항목(09.06월 이후)
22983,201906,0010095,신영증권주식회사,C14,파생상품계약_장내파생상품_일반상품관련거래,0,국내증권사,B,SF205,각주항목(09.06월 이후)
22984,201906,0010095,신영증권주식회사,C15,파생상품계약_장내파생상품_기타,0,국내증권사,B,SF205,각주항목(09.06월 이후)
22985,201906,0010095,신영증권주식회사,C2,파생상품계약_장외파생상품,25997170420508,국내증권사,B,SF205,각주항목(09.06월 이후)
22986,201906,0010095,신영증권주식회사,C21,파생상품계약_장외파생상품_이자율관련거래,20333370633513,국내증권사,B,SF205,각주항목(09.06월 이후)
22987,201906,0010095,신영증권주식회사,C22,파생상품계약_장외파생상품_통화관련거래,2297058931136,국내증권사,B,SF205,각주항목(09.06월 이후)
22988,201906,0010095,신영증권주식회사,C23,파생상품계약_장외파생상품_주식관련거래,3366651930860,국내증권사,B,SF205,각주항목(09.06월 이후)
22989,201906,0010095,신영증권주식회사,C24,파생상품계약_장외파생상품_신용관련거래,0,국내증권사,B,SF205,각주항목(09.06월 이후)
22990,201906,0010095,신영증권주식회사,C25,파생상품계약_장외파생상품_기타,88924999,국내증권사,B,SF205,각주항목(09.06월 이후)
22991,201906,0010095,신영증권주식회사,D,대차 및 대주거래,165884263900,국내증권사,B,SF205,각주항목(09.06월 이후)
22992,201906,0010095,신영증권주식회사,D1,대차 및 대주거래_대여증권,147803800000,국내증권사,B,SF205,각주항목(09.06월 이후)
22993,201906,0010095,신영증권주식회사,D2,대차 및 대주거래_차입증권,18080463900,국내증권사,B,SF205,각주항목(09.06월 이후)
22994,201906,0010095,신영증권주식회사,D3,대차 및 대주거래_신용거래대주,0,국내증권사,B,SF205,각주항목(09.06월 이후)
22995,201906,0010095,신영증권주식회사,E,대손상각채권,0,국내증권사,B,SF205,각주항목(09.06월 이후)
22996,201906,0010095,신영증권주식회사,F,환전업무 예치금,0,국내증권사,B,SF205,각주항목(09.06월 이후)
22997,201906,0010095,신영증권주식회사,G,미배당별도예치금,8522748,국내증권사,B,SF205,각주항목(09.06월 이후)
22998,201906,0010095,신영증권주식회사,H,배서어음매출(종금계정),0,국내증권사,B,SF205,각주항목(09.06월 이후)
22999,201906,0010095,신영증권주식회사,H1,대출채권매매이익_담보부, ,국내증권사,B,SF205,각주항목(09.06월 이후)
23000,201906,0010095,신영증권주식회사,H2,대출채권매매이익_무담보부, ,국내증권사,B,SF205,각주항목(09.06월 이후)
23001,201909,0010095,신영증권주식회사,A,채무보증,335690000000,국내증권사,B,SF205,각주항목(09.06월 이후)
23002,201909,0010095,신영증권주식회사,A1,채무보증_지급보증,0,국내증권사,B,SF205,각주항목(09.06월 이후)
23003,201909,0010095,신영증권주식회사,A2,채무보증_매입보장약정,162000000000,국내증권사,B,SF205,각주항목(09.06월 이후)
23004,201909,0010095,신영증권주식회사,A3,채무보증_채무인수약정, ,국내증권사,B,SF205,각주항목(09.06월 이후)
23005,201909,0010095,신영증권주식회사,A5,채무보증_매입확약,173690000000,국내증권사,B,SF205,각주항목(09.06월 이후)
23006,201909,0010095,신영증권주식회사,A6,채무보증_기타, ,국내증권사,B,SF205,각주항목(09.06월 이후)
23007,201909,0010095,신영증권주식회사,B,투자자의 예수증권 등,9347231244882,국내증권사,B,SF205,각주항목(09.06월 이후)
23008,201909,0010095,신영증권주식회사,B1,투자자의 예수증권 등_예수 증권,9347231244882,국내증권사,B,SF205,각주항목(09.06월 이후)
23009,201909,0010095,신영증권주식회사,B2,투자자의 예수증권 등_예수양도성예금증서, ,국내증권사,B,SF205,각주항목(09.06월 이후)
23010,201909,0010095,신영증권주식회사,B3,투자자의 예수증권 등_기타, ,국내증권사,B,SF205,각주항목(09.06월 이후)
23011,201909,0010095,신영증권주식회사,C,파생상품계약,26807019073654,국내증권사,B,SF205,각주항목(09.06월 이후)
23012,201909,0010095,신영증권주식회사,C1,파생상품계약_장내파생상품,1007971296268,국내증권사,B,SF205,각주항목(09.06월 이후)
23013,201909,0010095,신영증권주식회사,C11,파생상품계약_장내파생상품_이자율관련거래,715522608491,국내증권사,B,SF205,각주항목(09.06월 이후)
23014,201909,0010095,신영증권주식회사,C12,파생상품계약_장내파생상품_통화관련거래,1339744000,국내증권사,B,SF205,각주항목(09.06월 이후)
23015,201909,0010095,신영증권주식회사,C13,파생상품계약_장내파생상품_주식관련거래,291108943777,국내증권사,B,SF205,각주항목(09.06월 이후)
23016,201909,0010095,신영증권주식회사,C14,파생상품계약_장내파생상품_일반상품관련거래,0,국내증권사,B,SF205,각주항목(09.06월 이후)
23017,201909,0010095,신영증권주식회사,C15,파생상품계약_장내파생상품_기타,0,국내증권사,B,SF205,각주항목(09.06월 이후)
23018,201909,0010095,신영증권주식회사,C2,파생상품계약_장외파생상품,25799047777386,국내증권사,B,SF205,각주항목(09.06월 이후)
23019,201909,0010095,신영증권주식회사,C21,파생상품계약_장외파생상품_이자율관련거래,20196889120606,국내증권사,B,SF205,각주항목(09.06월 이후)
23020,201909,0010095,신영증권주식회사,C22,파생상품계약_장외파생상품_통화관련거래,2451541233719,국내증권사,B,SF205,각주항목(09.06월 이후)
23021,201909,0010095,신영증권주식회사,C23,파생상품계약_장외파생상품_주식관련거래,3150480998062,국내증권사,B,SF205,각주항목(09.06월 이후)
23022,201909,0010095,신영증권주식회사,C24,파생상품계약_장외파생상품_신용관련거래,0,국내증권사,B,SF205,각주항목(09.06월 이후)
23023,201909,0010095,신영증권주식회사,C25,파생상품계약_장외파생상품_기타,136424999,국내증권사,B,SF205,각주항목(09.06월 이후)
23024,201909,0010095,신영증권주식회사,D,대차 및 대주거래,209108683700,국내증권사,B,SF205,각주항목(09.06월 이후)
23025,201909,0010095,신영증권주식회사,D1,대차 및 대주거래_대여증권,0,국내증권사,B,SF205,각주항목(09.06월 이후)
23026,201909,0010095,신영증권주식회사,D2,대차 및 대주거래_차입증권,209108683700,국내증권사,B,SF205,각주항목(09.06월 이후)
23027,201909,0010095,신영증권주식회사,D3,대차 및 대주거래_신용거래대주,0,국내증권사,B,SF205,각주항목(09.06월 이후)
23028,201909,0010095,신영증권주식회사,E,대손상각채권,0,국내증권사,B,SF205,각주항목(09.06월 이후)
23029,201909,0010095,신영증권주식회사,F,환전업무 예치금,0,국내증권사,B,SF205,각주항목(09.06월 이후)
23030,201909,0010095,신영증권주식회사,G,미배당별도예치금,9209609,국내증권사,B,SF205,각주항목(09.06월 이후)
23031,201909,0010095,신영증권주식회사,H,배서어음매출(종금계정),0,국내증권사,B,SF205,각주항목(09.06월 이후)
23032,201909,0010095,신영증권주식회사,H1,대출채권매매이익_담보부, ,국내증권사,B,SF205,각주항목(09.06월 이후)
23033,201909,0010095,신영증권주식회사,H2,대출채권매매이익_무담보부, ,국내증권사,B,SF205,각주항목(09.06월 이후)
23034,201912,0010095,신영증권주식회사,A,채무보증,402100000000,국내증권사,B,SF205,각주항목(09.06월 이후)
23035,201912,0010095,신영증권주식회사,A1,채무보증_지급보증,0,국내증권사,B,SF205,각주항목(09.06월 이후)
23036,201912,0010095,신영증권주식회사,A2,채무보증_매입보장약정,266000000000,국내증권사,B,SF205,각주항목(09.06월 이후)
23037,201912,0010095,신영증권주식회사,A3,채무보증_채무인수약정, ,국내증권사,B,SF205,각주항목(09.06월 이후)
23038,201912,0010095,신영증권주식회사,A5,채무보증_매입확약,136100000000,국내증권사,B,SF205,각주항목(09.06월 이후)
23039,201912,0010095,신영증권주식회사,A6,채무보증_기타, ,국내증권사,B,SF205,각주항목(09.06월 이후)
23040,201912,0010095,신영증권주식회사,B,투자자의 예수증권 등,9607596834357,국내증권사,B,SF205,각주항목(09.06월 이후)
23041,201912,0010095,신영증권주식회사,B1,투자자의 예수증권 등_예수 증권,9607596834357,국내증권사,B,SF205,각주항목(09.06월 이후)
23042,201912,0010095,신영증권주식회사,B2,투자자의 예수증권 등_예수양도성예금증서, ,국내증권사,B,SF205,각주항목(09.06월 이후)
23043,201912,0010095,신영증권주식회사,B3,투자자의 예수증권 등_기타, ,국내증권사,B,SF205,각주항목(09.06월 이후)
23044,201912,0010095,신영증권주식회사,C,파생상품계약,24645737355822,국내증권사,B,SF205,각주항목(09.06월 이후)
23045,201912,0010095,신영증권주식회사,C1,파생상품계약_장내파생상품,859564856074,국내증권사,B,SF205,각주항목(09.06월 이후)
23046,201912,0010095,신영증권주식회사,C11,파생상품계약_장내파생상품_이자율관련거래,337780798411,국내증권사,B,SF205,각주항목(09.06월 이후)
23047,201912,0010095,신영증권주식회사,C12,파생상품계약_장내파생상품_통화관련거래,485394000,국내증권사,B,SF205,각주항목(09.06월 이후)
23048,201912,0010095,신영증권주식회사,C13,파생상품계약_장내파생상품_주식관련거래,521298663663,국내증권사,B,SF205,각주항목(09.06월 이후)
23049,201912,0010095,신영증권주식회사,C14,파생상품계약_장내파생상품_일반상품관련거래,0,국내증권사,B,SF205,각주항목(09.06월 이후)
23050,201912,0010095,신영증권주식회사,C15,파생상품계약_장내파생상품_기타,0,국내증권사,B,SF205,각주항목(09.06월 이후)
23051,201912,0010095,신영증권주식회사,C2,파생상품계약_장외파생상품,23786172499748,국내증권사,B,SF205,각주항목(09.06월 이후)
23052,201912,0010095,신영증권주식회사,C21,파생상품계약_장외파생상품_이자율관련거래,19592469620606,국내증권사,B,SF205,각주항목(09.06월 이후)
23053,201912,0010095,신영증권주식회사,C22,파생상품계약_장외파생상품_통화관련거래,1891703236094,국내증권사,B,SF205,각주항목(09.06월 이후)
23054,201912,0010095,신영증권주식회사,C23,파생상품계약_장외파생상품_주식관련거래,2301863218049,국내증권사,B,SF205,각주항목(09.06월 이후)
23055,201912,0010095,신영증권주식회사,C24,파생상품계약_장외파생상품_신용관련거래,0,국내증권사,B,SF205,각주항목(09.06월 이후)
23056,201912,0010095,신영증권주식회사,C25,파생상품계약_장외파생상품_기타,136424999,국내증권사,B,SF205,각주항목(09.06월 이후)
23057,201912,0010095,신영증권주식회사,D,대차 및 대주거래,426778644500,국내증권사,B,SF205,각주항목(09.06월 이후)
23058,201912,0010095,신영증권주식회사,D1,대차 및 대주거래_대여증권,0,국내증권사,B,SF205,각주항목(09.06월 이후)
23059,201912,0010095,신영증권주식회사,D2,대차 및 대주거래_차입증권,426778644500,국내증권사,B,SF205,각주항목(09.06월 이후)
23060,201912,0010095,신영증권주식회사,D3,대차 및 대주거래_신용거래대주,0,국내증권사,B,SF205,각주항목(09.06월 이후)
23061,201912,0010095,신영증권주식회사,E,대손상각채권,0,국내증권사,B,SF205,각주항목(09.06월 이후)
23062,201912,0010095,신영증권주식회사,F,환전업무 예치금,0,국내증권사,B,SF205,각주항목(09.06월 이후)
23063,201912,0010095,신영증권주식회사,G,미배당별도예치금,8837793,국내증권사,B,SF205,각주항목(09.06월 이후)
23064,201912,0010095,신영증권주식회사,H,배서어음매출(종금계정),0,국내증권사,B,SF205,각주항목(09.06월 이후)
23065,201912,0010095,신영증권주식회사,H1,대출채권매매이익_담보부, ,국내증권사,B,SF205,각주항목(09.06월 이후)
23066,201912,0010095,신영증권주식회사,H2,대출채권매매이익_무담보부, ,국내증권사,B,SF205,각주항목(09.06월 이후)
23067,202003,0010095,신영증권주식회사,A,채무보증,619400000000,국내증권사,B,SF205,각주항목(09.06월 이후)
23068,202003,0010095,신영증권주식회사,A1,채무보증_지급보증,0,국내증권사,B,SF205,각주항목(09.06월 이후)
23069,202003,0010095,신영증권주식회사,A2,채무보증_매입보장약정,484500000000,국내증권사,B,SF205,각주항목(09.06월 이후)
23070,202003,0010095,신영증권주식회사,A3,채무보증_채무인수약정, ,국내증권사,B,SF205,각주항목(09.06월 이후)
23071,202003,0010095,신영증권주식회사,A5,채무보증_매입확약,134900000000,국내증권사,B,SF205,각주항목(09.06월 이후)
23072,202003,0010095,신영증권주식회사,A6,채무보증_기타, ,국내증권사,B,SF205,각주항목(09.06월 이후)
23073,202003,0010095,신영증권주식회사,B,투자자의 예수증권 등,7891118673862,국내증권사,B,SF205,각주항목(09.06월 이후)
23074,202003,0010095,신영증권주식회사,B1,투자자의 예수증권 등_예수 증권,7891118673862,국내증권사,B,SF205,각주항목(09.06월 이후)
23075,202003,0010095,신영증권주식회사,B2,투자자의 예수증권 등_예수양도성예금증서, ,국내증권사,B,SF205,각주항목(09.06월 이후)
23076,202003,0010095,신영증권주식회사,B3,투자자의 예수증권 등_기타, ,국내증권사,B,SF205,각주항목(09.06월 이후)
23077,202003,0010095,신영증권주식회사,C,파생상품계약,25425058295446,국내증권사,B,SF205,각주항목(09.06월 이후)
23078,202003,0010095,신영증권주식회사,C1,파생상품계약_장내파생상품,1936486581274,국내증권사,B,SF205,각주항목(09.06월 이후)
23079,202003,0010095,신영증권주식회사,C11,파생상품계약_장내파생상품_이자율관련거래,1086451167336,국내증권사,B,SF205,각주항목(09.06월 이후)
23080,202003,0010095,신영증권주식회사,C12,파생상품계약_장내파생상품_통화관련거래,2968260000,국내증권사,B,SF205,각주항목(09.06월 이후)
23081,202003,0010095,신영증권주식회사,C13,파생상품계약_장내파생상품_주식관련거래,847067153938,국내증권사,B,SF205,각주항목(09.06월 이후)
23082,202003,0010095,신영증권주식회사,C14,파생상품계약_장내파생상품_일반상품관련거래,0,국내증권사,B,SF205,각주항목(09.06월 이후)
23083,202003,0010095,신영증권주식회사,C15,파생상품계약_장내파생상품_기타,0,국내증권사,B,SF205,각주항목(09.06월 이후)
23084,202003,0010095,신영증권주식회사,C2,파생상품계약_장외파생상품,23488571714172,국내증권사,B,SF205,각주항목(09.06월 이후)
23085,202003,0010095,신영증권주식회사,C21,파생상품계약_장외파생상품_이자율관련거래,19546272470606,국내증권사,B,SF205,각주항목(09.06월 이후)
23086,202003,0010095,신영증권주식회사,C22,파생상품계약_장외파생상품_통화관련거래,1950289102120,국내증권사,B,SF205,각주항목(09.06월 이후)
23087,202003,0010095,신영증권주식회사,C23,파생상품계약_장외파생상품_주식관련거래,1991873716447,국내증권사,B,SF205,각주항목(09.06월 이후)
23088,202003,0010095,신영증권주식회사,C24,파생상품계약_장외파생상품_신용관련거래,0,국내증권사,B,SF205,각주항목(09.06월 이후)
23089,202003,0010095,신영증권주식회사,C25,파생상품계약_장외파생상품_기타,136424999,국내증권사,B,SF205,각주항목(09.06월 이후)
23090,202003,0010095,신영증권주식회사,D,대차 및 대주거래,1248110182975,국내증권사,B,SF205,각주항목(09.06월 이후)
23091,202003,0010095,신영증권주식회사,D1,대차 및 대주거래_대여증권,0,국내증권사,B,SF205,각주항목(09.06월 이후)
23092,202003,0010095,신영증권주식회사,D2,대차 및 대주거래_차입증권,1248110182975,국내증권사,B,SF205,각주항목(09.06월 이후)
23093,202003,0010095,신영증권주식회사,D3,대차 및 대주거래_신용거래대주,0,국내증권사,B,SF205,각주항목(09.06월 이후)
23094,202003,0010095,신영증권주식회사,E,대손상각채권,0,국내증권사,B,SF205,각주항목(09.06월 이후)
23095,202003,0010095,신영증권주식회사,F,환전업무 예치금,0,국내증권사,B,SF205,각주항목(09.06월 이후)
23096,202003,0010095,신영증권주식회사,G,미배당별도예치금,13447021,국내증권사,B,SF205,각주항목(09.06월 이후)
23097,202003,0010095,신영증권주식회사,H,배서어음매출(종금계정),0,국내증권사,B,SF205,각주항목(09.06월 이후)
23098,202003,0010095,신영증권주식회사,H1,대출채권매매이익_담보부, ,국내증권사,B,SF205,각주항목(09.06월 이후)
23099,202003,0010095,신영증권주식회사,H2,대출채권매매이익_무담보부, ,국내증권사,B,SF205,각주항목(09.06월 이후)
23100,202006,0010095,신영증권주식회사,A,채무보증,576100000000,국내증권사,B,SF205,각주항목(09.06월 이후)
23101,202006,0010095,신영증권주식회사,A1,채무보증_지급보증,0,국내증권사,B,SF205,각주항목(09.06월 이후)
23102,202006,0010095,신영증권주식회사,A2,채무보증_매입보장약정,436000000000,국내증권사,B,SF205,각주항목(09.06월 이후)
23103,202006,0010095,신영증권주식회사,A3,채무보증_채무인수약정, ,국내증권사,B,SF205,각주항목(09.06월 이후)
23104,202006,0010095,신영증권주식회사,A5,채무보증_매입확약,140100000000,국내증권사,B,SF205,각주항목(09.06월 이후)
23105,202006,0010095,신영증권주식회사,A6,채무보증_기타, ,국내증권사,B,SF205,각주항목(09.06월 이후)
23106,202006,0010095,신영증권주식회사,B,투자자의 예수증권 등,8958030630086,국내증권사,B,SF205,각주항목(09.06월 이후)
23107,202006,0010095,신영증권주식회사,B1,투자자의 예수증권 등_예수 증권,8958030630086,국내증권사,B,SF205,각주항목(09.06월 이후)
23108,202006,0010095,신영증권주식회사,B2,투자자의 예수증권 등_예수양도성예금증서, ,국내증권사,B,SF205,각주항목(09.06월 이후)
23109,202006,0010095,신영증권주식회사,B3,투자자의 예수증권 등_기타, ,국내증권사,B,SF205,각주항목(09.06월 이후)
23110,202006,0010095,신영증권주식회사,C,파생상품계약,25406085448512,국내증권사,B,SF205,각주항목(09.06월 이후)
23111,202006,0010095,신영증권주식회사,C1,파생상품계약_장내파생상품,1957425183107,국내증권사,B,SF205,각주항목(09.06월 이후)
23112,202006,0010095,신영증권주식회사,C11,파생상품계약_장내파생상품_이자율관련거래,1453642097498,국내증권사,B,SF205,각주항목(09.06월 이후)
23113,202006,0010095,신영증권주식회사,C12,파생상품계약_장내파생상품_통화관련거래,2427434000,국내증권사,B,SF205,각주항목(09.06월 이후)
23114,202006,0010095,신영증권주식회사,C13,파생상품계약_장내파생상품_주식관련거래,501355651609,국내증권사,B,SF205,각주항목(09.06월 이후)
23115,202006,0010095,신영증권주식회사,C14,파생상품계약_장내파생상품_일반상품관련거래,0,국내증권사,B,SF205,각주항목(09.06월 이후)
23116,202006,0010095,신영증권주식회사,C15,파생상품계약_장내파생상품_기타,0,국내증권사,B,SF205,각주항목(09.06월 이후)
23117,202006,0010095,신영증권주식회사,C2,파생상품계약_장외파생상품,23448660265405,국내증권사,B,SF205,각주항목(09.06월 이후)
23118,202006,0010095,신영증권주식회사,C21,파생상품계약_장외파생상품_이자율관련거래,19314345720606,국내증권사,B,SF205,각주항목(09.06월 이후)
23119,202006,0010095,신영증권주식회사,C22,파생상품계약_장외파생상품_통화관련거래,2303261696839,국내증권사,B,SF205,각주항목(09.06월 이후)
23120,202006,0010095,신영증권주식회사,C23,파생상품계약_장외파생상품_주식관련거래,1830916422961,국내증권사,B,SF205,각주항목(09.06월 이후)
23121,202006,0010095,신영증권주식회사,C24,파생상품계약_장외파생상품_신용관련거래,0,국내증권사,B,SF205,각주항목(09.06월 이후)
23122,202006,0010095,신영증권주식회사,C25,파생상품계약_장외파생상품_기타,136424999,국내증권사,B,SF205,각주항목(09.06월 이후)
23123,202006,0010095,신영증권주식회사,D,대차 및 대주거래,716697735700,국내증권사,B,SF205,각주항목(09.06월 이후)
23124,202006,0010095,신영증권주식회사,D1,대차 및 대주거래_대여증권,0,국내증권사,B,SF205,각주항목(09.06월 이후)
23125,202006,0010095,신영증권주식회사,D2,대차 및 대주거래_차입증권,716697735700,국내증권사,B,SF205,각주항목(09.06월 이후)
23126,202006,0010095,신영증권주식회사,D3,대차 및 대주거래_신용거래대주, ,국내증권사,B,SF205,각주항목(09.06월 이후)
23127,202006,0010095,신영증권주식회사,E,대손상각채권, ,국내증권사,B,SF205,각주항목(09.06월 이후)
23128,202006,0010095,신영증권주식회사,F,환전업무 예치금,0,국내증권사,B,SF205,각주항목(09.06월 이후)
23129,202006,0010095,신영증권주식회사,G,미배당별도예치금,9671625,국내증권사,B,SF205,각주항목(09.06월 이후)
23130,202006,0010095,신영증권주식회사,H,배서어음매출(종금계정),0,국내증권사,B,SF205,각주항목(09.06월 이후)
23131,202006,0010095,신영증권주식회사,H1,대출채권매매이익_담보부, ,국내증권사,B,SF205,각주항목(09.06월 이후)
23132,202006,0010095,신영증권주식회사,H2,대출채권매매이익_무담보부, ,국내증권사,B,SF205,각주항목(09.06월 이후)
23133,202009,0010095,신영증권주식회사,A,채무보증,623300000000,국내증권사,B,SF205,각주항목(09.06월 이후)
23134,202009,0010095,신영증권주식회사,A1,채무보증_지급보증,0,국내증권사,B,SF205,각주항목(09.06월 이후)
23135,202009,0010095,신영증권주식회사,A2,채무보증_매입보장약정,436000000000,국내증권사,B,SF205,각주항목(09.06월 이후)
23136,202009,0010095,신영증권주식회사,A3,채무보증_채무인수약정,0,국내증권사,B,SF205,각주항목(09.06월 이후)
23137,202009,0010095,신영증권주식회사,A5,채무보증_매입확약,187300000000,국내증권사,B,SF205,각주항목(09.06월 이후)
23138,202009,0010095,신영증권주식회사,A6,채무보증_기타,0,국내증권사,B,SF205,각주항목(09.06월 이후)
23139,202009,0010095,신영증권주식회사,B,투자자의 예수증권 등,9620198122503,국내증권사,B,SF205,각주항목(09.06월 이후)
23140,202009,0010095,신영증권주식회사,B1,투자자의 예수증권 등_예수 증권,9620198122503,국내증권사,B,SF205,각주항목(09.06월 이후)
23141,202009,0010095,신영증권주식회사,B2,투자자의 예수증권 등_예수양도성예금증서,0,국내증권사,B,SF205,각주항목(09.06월 이후)
23142,202009,0010095,신영증권주식회사,B3,투자자의 예수증권 등_기타,0,국내증권사,B,SF205,각주항목(09.06월 이후)
23143,202009,0010095,신영증권주식회사,C,파생상품계약,25343838929048,국내증권사,B,SF205,각주항목(09.06월 이후)
23144,202009,0010095,신영증권주식회사,C1,파생상품계약_장내파생상품,2074226390922,국내증권사,B,SF205,각주항목(09.06월 이후)
23145,202009,0010095,신영증권주식회사,C11,파생상품계약_장내파생상품_이자율관련거래,1573505066131,국내증권사,B,SF205,각주항목(09.06월 이후)
23146,202009,0010095,신영증권주식회사,C12,파생상품계약_장내파생상품_통화관련거래,187200000,국내증권사,B,SF205,각주항목(09.06월 이후)
23147,202009,0010095,신영증권주식회사,C13,파생상품계약_장내파생상품_주식관련거래,500534124791,국내증권사,B,SF205,각주항목(09.06월 이후)
23148,202009,0010095,신영증권주식회사,C14,파생상품계약_장내파생상품_일반상품관련거래,0,국내증권사,B,SF205,각주항목(09.06월 이후)
23149,202009,0010095,신영증권주식회사,C15,파생상품계약_장내파생상품_기타,0,국내증권사,B,SF205,각주항목(09.06월 이후)
23150,202009,0010095,신영증권주식회사,C2,파생상품계약_장외파생상품,23269612538126,국내증권사,B,SF205,각주항목(09.06월 이후)
23151,202009,0010095,신영증권주식회사,C21,파생상품계약_장외파생상품_이자율관련거래,19167346520606,국내증권사,B,SF205,각주항목(09.06월 이후)
23152,202009,0010095,신영증권주식회사,C22,파생상품계약_장외파생상품_통화관련거래,2103788355647,국내증권사,B,SF205,각주항목(09.06월 이후)
23153,202009,0010095,신영증권주식회사,C23,파생상품계약_장외파생상품_주식관련거래,1998477661873,국내증권사,B,SF205,각주항목(09.06월 이후)
23154,202009,0010095,신영증권주식회사,C24,파생상품계약_장외파생상품_신용관련거래,0,국내증권사,B,SF205,각주항목(09.06월 이후)
23155,202009,0010095,신영증권주식회사,C25,파생상품계약_장외파생상품_기타,0,국내증권사,B,SF205,각주항목(09.06월 이후)
23156,202009,0010095,신영증권주식회사,D,대차 및 대주거래,502378586000,국내증권사,B,SF205,각주항목(09.06월 이후)
23157,202009,0010095,신영증권주식회사,D1,대차 및 대주거래_대여증권,0,국내증권사,B,SF205,각주항목(09.06월 이후)
23158,202009,0010095,신영증권주식회사,D2,대차 및 대주거래_차입증권,502378586000,국내증권사,B,SF205,각주항목(09.06월 이후)
23159,202009,0010095,신영증권주식회사,D3,대차 및 대주거래_신용거래대주,0,국내증권사,B,SF205,각주항목(09.06월 이후)
23160,202009,0010095,신영증권주식회사,E,대손상각채권,0,국내증권사,B,SF205,각주항목(09.06월 이후)
23161,202009,0010095,신영증권주식회사,F,환전업무 예치금,0,국내증권사,B,SF205,각주항목(09.06월 이후)
23162,202009,0010095,신영증권주식회사,G,미배당별도예치금,88435667,국내증권사,B,SF205,각주항목(09.06월 이후)
23163,202009,0010095,신영증권주식회사,H,배서어음매출(종금계정),0,국내증권사,B,SF205,각주항목(09.06월 이후)
23164,202009,0010095,신영증권주식회사,H1,대출채권매매이익_담보부,0,국내증권사,B,SF205,각주항목(09.06월 이후)
23165,202009,0010095,신영증권주식회사,H2,대출채권매매이익_무담보부,0,국내증권사,B,SF205,각주항목(09.06월 이후)
23166,202012,0010095,신영증권주식회사,A,채무보증,521700000000,국내증권사,B,SF205,각주항목(09.06월 이후)
23167,202012,0010095,신영증권주식회사,A1,채무보증_지급보증,0,국내증권사,B,SF205,각주항목(09.06월 이후)
23168,202012,0010095,신영증권주식회사,A2,채무보증_매입보장약정,361000000000,국내증권사,B,SF205,각주항목(09.06월 이후)
23169,202012,0010095,신영증권주식회사,A3,채무보증_채무인수약정, ,국내증권사,B,SF205,각주항목(09.06월 이후)
23170,202012,0010095,신영증권주식회사,A5,채무보증_매입확약,160700000000,국내증권사,B,SF205,각주항목(09.06월 이후)
23171,202012,0010095,신영증권주식회사,A6,채무보증_기타, ,국내증권사,B,SF205,각주항목(09.06월 이후)
23172,202012,0010095,신영증권주식회사,B,투자자의 예수증권 등,10927806463142,국내증권사,B,SF205,각주항목(09.06월 이후)
23173,202012,0010095,신영증권주식회사,B1,투자자의 예수증권 등_예수 증권,10927806463142,국내증권사,B,SF205,각주항목(09.06월 이후)
23174,202012,0010095,신영증권주식회사,B2,투자자의 예수증권 등_예수양도성예금증서, ,국내증권사,B,SF205,각주항목(09.06월 이후)
23175,202012,0010095,신영증권주식회사,B3,투자자의 예수증권 등_기타, ,국내증권사,B,SF205,각주항목(09.06월 이후)
23176,202012,0010095,신영증권주식회사,C,파생상품계약,22838791437613,국내증권사,B,SF205,각주항목(09.06월 이후)
23177,202012,0010095,신영증권주식회사,C1,파생상품계약_장내파생상품,959988173630,국내증권사,B,SF205,각주항목(09.06월 이후)
23178,202012,0010095,신영증권주식회사,C11,파생상품계약_장내파생상품_이자율관련거래,497536615873,국내증권사,B,SF205,각주항목(09.06월 이후)
23179,202012,0010095,신영증권주식회사,C12,파생상품계약_장내파생상품_통화관련거래,2366390000,국내증권사,B,SF205,각주항목(09.06월 이후)
23180,202012,0010095,신영증권주식회사,C13,파생상품계약_장내파생상품_주식관련거래,460085167757,국내증권사,B,SF205,각주항목(09.06월 이후)
23181,202012,0010095,신영증권주식회사,C14,파생상품계약_장내파생상품_일반상품관련거래,0,국내증권사,B,SF205,각주항목(09.06월 이후)
23182,202012,0010095,신영증권주식회사,C15,파생상품계약_장내파생상품_기타,0,국내증권사,B,SF205,각주항목(09.06월 이후)
23183,202012,0010095,신영증권주식회사,C2,파생상품계약_장외파생상품,21878803263983,국내증권사,B,SF205,각주항목(09.06월 이후)
23184,202012,0010095,신영증권주식회사,C21,파생상품계약_장외파생상품_이자율관련거래,18462728770606,국내증권사,B,SF205,각주항목(09.06월 이후)
23185,202012,0010095,신영증권주식회사,C22,파생상품계약_장외파생상품_통화관련거래,1968943090000,국내증권사,B,SF205,각주항목(09.06월 이후)
23186,202012,0010095,신영증권주식회사,C23,파생상품계약_장외파생상품_주식관련거래,1168651403377,국내증권사,B,SF205,각주항목(09.06월 이후)
23187,202012,0010095,신영증권주식회사,C24,파생상품계약_장외파생상품_신용관련거래,278480000000,국내증권사,B,SF205,각주항목(09.06월 이후)
23188,202012,0010095,신영증권주식회사,C25,파생상품계약_장외파생상품_기타,0,국내증권사,B,SF205,각주항목(09.06월 이후)
23189,202012,0010095,신영증권주식회사,D,대차 및 대주거래,1221662544000,국내증권사,B,SF205,각주항목(09.06월 이후)
23190,202012,0010095,신영증권주식회사,D1,대차 및 대주거래_대여증권,0,국내증권사,B,SF205,각주항목(09.06월 이후)
23191,202012,0010095,신영증권주식회사,D2,대차 및 대주거래_차입증권,1221662544000,국내증권사,B,SF205,각주항목(09.06월 이후)
23192,202012,0010095,신영증권주식회사,D3,대차 및 대주거래_신용거래대주,0,국내증권사,B,SF205,각주항목(09.06월 이후)
23193,202012,0010095,신영증권주식회사,E,대손상각채권,0,국내증권사,B,SF205,각주항목(09.06월 이후)
23194,202012,0010095,신영증권주식회사,F,환전업무 예치금,0,국내증권사,B,SF205,각주항목(09.06월 이후)
23195,202012,0010095,신영증권주식회사,G,미배당별도예치금,140493528,국내증권사,B,SF205,각주항목(09.06월 이후)
23196,202012,0010095,신영증권주식회사,H,배서어음매출(종금계정),0,국내증권사,B,SF205,각주항목(09.06월 이후)
23197,202012,0010095,신영증권주식회사,H1,대출채권매매이익_담보부, ,국내증권사,B,SF205,각주항목(09.06월 이후)
23198,202012,0010095,신영증권주식회사,H2,대출채권매매이익_무담보부, ,국내증권사,B,SF205,각주항목(09.06월 이후)
23199,202103,0010095,신영증권주식회사,A,채무보증,501700000000,국내증권사,B,SF205,각주항목(09.06월 이후)
23200,202103,0010095,신영증권주식회사,A1,채무보증_지급보증,0,국내증권사,B,SF205,각주항목(09.06월 이후)
23201,202103,0010095,신영증권주식회사,A2,채무보증_매입보장약정,361000000000,국내증권사,B,SF205,각주항목(09.06월 이후)
23202,202103,0010095,신영증권주식회사,A3,채무보증_채무인수약정, ,국내증권사,B,SF205,각주항목(09.06월 이후)
23203,202103,0010095,신영증권주식회사,A5,채무보증_매입확약,140700000000,국내증권사,B,SF205,각주항목(09.06월 이후)
23204,202103,0010095,신영증권주식회사,A6,채무보증_기타, ,국내증권사,B,SF205,각주항목(09.06월 이후)
23205,202103,0010095,신영증권주식회사,B,투자자의 예수증권 등,11289690325466,국내증권사,B,SF205,각주항목(09.06월 이후)
23206,202103,0010095,신영증권주식회사,B1,투자자의 예수증권 등_예수 증권,11289690325466,국내증권사,B,SF205,각주항목(09.06월 이후)
23207,202103,0010095,신영증권주식회사,B2,투자자의 예수증권 등_예수양도성예금증서, ,국내증권사,B,SF205,각주항목(09.06월 이후)
23208,202103,0010095,신영증권주식회사,B3,투자자의 예수증권 등_기타, ,국내증권사,B,SF205,각주항목(09.06월 이후)
23209,202103,0010095,신영증권주식회사,C,파생상품계약,24113194102696,국내증권사,B,SF205,각주항목(09.06월 이후)
23210,202103,0010095,신영증권주식회사,C1,파생상품계약_장내파생상품,1238031841115,국내증권사,B,SF205,각주항목(09.06월 이후)
23211,202103,0010095,신영증권주식회사,C11,파생상품계약_장내파생상품_이자율관련거래,845121450302,국내증권사,B,SF205,각주항목(09.06월 이후)
23212,202103,0010095,신영증권주식회사,C12,파생상품계약_장내파생상품_통화관련거래,452760000,국내증권사,B,SF205,각주항목(09.06월 이후)
23213,202103,0010095,신영증권주식회사,C13,파생상품계약_장내파생상품_주식관련거래,392457630813,국내증권사,B,SF205,각주항목(09.06월 이후)
23214,202103,0010095,신영증권주식회사,C14,파생상품계약_장내파생상품_일반상품관련거래,0,국내증권사,B,SF205,각주항목(09.06월 이후)
23215,202103,0010095,신영증권주식회사,C15,파생상품계약_장내파생상품_기타,0,국내증권사,B,SF205,각주항목(09.06월 이후)
23216,202103,0010095,신영증권주식회사,C2,파생상품계약_장외파생상품,22875162261581,국내증권사,B,SF205,각주항목(09.06월 이후)
23217,202103,0010095,신영증권주식회사,C21,파생상품계약_장외파생상품_이자율관련거래,19357954020606,국내증권사,B,SF205,각주항목(09.06월 이후)
23218,202103,0010095,신영증권주식회사,C22,파생상품계약_장외파생상품_통화관련거래,2137830301000,국내증권사,B,SF205,각주항목(09.06월 이후)
23219,202103,0010095,신영증권주식회사,C23,파생상품계약_장외파생상품_주식관련거래,1091342939975,국내증권사,B,SF205,각주항목(09.06월 이후)
23220,202103,0010095,신영증권주식회사,C24,파생상품계약_장외파생상품_신용관련거래,288035000000,국내증권사,B,SF205,각주항목(09.06월 이후)
23221,202103,0010095,신영증권주식회사,C25,파생상품계약_장외파생상품_기타,0,국내증권사,B,SF205,각주항목(09.06월 이후)
23222,202103,0010095,신영증권주식회사,D,대차 및 대주거래,1211104846600,국내증권사,B,SF205,각주항목(09.06월 이후)
23223,202103,0010095,신영증권주식회사,D1,대차 및 대주거래_대여증권,308813600000,국내증권사,B,SF205,각주항목(09.06월 이후)
23224,202103,0010095,신영증권주식회사,D2,대차 및 대주거래_차입증권,902291246600,국내증권사,B,SF205,각주항목(09.06월 이후)
23225,202103,0010095,신영증권주식회사,D3,대차 및 대주거래_신용거래대주,0,국내증권사,B,SF205,각주항목(09.06월 이후)
23226,202103,0010095,신영증권주식회사,E,대손상각채권,0,국내증권사,B,SF205,각주항목(09.06월 이후)
23227,202103,0010095,신영증권주식회사,F,환전업무 예치금,0,국내증권사,B,SF205,각주항목(09.06월 이후)
23228,202103,0010095,신영증권주식회사,G,미배당별도예치금,177022890,국내증권사,B,SF205,각주항목(09.06월 이후)
23229,202103,0010095,신영증권주식회사,H,배서어음매출(종금계정),0,국내증권사,B,SF205,각주항목(09.06월 이후)
23230,202103,0010095,신영증권주식회사,H1,대출채권매매이익_담보부,0,국내증권사,B,SF205,각주항목(09.06월 이후)
23231,202103,0010095,신영증권주식회사,H2,대출채권매매이익_무담보부,0,국내증권사,B,SF205,각주항목(09.06월 이후)
23232,202106,0010095,신영증권주식회사,A,채무보증,515100000000,국내증권사,B,SF205,각주항목(09.06월 이후)
23233,202106,0010095,신영증권주식회사,A1,채무보증_지급보증,0,국내증권사,B,SF205,각주항목(09.06월 이후)
23234,202106,0010095,신영증권주식회사,A2,채무보증_매입보장약정,338000000000,국내증권사,B,SF205,각주항목(09.06월 이후)
23235,202106,0010095,신영증권주식회사,A3,채무보증_채무인수약정, ,국내증권사,B,SF205,각주항목(09.06월 이후)
23236,202106,0010095,신영증권주식회사,A5,채무보증_매입확약,177100000000,국내증권사,B,SF205,각주항목(09.06월 이후)
23237,202106,0010095,신영증권주식회사,A6,채무보증_기타, ,국내증권사,B,SF205,각주항목(09.06월 이후)
23238,202106,0010095,신영증권주식회사,B,투자자의 예수증권 등,12171993578722,국내증권사,B,SF205,각주항목(09.06월 이후)
23239,202106,0010095,신영증권주식회사,B1,투자자의 예수증권 등_예수 증권,12171993578722,국내증권사,B,SF205,각주항목(09.06월 이후)
23240,202106,0010095,신영증권주식회사,B2,투자자의 예수증권 등_예수양도성예금증서, ,국내증권사,B,SF205,각주항목(09.06월 이후)
23241,202106,0010095,신영증권주식회사,B3,투자자의 예수증권 등_기타, ,국내증권사,B,SF205,각주항목(09.06월 이후)
23242,202106,0010095,신영증권주식회사,C,파생상품계약,24485266029540,국내증권사,B,SF205,각주항목(09.06월 이후)
23243,202106,0010095,신영증권주식회사,C1,파생상품계약_장내파생상품,1279111298028,국내증권사,B,SF205,각주항목(09.06월 이후)
23244,202106,0010095,신영증권주식회사,C11,파생상품계약_장내파생상품_이자율관련거래,779174165682,국내증권사,B,SF205,각주항목(09.06월 이후)
23245,202106,0010095,신영증권주식회사,C12,파생상품계약_장내파생상품_통화관련거래,157696000,국내증권사,B,SF205,각주항목(09.06월 이후)
23246,202106,0010095,신영증권주식회사,C13,파생상품계약_장내파생상품_주식관련거래,499779436346,국내증권사,B,SF205,각주항목(09.06월 이후)
23247,202106,0010095,신영증권주식회사,C14,파생상품계약_장내파생상품_일반상품관련거래,0,국내증권사,B,SF205,각주항목(09.06월 이후)
23248,202106,0010095,신영증권주식회사,C15,파생상품계약_장내파생상품_기타,0,국내증권사,B,SF205,각주항목(09.06월 이후)
23249,202106,0010095,신영증권주식회사,C2,파생상품계약_장외파생상품,23206154731512,국내증권사,B,SF205,각주항목(09.06월 이후)
23250,202106,0010095,신영증권주식회사,C21,파생상품계약_장외파생상품_이자율관련거래,19576669770606,국내증권사,B,SF205,각주항목(09.06월 이후)
23251,202106,0010095,신영증권주식회사,C22,파생상품계약_장외파생상품_통화관련거래,2014152388946,국내증권사,B,SF205,각주항목(09.06월 이후)
23252,202106,0010095,신영증권주식회사,C23,파생상품계약_장외파생상품_주식관련거래,1377592571960,국내증권사,B,SF205,각주항목(09.06월 이후)
23253,202106,0010095,신영증권주식회사,C24,파생상품계약_장외파생상품_신용관련거래,237300000000,국내증권사,B,SF205,각주항목(09.06월 이후)
23254,202106,0010095,신영증권주식회사,C25,파생상품계약_장외파생상품_기타,440000000,국내증권사,B,SF205,각주항목(09.06월 이후)
23255,202106,0010095,신영증권주식회사,D,대차 및 대주거래,618688949900,국내증권사,B,SF205,각주항목(09.06월 이후)
23256,202106,0010095,신영증권주식회사,D1,대차 및 대주거래_대여증권,9442000000,국내증권사,B,SF205,각주항목(09.06월 이후)
23257,202106,0010095,신영증권주식회사,D2,대차 및 대주거래_차입증권,609246949900,국내증권사,B,SF205,각주항목(09.06월 이후)
23258,202106,0010095,신영증권주식회사,D3,대차 및 대주거래_신용거래대주,0,국내증권사,B,SF205,각주항목(09.06월 이후)
23259,202106,0010095,신영증권주식회사,E,대손상각채권,0,국내증권사,B,SF205,각주항목(09.06월 이후)
23260,202106,0010095,신영증권주식회사,F,환전업무 예치금,0,국내증권사,B,SF205,각주항목(09.06월 이후)
23261,202106,0010095,신영증권주식회사,G,미배당별도예치금,45928408,국내증권사,B,SF205,각주항목(09.06월 이후)
23262,202106,0010095,신영증권주식회사,H,배서어음매출(종금계정),0,국내증권사,B,SF205,각주항목(09.06월 이후)
23263,202106,0010095,신영증권주식회사,H1,대출채권매매이익_담보부,0,국내증권사,B,SF205,각주항목(09.06월 이후)
23264,202106,0010095,신영증권주식회사,H2,대출채권매매이익_무담보부,0,국내증권사,B,SF205,각주항목(09.06월 이후)
23265,202109,0010095,신영증권주식회사,A,채무보증,379600000000,국내증권사,B,SF205,각주항목(09.06월 이후)
23266,202109,0010095,신영증권주식회사,A1,채무보증_지급보증,0,국내증권사,B,SF205,각주항목(09.06월 이후)
23267,202109,0010095,신영증권주식회사,A2,채무보증_매입보장약정,173100000000,국내증권사,B,SF205,각주항목(09.06월 이후)
23268,202109,0010095,신영증권주식회사,A3,채무보증_채무인수약정, ,국내증권사,B,SF205,각주항목(09.06월 이후)
23269,202109,0010095,신영증권주식회사,A5,채무보증_매입확약,206500000000,국내증권사,B,SF205,각주항목(09.06월 이후)
23270,202109,0010095,신영증권주식회사,A6,채무보증_기타, ,국내증권사,B,SF205,각주항목(09.06월 이후)
23271,202109,0010095,신영증권주식회사,B,투자자의 예수증권 등,11913317429772,국내증권사,B,SF205,각주항목(09.06월 이후)
23272,202109,0010095,신영증권주식회사,B1,투자자의 예수증권 등_예수 증권,11913317429772,국내증권사,B,SF205,각주항목(09.06월 이후)
23273,202109,0010095,신영증권주식회사,B2,투자자의 예수증권 등_예수양도성예금증서, ,국내증권사,B,SF205,각주항목(09.06월 이후)
23274,202109,0010095,신영증권주식회사,B3,투자자의 예수증권 등_기타, ,국내증권사,B,SF205,각주항목(09.06월 이후)
23275,202109,0010095,신영증권주식회사,C,파생상품계약,22401372600523,국내증권사,B,SF205,각주항목(09.06월 이후)
23276,202109,0010095,신영증권주식회사,C1,파생상품계약_장내파생상품,1202655159607,국내증권사,B,SF205,각주항목(09.06월 이후)
23277,202109,0010095,신영증권주식회사,C11,파생상품계약_장내파생상품_이자율관련거래,711555738330,국내증권사,B,SF205,각주항목(09.06월 이후)
23278,202109,0010095,신영증권주식회사,C12,파생상품계약_장내파생상품_통화관련거래,1125845000,국내증권사,B,SF205,각주항목(09.06월 이후)
23279,202109,0010095,신영증권주식회사,C13,파생상품계약_장내파생상품_주식관련거래,489973576277,국내증권사,B,SF205,각주항목(09.06월 이후)
23280,202109,0010095,신영증권주식회사,C14,파생상품계약_장내파생상품_일반상품관련거래,0,국내증권사,B,SF205,각주항목(09.06월 이후)
23281,202109,0010095,신영증권주식회사,C15,파생상품계약_장내파생상품_기타,0,국내증권사,B,SF205,각주항목(09.06월 이후)
23282,202109,0010095,신영증권주식회사,C2,파생상품계약_장외파생상품,21198717440916,국내증권사,B,SF205,각주항목(09.06월 이후)
23283,202109,0010095,신영증권주식회사,C21,파생상품계약_장외파생상품_이자율관련거래,17894230850000,국내증권사,B,SF205,각주항목(09.06월 이후)
23284,202109,0010095,신영증권주식회사,C22,파생상품계약_장외파생상품_통화관련거래,1739164246480,국내증권사,B,SF205,각주항목(09.06월 이후)
23285,202109,0010095,신영증권주식회사,C23,파생상품계약_장외파생상품_주식관련거래,1316493344436,국내증권사,B,SF205,각주항목(09.06월 이후)
23286,202109,0010095,신영증권주식회사,C24,파생상품계약_장외파생상품_신용관련거래,248829000000,국내증권사,B,SF205,각주항목(09.06월 이후)
23287,202109,0010095,신영증권주식회사,C25,파생상품계약_장외파생상품_기타,0,국내증권사,B,SF205,각주항목(09.06월 이후)
23288,202109,0010095,신영증권주식회사,D,대차 및 대주거래,667427835600,국내증권사,B,SF205,각주항목(09.06월 이후)
23289,202109,0010095,신영증권주식회사,D1,대차 및 대주거래_대여증권,78082003100,국내증권사,B,SF205,각주항목(09.06월 이후)
23290,202109,0010095,신영증권주식회사,D2,대차 및 대주거래_차입증권,589345832500,국내증권사,B,SF205,각주항목(09.06월 이후)
23291,202109,0010095,신영증권주식회사,D3,대차 및 대주거래_신용거래대주,0,국내증권사,B,SF205,각주항목(09.06월 이후)
23292,202109,0010095,신영증권주식회사,E,대손상각채권,0,국내증권사,B,SF205,각주항목(09.06월 이후)
23293,202109,0010095,신영증권주식회사,F,환전업무 예치금,0,국내증권사,B,SF205,각주항목(09.06월 이후)
23294,202109,0010095,신영증권주식회사,G,미배당별도예치금,74131836,국내증권사,B,SF205,각주항목(09.06월 이후)
23295,202109,0010095,신영증권주식회사,H,배서어음매출(종금계정),0,국내증권사,B,SF205,각주항목(09.06월 이후)
23296,202109,0010095,신영증권주식회사,H1,대출채권매매이익_담보부, ,국내증권사,B,SF205,각주항목(09.06월 이후)
23297,202109,0010095,신영증권주식회사,H2,대출채권매매이익_무담보부, ,국내증권사,B,SF205,각주항목(09.06월 이후)
23298,202112,0010095,신영증권주식회사,A,채무보증,615200000000,국내증권사,B,SF205,각주항목(09.06월 이후)
23299,202112,0010095,신영증권주식회사,A1,채무보증_지급보증,0,국내증권사,B,SF205,각주항목(09.06월 이후)
23300,202112,0010095,신영증권주식회사,A2,채무보증_매입보장약정,148000000000,국내증권사,B,SF205,각주항목(09.06월 이후)
23301,202112,0010095,신영증권주식회사,A3,채무보증_채무인수약정,0,국내증권사,B,SF205,각주항목(09.06월 이후)
23302,202112,0010095,신영증권주식회사,A5,채무보증_매입확약,467200000000,국내증권사,B,SF205,각주항목(09.06월 이후)
23303,202112,0010095,신영증권주식회사,A6,채무보증_기타,0,국내증권사,B,SF205,각주항목(09.06월 이후)
23304,202112,0010095,신영증권주식회사,B,투자자의 예수증권 등,11620671699179,국내증권사,B,SF205,각주항목(09.06월 이후)
23305,202112,0010095,신영증권주식회사,B1,투자자의 예수증권 등_예수 증권,11620671699179,국내증권사,B,SF205,각주항목(09.06월 이후)
23306,202112,0010095,신영증권주식회사,B2,투자자의 예수증권 등_예수양도성예금증서, ,국내증권사,B,SF205,각주항목(09.06월 이후)
23307,202112,0010095,신영증권주식회사,B3,투자자의 예수증권 등_기타,0,국내증권사,B,SF205,각주항목(09.06월 이후)
23308,202112,0010095,신영증권주식회사,C,파생상품계약,23100561179023,국내증권사,B,SF205,각주항목(09.06월 이후)
23309,202112,0010095,신영증권주식회사,C1,파생상품계약_장내파생상품,1195782018485,국내증권사,B,SF205,각주항목(09.06월 이후)
23310,202112,0010095,신영증권주식회사,C11,파생상품계약_장내파생상품_이자율관련거래,611702496253,국내증권사,B,SF205,각주항목(09.06월 이후)
23311,202112,0010095,신영증권주식회사,C12,파생상품계약_장내파생상품_통화관련거래,4381408000,국내증권사,B,SF205,각주항목(09.06월 이후)
23312,202112,0010095,신영증권주식회사,C13,파생상품계약_장내파생상품_주식관련거래,579698114232,국내증권사,B,SF205,각주항목(09.06월 이후)
23313,202112,0010095,신영증권주식회사,C14,파생상품계약_장내파생상품_일반상품관련거래,0,국내증권사,B,SF205,각주항목(09.06월 이후)
23314,202112,0010095,신영증권주식회사,C15,파생상품계약_장내파생상품_기타,0,국내증권사,B,SF205,각주항목(09.06월 이후)
23315,202112,0010095,신영증권주식회사,C2,파생상품계약_장외파생상품,21904779160538,국내증권사,B,SF205,각주항목(09.06월 이후)
23316,202112,0010095,신영증권주식회사,C21,파생상품계약_장외파생상품_이자율관련거래,17713210750000,국내증권사,B,SF205,각주항목(09.06월 이후)
23317,202112,0010095,신영증권주식회사,C22,파생상품계약_장외파생상품_통화관련거래,2375039075945,국내증권사,B,SF205,각주항목(09.06월 이후)
23318,202112,0010095,신영증권주식회사,C23,파생상품계약_장외파생상품_주식관련거래,1567574334593,국내증권사,B,SF205,각주항목(09.06월 이후)
23319,202112,0010095,신영증권주식회사,C24,파생상품계약_장외파생상품_신용관련거래,248955000000,국내증권사,B,SF205,각주항목(09.06월 이후)
23320,202112,0010095,신영증권주식회사,C25,파생상품계약_장외파생상품_기타,0,국내증권사,B,SF205,각주항목(09.06월 이후)
23321,202112,0010095,신영증권주식회사,D,대차 및 대주거래,1056929395430,국내증권사,B,SF205,각주항목(09.06월 이후)
23322,202112,0010095,신영증권주식회사,D1,대차 및 대주거래_대여증권,70224950200,국내증권사,B,SF205,각주항목(09.06월 이후)
23323,202112,0010095,신영증권주식회사,D2,대차 및 대주거래_차입증권,986704445230,국내증권사,B,SF205,각주항목(09.06월 이후)
23324,202112,0010095,신영증권주식회사,D3,대차 및 대주거래_신용거래대주,0,국내증권사,B,SF205,각주항목(09.06월 이후)
23325,202112,0010095,신영증권주식회사,E,대손상각채권,0,국내증권사,B,SF205,각주항목(09.06월 이후)
23326,202112,0010095,신영증권주식회사,F,환전업무 예치금,0,국내증권사,B,SF205,각주항목(09.06월 이후)
23327,202112,0010095,신영증권주식회사,G,미배당별도예치금,94001056,국내증권사,B,SF205,각주항목(09.06월 이후)
23328,202112,0010095,신영증권주식회사,H,배서어음매출(종금계정),0,국내증권사,B,SF205,각주항목(09.06월 이후)
23329,202112,0010095,신영증권주식회사,H1,대출채권매매이익_담보부,0,국내증권사,B,SF205,각주항목(09.06월 이후)
23330,202112,0010095,신영증권주식회사,H2,대출채권매매이익_무담보부,0,국내증권사,B,SF205,각주항목(09.06월 이후)
23331,202203,0010095,신영증권주식회사,A,채무보증,634900000000,국내증권사,B,SF205,각주항목(09.06월 이후)
23332,202203,0010095,신영증권주식회사,A1,채무보증_지급보증,0,국내증권사,B,SF205,각주항목(09.06월 이후)
23333,202203,0010095,신영증권주식회사,A2,채무보증_매입보장약정,148000000000,국내증권사,B,SF205,각주항목(09.06월 이후)
23334,202203,0010095,신영증권주식회사,A3,채무보증_채무인수약정, ,국내증권사,B,SF205,각주항목(09.06월 이후)
23335,202203,0010095,신영증권주식회사,A5,채무보증_매입확약,486900000000,국내증권사,B,SF205,각주항목(09.06월 이후)
23336,202203,0010095,신영증권주식회사,A6,채무보증_기타, ,국내증권사,B,SF205,각주항목(09.06월 이후)
23337,202203,0010095,신영증권주식회사,B,투자자의 예수증권 등,12625488344106,국내증권사,B,SF205,각주항목(09.06월 이후)
23338,202203,0010095,신영증권주식회사,B1,투자자의 예수증권 등_예수 증권,12625488344106,국내증권사,B,SF205,각주항목(09.06월 이후)
23339,202203,0010095,신영증권주식회사,B2,투자자의 예수증권 등_예수양도성예금증서, ,국내증권사,B,SF205,각주항목(09.06월 이후)
23340,202203,0010095,신영증권주식회사,B3,투자자의 예수증권 등_기타,0,국내증권사,B,SF205,각주항목(09.06월 이후)
23341,202203,0010095,신영증권주식회사,C,파생상품계약,23830348918127,국내증권사,B,SF205,각주항목(09.06월 이후)
23342,202203,0010095,신영증권주식회사,C1,파생상품계약_장내파생상품,1152053164924,국내증권사,B,SF205,각주항목(09.06월 이후)
23343,202203,0010095,신영증권주식회사,C11,파생상품계약_장내파생상품_이자율관련거래,744760087354,국내증권사,B,SF205,각주항목(09.06월 이후)
23344,202203,0010095,신영증권주식회사,C12,파생상품계약_장내파생상품_통화관련거래,1660714000,국내증권사,B,SF205,각주항목(09.06월 이후)
23345,202203,0010095,신영증권주식회사,C13,파생상품계약_장내파생상품_주식관련거래,405632363570,국내증권사,B,SF205,각주항목(09.06월 이후)
23346,202203,0010095,신영증권주식회사,C14,파생상품계약_장내파생상품_일반상품관련거래,0,국내증권사,B,SF205,각주항목(09.06월 이후)
23347,202203,0010095,신영증권주식회사,C15,파생상품계약_장내파생상품_기타,0,국내증권사,B,SF205,각주항목(09.06월 이후)
23348,202203,0010095,신영증권주식회사,C2,파생상품계약_장외파생상품,22678295753203,국내증권사,B,SF205,각주항목(09.06월 이후)
23349,202203,0010095,신영증권주식회사,C21,파생상품계약_장외파생상품_이자율관련거래,17877925000000,국내증권사,B,SF205,각주항목(09.06월 이후)
23350,202203,0010095,신영증권주식회사,C22,파생상품계약_장외파생상품_통화관련거래,2749154255009,국내증권사,B,SF205,각주항목(09.06월 이후)
23351,202203,0010095,신영증권주식회사,C23,파생상품계약_장외파생상품_주식관련거래,1796948498194,국내증권사,B,SF205,각주항목(09.06월 이후)
23352,202203,0010095,신영증권주식회사,C24,파생상품계약_장외파생상품_신용관련거래,254268000000,국내증권사,B,SF205,각주항목(09.06월 이후)
23353,202203,0010095,신영증권주식회사,C25,파생상품계약_장외파생상품_기타,0,국내증권사,B,SF205,각주항목(09.06월 이후)
23354,202203,0010095,신영증권주식회사,D,대차 및 대주거래,1027883423050,국내증권사,B,SF205,각주항목(09.06월 이후)
23355,202203,0010095,신영증권주식회사,D1,대차 및 대주거래_대여증권,68482893400,국내증권사,B,SF205,각주항목(09.06월 이후)
23356,202203,0010095,신영증권주식회사,D2,대차 및 대주거래_차입증권,959400529650,국내증권사,B,SF205,각주항목(09.06월 이후)
23357,202203,0010095,신영증권주식회사,D3,대차 및 대주거래_신용거래대주,0,국내증권사,B,SF205,각주항목(09.06월 이후)
23358,202203,0010095,신영증권주식회사,E,대손상각채권,0,국내증권사,B,SF205,각주항목(09.06월 이후)
23359,202203,0010095,신영증권주식회사,F,환전업무 예치금,0,국내증권사,B,SF205,각주항목(09.06월 이후)
23360,202203,0010095,신영증권주식회사,G,미배당별도예치금,100256374,국내증권사,B,SF205,각주항목(09.06월 이후)
23361,202203,0010095,신영증권주식회사,H,배서어음매출(종금계정),0,국내증권사,B,SF205,각주항목(09.06월 이후)
23362,202203,0010095,신영증권주식회사,H1,대출채권매매이익_담보부,0,국내증권사,B,SF205,각주항목(09.06월 이후)
23363,202203,0010095,신영증권주식회사,H2,대출채권매매이익_무담보부,0,국내증권사,B,SF205,각주항목(09.06월 이후)
23364,202206,0010095,신영증권주식회사,A,채무보증,487700000000,국내증권사,B,SF205,각주항목(09.06월 이후)
23365,202206,0010095,신영증권주식회사,A1,채무보증_지급보증,0,국내증권사,B,SF205,각주항목(09.06월 이후)
23366,202206,0010095,신영증권주식회사,A2,채무보증_매입보장약정,116000000000,국내증권사,B,SF205,각주항목(09.06월 이후)
23367,202206,0010095,신영증권주식회사,A3,채무보증_채무인수약정, ,국내증권사,B,SF205,각주항목(09.06월 이후)
23368,202206,0010095,신영증권주식회사,A5,채무보증_매입확약,371700000000,국내증권사,B,SF205,각주항목(09.06월 이후)
23369,202206,0010095,신영증권주식회사,A6,채무보증_기타, ,국내증권사,B,SF205,각주항목(09.06월 이후)
23370,202206,0010095,신영증권주식회사,B,투자자의 예수증권 등,11715798112151,국내증권사,B,SF205,각주항목(09.06월 이후)
23371,202206,0010095,신영증권주식회사,B1,투자자의 예수증권 등_예수 증권,11715798112151,국내증권사,B,SF205,각주항목(09.06월 이후)
23372,202206,0010095,신영증권주식회사,B2,투자자의 예수증권 등_예수양도성예금증서, ,국내증권사,B,SF205,각주항목(09.06월 이후)
23373,202206,0010095,신영증권주식회사,B3,투자자의 예수증권 등_기타, ,국내증권사,B,SF205,각주항목(09.06월 이후)
23374,202206,0010095,신영증권주식회사,C,파생상품계약,25525382174519,국내증권사,B,SF205,각주항목(09.06월 이후)
23375,202206,0010095,신영증권주식회사,C1,파생상품계약_장내파생상품,768717566235,국내증권사,B,SF205,각주항목(09.06월 이후)
23376,202206,0010095,신영증권주식회사,C11,파생상품계약_장내파생상품_이자율관련거래,196557767795,국내증권사,B,SF205,각주항목(09.06월 이후)
23377,202206,0010095,신영증권주식회사,C12,파생상품계약_장내파생상품_통화관련거래,1908942000,국내증권사,B,SF205,각주항목(09.06월 이후)
23378,202206,0010095,신영증권주식회사,C13,파생상품계약_장내파생상품_주식관련거래,570250856440,국내증권사,B,SF205,각주항목(09.06월 이후)
23379,202206,0010095,신영증권주식회사,C14,파생상품계약_장내파생상품_일반상품관련거래,0,국내증권사,B,SF205,각주항목(09.06월 이후)
23380,202206,0010095,신영증권주식회사,C15,파생상품계약_장내파생상품_기타,0,국내증권사,B,SF205,각주항목(09.06월 이후)
23381,202206,0010095,신영증권주식회사,C2,파생상품계약_장외파생상품,24756664608284,국내증권사,B,SF205,각주항목(09.06월 이후)
23382,202206,0010095,신영증권주식회사,C21,파생상품계약_장외파생상품_이자율관련거래,19674213758168,국내증권사,B,SF205,각주항목(09.06월 이후)
23383,202206,0010095,신영증권주식회사,C22,파생상품계약_장외파생상품_통화관련거래,2696331732422,국내증권사,B,SF205,각주항목(09.06월 이후)
23384,202206,0010095,신영증권주식회사,C23,파생상품계약_장외파생상품_주식관련거래,2114631117694,국내증권사,B,SF205,각주항목(09.06월 이후)
23385,202206,0010095,신영증권주식회사,C24,파생상품계약_장외파생상품_신용관련거래,271488000000,국내증권사,B,SF205,각주항목(09.06월 이후)
23386,202206,0010095,신영증권주식회사,C25,파생상품계약_장외파생상품_기타,0,국내증권사,B,SF205,각주항목(09.06월 이후)
23387,202206,0010095,신영증권주식회사,D,대차 및 대주거래,1445210669465,국내증권사,B,SF205,각주항목(09.06월 이후)
23388,202206,0010095,신영증권주식회사,D1,대차 및 대주거래_대여증권,79083820500,국내증권사,B,SF205,각주항목(09.06월 이후)
23389,202206,0010095,신영증권주식회사,D2,대차 및 대주거래_차입증권,1366126848965,국내증권사,B,SF205,각주항목(09.06월 이후)
23390,202206,0010095,신영증권주식회사,D3,대차 및 대주거래_신용거래대주, ,국내증권사,B,SF205,각주항목(09.06월 이후)
23391,202206,0010095,신영증권주식회사,E,대손상각채권, ,국내증권사,B,SF205,각주항목(09.06월 이후)
23392,202206,0010095,신영증권주식회사,F,환전업무 예치금,0,국내증권사,B,SF205,각주항목(09.06월 이후)
23393,202206,0010095,신영증권주식회사,G,미배당별도예치금,1307737,국내증권사,B,SF205,각주항목(09.06월 이후)
23394,202206,0010095,신영증권주식회사,H,배서어음매출(종금계정),0,국내증권사,B,SF205,각주항목(09.06월 이후)
23395,202206,0010095,신영증권주식회사,H1,대출채권매매이익_담보부, ,국내증권사,B,SF205,각주항목(09.06월 이후)
23396,202206,0010095,신영증권주식회사,H2,대출채권매매이익_무담보부, ,국내증권사,B,SF205,각주항목(09.06월 이후)
23397,202209,0010095,신영증권주식회사,A,채무보증,484600000000,국내증권사,B,SF205,각주항목(09.06월 이후)
23398,202209,0010095,신영증권주식회사,A1,채무보증_지급보증,0,국내증권사,B,SF205,각주항목(09.06월 이후)
23399,202209,0010095,신영증권주식회사,A2,채무보증_매입보장약정,116000000000,국내증권사,B,SF205,각주항목(09.06월 이후)
23400,202209,0010095,신영증권주식회사,A3,채무보증_채무인수약정, ,국내증권사,B,SF205,각주항목(09.06월 이후)
23401,202209,0010095,신영증권주식회사,A5,채무보증_매입확약,368600000000,국내증권사,B,SF205,각주항목(09.06월 이후)
23402,202209,0010095,신영증권주식회사,A6,채무보증_기타, ,국내증권사,B,SF205,각주항목(09.06월 이후)
23403,202209,0010095,신영증권주식회사,B,투자자의 예수증권 등,10821842038599,국내증권사,B,SF205,각주항목(09.06월 이후)
23404,202209,0010095,신영증권주식회사,B1,투자자의 예수증권 등_예수 증권,10821842038599,국내증권사,B,SF205,각주항목(09.06월 이후)
23405,202209,0010095,신영증권주식회사,B2,투자자의 예수증권 등_예수양도성예금증서, ,국내증권사,B,SF205,각주항목(09.06월 이후)
23406,202209,0010095,신영증권주식회사,B3,투자자의 예수증권 등_기타, ,국내증권사,B,SF205,각주항목(09.06월 이후)
23407,202209,0010095,신영증권주식회사,C,파생상품계약,26617203804675,국내증권사,B,SF205,각주항목(09.06월 이후)
23408,202209,0010095,신영증권주식회사,C1,파생상품계약_장내파생상품,627765456283,국내증권사,B,SF205,각주항목(09.06월 이후)
23409,202209,0010095,신영증권주식회사,C11,파생상품계약_장내파생상품_이자율관련거래,140053545797,국내증권사,B,SF205,각주항목(09.06월 이후)
23410,202209,0010095,신영증권주식회사,C12,파생상품계약_장내파생상품_통화관련거래,4640328000,국내증권사,B,SF205,각주항목(09.06월 이후)
23411,202209,0010095,신영증권주식회사,C13,파생상품계약_장내파생상품_주식관련거래,483071582486,국내증권사,B,SF205,각주항목(09.06월 이후)
23412,202209,0010095,신영증권주식회사,C14,파생상품계약_장내파생상품_일반상품관련거래,0,국내증권사,B,SF205,각주항목(09.06월 이후)
23413,202209,0010095,신영증권주식회사,C15,파생상품계약_장내파생상품_기타,0,국내증권사,B,SF205,각주항목(09.06월 이후)
23414,202209,0010095,신영증권주식회사,C2,파생상품계약_장외파생상품,25989438348392,국내증권사,B,SF205,각주항목(09.06월 이후)
23415,202209,0010095,신영증권주식회사,C21,파생상품계약_장외파생상품_이자율관련거래,20652256508168,국내증권사,B,SF205,각주항목(09.06월 이후)
23416,202209,0010095,신영증권주식회사,C22,파생상품계약_장외파생상품_통화관련거래,3007049379343,국내증권사,B,SF205,각주항목(09.06월 이후)
23417,202209,0010095,신영증권주식회사,C23,파생상품계약_장외파생상품_주식관련거래,2028824460881,국내증권사,B,SF205,각주항목(09.06월 이후)
23418,202209,0010095,신영증권주식회사,C24,파생상품계약_장외파생상품_신용관련거래,301308000000,국내증권사,B,SF205,각주항목(09.06월 이후)
23419,202209,0010095,신영증권주식회사,C25,파생상품계약_장외파생상품_기타,0,국내증권사,B,SF205,각주항목(09.06월 이후)
23420,202209,0010095,신영증권주식회사,D,대차 및 대주거래,1101920646670,국내증권사,B,SF205,각주항목(09.06월 이후)
23421,202209,0010095,신영증권주식회사,D1,대차 및 대주거래_대여증권,9628019665,국내증권사,B,SF205,각주항목(09.06월 이후)
23422,202209,0010095,신영증권주식회사,D2,대차 및 대주거래_차입증권,1092292627005,국내증권사,B,SF205,각주항목(09.06월 이후)
23423,202209,0010095,신영증권주식회사,D3,대차 및 대주거래_신용거래대주, ,국내증권사,B,SF205,각주항목(09.06월 이후)
23424,202209,0010095,신영증권주식회사,E,대손상각채권, ,국내증권사,B,SF205,각주항목(09.06월 이후)
23425,202209,0010095,신영증권주식회사,F,환전업무 예치금,0,국내증권사,B,SF205,각주항목(09.06월 이후)
23426,202209,0010095,신영증권주식회사,G,미배당별도예치금,640249,국내증권사,B,SF205,각주항목(09.06월 이후)
23427,202209,0010095,신영증권주식회사,H,배서어음매출(종금계정),0,국내증권사,B,SF205,각주항목(09.06월 이후)
23428,202209,0010095,신영증권주식회사,H1,대출채권매매이익_담보부,0,국내증권사,B,SF205,각주항목(09.06월 이후)
23429,202209,0010095,신영증권주식회사,H2,대출채권매매이익_무담보부,0,국내증권사,B,SF205,각주항목(09.06월 이후)
23430,202212,0010095,신영증권주식회사,A,채무보증,443500000000,국내증권사,B,SF205,각주항목(09.06월 이후)
23431,202212,0010095,신영증권주식회사,A1,채무보증_지급보증,0,국내증권사,B,SF205,각주항목(09.06월 이후)
23432,202212,0010095,신영증권주식회사,A2,채무보증_매입보장약정,76000000000,국내증권사,B,SF205,각주항목(09.06월 이후)
23433,202212,0010095,신영증권주식회사,A3,채무보증_채무인수약정, ,국내증권사,B,SF205,각주항목(09.06월 이후)
23434,202212,0010095,신영증권주식회사,A5,채무보증_매입확약,367500000000,국내증권사,B,SF205,각주항목(09.06월 이후)
23435,202212,0010095,신영증권주식회사,A6,채무보증_기타, ,국내증권사,B,SF205,각주항목(09.06월 이후)
23436,202212,0010095,신영증권주식회사,B,투자자의 예수증권 등,11195888848811,국내증권사,B,SF205,각주항목(09.06월 이후)
23437,202212,0010095,신영증권주식회사,B1,투자자의 예수증권 등_예수 증권,11195888848811,국내증권사,B,SF205,각주항목(09.06월 이후)
23438,202212,0010095,신영증권주식회사,B2,투자자의 예수증권 등_예수양도성예금증서, ,국내증권사,B,SF205,각주항목(09.06월 이후)
23439,202212,0010095,신영증권주식회사,B3,투자자의 예수증권 등_기타, ,국내증권사,B,SF205,각주항목(09.06월 이후)
23440,202212,0010095,신영증권주식회사,C,파생상품계약,26047621679733,국내증권사,B,SF205,각주항목(09.06월 이후)
23441,202212,0010095,신영증권주식회사,C1,파생상품계약_장내파생상품,906445317786,국내증권사,B,SF205,각주항목(09.06월 이후)
23442,202212,0010095,신영증권주식회사,C11,파생상품계약_장내파생상품_이자율관련거래,525422188921,국내증권사,B,SF205,각주항목(09.06월 이후)
23443,202212,0010095,신영증권주식회사,C12,파생상품계약_장내파생상품_통화관련거래,4360800000,국내증권사,B,SF205,각주항목(09.06월 이후)
23444,202212,0010095,신영증권주식회사,C13,파생상품계약_장내파생상품_주식관련거래,376662328865,국내증권사,B,SF205,각주항목(09.06월 이후)
23445,202212,0010095,신영증권주식회사,C14,파생상품계약_장내파생상품_일반상품관련거래,0,국내증권사,B,SF205,각주항목(09.06월 이후)
23446,202212,0010095,신영증권주식회사,C15,파생상품계약_장내파생상품_기타,0,국내증권사,B,SF205,각주항목(09.06월 이후)
23447,202212,0010095,신영증권주식회사,C2,파생상품계약_장외파생상품,25141176361947,국내증권사,B,SF205,각주항목(09.06월 이후)
23448,202212,0010095,신영증권주식회사,C21,파생상품계약_장외파생상품_이자율관련거래,20038930357476,국내증권사,B,SF205,각주항목(09.06월 이후)
23449,202212,0010095,신영증권주식회사,C22,파생상품계약_장외파생상품_통화관련거래,3004417772965,국내증권사,B,SF205,각주항목(09.06월 이후)
23450,202212,0010095,신영증권주식회사,C23,파생상품계약_장외파생상품_주식관련거래,1831695231506,국내증권사,B,SF205,각주항목(09.06월 이후)
23451,202212,0010095,신영증권주식회사,C24,파생상품계약_장외파생상품_신용관련거래,266133000000,국내증권사,B,SF205,각주항목(09.06월 이후)
23452,202212,0010095,신영증권주식회사,C25,파생상품계약_장외파생상품_기타,0,국내증권사,B,SF205,각주항목(09.06월 이후)
23453,202212,0010095,신영증권주식회사,D,대차 및 대주거래,1397615146054,국내증권사,B,SF205,각주항목(09.06월 이후)
23454,202212,0010095,신영증권주식회사,D1,대차 및 대주거래_대여증권,7547181937,국내증권사,B,SF205,각주항목(09.06월 이후)
23455,202212,0010095,신영증권주식회사,D2,대차 및 대주거래_차입증권,1390067964117,국내증권사,B,SF205,각주항목(09.06월 이후)
23456,202212,0010095,신영증권주식회사,D3,대차 및 대주거래_신용거래대주, ,국내증권사,B,SF205,각주항목(09.06월 이후)
23457,202212,0010095,신영증권주식회사,E,대손상각채권, ,국내증권사,B,SF205,각주항목(09.06월 이후)
23458,202212,0010095,신영증권주식회사,F,환전업무 예치금,0,국내증권사,B,SF205,각주항목(09.06월 이후)
23459,202212,0010095,신영증권주식회사,G,미배당별도예치금,1539807,국내증권사,B,SF205,각주항목(09.06월 이후)
23460,202212,0010095,신영증권주식회사,H,배서어음매출(종금계정),0,국내증권사,B,SF205,각주항목(09.06월 이후)
23461,202212,0010095,신영증권주식회사,H1,대출채권매매이익_담보부, ,국내증권사,B,SF205,각주항목(09.06월 이후)
23462,202212,0010095,신영증권주식회사,H2,대출채권매매이익_무담보부, ,국내증권사,B,SF205,각주항목(09.06월 이후)
23463,202303,0010095,신영증권주식회사,A,채무보증,407100000000,국내증권사,B,SF205,각주항목(09.06월 이후)
23464,202303,0010095,신영증권주식회사,A1,채무보증_지급보증,0,국내증권사,B,SF205,각주항목(09.06월 이후)
23465,202303,0010095,신영증권주식회사,A2,채무보증_매입보장약정,69600000000,국내증권사,B,SF205,각주항목(09.06월 이후)
23466,202303,0010095,신영증권주식회사,A3,채무보증_채무인수약정, ,국내증권사,B,SF205,각주항목(09.06월 이후)
23467,202303,0010095,신영증권주식회사,A5,채무보증_매입확약,337500000000,국내증권사,B,SF205,각주항목(09.06월 이후)
23468,202303,0010095,신영증권주식회사,A6,채무보증_기타, ,국내증권사,B,SF205,각주항목(09.06월 이후)
23469,202303,0010095,신영증권주식회사,B,투자자의 예수증권 등,12125801025299,국내증권사,B,SF205,각주항목(09.06월 이후)
23470,202303,0010095,신영증권주식회사,B1,투자자의 예수증권 등_예수 증권,12125801025299,국내증권사,B,SF205,각주항목(09.06월 이후)
23471,202303,0010095,신영증권주식회사,B2,투자자의 예수증권 등_예수양도성예금증서, ,국내증권사,B,SF205,각주항목(09.06월 이후)
23472,202303,0010095,신영증권주식회사,B3,투자자의 예수증권 등_기타, ,국내증권사,B,SF205,각주항목(09.06월 이후)
23473,202303,0010095,신영증권주식회사,C,파생상품계약,27300070324929,국내증권사,B,SF205,각주항목(09.06월 이후)
23474,202303,0010095,신영증권주식회사,C1,파생상품계약_장내파생상품,1177988425449,국내증권사,B,SF205,각주항목(09.06월 이후)
23475,202303,0010095,신영증권주식회사,C11,파생상품계약_장내파생상품_이자율관련거래,649140154753,국내증권사,B,SF205,각주항목(09.06월 이후)
23476,202303,0010095,신영증권주식회사,C12,파생상품계약_장내파생상품_통화관련거래,90958000,국내증권사,B,SF205,각주항목(09.06월 이후)
23477,202303,0010095,신영증권주식회사,C13,파생상품계약_장내파생상품_주식관련거래,528757312696,국내증권사,B,SF205,각주항목(09.06월 이후)
23478,202303,0010095,신영증권주식회사,C14,파생상품계약_장내파생상품_일반상품관련거래,0,국내증권사,B,SF205,각주항목(09.06월 이후)
23479,202303,0010095,신영증권주식회사,C15,파생상품계약_장내파생상품_기타,0,국내증권사,B,SF205,각주항목(09.06월 이후)
23480,202303,0010095,신영증권주식회사,C2,파생상품계약_장외파생상품,26122081899480,국내증권사,B,SF205,각주항목(09.06월 이후)
23481,202303,0010095,신영증권주식회사,C21,파생상품계약_장외파생상품_이자율관련거래,20871953907476,국내증권사,B,SF205,각주항목(09.06월 이후)
23482,202303,0010095,신영증권주식회사,C22,파생상품계약_장외파생상품_통화관련거래,3133759585065,국내증권사,B,SF205,각주항목(09.06월 이후)
23483,202303,0010095,신영증권주식회사,C23,파생상품계약_장외파생상품_주식관련거래,1842570406939,국내증권사,B,SF205,각주항목(09.06월 이후)
23484,202303,0010095,신영증권주식회사,C24,파생상품계약_장외파생상품_신용관련거래,273798000000,국내증권사,B,SF205,각주항목(09.06월 이후)
23485,202303,0010095,신영증권주식회사,C25,파생상품계약_장외파생상품_기타,0,국내증권사,B,SF205,각주항목(09.06월 이후)
23486,202303,0010095,신영증권주식회사,D,대차 및 대주거래,1382975549190,국내증권사,B,SF205,각주항목(09.06월 이후)
23487,202303,0010095,신영증권주식회사,D1,대차 및 대주거래_대여증권,33235238160,국내증권사,B,SF205,각주항목(09.06월 이후)
23488,202303,0010095,신영증권주식회사,D2,대차 및 대주거래_차입증권,1349740311030,국내증권사,B,SF205,각주항목(09.06월 이후)
23489,202303,0010095,신영증권주식회사,D3,대차 및 대주거래_신용거래대주, ,국내증권사,B,SF205,각주항목(09.06월 이후)
23490,202303,0010095,신영증권주식회사,E,대손상각채권, ,국내증권사,B,SF205,각주항목(09.06월 이후)
23491,202303,0010095,신영증권주식회사,F,환전업무 예치금,0,국내증권사,B,SF205,각주항목(09.06월 이후)
23492,202303,0010095,신영증권주식회사,G,미배당별도예치금,816400,국내증권사,B,SF205,각주항목(09.06월 이후)
23493,202303,0010095,신영증권주식회사,H,배서어음매출(종금계정),0,국내증권사,B,SF205,각주항목(09.06월 이후)
23494,202303,0010095,신영증권주식회사,H1,대출채권매매이익_담보부, ,국내증권사,B,SF205,각주항목(09.06월 이후)
23495,202303,0010095,신영증권주식회사,H2,대출채권매매이익_무담보부, ,국내증권사,B,SF205,각주항목(09.06월 이후)
23496,202306,0010095,신영증권주식회사,A,채무보증,415600000000,국내증권사,B,SF205,각주항목(09.06월 이후)
23497,202306,0010095,신영증권주식회사,A1,채무보증_지급보증,0,국내증권사,B,SF205,각주항목(09.06월 이후)
23498,202306,0010095,신영증권주식회사,A2,채무보증_매입보장약정,51200000000,국내증권사,B,SF205,각주항목(09.06월 이후)
23499,202306,0010095,신영증권주식회사,A3,채무보증_채무인수약정, ,국내증권사,B,SF205,각주항목(09.06월 이후)
23500,202306,0010095,신영증권주식회사,A5,채무보증_매입확약,364400000000,국내증권사,B,SF205,각주항목(09.06월 이후)
23501,202306,0010095,신영증권주식회사,A6,채무보증_기타, ,국내증권사,B,SF205,각주항목(09.06월 이후)
23502,202306,0010095,신영증권주식회사,B,투자자의 예수증권 등,12171224714147,국내증권사,B,SF205,각주항목(09.06월 이후)
23503,202306,0010095,신영증권주식회사,B1,투자자의 예수증권 등_예수 증권,12171224714147,국내증권사,B,SF205,각주항목(09.06월 이후)
23504,202306,0010095,신영증권주식회사,B2,투자자의 예수증권 등_예수양도성예금증서, ,국내증권사,B,SF205,각주항목(09.06월 이후)
23505,202306,0010095,신영증권주식회사,B3,투자자의 예수증권 등_기타, ,국내증권사,B,SF205,각주항목(09.06월 이후)
23506,202306,0010095,신영증권주식회사,C,파생상품계약,30723581076296,국내증권사,B,SF205,각주항목(09.06월 이후)
23507,202306,0010095,신영증권주식회사,C1,파생상품계약_장내파생상품,1446102911695,국내증권사,B,SF205,각주항목(09.06월 이후)
23508,202306,0010095,신영증권주식회사,C11,파생상품계약_장내파생상품_이자율관련거래,615684517800,국내증권사,B,SF205,각주항목(09.06월 이후)
23509,202306,0010095,신영증권주식회사,C12,파생상품계약_장내파생상품_통화관련거래,1935843000,국내증권사,B,SF205,각주항목(09.06월 이후)
23510,202306,0010095,신영증권주식회사,C13,파생상품계약_장내파생상품_주식관련거래,828482550895,국내증권사,B,SF205,각주항목(09.06월 이후)
23511,202306,0010095,신영증권주식회사,C14,파생상품계약_장내파생상품_일반상품관련거래,0,국내증권사,B,SF205,각주항목(09.06월 이후)
23512,202306,0010095,신영증권주식회사,C15,파생상품계약_장내파생상품_기타,0,국내증권사,B,SF205,각주항목(09.06월 이후)
23513,202306,0010095,신영증권주식회사,C2,파생상품계약_장외파생상품,29277478164601,국내증권사,B,SF205,각주항목(09.06월 이후)
23514,202306,0010095,신영증권주식회사,C21,파생상품계약_장외파생상품_이자율관련거래,24067299247476,국내증권사,B,SF205,각주항목(09.06월 이후)
23515,202306,0010095,신영증권주식회사,C22,파생상품계약_장외파생상품_통화관련거래,3038909199212,국내증권사,B,SF205,각주항목(09.06월 이후)
23516,202306,0010095,신영증권주식회사,C23,파생상품계약_장외파생상품_주식관련거래,1961221717913,국내증권사,B,SF205,각주항목(09.06월 이후)
23517,202306,0010095,신영증권주식회사,C24,파생상품계약_장외파생상품_신용관련거래,210048000000,국내증권사,B,SF205,각주항목(09.06월 이후)
23518,202306,0010095,신영증권주식회사,C25,파생상품계약_장외파생상품_기타,0,국내증권사,B,SF205,각주항목(09.06월 이후)
23519,202306,0010095,신영증권주식회사,D,대차 및 대주거래,1496888299945,국내증권사,B,SF205,각주항목(09.06월 이후)
23520,202306,0010095,신영증권주식회사,D1,대차 및 대주거래_대여증권,35625211860,국내증권사,B,SF205,각주항목(09.06월 이후)
23521,202306,0010095,신영증권주식회사,D2,대차 및 대주거래_차입증권,1461263088085,국내증권사,B,SF205,각주항목(09.06월 이후)
23522,202306,0010095,신영증권주식회사,D3,대차 및 대주거래_신용거래대주, ,국내증권사,B,SF205,각주항목(09.06월 이후)
23523,202306,0010095,신영증권주식회사,E,대손상각채권, ,국내증권사,B,SF205,각주항목(09.06월 이후)
23524,202306,0010095,신영증권주식회사,F,환전업무 예치금,0,국내증권사,B,SF205,각주항목(09.06월 이후)
23525,202306,0010095,신영증권주식회사,G,미배당별도예치금,12767387,국내증권사,B,SF205,각주항목(09.06월 이후)
23526,202306,0010095,신영증권주식회사,H,배서어음매출(종금계정),0,국내증권사,B,SF205,각주항목(09.06월 이후)
23527,202306,0010095,신영증권주식회사,H1,대출채권매매이익_담보부, ,국내증권사,B,SF205,각주항목(09.06월 이후)
23528,202306,0010095,신영증권주식회사,H2,대출채권매매이익_무담보부, ,국내증권사,B,SF205,각주항목(09.06월 이후)
23529,202309,0010095,신영증권주식회사,A,채무보증,401200000000,국내증권사,B,SF205,각주항목(09.06월 이후)
23530,202309,0010095,신영증권주식회사,A1,채무보증_지급보증,0,국내증권사,B,SF205,각주항목(09.06월 이후)
23531,202309,0010095,신영증권주식회사,A2,채무보증_매입보장약정,30000000000,국내증권사,B,SF205,각주항목(09.06월 이후)
23532,202309,0010095,신영증권주식회사,A3,채무보증_채무인수약정, ,국내증권사,B,SF205,각주항목(09.06월 이후)
23533,202309,0010095,신영증권주식회사,A5,채무보증_매입확약,371200000000,국내증권사,B,SF205,각주항목(09.06월 이후)
23534,202309,0010095,신영증권주식회사,A6,채무보증_기타, ,국내증권사,B,SF205,각주항목(09.06월 이후)
23535,202309,0010095,신영증권주식회사,B,투자자의 예수증권 등,11738022686622,국내증권사,B,SF205,각주항목(09.06월 이후)
23536,202309,0010095,신영증권주식회사,B1,투자자의 예수증권 등_예수 증권,11738022686622,국내증권사,B,SF205,각주항목(09.06월 이후)
23537,202309,0010095,신영증권주식회사,B2,투자자의 예수증권 등_예수양도성예금증서, ,국내증권사,B,SF205,각주항목(09.06월 이후)
23538,202309,0010095,신영증권주식회사,B3,투자자의 예수증권 등_기타, ,국내증권사,B,SF205,각주항목(09.06월 이후)
23539,202309,0010095,신영증권주식회사,C,파생상품계약,32147181889710,국내증권사,B,SF205,각주항목(09.06월 이후)
23540,202309,0010095,신영증권주식회사,C1,파생상품계약_장내파생상품,1648101157365,국내증권사,B,SF205,각주항목(09.06월 이후)
23541,202309,0010095,신영증권주식회사,C11,파생상품계약_장내파생상품_이자율관련거래,707348930228,국내증권사,B,SF205,각주항목(09.06월 이후)
23542,202309,0010095,신영증권주식회사,C12,파생상품계약_장내파생상품_통화관련거래,3062230000,국내증권사,B,SF205,각주항목(09.06월 이후)
23543,202309,0010095,신영증권주식회사,C13,파생상품계약_장내파생상품_주식관련거래,937689997137,국내증권사,B,SF205,각주항목(09.06월 이후)
23544,202309,0010095,신영증권주식회사,C14,파생상품계약_장내파생상품_일반상품관련거래,0,국내증권사,B,SF205,각주항목(09.06월 이후)
23545,202309,0010095,신영증권주식회사,C15,파생상품계약_장내파생상품_기타,0,국내증권사,B,SF205,각주항목(09.06월 이후)
23546,202309,0010095,신영증권주식회사,C2,파생상품계약_장외파생상품,30499080732345,국내증권사,B,SF205,각주항목(09.06월 이후)
23547,202309,0010095,신영증권주식회사,C21,파생상품계약_장외파생상품_이자율관련거래,25043492296014,국내증권사,B,SF205,각주항목(09.06월 이후)
23548,202309,0010095,신영증권주식회사,C22,파생상품계약_장외파생상품_통화관련거래,3205507844694,국내증권사,B,SF205,각주항목(09.06월 이후)
23549,202309,0010095,신영증권주식회사,C23,파생상품계약_장외파생상품_주식관련거래,2034912591637,국내증권사,B,SF205,각주항목(09.06월 이후)
23550,202309,0010095,신영증권주식회사,C24,파생상품계약_장외파생상품_신용관련거래,215168000000,국내증권사,B,SF205,각주항목(09.06월 이후)
23551,202309,0010095,신영증권주식회사,C25,파생상품계약_장외파생상품_기타,0,국내증권사,B,SF205,각주항목(09.06월 이후)
23552,202309,0010095,신영증권주식회사,D,대차 및 대주거래,990303979380,국내증권사,B,SF205,각주항목(09.06월 이후)
23553,202309,0010095,신영증권주식회사,D1,대차 및 대주거래_대여증권,35378718825,국내증권사,B,SF205,각주항목(09.06월 이후)
23554,202309,0010095,신영증권주식회사,D2,대차 및 대주거래_차입증권,954925260555,국내증권사,B,SF205,각주항목(09.06월 이후)
23555,202309,0010095,신영증권주식회사,D3,대차 및 대주거래_신용거래대주, ,국내증권사,B,SF205,각주항목(09.06월 이후)
23556,202309,0010095,신영증권주식회사,E,대손상각채권, ,국내증권사,B,SF205,각주항목(09.06월 이후)
23557,202309,0010095,신영증권주식회사,F,환전업무 예치금,0,국내증권사,B,SF205,각주항목(09.06월 이후)
23558,202309,0010095,신영증권주식회사,G,미배당별도예치금,13011904,국내증권사,B,SF205,각주항목(09.06월 이후)
23559,202309,0010095,신영증권주식회사,H,배서어음매출(종금계정),0,국내증권사,B,SF205,각주항목(09.06월 이후)
23560,202309,0010095,신영증권주식회사,H1,대출채권매매이익_담보부, ,국내증권사,B,SF205,각주항목(09.06월 이후)
23561,202309,0010095,신영증권주식회사,H2,대출채권매매이익_무담보부, ,국내증권사,B,SF205,각주항목(09.06월 이후)
23562,202312,0010095,신영증권주식회사,A,채무보증,490300000000,국내증권사,B,SF205,각주항목(09.06월 이후)
23563,202312,0010095,신영증권주식회사,A1,채무보증_지급보증,0,국내증권사,B,SF205,각주항목(09.06월 이후)
23564,202312,0010095,신영증권주식회사,A2,채무보증_매입보장약정,30000000000,국내증권사,B,SF205,각주항목(09.06월 이후)
23565,202312,0010095,신영증권주식회사,A3,채무보증_채무인수약정, ,국내증권사,B,SF205,각주항목(09.06월 이후)
23566,202312,0010095,신영증권주식회사,A5,채무보증_매입확약,460300000000,국내증권사,B,SF205,각주항목(09.06월 이후)
23567,202312,0010095,신영증권주식회사,A6,채무보증_기타, ,국내증권사,B,SF205,각주항목(09.06월 이후)
23568,202312,0010095,신영증권주식회사,B,투자자의 예수증권 등,12537881275062,국내증권사,B,SF205,각주항목(09.06월 이후)
23569,202312,0010095,신영증권주식회사,B1,투자자의 예수증권 등_예수 증권,12537881275062,국내증권사,B,SF205,각주항목(09.06월 이후)
23570,202312,0010095,신영증권주식회사,B2,투자자의 예수증권 등_예수양도성예금증서, ,국내증권사,B,SF205,각주항목(09.06월 이후)
23571,202312,0010095,신영증권주식회사,B3,투자자의 예수증권 등_기타, ,국내증권사,B,SF205,각주항목(09.06월 이후)
23572,202312,0010095,신영증권주식회사,C,파생상품계약,32196702345966,국내증권사,B,SF205,각주항목(09.06월 이후)
23573,202312,0010095,신영증권주식회사,C1,파생상품계약_장내파생상품,2305969269512,국내증권사,B,SF205,각주항목(09.06월 이후)
23574,202312,0010095,신영증권주식회사,C11,파생상품계약_장내파생상품_이자율관련거래,1192144336151,국내증권사,B,SF205,각주항목(09.06월 이후)
23575,202312,0010095,신영증권주식회사,C12,파생상품계약_장내파생상품_통화관련거래,218841000,국내증권사,B,SF205,각주항목(09.06월 이후)
23576,202312,0010095,신영증권주식회사,C13,파생상품계약_장내파생상품_주식관련거래,1113606092361,국내증권사,B,SF205,각주항목(09.06월 이후)
23577,202312,0010095,신영증권주식회사,C14,파생상품계약_장내파생상품_일반상품관련거래,0,국내증권사,B,SF205,각주항목(09.06월 이후)
23578,202312,0010095,신영증권주식회사,C15,파생상품계약_장내파생상품_기타,0,국내증권사,B,SF205,각주항목(09.06월 이후)
23579,202312,0010095,신영증권주식회사,C2,파생상품계약_장외파생상품,29890733076454,국내증권사,B,SF205,각주항목(09.06월 이후)
23580,202312,0010095,신영증권주식회사,C21,파생상품계약_장외파생상품_이자율관련거래,25081746074534,국내증권사,B,SF205,각주항목(09.06월 이후)
23581,202312,0010095,신영증권주식회사,C22,파생상품계약_장외파생상품_통화관련거래,2929775363684,국내증권사,B,SF205,각주항목(09.06월 이후)
23582,202312,0010095,신영증권주식회사,C23,파생상품계약_장외파생상품_주식관련거래,1672907638236,국내증권사,B,SF205,각주항목(09.06월 이후)
23583,202312,0010095,신영증권주식회사,C24,파생상품계약_장외파생상품_신용관련거래,206304000000,국내증권사,B,SF205,각주항목(09.06월 이후)
23584,202312,0010095,신영증권주식회사,C25,파생상품계약_장외파생상품_기타,0,국내증권사,B,SF205,각주항목(09.06월 이후)
23585,202312,0010095,신영증권주식회사,D,대차 및 대주거래,1361831857350,국내증권사,B,SF205,각주항목(09.06월 이후)
23586,202312,0010095,신영증권주식회사,D1,대차 및 대주거래_대여증권,8160659030,국내증권사,B,SF205,각주항목(09.06월 이후)
23587,202312,0010095,신영증권주식회사,D2,대차 및 대주거래_차입증권,1353671198320,국내증권사,B,SF205,각주항목(09.06월 이후)
23588,202312,0010095,신영증권주식회사,D3,대차 및 대주거래_신용거래대주, ,국내증권사,B,SF205,각주항목(09.06월 이후)
23589,202312,0010095,신영증권주식회사,E,대손상각채권, ,국내증권사,B,SF205,각주항목(09.06월 이후)
23590,202312,0010095,신영증권주식회사,F,환전업무 예치금,0,국내증권사,B,SF205,각주항목(09.06월 이후)
23591,202312,0010095,신영증권주식회사,G,미배당별도예치금,14759104,국내증권사,B,SF205,각주항목(09.06월 이후)
23592,202312,0010095,신영증권주식회사,H,배서어음매출(종금계정),0,국내증권사,B,SF205,각주항목(09.06월 이후)
23593,202312,0010095,신영증권주식회사,H1,대출채권매매이익_담보부, ,국내증권사,B,SF205,각주항목(09.06월 이후)
23594,202312,0010095,신영증권주식회사,H2,대출채권매매이익_무담보부, ,국내증권사,B,SF205,각주항목(09.06월 이후)
23595,202403,0010095,신영증권주식회사,A,채무보증,209600000000,국내증권사,B,SF205,각주항목(09.06월 이후)
23596,202403,0010095,신영증권주식회사,A1,채무보증_지급보증,0,국내증권사,B,SF205,각주항목(09.06월 이후)
23597,202403,0010095,신영증권주식회사,A2,채무보증_매입보장약정, ,국내증권사,B,SF205,각주항목(09.06월 이후)
23598,202403,0010095,신영증권주식회사,A3,채무보증_채무인수약정, ,국내증권사,B,SF205,각주항목(09.06월 이후)
23599,202403,0010095,신영증권주식회사,A5,채무보증_매입확약,209600000000,국내증권사,B,SF205,각주항목(09.06월 이후)
23600,202403,0010095,신영증권주식회사,A6,채무보증_기타, ,국내증권사,B,SF205,각주항목(09.06월 이후)
23601,202403,0010095,신영증권주식회사,B,투자자의 예수증권 등,11766384205435,국내증권사,B,SF205,각주항목(09.06월 이후)
23602,202403,0010095,신영증권주식회사,B1,투자자의 예수증권 등_예수 증권,11766384205435,국내증권사,B,SF205,각주항목(09.06월 이후)
23603,202403,0010095,신영증권주식회사,B2,투자자의 예수증권 등_예수양도성예금증서, ,국내증권사,B,SF205,각주항목(09.06월 이후)
23604,202403,0010095,신영증권주식회사,B3,투자자의 예수증권 등_기타, ,국내증권사,B,SF205,각주항목(09.06월 이후)
23605,202403,0010095,신영증권주식회사,C,파생상품계약,30998013361211,국내증권사,B,SF205,각주항목(09.06월 이후)
23606,202403,0010095,신영증권주식회사,C1,파생상품계약_장내파생상품,1441266219007,국내증권사,B,SF205,각주항목(09.06월 이후)
23607,202403,0010095,신영증권주식회사,C11,파생상품계약_장내파생상품_이자율관련거래,477931405630,국내증권사,B,SF205,각주항목(09.06월 이후)
23608,202403,0010095,신영증권주식회사,C12,파생상품계약_장내파생상품_통화관련거래,7951314000,국내증권사,B,SF205,각주항목(09.06월 이후)
23609,202403,0010095,신영증권주식회사,C13,파생상품계약_장내파생상품_주식관련거래,955383499377,국내증권사,B,SF205,각주항목(09.06월 이후)
23610,202403,0010095,신영증권주식회사,C14,파생상품계약_장내파생상품_일반상품관련거래,0,국내증권사,B,SF205,각주항목(09.06월 이후)
23611,202403,0010095,신영증권주식회사,C15,파생상품계약_장내파생상품_기타,0,국내증권사,B,SF205,각주항목(09.06월 이후)
23612,202403,0010095,신영증권주식회사,C2,파생상품계약_장외파생상품,29556747142204,국내증권사,B,SF205,각주항목(09.06월 이후)
23613,202403,0010095,신영증권주식회사,C21,파생상품계약_장외파생상품_이자율관련거래,25439245734534,국내증권사,B,SF205,각주항목(09.06월 이후)
23614,202403,0010095,신영증권주식회사,C22,파생상품계약_장외파생상품_통화관련거래,2595682770262,국내증권사,B,SF205,각주항목(09.06월 이후)
23615,202403,0010095,신영증권주식회사,C23,파생상품계약_장외파생상품_주식관련거래,1306330637408,국내증권사,B,SF205,각주항목(09.06월 이후)
23616,202403,0010095,신영증권주식회사,C24,파생상품계약_장외파생상품_신용관련거래,215488000000,국내증권사,B,SF205,각주항목(09.06월 이후)
23617,202403,0010095,신영증권주식회사,C25,파생상품계약_장외파생상품_기타,0,국내증권사,B,SF205,각주항목(09.06월 이후)
23618,202403,0010095,신영증권주식회사,D,대차 및 대주거래,800165072182,국내증권사,B,SF205,각주항목(09.06월 이후)
23619,202403,0010095,신영증권주식회사,D1,대차 및 대주거래_대여증권,11911042350,국내증권사,B,SF205,각주항목(09.06월 이후)
23620,202403,0010095,신영증권주식회사,D2,대차 및 대주거래_차입증권,788254029832,국내증권사,B,SF205,각주항목(09.06월 이후)
23621,202403,0010095,신영증권주식회사,D3,대차 및 대주거래_신용거래대주, ,국내증권사,B,SF205,각주항목(09.06월 이후)
23622,202403,0010095,신영증권주식회사,E,대손상각채권,12865226023,국내증권사,B,SF205,각주항목(09.06월 이후)
23623,202403,0010095,신영증권주식회사,F,환전업무 예치금,0,국내증권사,B,SF205,각주항목(09.06월 이후)
23624,202403,0010095,신영증권주식회사,G,미배당별도예치금,7284552,국내증권사,B,SF205,각주항목(09.06월 이후)
23625,202403,0010095,신영증권주식회사,H,배서어음매출(종금계정),0,국내증권사,B,SF205,각주항목(09.06월 이후)
23626,202403,0010095,신영증권주식회사,H1,대출채권매매이익_담보부, ,국내증권사,B,SF205,각주항목(09.06월 이후)
23627,202403,0010095,신영증권주식회사,H2,대출채권매매이익_무담보부, ,국내증권사,B,SF205,각주항목(09.06월 이후)
23628,202406,0010095,신영증권주식회사,A,채무보증,173100000000,국내증권사,B,SF205,각주항목(09.06월 이후)
23629,202406,0010095,신영증권주식회사,A1,채무보증_지급보증,0,국내증권사,B,SF205,각주항목(09.06월 이후)
23630,202406,0010095,신영증권주식회사,A2,채무보증_매입보장약정, ,국내증권사,B,SF205,각주항목(09.06월 이후)
23631,202406,0010095,신영증권주식회사,A3,채무보증_채무인수약정, ,국내증권사,B,SF205,각주항목(09.06월 이후)
23632,202406,0010095,신영증권주식회사,A5,채무보증_매입확약,173100000000,국내증권사,B,SF205,각주항목(09.06월 이후)
23633,202406,0010095,신영증권주식회사,A6,채무보증_기타, ,국내증권사,B,SF205,각주항목(09.06월 이후)
23634,202406,0010095,신영증권주식회사,B,투자자의 예수증권 등,11132038763560,국내증권사,B,SF205,각주항목(09.06월 이후)
23635,202406,0010095,신영증권주식회사,B1,투자자의 예수증권 등_예수 증권,11132038763560,국내증권사,B,SF205,각주항목(09.06월 이후)
23636,202406,0010095,신영증권주식회사,B2,투자자의 예수증권 등_예수양도성예금증서, ,국내증권사,B,SF205,각주항목(09.06월 이후)
23637,202406,0010095,신영증권주식회사,B3,투자자의 예수증권 등_기타, ,국내증권사,B,SF205,각주항목(09.06월 이후)
23638,202406,0010095,신영증권주식회사,C,파생상품계약,29161159764657,국내증권사,B,SF205,각주항목(09.06월 이후)
23639,202406,0010095,신영증권주식회사,C1,파생상품계약_장내파생상품,1471981410847,국내증권사,B,SF205,각주항목(09.06월 이후)
23640,202406,0010095,신영증권주식회사,C11,파생상품계약_장내파생상품_이자율관련거래,509205758561,국내증권사,B,SF205,각주항목(09.06월 이후)
23641,202406,0010095,신영증권주식회사,C12,파생상품계약_장내파생상품_통화관련거래,1114074000,국내증권사,B,SF205,각주항목(09.06월 이후)
23642,202406,0010095,신영증권주식회사,C13,파생상품계약_장내파생상품_주식관련거래,961661578286,국내증권사,B,SF205,각주항목(09.06월 이후)
23643,202406,0010095,신영증권주식회사,C14,파생상품계약_장내파생상품_일반상품관련거래,0,국내증권사,B,SF205,각주항목(09.06월 이후)
23644,202406,0010095,신영증권주식회사,C15,파생상품계약_장내파생상품_기타,0,국내증권사,B,SF205,각주항목(09.06월 이후)
23645,202406,0010095,신영증권주식회사,C2,파생상품계약_장외파생상품,27689178353810,국내증권사,B,SF205,각주항목(09.06월 이후)
23646,202406,0010095,신영증권주식회사,C21,파생상품계약_장외파생상품_이자율관련거래,25148608590323,국내증권사,B,SF205,각주항목(09.06월 이후)
23647,202406,0010095,신영증권주식회사,C22,파생상품계약_장외파생상품_통화관련거래,2010157454050,국내증권사,B,SF205,각주항목(09.06월 이후)
23648,202406,0010095,신영증권주식회사,C23,파생상품계약_장외파생상품_주식관련거래,460952309437,국내증권사,B,SF205,각주항목(09.06월 이후)
23649,202406,0010095,신영증권주식회사,C24,파생상품계약_장외파생상품_신용관련거래,69460000000,국내증권사,B,SF205,각주항목(09.06월 이후)
23650,202406,0010095,신영증권주식회사,C25,파생상품계약_장외파생상품_기타,0,국내증권사,B,SF205,각주항목(09.06월 이후)
23651,202406,0010095,신영증권주식회사,D,대차 및 대주거래,591595683797,국내증권사,B,SF205,각주항목(09.06월 이후)
23652,202406,0010095,신영증권주식회사,D1,대차 및 대주거래_대여증권,2909622060,국내증권사,B,SF205,각주항목(09.06월 이후)
23653,202406,0010095,신영증권주식회사,D2,대차 및 대주거래_차입증권,588686061737,국내증권사,B,SF205,각주항목(09.06월 이후)
23654,202406,0010095,신영증권주식회사,D3,대차 및 대주거래_신용거래대주, ,국내증권사,B,SF205,각주항목(09.06월 이후)
23655,202406,0010095,신영증권주식회사,E,대손상각채권, ,국내증권사,B,SF205,각주항목(09.06월 이후)
23656,202406,0010095,신영증권주식회사,F,환전업무 예치금,0,국내증권사,B,SF205,각주항목(09.06월 이후)
23657,202406,0010095,신영증권주식회사,G,미배당별도예치금,5525522,국내증권사,B,SF205,각주항목(09.06월 이후)
23658,202406,0010095,신영증권주식회사,H,배서어음매출(종금계정),0,국내증권사,B,SF205,각주항목(09.06월 이후)
23659,202406,0010095,신영증권주식회사,H1,대출채권매매이익_담보부, ,국내증권사,B,SF205,각주항목(09.06월 이후)
23660,202406,0010095,신영증권주식회사,H2,대출채권매매이익_무담보부, ,국내증권사,B,SF205,각주항목(09.06월 이후)
23661,202409,0010095,신영증권주식회사,A,채무보증,193100000000,국내증권사,B,SF205,각주항목(09.06월 이후)
23662,202409,0010095,신영증권주식회사,A1,채무보증_지급보증,0,국내증권사,B,SF205,각주항목(09.06월 이후)
23663,202409,0010095,신영증권주식회사,A2,채무보증_매입보장약정, ,국내증권사,B,SF205,각주항목(09.06월 이후)
23664,202409,0010095,신영증권주식회사,A3,채무보증_채무인수약정, ,국내증권사,B,SF205,각주항목(09.06월 이후)
23665,202409,0010095,신영증권주식회사,A5,채무보증_매입확약,193100000000,국내증권사,B,SF205,각주항목(09.06월 이후)
23666,202409,0010095,신영증권주식회사,A6,채무보증_기타, ,국내증권사,B,SF205,각주항목(09.06월 이후)
23667,202409,0010095,신영증권주식회사,B,투자자의 예수증권 등,11421838845387,국내증권사,B,SF205,각주항목(09.06월 이후)
23668,202409,0010095,신영증권주식회사,B1,투자자의 예수증권 등_예수 증권,11421838845387,국내증권사,B,SF205,각주항목(09.06월 이후)
23669,202409,0010095,신영증권주식회사,B2,투자자의 예수증권 등_예수양도성예금증서, ,국내증권사,B,SF205,각주항목(09.06월 이후)
23670,202409,0010095,신영증권주식회사,B3,투자자의 예수증권 등_기타, ,국내증권사,B,SF205,각주항목(09.06월 이후)
23671,202409,0010095,신영증권주식회사,C,파생상품계약,30050658538433,국내증권사,B,SF205,각주항목(09.06월 이후)
23672,202409,0010095,신영증권주식회사,C1,파생상품계약_장내파생상품,1788776476625,국내증권사,B,SF205,각주항목(09.06월 이후)
23673,202409,0010095,신영증권주식회사,C11,파생상품계약_장내파생상품_이자율관련거래,879189952371,국내증권사,B,SF205,각주항목(09.06월 이후)
23674,202409,0010095,신영증권주식회사,C12,파생상품계약_장내파생상품_통화관련거래,627120000,국내증권사,B,SF205,각주항목(09.06월 이후)
23675,202409,0010095,신영증권주식회사,C13,파생상품계약_장내파생상품_주식관련거래,908959404254,국내증권사,B,SF205,각주항목(09.06월 이후)
23676,202409,0010095,신영증권주식회사,C14,파생상품계약_장내파생상품_일반상품관련거래,0,국내증권사,B,SF205,각주항목(09.06월 이후)
23677,202409,0010095,신영증권주식회사,C15,파생상품계약_장내파생상품_기타,0,국내증권사,B,SF205,각주항목(09.06월 이후)
23678,202409,0010095,신영증권주식회사,C2,파생상품계약_장외파생상품,28261882061808,국내증권사,B,SF205,각주항목(09.06월 이후)
23679,202409,0010095,신영증권주식회사,C21,파생상품계약_장외파생상품_이자율관련거래,26051733230323,국내증권사,B,SF205,각주항목(09.06월 이후)
23680,202409,0010095,신영증권주식회사,C22,파생상품계약_장외파생상품_통화관련거래,1740829612881,국내증권사,B,SF205,각주항목(09.06월 이후)
23681,202409,0010095,신영증권주식회사,C23,파생상품계약_장외파생상품_주식관련거래,403339218604,국내증권사,B,SF205,각주항목(09.06월 이후)
23682,202409,0010095,신영증권주식회사,C24,파생상품계약_장외파생상품_신용관련거래,65980000000,국내증권사,B,SF205,각주항목(09.06월 이후)
23683,202409,0010095,신영증권주식회사,C25,파생상품계약_장외파생상품_기타,0,국내증권사,B,SF205,각주항목(09.06월 이후)
23684,202409,0010095,신영증권주식회사,D,대차 및 대주거래,698806590834,국내증권사,B,SF205,각주항목(09.06월 이후)
23685,202409,0010095,신영증권주식회사,D1,대차 및 대주거래_대여증권,1157947720,국내증권사,B,SF205,각주항목(09.06월 이후)
23686,202409,0010095,신영증권주식회사,D2,대차 및 대주거래_차입증권,697648643114,국내증권사,B,SF205,각주항목(09.06월 이후)
23687,202409,0010095,신영증권주식회사,D3,대차 및 대주거래_신용거래대주, ,국내증권사,B,SF205,각주항목(09.06월 이후)
23688,202409,0010095,신영증권주식회사,E,대손상각채권, ,국내증권사,B,SF205,각주항목(09.06월 이후)
23689,202409,0010095,신영증권주식회사,F,환전업무 예치금,0,국내증권사,B,SF205,각주항목(09.06월 이후)
23690,202409,0010095,신영증권주식회사,G,미배당별도예치금,6624723,국내증권사,B,SF205,각주항목(09.06월 이후)
23691,202409,0010095,신영증권주식회사,H,배서어음매출(종금계정),0,국내증권사,B,SF205,각주항목(09.06월 이후)
23692,202409,0010095,신영증권주식회사,H1,대출채권매매이익_담보부, ,국내증권사,B,SF205,각주항목(09.06월 이후)
23693,202409,0010095,신영증권주식회사,H2,대출채권매매이익_무담보부, ,국내증권사,B,SF205,각주항목(09.06월 이후)
23694,202412,0010095,신영증권주식회사,A,채무보증,207200000000,국내증권사,B,SF205,각주항목(09.06월 이후)
23695,202412,0010095,신영증권주식회사,A1,채무보증_지급보증,0,국내증권사,B,SF205,각주항목(09.06월 이후)
23696,202412,0010095,신영증권주식회사,A2,채무보증_매입보장약정,0,국내증권사,B,SF205,각주항목(09.06월 이후)
23697,202412,0010095,신영증권주식회사,A3,채무보증_채무인수약정, ,국내증권사,B,SF205,각주항목(09.06월 이후)
23698,202412,0010095,신영증권주식회사,A5,채무보증_매입확약,207200000000,국내증권사,B,SF205,각주항목(09.06월 이후)
23699,202412,0010095,신영증권주식회사,A6,채무보증_기타, ,국내증권사,B,SF205,각주항목(09.06월 이후)
23700,202412,0010095,신영증권주식회사,B,투자자의 예수증권 등,11219227195062,국내증권사,B,SF205,각주항목(09.06월 이후)
23701,202412,0010095,신영증권주식회사,B1,투자자의 예수증권 등_예수 증권,11219227195062,국내증권사,B,SF205,각주항목(09.06월 이후)
23702,202412,0010095,신영증권주식회사,B2,투자자의 예수증권 등_예수양도성예금증서, ,국내증권사,B,SF205,각주항목(09.06월 이후)
23703,202412,0010095,신영증권주식회사,B3,투자자의 예수증권 등_기타, ,국내증권사,B,SF205,각주항목(09.06월 이후)
23704,202412,0010095,신영증권주식회사,C,파생상품계약,29933146292191,국내증권사,B,SF205,각주항목(09.06월 이후)
23705,202412,0010095,신영증권주식회사,C1,파생상품계약_장내파생상품,1398499392007,국내증권사,B,SF205,각주항목(09.06월 이후)
23706,202412,0010095,신영증권주식회사,C11,파생상품계약_장내파생상품_이자율관련거래,758331139634,국내증권사,B,SF205,각주항목(09.06월 이후)
23707,202412,0010095,신영증권주식회사,C12,파생상품계약_장내파생상품_통화관련거래,220740000,국내증권사,B,SF205,각주항목(09.06월 이후)
23708,202412,0010095,신영증권주식회사,C13,파생상품계약_장내파생상품_주식관련거래,639947512373,국내증권사,B,SF205,각주항목(09.06월 이후)
23709,202412,0010095,신영증권주식회사,C14,파생상품계약_장내파생상품_일반상품관련거래,0,국내증권사,B,SF205,각주항목(09.06월 이후)
23710,202412,0010095,신영증권주식회사,C15,파생상품계약_장내파생상품_기타,0,국내증권사,B,SF205,각주항목(09.06월 이후)
23711,202412,0010095,신영증권주식회사,C2,파생상품계약_장외파생상품,28534646900184,국내증권사,B,SF205,각주항목(09.06월 이후)
23712,202412,0010095,신영증권주식회사,C21,파생상품계약_장외파생상품_이자율관련거래,26242210896166,국내증권사,B,SF205,각주항목(09.06월 이후)
23713,202412,0010095,신영증권주식회사,C22,파생상품계약_장외파생상품_통화관련거래,1789484025459,국내증권사,B,SF205,각주항목(09.06월 이후)
23714,202412,0010095,신영증권주식회사,C23,파생상품계약_장외파생상품_주식관련거래,429451978559,국내증권사,B,SF205,각주항목(09.06월 이후)
23715,202412,0010095,신영증권주식회사,C24,파생상품계약_장외파생상품_신용관련거래,73500000000,국내증권사,B,SF205,각주항목(09.06월 이후)
23716,202412,0010095,신영증권주식회사,C25,파생상품계약_장외파생상품_기타,0,국내증권사,B,SF205,각주항목(09.06월 이후)
23717,202412,0010095,신영증권주식회사,D,대차 및 대주거래,511753595747,국내증권사,B,SF205,각주항목(09.06월 이후)
23718,202412,0010095,신영증권주식회사,D1,대차 및 대주거래_대여증권,110266820,국내증권사,B,SF205,각주항목(09.06월 이후)
23719,202412,0010095,신영증권주식회사,D2,대차 및 대주거래_차입증권,511643328927,국내증권사,B,SF205,각주항목(09.06월 이후)
23720,202412,0010095,신영증권주식회사,D3,대차 및 대주거래_신용거래대주, ,국내증권사,B,SF205,각주항목(09.06월 이후)
23721,202412,0010095,신영증권주식회사,E,대손상각채권, ,국내증권사,B,SF205,각주항목(09.06월 이후)
23722,202412,0010095,신영증권주식회사,F,환전업무 예치금,0,국내증권사,B,SF205,각주항목(09.06월 이후)
23723,202412,0010095,신영증권주식회사,G,미배당별도예치금,20236568,국내증권사,B,SF205,각주항목(09.06월 이후)
23724,202412,0010095,신영증권주식회사,H,배서어음매출(종금계정),0,국내증권사,B,SF205,각주항목(09.06월 이후)
23725,202412,0010095,신영증권주식회사,H1,대출채권매매이익_담보부, ,국내증권사,B,SF205,각주항목(09.06월 이후)
23726,202412,0010095,신영증권주식회사,H2,대출채권매매이익_무담보부, ,국내증권사,B,SF205,각주항목(09.06월 이후)
23727,201703,0010091,신한투자증권 주식회사,A,채무보증,583500000000,국내증권사,B,SF205,각주항목(09.06월 이후)
23728,201703,0010091,신한투자증권 주식회사,A1,채무보증_지급보증,0,국내증권사,B,SF205,각주항목(09.06월 이후)
23729,201703,0010091,신한투자증권 주식회사,A2,채무보증_매입보장약정,30000000000,국내증권사,B,SF205,각주항목(09.06월 이후)
23730,201703,0010091,신한투자증권 주식회사,A3,채무보증_채무인수약정,0,국내증권사,B,SF205,각주항목(09.06월 이후)
23731,201703,0010091,신한투자증권 주식회사,A5,채무보증_매입확약,553500000000,국내증권사,B,SF205,각주항목(09.06월 이후)
23732,201703,0010091,신한투자증권 주식회사,A6,채무보증_기타,0,국내증권사,B,SF205,각주항목(09.06월 이후)
23733,201703,0010091,신한투자증권 주식회사,B,투자자의 예수증권 등,110358445672098,국내증권사,B,SF205,각주항목(09.06월 이후)
23734,201703,0010091,신한투자증권 주식회사,B1,투자자의 예수증권 등_예수 증권,110358445672098,국내증권사,B,SF205,각주항목(09.06월 이후)
23735,201703,0010091,신한투자증권 주식회사,B2,투자자의 예수증권 등_예수양도성예금증서,0,국내증권사,B,SF205,각주항목(09.06월 이후)
23736,201703,0010091,신한투자증권 주식회사,B3,투자자의 예수증권 등_기타,0,국내증권사,B,SF205,각주항목(09.06월 이후)
23737,201703,0010091,신한투자증권 주식회사,C,파생상품계약,65126105936713,국내증권사,B,SF205,각주항목(09.06월 이후)
23738,201703,0010091,신한투자증권 주식회사,C1,파생상품계약_장내파생상품,6525012009331,국내증권사,B,SF205,각주항목(09.06월 이후)
23739,201703,0010091,신한투자증권 주식회사,C11,파생상품계약_장내파생상품_이자율관련거래,1475641114538,국내증권사,B,SF205,각주항목(09.06월 이후)
23740,201703,0010091,신한투자증권 주식회사,C12,파생상품계약_장내파생상품_통화관련거래,736798154686,국내증권사,B,SF205,각주항목(09.06월 이후)
23741,201703,0010091,신한투자증권 주식회사,C13,파생상품계약_장내파생상품_주식관련거래,4057012938306,국내증권사,B,SF205,각주항목(09.06월 이후)
23742,201703,0010091,신한투자증권 주식회사,C14,파생상품계약_장내파생상품_일반상품관련거래,255559801801,국내증권사,B,SF205,각주항목(09.06월 이후)
23743,201703,0010091,신한투자증권 주식회사,C15,파생상품계약_장내파생상품_기타,0,국내증권사,B,SF205,각주항목(09.06월 이후)
23744,201703,0010091,신한투자증권 주식회사,C2,파생상품계약_장외파생상품,58601093927382,국내증권사,B,SF205,각주항목(09.06월 이후)
23745,201703,0010091,신한투자증권 주식회사,C21,파생상품계약_장외파생상품_이자율관련거래,26815592863500,국내증권사,B,SF205,각주항목(09.06월 이후)
23746,201703,0010091,신한투자증권 주식회사,C22,파생상품계약_장외파생상품_통화관련거래,19104345175997,국내증권사,B,SF205,각주항목(09.06월 이후)
23747,201703,0010091,신한투자증권 주식회사,C23,파생상품계약_장외파생상품_주식관련거래,10579031228279,국내증권사,B,SF205,각주항목(09.06월 이후)
23748,201703,0010091,신한투자증권 주식회사,C24,파생상품계약_장외파생상품_신용관련거래,1244805925188,국내증권사,B,SF205,각주항목(09.06월 이후)
23749,201703,0010091,신한투자증권 주식회사,C25,파생상품계약_장외파생상품_기타,857318734418,국내증권사,B,SF205,각주항목(09.06월 이후)
23750,201703,0010091,신한투자증권 주식회사,D,대차 및 대주거래,806425176117,국내증권사,B,SF205,각주항목(09.06월 이후)
23751,201703,0010091,신한투자증권 주식회사,D1,대차 및 대주거래_대여증권,0,국내증권사,B,SF205,각주항목(09.06월 이후)
23752,201703,0010091,신한투자증권 주식회사,D2,대차 및 대주거래_차입증권,806425176117,국내증권사,B,SF205,각주항목(09.06월 이후)
23753,201703,0010091,신한투자증권 주식회사,D3,대차 및 대주거래_신용거래대주,0,국내증권사,B,SF205,각주항목(09.06월 이후)
23754,201703,0010091,신한투자증권 주식회사,E,대손상각채권,0,국내증권사,B,SF205,각주항목(09.06월 이후)
23755,201703,0010091,신한투자증권 주식회사,F,환전업무 예치금,0,국내증권사,B,SF205,각주항목(09.06월 이후)
23756,201703,0010091,신한투자증권 주식회사,G,미배당별도예치금,1889392476,국내증권사,B,SF205,각주항목(09.06월 이후)
23757,201703,0010091,신한투자증권 주식회사,H,배서어음매출(종금계정),0,국내증권사,B,SF205,각주항목(09.06월 이후)
23758,201703,0010091,신한투자증권 주식회사,H1,대출채권매매이익_담보부,0,국내증권사,B,SF205,각주항목(09.06월 이후)
23759,201703,0010091,신한투자증권 주식회사,H2,대출채권매매이익_무담보부,0,국내증권사,B,SF205,각주항목(09.06월 이후)
23760,201706,0010091,신한투자증권 주식회사,A,채무보증,661647840000,국내증권사,B,SF205,각주항목(09.06월 이후)
23761,201706,0010091,신한투자증권 주식회사,A1,채무보증_지급보증,0,국내증권사,B,SF205,각주항목(09.06월 이후)
23762,201706,0010091,신한투자증권 주식회사,A2,채무보증_매입보장약정,30000000000,국내증권사,B,SF205,각주항목(09.06월 이후)
23763,201706,0010091,신한투자증권 주식회사,A3,채무보증_채무인수약정,0,국내증권사,B,SF205,각주항목(09.06월 이후)
23764,201706,0010091,신한투자증권 주식회사,A5,채무보증_매입확약,631647840000,국내증권사,B,SF205,각주항목(09.06월 이후)
23765,201706,0010091,신한투자증권 주식회사,A6,채무보증_기타,0,국내증권사,B,SF205,각주항목(09.06월 이후)
23766,201706,0010091,신한투자증권 주식회사,B,투자자의 예수증권 등,115003664134185,국내증권사,B,SF205,각주항목(09.06월 이후)
23767,201706,0010091,신한투자증권 주식회사,B1,투자자의 예수증권 등_예수 증권,115003664134185,국내증권사,B,SF205,각주항목(09.06월 이후)
23768,201706,0010091,신한투자증권 주식회사,B2,투자자의 예수증권 등_예수양도성예금증서,0,국내증권사,B,SF205,각주항목(09.06월 이후)
23769,201706,0010091,신한투자증권 주식회사,B3,투자자의 예수증권 등_기타,0,국내증권사,B,SF205,각주항목(09.06월 이후)
23770,201706,0010091,신한투자증권 주식회사,C,파생상품계약,54834630318429,국내증권사,B,SF205,각주항목(09.06월 이후)
23771,201706,0010091,신한투자증권 주식회사,C1,파생상품계약_장내파생상품,7589825097276,국내증권사,B,SF205,각주항목(09.06월 이후)
23772,201706,0010091,신한투자증권 주식회사,C11,파생상품계약_장내파생상품_이자율관련거래,1197679166739,국내증권사,B,SF205,각주항목(09.06월 이후)
23773,201706,0010091,신한투자증권 주식회사,C12,파생상품계약_장내파생상품_통화관련거래,852813483833,국내증권사,B,SF205,각주항목(09.06월 이후)
23774,201706,0010091,신한투자증권 주식회사,C13,파생상품계약_장내파생상품_주식관련거래,5113372443071,국내증권사,B,SF205,각주항목(09.06월 이후)
23775,201706,0010091,신한투자증권 주식회사,C14,파생상품계약_장내파생상품_일반상품관련거래,425960003633,국내증권사,B,SF205,각주항목(09.06월 이후)
23776,201706,0010091,신한투자증권 주식회사,C15,파생상품계약_장내파생상품_기타,0,국내증권사,B,SF205,각주항목(09.06월 이후)
23777,201706,0010091,신한투자증권 주식회사,C2,파생상품계약_장외파생상품,47244805221153,국내증권사,B,SF205,각주항목(09.06월 이후)
23778,201706,0010091,신한투자증권 주식회사,C21,파생상품계약_장외파생상품_이자율관련거래,27151344686000,국내증권사,B,SF205,각주항목(09.06월 이후)
23779,201706,0010091,신한투자증권 주식회사,C22,파생상품계약_장외파생상품_통화관련거래,12437193286565,국내증권사,B,SF205,각주항목(09.06월 이후)
23780,201706,0010091,신한투자증권 주식회사,C23,파생상품계약_장외파생상품_주식관련거래,5197322463034,국내증권사,B,SF205,각주항목(09.06월 이후)
23781,201706,0010091,신한투자증권 주식회사,C24,파생상품계약_장외파생상품_신용관련거래,1590600815688,국내증권사,B,SF205,각주항목(09.06월 이후)
23782,201706,0010091,신한투자증권 주식회사,C25,파생상품계약_장외파생상품_기타,868343969866,국내증권사,B,SF205,각주항목(09.06월 이후)
23783,201706,0010091,신한투자증권 주식회사,D,대차 및 대주거래,5699562499136,국내증권사,B,SF205,각주항목(09.06월 이후)
23784,201706,0010091,신한투자증권 주식회사,D1,대차 및 대주거래_대여증권,741546507799,국내증권사,B,SF205,각주항목(09.06월 이후)
23785,201706,0010091,신한투자증권 주식회사,D2,대차 및 대주거래_차입증권,4958015991337,국내증권사,B,SF205,각주항목(09.06월 이후)
23786,201706,0010091,신한투자증권 주식회사,D3,대차 및 대주거래_신용거래대주,0,국내증권사,B,SF205,각주항목(09.06월 이후)
23787,201706,0010091,신한투자증권 주식회사,E,대손상각채권,0,국내증권사,B,SF205,각주항목(09.06월 이후)
23788,201706,0010091,신한투자증권 주식회사,F,환전업무 예치금,0,국내증권사,B,SF205,각주항목(09.06월 이후)
23789,201706,0010091,신한투자증권 주식회사,G,미배당별도예치금,2558555017,국내증권사,B,SF205,각주항목(09.06월 이후)
23790,201706,0010091,신한투자증권 주식회사,H,배서어음매출(종금계정),0,국내증권사,B,SF205,각주항목(09.06월 이후)
23791,201706,0010091,신한투자증권 주식회사,H1,대출채권매매이익_담보부,0,국내증권사,B,SF205,각주항목(09.06월 이후)
23792,201706,0010091,신한투자증권 주식회사,H2,대출채권매매이익_무담보부,0,국내증권사,B,SF205,각주항목(09.06월 이후)
23793,201709,0010091,신한투자증권 주식회사,A,채무보증,802066120000,국내증권사,B,SF205,각주항목(09.06월 이후)
23794,201709,0010091,신한투자증권 주식회사,A1,채무보증_지급보증,22934000000,국내증권사,B,SF205,각주항목(09.06월 이후)
23795,201709,0010091,신한투자증권 주식회사,A2,채무보증_매입보장약정,44200000000,국내증권사,B,SF205,각주항목(09.06월 이후)
23796,201709,0010091,신한투자증권 주식회사,A3,채무보증_채무인수약정,0,국내증권사,B,SF205,각주항목(09.06월 이후)
23797,201709,0010091,신한투자증권 주식회사,A5,채무보증_매입확약,734932120000,국내증권사,B,SF205,각주항목(09.06월 이후)
23798,201709,0010091,신한투자증권 주식회사,A6,채무보증_기타,0,국내증권사,B,SF205,각주항목(09.06월 이후)
23799,201709,0010091,신한투자증권 주식회사,B,투자자의 예수증권 등,114840405832959,국내증권사,B,SF205,각주항목(09.06월 이후)
23800,201709,0010091,신한투자증권 주식회사,B1,투자자의 예수증권 등_예수 증권,114840405832959,국내증권사,B,SF205,각주항목(09.06월 이후)
23801,201709,0010091,신한투자증권 주식회사,B2,투자자의 예수증권 등_예수양도성예금증서,0,국내증권사,B,SF205,각주항목(09.06월 이후)
23802,201709,0010091,신한투자증권 주식회사,B3,투자자의 예수증권 등_기타,0,국내증권사,B,SF205,각주항목(09.06월 이후)
23803,201709,0010091,신한투자증권 주식회사,C,파생상품계약,59884372518684,국내증권사,B,SF205,각주항목(09.06월 이후)
23804,201709,0010091,신한투자증권 주식회사,C1,파생상품계약_장내파생상품,6236747245549,국내증권사,B,SF205,각주항목(09.06월 이후)
23805,201709,0010091,신한투자증권 주식회사,C11,파생상품계약_장내파생상품_이자율관련거래,1141413636077,국내증권사,B,SF205,각주항목(09.06월 이후)
23806,201709,0010091,신한투자증권 주식회사,C12,파생상품계약_장내파생상품_통화관련거래,1238109015049,국내증권사,B,SF205,각주항목(09.06월 이후)
23807,201709,0010091,신한투자증권 주식회사,C13,파생상품계약_장내파생상품_주식관련거래,3692669363682,국내증권사,B,SF205,각주항목(09.06월 이후)
23808,201709,0010091,신한투자증권 주식회사,C14,파생상품계약_장내파생상품_일반상품관련거래,164555230741,국내증권사,B,SF205,각주항목(09.06월 이후)
23809,201709,0010091,신한투자증권 주식회사,C15,파생상품계약_장내파생상품_기타,0,국내증권사,B,SF205,각주항목(09.06월 이후)
23810,201709,0010091,신한투자증권 주식회사,C2,파생상품계약_장외파생상품,53647625273135,국내증권사,B,SF205,각주항목(09.06월 이후)
23811,201709,0010091,신한투자증권 주식회사,C21,파생상품계약_장외파생상품_이자율관련거래,27222675384500,국내증권사,B,SF205,각주항목(09.06월 이후)
23812,201709,0010091,신한투자증권 주식회사,C22,파생상품계약_장외파생상품_통화관련거래,18090005489937,국내증권사,B,SF205,각주항목(09.06월 이후)
23813,201709,0010091,신한투자증권 주식회사,C23,파생상품계약_장외파생상품_주식관련거래,5329640687361,국내증권사,B,SF205,각주항목(09.06월 이후)
23814,201709,0010091,신한투자증권 주식회사,C24,파생상품계약_장외파생상품_신용관련거래,2276900321988,국내증권사,B,SF205,각주항목(09.06월 이후)
23815,201709,0010091,신한투자증권 주식회사,C25,파생상품계약_장외파생상품_기타,728403389349,국내증권사,B,SF205,각주항목(09.06월 이후)
23816,201709,0010091,신한투자증권 주식회사,D,대차 및 대주거래,6404502459877,국내증권사,B,SF205,각주항목(09.06월 이후)
23817,201709,0010091,신한투자증권 주식회사,D1,대차 및 대주거래_대여증권,780460497189,국내증권사,B,SF205,각주항목(09.06월 이후)
23818,201709,0010091,신한투자증권 주식회사,D2,대차 및 대주거래_차입증권,5624041962688,국내증권사,B,SF205,각주항목(09.06월 이후)
23819,201709,0010091,신한투자증권 주식회사,D3,대차 및 대주거래_신용거래대주,0,국내증권사,B,SF205,각주항목(09.06월 이후)
23820,201709,0010091,신한투자증권 주식회사,E,대손상각채권,0,국내증권사,B,SF205,각주항목(09.06월 이후)
23821,201709,0010091,신한투자증권 주식회사,F,환전업무 예치금,0,국내증권사,B,SF205,각주항목(09.06월 이후)
23822,201709,0010091,신한투자증권 주식회사,G,미배당별도예치금,2113133159,국내증권사,B,SF205,각주항목(09.06월 이후)
23823,201709,0010091,신한투자증권 주식회사,H,배서어음매출(종금계정),0,국내증권사,B,SF205,각주항목(09.06월 이후)
23824,201709,0010091,신한투자증권 주식회사,H1,대출채권매매이익_담보부,0,국내증권사,B,SF205,각주항목(09.06월 이후)
23825,201709,0010091,신한투자증권 주식회사,H2,대출채권매매이익_무담보부,0,국내증권사,B,SF205,각주항목(09.06월 이후)
23826,201712,0010091,신한투자증권 주식회사,A,채무보증,879217380000,국내증권사,B,SF205,각주항목(09.06월 이후)
23827,201712,0010091,신한투자증권 주식회사,A1,채무보증_지급보증,21428000000,국내증권사,B,SF205,각주항목(09.06월 이후)
23828,201712,0010091,신한투자증권 주식회사,A2,채무보증_매입보장약정,99200000000,국내증권사,B,SF205,각주항목(09.06월 이후)
23829,201712,0010091,신한투자증권 주식회사,A3,채무보증_채무인수약정,0,국내증권사,B,SF205,각주항목(09.06월 이후)
23830,201712,0010091,신한투자증권 주식회사,A5,채무보증_매입확약,758589380000,국내증권사,B,SF205,각주항목(09.06월 이후)
23831,201712,0010091,신한투자증권 주식회사,A6,채무보증_기타,0,국내증권사,B,SF205,각주항목(09.06월 이후)
23832,201712,0010091,신한투자증권 주식회사,B,투자자의 예수증권 등,116762440023489,국내증권사,B,SF205,각주항목(09.06월 이후)
23833,201712,0010091,신한투자증권 주식회사,B1,투자자의 예수증권 등_예수 증권,116762440023489,국내증권사,B,SF205,각주항목(09.06월 이후)
23834,201712,0010091,신한투자증권 주식회사,B2,투자자의 예수증권 등_예수양도성예금증서,0,국내증권사,B,SF205,각주항목(09.06월 이후)
23835,201712,0010091,신한투자증권 주식회사,B3,투자자의 예수증권 등_기타,0,국내증권사,B,SF205,각주항목(09.06월 이후)
23836,201712,0010091,신한투자증권 주식회사,C,파생상품계약,59578707529154,국내증권사,B,SF205,각주항목(09.06월 이후)
23837,201712,0010091,신한투자증권 주식회사,C1,파생상품계약_장내파생상품,6035602858006,국내증권사,B,SF205,각주항목(09.06월 이후)
23838,201712,0010091,신한투자증권 주식회사,C11,파생상품계약_장내파생상품_이자율관련거래,1050158665357,국내증권사,B,SF205,각주항목(09.06월 이후)
23839,201712,0010091,신한투자증권 주식회사,C12,파생상품계약_장내파생상품_통화관련거래,1131772764390,국내증권사,B,SF205,각주항목(09.06월 이후)
23840,201712,0010091,신한투자증권 주식회사,C13,파생상품계약_장내파생상품_주식관련거래,3731276928653,국내증권사,B,SF205,각주항목(09.06월 이후)
23841,201712,0010091,신한투자증권 주식회사,C14,파생상품계약_장내파생상품_일반상품관련거래,122394499606,국내증권사,B,SF205,각주항목(09.06월 이후)
23842,201712,0010091,신한투자증권 주식회사,C15,파생상품계약_장내파생상품_기타,0,국내증권사,B,SF205,각주항목(09.06월 이후)
23843,201712,0010091,신한투자증권 주식회사,C2,파생상품계약_장외파생상품,53543104671148,국내증권사,B,SF205,각주항목(09.06월 이후)
23844,201712,0010091,신한투자증권 주식회사,C21,파생상품계약_장외파생상품_이자율관련거래,28786955999000,국내증권사,B,SF205,각주항목(09.06월 이후)
23845,201712,0010091,신한투자증권 주식회사,C22,파생상품계약_장외파생상품_통화관련거래,16907305910602,국내증권사,B,SF205,각주항목(09.06월 이후)
23846,201712,0010091,신한투자증권 주식회사,C23,파생상품계약_장외파생상품_주식관련거래,4590235784662,국내증권사,B,SF205,각주항목(09.06월 이후)
23847,201712,0010091,신한투자증권 주식회사,C24,파생상품계약_장외파생상품_신용관련거래,2444908939556,국내증권사,B,SF205,각주항목(09.06월 이후)
23848,201712,0010091,신한투자증권 주식회사,C25,파생상품계약_장외파생상품_기타,813698037328,국내증권사,B,SF205,각주항목(09.06월 이후)
23849,201712,0010091,신한투자증권 주식회사,D,대차 및 대주거래,6865959579205,국내증권사,B,SF205,각주항목(09.06월 이후)
23850,201712,0010091,신한투자증권 주식회사,D1,대차 및 대주거래_대여증권,848530895690,국내증권사,B,SF205,각주항목(09.06월 이후)
23851,201712,0010091,신한투자증권 주식회사,D2,대차 및 대주거래_차입증권,6017428683515,국내증권사,B,SF205,각주항목(09.06월 이후)
23852,201712,0010091,신한투자증권 주식회사,D3,대차 및 대주거래_신용거래대주,0,국내증권사,B,SF205,각주항목(09.06월 이후)
23853,201712,0010091,신한투자증권 주식회사,E,대손상각채권,0,국내증권사,B,SF205,각주항목(09.06월 이후)
23854,201712,0010091,신한투자증권 주식회사,F,환전업무 예치금,0,국내증권사,B,SF205,각주항목(09.06월 이후)
23855,201712,0010091,신한투자증권 주식회사,G,미배당별도예치금,3104689026,국내증권사,B,SF205,각주항목(09.06월 이후)
23856,201712,0010091,신한투자증권 주식회사,H,배서어음매출(종금계정),0,국내증권사,B,SF205,각주항목(09.06월 이후)
23857,201712,0010091,신한투자증권 주식회사,H1,대출채권매매이익_담보부,0,국내증권사,B,SF205,각주항목(09.06월 이후)
23858,201712,0010091,신한투자증권 주식회사,H2,대출채권매매이익_무담보부,0,국내증권사,B,SF205,각주항목(09.06월 이후)
23859,201803,0010091,신한투자증권 주식회사,A,채무보증,2258630783905,국내증권사,B,SF205,각주항목(09.06월 이후)
23860,201803,0010091,신한투자증권 주식회사,A1,채무보증_지급보증,21330000000,국내증권사,B,SF205,각주항목(09.06월 이후)
23861,201803,0010091,신한투자증권 주식회사,A2,채무보증_매입보장약정,99200000000,국내증권사,B,SF205,각주항목(09.06월 이후)
23862,201803,0010091,신한투자증권 주식회사,A3,채무보증_채무인수약정,0,국내증권사,B,SF205,각주항목(09.06월 이후)
23863,201803,0010091,신한투자증권 주식회사,A5,채무보증_매입확약,913100783905,국내증권사,B,SF205,각주항목(09.06월 이후)
23864,201803,0010091,신한투자증권 주식회사,A6,채무보증_기타,1225000000000,국내증권사,B,SF205,각주항목(09.06월 이후)
23865,201803,0010091,신한투자증권 주식회사,B,투자자의 예수증권 등,125724524933054,국내증권사,B,SF205,각주항목(09.06월 이후)
23866,201803,0010091,신한투자증권 주식회사,B1,투자자의 예수증권 등_예수 증권,125724524933054,국내증권사,B,SF205,각주항목(09.06월 이후)
23867,201803,0010091,신한투자증권 주식회사,B2,투자자의 예수증권 등_예수양도성예금증서,0,국내증권사,B,SF205,각주항목(09.06월 이후)
23868,201803,0010091,신한투자증권 주식회사,B3,투자자의 예수증권 등_기타,0,국내증권사,B,SF205,각주항목(09.06월 이후)
23869,201803,0010091,신한투자증권 주식회사,C,파생상품계약,59751901578469,국내증권사,B,SF205,각주항목(09.06월 이후)
23870,201803,0010091,신한투자증권 주식회사,C1,파생상품계약_장내파생상품,7375176753015,국내증권사,B,SF205,각주항목(09.06월 이후)
23871,201803,0010091,신한투자증권 주식회사,C11,파생상품계약_장내파생상품_이자율관련거래,1325633186581,국내증권사,B,SF205,각주항목(09.06월 이후)
23872,201803,0010091,신한투자증권 주식회사,C12,파생상품계약_장내파생상품_통화관련거래,774933584345,국내증권사,B,SF205,각주항목(09.06월 이후)
23873,201803,0010091,신한투자증권 주식회사,C13,파생상품계약_장내파생상품_주식관련거래,5132443120725,국내증권사,B,SF205,각주항목(09.06월 이후)
23874,201803,0010091,신한투자증권 주식회사,C14,파생상품계약_장내파생상품_일반상품관련거래,142166861364,국내증권사,B,SF205,각주항목(09.06월 이후)
23875,201803,0010091,신한투자증권 주식회사,C15,파생상품계약_장내파생상품_기타,0,국내증권사,B,SF205,각주항목(09.06월 이후)
23876,201803,0010091,신한투자증권 주식회사,C2,파생상품계약_장외파생상품,52376724825454,국내증권사,B,SF205,각주항목(09.06월 이후)
23877,201803,0010091,신한투자증권 주식회사,C21,파생상품계약_장외파생상품_이자율관련거래,30747478577500,국내증권사,B,SF205,각주항목(09.06월 이후)
23878,201803,0010091,신한투자증권 주식회사,C22,파생상품계약_장외파생상품_통화관련거래,13782006739029,국내증권사,B,SF205,각주항목(09.06월 이후)
23879,201803,0010091,신한투자증권 주식회사,C23,파생상품계약_장외파생상품_주식관련거래,4458632898836,국내증권사,B,SF205,각주항목(09.06월 이후)
23880,201803,0010091,신한투자증권 주식회사,C24,파생상품계약_장외파생상품_신용관련거래,2615410717856,국내증권사,B,SF205,각주항목(09.06월 이후)
23881,201803,0010091,신한투자증권 주식회사,C25,파생상품계약_장외파생상품_기타,773195892233,국내증권사,B,SF205,각주항목(09.06월 이후)
23882,201803,0010091,신한투자증권 주식회사,D,대차 및 대주거래,6679419972861,국내증권사,B,SF205,각주항목(09.06월 이후)
23883,201803,0010091,신한투자증권 주식회사,D1,대차 및 대주거래_대여증권,1120890476522,국내증권사,B,SF205,각주항목(09.06월 이후)
23884,201803,0010091,신한투자증권 주식회사,D2,대차 및 대주거래_차입증권,5558529496339,국내증권사,B,SF205,각주항목(09.06월 이후)
23885,201803,0010091,신한투자증권 주식회사,D3,대차 및 대주거래_신용거래대주,0,국내증권사,B,SF205,각주항목(09.06월 이후)
23886,201803,0010091,신한투자증권 주식회사,E,대손상각채권,50075697161,국내증권사,B,SF205,각주항목(09.06월 이후)
23887,201803,0010091,신한투자증권 주식회사,F,환전업무 예치금,0,국내증권사,B,SF205,각주항목(09.06월 이후)
23888,201803,0010091,신한투자증권 주식회사,G,미배당별도예치금,2357886049,국내증권사,B,SF205,각주항목(09.06월 이후)
23889,201803,0010091,신한투자증권 주식회사,H,배서어음매출(종금계정),0,국내증권사,B,SF205,각주항목(09.06월 이후)
23890,201803,0010091,신한투자증권 주식회사,H1,대출채권매매이익_담보부,0,국내증권사,B,SF205,각주항목(09.06월 이후)
23891,201803,0010091,신한투자증권 주식회사,H2,대출채권매매이익_무담보부,0,국내증권사,B,SF205,각주항목(09.06월 이후)
23892,201806,0010091,신한투자증권 주식회사,A,채무보증,2561173227767,국내증권사,B,SF205,각주항목(09.06월 이후)
23893,201806,0010091,신한투자증권 주식회사,A1,채무보증_지급보증,37104000000,국내증권사,B,SF205,각주항목(09.06월 이후)
23894,201806,0010091,신한투자증권 주식회사,A2,채무보증_매입보장약정,99200000000,국내증권사,B,SF205,각주항목(09.06월 이후)
23895,201806,0010091,신한투자증권 주식회사,A3,채무보증_채무인수약정, ,국내증권사,B,SF205,각주항목(09.06월 이후)
23896,201806,0010091,신한투자증권 주식회사,A5,채무보증_매입확약,1083369227767,국내증권사,B,SF205,각주항목(09.06월 이후)
23897,201806,0010091,신한투자증권 주식회사,A6,채무보증_기타,1341500000000,국내증권사,B,SF205,각주항목(09.06월 이후)
23898,201806,0010091,신한투자증권 주식회사,B,투자자의 예수증권 등,124310959975608,국내증권사,B,SF205,각주항목(09.06월 이후)
23899,201806,0010091,신한투자증권 주식회사,B1,투자자의 예수증권 등_예수 증권,124310959975608,국내증권사,B,SF205,각주항목(09.06월 이후)
23900,201806,0010091,신한투자증권 주식회사,B2,투자자의 예수증권 등_예수양도성예금증서, ,국내증권사,B,SF205,각주항목(09.06월 이후)
23901,201806,0010091,신한투자증권 주식회사,B3,투자자의 예수증권 등_기타, ,국내증권사,B,SF205,각주항목(09.06월 이후)
23902,201806,0010091,신한투자증권 주식회사,C,파생상품계약,54795119944526,국내증권사,B,SF205,각주항목(09.06월 이후)
23903,201806,0010091,신한투자증권 주식회사,C1,파생상품계약_장내파생상품,5344388777844,국내증권사,B,SF205,각주항목(09.06월 이후)
23904,201806,0010091,신한투자증권 주식회사,C11,파생상품계약_장내파생상품_이자율관련거래,1392036942258,국내증권사,B,SF205,각주항목(09.06월 이후)
23905,201806,0010091,신한투자증권 주식회사,C12,파생상품계약_장내파생상품_통화관련거래,799126780808,국내증권사,B,SF205,각주항목(09.06월 이후)
23906,201806,0010091,신한투자증권 주식회사,C13,파생상품계약_장내파생상품_주식관련거래,3065943499677,국내증권사,B,SF205,각주항목(09.06월 이후)
23907,201806,0010091,신한투자증권 주식회사,C14,파생상품계약_장내파생상품_일반상품관련거래,87281555101,국내증권사,B,SF205,각주항목(09.06월 이후)
23908,201806,0010091,신한투자증권 주식회사,C15,파생상품계약_장내파생상품_기타,0,국내증권사,B,SF205,각주항목(09.06월 이후)
23909,201806,0010091,신한투자증권 주식회사,C2,파생상품계약_장외파생상품,49450731166682,국내증권사,B,SF205,각주항목(09.06월 이후)
23910,201806,0010091,신한투자증권 주식회사,C21,파생상품계약_장외파생상품_이자율관련거래,27924290609500,국내증권사,B,SF205,각주항목(09.06월 이후)
23911,201806,0010091,신한투자증권 주식회사,C22,파생상품계약_장외파생상품_통화관련거래,13331739233564,국내증권사,B,SF205,각주항목(09.06월 이후)
23912,201806,0010091,신한투자증권 주식회사,C23,파생상품계약_장외파생상품_주식관련거래,4631052704807,국내증권사,B,SF205,각주항목(09.06월 이후)
23913,201806,0010091,신한투자증권 주식회사,C24,파생상품계약_장외파생상품_신용관련거래,2953865719456,국내증권사,B,SF205,각주항목(09.06월 이후)
23914,201806,0010091,신한투자증권 주식회사,C25,파생상품계약_장외파생상품_기타,609782899355,국내증권사,B,SF205,각주항목(09.06월 이후)
23915,201806,0010091,신한투자증권 주식회사,D,대차 및 대주거래,6155321104050,국내증권사,B,SF205,각주항목(09.06월 이후)
23916,201806,0010091,신한투자증권 주식회사,D1,대차 및 대주거래_대여증권,1314751089806,국내증권사,B,SF205,각주항목(09.06월 이후)
23917,201806,0010091,신한투자증권 주식회사,D2,대차 및 대주거래_차입증권,4840570014244,국내증권사,B,SF205,각주항목(09.06월 이후)
23918,201806,0010091,신한투자증권 주식회사,D3,대차 및 대주거래_신용거래대주, ,국내증권사,B,SF205,각주항목(09.06월 이후)
23919,201806,0010091,신한투자증권 주식회사,E,대손상각채권,50075697161,국내증권사,B,SF205,각주항목(09.06월 이후)
23920,201806,0010091,신한투자증권 주식회사,F,환전업무 예치금,0,국내증권사,B,SF205,각주항목(09.06월 이후)
23921,201806,0010091,신한투자증권 주식회사,G,미배당별도예치금,3232460334,국내증권사,B,SF205,각주항목(09.06월 이후)
23922,201806,0010091,신한투자증권 주식회사,H,배서어음매출(종금계정),0,국내증권사,B,SF205,각주항목(09.06월 이후)
23923,201806,0010091,신한투자증권 주식회사,H1,대출채권매매이익_담보부, ,국내증권사,B,SF205,각주항목(09.06월 이후)
23924,201806,0010091,신한투자증권 주식회사,H2,대출채권매매이익_무담보부, ,국내증권사,B,SF205,각주항목(09.06월 이후)
23925,201809,0010091,신한투자증권 주식회사,A,채무보증,1941610055618,국내증권사,B,SF205,각주항목(09.06월 이후)
23926,201809,0010091,신한투자증권 주식회사,A1,채무보증_지급보증,22176000000,국내증권사,B,SF205,각주항목(09.06월 이후)
23927,201809,0010091,신한투자증권 주식회사,A2,채무보증_매입보장약정,99200000000,국내증권사,B,SF205,각주항목(09.06월 이후)
23928,201809,0010091,신한투자증권 주식회사,A3,채무보증_채무인수약정, ,국내증권사,B,SF205,각주항목(09.06월 이후)
23929,201809,0010091,신한투자증권 주식회사,A5,채무보증_매입확약,1263734055618,국내증권사,B,SF205,각주항목(09.06월 이후)
23930,201809,0010091,신한투자증권 주식회사,A6,채무보증_기타,556500000000,국내증권사,B,SF205,각주항목(09.06월 이후)
23931,201809,0010091,신한투자증권 주식회사,B,투자자의 예수증권 등,127573322449098,국내증권사,B,SF205,각주항목(09.06월 이후)
23932,201809,0010091,신한투자증권 주식회사,B1,투자자의 예수증권 등_예수 증권,127573322449098,국내증권사,B,SF205,각주항목(09.06월 이후)
23933,201809,0010091,신한투자증권 주식회사,B2,투자자의 예수증권 등_예수양도성예금증서, ,국내증권사,B,SF205,각주항목(09.06월 이후)
23934,201809,0010091,신한투자증권 주식회사,B3,투자자의 예수증권 등_기타, ,국내증권사,B,SF205,각주항목(09.06월 이후)
23935,201809,0010091,신한투자증권 주식회사,C,파생상품계약,55292704045435,국내증권사,B,SF205,각주항목(09.06월 이후)
23936,201809,0010091,신한투자증권 주식회사,C1,파생상품계약_장내파생상품,5194184114024,국내증권사,B,SF205,각주항목(09.06월 이후)
23937,201809,0010091,신한투자증권 주식회사,C11,파생상품계약_장내파생상품_이자율관련거래,1258299232519,국내증권사,B,SF205,각주항목(09.06월 이후)
23938,201809,0010091,신한투자증권 주식회사,C12,파생상품계약_장내파생상품_통화관련거래,715472517838,국내증권사,B,SF205,각주항목(09.06월 이후)
23939,201809,0010091,신한투자증권 주식회사,C13,파생상품계약_장내파생상품_주식관련거래,3033916355513,국내증권사,B,SF205,각주항목(09.06월 이후)
23940,201809,0010091,신한투자증권 주식회사,C14,파생상품계약_장내파생상품_일반상품관련거래,186496008154,국내증권사,B,SF205,각주항목(09.06월 이후)
23941,201809,0010091,신한투자증권 주식회사,C15,파생상품계약_장내파생상품_기타,0,국내증권사,B,SF205,각주항목(09.06월 이후)
23942,201809,0010091,신한투자증권 주식회사,C2,파생상품계약_장외파생상품,50098519931411,국내증권사,B,SF205,각주항목(09.06월 이후)
23943,201809,0010091,신한투자증권 주식회사,C21,파생상품계약_장외파생상품_이자율관련거래,26692237619500,국내증권사,B,SF205,각주항목(09.06월 이후)
23944,201809,0010091,신한투자증권 주식회사,C22,파생상품계약_장외파생상품_통화관련거래,14765864988952,국내증권사,B,SF205,각주항목(09.06월 이후)
23945,201809,0010091,신한투자증권 주식회사,C23,파생상품계약_장외파생상품_주식관련거래,4974575497675,국내증권사,B,SF205,각주항목(09.06월 이후)
23946,201809,0010091,신한투자증권 주식회사,C24,파생상품계약_장외파생상품_신용관련거래,2934981422763,국내증권사,B,SF205,각주항목(09.06월 이후)
23947,201809,0010091,신한투자증권 주식회사,C25,파생상품계약_장외파생상품_기타,730860402521,국내증권사,B,SF205,각주항목(09.06월 이후)
23948,201809,0010091,신한투자증권 주식회사,D,대차 및 대주거래,6578807564340,국내증권사,B,SF205,각주항목(09.06월 이후)
23949,201809,0010091,신한투자증권 주식회사,D1,대차 및 대주거래_대여증권,1336446499544,국내증권사,B,SF205,각주항목(09.06월 이후)
23950,201809,0010091,신한투자증권 주식회사,D2,대차 및 대주거래_차입증권,5242361064796,국내증권사,B,SF205,각주항목(09.06월 이후)
23951,201809,0010091,신한투자증권 주식회사,D3,대차 및 대주거래_신용거래대주, ,국내증권사,B,SF205,각주항목(09.06월 이후)
23952,201809,0010091,신한투자증권 주식회사,E,대손상각채권,50075697161,국내증권사,B,SF205,각주항목(09.06월 이후)
23953,201809,0010091,신한투자증권 주식회사,F,환전업무 예치금,0,국내증권사,B,SF205,각주항목(09.06월 이후)
23954,201809,0010091,신한투자증권 주식회사,G,미배당별도예치금,2891336360,국내증권사,B,SF205,각주항목(09.06월 이후)
23955,201809,0010091,신한투자증권 주식회사,H,배서어음매출(종금계정),0,국내증권사,B,SF205,각주항목(09.06월 이후)
23956,201809,0010091,신한투자증권 주식회사,H1,대출채권매매이익_담보부, ,국내증권사,B,SF205,각주항목(09.06월 이후)
23957,201809,0010091,신한투자증권 주식회사,H2,대출채권매매이익_무담보부, ,국내증권사,B,SF205,각주항목(09.06월 이후)
23958,201812,0010091,신한투자증권 주식회사,A,채무보증,3242740876346,국내증권사,B,SF205,각주항목(09.06월 이후)
23959,201812,0010091,신한투자증권 주식회사,A1,채무보증_지급보증,163986000000,국내증권사,B,SF205,각주항목(09.06월 이후)
23960,201812,0010091,신한투자증권 주식회사,A2,채무보증_매입보장약정,120200000000,국내증권사,B,SF205,각주항목(09.06월 이후)
23961,201812,0010091,신한투자증권 주식회사,A3,채무보증_채무인수약정, ,국내증권사,B,SF205,각주항목(09.06월 이후)
23962,201812,0010091,신한투자증권 주식회사,A5,채무보증_매입확약,1972054876346,국내증권사,B,SF205,각주항목(09.06월 이후)
23963,201812,0010091,신한투자증권 주식회사,A6,채무보증_기타,986500000000,국내증권사,B,SF205,각주항목(09.06월 이후)
23964,201812,0010091,신한투자증권 주식회사,B,투자자의 예수증권 등,122213681991920,국내증권사,B,SF205,각주항목(09.06월 이후)
23965,201812,0010091,신한투자증권 주식회사,B1,투자자의 예수증권 등_예수 증권,122213681991920,국내증권사,B,SF205,각주항목(09.06월 이후)
23966,201812,0010091,신한투자증권 주식회사,B2,투자자의 예수증권 등_예수양도성예금증서, ,국내증권사,B,SF205,각주항목(09.06월 이후)
23967,201812,0010091,신한투자증권 주식회사,B3,투자자의 예수증권 등_기타, ,국내증권사,B,SF205,각주항목(09.06월 이후)
23968,201812,0010091,신한투자증권 주식회사,C,파생상품계약,54889943651552,국내증권사,B,SF205,각주항목(09.06월 이후)
23969,201812,0010091,신한투자증권 주식회사,C1,파생상품계약_장내파생상품,5347310621909,국내증권사,B,SF205,각주항목(09.06월 이후)
23970,201812,0010091,신한투자증권 주식회사,C11,파생상품계약_장내파생상품_이자율관련거래,1444920482017,국내증권사,B,SF205,각주항목(09.06월 이후)
23971,201812,0010091,신한투자증권 주식회사,C12,파생상품계약_장내파생상품_통화관련거래,403171554154,국내증권사,B,SF205,각주항목(09.06월 이후)
23972,201812,0010091,신한투자증권 주식회사,C13,파생상품계약_장내파생상품_주식관련거래,3253467669765,국내증권사,B,SF205,각주항목(09.06월 이후)
23973,201812,0010091,신한투자증권 주식회사,C14,파생상품계약_장내파생상품_일반상품관련거래,245750915973,국내증권사,B,SF205,각주항목(09.06월 이후)
23974,201812,0010091,신한투자증권 주식회사,C15,파생상품계약_장내파생상품_기타,0,국내증권사,B,SF205,각주항목(09.06월 이후)
23975,201812,0010091,신한투자증권 주식회사,C2,파생상품계약_장외파생상품,49542633029643,국내증권사,B,SF205,각주항목(09.06월 이후)
23976,201812,0010091,신한투자증권 주식회사,C21,파생상품계약_장외파생상품_이자율관련거래,25454937458500,국내증권사,B,SF205,각주항목(09.06월 이후)
23977,201812,0010091,신한투자증권 주식회사,C22,파생상품계약_장외파생상품_통화관련거래,14799962218414,국내증권사,B,SF205,각주항목(09.06월 이후)
23978,201812,0010091,신한투자증권 주식회사,C23,파생상품계약_장외파생상품_주식관련거래,5265476210709,국내증권사,B,SF205,각주항목(09.06월 이후)
23979,201812,0010091,신한투자증권 주식회사,C24,파생상품계약_장외파생상품_신용관련거래,3110476900963,국내증권사,B,SF205,각주항목(09.06월 이후)
23980,201812,0010091,신한투자증권 주식회사,C25,파생상품계약_장외파생상품_기타,911780241057,국내증권사,B,SF205,각주항목(09.06월 이후)
23981,201812,0010091,신한투자증권 주식회사,D,대차 및 대주거래,6493489630930,국내증권사,B,SF205,각주항목(09.06월 이후)
23982,201812,0010091,신한투자증권 주식회사,D1,대차 및 대주거래_대여증권,1336072610324,국내증권사,B,SF205,각주항목(09.06월 이후)
23983,201812,0010091,신한투자증권 주식회사,D2,대차 및 대주거래_차입증권,5157417020606,국내증권사,B,SF205,각주항목(09.06월 이후)
23984,201812,0010091,신한투자증권 주식회사,D3,대차 및 대주거래_신용거래대주, ,국내증권사,B,SF205,각주항목(09.06월 이후)
23985,201812,0010091,신한투자증권 주식회사,E,대손상각채권,50075697161,국내증권사,B,SF205,각주항목(09.06월 이후)
23986,201812,0010091,신한투자증권 주식회사,F,환전업무 예치금,0,국내증권사,B,SF205,각주항목(09.06월 이후)
23987,201812,0010091,신한투자증권 주식회사,G,미배당별도예치금,3679776568,국내증권사,B,SF205,각주항목(09.06월 이후)
23988,201812,0010091,신한투자증권 주식회사,H,배서어음매출(종금계정),0,국내증권사,B,SF205,각주항목(09.06월 이후)
23989,201812,0010091,신한투자증권 주식회사,H1,대출채권매매이익_담보부, ,국내증권사,B,SF205,각주항목(09.06월 이후)
23990,201812,0010091,신한투자증권 주식회사,H2,대출채권매매이익_무담보부, ,국내증권사,B,SF205,각주항목(09.06월 이후)
23991,201903,0010091,신한투자증권 주식회사,A,채무보증,3324213004743,국내증권사,B,SF205,각주항목(09.06월 이후)
23992,201903,0010091,신한투자증권 주식회사,A1,채무보증_지급보증,130230700000,국내증권사,B,SF205,각주항목(09.06월 이후)
23993,201903,0010091,신한투자증권 주식회사,A2,채무보증_매입보장약정,148200000000,국내증권사,B,SF205,각주항목(09.06월 이후)
23994,201903,0010091,신한투자증권 주식회사,A3,채무보증_채무인수약정, ,국내증권사,B,SF205,각주항목(09.06월 이후)
23995,201903,0010091,신한투자증권 주식회사,A5,채무보증_매입확약,1964282303743,국내증권사,B,SF205,각주항목(09.06월 이후)
23996,201903,0010091,신한투자증권 주식회사,A6,채무보증_기타,1081500001000,국내증권사,B,SF205,각주항목(09.06월 이후)
23997,201903,0010091,신한투자증권 주식회사,B,투자자의 예수증권 등,128866235102182,국내증권사,B,SF205,각주항목(09.06월 이후)
23998,201903,0010091,신한투자증권 주식회사,B1,투자자의 예수증권 등_예수 증권,128866235102182,국내증권사,B,SF205,각주항목(09.06월 이후)
23999,201903,0010091,신한투자증권 주식회사,B2,투자자의 예수증권 등_예수양도성예금증서, ,국내증권사,B,SF205,각주항목(09.06월 이후)
24000,201903,0010091,신한투자증권 주식회사,B3,투자자의 예수증권 등_기타, ,국내증권사,B,SF205,각주항목(09.06월 이후)
24001,201903,0010091,신한투자증권 주식회사,C,파생상품계약,55122251740224,국내증권사,B,SF205,각주항목(09.06월 이후)
24002,201903,0010091,신한투자증권 주식회사,C1,파생상품계약_장내파생상품,6006971773402,국내증권사,B,SF205,각주항목(09.06월 이후)
24003,201903,0010091,신한투자증권 주식회사,C11,파생상품계약_장내파생상품_이자율관련거래,1694800752857,국내증권사,B,SF205,각주항목(09.06월 이후)
24004,201903,0010091,신한투자증권 주식회사,C12,파생상품계약_장내파생상품_통화관련거래,897850923055,국내증권사,B,SF205,각주항목(09.06월 이후)
24005,201903,0010091,신한투자증권 주식회사,C13,파생상품계약_장내파생상품_주식관련거래,3315100336081,국내증권사,B,SF205,각주항목(09.06월 이후)
24006,201903,0010091,신한투자증권 주식회사,C14,파생상품계약_장내파생상품_일반상품관련거래,99219761409,국내증권사,B,SF205,각주항목(09.06월 이후)
24007,201903,0010091,신한투자증권 주식회사,C15,파생상품계약_장내파생상품_기타,0,국내증권사,B,SF205,각주항목(09.06월 이후)
24008,201903,0010091,신한투자증권 주식회사,C2,파생상품계약_장외파생상품,49115279966822,국내증권사,B,SF205,각주항목(09.06월 이후)
24009,201903,0010091,신한투자증권 주식회사,C21,파생상품계약_장외파생상품_이자율관련거래,23828943423000,국내증권사,B,SF205,각주항목(09.06월 이후)
24010,201903,0010091,신한투자증권 주식회사,C22,파생상품계약_장외파생상품_통화관련거래,15945355360037,국내증권사,B,SF205,각주항목(09.06월 이후)
24011,201903,0010091,신한투자증권 주식회사,C23,파생상품계약_장외파생상품_주식관련거래,5025854173530,국내증권사,B,SF205,각주항목(09.06월 이후)
24012,201903,0010091,신한투자증권 주식회사,C24,파생상품계약_장외파생상품_신용관련거래,3361138171063,국내증권사,B,SF205,각주항목(09.06월 이후)
24013,201903,0010091,신한투자증권 주식회사,C25,파생상품계약_장외파생상품_기타,953988839192,국내증권사,B,SF205,각주항목(09.06월 이후)
24014,201903,0010091,신한투자증권 주식회사,D,대차 및 대주거래,6943066397421,국내증권사,B,SF205,각주항목(09.06월 이후)
24015,201903,0010091,신한투자증권 주식회사,D1,대차 및 대주거래_대여증권,1443202658815,국내증권사,B,SF205,각주항목(09.06월 이후)
24016,201903,0010091,신한투자증권 주식회사,D2,대차 및 대주거래_차입증권,5499863738606,국내증권사,B,SF205,각주항목(09.06월 이후)
24017,201903,0010091,신한투자증권 주식회사,D3,대차 및 대주거래_신용거래대주, ,국내증권사,B,SF205,각주항목(09.06월 이후)
24018,201903,0010091,신한투자증권 주식회사,E,대손상각채권,50075697161,국내증권사,B,SF205,각주항목(09.06월 이후)
24019,201903,0010091,신한투자증권 주식회사,F,환전업무 예치금,0,국내증권사,B,SF205,각주항목(09.06월 이후)
24020,201903,0010091,신한투자증권 주식회사,G,미배당별도예치금,1919539379,국내증권사,B,SF205,각주항목(09.06월 이후)
24021,201903,0010091,신한투자증권 주식회사,H,배서어음매출(종금계정),0,국내증권사,B,SF205,각주항목(09.06월 이후)
24022,201903,0010091,신한투자증권 주식회사,H1,대출채권매매이익_담보부, ,국내증권사,B,SF205,각주항목(09.06월 이후)
24023,201903,0010091,신한투자증권 주식회사,H2,대출채권매매이익_무담보부, ,국내증권사,B,SF205,각주항목(09.06월 이후)
24024,201906,0010091,신한투자증권 주식회사,A,채무보증,3448253304792,국내증권사,B,SF205,각주항목(09.06월 이후)
24025,201906,0010091,신한투자증권 주식회사,A1,채무보증_지급보증,138093600000,국내증권사,B,SF205,각주항목(09.06월 이후)
24026,201906,0010091,신한투자증권 주식회사,A2,채무보증_매입보장약정,148200000000,국내증권사,B,SF205,각주항목(09.06월 이후)
24027,201906,0010091,신한투자증권 주식회사,A3,채무보증_채무인수약정, ,국내증권사,B,SF205,각주항목(09.06월 이후)
24028,201906,0010091,신한투자증권 주식회사,A5,채무보증_매입확약,2691928416177,국내증권사,B,SF205,각주항목(09.06월 이후)
24029,201906,0010091,신한투자증권 주식회사,A6,채무보증_기타,470031288615,국내증권사,B,SF205,각주항목(09.06월 이후)
24030,201906,0010091,신한투자증권 주식회사,B,투자자의 예수증권 등,131722280986690,국내증권사,B,SF205,각주항목(09.06월 이후)
24031,201906,0010091,신한투자증권 주식회사,B1,투자자의 예수증권 등_예수 증권,131722280986690,국내증권사,B,SF205,각주항목(09.06월 이후)
24032,201906,0010091,신한투자증권 주식회사,B2,투자자의 예수증권 등_예수양도성예금증서, ,국내증권사,B,SF205,각주항목(09.06월 이후)
24033,201906,0010091,신한투자증권 주식회사,B3,투자자의 예수증권 등_기타, ,국내증권사,B,SF205,각주항목(09.06월 이후)
24034,201906,0010091,신한투자증권 주식회사,C,파생상품계약,62822015687897,국내증권사,B,SF205,각주항목(09.06월 이후)
24035,201906,0010091,신한투자증권 주식회사,C1,파생상품계약_장내파생상품,6494914104729,국내증권사,B,SF205,각주항목(09.06월 이후)
24036,201906,0010091,신한투자증권 주식회사,C11,파생상품계약_장내파생상품_이자율관련거래,2056590379749,국내증권사,B,SF205,각주항목(09.06월 이후)
24037,201906,0010091,신한투자증권 주식회사,C12,파생상품계약_장내파생상품_통화관련거래,1146935644639,국내증권사,B,SF205,각주항목(09.06월 이후)
24038,201906,0010091,신한투자증권 주식회사,C13,파생상품계약_장내파생상품_주식관련거래,3083084097743,국내증권사,B,SF205,각주항목(09.06월 이후)
24039,201906,0010091,신한투자증권 주식회사,C14,파생상품계약_장내파생상품_일반상품관련거래,208303982598,국내증권사,B,SF205,각주항목(09.06월 이후)
24040,201906,0010091,신한투자증권 주식회사,C15,파생상품계약_장내파생상품_기타,0,국내증권사,B,SF205,각주항목(09.06월 이후)
24041,201906,0010091,신한투자증권 주식회사,C2,파생상품계약_장외파생상품,56327101583168,국내증권사,B,SF205,각주항목(09.06월 이후)
24042,201906,0010091,신한투자증권 주식회사,C21,파생상품계약_장외파생상품_이자율관련거래,25997257388000,국내증권사,B,SF205,각주항목(09.06월 이후)
24043,201906,0010091,신한투자증권 주식회사,C22,파생상품계약_장외파생상품_통화관련거래,20442501980373,국내증권사,B,SF205,각주항목(09.06월 이후)
24044,201906,0010091,신한투자증권 주식회사,C23,파생상품계약_장외파생상품_주식관련거래,5137072545476,국내증권사,B,SF205,각주항목(09.06월 이후)
24045,201906,0010091,신한투자증권 주식회사,C24,파생상품계약_장외파생상품_신용관련거래,3877794439419,국내증권사,B,SF205,각주항목(09.06월 이후)
24046,201906,0010091,신한투자증권 주식회사,C25,파생상품계약_장외파생상품_기타,872475229900,국내증권사,B,SF205,각주항목(09.06월 이후)
24047,201906,0010091,신한투자증권 주식회사,D,대차 및 대주거래,7555165358832,국내증권사,B,SF205,각주항목(09.06월 이후)
24048,201906,0010091,신한투자증권 주식회사,D1,대차 및 대주거래_대여증권,1750413829478,국내증권사,B,SF205,각주항목(09.06월 이후)
24049,201906,0010091,신한투자증권 주식회사,D2,대차 및 대주거래_차입증권,5804751529354,국내증권사,B,SF205,각주항목(09.06월 이후)
24050,201906,0010091,신한투자증권 주식회사,D3,대차 및 대주거래_신용거래대주, ,국내증권사,B,SF205,각주항목(09.06월 이후)
24051,201906,0010091,신한투자증권 주식회사,E,대손상각채권,50075697161,국내증권사,B,SF205,각주항목(09.06월 이후)
24052,201906,0010091,신한투자증권 주식회사,F,환전업무 예치금,0,국내증권사,B,SF205,각주항목(09.06월 이후)
24053,201906,0010091,신한투자증권 주식회사,G,미배당별도예치금,2106846651,국내증권사,B,SF205,각주항목(09.06월 이후)
24054,201906,0010091,신한투자증권 주식회사,H,배서어음매출(종금계정),0,국내증권사,B,SF205,각주항목(09.06월 이후)
24055,201906,0010091,신한투자증권 주식회사,H1,대출채권매매이익_담보부, ,국내증권사,B,SF205,각주항목(09.06월 이후)
24056,201906,0010091,신한투자증권 주식회사,H2,대출채권매매이익_무담보부, ,국내증권사,B,SF205,각주항목(09.06월 이후)
24057,201909,0010091,신한투자증권 주식회사,A,채무보증,3592935386935,국내증권사,B,SF205,각주항목(09.06월 이후)
24058,201909,0010091,신한투자증권 주식회사,A1,채무보증_지급보증,133606600000,국내증권사,B,SF205,각주항목(09.06월 이후)
24059,201909,0010091,신한투자증권 주식회사,A2,채무보증_매입보장약정,127200000000,국내증권사,B,SF205,각주항목(09.06월 이후)
24060,201909,0010091,신한투자증권 주식회사,A3,채무보증_채무인수약정, ,국내증권사,B,SF205,각주항목(09.06월 이후)
24061,201909,0010091,신한투자증권 주식회사,A5,채무보증_매입확약,2550256363804,국내증권사,B,SF205,각주항목(09.06월 이후)
24062,201909,0010091,신한투자증권 주식회사,A6,채무보증_기타,781872423131,국내증권사,B,SF205,각주항목(09.06월 이후)
24063,201909,0010091,신한투자증권 주식회사,B,투자자의 예수증권 등,134429052374102,국내증권사,B,SF205,각주항목(09.06월 이후)
24064,201909,0010091,신한투자증권 주식회사,B1,투자자의 예수증권 등_예수 증권,134429052374102,국내증권사,B,SF205,각주항목(09.06월 이후)
24065,201909,0010091,신한투자증권 주식회사,B2,투자자의 예수증권 등_예수양도성예금증서, ,국내증권사,B,SF205,각주항목(09.06월 이후)
24066,201909,0010091,신한투자증권 주식회사,B3,투자자의 예수증권 등_기타, ,국내증권사,B,SF205,각주항목(09.06월 이후)
24067,201909,0010091,신한투자증권 주식회사,C,파생상품계약,66350433515523,국내증권사,B,SF205,각주항목(09.06월 이후)
24068,201909,0010091,신한투자증권 주식회사,C1,파생상품계약_장내파생상품,6573395361699,국내증권사,B,SF205,각주항목(09.06월 이후)
24069,201909,0010091,신한투자증권 주식회사,C11,파생상품계약_장내파생상품_이자율관련거래,1362895451231,국내증권사,B,SF205,각주항목(09.06월 이후)
24070,201909,0010091,신한투자증권 주식회사,C12,파생상품계약_장내파생상품_통화관련거래,1052709108395,국내증권사,B,SF205,각주항목(09.06월 이후)
24071,201909,0010091,신한투자증권 주식회사,C13,파생상품계약_장내파생상품_주식관련거래,3921594746000,국내증권사,B,SF205,각주항목(09.06월 이후)
24072,201909,0010091,신한투자증권 주식회사,C14,파생상품계약_장내파생상품_일반상품관련거래,236196056073,국내증권사,B,SF205,각주항목(09.06월 이후)
24073,201909,0010091,신한투자증권 주식회사,C15,파생상품계약_장내파생상품_기타,0,국내증권사,B,SF205,각주항목(09.06월 이후)
24074,201909,0010091,신한투자증권 주식회사,C2,파생상품계약_장외파생상품,59777038153824,국내증권사,B,SF205,각주항목(09.06월 이후)
24075,201909,0010091,신한투자증권 주식회사,C21,파생상품계약_장외파생상품_이자율관련거래,28142813495500,국내증권사,B,SF205,각주항목(09.06월 이후)
24076,201909,0010091,신한투자증권 주식회사,C22,파생상품계약_장외파생상품_통화관련거래,21263251327961,국내증권사,B,SF205,각주항목(09.06월 이후)
24077,201909,0010091,신한투자증권 주식회사,C23,파생상품계약_장외파생상품_주식관련거래,4723269176452,국내증권사,B,SF205,각주항목(09.06월 이후)
24078,201909,0010091,신한투자증권 주식회사,C24,파생상품계약_장외파생상품_신용관련거래,4871091241462,국내증권사,B,SF205,각주항목(09.06월 이후)
24079,201909,0010091,신한투자증권 주식회사,C25,파생상품계약_장외파생상품_기타,776612912449,국내증권사,B,SF205,각주항목(09.06월 이후)
24080,201909,0010091,신한투자증권 주식회사,D,대차 및 대주거래,8406251183113,국내증권사,B,SF205,각주항목(09.06월 이후)
24081,201909,0010091,신한투자증권 주식회사,D1,대차 및 대주거래_대여증권,2047910102358,국내증권사,B,SF205,각주항목(09.06월 이후)
24082,201909,0010091,신한투자증권 주식회사,D2,대차 및 대주거래_차입증권,6358341080755,국내증권사,B,SF205,각주항목(09.06월 이후)
24083,201909,0010091,신한투자증권 주식회사,D3,대차 및 대주거래_신용거래대주, ,국내증권사,B,SF205,각주항목(09.06월 이후)
24084,201909,0010091,신한투자증권 주식회사,E,대손상각채권,50075697161,국내증권사,B,SF205,각주항목(09.06월 이후)
24085,201909,0010091,신한투자증권 주식회사,F,환전업무 예치금,0,국내증권사,B,SF205,각주항목(09.06월 이후)
24086,201909,0010091,신한투자증권 주식회사,G,미배당별도예치금,2590863561,국내증권사,B,SF205,각주항목(09.06월 이후)
24087,201909,0010091,신한투자증권 주식회사,H,배서어음매출(종금계정),0,국내증권사,B,SF205,각주항목(09.06월 이후)
24088,201909,0010091,신한투자증권 주식회사,H1,대출채권매매이익_담보부, ,국내증권사,B,SF205,각주항목(09.06월 이후)
24089,201909,0010091,신한투자증권 주식회사,H2,대출채권매매이익_무담보부, ,국내증권사,B,SF205,각주항목(09.06월 이후)
24090,201912,0010091,신한투자증권 주식회사,A,채무보증,5167532186631,국내증권사,B,SF205,각주항목(09.06월 이후)
24091,201912,0010091,신한투자증권 주식회사,A1,채무보증_지급보증,137539600000,국내증권사,B,SF205,각주항목(09.06월 이후)
24092,201912,0010091,신한투자증권 주식회사,A2,채무보증_매입보장약정,127200000000,국내증권사,B,SF205,각주항목(09.06월 이후)
24093,201912,0010091,신한투자증권 주식회사,A3,채무보증_채무인수약정,0,국내증권사,B,SF205,각주항목(09.06월 이후)
24094,201912,0010091,신한투자증권 주식회사,A5,채무보증_매입확약,4037889864814,국내증권사,B,SF205,각주항목(09.06월 이후)
24095,201912,0010091,신한투자증권 주식회사,A6,채무보증_기타,864902721817,국내증권사,B,SF205,각주항목(09.06월 이후)
24096,201912,0010091,신한투자증권 주식회사,B,투자자의 예수증권 등,142336199357186,국내증권사,B,SF205,각주항목(09.06월 이후)
24097,201912,0010091,신한투자증권 주식회사,B1,투자자의 예수증권 등_예수 증권,142336199357186,국내증권사,B,SF205,각주항목(09.06월 이후)
24098,201912,0010091,신한투자증권 주식회사,B2,투자자의 예수증권 등_예수양도성예금증서,0,국내증권사,B,SF205,각주항목(09.06월 이후)
24099,201912,0010091,신한투자증권 주식회사,B3,투자자의 예수증권 등_기타,0,국내증권사,B,SF205,각주항목(09.06월 이후)
24100,201912,0010091,신한투자증권 주식회사,C,파생상품계약,70365935853268,국내증권사,B,SF205,각주항목(09.06월 이후)
24101,201912,0010091,신한투자증권 주식회사,C1,파생상품계약_장내파생상품,8359777123096,국내증권사,B,SF205,각주항목(09.06월 이후)
24102,201912,0010091,신한투자증권 주식회사,C11,파생상품계약_장내파생상품_이자율관련거래,2163387649612,국내증권사,B,SF205,각주항목(09.06월 이후)
24103,201912,0010091,신한투자증권 주식회사,C12,파생상품계약_장내파생상품_통화관련거래,1010404212614,국내증권사,B,SF205,각주항목(09.06월 이후)
24104,201912,0010091,신한투자증권 주식회사,C13,파생상품계약_장내파생상품_주식관련거래,4841656024253,국내증권사,B,SF205,각주항목(09.06월 이후)
24105,201912,0010091,신한투자증권 주식회사,C14,파생상품계약_장내파생상품_일반상품관련거래,344329236617,국내증권사,B,SF205,각주항목(09.06월 이후)
24106,201912,0010091,신한투자증권 주식회사,C15,파생상품계약_장내파생상품_기타,0,국내증권사,B,SF205,각주항목(09.06월 이후)
24107,201912,0010091,신한투자증권 주식회사,C2,파생상품계약_장외파생상품,62006158730172,국내증권사,B,SF205,각주항목(09.06월 이후)
24108,201912,0010091,신한투자증권 주식회사,C21,파생상품계약_장외파생상품_이자율관련거래,29869392523000,국내증권사,B,SF205,각주항목(09.06월 이후)
24109,201912,0010091,신한투자증권 주식회사,C22,파생상품계약_장외파생상품_통화관련거래,21876562500772,국내증권사,B,SF205,각주항목(09.06월 이후)
24110,201912,0010091,신한투자증권 주식회사,C23,파생상품계약_장외파생상품_주식관련거래,4448508844613,국내증권사,B,SF205,각주항목(09.06월 이후)
24111,201912,0010091,신한투자증권 주식회사,C24,파생상품계약_장외파생상품_신용관련거래,5070715429253,국내증권사,B,SF205,각주항목(09.06월 이후)
24112,201912,0010091,신한투자증권 주식회사,C25,파생상품계약_장외파생상품_기타,740979432534,국내증권사,B,SF205,각주항목(09.06월 이후)
24113,201912,0010091,신한투자증권 주식회사,D,대차 및 대주거래,8378972119103,국내증권사,B,SF205,각주항목(09.06월 이후)
24114,201912,0010091,신한투자증권 주식회사,D1,대차 및 대주거래_대여증권,1883888509435,국내증권사,B,SF205,각주항목(09.06월 이후)
24115,201912,0010091,신한투자증권 주식회사,D2,대차 및 대주거래_차입증권,6495083609668,국내증권사,B,SF205,각주항목(09.06월 이후)
24116,201912,0010091,신한투자증권 주식회사,D3,대차 및 대주거래_신용거래대주,0,국내증권사,B,SF205,각주항목(09.06월 이후)
24117,201912,0010091,신한투자증권 주식회사,E,대손상각채권,50075697161,국내증권사,B,SF205,각주항목(09.06월 이후)
24118,201912,0010091,신한투자증권 주식회사,F,환전업무 예치금,0,국내증권사,B,SF205,각주항목(09.06월 이후)
24119,201912,0010091,신한투자증권 주식회사,G,미배당별도예치금,3449862355,국내증권사,B,SF205,각주항목(09.06월 이후)
24120,201912,0010091,신한투자증권 주식회사,H,배서어음매출(종금계정),0,국내증권사,B,SF205,각주항목(09.06월 이후)
24121,201912,0010091,신한투자증권 주식회사,H1,대출채권매매이익_담보부,0,국내증권사,B,SF205,각주항목(09.06월 이후)
24122,201912,0010091,신한투자증권 주식회사,H2,대출채권매매이익_무담보부,0,국내증권사,B,SF205,각주항목(09.06월 이후)
24123,202003,0010091,신한투자증권 주식회사,A,채무보증,5457611194374,국내증권사,B,SF205,각주항목(09.06월 이후)
24124,202003,0010091,신한투자증권 주식회사,A1,채무보증_지급보증,143108200000,국내증권사,B,SF205,각주항목(09.06월 이후)
24125,202003,0010091,신한투자증권 주식회사,A2,채무보증_매입보장약정,127200000000,국내증권사,B,SF205,각주항목(09.06월 이후)
24126,202003,0010091,신한투자증권 주식회사,A3,채무보증_채무인수약정, ,국내증권사,B,SF205,각주항목(09.06월 이후)
24127,202003,0010091,신한투자증권 주식회사,A5,채무보증_매입확약,4025780260924,국내증권사,B,SF205,각주항목(09.06월 이후)
24128,202003,0010091,신한투자증권 주식회사,A6,채무보증_기타,1161522733450,국내증권사,B,SF205,각주항목(09.06월 이후)
24129,202003,0010091,신한투자증권 주식회사,B,투자자의 예수증권 등,135495156674887,국내증권사,B,SF205,각주항목(09.06월 이후)
24130,202003,0010091,신한투자증권 주식회사,B1,투자자의 예수증권 등_예수 증권,135495156674887,국내증권사,B,SF205,각주항목(09.06월 이후)
24131,202003,0010091,신한투자증권 주식회사,B2,투자자의 예수증권 등_예수양도성예금증서, ,국내증권사,B,SF205,각주항목(09.06월 이후)
24132,202003,0010091,신한투자증권 주식회사,B3,투자자의 예수증권 등_기타, ,국내증권사,B,SF205,각주항목(09.06월 이후)
24133,202003,0010091,신한투자증권 주식회사,C,파생상품계약,79607951289449,국내증권사,B,SF205,각주항목(09.06월 이후)
24134,202003,0010091,신한투자증권 주식회사,C1,파생상품계약_장내파생상품,10351532510923,국내증권사,B,SF205,각주항목(09.06월 이후)
24135,202003,0010091,신한투자증권 주식회사,C11,파생상품계약_장내파생상품_이자율관련거래,2767816889291,국내증권사,B,SF205,각주항목(09.06월 이후)
24136,202003,0010091,신한투자증권 주식회사,C12,파생상품계약_장내파생상품_통화관련거래,671163235668,국내증권사,B,SF205,각주항목(09.06월 이후)
24137,202003,0010091,신한투자증권 주식회사,C13,파생상품계약_장내파생상품_주식관련거래,6538768709644,국내증권사,B,SF205,각주항목(09.06월 이후)
24138,202003,0010091,신한투자증권 주식회사,C14,파생상품계약_장내파생상품_일반상품관련거래,373783676320,국내증권사,B,SF205,각주항목(09.06월 이후)
24139,202003,0010091,신한투자증권 주식회사,C15,파생상품계약_장내파생상품_기타,0,국내증권사,B,SF205,각주항목(09.06월 이후)
24140,202003,0010091,신한투자증권 주식회사,C2,파생상품계약_장외파생상품,69256418778526,국내증권사,B,SF205,각주항목(09.06월 이후)
24141,202003,0010091,신한투자증권 주식회사,C21,파생상품계약_장외파생상품_이자율관련거래,32968236091000,국내증권사,B,SF205,각주항목(09.06월 이후)
24142,202003,0010091,신한투자증권 주식회사,C22,파생상품계약_장외파생상품_통화관련거래,26136340656416,국내증권사,B,SF205,각주항목(09.06월 이후)
24143,202003,0010091,신한투자증권 주식회사,C23,파생상품계약_장외파생상품_주식관련거래,3892940480728,국내증권사,B,SF205,각주항목(09.06월 이후)
24144,202003,0010091,신한투자증권 주식회사,C24,파생상품계약_장외파생상품_신용관련거래,5479124457558,국내증권사,B,SF205,각주항목(09.06월 이후)
24145,202003,0010091,신한투자증권 주식회사,C25,파생상품계약_장외파생상품_기타,779777092824,국내증권사,B,SF205,각주항목(09.06월 이후)
24146,202003,0010091,신한투자증권 주식회사,D,대차 및 대주거래,10142696075170,국내증권사,B,SF205,각주항목(09.06월 이후)
24147,202003,0010091,신한투자증권 주식회사,D1,대차 및 대주거래_대여증권,2438749711658,국내증권사,B,SF205,각주항목(09.06월 이후)
24148,202003,0010091,신한투자증권 주식회사,D2,대차 및 대주거래_차입증권,7703946363512,국내증권사,B,SF205,각주항목(09.06월 이후)
24149,202003,0010091,신한투자증권 주식회사,D3,대차 및 대주거래_신용거래대주, ,국내증권사,B,SF205,각주항목(09.06월 이후)
24150,202003,0010091,신한투자증권 주식회사,E,대손상각채권,50075697161,국내증권사,B,SF205,각주항목(09.06월 이후)
24151,202003,0010091,신한투자증권 주식회사,F,환전업무 예치금,0,국내증권사,B,SF205,각주항목(09.06월 이후)
24152,202003,0010091,신한투자증권 주식회사,G,미배당별도예치금,2496737456,국내증권사,B,SF205,각주항목(09.06월 이후)
24153,202003,0010091,신한투자증권 주식회사,H,배서어음매출(종금계정),0,국내증권사,B,SF205,각주항목(09.06월 이후)
24154,202003,0010091,신한투자증권 주식회사,H1,대출채권매매이익_담보부, ,국내증권사,B,SF205,각주항목(09.06월 이후)
24155,202003,0010091,신한투자증권 주식회사,H2,대출채권매매이익_무담보부, ,국내증권사,B,SF205,각주항목(09.06월 이후)
24156,202006,0010091,신한투자증권 주식회사,A,채무보증,5537133476806,국내증권사,B,SF205,각주항목(09.06월 이후)
24157,202006,0010091,신한투자증권 주식회사,A1,채무보증_지급보증,141327400000,국내증권사,B,SF205,각주항목(09.06월 이후)
24158,202006,0010091,신한투자증권 주식회사,A2,채무보증_매입보장약정,98026189231,국내증권사,B,SF205,각주항목(09.06월 이후)
24159,202006,0010091,신한투자증권 주식회사,A3,채무보증_채무인수약정, ,국내증권사,B,SF205,각주항목(09.06월 이후)
24160,202006,0010091,신한투자증권 주식회사,A5,채무보증_매입확약,4260250346909,국내증권사,B,SF205,각주항목(09.06월 이후)
24161,202006,0010091,신한투자증권 주식회사,A6,채무보증_기타,1037529540666,국내증권사,B,SF205,각주항목(09.06월 이후)
24162,202006,0010091,신한투자증권 주식회사,B,투자자의 예수증권 등,146433232586680,국내증권사,B,SF205,각주항목(09.06월 이후)
24163,202006,0010091,신한투자증권 주식회사,B1,투자자의 예수증권 등_예수 증권,146433232586680,국내증권사,B,SF205,각주항목(09.06월 이후)
24164,202006,0010091,신한투자증권 주식회사,B2,투자자의 예수증권 등_예수양도성예금증서, ,국내증권사,B,SF205,각주항목(09.06월 이후)
24165,202006,0010091,신한투자증권 주식회사,B3,투자자의 예수증권 등_기타, ,국내증권사,B,SF205,각주항목(09.06월 이후)
24166,202006,0010091,신한투자증권 주식회사,C,파생상품계약,77774569093044,국내증권사,B,SF205,각주항목(09.06월 이후)
24167,202006,0010091,신한투자증권 주식회사,C1,파생상품계약_장내파생상품,8971475684507,국내증권사,B,SF205,각주항목(09.06월 이후)
24168,202006,0010091,신한투자증권 주식회사,C11,파생상품계약_장내파생상품_이자율관련거래,2713256777270,국내증권사,B,SF205,각주항목(09.06월 이후)
24169,202006,0010091,신한투자증권 주식회사,C12,파생상품계약_장내파생상품_통화관련거래,805687959222,국내증권사,B,SF205,각주항목(09.06월 이후)
24170,202006,0010091,신한투자증권 주식회사,C13,파생상품계약_장내파생상품_주식관련거래,5106985310263,국내증권사,B,SF205,각주항목(09.06월 이후)
24171,202006,0010091,신한투자증권 주식회사,C14,파생상품계약_장내파생상품_일반상품관련거래,345545637752,국내증권사,B,SF205,각주항목(09.06월 이후)
24172,202006,0010091,신한투자증권 주식회사,C15,파생상품계약_장내파생상품_기타,0,국내증권사,B,SF205,각주항목(09.06월 이후)
24173,202006,0010091,신한투자증권 주식회사,C2,파생상품계약_장외파생상품,68803093408537,국내증권사,B,SF205,각주항목(09.06월 이후)
24174,202006,0010091,신한투자증권 주식회사,C21,파생상품계약_장외파생상품_이자율관련거래,36191332774500,국내증권사,B,SF205,각주항목(09.06월 이후)
24175,202006,0010091,신한투자증권 주식회사,C22,파생상품계약_장외파생상품_통화관련거래,22090629251881,국내증권사,B,SF205,각주항목(09.06월 이후)
24176,202006,0010091,신한투자증권 주식회사,C23,파생상품계약_장외파생상품_주식관련거래,4326790627805,국내증권사,B,SF205,각주항목(09.06월 이후)
24177,202006,0010091,신한투자증권 주식회사,C24,파생상품계약_장외파생상품_신용관련거래,5597418476123,국내증권사,B,SF205,각주항목(09.06월 이후)
24178,202006,0010091,신한투자증권 주식회사,C25,파생상품계약_장외파생상품_기타,596922278228,국내증권사,B,SF205,각주항목(09.06월 이후)
24179,202006,0010091,신한투자증권 주식회사,D,대차 및 대주거래,8869546959820,국내증권사,B,SF205,각주항목(09.06월 이후)
24180,202006,0010091,신한투자증권 주식회사,D1,대차 및 대주거래_대여증권,2148027762797,국내증권사,B,SF205,각주항목(09.06월 이후)
24181,202006,0010091,신한투자증권 주식회사,D2,대차 및 대주거래_차입증권,6721519197023,국내증권사,B,SF205,각주항목(09.06월 이후)
24182,202006,0010091,신한투자증권 주식회사,D3,대차 및 대주거래_신용거래대주, ,국내증권사,B,SF205,각주항목(09.06월 이후)
24183,202006,0010091,신한투자증권 주식회사,E,대손상각채권,50075697161,국내증권사,B,SF205,각주항목(09.06월 이후)
24184,202006,0010091,신한투자증권 주식회사,F,환전업무 예치금,0,국내증권사,B,SF205,각주항목(09.06월 이후)
24185,202006,0010091,신한투자증권 주식회사,G,미배당별도예치금,4148124775,국내증권사,B,SF205,각주항목(09.06월 이후)
24186,202006,0010091,신한투자증권 주식회사,H,배서어음매출(종금계정),0,국내증권사,B,SF205,각주항목(09.06월 이후)
24187,202006,0010091,신한투자증권 주식회사,H1,대출채권매매이익_담보부, ,국내증권사,B,SF205,각주항목(09.06월 이후)
24188,202006,0010091,신한투자증권 주식회사,H2,대출채권매매이익_무담보부, ,국내증권사,B,SF205,각주항목(09.06월 이후)
24189,202009,0010091,신한투자증권 주식회사,A,채무보증,5142424215860,국내증권사,B,SF205,각주항목(09.06월 이후)
24190,202009,0010091,신한투자증권 주식회사,A1,채무보증_지급보증,138917000000,국내증권사,B,SF205,각주항목(09.06월 이후)
24191,202009,0010091,신한투자증권 주식회사,A2,채무보증_매입보장약정,111498734211,국내증권사,B,SF205,각주항목(09.06월 이후)
24192,202009,0010091,신한투자증권 주식회사,A3,채무보증_채무인수약정, ,국내증권사,B,SF205,각주항목(09.06월 이후)
24193,202009,0010091,신한투자증권 주식회사,A5,채무보증_매입확약,3992959636304,국내증권사,B,SF205,각주항목(09.06월 이후)
24194,202009,0010091,신한투자증권 주식회사,A6,채무보증_기타,899048845345,국내증권사,B,SF205,각주항목(09.06월 이후)
24195,202009,0010091,신한투자증권 주식회사,B,투자자의 예수증권 등,155286159951060,국내증권사,B,SF205,각주항목(09.06월 이후)
24196,202009,0010091,신한투자증권 주식회사,B1,투자자의 예수증권 등_예수 증권,155286159951060,국내증권사,B,SF205,각주항목(09.06월 이후)
24197,202009,0010091,신한투자증권 주식회사,B2,투자자의 예수증권 등_예수양도성예금증서, ,국내증권사,B,SF205,각주항목(09.06월 이후)
24198,202009,0010091,신한투자증권 주식회사,B3,투자자의 예수증권 등_기타, ,국내증권사,B,SF205,각주항목(09.06월 이후)
24199,202009,0010091,신한투자증권 주식회사,C,파생상품계약,76407702589928,국내증권사,B,SF205,각주항목(09.06월 이후)
24200,202009,0010091,신한투자증권 주식회사,C1,파생상품계약_장내파생상품,10554338297962,국내증권사,B,SF205,각주항목(09.06월 이후)
24201,202009,0010091,신한투자증권 주식회사,C11,파생상품계약_장내파생상품_이자율관련거래,3238881929401,국내증권사,B,SF205,각주항목(09.06월 이후)
24202,202009,0010091,신한투자증권 주식회사,C12,파생상품계약_장내파생상품_통화관련거래,1080430603782,국내증권사,B,SF205,각주항목(09.06월 이후)
24203,202009,0010091,신한투자증권 주식회사,C13,파생상품계약_장내파생상품_주식관련거래,5924928601105,국내증권사,B,SF205,각주항목(09.06월 이후)
24204,202009,0010091,신한투자증권 주식회사,C14,파생상품계약_장내파생상품_일반상품관련거래,310097163674,국내증권사,B,SF205,각주항목(09.06월 이후)
24205,202009,0010091,신한투자증권 주식회사,C15,파생상품계약_장내파생상품_기타,0,국내증권사,B,SF205,각주항목(09.06월 이후)
24206,202009,0010091,신한투자증권 주식회사,C2,파생상품계약_장외파생상품,65853364291966,국내증권사,B,SF205,각주항목(09.06월 이후)
24207,202009,0010091,신한투자증권 주식회사,C21,파생상품계약_장외파생상품_이자율관련거래,38302638222500,국내증권사,B,SF205,각주항목(09.06월 이후)
24208,202009,0010091,신한투자증권 주식회사,C22,파생상품계약_장외파생상품_통화관련거래,17042693246500,국내증권사,B,SF205,각주항목(09.06월 이후)
24209,202009,0010091,신한투자증권 주식회사,C23,파생상품계약_장외파생상품_주식관련거래,4506487871637,국내증권사,B,SF205,각주항목(09.06월 이후)
24210,202009,0010091,신한투자증권 주식회사,C24,파생상품계약_장외파생상품_신용관련거래,5254966670232,국내증권사,B,SF205,각주항목(09.06월 이후)
24211,202009,0010091,신한투자증권 주식회사,C25,파생상품계약_장외파생상품_기타,746578281097,국내증권사,B,SF205,각주항목(09.06월 이후)
24212,202009,0010091,신한투자증권 주식회사,D,대차 및 대주거래,9031628644273,국내증권사,B,SF205,각주항목(09.06월 이후)
24213,202009,0010091,신한투자증권 주식회사,D1,대차 및 대주거래_대여증권,2218876606046,국내증권사,B,SF205,각주항목(09.06월 이후)
24214,202009,0010091,신한투자증권 주식회사,D2,대차 및 대주거래_차입증권,6812752038227,국내증권사,B,SF205,각주항목(09.06월 이후)
24215,202009,0010091,신한투자증권 주식회사,D3,대차 및 대주거래_신용거래대주, ,국내증권사,B,SF205,각주항목(09.06월 이후)
24216,202009,0010091,신한투자증권 주식회사,E,대손상각채권,50075697161,국내증권사,B,SF205,각주항목(09.06월 이후)
24217,202009,0010091,신한투자증권 주식회사,F,환전업무 예치금,0,국내증권사,B,SF205,각주항목(09.06월 이후)
24218,202009,0010091,신한투자증권 주식회사,G,미배당별도예치금,4803921398,국내증권사,B,SF205,각주항목(09.06월 이후)
24219,202009,0010091,신한투자증권 주식회사,H,배서어음매출(종금계정),0,국내증권사,B,SF205,각주항목(09.06월 이후)
24220,202009,0010091,신한투자증권 주식회사,H1,대출채권매매이익_담보부, ,국내증권사,B,SF205,각주항목(09.06월 이후)
24221,202009,0010091,신한투자증권 주식회사,H2,대출채권매매이익_무담보부, ,국내증권사,B,SF205,각주항목(09.06월 이후)
24222,202012,0010091,신한투자증권 주식회사,A,채무보증,4358737113281,국내증권사,B,SF205,각주항목(09.06월 이후)
24223,202012,0010091,신한투자증권 주식회사,A1,채무보증_지급보증,148117000000,국내증권사,B,SF205,각주항목(09.06월 이후)
24224,202012,0010091,신한투자증권 주식회사,A2,채무보증_매입보장약정,95253972256,국내증권사,B,SF205,각주항목(09.06월 이후)
24225,202012,0010091,신한투자증권 주식회사,A3,채무보증_채무인수약정, ,국내증권사,B,SF205,각주항목(09.06월 이후)
24226,202012,0010091,신한투자증권 주식회사,A5,채무보증_매입확약,3585615089426,국내증권사,B,SF205,각주항목(09.06월 이후)
24227,202012,0010091,신한투자증권 주식회사,A6,채무보증_기타,529751051599,국내증권사,B,SF205,각주항목(09.06월 이후)
24228,202012,0010091,신한투자증권 주식회사,B,투자자의 예수증권 등,160869107748900,국내증권사,B,SF205,각주항목(09.06월 이후)
24229,202012,0010091,신한투자증권 주식회사,B1,투자자의 예수증권 등_예수 증권,160869107748900,국내증권사,B,SF205,각주항목(09.06월 이후)
24230,202012,0010091,신한투자증권 주식회사,B2,투자자의 예수증권 등_예수양도성예금증서, ,국내증권사,B,SF205,각주항목(09.06월 이후)
24231,202012,0010091,신한투자증권 주식회사,B3,투자자의 예수증권 등_기타, ,국내증권사,B,SF205,각주항목(09.06월 이후)
24232,202012,0010091,신한투자증권 주식회사,C,파생상품계약,69225621950564,국내증권사,B,SF205,각주항목(09.06월 이후)
24233,202012,0010091,신한투자증권 주식회사,C1,파생상품계약_장내파생상품,9371889728009,국내증권사,B,SF205,각주항목(09.06월 이후)
24234,202012,0010091,신한투자증권 주식회사,C11,파생상품계약_장내파생상품_이자율관련거래,2186164705986,국내증권사,B,SF205,각주항목(09.06월 이후)
24235,202012,0010091,신한투자증권 주식회사,C12,파생상품계약_장내파생상품_통화관련거래,1069893609389,국내증권사,B,SF205,각주항목(09.06월 이후)
24236,202012,0010091,신한투자증권 주식회사,C13,파생상품계약_장내파생상품_주식관련거래,5852370964154,국내증권사,B,SF205,각주항목(09.06월 이후)
24237,202012,0010091,신한투자증권 주식회사,C14,파생상품계약_장내파생상품_일반상품관련거래,263460448480,국내증권사,B,SF205,각주항목(09.06월 이후)
24238,202012,0010091,신한투자증권 주식회사,C15,파생상품계약_장내파생상품_기타,0,국내증권사,B,SF205,각주항목(09.06월 이후)
24239,202012,0010091,신한투자증권 주식회사,C2,파생상품계약_장외파생상품,59853732222555,국내증권사,B,SF205,각주항목(09.06월 이후)
24240,202012,0010091,신한투자증권 주식회사,C21,파생상품계약_장외파생상품_이자율관련거래,39112766254000,국내증권사,B,SF205,각주항목(09.06월 이후)
24241,202012,0010091,신한투자증권 주식회사,C22,파생상품계약_장외파생상품_통화관련거래,13030170884388,국내증권사,B,SF205,각주항목(09.06월 이후)
24242,202012,0010091,신한투자증권 주식회사,C23,파생상품계약_장외파생상품_주식관련거래,2643420998061,국내증권사,B,SF205,각주항목(09.06월 이후)
24243,202012,0010091,신한투자증권 주식회사,C24,파생상품계약_장외파생상품_신용관련거래,4530023360584,국내증권사,B,SF205,각주항목(09.06월 이후)
24244,202012,0010091,신한투자증권 주식회사,C25,파생상품계약_장외파생상품_기타,537350725522,국내증권사,B,SF205,각주항목(09.06월 이후)
24245,202012,0010091,신한투자증권 주식회사,D,대차 및 대주거래,10356641828158,국내증권사,B,SF205,각주항목(09.06월 이후)
24246,202012,0010091,신한투자증권 주식회사,D1,대차 및 대주거래_대여증권,2377293036302,국내증권사,B,SF205,각주항목(09.06월 이후)
24247,202012,0010091,신한투자증권 주식회사,D2,대차 및 대주거래_차입증권,7979348791856,국내증권사,B,SF205,각주항목(09.06월 이후)
24248,202012,0010091,신한투자증권 주식회사,D3,대차 및 대주거래_신용거래대주, ,국내증권사,B,SF205,각주항목(09.06월 이후)
24249,202012,0010091,신한투자증권 주식회사,E,대손상각채권,50075697161,국내증권사,B,SF205,각주항목(09.06월 이후)
24250,202012,0010091,신한투자증권 주식회사,F,환전업무 예치금,0,국내증권사,B,SF205,각주항목(09.06월 이후)
24251,202012,0010091,신한투자증권 주식회사,G,미배당별도예치금,6410111226,국내증권사,B,SF205,각주항목(09.06월 이후)
24252,202012,0010091,신한투자증권 주식회사,H,배서어음매출(종금계정),0,국내증권사,B,SF205,각주항목(09.06월 이후)
24253,202012,0010091,신한투자증권 주식회사,H1,대출채권매매이익_담보부, ,국내증권사,B,SF205,각주항목(09.06월 이후)
24254,202012,0010091,신한투자증권 주식회사,H2,대출채권매매이익_무담보부, ,국내증권사,B,SF205,각주항목(09.06월 이후)
24255,202103,0010091,신한투자증권 주식회사,A,채무보증,4225211178524,국내증권사,B,SF205,각주항목(09.06월 이후)
24256,202103,0010091,신한투자증권 주식회사,A1,채무보증_지급보증,187011500000,국내증권사,B,SF205,각주항목(09.06월 이후)
24257,202103,0010091,신한투자증권 주식회사,A2,채무보증_매입보장약정,111809583909,국내증권사,B,SF205,각주항목(09.06월 이후)
24258,202103,0010091,신한투자증권 주식회사,A3,채무보증_채무인수약정, ,국내증권사,B,SF205,각주항목(09.06월 이후)
24259,202103,0010091,신한투자증권 주식회사,A5,채무보증_매입확약,3449227522906,국내증권사,B,SF205,각주항목(09.06월 이후)
24260,202103,0010091,신한투자증권 주식회사,A6,채무보증_기타,477162571709,국내증권사,B,SF205,각주항목(09.06월 이후)
24261,202103,0010091,신한투자증권 주식회사,B,투자자의 예수증권 등,175106083329142,국내증권사,B,SF205,각주항목(09.06월 이후)
24262,202103,0010091,신한투자증권 주식회사,B1,투자자의 예수증권 등_예수 증권,175106083329142,국내증권사,B,SF205,각주항목(09.06월 이후)
24263,202103,0010091,신한투자증권 주식회사,B2,투자자의 예수증권 등_예수양도성예금증서, ,국내증권사,B,SF205,각주항목(09.06월 이후)
24264,202103,0010091,신한투자증권 주식회사,B3,투자자의 예수증권 등_기타, ,국내증권사,B,SF205,각주항목(09.06월 이후)
24265,202103,0010091,신한투자증권 주식회사,C,파생상품계약,73102364609451,국내증권사,B,SF205,각주항목(09.06월 이후)
24266,202103,0010091,신한투자증권 주식회사,C1,파생상품계약_장내파생상품,8125036032229,국내증권사,B,SF205,각주항목(09.06월 이후)
24267,202103,0010091,신한투자증권 주식회사,C11,파생상품계약_장내파생상품_이자율관련거래,2201333270901,국내증권사,B,SF205,각주항목(09.06월 이후)
24268,202103,0010091,신한투자증권 주식회사,C12,파생상품계약_장내파생상품_통화관련거래,902498153205,국내증권사,B,SF205,각주항목(09.06월 이후)
24269,202103,0010091,신한투자증권 주식회사,C13,파생상품계약_장내파생상품_주식관련거래,4778232294732,국내증권사,B,SF205,각주항목(09.06월 이후)
24270,202103,0010091,신한투자증권 주식회사,C14,파생상품계약_장내파생상품_일반상품관련거래,242972313391,국내증권사,B,SF205,각주항목(09.06월 이후)
24271,202103,0010091,신한투자증권 주식회사,C15,파생상품계약_장내파생상품_기타,0,국내증권사,B,SF205,각주항목(09.06월 이후)
24272,202103,0010091,신한투자증권 주식회사,C2,파생상품계약_장외파생상품,64977328577222,국내증권사,B,SF205,각주항목(09.06월 이후)
24273,202103,0010091,신한투자증권 주식회사,C21,파생상품계약_장외파생상품_이자율관련거래,42272009994000,국내증권사,B,SF205,각주항목(09.06월 이후)
24274,202103,0010091,신한투자증권 주식회사,C22,파생상품계약_장외파생상품_통화관련거래,15277685506407,국내증권사,B,SF205,각주항목(09.06월 이후)
24275,202103,0010091,신한투자증권 주식회사,C23,파생상품계약_장외파생상품_주식관련거래,2419273827548,국내증권사,B,SF205,각주항목(09.06월 이후)
24276,202103,0010091,신한투자증권 주식회사,C24,파생상품계약_장외파생상품_신용관련거래,4543808911375,국내증권사,B,SF205,각주항목(09.06월 이후)
24277,202103,0010091,신한투자증권 주식회사,C25,파생상품계약_장외파생상품_기타,464550337892,국내증권사,B,SF205,각주항목(09.06월 이후)
24278,202103,0010091,신한투자증권 주식회사,D,대차 및 대주거래,9236918149940,국내증권사,B,SF205,각주항목(09.06월 이후)
24279,202103,0010091,신한투자증권 주식회사,D1,대차 및 대주거래_대여증권,2562713608311,국내증권사,B,SF205,각주항목(09.06월 이후)
24280,202103,0010091,신한투자증권 주식회사,D2,대차 및 대주거래_차입증권,6674204541629,국내증권사,B,SF205,각주항목(09.06월 이후)
24281,202103,0010091,신한투자증권 주식회사,D3,대차 및 대주거래_신용거래대주, ,국내증권사,B,SF205,각주항목(09.06월 이후)
24282,202103,0010091,신한투자증권 주식회사,E,대손상각채권,50075697161,국내증권사,B,SF205,각주항목(09.06월 이후)
24283,202103,0010091,신한투자증권 주식회사,F,환전업무 예치금,0,국내증권사,B,SF205,각주항목(09.06월 이후)
24284,202103,0010091,신한투자증권 주식회사,G,미배당별도예치금,756966942,국내증권사,B,SF205,각주항목(09.06월 이후)
24285,202103,0010091,신한투자증권 주식회사,H,배서어음매출(종금계정),0,국내증권사,B,SF205,각주항목(09.06월 이후)
24286,202103,0010091,신한투자증권 주식회사,H1,대출채권매매이익_담보부, ,국내증권사,B,SF205,각주항목(09.06월 이후)
24287,202103,0010091,신한투자증권 주식회사,H2,대출채권매매이익_무담보부, ,국내증권사,B,SF205,각주항목(09.06월 이후)
24288,202106,0010091,신한투자증권 주식회사,A,채무보증,4023039008628,국내증권사,B,SF205,각주항목(09.06월 이후)
24289,202106,0010091,신한투자증권 주식회사,A1,채무보증_지급보증,208635000000,국내증권사,B,SF205,각주항목(09.06월 이후)
24290,202106,0010091,신한투자증권 주식회사,A2,채무보증_매입보장약정,75928919614,국내증권사,B,SF205,각주항목(09.06월 이후)
24291,202106,0010091,신한투자증권 주식회사,A3,채무보증_채무인수약정, ,국내증권사,B,SF205,각주항목(09.06월 이후)
24292,202106,0010091,신한투자증권 주식회사,A5,채무보증_매입확약,3208225603315,국내증권사,B,SF205,각주항목(09.06월 이후)
24293,202106,0010091,신한투자증권 주식회사,A6,채무보증_기타,530249485699,국내증권사,B,SF205,각주항목(09.06월 이후)
24294,202106,0010091,신한투자증권 주식회사,B,투자자의 예수증권 등,192154017030531,국내증권사,B,SF205,각주항목(09.06월 이후)
24295,202106,0010091,신한투자증권 주식회사,B1,투자자의 예수증권 등_예수 증권,192154017030531,국내증권사,B,SF205,각주항목(09.06월 이후)
24296,202106,0010091,신한투자증권 주식회사,B2,투자자의 예수증권 등_예수양도성예금증서, ,국내증권사,B,SF205,각주항목(09.06월 이후)
24297,202106,0010091,신한투자증권 주식회사,B3,투자자의 예수증권 등_기타, ,국내증권사,B,SF205,각주항목(09.06월 이후)
24298,202106,0010091,신한투자증권 주식회사,C,파생상품계약,75242287766950,국내증권사,B,SF205,각주항목(09.06월 이후)
24299,202106,0010091,신한투자증권 주식회사,C1,파생상품계약_장내파생상품,8408964291585,국내증권사,B,SF205,각주항목(09.06월 이후)
24300,202106,0010091,신한투자증권 주식회사,C11,파생상품계약_장내파생상품_이자율관련거래,2397125607147,국내증권사,B,SF205,각주항목(09.06월 이후)
24301,202106,0010091,신한투자증권 주식회사,C12,파생상품계약_장내파생상품_통화관련거래,1093997857921,국내증권사,B,SF205,각주항목(09.06월 이후)
24302,202106,0010091,신한투자증권 주식회사,C13,파생상품계약_장내파생상품_주식관련거래,4698464090305,국내증권사,B,SF205,각주항목(09.06월 이후)
24303,202106,0010091,신한투자증권 주식회사,C14,파생상품계약_장내파생상품_일반상품관련거래,219376736212,국내증권사,B,SF205,각주항목(09.06월 이후)
24304,202106,0010091,신한투자증권 주식회사,C15,파생상품계약_장내파생상품_기타,0,국내증권사,B,SF205,각주항목(09.06월 이후)
24305,202106,0010091,신한투자증권 주식회사,C2,파생상품계약_장외파생상품,66833323475365,국내증권사,B,SF205,각주항목(09.06월 이후)
24306,202106,0010091,신한투자증권 주식회사,C21,파생상품계약_장외파생상품_이자율관련거래,43728992850000,국내증권사,B,SF205,각주항목(09.06월 이후)
24307,202106,0010091,신한투자증권 주식회사,C22,파생상품계약_장외파생상품_통화관련거래,15815465666962,국내증권사,B,SF205,각주항목(09.06월 이후)
24308,202106,0010091,신한투자증권 주식회사,C23,파생상품계약_장외파생상품_주식관련거래,2269895895922,국내증권사,B,SF205,각주항목(09.06월 이후)
24309,202106,0010091,신한투자증권 주식회사,C24,파생상품계약_장외파생상품_신용관련거래,4561873645857,국내증권사,B,SF205,각주항목(09.06월 이후)
24310,202106,0010091,신한투자증권 주식회사,C25,파생상품계약_장외파생상품_기타,457095416624,국내증권사,B,SF205,각주항목(09.06월 이후)
24311,202106,0010091,신한투자증권 주식회사,D,대차 및 대주거래,11194029246724,국내증권사,B,SF205,각주항목(09.06월 이후)
24312,202106,0010091,신한투자증권 주식회사,D1,대차 및 대주거래_대여증권,3310750605364,국내증권사,B,SF205,각주항목(09.06월 이후)
24313,202106,0010091,신한투자증권 주식회사,D2,대차 및 대주거래_차입증권,7883278641360,국내증권사,B,SF205,각주항목(09.06월 이후)
24314,202106,0010091,신한투자증권 주식회사,D3,대차 및 대주거래_신용거래대주, ,국내증권사,B,SF205,각주항목(09.06월 이후)
24315,202106,0010091,신한투자증권 주식회사,E,대손상각채권,50601603764,국내증권사,B,SF205,각주항목(09.06월 이후)
24316,202106,0010091,신한투자증권 주식회사,F,환전업무 예치금,0,국내증권사,B,SF205,각주항목(09.06월 이후)
24317,202106,0010091,신한투자증권 주식회사,G,미배당별도예치금,3485824903,국내증권사,B,SF205,각주항목(09.06월 이후)
24318,202106,0010091,신한투자증권 주식회사,H,배서어음매출(종금계정),0,국내증권사,B,SF205,각주항목(09.06월 이후)
24319,202106,0010091,신한투자증권 주식회사,H1,대출채권매매이익_담보부, ,국내증권사,B,SF205,각주항목(09.06월 이후)
24320,202106,0010091,신한투자증권 주식회사,H2,대출채권매매이익_무담보부, ,국내증권사,B,SF205,각주항목(09.06월 이후)
24321,202109,0010091,신한투자증권 주식회사,A,채무보증,3619631947408,국내증권사,B,SF205,각주항목(09.06월 이후)
24322,202109,0010091,신한투자증권 주식회사,A1,채무보증_지급보증,198422100000,국내증권사,B,SF205,각주항목(09.06월 이후)
24323,202109,0010091,신한투자증권 주식회사,A2,채무보증_매입보장약정,74730898849,국내증권사,B,SF205,각주항목(09.06월 이후)
24324,202109,0010091,신한투자증권 주식회사,A3,채무보증_채무인수약정, ,국내증권사,B,SF205,각주항목(09.06월 이후)
24325,202109,0010091,신한투자증권 주식회사,A5,채무보증_매입확약,2781663259963,국내증권사,B,SF205,각주항목(09.06월 이후)
24326,202109,0010091,신한투자증권 주식회사,A6,채무보증_기타,564815688596,국내증권사,B,SF205,각주항목(09.06월 이후)
24327,202109,0010091,신한투자증권 주식회사,B,투자자의 예수증권 등,168356159265084,국내증권사,B,SF205,각주항목(09.06월 이후)
24328,202109,0010091,신한투자증권 주식회사,B1,투자자의 예수증권 등_예수 증권,168356159265084,국내증권사,B,SF205,각주항목(09.06월 이후)
24329,202109,0010091,신한투자증권 주식회사,B2,투자자의 예수증권 등_예수양도성예금증서, ,국내증권사,B,SF205,각주항목(09.06월 이후)
24330,202109,0010091,신한투자증권 주식회사,B3,투자자의 예수증권 등_기타, ,국내증권사,B,SF205,각주항목(09.06월 이후)
24331,202109,0010091,신한투자증권 주식회사,C,파생상품계약,86216415846104,국내증권사,B,SF205,각주항목(09.06월 이후)
24332,202109,0010091,신한투자증권 주식회사,C1,파생상품계약_장내파생상품,8898059277639,국내증권사,B,SF205,각주항목(09.06월 이후)
24333,202109,0010091,신한투자증권 주식회사,C11,파생상품계약_장내파생상품_이자율관련거래,3018004861926,국내증권사,B,SF205,각주항목(09.06월 이후)
24334,202109,0010091,신한투자증권 주식회사,C12,파생상품계약_장내파생상품_통화관련거래,707731238659,국내증권사,B,SF205,각주항목(09.06월 이후)
24335,202109,0010091,신한투자증권 주식회사,C13,파생상품계약_장내파생상품_주식관련거래,5013773189855,국내증권사,B,SF205,각주항목(09.06월 이후)
24336,202109,0010091,신한투자증권 주식회사,C14,파생상품계약_장내파생상품_일반상품관련거래,158549987199,국내증권사,B,SF205,각주항목(09.06월 이후)
24337,202109,0010091,신한투자증권 주식회사,C15,파생상품계약_장내파생상품_기타,0,국내증권사,B,SF205,각주항목(09.06월 이후)
24338,202109,0010091,신한투자증권 주식회사,C2,파생상품계약_장외파생상품,77318356568465,국내증권사,B,SF205,각주항목(09.06월 이후)
24339,202109,0010091,신한투자증권 주식회사,C21,파생상품계약_장외파생상품_이자율관련거래,49302419841500,국내증권사,B,SF205,각주항목(09.06월 이후)
24340,202109,0010091,신한투자증권 주식회사,C22,파생상품계약_장외파생상품_통화관련거래,20578546571635,국내증권사,B,SF205,각주항목(09.06월 이후)
24341,202109,0010091,신한투자증권 주식회사,C23,파생상품계약_장외파생상품_주식관련거래,2205217522102,국내증권사,B,SF205,각주항목(09.06월 이후)
24342,202109,0010091,신한투자증권 주식회사,C24,파생상품계약_장외파생상품_신용관련거래,4796146567441,국내증권사,B,SF205,각주항목(09.06월 이후)
24343,202109,0010091,신한투자증권 주식회사,C25,파생상품계약_장외파생상품_기타,436026065787,국내증권사,B,SF205,각주항목(09.06월 이후)
24344,202109,0010091,신한투자증권 주식회사,D,대차 및 대주거래,10964138735718,국내증권사,B,SF205,각주항목(09.06월 이후)
24345,202109,0010091,신한투자증권 주식회사,D1,대차 및 대주거래_대여증권,2995980153860,국내증권사,B,SF205,각주항목(09.06월 이후)
24346,202109,0010091,신한투자증권 주식회사,D2,대차 및 대주거래_차입증권,7968158581858,국내증권사,B,SF205,각주항목(09.06월 이후)
24347,202109,0010091,신한투자증권 주식회사,D3,대차 및 대주거래_신용거래대주, ,국내증권사,B,SF205,각주항목(09.06월 이후)
24348,202109,0010091,신한투자증권 주식회사,E,대손상각채권,50601603764,국내증권사,B,SF205,각주항목(09.06월 이후)
24349,202109,0010091,신한투자증권 주식회사,F,환전업무 예치금,0,국내증권사,B,SF205,각주항목(09.06월 이후)
24350,202109,0010091,신한투자증권 주식회사,G,미배당별도예치금,4155658715,국내증권사,B,SF205,각주항목(09.06월 이후)
24351,202109,0010091,신한투자증권 주식회사,H,배서어음매출(종금계정),0,국내증권사,B,SF205,각주항목(09.06월 이후)
24352,202109,0010091,신한투자증권 주식회사,H1,대출채권매매이익_담보부, ,국내증권사,B,SF205,각주항목(09.06월 이후)
24353,202109,0010091,신한투자증권 주식회사,H2,대출채권매매이익_무담보부, ,국내증권사,B,SF205,각주항목(09.06월 이후)
24354,202112,0010091,신한투자증권 주식회사,A,채무보증,4214401712746,국내증권사,B,SF205,각주항목(09.06월 이후)
24355,202112,0010091,신한투자증권 주식회사,A1,채무보증_지급보증,156469500000,국내증권사,B,SF205,각주항목(09.06월 이후)
24356,202112,0010091,신한투자증권 주식회사,A2,채무보증_매입보장약정,52064322735,국내증권사,B,SF205,각주항목(09.06월 이후)
24357,202112,0010091,신한투자증권 주식회사,A3,채무보증_채무인수약정, ,국내증권사,B,SF205,각주항목(09.06월 이후)
24358,202112,0010091,신한투자증권 주식회사,A5,채무보증_매입확약,3015059026960,국내증권사,B,SF205,각주항목(09.06월 이후)
24359,202112,0010091,신한투자증권 주식회사,A6,채무보증_기타,990808863051,국내증권사,B,SF205,각주항목(09.06월 이후)
24360,202112,0010091,신한투자증권 주식회사,B,투자자의 예수증권 등,175997301986719,국내증권사,B,SF205,각주항목(09.06월 이후)
24361,202112,0010091,신한투자증권 주식회사,B1,투자자의 예수증권 등_예수 증권,175997301986719,국내증권사,B,SF205,각주항목(09.06월 이후)
24362,202112,0010091,신한투자증권 주식회사,B2,투자자의 예수증권 등_예수양도성예금증서, ,국내증권사,B,SF205,각주항목(09.06월 이후)
24363,202112,0010091,신한투자증권 주식회사,B3,투자자의 예수증권 등_기타, ,국내증권사,B,SF205,각주항목(09.06월 이후)
24364,202112,0010091,신한투자증권 주식회사,C,파생상품계약,80959516005406,국내증권사,B,SF205,각주항목(09.06월 이후)
24365,202112,0010091,신한투자증권 주식회사,C1,파생상품계약_장내파생상품,8475131149580,국내증권사,B,SF205,각주항목(09.06월 이후)
24366,202112,0010091,신한투자증권 주식회사,C11,파생상품계약_장내파생상품_이자율관련거래,2827848624705,국내증권사,B,SF205,각주항목(09.06월 이후)
24367,202112,0010091,신한투자증권 주식회사,C12,파생상품계약_장내파생상품_통화관련거래,605538971347,국내증권사,B,SF205,각주항목(09.06월 이후)
24368,202112,0010091,신한투자증권 주식회사,C13,파생상품계약_장내파생상품_주식관련거래,4883193566329,국내증권사,B,SF205,각주항목(09.06월 이후)
24369,202112,0010091,신한투자증권 주식회사,C14,파생상품계약_장내파생상품_일반상품관련거래,158549987199,국내증권사,B,SF205,각주항목(09.06월 이후)
24370,202112,0010091,신한투자증권 주식회사,C15,파생상품계약_장내파생상품_기타,0,국내증권사,B,SF205,각주항목(09.06월 이후)
24371,202112,0010091,신한투자증권 주식회사,C2,파생상품계약_장외파생상품,72484384855826,국내증권사,B,SF205,각주항목(09.06월 이후)
24372,202112,0010091,신한투자증권 주식회사,C21,파생상품계약_장외파생상품_이자율관련거래,48860506042500,국내증권사,B,SF205,각주항목(09.06월 이후)
24373,202112,0010091,신한투자증권 주식회사,C22,파생상품계약_장외파생상품_통화관련거래,15908659427898,국내증권사,B,SF205,각주항목(09.06월 이후)
24374,202112,0010091,신한투자증권 주식회사,C23,파생상품계약_장외파생상품_주식관련거래,2543075793646,국내증권사,B,SF205,각주항목(09.06월 이후)
24375,202112,0010091,신한투자증권 주식회사,C24,파생상품계약_장외파생상품_신용관련거래,4737329068782,국내증권사,B,SF205,각주항목(09.06월 이후)
24376,202112,0010091,신한투자증권 주식회사,C25,파생상품계약_장외파생상품_기타,434814523000,국내증권사,B,SF205,각주항목(09.06월 이후)
24377,202112,0010091,신한투자증권 주식회사,D,대차 및 대주거래,9367627199725,국내증권사,B,SF205,각주항목(09.06월 이후)
24378,202112,0010091,신한투자증권 주식회사,D1,대차 및 대주거래_대여증권,2180937658372,국내증권사,B,SF205,각주항목(09.06월 이후)
24379,202112,0010091,신한투자증권 주식회사,D2,대차 및 대주거래_차입증권,7186689541353,국내증권사,B,SF205,각주항목(09.06월 이후)
24380,202112,0010091,신한투자증권 주식회사,D3,대차 및 대주거래_신용거래대주, ,국내증권사,B,SF205,각주항목(09.06월 이후)
24381,202112,0010091,신한투자증권 주식회사,E,대손상각채권,50601603764,국내증권사,B,SF205,각주항목(09.06월 이후)
24382,202112,0010091,신한투자증권 주식회사,F,환전업무 예치금,0,국내증권사,B,SF205,각주항목(09.06월 이후)
24383,202112,0010091,신한투자증권 주식회사,G,미배당별도예치금,5225756458,국내증권사,B,SF205,각주항목(09.06월 이후)
24384,202112,0010091,신한투자증권 주식회사,H,배서어음매출(종금계정),0,국내증권사,B,SF205,각주항목(09.06월 이후)
24385,202112,0010091,신한투자증권 주식회사,H1,대출채권매매이익_담보부, ,국내증권사,B,SF205,각주항목(09.06월 이후)
24386,202112,0010091,신한투자증권 주식회사,H2,대출채권매매이익_무담보부, ,국내증권사,B,SF205,각주항목(09.06월 이후)
24387,202203,0010091,신한투자증권 주식회사,A,채무보증,4277959774392,국내증권사,B,SF205,각주항목(09.06월 이후)
24388,202203,0010091,신한투자증권 주식회사,A1,채무보증_지급보증,130653200000,국내증권사,B,SF205,각주항목(09.06월 이후)
24389,202203,0010091,신한투자증권 주식회사,A2,채무보증_매입보장약정,66195240151,국내증권사,B,SF205,각주항목(09.06월 이후)
24390,202203,0010091,신한투자증권 주식회사,A3,채무보증_채무인수약정, ,국내증권사,B,SF205,각주항목(09.06월 이후)
24391,202203,0010091,신한투자증권 주식회사,A5,채무보증_매입확약,3009023378590,국내증권사,B,SF205,각주항목(09.06월 이후)
24392,202203,0010091,신한투자증권 주식회사,A6,채무보증_기타,1072087955651,국내증권사,B,SF205,각주항목(09.06월 이후)
24393,202203,0010091,신한투자증권 주식회사,B,투자자의 예수증권 등,170380509602756,국내증권사,B,SF205,각주항목(09.06월 이후)
24394,202203,0010091,신한투자증권 주식회사,B1,투자자의 예수증권 등_예수 증권,170380509602756,국내증권사,B,SF205,각주항목(09.06월 이후)
24395,202203,0010091,신한투자증권 주식회사,B2,투자자의 예수증권 등_예수양도성예금증서, ,국내증권사,B,SF205,각주항목(09.06월 이후)
24396,202203,0010091,신한투자증권 주식회사,B3,투자자의 예수증권 등_기타, ,국내증권사,B,SF205,각주항목(09.06월 이후)
24397,202203,0010091,신한투자증권 주식회사,C,파생상품계약,90092246229719,국내증권사,B,SF205,각주항목(09.06월 이후)
24398,202203,0010091,신한투자증권 주식회사,C1,파생상품계약_장내파생상품,10310172277201,국내증권사,B,SF205,각주항목(09.06월 이후)
24399,202203,0010091,신한투자증권 주식회사,C11,파생상품계약_장내파생상품_이자율관련거래,3018392806915,국내증권사,B,SF205,각주항목(09.06월 이후)
24400,202203,0010091,신한투자증권 주식회사,C12,파생상품계약_장내파생상품_통화관련거래,1022206745313,국내증권사,B,SF205,각주항목(09.06월 이후)
24401,202203,0010091,신한투자증권 주식회사,C13,파생상품계약_장내파생상품_주식관련거래,6093018669128,국내증권사,B,SF205,각주항목(09.06월 이후)
24402,202203,0010091,신한투자증권 주식회사,C14,파생상품계약_장내파생상품_일반상품관련거래,176554055845,국내증권사,B,SF205,각주항목(09.06월 이후)
24403,202203,0010091,신한투자증권 주식회사,C15,파생상품계약_장내파생상품_기타,0,국내증권사,B,SF205,각주항목(09.06월 이후)
24404,202203,0010091,신한투자증권 주식회사,C2,파생상품계약_장외파생상품,79782073952518,국내증권사,B,SF205,각주항목(09.06월 이후)
24405,202203,0010091,신한투자증권 주식회사,C21,파생상품계약_장외파생상품_이자율관련거래,50405225344500,국내증권사,B,SF205,각주항목(09.06월 이후)
24406,202203,0010091,신한투자증권 주식회사,C22,파생상품계약_장외파생상품_통화관련거래,19774567652254,국내증권사,B,SF205,각주항목(09.06월 이후)
24407,202203,0010091,신한투자증권 주식회사,C23,파생상품계약_장외파생상품_주식관련거래,3777482888559,국내증권사,B,SF205,각주항목(09.06월 이후)
24408,202203,0010091,신한투자증권 주식회사,C24,파생상품계약_장외파생상품_신용관련거래,5185872424205,국내증권사,B,SF205,각주항목(09.06월 이후)
24409,202203,0010091,신한투자증권 주식회사,C25,파생상품계약_장외파생상품_기타,638925643000,국내증권사,B,SF205,각주항목(09.06월 이후)
24410,202203,0010091,신한투자증권 주식회사,D,대차 및 대주거래,10890971328763,국내증권사,B,SF205,각주항목(09.06월 이후)
24411,202203,0010091,신한투자증권 주식회사,D1,대차 및 대주거래_대여증권,2837431634137,국내증권사,B,SF205,각주항목(09.06월 이후)
24412,202203,0010091,신한투자증권 주식회사,D2,대차 및 대주거래_차입증권,8053539694626,국내증권사,B,SF205,각주항목(09.06월 이후)
24413,202203,0010091,신한투자증권 주식회사,D3,대차 및 대주거래_신용거래대주, ,국내증권사,B,SF205,각주항목(09.06월 이후)
24414,202203,0010091,신한투자증권 주식회사,E,대손상각채권,50601603764,국내증권사,B,SF205,각주항목(09.06월 이후)
24415,202203,0010091,신한투자증권 주식회사,F,환전업무 예치금,0,국내증권사,B,SF205,각주항목(09.06월 이후)
24416,202203,0010091,신한투자증권 주식회사,G,미배당별도예치금,2433599289,국내증권사,B,SF205,각주항목(09.06월 이후)
24417,202203,0010091,신한투자증권 주식회사,H,배서어음매출(종금계정),0,국내증권사,B,SF205,각주항목(09.06월 이후)
24418,202203,0010091,신한투자증권 주식회사,H1,대출채권매매이익_담보부, ,국내증권사,B,SF205,각주항목(09.06월 이후)
24419,202203,0010091,신한투자증권 주식회사,H2,대출채권매매이익_무담보부, ,국내증권사,B,SF205,각주항목(09.06월 이후)
24420,202206,0010091,신한투자증권 주식회사,A,채무보증,4360789559780,국내증권사,B,SF205,각주항목(09.06월 이후)
24421,202206,0010091,신한투자증권 주식회사,A1,채무보증_지급보증,82837300000,국내증권사,B,SF205,각주항목(09.06월 이후)
24422,202206,0010091,신한투자증권 주식회사,A2,채무보증_매입보장약정,70183581798,국내증권사,B,SF205,각주항목(09.06월 이후)
24423,202206,0010091,신한투자증권 주식회사,A3,채무보증_채무인수약정, ,국내증권사,B,SF205,각주항목(09.06월 이후)
24424,202206,0010091,신한투자증권 주식회사,A5,채무보증_매입확약,3165578443493,국내증권사,B,SF205,각주항목(09.06월 이후)
24425,202206,0010091,신한투자증권 주식회사,A6,채무보증_기타,1042190234489,국내증권사,B,SF205,각주항목(09.06월 이후)
24426,202206,0010091,신한투자증권 주식회사,B,투자자의 예수증권 등,154200015231704,국내증권사,B,SF205,각주항목(09.06월 이후)
24427,202206,0010091,신한투자증권 주식회사,B1,투자자의 예수증권 등_예수 증권,154200015231704,국내증권사,B,SF205,각주항목(09.06월 이후)
24428,202206,0010091,신한투자증권 주식회사,B2,투자자의 예수증권 등_예수양도성예금증서, ,국내증권사,B,SF205,각주항목(09.06월 이후)
24429,202206,0010091,신한투자증권 주식회사,B3,투자자의 예수증권 등_기타, ,국내증권사,B,SF205,각주항목(09.06월 이후)
24430,202206,0010091,신한투자증권 주식회사,C,파생상품계약,90135513683879,국내증권사,B,SF205,각주항목(09.06월 이후)
24431,202206,0010091,신한투자증권 주식회사,C1,파생상품계약_장내파생상품,3270373336508,국내증권사,B,SF205,각주항목(09.06월 이후)
24432,202206,0010091,신한투자증권 주식회사,C11,파생상품계약_장내파생상품_이자율관련거래,735297837387,국내증권사,B,SF205,각주항목(09.06월 이후)
24433,202206,0010091,신한투자증권 주식회사,C12,파생상품계약_장내파생상품_통화관련거래,753615923476,국내증권사,B,SF205,각주항목(09.06월 이후)
24434,202206,0010091,신한투자증권 주식회사,C13,파생상품계약_장내파생상품_주식관련거래,1757003400746,국내증권사,B,SF205,각주항목(09.06월 이후)
24435,202206,0010091,신한투자증권 주식회사,C14,파생상품계약_장내파생상품_일반상품관련거래,24456174899,국내증권사,B,SF205,각주항목(09.06월 이후)
24436,202206,0010091,신한투자증권 주식회사,C15,파생상품계약_장내파생상품_기타,0,국내증권사,B,SF205,각주항목(09.06월 이후)
24437,202206,0010091,신한투자증권 주식회사,C2,파생상품계약_장외파생상품,86865140347371,국내증권사,B,SF205,각주항목(09.06월 이후)
24438,202206,0010091,신한투자증권 주식회사,C21,파생상품계약_장외파생상품_이자율관련거래,58312290633000,국내증권사,B,SF205,각주항목(09.06월 이후)
24439,202206,0010091,신한투자증권 주식회사,C22,파생상품계약_장외파생상품_통화관련거래,18600964894663,국내증권사,B,SF205,각주항목(09.06월 이후)
24440,202206,0010091,신한투자증권 주식회사,C23,파생상품계약_장외파생상품_주식관련거래,3975374667968,국내증권사,B,SF205,각주항목(09.06월 이후)
24441,202206,0010091,신한투자증권 주식회사,C24,파생상품계약_장외파생상품_신용관련거래,5312996129340,국내증권사,B,SF205,각주항목(09.06월 이후)
24442,202206,0010091,신한투자증권 주식회사,C25,파생상품계약_장외파생상품_기타,663514022400,국내증권사,B,SF205,각주항목(09.06월 이후)
24443,202206,0010091,신한투자증권 주식회사,D,대차 및 대주거래,10080184129341,국내증권사,B,SF205,각주항목(09.06월 이후)
24444,202206,0010091,신한투자증권 주식회사,D1,대차 및 대주거래_대여증권,2446228244862,국내증권사,B,SF205,각주항목(09.06월 이후)
24445,202206,0010091,신한투자증권 주식회사,D2,대차 및 대주거래_차입증권,7633955884479,국내증권사,B,SF205,각주항목(09.06월 이후)
24446,202206,0010091,신한투자증권 주식회사,D3,대차 및 대주거래_신용거래대주, ,국내증권사,B,SF205,각주항목(09.06월 이후)
24447,202206,0010091,신한투자증권 주식회사,E,대손상각채권,50601603764,국내증권사,B,SF205,각주항목(09.06월 이후)
24448,202206,0010091,신한투자증권 주식회사,F,환전업무 예치금,0,국내증권사,B,SF205,각주항목(09.06월 이후)
24449,202206,0010091,신한투자증권 주식회사,G,미배당별도예치금,3157692920,국내증권사,B,SF205,각주항목(09.06월 이후)
24450,202206,0010091,신한투자증권 주식회사,H,배서어음매출(종금계정),0,국내증권사,B,SF205,각주항목(09.06월 이후)
24451,202206,0010091,신한투자증권 주식회사,H1,대출채권매매이익_담보부, ,국내증권사,B,SF205,각주항목(09.06월 이후)
24452,202206,0010091,신한투자증권 주식회사,H2,대출채권매매이익_무담보부, ,국내증권사,B,SF205,각주항목(09.06월 이후)
24453,202209,0010091,신한투자증권 주식회사,A,채무보증,3616586666118,국내증권사,B,SF205,각주항목(09.06월 이후)
24454,202209,0010091,신한투자증권 주식회사,A1,채무보증_지급보증,88087600000,국내증권사,B,SF205,각주항목(09.06월 이후)
24455,202209,0010091,신한투자증권 주식회사,A2,채무보증_매입보장약정,30439753912,국내증권사,B,SF205,각주항목(09.06월 이후)
24456,202209,0010091,신한투자증권 주식회사,A3,채무보증_채무인수약정, ,국내증권사,B,SF205,각주항목(09.06월 이후)
24457,202209,0010091,신한투자증권 주식회사,A5,채무보증_매입확약,2529883010587,국내증권사,B,SF205,각주항목(09.06월 이후)
24458,202209,0010091,신한투자증권 주식회사,A6,채무보증_기타,968176301619,국내증권사,B,SF205,각주항목(09.06월 이후)
24459,202209,0010091,신한투자증권 주식회사,B,투자자의 예수증권 등,152781988497812,국내증권사,B,SF205,각주항목(09.06월 이후)
24460,202209,0010091,신한투자증권 주식회사,B1,투자자의 예수증권 등_예수 증권,152781988497812,국내증권사,B,SF205,각주항목(09.06월 이후)
24461,202209,0010091,신한투자증권 주식회사,B2,투자자의 예수증권 등_예수양도성예금증서, ,국내증권사,B,SF205,각주항목(09.06월 이후)
24462,202209,0010091,신한투자증권 주식회사,B3,투자자의 예수증권 등_기타, ,국내증권사,B,SF205,각주항목(09.06월 이후)
24463,202209,0010091,신한투자증권 주식회사,C,파생상품계약,109988900288676,국내증권사,B,SF205,각주항목(09.06월 이후)
24464,202209,0010091,신한투자증권 주식회사,C1,파생상품계약_장내파생상품,8702869466082,국내증권사,B,SF205,각주항목(09.06월 이후)
24465,202209,0010091,신한투자증권 주식회사,C11,파생상품계약_장내파생상품_이자율관련거래,2346014521111,국내증권사,B,SF205,각주항목(09.06월 이후)
24466,202209,0010091,신한투자증권 주식회사,C12,파생상품계약_장내파생상품_통화관련거래,684791298002,국내증권사,B,SF205,각주항목(09.06월 이후)
24467,202209,0010091,신한투자증권 주식회사,C13,파생상품계약_장내파생상품_주식관련거래,5409608636234,국내증권사,B,SF205,각주항목(09.06월 이후)
24468,202209,0010091,신한투자증권 주식회사,C14,파생상품계약_장내파생상품_일반상품관련거래,262455010735,국내증권사,B,SF205,각주항목(09.06월 이후)
24469,202209,0010091,신한투자증권 주식회사,C15,파생상품계약_장내파생상품_기타,0,국내증권사,B,SF205,각주항목(09.06월 이후)
24470,202209,0010091,신한투자증권 주식회사,C2,파생상품계약_장외파생상품,101286030822594,국내증권사,B,SF205,각주항목(09.06월 이후)
24471,202209,0010091,신한투자증권 주식회사,C21,파생상품계약_장외파생상품_이자율관련거래,68901437138000,국내증권사,B,SF205,각주항목(09.06월 이후)
24472,202209,0010091,신한투자증권 주식회사,C22,파생상품계약_장외파생상품_통화관련거래,20624602375867,국내증권사,B,SF205,각주항목(09.06월 이후)
24473,202209,0010091,신한투자증권 주식회사,C23,파생상품계약_장외파생상품_주식관련거래,5081480738654,국내증권사,B,SF205,각주항목(09.06월 이후)
24474,202209,0010091,신한투자증권 주식회사,C24,파생상품계약_장외파생상품_신용관련거래,5963587065073,국내증권사,B,SF205,각주항목(09.06월 이후)
24475,202209,0010091,신한투자증권 주식회사,C25,파생상품계약_장외파생상품_기타,714923505000,국내증권사,B,SF205,각주항목(09.06월 이후)
24476,202209,0010091,신한투자증권 주식회사,D,대차 및 대주거래,10974053778306,국내증권사,B,SF205,각주항목(09.06월 이후)
24477,202209,0010091,신한투자증권 주식회사,D1,대차 및 대주거래_대여증권,2393178819839,국내증권사,B,SF205,각주항목(09.06월 이후)
24478,202209,0010091,신한투자증권 주식회사,D2,대차 및 대주거래_차입증권,8580874958467,국내증권사,B,SF205,각주항목(09.06월 이후)
24479,202209,0010091,신한투자증권 주식회사,D3,대차 및 대주거래_신용거래대주, ,국내증권사,B,SF205,각주항목(09.06월 이후)
24480,202209,0010091,신한투자증권 주식회사,E,대손상각채권,50601603764,국내증권사,B,SF205,각주항목(09.06월 이후)
24481,202209,0010091,신한투자증권 주식회사,F,환전업무 예치금,0,국내증권사,B,SF205,각주항목(09.06월 이후)
24482,202209,0010091,신한투자증권 주식회사,G,미배당별도예치금,3771371808,국내증권사,B,SF205,각주항목(09.06월 이후)
24483,202209,0010091,신한투자증권 주식회사,H,배서어음매출(종금계정),0,국내증권사,B,SF205,각주항목(09.06월 이후)
24484,202209,0010091,신한투자증권 주식회사,H1,대출채권매매이익_담보부, ,국내증권사,B,SF205,각주항목(09.06월 이후)
24485,202209,0010091,신한투자증권 주식회사,H2,대출채권매매이익_무담보부, ,국내증권사,B,SF205,각주항목(09.06월 이후)
24486,202212,0010091,신한투자증권 주식회사,A,채무보증,2815306384046,국내증권사,B,SF205,각주항목(09.06월 이후)
24487,202212,0010091,신한투자증권 주식회사,A1,채무보증_지급보증,55910450000,국내증권사,B,SF205,각주항목(09.06월 이후)
24488,202212,0010091,신한투자증권 주식회사,A2,채무보증_매입보장약정,38001471938,국내증권사,B,SF205,각주항목(09.06월 이후)
24489,202212,0010091,신한투자증권 주식회사,A3,채무보증_채무인수약정, ,국내증권사,B,SF205,각주항목(09.06월 이후)
24490,202212,0010091,신한투자증권 주식회사,A5,채무보증_매입확약,2081809002488,국내증권사,B,SF205,각주항목(09.06월 이후)
24491,202212,0010091,신한투자증권 주식회사,A6,채무보증_기타,639585459620,국내증권사,B,SF205,각주항목(09.06월 이후)
24492,202212,0010091,신한투자증권 주식회사,B,투자자의 예수증권 등,155436420680378,국내증권사,B,SF205,각주항목(09.06월 이후)
24493,202212,0010091,신한투자증권 주식회사,B1,투자자의 예수증권 등_예수 증권,155436420680378,국내증권사,B,SF205,각주항목(09.06월 이후)
24494,202212,0010091,신한투자증권 주식회사,B2,투자자의 예수증권 등_예수양도성예금증서, ,국내증권사,B,SF205,각주항목(09.06월 이후)
24495,202212,0010091,신한투자증권 주식회사,B3,투자자의 예수증권 등_기타, ,국내증권사,B,SF205,각주항목(09.06월 이후)
24496,202212,0010091,신한투자증권 주식회사,C,파생상품계약,99431672813641,국내증권사,B,SF205,각주항목(09.06월 이후)
24497,202212,0010091,신한투자증권 주식회사,C1,파생상품계약_장내파생상품,7237323709026,국내증권사,B,SF205,각주항목(09.06월 이후)
24498,202212,0010091,신한투자증권 주식회사,C11,파생상품계약_장내파생상품_이자율관련거래,2624192978173,국내증권사,B,SF205,각주항목(09.06월 이후)
24499,202212,0010091,신한투자증권 주식회사,C12,파생상품계약_장내파생상품_통화관련거래,681598674858,국내증권사,B,SF205,각주항목(09.06월 이후)
24500,202212,0010091,신한투자증권 주식회사,C13,파생상품계약_장내파생상품_주식관련거래,3862159394542,국내증권사,B,SF205,각주항목(09.06월 이후)
24501,202212,0010091,신한투자증권 주식회사,C14,파생상품계약_장내파생상품_일반상품관련거래,69372661453,국내증권사,B,SF205,각주항목(09.06월 이후)
24502,202212,0010091,신한투자증권 주식회사,C15,파생상품계약_장내파생상품_기타,0,국내증권사,B,SF205,각주항목(09.06월 이후)
24503,202212,0010091,신한투자증권 주식회사,C2,파생상품계약_장외파생상품,92194349104615,국내증권사,B,SF205,각주항목(09.06월 이후)
24504,202212,0010091,신한투자증권 주식회사,C21,파생상품계약_장외파생상품_이자율관련거래,63746310839836,국내증권사,B,SF205,각주항목(09.06월 이후)
24505,202212,0010091,신한투자증권 주식회사,C22,파생상품계약_장외파생상품_통화관련거래,18134358762734,국내증권사,B,SF205,각주항목(09.06월 이후)
24506,202212,0010091,신한투자증권 주식회사,C23,파생상품계약_장외파생상품_주식관련거래,4501508822619,국내증권사,B,SF205,각주항목(09.06월 이후)
24507,202212,0010091,신한투자증권 주식회사,C24,파생상품계약_장외파생상품_신용관련거래,5155333535426,국내증권사,B,SF205,각주항목(09.06월 이후)
24508,202212,0010091,신한투자증권 주식회사,C25,파생상품계약_장외파생상품_기타,656837144000,국내증권사,B,SF205,각주항목(09.06월 이후)
24509,202212,0010091,신한투자증권 주식회사,D,대차 및 대주거래,9381435259761,국내증권사,B,SF205,각주항목(09.06월 이후)
24510,202212,0010091,신한투자증권 주식회사,D1,대차 및 대주거래_대여증권,2198734328495,국내증권사,B,SF205,각주항목(09.06월 이후)
24511,202212,0010091,신한투자증권 주식회사,D2,대차 및 대주거래_차입증권,7182700931266,국내증권사,B,SF205,각주항목(09.06월 이후)
24512,202212,0010091,신한투자증권 주식회사,D3,대차 및 대주거래_신용거래대주, ,국내증권사,B,SF205,각주항목(09.06월 이후)
24513,202212,0010091,신한투자증권 주식회사,E,대손상각채권,50601603764,국내증권사,B,SF205,각주항목(09.06월 이후)
24514,202212,0010091,신한투자증권 주식회사,F,환전업무 예치금,0,국내증권사,B,SF205,각주항목(09.06월 이후)
24515,202212,0010091,신한투자증권 주식회사,G,미배당별도예치금,4824301544,국내증권사,B,SF205,각주항목(09.06월 이후)
24516,202212,0010091,신한투자증권 주식회사,H,배서어음매출(종금계정),0,국내증권사,B,SF205,각주항목(09.06월 이후)
24517,202212,0010091,신한투자증권 주식회사,H1,대출채권매매이익_담보부, ,국내증권사,B,SF205,각주항목(09.06월 이후)
24518,202212,0010091,신한투자증권 주식회사,H2,대출채권매매이익_무담보부, ,국내증권사,B,SF205,각주항목(09.06월 이후)
24519,202303,0010091,신한투자증권 주식회사,A,채무보증,2981752750200,국내증권사,B,SF205,각주항목(09.06월 이후)
24520,202303,0010091,신한투자증권 주식회사,A1,채무보증_지급보증,56512700000,국내증권사,B,SF205,각주항목(09.06월 이후)
24521,202303,0010091,신한투자증권 주식회사,A2,채무보증_매입보장약정,28413438357,국내증권사,B,SF205,각주항목(09.06월 이후)
24522,202303,0010091,신한투자증권 주식회사,A3,채무보증_채무인수약정, ,국내증권사,B,SF205,각주항목(09.06월 이후)
24523,202303,0010091,신한투자증권 주식회사,A5,채무보증_매입확약,2131727767084,국내증권사,B,SF205,각주항목(09.06월 이후)
24524,202303,0010091,신한투자증권 주식회사,A6,채무보증_기타,765098844759,국내증권사,B,SF205,각주항목(09.06월 이후)
24525,202303,0010091,신한투자증권 주식회사,B,투자자의 예수증권 등,176960406845036,국내증권사,B,SF205,각주항목(09.06월 이후)
24526,202303,0010091,신한투자증권 주식회사,B1,투자자의 예수증권 등_예수 증권,176960406845036,국내증권사,B,SF205,각주항목(09.06월 이후)
24527,202303,0010091,신한투자증권 주식회사,B2,투자자의 예수증권 등_예수양도성예금증서, ,국내증권사,B,SF205,각주항목(09.06월 이후)
24528,202303,0010091,신한투자증권 주식회사,B3,투자자의 예수증권 등_기타, ,국내증권사,B,SF205,각주항목(09.06월 이후)
24529,202303,0010091,신한투자증권 주식회사,C,파생상품계약,108041606862351,국내증권사,B,SF205,각주항목(09.06월 이후)
24530,202303,0010091,신한투자증권 주식회사,C1,파생상품계약_장내파생상품,8916696779592,국내증권사,B,SF205,각주항목(09.06월 이후)
24531,202303,0010091,신한투자증권 주식회사,C11,파생상품계약_장내파생상품_이자율관련거래,2807305101114,국내증권사,B,SF205,각주항목(09.06월 이후)
24532,202303,0010091,신한투자증권 주식회사,C12,파생상품계약_장내파생상품_통화관련거래,1462146606188,국내증권사,B,SF205,각주항목(09.06월 이후)
24533,202303,0010091,신한투자증권 주식회사,C13,파생상품계약_장내파생상품_주식관련거래,4468321298659,국내증권사,B,SF205,각주항목(09.06월 이후)
24534,202303,0010091,신한투자증권 주식회사,C14,파생상품계약_장내파생상품_일반상품관련거래,178923773631,국내증권사,B,SF205,각주항목(09.06월 이후)
24535,202303,0010091,신한투자증권 주식회사,C15,파생상품계약_장내파생상품_기타,0,국내증권사,B,SF205,각주항목(09.06월 이후)
24536,202303,0010091,신한투자증권 주식회사,C2,파생상품계약_장외파생상품,99124910082759,국내증권사,B,SF205,각주항목(09.06월 이후)
24537,202303,0010091,신한투자증권 주식회사,C21,파생상품계약_장외파생상품_이자율관련거래,62984030447336,국내증권사,B,SF205,각주항목(09.06월 이후)
24538,202303,0010091,신한투자증권 주식회사,C22,파생상품계약_장외파생상품_통화관련거래,23641044806357,국내증권사,B,SF205,각주항목(09.06월 이후)
24539,202303,0010091,신한투자증권 주식회사,C23,파생상품계약_장외파생상품_주식관련거래,6305736813297,국내증권사,B,SF205,각주항목(09.06월 이후)
24540,202303,0010091,신한투자증권 주식회사,C24,파생상품계약_장외파생상품_신용관련거래,5610426919669,국내증권사,B,SF205,각주항목(09.06월 이후)
24541,202303,0010091,신한투자증권 주식회사,C25,파생상품계약_장외파생상품_기타,583671096100,국내증권사,B,SF205,각주항목(09.06월 이후)
24542,202303,0010091,신한투자증권 주식회사,D,대차 및 대주거래,10366616420954,국내증권사,B,SF205,각주항목(09.06월 이후)
24543,202303,0010091,신한투자증권 주식회사,D1,대차 및 대주거래_대여증권,2764949768080,국내증권사,B,SF205,각주항목(09.06월 이후)
24544,202303,0010091,신한투자증권 주식회사,D2,대차 및 대주거래_차입증권,7601666652874,국내증권사,B,SF205,각주항목(09.06월 이후)
24545,202303,0010091,신한투자증권 주식회사,D3,대차 및 대주거래_신용거래대주, ,국내증권사,B,SF205,각주항목(09.06월 이후)
24546,202303,0010091,신한투자증권 주식회사,E,대손상각채권,50601603764,국내증권사,B,SF205,각주항목(09.06월 이후)
24547,202303,0010091,신한투자증권 주식회사,F,환전업무 예치금,0,국내증권사,B,SF205,각주항목(09.06월 이후)
24548,202303,0010091,신한투자증권 주식회사,G,미배당별도예치금,4726576708,국내증권사,B,SF205,각주항목(09.06월 이후)
24549,202303,0010091,신한투자증권 주식회사,H,배서어음매출(종금계정),0,국내증권사,B,SF205,각주항목(09.06월 이후)
24550,202303,0010091,신한투자증권 주식회사,H1,대출채권매매이익_담보부, ,국내증권사,B,SF205,각주항목(09.06월 이후)
24551,202303,0010091,신한투자증권 주식회사,H2,대출채권매매이익_무담보부, ,국내증권사,B,SF205,각주항목(09.06월 이후)
24552,202306,0010091,신한투자증권 주식회사,A,채무보증,3649203137557,국내증권사,B,SF205,각주항목(09.06월 이후)
24553,202306,0010091,신한투자증권 주식회사,A1,채무보증_지급보증,36923760000,국내증권사,B,SF205,각주항목(09.06월 이후)
24554,202306,0010091,신한투자증권 주식회사,A2,채무보증_매입보장약정,28413315069,국내증권사,B,SF205,각주항목(09.06월 이후)
24555,202306,0010091,신한투자증권 주식회사,A3,채무보증_채무인수약정, ,국내증권사,B,SF205,각주항목(09.06월 이후)
24556,202306,0010091,신한투자증권 주식회사,A5,채무보증_매입확약,2424166056223,국내증권사,B,SF205,각주항목(09.06월 이후)
24557,202306,0010091,신한투자증권 주식회사,A6,채무보증_기타,1159700006265,국내증권사,B,SF205,각주항목(09.06월 이후)
24558,202306,0010091,신한투자증권 주식회사,B,투자자의 예수증권 등,177614236524010,국내증권사,B,SF205,각주항목(09.06월 이후)
24559,202306,0010091,신한투자증권 주식회사,B1,투자자의 예수증권 등_예수 증권,177614236524010,국내증권사,B,SF205,각주항목(09.06월 이후)
24560,202306,0010091,신한투자증권 주식회사,B2,투자자의 예수증권 등_예수양도성예금증서, ,국내증권사,B,SF205,각주항목(09.06월 이후)
24561,202306,0010091,신한투자증권 주식회사,B3,투자자의 예수증권 등_기타, ,국내증권사,B,SF205,각주항목(09.06월 이후)
24562,202306,0010091,신한투자증권 주식회사,C,파생상품계약,107468022456627,국내증권사,B,SF205,각주항목(09.06월 이후)
24563,202306,0010091,신한투자증권 주식회사,C1,파생상품계약_장내파생상품,7514316790307,국내증권사,B,SF205,각주항목(09.06월 이후)
24564,202306,0010091,신한투자증권 주식회사,C11,파생상품계약_장내파생상품_이자율관련거래,2794587151378,국내증권사,B,SF205,각주항목(09.06월 이후)
24565,202306,0010091,신한투자증권 주식회사,C12,파생상품계약_장내파생상품_통화관련거래,1353108198473,국내증권사,B,SF205,각주항목(09.06월 이후)
24566,202306,0010091,신한투자증권 주식회사,C13,파생상품계약_장내파생상품_주식관련거래,3219016366335,국내증권사,B,SF205,각주항목(09.06월 이후)
24567,202306,0010091,신한투자증권 주식회사,C14,파생상품계약_장내파생상품_일반상품관련거래,147605074121,국내증권사,B,SF205,각주항목(09.06월 이후)
24568,202306,0010091,신한투자증권 주식회사,C15,파생상품계약_장내파생상품_기타,0,국내증권사,B,SF205,각주항목(09.06월 이후)
24569,202306,0010091,신한투자증권 주식회사,C2,파생상품계약_장외파생상품,99953705666320,국내증권사,B,SF205,각주항목(09.06월 이후)
24570,202306,0010091,신한투자증권 주식회사,C21,파생상품계약_장외파생상품_이자율관련거래,60995809607775,국내증권사,B,SF205,각주항목(09.06월 이후)
24571,202306,0010091,신한투자증권 주식회사,C22,파생상품계약_장외파생상품_통화관련거래,25976251295911,국내증권사,B,SF205,각주항목(09.06월 이후)
24572,202306,0010091,신한투자증권 주식회사,C23,파생상품계약_장외파생상품_주식관련거래,6796312720718,국내증권사,B,SF205,각주항목(09.06월 이후)
24573,202306,0010091,신한투자증권 주식회사,C24,파생상품계약_장외파생상품_신용관련거래,5357820376966,국내증권사,B,SF205,각주항목(09.06월 이후)
24574,202306,0010091,신한투자증권 주식회사,C25,파생상품계약_장외파생상품_기타,827511664950,국내증권사,B,SF205,각주항목(09.06월 이후)
24575,202306,0010091,신한투자증권 주식회사,D,대차 및 대주거래,12621494931164,국내증권사,B,SF205,각주항목(09.06월 이후)
24576,202306,0010091,신한투자증권 주식회사,D1,대차 및 대주거래_대여증권,3580083558220,국내증권사,B,SF205,각주항목(09.06월 이후)
24577,202306,0010091,신한투자증권 주식회사,D2,대차 및 대주거래_차입증권,9041411372944,국내증권사,B,SF205,각주항목(09.06월 이후)
24578,202306,0010091,신한투자증권 주식회사,D3,대차 및 대주거래_신용거래대주, ,국내증권사,B,SF205,각주항목(09.06월 이후)
24579,202306,0010091,신한투자증권 주식회사,E,대손상각채권,50601603764,국내증권사,B,SF205,각주항목(09.06월 이후)
24580,202306,0010091,신한투자증권 주식회사,F,환전업무 예치금,0,국내증권사,B,SF205,각주항목(09.06월 이후)
24581,202306,0010091,신한투자증권 주식회사,G,미배당별도예치금,4296441527,국내증권사,B,SF205,각주항목(09.06월 이후)
24582,202306,0010091,신한투자증권 주식회사,H,배서어음매출(종금계정),0,국내증권사,B,SF205,각주항목(09.06월 이후)
24583,202306,0010091,신한투자증권 주식회사,H1,대출채권매매이익_담보부, ,국내증권사,B,SF205,각주항목(09.06월 이후)
24584,202306,0010091,신한투자증권 주식회사,H2,대출채권매매이익_무담보부, ,국내증권사,B,SF205,각주항목(09.06월 이후)
24585,202309,0010091,신한투자증권 주식회사,A,채무보증,3252912820307,국내증권사,B,SF205,각주항목(09.06월 이후)
24586,202309,0010091,신한투자증권 주식회사,A1,채무보증_지급보증,64757600000,국내증권사,B,SF205,각주항목(09.06월 이후)
24587,202309,0010091,신한투자증권 주식회사,A2,채무보증_매입보장약정,27945628932,국내증권사,B,SF205,각주항목(09.06월 이후)
24588,202309,0010091,신한투자증권 주식회사,A3,채무보증_채무인수약정, ,국내증권사,B,SF205,각주항목(09.06월 이후)
24589,202309,0010091,신한투자증권 주식회사,A5,채무보증_매입확약,2429792339541,국내증권사,B,SF205,각주항목(09.06월 이후)
24590,202309,0010091,신한투자증권 주식회사,A6,채무보증_기타,730417251834,국내증권사,B,SF205,각주항목(09.06월 이후)
24591,202309,0010091,신한투자증권 주식회사,B,투자자의 예수증권 등,182725195363460,국내증권사,B,SF205,각주항목(09.06월 이후)
24592,202309,0010091,신한투자증권 주식회사,B1,투자자의 예수증권 등_예수 증권,182725195363460,국내증권사,B,SF205,각주항목(09.06월 이후)
24593,202309,0010091,신한투자증권 주식회사,B2,투자자의 예수증권 등_예수양도성예금증서, ,국내증권사,B,SF205,각주항목(09.06월 이후)
24594,202309,0010091,신한투자증권 주식회사,B3,투자자의 예수증권 등_기타, ,국내증권사,B,SF205,각주항목(09.06월 이후)
24595,202309,0010091,신한투자증권 주식회사,C,파생상품계약,111517954466606,국내증권사,B,SF205,각주항목(09.06월 이후)
24596,202309,0010091,신한투자증권 주식회사,C1,파생상품계약_장내파생상품,7691271694549,국내증권사,B,SF205,각주항목(09.06월 이후)
24597,202309,0010091,신한투자증권 주식회사,C11,파생상품계약_장내파생상품_이자율관련거래,2407338148427,국내증권사,B,SF205,각주항목(09.06월 이후)
24598,202309,0010091,신한투자증권 주식회사,C12,파생상품계약_장내파생상품_통화관련거래,1526092417501,국내증권사,B,SF205,각주항목(09.06월 이후)
24599,202309,0010091,신한투자증권 주식회사,C13,파생상품계약_장내파생상품_주식관련거래,3684100010742,국내증권사,B,SF205,각주항목(09.06월 이후)
24600,202309,0010091,신한투자증권 주식회사,C14,파생상품계약_장내파생상품_일반상품관련거래,73741117879,국내증권사,B,SF205,각주항목(09.06월 이후)
24601,202309,0010091,신한투자증권 주식회사,C15,파생상품계약_장내파생상품_기타,0,국내증권사,B,SF205,각주항목(09.06월 이후)
24602,202309,0010091,신한투자증권 주식회사,C2,파생상품계약_장외파생상품,103826682772057,국내증권사,B,SF205,각주항목(09.06월 이후)
24603,202309,0010091,신한투자증권 주식회사,C21,파생상품계약_장외파생상품_이자율관련거래,61951329599611,국내증권사,B,SF205,각주항목(09.06월 이후)
24604,202309,0010091,신한투자증권 주식회사,C22,파생상품계약_장외파생상품_통화관련거래,28927426559573,국내증권사,B,SF205,각주항목(09.06월 이후)
24605,202309,0010091,신한투자증권 주식회사,C23,파생상품계약_장외파생상품_주식관련거래,6628764008640,국내증권사,B,SF205,각주항목(09.06월 이후)
24606,202309,0010091,신한투자증권 주식회사,C24,파생상품계약_장외파생상품_신용관련거래,5483446466353,국내증권사,B,SF205,각주항목(09.06월 이후)
24607,202309,0010091,신한투자증권 주식회사,C25,파생상품계약_장외파생상품_기타,835716137880,국내증권사,B,SF205,각주항목(09.06월 이후)
24608,202309,0010091,신한투자증권 주식회사,D,대차 및 대주거래,12319063888643,국내증권사,B,SF205,각주항목(09.06월 이후)
24609,202309,0010091,신한투자증권 주식회사,D1,대차 및 대주거래_대여증권,3402363903387,국내증권사,B,SF205,각주항목(09.06월 이후)
24610,202309,0010091,신한투자증권 주식회사,D2,대차 및 대주거래_차입증권,8916699985256,국내증권사,B,SF205,각주항목(09.06월 이후)
24611,202309,0010091,신한투자증권 주식회사,D3,대차 및 대주거래_신용거래대주, ,국내증권사,B,SF205,각주항목(09.06월 이후)
24612,202309,0010091,신한투자증권 주식회사,E,대손상각채권,50601603764,국내증권사,B,SF205,각주항목(09.06월 이후)
24613,202309,0010091,신한투자증권 주식회사,F,환전업무 예치금,0,국내증권사,B,SF205,각주항목(09.06월 이후)
24614,202309,0010091,신한투자증권 주식회사,G,미배당별도예치금,5032920130,국내증권사,B,SF205,각주항목(09.06월 이후)
24615,202309,0010091,신한투자증권 주식회사,H,배서어음매출(종금계정),0,국내증권사,B,SF205,각주항목(09.06월 이후)
24616,202309,0010091,신한투자증권 주식회사,H1,대출채권매매이익_담보부, ,국내증권사,B,SF205,각주항목(09.06월 이후)
24617,202309,0010091,신한투자증권 주식회사,H2,대출채권매매이익_무담보부, ,국내증권사,B,SF205,각주항목(09.06월 이후)
24618,202312,0010091,신한투자증권 주식회사,A,채무보증,2952920719606,국내증권사,B,SF205,각주항목(09.06월 이후)
24619,202312,0010091,신한투자증권 주식회사,A1,채무보증_지급보증,77470000000,국내증권사,B,SF205,각주항목(09.06월 이후)
24620,202312,0010091,신한투자증권 주식회사,A2,채무보증_매입보장약정,38300000000,국내증권사,B,SF205,각주항목(09.06월 이후)
24621,202312,0010091,신한투자증권 주식회사,A3,채무보증_채무인수약정, ,국내증권사,B,SF205,각주항목(09.06월 이후)
24622,202312,0010091,신한투자증권 주식회사,A5,채무보증_매입확약,2283964078827,국내증권사,B,SF205,각주항목(09.06월 이후)
24623,202312,0010091,신한투자증권 주식회사,A6,채무보증_기타,553186640779,국내증권사,B,SF205,각주항목(09.06월 이후)
24624,202312,0010091,신한투자증권 주식회사,B,투자자의 예수증권 등,189386080033999,국내증권사,B,SF205,각주항목(09.06월 이후)
24625,202312,0010091,신한투자증권 주식회사,B1,투자자의 예수증권 등_예수 증권,189386080033999,국내증권사,B,SF205,각주항목(09.06월 이후)
24626,202312,0010091,신한투자증권 주식회사,B2,투자자의 예수증권 등_예수양도성예금증서, ,국내증권사,B,SF205,각주항목(09.06월 이후)
24627,202312,0010091,신한투자증권 주식회사,B3,투자자의 예수증권 등_기타, ,국내증권사,B,SF205,각주항목(09.06월 이후)
24628,202312,0010091,신한투자증권 주식회사,C,파생상품계약,109840900476606,국내증권사,B,SF205,각주항목(09.06월 이후)
24629,202312,0010091,신한투자증권 주식회사,C1,파생상품계약_장내파생상품,7376039552233,국내증권사,B,SF205,각주항목(09.06월 이후)
24630,202312,0010091,신한투자증권 주식회사,C11,파생상품계약_장내파생상품_이자율관련거래,3189643313201,국내증권사,B,SF205,각주항목(09.06월 이후)
24631,202312,0010091,신한투자증권 주식회사,C12,파생상품계약_장내파생상품_통화관련거래,1381826184074,국내증권사,B,SF205,각주항목(09.06월 이후)
24632,202312,0010091,신한투자증권 주식회사,C13,파생상품계약_장내파생상품_주식관련거래,2717346248477,국내증권사,B,SF205,각주항목(09.06월 이후)
24633,202312,0010091,신한투자증권 주식회사,C14,파생상품계약_장내파생상품_일반상품관련거래,87223806481,국내증권사,B,SF205,각주항목(09.06월 이후)
24634,202312,0010091,신한투자증권 주식회사,C15,파생상품계약_장내파생상품_기타,0,국내증권사,B,SF205,각주항목(09.06월 이후)
24635,202312,0010091,신한투자증권 주식회사,C2,파생상품계약_장외파생상품,102464860924373,국내증권사,B,SF205,각주항목(09.06월 이후)
24636,202312,0010091,신한투자증권 주식회사,C21,파생상품계약_장외파생상품_이자율관련거래,60981840966733,국내증권사,B,SF205,각주항목(09.06월 이후)
24637,202312,0010091,신한투자증권 주식회사,C22,파생상품계약_장외파생상품_통화관련거래,29152049524048,국내증권사,B,SF205,각주항목(09.06월 이후)
24638,202312,0010091,신한투자증권 주식회사,C23,파생상품계약_장외파생상품_주식관련거래,7278749764586,국내증권사,B,SF205,각주항목(09.06월 이후)
24639,202312,0010091,신한투자증권 주식회사,C24,파생상품계약_장외파생상품_신용관련거래,4178441443346,국내증권사,B,SF205,각주항목(09.06월 이후)
24640,202312,0010091,신한투자증권 주식회사,C25,파생상품계약_장외파생상품_기타,873779225660,국내증권사,B,SF205,각주항목(09.06월 이후)
24641,202312,0010091,신한투자증권 주식회사,D,대차 및 대주거래,12169769422275,국내증권사,B,SF205,각주항목(09.06월 이후)
24642,202312,0010091,신한투자증권 주식회사,D1,대차 및 대주거래_대여증권,2810828125438,국내증권사,B,SF205,각주항목(09.06월 이후)
24643,202312,0010091,신한투자증권 주식회사,D2,대차 및 대주거래_차입증권,9358941296837,국내증권사,B,SF205,각주항목(09.06월 이후)
24644,202312,0010091,신한투자증권 주식회사,D3,대차 및 대주거래_신용거래대주, ,국내증권사,B,SF205,각주항목(09.06월 이후)
24645,202312,0010091,신한투자증권 주식회사,E,대손상각채권,50601603764,국내증권사,B,SF205,각주항목(09.06월 이후)
24646,202312,0010091,신한투자증권 주식회사,F,환전업무 예치금,0,국내증권사,B,SF205,각주항목(09.06월 이후)
24647,202312,0010091,신한투자증권 주식회사,G,미배당별도예치금,8272629817,국내증권사,B,SF205,각주항목(09.06월 이후)
24648,202312,0010091,신한투자증권 주식회사,H,배서어음매출(종금계정),0,국내증권사,B,SF205,각주항목(09.06월 이후)
24649,202312,0010091,신한투자증권 주식회사,H1,대출채권매매이익_담보부, ,국내증권사,B,SF205,각주항목(09.06월 이후)
24650,202312,0010091,신한투자증권 주식회사,H2,대출채권매매이익_무담보부, ,국내증권사,B,SF205,각주항목(09.06월 이후)
24651,202403,0010091,신한투자증권 주식회사,A,채무보증,2853325541060,국내증권사,B,SF205,각주항목(09.06월 이후)
24652,202403,0010091,신한투자증권 주식회사,A1,채무보증_지급보증,80340000000,국내증권사,B,SF205,각주항목(09.06월 이후)
24653,202403,0010091,신한투자증권 주식회사,A2,채무보증_매입보장약정,38300000000,국내증권사,B,SF205,각주항목(09.06월 이후)
24654,202403,0010091,신한투자증권 주식회사,A3,채무보증_채무인수약정, ,국내증권사,B,SF205,각주항목(09.06월 이후)
24655,202403,0010091,신한투자증권 주식회사,A5,채무보증_매입확약,2209097457845,국내증권사,B,SF205,각주항목(09.06월 이후)
24656,202403,0010091,신한투자증권 주식회사,A6,채무보증_기타,525588083215,국내증권사,B,SF205,각주항목(09.06월 이후)
24657,202403,0010091,신한투자증권 주식회사,B,투자자의 예수증권 등,187947010528765,국내증권사,B,SF205,각주항목(09.06월 이후)
24658,202403,0010091,신한투자증권 주식회사,B1,투자자의 예수증권 등_예수 증권,187947010528765,국내증권사,B,SF205,각주항목(09.06월 이후)
24659,202403,0010091,신한투자증권 주식회사,B2,투자자의 예수증권 등_예수양도성예금증서, ,국내증권사,B,SF205,각주항목(09.06월 이후)
24660,202403,0010091,신한투자증권 주식회사,B3,투자자의 예수증권 등_기타, ,국내증권사,B,SF205,각주항목(09.06월 이후)
24661,202403,0010091,신한투자증권 주식회사,C,파생상품계약,123493285853381,국내증권사,B,SF205,각주항목(09.06월 이후)
24662,202403,0010091,신한투자증권 주식회사,C1,파생상품계약_장내파생상품,6744046315019,국내증권사,B,SF205,각주항목(09.06월 이후)
24663,202403,0010091,신한투자증권 주식회사,C11,파생상품계약_장내파생상품_이자율관련거래,2371125171306,국내증권사,B,SF205,각주항목(09.06월 이후)
24664,202403,0010091,신한투자증권 주식회사,C12,파생상품계약_장내파생상품_통화관련거래,1749251781718,국내증권사,B,SF205,각주항목(09.06월 이후)
24665,202403,0010091,신한투자증권 주식회사,C13,파생상품계약_장내파생상품_주식관련거래,2474878534903,국내증권사,B,SF205,각주항목(09.06월 이후)
24666,202403,0010091,신한투자증권 주식회사,C14,파생상품계약_장내파생상품_일반상품관련거래,148790827092,국내증권사,B,SF205,각주항목(09.06월 이후)
24667,202403,0010091,신한투자증권 주식회사,C15,파생상품계약_장내파생상품_기타,0,국내증권사,B,SF205,각주항목(09.06월 이후)
24668,202403,0010091,신한투자증권 주식회사,C2,파생상품계약_장외파생상품,116749239538362,국내증권사,B,SF205,각주항목(09.06월 이후)
24669,202403,0010091,신한투자증권 주식회사,C21,파생상품계약_장외파생상품_이자율관련거래,66895355115963,국내증권사,B,SF205,각주항목(09.06월 이후)
24670,202403,0010091,신한투자증권 주식회사,C22,파생상품계약_장외파생상품_통화관련거래,33848899911946,국내증권사,B,SF205,각주항목(09.06월 이후)
24671,202403,0010091,신한투자증권 주식회사,C23,파생상품계약_장외파생상품_주식관련거래,10626052004589,국내증권사,B,SF205,각주항목(09.06월 이후)
24672,202403,0010091,신한투자증권 주식회사,C24,파생상품계약_장외파생상품_신용관련거래,4511600080764,국내증권사,B,SF205,각주항목(09.06월 이후)
24673,202403,0010091,신한투자증권 주식회사,C25,파생상품계약_장외파생상품_기타,867332425100,국내증권사,B,SF205,각주항목(09.06월 이후)
24674,202403,0010091,신한투자증권 주식회사,D,대차 및 대주거래,13373073124084,국내증권사,B,SF205,각주항목(09.06월 이후)
24675,202403,0010091,신한투자증권 주식회사,D1,대차 및 대주거래_대여증권,3562829430881,국내증권사,B,SF205,각주항목(09.06월 이후)
24676,202403,0010091,신한투자증권 주식회사,D2,대차 및 대주거래_차입증권,9810243693203,국내증권사,B,SF205,각주항목(09.06월 이후)
24677,202403,0010091,신한투자증권 주식회사,D3,대차 및 대주거래_신용거래대주, ,국내증권사,B,SF205,각주항목(09.06월 이후)
24678,202403,0010091,신한투자증권 주식회사,E,대손상각채권,50601603764,국내증권사,B,SF205,각주항목(09.06월 이후)
24679,202403,0010091,신한투자증권 주식회사,F,환전업무 예치금,0,국내증권사,B,SF205,각주항목(09.06월 이후)
24680,202403,0010091,신한투자증권 주식회사,G,미배당별도예치금,6965844666,국내증권사,B,SF205,각주항목(09.06월 이후)
24681,202403,0010091,신한투자증권 주식회사,H,배서어음매출(종금계정),0,국내증권사,B,SF205,각주항목(09.06월 이후)
24682,202403,0010091,신한투자증권 주식회사,H1,대출채권매매이익_담보부, ,국내증권사,B,SF205,각주항목(09.06월 이후)
24683,202403,0010091,신한투자증권 주식회사,H2,대출채권매매이익_무담보부, ,국내증권사,B,SF205,각주항목(09.06월 이후)
24684,202406,0010091,신한투자증권 주식회사,A,채무보증,2639907528027,국내증권사,B,SF205,각주항목(09.06월 이후)
24685,202406,0010091,신한투자증권 주식회사,A1,채무보증_지급보증,95854800000,국내증권사,B,SF205,각주항목(09.06월 이후)
24686,202406,0010091,신한투자증권 주식회사,A2,채무보증_매입보장약정,38300000000,국내증권사,B,SF205,각주항목(09.06월 이후)
24687,202406,0010091,신한투자증권 주식회사,A3,채무보증_채무인수약정, ,국내증권사,B,SF205,각주항목(09.06월 이후)
24688,202406,0010091,신한투자증권 주식회사,A5,채무보증_매입확약,1771604628781,국내증권사,B,SF205,각주항목(09.06월 이후)
24689,202406,0010091,신한투자증권 주식회사,A6,채무보증_기타,734148099246,국내증권사,B,SF205,각주항목(09.06월 이후)
24690,202406,0010091,신한투자증권 주식회사,B,투자자의 예수증권 등,196083849499746,국내증권사,B,SF205,각주항목(09.06월 이후)
24691,202406,0010091,신한투자증권 주식회사,B1,투자자의 예수증권 등_예수 증권,196083849499746,국내증권사,B,SF205,각주항목(09.06월 이후)
24692,202406,0010091,신한투자증권 주식회사,B2,투자자의 예수증권 등_예수양도성예금증서, ,국내증권사,B,SF205,각주항목(09.06월 이후)
24693,202406,0010091,신한투자증권 주식회사,B3,투자자의 예수증권 등_기타, ,국내증권사,B,SF205,각주항목(09.06월 이후)
24694,202406,0010091,신한투자증권 주식회사,C,파생상품계약,123891760386705,국내증권사,B,SF205,각주항목(09.06월 이후)
24695,202406,0010091,신한투자증권 주식회사,C1,파생상품계약_장내파생상품,6377637429552,국내증권사,B,SF205,각주항목(09.06월 이후)
24696,202406,0010091,신한투자증권 주식회사,C11,파생상품계약_장내파생상품_이자율관련거래,3088875686056,국내증권사,B,SF205,각주항목(09.06월 이후)
24697,202406,0010091,신한투자증권 주식회사,C12,파생상품계약_장내파생상품_통화관련거래,1017078911109,국내증권사,B,SF205,각주항목(09.06월 이후)
24698,202406,0010091,신한투자증권 주식회사,C13,파생상품계약_장내파생상품_주식관련거래,2123687771831,국내증권사,B,SF205,각주항목(09.06월 이후)
24699,202406,0010091,신한투자증권 주식회사,C14,파생상품계약_장내파생상품_일반상품관련거래,147995060556,국내증권사,B,SF205,각주항목(09.06월 이후)
24700,202406,0010091,신한투자증권 주식회사,C15,파생상품계약_장내파생상품_기타,0,국내증권사,B,SF205,각주항목(09.06월 이후)
24701,202406,0010091,신한투자증권 주식회사,C2,파생상품계약_장외파생상품,117514122957153,국내증권사,B,SF205,각주항목(09.06월 이후)
24702,202406,0010091,신한투자증권 주식회사,C21,파생상품계약_장외파생상품_이자율관련거래,68017178897796,국내증권사,B,SF205,각주항목(09.06월 이후)
24703,202406,0010091,신한투자증권 주식회사,C22,파생상품계약_장외파생상품_통화관련거래,34286178108751,국내증권사,B,SF205,각주항목(09.06월 이후)
24704,202406,0010091,신한투자증권 주식회사,C23,파생상품계약_장외파생상품_주식관련거래,8668035706676,국내증권사,B,SF205,각주항목(09.06월 이후)
24705,202406,0010091,신한투자증권 주식회사,C24,파생상품계약_장외파생상품_신용관련거래,4865190718030,국내증권사,B,SF205,각주항목(09.06월 이후)
24706,202406,0010091,신한투자증권 주식회사,C25,파생상품계약_장외파생상품_기타,1677539525900,국내증권사,B,SF205,각주항목(09.06월 이후)
24707,202406,0010091,신한투자증권 주식회사,D,대차 및 대주거래,11003592720735,국내증권사,B,SF205,각주항목(09.06월 이후)
24708,202406,0010091,신한투자증권 주식회사,D1,대차 및 대주거래_대여증권,2559502642754,국내증권사,B,SF205,각주항목(09.06월 이후)
24709,202406,0010091,신한투자증권 주식회사,D2,대차 및 대주거래_차입증권,8444090077981,국내증권사,B,SF205,각주항목(09.06월 이후)
24710,202406,0010091,신한투자증권 주식회사,D3,대차 및 대주거래_신용거래대주, ,국내증권사,B,SF205,각주항목(09.06월 이후)
24711,202406,0010091,신한투자증권 주식회사,E,대손상각채권,50601603764,국내증권사,B,SF205,각주항목(09.06월 이후)
24712,202406,0010091,신한투자증권 주식회사,F,환전업무 예치금,0,국내증권사,B,SF205,각주항목(09.06월 이후)
24713,202406,0010091,신한투자증권 주식회사,G,미배당별도예치금,7522025199,국내증권사,B,SF205,각주항목(09.06월 이후)
24714,202406,0010091,신한투자증권 주식회사,H,배서어음매출(종금계정),0,국내증권사,B,SF205,각주항목(09.06월 이후)
24715,202406,0010091,신한투자증권 주식회사,H1,대출채권매매이익_담보부, ,국내증권사,B,SF205,각주항목(09.06월 이후)
24716,202406,0010091,신한투자증권 주식회사,H2,대출채권매매이익_무담보부, ,국내증권사,B,SF205,각주항목(09.06월 이후)
24717,202409,0010091,신한투자증권 주식회사,A,채무보증,2764000959173,국내증권사,B,SF205,각주항목(09.06월 이후)
24718,202409,0010091,신한투자증권 주식회사,A1,채무보증_지급보증,65980000000,국내증권사,B,SF205,각주항목(09.06월 이후)
24719,202409,0010091,신한투자증권 주식회사,A2,채무보증_매입보장약정,38300000000,국내증권사,B,SF205,각주항목(09.06월 이후)
24720,202409,0010091,신한투자증권 주식회사,A3,채무보증_채무인수약정, ,국내증권사,B,SF205,각주항목(09.06월 이후)
24721,202409,0010091,신한투자증권 주식회사,A5,채무보증_매입확약,1530183163271,국내증권사,B,SF205,각주항목(09.06월 이후)
24722,202409,0010091,신한투자증권 주식회사,A6,채무보증_기타,1129537795902,국내증권사,B,SF205,각주항목(09.06월 이후)
24723,202409,0010091,신한투자증권 주식회사,B,투자자의 예수증권 등,193612710639883,국내증권사,B,SF205,각주항목(09.06월 이후)
24724,202409,0010091,신한투자증권 주식회사,B1,투자자의 예수증권 등_예수 증권,193612710639883,국내증권사,B,SF205,각주항목(09.06월 이후)
24725,202409,0010091,신한투자증권 주식회사,B2,투자자의 예수증권 등_예수양도성예금증서, ,국내증권사,B,SF205,각주항목(09.06월 이후)
24726,202409,0010091,신한투자증권 주식회사,B3,투자자의 예수증권 등_기타, ,국내증권사,B,SF205,각주항목(09.06월 이후)
24727,202409,0010091,신한투자증권 주식회사,C,파생상품계약,138703169604596,국내증권사,B,SF205,각주항목(09.06월 이후)
24728,202409,0010091,신한투자증권 주식회사,C1,파생상품계약_장내파생상품,8591448520705,국내증권사,B,SF205,각주항목(09.06월 이후)
24729,202409,0010091,신한투자증권 주식회사,C11,파생상품계약_장내파생상품_이자율관련거래,4228317746706,국내증권사,B,SF205,각주항목(09.06월 이후)
24730,202409,0010091,신한투자증권 주식회사,C12,파생상품계약_장내파생상품_통화관련거래,2046591202940,국내증권사,B,SF205,각주항목(09.06월 이후)
24731,202409,0010091,신한투자증권 주식회사,C13,파생상품계약_장내파생상품_주식관련거래,2101845199783,국내증권사,B,SF205,각주항목(09.06월 이후)
24732,202409,0010091,신한투자증권 주식회사,C14,파생상품계약_장내파생상품_일반상품관련거래,214694371276,국내증권사,B,SF205,각주항목(09.06월 이후)
24733,202409,0010091,신한투자증권 주식회사,C15,파생상품계약_장내파생상품_기타,0,국내증권사,B,SF205,각주항목(09.06월 이후)
24734,202409,0010091,신한투자증권 주식회사,C2,파생상품계약_장외파생상품,130111721083891,국내증권사,B,SF205,각주항목(09.06월 이후)
24735,202409,0010091,신한투자증권 주식회사,C21,파생상품계약_장외파생상품_이자율관련거래,79066581897172,국내증권사,B,SF205,각주항목(09.06월 이후)
24736,202409,0010091,신한투자증권 주식회사,C22,파생상품계약_장외파생상품_통화관련거래,33271284162550,국내증권사,B,SF205,각주항목(09.06월 이후)
24737,202409,0010091,신한투자증권 주식회사,C23,파생상품계약_장외파생상품_주식관련거래,10879993881635,국내증권사,B,SF205,각주항목(09.06월 이후)
24738,202409,0010091,신한투자증권 주식회사,C24,파생상품계약_장외파생상품_신용관련거래,5120637760334,국내증권사,B,SF205,각주항목(09.06월 이후)
24739,202409,0010091,신한투자증권 주식회사,C25,파생상품계약_장외파생상품_기타,1773223382200,국내증권사,B,SF205,각주항목(09.06월 이후)
24740,202409,0010091,신한투자증권 주식회사,D,대차 및 대주거래,10817324322517,국내증권사,B,SF205,각주항목(09.06월 이후)
24741,202409,0010091,신한투자증권 주식회사,D1,대차 및 대주거래_대여증권,2508977086345,국내증권사,B,SF205,각주항목(09.06월 이후)
24742,202409,0010091,신한투자증권 주식회사,D2,대차 및 대주거래_차입증권,8308347236172,국내증권사,B,SF205,각주항목(09.06월 이후)
24743,202409,0010091,신한투자증권 주식회사,D3,대차 및 대주거래_신용거래대주, ,국내증권사,B,SF205,각주항목(09.06월 이후)
24744,202409,0010091,신한투자증권 주식회사,E,대손상각채권,50953602554,국내증권사,B,SF205,각주항목(09.06월 이후)
24745,202409,0010091,신한투자증권 주식회사,F,환전업무 예치금,0,국내증권사,B,SF205,각주항목(09.06월 이후)
24746,202409,0010091,신한투자증권 주식회사,G,미배당별도예치금,8323470501,국내증권사,B,SF205,각주항목(09.06월 이후)
24747,202409,0010091,신한투자증권 주식회사,H,배서어음매출(종금계정),0,국내증권사,B,SF205,각주항목(09.06월 이후)
24748,202409,0010091,신한투자증권 주식회사,H1,대출채권매매이익_담보부, ,국내증권사,B,SF205,각주항목(09.06월 이후)
24749,202409,0010091,신한투자증권 주식회사,H2,대출채권매매이익_무담보부, ,국내증권사,B,SF205,각주항목(09.06월 이후)
24750,202412,0010091,신한투자증권 주식회사,A,채무보증,2319812561104,국내증권사,B,SF205,각주항목(09.06월 이후)
24751,202412,0010091,신한투자증권 주식회사,A1,채무보증_지급보증,73500000000,국내증권사,B,SF205,각주항목(09.06월 이후)
24752,202412,0010091,신한투자증권 주식회사,A2,채무보증_매입보장약정,15300000000,국내증권사,B,SF205,각주항목(09.06월 이후)
24753,202412,0010091,신한투자증권 주식회사,A3,채무보증_채무인수약정, ,국내증권사,B,SF205,각주항목(09.06월 이후)
24754,202412,0010091,신한투자증권 주식회사,A5,채무보증_매입확약,1492123595098,국내증권사,B,SF205,각주항목(09.06월 이후)
24755,202412,0010091,신한투자증권 주식회사,A6,채무보증_기타,738888966006,국내증권사,B,SF205,각주항목(09.06월 이후)
24756,202412,0010091,신한투자증권 주식회사,B,투자자의 예수증권 등,183670856497332,국내증권사,B,SF205,각주항목(09.06월 이후)
24757,202412,0010091,신한투자증권 주식회사,B1,투자자의 예수증권 등_예수 증권,183670856497332,국내증권사,B,SF205,각주항목(09.06월 이후)
24758,202412,0010091,신한투자증권 주식회사,B2,투자자의 예수증권 등_예수양도성예금증서, ,국내증권사,B,SF205,각주항목(09.06월 이후)
24759,202412,0010091,신한투자증권 주식회사,B3,투자자의 예수증권 등_기타, ,국내증권사,B,SF205,각주항목(09.06월 이후)
24760,202412,0010091,신한투자증권 주식회사,C,파생상품계약,148231800155901,국내증권사,B,SF205,각주항목(09.06월 이후)
24761,202412,0010091,신한투자증권 주식회사,C1,파생상품계약_장내파생상품,5833310379922,국내증권사,B,SF205,각주항목(09.06월 이후)
24762,202412,0010091,신한투자증권 주식회사,C11,파생상품계약_장내파생상품_이자율관련거래,3145678827420,국내증권사,B,SF205,각주항목(09.06월 이후)
24763,202412,0010091,신한투자증권 주식회사,C12,파생상품계약_장내파생상품_통화관련거래,693247964639,국내증권사,B,SF205,각주항목(09.06월 이후)
24764,202412,0010091,신한투자증권 주식회사,C13,파생상품계약_장내파생상품_주식관련거래,1829188199813,국내증권사,B,SF205,각주항목(09.06월 이후)
24765,202412,0010091,신한투자증권 주식회사,C14,파생상품계약_장내파생상품_일반상품관련거래,165195388050,국내증권사,B,SF205,각주항목(09.06월 이후)
24766,202412,0010091,신한투자증권 주식회사,C15,파생상품계약_장내파생상품_기타,0,국내증권사,B,SF205,각주항목(09.06월 이후)
24767,202412,0010091,신한투자증권 주식회사,C2,파생상품계약_장외파생상품,142398489775979,국내증권사,B,SF205,각주항목(09.06월 이후)
24768,202412,0010091,신한투자증권 주식회사,C21,파생상품계약_장외파생상품_이자율관련거래,87763501477172,국내증권사,B,SF205,각주항목(09.06월 이후)
24769,202412,0010091,신한투자증권 주식회사,C22,파생상품계약_장외파생상품_통화관련거래,39265420199267,국내증권사,B,SF205,각주항목(09.06월 이후)
24770,202412,0010091,신한투자증권 주식회사,C23,파생상품계약_장외파생상품_주식관련거래,8494320445044,국내증권사,B,SF205,각주항목(09.06월 이후)
24771,202412,0010091,신한투자증권 주식회사,C24,파생상품계약_장외파생상품_신용관련거래,5041093406249,국내증권사,B,SF205,각주항목(09.06월 이후)
24772,202412,0010091,신한투자증권 주식회사,C25,파생상품계약_장외파생상품_기타,1834154248247,국내증권사,B,SF205,각주항목(09.06월 이후)
24773,202412,0010091,신한투자증권 주식회사,D,대차 및 대주거래,8506799652923,국내증권사,B,SF205,각주항목(09.06월 이후)
24774,202412,0010091,신한투자증권 주식회사,D1,대차 및 대주거래_대여증권,1764890011556,국내증권사,B,SF205,각주항목(09.06월 이후)
24775,202412,0010091,신한투자증권 주식회사,D2,대차 및 대주거래_차입증권,6741909641367,국내증권사,B,SF205,각주항목(09.06월 이후)
24776,202412,0010091,신한투자증권 주식회사,D3,대차 및 대주거래_신용거래대주, ,국내증권사,B,SF205,각주항목(09.06월 이후)
24777,202412,0010091,신한투자증권 주식회사,E,대손상각채권,50953602554,국내증권사,B,SF205,각주항목(09.06월 이후)
24778,202412,0010091,신한투자증권 주식회사,F,환전업무 예치금,0,국내증권사,B,SF205,각주항목(09.06월 이후)
24779,202412,0010091,신한투자증권 주식회사,G,미배당별도예치금,8423758782,국내증권사,B,SF205,각주항목(09.06월 이후)
24780,202412,0010091,신한투자증권 주식회사,H,배서어음매출(종금계정),0,국내증권사,B,SF205,각주항목(09.06월 이후)
24781,202412,0010091,신한투자증권 주식회사,H1,대출채권매매이익_담보부, ,국내증권사,B,SF205,각주항목(09.06월 이후)
24782,202412,0010091,신한투자증권 주식회사,H2,대출채권매매이익_무담보부, ,국내증권사,B,SF205,각주항목(09.06월 이후)
24783,201703,0011238,씨엘에스에이코리아증권(주),A,채무보증,0,국내증권사,B,SF205,각주항목(09.06월 이후)
24784,201703,0011238,씨엘에스에이코리아증권(주),A1,채무보증_지급보증,0,국내증권사,B,SF205,각주항목(09.06월 이후)
24785,201703,0011238,씨엘에스에이코리아증권(주),A2,채무보증_매입보장약정,0,국내증권사,B,SF205,각주항목(09.06월 이후)
24786,201703,0011238,씨엘에스에이코리아증권(주),A3,채무보증_채무인수약정,0,국내증권사,B,SF205,각주항목(09.06월 이후)
24787,201703,0011238,씨엘에스에이코리아증권(주),A5,채무보증_매입확약,0,국내증권사,B,SF205,각주항목(09.06월 이후)
24788,201703,0011238,씨엘에스에이코리아증권(주),A6,채무보증_기타,0,국내증권사,B,SF205,각주항목(09.06월 이후)
24789,201703,0011238,씨엘에스에이코리아증권(주),B,투자자의 예수증권 등,69214847800,국내증권사,B,SF205,각주항목(09.06월 이후)
24790,201703,0011238,씨엘에스에이코리아증권(주),B1,투자자의 예수증권 등_예수 증권,69214847800,국내증권사,B,SF205,각주항목(09.06월 이후)
24791,201703,0011238,씨엘에스에이코리아증권(주),B2,투자자의 예수증권 등_예수양도성예금증서,0,국내증권사,B,SF205,각주항목(09.06월 이후)
24792,201703,0011238,씨엘에스에이코리아증권(주),B3,투자자의 예수증권 등_기타,0,국내증권사,B,SF205,각주항목(09.06월 이후)
24793,201703,0011238,씨엘에스에이코리아증권(주),C,파생상품계약,0,국내증권사,B,SF205,각주항목(09.06월 이후)
24794,201703,0011238,씨엘에스에이코리아증권(주),C1,파생상품계약_장내파생상품,0,국내증권사,B,SF205,각주항목(09.06월 이후)
24795,201703,0011238,씨엘에스에이코리아증권(주),C11,파생상품계약_장내파생상품_이자율관련거래,0,국내증권사,B,SF205,각주항목(09.06월 이후)
24796,201703,0011238,씨엘에스에이코리아증권(주),C12,파생상품계약_장내파생상품_통화관련거래,0,국내증권사,B,SF205,각주항목(09.06월 이후)
24797,201703,0011238,씨엘에스에이코리아증권(주),C13,파생상품계약_장내파생상품_주식관련거래,0,국내증권사,B,SF205,각주항목(09.06월 이후)
24798,201703,0011238,씨엘에스에이코리아증권(주),C14,파생상품계약_장내파생상품_일반상품관련거래,0,국내증권사,B,SF205,각주항목(09.06월 이후)
24799,201703,0011238,씨엘에스에이코리아증권(주),C15,파생상품계약_장내파생상품_기타,0,국내증권사,B,SF205,각주항목(09.06월 이후)
24800,201703,0011238,씨엘에스에이코리아증권(주),C2,파생상품계약_장외파생상품,0,국내증권사,B,SF205,각주항목(09.06월 이후)
24801,201703,0011238,씨엘에스에이코리아증권(주),C21,파생상품계약_장외파생상품_이자율관련거래,0,국내증권사,B,SF205,각주항목(09.06월 이후)
24802,201703,0011238,씨엘에스에이코리아증권(주),C22,파생상품계약_장외파생상품_통화관련거래,0,국내증권사,B,SF205,각주항목(09.06월 이후)
24803,201703,0011238,씨엘에스에이코리아증권(주),C23,파생상품계약_장외파생상품_주식관련거래,0,국내증권사,B,SF205,각주항목(09.06월 이후)
24804,201703,0011238,씨엘에스에이코리아증권(주),C24,파생상품계약_장외파생상품_신용관련거래,0,국내증권사,B,SF205,각주항목(09.06월 이후)
24805,201703,0011238,씨엘에스에이코리아증권(주),C25,파생상품계약_장외파생상품_기타,0,국내증권사,B,SF205,각주항목(09.06월 이후)
24806,201703,0011238,씨엘에스에이코리아증권(주),D,대차 및 대주거래,0,국내증권사,B,SF205,각주항목(09.06월 이후)
24807,201703,0011238,씨엘에스에이코리아증권(주),D1,대차 및 대주거래_대여증권,0,국내증권사,B,SF205,각주항목(09.06월 이후)
24808,201703,0011238,씨엘에스에이코리아증권(주),D2,대차 및 대주거래_차입증권,0,국내증권사,B,SF205,각주항목(09.06월 이후)
24809,201703,0011238,씨엘에스에이코리아증권(주),D3,대차 및 대주거래_신용거래대주,0,국내증권사,B,SF205,각주항목(09.06월 이후)
24810,201703,0011238,씨엘에스에이코리아증권(주),E,대손상각채권,0,국내증권사,B,SF205,각주항목(09.06월 이후)
24811,201703,0011238,씨엘에스에이코리아증권(주),F,환전업무 예치금,0,국내증권사,B,SF205,각주항목(09.06월 이후)
24812,201703,0011238,씨엘에스에이코리아증권(주),G,미배당별도예치금,0,국내증권사,B,SF205,각주항목(09.06월 이후)
24813,201703,0011238,씨엘에스에이코리아증권(주),H,배서어음매출(종금계정),0,국내증권사,B,SF205,각주항목(09.06월 이후)
24814,201703,0011238,씨엘에스에이코리아증권(주),H1,대출채권매매이익_담보부,0,국내증권사,B,SF205,각주항목(09.06월 이후)
24815,201703,0011238,씨엘에스에이코리아증권(주),H2,대출채권매매이익_무담보부,0,국내증권사,B,SF205,각주항목(09.06월 이후)
24816,201706,0011238,씨엘에스에이코리아증권(주),A,채무보증,0,국내증권사,B,SF205,각주항목(09.06월 이후)
24817,201706,0011238,씨엘에스에이코리아증권(주),A1,채무보증_지급보증,0,국내증권사,B,SF205,각주항목(09.06월 이후)
24818,201706,0011238,씨엘에스에이코리아증권(주),A2,채무보증_매입보장약정,0,국내증권사,B,SF205,각주항목(09.06월 이후)
24819,201706,0011238,씨엘에스에이코리아증권(주),A3,채무보증_채무인수약정,0,국내증권사,B,SF205,각주항목(09.06월 이후)
24820,201706,0011238,씨엘에스에이코리아증권(주),A5,채무보증_매입확약,0,국내증권사,B,SF205,각주항목(09.06월 이후)
24821,201706,0011238,씨엘에스에이코리아증권(주),A6,채무보증_기타,0,국내증권사,B,SF205,각주항목(09.06월 이후)
24822,201706,0011238,씨엘에스에이코리아증권(주),B,투자자의 예수증권 등,73483635500,국내증권사,B,SF205,각주항목(09.06월 이후)
24823,201706,0011238,씨엘에스에이코리아증권(주),B1,투자자의 예수증권 등_예수 증권,73483635500,국내증권사,B,SF205,각주항목(09.06월 이후)
24824,201706,0011238,씨엘에스에이코리아증권(주),B2,투자자의 예수증권 등_예수양도성예금증서,0,국내증권사,B,SF205,각주항목(09.06월 이후)
24825,201706,0011238,씨엘에스에이코리아증권(주),B3,투자자의 예수증권 등_기타,0,국내증권사,B,SF205,각주항목(09.06월 이후)
24826,201706,0011238,씨엘에스에이코리아증권(주),C,파생상품계약,0,국내증권사,B,SF205,각주항목(09.06월 이후)
24827,201706,0011238,씨엘에스에이코리아증권(주),C1,파생상품계약_장내파생상품,0,국내증권사,B,SF205,각주항목(09.06월 이후)
24828,201706,0011238,씨엘에스에이코리아증권(주),C11,파생상품계약_장내파생상품_이자율관련거래,0,국내증권사,B,SF205,각주항목(09.06월 이후)
24829,201706,0011238,씨엘에스에이코리아증권(주),C12,파생상품계약_장내파생상품_통화관련거래,0,국내증권사,B,SF205,각주항목(09.06월 이후)
24830,201706,0011238,씨엘에스에이코리아증권(주),C13,파생상품계약_장내파생상품_주식관련거래,0,국내증권사,B,SF205,각주항목(09.06월 이후)
24831,201706,0011238,씨엘에스에이코리아증권(주),C14,파생상품계약_장내파생상품_일반상품관련거래,0,국내증권사,B,SF205,각주항목(09.06월 이후)
24832,201706,0011238,씨엘에스에이코리아증권(주),C15,파생상품계약_장내파생상품_기타,0,국내증권사,B,SF205,각주항목(09.06월 이후)
24833,201706,0011238,씨엘에스에이코리아증권(주),C2,파생상품계약_장외파생상품,0,국내증권사,B,SF205,각주항목(09.06월 이후)
24834,201706,0011238,씨엘에스에이코리아증권(주),C21,파생상품계약_장외파생상품_이자율관련거래,0,국내증권사,B,SF205,각주항목(09.06월 이후)
24835,201706,0011238,씨엘에스에이코리아증권(주),C22,파생상품계약_장외파생상품_통화관련거래,0,국내증권사,B,SF205,각주항목(09.06월 이후)
24836,201706,0011238,씨엘에스에이코리아증권(주),C23,파생상품계약_장외파생상품_주식관련거래,0,국내증권사,B,SF205,각주항목(09.06월 이후)
24837,201706,0011238,씨엘에스에이코리아증권(주),C24,파생상품계약_장외파생상품_신용관련거래,0,국내증권사,B,SF205,각주항목(09.06월 이후)
24838,201706,0011238,씨엘에스에이코리아증권(주),C25,파생상품계약_장외파생상품_기타,0,국내증권사,B,SF205,각주항목(09.06월 이후)
24839,201706,0011238,씨엘에스에이코리아증권(주),D,대차 및 대주거래,0,국내증권사,B,SF205,각주항목(09.06월 이후)
24840,201706,0011238,씨엘에스에이코리아증권(주),D1,대차 및 대주거래_대여증권,0,국내증권사,B,SF205,각주항목(09.06월 이후)
24841,201706,0011238,씨엘에스에이코리아증권(주),D2,대차 및 대주거래_차입증권,0,국내증권사,B,SF205,각주항목(09.06월 이후)
24842,201706,0011238,씨엘에스에이코리아증권(주),D3,대차 및 대주거래_신용거래대주,0,국내증권사,B,SF205,각주항목(09.06월 이후)
24843,201706,0011238,씨엘에스에이코리아증권(주),E,대손상각채권,0,국내증권사,B,SF205,각주항목(09.06월 이후)
24844,201706,0011238,씨엘에스에이코리아증권(주),F,환전업무 예치금,0,국내증권사,B,SF205,각주항목(09.06월 이후)
24845,201706,0011238,씨엘에스에이코리아증권(주),G,미배당별도예치금,0,국내증권사,B,SF205,각주항목(09.06월 이후)
24846,201706,0011238,씨엘에스에이코리아증권(주),H,배서어음매출(종금계정),0,국내증권사,B,SF205,각주항목(09.06월 이후)
24847,201706,0011238,씨엘에스에이코리아증권(주),H1,대출채권매매이익_담보부,0,국내증권사,B,SF205,각주항목(09.06월 이후)
24848,201706,0011238,씨엘에스에이코리아증권(주),H2,대출채권매매이익_무담보부,0,국내증권사,B,SF205,각주항목(09.06월 이후)
24849,201709,0011238,씨엘에스에이코리아증권(주),A,채무보증,0,국내증권사,B,SF205,각주항목(09.06월 이후)
24850,201709,0011238,씨엘에스에이코리아증권(주),A1,채무보증_지급보증,0,국내증권사,B,SF205,각주항목(09.06월 이후)
24851,201709,0011238,씨엘에스에이코리아증권(주),A2,채무보증_매입보장약정,0,국내증권사,B,SF205,각주항목(09.06월 이후)
24852,201709,0011238,씨엘에스에이코리아증권(주),A3,채무보증_채무인수약정,0,국내증권사,B,SF205,각주항목(09.06월 이후)
24853,201709,0011238,씨엘에스에이코리아증권(주),A5,채무보증_매입확약,0,국내증권사,B,SF205,각주항목(09.06월 이후)
24854,201709,0011238,씨엘에스에이코리아증권(주),A6,채무보증_기타,0,국내증권사,B,SF205,각주항목(09.06월 이후)
24855,201709,0011238,씨엘에스에이코리아증권(주),B,투자자의 예수증권 등,70283483200,국내증권사,B,SF205,각주항목(09.06월 이후)
24856,201709,0011238,씨엘에스에이코리아증권(주),B1,투자자의 예수증권 등_예수 증권,70283483200,국내증권사,B,SF205,각주항목(09.06월 이후)
24857,201709,0011238,씨엘에스에이코리아증권(주),B2,투자자의 예수증권 등_예수양도성예금증서,0,국내증권사,B,SF205,각주항목(09.06월 이후)
24858,201709,0011238,씨엘에스에이코리아증권(주),B3,투자자의 예수증권 등_기타,0,국내증권사,B,SF205,각주항목(09.06월 이후)
24859,201709,0011238,씨엘에스에이코리아증권(주),C,파생상품계약,3255912500,국내증권사,B,SF205,각주항목(09.06월 이후)
24860,201709,0011238,씨엘에스에이코리아증권(주),C1,파생상품계약_장내파생상품,3255912500,국내증권사,B,SF205,각주항목(09.06월 이후)
24861,201709,0011238,씨엘에스에이코리아증권(주),C11,파생상품계약_장내파생상품_이자율관련거래,0,국내증권사,B,SF205,각주항목(09.06월 이후)
24862,201709,0011238,씨엘에스에이코리아증권(주),C12,파생상품계약_장내파생상품_통화관련거래,0,국내증권사,B,SF205,각주항목(09.06월 이후)
24863,201709,0011238,씨엘에스에이코리아증권(주),C13,파생상품계약_장내파생상품_주식관련거래,3255912500,국내증권사,B,SF205,각주항목(09.06월 이후)
24864,201709,0011238,씨엘에스에이코리아증권(주),C14,파생상품계약_장내파생상품_일반상품관련거래,0,국내증권사,B,SF205,각주항목(09.06월 이후)
24865,201709,0011238,씨엘에스에이코리아증권(주),C15,파생상품계약_장내파생상품_기타,0,국내증권사,B,SF205,각주항목(09.06월 이후)
24866,201709,0011238,씨엘에스에이코리아증권(주),C2,파생상품계약_장외파생상품,0,국내증권사,B,SF205,각주항목(09.06월 이후)
24867,201709,0011238,씨엘에스에이코리아증권(주),C21,파생상품계약_장외파생상품_이자율관련거래,0,국내증권사,B,SF205,각주항목(09.06월 이후)
24868,201709,0011238,씨엘에스에이코리아증권(주),C22,파생상품계약_장외파생상품_통화관련거래,0,국내증권사,B,SF205,각주항목(09.06월 이후)
24869,201709,0011238,씨엘에스에이코리아증권(주),C23,파생상품계약_장외파생상품_주식관련거래,0,국내증권사,B,SF205,각주항목(09.06월 이후)
24870,201709,0011238,씨엘에스에이코리아증권(주),C24,파생상품계약_장외파생상품_신용관련거래,0,국내증권사,B,SF205,각주항목(09.06월 이후)
24871,201709,0011238,씨엘에스에이코리아증권(주),C25,파생상품계약_장외파생상품_기타,0,국내증권사,B,SF205,각주항목(09.06월 이후)
24872,201709,0011238,씨엘에스에이코리아증권(주),D,대차 및 대주거래,0,국내증권사,B,SF205,각주항목(09.06월 이후)
24873,201709,0011238,씨엘에스에이코리아증권(주),D1,대차 및 대주거래_대여증권,0,국내증권사,B,SF205,각주항목(09.06월 이후)
24874,201709,0011238,씨엘에스에이코리아증권(주),D2,대차 및 대주거래_차입증권,0,국내증권사,B,SF205,각주항목(09.06월 이후)
24875,201709,0011238,씨엘에스에이코리아증권(주),D3,대차 및 대주거래_신용거래대주,0,국내증권사,B,SF205,각주항목(09.06월 이후)
24876,201709,0011238,씨엘에스에이코리아증권(주),E,대손상각채권,0,국내증권사,B,SF205,각주항목(09.06월 이후)
24877,201709,0011238,씨엘에스에이코리아증권(주),F,환전업무 예치금,0,국내증권사,B,SF205,각주항목(09.06월 이후)
24878,201709,0011238,씨엘에스에이코리아증권(주),G,미배당별도예치금,0,국내증권사,B,SF205,각주항목(09.06월 이후)
24879,201709,0011238,씨엘에스에이코리아증권(주),H,배서어음매출(종금계정),0,국내증권사,B,SF205,각주항목(09.06월 이후)
24880,201709,0011238,씨엘에스에이코리아증권(주),H1,대출채권매매이익_담보부,0,국내증권사,B,SF205,각주항목(09.06월 이후)
24881,201709,0011238,씨엘에스에이코리아증권(주),H2,대출채권매매이익_무담보부,0,국내증권사,B,SF205,각주항목(09.06월 이후)
24882,201712,0011238,씨엘에스에이코리아증권(주),A,채무보증,0,국내증권사,B,SF205,각주항목(09.06월 이후)
24883,201712,0011238,씨엘에스에이코리아증권(주),A1,채무보증_지급보증,0,국내증권사,B,SF205,각주항목(09.06월 이후)
24884,201712,0011238,씨엘에스에이코리아증권(주),A2,채무보증_매입보장약정,0,국내증권사,B,SF205,각주항목(09.06월 이후)
24885,201712,0011238,씨엘에스에이코리아증권(주),A3,채무보증_채무인수약정,0,국내증권사,B,SF205,각주항목(09.06월 이후)
24886,201712,0011238,씨엘에스에이코리아증권(주),A5,채무보증_매입확약,0,국내증권사,B,SF205,각주항목(09.06월 이후)
24887,201712,0011238,씨엘에스에이코리아증권(주),A6,채무보증_기타,0,국내증권사,B,SF205,각주항목(09.06월 이후)
24888,201712,0011238,씨엘에스에이코리아증권(주),B,투자자의 예수증권 등,61968643100,국내증권사,B,SF205,각주항목(09.06월 이후)
24889,201712,0011238,씨엘에스에이코리아증권(주),B1,투자자의 예수증권 등_예수 증권,61968643100,국내증권사,B,SF205,각주항목(09.06월 이후)
24890,201712,0011238,씨엘에스에이코리아증권(주),B2,투자자의 예수증권 등_예수양도성예금증서,0,국내증권사,B,SF205,각주항목(09.06월 이후)
24891,201712,0011238,씨엘에스에이코리아증권(주),B3,투자자의 예수증권 등_기타,0,국내증권사,B,SF205,각주항목(09.06월 이후)
24892,201712,0011238,씨엘에스에이코리아증권(주),C,파생상품계약,0,국내증권사,B,SF205,각주항목(09.06월 이후)
24893,201712,0011238,씨엘에스에이코리아증권(주),C1,파생상품계약_장내파생상품,0,국내증권사,B,SF205,각주항목(09.06월 이후)
24894,201712,0011238,씨엘에스에이코리아증권(주),C11,파생상품계약_장내파생상품_이자율관련거래,0,국내증권사,B,SF205,각주항목(09.06월 이후)
24895,201712,0011238,씨엘에스에이코리아증권(주),C12,파생상품계약_장내파생상품_통화관련거래,0,국내증권사,B,SF205,각주항목(09.06월 이후)
24896,201712,0011238,씨엘에스에이코리아증권(주),C13,파생상품계약_장내파생상품_주식관련거래,0,국내증권사,B,SF205,각주항목(09.06월 이후)
24897,201712,0011238,씨엘에스에이코리아증권(주),C14,파생상품계약_장내파생상품_일반상품관련거래,0,국내증권사,B,SF205,각주항목(09.06월 이후)
24898,201712,0011238,씨엘에스에이코리아증권(주),C15,파생상품계약_장내파생상품_기타,0,국내증권사,B,SF205,각주항목(09.06월 이후)
24899,201712,0011238,씨엘에스에이코리아증권(주),C2,파생상품계약_장외파생상품,0,국내증권사,B,SF205,각주항목(09.06월 이후)
24900,201712,0011238,씨엘에스에이코리아증권(주),C21,파생상품계약_장외파생상품_이자율관련거래,0,국내증권사,B,SF205,각주항목(09.06월 이후)
24901,201712,0011238,씨엘에스에이코리아증권(주),C22,파생상품계약_장외파생상품_통화관련거래,0,국내증권사,B,SF205,각주항목(09.06월 이후)
24902,201712,0011238,씨엘에스에이코리아증권(주),C23,파생상품계약_장외파생상품_주식관련거래,0,국내증권사,B,SF205,각주항목(09.06월 이후)
24903,201712,0011238,씨엘에스에이코리아증권(주),C24,파생상품계약_장외파생상품_신용관련거래,0,국내증권사,B,SF205,각주항목(09.06월 이후)
24904,201712,0011238,씨엘에스에이코리아증권(주),C25,파생상품계약_장외파생상품_기타,0,국내증권사,B,SF205,각주항목(09.06월 이후)
24905,201712,0011238,씨엘에스에이코리아증권(주),D,대차 및 대주거래,0,국내증권사,B,SF205,각주항목(09.06월 이후)
24906,201712,0011238,씨엘에스에이코리아증권(주),D1,대차 및 대주거래_대여증권,0,국내증권사,B,SF205,각주항목(09.06월 이후)
24907,201712,0011238,씨엘에스에이코리아증권(주),D2,대차 및 대주거래_차입증권,0,국내증권사,B,SF205,각주항목(09.06월 이후)
24908,201712,0011238,씨엘에스에이코리아증권(주),D3,대차 및 대주거래_신용거래대주,0,국내증권사,B,SF205,각주항목(09.06월 이후)
24909,201712,0011238,씨엘에스에이코리아증권(주),E,대손상각채권,0,국내증권사,B,SF205,각주항목(09.06월 이후)
24910,201712,0011238,씨엘에스에이코리아증권(주),F,환전업무 예치금,0,국내증권사,B,SF205,각주항목(09.06월 이후)
24911,201712,0011238,씨엘에스에이코리아증권(주),G,미배당별도예치금,0,국내증권사,B,SF205,각주항목(09.06월 이후)
24912,201712,0011238,씨엘에스에이코리아증권(주),H,배서어음매출(종금계정),0,국내증권사,B,SF205,각주항목(09.06월 이후)
24913,201712,0011238,씨엘에스에이코리아증권(주),H1,대출채권매매이익_담보부,0,국내증권사,B,SF205,각주항목(09.06월 이후)
24914,201712,0011238,씨엘에스에이코리아증권(주),H2,대출채권매매이익_무담보부,0,국내증권사,B,SF205,각주항목(09.06월 이후)
24915,201803,0011238,씨엘에스에이코리아증권(주),A,채무보증,0,국내증권사,B,SF205,각주항목(09.06월 이후)
24916,201803,0011238,씨엘에스에이코리아증권(주),A1,채무보증_지급보증,0,국내증권사,B,SF205,각주항목(09.06월 이후)
24917,201803,0011238,씨엘에스에이코리아증권(주),A2,채무보증_매입보장약정,0,국내증권사,B,SF205,각주항목(09.06월 이후)
24918,201803,0011238,씨엘에스에이코리아증권(주),A3,채무보증_채무인수약정,0,국내증권사,B,SF205,각주항목(09.06월 이후)
24919,201803,0011238,씨엘에스에이코리아증권(주),A5,채무보증_매입확약,0,국내증권사,B,SF205,각주항목(09.06월 이후)
24920,201803,0011238,씨엘에스에이코리아증권(주),A6,채무보증_기타,0,국내증권사,B,SF205,각주항목(09.06월 이후)
24921,201803,0011238,씨엘에스에이코리아증권(주),B,투자자의 예수증권 등,69545265400,국내증권사,B,SF205,각주항목(09.06월 이후)
24922,201803,0011238,씨엘에스에이코리아증권(주),B1,투자자의 예수증권 등_예수 증권,69545265400,국내증권사,B,SF205,각주항목(09.06월 이후)
24923,201803,0011238,씨엘에스에이코리아증권(주),B2,투자자의 예수증권 등_예수양도성예금증서,0,국내증권사,B,SF205,각주항목(09.06월 이후)
24924,201803,0011238,씨엘에스에이코리아증권(주),B3,투자자의 예수증권 등_기타,0,국내증권사,B,SF205,각주항목(09.06월 이후)
24925,201803,0011238,씨엘에스에이코리아증권(주),C,파생상품계약,24861375000,국내증권사,B,SF205,각주항목(09.06월 이후)
24926,201803,0011238,씨엘에스에이코리아증권(주),C1,파생상품계약_장내파생상품,24861375000,국내증권사,B,SF205,각주항목(09.06월 이후)
24927,201803,0011238,씨엘에스에이코리아증권(주),C11,파생상품계약_장내파생상품_이자율관련거래,0,국내증권사,B,SF205,각주항목(09.06월 이후)
24928,201803,0011238,씨엘에스에이코리아증권(주),C12,파생상품계약_장내파생상품_통화관련거래,0,국내증권사,B,SF205,각주항목(09.06월 이후)
24929,201803,0011238,씨엘에스에이코리아증권(주),C13,파생상품계약_장내파생상품_주식관련거래,24861375000,국내증권사,B,SF205,각주항목(09.06월 이후)
24930,201803,0011238,씨엘에스에이코리아증권(주),C14,파생상품계약_장내파생상품_일반상품관련거래,0,국내증권사,B,SF205,각주항목(09.06월 이후)
24931,201803,0011238,씨엘에스에이코리아증권(주),C15,파생상품계약_장내파생상품_기타,0,국내증권사,B,SF205,각주항목(09.06월 이후)
24932,201803,0011238,씨엘에스에이코리아증권(주),C2,파생상품계약_장외파생상품,0,국내증권사,B,SF205,각주항목(09.06월 이후)
24933,201803,0011238,씨엘에스에이코리아증권(주),C21,파생상품계약_장외파생상품_이자율관련거래,0,국내증권사,B,SF205,각주항목(09.06월 이후)
24934,201803,0011238,씨엘에스에이코리아증권(주),C22,파생상품계약_장외파생상품_통화관련거래,0,국내증권사,B,SF205,각주항목(09.06월 이후)
24935,201803,0011238,씨엘에스에이코리아증권(주),C23,파생상품계약_장외파생상품_주식관련거래,0,국내증권사,B,SF205,각주항목(09.06월 이후)
24936,201803,0011238,씨엘에스에이코리아증권(주),C24,파생상품계약_장외파생상품_신용관련거래,0,국내증권사,B,SF205,각주항목(09.06월 이후)
24937,201803,0011238,씨엘에스에이코리아증권(주),C25,파생상품계약_장외파생상품_기타,0,국내증권사,B,SF205,각주항목(09.06월 이후)
24938,201803,0011238,씨엘에스에이코리아증권(주),D,대차 및 대주거래,0,국내증권사,B,SF205,각주항목(09.06월 이후)
24939,201803,0011238,씨엘에스에이코리아증권(주),D1,대차 및 대주거래_대여증권,0,국내증권사,B,SF205,각주항목(09.06월 이후)
24940,201803,0011238,씨엘에스에이코리아증권(주),D2,대차 및 대주거래_차입증권,0,국내증권사,B,SF205,각주항목(09.06월 이후)
24941,201803,0011238,씨엘에스에이코리아증권(주),D3,대차 및 대주거래_신용거래대주,0,국내증권사,B,SF205,각주항목(09.06월 이후)
24942,201803,0011238,씨엘에스에이코리아증권(주),E,대손상각채권,0,국내증권사,B,SF205,각주항목(09.06월 이후)
24943,201803,0011238,씨엘에스에이코리아증권(주),F,환전업무 예치금,0,국내증권사,B,SF205,각주항목(09.06월 이후)
24944,201803,0011238,씨엘에스에이코리아증권(주),G,미배당별도예치금,0,국내증권사,B,SF205,각주항목(09.06월 이후)
24945,201803,0011238,씨엘에스에이코리아증권(주),H,배서어음매출(종금계정),0,국내증권사,B,SF205,각주항목(09.06월 이후)
24946,201803,0011238,씨엘에스에이코리아증권(주),H1,대출채권매매이익_담보부,0,국내증권사,B,SF205,각주항목(09.06월 이후)
24947,201803,0011238,씨엘에스에이코리아증권(주),H2,대출채권매매이익_무담보부,0,국내증권사,B,SF205,각주항목(09.06월 이후)
24948,201806,0011238,씨엘에스에이코리아증권(주),A,채무보증,0,국내증권사,B,SF205,각주항목(09.06월 이후)
24949,201806,0011238,씨엘에스에이코리아증권(주),A1,채무보증_지급보증,0,국내증권사,B,SF205,각주항목(09.06월 이후)
24950,201806,0011238,씨엘에스에이코리아증권(주),A2,채무보증_매입보장약정,0,국내증권사,B,SF205,각주항목(09.06월 이후)
24951,201806,0011238,씨엘에스에이코리아증권(주),A3,채무보증_채무인수약정,0,국내증권사,B,SF205,각주항목(09.06월 이후)
24952,201806,0011238,씨엘에스에이코리아증권(주),A5,채무보증_매입확약,0,국내증권사,B,SF205,각주항목(09.06월 이후)
24953,201806,0011238,씨엘에스에이코리아증권(주),A6,채무보증_기타,0,국내증권사,B,SF205,각주항목(09.06월 이후)
24954,201806,0011238,씨엘에스에이코리아증권(주),B,투자자의 예수증권 등,57361596200,국내증권사,B,SF205,각주항목(09.06월 이후)
24955,201806,0011238,씨엘에스에이코리아증권(주),B1,투자자의 예수증권 등_예수 증권,57361596200,국내증권사,B,SF205,각주항목(09.06월 이후)
24956,201806,0011238,씨엘에스에이코리아증권(주),B2,투자자의 예수증권 등_예수양도성예금증서,0,국내증권사,B,SF205,각주항목(09.06월 이후)
24957,201806,0011238,씨엘에스에이코리아증권(주),B3,투자자의 예수증권 등_기타,0,국내증권사,B,SF205,각주항목(09.06월 이후)
24958,201806,0011238,씨엘에스에이코리아증권(주),C,파생상품계약,38550090000,국내증권사,B,SF205,각주항목(09.06월 이후)
24959,201806,0011238,씨엘에스에이코리아증권(주),C1,파생상품계약_장내파생상품,38550090000,국내증권사,B,SF205,각주항목(09.06월 이후)
24960,201806,0011238,씨엘에스에이코리아증권(주),C11,파생상품계약_장내파생상품_이자율관련거래,0,국내증권사,B,SF205,각주항목(09.06월 이후)
24961,201806,0011238,씨엘에스에이코리아증권(주),C12,파생상품계약_장내파생상품_통화관련거래,0,국내증권사,B,SF205,각주항목(09.06월 이후)
24962,201806,0011238,씨엘에스에이코리아증권(주),C13,파생상품계약_장내파생상품_주식관련거래,38550090000,국내증권사,B,SF205,각주항목(09.06월 이후)
24963,201806,0011238,씨엘에스에이코리아증권(주),C14,파생상품계약_장내파생상품_일반상품관련거래,0,국내증권사,B,SF205,각주항목(09.06월 이후)
24964,201806,0011238,씨엘에스에이코리아증권(주),C15,파생상품계약_장내파생상품_기타,0,국내증권사,B,SF205,각주항목(09.06월 이후)
24965,201806,0011238,씨엘에스에이코리아증권(주),C2,파생상품계약_장외파생상품,0,국내증권사,B,SF205,각주항목(09.06월 이후)
24966,201806,0011238,씨엘에스에이코리아증권(주),C21,파생상품계약_장외파생상품_이자율관련거래,0,국내증권사,B,SF205,각주항목(09.06월 이후)
24967,201806,0011238,씨엘에스에이코리아증권(주),C22,파생상품계약_장외파생상품_통화관련거래,0,국내증권사,B,SF205,각주항목(09.06월 이후)
24968,201806,0011238,씨엘에스에이코리아증권(주),C23,파생상품계약_장외파생상품_주식관련거래,0,국내증권사,B,SF205,각주항목(09.06월 이후)
24969,201806,0011238,씨엘에스에이코리아증권(주),C24,파생상품계약_장외파생상품_신용관련거래,0,국내증권사,B,SF205,각주항목(09.06월 이후)
24970,201806,0011238,씨엘에스에이코리아증권(주),C25,파생상품계약_장외파생상품_기타,0,국내증권사,B,SF205,각주항목(09.06월 이후)
24971,201806,0011238,씨엘에스에이코리아증권(주),D,대차 및 대주거래,21688125000,국내증권사,B,SF205,각주항목(09.06월 이후)
24972,201806,0011238,씨엘에스에이코리아증권(주),D1,대차 및 대주거래_대여증권,0,국내증권사,B,SF205,각주항목(09.06월 이후)
24973,201806,0011238,씨엘에스에이코리아증권(주),D2,대차 및 대주거래_차입증권,21688125000,국내증권사,B,SF205,각주항목(09.06월 이후)
24974,201806,0011238,씨엘에스에이코리아증권(주),D3,대차 및 대주거래_신용거래대주,0,국내증권사,B,SF205,각주항목(09.06월 이후)
24975,201806,0011238,씨엘에스에이코리아증권(주),E,대손상각채권,0,국내증권사,B,SF205,각주항목(09.06월 이후)
24976,201806,0011238,씨엘에스에이코리아증권(주),F,환전업무 예치금,0,국내증권사,B,SF205,각주항목(09.06월 이후)
24977,201806,0011238,씨엘에스에이코리아증권(주),G,미배당별도예치금,0,국내증권사,B,SF205,각주항목(09.06월 이후)
24978,201806,0011238,씨엘에스에이코리아증권(주),H,배서어음매출(종금계정),0,국내증권사,B,SF205,각주항목(09.06월 이후)
24979,201806,0011238,씨엘에스에이코리아증권(주),H1,대출채권매매이익_담보부,0,국내증권사,B,SF205,각주항목(09.06월 이후)
24980,201806,0011238,씨엘에스에이코리아증권(주),H2,대출채권매매이익_무담보부,0,국내증권사,B,SF205,각주항목(09.06월 이후)
24981,201809,0011238,씨엘에스에이코리아증권(주),A,채무보증,0,국내증권사,B,SF205,각주항목(09.06월 이후)
24982,201809,0011238,씨엘에스에이코리아증권(주),A1,채무보증_지급보증,0,국내증권사,B,SF205,각주항목(09.06월 이후)
24983,201809,0011238,씨엘에스에이코리아증권(주),A2,채무보증_매입보장약정,0,국내증권사,B,SF205,각주항목(09.06월 이후)
24984,201809,0011238,씨엘에스에이코리아증권(주),A3,채무보증_채무인수약정,0,국내증권사,B,SF205,각주항목(09.06월 이후)
24985,201809,0011238,씨엘에스에이코리아증권(주),A5,채무보증_매입확약,0,국내증권사,B,SF205,각주항목(09.06월 이후)
24986,201809,0011238,씨엘에스에이코리아증권(주),A6,채무보증_기타,0,국내증권사,B,SF205,각주항목(09.06월 이후)
24987,201809,0011238,씨엘에스에이코리아증권(주),B,투자자의 예수증권 등,55504016800,국내증권사,B,SF205,각주항목(09.06월 이후)
24988,201809,0011238,씨엘에스에이코리아증권(주),B1,투자자의 예수증권 등_예수 증권,55504016800,국내증권사,B,SF205,각주항목(09.06월 이후)
24989,201809,0011238,씨엘에스에이코리아증권(주),B2,투자자의 예수증권 등_예수양도성예금증서,0,국내증권사,B,SF205,각주항목(09.06월 이후)
24990,201809,0011238,씨엘에스에이코리아증권(주),B3,투자자의 예수증권 등_기타,0,국내증권사,B,SF205,각주항목(09.06월 이후)
24991,201809,0011238,씨엘에스에이코리아증권(주),C,파생상품계약,28651550000,국내증권사,B,SF205,각주항목(09.06월 이후)
24992,201809,0011238,씨엘에스에이코리아증권(주),C1,파생상품계약_장내파생상품,28651550000,국내증권사,B,SF205,각주항목(09.06월 이후)
24993,201809,0011238,씨엘에스에이코리아증권(주),C11,파생상품계약_장내파생상품_이자율관련거래,0,국내증권사,B,SF205,각주항목(09.06월 이후)
24994,201809,0011238,씨엘에스에이코리아증권(주),C12,파생상품계약_장내파생상품_통화관련거래,0,국내증권사,B,SF205,각주항목(09.06월 이후)
24995,201809,0011238,씨엘에스에이코리아증권(주),C13,파생상품계약_장내파생상품_주식관련거래,28651550000,국내증권사,B,SF205,각주항목(09.06월 이후)
24996,201809,0011238,씨엘에스에이코리아증권(주),C14,파생상품계약_장내파생상품_일반상품관련거래,0,국내증권사,B,SF205,각주항목(09.06월 이후)
24997,201809,0011238,씨엘에스에이코리아증권(주),C15,파생상품계약_장내파생상품_기타,0,국내증권사,B,SF205,각주항목(09.06월 이후)
24998,201809,0011238,씨엘에스에이코리아증권(주),C2,파생상품계약_장외파생상품,0,국내증권사,B,SF205,각주항목(09.06월 이후)
24999,201809,0011238,씨엘에스에이코리아증권(주),C21,파생상품계약_장외파생상품_이자율관련거래,0,국내증권사,B,SF205,각주항목(09.06월 이후)
25000,201809,0011238,씨엘에스에이코리아증권(주),C22,파생상품계약_장외파생상품_통화관련거래,0,국내증권사,B,SF205,각주항목(09.06월 이후)
25001,201809,0011238,씨엘에스에이코리아증권(주),C23,파생상품계약_장외파생상품_주식관련거래,0,국내증권사,B,SF205,각주항목(09.06월 이후)
25002,201809,0011238,씨엘에스에이코리아증권(주),C24,파생상품계약_장외파생상품_신용관련거래,0,국내증권사,B,SF205,각주항목(09.06월 이후)
25003,201809,0011238,씨엘에스에이코리아증권(주),C25,파생상품계약_장외파생상품_기타,0,국내증권사,B,SF205,각주항목(09.06월 이후)
25004,201809,0011238,씨엘에스에이코리아증권(주),D,대차 및 대주거래,21774125000,국내증권사,B,SF205,각주항목(09.06월 이후)
25005,201809,0011238,씨엘에스에이코리아증권(주),D1,대차 및 대주거래_대여증권,0,국내증권사,B,SF205,각주항목(09.06월 이후)
25006,201809,0011238,씨엘에스에이코리아증권(주),D2,대차 및 대주거래_차입증권,21774125000,국내증권사,B,SF205,각주항목(09.06월 이후)
25007,201809,0011238,씨엘에스에이코리아증권(주),D3,대차 및 대주거래_신용거래대주,0,국내증권사,B,SF205,각주항목(09.06월 이후)
25008,201809,0011238,씨엘에스에이코리아증권(주),E,대손상각채권,0,국내증권사,B,SF205,각주항목(09.06월 이후)
25009,201809,0011238,씨엘에스에이코리아증권(주),F,환전업무 예치금,0,국내증권사,B,SF205,각주항목(09.06월 이후)
25010,201809,0011238,씨엘에스에이코리아증권(주),G,미배당별도예치금,0,국내증권사,B,SF205,각주항목(09.06월 이후)
25011,201809,0011238,씨엘에스에이코리아증권(주),H,배서어음매출(종금계정),0,국내증권사,B,SF205,각주항목(09.06월 이후)
25012,201809,0011238,씨엘에스에이코리아증권(주),H1,대출채권매매이익_담보부,0,국내증권사,B,SF205,각주항목(09.06월 이후)
25013,201809,0011238,씨엘에스에이코리아증권(주),H2,대출채권매매이익_무담보부,0,국내증권사,B,SF205,각주항목(09.06월 이후)
25014,201812,0011238,씨엘에스에이코리아증권(주),A,채무보증,0,국내증권사,B,SF205,각주항목(09.06월 이후)
25015,201812,0011238,씨엘에스에이코리아증권(주),A1,채무보증_지급보증,0,국내증권사,B,SF205,각주항목(09.06월 이후)
25016,201812,0011238,씨엘에스에이코리아증권(주),A2,채무보증_매입보장약정,0,국내증권사,B,SF205,각주항목(09.06월 이후)
25017,201812,0011238,씨엘에스에이코리아증권(주),A3,채무보증_채무인수약정,0,국내증권사,B,SF205,각주항목(09.06월 이후)
25018,201812,0011238,씨엘에스에이코리아증권(주),A5,채무보증_매입확약,0,국내증권사,B,SF205,각주항목(09.06월 이후)
25019,201812,0011238,씨엘에스에이코리아증권(주),A6,채무보증_기타,0,국내증권사,B,SF205,각주항목(09.06월 이후)
25020,201812,0011238,씨엘에스에이코리아증권(주),B,투자자의 예수증권 등,53620953100,국내증권사,B,SF205,각주항목(09.06월 이후)
25021,201812,0011238,씨엘에스에이코리아증권(주),B1,투자자의 예수증권 등_예수 증권,53620953100,국내증권사,B,SF205,각주항목(09.06월 이후)
25022,201812,0011238,씨엘에스에이코리아증권(주),B2,투자자의 예수증권 등_예수양도성예금증서,0,국내증권사,B,SF205,각주항목(09.06월 이후)
25023,201812,0011238,씨엘에스에이코리아증권(주),B3,투자자의 예수증권 등_기타,0,국내증권사,B,SF205,각주항목(09.06월 이후)
25024,201812,0011238,씨엘에스에이코리아증권(주),C,파생상품계약,24628000000,국내증권사,B,SF205,각주항목(09.06월 이후)
25025,201812,0011238,씨엘에스에이코리아증권(주),C1,파생상품계약_장내파생상품,24628000000,국내증권사,B,SF205,각주항목(09.06월 이후)
25026,201812,0011238,씨엘에스에이코리아증권(주),C11,파생상품계약_장내파생상품_이자율관련거래,0,국내증권사,B,SF205,각주항목(09.06월 이후)
25027,201812,0011238,씨엘에스에이코리아증권(주),C12,파생상품계약_장내파생상품_통화관련거래,0,국내증권사,B,SF205,각주항목(09.06월 이후)
25028,201812,0011238,씨엘에스에이코리아증권(주),C13,파생상품계약_장내파생상품_주식관련거래,24628000000,국내증권사,B,SF205,각주항목(09.06월 이후)
25029,201812,0011238,씨엘에스에이코리아증권(주),C14,파생상품계약_장내파생상품_일반상품관련거래,0,국내증권사,B,SF205,각주항목(09.06월 이후)
25030,201812,0011238,씨엘에스에이코리아증권(주),C15,파생상품계약_장내파생상품_기타,0,국내증권사,B,SF205,각주항목(09.06월 이후)
25031,201812,0011238,씨엘에스에이코리아증권(주),C2,파생상품계약_장외파생상품,0,국내증권사,B,SF205,각주항목(09.06월 이후)
25032,201812,0011238,씨엘에스에이코리아증권(주),C21,파생상품계약_장외파생상품_이자율관련거래,0,국내증권사,B,SF205,각주항목(09.06월 이후)
25033,201812,0011238,씨엘에스에이코리아증권(주),C22,파생상품계약_장외파생상품_통화관련거래,0,국내증권사,B,SF205,각주항목(09.06월 이후)
25034,201812,0011238,씨엘에스에이코리아증권(주),C23,파생상품계약_장외파생상품_주식관련거래,0,국내증권사,B,SF205,각주항목(09.06월 이후)
25035,201812,0011238,씨엘에스에이코리아증권(주),C24,파생상품계약_장외파생상품_신용관련거래,0,국내증권사,B,SF205,각주항목(09.06월 이후)
25036,201812,0011238,씨엘에스에이코리아증권(주),C25,파생상품계약_장외파생상품_기타,0,국내증권사,B,SF205,각주항목(09.06월 이후)
25037,201812,0011238,씨엘에스에이코리아증권(주),D,대차 및 대주거래,0,국내증권사,B,SF205,각주항목(09.06월 이후)
25038,201812,0011238,씨엘에스에이코리아증권(주),D1,대차 및 대주거래_대여증권,0,국내증권사,B,SF205,각주항목(09.06월 이후)
25039,201812,0011238,씨엘에스에이코리아증권(주),D2,대차 및 대주거래_차입증권,0,국내증권사,B,SF205,각주항목(09.06월 이후)
25040,201812,0011238,씨엘에스에이코리아증권(주),D3,대차 및 대주거래_신용거래대주,0,국내증권사,B,SF205,각주항목(09.06월 이후)
25041,201812,0011238,씨엘에스에이코리아증권(주),E,대손상각채권,0,국내증권사,B,SF205,각주항목(09.06월 이후)
25042,201812,0011238,씨엘에스에이코리아증권(주),F,환전업무 예치금,0,국내증권사,B,SF205,각주항목(09.06월 이후)
25043,201812,0011238,씨엘에스에이코리아증권(주),G,미배당별도예치금,0,국내증권사,B,SF205,각주항목(09.06월 이후)
25044,201812,0011238,씨엘에스에이코리아증권(주),H,배서어음매출(종금계정),0,국내증권사,B,SF205,각주항목(09.06월 이후)
25045,201812,0011238,씨엘에스에이코리아증권(주),H1,대출채권매매이익_담보부,0,국내증권사,B,SF205,각주항목(09.06월 이후)
25046,201812,0011238,씨엘에스에이코리아증권(주),H2,대출채권매매이익_무담보부,0,국내증권사,B,SF205,각주항목(09.06월 이후)
25047,201903,0011238,씨엘에스에이코리아증권(주),A,채무보증,0,국내증권사,B,SF205,각주항목(09.06월 이후)
25048,201903,0011238,씨엘에스에이코리아증권(주),A1,채무보증_지급보증,0,국내증권사,B,SF205,각주항목(09.06월 이후)
25049,201903,0011238,씨엘에스에이코리아증권(주),A2,채무보증_매입보장약정,0,국내증권사,B,SF205,각주항목(09.06월 이후)
25050,201903,0011238,씨엘에스에이코리아증권(주),A3,채무보증_채무인수약정,0,국내증권사,B,SF205,각주항목(09.06월 이후)
25051,201903,0011238,씨엘에스에이코리아증권(주),A5,채무보증_매입확약,0,국내증권사,B,SF205,각주항목(09.06월 이후)
25052,201903,0011238,씨엘에스에이코리아증권(주),A6,채무보증_기타,0,국내증권사,B,SF205,각주항목(09.06월 이후)
25053,201903,0011238,씨엘에스에이코리아증권(주),B,투자자의 예수증권 등,57107295400,국내증권사,B,SF205,각주항목(09.06월 이후)
25054,201903,0011238,씨엘에스에이코리아증권(주),B1,투자자의 예수증권 등_예수 증권,57107295400,국내증권사,B,SF205,각주항목(09.06월 이후)
25055,201903,0011238,씨엘에스에이코리아증권(주),B2,투자자의 예수증권 등_예수양도성예금증서,0,국내증권사,B,SF205,각주항목(09.06월 이후)
25056,201903,0011238,씨엘에스에이코리아증권(주),B3,투자자의 예수증권 등_기타,0,국내증권사,B,SF205,각주항목(09.06월 이후)
25057,201903,0011238,씨엘에스에이코리아증권(주),C,파생상품계약,25675335000,국내증권사,B,SF205,각주항목(09.06월 이후)
25058,201903,0011238,씨엘에스에이코리아증권(주),C1,파생상품계약_장내파생상품,25675335000,국내증권사,B,SF205,각주항목(09.06월 이후)
25059,201903,0011238,씨엘에스에이코리아증권(주),C11,파생상품계약_장내파생상품_이자율관련거래,0,국내증권사,B,SF205,각주항목(09.06월 이후)
25060,201903,0011238,씨엘에스에이코리아증권(주),C12,파생상품계약_장내파생상품_통화관련거래,0,국내증권사,B,SF205,각주항목(09.06월 이후)
25061,201903,0011238,씨엘에스에이코리아증권(주),C13,파생상품계약_장내파생상품_주식관련거래,25675335000,국내증권사,B,SF205,각주항목(09.06월 이후)
25062,201903,0011238,씨엘에스에이코리아증권(주),C14,파생상품계약_장내파생상품_일반상품관련거래,0,국내증권사,B,SF205,각주항목(09.06월 이후)
25063,201903,0011238,씨엘에스에이코리아증권(주),C15,파생상품계약_장내파생상품_기타,0,국내증권사,B,SF205,각주항목(09.06월 이후)
25064,201903,0011238,씨엘에스에이코리아증권(주),C2,파생상품계약_장외파생상품,0,국내증권사,B,SF205,각주항목(09.06월 이후)
25065,201903,0011238,씨엘에스에이코리아증권(주),C21,파생상품계약_장외파생상품_이자율관련거래,0,국내증권사,B,SF205,각주항목(09.06월 이후)
25066,201903,0011238,씨엘에스에이코리아증권(주),C22,파생상품계약_장외파생상품_통화관련거래,0,국내증권사,B,SF205,각주항목(09.06월 이후)
25067,201903,0011238,씨엘에스에이코리아증권(주),C23,파생상품계약_장외파생상품_주식관련거래,0,국내증권사,B,SF205,각주항목(09.06월 이후)
25068,201903,0011238,씨엘에스에이코리아증권(주),C24,파생상품계약_장외파생상품_신용관련거래,0,국내증권사,B,SF205,각주항목(09.06월 이후)
25069,201903,0011238,씨엘에스에이코리아증권(주),C25,파생상품계약_장외파생상품_기타,0,국내증권사,B,SF205,각주항목(09.06월 이후)
25070,201903,0011238,씨엘에스에이코리아증권(주),D,대차 및 대주거래,5254200,국내증권사,B,SF205,각주항목(09.06월 이후)
25071,201903,0011238,씨엘에스에이코리아증권(주),D1,대차 및 대주거래_대여증권,0,국내증권사,B,SF205,각주항목(09.06월 이후)
25072,201903,0011238,씨엘에스에이코리아증권(주),D2,대차 및 대주거래_차입증권,5254200,국내증권사,B,SF205,각주항목(09.06월 이후)
25073,201903,0011238,씨엘에스에이코리아증권(주),D3,대차 및 대주거래_신용거래대주,0,국내증권사,B,SF205,각주항목(09.06월 이후)
25074,201903,0011238,씨엘에스에이코리아증권(주),E,대손상각채권,0,국내증권사,B,SF205,각주항목(09.06월 이후)
25075,201903,0011238,씨엘에스에이코리아증권(주),F,환전업무 예치금,0,국내증권사,B,SF205,각주항목(09.06월 이후)
25076,201903,0011238,씨엘에스에이코리아증권(주),G,미배당별도예치금,0,국내증권사,B,SF205,각주항목(09.06월 이후)
25077,201903,0011238,씨엘에스에이코리아증권(주),H,배서어음매출(종금계정),0,국내증권사,B,SF205,각주항목(09.06월 이후)
25078,201903,0011238,씨엘에스에이코리아증권(주),H1,대출채권매매이익_담보부,0,국내증권사,B,SF205,각주항목(09.06월 이후)
25079,201903,0011238,씨엘에스에이코리아증권(주),H2,대출채권매매이익_무담보부,0,국내증권사,B,SF205,각주항목(09.06월 이후)
25080,201906,0011238,씨엘에스에이코리아증권(주),A,채무보증,0,국내증권사,B,SF205,각주항목(09.06월 이후)
25081,201906,0011238,씨엘에스에이코리아증권(주),A1,채무보증_지급보증,0,국내증권사,B,SF205,각주항목(09.06월 이후)
25082,201906,0011238,씨엘에스에이코리아증권(주),A2,채무보증_매입보장약정,0,국내증권사,B,SF205,각주항목(09.06월 이후)
25083,201906,0011238,씨엘에스에이코리아증권(주),A3,채무보증_채무인수약정,0,국내증권사,B,SF205,각주항목(09.06월 이후)
25084,201906,0011238,씨엘에스에이코리아증권(주),A5,채무보증_매입확약,0,국내증권사,B,SF205,각주항목(09.06월 이후)
25085,201906,0011238,씨엘에스에이코리아증권(주),A6,채무보증_기타,0,국내증권사,B,SF205,각주항목(09.06월 이후)
25086,201906,0011238,씨엘에스에이코리아증권(주),B,투자자의 예수증권 등,54140417000,국내증권사,B,SF205,각주항목(09.06월 이후)
25087,201906,0011238,씨엘에스에이코리아증권(주),B1,투자자의 예수증권 등_예수 증권,54140417000,국내증권사,B,SF205,각주항목(09.06월 이후)
25088,201906,0011238,씨엘에스에이코리아증권(주),B2,투자자의 예수증권 등_예수양도성예금증서,0,국내증권사,B,SF205,각주항목(09.06월 이후)
25089,201906,0011238,씨엘에스에이코리아증권(주),B3,투자자의 예수증권 등_기타,0,국내증권사,B,SF205,각주항목(09.06월 이후)
25090,201906,0011238,씨엘에스에이코리아증권(주),C,파생상품계약,7818300000,국내증권사,B,SF205,각주항목(09.06월 이후)
25091,201906,0011238,씨엘에스에이코리아증권(주),C1,파생상품계약_장내파생상품,7818300000,국내증권사,B,SF205,각주항목(09.06월 이후)
25092,201906,0011238,씨엘에스에이코리아증권(주),C11,파생상품계약_장내파생상품_이자율관련거래,0,국내증권사,B,SF205,각주항목(09.06월 이후)
25093,201906,0011238,씨엘에스에이코리아증권(주),C12,파생상품계약_장내파생상품_통화관련거래,0,국내증권사,B,SF205,각주항목(09.06월 이후)
25094,201906,0011238,씨엘에스에이코리아증권(주),C13,파생상품계약_장내파생상품_주식관련거래,7818300000,국내증권사,B,SF205,각주항목(09.06월 이후)
25095,201906,0011238,씨엘에스에이코리아증권(주),C14,파생상품계약_장내파생상품_일반상품관련거래,0,국내증권사,B,SF205,각주항목(09.06월 이후)
25096,201906,0011238,씨엘에스에이코리아증권(주),C15,파생상품계약_장내파생상품_기타,0,국내증권사,B,SF205,각주항목(09.06월 이후)
25097,201906,0011238,씨엘에스에이코리아증권(주),C2,파생상품계약_장외파생상품,0,국내증권사,B,SF205,각주항목(09.06월 이후)
25098,201906,0011238,씨엘에스에이코리아증권(주),C21,파생상품계약_장외파생상품_이자율관련거래,0,국내증권사,B,SF205,각주항목(09.06월 이후)
25099,201906,0011238,씨엘에스에이코리아증권(주),C22,파생상품계약_장외파생상품_통화관련거래,0,국내증권사,B,SF205,각주항목(09.06월 이후)
25100,201906,0011238,씨엘에스에이코리아증권(주),C23,파생상품계약_장외파생상품_주식관련거래,0,국내증권사,B,SF205,각주항목(09.06월 이후)
25101,201906,0011238,씨엘에스에이코리아증권(주),C24,파생상품계약_장외파생상품_신용관련거래,0,국내증권사,B,SF205,각주항목(09.06월 이후)
25102,201906,0011238,씨엘에스에이코리아증권(주),C25,파생상품계약_장외파생상품_기타,0,국내증권사,B,SF205,각주항목(09.06월 이후)
25103,201906,0011238,씨엘에스에이코리아증권(주),D,대차 및 대주거래,0,국내증권사,B,SF205,각주항목(09.06월 이후)
25104,201906,0011238,씨엘에스에이코리아증권(주),D1,대차 및 대주거래_대여증권,0,국내증권사,B,SF205,각주항목(09.06월 이후)
25105,201906,0011238,씨엘에스에이코리아증권(주),D2,대차 및 대주거래_차입증권,0,국내증권사,B,SF205,각주항목(09.06월 이후)
25106,201906,0011238,씨엘에스에이코리아증권(주),D3,대차 및 대주거래_신용거래대주,0,국내증권사,B,SF205,각주항목(09.06월 이후)
25107,201906,0011238,씨엘에스에이코리아증권(주),E,대손상각채권,0,국내증권사,B,SF205,각주항목(09.06월 이후)
25108,201906,0011238,씨엘에스에이코리아증권(주),F,환전업무 예치금,0,국내증권사,B,SF205,각주항목(09.06월 이후)
25109,201906,0011238,씨엘에스에이코리아증권(주),G,미배당별도예치금,0,국내증권사,B,SF205,각주항목(09.06월 이후)
25110,201906,0011238,씨엘에스에이코리아증권(주),H,배서어음매출(종금계정),0,국내증권사,B,SF205,각주항목(09.06월 이후)
25111,201906,0011238,씨엘에스에이코리아증권(주),H1,대출채권매매이익_담보부,0,국내증권사,B,SF205,각주항목(09.06월 이후)
25112,201906,0011238,씨엘에스에이코리아증권(주),H2,대출채권매매이익_무담보부,0,국내증권사,B,SF205,각주항목(09.06월 이후)
25113,201909,0011238,씨엘에스에이코리아증권(주),A,채무보증,0,국내증권사,B,SF205,각주항목(09.06월 이후)
25114,201909,0011238,씨엘에스에이코리아증권(주),A1,채무보증_지급보증,0,국내증권사,B,SF205,각주항목(09.06월 이후)
25115,201909,0011238,씨엘에스에이코리아증권(주),A2,채무보증_매입보장약정,0,국내증권사,B,SF205,각주항목(09.06월 이후)
25116,201909,0011238,씨엘에스에이코리아증권(주),A3,채무보증_채무인수약정,0,국내증권사,B,SF205,각주항목(09.06월 이후)
25117,201909,0011238,씨엘에스에이코리아증권(주),A5,채무보증_매입확약,0,국내증권사,B,SF205,각주항목(09.06월 이후)
25118,201909,0011238,씨엘에스에이코리아증권(주),A6,채무보증_기타,0,국내증권사,B,SF205,각주항목(09.06월 이후)
25119,201909,0011238,씨엘에스에이코리아증권(주),B,투자자의 예수증권 등,53526990400,국내증권사,B,SF205,각주항목(09.06월 이후)
25120,201909,0011238,씨엘에스에이코리아증권(주),B1,투자자의 예수증권 등_예수 증권,53526990400,국내증권사,B,SF205,각주항목(09.06월 이후)
25121,201909,0011238,씨엘에스에이코리아증권(주),B2,투자자의 예수증권 등_예수양도성예금증서,0,국내증권사,B,SF205,각주항목(09.06월 이후)
25122,201909,0011238,씨엘에스에이코리아증권(주),B3,투자자의 예수증권 등_기타,0,국내증권사,B,SF205,각주항목(09.06월 이후)
25123,201909,0011238,씨엘에스에이코리아증권(주),C,파생상품계약,14848071500,국내증권사,B,SF205,각주항목(09.06월 이후)
25124,201909,0011238,씨엘에스에이코리아증권(주),C1,파생상품계약_장내파생상품,14848071500,국내증권사,B,SF205,각주항목(09.06월 이후)
25125,201909,0011238,씨엘에스에이코리아증권(주),C11,파생상품계약_장내파생상품_이자율관련거래,0,국내증권사,B,SF205,각주항목(09.06월 이후)
25126,201909,0011238,씨엘에스에이코리아증권(주),C12,파생상품계약_장내파생상품_통화관련거래,0,국내증권사,B,SF205,각주항목(09.06월 이후)
25127,201909,0011238,씨엘에스에이코리아증권(주),C13,파생상품계약_장내파생상품_주식관련거래,14848071500,국내증권사,B,SF205,각주항목(09.06월 이후)
25128,201909,0011238,씨엘에스에이코리아증권(주),C14,파생상품계약_장내파생상품_일반상품관련거래,0,국내증권사,B,SF205,각주항목(09.06월 이후)
25129,201909,0011238,씨엘에스에이코리아증권(주),C15,파생상품계약_장내파생상품_기타,0,국내증권사,B,SF205,각주항목(09.06월 이후)
25130,201909,0011238,씨엘에스에이코리아증권(주),C2,파생상품계약_장외파생상품,0,국내증권사,B,SF205,각주항목(09.06월 이후)
25131,201909,0011238,씨엘에스에이코리아증권(주),C21,파생상품계약_장외파생상품_이자율관련거래,0,국내증권사,B,SF205,각주항목(09.06월 이후)
25132,201909,0011238,씨엘에스에이코리아증권(주),C22,파생상품계약_장외파생상품_통화관련거래,0,국내증권사,B,SF205,각주항목(09.06월 이후)
25133,201909,0011238,씨엘에스에이코리아증권(주),C23,파생상품계약_장외파생상품_주식관련거래,0,국내증권사,B,SF205,각주항목(09.06월 이후)
25134,201909,0011238,씨엘에스에이코리아증권(주),C24,파생상품계약_장외파생상품_신용관련거래,0,국내증권사,B,SF205,각주항목(09.06월 이후)
25135,201909,0011238,씨엘에스에이코리아증권(주),C25,파생상품계약_장외파생상품_기타,0,국내증권사,B,SF205,각주항목(09.06월 이후)
25136,201909,0011238,씨엘에스에이코리아증권(주),D,대차 및 대주거래,0,국내증권사,B,SF205,각주항목(09.06월 이후)
25137,201909,0011238,씨엘에스에이코리아증권(주),D1,대차 및 대주거래_대여증권,0,국내증권사,B,SF205,각주항목(09.06월 이후)
25138,201909,0011238,씨엘에스에이코리아증권(주),D2,대차 및 대주거래_차입증권,0,국내증권사,B,SF205,각주항목(09.06월 이후)
25139,201909,0011238,씨엘에스에이코리아증권(주),D3,대차 및 대주거래_신용거래대주,0,국내증권사,B,SF205,각주항목(09.06월 이후)
25140,201909,0011238,씨엘에스에이코리아증권(주),E,대손상각채권,0,국내증권사,B,SF205,각주항목(09.06월 이후)
25141,201909,0011238,씨엘에스에이코리아증권(주),F,환전업무 예치금,0,국내증권사,B,SF205,각주항목(09.06월 이후)
25142,201909,0011238,씨엘에스에이코리아증권(주),G,미배당별도예치금,0,국내증권사,B,SF205,각주항목(09.06월 이후)
25143,201909,0011238,씨엘에스에이코리아증권(주),H,배서어음매출(종금계정),0,국내증권사,B,SF205,각주항목(09.06월 이후)
25144,201909,0011238,씨엘에스에이코리아증권(주),H1,대출채권매매이익_담보부,0,국내증권사,B,SF205,각주항목(09.06월 이후)
25145,201909,0011238,씨엘에스에이코리아증권(주),H2,대출채권매매이익_무담보부,0,국내증권사,B,SF205,각주항목(09.06월 이후)
25146,201912,0011238,씨엘에스에이코리아증권(주),A,채무보증,0,국내증권사,B,SF205,각주항목(09.06월 이후)
25147,201912,0011238,씨엘에스에이코리아증권(주),A1,채무보증_지급보증,0,국내증권사,B,SF205,각주항목(09.06월 이후)
25148,201912,0011238,씨엘에스에이코리아증권(주),A2,채무보증_매입보장약정,0,국내증권사,B,SF205,각주항목(09.06월 이후)
25149,201912,0011238,씨엘에스에이코리아증권(주),A3,채무보증_채무인수약정,0,국내증권사,B,SF205,각주항목(09.06월 이후)
25150,201912,0011238,씨엘에스에이코리아증권(주),A5,채무보증_매입확약,0,국내증권사,B,SF205,각주항목(09.06월 이후)
25151,201912,0011238,씨엘에스에이코리아증권(주),A6,채무보증_기타,0,국내증권사,B,SF205,각주항목(09.06월 이후)
25152,201912,0011238,씨엘에스에이코리아증권(주),B,투자자의 예수증권 등,56405570000,국내증권사,B,SF205,각주항목(09.06월 이후)
25153,201912,0011238,씨엘에스에이코리아증권(주),B1,투자자의 예수증권 등_예수 증권,56405570000,국내증권사,B,SF205,각주항목(09.06월 이후)
25154,201912,0011238,씨엘에스에이코리아증권(주),B2,투자자의 예수증권 등_예수양도성예금증서,0,국내증권사,B,SF205,각주항목(09.06월 이후)
25155,201912,0011238,씨엘에스에이코리아증권(주),B3,투자자의 예수증권 등_기타,0,국내증권사,B,SF205,각주항목(09.06월 이후)
25156,201912,0011238,씨엘에스에이코리아증권(주),C,파생상품계약,5712232000,국내증권사,B,SF205,각주항목(09.06월 이후)
25157,201912,0011238,씨엘에스에이코리아증권(주),C1,파생상품계약_장내파생상품,5712232000,국내증권사,B,SF205,각주항목(09.06월 이후)
25158,201912,0011238,씨엘에스에이코리아증권(주),C11,파생상품계약_장내파생상품_이자율관련거래,0,국내증권사,B,SF205,각주항목(09.06월 이후)
25159,201912,0011238,씨엘에스에이코리아증권(주),C12,파생상품계약_장내파생상품_통화관련거래,0,국내증권사,B,SF205,각주항목(09.06월 이후)
25160,201912,0011238,씨엘에스에이코리아증권(주),C13,파생상품계약_장내파생상품_주식관련거래,5712232000,국내증권사,B,SF205,각주항목(09.06월 이후)
25161,201912,0011238,씨엘에스에이코리아증권(주),C14,파생상품계약_장내파생상품_일반상품관련거래,0,국내증권사,B,SF205,각주항목(09.06월 이후)
25162,201912,0011238,씨엘에스에이코리아증권(주),C15,파생상품계약_장내파생상품_기타,0,국내증권사,B,SF205,각주항목(09.06월 이후)
25163,201912,0011238,씨엘에스에이코리아증권(주),C2,파생상품계약_장외파생상품,0,국내증권사,B,SF205,각주항목(09.06월 이후)
25164,201912,0011238,씨엘에스에이코리아증권(주),C21,파생상품계약_장외파생상품_이자율관련거래,0,국내증권사,B,SF205,각주항목(09.06월 이후)
25165,201912,0011238,씨엘에스에이코리아증권(주),C22,파생상품계약_장외파생상품_통화관련거래,0,국내증권사,B,SF205,각주항목(09.06월 이후)
25166,201912,0011238,씨엘에스에이코리아증권(주),C23,파생상품계약_장외파생상품_주식관련거래,0,국내증권사,B,SF205,각주항목(09.06월 이후)
25167,201912,0011238,씨엘에스에이코리아증권(주),C24,파생상품계약_장외파생상품_신용관련거래,0,국내증권사,B,SF205,각주항목(09.06월 이후)
25168,201912,0011238,씨엘에스에이코리아증권(주),C25,파생상품계약_장외파생상품_기타,0,국내증권사,B,SF205,각주항목(09.06월 이후)
25169,201912,0011238,씨엘에스에이코리아증권(주),D,대차 및 대주거래,0,국내증권사,B,SF205,각주항목(09.06월 이후)
25170,201912,0011238,씨엘에스에이코리아증권(주),D1,대차 및 대주거래_대여증권,0,국내증권사,B,SF205,각주항목(09.06월 이후)
25171,201912,0011238,씨엘에스에이코리아증권(주),D2,대차 및 대주거래_차입증권,0,국내증권사,B,SF205,각주항목(09.06월 이후)
25172,201912,0011238,씨엘에스에이코리아증권(주),D3,대차 및 대주거래_신용거래대주,0,국내증권사,B,SF205,각주항목(09.06월 이후)
25173,201912,0011238,씨엘에스에이코리아증권(주),E,대손상각채권,0,국내증권사,B,SF205,각주항목(09.06월 이후)
25174,201912,0011238,씨엘에스에이코리아증권(주),F,환전업무 예치금,0,국내증권사,B,SF205,각주항목(09.06월 이후)
25175,201912,0011238,씨엘에스에이코리아증권(주),G,미배당별도예치금,0,국내증권사,B,SF205,각주항목(09.06월 이후)
25176,201912,0011238,씨엘에스에이코리아증권(주),H,배서어음매출(종금계정),0,국내증권사,B,SF205,각주항목(09.06월 이후)
25177,201912,0011238,씨엘에스에이코리아증권(주),H1,대출채권매매이익_담보부,0,국내증권사,B,SF205,각주항목(09.06월 이후)
25178,201912,0011238,씨엘에스에이코리아증권(주),H2,대출채권매매이익_무담보부,0,국내증권사,B,SF205,각주항목(09.06월 이후)
25179,202003,0011238,씨엘에스에이코리아증권(주),A,채무보증,0,국내증권사,B,SF205,각주항목(09.06월 이후)
25180,202003,0011238,씨엘에스에이코리아증권(주),A1,채무보증_지급보증,0,국내증권사,B,SF205,각주항목(09.06월 이후)
25181,202003,0011238,씨엘에스에이코리아증권(주),A2,채무보증_매입보장약정,0,국내증권사,B,SF205,각주항목(09.06월 이후)
25182,202003,0011238,씨엘에스에이코리아증권(주),A3,채무보증_채무인수약정,0,국내증권사,B,SF205,각주항목(09.06월 이후)
25183,202003,0011238,씨엘에스에이코리아증권(주),A5,채무보증_매입확약,0,국내증권사,B,SF205,각주항목(09.06월 이후)
25184,202003,0011238,씨엘에스에이코리아증권(주),A6,채무보증_기타,0,국내증권사,B,SF205,각주항목(09.06월 이후)
25185,202003,0011238,씨엘에스에이코리아증권(주),B,투자자의 예수증권 등,49304945000,국내증권사,B,SF205,각주항목(09.06월 이후)
25186,202003,0011238,씨엘에스에이코리아증권(주),B1,투자자의 예수증권 등_예수 증권,49304945000,국내증권사,B,SF205,각주항목(09.06월 이후)
25187,202003,0011238,씨엘에스에이코리아증권(주),B2,투자자의 예수증권 등_예수양도성예금증서,0,국내증권사,B,SF205,각주항목(09.06월 이후)
25188,202003,0011238,씨엘에스에이코리아증권(주),B3,투자자의 예수증권 등_기타,0,국내증권사,B,SF205,각주항목(09.06월 이후)
25189,202003,0011238,씨엘에스에이코리아증권(주),C,파생상품계약,16360884000,국내증권사,B,SF205,각주항목(09.06월 이후)
25190,202003,0011238,씨엘에스에이코리아증권(주),C1,파생상품계약_장내파생상품,16360884000,국내증권사,B,SF205,각주항목(09.06월 이후)
25191,202003,0011238,씨엘에스에이코리아증권(주),C11,파생상품계약_장내파생상품_이자율관련거래,0,국내증권사,B,SF205,각주항목(09.06월 이후)
25192,202003,0011238,씨엘에스에이코리아증권(주),C12,파생상품계약_장내파생상품_통화관련거래,0,국내증권사,B,SF205,각주항목(09.06월 이후)
25193,202003,0011238,씨엘에스에이코리아증권(주),C13,파생상품계약_장내파생상품_주식관련거래,16360884000,국내증권사,B,SF205,각주항목(09.06월 이후)
25194,202003,0011238,씨엘에스에이코리아증권(주),C14,파생상품계약_장내파생상품_일반상품관련거래,0,국내증권사,B,SF205,각주항목(09.06월 이후)
25195,202003,0011238,씨엘에스에이코리아증권(주),C15,파생상품계약_장내파생상품_기타,0,국내증권사,B,SF205,각주항목(09.06월 이후)
25196,202003,0011238,씨엘에스에이코리아증권(주),C2,파생상품계약_장외파생상품,0,국내증권사,B,SF205,각주항목(09.06월 이후)
25197,202003,0011238,씨엘에스에이코리아증권(주),C21,파생상품계약_장외파생상품_이자율관련거래,0,국내증권사,B,SF205,각주항목(09.06월 이후)
25198,202003,0011238,씨엘에스에이코리아증권(주),C22,파생상품계약_장외파생상품_통화관련거래,0,국내증권사,B,SF205,각주항목(09.06월 이후)
25199,202003,0011238,씨엘에스에이코리아증권(주),C23,파생상품계약_장외파생상품_주식관련거래,0,국내증권사,B,SF205,각주항목(09.06월 이후)
25200,202003,0011238,씨엘에스에이코리아증권(주),C24,파생상품계약_장외파생상품_신용관련거래,0,국내증권사,B,SF205,각주항목(09.06월 이후)
25201,202003,0011238,씨엘에스에이코리아증권(주),C25,파생상품계약_장외파생상품_기타,0,국내증권사,B,SF205,각주항목(09.06월 이후)
25202,202003,0011238,씨엘에스에이코리아증권(주),D,대차 및 대주거래,0,국내증권사,B,SF205,각주항목(09.06월 이후)
25203,202003,0011238,씨엘에스에이코리아증권(주),D1,대차 및 대주거래_대여증권,0,국내증권사,B,SF205,각주항목(09.06월 이후)
25204,202003,0011238,씨엘에스에이코리아증권(주),D2,대차 및 대주거래_차입증권,0,국내증권사,B,SF205,각주항목(09.06월 이후)
25205,202003,0011238,씨엘에스에이코리아증권(주),D3,대차 및 대주거래_신용거래대주,0,국내증권사,B,SF205,각주항목(09.06월 이후)
25206,202003,0011238,씨엘에스에이코리아증권(주),E,대손상각채권,0,국내증권사,B,SF205,각주항목(09.06월 이후)
25207,202003,0011238,씨엘에스에이코리아증권(주),F,환전업무 예치금,0,국내증권사,B,SF205,각주항목(09.06월 이후)
25208,202003,0011238,씨엘에스에이코리아증권(주),G,미배당별도예치금,0,국내증권사,B,SF205,각주항목(09.06월 이후)
25209,202003,0011238,씨엘에스에이코리아증권(주),H,배서어음매출(종금계정),0,국내증권사,B,SF205,각주항목(09.06월 이후)
25210,202003,0011238,씨엘에스에이코리아증권(주),H1,대출채권매매이익_담보부,0,국내증권사,B,SF205,각주항목(09.06월 이후)
25211,202003,0011238,씨엘에스에이코리아증권(주),H2,대출채권매매이익_무담보부,0,국내증권사,B,SF205,각주항목(09.06월 이후)
25212,202006,0011238,씨엘에스에이코리아증권(주),A,채무보증,0,국내증권사,B,SF205,각주항목(09.06월 이후)
25213,202006,0011238,씨엘에스에이코리아증권(주),A1,채무보증_지급보증,0,국내증권사,B,SF205,각주항목(09.06월 이후)
25214,202006,0011238,씨엘에스에이코리아증권(주),A2,채무보증_매입보장약정,0,국내증권사,B,SF205,각주항목(09.06월 이후)
25215,202006,0011238,씨엘에스에이코리아증권(주),A3,채무보증_채무인수약정,0,국내증권사,B,SF205,각주항목(09.06월 이후)
25216,202006,0011238,씨엘에스에이코리아증권(주),A5,채무보증_매입확약,0,국내증권사,B,SF205,각주항목(09.06월 이후)
25217,202006,0011238,씨엘에스에이코리아증권(주),A6,채무보증_기타,0,국내증권사,B,SF205,각주항목(09.06월 이후)
25218,202006,0011238,씨엘에스에이코리아증권(주),B,투자자의 예수증권 등,49680710000,국내증권사,B,SF205,각주항목(09.06월 이후)
25219,202006,0011238,씨엘에스에이코리아증권(주),B1,투자자의 예수증권 등_예수 증권,49680710000,국내증권사,B,SF205,각주항목(09.06월 이후)
25220,202006,0011238,씨엘에스에이코리아증권(주),B2,투자자의 예수증권 등_예수양도성예금증서,0,국내증권사,B,SF205,각주항목(09.06월 이후)
25221,202006,0011238,씨엘에스에이코리아증권(주),B3,투자자의 예수증권 등_기타,0,국내증권사,B,SF205,각주항목(09.06월 이후)
25222,202006,0011238,씨엘에스에이코리아증권(주),C,파생상품계약,3390000,국내증권사,B,SF205,각주항목(09.06월 이후)
25223,202006,0011238,씨엘에스에이코리아증권(주),C1,파생상품계약_장내파생상품,3390000,국내증권사,B,SF205,각주항목(09.06월 이후)
25224,202006,0011238,씨엘에스에이코리아증권(주),C11,파생상품계약_장내파생상품_이자율관련거래,0,국내증권사,B,SF205,각주항목(09.06월 이후)
25225,202006,0011238,씨엘에스에이코리아증권(주),C12,파생상품계약_장내파생상품_통화관련거래,0,국내증권사,B,SF205,각주항목(09.06월 이후)
25226,202006,0011238,씨엘에스에이코리아증권(주),C13,파생상품계약_장내파생상품_주식관련거래,3390000,국내증권사,B,SF205,각주항목(09.06월 이후)
25227,202006,0011238,씨엘에스에이코리아증권(주),C14,파생상품계약_장내파생상품_일반상품관련거래,0,국내증권사,B,SF205,각주항목(09.06월 이후)
25228,202006,0011238,씨엘에스에이코리아증권(주),C15,파생상품계약_장내파생상품_기타,0,국내증권사,B,SF205,각주항목(09.06월 이후)
25229,202006,0011238,씨엘에스에이코리아증권(주),C2,파생상품계약_장외파생상품,0,국내증권사,B,SF205,각주항목(09.06월 이후)
25230,202006,0011238,씨엘에스에이코리아증권(주),C21,파생상품계약_장외파생상품_이자율관련거래,0,국내증권사,B,SF205,각주항목(09.06월 이후)
25231,202006,0011238,씨엘에스에이코리아증권(주),C22,파생상품계약_장외파생상품_통화관련거래,0,국내증권사,B,SF205,각주항목(09.06월 이후)
25232,202006,0011238,씨엘에스에이코리아증권(주),C23,파생상품계약_장외파생상품_주식관련거래,0,국내증권사,B,SF205,각주항목(09.06월 이후)
25233,202006,0011238,씨엘에스에이코리아증권(주),C24,파생상품계약_장외파생상품_신용관련거래,0,국내증권사,B,SF205,각주항목(09.06월 이후)
25234,202006,0011238,씨엘에스에이코리아증권(주),C25,파생상품계약_장외파생상품_기타,0,국내증권사,B,SF205,각주항목(09.06월 이후)
25235,202006,0011238,씨엘에스에이코리아증권(주),D,대차 및 대주거래,0,국내증권사,B,SF205,각주항목(09.06월 이후)
25236,202006,0011238,씨엘에스에이코리아증권(주),D1,대차 및 대주거래_대여증권,0,국내증권사,B,SF205,각주항목(09.06월 이후)
25237,202006,0011238,씨엘에스에이코리아증권(주),D2,대차 및 대주거래_차입증권,0,국내증권사,B,SF205,각주항목(09.06월 이후)
25238,202006,0011238,씨엘에스에이코리아증권(주),D3,대차 및 대주거래_신용거래대주,0,국내증권사,B,SF205,각주항목(09.06월 이후)
25239,202006,0011238,씨엘에스에이코리아증권(주),E,대손상각채권,0,국내증권사,B,SF205,각주항목(09.06월 이후)
25240,202006,0011238,씨엘에스에이코리아증권(주),F,환전업무 예치금,0,국내증권사,B,SF205,각주항목(09.06월 이후)
25241,202006,0011238,씨엘에스에이코리아증권(주),G,미배당별도예치금,0,국내증권사,B,SF205,각주항목(09.06월 이후)
25242,202006,0011238,씨엘에스에이코리아증권(주),H,배서어음매출(종금계정),0,국내증권사,B,SF205,각주항목(09.06월 이후)
25243,202006,0011238,씨엘에스에이코리아증권(주),H1,대출채권매매이익_담보부,0,국내증권사,B,SF205,각주항목(09.06월 이후)
25244,202006,0011238,씨엘에스에이코리아증권(주),H2,대출채권매매이익_무담보부,0,국내증권사,B,SF205,각주항목(09.06월 이후)
25245,202009,0011238,씨엘에스에이코리아증권(주),A,채무보증,0,국내증권사,B,SF205,각주항목(09.06월 이후)
25246,202009,0011238,씨엘에스에이코리아증권(주),A1,채무보증_지급보증,0,국내증권사,B,SF205,각주항목(09.06월 이후)
25247,202009,0011238,씨엘에스에이코리아증권(주),A2,채무보증_매입보장약정,0,국내증권사,B,SF205,각주항목(09.06월 이후)
25248,202009,0011238,씨엘에스에이코리아증권(주),A3,채무보증_채무인수약정,0,국내증권사,B,SF205,각주항목(09.06월 이후)
25249,202009,0011238,씨엘에스에이코리아증권(주),A5,채무보증_매입확약,0,국내증권사,B,SF205,각주항목(09.06월 이후)
25250,202009,0011238,씨엘에스에이코리아증권(주),A6,채무보증_기타,0,국내증권사,B,SF205,각주항목(09.06월 이후)
25251,202009,0011238,씨엘에스에이코리아증권(주),B,투자자의 예수증권 등,50610030500,국내증권사,B,SF205,각주항목(09.06월 이후)
25252,202009,0011238,씨엘에스에이코리아증권(주),B1,투자자의 예수증권 등_예수 증권,50610030500,국내증권사,B,SF205,각주항목(09.06월 이후)
25253,202009,0011238,씨엘에스에이코리아증권(주),B2,투자자의 예수증권 등_예수양도성예금증서,0,국내증권사,B,SF205,각주항목(09.06월 이후)
25254,202009,0011238,씨엘에스에이코리아증권(주),B3,투자자의 예수증권 등_기타,0,국내증권사,B,SF205,각주항목(09.06월 이후)
25255,202009,0011238,씨엘에스에이코리아증권(주),C,파생상품계약,0,국내증권사,B,SF205,각주항목(09.06월 이후)
25256,202009,0011238,씨엘에스에이코리아증권(주),C1,파생상품계약_장내파생상품,0,국내증권사,B,SF205,각주항목(09.06월 이후)
25257,202009,0011238,씨엘에스에이코리아증권(주),C11,파생상품계약_장내파생상품_이자율관련거래,0,국내증권사,B,SF205,각주항목(09.06월 이후)
25258,202009,0011238,씨엘에스에이코리아증권(주),C12,파생상품계약_장내파생상품_통화관련거래,0,국내증권사,B,SF205,각주항목(09.06월 이후)
25259,202009,0011238,씨엘에스에이코리아증권(주),C13,파생상품계약_장내파생상품_주식관련거래,0,국내증권사,B,SF205,각주항목(09.06월 이후)
25260,202009,0011238,씨엘에스에이코리아증권(주),C14,파생상품계약_장내파생상품_일반상품관련거래,0,국내증권사,B,SF205,각주항목(09.06월 이후)
25261,202009,0011238,씨엘에스에이코리아증권(주),C15,파생상품계약_장내파생상품_기타,0,국내증권사,B,SF205,각주항목(09.06월 이후)
25262,202009,0011238,씨엘에스에이코리아증권(주),C2,파생상품계약_장외파생상품,0,국내증권사,B,SF205,각주항목(09.06월 이후)
25263,202009,0011238,씨엘에스에이코리아증권(주),C21,파생상품계약_장외파생상품_이자율관련거래,0,국내증권사,B,SF205,각주항목(09.06월 이후)
25264,202009,0011238,씨엘에스에이코리아증권(주),C22,파생상품계약_장외파생상품_통화관련거래,0,국내증권사,B,SF205,각주항목(09.06월 이후)
25265,202009,0011238,씨엘에스에이코리아증권(주),C23,파생상품계약_장외파생상품_주식관련거래,0,국내증권사,B,SF205,각주항목(09.06월 이후)
25266,202009,0011238,씨엘에스에이코리아증권(주),C24,파생상품계약_장외파생상품_신용관련거래,0,국내증권사,B,SF205,각주항목(09.06월 이후)
25267,202009,0011238,씨엘에스에이코리아증권(주),C25,파생상품계약_장외파생상품_기타,0,국내증권사,B,SF205,각주항목(09.06월 이후)
25268,202009,0011238,씨엘에스에이코리아증권(주),D,대차 및 대주거래,0,국내증권사,B,SF205,각주항목(09.06월 이후)
25269,202009,0011238,씨엘에스에이코리아증권(주),D1,대차 및 대주거래_대여증권,0,국내증권사,B,SF205,각주항목(09.06월 이후)
25270,202009,0011238,씨엘에스에이코리아증권(주),D2,대차 및 대주거래_차입증권,0,국내증권사,B,SF205,각주항목(09.06월 이후)
25271,202009,0011238,씨엘에스에이코리아증권(주),D3,대차 및 대주거래_신용거래대주,0,국내증권사,B,SF205,각주항목(09.06월 이후)
25272,202009,0011238,씨엘에스에이코리아증권(주),E,대손상각채권,0,국내증권사,B,SF205,각주항목(09.06월 이후)
25273,202009,0011238,씨엘에스에이코리아증권(주),F,환전업무 예치금,0,국내증권사,B,SF205,각주항목(09.06월 이후)
25274,202009,0011238,씨엘에스에이코리아증권(주),G,미배당별도예치금,0,국내증권사,B,SF205,각주항목(09.06월 이후)
25275,202009,0011238,씨엘에스에이코리아증권(주),H,배서어음매출(종금계정),0,국내증권사,B,SF205,각주항목(09.06월 이후)
25276,202009,0011238,씨엘에스에이코리아증권(주),H1,대출채권매매이익_담보부,0,국내증권사,B,SF205,각주항목(09.06월 이후)
25277,202009,0011238,씨엘에스에이코리아증권(주),H2,대출채권매매이익_무담보부,0,국내증권사,B,SF205,각주항목(09.06월 이후)
25278,202012,0011238,씨엘에스에이코리아증권(주),A,채무보증,0,국내증권사,B,SF205,각주항목(09.06월 이후)
25279,202012,0011238,씨엘에스에이코리아증권(주),A1,채무보증_지급보증,0,국내증권사,B,SF205,각주항목(09.06월 이후)
25280,202012,0011238,씨엘에스에이코리아증권(주),A2,채무보증_매입보장약정,0,국내증권사,B,SF205,각주항목(09.06월 이후)
25281,202012,0011238,씨엘에스에이코리아증권(주),A3,채무보증_채무인수약정,0,국내증권사,B,SF205,각주항목(09.06월 이후)
25282,202012,0011238,씨엘에스에이코리아증권(주),A5,채무보증_매입확약,0,국내증권사,B,SF205,각주항목(09.06월 이후)
25283,202012,0011238,씨엘에스에이코리아증권(주),A6,채무보증_기타,0,국내증권사,B,SF205,각주항목(09.06월 이후)
25284,202012,0011238,씨엘에스에이코리아증권(주),B,투자자의 예수증권 등,61247480000,국내증권사,B,SF205,각주항목(09.06월 이후)
25285,202012,0011238,씨엘에스에이코리아증권(주),B1,투자자의 예수증권 등_예수 증권,61247480000,국내증권사,B,SF205,각주항목(09.06월 이후)
25286,202012,0011238,씨엘에스에이코리아증권(주),B2,투자자의 예수증권 등_예수양도성예금증서,0,국내증권사,B,SF205,각주항목(09.06월 이후)
25287,202012,0011238,씨엘에스에이코리아증권(주),B3,투자자의 예수증권 등_기타,0,국내증권사,B,SF205,각주항목(09.06월 이후)
25288,202012,0011238,씨엘에스에이코리아증권(주),C,파생상품계약,1262120000,국내증권사,B,SF205,각주항목(09.06월 이후)
25289,202012,0011238,씨엘에스에이코리아증권(주),C1,파생상품계약_장내파생상품,1262120000,국내증권사,B,SF205,각주항목(09.06월 이후)
25290,202012,0011238,씨엘에스에이코리아증권(주),C11,파생상품계약_장내파생상품_이자율관련거래,0,국내증권사,B,SF205,각주항목(09.06월 이후)
25291,202012,0011238,씨엘에스에이코리아증권(주),C12,파생상품계약_장내파생상품_통화관련거래,0,국내증권사,B,SF205,각주항목(09.06월 이후)
25292,202012,0011238,씨엘에스에이코리아증권(주),C13,파생상품계약_장내파생상품_주식관련거래,1262120000,국내증권사,B,SF205,각주항목(09.06월 이후)
25293,202012,0011238,씨엘에스에이코리아증권(주),C14,파생상품계약_장내파생상품_일반상품관련거래,0,국내증권사,B,SF205,각주항목(09.06월 이후)
25294,202012,0011238,씨엘에스에이코리아증권(주),C15,파생상품계약_장내파생상품_기타,0,국내증권사,B,SF205,각주항목(09.06월 이후)
25295,202012,0011238,씨엘에스에이코리아증권(주),C2,파생상품계약_장외파생상품,0,국내증권사,B,SF205,각주항목(09.06월 이후)
25296,202012,0011238,씨엘에스에이코리아증권(주),C21,파생상품계약_장외파생상품_이자율관련거래,0,국내증권사,B,SF205,각주항목(09.06월 이후)
25297,202012,0011238,씨엘에스에이코리아증권(주),C22,파생상품계약_장외파생상품_통화관련거래,0,국내증권사,B,SF205,각주항목(09.06월 이후)
25298,202012,0011238,씨엘에스에이코리아증권(주),C23,파생상품계약_장외파생상품_주식관련거래,0,국내증권사,B,SF205,각주항목(09.06월 이후)
25299,202012,0011238,씨엘에스에이코리아증권(주),C24,파생상품계약_장외파생상품_신용관련거래,0,국내증권사,B,SF205,각주항목(09.06월 이후)
25300,202012,0011238,씨엘에스에이코리아증권(주),C25,파생상품계약_장외파생상품_기타,0,국내증권사,B,SF205,각주항목(09.06월 이후)
25301,202012,0011238,씨엘에스에이코리아증권(주),D,대차 및 대주거래,0,국내증권사,B,SF205,각주항목(09.06월 이후)
25302,202012,0011238,씨엘에스에이코리아증권(주),D1,대차 및 대주거래_대여증권,0,국내증권사,B,SF205,각주항목(09.06월 이후)
25303,202012,0011238,씨엘에스에이코리아증권(주),D2,대차 및 대주거래_차입증권,0,국내증권사,B,SF205,각주항목(09.06월 이후)
25304,202012,0011238,씨엘에스에이코리아증권(주),D3,대차 및 대주거래_신용거래대주,0,국내증권사,B,SF205,각주항목(09.06월 이후)
25305,202012,0011238,씨엘에스에이코리아증권(주),E,대손상각채권,0,국내증권사,B,SF205,각주항목(09.06월 이후)
25306,202012,0011238,씨엘에스에이코리아증권(주),F,환전업무 예치금,0,국내증권사,B,SF205,각주항목(09.06월 이후)
25307,202012,0011238,씨엘에스에이코리아증권(주),G,미배당별도예치금,0,국내증권사,B,SF205,각주항목(09.06월 이후)
25308,202012,0011238,씨엘에스에이코리아증권(주),H,배서어음매출(종금계정),0,국내증권사,B,SF205,각주항목(09.06월 이후)
25309,202012,0011238,씨엘에스에이코리아증권(주),H1,대출채권매매이익_담보부,0,국내증권사,B,SF205,각주항목(09.06월 이후)
25310,202012,0011238,씨엘에스에이코리아증권(주),H2,대출채권매매이익_무담보부,0,국내증권사,B,SF205,각주항목(09.06월 이후)
25311,202103,0011238,씨엘에스에이코리아증권(주),A,채무보증,0,국내증권사,B,SF205,각주항목(09.06월 이후)
25312,202103,0011238,씨엘에스에이코리아증권(주),A1,채무보증_지급보증,0,국내증권사,B,SF205,각주항목(09.06월 이후)
25313,202103,0011238,씨엘에스에이코리아증권(주),A2,채무보증_매입보장약정,0,국내증권사,B,SF205,각주항목(09.06월 이후)
25314,202103,0011238,씨엘에스에이코리아증권(주),A3,채무보증_채무인수약정,0,국내증권사,B,SF205,각주항목(09.06월 이후)
25315,202103,0011238,씨엘에스에이코리아증권(주),A5,채무보증_매입확약,0,국내증권사,B,SF205,각주항목(09.06월 이후)
25316,202103,0011238,씨엘에스에이코리아증권(주),A6,채무보증_기타,0,국내증권사,B,SF205,각주항목(09.06월 이후)
25317,202103,0011238,씨엘에스에이코리아증권(주),B,투자자의 예수증권 등,55736219800,국내증권사,B,SF205,각주항목(09.06월 이후)
25318,202103,0011238,씨엘에스에이코리아증권(주),B1,투자자의 예수증권 등_예수 증권,55736219800,국내증권사,B,SF205,각주항목(09.06월 이후)
25319,202103,0011238,씨엘에스에이코리아증권(주),B2,투자자의 예수증권 등_예수양도성예금증서,0,국내증권사,B,SF205,각주항목(09.06월 이후)
25320,202103,0011238,씨엘에스에이코리아증권(주),B3,투자자의 예수증권 등_기타,0,국내증권사,B,SF205,각주항목(09.06월 이후)
25321,202103,0011238,씨엘에스에이코리아증권(주),C,파생상품계약,0,국내증권사,B,SF205,각주항목(09.06월 이후)
25322,202103,0011238,씨엘에스에이코리아증권(주),C1,파생상품계약_장내파생상품,0,국내증권사,B,SF205,각주항목(09.06월 이후)
25323,202103,0011238,씨엘에스에이코리아증권(주),C11,파생상품계약_장내파생상품_이자율관련거래,0,국내증권사,B,SF205,각주항목(09.06월 이후)
25324,202103,0011238,씨엘에스에이코리아증권(주),C12,파생상품계약_장내파생상품_통화관련거래,0,국내증권사,B,SF205,각주항목(09.06월 이후)
25325,202103,0011238,씨엘에스에이코리아증권(주),C13,파생상품계약_장내파생상품_주식관련거래,0,국내증권사,B,SF205,각주항목(09.06월 이후)
25326,202103,0011238,씨엘에스에이코리아증권(주),C14,파생상품계약_장내파생상품_일반상품관련거래,0,국내증권사,B,SF205,각주항목(09.06월 이후)
25327,202103,0011238,씨엘에스에이코리아증권(주),C15,파생상품계약_장내파생상품_기타,0,국내증권사,B,SF205,각주항목(09.06월 이후)
25328,202103,0011238,씨엘에스에이코리아증권(주),C2,파생상품계약_장외파생상품,0,국내증권사,B,SF205,각주항목(09.06월 이후)
25329,202103,0011238,씨엘에스에이코리아증권(주),C21,파생상품계약_장외파생상품_이자율관련거래,0,국내증권사,B,SF205,각주항목(09.06월 이후)
25330,202103,0011238,씨엘에스에이코리아증권(주),C22,파생상품계약_장외파생상품_통화관련거래,0,국내증권사,B,SF205,각주항목(09.06월 이후)
25331,202103,0011238,씨엘에스에이코리아증권(주),C23,파생상품계약_장외파생상품_주식관련거래,0,국내증권사,B,SF205,각주항목(09.06월 이후)
25332,202103,0011238,씨엘에스에이코리아증권(주),C24,파생상품계약_장외파생상품_신용관련거래,0,국내증권사,B,SF205,각주항목(09.06월 이후)
25333,202103,0011238,씨엘에스에이코리아증권(주),C25,파생상품계약_장외파생상품_기타,0,국내증권사,B,SF205,각주항목(09.06월 이후)
25334,202103,0011238,씨엘에스에이코리아증권(주),D,대차 및 대주거래,0,국내증권사,B,SF205,각주항목(09.06월 이후)
25335,202103,0011238,씨엘에스에이코리아증권(주),D1,대차 및 대주거래_대여증권,0,국내증권사,B,SF205,각주항목(09.06월 이후)
25336,202103,0011238,씨엘에스에이코리아증권(주),D2,대차 및 대주거래_차입증권,0,국내증권사,B,SF205,각주항목(09.06월 이후)
25337,202103,0011238,씨엘에스에이코리아증권(주),D3,대차 및 대주거래_신용거래대주,0,국내증권사,B,SF205,각주항목(09.06월 이후)
25338,202103,0011238,씨엘에스에이코리아증권(주),E,대손상각채권,0,국내증권사,B,SF205,각주항목(09.06월 이후)
25339,202103,0011238,씨엘에스에이코리아증권(주),F,환전업무 예치금,0,국내증권사,B,SF205,각주항목(09.06월 이후)
25340,202103,0011238,씨엘에스에이코리아증권(주),G,미배당별도예치금,0,국내증권사,B,SF205,각주항목(09.06월 이후)
25341,202103,0011238,씨엘에스에이코리아증권(주),H,배서어음매출(종금계정),0,국내증권사,B,SF205,각주항목(09.06월 이후)
25342,202103,0011238,씨엘에스에이코리아증권(주),H1,대출채권매매이익_담보부,0,국내증권사,B,SF205,각주항목(09.06월 이후)
25343,202103,0011238,씨엘에스에이코리아증권(주),H2,대출채권매매이익_무담보부,0,국내증권사,B,SF205,각주항목(09.06월 이후)
25344,202106,0011238,씨엘에스에이코리아증권(주),A,채무보증,0,국내증권사,B,SF205,각주항목(09.06월 이후)
25345,202106,0011238,씨엘에스에이코리아증권(주),A1,채무보증_지급보증,0,국내증권사,B,SF205,각주항목(09.06월 이후)
25346,202106,0011238,씨엘에스에이코리아증권(주),A2,채무보증_매입보장약정,0,국내증권사,B,SF205,각주항목(09.06월 이후)
25347,202106,0011238,씨엘에스에이코리아증권(주),A3,채무보증_채무인수약정,0,국내증권사,B,SF205,각주항목(09.06월 이후)
25348,202106,0011238,씨엘에스에이코리아증권(주),A5,채무보증_매입확약,0,국내증권사,B,SF205,각주항목(09.06월 이후)
25349,202106,0011238,씨엘에스에이코리아증권(주),A6,채무보증_기타,0,국내증권사,B,SF205,각주항목(09.06월 이후)
25350,202106,0011238,씨엘에스에이코리아증권(주),B,투자자의 예수증권 등,63062588400,국내증권사,B,SF205,각주항목(09.06월 이후)
25351,202106,0011238,씨엘에스에이코리아증권(주),B1,투자자의 예수증권 등_예수 증권,63062588400,국내증권사,B,SF205,각주항목(09.06월 이후)
25352,202106,0011238,씨엘에스에이코리아증권(주),B2,투자자의 예수증권 등_예수양도성예금증서,0,국내증권사,B,SF205,각주항목(09.06월 이후)
25353,202106,0011238,씨엘에스에이코리아증권(주),B3,투자자의 예수증권 등_기타,0,국내증권사,B,SF205,각주항목(09.06월 이후)
25354,202106,0011238,씨엘에스에이코리아증권(주),C,파생상품계약,0,국내증권사,B,SF205,각주항목(09.06월 이후)
25355,202106,0011238,씨엘에스에이코리아증권(주),C1,파생상품계약_장내파생상품,0,국내증권사,B,SF205,각주항목(09.06월 이후)
25356,202106,0011238,씨엘에스에이코리아증권(주),C11,파생상품계약_장내파생상품_이자율관련거래,0,국내증권사,B,SF205,각주항목(09.06월 이후)
25357,202106,0011238,씨엘에스에이코리아증권(주),C12,파생상품계약_장내파생상품_통화관련거래,0,국내증권사,B,SF205,각주항목(09.06월 이후)
25358,202106,0011238,씨엘에스에이코리아증권(주),C13,파생상품계약_장내파생상품_주식관련거래,0,국내증권사,B,SF205,각주항목(09.06월 이후)
25359,202106,0011238,씨엘에스에이코리아증권(주),C14,파생상품계약_장내파생상품_일반상품관련거래,0,국내증권사,B,SF205,각주항목(09.06월 이후)
25360,202106,0011238,씨엘에스에이코리아증권(주),C15,파생상품계약_장내파생상품_기타,0,국내증권사,B,SF205,각주항목(09.06월 이후)
25361,202106,0011238,씨엘에스에이코리아증권(주),C2,파생상품계약_장외파생상품,0,국내증권사,B,SF205,각주항목(09.06월 이후)
25362,202106,0011238,씨엘에스에이코리아증권(주),C21,파생상품계약_장외파생상품_이자율관련거래,0,국내증권사,B,SF205,각주항목(09.06월 이후)
25363,202106,0011238,씨엘에스에이코리아증권(주),C22,파생상품계약_장외파생상품_통화관련거래,0,국내증권사,B,SF205,각주항목(09.06월 이후)
25364,202106,0011238,씨엘에스에이코리아증권(주),C23,파생상품계약_장외파생상품_주식관련거래,0,국내증권사,B,SF205,각주항목(09.06월 이후)
25365,202106,0011238,씨엘에스에이코리아증권(주),C24,파생상품계약_장외파생상품_신용관련거래,0,국내증권사,B,SF205,각주항목(09.06월 이후)
25366,202106,0011238,씨엘에스에이코리아증권(주),C25,파생상품계약_장외파생상품_기타,0,국내증권사,B,SF205,각주항목(09.06월 이후)
25367,202106,0011238,씨엘에스에이코리아증권(주),D,대차 및 대주거래,0,국내증권사,B,SF205,각주항목(09.06월 이후)
25368,202106,0011238,씨엘에스에이코리아증권(주),D1,대차 및 대주거래_대여증권,0,국내증권사,B,SF205,각주항목(09.06월 이후)
25369,202106,0011238,씨엘에스에이코리아증권(주),D2,대차 및 대주거래_차입증권,0,국내증권사,B,SF205,각주항목(09.06월 이후)
25370,202106,0011238,씨엘에스에이코리아증권(주),D3,대차 및 대주거래_신용거래대주,0,국내증권사,B,SF205,각주항목(09.06월 이후)
25371,202106,0011238,씨엘에스에이코리아증권(주),E,대손상각채권,0,국내증권사,B,SF205,각주항목(09.06월 이후)
25372,202106,0011238,씨엘에스에이코리아증권(주),F,환전업무 예치금,0,국내증권사,B,SF205,각주항목(09.06월 이후)
25373,202106,0011238,씨엘에스에이코리아증권(주),G,미배당별도예치금,0,국내증권사,B,SF205,각주항목(09.06월 이후)
25374,202106,0011238,씨엘에스에이코리아증권(주),H,배서어음매출(종금계정),0,국내증권사,B,SF205,각주항목(09.06월 이후)
25375,202106,0011238,씨엘에스에이코리아증권(주),H1,대출채권매매이익_담보부,0,국내증권사,B,SF205,각주항목(09.06월 이후)
25376,202106,0011238,씨엘에스에이코리아증권(주),H2,대출채권매매이익_무담보부,0,국내증권사,B,SF205,각주항목(09.06월 이후)
25377,202109,0011238,씨엘에스에이코리아증권(주),A,채무보증,0,국내증권사,B,SF205,각주항목(09.06월 이후)
25378,202109,0011238,씨엘에스에이코리아증권(주),A1,채무보증_지급보증,0,국내증권사,B,SF205,각주항목(09.06월 이후)
25379,202109,0011238,씨엘에스에이코리아증권(주),A2,채무보증_매입보장약정,0,국내증권사,B,SF205,각주항목(09.06월 이후)
25380,202109,0011238,씨엘에스에이코리아증권(주),A3,채무보증_채무인수약정,0,국내증권사,B,SF205,각주항목(09.06월 이후)
25381,202109,0011238,씨엘에스에이코리아증권(주),A5,채무보증_매입확약,0,국내증권사,B,SF205,각주항목(09.06월 이후)
25382,202109,0011238,씨엘에스에이코리아증권(주),A6,채무보증_기타,0,국내증권사,B,SF205,각주항목(09.06월 이후)
25383,202109,0011238,씨엘에스에이코리아증권(주),B,투자자의 예수증권 등,46769584200,국내증권사,B,SF205,각주항목(09.06월 이후)
25384,202109,0011238,씨엘에스에이코리아증권(주),B1,투자자의 예수증권 등_예수 증권,46769584200,국내증권사,B,SF205,각주항목(09.06월 이후)
25385,202109,0011238,씨엘에스에이코리아증권(주),B2,투자자의 예수증권 등_예수양도성예금증서,0,국내증권사,B,SF205,각주항목(09.06월 이후)
25386,202109,0011238,씨엘에스에이코리아증권(주),B3,투자자의 예수증권 등_기타,0,국내증권사,B,SF205,각주항목(09.06월 이후)
25387,202109,0011238,씨엘에스에이코리아증권(주),C,파생상품계약,0,국내증권사,B,SF205,각주항목(09.06월 이후)
25388,202109,0011238,씨엘에스에이코리아증권(주),C1,파생상품계약_장내파생상품,0,국내증권사,B,SF205,각주항목(09.06월 이후)
25389,202109,0011238,씨엘에스에이코리아증권(주),C11,파생상품계약_장내파생상품_이자율관련거래,0,국내증권사,B,SF205,각주항목(09.06월 이후)
25390,202109,0011238,씨엘에스에이코리아증권(주),C12,파생상품계약_장내파생상품_통화관련거래,0,국내증권사,B,SF205,각주항목(09.06월 이후)
25391,202109,0011238,씨엘에스에이코리아증권(주),C13,파생상품계약_장내파생상품_주식관련거래,0,국내증권사,B,SF205,각주항목(09.06월 이후)
25392,202109,0011238,씨엘에스에이코리아증권(주),C14,파생상품계약_장내파생상품_일반상품관련거래,0,국내증권사,B,SF205,각주항목(09.06월 이후)
25393,202109,0011238,씨엘에스에이코리아증권(주),C15,파생상품계약_장내파생상품_기타,0,국내증권사,B,SF205,각주항목(09.06월 이후)
25394,202109,0011238,씨엘에스에이코리아증권(주),C2,파생상품계약_장외파생상품,0,국내증권사,B,SF205,각주항목(09.06월 이후)
25395,202109,0011238,씨엘에스에이코리아증권(주),C21,파생상품계약_장외파생상품_이자율관련거래,0,국내증권사,B,SF205,각주항목(09.06월 이후)
25396,202109,0011238,씨엘에스에이코리아증권(주),C22,파생상품계약_장외파생상품_통화관련거래,0,국내증권사,B,SF205,각주항목(09.06월 이후)
25397,202109,0011238,씨엘에스에이코리아증권(주),C23,파생상품계약_장외파생상품_주식관련거래,0,국내증권사,B,SF205,각주항목(09.06월 이후)
25398,202109,0011238,씨엘에스에이코리아증권(주),C24,파생상품계약_장외파생상품_신용관련거래,0,국내증권사,B,SF205,각주항목(09.06월 이후)
25399,202109,0011238,씨엘에스에이코리아증권(주),C25,파생상품계약_장외파생상품_기타,0,국내증권사,B,SF205,각주항목(09.06월 이후)
25400,202109,0011238,씨엘에스에이코리아증권(주),D,대차 및 대주거래,0,국내증권사,B,SF205,각주항목(09.06월 이후)
25401,202109,0011238,씨엘에스에이코리아증권(주),D1,대차 및 대주거래_대여증권,0,국내증권사,B,SF205,각주항목(09.06월 이후)
25402,202109,0011238,씨엘에스에이코리아증권(주),D2,대차 및 대주거래_차입증권,0,국내증권사,B,SF205,각주항목(09.06월 이후)
25403,202109,0011238,씨엘에스에이코리아증권(주),D3,대차 및 대주거래_신용거래대주,0,국내증권사,B,SF205,각주항목(09.06월 이후)
25404,202109,0011238,씨엘에스에이코리아증권(주),E,대손상각채권,0,국내증권사,B,SF205,각주항목(09.06월 이후)
25405,202109,0011238,씨엘에스에이코리아증권(주),F,환전업무 예치금,0,국내증권사,B,SF205,각주항목(09.06월 이후)
25406,202109,0011238,씨엘에스에이코리아증권(주),G,미배당별도예치금,0,국내증권사,B,SF205,각주항목(09.06월 이후)
25407,202109,0011238,씨엘에스에이코리아증권(주),H,배서어음매출(종금계정),0,국내증권사,B,SF205,각주항목(09.06월 이후)
25408,202109,0011238,씨엘에스에이코리아증권(주),H1,대출채권매매이익_담보부,0,국내증권사,B,SF205,각주항목(09.06월 이후)
25409,202109,0011238,씨엘에스에이코리아증권(주),H2,대출채권매매이익_무담보부,0,국내증권사,B,SF205,각주항목(09.06월 이후)
25410,202112,0011238,씨엘에스에이코리아증권(주),A,채무보증,0,국내증권사,B,SF205,각주항목(09.06월 이후)
25411,202112,0011238,씨엘에스에이코리아증권(주),A1,채무보증_지급보증,0,국내증권사,B,SF205,각주항목(09.06월 이후)
25412,202112,0011238,씨엘에스에이코리아증권(주),A2,채무보증_매입보장약정,0,국내증권사,B,SF205,각주항목(09.06월 이후)
25413,202112,0011238,씨엘에스에이코리아증권(주),A3,채무보증_채무인수약정,0,국내증권사,B,SF205,각주항목(09.06월 이후)
25414,202112,0011238,씨엘에스에이코리아증권(주),A5,채무보증_매입확약,0,국내증권사,B,SF205,각주항목(09.06월 이후)
25415,202112,0011238,씨엘에스에이코리아증권(주),A6,채무보증_기타,0,국내증권사,B,SF205,각주항목(09.06월 이후)
25416,202112,0011238,씨엘에스에이코리아증권(주),B,투자자의 예수증권 등,48458349600,국내증권사,B,SF205,각주항목(09.06월 이후)
25417,202112,0011238,씨엘에스에이코리아증권(주),B1,투자자의 예수증권 등_예수 증권,48458349600,국내증권사,B,SF205,각주항목(09.06월 이후)
25418,202112,0011238,씨엘에스에이코리아증권(주),B2,투자자의 예수증권 등_예수양도성예금증서,0,국내증권사,B,SF205,각주항목(09.06월 이후)
25419,202112,0011238,씨엘에스에이코리아증권(주),B3,투자자의 예수증권 등_기타,0,국내증권사,B,SF205,각주항목(09.06월 이후)
25420,202112,0011238,씨엘에스에이코리아증권(주),C,파생상품계약,0,국내증권사,B,SF205,각주항목(09.06월 이후)
25421,202112,0011238,씨엘에스에이코리아증권(주),C1,파생상품계약_장내파생상품,0,국내증권사,B,SF205,각주항목(09.06월 이후)
25422,202112,0011238,씨엘에스에이코리아증권(주),C11,파생상품계약_장내파생상품_이자율관련거래,0,국내증권사,B,SF205,각주항목(09.06월 이후)
25423,202112,0011238,씨엘에스에이코리아증권(주),C12,파생상품계약_장내파생상품_통화관련거래,0,국내증권사,B,SF205,각주항목(09.06월 이후)
25424,202112,0011238,씨엘에스에이코리아증권(주),C13,파생상품계약_장내파생상품_주식관련거래,0,국내증권사,B,SF205,각주항목(09.06월 이후)
25425,202112,0011238,씨엘에스에이코리아증권(주),C14,파생상품계약_장내파생상품_일반상품관련거래,0,국내증권사,B,SF205,각주항목(09.06월 이후)
25426,202112,0011238,씨엘에스에이코리아증권(주),C15,파생상품계약_장내파생상품_기타,0,국내증권사,B,SF205,각주항목(09.06월 이후)
25427,202112,0011238,씨엘에스에이코리아증권(주),C2,파생상품계약_장외파생상품,0,국내증권사,B,SF205,각주항목(09.06월 이후)
25428,202112,0011238,씨엘에스에이코리아증권(주),C21,파생상품계약_장외파생상품_이자율관련거래,0,국내증권사,B,SF205,각주항목(09.06월 이후)
25429,202112,0011238,씨엘에스에이코리아증권(주),C22,파생상품계약_장외파생상품_통화관련거래,0,국내증권사,B,SF205,각주항목(09.06월 이후)
25430,202112,0011238,씨엘에스에이코리아증권(주),C23,파생상품계약_장외파생상품_주식관련거래,0,국내증권사,B,SF205,각주항목(09.06월 이후)
25431,202112,0011238,씨엘에스에이코리아증권(주),C24,파생상품계약_장외파생상품_신용관련거래,0,국내증권사,B,SF205,각주항목(09.06월 이후)
25432,202112,0011238,씨엘에스에이코리아증권(주),C25,파생상품계약_장외파생상품_기타,0,국내증권사,B,SF205,각주항목(09.06월 이후)
25433,202112,0011238,씨엘에스에이코리아증권(주),D,대차 및 대주거래,0,국내증권사,B,SF205,각주항목(09.06월 이후)
25434,202112,0011238,씨엘에스에이코리아증권(주),D1,대차 및 대주거래_대여증권,0,국내증권사,B,SF205,각주항목(09.06월 이후)
25435,202112,0011238,씨엘에스에이코리아증권(주),D2,대차 및 대주거래_차입증권,0,국내증권사,B,SF205,각주항목(09.06월 이후)
25436,202112,0011238,씨엘에스에이코리아증권(주),D3,대차 및 대주거래_신용거래대주,0,국내증권사,B,SF205,각주항목(09.06월 이후)
25437,202112,0011238,씨엘에스에이코리아증권(주),E,대손상각채권,0,국내증권사,B,SF205,각주항목(09.06월 이후)
25438,202112,0011238,씨엘에스에이코리아증권(주),F,환전업무 예치금,0,국내증권사,B,SF205,각주항목(09.06월 이후)
25439,202112,0011238,씨엘에스에이코리아증권(주),G,미배당별도예치금,0,국내증권사,B,SF205,각주항목(09.06월 이후)
25440,202112,0011238,씨엘에스에이코리아증권(주),H,배서어음매출(종금계정),0,국내증권사,B,SF205,각주항목(09.06월 이후)
25441,202112,0011238,씨엘에스에이코리아증권(주),H1,대출채권매매이익_담보부,0,국내증권사,B,SF205,각주항목(09.06월 이후)
25442,202112,0011238,씨엘에스에이코리아증권(주),H2,대출채권매매이익_무담보부,0,국내증권사,B,SF205,각주항목(09.06월 이후)
25443,202203,0011238,씨엘에스에이코리아증권(주),A,채무보증,0,국내증권사,B,SF205,각주항목(09.06월 이후)
25444,202203,0011238,씨엘에스에이코리아증권(주),A1,채무보증_지급보증,0,국내증권사,B,SF205,각주항목(09.06월 이후)
25445,202203,0011238,씨엘에스에이코리아증권(주),A2,채무보증_매입보장약정,0,국내증권사,B,SF205,각주항목(09.06월 이후)
25446,202203,0011238,씨엘에스에이코리아증권(주),A3,채무보증_채무인수약정,0,국내증권사,B,SF205,각주항목(09.06월 이후)
25447,202203,0011238,씨엘에스에이코리아증권(주),A5,채무보증_매입확약,0,국내증권사,B,SF205,각주항목(09.06월 이후)
25448,202203,0011238,씨엘에스에이코리아증권(주),A6,채무보증_기타,0,국내증권사,B,SF205,각주항목(09.06월 이후)
25449,202203,0011238,씨엘에스에이코리아증권(주),B,투자자의 예수증권 등,38449284700,국내증권사,B,SF205,각주항목(09.06월 이후)
25450,202203,0011238,씨엘에스에이코리아증권(주),B1,투자자의 예수증권 등_예수 증권,38449284700,국내증권사,B,SF205,각주항목(09.06월 이후)
25451,202203,0011238,씨엘에스에이코리아증권(주),B2,투자자의 예수증권 등_예수양도성예금증서,0,국내증권사,B,SF205,각주항목(09.06월 이후)
25452,202203,0011238,씨엘에스에이코리아증권(주),B3,투자자의 예수증권 등_기타,0,국내증권사,B,SF205,각주항목(09.06월 이후)
25453,202203,0011238,씨엘에스에이코리아증권(주),C,파생상품계약,0,국내증권사,B,SF205,각주항목(09.06월 이후)
25454,202203,0011238,씨엘에스에이코리아증권(주),C1,파생상품계약_장내파생상품,0,국내증권사,B,SF205,각주항목(09.06월 이후)
25455,202203,0011238,씨엘에스에이코리아증권(주),C11,파생상품계약_장내파생상품_이자율관련거래,0,국내증권사,B,SF205,각주항목(09.06월 이후)
25456,202203,0011238,씨엘에스에이코리아증권(주),C12,파생상품계약_장내파생상품_통화관련거래,0,국내증권사,B,SF205,각주항목(09.06월 이후)
25457,202203,0011238,씨엘에스에이코리아증권(주),C13,파생상품계약_장내파생상품_주식관련거래,0,국내증권사,B,SF205,각주항목(09.06월 이후)
25458,202203,0011238,씨엘에스에이코리아증권(주),C14,파생상품계약_장내파생상품_일반상품관련거래,0,국내증권사,B,SF205,각주항목(09.06월 이후)
25459,202203,0011238,씨엘에스에이코리아증권(주),C15,파생상품계약_장내파생상품_기타,0,국내증권사,B,SF205,각주항목(09.06월 이후)
25460,202203,0011238,씨엘에스에이코리아증권(주),C2,파생상품계약_장외파생상품,0,국내증권사,B,SF205,각주항목(09.06월 이후)
25461,202203,0011238,씨엘에스에이코리아증권(주),C21,파생상품계약_장외파생상품_이자율관련거래,0,국내증권사,B,SF205,각주항목(09.06월 이후)
25462,202203,0011238,씨엘에스에이코리아증권(주),C22,파생상품계약_장외파생상품_통화관련거래,0,국내증권사,B,SF205,각주항목(09.06월 이후)
25463,202203,0011238,씨엘에스에이코리아증권(주),C23,파생상품계약_장외파생상품_주식관련거래,0,국내증권사,B,SF205,각주항목(09.06월 이후)
25464,202203,0011238,씨엘에스에이코리아증권(주),C24,파생상품계약_장외파생상품_신용관련거래,0,국내증권사,B,SF205,각주항목(09.06월 이후)
25465,202203,0011238,씨엘에스에이코리아증권(주),C25,파생상품계약_장외파생상품_기타,0,국내증권사,B,SF205,각주항목(09.06월 이후)
25466,202203,0011238,씨엘에스에이코리아증권(주),D,대차 및 대주거래,0,국내증권사,B,SF205,각주항목(09.06월 이후)
25467,202203,0011238,씨엘에스에이코리아증권(주),D1,대차 및 대주거래_대여증권,0,국내증권사,B,SF205,각주항목(09.06월 이후)
25468,202203,0011238,씨엘에스에이코리아증권(주),D2,대차 및 대주거래_차입증권,0,국내증권사,B,SF205,각주항목(09.06월 이후)
25469,202203,0011238,씨엘에스에이코리아증권(주),D3,대차 및 대주거래_신용거래대주,0,국내증권사,B,SF205,각주항목(09.06월 이후)
25470,202203,0011238,씨엘에스에이코리아증권(주),E,대손상각채권,0,국내증권사,B,SF205,각주항목(09.06월 이후)
25471,202203,0011238,씨엘에스에이코리아증권(주),F,환전업무 예치금,0,국내증권사,B,SF205,각주항목(09.06월 이후)
25472,202203,0011238,씨엘에스에이코리아증권(주),G,미배당별도예치금,0,국내증권사,B,SF205,각주항목(09.06월 이후)
25473,202203,0011238,씨엘에스에이코리아증권(주),H,배서어음매출(종금계정),0,국내증권사,B,SF205,각주항목(09.06월 이후)
25474,202203,0011238,씨엘에스에이코리아증권(주),H1,대출채권매매이익_담보부,0,국내증권사,B,SF205,각주항목(09.06월 이후)
25475,202203,0011238,씨엘에스에이코리아증권(주),H2,대출채권매매이익_무담보부,0,국내증권사,B,SF205,각주항목(09.06월 이후)
25476,202206,0011238,씨엘에스에이코리아증권(주),A,채무보증,0,국내증권사,B,SF205,각주항목(09.06월 이후)
25477,202206,0011238,씨엘에스에이코리아증권(주),A1,채무보증_지급보증,0,국내증권사,B,SF205,각주항목(09.06월 이후)
25478,202206,0011238,씨엘에스에이코리아증권(주),A2,채무보증_매입보장약정,0,국내증권사,B,SF205,각주항목(09.06월 이후)
25479,202206,0011238,씨엘에스에이코리아증권(주),A3,채무보증_채무인수약정,0,국내증권사,B,SF205,각주항목(09.06월 이후)
25480,202206,0011238,씨엘에스에이코리아증권(주),A5,채무보증_매입확약,0,국내증권사,B,SF205,각주항목(09.06월 이후)
25481,202206,0011238,씨엘에스에이코리아증권(주),A6,채무보증_기타,0,국내증권사,B,SF205,각주항목(09.06월 이후)
25482,202206,0011238,씨엘에스에이코리아증권(주),B,투자자의 예수증권 등,18346181000,국내증권사,B,SF205,각주항목(09.06월 이후)
25483,202206,0011238,씨엘에스에이코리아증권(주),B1,투자자의 예수증권 등_예수 증권,18346181000,국내증권사,B,SF205,각주항목(09.06월 이후)
25484,202206,0011238,씨엘에스에이코리아증권(주),B2,투자자의 예수증권 등_예수양도성예금증서,0,국내증권사,B,SF205,각주항목(09.06월 이후)
25485,202206,0011238,씨엘에스에이코리아증권(주),B3,투자자의 예수증권 등_기타,0,국내증권사,B,SF205,각주항목(09.06월 이후)
25486,202206,0011238,씨엘에스에이코리아증권(주),C,파생상품계약,0,국내증권사,B,SF205,각주항목(09.06월 이후)
25487,202206,0011238,씨엘에스에이코리아증권(주),C1,파생상품계약_장내파생상품,0,국내증권사,B,SF205,각주항목(09.06월 이후)
25488,202206,0011238,씨엘에스에이코리아증권(주),C11,파생상품계약_장내파생상품_이자율관련거래,0,국내증권사,B,SF205,각주항목(09.06월 이후)
25489,202206,0011238,씨엘에스에이코리아증권(주),C12,파생상품계약_장내파생상품_통화관련거래,0,국내증권사,B,SF205,각주항목(09.06월 이후)
25490,202206,0011238,씨엘에스에이코리아증권(주),C13,파생상품계약_장내파생상품_주식관련거래,0,국내증권사,B,SF205,각주항목(09.06월 이후)
25491,202206,0011238,씨엘에스에이코리아증권(주),C14,파생상품계약_장내파생상품_일반상품관련거래,0,국내증권사,B,SF205,각주항목(09.06월 이후)
25492,202206,0011238,씨엘에스에이코리아증권(주),C15,파생상품계약_장내파생상품_기타,0,국내증권사,B,SF205,각주항목(09.06월 이후)
25493,202206,0011238,씨엘에스에이코리아증권(주),C2,파생상품계약_장외파생상품,0,국내증권사,B,SF205,각주항목(09.06월 이후)
25494,202206,0011238,씨엘에스에이코리아증권(주),C21,파생상품계약_장외파생상품_이자율관련거래,0,국내증권사,B,SF205,각주항목(09.06월 이후)
25495,202206,0011238,씨엘에스에이코리아증권(주),C22,파생상품계약_장외파생상품_통화관련거래,0,국내증권사,B,SF205,각주항목(09.06월 이후)
25496,202206,0011238,씨엘에스에이코리아증권(주),C23,파생상품계약_장외파생상품_주식관련거래,0,국내증권사,B,SF205,각주항목(09.06월 이후)
25497,202206,0011238,씨엘에스에이코리아증권(주),C24,파생상품계약_장외파생상품_신용관련거래,0,국내증권사,B,SF205,각주항목(09.06월 이후)
25498,202206,0011238,씨엘에스에이코리아증권(주),C25,파생상품계약_장외파생상품_기타,0,국내증권사,B,SF205,각주항목(09.06월 이후)
25499,202206,0011238,씨엘에스에이코리아증권(주),D,대차 및 대주거래,0,국내증권사,B,SF205,각주항목(09.06월 이후)
25500,202206,0011238,씨엘에스에이코리아증권(주),D1,대차 및 대주거래_대여증권,0,국내증권사,B,SF205,각주항목(09.06월 이후)
25501,202206,0011238,씨엘에스에이코리아증권(주),D2,대차 및 대주거래_차입증권,0,국내증권사,B,SF205,각주항목(09.06월 이후)
25502,202206,0011238,씨엘에스에이코리아증권(주),D3,대차 및 대주거래_신용거래대주,0,국내증권사,B,SF205,각주항목(09.06월 이후)
25503,202206,0011238,씨엘에스에이코리아증권(주),E,대손상각채권,0,국내증권사,B,SF205,각주항목(09.06월 이후)
25504,202206,0011238,씨엘에스에이코리아증권(주),F,환전업무 예치금,0,국내증권사,B,SF205,각주항목(09.06월 이후)
25505,202206,0011238,씨엘에스에이코리아증권(주),G,미배당별도예치금,0,국내증권사,B,SF205,각주항목(09.06월 이후)
25506,202206,0011238,씨엘에스에이코리아증권(주),H,배서어음매출(종금계정),0,국내증권사,B,SF205,각주항목(09.06월 이후)
25507,202206,0011238,씨엘에스에이코리아증권(주),H1,대출채권매매이익_담보부,0,국내증권사,B,SF205,각주항목(09.06월 이후)
25508,202206,0011238,씨엘에스에이코리아증권(주),H2,대출채권매매이익_무담보부,0,국내증권사,B,SF205,각주항목(09.06월 이후)
25509,202209,0011238,씨엘에스에이코리아증권(주),A,채무보증,0,국내증권사,B,SF205,각주항목(09.06월 이후)
25510,202209,0011238,씨엘에스에이코리아증권(주),A1,채무보증_지급보증,0,국내증권사,B,SF205,각주항목(09.06월 이후)
25511,202209,0011238,씨엘에스에이코리아증권(주),A2,채무보증_매입보장약정,0,국내증권사,B,SF205,각주항목(09.06월 이후)
25512,202209,0011238,씨엘에스에이코리아증권(주),A3,채무보증_채무인수약정,0,국내증권사,B,SF205,각주항목(09.06월 이후)
25513,202209,0011238,씨엘에스에이코리아증권(주),A5,채무보증_매입확약,0,국내증권사,B,SF205,각주항목(09.06월 이후)
25514,202209,0011238,씨엘에스에이코리아증권(주),A6,채무보증_기타,0,국내증권사,B,SF205,각주항목(09.06월 이후)
25515,202209,0011238,씨엘에스에이코리아증권(주),B,투자자의 예수증권 등,7150680000,국내증권사,B,SF205,각주항목(09.06월 이후)
25516,202209,0011238,씨엘에스에이코리아증권(주),B1,투자자의 예수증권 등_예수 증권,7150680000,국내증권사,B,SF205,각주항목(09.06월 이후)
25517,202209,0011238,씨엘에스에이코리아증권(주),B2,투자자의 예수증권 등_예수양도성예금증서,0,국내증권사,B,SF205,각주항목(09.06월 이후)
25518,202209,0011238,씨엘에스에이코리아증권(주),B3,투자자의 예수증권 등_기타,0,국내증권사,B,SF205,각주항목(09.06월 이후)
25519,202209,0011238,씨엘에스에이코리아증권(주),C,파생상품계약,0,국내증권사,B,SF205,각주항목(09.06월 이후)
25520,202209,0011238,씨엘에스에이코리아증권(주),C1,파생상품계약_장내파생상품,0,국내증권사,B,SF205,각주항목(09.06월 이후)
25521,202209,0011238,씨엘에스에이코리아증권(주),C11,파생상품계약_장내파생상품_이자율관련거래,0,국내증권사,B,SF205,각주항목(09.06월 이후)
25522,202209,0011238,씨엘에스에이코리아증권(주),C12,파생상품계약_장내파생상품_통화관련거래,0,국내증권사,B,SF205,각주항목(09.06월 이후)
25523,202209,0011238,씨엘에스에이코리아증권(주),C13,파생상품계약_장내파생상품_주식관련거래,0,국내증권사,B,SF205,각주항목(09.06월 이후)
25524,202209,0011238,씨엘에스에이코리아증권(주),C14,파생상품계약_장내파생상품_일반상품관련거래,0,국내증권사,B,SF205,각주항목(09.06월 이후)
25525,202209,0011238,씨엘에스에이코리아증권(주),C15,파생상품계약_장내파생상품_기타,0,국내증권사,B,SF205,각주항목(09.06월 이후)
25526,202209,0011238,씨엘에스에이코리아증권(주),C2,파생상품계약_장외파생상품,0,국내증권사,B,SF205,각주항목(09.06월 이후)
25527,202209,0011238,씨엘에스에이코리아증권(주),C21,파생상품계약_장외파생상품_이자율관련거래,0,국내증권사,B,SF205,각주항목(09.06월 이후)
25528,202209,0011238,씨엘에스에이코리아증권(주),C22,파생상품계약_장외파생상품_통화관련거래,0,국내증권사,B,SF205,각주항목(09.06월 이후)
25529,202209,0011238,씨엘에스에이코리아증권(주),C23,파생상품계약_장외파생상품_주식관련거래,0,국내증권사,B,SF205,각주항목(09.06월 이후)
25530,202209,0011238,씨엘에스에이코리아증권(주),C24,파생상품계약_장외파생상품_신용관련거래,0,국내증권사,B,SF205,각주항목(09.06월 이후)
25531,202209,0011238,씨엘에스에이코리아증권(주),C25,파생상품계약_장외파생상품_기타,0,국내증권사,B,SF205,각주항목(09.06월 이후)
25532,202209,0011238,씨엘에스에이코리아증권(주),D,대차 및 대주거래,0,국내증권사,B,SF205,각주항목(09.06월 이후)
25533,202209,0011238,씨엘에스에이코리아증권(주),D1,대차 및 대주거래_대여증권,0,국내증권사,B,SF205,각주항목(09.06월 이후)
25534,202209,0011238,씨엘에스에이코리아증권(주),D2,대차 및 대주거래_차입증권,0,국내증권사,B,SF205,각주항목(09.06월 이후)
25535,202209,0011238,씨엘에스에이코리아증권(주),D3,대차 및 대주거래_신용거래대주,0,국내증권사,B,SF205,각주항목(09.06월 이후)
25536,202209,0011238,씨엘에스에이코리아증권(주),E,대손상각채권,0,국내증권사,B,SF205,각주항목(09.06월 이후)
25537,202209,0011238,씨엘에스에이코리아증권(주),F,환전업무 예치금,0,국내증권사,B,SF205,각주항목(09.06월 이후)
25538,202209,0011238,씨엘에스에이코리아증권(주),G,미배당별도예치금,0,국내증권사,B,SF205,각주항목(09.06월 이후)
25539,202209,0011238,씨엘에스에이코리아증권(주),H,배서어음매출(종금계정),0,국내증권사,B,SF205,각주항목(09.06월 이후)
25540,202209,0011238,씨엘에스에이코리아증권(주),H1,대출채권매매이익_담보부,0,국내증권사,B,SF205,각주항목(09.06월 이후)
25541,202209,0011238,씨엘에스에이코리아증권(주),H2,대출채권매매이익_무담보부,0,국내증권사,B,SF205,각주항목(09.06월 이후)
25542,202212,0011238,씨엘에스에이코리아증권(주),A,채무보증,0,국내증권사,B,SF205,각주항목(09.06월 이후)
25543,202212,0011238,씨엘에스에이코리아증권(주),A1,채무보증_지급보증,0,국내증권사,B,SF205,각주항목(09.06월 이후)
25544,202212,0011238,씨엘에스에이코리아증권(주),A2,채무보증_매입보장약정,0,국내증권사,B,SF205,각주항목(09.06월 이후)
25545,202212,0011238,씨엘에스에이코리아증권(주),A3,채무보증_채무인수약정,0,국내증권사,B,SF205,각주항목(09.06월 이후)
25546,202212,0011238,씨엘에스에이코리아증권(주),A5,채무보증_매입확약,0,국내증권사,B,SF205,각주항목(09.06월 이후)
25547,202212,0011238,씨엘에스에이코리아증권(주),A6,채무보증_기타,0,국내증권사,B,SF205,각주항목(09.06월 이후)
25548,202212,0011238,씨엘에스에이코리아증권(주),B,투자자의 예수증권 등,4643850000,국내증권사,B,SF205,각주항목(09.06월 이후)
25549,202212,0011238,씨엘에스에이코리아증권(주),B1,투자자의 예수증권 등_예수 증권,4643850000,국내증권사,B,SF205,각주항목(09.06월 이후)
25550,202212,0011238,씨엘에스에이코리아증권(주),B2,투자자의 예수증권 등_예수양도성예금증서,0,국내증권사,B,SF205,각주항목(09.06월 이후)
25551,202212,0011238,씨엘에스에이코리아증권(주),B3,투자자의 예수증권 등_기타,0,국내증권사,B,SF205,각주항목(09.06월 이후)
25552,202212,0011238,씨엘에스에이코리아증권(주),C,파생상품계약,0,국내증권사,B,SF205,각주항목(09.06월 이후)
25553,202212,0011238,씨엘에스에이코리아증권(주),C1,파생상품계약_장내파생상품,0,국내증권사,B,SF205,각주항목(09.06월 이후)
25554,202212,0011238,씨엘에스에이코리아증권(주),C11,파생상품계약_장내파생상품_이자율관련거래,0,국내증권사,B,SF205,각주항목(09.06월 이후)
25555,202212,0011238,씨엘에스에이코리아증권(주),C12,파생상품계약_장내파생상품_통화관련거래,0,국내증권사,B,SF205,각주항목(09.06월 이후)
25556,202212,0011238,씨엘에스에이코리아증권(주),C13,파생상품계약_장내파생상품_주식관련거래,0,국내증권사,B,SF205,각주항목(09.06월 이후)
25557,202212,0011238,씨엘에스에이코리아증권(주),C14,파생상품계약_장내파생상품_일반상품관련거래,0,국내증권사,B,SF205,각주항목(09.06월 이후)
25558,202212,0011238,씨엘에스에이코리아증권(주),C15,파생상품계약_장내파생상품_기타,0,국내증권사,B,SF205,각주항목(09.06월 이후)
25559,202212,0011238,씨엘에스에이코리아증권(주),C2,파생상품계약_장외파생상품,0,국내증권사,B,SF205,각주항목(09.06월 이후)
25560,202212,0011238,씨엘에스에이코리아증권(주),C21,파생상품계약_장외파생상품_이자율관련거래,0,국내증권사,B,SF205,각주항목(09.06월 이후)
25561,202212,0011238,씨엘에스에이코리아증권(주),C22,파생상품계약_장외파생상품_통화관련거래,0,국내증권사,B,SF205,각주항목(09.06월 이후)
25562,202212,0011238,씨엘에스에이코리아증권(주),C23,파생상품계약_장외파생상품_주식관련거래,0,국내증권사,B,SF205,각주항목(09.06월 이후)
25563,202212,0011238,씨엘에스에이코리아증권(주),C24,파생상품계약_장외파생상품_신용관련거래,0,국내증권사,B,SF205,각주항목(09.06월 이후)
25564,202212,0011238,씨엘에스에이코리아증권(주),C25,파생상품계약_장외파생상품_기타,0,국내증권사,B,SF205,각주항목(09.06월 이후)
25565,202212,0011238,씨엘에스에이코리아증권(주),D,대차 및 대주거래,0,국내증권사,B,SF205,각주항목(09.06월 이후)
25566,202212,0011238,씨엘에스에이코리아증권(주),D1,대차 및 대주거래_대여증권,0,국내증권사,B,SF205,각주항목(09.06월 이후)
25567,202212,0011238,씨엘에스에이코리아증권(주),D2,대차 및 대주거래_차입증권,0,국내증권사,B,SF205,각주항목(09.06월 이후)
25568,202212,0011238,씨엘에스에이코리아증권(주),D3,대차 및 대주거래_신용거래대주,0,국내증권사,B,SF205,각주항목(09.06월 이후)
25569,202212,0011238,씨엘에스에이코리아증권(주),E,대손상각채권,0,국내증권사,B,SF205,각주항목(09.06월 이후)
25570,202212,0011238,씨엘에스에이코리아증권(주),F,환전업무 예치금,0,국내증권사,B,SF205,각주항목(09.06월 이후)
25571,202212,0011238,씨엘에스에이코리아증권(주),G,미배당별도예치금,0,국내증권사,B,SF205,각주항목(09.06월 이후)
25572,202212,0011238,씨엘에스에이코리아증권(주),H,배서어음매출(종금계정),0,국내증권사,B,SF205,각주항목(09.06월 이후)
25573,202212,0011238,씨엘에스에이코리아증권(주),H1,대출채권매매이익_담보부,0,국내증권사,B,SF205,각주항목(09.06월 이후)
25574,202212,0011238,씨엘에스에이코리아증권(주),H2,대출채권매매이익_무담보부,0,국내증권사,B,SF205,각주항목(09.06월 이후)
25575,202303,0011238,씨엘에스에이코리아증권(주),A,채무보증,0,국내증권사,B,SF205,각주항목(09.06월 이후)
25576,202303,0011238,씨엘에스에이코리아증권(주),A1,채무보증_지급보증,0,국내증권사,B,SF205,각주항목(09.06월 이후)
25577,202303,0011238,씨엘에스에이코리아증권(주),A2,채무보증_매입보장약정,0,국내증권사,B,SF205,각주항목(09.06월 이후)
25578,202303,0011238,씨엘에스에이코리아증권(주),A3,채무보증_채무인수약정,0,국내증권사,B,SF205,각주항목(09.06월 이후)
25579,202303,0011238,씨엘에스에이코리아증권(주),A5,채무보증_매입확약,0,국내증권사,B,SF205,각주항목(09.06월 이후)
25580,202303,0011238,씨엘에스에이코리아증권(주),A6,채무보증_기타,0,국내증권사,B,SF205,각주항목(09.06월 이후)
25581,202303,0011238,씨엘에스에이코리아증권(주),B,투자자의 예수증권 등,5975676000,국내증권사,B,SF205,각주항목(09.06월 이후)
25582,202303,0011238,씨엘에스에이코리아증권(주),B1,투자자의 예수증권 등_예수 증권,5975676000,국내증권사,B,SF205,각주항목(09.06월 이후)
25583,202303,0011238,씨엘에스에이코리아증권(주),B2,투자자의 예수증권 등_예수양도성예금증서,0,국내증권사,B,SF205,각주항목(09.06월 이후)
25584,202303,0011238,씨엘에스에이코리아증권(주),B3,투자자의 예수증권 등_기타,0,국내증권사,B,SF205,각주항목(09.06월 이후)
25585,202303,0011238,씨엘에스에이코리아증권(주),C,파생상품계약,0,국내증권사,B,SF205,각주항목(09.06월 이후)
25586,202303,0011238,씨엘에스에이코리아증권(주),C1,파생상품계약_장내파생상품,0,국내증권사,B,SF205,각주항목(09.06월 이후)
25587,202303,0011238,씨엘에스에이코리아증권(주),C11,파생상품계약_장내파생상품_이자율관련거래,0,국내증권사,B,SF205,각주항목(09.06월 이후)
25588,202303,0011238,씨엘에스에이코리아증권(주),C12,파생상품계약_장내파생상품_통화관련거래,0,국내증권사,B,SF205,각주항목(09.06월 이후)
25589,202303,0011238,씨엘에스에이코리아증권(주),C13,파생상품계약_장내파생상품_주식관련거래,0,국내증권사,B,SF205,각주항목(09.06월 이후)
25590,202303,0011238,씨엘에스에이코리아증권(주),C14,파생상품계약_장내파생상품_일반상품관련거래,0,국내증권사,B,SF205,각주항목(09.06월 이후)
25591,202303,0011238,씨엘에스에이코리아증권(주),C15,파생상품계약_장내파생상품_기타,0,국내증권사,B,SF205,각주항목(09.06월 이후)
25592,202303,0011238,씨엘에스에이코리아증권(주),C2,파생상품계약_장외파생상품,0,국내증권사,B,SF205,각주항목(09.06월 이후)
25593,202303,0011238,씨엘에스에이코리아증권(주),C21,파생상품계약_장외파생상품_이자율관련거래,0,국내증권사,B,SF205,각주항목(09.06월 이후)
25594,202303,0011238,씨엘에스에이코리아증권(주),C22,파생상품계약_장외파생상품_통화관련거래,0,국내증권사,B,SF205,각주항목(09.06월 이후)
25595,202303,0011238,씨엘에스에이코리아증권(주),C23,파생상품계약_장외파생상품_주식관련거래,0,국내증권사,B,SF205,각주항목(09.06월 이후)
25596,202303,0011238,씨엘에스에이코리아증권(주),C24,파생상품계약_장외파생상품_신용관련거래,0,국내증권사,B,SF205,각주항목(09.06월 이후)
25597,202303,0011238,씨엘에스에이코리아증권(주),C25,파생상품계약_장외파생상품_기타,0,국내증권사,B,SF205,각주항목(09.06월 이후)
25598,202303,0011238,씨엘에스에이코리아증권(주),D,대차 및 대주거래,0,국내증권사,B,SF205,각주항목(09.06월 이후)
25599,202303,0011238,씨엘에스에이코리아증권(주),D1,대차 및 대주거래_대여증권,0,국내증권사,B,SF205,각주항목(09.06월 이후)
25600,202303,0011238,씨엘에스에이코리아증권(주),D2,대차 및 대주거래_차입증권,0,국내증권사,B,SF205,각주항목(09.06월 이후)
25601,202303,0011238,씨엘에스에이코리아증권(주),D3,대차 및 대주거래_신용거래대주,0,국내증권사,B,SF205,각주항목(09.06월 이후)
25602,202303,0011238,씨엘에스에이코리아증권(주),E,대손상각채권,0,국내증권사,B,SF205,각주항목(09.06월 이후)
25603,202303,0011238,씨엘에스에이코리아증권(주),F,환전업무 예치금,0,국내증권사,B,SF205,각주항목(09.06월 이후)
25604,202303,0011238,씨엘에스에이코리아증권(주),G,미배당별도예치금,0,국내증권사,B,SF205,각주항목(09.06월 이후)
25605,202303,0011238,씨엘에스에이코리아증권(주),H,배서어음매출(종금계정),0,국내증권사,B,SF205,각주항목(09.06월 이후)
25606,202303,0011238,씨엘에스에이코리아증권(주),H1,대출채권매매이익_담보부,0,국내증권사,B,SF205,각주항목(09.06월 이후)
25607,202303,0011238,씨엘에스에이코리아증권(주),H2,대출채권매매이익_무담보부,0,국내증권사,B,SF205,각주항목(09.06월 이후)
25608,202306,0011238,씨엘에스에이코리아증권(주),A,채무보증,0,국내증권사,B,SF205,각주항목(09.06월 이후)
25609,202306,0011238,씨엘에스에이코리아증권(주),A1,채무보증_지급보증,0,국내증권사,B,SF205,각주항목(09.06월 이후)
25610,202306,0011238,씨엘에스에이코리아증권(주),A2,채무보증_매입보장약정, ,국내증권사,B,SF205,각주항목(09.06월 이후)
25611,202306,0011238,씨엘에스에이코리아증권(주),A3,채무보증_채무인수약정, ,국내증권사,B,SF205,각주항목(09.06월 이후)
25612,202306,0011238,씨엘에스에이코리아증권(주),A5,채무보증_매입확약,0,국내증권사,B,SF205,각주항목(09.06월 이후)
25613,202306,0011238,씨엘에스에이코리아증권(주),A6,채무보증_기타, ,국내증권사,B,SF205,각주항목(09.06월 이후)
25614,202306,0011238,씨엘에스에이코리아증권(주),B,투자자의 예수증권 등,6679926000,국내증권사,B,SF205,각주항목(09.06월 이후)
25615,202306,0011238,씨엘에스에이코리아증권(주),B1,투자자의 예수증권 등_예수 증권,6679926000,국내증권사,B,SF205,각주항목(09.06월 이후)
25616,202306,0011238,씨엘에스에이코리아증권(주),B2,투자자의 예수증권 등_예수양도성예금증서, ,국내증권사,B,SF205,각주항목(09.06월 이후)
25617,202306,0011238,씨엘에스에이코리아증권(주),B3,투자자의 예수증권 등_기타, ,국내증권사,B,SF205,각주항목(09.06월 이후)
25618,202306,0011238,씨엘에스에이코리아증권(주),C,파생상품계약,0,국내증권사,B,SF205,각주항목(09.06월 이후)
25619,202306,0011238,씨엘에스에이코리아증권(주),C1,파생상품계약_장내파생상품,0,국내증권사,B,SF205,각주항목(09.06월 이후)
25620,202306,0011238,씨엘에스에이코리아증권(주),C11,파생상품계약_장내파생상품_이자율관련거래,0,국내증권사,B,SF205,각주항목(09.06월 이후)
25621,202306,0011238,씨엘에스에이코리아증권(주),C12,파생상품계약_장내파생상품_통화관련거래,0,국내증권사,B,SF205,각주항목(09.06월 이후)
25622,202306,0011238,씨엘에스에이코리아증권(주),C13,파생상품계약_장내파생상품_주식관련거래,0,국내증권사,B,SF205,각주항목(09.06월 이후)
25623,202306,0011238,씨엘에스에이코리아증권(주),C14,파생상품계약_장내파생상품_일반상품관련거래,0,국내증권사,B,SF205,각주항목(09.06월 이후)
25624,202306,0011238,씨엘에스에이코리아증권(주),C15,파생상품계약_장내파생상품_기타,0,국내증권사,B,SF205,각주항목(09.06월 이후)
25625,202306,0011238,씨엘에스에이코리아증권(주),C2,파생상품계약_장외파생상품,0,국내증권사,B,SF205,각주항목(09.06월 이후)
25626,202306,0011238,씨엘에스에이코리아증권(주),C21,파생상품계약_장외파생상품_이자율관련거래,0,국내증권사,B,SF205,각주항목(09.06월 이후)
25627,202306,0011238,씨엘에스에이코리아증권(주),C22,파생상품계약_장외파생상품_통화관련거래,0,국내증권사,B,SF205,각주항목(09.06월 이후)
25628,202306,0011238,씨엘에스에이코리아증권(주),C23,파생상품계약_장외파생상품_주식관련거래,0,국내증권사,B,SF205,각주항목(09.06월 이후)
25629,202306,0011238,씨엘에스에이코리아증권(주),C24,파생상품계약_장외파생상품_신용관련거래,0,국내증권사,B,SF205,각주항목(09.06월 이후)
25630,202306,0011238,씨엘에스에이코리아증권(주),C25,파생상품계약_장외파생상품_기타,0,국내증권사,B,SF205,각주항목(09.06월 이후)
25631,202306,0011238,씨엘에스에이코리아증권(주),D,대차 및 대주거래,0,국내증권사,B,SF205,각주항목(09.06월 이후)
25632,202306,0011238,씨엘에스에이코리아증권(주),D1,대차 및 대주거래_대여증권,0,국내증권사,B,SF205,각주항목(09.06월 이후)
25633,202306,0011238,씨엘에스에이코리아증권(주),D2,대차 및 대주거래_차입증권,0,국내증권사,B,SF205,각주항목(09.06월 이후)
25634,202306,0011238,씨엘에스에이코리아증권(주),D3,대차 및 대주거래_신용거래대주, ,국내증권사,B,SF205,각주항목(09.06월 이후)
25635,202306,0011238,씨엘에스에이코리아증권(주),E,대손상각채권, ,국내증권사,B,SF205,각주항목(09.06월 이후)
25636,202306,0011238,씨엘에스에이코리아증권(주),F,환전업무 예치금,0,국내증권사,B,SF205,각주항목(09.06월 이후)
25637,202306,0011238,씨엘에스에이코리아증권(주),G,미배당별도예치금, ,국내증권사,B,SF205,각주항목(09.06월 이후)
25638,202306,0011238,씨엘에스에이코리아증권(주),H,배서어음매출(종금계정),0,국내증권사,B,SF205,각주항목(09.06월 이후)
25639,202306,0011238,씨엘에스에이코리아증권(주),H1,대출채권매매이익_담보부, ,국내증권사,B,SF205,각주항목(09.06월 이후)
25640,202306,0011238,씨엘에스에이코리아증권(주),H2,대출채권매매이익_무담보부, ,국내증권사,B,SF205,각주항목(09.06월 이후)
25641,202309,0011238,씨엘에스에이코리아증권(주),A,채무보증,0,국내증권사,B,SF205,각주항목(09.06월 이후)
25642,202309,0011238,씨엘에스에이코리아증권(주),A1,채무보증_지급보증,0,국내증권사,B,SF205,각주항목(09.06월 이후)
25643,202309,0011238,씨엘에스에이코리아증권(주),A2,채무보증_매입보장약정, ,국내증권사,B,SF205,각주항목(09.06월 이후)
25644,202309,0011238,씨엘에스에이코리아증권(주),A3,채무보증_채무인수약정, ,국내증권사,B,SF205,각주항목(09.06월 이후)
25645,202309,0011238,씨엘에스에이코리아증권(주),A5,채무보증_매입확약,0,국내증권사,B,SF205,각주항목(09.06월 이후)
25646,202309,0011238,씨엘에스에이코리아증권(주),A6,채무보증_기타, ,국내증권사,B,SF205,각주항목(09.06월 이후)
25647,202309,0011238,씨엘에스에이코리아증권(주),B,투자자의 예수증권 등,61878578000,국내증권사,B,SF205,각주항목(09.06월 이후)
25648,202309,0011238,씨엘에스에이코리아증권(주),B1,투자자의 예수증권 등_예수 증권,61878578000,국내증권사,B,SF205,각주항목(09.06월 이후)
25649,202309,0011238,씨엘에스에이코리아증권(주),B2,투자자의 예수증권 등_예수양도성예금증서, ,국내증권사,B,SF205,각주항목(09.06월 이후)
25650,202309,0011238,씨엘에스에이코리아증권(주),B3,투자자의 예수증권 등_기타, ,국내증권사,B,SF205,각주항목(09.06월 이후)
25651,202309,0011238,씨엘에스에이코리아증권(주),C,파생상품계약,0,국내증권사,B,SF205,각주항목(09.06월 이후)
25652,202309,0011238,씨엘에스에이코리아증권(주),C1,파생상품계약_장내파생상품,0,국내증권사,B,SF205,각주항목(09.06월 이후)
25653,202309,0011238,씨엘에스에이코리아증권(주),C11,파생상품계약_장내파생상품_이자율관련거래,0,국내증권사,B,SF205,각주항목(09.06월 이후)
25654,202309,0011238,씨엘에스에이코리아증권(주),C12,파생상품계약_장내파생상품_통화관련거래,0,국내증권사,B,SF205,각주항목(09.06월 이후)
25655,202309,0011238,씨엘에스에이코리아증권(주),C13,파생상품계약_장내파생상품_주식관련거래,0,국내증권사,B,SF205,각주항목(09.06월 이후)
25656,202309,0011238,씨엘에스에이코리아증권(주),C14,파생상품계약_장내파생상품_일반상품관련거래,0,국내증권사,B,SF205,각주항목(09.06월 이후)
25657,202309,0011238,씨엘에스에이코리아증권(주),C15,파생상품계약_장내파생상품_기타,0,국내증권사,B,SF205,각주항목(09.06월 이후)
25658,202309,0011238,씨엘에스에이코리아증권(주),C2,파생상품계약_장외파생상품,0,국내증권사,B,SF205,각주항목(09.06월 이후)
25659,202309,0011238,씨엘에스에이코리아증권(주),C21,파생상품계약_장외파생상품_이자율관련거래,0,국내증권사,B,SF205,각주항목(09.06월 이후)
25660,202309,0011238,씨엘에스에이코리아증권(주),C22,파생상품계약_장외파생상품_통화관련거래,0,국내증권사,B,SF205,각주항목(09.06월 이후)
25661,202309,0011238,씨엘에스에이코리아증권(주),C23,파생상품계약_장외파생상품_주식관련거래,0,국내증권사,B,SF205,각주항목(09.06월 이후)
25662,202309,0011238,씨엘에스에이코리아증권(주),C24,파생상품계약_장외파생상품_신용관련거래,0,국내증권사,B,SF205,각주항목(09.06월 이후)
25663,202309,0011238,씨엘에스에이코리아증권(주),C25,파생상품계약_장외파생상품_기타,0,국내증권사,B,SF205,각주항목(09.06월 이후)
25664,202309,0011238,씨엘에스에이코리아증권(주),D,대차 및 대주거래,0,국내증권사,B,SF205,각주항목(09.06월 이후)
25665,202309,0011238,씨엘에스에이코리아증권(주),D1,대차 및 대주거래_대여증권,0,국내증권사,B,SF205,각주항목(09.06월 이후)
25666,202309,0011238,씨엘에스에이코리아증권(주),D2,대차 및 대주거래_차입증권,0,국내증권사,B,SF205,각주항목(09.06월 이후)
25667,202309,0011238,씨엘에스에이코리아증권(주),D3,대차 및 대주거래_신용거래대주, ,국내증권사,B,SF205,각주항목(09.06월 이후)
25668,202309,0011238,씨엘에스에이코리아증권(주),E,대손상각채권, ,국내증권사,B,SF205,각주항목(09.06월 이후)
25669,202309,0011238,씨엘에스에이코리아증권(주),F,환전업무 예치금,0,국내증권사,B,SF205,각주항목(09.06월 이후)
25670,202309,0011238,씨엘에스에이코리아증권(주),G,미배당별도예치금, ,국내증권사,B,SF205,각주항목(09.06월 이후)
25671,202309,0011238,씨엘에스에이코리아증권(주),H,배서어음매출(종금계정),0,국내증권사,B,SF205,각주항목(09.06월 이후)
25672,202309,0011238,씨엘에스에이코리아증권(주),H1,대출채권매매이익_담보부, ,국내증권사,B,SF205,각주항목(09.06월 이후)
25673,202309,0011238,씨엘에스에이코리아증권(주),H2,대출채권매매이익_무담보부, ,국내증권사,B,SF205,각주항목(09.06월 이후)
25674,202312,0011238,씨엘에스에이코리아증권(주),A,채무보증,0,국내증권사,B,SF205,각주항목(09.06월 이후)
25675,202312,0011238,씨엘에스에이코리아증권(주),A1,채무보증_지급보증,0,국내증권사,B,SF205,각주항목(09.06월 이후)
25676,202312,0011238,씨엘에스에이코리아증권(주),A2,채무보증_매입보장약정, ,국내증권사,B,SF205,각주항목(09.06월 이후)
25677,202312,0011238,씨엘에스에이코리아증권(주),A3,채무보증_채무인수약정, ,국내증권사,B,SF205,각주항목(09.06월 이후)
25678,202312,0011238,씨엘에스에이코리아증권(주),A5,채무보증_매입확약,0,국내증권사,B,SF205,각주항목(09.06월 이후)
25679,202312,0011238,씨엘에스에이코리아증권(주),A6,채무보증_기타, ,국내증권사,B,SF205,각주항목(09.06월 이후)
25680,202312,0011238,씨엘에스에이코리아증권(주),B,투자자의 예수증권 등,42822643800,국내증권사,B,SF205,각주항목(09.06월 이후)
25681,202312,0011238,씨엘에스에이코리아증권(주),B1,투자자의 예수증권 등_예수 증권,42822643800,국내증권사,B,SF205,각주항목(09.06월 이후)
25682,202312,0011238,씨엘에스에이코리아증권(주),B2,투자자의 예수증권 등_예수양도성예금증서, ,국내증권사,B,SF205,각주항목(09.06월 이후)
25683,202312,0011238,씨엘에스에이코리아증권(주),B3,투자자의 예수증권 등_기타, ,국내증권사,B,SF205,각주항목(09.06월 이후)
25684,202312,0011238,씨엘에스에이코리아증권(주),C,파생상품계약,0,국내증권사,B,SF205,각주항목(09.06월 이후)
25685,202312,0011238,씨엘에스에이코리아증권(주),C1,파생상품계약_장내파생상품,0,국내증권사,B,SF205,각주항목(09.06월 이후)
25686,202312,0011238,씨엘에스에이코리아증권(주),C11,파생상품계약_장내파생상품_이자율관련거래,0,국내증권사,B,SF205,각주항목(09.06월 이후)
25687,202312,0011238,씨엘에스에이코리아증권(주),C12,파생상품계약_장내파생상품_통화관련거래,0,국내증권사,B,SF205,각주항목(09.06월 이후)
25688,202312,0011238,씨엘에스에이코리아증권(주),C13,파생상품계약_장내파생상품_주식관련거래,0,국내증권사,B,SF205,각주항목(09.06월 이후)
25689,202312,0011238,씨엘에스에이코리아증권(주),C14,파생상품계약_장내파생상품_일반상품관련거래,0,국내증권사,B,SF205,각주항목(09.06월 이후)
25690,202312,0011238,씨엘에스에이코리아증권(주),C15,파생상품계약_장내파생상품_기타,0,국내증권사,B,SF205,각주항목(09.06월 이후)
25691,202312,0011238,씨엘에스에이코리아증권(주),C2,파생상품계약_장외파생상품,0,국내증권사,B,SF205,각주항목(09.06월 이후)
25692,202312,0011238,씨엘에스에이코리아증권(주),C21,파생상품계약_장외파생상품_이자율관련거래,0,국내증권사,B,SF205,각주항목(09.06월 이후)
25693,202312,0011238,씨엘에스에이코리아증권(주),C22,파생상품계약_장외파생상품_통화관련거래,0,국내증권사,B,SF205,각주항목(09.06월 이후)
25694,202312,0011238,씨엘에스에이코리아증권(주),C23,파생상품계약_장외파생상품_주식관련거래,0,국내증권사,B,SF205,각주항목(09.06월 이후)
25695,202312,0011238,씨엘에스에이코리아증권(주),C24,파생상품계약_장외파생상품_신용관련거래,0,국내증권사,B,SF205,각주항목(09.06월 이후)
25696,202312,0011238,씨엘에스에이코리아증권(주),C25,파생상품계약_장외파생상품_기타,0,국내증권사,B,SF205,각주항목(09.06월 이후)
25697,202312,0011238,씨엘에스에이코리아증권(주),D,대차 및 대주거래,0,국내증권사,B,SF205,각주항목(09.06월 이후)
25698,202312,0011238,씨엘에스에이코리아증권(주),D1,대차 및 대주거래_대여증권,0,국내증권사,B,SF205,각주항목(09.06월 이후)
25699,202312,0011238,씨엘에스에이코리아증권(주),D2,대차 및 대주거래_차입증권,0,국내증권사,B,SF205,각주항목(09.06월 이후)
25700,202312,0011238,씨엘에스에이코리아증권(주),D3,대차 및 대주거래_신용거래대주, ,국내증권사,B,SF205,각주항목(09.06월 이후)
25701,202312,0011238,씨엘에스에이코리아증권(주),E,대손상각채권, ,국내증권사,B,SF205,각주항목(09.06월 이후)
25702,202312,0011238,씨엘에스에이코리아증권(주),F,환전업무 예치금,0,국내증권사,B,SF205,각주항목(09.06월 이후)
25703,202312,0011238,씨엘에스에이코리아증권(주),G,미배당별도예치금, ,국내증권사,B,SF205,각주항목(09.06월 이후)
25704,202312,0011238,씨엘에스에이코리아증권(주),H,배서어음매출(종금계정),0,국내증권사,B,SF205,각주항목(09.06월 이후)
25705,202312,0011238,씨엘에스에이코리아증권(주),H1,대출채권매매이익_담보부, ,국내증권사,B,SF205,각주항목(09.06월 이후)
25706,202312,0011238,씨엘에스에이코리아증권(주),H2,대출채권매매이익_무담보부, ,국내증권사,B,SF205,각주항목(09.06월 이후)
25707,202403,0011238,씨엘에스에이코리아증권(주),A,채무보증,0,국내증권사,B,SF205,각주항목(09.06월 이후)
25708,202403,0011238,씨엘에스에이코리아증권(주),A1,채무보증_지급보증,0,국내증권사,B,SF205,각주항목(09.06월 이후)
25709,202403,0011238,씨엘에스에이코리아증권(주),A2,채무보증_매입보장약정,0,국내증권사,B,SF205,각주항목(09.06월 이후)
25710,202403,0011238,씨엘에스에이코리아증권(주),A3,채무보증_채무인수약정,0,국내증권사,B,SF205,각주항목(09.06월 이후)
25711,202403,0011238,씨엘에스에이코리아증권(주),A5,채무보증_매입확약,0,국내증권사,B,SF205,각주항목(09.06월 이후)
25712,202403,0011238,씨엘에스에이코리아증권(주),A6,채무보증_기타,0,국내증권사,B,SF205,각주항목(09.06월 이후)
25713,202403,0011238,씨엘에스에이코리아증권(주),B,투자자의 예수증권 등,32564224700,국내증권사,B,SF205,각주항목(09.06월 이후)
25714,202403,0011238,씨엘에스에이코리아증권(주),B1,투자자의 예수증권 등_예수 증권,32564224700,국내증권사,B,SF205,각주항목(09.06월 이후)
25715,202403,0011238,씨엘에스에이코리아증권(주),B2,투자자의 예수증권 등_예수양도성예금증서,0,국내증권사,B,SF205,각주항목(09.06월 이후)
25716,202403,0011238,씨엘에스에이코리아증권(주),B3,투자자의 예수증권 등_기타,0,국내증권사,B,SF205,각주항목(09.06월 이후)
25717,202403,0011238,씨엘에스에이코리아증권(주),C,파생상품계약,0,국내증권사,B,SF205,각주항목(09.06월 이후)
25718,202403,0011238,씨엘에스에이코리아증권(주),C1,파생상품계약_장내파생상품,0,국내증권사,B,SF205,각주항목(09.06월 이후)
25719,202403,0011238,씨엘에스에이코리아증권(주),C11,파생상품계약_장내파생상품_이자율관련거래,0,국내증권사,B,SF205,각주항목(09.06월 이후)
25720,202403,0011238,씨엘에스에이코리아증권(주),C12,파생상품계약_장내파생상품_통화관련거래,0,국내증권사,B,SF205,각주항목(09.06월 이후)
25721,202403,0011238,씨엘에스에이코리아증권(주),C13,파생상품계약_장내파생상품_주식관련거래,0,국내증권사,B,SF205,각주항목(09.06월 이후)
25722,202403,0011238,씨엘에스에이코리아증권(주),C14,파생상품계약_장내파생상품_일반상품관련거래,0,국내증권사,B,SF205,각주항목(09.06월 이후)
25723,202403,0011238,씨엘에스에이코리아증권(주),C15,파생상품계약_장내파생상품_기타,0,국내증권사,B,SF205,각주항목(09.06월 이후)
25724,202403,0011238,씨엘에스에이코리아증권(주),C2,파생상품계약_장외파생상품,0,국내증권사,B,SF205,각주항목(09.06월 이후)
25725,202403,0011238,씨엘에스에이코리아증권(주),C21,파생상품계약_장외파생상품_이자율관련거래,0,국내증권사,B,SF205,각주항목(09.06월 이후)
25726,202403,0011238,씨엘에스에이코리아증권(주),C22,파생상품계약_장외파생상품_통화관련거래,0,국내증권사,B,SF205,각주항목(09.06월 이후)
25727,202403,0011238,씨엘에스에이코리아증권(주),C23,파생상품계약_장외파생상품_주식관련거래,0,국내증권사,B,SF205,각주항목(09.06월 이후)
25728,202403,0011238,씨엘에스에이코리아증권(주),C24,파생상품계약_장외파생상품_신용관련거래,0,국내증권사,B,SF205,각주항목(09.06월 이후)
25729,202403,0011238,씨엘에스에이코리아증권(주),C25,파생상품계약_장외파생상품_기타,0,국내증권사,B,SF205,각주항목(09.06월 이후)
25730,202403,0011238,씨엘에스에이코리아증권(주),D,대차 및 대주거래,0,국내증권사,B,SF205,각주항목(09.06월 이후)
25731,202403,0011238,씨엘에스에이코리아증권(주),D1,대차 및 대주거래_대여증권,0,국내증권사,B,SF205,각주항목(09.06월 이후)
25732,202403,0011238,씨엘에스에이코리아증권(주),D2,대차 및 대주거래_차입증권,0,국내증권사,B,SF205,각주항목(09.06월 이후)
25733,202403,0011238,씨엘에스에이코리아증권(주),D3,대차 및 대주거래_신용거래대주,0,국내증권사,B,SF205,각주항목(09.06월 이후)
25734,202403,0011238,씨엘에스에이코리아증권(주),E,대손상각채권,0,국내증권사,B,SF205,각주항목(09.06월 이후)
25735,202403,0011238,씨엘에스에이코리아증권(주),F,환전업무 예치금,0,국내증권사,B,SF205,각주항목(09.06월 이후)
25736,202403,0011238,씨엘에스에이코리아증권(주),G,미배당별도예치금,0,국내증권사,B,SF205,각주항목(09.06월 이후)
25737,202403,0011238,씨엘에스에이코리아증권(주),H,배서어음매출(종금계정),0,국내증권사,B,SF205,각주항목(09.06월 이후)
25738,202403,0011238,씨엘에스에이코리아증권(주),H1,대출채권매매이익_담보부,0,국내증권사,B,SF205,각주항목(09.06월 이후)
25739,202403,0011238,씨엘에스에이코리아증권(주),H2,대출채권매매이익_무담보부,0,국내증권사,B,SF205,각주항목(09.06월 이후)
25740,202406,0011238,씨엘에스에이코리아증권(주),A,채무보증,0,국내증권사,B,SF205,각주항목(09.06월 이후)
25741,202406,0011238,씨엘에스에이코리아증권(주),A1,채무보증_지급보증,0,국내증권사,B,SF205,각주항목(09.06월 이후)
25742,202406,0011238,씨엘에스에이코리아증권(주),A2,채무보증_매입보장약정,0,국내증권사,B,SF205,각주항목(09.06월 이후)
25743,202406,0011238,씨엘에스에이코리아증권(주),A3,채무보증_채무인수약정,0,국내증권사,B,SF205,각주항목(09.06월 이후)
25744,202406,0011238,씨엘에스에이코리아증권(주),A5,채무보증_매입확약,0,국내증권사,B,SF205,각주항목(09.06월 이후)
25745,202406,0011238,씨엘에스에이코리아증권(주),A6,채무보증_기타,0,국내증권사,B,SF205,각주항목(09.06월 이후)
25746,202406,0011238,씨엘에스에이코리아증권(주),B,투자자의 예수증권 등,53938776260,국내증권사,B,SF205,각주항목(09.06월 이후)
25747,202406,0011238,씨엘에스에이코리아증권(주),B1,투자자의 예수증권 등_예수 증권,53938776260,국내증권사,B,SF205,각주항목(09.06월 이후)
25748,202406,0011238,씨엘에스에이코리아증권(주),B2,투자자의 예수증권 등_예수양도성예금증서,0,국내증권사,B,SF205,각주항목(09.06월 이후)
25749,202406,0011238,씨엘에스에이코리아증권(주),B3,투자자의 예수증권 등_기타,0,국내증권사,B,SF205,각주항목(09.06월 이후)
25750,202406,0011238,씨엘에스에이코리아증권(주),C,파생상품계약,0,국내증권사,B,SF205,각주항목(09.06월 이후)
25751,202406,0011238,씨엘에스에이코리아증권(주),C1,파생상품계약_장내파생상품,0,국내증권사,B,SF205,각주항목(09.06월 이후)
25752,202406,0011238,씨엘에스에이코리아증권(주),C11,파생상품계약_장내파생상품_이자율관련거래,0,국내증권사,B,SF205,각주항목(09.06월 이후)
25753,202406,0011238,씨엘에스에이코리아증권(주),C12,파생상품계약_장내파생상품_통화관련거래,0,국내증권사,B,SF205,각주항목(09.06월 이후)
25754,202406,0011238,씨엘에스에이코리아증권(주),C13,파생상품계약_장내파생상품_주식관련거래,0,국내증권사,B,SF205,각주항목(09.06월 이후)
25755,202406,0011238,씨엘에스에이코리아증권(주),C14,파생상품계약_장내파생상품_일반상품관련거래,0,국내증권사,B,SF205,각주항목(09.06월 이후)
25756,202406,0011238,씨엘에스에이코리아증권(주),C15,파생상품계약_장내파생상품_기타,0,국내증권사,B,SF205,각주항목(09.06월 이후)
25757,202406,0011238,씨엘에스에이코리아증권(주),C2,파생상품계약_장외파생상품,0,국내증권사,B,SF205,각주항목(09.06월 이후)
25758,202406,0011238,씨엘에스에이코리아증권(주),C21,파생상품계약_장외파생상품_이자율관련거래,0,국내증권사,B,SF205,각주항목(09.06월 이후)
25759,202406,0011238,씨엘에스에이코리아증권(주),C22,파생상품계약_장외파생상품_통화관련거래,0,국내증권사,B,SF205,각주항목(09.06월 이후)
25760,202406,0011238,씨엘에스에이코리아증권(주),C23,파생상품계약_장외파생상품_주식관련거래,0,국내증권사,B,SF205,각주항목(09.06월 이후)
25761,202406,0011238,씨엘에스에이코리아증권(주),C24,파생상품계약_장외파생상품_신용관련거래,0,국내증권사,B,SF205,각주항목(09.06월 이후)
25762,202406,0011238,씨엘에스에이코리아증권(주),C25,파생상품계약_장외파생상품_기타,0,국내증권사,B,SF205,각주항목(09.06월 이후)
25763,202406,0011238,씨엘에스에이코리아증권(주),D,대차 및 대주거래,0,국내증권사,B,SF205,각주항목(09.06월 이후)
25764,202406,0011238,씨엘에스에이코리아증권(주),D1,대차 및 대주거래_대여증권,0,국내증권사,B,SF205,각주항목(09.06월 이후)
25765,202406,0011238,씨엘에스에이코리아증권(주),D2,대차 및 대주거래_차입증권,0,국내증권사,B,SF205,각주항목(09.06월 이후)
25766,202406,0011238,씨엘에스에이코리아증권(주),D3,대차 및 대주거래_신용거래대주,0,국내증권사,B,SF205,각주항목(09.06월 이후)
25767,202406,0011238,씨엘에스에이코리아증권(주),E,대손상각채권,0,국내증권사,B,SF205,각주항목(09.06월 이후)
25768,202406,0011238,씨엘에스에이코리아증권(주),F,환전업무 예치금,0,국내증권사,B,SF205,각주항목(09.06월 이후)
25769,202406,0011238,씨엘에스에이코리아증권(주),G,미배당별도예치금,0,국내증권사,B,SF205,각주항목(09.06월 이후)
25770,202406,0011238,씨엘에스에이코리아증권(주),H,배서어음매출(종금계정),0,국내증권사,B,SF205,각주항목(09.06월 이후)
25771,202406,0011238,씨엘에스에이코리아증권(주),H1,대출채권매매이익_담보부,0,국내증권사,B,SF205,각주항목(09.06월 이후)
25772,202406,0011238,씨엘에스에이코리아증권(주),H2,대출채권매매이익_무담보부,0,국내증권사,B,SF205,각주항목(09.06월 이후)
25773,202409,0011238,씨엘에스에이코리아증권(주),A,채무보증,0,국내증권사,B,SF205,각주항목(09.06월 이후)
25774,202409,0011238,씨엘에스에이코리아증권(주),A1,채무보증_지급보증,0,국내증권사,B,SF205,각주항목(09.06월 이후)
25775,202409,0011238,씨엘에스에이코리아증권(주),A2,채무보증_매입보장약정,0,국내증권사,B,SF205,각주항목(09.06월 이후)
25776,202409,0011238,씨엘에스에이코리아증권(주),A3,채무보증_채무인수약정,0,국내증권사,B,SF205,각주항목(09.06월 이후)
25777,202409,0011238,씨엘에스에이코리아증권(주),A5,채무보증_매입확약,0,국내증권사,B,SF205,각주항목(09.06월 이후)
25778,202409,0011238,씨엘에스에이코리아증권(주),A6,채무보증_기타,0,국내증권사,B,SF205,각주항목(09.06월 이후)
25779,202409,0011238,씨엘에스에이코리아증권(주),B,투자자의 예수증권 등,39198680500,국내증권사,B,SF205,각주항목(09.06월 이후)
25780,202409,0011238,씨엘에스에이코리아증권(주),B1,투자자의 예수증권 등_예수 증권,39198680500,국내증권사,B,SF205,각주항목(09.06월 이후)
25781,202409,0011238,씨엘에스에이코리아증권(주),B2,투자자의 예수증권 등_예수양도성예금증서,0,국내증권사,B,SF205,각주항목(09.06월 이후)
25782,202409,0011238,씨엘에스에이코리아증권(주),B3,투자자의 예수증권 등_기타,0,국내증권사,B,SF205,각주항목(09.06월 이후)
25783,202409,0011238,씨엘에스에이코리아증권(주),C,파생상품계약,0,국내증권사,B,SF205,각주항목(09.06월 이후)
25784,202409,0011238,씨엘에스에이코리아증권(주),C1,파생상품계약_장내파생상품,0,국내증권사,B,SF205,각주항목(09.06월 이후)
25785,202409,0011238,씨엘에스에이코리아증권(주),C11,파생상품계약_장내파생상품_이자율관련거래,0,국내증권사,B,SF205,각주항목(09.06월 이후)
25786,202409,0011238,씨엘에스에이코리아증권(주),C12,파생상품계약_장내파생상품_통화관련거래,0,국내증권사,B,SF205,각주항목(09.06월 이후)
25787,202409,0011238,씨엘에스에이코리아증권(주),C13,파생상품계약_장내파생상품_주식관련거래,0,국내증권사,B,SF205,각주항목(09.06월 이후)
25788,202409,0011238,씨엘에스에이코리아증권(주),C14,파생상품계약_장내파생상품_일반상품관련거래,0,국내증권사,B,SF205,각주항목(09.06월 이후)
25789,202409,0011238,씨엘에스에이코리아증권(주),C15,파생상품계약_장내파생상품_기타,0,국내증권사,B,SF205,각주항목(09.06월 이후)
25790,202409,0011238,씨엘에스에이코리아증권(주),C2,파생상품계약_장외파생상품,0,국내증권사,B,SF205,각주항목(09.06월 이후)
25791,202409,0011238,씨엘에스에이코리아증권(주),C21,파생상품계약_장외파생상품_이자율관련거래,0,국내증권사,B,SF205,각주항목(09.06월 이후)
25792,202409,0011238,씨엘에스에이코리아증권(주),C22,파생상품계약_장외파생상품_통화관련거래,0,국내증권사,B,SF205,각주항목(09.06월 이후)
25793,202409,0011238,씨엘에스에이코리아증권(주),C23,파생상품계약_장외파생상품_주식관련거래,0,국내증권사,B,SF205,각주항목(09.06월 이후)
25794,202409,0011238,씨엘에스에이코리아증권(주),C24,파생상품계약_장외파생상품_신용관련거래,0,국내증권사,B,SF205,각주항목(09.06월 이후)
25795,202409,0011238,씨엘에스에이코리아증권(주),C25,파생상품계약_장외파생상품_기타,0,국내증권사,B,SF205,각주항목(09.06월 이후)
25796,202409,0011238,씨엘에스에이코리아증권(주),D,대차 및 대주거래,0,국내증권사,B,SF205,각주항목(09.06월 이후)
25797,202409,0011238,씨엘에스에이코리아증권(주),D1,대차 및 대주거래_대여증권,0,국내증권사,B,SF205,각주항목(09.06월 이후)
25798,202409,0011238,씨엘에스에이코리아증권(주),D2,대차 및 대주거래_차입증권,0,국내증권사,B,SF205,각주항목(09.06월 이후)
25799,202409,0011238,씨엘에스에이코리아증권(주),D3,대차 및 대주거래_신용거래대주,0,국내증권사,B,SF205,각주항목(09.06월 이후)
25800,202409,0011238,씨엘에스에이코리아증권(주),E,대손상각채권,0,국내증권사,B,SF205,각주항목(09.06월 이후)
25801,202409,0011238,씨엘에스에이코리아증권(주),F,환전업무 예치금,0,국내증권사,B,SF205,각주항목(09.06월 이후)
25802,202409,0011238,씨엘에스에이코리아증권(주),G,미배당별도예치금,0,국내증권사,B,SF205,각주항목(09.06월 이후)
25803,202409,0011238,씨엘에스에이코리아증권(주),H,배서어음매출(종금계정),0,국내증권사,B,SF205,각주항목(09.06월 이후)
25804,202409,0011238,씨엘에스에이코리아증권(주),H1,대출채권매매이익_담보부,0,국내증권사,B,SF205,각주항목(09.06월 이후)
25805,202409,0011238,씨엘에스에이코리아증권(주),H2,대출채권매매이익_무담보부,0,국내증권사,B,SF205,각주항목(09.06월 이후)
25806,202412,0011238,씨엘에스에이코리아증권(주),A,채무보증,0,국내증권사,B,SF205,각주항목(09.06월 이후)
25807,202412,0011238,씨엘에스에이코리아증권(주),A1,채무보증_지급보증,0,국내증권사,B,SF205,각주항목(09.06월 이후)
25808,202412,0011238,씨엘에스에이코리아증권(주),A2,채무보증_매입보장약정,0,국내증권사,B,SF205,각주항목(09.06월 이후)
25809,202412,0011238,씨엘에스에이코리아증권(주),A3,채무보증_채무인수약정,0,국내증권사,B,SF205,각주항목(09.06월 이후)
25810,202412,0011238,씨엘에스에이코리아증권(주),A5,채무보증_매입확약,0,국내증권사,B,SF205,각주항목(09.06월 이후)
25811,202412,0011238,씨엘에스에이코리아증권(주),A6,채무보증_기타,0,국내증권사,B,SF205,각주항목(09.06월 이후)
25812,202412,0011238,씨엘에스에이코리아증권(주),B,투자자의 예수증권 등,38562830300,국내증권사,B,SF205,각주항목(09.06월 이후)
25813,202412,0011238,씨엘에스에이코리아증권(주),B1,투자자의 예수증권 등_예수 증권,38562830300,국내증권사,B,SF205,각주항목(09.06월 이후)
25814,202412,0011238,씨엘에스에이코리아증권(주),B2,투자자의 예수증권 등_예수양도성예금증서,0,국내증권사,B,SF205,각주항목(09.06월 이후)
25815,202412,0011238,씨엘에스에이코리아증권(주),B3,투자자의 예수증권 등_기타,0,국내증권사,B,SF205,각주항목(09.06월 이후)
25816,202412,0011238,씨엘에스에이코리아증권(주),C,파생상품계약,0,국내증권사,B,SF205,각주항목(09.06월 이후)
25817,202412,0011238,씨엘에스에이코리아증권(주),C1,파생상품계약_장내파생상품,0,국내증권사,B,SF205,각주항목(09.06월 이후)
25818,202412,0011238,씨엘에스에이코리아증권(주),C11,파생상품계약_장내파생상품_이자율관련거래,0,국내증권사,B,SF205,각주항목(09.06월 이후)
25819,202412,0011238,씨엘에스에이코리아증권(주),C12,파생상품계약_장내파생상품_통화관련거래,0,국내증권사,B,SF205,각주항목(09.06월 이후)
25820,202412,0011238,씨엘에스에이코리아증권(주),C13,파생상품계약_장내파생상품_주식관련거래,0,국내증권사,B,SF205,각주항목(09.06월 이후)
25821,202412,0011238,씨엘에스에이코리아증권(주),C14,파생상품계약_장내파생상품_일반상품관련거래,0,국내증권사,B,SF205,각주항목(09.06월 이후)
25822,202412,0011238,씨엘에스에이코리아증권(주),C15,파생상품계약_장내파생상품_기타,0,국내증권사,B,SF205,각주항목(09.06월 이후)
25823,202412,0011238,씨엘에스에이코리아증권(주),C2,파생상품계약_장외파생상품,0,국내증권사,B,SF205,각주항목(09.06월 이후)
25824,202412,0011238,씨엘에스에이코리아증권(주),C21,파생상품계약_장외파생상품_이자율관련거래,0,국내증권사,B,SF205,각주항목(09.06월 이후)
25825,202412,0011238,씨엘에스에이코리아증권(주),C22,파생상품계약_장외파생상품_통화관련거래,0,국내증권사,B,SF205,각주항목(09.06월 이후)
25826,202412,0011238,씨엘에스에이코리아증권(주),C23,파생상품계약_장외파생상품_주식관련거래,0,국내증권사,B,SF205,각주항목(09.06월 이후)
25827,202412,0011238,씨엘에스에이코리아증권(주),C24,파생상품계약_장외파생상품_신용관련거래,0,국내증권사,B,SF205,각주항목(09.06월 이후)
25828,202412,0011238,씨엘에스에이코리아증권(주),C25,파생상품계약_장외파생상품_기타,0,국내증권사,B,SF205,각주항목(09.06월 이후)
25829,202412,0011238,씨엘에스에이코리아증권(주),D,대차 및 대주거래,0,국내증권사,B,SF205,각주항목(09.06월 이후)
25830,202412,0011238,씨엘에스에이코리아증권(주),D1,대차 및 대주거래_대여증권,0,국내증권사,B,SF205,각주항목(09.06월 이후)
25831,202412,0011238,씨엘에스에이코리아증권(주),D2,대차 및 대주거래_차입증권,0,국내증권사,B,SF205,각주항목(09.06월 이후)
25832,202412,0011238,씨엘에스에이코리아증권(주),D3,대차 및 대주거래_신용거래대주,0,국내증권사,B,SF205,각주항목(09.06월 이후)
25833,202412,0011238,씨엘에스에이코리아증권(주),E,대손상각채권,0,국내증권사,B,SF205,각주항목(09.06월 이후)
25834,202412,0011238,씨엘에스에이코리아증권(주),F,환전업무 예치금,0,국내증권사,B,SF205,각주항목(09.06월 이후)
25835,202412,0011238,씨엘에스에이코리아증권(주),G,미배당별도예치금,0,국내증권사,B,SF205,각주항목(09.06월 이후)
25836,202412,0011238,씨엘에스에이코리아증권(주),H,배서어음매출(종금계정),0,국내증권사,B,SF205,각주항목(09.06월 이후)
25837,202412,0011238,씨엘에스에이코리아증권(주),H1,대출채권매매이익_담보부,0,국내증권사,B,SF205,각주항목(09.06월 이후)
25838,202412,0011238,씨엘에스에이코리아증권(주),H2,대출채권매매이익_무담보부,0,국내증권사,B,SF205,각주항목(09.06월 이후)
25839,201703,0010123,씨티그룹글로벌마켓증권주식회사,A,채무보증,0,국내증권사,B,SF205,각주항목(09.06월 이후)
25840,201703,0010123,씨티그룹글로벌마켓증권주식회사,A1,채무보증_지급보증,0,국내증권사,B,SF205,각주항목(09.06월 이후)
25841,201703,0010123,씨티그룹글로벌마켓증권주식회사,A2,채무보증_매입보장약정,0,국내증권사,B,SF205,각주항목(09.06월 이후)
25842,201703,0010123,씨티그룹글로벌마켓증권주식회사,A3,채무보증_채무인수약정,0,국내증권사,B,SF205,각주항목(09.06월 이후)
25843,201703,0010123,씨티그룹글로벌마켓증권주식회사,A5,채무보증_매입확약,0,국내증권사,B,SF205,각주항목(09.06월 이후)
25844,201703,0010123,씨티그룹글로벌마켓증권주식회사,A6,채무보증_기타,0,국내증권사,B,SF205,각주항목(09.06월 이후)
25845,201703,0010123,씨티그룹글로벌마켓증권주식회사,B,투자자의 예수증권 등,146179894000,국내증권사,B,SF205,각주항목(09.06월 이후)
25846,201703,0010123,씨티그룹글로벌마켓증권주식회사,B1,투자자의 예수증권 등_예수 증권,146179894000,국내증권사,B,SF205,각주항목(09.06월 이후)
25847,201703,0010123,씨티그룹글로벌마켓증권주식회사,B2,투자자의 예수증권 등_예수양도성예금증서,0,국내증권사,B,SF205,각주항목(09.06월 이후)
25848,201703,0010123,씨티그룹글로벌마켓증권주식회사,B3,투자자의 예수증권 등_기타,0,국내증권사,B,SF205,각주항목(09.06월 이후)
25849,201703,0010123,씨티그룹글로벌마켓증권주식회사,C,파생상품계약,428162872870,국내증권사,B,SF205,각주항목(09.06월 이후)
25850,201703,0010123,씨티그룹글로벌마켓증권주식회사,C1,파생상품계약_장내파생상품,0,국내증권사,B,SF205,각주항목(09.06월 이후)
25851,201703,0010123,씨티그룹글로벌마켓증권주식회사,C11,파생상품계약_장내파생상품_이자율관련거래,0,국내증권사,B,SF205,각주항목(09.06월 이후)
25852,201703,0010123,씨티그룹글로벌마켓증권주식회사,C12,파생상품계약_장내파생상품_통화관련거래,0,국내증권사,B,SF205,각주항목(09.06월 이후)
25853,201703,0010123,씨티그룹글로벌마켓증권주식회사,C13,파생상품계약_장내파생상품_주식관련거래,0,국내증권사,B,SF205,각주항목(09.06월 이후)
25854,201703,0010123,씨티그룹글로벌마켓증권주식회사,C14,파생상품계약_장내파생상품_일반상품관련거래,0,국내증권사,B,SF205,각주항목(09.06월 이후)
25855,201703,0010123,씨티그룹글로벌마켓증권주식회사,C15,파생상품계약_장내파생상품_기타,0,국내증권사,B,SF205,각주항목(09.06월 이후)
25856,201703,0010123,씨티그룹글로벌마켓증권주식회사,C2,파생상품계약_장외파생상품,428162872870,국내증권사,B,SF205,각주항목(09.06월 이후)
25857,201703,0010123,씨티그룹글로벌마켓증권주식회사,C21,파생상품계약_장외파생상품_이자율관련거래,0,국내증권사,B,SF205,각주항목(09.06월 이후)
25858,201703,0010123,씨티그룹글로벌마켓증권주식회사,C22,파생상품계약_장외파생상품_통화관련거래,14490002,국내증권사,B,SF205,각주항목(09.06월 이후)
25859,201703,0010123,씨티그룹글로벌마켓증권주식회사,C23,파생상품계약_장외파생상품_주식관련거래,12400000000,국내증권사,B,SF205,각주항목(09.06월 이후)
25860,201703,0010123,씨티그룹글로벌마켓증권주식회사,C24,파생상품계약_장외파생상품_신용관련거래,0,국내증권사,B,SF205,각주항목(09.06월 이후)
25861,201703,0010123,씨티그룹글로벌마켓증권주식회사,C25,파생상품계약_장외파생상품_기타,415748382868,국내증권사,B,SF205,각주항목(09.06월 이후)
25862,201703,0010123,씨티그룹글로벌마켓증권주식회사,D,대차 및 대주거래,0,국내증권사,B,SF205,각주항목(09.06월 이후)
25863,201703,0010123,씨티그룹글로벌마켓증권주식회사,D1,대차 및 대주거래_대여증권,0,국내증권사,B,SF205,각주항목(09.06월 이후)
25864,201703,0010123,씨티그룹글로벌마켓증권주식회사,D2,대차 및 대주거래_차입증권,0,국내증권사,B,SF205,각주항목(09.06월 이후)
25865,201703,0010123,씨티그룹글로벌마켓증권주식회사,D3,대차 및 대주거래_신용거래대주,0,국내증권사,B,SF205,각주항목(09.06월 이후)
25866,201703,0010123,씨티그룹글로벌마켓증권주식회사,E,대손상각채권,0,국내증권사,B,SF205,각주항목(09.06월 이후)
25867,201703,0010123,씨티그룹글로벌마켓증권주식회사,F,환전업무 예치금,0,국내증권사,B,SF205,각주항목(09.06월 이후)
25868,201703,0010123,씨티그룹글로벌마켓증권주식회사,G,미배당별도예치금,0,국내증권사,B,SF205,각주항목(09.06월 이후)
25869,201703,0010123,씨티그룹글로벌마켓증권주식회사,H,배서어음매출(종금계정),0,국내증권사,B,SF205,각주항목(09.06월 이후)
25870,201703,0010123,씨티그룹글로벌마켓증권주식회사,H1,대출채권매매이익_담보부,0,국내증권사,B,SF205,각주항목(09.06월 이후)
25871,201703,0010123,씨티그룹글로벌마켓증권주식회사,H2,대출채권매매이익_무담보부,0,국내증권사,B,SF205,각주항목(09.06월 이후)
25872,201706,0010123,씨티그룹글로벌마켓증권주식회사,A,채무보증,0,국내증권사,B,SF205,각주항목(09.06월 이후)
25873,201706,0010123,씨티그룹글로벌마켓증권주식회사,A1,채무보증_지급보증,0,국내증권사,B,SF205,각주항목(09.06월 이후)
25874,201706,0010123,씨티그룹글로벌마켓증권주식회사,A2,채무보증_매입보장약정, ,국내증권사,B,SF205,각주항목(09.06월 이후)
25875,201706,0010123,씨티그룹글로벌마켓증권주식회사,A3,채무보증_채무인수약정, ,국내증권사,B,SF205,각주항목(09.06월 이후)
25876,201706,0010123,씨티그룹글로벌마켓증권주식회사,A5,채무보증_매입확약,0,국내증권사,B,SF205,각주항목(09.06월 이후)
25877,201706,0010123,씨티그룹글로벌마켓증권주식회사,A6,채무보증_기타, ,국내증권사,B,SF205,각주항목(09.06월 이후)
25878,201706,0010123,씨티그룹글로벌마켓증권주식회사,B,투자자의 예수증권 등,185311450500,국내증권사,B,SF205,각주항목(09.06월 이후)
25879,201706,0010123,씨티그룹글로벌마켓증권주식회사,B1,투자자의 예수증권 등_예수 증권,185311450500,국내증권사,B,SF205,각주항목(09.06월 이후)
25880,201706,0010123,씨티그룹글로벌마켓증권주식회사,B2,투자자의 예수증권 등_예수양도성예금증서,0,국내증권사,B,SF205,각주항목(09.06월 이후)
25881,201706,0010123,씨티그룹글로벌마켓증권주식회사,B3,투자자의 예수증권 등_기타,0,국내증권사,B,SF205,각주항목(09.06월 이후)
25882,201706,0010123,씨티그룹글로벌마켓증권주식회사,C,파생상품계약,490825981465,국내증권사,B,SF205,각주항목(09.06월 이후)
25883,201706,0010123,씨티그룹글로벌마켓증권주식회사,C1,파생상품계약_장내파생상품,0,국내증권사,B,SF205,각주항목(09.06월 이후)
25884,201706,0010123,씨티그룹글로벌마켓증권주식회사,C11,파생상품계약_장내파생상품_이자율관련거래,0,국내증권사,B,SF205,각주항목(09.06월 이후)
25885,201706,0010123,씨티그룹글로벌마켓증권주식회사,C12,파생상품계약_장내파생상품_통화관련거래,0,국내증권사,B,SF205,각주항목(09.06월 이후)
25886,201706,0010123,씨티그룹글로벌마켓증권주식회사,C13,파생상품계약_장내파생상품_주식관련거래,0,국내증권사,B,SF205,각주항목(09.06월 이후)
25887,201706,0010123,씨티그룹글로벌마켓증권주식회사,C14,파생상품계약_장내파생상품_일반상품관련거래,0,국내증권사,B,SF205,각주항목(09.06월 이후)
25888,201706,0010123,씨티그룹글로벌마켓증권주식회사,C15,파생상품계약_장내파생상품_기타,0,국내증권사,B,SF205,각주항목(09.06월 이후)
25889,201706,0010123,씨티그룹글로벌마켓증권주식회사,C2,파생상품계약_장외파생상품,490825981465,국내증권사,B,SF205,각주항목(09.06월 이후)
25890,201706,0010123,씨티그룹글로벌마켓증권주식회사,C21,파생상품계약_장외파생상품_이자율관련거래,0,국내증권사,B,SF205,각주항목(09.06월 이후)
25891,201706,0010123,씨티그룹글로벌마켓증권주식회사,C22,파생상품계약_장외파생상품_통화관련거래,0,국내증권사,B,SF205,각주항목(09.06월 이후)
25892,201706,0010123,씨티그룹글로벌마켓증권주식회사,C23,파생상품계약_장외파생상품_주식관련거래,12400000000,국내증권사,B,SF205,각주항목(09.06월 이후)
25893,201706,0010123,씨티그룹글로벌마켓증권주식회사,C24,파생상품계약_장외파생상품_신용관련거래,0,국내증권사,B,SF205,각주항목(09.06월 이후)
25894,201706,0010123,씨티그룹글로벌마켓증권주식회사,C25,파생상품계약_장외파생상품_기타,478425981465,국내증권사,B,SF205,각주항목(09.06월 이후)
25895,201706,0010123,씨티그룹글로벌마켓증권주식회사,D,대차 및 대주거래,0,국내증권사,B,SF205,각주항목(09.06월 이후)
25896,201706,0010123,씨티그룹글로벌마켓증권주식회사,D1,대차 및 대주거래_대여증권,0,국내증권사,B,SF205,각주항목(09.06월 이후)
25897,201706,0010123,씨티그룹글로벌마켓증권주식회사,D2,대차 및 대주거래_차입증권,0,국내증권사,B,SF205,각주항목(09.06월 이후)
25898,201706,0010123,씨티그룹글로벌마켓증권주식회사,D3,대차 및 대주거래_신용거래대주,0,국내증권사,B,SF205,각주항목(09.06월 이후)
25899,201706,0010123,씨티그룹글로벌마켓증권주식회사,E,대손상각채권,0,국내증권사,B,SF205,각주항목(09.06월 이후)
25900,201706,0010123,씨티그룹글로벌마켓증권주식회사,F,환전업무 예치금,0,국내증권사,B,SF205,각주항목(09.06월 이후)
25901,201706,0010123,씨티그룹글로벌마켓증권주식회사,G,미배당별도예치금,0,국내증권사,B,SF205,각주항목(09.06월 이후)
25902,201706,0010123,씨티그룹글로벌마켓증권주식회사,H,배서어음매출(종금계정),0,국내증권사,B,SF205,각주항목(09.06월 이후)
25903,201706,0010123,씨티그룹글로벌마켓증권주식회사,H1,대출채권매매이익_담보부,0,국내증권사,B,SF205,각주항목(09.06월 이후)
25904,201706,0010123,씨티그룹글로벌마켓증권주식회사,H2,대출채권매매이익_무담보부,0,국내증권사,B,SF205,각주항목(09.06월 이후)
25905,201709,0010123,씨티그룹글로벌마켓증권주식회사,A,채무보증,0,국내증권사,B,SF205,각주항목(09.06월 이후)
25906,201709,0010123,씨티그룹글로벌마켓증권주식회사,A1,채무보증_지급보증,0,국내증권사,B,SF205,각주항목(09.06월 이후)
25907,201709,0010123,씨티그룹글로벌마켓증권주식회사,A2,채무보증_매입보장약정,0,국내증권사,B,SF205,각주항목(09.06월 이후)
25908,201709,0010123,씨티그룹글로벌마켓증권주식회사,A3,채무보증_채무인수약정,0,국내증권사,B,SF205,각주항목(09.06월 이후)
25909,201709,0010123,씨티그룹글로벌마켓증권주식회사,A5,채무보증_매입확약,0,국내증권사,B,SF205,각주항목(09.06월 이후)
25910,201709,0010123,씨티그룹글로벌마켓증권주식회사,A6,채무보증_기타,0,국내증권사,B,SF205,각주항목(09.06월 이후)
25911,201709,0010123,씨티그룹글로벌마켓증권주식회사,B,투자자의 예수증권 등,209776610000,국내증권사,B,SF205,각주항목(09.06월 이후)
25912,201709,0010123,씨티그룹글로벌마켓증권주식회사,B1,투자자의 예수증권 등_예수 증권,209776610000,국내증권사,B,SF205,각주항목(09.06월 이후)
25913,201709,0010123,씨티그룹글로벌마켓증권주식회사,B2,투자자의 예수증권 등_예수양도성예금증서,0,국내증권사,B,SF205,각주항목(09.06월 이후)
25914,201709,0010123,씨티그룹글로벌마켓증권주식회사,B3,투자자의 예수증권 등_기타,0,국내증권사,B,SF205,각주항목(09.06월 이후)
25915,201709,0010123,씨티그룹글로벌마켓증권주식회사,C,파생상품계약,247763565804,국내증권사,B,SF205,각주항목(09.06월 이후)
25916,201709,0010123,씨티그룹글로벌마켓증권주식회사,C1,파생상품계약_장내파생상품,0,국내증권사,B,SF205,각주항목(09.06월 이후)
25917,201709,0010123,씨티그룹글로벌마켓증권주식회사,C11,파생상품계약_장내파생상품_이자율관련거래,0,국내증권사,B,SF205,각주항목(09.06월 이후)
25918,201709,0010123,씨티그룹글로벌마켓증권주식회사,C12,파생상품계약_장내파생상품_통화관련거래,0,국내증권사,B,SF205,각주항목(09.06월 이후)
25919,201709,0010123,씨티그룹글로벌마켓증권주식회사,C13,파생상품계약_장내파생상품_주식관련거래,0,국내증권사,B,SF205,각주항목(09.06월 이후)
25920,201709,0010123,씨티그룹글로벌마켓증권주식회사,C14,파생상품계약_장내파생상품_일반상품관련거래,0,국내증권사,B,SF205,각주항목(09.06월 이후)
25921,201709,0010123,씨티그룹글로벌마켓증권주식회사,C15,파생상품계약_장내파생상품_기타,0,국내증권사,B,SF205,각주항목(09.06월 이후)
25922,201709,0010123,씨티그룹글로벌마켓증권주식회사,C2,파생상품계약_장외파생상품,247763565804,국내증권사,B,SF205,각주항목(09.06월 이후)
25923,201709,0010123,씨티그룹글로벌마켓증권주식회사,C21,파생상품계약_장외파생상품_이자율관련거래,0,국내증권사,B,SF205,각주항목(09.06월 이후)
25924,201709,0010123,씨티그룹글로벌마켓증권주식회사,C22,파생상품계약_장외파생상품_통화관련거래,310987999,국내증권사,B,SF205,각주항목(09.06월 이후)
25925,201709,0010123,씨티그룹글로벌마켓증권주식회사,C23,파생상품계약_장외파생상품_주식관련거래,12400000000,국내증권사,B,SF205,각주항목(09.06월 이후)
25926,201709,0010123,씨티그룹글로벌마켓증권주식회사,C24,파생상품계약_장외파생상품_신용관련거래,0,국내증권사,B,SF205,각주항목(09.06월 이후)
25927,201709,0010123,씨티그룹글로벌마켓증권주식회사,C25,파생상품계약_장외파생상품_기타,235052577805,국내증권사,B,SF205,각주항목(09.06월 이후)
25928,201709,0010123,씨티그룹글로벌마켓증권주식회사,D,대차 및 대주거래,0,국내증권사,B,SF205,각주항목(09.06월 이후)
25929,201709,0010123,씨티그룹글로벌마켓증권주식회사,D1,대차 및 대주거래_대여증권,0,국내증권사,B,SF205,각주항목(09.06월 이후)
25930,201709,0010123,씨티그룹글로벌마켓증권주식회사,D2,대차 및 대주거래_차입증권,0,국내증권사,B,SF205,각주항목(09.06월 이후)
25931,201709,0010123,씨티그룹글로벌마켓증권주식회사,D3,대차 및 대주거래_신용거래대주,0,국내증권사,B,SF205,각주항목(09.06월 이후)
25932,201709,0010123,씨티그룹글로벌마켓증권주식회사,E,대손상각채권,0,국내증권사,B,SF205,각주항목(09.06월 이후)
25933,201709,0010123,씨티그룹글로벌마켓증권주식회사,F,환전업무 예치금,0,국내증권사,B,SF205,각주항목(09.06월 이후)
25934,201709,0010123,씨티그룹글로벌마켓증권주식회사,G,미배당별도예치금,0,국내증권사,B,SF205,각주항목(09.06월 이후)
25935,201709,0010123,씨티그룹글로벌마켓증권주식회사,H,배서어음매출(종금계정),0,국내증권사,B,SF205,각주항목(09.06월 이후)
25936,201709,0010123,씨티그룹글로벌마켓증권주식회사,H1,대출채권매매이익_담보부,0,국내증권사,B,SF205,각주항목(09.06월 이후)
25937,201709,0010123,씨티그룹글로벌마켓증권주식회사,H2,대출채권매매이익_무담보부,0,국내증권사,B,SF205,각주항목(09.06월 이후)
25938,201712,0010123,씨티그룹글로벌마켓증권주식회사,A,채무보증,0,국내증권사,B,SF205,각주항목(09.06월 이후)
25939,201712,0010123,씨티그룹글로벌마켓증권주식회사,A1,채무보증_지급보증,0,국내증권사,B,SF205,각주항목(09.06월 이후)
25940,201712,0010123,씨티그룹글로벌마켓증권주식회사,A2,채무보증_매입보장약정, ,국내증권사,B,SF205,각주항목(09.06월 이후)
25941,201712,0010123,씨티그룹글로벌마켓증권주식회사,A3,채무보증_채무인수약정, ,국내증권사,B,SF205,각주항목(09.06월 이후)
25942,201712,0010123,씨티그룹글로벌마켓증권주식회사,A5,채무보증_매입확약,0,국내증권사,B,SF205,각주항목(09.06월 이후)
25943,201712,0010123,씨티그룹글로벌마켓증권주식회사,A6,채무보증_기타, ,국내증권사,B,SF205,각주항목(09.06월 이후)
25944,201712,0010123,씨티그룹글로벌마켓증권주식회사,B,투자자의 예수증권 등,138778821500,국내증권사,B,SF205,각주항목(09.06월 이후)
25945,201712,0010123,씨티그룹글로벌마켓증권주식회사,B1,투자자의 예수증권 등_예수 증권,138778821500,국내증권사,B,SF205,각주항목(09.06월 이후)
25946,201712,0010123,씨티그룹글로벌마켓증권주식회사,B2,투자자의 예수증권 등_예수양도성예금증서, ,국내증권사,B,SF205,각주항목(09.06월 이후)
25947,201712,0010123,씨티그룹글로벌마켓증권주식회사,B3,투자자의 예수증권 등_기타, ,국내증권사,B,SF205,각주항목(09.06월 이후)
25948,201712,0010123,씨티그룹글로벌마켓증권주식회사,C,파생상품계약,438660167870,국내증권사,B,SF205,각주항목(09.06월 이후)
25949,201712,0010123,씨티그룹글로벌마켓증권주식회사,C1,파생상품계약_장내파생상품,0,국내증권사,B,SF205,각주항목(09.06월 이후)
25950,201712,0010123,씨티그룹글로벌마켓증권주식회사,C11,파생상품계약_장내파생상품_이자율관련거래,0,국내증권사,B,SF205,각주항목(09.06월 이후)
25951,201712,0010123,씨티그룹글로벌마켓증권주식회사,C12,파생상품계약_장내파생상품_통화관련거래,0,국내증권사,B,SF205,각주항목(09.06월 이후)
25952,201712,0010123,씨티그룹글로벌마켓증권주식회사,C13,파생상품계약_장내파생상품_주식관련거래,0,국내증권사,B,SF205,각주항목(09.06월 이후)
25953,201712,0010123,씨티그룹글로벌마켓증권주식회사,C14,파생상품계약_장내파생상품_일반상품관련거래,0,국내증권사,B,SF205,각주항목(09.06월 이후)
25954,201712,0010123,씨티그룹글로벌마켓증권주식회사,C15,파생상품계약_장내파생상품_기타,0,국내증권사,B,SF205,각주항목(09.06월 이후)
25955,201712,0010123,씨티그룹글로벌마켓증권주식회사,C2,파생상품계약_장외파생상품,438660167870,국내증권사,B,SF205,각주항목(09.06월 이후)
25956,201712,0010123,씨티그룹글로벌마켓증권주식회사,C21,파생상품계약_장외파생상품_이자율관련거래,0,국내증권사,B,SF205,각주항목(09.06월 이후)
25957,201712,0010123,씨티그룹글로벌마켓증권주식회사,C22,파생상품계약_장외파생상품_통화관련거래,1341529321,국내증권사,B,SF205,각주항목(09.06월 이후)
25958,201712,0010123,씨티그룹글로벌마켓증권주식회사,C23,파생상품계약_장외파생상품_주식관련거래,0,국내증권사,B,SF205,각주항목(09.06월 이후)
25959,201712,0010123,씨티그룹글로벌마켓증권주식회사,C24,파생상품계약_장외파생상품_신용관련거래,0,국내증권사,B,SF205,각주항목(09.06월 이후)
25960,201712,0010123,씨티그룹글로벌마켓증권주식회사,C25,파생상품계약_장외파생상품_기타,437318638549,국내증권사,B,SF205,각주항목(09.06월 이후)
25961,201712,0010123,씨티그룹글로벌마켓증권주식회사,D,대차 및 대주거래,0,국내증권사,B,SF205,각주항목(09.06월 이후)
25962,201712,0010123,씨티그룹글로벌마켓증권주식회사,D1,대차 및 대주거래_대여증권,0,국내증권사,B,SF205,각주항목(09.06월 이후)
25963,201712,0010123,씨티그룹글로벌마켓증권주식회사,D2,대차 및 대주거래_차입증권,0,국내증권사,B,SF205,각주항목(09.06월 이후)
25964,201712,0010123,씨티그룹글로벌마켓증권주식회사,D3,대차 및 대주거래_신용거래대주, ,국내증권사,B,SF205,각주항목(09.06월 이후)
25965,201712,0010123,씨티그룹글로벌마켓증권주식회사,E,대손상각채권, ,국내증권사,B,SF205,각주항목(09.06월 이후)
25966,201712,0010123,씨티그룹글로벌마켓증권주식회사,F,환전업무 예치금,0,국내증권사,B,SF205,각주항목(09.06월 이후)
25967,201712,0010123,씨티그룹글로벌마켓증권주식회사,G,미배당별도예치금, ,국내증권사,B,SF205,각주항목(09.06월 이후)
25968,201712,0010123,씨티그룹글로벌마켓증권주식회사,H,배서어음매출(종금계정),0,국내증권사,B,SF205,각주항목(09.06월 이후)
25969,201712,0010123,씨티그룹글로벌마켓증권주식회사,H1,대출채권매매이익_담보부, ,국내증권사,B,SF205,각주항목(09.06월 이후)
25970,201712,0010123,씨티그룹글로벌마켓증권주식회사,H2,대출채권매매이익_무담보부, ,국내증권사,B,SF205,각주항목(09.06월 이후)
25971,201803,0010123,씨티그룹글로벌마켓증권주식회사,A,채무보증,0,국내증권사,B,SF205,각주항목(09.06월 이후)
25972,201803,0010123,씨티그룹글로벌마켓증권주식회사,A1,채무보증_지급보증,0,국내증권사,B,SF205,각주항목(09.06월 이후)
25973,201803,0010123,씨티그룹글로벌마켓증권주식회사,A2,채무보증_매입보장약정,0,국내증권사,B,SF205,각주항목(09.06월 이후)
25974,201803,0010123,씨티그룹글로벌마켓증권주식회사,A3,채무보증_채무인수약정,0,국내증권사,B,SF205,각주항목(09.06월 이후)
25975,201803,0010123,씨티그룹글로벌마켓증권주식회사,A5,채무보증_매입확약,0,국내증권사,B,SF205,각주항목(09.06월 이후)
25976,201803,0010123,씨티그룹글로벌마켓증권주식회사,A6,채무보증_기타,0,국내증권사,B,SF205,각주항목(09.06월 이후)
25977,201803,0010123,씨티그룹글로벌마켓증권주식회사,B,투자자의 예수증권 등,59885000000,국내증권사,B,SF205,각주항목(09.06월 이후)
25978,201803,0010123,씨티그룹글로벌마켓증권주식회사,B1,투자자의 예수증권 등_예수 증권,59885000000,국내증권사,B,SF205,각주항목(09.06월 이후)
25979,201803,0010123,씨티그룹글로벌마켓증권주식회사,B2,투자자의 예수증권 등_예수양도성예금증서,0,국내증권사,B,SF205,각주항목(09.06월 이후)
25980,201803,0010123,씨티그룹글로벌마켓증권주식회사,B3,투자자의 예수증권 등_기타,0,국내증권사,B,SF205,각주항목(09.06월 이후)
25981,201803,0010123,씨티그룹글로벌마켓증권주식회사,C,파생상품계약,134921037839,국내증권사,B,SF205,각주항목(09.06월 이후)
25982,201803,0010123,씨티그룹글로벌마켓증권주식회사,C1,파생상품계약_장내파생상품,0,국내증권사,B,SF205,각주항목(09.06월 이후)
25983,201803,0010123,씨티그룹글로벌마켓증권주식회사,C11,파생상품계약_장내파생상품_이자율관련거래,0,국내증권사,B,SF205,각주항목(09.06월 이후)
25984,201803,0010123,씨티그룹글로벌마켓증권주식회사,C12,파생상품계약_장내파생상품_통화관련거래,0,국내증권사,B,SF205,각주항목(09.06월 이후)
25985,201803,0010123,씨티그룹글로벌마켓증권주식회사,C13,파생상품계약_장내파생상품_주식관련거래,0,국내증권사,B,SF205,각주항목(09.06월 이후)
25986,201803,0010123,씨티그룹글로벌마켓증권주식회사,C14,파생상품계약_장내파생상품_일반상품관련거래,0,국내증권사,B,SF205,각주항목(09.06월 이후)
25987,201803,0010123,씨티그룹글로벌마켓증권주식회사,C15,파생상품계약_장내파생상품_기타,0,국내증권사,B,SF205,각주항목(09.06월 이후)
25988,201803,0010123,씨티그룹글로벌마켓증권주식회사,C2,파생상품계약_장외파생상품,134921037839,국내증권사,B,SF205,각주항목(09.06월 이후)
25989,201803,0010123,씨티그룹글로벌마켓증권주식회사,C21,파생상품계약_장외파생상품_이자율관련거래,0,국내증권사,B,SF205,각주항목(09.06월 이후)
25990,201803,0010123,씨티그룹글로벌마켓증권주식회사,C22,파생상품계약_장외파생상품_통화관련거래,0,국내증권사,B,SF205,각주항목(09.06월 이후)
25991,201803,0010123,씨티그룹글로벌마켓증권주식회사,C23,파생상품계약_장외파생상품_주식관련거래,12400000000,국내증권사,B,SF205,각주항목(09.06월 이후)
25992,201803,0010123,씨티그룹글로벌마켓증권주식회사,C24,파생상품계약_장외파생상품_신용관련거래,0,국내증권사,B,SF205,각주항목(09.06월 이후)
25993,201803,0010123,씨티그룹글로벌마켓증권주식회사,C25,파생상품계약_장외파생상품_기타,122521037839,국내증권사,B,SF205,각주항목(09.06월 이후)
25994,201803,0010123,씨티그룹글로벌마켓증권주식회사,D,대차 및 대주거래,0,국내증권사,B,SF205,각주항목(09.06월 이후)
25995,201803,0010123,씨티그룹글로벌마켓증권주식회사,D1,대차 및 대주거래_대여증권,0,국내증권사,B,SF205,각주항목(09.06월 이후)
25996,201803,0010123,씨티그룹글로벌마켓증권주식회사,D2,대차 및 대주거래_차입증권,0,국내증권사,B,SF205,각주항목(09.06월 이후)
25997,201803,0010123,씨티그룹글로벌마켓증권주식회사,D3,대차 및 대주거래_신용거래대주,0,국내증권사,B,SF205,각주항목(09.06월 이후)
25998,201803,0010123,씨티그룹글로벌마켓증권주식회사,E,대손상각채권,0,국내증권사,B,SF205,각주항목(09.06월 이후)
25999,201803,0010123,씨티그룹글로벌마켓증권주식회사,F,환전업무 예치금,0,국내증권사,B,SF205,각주항목(09.06월 이후)
26000,201803,0010123,씨티그룹글로벌마켓증권주식회사,G,미배당별도예치금,0,국내증권사,B,SF205,각주항목(09.06월 이후)
26001,201803,0010123,씨티그룹글로벌마켓증권주식회사,H,배서어음매출(종금계정),0,국내증권사,B,SF205,각주항목(09.06월 이후)
26002,201803,0010123,씨티그룹글로벌마켓증권주식회사,H1,대출채권매매이익_담보부,0,국내증권사,B,SF205,각주항목(09.06월 이후)
26003,201803,0010123,씨티그룹글로벌마켓증권주식회사,H2,대출채권매매이익_무담보부,0,국내증권사,B,SF205,각주항목(09.06월 이후)
26004,201806,0010123,씨티그룹글로벌마켓증권주식회사,A,채무보증,0,국내증권사,B,SF205,각주항목(09.06월 이후)
26005,201806,0010123,씨티그룹글로벌마켓증권주식회사,A1,채무보증_지급보증,0,국내증권사,B,SF205,각주항목(09.06월 이후)
26006,201806,0010123,씨티그룹글로벌마켓증권주식회사,A2,채무보증_매입보장약정,0,국내증권사,B,SF205,각주항목(09.06월 이후)
26007,201806,0010123,씨티그룹글로벌마켓증권주식회사,A3,채무보증_채무인수약정,0,국내증권사,B,SF205,각주항목(09.06월 이후)
26008,201806,0010123,씨티그룹글로벌마켓증권주식회사,A5,채무보증_매입확약,0,국내증권사,B,SF205,각주항목(09.06월 이후)
26009,201806,0010123,씨티그룹글로벌마켓증권주식회사,A6,채무보증_기타,0,국내증권사,B,SF205,각주항목(09.06월 이후)
26010,201806,0010123,씨티그룹글로벌마켓증권주식회사,B,투자자의 예수증권 등,57867000000,국내증권사,B,SF205,각주항목(09.06월 이후)
26011,201806,0010123,씨티그룹글로벌마켓증권주식회사,B1,투자자의 예수증권 등_예수 증권,57867000000,국내증권사,B,SF205,각주항목(09.06월 이후)
26012,201806,0010123,씨티그룹글로벌마켓증권주식회사,B2,투자자의 예수증권 등_예수양도성예금증서,0,국내증권사,B,SF205,각주항목(09.06월 이후)
26013,201806,0010123,씨티그룹글로벌마켓증권주식회사,B3,투자자의 예수증권 등_기타,0,국내증권사,B,SF205,각주항목(09.06월 이후)
26014,201806,0010123,씨티그룹글로벌마켓증권주식회사,C,파생상품계약,106700032360,국내증권사,B,SF205,각주항목(09.06월 이후)
26015,201806,0010123,씨티그룹글로벌마켓증권주식회사,C1,파생상품계약_장내파생상품,0,국내증권사,B,SF205,각주항목(09.06월 이후)
26016,201806,0010123,씨티그룹글로벌마켓증권주식회사,C11,파생상품계약_장내파생상품_이자율관련거래,0,국내증권사,B,SF205,각주항목(09.06월 이후)
26017,201806,0010123,씨티그룹글로벌마켓증권주식회사,C12,파생상품계약_장내파생상품_통화관련거래,0,국내증권사,B,SF205,각주항목(09.06월 이후)
26018,201806,0010123,씨티그룹글로벌마켓증권주식회사,C13,파생상품계약_장내파생상품_주식관련거래,0,국내증권사,B,SF205,각주항목(09.06월 이후)
26019,201806,0010123,씨티그룹글로벌마켓증권주식회사,C14,파생상품계약_장내파생상품_일반상품관련거래,0,국내증권사,B,SF205,각주항목(09.06월 이후)
26020,201806,0010123,씨티그룹글로벌마켓증권주식회사,C15,파생상품계약_장내파생상품_기타,0,국내증권사,B,SF205,각주항목(09.06월 이후)
26021,201806,0010123,씨티그룹글로벌마켓증권주식회사,C2,파생상품계약_장외파생상품,106700032360,국내증권사,B,SF205,각주항목(09.06월 이후)
26022,201806,0010123,씨티그룹글로벌마켓증권주식회사,C21,파생상품계약_장외파생상품_이자율관련거래,0,국내증권사,B,SF205,각주항목(09.06월 이후)
26023,201806,0010123,씨티그룹글로벌마켓증권주식회사,C22,파생상품계약_장외파생상품_통화관련거래,0,국내증권사,B,SF205,각주항목(09.06월 이후)
26024,201806,0010123,씨티그룹글로벌마켓증권주식회사,C23,파생상품계약_장외파생상품_주식관련거래,0,국내증권사,B,SF205,각주항목(09.06월 이후)
26025,201806,0010123,씨티그룹글로벌마켓증권주식회사,C24,파생상품계약_장외파생상품_신용관련거래,0,국내증권사,B,SF205,각주항목(09.06월 이후)
26026,201806,0010123,씨티그룹글로벌마켓증권주식회사,C25,파생상품계약_장외파생상품_기타,106700032360,국내증권사,B,SF205,각주항목(09.06월 이후)
26027,201806,0010123,씨티그룹글로벌마켓증권주식회사,D,대차 및 대주거래,0,국내증권사,B,SF205,각주항목(09.06월 이후)
26028,201806,0010123,씨티그룹글로벌마켓증권주식회사,D1,대차 및 대주거래_대여증권,0,국내증권사,B,SF205,각주항목(09.06월 이후)
26029,201806,0010123,씨티그룹글로벌마켓증권주식회사,D2,대차 및 대주거래_차입증권,0,국내증권사,B,SF205,각주항목(09.06월 이후)
26030,201806,0010123,씨티그룹글로벌마켓증권주식회사,D3,대차 및 대주거래_신용거래대주,0,국내증권사,B,SF205,각주항목(09.06월 이후)
26031,201806,0010123,씨티그룹글로벌마켓증권주식회사,E,대손상각채권,0,국내증권사,B,SF205,각주항목(09.06월 이후)
26032,201806,0010123,씨티그룹글로벌마켓증권주식회사,F,환전업무 예치금,0,국내증권사,B,SF205,각주항목(09.06월 이후)
26033,201806,0010123,씨티그룹글로벌마켓증권주식회사,G,미배당별도예치금,0,국내증권사,B,SF205,각주항목(09.06월 이후)
26034,201806,0010123,씨티그룹글로벌마켓증권주식회사,H,배서어음매출(종금계정),0,국내증권사,B,SF205,각주항목(09.06월 이후)
26035,201806,0010123,씨티그룹글로벌마켓증권주식회사,H1,대출채권매매이익_담보부,0,국내증권사,B,SF205,각주항목(09.06월 이후)
26036,201806,0010123,씨티그룹글로벌마켓증권주식회사,H2,대출채권매매이익_무담보부,0,국내증권사,B,SF205,각주항목(09.06월 이후)
26037,201809,0010123,씨티그룹글로벌마켓증권주식회사,A,채무보증,0,국내증권사,B,SF205,각주항목(09.06월 이후)
26038,201809,0010123,씨티그룹글로벌마켓증권주식회사,A1,채무보증_지급보증,0,국내증권사,B,SF205,각주항목(09.06월 이후)
26039,201809,0010123,씨티그룹글로벌마켓증권주식회사,A2,채무보증_매입보장약정,0,국내증권사,B,SF205,각주항목(09.06월 이후)
26040,201809,0010123,씨티그룹글로벌마켓증권주식회사,A3,채무보증_채무인수약정,0,국내증권사,B,SF205,각주항목(09.06월 이후)
26041,201809,0010123,씨티그룹글로벌마켓증권주식회사,A5,채무보증_매입확약,0,국내증권사,B,SF205,각주항목(09.06월 이후)
26042,201809,0010123,씨티그룹글로벌마켓증권주식회사,A6,채무보증_기타,0,국내증권사,B,SF205,각주항목(09.06월 이후)
26043,201809,0010123,씨티그룹글로벌마켓증권주식회사,B,투자자의 예수증권 등,57577000000,국내증권사,B,SF205,각주항목(09.06월 이후)
26044,201809,0010123,씨티그룹글로벌마켓증권주식회사,B1,투자자의 예수증권 등_예수 증권,57577000000,국내증권사,B,SF205,각주항목(09.06월 이후)
26045,201809,0010123,씨티그룹글로벌마켓증권주식회사,B2,투자자의 예수증권 등_예수양도성예금증서,0,국내증권사,B,SF205,각주항목(09.06월 이후)
26046,201809,0010123,씨티그룹글로벌마켓증권주식회사,B3,투자자의 예수증권 등_기타,0,국내증권사,B,SF205,각주항목(09.06월 이후)
26047,201809,0010123,씨티그룹글로벌마켓증권주식회사,C,파생상품계약,102470038688,국내증권사,B,SF205,각주항목(09.06월 이후)
26048,201809,0010123,씨티그룹글로벌마켓증권주식회사,C1,파생상품계약_장내파생상품,0,국내증권사,B,SF205,각주항목(09.06월 이후)
26049,201809,0010123,씨티그룹글로벌마켓증권주식회사,C11,파생상품계약_장내파생상품_이자율관련거래,0,국내증권사,B,SF205,각주항목(09.06월 이후)
26050,201809,0010123,씨티그룹글로벌마켓증권주식회사,C12,파생상품계약_장내파생상품_통화관련거래,0,국내증권사,B,SF205,각주항목(09.06월 이후)
26051,201809,0010123,씨티그룹글로벌마켓증권주식회사,C13,파생상품계약_장내파생상품_주식관련거래,0,국내증권사,B,SF205,각주항목(09.06월 이후)
26052,201809,0010123,씨티그룹글로벌마켓증권주식회사,C14,파생상품계약_장내파생상품_일반상품관련거래,0,국내증권사,B,SF205,각주항목(09.06월 이후)
26053,201809,0010123,씨티그룹글로벌마켓증권주식회사,C15,파생상품계약_장내파생상품_기타,0,국내증권사,B,SF205,각주항목(09.06월 이후)
26054,201809,0010123,씨티그룹글로벌마켓증권주식회사,C2,파생상품계약_장외파생상품,102470038688,국내증권사,B,SF205,각주항목(09.06월 이후)
26055,201809,0010123,씨티그룹글로벌마켓증권주식회사,C21,파생상품계약_장외파생상품_이자율관련거래,0,국내증권사,B,SF205,각주항목(09.06월 이후)
26056,201809,0010123,씨티그룹글로벌마켓증권주식회사,C22,파생상품계약_장외파생상품_통화관련거래,0,국내증권사,B,SF205,각주항목(09.06월 이후)
26057,201809,0010123,씨티그룹글로벌마켓증권주식회사,C23,파생상품계약_장외파생상품_주식관련거래,0,국내증권사,B,SF205,각주항목(09.06월 이후)
26058,201809,0010123,씨티그룹글로벌마켓증권주식회사,C24,파생상품계약_장외파생상품_신용관련거래,0,국내증권사,B,SF205,각주항목(09.06월 이후)
26059,201809,0010123,씨티그룹글로벌마켓증권주식회사,C25,파생상품계약_장외파생상품_기타,102470038688,국내증권사,B,SF205,각주항목(09.06월 이후)
26060,201809,0010123,씨티그룹글로벌마켓증권주식회사,D,대차 및 대주거래,0,국내증권사,B,SF205,각주항목(09.06월 이후)
26061,201809,0010123,씨티그룹글로벌마켓증권주식회사,D1,대차 및 대주거래_대여증권,0,국내증권사,B,SF205,각주항목(09.06월 이후)
26062,201809,0010123,씨티그룹글로벌마켓증권주식회사,D2,대차 및 대주거래_차입증권,0,국내증권사,B,SF205,각주항목(09.06월 이후)
26063,201809,0010123,씨티그룹글로벌마켓증권주식회사,D3,대차 및 대주거래_신용거래대주,0,국내증권사,B,SF205,각주항목(09.06월 이후)
26064,201809,0010123,씨티그룹글로벌마켓증권주식회사,E,대손상각채권,0,국내증권사,B,SF205,각주항목(09.06월 이후)
26065,201809,0010123,씨티그룹글로벌마켓증권주식회사,F,환전업무 예치금,0,국내증권사,B,SF205,각주항목(09.06월 이후)
26066,201809,0010123,씨티그룹글로벌마켓증권주식회사,G,미배당별도예치금,0,국내증권사,B,SF205,각주항목(09.06월 이후)
26067,201809,0010123,씨티그룹글로벌마켓증권주식회사,H,배서어음매출(종금계정),0,국내증권사,B,SF205,각주항목(09.06월 이후)
26068,201809,0010123,씨티그룹글로벌마켓증권주식회사,H1,대출채권매매이익_담보부,0,국내증권사,B,SF205,각주항목(09.06월 이후)
26069,201809,0010123,씨티그룹글로벌마켓증권주식회사,H2,대출채권매매이익_무담보부,0,국내증권사,B,SF205,각주항목(09.06월 이후)
26070,201812,0010123,씨티그룹글로벌마켓증권주식회사,A,채무보증,0,국내증권사,B,SF205,각주항목(09.06월 이후)
26071,201812,0010123,씨티그룹글로벌마켓증권주식회사,A1,채무보증_지급보증,0,국내증권사,B,SF205,각주항목(09.06월 이후)
26072,201812,0010123,씨티그룹글로벌마켓증권주식회사,A2,채무보증_매입보장약정,0,국내증권사,B,SF205,각주항목(09.06월 이후)
26073,201812,0010123,씨티그룹글로벌마켓증권주식회사,A3,채무보증_채무인수약정,0,국내증권사,B,SF205,각주항목(09.06월 이후)
26074,201812,0010123,씨티그룹글로벌마켓증권주식회사,A5,채무보증_매입확약,0,국내증권사,B,SF205,각주항목(09.06월 이후)
26075,201812,0010123,씨티그룹글로벌마켓증권주식회사,A6,채무보증_기타,0,국내증권사,B,SF205,각주항목(09.06월 이후)
26076,201812,0010123,씨티그룹글로벌마켓증권주식회사,B,투자자의 예수증권 등,49881000000,국내증권사,B,SF205,각주항목(09.06월 이후)
26077,201812,0010123,씨티그룹글로벌마켓증권주식회사,B1,투자자의 예수증권 등_예수 증권,49881000000,국내증권사,B,SF205,각주항목(09.06월 이후)
26078,201812,0010123,씨티그룹글로벌마켓증권주식회사,B2,투자자의 예수증권 등_예수양도성예금증서,0,국내증권사,B,SF205,각주항목(09.06월 이후)
26079,201812,0010123,씨티그룹글로벌마켓증권주식회사,B3,투자자의 예수증권 등_기타,0,국내증권사,B,SF205,각주항목(09.06월 이후)
26080,201812,0010123,씨티그룹글로벌마켓증권주식회사,C,파생상품계약,99149800336,국내증권사,B,SF205,각주항목(09.06월 이후)
26081,201812,0010123,씨티그룹글로벌마켓증권주식회사,C1,파생상품계약_장내파생상품,0,국내증권사,B,SF205,각주항목(09.06월 이후)
26082,201812,0010123,씨티그룹글로벌마켓증권주식회사,C11,파생상품계약_장내파생상품_이자율관련거래,0,국내증권사,B,SF205,각주항목(09.06월 이후)
26083,201812,0010123,씨티그룹글로벌마켓증권주식회사,C12,파생상품계약_장내파생상품_통화관련거래,0,국내증권사,B,SF205,각주항목(09.06월 이후)
26084,201812,0010123,씨티그룹글로벌마켓증권주식회사,C13,파생상품계약_장내파생상품_주식관련거래,0,국내증권사,B,SF205,각주항목(09.06월 이후)
26085,201812,0010123,씨티그룹글로벌마켓증권주식회사,C14,파생상품계약_장내파생상품_일반상품관련거래,0,국내증권사,B,SF205,각주항목(09.06월 이후)
26086,201812,0010123,씨티그룹글로벌마켓증권주식회사,C15,파생상품계약_장내파생상품_기타,0,국내증권사,B,SF205,각주항목(09.06월 이후)
26087,201812,0010123,씨티그룹글로벌마켓증권주식회사,C2,파생상품계약_장외파생상품,99149800336,국내증권사,B,SF205,각주항목(09.06월 이후)
26088,201812,0010123,씨티그룹글로벌마켓증권주식회사,C21,파생상품계약_장외파생상품_이자율관련거래,0,국내증권사,B,SF205,각주항목(09.06월 이후)
26089,201812,0010123,씨티그룹글로벌마켓증권주식회사,C22,파생상품계약_장외파생상품_통화관련거래,0,국내증권사,B,SF205,각주항목(09.06월 이후)
26090,201812,0010123,씨티그룹글로벌마켓증권주식회사,C23,파생상품계약_장외파생상품_주식관련거래,0,국내증권사,B,SF205,각주항목(09.06월 이후)
26091,201812,0010123,씨티그룹글로벌마켓증권주식회사,C24,파생상품계약_장외파생상품_신용관련거래,0,국내증권사,B,SF205,각주항목(09.06월 이후)
26092,201812,0010123,씨티그룹글로벌마켓증권주식회사,C25,파생상품계약_장외파생상품_기타,99149800336,국내증권사,B,SF205,각주항목(09.06월 이후)
26093,201812,0010123,씨티그룹글로벌마켓증권주식회사,D,대차 및 대주거래,0,국내증권사,B,SF205,각주항목(09.06월 이후)
26094,201812,0010123,씨티그룹글로벌마켓증권주식회사,D1,대차 및 대주거래_대여증권,0,국내증권사,B,SF205,각주항목(09.06월 이후)
26095,201812,0010123,씨티그룹글로벌마켓증권주식회사,D2,대차 및 대주거래_차입증권,0,국내증권사,B,SF205,각주항목(09.06월 이후)
26096,201812,0010123,씨티그룹글로벌마켓증권주식회사,D3,대차 및 대주거래_신용거래대주,0,국내증권사,B,SF205,각주항목(09.06월 이후)
26097,201812,0010123,씨티그룹글로벌마켓증권주식회사,E,대손상각채권,0,국내증권사,B,SF205,각주항목(09.06월 이후)
26098,201812,0010123,씨티그룹글로벌마켓증권주식회사,F,환전업무 예치금,0,국내증권사,B,SF205,각주항목(09.06월 이후)
26099,201812,0010123,씨티그룹글로벌마켓증권주식회사,G,미배당별도예치금,0,국내증권사,B,SF205,각주항목(09.06월 이후)
26100,201812,0010123,씨티그룹글로벌마켓증권주식회사,H,배서어음매출(종금계정),0,국내증권사,B,SF205,각주항목(09.06월 이후)
26101,201812,0010123,씨티그룹글로벌마켓증권주식회사,H1,대출채권매매이익_담보부,0,국내증권사,B,SF205,각주항목(09.06월 이후)
26102,201812,0010123,씨티그룹글로벌마켓증권주식회사,H2,대출채권매매이익_무담보부,0,국내증권사,B,SF205,각주항목(09.06월 이후)
26103,201903,0010123,씨티그룹글로벌마켓증권주식회사,A,채무보증,0,국내증권사,B,SF205,각주항목(09.06월 이후)
26104,201903,0010123,씨티그룹글로벌마켓증권주식회사,A1,채무보증_지급보증,0,국내증권사,B,SF205,각주항목(09.06월 이후)
26105,201903,0010123,씨티그룹글로벌마켓증권주식회사,A2,채무보증_매입보장약정,0,국내증권사,B,SF205,각주항목(09.06월 이후)
26106,201903,0010123,씨티그룹글로벌마켓증권주식회사,A3,채무보증_채무인수약정,0,국내증권사,B,SF205,각주항목(09.06월 이후)
26107,201903,0010123,씨티그룹글로벌마켓증권주식회사,A5,채무보증_매입확약,0,국내증권사,B,SF205,각주항목(09.06월 이후)
26108,201903,0010123,씨티그룹글로벌마켓증권주식회사,A6,채무보증_기타,0,국내증권사,B,SF205,각주항목(09.06월 이후)
26109,201903,0010123,씨티그룹글로벌마켓증권주식회사,B,투자자의 예수증권 등,56028000000,국내증권사,B,SF205,각주항목(09.06월 이후)
26110,201903,0010123,씨티그룹글로벌마켓증권주식회사,B1,투자자의 예수증권 등_예수 증권,56028000000,국내증권사,B,SF205,각주항목(09.06월 이후)
26111,201903,0010123,씨티그룹글로벌마켓증권주식회사,B2,투자자의 예수증권 등_예수양도성예금증서,0,국내증권사,B,SF205,각주항목(09.06월 이후)
26112,201903,0010123,씨티그룹글로벌마켓증권주식회사,B3,투자자의 예수증권 등_기타,0,국내증권사,B,SF205,각주항목(09.06월 이후)
26113,201903,0010123,씨티그룹글로벌마켓증권주식회사,C,파생상품계약,94741912710,국내증권사,B,SF205,각주항목(09.06월 이후)
26114,201903,0010123,씨티그룹글로벌마켓증권주식회사,C1,파생상품계약_장내파생상품,0,국내증권사,B,SF205,각주항목(09.06월 이후)
26115,201903,0010123,씨티그룹글로벌마켓증권주식회사,C11,파생상품계약_장내파생상품_이자율관련거래,0,국내증권사,B,SF205,각주항목(09.06월 이후)
26116,201903,0010123,씨티그룹글로벌마켓증권주식회사,C12,파생상품계약_장내파생상품_통화관련거래,0,국내증권사,B,SF205,각주항목(09.06월 이후)
26117,201903,0010123,씨티그룹글로벌마켓증권주식회사,C13,파생상품계약_장내파생상품_주식관련거래,0,국내증권사,B,SF205,각주항목(09.06월 이후)
26118,201903,0010123,씨티그룹글로벌마켓증권주식회사,C14,파생상품계약_장내파생상품_일반상품관련거래,0,국내증권사,B,SF205,각주항목(09.06월 이후)
26119,201903,0010123,씨티그룹글로벌마켓증권주식회사,C15,파생상품계약_장내파생상품_기타,0,국내증권사,B,SF205,각주항목(09.06월 이후)
26120,201903,0010123,씨티그룹글로벌마켓증권주식회사,C2,파생상품계약_장외파생상품,94741912710,국내증권사,B,SF205,각주항목(09.06월 이후)
26121,201903,0010123,씨티그룹글로벌마켓증권주식회사,C21,파생상품계약_장외파생상품_이자율관련거래,0,국내증권사,B,SF205,각주항목(09.06월 이후)
26122,201903,0010123,씨티그룹글로벌마켓증권주식회사,C22,파생상품계약_장외파생상품_통화관련거래,0,국내증권사,B,SF205,각주항목(09.06월 이후)
26123,201903,0010123,씨티그룹글로벌마켓증권주식회사,C23,파생상품계약_장외파생상품_주식관련거래,0,국내증권사,B,SF205,각주항목(09.06월 이후)
26124,201903,0010123,씨티그룹글로벌마켓증권주식회사,C24,파생상품계약_장외파생상품_신용관련거래,0,국내증권사,B,SF205,각주항목(09.06월 이후)
26125,201903,0010123,씨티그룹글로벌마켓증권주식회사,C25,파생상품계약_장외파생상품_기타,94741912710,국내증권사,B,SF205,각주항목(09.06월 이후)
26126,201903,0010123,씨티그룹글로벌마켓증권주식회사,D,대차 및 대주거래,0,국내증권사,B,SF205,각주항목(09.06월 이후)
26127,201903,0010123,씨티그룹글로벌마켓증권주식회사,D1,대차 및 대주거래_대여증권,0,국내증권사,B,SF205,각주항목(09.06월 이후)
26128,201903,0010123,씨티그룹글로벌마켓증권주식회사,D2,대차 및 대주거래_차입증권,0,국내증권사,B,SF205,각주항목(09.06월 이후)
26129,201903,0010123,씨티그룹글로벌마켓증권주식회사,D3,대차 및 대주거래_신용거래대주,0,국내증권사,B,SF205,각주항목(09.06월 이후)
26130,201903,0010123,씨티그룹글로벌마켓증권주식회사,E,대손상각채권,0,국내증권사,B,SF205,각주항목(09.06월 이후)
26131,201903,0010123,씨티그룹글로벌마켓증권주식회사,F,환전업무 예치금,0,국내증권사,B,SF205,각주항목(09.06월 이후)
26132,201903,0010123,씨티그룹글로벌마켓증권주식회사,G,미배당별도예치금,0,국내증권사,B,SF205,각주항목(09.06월 이후)
26133,201903,0010123,씨티그룹글로벌마켓증권주식회사,H,배서어음매출(종금계정),0,국내증권사,B,SF205,각주항목(09.06월 이후)
26134,201903,0010123,씨티그룹글로벌마켓증권주식회사,H1,대출채권매매이익_담보부,0,국내증권사,B,SF205,각주항목(09.06월 이후)
26135,201903,0010123,씨티그룹글로벌마켓증권주식회사,H2,대출채권매매이익_무담보부,0,국내증권사,B,SF205,각주항목(09.06월 이후)
26136,201906,0010123,씨티그룹글로벌마켓증권주식회사,A,채무보증,0,국내증권사,B,SF205,각주항목(09.06월 이후)
26137,201906,0010123,씨티그룹글로벌마켓증권주식회사,A1,채무보증_지급보증,0,국내증권사,B,SF205,각주항목(09.06월 이후)
26138,201906,0010123,씨티그룹글로벌마켓증권주식회사,A2,채무보증_매입보장약정,0,국내증권사,B,SF205,각주항목(09.06월 이후)
26139,201906,0010123,씨티그룹글로벌마켓증권주식회사,A3,채무보증_채무인수약정,0,국내증권사,B,SF205,각주항목(09.06월 이후)
26140,201906,0010123,씨티그룹글로벌마켓증권주식회사,A5,채무보증_매입확약,0,국내증권사,B,SF205,각주항목(09.06월 이후)
26141,201906,0010123,씨티그룹글로벌마켓증권주식회사,A6,채무보증_기타,0,국내증권사,B,SF205,각주항목(09.06월 이후)
26142,201906,0010123,씨티그룹글로벌마켓증권주식회사,B,투자자의 예수증권 등,58568000000,국내증권사,B,SF205,각주항목(09.06월 이후)
26143,201906,0010123,씨티그룹글로벌마켓증권주식회사,B1,투자자의 예수증권 등_예수 증권,58568000000,국내증권사,B,SF205,각주항목(09.06월 이후)
26144,201906,0010123,씨티그룹글로벌마켓증권주식회사,B2,투자자의 예수증권 등_예수양도성예금증서,0,국내증권사,B,SF205,각주항목(09.06월 이후)
26145,201906,0010123,씨티그룹글로벌마켓증권주식회사,B3,투자자의 예수증권 등_기타,0,국내증권사,B,SF205,각주항목(09.06월 이후)
26146,201906,0010123,씨티그룹글로벌마켓증권주식회사,C,파생상품계약,90887936198,국내증권사,B,SF205,각주항목(09.06월 이후)
26147,201906,0010123,씨티그룹글로벌마켓증권주식회사,C1,파생상품계약_장내파생상품,0,국내증권사,B,SF205,각주항목(09.06월 이후)
26148,201906,0010123,씨티그룹글로벌마켓증권주식회사,C11,파생상품계약_장내파생상품_이자율관련거래,0,국내증권사,B,SF205,각주항목(09.06월 이후)
26149,201906,0010123,씨티그룹글로벌마켓증권주식회사,C12,파생상품계약_장내파생상품_통화관련거래,0,국내증권사,B,SF205,각주항목(09.06월 이후)
26150,201906,0010123,씨티그룹글로벌마켓증권주식회사,C13,파생상품계약_장내파생상품_주식관련거래,0,국내증권사,B,SF205,각주항목(09.06월 이후)
26151,201906,0010123,씨티그룹글로벌마켓증권주식회사,C14,파생상품계약_장내파생상품_일반상품관련거래,0,국내증권사,B,SF205,각주항목(09.06월 이후)
26152,201906,0010123,씨티그룹글로벌마켓증권주식회사,C15,파생상품계약_장내파생상품_기타,0,국내증권사,B,SF205,각주항목(09.06월 이후)
26153,201906,0010123,씨티그룹글로벌마켓증권주식회사,C2,파생상품계약_장외파생상품,90887936198,국내증권사,B,SF205,각주항목(09.06월 이후)
26154,201906,0010123,씨티그룹글로벌마켓증권주식회사,C21,파생상품계약_장외파생상품_이자율관련거래,0,국내증권사,B,SF205,각주항목(09.06월 이후)
26155,201906,0010123,씨티그룹글로벌마켓증권주식회사,C22,파생상품계약_장외파생상품_통화관련거래,0,국내증권사,B,SF205,각주항목(09.06월 이후)
26156,201906,0010123,씨티그룹글로벌마켓증권주식회사,C23,파생상품계약_장외파생상품_주식관련거래,0,국내증권사,B,SF205,각주항목(09.06월 이후)
26157,201906,0010123,씨티그룹글로벌마켓증권주식회사,C24,파생상품계약_장외파생상품_신용관련거래,0,국내증권사,B,SF205,각주항목(09.06월 이후)
26158,201906,0010123,씨티그룹글로벌마켓증권주식회사,C25,파생상품계약_장외파생상품_기타,90887936198,국내증권사,B,SF205,각주항목(09.06월 이후)
26159,201906,0010123,씨티그룹글로벌마켓증권주식회사,D,대차 및 대주거래,0,국내증권사,B,SF205,각주항목(09.06월 이후)
26160,201906,0010123,씨티그룹글로벌마켓증권주식회사,D1,대차 및 대주거래_대여증권,0,국내증권사,B,SF205,각주항목(09.06월 이후)
26161,201906,0010123,씨티그룹글로벌마켓증권주식회사,D2,대차 및 대주거래_차입증권,0,국내증권사,B,SF205,각주항목(09.06월 이후)
26162,201906,0010123,씨티그룹글로벌마켓증권주식회사,D3,대차 및 대주거래_신용거래대주,0,국내증권사,B,SF205,각주항목(09.06월 이후)
26163,201906,0010123,씨티그룹글로벌마켓증권주식회사,E,대손상각채권,0,국내증권사,B,SF205,각주항목(09.06월 이후)
26164,201906,0010123,씨티그룹글로벌마켓증권주식회사,F,환전업무 예치금,0,국내증권사,B,SF205,각주항목(09.06월 이후)
26165,201906,0010123,씨티그룹글로벌마켓증권주식회사,G,미배당별도예치금,0,국내증권사,B,SF205,각주항목(09.06월 이후)
26166,201906,0010123,씨티그룹글로벌마켓증권주식회사,H,배서어음매출(종금계정),0,국내증권사,B,SF205,각주항목(09.06월 이후)
26167,201906,0010123,씨티그룹글로벌마켓증권주식회사,H1,대출채권매매이익_담보부,0,국내증권사,B,SF205,각주항목(09.06월 이후)
26168,201906,0010123,씨티그룹글로벌마켓증권주식회사,H2,대출채권매매이익_무담보부,0,국내증권사,B,SF205,각주항목(09.06월 이후)
26169,201909,0010123,씨티그룹글로벌마켓증권주식회사,A,채무보증,0,국내증권사,B,SF205,각주항목(09.06월 이후)
26170,201909,0010123,씨티그룹글로벌마켓증권주식회사,A1,채무보증_지급보증,0,국내증권사,B,SF205,각주항목(09.06월 이후)
26171,201909,0010123,씨티그룹글로벌마켓증권주식회사,A2,채무보증_매입보장약정,0,국내증권사,B,SF205,각주항목(09.06월 이후)
26172,201909,0010123,씨티그룹글로벌마켓증권주식회사,A3,채무보증_채무인수약정,0,국내증권사,B,SF205,각주항목(09.06월 이후)
26173,201909,0010123,씨티그룹글로벌마켓증권주식회사,A5,채무보증_매입확약,0,국내증권사,B,SF205,각주항목(09.06월 이후)
26174,201909,0010123,씨티그룹글로벌마켓증권주식회사,A6,채무보증_기타,0,국내증권사,B,SF205,각주항목(09.06월 이후)
26175,201909,0010123,씨티그룹글로벌마켓증권주식회사,B,투자자의 예수증권 등,61063000000,국내증권사,B,SF205,각주항목(09.06월 이후)
26176,201909,0010123,씨티그룹글로벌마켓증권주식회사,B1,투자자의 예수증권 등_예수 증권,61063000000,국내증권사,B,SF205,각주항목(09.06월 이후)
26177,201909,0010123,씨티그룹글로벌마켓증권주식회사,B2,투자자의 예수증권 등_예수양도성예금증서,0,국내증권사,B,SF205,각주항목(09.06월 이후)
26178,201909,0010123,씨티그룹글로벌마켓증권주식회사,B3,투자자의 예수증권 등_기타,0,국내증권사,B,SF205,각주항목(09.06월 이후)
26179,201909,0010123,씨티그룹글로벌마켓증권주식회사,C,파생상품계약,67807857026,국내증권사,B,SF205,각주항목(09.06월 이후)
26180,201909,0010123,씨티그룹글로벌마켓증권주식회사,C1,파생상품계약_장내파생상품,0,국내증권사,B,SF205,각주항목(09.06월 이후)
26181,201909,0010123,씨티그룹글로벌마켓증권주식회사,C11,파생상품계약_장내파생상품_이자율관련거래,0,국내증권사,B,SF205,각주항목(09.06월 이후)
26182,201909,0010123,씨티그룹글로벌마켓증권주식회사,C12,파생상품계약_장내파생상품_통화관련거래,0,국내증권사,B,SF205,각주항목(09.06월 이후)
26183,201909,0010123,씨티그룹글로벌마켓증권주식회사,C13,파생상품계약_장내파생상품_주식관련거래,0,국내증권사,B,SF205,각주항목(09.06월 이후)
26184,201909,0010123,씨티그룹글로벌마켓증권주식회사,C14,파생상품계약_장내파생상품_일반상품관련거래,0,국내증권사,B,SF205,각주항목(09.06월 이후)
26185,201909,0010123,씨티그룹글로벌마켓증권주식회사,C15,파생상품계약_장내파생상품_기타,0,국내증권사,B,SF205,각주항목(09.06월 이후)
26186,201909,0010123,씨티그룹글로벌마켓증권주식회사,C2,파생상품계약_장외파생상품,67807857026,국내증권사,B,SF205,각주항목(09.06월 이후)
26187,201909,0010123,씨티그룹글로벌마켓증권주식회사,C21,파생상품계약_장외파생상품_이자율관련거래,0,국내증권사,B,SF205,각주항목(09.06월 이후)
26188,201909,0010123,씨티그룹글로벌마켓증권주식회사,C22,파생상품계약_장외파생상품_통화관련거래,0,국내증권사,B,SF205,각주항목(09.06월 이후)
26189,201909,0010123,씨티그룹글로벌마켓증권주식회사,C23,파생상품계약_장외파생상품_주식관련거래,0,국내증권사,B,SF205,각주항목(09.06월 이후)
26190,201909,0010123,씨티그룹글로벌마켓증권주식회사,C24,파생상품계약_장외파생상품_신용관련거래,0,국내증권사,B,SF205,각주항목(09.06월 이후)
26191,201909,0010123,씨티그룹글로벌마켓증권주식회사,C25,파생상품계약_장외파생상품_기타,67807857026,국내증권사,B,SF205,각주항목(09.06월 이후)
26192,201909,0010123,씨티그룹글로벌마켓증권주식회사,D,대차 및 대주거래,0,국내증권사,B,SF205,각주항목(09.06월 이후)
26193,201909,0010123,씨티그룹글로벌마켓증권주식회사,D1,대차 및 대주거래_대여증권,0,국내증권사,B,SF205,각주항목(09.06월 이후)
26194,201909,0010123,씨티그룹글로벌마켓증권주식회사,D2,대차 및 대주거래_차입증권,0,국내증권사,B,SF205,각주항목(09.06월 이후)
26195,201909,0010123,씨티그룹글로벌마켓증권주식회사,D3,대차 및 대주거래_신용거래대주,0,국내증권사,B,SF205,각주항목(09.06월 이후)
26196,201909,0010123,씨티그룹글로벌마켓증권주식회사,E,대손상각채권,0,국내증권사,B,SF205,각주항목(09.06월 이후)
26197,201909,0010123,씨티그룹글로벌마켓증권주식회사,F,환전업무 예치금,0,국내증권사,B,SF205,각주항목(09.06월 이후)
26198,201909,0010123,씨티그룹글로벌마켓증권주식회사,G,미배당별도예치금,0,국내증권사,B,SF205,각주항목(09.06월 이후)
26199,201909,0010123,씨티그룹글로벌마켓증권주식회사,H,배서어음매출(종금계정),0,국내증권사,B,SF205,각주항목(09.06월 이후)
26200,201909,0010123,씨티그룹글로벌마켓증권주식회사,H1,대출채권매매이익_담보부,0,국내증권사,B,SF205,각주항목(09.06월 이후)
26201,201909,0010123,씨티그룹글로벌마켓증권주식회사,H2,대출채권매매이익_무담보부,0,국내증권사,B,SF205,각주항목(09.06월 이후)
26202,201912,0010123,씨티그룹글로벌마켓증권주식회사,A,채무보증,0,국내증권사,B,SF205,각주항목(09.06월 이후)
26203,201912,0010123,씨티그룹글로벌마켓증권주식회사,A1,채무보증_지급보증,0,국내증권사,B,SF205,각주항목(09.06월 이후)
26204,201912,0010123,씨티그룹글로벌마켓증권주식회사,A2,채무보증_매입보장약정,0,국내증권사,B,SF205,각주항목(09.06월 이후)
26205,201912,0010123,씨티그룹글로벌마켓증권주식회사,A3,채무보증_채무인수약정,0,국내증권사,B,SF205,각주항목(09.06월 이후)
26206,201912,0010123,씨티그룹글로벌마켓증권주식회사,A5,채무보증_매입확약,0,국내증권사,B,SF205,각주항목(09.06월 이후)
26207,201912,0010123,씨티그룹글로벌마켓증권주식회사,A6,채무보증_기타,0,국내증권사,B,SF205,각주항목(09.06월 이후)
26208,201912,0010123,씨티그룹글로벌마켓증권주식회사,B,투자자의 예수증권 등,67378000000,국내증권사,B,SF205,각주항목(09.06월 이후)
26209,201912,0010123,씨티그룹글로벌마켓증권주식회사,B1,투자자의 예수증권 등_예수 증권,67378000000,국내증권사,B,SF205,각주항목(09.06월 이후)
26210,201912,0010123,씨티그룹글로벌마켓증권주식회사,B2,투자자의 예수증권 등_예수양도성예금증서,0,국내증권사,B,SF205,각주항목(09.06월 이후)
26211,201912,0010123,씨티그룹글로벌마켓증권주식회사,B3,투자자의 예수증권 등_기타,0,국내증권사,B,SF205,각주항목(09.06월 이후)
26212,201912,0010123,씨티그룹글로벌마켓증권주식회사,C,파생상품계약,65178235715,국내증권사,B,SF205,각주항목(09.06월 이후)
26213,201912,0010123,씨티그룹글로벌마켓증권주식회사,C1,파생상품계약_장내파생상품,0,국내증권사,B,SF205,각주항목(09.06월 이후)
26214,201912,0010123,씨티그룹글로벌마켓증권주식회사,C11,파생상품계약_장내파생상품_이자율관련거래,0,국내증권사,B,SF205,각주항목(09.06월 이후)
26215,201912,0010123,씨티그룹글로벌마켓증권주식회사,C12,파생상품계약_장내파생상품_통화관련거래,0,국내증권사,B,SF205,각주항목(09.06월 이후)
26216,201912,0010123,씨티그룹글로벌마켓증권주식회사,C13,파생상품계약_장내파생상품_주식관련거래,0,국내증권사,B,SF205,각주항목(09.06월 이후)
26217,201912,0010123,씨티그룹글로벌마켓증권주식회사,C14,파생상품계약_장내파생상품_일반상품관련거래,0,국내증권사,B,SF205,각주항목(09.06월 이후)
26218,201912,0010123,씨티그룹글로벌마켓증권주식회사,C15,파생상품계약_장내파생상품_기타,0,국내증권사,B,SF205,각주항목(09.06월 이후)
26219,201912,0010123,씨티그룹글로벌마켓증권주식회사,C2,파생상품계약_장외파생상품,65178235715,국내증권사,B,SF205,각주항목(09.06월 이후)
26220,201912,0010123,씨티그룹글로벌마켓증권주식회사,C21,파생상품계약_장외파생상품_이자율관련거래,0,국내증권사,B,SF205,각주항목(09.06월 이후)
26221,201912,0010123,씨티그룹글로벌마켓증권주식회사,C22,파생상품계약_장외파생상품_통화관련거래,0,국내증권사,B,SF205,각주항목(09.06월 이후)
26222,201912,0010123,씨티그룹글로벌마켓증권주식회사,C23,파생상품계약_장외파생상품_주식관련거래,0,국내증권사,B,SF205,각주항목(09.06월 이후)
26223,201912,0010123,씨티그룹글로벌마켓증권주식회사,C24,파생상품계약_장외파생상품_신용관련거래,0,국내증권사,B,SF205,각주항목(09.06월 이후)
26224,201912,0010123,씨티그룹글로벌마켓증권주식회사,C25,파생상품계약_장외파생상품_기타,65178235715,국내증권사,B,SF205,각주항목(09.06월 이후)
26225,201912,0010123,씨티그룹글로벌마켓증권주식회사,D,대차 및 대주거래,0,국내증권사,B,SF205,각주항목(09.06월 이후)
26226,201912,0010123,씨티그룹글로벌마켓증권주식회사,D1,대차 및 대주거래_대여증권,0,국내증권사,B,SF205,각주항목(09.06월 이후)
26227,201912,0010123,씨티그룹글로벌마켓증권주식회사,D2,대차 및 대주거래_차입증권,0,국내증권사,B,SF205,각주항목(09.06월 이후)
26228,201912,0010123,씨티그룹글로벌마켓증권주식회사,D3,대차 및 대주거래_신용거래대주,0,국내증권사,B,SF205,각주항목(09.06월 이후)
26229,201912,0010123,씨티그룹글로벌마켓증권주식회사,E,대손상각채권,0,국내증권사,B,SF205,각주항목(09.06월 이후)
26230,201912,0010123,씨티그룹글로벌마켓증권주식회사,F,환전업무 예치금,0,국내증권사,B,SF205,각주항목(09.06월 이후)
26231,201912,0010123,씨티그룹글로벌마켓증권주식회사,G,미배당별도예치금,0,국내증권사,B,SF205,각주항목(09.06월 이후)
26232,201912,0010123,씨티그룹글로벌마켓증권주식회사,H,배서어음매출(종금계정),0,국내증권사,B,SF205,각주항목(09.06월 이후)
26233,201912,0010123,씨티그룹글로벌마켓증권주식회사,H1,대출채권매매이익_담보부,0,국내증권사,B,SF205,각주항목(09.06월 이후)
26234,201912,0010123,씨티그룹글로벌마켓증권주식회사,H2,대출채권매매이익_무담보부,0,국내증권사,B,SF205,각주항목(09.06월 이후)
26235,202003,0010123,씨티그룹글로벌마켓증권주식회사,A,채무보증,0,국내증권사,B,SF205,각주항목(09.06월 이후)
26236,202003,0010123,씨티그룹글로벌마켓증권주식회사,A1,채무보증_지급보증,0,국내증권사,B,SF205,각주항목(09.06월 이후)
26237,202003,0010123,씨티그룹글로벌마켓증권주식회사,A2,채무보증_매입보장약정,0,국내증권사,B,SF205,각주항목(09.06월 이후)
26238,202003,0010123,씨티그룹글로벌마켓증권주식회사,A3,채무보증_채무인수약정,0,국내증권사,B,SF205,각주항목(09.06월 이후)
26239,202003,0010123,씨티그룹글로벌마켓증권주식회사,A5,채무보증_매입확약,0,국내증권사,B,SF205,각주항목(09.06월 이후)
26240,202003,0010123,씨티그룹글로벌마켓증권주식회사,A6,채무보증_기타,0,국내증권사,B,SF205,각주항목(09.06월 이후)
26241,202003,0010123,씨티그룹글로벌마켓증권주식회사,B,투자자의 예수증권 등,59976000000,국내증권사,B,SF205,각주항목(09.06월 이후)
26242,202003,0010123,씨티그룹글로벌마켓증권주식회사,B1,투자자의 예수증권 등_예수 증권,59976000000,국내증권사,B,SF205,각주항목(09.06월 이후)
26243,202003,0010123,씨티그룹글로벌마켓증권주식회사,B2,투자자의 예수증권 등_예수양도성예금증서,0,국내증권사,B,SF205,각주항목(09.06월 이후)
26244,202003,0010123,씨티그룹글로벌마켓증권주식회사,B3,투자자의 예수증권 등_기타,0,국내증권사,B,SF205,각주항목(09.06월 이후)
26245,202003,0010123,씨티그룹글로벌마켓증권주식회사,C,파생상품계약,41236156498,국내증권사,B,SF205,각주항목(09.06월 이후)
26246,202003,0010123,씨티그룹글로벌마켓증권주식회사,C1,파생상품계약_장내파생상품,0,국내증권사,B,SF205,각주항목(09.06월 이후)
26247,202003,0010123,씨티그룹글로벌마켓증권주식회사,C11,파생상품계약_장내파생상품_이자율관련거래,0,국내증권사,B,SF205,각주항목(09.06월 이후)
26248,202003,0010123,씨티그룹글로벌마켓증권주식회사,C12,파생상품계약_장내파생상품_통화관련거래,0,국내증권사,B,SF205,각주항목(09.06월 이후)
26249,202003,0010123,씨티그룹글로벌마켓증권주식회사,C13,파생상품계약_장내파생상품_주식관련거래,0,국내증권사,B,SF205,각주항목(09.06월 이후)
26250,202003,0010123,씨티그룹글로벌마켓증권주식회사,C14,파생상품계약_장내파생상품_일반상품관련거래,0,국내증권사,B,SF205,각주항목(09.06월 이후)
26251,202003,0010123,씨티그룹글로벌마켓증권주식회사,C15,파생상품계약_장내파생상품_기타,0,국내증권사,B,SF205,각주항목(09.06월 이후)
26252,202003,0010123,씨티그룹글로벌마켓증권주식회사,C2,파생상품계약_장외파생상품,41236156498,국내증권사,B,SF205,각주항목(09.06월 이후)
26253,202003,0010123,씨티그룹글로벌마켓증권주식회사,C21,파생상품계약_장외파생상품_이자율관련거래,0,국내증권사,B,SF205,각주항목(09.06월 이후)
26254,202003,0010123,씨티그룹글로벌마켓증권주식회사,C22,파생상품계약_장외파생상품_통화관련거래,0,국내증권사,B,SF205,각주항목(09.06월 이후)
26255,202003,0010123,씨티그룹글로벌마켓증권주식회사,C23,파생상품계약_장외파생상품_주식관련거래,0,국내증권사,B,SF205,각주항목(09.06월 이후)
26256,202003,0010123,씨티그룹글로벌마켓증권주식회사,C24,파생상품계약_장외파생상품_신용관련거래,0,국내증권사,B,SF205,각주항목(09.06월 이후)
26257,202003,0010123,씨티그룹글로벌마켓증권주식회사,C25,파생상품계약_장외파생상품_기타,41236156498,국내증권사,B,SF205,각주항목(09.06월 이후)
26258,202003,0010123,씨티그룹글로벌마켓증권주식회사,D,대차 및 대주거래,0,국내증권사,B,SF205,각주항목(09.06월 이후)
26259,202003,0010123,씨티그룹글로벌마켓증권주식회사,D1,대차 및 대주거래_대여증권,0,국내증권사,B,SF205,각주항목(09.06월 이후)
26260,202003,0010123,씨티그룹글로벌마켓증권주식회사,D2,대차 및 대주거래_차입증권,0,국내증권사,B,SF205,각주항목(09.06월 이후)
26261,202003,0010123,씨티그룹글로벌마켓증권주식회사,D3,대차 및 대주거래_신용거래대주,0,국내증권사,B,SF205,각주항목(09.06월 이후)
26262,202003,0010123,씨티그룹글로벌마켓증권주식회사,E,대손상각채권,0,국내증권사,B,SF205,각주항목(09.06월 이후)
26263,202003,0010123,씨티그룹글로벌마켓증권주식회사,F,환전업무 예치금,0,국내증권사,B,SF205,각주항목(09.06월 이후)
26264,202003,0010123,씨티그룹글로벌마켓증권주식회사,G,미배당별도예치금,0,국내증권사,B,SF205,각주항목(09.06월 이후)
26265,202003,0010123,씨티그룹글로벌마켓증권주식회사,H,배서어음매출(종금계정),0,국내증권사,B,SF205,각주항목(09.06월 이후)
26266,202003,0010123,씨티그룹글로벌마켓증권주식회사,H1,대출채권매매이익_담보부,0,국내증권사,B,SF205,각주항목(09.06월 이후)
26267,202003,0010123,씨티그룹글로벌마켓증권주식회사,H2,대출채권매매이익_무담보부,0,국내증권사,B,SF205,각주항목(09.06월 이후)
26268,202006,0010123,씨티그룹글로벌마켓증권주식회사,A,채무보증,0,국내증권사,B,SF205,각주항목(09.06월 이후)
26269,202006,0010123,씨티그룹글로벌마켓증권주식회사,A1,채무보증_지급보증,0,국내증권사,B,SF205,각주항목(09.06월 이후)
26270,202006,0010123,씨티그룹글로벌마켓증권주식회사,A2,채무보증_매입보장약정,0,국내증권사,B,SF205,각주항목(09.06월 이후)
26271,202006,0010123,씨티그룹글로벌마켓증권주식회사,A3,채무보증_채무인수약정,0,국내증권사,B,SF205,각주항목(09.06월 이후)
26272,202006,0010123,씨티그룹글로벌마켓증권주식회사,A5,채무보증_매입확약,0,국내증권사,B,SF205,각주항목(09.06월 이후)
26273,202006,0010123,씨티그룹글로벌마켓증권주식회사,A6,채무보증_기타,0,국내증권사,B,SF205,각주항목(09.06월 이후)
26274,202006,0010123,씨티그룹글로벌마켓증권주식회사,B,투자자의 예수증권 등,64807000000,국내증권사,B,SF205,각주항목(09.06월 이후)
26275,202006,0010123,씨티그룹글로벌마켓증권주식회사,B1,투자자의 예수증권 등_예수 증권,64807000000,국내증권사,B,SF205,각주항목(09.06월 이후)
26276,202006,0010123,씨티그룹글로벌마켓증권주식회사,B2,투자자의 예수증권 등_예수양도성예금증서,0,국내증권사,B,SF205,각주항목(09.06월 이후)
26277,202006,0010123,씨티그룹글로벌마켓증권주식회사,B3,투자자의 예수증권 등_기타,0,국내증권사,B,SF205,각주항목(09.06월 이후)
26278,202006,0010123,씨티그룹글로벌마켓증권주식회사,C,파생상품계약,37524833253,국내증권사,B,SF205,각주항목(09.06월 이후)
26279,202006,0010123,씨티그룹글로벌마켓증권주식회사,C1,파생상품계약_장내파생상품,0,국내증권사,B,SF205,각주항목(09.06월 이후)
26280,202006,0010123,씨티그룹글로벌마켓증권주식회사,C11,파생상품계약_장내파생상품_이자율관련거래,0,국내증권사,B,SF205,각주항목(09.06월 이후)
26281,202006,0010123,씨티그룹글로벌마켓증권주식회사,C12,파생상품계약_장내파생상품_통화관련거래,0,국내증권사,B,SF205,각주항목(09.06월 이후)
26282,202006,0010123,씨티그룹글로벌마켓증권주식회사,C13,파생상품계약_장내파생상품_주식관련거래,0,국내증권사,B,SF205,각주항목(09.06월 이후)
26283,202006,0010123,씨티그룹글로벌마켓증권주식회사,C14,파생상품계약_장내파생상품_일반상품관련거래,0,국내증권사,B,SF205,각주항목(09.06월 이후)
26284,202006,0010123,씨티그룹글로벌마켓증권주식회사,C15,파생상품계약_장내파생상품_기타,0,국내증권사,B,SF205,각주항목(09.06월 이후)
26285,202006,0010123,씨티그룹글로벌마켓증권주식회사,C2,파생상품계약_장외파생상품,37524833253,국내증권사,B,SF205,각주항목(09.06월 이후)
26286,202006,0010123,씨티그룹글로벌마켓증권주식회사,C21,파생상품계약_장외파생상품_이자율관련거래,0,국내증권사,B,SF205,각주항목(09.06월 이후)
26287,202006,0010123,씨티그룹글로벌마켓증권주식회사,C22,파생상품계약_장외파생상품_통화관련거래,0,국내증권사,B,SF205,각주항목(09.06월 이후)
26288,202006,0010123,씨티그룹글로벌마켓증권주식회사,C23,파생상품계약_장외파생상품_주식관련거래,0,국내증권사,B,SF205,각주항목(09.06월 이후)
26289,202006,0010123,씨티그룹글로벌마켓증권주식회사,C24,파생상품계약_장외파생상품_신용관련거래,0,국내증권사,B,SF205,각주항목(09.06월 이후)
26290,202006,0010123,씨티그룹글로벌마켓증권주식회사,C25,파생상품계약_장외파생상품_기타,37524833253,국내증권사,B,SF205,각주항목(09.06월 이후)
26291,202006,0010123,씨티그룹글로벌마켓증권주식회사,D,대차 및 대주거래,0,국내증권사,B,SF205,각주항목(09.06월 이후)
26292,202006,0010123,씨티그룹글로벌마켓증권주식회사,D1,대차 및 대주거래_대여증권,0,국내증권사,B,SF205,각주항목(09.06월 이후)
26293,202006,0010123,씨티그룹글로벌마켓증권주식회사,D2,대차 및 대주거래_차입증권,0,국내증권사,B,SF205,각주항목(09.06월 이후)
26294,202006,0010123,씨티그룹글로벌마켓증권주식회사,D3,대차 및 대주거래_신용거래대주,0,국내증권사,B,SF205,각주항목(09.06월 이후)
26295,202006,0010123,씨티그룹글로벌마켓증권주식회사,E,대손상각채권,0,국내증권사,B,SF205,각주항목(09.06월 이후)
26296,202006,0010123,씨티그룹글로벌마켓증권주식회사,F,환전업무 예치금,0,국내증권사,B,SF205,각주항목(09.06월 이후)
26297,202006,0010123,씨티그룹글로벌마켓증권주식회사,G,미배당별도예치금,0,국내증권사,B,SF205,각주항목(09.06월 이후)
26298,202006,0010123,씨티그룹글로벌마켓증권주식회사,H,배서어음매출(종금계정),0,국내증권사,B,SF205,각주항목(09.06월 이후)
26299,202006,0010123,씨티그룹글로벌마켓증권주식회사,H1,대출채권매매이익_담보부,0,국내증권사,B,SF205,각주항목(09.06월 이후)
26300,202006,0010123,씨티그룹글로벌마켓증권주식회사,H2,대출채권매매이익_무담보부,0,국내증권사,B,SF205,각주항목(09.06월 이후)
26301,202009,0010123,씨티그룹글로벌마켓증권주식회사,A,채무보증,0,국내증권사,B,SF205,각주항목(09.06월 이후)
26302,202009,0010123,씨티그룹글로벌마켓증권주식회사,A1,채무보증_지급보증,0,국내증권사,B,SF205,각주항목(09.06월 이후)
26303,202009,0010123,씨티그룹글로벌마켓증권주식회사,A2,채무보증_매입보장약정,0,국내증권사,B,SF205,각주항목(09.06월 이후)
26304,202009,0010123,씨티그룹글로벌마켓증권주식회사,A3,채무보증_채무인수약정,0,국내증권사,B,SF205,각주항목(09.06월 이후)
26305,202009,0010123,씨티그룹글로벌마켓증권주식회사,A5,채무보증_매입확약,0,국내증권사,B,SF205,각주항목(09.06월 이후)
26306,202009,0010123,씨티그룹글로벌마켓증권주식회사,A6,채무보증_기타,0,국내증권사,B,SF205,각주항목(09.06월 이후)
26307,202009,0010123,씨티그룹글로벌마켓증권주식회사,B,투자자의 예수증권 등,69935000000,국내증권사,B,SF205,각주항목(09.06월 이후)
26308,202009,0010123,씨티그룹글로벌마켓증권주식회사,B1,투자자의 예수증권 등_예수 증권,69935000000,국내증권사,B,SF205,각주항목(09.06월 이후)
26309,202009,0010123,씨티그룹글로벌마켓증권주식회사,B2,투자자의 예수증권 등_예수양도성예금증서,0,국내증권사,B,SF205,각주항목(09.06월 이후)
26310,202009,0010123,씨티그룹글로벌마켓증권주식회사,B3,투자자의 예수증권 등_기타,0,국내증권사,B,SF205,각주항목(09.06월 이후)
26311,202009,0010123,씨티그룹글로벌마켓증권주식회사,C,파생상품계약,35790992422,국내증권사,B,SF205,각주항목(09.06월 이후)
26312,202009,0010123,씨티그룹글로벌마켓증권주식회사,C1,파생상품계약_장내파생상품,0,국내증권사,B,SF205,각주항목(09.06월 이후)
26313,202009,0010123,씨티그룹글로벌마켓증권주식회사,C11,파생상품계약_장내파생상품_이자율관련거래,0,국내증권사,B,SF205,각주항목(09.06월 이후)
26314,202009,0010123,씨티그룹글로벌마켓증권주식회사,C12,파생상품계약_장내파생상품_통화관련거래,0,국내증권사,B,SF205,각주항목(09.06월 이후)
26315,202009,0010123,씨티그룹글로벌마켓증권주식회사,C13,파생상품계약_장내파생상품_주식관련거래,0,국내증권사,B,SF205,각주항목(09.06월 이후)
26316,202009,0010123,씨티그룹글로벌마켓증권주식회사,C14,파생상품계약_장내파생상품_일반상품관련거래,0,국내증권사,B,SF205,각주항목(09.06월 이후)
26317,202009,0010123,씨티그룹글로벌마켓증권주식회사,C15,파생상품계약_장내파생상품_기타,0,국내증권사,B,SF205,각주항목(09.06월 이후)
26318,202009,0010123,씨티그룹글로벌마켓증권주식회사,C2,파생상품계약_장외파생상품,35790992422,국내증권사,B,SF205,각주항목(09.06월 이후)
26319,202009,0010123,씨티그룹글로벌마켓증권주식회사,C21,파생상품계약_장외파생상품_이자율관련거래,0,국내증권사,B,SF205,각주항목(09.06월 이후)
26320,202009,0010123,씨티그룹글로벌마켓증권주식회사,C22,파생상품계약_장외파생상품_통화관련거래,0,국내증권사,B,SF205,각주항목(09.06월 이후)
26321,202009,0010123,씨티그룹글로벌마켓증권주식회사,C23,파생상품계약_장외파생상품_주식관련거래,0,국내증권사,B,SF205,각주항목(09.06월 이후)
26322,202009,0010123,씨티그룹글로벌마켓증권주식회사,C24,파생상품계약_장외파생상품_신용관련거래,0,국내증권사,B,SF205,각주항목(09.06월 이후)
26323,202009,0010123,씨티그룹글로벌마켓증권주식회사,C25,파생상품계약_장외파생상품_기타,35790992422,국내증권사,B,SF205,각주항목(09.06월 이후)
26324,202009,0010123,씨티그룹글로벌마켓증권주식회사,D,대차 및 대주거래,0,국내증권사,B,SF205,각주항목(09.06월 이후)
26325,202009,0010123,씨티그룹글로벌마켓증권주식회사,D1,대차 및 대주거래_대여증권,0,국내증권사,B,SF205,각주항목(09.06월 이후)
26326,202009,0010123,씨티그룹글로벌마켓증권주식회사,D2,대차 및 대주거래_차입증권,0,국내증권사,B,SF205,각주항목(09.06월 이후)
26327,202009,0010123,씨티그룹글로벌마켓증권주식회사,D3,대차 및 대주거래_신용거래대주,0,국내증권사,B,SF205,각주항목(09.06월 이후)
26328,202009,0010123,씨티그룹글로벌마켓증권주식회사,E,대손상각채권,0,국내증권사,B,SF205,각주항목(09.06월 이후)
26329,202009,0010123,씨티그룹글로벌마켓증권주식회사,F,환전업무 예치금,0,국내증권사,B,SF205,각주항목(09.06월 이후)
26330,202009,0010123,씨티그룹글로벌마켓증권주식회사,G,미배당별도예치금,0,국내증권사,B,SF205,각주항목(09.06월 이후)
26331,202009,0010123,씨티그룹글로벌마켓증권주식회사,H,배서어음매출(종금계정),0,국내증권사,B,SF205,각주항목(09.06월 이후)
26332,202009,0010123,씨티그룹글로벌마켓증권주식회사,H1,대출채권매매이익_담보부,0,국내증권사,B,SF205,각주항목(09.06월 이후)
26333,202009,0010123,씨티그룹글로벌마켓증권주식회사,H2,대출채권매매이익_무담보부,0,국내증권사,B,SF205,각주항목(09.06월 이후)
26334,202012,0010123,씨티그룹글로벌마켓증권주식회사,A,채무보증,0,국내증권사,B,SF205,각주항목(09.06월 이후)
26335,202012,0010123,씨티그룹글로벌마켓증권주식회사,A1,채무보증_지급보증,0,국내증권사,B,SF205,각주항목(09.06월 이후)
26336,202012,0010123,씨티그룹글로벌마켓증권주식회사,A2,채무보증_매입보장약정,0,국내증권사,B,SF205,각주항목(09.06월 이후)
26337,202012,0010123,씨티그룹글로벌마켓증권주식회사,A3,채무보증_채무인수약정,0,국내증권사,B,SF205,각주항목(09.06월 이후)
26338,202012,0010123,씨티그룹글로벌마켓증권주식회사,A5,채무보증_매입확약,0,국내증권사,B,SF205,각주항목(09.06월 이후)
26339,202012,0010123,씨티그룹글로벌마켓증권주식회사,A6,채무보증_기타,0,국내증권사,B,SF205,각주항목(09.06월 이후)
26340,202012,0010123,씨티그룹글로벌마켓증권주식회사,B,투자자의 예수증권 등,91880000000,국내증권사,B,SF205,각주항목(09.06월 이후)
26341,202012,0010123,씨티그룹글로벌마켓증권주식회사,B1,투자자의 예수증권 등_예수 증권,91880000000,국내증권사,B,SF205,각주항목(09.06월 이후)
26342,202012,0010123,씨티그룹글로벌마켓증권주식회사,B2,투자자의 예수증권 등_예수양도성예금증서,0,국내증권사,B,SF205,각주항목(09.06월 이후)
26343,202012,0010123,씨티그룹글로벌마켓증권주식회사,B3,투자자의 예수증권 등_기타,0,국내증권사,B,SF205,각주항목(09.06월 이후)
26344,202012,0010123,씨티그룹글로벌마켓증권주식회사,C,파생상품계약,0,국내증권사,B,SF205,각주항목(09.06월 이후)
26345,202012,0010123,씨티그룹글로벌마켓증권주식회사,C1,파생상품계약_장내파생상품,0,국내증권사,B,SF205,각주항목(09.06월 이후)
26346,202012,0010123,씨티그룹글로벌마켓증권주식회사,C11,파생상품계약_장내파생상품_이자율관련거래,0,국내증권사,B,SF205,각주항목(09.06월 이후)
26347,202012,0010123,씨티그룹글로벌마켓증권주식회사,C12,파생상품계약_장내파생상품_통화관련거래,0,국내증권사,B,SF205,각주항목(09.06월 이후)
26348,202012,0010123,씨티그룹글로벌마켓증권주식회사,C13,파생상품계약_장내파생상품_주식관련거래,0,국내증권사,B,SF205,각주항목(09.06월 이후)
26349,202012,0010123,씨티그룹글로벌마켓증권주식회사,C14,파생상품계약_장내파생상품_일반상품관련거래,0,국내증권사,B,SF205,각주항목(09.06월 이후)
26350,202012,0010123,씨티그룹글로벌마켓증권주식회사,C15,파생상품계약_장내파생상품_기타,0,국내증권사,B,SF205,각주항목(09.06월 이후)
26351,202012,0010123,씨티그룹글로벌마켓증권주식회사,C2,파생상품계약_장외파생상품,0,국내증권사,B,SF205,각주항목(09.06월 이후)
26352,202012,0010123,씨티그룹글로벌마켓증권주식회사,C21,파생상품계약_장외파생상품_이자율관련거래,0,국내증권사,B,SF205,각주항목(09.06월 이후)
26353,202012,0010123,씨티그룹글로벌마켓증권주식회사,C22,파생상품계약_장외파생상품_통화관련거래,0,국내증권사,B,SF205,각주항목(09.06월 이후)
26354,202012,0010123,씨티그룹글로벌마켓증권주식회사,C23,파생상품계약_장외파생상품_주식관련거래,0,국내증권사,B,SF205,각주항목(09.06월 이후)
26355,202012,0010123,씨티그룹글로벌마켓증권주식회사,C24,파생상품계약_장외파생상품_신용관련거래,0,국내증권사,B,SF205,각주항목(09.06월 이후)
26356,202012,0010123,씨티그룹글로벌마켓증권주식회사,C25,파생상품계약_장외파생상품_기타,0,국내증권사,B,SF205,각주항목(09.06월 이후)
26357,202012,0010123,씨티그룹글로벌마켓증권주식회사,D,대차 및 대주거래,0,국내증권사,B,SF205,각주항목(09.06월 이후)
26358,202012,0010123,씨티그룹글로벌마켓증권주식회사,D1,대차 및 대주거래_대여증권,0,국내증권사,B,SF205,각주항목(09.06월 이후)
26359,202012,0010123,씨티그룹글로벌마켓증권주식회사,D2,대차 및 대주거래_차입증권,0,국내증권사,B,SF205,각주항목(09.06월 이후)
26360,202012,0010123,씨티그룹글로벌마켓증권주식회사,D3,대차 및 대주거래_신용거래대주,0,국내증권사,B,SF205,각주항목(09.06월 이후)
26361,202012,0010123,씨티그룹글로벌마켓증권주식회사,E,대손상각채권,0,국내증권사,B,SF205,각주항목(09.06월 이후)
26362,202012,0010123,씨티그룹글로벌마켓증권주식회사,F,환전업무 예치금,0,국내증권사,B,SF205,각주항목(09.06월 이후)
26363,202012,0010123,씨티그룹글로벌마켓증권주식회사,G,미배당별도예치금,0,국내증권사,B,SF205,각주항목(09.06월 이후)
26364,202012,0010123,씨티그룹글로벌마켓증권주식회사,H,배서어음매출(종금계정),0,국내증권사,B,SF205,각주항목(09.06월 이후)
26365,202012,0010123,씨티그룹글로벌마켓증권주식회사,H1,대출채권매매이익_담보부,0,국내증권사,B,SF205,각주항목(09.06월 이후)
26366,202012,0010123,씨티그룹글로벌마켓증권주식회사,H2,대출채권매매이익_무담보부,0,국내증권사,B,SF205,각주항목(09.06월 이후)
26367,202103,0010123,씨티그룹글로벌마켓증권주식회사,A,채무보증,0,국내증권사,B,SF205,각주항목(09.06월 이후)
26368,202103,0010123,씨티그룹글로벌마켓증권주식회사,A1,채무보증_지급보증,0,국내증권사,B,SF205,각주항목(09.06월 이후)
26369,202103,0010123,씨티그룹글로벌마켓증권주식회사,A2,채무보증_매입보장약정,0,국내증권사,B,SF205,각주항목(09.06월 이후)
26370,202103,0010123,씨티그룹글로벌마켓증권주식회사,A3,채무보증_채무인수약정,0,국내증권사,B,SF205,각주항목(09.06월 이후)
26371,202103,0010123,씨티그룹글로벌마켓증권주식회사,A5,채무보증_매입확약,0,국내증권사,B,SF205,각주항목(09.06월 이후)
26372,202103,0010123,씨티그룹글로벌마켓증권주식회사,A6,채무보증_기타,0,국내증권사,B,SF205,각주항목(09.06월 이후)
26373,202103,0010123,씨티그룹글로벌마켓증권주식회사,B,투자자의 예수증권 등,92735000000,국내증권사,B,SF205,각주항목(09.06월 이후)
26374,202103,0010123,씨티그룹글로벌마켓증권주식회사,B1,투자자의 예수증권 등_예수 증권,92735000000,국내증권사,B,SF205,각주항목(09.06월 이후)
26375,202103,0010123,씨티그룹글로벌마켓증권주식회사,B2,투자자의 예수증권 등_예수양도성예금증서,0,국내증권사,B,SF205,각주항목(09.06월 이후)
26376,202103,0010123,씨티그룹글로벌마켓증권주식회사,B3,투자자의 예수증권 등_기타,0,국내증권사,B,SF205,각주항목(09.06월 이후)
26377,202103,0010123,씨티그룹글로벌마켓증권주식회사,C,파생상품계약,0,국내증권사,B,SF205,각주항목(09.06월 이후)
26378,202103,0010123,씨티그룹글로벌마켓증권주식회사,C1,파생상품계약_장내파생상품,0,국내증권사,B,SF205,각주항목(09.06월 이후)
26379,202103,0010123,씨티그룹글로벌마켓증권주식회사,C11,파생상품계약_장내파생상품_이자율관련거래,0,국내증권사,B,SF205,각주항목(09.06월 이후)
26380,202103,0010123,씨티그룹글로벌마켓증권주식회사,C12,파생상품계약_장내파생상품_통화관련거래,0,국내증권사,B,SF205,각주항목(09.06월 이후)
26381,202103,0010123,씨티그룹글로벌마켓증권주식회사,C13,파생상품계약_장내파생상품_주식관련거래,0,국내증권사,B,SF205,각주항목(09.06월 이후)
26382,202103,0010123,씨티그룹글로벌마켓증권주식회사,C14,파생상품계약_장내파생상품_일반상품관련거래,0,국내증권사,B,SF205,각주항목(09.06월 이후)
26383,202103,0010123,씨티그룹글로벌마켓증권주식회사,C15,파생상품계약_장내파생상품_기타,0,국내증권사,B,SF205,각주항목(09.06월 이후)
26384,202103,0010123,씨티그룹글로벌마켓증권주식회사,C2,파생상품계약_장외파생상품,0,국내증권사,B,SF205,각주항목(09.06월 이후)
26385,202103,0010123,씨티그룹글로벌마켓증권주식회사,C21,파생상품계약_장외파생상품_이자율관련거래,0,국내증권사,B,SF205,각주항목(09.06월 이후)
26386,202103,0010123,씨티그룹글로벌마켓증권주식회사,C22,파생상품계약_장외파생상품_통화관련거래,0,국내증권사,B,SF205,각주항목(09.06월 이후)
26387,202103,0010123,씨티그룹글로벌마켓증권주식회사,C23,파생상품계약_장외파생상품_주식관련거래,0,국내증권사,B,SF205,각주항목(09.06월 이후)
26388,202103,0010123,씨티그룹글로벌마켓증권주식회사,C24,파생상품계약_장외파생상품_신용관련거래,0,국내증권사,B,SF205,각주항목(09.06월 이후)
26389,202103,0010123,씨티그룹글로벌마켓증권주식회사,C25,파생상품계약_장외파생상품_기타,0,국내증권사,B,SF205,각주항목(09.06월 이후)
26390,202103,0010123,씨티그룹글로벌마켓증권주식회사,D,대차 및 대주거래,0,국내증권사,B,SF205,각주항목(09.06월 이후)
26391,202103,0010123,씨티그룹글로벌마켓증권주식회사,D1,대차 및 대주거래_대여증권,0,국내증권사,B,SF205,각주항목(09.06월 이후)
26392,202103,0010123,씨티그룹글로벌마켓증권주식회사,D2,대차 및 대주거래_차입증권,0,국내증권사,B,SF205,각주항목(09.06월 이후)
26393,202103,0010123,씨티그룹글로벌마켓증권주식회사,D3,대차 및 대주거래_신용거래대주,0,국내증권사,B,SF205,각주항목(09.06월 이후)
26394,202103,0010123,씨티그룹글로벌마켓증권주식회사,E,대손상각채권,0,국내증권사,B,SF205,각주항목(09.06월 이후)
26395,202103,0010123,씨티그룹글로벌마켓증권주식회사,F,환전업무 예치금,0,국내증권사,B,SF205,각주항목(09.06월 이후)
26396,202103,0010123,씨티그룹글로벌마켓증권주식회사,G,미배당별도예치금,0,국내증권사,B,SF205,각주항목(09.06월 이후)
26397,202103,0010123,씨티그룹글로벌마켓증권주식회사,H,배서어음매출(종금계정),0,국내증권사,B,SF205,각주항목(09.06월 이후)
26398,202103,0010123,씨티그룹글로벌마켓증권주식회사,H1,대출채권매매이익_담보부,0,국내증권사,B,SF205,각주항목(09.06월 이후)
26399,202103,0010123,씨티그룹글로벌마켓증권주식회사,H2,대출채권매매이익_무담보부,0,국내증권사,B,SF205,각주항목(09.06월 이후)
26400,202106,0010123,씨티그룹글로벌마켓증권주식회사,A,채무보증,0,국내증권사,B,SF205,각주항목(09.06월 이후)
26401,202106,0010123,씨티그룹글로벌마켓증권주식회사,A1,채무보증_지급보증,0,국내증권사,B,SF205,각주항목(09.06월 이후)
26402,202106,0010123,씨티그룹글로벌마켓증권주식회사,A2,채무보증_매입보장약정,0,국내증권사,B,SF205,각주항목(09.06월 이후)
26403,202106,0010123,씨티그룹글로벌마켓증권주식회사,A3,채무보증_채무인수약정,0,국내증권사,B,SF205,각주항목(09.06월 이후)
26404,202106,0010123,씨티그룹글로벌마켓증권주식회사,A5,채무보증_매입확약,0,국내증권사,B,SF205,각주항목(09.06월 이후)
26405,202106,0010123,씨티그룹글로벌마켓증권주식회사,A6,채무보증_기타,0,국내증권사,B,SF205,각주항목(09.06월 이후)
26406,202106,0010123,씨티그룹글로벌마켓증권주식회사,B,투자자의 예수증권 등,516007122500,국내증권사,B,SF205,각주항목(09.06월 이후)
26407,202106,0010123,씨티그룹글로벌마켓증권주식회사,B1,투자자의 예수증권 등_예수 증권,516007122500,국내증권사,B,SF205,각주항목(09.06월 이후)
26408,202106,0010123,씨티그룹글로벌마켓증권주식회사,B2,투자자의 예수증권 등_예수양도성예금증서,0,국내증권사,B,SF205,각주항목(09.06월 이후)
26409,202106,0010123,씨티그룹글로벌마켓증권주식회사,B3,투자자의 예수증권 등_기타,0,국내증권사,B,SF205,각주항목(09.06월 이후)
26410,202106,0010123,씨티그룹글로벌마켓증권주식회사,C,파생상품계약,0,국내증권사,B,SF205,각주항목(09.06월 이후)
26411,202106,0010123,씨티그룹글로벌마켓증권주식회사,C1,파생상품계약_장내파생상품,0,국내증권사,B,SF205,각주항목(09.06월 이후)
26412,202106,0010123,씨티그룹글로벌마켓증권주식회사,C11,파생상품계약_장내파생상품_이자율관련거래,0,국내증권사,B,SF205,각주항목(09.06월 이후)
26413,202106,0010123,씨티그룹글로벌마켓증권주식회사,C12,파생상품계약_장내파생상품_통화관련거래,0,국내증권사,B,SF205,각주항목(09.06월 이후)
26414,202106,0010123,씨티그룹글로벌마켓증권주식회사,C13,파생상품계약_장내파생상품_주식관련거래,0,국내증권사,B,SF205,각주항목(09.06월 이후)
26415,202106,0010123,씨티그룹글로벌마켓증권주식회사,C14,파생상품계약_장내파생상품_일반상품관련거래,0,국내증권사,B,SF205,각주항목(09.06월 이후)
26416,202106,0010123,씨티그룹글로벌마켓증권주식회사,C15,파생상품계약_장내파생상품_기타,0,국내증권사,B,SF205,각주항목(09.06월 이후)
26417,202106,0010123,씨티그룹글로벌마켓증권주식회사,C2,파생상품계약_장외파생상품,0,국내증권사,B,SF205,각주항목(09.06월 이후)
26418,202106,0010123,씨티그룹글로벌마켓증권주식회사,C21,파생상품계약_장외파생상품_이자율관련거래,0,국내증권사,B,SF205,각주항목(09.06월 이후)
26419,202106,0010123,씨티그룹글로벌마켓증권주식회사,C22,파생상품계약_장외파생상품_통화관련거래,0,국내증권사,B,SF205,각주항목(09.06월 이후)
26420,202106,0010123,씨티그룹글로벌마켓증권주식회사,C23,파생상품계약_장외파생상품_주식관련거래,0,국내증권사,B,SF205,각주항목(09.06월 이후)
26421,202106,0010123,씨티그룹글로벌마켓증권주식회사,C24,파생상품계약_장외파생상품_신용관련거래,0,국내증권사,B,SF205,각주항목(09.06월 이후)
26422,202106,0010123,씨티그룹글로벌마켓증권주식회사,C25,파생상품계약_장외파생상품_기타,0,국내증권사,B,SF205,각주항목(09.06월 이후)
26423,202106,0010123,씨티그룹글로벌마켓증권주식회사,D,대차 및 대주거래,0,국내증권사,B,SF205,각주항목(09.06월 이후)
26424,202106,0010123,씨티그룹글로벌마켓증권주식회사,D1,대차 및 대주거래_대여증권,0,국내증권사,B,SF205,각주항목(09.06월 이후)
26425,202106,0010123,씨티그룹글로벌마켓증권주식회사,D2,대차 및 대주거래_차입증권,0,국내증권사,B,SF205,각주항목(09.06월 이후)
26426,202106,0010123,씨티그룹글로벌마켓증권주식회사,D3,대차 및 대주거래_신용거래대주,0,국내증권사,B,SF205,각주항목(09.06월 이후)
26427,202106,0010123,씨티그룹글로벌마켓증권주식회사,E,대손상각채권,0,국내증권사,B,SF205,각주항목(09.06월 이후)
26428,202106,0010123,씨티그룹글로벌마켓증권주식회사,F,환전업무 예치금,0,국내증권사,B,SF205,각주항목(09.06월 이후)
26429,202106,0010123,씨티그룹글로벌마켓증권주식회사,G,미배당별도예치금,0,국내증권사,B,SF205,각주항목(09.06월 이후)
26430,202106,0010123,씨티그룹글로벌마켓증권주식회사,H,배서어음매출(종금계정),0,국내증권사,B,SF205,각주항목(09.06월 이후)
26431,202106,0010123,씨티그룹글로벌마켓증권주식회사,H1,대출채권매매이익_담보부,0,국내증권사,B,SF205,각주항목(09.06월 이후)
26432,202106,0010123,씨티그룹글로벌마켓증권주식회사,H2,대출채권매매이익_무담보부,0,국내증권사,B,SF205,각주항목(09.06월 이후)
26433,202109,0010123,씨티그룹글로벌마켓증권주식회사,A,채무보증,0,국내증권사,B,SF205,각주항목(09.06월 이후)
26434,202109,0010123,씨티그룹글로벌마켓증권주식회사,A1,채무보증_지급보증,0,국내증권사,B,SF205,각주항목(09.06월 이후)
26435,202109,0010123,씨티그룹글로벌마켓증권주식회사,A2,채무보증_매입보장약정,0,국내증권사,B,SF205,각주항목(09.06월 이후)
26436,202109,0010123,씨티그룹글로벌마켓증권주식회사,A3,채무보증_채무인수약정,0,국내증권사,B,SF205,각주항목(09.06월 이후)
26437,202109,0010123,씨티그룹글로벌마켓증권주식회사,A5,채무보증_매입확약,0,국내증권사,B,SF205,각주항목(09.06월 이후)
26438,202109,0010123,씨티그룹글로벌마켓증권주식회사,A6,채무보증_기타,0,국내증권사,B,SF205,각주항목(09.06월 이후)
26439,202109,0010123,씨티그룹글로벌마켓증권주식회사,B,투자자의 예수증권 등,85949000000,국내증권사,B,SF205,각주항목(09.06월 이후)
26440,202109,0010123,씨티그룹글로벌마켓증권주식회사,B1,투자자의 예수증권 등_예수 증권,85949000000,국내증권사,B,SF205,각주항목(09.06월 이후)
26441,202109,0010123,씨티그룹글로벌마켓증권주식회사,B2,투자자의 예수증권 등_예수양도성예금증서,0,국내증권사,B,SF205,각주항목(09.06월 이후)
26442,202109,0010123,씨티그룹글로벌마켓증권주식회사,B3,투자자의 예수증권 등_기타,0,국내증권사,B,SF205,각주항목(09.06월 이후)
26443,202109,0010123,씨티그룹글로벌마켓증권주식회사,C,파생상품계약,0,국내증권사,B,SF205,각주항목(09.06월 이후)
26444,202109,0010123,씨티그룹글로벌마켓증권주식회사,C1,파생상품계약_장내파생상품,0,국내증권사,B,SF205,각주항목(09.06월 이후)
26445,202109,0010123,씨티그룹글로벌마켓증권주식회사,C11,파생상품계약_장내파생상품_이자율관련거래,0,국내증권사,B,SF205,각주항목(09.06월 이후)
26446,202109,0010123,씨티그룹글로벌마켓증권주식회사,C12,파생상품계약_장내파생상품_통화관련거래,0,국내증권사,B,SF205,각주항목(09.06월 이후)
26447,202109,0010123,씨티그룹글로벌마켓증권주식회사,C13,파생상품계약_장내파생상품_주식관련거래,0,국내증권사,B,SF205,각주항목(09.06월 이후)
26448,202109,0010123,씨티그룹글로벌마켓증권주식회사,C14,파생상품계약_장내파생상품_일반상품관련거래,0,국내증권사,B,SF205,각주항목(09.06월 이후)
26449,202109,0010123,씨티그룹글로벌마켓증권주식회사,C15,파생상품계약_장내파생상품_기타,0,국내증권사,B,SF205,각주항목(09.06월 이후)
26450,202109,0010123,씨티그룹글로벌마켓증권주식회사,C2,파생상품계약_장외파생상품,0,국내증권사,B,SF205,각주항목(09.06월 이후)
26451,202109,0010123,씨티그룹글로벌마켓증권주식회사,C21,파생상품계약_장외파생상품_이자율관련거래,0,국내증권사,B,SF205,각주항목(09.06월 이후)
26452,202109,0010123,씨티그룹글로벌마켓증권주식회사,C22,파생상품계약_장외파생상품_통화관련거래,0,국내증권사,B,SF205,각주항목(09.06월 이후)
26453,202109,0010123,씨티그룹글로벌마켓증권주식회사,C23,파생상품계약_장외파생상품_주식관련거래,0,국내증권사,B,SF205,각주항목(09.06월 이후)
26454,202109,0010123,씨티그룹글로벌마켓증권주식회사,C24,파생상품계약_장외파생상품_신용관련거래,0,국내증권사,B,SF205,각주항목(09.06월 이후)
26455,202109,0010123,씨티그룹글로벌마켓증권주식회사,C25,파생상품계약_장외파생상품_기타,0,국내증권사,B,SF205,각주항목(09.06월 이후)
26456,202109,0010123,씨티그룹글로벌마켓증권주식회사,D,대차 및 대주거래,0,국내증권사,B,SF205,각주항목(09.06월 이후)
26457,202109,0010123,씨티그룹글로벌마켓증권주식회사,D1,대차 및 대주거래_대여증권,0,국내증권사,B,SF205,각주항목(09.06월 이후)
26458,202109,0010123,씨티그룹글로벌마켓증권주식회사,D2,대차 및 대주거래_차입증권,0,국내증권사,B,SF205,각주항목(09.06월 이후)
26459,202109,0010123,씨티그룹글로벌마켓증권주식회사,D3,대차 및 대주거래_신용거래대주,0,국내증권사,B,SF205,각주항목(09.06월 이후)
26460,202109,0010123,씨티그룹글로벌마켓증권주식회사,E,대손상각채권,0,국내증권사,B,SF205,각주항목(09.06월 이후)
26461,202109,0010123,씨티그룹글로벌마켓증권주식회사,F,환전업무 예치금,0,국내증권사,B,SF205,각주항목(09.06월 이후)
26462,202109,0010123,씨티그룹글로벌마켓증권주식회사,G,미배당별도예치금,0,국내증권사,B,SF205,각주항목(09.06월 이후)
26463,202109,0010123,씨티그룹글로벌마켓증권주식회사,H,배서어음매출(종금계정),0,국내증권사,B,SF205,각주항목(09.06월 이후)
26464,202109,0010123,씨티그룹글로벌마켓증권주식회사,H1,대출채권매매이익_담보부,0,국내증권사,B,SF205,각주항목(09.06월 이후)
26465,202109,0010123,씨티그룹글로벌마켓증권주식회사,H2,대출채권매매이익_무담보부,0,국내증권사,B,SF205,각주항목(09.06월 이후)
26466,202112,0010123,씨티그룹글로벌마켓증권주식회사,A,채무보증,0,국내증권사,B,SF205,각주항목(09.06월 이후)
26467,202112,0010123,씨티그룹글로벌마켓증권주식회사,A1,채무보증_지급보증,0,국내증권사,B,SF205,각주항목(09.06월 이후)
26468,202112,0010123,씨티그룹글로벌마켓증권주식회사,A2,채무보증_매입보장약정,0,국내증권사,B,SF205,각주항목(09.06월 이후)
26469,202112,0010123,씨티그룹글로벌마켓증권주식회사,A3,채무보증_채무인수약정,0,국내증권사,B,SF205,각주항목(09.06월 이후)
26470,202112,0010123,씨티그룹글로벌마켓증권주식회사,A5,채무보증_매입확약,0,국내증권사,B,SF205,각주항목(09.06월 이후)
26471,202112,0010123,씨티그룹글로벌마켓증권주식회사,A6,채무보증_기타,0,국내증권사,B,SF205,각주항목(09.06월 이후)
26472,202112,0010123,씨티그룹글로벌마켓증권주식회사,B,투자자의 예수증권 등,90155000000,국내증권사,B,SF205,각주항목(09.06월 이후)
26473,202112,0010123,씨티그룹글로벌마켓증권주식회사,B1,투자자의 예수증권 등_예수 증권,90155000000,국내증권사,B,SF205,각주항목(09.06월 이후)
26474,202112,0010123,씨티그룹글로벌마켓증권주식회사,B2,투자자의 예수증권 등_예수양도성예금증서,0,국내증권사,B,SF205,각주항목(09.06월 이후)
26475,202112,0010123,씨티그룹글로벌마켓증권주식회사,B3,투자자의 예수증권 등_기타,0,국내증권사,B,SF205,각주항목(09.06월 이후)
26476,202112,0010123,씨티그룹글로벌마켓증권주식회사,C,파생상품계약,0,국내증권사,B,SF205,각주항목(09.06월 이후)
26477,202112,0010123,씨티그룹글로벌마켓증권주식회사,C1,파생상품계약_장내파생상품,0,국내증권사,B,SF205,각주항목(09.06월 이후)
26478,202112,0010123,씨티그룹글로벌마켓증권주식회사,C11,파생상품계약_장내파생상품_이자율관련거래,0,국내증권사,B,SF205,각주항목(09.06월 이후)
26479,202112,0010123,씨티그룹글로벌마켓증권주식회사,C12,파생상품계약_장내파생상품_통화관련거래,0,국내증권사,B,SF205,각주항목(09.06월 이후)
26480,202112,0010123,씨티그룹글로벌마켓증권주식회사,C13,파생상품계약_장내파생상품_주식관련거래,0,국내증권사,B,SF205,각주항목(09.06월 이후)
26481,202112,0010123,씨티그룹글로벌마켓증권주식회사,C14,파생상품계약_장내파생상품_일반상품관련거래,0,국내증권사,B,SF205,각주항목(09.06월 이후)
26482,202112,0010123,씨티그룹글로벌마켓증권주식회사,C15,파생상품계약_장내파생상품_기타,0,국내증권사,B,SF205,각주항목(09.06월 이후)
26483,202112,0010123,씨티그룹글로벌마켓증권주식회사,C2,파생상품계약_장외파생상품,0,국내증권사,B,SF205,각주항목(09.06월 이후)
26484,202112,0010123,씨티그룹글로벌마켓증권주식회사,C21,파생상품계약_장외파생상품_이자율관련거래,0,국내증권사,B,SF205,각주항목(09.06월 이후)
26485,202112,0010123,씨티그룹글로벌마켓증권주식회사,C22,파생상품계약_장외파생상품_통화관련거래,0,국내증권사,B,SF205,각주항목(09.06월 이후)
26486,202112,0010123,씨티그룹글로벌마켓증권주식회사,C23,파생상품계약_장외파생상품_주식관련거래,0,국내증권사,B,SF205,각주항목(09.06월 이후)
26487,202112,0010123,씨티그룹글로벌마켓증권주식회사,C24,파생상품계약_장외파생상품_신용관련거래,0,국내증권사,B,SF205,각주항목(09.06월 이후)
26488,202112,0010123,씨티그룹글로벌마켓증권주식회사,C25,파생상품계약_장외파생상품_기타,0,국내증권사,B,SF205,각주항목(09.06월 이후)
26489,202112,0010123,씨티그룹글로벌마켓증권주식회사,D,대차 및 대주거래,0,국내증권사,B,SF205,각주항목(09.06월 이후)
26490,202112,0010123,씨티그룹글로벌마켓증권주식회사,D1,대차 및 대주거래_대여증권,0,국내증권사,B,SF205,각주항목(09.06월 이후)
26491,202112,0010123,씨티그룹글로벌마켓증권주식회사,D2,대차 및 대주거래_차입증권,0,국내증권사,B,SF205,각주항목(09.06월 이후)
26492,202112,0010123,씨티그룹글로벌마켓증권주식회사,D3,대차 및 대주거래_신용거래대주,0,국내증권사,B,SF205,각주항목(09.06월 이후)
26493,202112,0010123,씨티그룹글로벌마켓증권주식회사,E,대손상각채권,0,국내증권사,B,SF205,각주항목(09.06월 이후)
26494,202112,0010123,씨티그룹글로벌마켓증권주식회사,F,환전업무 예치금,0,국내증권사,B,SF205,각주항목(09.06월 이후)
26495,202112,0010123,씨티그룹글로벌마켓증권주식회사,G,미배당별도예치금,0,국내증권사,B,SF205,각주항목(09.06월 이후)
26496,202112,0010123,씨티그룹글로벌마켓증권주식회사,H,배서어음매출(종금계정),0,국내증권사,B,SF205,각주항목(09.06월 이후)
26497,202112,0010123,씨티그룹글로벌마켓증권주식회사,H1,대출채권매매이익_담보부,0,국내증권사,B,SF205,각주항목(09.06월 이후)
26498,202112,0010123,씨티그룹글로벌마켓증권주식회사,H2,대출채권매매이익_무담보부,0,국내증권사,B,SF205,각주항목(09.06월 이후)
26499,202203,0010123,씨티그룹글로벌마켓증권주식회사,A,채무보증,0,국내증권사,B,SF205,각주항목(09.06월 이후)
26500,202203,0010123,씨티그룹글로벌마켓증권주식회사,A1,채무보증_지급보증,0,국내증권사,B,SF205,각주항목(09.06월 이후)
26501,202203,0010123,씨티그룹글로벌마켓증권주식회사,A2,채무보증_매입보장약정,0,국내증권사,B,SF205,각주항목(09.06월 이후)
26502,202203,0010123,씨티그룹글로벌마켓증권주식회사,A3,채무보증_채무인수약정,0,국내증권사,B,SF205,각주항목(09.06월 이후)
26503,202203,0010123,씨티그룹글로벌마켓증권주식회사,A5,채무보증_매입확약,0,국내증권사,B,SF205,각주항목(09.06월 이후)
26504,202203,0010123,씨티그룹글로벌마켓증권주식회사,A6,채무보증_기타,0,국내증권사,B,SF205,각주항목(09.06월 이후)
26505,202203,0010123,씨티그룹글로벌마켓증권주식회사,B,투자자의 예수증권 등,81708000000,국내증권사,B,SF205,각주항목(09.06월 이후)
26506,202203,0010123,씨티그룹글로벌마켓증권주식회사,B1,투자자의 예수증권 등_예수 증권,81708000000,국내증권사,B,SF205,각주항목(09.06월 이후)
26507,202203,0010123,씨티그룹글로벌마켓증권주식회사,B2,투자자의 예수증권 등_예수양도성예금증서,0,국내증권사,B,SF205,각주항목(09.06월 이후)
26508,202203,0010123,씨티그룹글로벌마켓증권주식회사,B3,투자자의 예수증권 등_기타,0,국내증권사,B,SF205,각주항목(09.06월 이후)
26509,202203,0010123,씨티그룹글로벌마켓증권주식회사,C,파생상품계약,0,국내증권사,B,SF205,각주항목(09.06월 이후)
26510,202203,0010123,씨티그룹글로벌마켓증권주식회사,C1,파생상품계약_장내파생상품,0,국내증권사,B,SF205,각주항목(09.06월 이후)
26511,202203,0010123,씨티그룹글로벌마켓증권주식회사,C11,파생상품계약_장내파생상품_이자율관련거래,0,국내증권사,B,SF205,각주항목(09.06월 이후)
26512,202203,0010123,씨티그룹글로벌마켓증권주식회사,C12,파생상품계약_장내파생상품_통화관련거래,0,국내증권사,B,SF205,각주항목(09.06월 이후)
26513,202203,0010123,씨티그룹글로벌마켓증권주식회사,C13,파생상품계약_장내파생상품_주식관련거래,0,국내증권사,B,SF205,각주항목(09.06월 이후)
26514,202203,0010123,씨티그룹글로벌마켓증권주식회사,C14,파생상품계약_장내파생상품_일반상품관련거래,0,국내증권사,B,SF205,각주항목(09.06월 이후)
26515,202203,0010123,씨티그룹글로벌마켓증권주식회사,C15,파생상품계약_장내파생상품_기타,0,국내증권사,B,SF205,각주항목(09.06월 이후)
26516,202203,0010123,씨티그룹글로벌마켓증권주식회사,C2,파생상품계약_장외파생상품,0,국내증권사,B,SF205,각주항목(09.06월 이후)
26517,202203,0010123,씨티그룹글로벌마켓증권주식회사,C21,파생상품계약_장외파생상품_이자율관련거래,0,국내증권사,B,SF205,각주항목(09.06월 이후)
26518,202203,0010123,씨티그룹글로벌마켓증권주식회사,C22,파생상품계약_장외파생상품_통화관련거래,0,국내증권사,B,SF205,각주항목(09.06월 이후)
26519,202203,0010123,씨티그룹글로벌마켓증권주식회사,C23,파생상품계약_장외파생상품_주식관련거래,0,국내증권사,B,SF205,각주항목(09.06월 이후)
26520,202203,0010123,씨티그룹글로벌마켓증권주식회사,C24,파생상품계약_장외파생상품_신용관련거래,0,국내증권사,B,SF205,각주항목(09.06월 이후)
26521,202203,0010123,씨티그룹글로벌마켓증권주식회사,C25,파생상품계약_장외파생상품_기타,0,국내증권사,B,SF205,각주항목(09.06월 이후)
26522,202203,0010123,씨티그룹글로벌마켓증권주식회사,D,대차 및 대주거래,0,국내증권사,B,SF205,각주항목(09.06월 이후)
26523,202203,0010123,씨티그룹글로벌마켓증권주식회사,D1,대차 및 대주거래_대여증권,0,국내증권사,B,SF205,각주항목(09.06월 이후)
26524,202203,0010123,씨티그룹글로벌마켓증권주식회사,D2,대차 및 대주거래_차입증권,0,국내증권사,B,SF205,각주항목(09.06월 이후)
26525,202203,0010123,씨티그룹글로벌마켓증권주식회사,D3,대차 및 대주거래_신용거래대주,0,국내증권사,B,SF205,각주항목(09.06월 이후)
26526,202203,0010123,씨티그룹글로벌마켓증권주식회사,E,대손상각채권,0,국내증권사,B,SF205,각주항목(09.06월 이후)
26527,202203,0010123,씨티그룹글로벌마켓증권주식회사,F,환전업무 예치금,0,국내증권사,B,SF205,각주항목(09.06월 이후)
26528,202203,0010123,씨티그룹글로벌마켓증권주식회사,G,미배당별도예치금,0,국내증권사,B,SF205,각주항목(09.06월 이후)
26529,202203,0010123,씨티그룹글로벌마켓증권주식회사,H,배서어음매출(종금계정),0,국내증권사,B,SF205,각주항목(09.06월 이후)
26530,202203,0010123,씨티그룹글로벌마켓증권주식회사,H1,대출채권매매이익_담보부,0,국내증권사,B,SF205,각주항목(09.06월 이후)
26531,202203,0010123,씨티그룹글로벌마켓증권주식회사,H2,대출채권매매이익_무담보부,0,국내증권사,B,SF205,각주항목(09.06월 이후)
26532,202206,0010123,씨티그룹글로벌마켓증권주식회사,A,채무보증,0,국내증권사,B,SF205,각주항목(09.06월 이후)
26533,202206,0010123,씨티그룹글로벌마켓증권주식회사,A1,채무보증_지급보증,0,국내증권사,B,SF205,각주항목(09.06월 이후)
26534,202206,0010123,씨티그룹글로벌마켓증권주식회사,A2,채무보증_매입보장약정,0,국내증권사,B,SF205,각주항목(09.06월 이후)
26535,202206,0010123,씨티그룹글로벌마켓증권주식회사,A3,채무보증_채무인수약정,0,국내증권사,B,SF205,각주항목(09.06월 이후)
26536,202206,0010123,씨티그룹글로벌마켓증권주식회사,A5,채무보증_매입확약,0,국내증권사,B,SF205,각주항목(09.06월 이후)
26537,202206,0010123,씨티그룹글로벌마켓증권주식회사,A6,채무보증_기타,0,국내증권사,B,SF205,각주항목(09.06월 이후)
26538,202206,0010123,씨티그룹글로벌마켓증권주식회사,B,투자자의 예수증권 등,69929000000,국내증권사,B,SF205,각주항목(09.06월 이후)
26539,202206,0010123,씨티그룹글로벌마켓증권주식회사,B1,투자자의 예수증권 등_예수 증권,69929000000,국내증권사,B,SF205,각주항목(09.06월 이후)
26540,202206,0010123,씨티그룹글로벌마켓증권주식회사,B2,투자자의 예수증권 등_예수양도성예금증서,0,국내증권사,B,SF205,각주항목(09.06월 이후)
26541,202206,0010123,씨티그룹글로벌마켓증권주식회사,B3,투자자의 예수증권 등_기타,0,국내증권사,B,SF205,각주항목(09.06월 이후)
26542,202206,0010123,씨티그룹글로벌마켓증권주식회사,C,파생상품계약,0,국내증권사,B,SF205,각주항목(09.06월 이후)
26543,202206,0010123,씨티그룹글로벌마켓증권주식회사,C1,파생상품계약_장내파생상품,0,국내증권사,B,SF205,각주항목(09.06월 이후)
26544,202206,0010123,씨티그룹글로벌마켓증권주식회사,C11,파생상품계약_장내파생상품_이자율관련거래,0,국내증권사,B,SF205,각주항목(09.06월 이후)
26545,202206,0010123,씨티그룹글로벌마켓증권주식회사,C12,파생상품계약_장내파생상품_통화관련거래,0,국내증권사,B,SF205,각주항목(09.06월 이후)
26546,202206,0010123,씨티그룹글로벌마켓증권주식회사,C13,파생상품계약_장내파생상품_주식관련거래,0,국내증권사,B,SF205,각주항목(09.06월 이후)
26547,202206,0010123,씨티그룹글로벌마켓증권주식회사,C14,파생상품계약_장내파생상품_일반상품관련거래,0,국내증권사,B,SF205,각주항목(09.06월 이후)
26548,202206,0010123,씨티그룹글로벌마켓증권주식회사,C15,파생상품계약_장내파생상품_기타,0,국내증권사,B,SF205,각주항목(09.06월 이후)
26549,202206,0010123,씨티그룹글로벌마켓증권주식회사,C2,파생상품계약_장외파생상품,0,국내증권사,B,SF205,각주항목(09.06월 이후)
26550,202206,0010123,씨티그룹글로벌마켓증권주식회사,C21,파생상품계약_장외파생상품_이자율관련거래,0,국내증권사,B,SF205,각주항목(09.06월 이후)
26551,202206,0010123,씨티그룹글로벌마켓증권주식회사,C22,파생상품계약_장외파생상품_통화관련거래,0,국내증권사,B,SF205,각주항목(09.06월 이후)
26552,202206,0010123,씨티그룹글로벌마켓증권주식회사,C23,파생상품계약_장외파생상품_주식관련거래,0,국내증권사,B,SF205,각주항목(09.06월 이후)
26553,202206,0010123,씨티그룹글로벌마켓증권주식회사,C24,파생상품계약_장외파생상품_신용관련거래,0,국내증권사,B,SF205,각주항목(09.06월 이후)
26554,202206,0010123,씨티그룹글로벌마켓증권주식회사,C25,파생상품계약_장외파생상품_기타,0,국내증권사,B,SF205,각주항목(09.06월 이후)
26555,202206,0010123,씨티그룹글로벌마켓증권주식회사,D,대차 및 대주거래,0,국내증권사,B,SF205,각주항목(09.06월 이후)
26556,202206,0010123,씨티그룹글로벌마켓증권주식회사,D1,대차 및 대주거래_대여증권,0,국내증권사,B,SF205,각주항목(09.06월 이후)
26557,202206,0010123,씨티그룹글로벌마켓증권주식회사,D2,대차 및 대주거래_차입증권,0,국내증권사,B,SF205,각주항목(09.06월 이후)
26558,202206,0010123,씨티그룹글로벌마켓증권주식회사,D3,대차 및 대주거래_신용거래대주,0,국내증권사,B,SF205,각주항목(09.06월 이후)
26559,202206,0010123,씨티그룹글로벌마켓증권주식회사,E,대손상각채권,0,국내증권사,B,SF205,각주항목(09.06월 이후)
26560,202206,0010123,씨티그룹글로벌마켓증권주식회사,F,환전업무 예치금,0,국내증권사,B,SF205,각주항목(09.06월 이후)
26561,202206,0010123,씨티그룹글로벌마켓증권주식회사,G,미배당별도예치금,0,국내증권사,B,SF205,각주항목(09.06월 이후)
26562,202206,0010123,씨티그룹글로벌마켓증권주식회사,H,배서어음매출(종금계정),0,국내증권사,B,SF205,각주항목(09.06월 이후)
26563,202206,0010123,씨티그룹글로벌마켓증권주식회사,H1,대출채권매매이익_담보부,0,국내증권사,B,SF205,각주항목(09.06월 이후)
26564,202206,0010123,씨티그룹글로벌마켓증권주식회사,H2,대출채권매매이익_무담보부,0,국내증권사,B,SF205,각주항목(09.06월 이후)
26565,202209,0010123,씨티그룹글로벌마켓증권주식회사,A,채무보증,0,국내증권사,B,SF205,각주항목(09.06월 이후)
26566,202209,0010123,씨티그룹글로벌마켓증권주식회사,A1,채무보증_지급보증,0,국내증권사,B,SF205,각주항목(09.06월 이후)
26567,202209,0010123,씨티그룹글로벌마켓증권주식회사,A2,채무보증_매입보장약정,0,국내증권사,B,SF205,각주항목(09.06월 이후)
26568,202209,0010123,씨티그룹글로벌마켓증권주식회사,A3,채무보증_채무인수약정,0,국내증권사,B,SF205,각주항목(09.06월 이후)
26569,202209,0010123,씨티그룹글로벌마켓증권주식회사,A5,채무보증_매입확약,0,국내증권사,B,SF205,각주항목(09.06월 이후)
26570,202209,0010123,씨티그룹글로벌마켓증권주식회사,A6,채무보증_기타,0,국내증권사,B,SF205,각주항목(09.06월 이후)
26571,202209,0010123,씨티그룹글로벌마켓증권주식회사,B,투자자의 예수증권 등,67448000000,국내증권사,B,SF205,각주항목(09.06월 이후)
26572,202209,0010123,씨티그룹글로벌마켓증권주식회사,B1,투자자의 예수증권 등_예수 증권,67448000000,국내증권사,B,SF205,각주항목(09.06월 이후)
26573,202209,0010123,씨티그룹글로벌마켓증권주식회사,B2,투자자의 예수증권 등_예수양도성예금증서,0,국내증권사,B,SF205,각주항목(09.06월 이후)
26574,202209,0010123,씨티그룹글로벌마켓증권주식회사,B3,투자자의 예수증권 등_기타,0,국내증권사,B,SF205,각주항목(09.06월 이후)
26575,202209,0010123,씨티그룹글로벌마켓증권주식회사,C,파생상품계약,0,국내증권사,B,SF205,각주항목(09.06월 이후)
26576,202209,0010123,씨티그룹글로벌마켓증권주식회사,C1,파생상품계약_장내파생상품,0,국내증권사,B,SF205,각주항목(09.06월 이후)
26577,202209,0010123,씨티그룹글로벌마켓증권주식회사,C11,파생상품계약_장내파생상품_이자율관련거래,0,국내증권사,B,SF205,각주항목(09.06월 이후)
26578,202209,0010123,씨티그룹글로벌마켓증권주식회사,C12,파생상품계약_장내파생상품_통화관련거래,0,국내증권사,B,SF205,각주항목(09.06월 이후)
26579,202209,0010123,씨티그룹글로벌마켓증권주식회사,C13,파생상품계약_장내파생상품_주식관련거래,0,국내증권사,B,SF205,각주항목(09.06월 이후)
26580,202209,0010123,씨티그룹글로벌마켓증권주식회사,C14,파생상품계약_장내파생상품_일반상품관련거래,0,국내증권사,B,SF205,각주항목(09.06월 이후)
26581,202209,0010123,씨티그룹글로벌마켓증권주식회사,C15,파생상품계약_장내파생상품_기타,0,국내증권사,B,SF205,각주항목(09.06월 이후)
26582,202209,0010123,씨티그룹글로벌마켓증권주식회사,C2,파생상품계약_장외파생상품,0,국내증권사,B,SF205,각주항목(09.06월 이후)
26583,202209,0010123,씨티그룹글로벌마켓증권주식회사,C21,파생상품계약_장외파생상품_이자율관련거래,0,국내증권사,B,SF205,각주항목(09.06월 이후)
26584,202209,0010123,씨티그룹글로벌마켓증권주식회사,C22,파생상품계약_장외파생상품_통화관련거래,0,국내증권사,B,SF205,각주항목(09.06월 이후)
26585,202209,0010123,씨티그룹글로벌마켓증권주식회사,C23,파생상품계약_장외파생상품_주식관련거래,0,국내증권사,B,SF205,각주항목(09.06월 이후)
26586,202209,0010123,씨티그룹글로벌마켓증권주식회사,C24,파생상품계약_장외파생상품_신용관련거래,0,국내증권사,B,SF205,각주항목(09.06월 이후)
26587,202209,0010123,씨티그룹글로벌마켓증권주식회사,C25,파생상품계약_장외파생상품_기타,0,국내증권사,B,SF205,각주항목(09.06월 이후)
26588,202209,0010123,씨티그룹글로벌마켓증권주식회사,D,대차 및 대주거래,0,국내증권사,B,SF205,각주항목(09.06월 이후)
26589,202209,0010123,씨티그룹글로벌마켓증권주식회사,D1,대차 및 대주거래_대여증권,0,국내증권사,B,SF205,각주항목(09.06월 이후)
26590,202209,0010123,씨티그룹글로벌마켓증권주식회사,D2,대차 및 대주거래_차입증권,0,국내증권사,B,SF205,각주항목(09.06월 이후)
26591,202209,0010123,씨티그룹글로벌마켓증권주식회사,D3,대차 및 대주거래_신용거래대주,0,국내증권사,B,SF205,각주항목(09.06월 이후)
26592,202209,0010123,씨티그룹글로벌마켓증권주식회사,E,대손상각채권,0,국내증권사,B,SF205,각주항목(09.06월 이후)
26593,202209,0010123,씨티그룹글로벌마켓증권주식회사,F,환전업무 예치금,0,국내증권사,B,SF205,각주항목(09.06월 이후)
26594,202209,0010123,씨티그룹글로벌마켓증권주식회사,G,미배당별도예치금,0,국내증권사,B,SF205,각주항목(09.06월 이후)
26595,202209,0010123,씨티그룹글로벌마켓증권주식회사,H,배서어음매출(종금계정),0,국내증권사,B,SF205,각주항목(09.06월 이후)
26596,202209,0010123,씨티그룹글로벌마켓증권주식회사,H1,대출채권매매이익_담보부,0,국내증권사,B,SF205,각주항목(09.06월 이후)
26597,202209,0010123,씨티그룹글로벌마켓증권주식회사,H2,대출채권매매이익_무담보부,0,국내증권사,B,SF205,각주항목(09.06월 이후)
26598,202212,0010123,씨티그룹글로벌마켓증권주식회사,A,채무보증,0,국내증권사,B,SF205,각주항목(09.06월 이후)
26599,202212,0010123,씨티그룹글로벌마켓증권주식회사,A1,채무보증_지급보증,0,국내증권사,B,SF205,각주항목(09.06월 이후)
26600,202212,0010123,씨티그룹글로벌마켓증권주식회사,A2,채무보증_매입보장약정,0,국내증권사,B,SF205,각주항목(09.06월 이후)
26601,202212,0010123,씨티그룹글로벌마켓증권주식회사,A3,채무보증_채무인수약정,0,국내증권사,B,SF205,각주항목(09.06월 이후)
26602,202212,0010123,씨티그룹글로벌마켓증권주식회사,A5,채무보증_매입확약,0,국내증권사,B,SF205,각주항목(09.06월 이후)
26603,202212,0010123,씨티그룹글로벌마켓증권주식회사,A6,채무보증_기타,0,국내증권사,B,SF205,각주항목(09.06월 이후)
26604,202212,0010123,씨티그룹글로벌마켓증권주식회사,B,투자자의 예수증권 등,12673000000,국내증권사,B,SF205,각주항목(09.06월 이후)
26605,202212,0010123,씨티그룹글로벌마켓증권주식회사,B1,투자자의 예수증권 등_예수 증권,12673000000,국내증권사,B,SF205,각주항목(09.06월 이후)
26606,202212,0010123,씨티그룹글로벌마켓증권주식회사,B2,투자자의 예수증권 등_예수양도성예금증서,0,국내증권사,B,SF205,각주항목(09.06월 이후)
26607,202212,0010123,씨티그룹글로벌마켓증권주식회사,B3,투자자의 예수증권 등_기타,0,국내증권사,B,SF205,각주항목(09.06월 이후)
26608,202212,0010123,씨티그룹글로벌마켓증권주식회사,C,파생상품계약,0,국내증권사,B,SF205,각주항목(09.06월 이후)
26609,202212,0010123,씨티그룹글로벌마켓증권주식회사,C1,파생상품계약_장내파생상품,0,국내증권사,B,SF205,각주항목(09.06월 이후)
26610,202212,0010123,씨티그룹글로벌마켓증권주식회사,C11,파생상품계약_장내파생상품_이자율관련거래,0,국내증권사,B,SF205,각주항목(09.06월 이후)
26611,202212,0010123,씨티그룹글로벌마켓증권주식회사,C12,파생상품계약_장내파생상품_통화관련거래,0,국내증권사,B,SF205,각주항목(09.06월 이후)
26612,202212,0010123,씨티그룹글로벌마켓증권주식회사,C13,파생상품계약_장내파생상품_주식관련거래,0,국내증권사,B,SF205,각주항목(09.06월 이후)
26613,202212,0010123,씨티그룹글로벌마켓증권주식회사,C14,파생상품계약_장내파생상품_일반상품관련거래,0,국내증권사,B,SF205,각주항목(09.06월 이후)
26614,202212,0010123,씨티그룹글로벌마켓증권주식회사,C15,파생상품계약_장내파생상품_기타,0,국내증권사,B,SF205,각주항목(09.06월 이후)
26615,202212,0010123,씨티그룹글로벌마켓증권주식회사,C2,파생상품계약_장외파생상품,0,국내증권사,B,SF205,각주항목(09.06월 이후)
26616,202212,0010123,씨티그룹글로벌마켓증권주식회사,C21,파생상품계약_장외파생상품_이자율관련거래,0,국내증권사,B,SF205,각주항목(09.06월 이후)
26617,202212,0010123,씨티그룹글로벌마켓증권주식회사,C22,파생상품계약_장외파생상품_통화관련거래,0,국내증권사,B,SF205,각주항목(09.06월 이후)
26618,202212,0010123,씨티그룹글로벌마켓증권주식회사,C23,파생상품계약_장외파생상품_주식관련거래,0,국내증권사,B,SF205,각주항목(09.06월 이후)
26619,202212,0010123,씨티그룹글로벌마켓증권주식회사,C24,파생상품계약_장외파생상품_신용관련거래,0,국내증권사,B,SF205,각주항목(09.06월 이후)
26620,202212,0010123,씨티그룹글로벌마켓증권주식회사,C25,파생상품계약_장외파생상품_기타,0,국내증권사,B,SF205,각주항목(09.06월 이후)
26621,202212,0010123,씨티그룹글로벌마켓증권주식회사,D,대차 및 대주거래,0,국내증권사,B,SF205,각주항목(09.06월 이후)
26622,202212,0010123,씨티그룹글로벌마켓증권주식회사,D1,대차 및 대주거래_대여증권,0,국내증권사,B,SF205,각주항목(09.06월 이후)
26623,202212,0010123,씨티그룹글로벌마켓증권주식회사,D2,대차 및 대주거래_차입증권,0,국내증권사,B,SF205,각주항목(09.06월 이후)
26624,202212,0010123,씨티그룹글로벌마켓증권주식회사,D3,대차 및 대주거래_신용거래대주,0,국내증권사,B,SF205,각주항목(09.06월 이후)
26625,202212,0010123,씨티그룹글로벌마켓증권주식회사,E,대손상각채권,0,국내증권사,B,SF205,각주항목(09.06월 이후)
26626,202212,0010123,씨티그룹글로벌마켓증권주식회사,F,환전업무 예치금,0,국내증권사,B,SF205,각주항목(09.06월 이후)
26627,202212,0010123,씨티그룹글로벌마켓증권주식회사,G,미배당별도예치금,0,국내증권사,B,SF205,각주항목(09.06월 이후)
26628,202212,0010123,씨티그룹글로벌마켓증권주식회사,H,배서어음매출(종금계정),0,국내증권사,B,SF205,각주항목(09.06월 이후)
26629,202212,0010123,씨티그룹글로벌마켓증권주식회사,H1,대출채권매매이익_담보부,0,국내증권사,B,SF205,각주항목(09.06월 이후)
26630,202212,0010123,씨티그룹글로벌마켓증권주식회사,H2,대출채권매매이익_무담보부,0,국내증권사,B,SF205,각주항목(09.06월 이후)
26631,202303,0010123,씨티그룹글로벌마켓증권주식회사,A,채무보증,0,국내증권사,B,SF205,각주항목(09.06월 이후)
26632,202303,0010123,씨티그룹글로벌마켓증권주식회사,A1,채무보증_지급보증,0,국내증권사,B,SF205,각주항목(09.06월 이후)
26633,202303,0010123,씨티그룹글로벌마켓증권주식회사,A2,채무보증_매입보장약정,0,국내증권사,B,SF205,각주항목(09.06월 이후)
26634,202303,0010123,씨티그룹글로벌마켓증권주식회사,A3,채무보증_채무인수약정,0,국내증권사,B,SF205,각주항목(09.06월 이후)
26635,202303,0010123,씨티그룹글로벌마켓증권주식회사,A5,채무보증_매입확약,0,국내증권사,B,SF205,각주항목(09.06월 이후)
26636,202303,0010123,씨티그룹글로벌마켓증권주식회사,A6,채무보증_기타,0,국내증권사,B,SF205,각주항목(09.06월 이후)
26637,202303,0010123,씨티그룹글로벌마켓증권주식회사,B,투자자의 예수증권 등,83169744000,국내증권사,B,SF205,각주항목(09.06월 이후)
26638,202303,0010123,씨티그룹글로벌마켓증권주식회사,B1,투자자의 예수증권 등_예수 증권,83169744000,국내증권사,B,SF205,각주항목(09.06월 이후)
26639,202303,0010123,씨티그룹글로벌마켓증권주식회사,B2,투자자의 예수증권 등_예수양도성예금증서,0,국내증권사,B,SF205,각주항목(09.06월 이후)
26640,202303,0010123,씨티그룹글로벌마켓증권주식회사,B3,투자자의 예수증권 등_기타,0,국내증권사,B,SF205,각주항목(09.06월 이후)
26641,202303,0010123,씨티그룹글로벌마켓증권주식회사,C,파생상품계약,0,국내증권사,B,SF205,각주항목(09.06월 이후)
26642,202303,0010123,씨티그룹글로벌마켓증권주식회사,C1,파생상품계약_장내파생상품,0,국내증권사,B,SF205,각주항목(09.06월 이후)
26643,202303,0010123,씨티그룹글로벌마켓증권주식회사,C11,파생상품계약_장내파생상품_이자율관련거래,0,국내증권사,B,SF205,각주항목(09.06월 이후)
26644,202303,0010123,씨티그룹글로벌마켓증권주식회사,C12,파생상품계약_장내파생상품_통화관련거래,0,국내증권사,B,SF205,각주항목(09.06월 이후)
26645,202303,0010123,씨티그룹글로벌마켓증권주식회사,C13,파생상품계약_장내파생상품_주식관련거래,0,국내증권사,B,SF205,각주항목(09.06월 이후)
26646,202303,0010123,씨티그룹글로벌마켓증권주식회사,C14,파생상품계약_장내파생상품_일반상품관련거래,0,국내증권사,B,SF205,각주항목(09.06월 이후)
26647,202303,0010123,씨티그룹글로벌마켓증권주식회사,C15,파생상품계약_장내파생상품_기타,0,국내증권사,B,SF205,각주항목(09.06월 이후)
26648,202303,0010123,씨티그룹글로벌마켓증권주식회사,C2,파생상품계약_장외파생상품,0,국내증권사,B,SF205,각주항목(09.06월 이후)
26649,202303,0010123,씨티그룹글로벌마켓증권주식회사,C21,파생상품계약_장외파생상품_이자율관련거래,0,국내증권사,B,SF205,각주항목(09.06월 이후)
26650,202303,0010123,씨티그룹글로벌마켓증권주식회사,C22,파생상품계약_장외파생상품_통화관련거래,0,국내증권사,B,SF205,각주항목(09.06월 이후)
26651,202303,0010123,씨티그룹글로벌마켓증권주식회사,C23,파생상품계약_장외파생상품_주식관련거래,0,국내증권사,B,SF205,각주항목(09.06월 이후)
26652,202303,0010123,씨티그룹글로벌마켓증권주식회사,C24,파생상품계약_장외파생상품_신용관련거래,0,국내증권사,B,SF205,각주항목(09.06월 이후)
26653,202303,0010123,씨티그룹글로벌마켓증권주식회사,C25,파생상품계약_장외파생상품_기타,0,국내증권사,B,SF205,각주항목(09.06월 이후)
26654,202303,0010123,씨티그룹글로벌마켓증권주식회사,D,대차 및 대주거래,0,국내증권사,B,SF205,각주항목(09.06월 이후)
26655,202303,0010123,씨티그룹글로벌마켓증권주식회사,D1,대차 및 대주거래_대여증권,0,국내증권사,B,SF205,각주항목(09.06월 이후)
26656,202303,0010123,씨티그룹글로벌마켓증권주식회사,D2,대차 및 대주거래_차입증권,0,국내증권사,B,SF205,각주항목(09.06월 이후)
26657,202303,0010123,씨티그룹글로벌마켓증권주식회사,D3,대차 및 대주거래_신용거래대주,0,국내증권사,B,SF205,각주항목(09.06월 이후)
26658,202303,0010123,씨티그룹글로벌마켓증권주식회사,E,대손상각채권,0,국내증권사,B,SF205,각주항목(09.06월 이후)
26659,202303,0010123,씨티그룹글로벌마켓증권주식회사,F,환전업무 예치금,0,국내증권사,B,SF205,각주항목(09.06월 이후)
26660,202303,0010123,씨티그룹글로벌마켓증권주식회사,G,미배당별도예치금,0,국내증권사,B,SF205,각주항목(09.06월 이후)
26661,202303,0010123,씨티그룹글로벌마켓증권주식회사,H,배서어음매출(종금계정),0,국내증권사,B,SF205,각주항목(09.06월 이후)
26662,202303,0010123,씨티그룹글로벌마켓증권주식회사,H1,대출채권매매이익_담보부,0,국내증권사,B,SF205,각주항목(09.06월 이후)
26663,202303,0010123,씨티그룹글로벌마켓증권주식회사,H2,대출채권매매이익_무담보부,0,국내증권사,B,SF205,각주항목(09.06월 이후)
26664,202306,0010123,씨티그룹글로벌마켓증권주식회사,A,채무보증,0,국내증권사,B,SF205,각주항목(09.06월 이후)
26665,202306,0010123,씨티그룹글로벌마켓증권주식회사,A1,채무보증_지급보증,0,국내증권사,B,SF205,각주항목(09.06월 이후)
26666,202306,0010123,씨티그룹글로벌마켓증권주식회사,A2,채무보증_매입보장약정,0,국내증권사,B,SF205,각주항목(09.06월 이후)
26667,202306,0010123,씨티그룹글로벌마켓증권주식회사,A3,채무보증_채무인수약정,0,국내증권사,B,SF205,각주항목(09.06월 이후)
26668,202306,0010123,씨티그룹글로벌마켓증권주식회사,A5,채무보증_매입확약,0,국내증권사,B,SF205,각주항목(09.06월 이후)
26669,202306,0010123,씨티그룹글로벌마켓증권주식회사,A6,채무보증_기타,0,국내증권사,B,SF205,각주항목(09.06월 이후)
26670,202306,0010123,씨티그룹글로벌마켓증권주식회사,B,투자자의 예수증권 등,13128000000,국내증권사,B,SF205,각주항목(09.06월 이후)
26671,202306,0010123,씨티그룹글로벌마켓증권주식회사,B1,투자자의 예수증권 등_예수 증권,13128000000,국내증권사,B,SF205,각주항목(09.06월 이후)
26672,202306,0010123,씨티그룹글로벌마켓증권주식회사,B2,투자자의 예수증권 등_예수양도성예금증서,0,국내증권사,B,SF205,각주항목(09.06월 이후)
26673,202306,0010123,씨티그룹글로벌마켓증권주식회사,B3,투자자의 예수증권 등_기타,0,국내증권사,B,SF205,각주항목(09.06월 이후)
26674,202306,0010123,씨티그룹글로벌마켓증권주식회사,C,파생상품계약,0,국내증권사,B,SF205,각주항목(09.06월 이후)
26675,202306,0010123,씨티그룹글로벌마켓증권주식회사,C1,파생상품계약_장내파생상품,0,국내증권사,B,SF205,각주항목(09.06월 이후)
26676,202306,0010123,씨티그룹글로벌마켓증권주식회사,C11,파생상품계약_장내파생상품_이자율관련거래,0,국내증권사,B,SF205,각주항목(09.06월 이후)
26677,202306,0010123,씨티그룹글로벌마켓증권주식회사,C12,파생상품계약_장내파생상품_통화관련거래,0,국내증권사,B,SF205,각주항목(09.06월 이후)
26678,202306,0010123,씨티그룹글로벌마켓증권주식회사,C13,파생상품계약_장내파생상품_주식관련거래,0,국내증권사,B,SF205,각주항목(09.06월 이후)
26679,202306,0010123,씨티그룹글로벌마켓증권주식회사,C14,파생상품계약_장내파생상품_일반상품관련거래,0,국내증권사,B,SF205,각주항목(09.06월 이후)
26680,202306,0010123,씨티그룹글로벌마켓증권주식회사,C15,파생상품계약_장내파생상품_기타,0,국내증권사,B,SF205,각주항목(09.06월 이후)
26681,202306,0010123,씨티그룹글로벌마켓증권주식회사,C2,파생상품계약_장외파생상품,0,국내증권사,B,SF205,각주항목(09.06월 이후)
26682,202306,0010123,씨티그룹글로벌마켓증권주식회사,C21,파생상품계약_장외파생상품_이자율관련거래,0,국내증권사,B,SF205,각주항목(09.06월 이후)
26683,202306,0010123,씨티그룹글로벌마켓증권주식회사,C22,파생상품계약_장외파생상품_통화관련거래,0,국내증권사,B,SF205,각주항목(09.06월 이후)
26684,202306,0010123,씨티그룹글로벌마켓증권주식회사,C23,파생상품계약_장외파생상품_주식관련거래,0,국내증권사,B,SF205,각주항목(09.06월 이후)
26685,202306,0010123,씨티그룹글로벌마켓증권주식회사,C24,파생상품계약_장외파생상품_신용관련거래,0,국내증권사,B,SF205,각주항목(09.06월 이후)
26686,202306,0010123,씨티그룹글로벌마켓증권주식회사,C25,파생상품계약_장외파생상품_기타,0,국내증권사,B,SF205,각주항목(09.06월 이후)
26687,202306,0010123,씨티그룹글로벌마켓증권주식회사,D,대차 및 대주거래,0,국내증권사,B,SF205,각주항목(09.06월 이후)
26688,202306,0010123,씨티그룹글로벌마켓증권주식회사,D1,대차 및 대주거래_대여증권,0,국내증권사,B,SF205,각주항목(09.06월 이후)
26689,202306,0010123,씨티그룹글로벌마켓증권주식회사,D2,대차 및 대주거래_차입증권,0,국내증권사,B,SF205,각주항목(09.06월 이후)
26690,202306,0010123,씨티그룹글로벌마켓증권주식회사,D3,대차 및 대주거래_신용거래대주,0,국내증권사,B,SF205,각주항목(09.06월 이후)
26691,202306,0010123,씨티그룹글로벌마켓증권주식회사,E,대손상각채권,0,국내증권사,B,SF205,각주항목(09.06월 이후)
26692,202306,0010123,씨티그룹글로벌마켓증권주식회사,F,환전업무 예치금,0,국내증권사,B,SF205,각주항목(09.06월 이후)
26693,202306,0010123,씨티그룹글로벌마켓증권주식회사,G,미배당별도예치금,0,국내증권사,B,SF205,각주항목(09.06월 이후)
26694,202306,0010123,씨티그룹글로벌마켓증권주식회사,H,배서어음매출(종금계정),0,국내증권사,B,SF205,각주항목(09.06월 이후)
26695,202306,0010123,씨티그룹글로벌마켓증권주식회사,H1,대출채권매매이익_담보부,0,국내증권사,B,SF205,각주항목(09.06월 이후)
26696,202306,0010123,씨티그룹글로벌마켓증권주식회사,H2,대출채권매매이익_무담보부,0,국내증권사,B,SF205,각주항목(09.06월 이후)
26697,202309,0010123,씨티그룹글로벌마켓증권주식회사,A,채무보증,0,국내증권사,B,SF205,각주항목(09.06월 이후)
26698,202309,0010123,씨티그룹글로벌마켓증권주식회사,A1,채무보증_지급보증,0,국내증권사,B,SF205,각주항목(09.06월 이후)
26699,202309,0010123,씨티그룹글로벌마켓증권주식회사,A2,채무보증_매입보장약정,0,국내증권사,B,SF205,각주항목(09.06월 이후)
26700,202309,0010123,씨티그룹글로벌마켓증권주식회사,A3,채무보증_채무인수약정,0,국내증권사,B,SF205,각주항목(09.06월 이후)
26701,202309,0010123,씨티그룹글로벌마켓증권주식회사,A5,채무보증_매입확약,0,국내증권사,B,SF205,각주항목(09.06월 이후)
26702,202309,0010123,씨티그룹글로벌마켓증권주식회사,A6,채무보증_기타,0,국내증권사,B,SF205,각주항목(09.06월 이후)
26703,202309,0010123,씨티그룹글로벌마켓증권주식회사,B,투자자의 예수증권 등,13448000000,국내증권사,B,SF205,각주항목(09.06월 이후)
26704,202309,0010123,씨티그룹글로벌마켓증권주식회사,B1,투자자의 예수증권 등_예수 증권,13448000000,국내증권사,B,SF205,각주항목(09.06월 이후)
26705,202309,0010123,씨티그룹글로벌마켓증권주식회사,B2,투자자의 예수증권 등_예수양도성예금증서,0,국내증권사,B,SF205,각주항목(09.06월 이후)
26706,202309,0010123,씨티그룹글로벌마켓증권주식회사,B3,투자자의 예수증권 등_기타,0,국내증권사,B,SF205,각주항목(09.06월 이후)
26707,202309,0010123,씨티그룹글로벌마켓증권주식회사,C,파생상품계약,0,국내증권사,B,SF205,각주항목(09.06월 이후)
26708,202309,0010123,씨티그룹글로벌마켓증권주식회사,C1,파생상품계약_장내파생상품,0,국내증권사,B,SF205,각주항목(09.06월 이후)
26709,202309,0010123,씨티그룹글로벌마켓증권주식회사,C11,파생상품계약_장내파생상품_이자율관련거래,0,국내증권사,B,SF205,각주항목(09.06월 이후)
26710,202309,0010123,씨티그룹글로벌마켓증권주식회사,C12,파생상품계약_장내파생상품_통화관련거래,0,국내증권사,B,SF205,각주항목(09.06월 이후)
26711,202309,0010123,씨티그룹글로벌마켓증권주식회사,C13,파생상품계약_장내파생상품_주식관련거래,0,국내증권사,B,SF205,각주항목(09.06월 이후)
26712,202309,0010123,씨티그룹글로벌마켓증권주식회사,C14,파생상품계약_장내파생상품_일반상품관련거래,0,국내증권사,B,SF205,각주항목(09.06월 이후)
26713,202309,0010123,씨티그룹글로벌마켓증권주식회사,C15,파생상품계약_장내파생상품_기타,0,국내증권사,B,SF205,각주항목(09.06월 이후)
26714,202309,0010123,씨티그룹글로벌마켓증권주식회사,C2,파생상품계약_장외파생상품,0,국내증권사,B,SF205,각주항목(09.06월 이후)
26715,202309,0010123,씨티그룹글로벌마켓증권주식회사,C21,파생상품계약_장외파생상품_이자율관련거래,0,국내증권사,B,SF205,각주항목(09.06월 이후)
26716,202309,0010123,씨티그룹글로벌마켓증권주식회사,C22,파생상품계약_장외파생상품_통화관련거래,0,국내증권사,B,SF205,각주항목(09.06월 이후)
26717,202309,0010123,씨티그룹글로벌마켓증권주식회사,C23,파생상품계약_장외파생상품_주식관련거래,0,국내증권사,B,SF205,각주항목(09.06월 이후)
26718,202309,0010123,씨티그룹글로벌마켓증권주식회사,C24,파생상품계약_장외파생상품_신용관련거래,0,국내증권사,B,SF205,각주항목(09.06월 이후)
26719,202309,0010123,씨티그룹글로벌마켓증권주식회사,C25,파생상품계약_장외파생상품_기타,0,국내증권사,B,SF205,각주항목(09.06월 이후)
26720,202309,0010123,씨티그룹글로벌마켓증권주식회사,D,대차 및 대주거래,0,국내증권사,B,SF205,각주항목(09.06월 이후)
26721,202309,0010123,씨티그룹글로벌마켓증권주식회사,D1,대차 및 대주거래_대여증권,0,국내증권사,B,SF205,각주항목(09.06월 이후)
26722,202309,0010123,씨티그룹글로벌마켓증권주식회사,D2,대차 및 대주거래_차입증권,0,국내증권사,B,SF205,각주항목(09.06월 이후)
26723,202309,0010123,씨티그룹글로벌마켓증권주식회사,D3,대차 및 대주거래_신용거래대주,0,국내증권사,B,SF205,각주항목(09.06월 이후)
26724,202309,0010123,씨티그룹글로벌마켓증권주식회사,E,대손상각채권,0,국내증권사,B,SF205,각주항목(09.06월 이후)
26725,202309,0010123,씨티그룹글로벌마켓증권주식회사,F,환전업무 예치금,0,국내증권사,B,SF205,각주항목(09.06월 이후)
26726,202309,0010123,씨티그룹글로벌마켓증권주식회사,G,미배당별도예치금,0,국내증권사,B,SF205,각주항목(09.06월 이후)
26727,202309,0010123,씨티그룹글로벌마켓증권주식회사,H,배서어음매출(종금계정),0,국내증권사,B,SF205,각주항목(09.06월 이후)
26728,202309,0010123,씨티그룹글로벌마켓증권주식회사,H1,대출채권매매이익_담보부,0,국내증권사,B,SF205,각주항목(09.06월 이후)
26729,202309,0010123,씨티그룹글로벌마켓증권주식회사,H2,대출채권매매이익_무담보부,0,국내증권사,B,SF205,각주항목(09.06월 이후)
26730,202312,0010123,씨티그룹글로벌마켓증권주식회사,A,채무보증,0,국내증권사,B,SF205,각주항목(09.06월 이후)
26731,202312,0010123,씨티그룹글로벌마켓증권주식회사,A1,채무보증_지급보증,0,국내증권사,B,SF205,각주항목(09.06월 이후)
26732,202312,0010123,씨티그룹글로벌마켓증권주식회사,A2,채무보증_매입보장약정,0,국내증권사,B,SF205,각주항목(09.06월 이후)
26733,202312,0010123,씨티그룹글로벌마켓증권주식회사,A3,채무보증_채무인수약정,0,국내증권사,B,SF205,각주항목(09.06월 이후)
26734,202312,0010123,씨티그룹글로벌마켓증권주식회사,A5,채무보증_매입확약,0,국내증권사,B,SF205,각주항목(09.06월 이후)
26735,202312,0010123,씨티그룹글로벌마켓증권주식회사,A6,채무보증_기타,0,국내증권사,B,SF205,각주항목(09.06월 이후)
26736,202312,0010123,씨티그룹글로벌마켓증권주식회사,B,투자자의 예수증권 등,12894000000,국내증권사,B,SF205,각주항목(09.06월 이후)
26737,202312,0010123,씨티그룹글로벌마켓증권주식회사,B1,투자자의 예수증권 등_예수 증권,12894000000,국내증권사,B,SF205,각주항목(09.06월 이후)
26738,202312,0010123,씨티그룹글로벌마켓증권주식회사,B2,투자자의 예수증권 등_예수양도성예금증서,0,국내증권사,B,SF205,각주항목(09.06월 이후)
26739,202312,0010123,씨티그룹글로벌마켓증권주식회사,B3,투자자의 예수증권 등_기타,0,국내증권사,B,SF205,각주항목(09.06월 이후)
26740,202312,0010123,씨티그룹글로벌마켓증권주식회사,C,파생상품계약,0,국내증권사,B,SF205,각주항목(09.06월 이후)
26741,202312,0010123,씨티그룹글로벌마켓증권주식회사,C1,파생상품계약_장내파생상품,0,국내증권사,B,SF205,각주항목(09.06월 이후)
26742,202312,0010123,씨티그룹글로벌마켓증권주식회사,C11,파생상품계약_장내파생상품_이자율관련거래,0,국내증권사,B,SF205,각주항목(09.06월 이후)
26743,202312,0010123,씨티그룹글로벌마켓증권주식회사,C12,파생상품계약_장내파생상품_통화관련거래,0,국내증권사,B,SF205,각주항목(09.06월 이후)
26744,202312,0010123,씨티그룹글로벌마켓증권주식회사,C13,파생상품계약_장내파생상품_주식관련거래,0,국내증권사,B,SF205,각주항목(09.06월 이후)
26745,202312,0010123,씨티그룹글로벌마켓증권주식회사,C14,파생상품계약_장내파생상품_일반상품관련거래,0,국내증권사,B,SF205,각주항목(09.06월 이후)
26746,202312,0010123,씨티그룹글로벌마켓증권주식회사,C15,파생상품계약_장내파생상품_기타,0,국내증권사,B,SF205,각주항목(09.06월 이후)
26747,202312,0010123,씨티그룹글로벌마켓증권주식회사,C2,파생상품계약_장외파생상품,0,국내증권사,B,SF205,각주항목(09.06월 이후)
26748,202312,0010123,씨티그룹글로벌마켓증권주식회사,C21,파생상품계약_장외파생상품_이자율관련거래,0,국내증권사,B,SF205,각주항목(09.06월 이후)
26749,202312,0010123,씨티그룹글로벌마켓증권주식회사,C22,파생상품계약_장외파생상품_통화관련거래,0,국내증권사,B,SF205,각주항목(09.06월 이후)
26750,202312,0010123,씨티그룹글로벌마켓증권주식회사,C23,파생상품계약_장외파생상품_주식관련거래,0,국내증권사,B,SF205,각주항목(09.06월 이후)
26751,202312,0010123,씨티그룹글로벌마켓증권주식회사,C24,파생상품계약_장외파생상품_신용관련거래,0,국내증권사,B,SF205,각주항목(09.06월 이후)
26752,202312,0010123,씨티그룹글로벌마켓증권주식회사,C25,파생상품계약_장외파생상품_기타,0,국내증권사,B,SF205,각주항목(09.06월 이후)
26753,202312,0010123,씨티그룹글로벌마켓증권주식회사,D,대차 및 대주거래,0,국내증권사,B,SF205,각주항목(09.06월 이후)
26754,202312,0010123,씨티그룹글로벌마켓증권주식회사,D1,대차 및 대주거래_대여증권,0,국내증권사,B,SF205,각주항목(09.06월 이후)
26755,202312,0010123,씨티그룹글로벌마켓증권주식회사,D2,대차 및 대주거래_차입증권,0,국내증권사,B,SF205,각주항목(09.06월 이후)
26756,202312,0010123,씨티그룹글로벌마켓증권주식회사,D3,대차 및 대주거래_신용거래대주,0,국내증권사,B,SF205,각주항목(09.06월 이후)
26757,202312,0010123,씨티그룹글로벌마켓증권주식회사,E,대손상각채권,0,국내증권사,B,SF205,각주항목(09.06월 이후)
26758,202312,0010123,씨티그룹글로벌마켓증권주식회사,F,환전업무 예치금,0,국내증권사,B,SF205,각주항목(09.06월 이후)
26759,202312,0010123,씨티그룹글로벌마켓증권주식회사,G,미배당별도예치금,0,국내증권사,B,SF205,각주항목(09.06월 이후)
26760,202312,0010123,씨티그룹글로벌마켓증권주식회사,H,배서어음매출(종금계정),0,국내증권사,B,SF205,각주항목(09.06월 이후)
26761,202312,0010123,씨티그룹글로벌마켓증권주식회사,H1,대출채권매매이익_담보부,0,국내증권사,B,SF205,각주항목(09.06월 이후)
26762,202312,0010123,씨티그룹글로벌마켓증권주식회사,H2,대출채권매매이익_무담보부,0,국내증권사,B,SF205,각주항목(09.06월 이후)
26763,202403,0010123,씨티그룹글로벌마켓증권주식회사,A,채무보증,0,국내증권사,B,SF205,각주항목(09.06월 이후)
26764,202403,0010123,씨티그룹글로벌마켓증권주식회사,A1,채무보증_지급보증,0,국내증권사,B,SF205,각주항목(09.06월 이후)
26765,202403,0010123,씨티그룹글로벌마켓증권주식회사,A2,채무보증_매입보장약정,0,국내증권사,B,SF205,각주항목(09.06월 이후)
26766,202403,0010123,씨티그룹글로벌마켓증권주식회사,A3,채무보증_채무인수약정,0,국내증권사,B,SF205,각주항목(09.06월 이후)
26767,202403,0010123,씨티그룹글로벌마켓증권주식회사,A5,채무보증_매입확약,0,국내증권사,B,SF205,각주항목(09.06월 이후)
26768,202403,0010123,씨티그룹글로벌마켓증권주식회사,A6,채무보증_기타,0,국내증권사,B,SF205,각주항목(09.06월 이후)
26769,202403,0010123,씨티그룹글로벌마켓증권주식회사,B,투자자의 예수증권 등,13468000000,국내증권사,B,SF205,각주항목(09.06월 이후)
26770,202403,0010123,씨티그룹글로벌마켓증권주식회사,B1,투자자의 예수증권 등_예수 증권,13468000000,국내증권사,B,SF205,각주항목(09.06월 이후)
26771,202403,0010123,씨티그룹글로벌마켓증권주식회사,B2,투자자의 예수증권 등_예수양도성예금증서,0,국내증권사,B,SF205,각주항목(09.06월 이후)
26772,202403,0010123,씨티그룹글로벌마켓증권주식회사,B3,투자자의 예수증권 등_기타,0,국내증권사,B,SF205,각주항목(09.06월 이후)
26773,202403,0010123,씨티그룹글로벌마켓증권주식회사,C,파생상품계약,0,국내증권사,B,SF205,각주항목(09.06월 이후)
26774,202403,0010123,씨티그룹글로벌마켓증권주식회사,C1,파생상품계약_장내파생상품,0,국내증권사,B,SF205,각주항목(09.06월 이후)
26775,202403,0010123,씨티그룹글로벌마켓증권주식회사,C11,파생상품계약_장내파생상품_이자율관련거래,0,국내증권사,B,SF205,각주항목(09.06월 이후)
26776,202403,0010123,씨티그룹글로벌마켓증권주식회사,C12,파생상품계약_장내파생상품_통화관련거래,0,국내증권사,B,SF205,각주항목(09.06월 이후)
26777,202403,0010123,씨티그룹글로벌마켓증권주식회사,C13,파생상품계약_장내파생상품_주식관련거래,0,국내증권사,B,SF205,각주항목(09.06월 이후)
26778,202403,0010123,씨티그룹글로벌마켓증권주식회사,C14,파생상품계약_장내파생상품_일반상품관련거래,0,국내증권사,B,SF205,각주항목(09.06월 이후)
26779,202403,0010123,씨티그룹글로벌마켓증권주식회사,C15,파생상품계약_장내파생상품_기타,0,국내증권사,B,SF205,각주항목(09.06월 이후)
26780,202403,0010123,씨티그룹글로벌마켓증권주식회사,C2,파생상품계약_장외파생상품,0,국내증권사,B,SF205,각주항목(09.06월 이후)
26781,202403,0010123,씨티그룹글로벌마켓증권주식회사,C21,파생상품계약_장외파생상품_이자율관련거래,0,국내증권사,B,SF205,각주항목(09.06월 이후)
26782,202403,0010123,씨티그룹글로벌마켓증권주식회사,C22,파생상품계약_장외파생상품_통화관련거래,0,국내증권사,B,SF205,각주항목(09.06월 이후)
26783,202403,0010123,씨티그룹글로벌마켓증권주식회사,C23,파생상품계약_장외파생상품_주식관련거래,0,국내증권사,B,SF205,각주항목(09.06월 이후)
26784,202403,0010123,씨티그룹글로벌마켓증권주식회사,C24,파생상품계약_장외파생상품_신용관련거래,0,국내증권사,B,SF205,각주항목(09.06월 이후)
26785,202403,0010123,씨티그룹글로벌마켓증권주식회사,C25,파생상품계약_장외파생상품_기타,0,국내증권사,B,SF205,각주항목(09.06월 이후)
26786,202403,0010123,씨티그룹글로벌마켓증권주식회사,D,대차 및 대주거래,0,국내증권사,B,SF205,각주항목(09.06월 이후)
26787,202403,0010123,씨티그룹글로벌마켓증권주식회사,D1,대차 및 대주거래_대여증권,0,국내증권사,B,SF205,각주항목(09.06월 이후)
26788,202403,0010123,씨티그룹글로벌마켓증권주식회사,D2,대차 및 대주거래_차입증권,0,국내증권사,B,SF205,각주항목(09.06월 이후)
26789,202403,0010123,씨티그룹글로벌마켓증권주식회사,D3,대차 및 대주거래_신용거래대주,0,국내증권사,B,SF205,각주항목(09.06월 이후)
26790,202403,0010123,씨티그룹글로벌마켓증권주식회사,E,대손상각채권,0,국내증권사,B,SF205,각주항목(09.06월 이후)
26791,202403,0010123,씨티그룹글로벌마켓증권주식회사,F,환전업무 예치금,0,국내증권사,B,SF205,각주항목(09.06월 이후)
26792,202403,0010123,씨티그룹글로벌마켓증권주식회사,G,미배당별도예치금,0,국내증권사,B,SF205,각주항목(09.06월 이후)
26793,202403,0010123,씨티그룹글로벌마켓증권주식회사,H,배서어음매출(종금계정),0,국내증권사,B,SF205,각주항목(09.06월 이후)
26794,202403,0010123,씨티그룹글로벌마켓증권주식회사,H1,대출채권매매이익_담보부,0,국내증권사,B,SF205,각주항목(09.06월 이후)
26795,202403,0010123,씨티그룹글로벌마켓증권주식회사,H2,대출채권매매이익_무담보부,0,국내증권사,B,SF205,각주항목(09.06월 이후)
26796,202406,0010123,씨티그룹글로벌마켓증권주식회사,A,채무보증,0,국내증권사,B,SF205,각주항목(09.06월 이후)
26797,202406,0010123,씨티그룹글로벌마켓증권주식회사,A1,채무보증_지급보증,0,국내증권사,B,SF205,각주항목(09.06월 이후)
26798,202406,0010123,씨티그룹글로벌마켓증권주식회사,A2,채무보증_매입보장약정,0,국내증권사,B,SF205,각주항목(09.06월 이후)
26799,202406,0010123,씨티그룹글로벌마켓증권주식회사,A3,채무보증_채무인수약정,0,국내증권사,B,SF205,각주항목(09.06월 이후)
26800,202406,0010123,씨티그룹글로벌마켓증권주식회사,A5,채무보증_매입확약,0,국내증권사,B,SF205,각주항목(09.06월 이후)
26801,202406,0010123,씨티그룹글로벌마켓증권주식회사,A6,채무보증_기타,0,국내증권사,B,SF205,각주항목(09.06월 이후)
26802,202406,0010123,씨티그룹글로벌마켓증권주식회사,B,투자자의 예수증권 등,13892000000,국내증권사,B,SF205,각주항목(09.06월 이후)
26803,202406,0010123,씨티그룹글로벌마켓증권주식회사,B1,투자자의 예수증권 등_예수 증권,13892000000,국내증권사,B,SF205,각주항목(09.06월 이후)
26804,202406,0010123,씨티그룹글로벌마켓증권주식회사,B2,투자자의 예수증권 등_예수양도성예금증서,0,국내증권사,B,SF205,각주항목(09.06월 이후)
26805,202406,0010123,씨티그룹글로벌마켓증권주식회사,B3,투자자의 예수증권 등_기타,0,국내증권사,B,SF205,각주항목(09.06월 이후)
26806,202406,0010123,씨티그룹글로벌마켓증권주식회사,C,파생상품계약,0,국내증권사,B,SF205,각주항목(09.06월 이후)
26807,202406,0010123,씨티그룹글로벌마켓증권주식회사,C1,파생상품계약_장내파생상품,0,국내증권사,B,SF205,각주항목(09.06월 이후)
26808,202406,0010123,씨티그룹글로벌마켓증권주식회사,C11,파생상품계약_장내파생상품_이자율관련거래,0,국내증권사,B,SF205,각주항목(09.06월 이후)
26809,202406,0010123,씨티그룹글로벌마켓증권주식회사,C12,파생상품계약_장내파생상품_통화관련거래,0,국내증권사,B,SF205,각주항목(09.06월 이후)
26810,202406,0010123,씨티그룹글로벌마켓증권주식회사,C13,파생상품계약_장내파생상품_주식관련거래,0,국내증권사,B,SF205,각주항목(09.06월 이후)
26811,202406,0010123,씨티그룹글로벌마켓증권주식회사,C14,파생상품계약_장내파생상품_일반상품관련거래,0,국내증권사,B,SF205,각주항목(09.06월 이후)
26812,202406,0010123,씨티그룹글로벌마켓증권주식회사,C15,파생상품계약_장내파생상품_기타,0,국내증권사,B,SF205,각주항목(09.06월 이후)
26813,202406,0010123,씨티그룹글로벌마켓증권주식회사,C2,파생상품계약_장외파생상품,0,국내증권사,B,SF205,각주항목(09.06월 이후)
26814,202406,0010123,씨티그룹글로벌마켓증권주식회사,C21,파생상품계약_장외파생상품_이자율관련거래,0,국내증권사,B,SF205,각주항목(09.06월 이후)
26815,202406,0010123,씨티그룹글로벌마켓증권주식회사,C22,파생상품계약_장외파생상품_통화관련거래,0,국내증권사,B,SF205,각주항목(09.06월 이후)
26816,202406,0010123,씨티그룹글로벌마켓증권주식회사,C23,파생상품계약_장외파생상품_주식관련거래,0,국내증권사,B,SF205,각주항목(09.06월 이후)
26817,202406,0010123,씨티그룹글로벌마켓증권주식회사,C24,파생상품계약_장외파생상품_신용관련거래,0,국내증권사,B,SF205,각주항목(09.06월 이후)
26818,202406,0010123,씨티그룹글로벌마켓증권주식회사,C25,파생상품계약_장외파생상품_기타,0,국내증권사,B,SF205,각주항목(09.06월 이후)
26819,202406,0010123,씨티그룹글로벌마켓증권주식회사,D,대차 및 대주거래,0,국내증권사,B,SF205,각주항목(09.06월 이후)
26820,202406,0010123,씨티그룹글로벌마켓증권주식회사,D1,대차 및 대주거래_대여증권,0,국내증권사,B,SF205,각주항목(09.06월 이후)
26821,202406,0010123,씨티그룹글로벌마켓증권주식회사,D2,대차 및 대주거래_차입증권,0,국내증권사,B,SF205,각주항목(09.06월 이후)
26822,202406,0010123,씨티그룹글로벌마켓증권주식회사,D3,대차 및 대주거래_신용거래대주,0,국내증권사,B,SF205,각주항목(09.06월 이후)
26823,202406,0010123,씨티그룹글로벌마켓증권주식회사,E,대손상각채권,0,국내증권사,B,SF205,각주항목(09.06월 이후)
26824,202406,0010123,씨티그룹글로벌마켓증권주식회사,F,환전업무 예치금,0,국내증권사,B,SF205,각주항목(09.06월 이후)
26825,202406,0010123,씨티그룹글로벌마켓증권주식회사,G,미배당별도예치금,0,국내증권사,B,SF205,각주항목(09.06월 이후)
26826,202406,0010123,씨티그룹글로벌마켓증권주식회사,H,배서어음매출(종금계정),0,국내증권사,B,SF205,각주항목(09.06월 이후)
26827,202406,0010123,씨티그룹글로벌마켓증권주식회사,H1,대출채권매매이익_담보부,0,국내증권사,B,SF205,각주항목(09.06월 이후)
26828,202406,0010123,씨티그룹글로벌마켓증권주식회사,H2,대출채권매매이익_무담보부,0,국내증권사,B,SF205,각주항목(09.06월 이후)
26829,202409,0010123,씨티그룹글로벌마켓증권주식회사,A,채무보증,0,국내증권사,B,SF205,각주항목(09.06월 이후)
26830,202409,0010123,씨티그룹글로벌마켓증권주식회사,A1,채무보증_지급보증,0,국내증권사,B,SF205,각주항목(09.06월 이후)
26831,202409,0010123,씨티그룹글로벌마켓증권주식회사,A2,채무보증_매입보장약정,0,국내증권사,B,SF205,각주항목(09.06월 이후)
26832,202409,0010123,씨티그룹글로벌마켓증권주식회사,A3,채무보증_채무인수약정,0,국내증권사,B,SF205,각주항목(09.06월 이후)
26833,202409,0010123,씨티그룹글로벌마켓증권주식회사,A5,채무보증_매입확약,0,국내증권사,B,SF205,각주항목(09.06월 이후)
26834,202409,0010123,씨티그룹글로벌마켓증권주식회사,A6,채무보증_기타,0,국내증권사,B,SF205,각주항목(09.06월 이후)
26835,202409,0010123,씨티그룹글로벌마켓증권주식회사,B,투자자의 예수증권 등,13196000000,국내증권사,B,SF205,각주항목(09.06월 이후)
26836,202409,0010123,씨티그룹글로벌마켓증권주식회사,B1,투자자의 예수증권 등_예수 증권,13196000000,국내증권사,B,SF205,각주항목(09.06월 이후)
26837,202409,0010123,씨티그룹글로벌마켓증권주식회사,B2,투자자의 예수증권 등_예수양도성예금증서,0,국내증권사,B,SF205,각주항목(09.06월 이후)
26838,202409,0010123,씨티그룹글로벌마켓증권주식회사,B3,투자자의 예수증권 등_기타,0,국내증권사,B,SF205,각주항목(09.06월 이후)
26839,202409,0010123,씨티그룹글로벌마켓증권주식회사,C,파생상품계약,0,국내증권사,B,SF205,각주항목(09.06월 이후)
26840,202409,0010123,씨티그룹글로벌마켓증권주식회사,C1,파생상품계약_장내파생상품,0,국내증권사,B,SF205,각주항목(09.06월 이후)
26841,202409,0010123,씨티그룹글로벌마켓증권주식회사,C11,파생상품계약_장내파생상품_이자율관련거래,0,국내증권사,B,SF205,각주항목(09.06월 이후)
26842,202409,0010123,씨티그룹글로벌마켓증권주식회사,C12,파생상품계약_장내파생상품_통화관련거래,0,국내증권사,B,SF205,각주항목(09.06월 이후)
26843,202409,0010123,씨티그룹글로벌마켓증권주식회사,C13,파생상품계약_장내파생상품_주식관련거래,0,국내증권사,B,SF205,각주항목(09.06월 이후)
26844,202409,0010123,씨티그룹글로벌마켓증권주식회사,C14,파생상품계약_장내파생상품_일반상품관련거래,0,국내증권사,B,SF205,각주항목(09.06월 이후)
26845,202409,0010123,씨티그룹글로벌마켓증권주식회사,C15,파생상품계약_장내파생상품_기타,0,국내증권사,B,SF205,각주항목(09.06월 이후)
26846,202409,0010123,씨티그룹글로벌마켓증권주식회사,C2,파생상품계약_장외파생상품,0,국내증권사,B,SF205,각주항목(09.06월 이후)
26847,202409,0010123,씨티그룹글로벌마켓증권주식회사,C21,파생상품계약_장외파생상품_이자율관련거래,0,국내증권사,B,SF205,각주항목(09.06월 이후)
26848,202409,0010123,씨티그룹글로벌마켓증권주식회사,C22,파생상품계약_장외파생상품_통화관련거래,0,국내증권사,B,SF205,각주항목(09.06월 이후)
26849,202409,0010123,씨티그룹글로벌마켓증권주식회사,C23,파생상품계약_장외파생상품_주식관련거래,0,국내증권사,B,SF205,각주항목(09.06월 이후)
26850,202409,0010123,씨티그룹글로벌마켓증권주식회사,C24,파생상품계약_장외파생상품_신용관련거래,0,국내증권사,B,SF205,각주항목(09.06월 이후)
26851,202409,0010123,씨티그룹글로벌마켓증권주식회사,C25,파생상품계약_장외파생상품_기타,0,국내증권사,B,SF205,각주항목(09.06월 이후)
26852,202409,0010123,씨티그룹글로벌마켓증권주식회사,D,대차 및 대주거래,0,국내증권사,B,SF205,각주항목(09.06월 이후)
26853,202409,0010123,씨티그룹글로벌마켓증권주식회사,D1,대차 및 대주거래_대여증권,0,국내증권사,B,SF205,각주항목(09.06월 이후)
26854,202409,0010123,씨티그룹글로벌마켓증권주식회사,D2,대차 및 대주거래_차입증권,0,국내증권사,B,SF205,각주항목(09.06월 이후)
26855,202409,0010123,씨티그룹글로벌마켓증권주식회사,D3,대차 및 대주거래_신용거래대주,0,국내증권사,B,SF205,각주항목(09.06월 이후)
26856,202409,0010123,씨티그룹글로벌마켓증권주식회사,E,대손상각채권,0,국내증권사,B,SF205,각주항목(09.06월 이후)
26857,202409,0010123,씨티그룹글로벌마켓증권주식회사,F,환전업무 예치금,0,국내증권사,B,SF205,각주항목(09.06월 이후)
26858,202409,0010123,씨티그룹글로벌마켓증권주식회사,G,미배당별도예치금,0,국내증권사,B,SF205,각주항목(09.06월 이후)
26859,202409,0010123,씨티그룹글로벌마켓증권주식회사,H,배서어음매출(종금계정),0,국내증권사,B,SF205,각주항목(09.06월 이후)
26860,202409,0010123,씨티그룹글로벌마켓증권주식회사,H1,대출채권매매이익_담보부,0,국내증권사,B,SF205,각주항목(09.06월 이후)
26861,202409,0010123,씨티그룹글로벌마켓증권주식회사,H2,대출채권매매이익_무담보부,0,국내증권사,B,SF205,각주항목(09.06월 이후)
26862,202412,0010123,씨티그룹글로벌마켓증권주식회사,A,채무보증,0,국내증권사,B,SF205,각주항목(09.06월 이후)
26863,202412,0010123,씨티그룹글로벌마켓증권주식회사,A1,채무보증_지급보증,0,국내증권사,B,SF205,각주항목(09.06월 이후)
26864,202412,0010123,씨티그룹글로벌마켓증권주식회사,A2,채무보증_매입보장약정,0,국내증권사,B,SF205,각주항목(09.06월 이후)
26865,202412,0010123,씨티그룹글로벌마켓증권주식회사,A3,채무보증_채무인수약정,0,국내증권사,B,SF205,각주항목(09.06월 이후)
26866,202412,0010123,씨티그룹글로벌마켓증권주식회사,A5,채무보증_매입확약,0,국내증권사,B,SF205,각주항목(09.06월 이후)
26867,202412,0010123,씨티그룹글로벌마켓증권주식회사,A6,채무보증_기타,0,국내증권사,B,SF205,각주항목(09.06월 이후)
26868,202412,0010123,씨티그룹글로벌마켓증권주식회사,B,투자자의 예수증권 등,14700000000,국내증권사,B,SF205,각주항목(09.06월 이후)
26869,202412,0010123,씨티그룹글로벌마켓증권주식회사,B1,투자자의 예수증권 등_예수 증권,14700000000,국내증권사,B,SF205,각주항목(09.06월 이후)
26870,202412,0010123,씨티그룹글로벌마켓증권주식회사,B2,투자자의 예수증권 등_예수양도성예금증서,0,국내증권사,B,SF205,각주항목(09.06월 이후)
26871,202412,0010123,씨티그룹글로벌마켓증권주식회사,B3,투자자의 예수증권 등_기타,0,국내증권사,B,SF205,각주항목(09.06월 이후)
26872,202412,0010123,씨티그룹글로벌마켓증권주식회사,C,파생상품계약,0,국내증권사,B,SF205,각주항목(09.06월 이후)
26873,202412,0010123,씨티그룹글로벌마켓증권주식회사,C1,파생상품계약_장내파생상품,0,국내증권사,B,SF205,각주항목(09.06월 이후)
26874,202412,0010123,씨티그룹글로벌마켓증권주식회사,C11,파생상품계약_장내파생상품_이자율관련거래,0,국내증권사,B,SF205,각주항목(09.06월 이후)
26875,202412,0010123,씨티그룹글로벌마켓증권주식회사,C12,파생상품계약_장내파생상품_통화관련거래,0,국내증권사,B,SF205,각주항목(09.06월 이후)
26876,202412,0010123,씨티그룹글로벌마켓증권주식회사,C13,파생상품계약_장내파생상품_주식관련거래,0,국내증권사,B,SF205,각주항목(09.06월 이후)
26877,202412,0010123,씨티그룹글로벌마켓증권주식회사,C14,파생상품계약_장내파생상품_일반상품관련거래,0,국내증권사,B,SF205,각주항목(09.06월 이후)
26878,202412,0010123,씨티그룹글로벌마켓증권주식회사,C15,파생상품계약_장내파생상품_기타,0,국내증권사,B,SF205,각주항목(09.06월 이후)
26879,202412,0010123,씨티그룹글로벌마켓증권주식회사,C2,파생상품계약_장외파생상품,0,국내증권사,B,SF205,각주항목(09.06월 이후)
26880,202412,0010123,씨티그룹글로벌마켓증권주식회사,C21,파생상품계약_장외파생상품_이자율관련거래,0,국내증권사,B,SF205,각주항목(09.06월 이후)
26881,202412,0010123,씨티그룹글로벌마켓증권주식회사,C22,파생상품계약_장외파생상품_통화관련거래,0,국내증권사,B,SF205,각주항목(09.06월 이후)
26882,202412,0010123,씨티그룹글로벌마켓증권주식회사,C23,파생상품계약_장외파생상품_주식관련거래,0,국내증권사,B,SF205,각주항목(09.06월 이후)
26883,202412,0010123,씨티그룹글로벌마켓증권주식회사,C24,파생상품계약_장외파생상품_신용관련거래,0,국내증권사,B,SF205,각주항목(09.06월 이후)
26884,202412,0010123,씨티그룹글로벌마켓증권주식회사,C25,파생상품계약_장외파생상품_기타,0,국내증권사,B,SF205,각주항목(09.06월 이후)
26885,202412,0010123,씨티그룹글로벌마켓증권주식회사,D,대차 및 대주거래,0,국내증권사,B,SF205,각주항목(09.06월 이후)
26886,202412,0010123,씨티그룹글로벌마켓증권주식회사,D1,대차 및 대주거래_대여증권,0,국내증권사,B,SF205,각주항목(09.06월 이후)
26887,202412,0010123,씨티그룹글로벌마켓증권주식회사,D2,대차 및 대주거래_차입증권,0,국내증권사,B,SF205,각주항목(09.06월 이후)
26888,202412,0010123,씨티그룹글로벌마켓증권주식회사,D3,대차 및 대주거래_신용거래대주,0,국내증권사,B,SF205,각주항목(09.06월 이후)
26889,202412,0010123,씨티그룹글로벌마켓증권주식회사,E,대손상각채권,0,국내증권사,B,SF205,각주항목(09.06월 이후)
26890,202412,0010123,씨티그룹글로벌마켓증권주식회사,F,환전업무 예치금,0,국내증권사,B,SF205,각주항목(09.06월 이후)
26891,202412,0010123,씨티그룹글로벌마켓증권주식회사,G,미배당별도예치금,0,국내증권사,B,SF205,각주항목(09.06월 이후)
26892,202412,0010123,씨티그룹글로벌마켓증권주식회사,H,배서어음매출(종금계정),0,국내증권사,B,SF205,각주항목(09.06월 이후)
26893,202412,0010123,씨티그룹글로벌마켓증권주식회사,H1,대출채권매매이익_담보부,0,국내증권사,B,SF205,각주항목(09.06월 이후)
26894,202412,0010123,씨티그룹글로벌마켓증권주식회사,H2,대출채권매매이익_무담보부,0,국내증권사,B,SF205,각주항목(09.06월 이후)
26895,202212,0010899,에스아이증권 주식회사,A,채무보증,0,국내증권사,B,SF205,각주항목(09.06월 이후)
26896,202212,0010899,에스아이증권 주식회사,A1,채무보증_지급보증,0,국내증권사,B,SF205,각주항목(09.06월 이후)
26897,202212,0010899,에스아이증권 주식회사,A2,채무보증_매입보장약정,0,국내증권사,B,SF205,각주항목(09.06월 이후)
26898,202212,0010899,에스아이증권 주식회사,A3,채무보증_채무인수약정,0,국내증권사,B,SF205,각주항목(09.06월 이후)
26899,202212,0010899,에스아이증권 주식회사,A5,채무보증_매입확약,0,국내증권사,B,SF205,각주항목(09.06월 이후)
26900,202212,0010899,에스아이증권 주식회사,A6,채무보증_기타,0,국내증권사,B,SF205,각주항목(09.06월 이후)
26901,202212,0010899,에스아이증권 주식회사,B,투자자의 예수증권 등,279368939000,국내증권사,B,SF205,각주항목(09.06월 이후)
26902,202212,0010899,에스아이증권 주식회사,B1,투자자의 예수증권 등_예수 증권,279368939000,국내증권사,B,SF205,각주항목(09.06월 이후)
26903,202212,0010899,에스아이증권 주식회사,B2,투자자의 예수증권 등_예수양도성예금증서,0,국내증권사,B,SF205,각주항목(09.06월 이후)
26904,202212,0010899,에스아이증권 주식회사,B3,투자자의 예수증권 등_기타,0,국내증권사,B,SF205,각주항목(09.06월 이후)
26905,202212,0010899,에스아이증권 주식회사,C,파생상품계약,0,국내증권사,B,SF205,각주항목(09.06월 이후)
26906,202212,0010899,에스아이증권 주식회사,C1,파생상품계약_장내파생상품,0,국내증권사,B,SF205,각주항목(09.06월 이후)
26907,202212,0010899,에스아이증권 주식회사,C11,파생상품계약_장내파생상품_이자율관련거래,0,국내증권사,B,SF205,각주항목(09.06월 이후)
26908,202212,0010899,에스아이증권 주식회사,C12,파생상품계약_장내파생상품_통화관련거래,0,국내증권사,B,SF205,각주항목(09.06월 이후)
26909,202212,0010899,에스아이증권 주식회사,C13,파생상품계약_장내파생상품_주식관련거래,0,국내증권사,B,SF205,각주항목(09.06월 이후)
26910,202212,0010899,에스아이증권 주식회사,C14,파생상품계약_장내파생상품_일반상품관련거래,0,국내증권사,B,SF205,각주항목(09.06월 이후)
26911,202212,0010899,에스아이증권 주식회사,C15,파생상품계약_장내파생상품_기타,0,국내증권사,B,SF205,각주항목(09.06월 이후)
26912,202212,0010899,에스아이증권 주식회사,C2,파생상품계약_장외파생상품,0,국내증권사,B,SF205,각주항목(09.06월 이후)
26913,202212,0010899,에스아이증권 주식회사,C21,파생상품계약_장외파생상품_이자율관련거래,0,국내증권사,B,SF205,각주항목(09.06월 이후)
26914,202212,0010899,에스아이증권 주식회사,C22,파생상품계약_장외파생상품_통화관련거래,0,국내증권사,B,SF205,각주항목(09.06월 이후)
26915,202212,0010899,에스아이증권 주식회사,C23,파생상품계약_장외파생상품_주식관련거래,0,국내증권사,B,SF205,각주항목(09.06월 이후)
26916,202212,0010899,에스아이증권 주식회사,C24,파생상품계약_장외파생상품_신용관련거래,0,국내증권사,B,SF205,각주항목(09.06월 이후)
26917,202212,0010899,에스아이증권 주식회사,C25,파생상품계약_장외파생상품_기타,0,국내증권사,B,SF205,각주항목(09.06월 이후)
26918,202212,0010899,에스아이증권 주식회사,D,대차 및 대주거래,0,국내증권사,B,SF205,각주항목(09.06월 이후)
26919,202212,0010899,에스아이증권 주식회사,D1,대차 및 대주거래_대여증권,0,국내증권사,B,SF205,각주항목(09.06월 이후)
26920,202212,0010899,에스아이증권 주식회사,D2,대차 및 대주거래_차입증권,0,국내증권사,B,SF205,각주항목(09.06월 이후)
26921,202212,0010899,에스아이증권 주식회사,D3,대차 및 대주거래_신용거래대주,0,국내증권사,B,SF205,각주항목(09.06월 이후)
26922,202212,0010899,에스아이증권 주식회사,E,대손상각채권,0,국내증권사,B,SF205,각주항목(09.06월 이후)
26923,202212,0010899,에스아이증권 주식회사,F,환전업무 예치금,0,국내증권사,B,SF205,각주항목(09.06월 이후)
26924,202212,0010899,에스아이증권 주식회사,G,미배당별도예치금,0,국내증권사,B,SF205,각주항목(09.06월 이후)
26925,202212,0010899,에스아이증권 주식회사,H,배서어음매출(종금계정),0,국내증권사,B,SF205,각주항목(09.06월 이후)
26926,202212,0010899,에스아이증권 주식회사,H1,대출채권매매이익_담보부,0,국내증권사,B,SF205,각주항목(09.06월 이후)
26927,202212,0010899,에스아이증권 주식회사,H2,대출채권매매이익_무담보부,0,국내증권사,B,SF205,각주항목(09.06월 이후)
26928,202303,0010899,에스아이증권 주식회사,A,채무보증,0,국내증권사,B,SF205,각주항목(09.06월 이후)
26929,202303,0010899,에스아이증권 주식회사,A1,채무보증_지급보증,0,국내증권사,B,SF205,각주항목(09.06월 이후)
26930,202303,0010899,에스아이증권 주식회사,A2,채무보증_매입보장약정,0,국내증권사,B,SF205,각주항목(09.06월 이후)
26931,202303,0010899,에스아이증권 주식회사,A3,채무보증_채무인수약정,0,국내증권사,B,SF205,각주항목(09.06월 이후)
26932,202303,0010899,에스아이증권 주식회사,A5,채무보증_매입확약,0,국내증권사,B,SF205,각주항목(09.06월 이후)
26933,202303,0010899,에스아이증권 주식회사,A6,채무보증_기타,0,국내증권사,B,SF205,각주항목(09.06월 이후)
26934,202303,0010899,에스아이증권 주식회사,B,투자자의 예수증권 등,253732118400,국내증권사,B,SF205,각주항목(09.06월 이후)
26935,202303,0010899,에스아이증권 주식회사,B1,투자자의 예수증권 등_예수 증권,253732118400,국내증권사,B,SF205,각주항목(09.06월 이후)
26936,202303,0010899,에스아이증권 주식회사,B2,투자자의 예수증권 등_예수양도성예금증서,0,국내증권사,B,SF205,각주항목(09.06월 이후)
26937,202303,0010899,에스아이증권 주식회사,B3,투자자의 예수증권 등_기타,0,국내증권사,B,SF205,각주항목(09.06월 이후)
26938,202303,0010899,에스아이증권 주식회사,C,파생상품계약,0,국내증권사,B,SF205,각주항목(09.06월 이후)
26939,202303,0010899,에스아이증권 주식회사,C1,파생상품계약_장내파생상품,0,국내증권사,B,SF205,각주항목(09.06월 이후)
26940,202303,0010899,에스아이증권 주식회사,C11,파생상품계약_장내파생상품_이자율관련거래,0,국내증권사,B,SF205,각주항목(09.06월 이후)
26941,202303,0010899,에스아이증권 주식회사,C12,파생상품계약_장내파생상품_통화관련거래,0,국내증권사,B,SF205,각주항목(09.06월 이후)
26942,202303,0010899,에스아이증권 주식회사,C13,파생상품계약_장내파생상품_주식관련거래,0,국내증권사,B,SF205,각주항목(09.06월 이후)
26943,202303,0010899,에스아이증권 주식회사,C14,파생상품계약_장내파생상품_일반상품관련거래,0,국내증권사,B,SF205,각주항목(09.06월 이후)
26944,202303,0010899,에스아이증권 주식회사,C15,파생상품계약_장내파생상품_기타,0,국내증권사,B,SF205,각주항목(09.06월 이후)
26945,202303,0010899,에스아이증권 주식회사,C2,파생상품계약_장외파생상품,0,국내증권사,B,SF205,각주항목(09.06월 이후)
26946,202303,0010899,에스아이증권 주식회사,C21,파생상품계약_장외파생상품_이자율관련거래,0,국내증권사,B,SF205,각주항목(09.06월 이후)
26947,202303,0010899,에스아이증권 주식회사,C22,파생상품계약_장외파생상품_통화관련거래,0,국내증권사,B,SF205,각주항목(09.06월 이후)
26948,202303,0010899,에스아이증권 주식회사,C23,파생상품계약_장외파생상품_주식관련거래,0,국내증권사,B,SF205,각주항목(09.06월 이후)
26949,202303,0010899,에스아이증권 주식회사,C24,파생상품계약_장외파생상품_신용관련거래,0,국내증권사,B,SF205,각주항목(09.06월 이후)
26950,202303,0010899,에스아이증권 주식회사,C25,파생상품계약_장외파생상품_기타,0,국내증권사,B,SF205,각주항목(09.06월 이후)
26951,202303,0010899,에스아이증권 주식회사,D,대차 및 대주거래,0,국내증권사,B,SF205,각주항목(09.06월 이후)
26952,202303,0010899,에스아이증권 주식회사,D1,대차 및 대주거래_대여증권,0,국내증권사,B,SF205,각주항목(09.06월 이후)
26953,202303,0010899,에스아이증권 주식회사,D2,대차 및 대주거래_차입증권,0,국내증권사,B,SF205,각주항목(09.06월 이후)
26954,202303,0010899,에스아이증권 주식회사,D3,대차 및 대주거래_신용거래대주,0,국내증권사,B,SF205,각주항목(09.06월 이후)
26955,202303,0010899,에스아이증권 주식회사,E,대손상각채권,0,국내증권사,B,SF205,각주항목(09.06월 이후)
26956,202303,0010899,에스아이증권 주식회사,F,환전업무 예치금,0,국내증권사,B,SF205,각주항목(09.06월 이후)
26957,202303,0010899,에스아이증권 주식회사,G,미배당별도예치금,0,국내증권사,B,SF205,각주항목(09.06월 이후)
26958,202303,0010899,에스아이증권 주식회사,H,배서어음매출(종금계정),0,국내증권사,B,SF205,각주항목(09.06월 이후)
26959,202303,0010899,에스아이증권 주식회사,H1,대출채권매매이익_담보부,0,국내증권사,B,SF205,각주항목(09.06월 이후)
26960,202303,0010899,에스아이증권 주식회사,H2,대출채권매매이익_무담보부,0,국내증권사,B,SF205,각주항목(09.06월 이후)
26961,202306,0010899,에스아이증권 주식회사,A,채무보증,0,국내증권사,B,SF205,각주항목(09.06월 이후)
26962,202306,0010899,에스아이증권 주식회사,A1,채무보증_지급보증,0,국내증권사,B,SF205,각주항목(09.06월 이후)
26963,202306,0010899,에스아이증권 주식회사,A2,채무보증_매입보장약정,0,국내증권사,B,SF205,각주항목(09.06월 이후)
26964,202306,0010899,에스아이증권 주식회사,A3,채무보증_채무인수약정,0,국내증권사,B,SF205,각주항목(09.06월 이후)
26965,202306,0010899,에스아이증권 주식회사,A5,채무보증_매입확약,0,국내증권사,B,SF205,각주항목(09.06월 이후)
26966,202306,0010899,에스아이증권 주식회사,A6,채무보증_기타,0,국내증권사,B,SF205,각주항목(09.06월 이후)
26967,202306,0010899,에스아이증권 주식회사,B,투자자의 예수증권 등,242297664300,국내증권사,B,SF205,각주항목(09.06월 이후)
26968,202306,0010899,에스아이증권 주식회사,B1,투자자의 예수증권 등_예수 증권,242297664300,국내증권사,B,SF205,각주항목(09.06월 이후)
26969,202306,0010899,에스아이증권 주식회사,B2,투자자의 예수증권 등_예수양도성예금증서,0,국내증권사,B,SF205,각주항목(09.06월 이후)
26970,202306,0010899,에스아이증권 주식회사,B3,투자자의 예수증권 등_기타,0,국내증권사,B,SF205,각주항목(09.06월 이후)
26971,202306,0010899,에스아이증권 주식회사,C,파생상품계약,0,국내증권사,B,SF205,각주항목(09.06월 이후)
26972,202306,0010899,에스아이증권 주식회사,C1,파생상품계약_장내파생상품,0,국내증권사,B,SF205,각주항목(09.06월 이후)
26973,202306,0010899,에스아이증권 주식회사,C11,파생상품계약_장내파생상품_이자율관련거래,0,국내증권사,B,SF205,각주항목(09.06월 이후)
26974,202306,0010899,에스아이증권 주식회사,C12,파생상품계약_장내파생상품_통화관련거래,0,국내증권사,B,SF205,각주항목(09.06월 이후)
26975,202306,0010899,에스아이증권 주식회사,C13,파생상품계약_장내파생상품_주식관련거래,0,국내증권사,B,SF205,각주항목(09.06월 이후)
26976,202306,0010899,에스아이증권 주식회사,C14,파생상품계약_장내파생상품_일반상품관련거래,0,국내증권사,B,SF205,각주항목(09.06월 이후)
26977,202306,0010899,에스아이증권 주식회사,C15,파생상품계약_장내파생상품_기타,0,국내증권사,B,SF205,각주항목(09.06월 이후)
26978,202306,0010899,에스아이증권 주식회사,C2,파생상품계약_장외파생상품,0,국내증권사,B,SF205,각주항목(09.06월 이후)
26979,202306,0010899,에스아이증권 주식회사,C21,파생상품계약_장외파생상품_이자율관련거래,0,국내증권사,B,SF205,각주항목(09.06월 이후)
26980,202306,0010899,에스아이증권 주식회사,C22,파생상품계약_장외파생상품_통화관련거래,0,국내증권사,B,SF205,각주항목(09.06월 이후)
26981,202306,0010899,에스아이증권 주식회사,C23,파생상품계약_장외파생상품_주식관련거래,0,국내증권사,B,SF205,각주항목(09.06월 이후)
26982,202306,0010899,에스아이증권 주식회사,C24,파생상품계약_장외파생상품_신용관련거래,0,국내증권사,B,SF205,각주항목(09.06월 이후)
26983,202306,0010899,에스아이증권 주식회사,C25,파생상품계약_장외파생상품_기타,0,국내증권사,B,SF205,각주항목(09.06월 이후)
26984,202306,0010899,에스아이증권 주식회사,D,대차 및 대주거래,0,국내증권사,B,SF205,각주항목(09.06월 이후)
26985,202306,0010899,에스아이증권 주식회사,D1,대차 및 대주거래_대여증권,0,국내증권사,B,SF205,각주항목(09.06월 이후)
26986,202306,0010899,에스아이증권 주식회사,D2,대차 및 대주거래_차입증권,0,국내증권사,B,SF205,각주항목(09.06월 이후)
26987,202306,0010899,에스아이증권 주식회사,D3,대차 및 대주거래_신용거래대주,0,국내증권사,B,SF205,각주항목(09.06월 이후)
26988,202306,0010899,에스아이증권 주식회사,E,대손상각채권,0,국내증권사,B,SF205,각주항목(09.06월 이후)
26989,202306,0010899,에스아이증권 주식회사,F,환전업무 예치금,0,국내증권사,B,SF205,각주항목(09.06월 이후)
26990,202306,0010899,에스아이증권 주식회사,G,미배당별도예치금,0,국내증권사,B,SF205,각주항목(09.06월 이후)
26991,202306,0010899,에스아이증권 주식회사,H,배서어음매출(종금계정),0,국내증권사,B,SF205,각주항목(09.06월 이후)
26992,202306,0010899,에스아이증권 주식회사,H1,대출채권매매이익_담보부,0,국내증권사,B,SF205,각주항목(09.06월 이후)
26993,202306,0010899,에스아이증권 주식회사,H2,대출채권매매이익_무담보부,0,국내증권사,B,SF205,각주항목(09.06월 이후)
26994,202309,0010899,에스아이증권 주식회사,A,채무보증,0,국내증권사,B,SF205,각주항목(09.06월 이후)
26995,202309,0010899,에스아이증권 주식회사,A1,채무보증_지급보증,0,국내증권사,B,SF205,각주항목(09.06월 이후)
26996,202309,0010899,에스아이증권 주식회사,A2,채무보증_매입보장약정,0,국내증권사,B,SF205,각주항목(09.06월 이후)
26997,202309,0010899,에스아이증권 주식회사,A3,채무보증_채무인수약정,0,국내증권사,B,SF205,각주항목(09.06월 이후)
26998,202309,0010899,에스아이증권 주식회사,A5,채무보증_매입확약,0,국내증권사,B,SF205,각주항목(09.06월 이후)
26999,202309,0010899,에스아이증권 주식회사,A6,채무보증_기타,0,국내증권사,B,SF205,각주항목(09.06월 이후)
27000,202309,0010899,에스아이증권 주식회사,B,투자자의 예수증권 등,208360095990,국내증권사,B,SF205,각주항목(09.06월 이후)
27001,202309,0010899,에스아이증권 주식회사,B1,투자자의 예수증권 등_예수 증권,208360095990,국내증권사,B,SF205,각주항목(09.06월 이후)
27002,202309,0010899,에스아이증권 주식회사,B2,투자자의 예수증권 등_예수양도성예금증서,0,국내증권사,B,SF205,각주항목(09.06월 이후)
27003,202309,0010899,에스아이증권 주식회사,B3,투자자의 예수증권 등_기타,0,국내증권사,B,SF205,각주항목(09.06월 이후)
27004,202309,0010899,에스아이증권 주식회사,C,파생상품계약,0,국내증권사,B,SF205,각주항목(09.06월 이후)
27005,202309,0010899,에스아이증권 주식회사,C1,파생상품계약_장내파생상품,0,국내증권사,B,SF205,각주항목(09.06월 이후)
27006,202309,0010899,에스아이증권 주식회사,C11,파생상품계약_장내파생상품_이자율관련거래,0,국내증권사,B,SF205,각주항목(09.06월 이후)
27007,202309,0010899,에스아이증권 주식회사,C12,파생상품계약_장내파생상품_통화관련거래,0,국내증권사,B,SF205,각주항목(09.06월 이후)
27008,202309,0010899,에스아이증권 주식회사,C13,파생상품계약_장내파생상품_주식관련거래,0,국내증권사,B,SF205,각주항목(09.06월 이후)
27009,202309,0010899,에스아이증권 주식회사,C14,파생상품계약_장내파생상품_일반상품관련거래,0,국내증권사,B,SF205,각주항목(09.06월 이후)
27010,202309,0010899,에스아이증권 주식회사,C15,파생상품계약_장내파생상품_기타,0,국내증권사,B,SF205,각주항목(09.06월 이후)
27011,202309,0010899,에스아이증권 주식회사,C2,파생상품계약_장외파생상품,0,국내증권사,B,SF205,각주항목(09.06월 이후)
27012,202309,0010899,에스아이증권 주식회사,C21,파생상품계약_장외파생상품_이자율관련거래,0,국내증권사,B,SF205,각주항목(09.06월 이후)
27013,202309,0010899,에스아이증권 주식회사,C22,파생상품계약_장외파생상품_통화관련거래,0,국내증권사,B,SF205,각주항목(09.06월 이후)
27014,202309,0010899,에스아이증권 주식회사,C23,파생상품계약_장외파생상품_주식관련거래,0,국내증권사,B,SF205,각주항목(09.06월 이후)
27015,202309,0010899,에스아이증권 주식회사,C24,파생상품계약_장외파생상품_신용관련거래,0,국내증권사,B,SF205,각주항목(09.06월 이후)
27016,202309,0010899,에스아이증권 주식회사,C25,파생상품계약_장외파생상품_기타,0,국내증권사,B,SF205,각주항목(09.06월 이후)
27017,202309,0010899,에스아이증권 주식회사,D,대차 및 대주거래,0,국내증권사,B,SF205,각주항목(09.06월 이후)
27018,202309,0010899,에스아이증권 주식회사,D1,대차 및 대주거래_대여증권,0,국내증권사,B,SF205,각주항목(09.06월 이후)
27019,202309,0010899,에스아이증권 주식회사,D2,대차 및 대주거래_차입증권,0,국내증권사,B,SF205,각주항목(09.06월 이후)
27020,202309,0010899,에스아이증권 주식회사,D3,대차 및 대주거래_신용거래대주,0,국내증권사,B,SF205,각주항목(09.06월 이후)
27021,202309,0010899,에스아이증권 주식회사,E,대손상각채권,0,국내증권사,B,SF205,각주항목(09.06월 이후)
27022,202309,0010899,에스아이증권 주식회사,F,환전업무 예치금,0,국내증권사,B,SF205,각주항목(09.06월 이후)
27023,202309,0010899,에스아이증권 주식회사,G,미배당별도예치금,0,국내증권사,B,SF205,각주항목(09.06월 이후)
27024,202309,0010899,에스아이증권 주식회사,H,배서어음매출(종금계정),0,국내증권사,B,SF205,각주항목(09.06월 이후)
27025,202309,0010899,에스아이증권 주식회사,H1,대출채권매매이익_담보부,0,국내증권사,B,SF205,각주항목(09.06월 이후)
27026,202309,0010899,에스아이증권 주식회사,H2,대출채권매매이익_무담보부,0,국내증권사,B,SF205,각주항목(09.06월 이후)
27027,202312,0010899,에스아이증권 주식회사,A,채무보증,0,국내증권사,B,SF205,각주항목(09.06월 이후)
27028,202312,0010899,에스아이증권 주식회사,A1,채무보증_지급보증,0,국내증권사,B,SF205,각주항목(09.06월 이후)
27029,202312,0010899,에스아이증권 주식회사,A2,채무보증_매입보장약정,0,국내증권사,B,SF205,각주항목(09.06월 이후)
27030,202312,0010899,에스아이증권 주식회사,A3,채무보증_채무인수약정,0,국내증권사,B,SF205,각주항목(09.06월 이후)
27031,202312,0010899,에스아이증권 주식회사,A5,채무보증_매입확약,0,국내증권사,B,SF205,각주항목(09.06월 이후)
27032,202312,0010899,에스아이증권 주식회사,A6,채무보증_기타,0,국내증권사,B,SF205,각주항목(09.06월 이후)
27033,202312,0010899,에스아이증권 주식회사,B,투자자의 예수증권 등,221702479850,국내증권사,B,SF205,각주항목(09.06월 이후)
27034,202312,0010899,에스아이증권 주식회사,B1,투자자의 예수증권 등_예수 증권,221702479850,국내증권사,B,SF205,각주항목(09.06월 이후)
27035,202312,0010899,에스아이증권 주식회사,B2,투자자의 예수증권 등_예수양도성예금증서,0,국내증권사,B,SF205,각주항목(09.06월 이후)
27036,202312,0010899,에스아이증권 주식회사,B3,투자자의 예수증권 등_기타,0,국내증권사,B,SF205,각주항목(09.06월 이후)
27037,202312,0010899,에스아이증권 주식회사,C,파생상품계약,0,국내증권사,B,SF205,각주항목(09.06월 이후)
27038,202312,0010899,에스아이증권 주식회사,C1,파생상품계약_장내파생상품,0,국내증권사,B,SF205,각주항목(09.06월 이후)
27039,202312,0010899,에스아이증권 주식회사,C11,파생상품계약_장내파생상품_이자율관련거래,0,국내증권사,B,SF205,각주항목(09.06월 이후)
27040,202312,0010899,에스아이증권 주식회사,C12,파생상품계약_장내파생상품_통화관련거래,0,국내증권사,B,SF205,각주항목(09.06월 이후)
27041,202312,0010899,에스아이증권 주식회사,C13,파생상품계약_장내파생상품_주식관련거래,0,국내증권사,B,SF205,각주항목(09.06월 이후)
27042,202312,0010899,에스아이증권 주식회사,C14,파생상품계약_장내파생상품_일반상품관련거래,0,국내증권사,B,SF205,각주항목(09.06월 이후)
27043,202312,0010899,에스아이증권 주식회사,C15,파생상품계약_장내파생상품_기타,0,국내증권사,B,SF205,각주항목(09.06월 이후)
27044,202312,0010899,에스아이증권 주식회사,C2,파생상품계약_장외파생상품,0,국내증권사,B,SF205,각주항목(09.06월 이후)
27045,202312,0010899,에스아이증권 주식회사,C21,파생상품계약_장외파생상품_이자율관련거래,0,국내증권사,B,SF205,각주항목(09.06월 이후)
27046,202312,0010899,에스아이증권 주식회사,C22,파생상품계약_장외파생상품_통화관련거래,0,국내증권사,B,SF205,각주항목(09.06월 이후)
27047,202312,0010899,에스아이증권 주식회사,C23,파생상품계약_장외파생상품_주식관련거래,0,국내증권사,B,SF205,각주항목(09.06월 이후)
27048,202312,0010899,에스아이증권 주식회사,C24,파생상품계약_장외파생상품_신용관련거래,0,국내증권사,B,SF205,각주항목(09.06월 이후)
27049,202312,0010899,에스아이증권 주식회사,C25,파생상품계약_장외파생상품_기타,0,국내증권사,B,SF205,각주항목(09.06월 이후)
27050,202312,0010899,에스아이증권 주식회사,D,대차 및 대주거래,0,국내증권사,B,SF205,각주항목(09.06월 이후)
27051,202312,0010899,에스아이증권 주식회사,D1,대차 및 대주거래_대여증권,0,국내증권사,B,SF205,각주항목(09.06월 이후)
27052,202312,0010899,에스아이증권 주식회사,D2,대차 및 대주거래_차입증권,0,국내증권사,B,SF205,각주항목(09.06월 이후)
27053,202312,0010899,에스아이증권 주식회사,D3,대차 및 대주거래_신용거래대주,0,국내증권사,B,SF205,각주항목(09.06월 이후)
27054,202312,0010899,에스아이증권 주식회사,E,대손상각채권,382045151,국내증권사,B,SF205,각주항목(09.06월 이후)
27055,202312,0010899,에스아이증권 주식회사,F,환전업무 예치금,0,국내증권사,B,SF205,각주항목(09.06월 이후)
27056,202312,0010899,에스아이증권 주식회사,G,미배당별도예치금,0,국내증권사,B,SF205,각주항목(09.06월 이후)
27057,202312,0010899,에스아이증권 주식회사,H,배서어음매출(종금계정),0,국내증권사,B,SF205,각주항목(09.06월 이후)
27058,202312,0010899,에스아이증권 주식회사,H1,대출채권매매이익_담보부,0,국내증권사,B,SF205,각주항목(09.06월 이후)
27059,202312,0010899,에스아이증권 주식회사,H2,대출채권매매이익_무담보부,0,국내증권사,B,SF205,각주항목(09.06월 이후)
27060,202403,0010899,에스아이증권 주식회사,A,채무보증,0,국내증권사,B,SF205,각주항목(09.06월 이후)
27061,202403,0010899,에스아이증권 주식회사,A1,채무보증_지급보증,0,국내증권사,B,SF205,각주항목(09.06월 이후)
27062,202403,0010899,에스아이증권 주식회사,A2,채무보증_매입보장약정,0,국내증권사,B,SF205,각주항목(09.06월 이후)
27063,202403,0010899,에스아이증권 주식회사,A3,채무보증_채무인수약정,0,국내증권사,B,SF205,각주항목(09.06월 이후)
27064,202403,0010899,에스아이증권 주식회사,A5,채무보증_매입확약,0,국내증권사,B,SF205,각주항목(09.06월 이후)
27065,202403,0010899,에스아이증권 주식회사,A6,채무보증_기타,0,국내증권사,B,SF205,각주항목(09.06월 이후)
27066,202403,0010899,에스아이증권 주식회사,B,투자자의 예수증권 등,214255380300,국내증권사,B,SF205,각주항목(09.06월 이후)
27067,202403,0010899,에스아이증권 주식회사,B1,투자자의 예수증권 등_예수 증권,214255380300,국내증권사,B,SF205,각주항목(09.06월 이후)
27068,202403,0010899,에스아이증권 주식회사,B2,투자자의 예수증권 등_예수양도성예금증서,0,국내증권사,B,SF205,각주항목(09.06월 이후)
27069,202403,0010899,에스아이증권 주식회사,B3,투자자의 예수증권 등_기타,0,국내증권사,B,SF205,각주항목(09.06월 이후)
27070,202403,0010899,에스아이증권 주식회사,C,파생상품계약,0,국내증권사,B,SF205,각주항목(09.06월 이후)
27071,202403,0010899,에스아이증권 주식회사,C1,파생상품계약_장내파생상품,0,국내증권사,B,SF205,각주항목(09.06월 이후)
27072,202403,0010899,에스아이증권 주식회사,C11,파생상품계약_장내파생상품_이자율관련거래,0,국내증권사,B,SF205,각주항목(09.06월 이후)
27073,202403,0010899,에스아이증권 주식회사,C12,파생상품계약_장내파생상품_통화관련거래,0,국내증권사,B,SF205,각주항목(09.06월 이후)
27074,202403,0010899,에스아이증권 주식회사,C13,파생상품계약_장내파생상품_주식관련거래,0,국내증권사,B,SF205,각주항목(09.06월 이후)
27075,202403,0010899,에스아이증권 주식회사,C14,파생상품계약_장내파생상품_일반상품관련거래,0,국내증권사,B,SF205,각주항목(09.06월 이후)
27076,202403,0010899,에스아이증권 주식회사,C15,파생상품계약_장내파생상품_기타,0,국내증권사,B,SF205,각주항목(09.06월 이후)
27077,202403,0010899,에스아이증권 주식회사,C2,파생상품계약_장외파생상품,0,국내증권사,B,SF205,각주항목(09.06월 이후)
27078,202403,0010899,에스아이증권 주식회사,C21,파생상품계약_장외파생상품_이자율관련거래,0,국내증권사,B,SF205,각주항목(09.06월 이후)
27079,202403,0010899,에스아이증권 주식회사,C22,파생상품계약_장외파생상품_통화관련거래,0,국내증권사,B,SF205,각주항목(09.06월 이후)
27080,202403,0010899,에스아이증권 주식회사,C23,파생상품계약_장외파생상품_주식관련거래,0,국내증권사,B,SF205,각주항목(09.06월 이후)
27081,202403,0010899,에스아이증권 주식회사,C24,파생상품계약_장외파생상품_신용관련거래,0,국내증권사,B,SF205,각주항목(09.06월 이후)
27082,202403,0010899,에스아이증권 주식회사,C25,파생상품계약_장외파생상품_기타,0,국내증권사,B,SF205,각주항목(09.06월 이후)
27083,202403,0010899,에스아이증권 주식회사,D,대차 및 대주거래,0,국내증권사,B,SF205,각주항목(09.06월 이후)
27084,202403,0010899,에스아이증권 주식회사,D1,대차 및 대주거래_대여증권,0,국내증권사,B,SF205,각주항목(09.06월 이후)
27085,202403,0010899,에스아이증권 주식회사,D2,대차 및 대주거래_차입증권,0,국내증권사,B,SF205,각주항목(09.06월 이후)
27086,202403,0010899,에스아이증권 주식회사,D3,대차 및 대주거래_신용거래대주,0,국내증권사,B,SF205,각주항목(09.06월 이후)
27087,202403,0010899,에스아이증권 주식회사,E,대손상각채권,0,국내증권사,B,SF205,각주항목(09.06월 이후)
27088,202403,0010899,에스아이증권 주식회사,F,환전업무 예치금,0,국내증권사,B,SF205,각주항목(09.06월 이후)
27089,202403,0010899,에스아이증권 주식회사,G,미배당별도예치금,0,국내증권사,B,SF205,각주항목(09.06월 이후)
27090,202403,0010899,에스아이증권 주식회사,H,배서어음매출(종금계정),0,국내증권사,B,SF205,각주항목(09.06월 이후)
27091,202403,0010899,에스아이증권 주식회사,H1,대출채권매매이익_담보부,0,국내증권사,B,SF205,각주항목(09.06월 이후)
27092,202403,0010899,에스아이증권 주식회사,H2,대출채권매매이익_무담보부,0,국내증권사,B,SF205,각주항목(09.06월 이후)
27093,202406,0010899,에스아이증권 주식회사,A,채무보증,0,국내증권사,B,SF205,각주항목(09.06월 이후)
27094,202406,0010899,에스아이증권 주식회사,A1,채무보증_지급보증,0,국내증권사,B,SF205,각주항목(09.06월 이후)
27095,202406,0010899,에스아이증권 주식회사,A2,채무보증_매입보장약정,0,국내증권사,B,SF205,각주항목(09.06월 이후)
27096,202406,0010899,에스아이증권 주식회사,A3,채무보증_채무인수약정,0,국내증권사,B,SF205,각주항목(09.06월 이후)
27097,202406,0010899,에스아이증권 주식회사,A5,채무보증_매입확약,0,국내증권사,B,SF205,각주항목(09.06월 이후)
27098,202406,0010899,에스아이증권 주식회사,A6,채무보증_기타,0,국내증권사,B,SF205,각주항목(09.06월 이후)
27099,202406,0010899,에스아이증권 주식회사,B,투자자의 예수증권 등,210559555400,국내증권사,B,SF205,각주항목(09.06월 이후)
27100,202406,0010899,에스아이증권 주식회사,B1,투자자의 예수증권 등_예수 증권,210559555400,국내증권사,B,SF205,각주항목(09.06월 이후)
27101,202406,0010899,에스아이증권 주식회사,B2,투자자의 예수증권 등_예수양도성예금증서,0,국내증권사,B,SF205,각주항목(09.06월 이후)
27102,202406,0010899,에스아이증권 주식회사,B3,투자자의 예수증권 등_기타,0,국내증권사,B,SF205,각주항목(09.06월 이후)
27103,202406,0010899,에스아이증권 주식회사,C,파생상품계약,0,국내증권사,B,SF205,각주항목(09.06월 이후)
27104,202406,0010899,에스아이증권 주식회사,C1,파생상품계약_장내파생상품,0,국내증권사,B,SF205,각주항목(09.06월 이후)
27105,202406,0010899,에스아이증권 주식회사,C11,파생상품계약_장내파생상품_이자율관련거래,0,국내증권사,B,SF205,각주항목(09.06월 이후)
27106,202406,0010899,에스아이증권 주식회사,C12,파생상품계약_장내파생상품_통화관련거래,0,국내증권사,B,SF205,각주항목(09.06월 이후)
27107,202406,0010899,에스아이증권 주식회사,C13,파생상품계약_장내파생상품_주식관련거래,0,국내증권사,B,SF205,각주항목(09.06월 이후)
27108,202406,0010899,에스아이증권 주식회사,C14,파생상품계약_장내파생상품_일반상품관련거래,0,국내증권사,B,SF205,각주항목(09.06월 이후)
27109,202406,0010899,에스아이증권 주식회사,C15,파생상품계약_장내파생상품_기타,0,국내증권사,B,SF205,각주항목(09.06월 이후)
27110,202406,0010899,에스아이증권 주식회사,C2,파생상품계약_장외파생상품,0,국내증권사,B,SF205,각주항목(09.06월 이후)
27111,202406,0010899,에스아이증권 주식회사,C21,파생상품계약_장외파생상품_이자율관련거래,0,국내증권사,B,SF205,각주항목(09.06월 이후)
27112,202406,0010899,에스아이증권 주식회사,C22,파생상품계약_장외파생상품_통화관련거래,0,국내증권사,B,SF205,각주항목(09.06월 이후)
27113,202406,0010899,에스아이증권 주식회사,C23,파생상품계약_장외파생상품_주식관련거래,0,국내증권사,B,SF205,각주항목(09.06월 이후)
27114,202406,0010899,에스아이증권 주식회사,C24,파생상품계약_장외파생상품_신용관련거래,0,국내증권사,B,SF205,각주항목(09.06월 이후)
27115,202406,0010899,에스아이증권 주식회사,C25,파생상품계약_장외파생상품_기타,0,국내증권사,B,SF205,각주항목(09.06월 이후)
27116,202406,0010899,에스아이증권 주식회사,D,대차 및 대주거래,0,국내증권사,B,SF205,각주항목(09.06월 이후)
27117,202406,0010899,에스아이증권 주식회사,D1,대차 및 대주거래_대여증권,0,국내증권사,B,SF205,각주항목(09.06월 이후)
27118,202406,0010899,에스아이증권 주식회사,D2,대차 및 대주거래_차입증권,0,국내증권사,B,SF205,각주항목(09.06월 이후)
27119,202406,0010899,에스아이증권 주식회사,D3,대차 및 대주거래_신용거래대주,0,국내증권사,B,SF205,각주항목(09.06월 이후)
27120,202406,0010899,에스아이증권 주식회사,E,대손상각채권,0,국내증권사,B,SF205,각주항목(09.06월 이후)
27121,202406,0010899,에스아이증권 주식회사,F,환전업무 예치금,0,국내증권사,B,SF205,각주항목(09.06월 이후)
27122,202406,0010899,에스아이증권 주식회사,G,미배당별도예치금,0,국내증권사,B,SF205,각주항목(09.06월 이후)
27123,202406,0010899,에스아이증권 주식회사,H,배서어음매출(종금계정),0,국내증권사,B,SF205,각주항목(09.06월 이후)
27124,202406,0010899,에스아이증권 주식회사,H1,대출채권매매이익_담보부,0,국내증권사,B,SF205,각주항목(09.06월 이후)
27125,202406,0010899,에스아이증권 주식회사,H2,대출채권매매이익_무담보부,0,국내증권사,B,SF205,각주항목(09.06월 이후)
27126,202409,0010899,에스아이증권 주식회사,A,채무보증,0,국내증권사,B,SF205,각주항목(09.06월 이후)
27127,202409,0010899,에스아이증권 주식회사,A1,채무보증_지급보증,0,국내증권사,B,SF205,각주항목(09.06월 이후)
27128,202409,0010899,에스아이증권 주식회사,A2,채무보증_매입보장약정,0,국내증권사,B,SF205,각주항목(09.06월 이후)
27129,202409,0010899,에스아이증권 주식회사,A3,채무보증_채무인수약정,0,국내증권사,B,SF205,각주항목(09.06월 이후)
27130,202409,0010899,에스아이증권 주식회사,A5,채무보증_매입확약,0,국내증권사,B,SF205,각주항목(09.06월 이후)
27131,202409,0010899,에스아이증권 주식회사,A6,채무보증_기타,0,국내증권사,B,SF205,각주항목(09.06월 이후)
27132,202409,0010899,에스아이증권 주식회사,B,투자자의 예수증권 등,204495464710,국내증권사,B,SF205,각주항목(09.06월 이후)
27133,202409,0010899,에스아이증권 주식회사,B1,투자자의 예수증권 등_예수 증권,204495464710,국내증권사,B,SF205,각주항목(09.06월 이후)
27134,202409,0010899,에스아이증권 주식회사,B2,투자자의 예수증권 등_예수양도성예금증서,0,국내증권사,B,SF205,각주항목(09.06월 이후)
27135,202409,0010899,에스아이증권 주식회사,B3,투자자의 예수증권 등_기타,0,국내증권사,B,SF205,각주항목(09.06월 이후)
27136,202409,0010899,에스아이증권 주식회사,C,파생상품계약,0,국내증권사,B,SF205,각주항목(09.06월 이후)
27137,202409,0010899,에스아이증권 주식회사,C1,파생상품계약_장내파생상품,0,국내증권사,B,SF205,각주항목(09.06월 이후)
27138,202409,0010899,에스아이증권 주식회사,C11,파생상품계약_장내파생상품_이자율관련거래,0,국내증권사,B,SF205,각주항목(09.06월 이후)
27139,202409,0010899,에스아이증권 주식회사,C12,파생상품계약_장내파생상품_통화관련거래,0,국내증권사,B,SF205,각주항목(09.06월 이후)
27140,202409,0010899,에스아이증권 주식회사,C13,파생상품계약_장내파생상품_주식관련거래,0,국내증권사,B,SF205,각주항목(09.06월 이후)
27141,202409,0010899,에스아이증권 주식회사,C14,파생상품계약_장내파생상품_일반상품관련거래,0,국내증권사,B,SF205,각주항목(09.06월 이후)
27142,202409,0010899,에스아이증권 주식회사,C15,파생상품계약_장내파생상품_기타,0,국내증권사,B,SF205,각주항목(09.06월 이후)
27143,202409,0010899,에스아이증권 주식회사,C2,파생상품계약_장외파생상품,0,국내증권사,B,SF205,각주항목(09.06월 이후)
27144,202409,0010899,에스아이증권 주식회사,C21,파생상품계약_장외파생상품_이자율관련거래,0,국내증권사,B,SF205,각주항목(09.06월 이후)
27145,202409,0010899,에스아이증권 주식회사,C22,파생상품계약_장외파생상품_통화관련거래,0,국내증권사,B,SF205,각주항목(09.06월 이후)
27146,202409,0010899,에스아이증권 주식회사,C23,파생상품계약_장외파생상품_주식관련거래,0,국내증권사,B,SF205,각주항목(09.06월 이후)
27147,202409,0010899,에스아이증권 주식회사,C24,파생상품계약_장외파생상품_신용관련거래,0,국내증권사,B,SF205,각주항목(09.06월 이후)
27148,202409,0010899,에스아이증권 주식회사,C25,파생상품계약_장외파생상품_기타,0,국내증권사,B,SF205,각주항목(09.06월 이후)
27149,202409,0010899,에스아이증권 주식회사,D,대차 및 대주거래,0,국내증권사,B,SF205,각주항목(09.06월 이후)
27150,202409,0010899,에스아이증권 주식회사,D1,대차 및 대주거래_대여증권,0,국내증권사,B,SF205,각주항목(09.06월 이후)
27151,202409,0010899,에스아이증권 주식회사,D2,대차 및 대주거래_차입증권,0,국내증권사,B,SF205,각주항목(09.06월 이후)
27152,202409,0010899,에스아이증권 주식회사,D3,대차 및 대주거래_신용거래대주,0,국내증권사,B,SF205,각주항목(09.06월 이후)
27153,202409,0010899,에스아이증권 주식회사,E,대손상각채권,0,국내증권사,B,SF205,각주항목(09.06월 이후)
27154,202409,0010899,에스아이증권 주식회사,F,환전업무 예치금,0,국내증권사,B,SF205,각주항목(09.06월 이후)
27155,202409,0010899,에스아이증권 주식회사,G,미배당별도예치금,0,국내증권사,B,SF205,각주항목(09.06월 이후)
27156,202409,0010899,에스아이증권 주식회사,H,배서어음매출(종금계정),0,국내증권사,B,SF205,각주항목(09.06월 이후)
27157,202409,0010899,에스아이증권 주식회사,H1,대출채권매매이익_담보부,0,국내증권사,B,SF205,각주항목(09.06월 이후)
27158,202409,0010899,에스아이증권 주식회사,H2,대출채권매매이익_무담보부,0,국내증권사,B,SF205,각주항목(09.06월 이후)
27159,202412,0010899,에스아이증권 주식회사,A,채무보증,0,국내증권사,B,SF205,각주항목(09.06월 이후)
27160,202412,0010899,에스아이증권 주식회사,A1,채무보증_지급보증,0,국내증권사,B,SF205,각주항목(09.06월 이후)
27161,202412,0010899,에스아이증권 주식회사,A2,채무보증_매입보장약정,0,국내증권사,B,SF205,각주항목(09.06월 이후)
27162,202412,0010899,에스아이증권 주식회사,A3,채무보증_채무인수약정,0,국내증권사,B,SF205,각주항목(09.06월 이후)
27163,202412,0010899,에스아이증권 주식회사,A5,채무보증_매입확약,0,국내증권사,B,SF205,각주항목(09.06월 이후)
27164,202412,0010899,에스아이증권 주식회사,A6,채무보증_기타,0,국내증권사,B,SF205,각주항목(09.06월 이후)
27165,202412,0010899,에스아이증권 주식회사,B,투자자의 예수증권 등,161044166197,국내증권사,B,SF205,각주항목(09.06월 이후)
27166,202412,0010899,에스아이증권 주식회사,B1,투자자의 예수증권 등_예수 증권,161044166197,국내증권사,B,SF205,각주항목(09.06월 이후)
27167,202412,0010899,에스아이증권 주식회사,B2,투자자의 예수증권 등_예수양도성예금증서,0,국내증권사,B,SF205,각주항목(09.06월 이후)
27168,202412,0010899,에스아이증권 주식회사,B3,투자자의 예수증권 등_기타,0,국내증권사,B,SF205,각주항목(09.06월 이후)
27169,202412,0010899,에스아이증권 주식회사,C,파생상품계약,0,국내증권사,B,SF205,각주항목(09.06월 이후)
27170,202412,0010899,에스아이증권 주식회사,C1,파생상품계약_장내파생상품,0,국내증권사,B,SF205,각주항목(09.06월 이후)
27171,202412,0010899,에스아이증권 주식회사,C11,파생상품계약_장내파생상품_이자율관련거래,0,국내증권사,B,SF205,각주항목(09.06월 이후)
27172,202412,0010899,에스아이증권 주식회사,C12,파생상품계약_장내파생상품_통화관련거래,0,국내증권사,B,SF205,각주항목(09.06월 이후)
27173,202412,0010899,에스아이증권 주식회사,C13,파생상품계약_장내파생상품_주식관련거래,0,국내증권사,B,SF205,각주항목(09.06월 이후)
27174,202412,0010899,에스아이증권 주식회사,C14,파생상품계약_장내파생상품_일반상품관련거래,0,국내증권사,B,SF205,각주항목(09.06월 이후)
27175,202412,0010899,에스아이증권 주식회사,C15,파생상품계약_장내파생상품_기타,0,국내증권사,B,SF205,각주항목(09.06월 이후)
27176,202412,0010899,에스아이증권 주식회사,C2,파생상품계약_장외파생상품,0,국내증권사,B,SF205,각주항목(09.06월 이후)
27177,202412,0010899,에스아이증권 주식회사,C21,파생상품계약_장외파생상품_이자율관련거래,0,국내증권사,B,SF205,각주항목(09.06월 이후)
27178,202412,0010899,에스아이증권 주식회사,C22,파생상품계약_장외파생상품_통화관련거래,0,국내증권사,B,SF205,각주항목(09.06월 이후)
27179,202412,0010899,에스아이증권 주식회사,C23,파생상품계약_장외파생상품_주식관련거래,0,국내증권사,B,SF205,각주항목(09.06월 이후)
27180,202412,0010899,에스아이증권 주식회사,C24,파생상품계약_장외파생상품_신용관련거래,0,국내증권사,B,SF205,각주항목(09.06월 이후)
27181,202412,0010899,에스아이증권 주식회사,C25,파생상품계약_장외파생상품_기타,0,국내증권사,B,SF205,각주항목(09.06월 이후)
27182,202412,0010899,에스아이증권 주식회사,D,대차 및 대주거래,0,국내증권사,B,SF205,각주항목(09.06월 이후)
27183,202412,0010899,에스아이증권 주식회사,D1,대차 및 대주거래_대여증권,0,국내증권사,B,SF205,각주항목(09.06월 이후)
27184,202412,0010899,에스아이증권 주식회사,D2,대차 및 대주거래_차입증권,0,국내증권사,B,SF205,각주항목(09.06월 이후)
27185,202412,0010899,에스아이증권 주식회사,D3,대차 및 대주거래_신용거래대주,0,국내증권사,B,SF205,각주항목(09.06월 이후)
27186,202412,0010899,에스아이증권 주식회사,E,대손상각채권,0,국내증권사,B,SF205,각주항목(09.06월 이후)
27187,202412,0010899,에스아이증권 주식회사,F,환전업무 예치금,0,국내증권사,B,SF205,각주항목(09.06월 이후)
27188,202412,0010899,에스아이증권 주식회사,G,미배당별도예치금,0,국내증권사,B,SF205,각주항목(09.06월 이후)
27189,202412,0010899,에스아이증권 주식회사,H,배서어음매출(종금계정),0,국내증권사,B,SF205,각주항목(09.06월 이후)
27190,202412,0010899,에스아이증권 주식회사,H1,대출채권매매이익_담보부,0,국내증권사,B,SF205,각주항목(09.06월 이후)
27191,202412,0010899,에스아이증권 주식회사,H2,대출채권매매이익_무담보부,0,국내증권사,B,SF205,각주항목(09.06월 이후)
27192,201703,0010113,유안타증권주식회사,A,채무보증,252600000000,국내증권사,B,SF205,각주항목(09.06월 이후)
27193,201703,0010113,유안타증권주식회사,A1,채무보증_지급보증,0,국내증권사,B,SF205,각주항목(09.06월 이후)
27194,201703,0010113,유안타증권주식회사,A2,채무보증_매입보장약정,20000000000,국내증권사,B,SF205,각주항목(09.06월 이후)
27195,201703,0010113,유안타증권주식회사,A3,채무보증_채무인수약정,0,국내증권사,B,SF205,각주항목(09.06월 이후)
27196,201703,0010113,유안타증권주식회사,A5,채무보증_매입확약,232600000000,국내증권사,B,SF205,각주항목(09.06월 이후)
27197,201703,0010113,유안타증권주식회사,A6,채무보증_기타, ,국내증권사,B,SF205,각주항목(09.06월 이후)
27198,201703,0010113,유안타증권주식회사,B,투자자의 예수증권 등,18186632704078,국내증권사,B,SF205,각주항목(09.06월 이후)
27199,201703,0010113,유안타증권주식회사,B1,투자자의 예수증권 등_예수 증권,18186632704078,국내증권사,B,SF205,각주항목(09.06월 이후)
27200,201703,0010113,유안타증권주식회사,B2,투자자의 예수증권 등_예수양도성예금증서,0,국내증권사,B,SF205,각주항목(09.06월 이후)
27201,201703,0010113,유안타증권주식회사,B3,투자자의 예수증권 등_기타,0,국내증권사,B,SF205,각주항목(09.06월 이후)
27202,201703,0010113,유안타증권주식회사,C,파생상품계약,9434587330875,국내증권사,B,SF205,각주항목(09.06월 이후)
27203,201703,0010113,유안타증권주식회사,C1,파생상품계약_장내파생상품,5572482180022,국내증권사,B,SF205,각주항목(09.06월 이후)
27204,201703,0010113,유안타증권주식회사,C11,파생상품계약_장내파생상품_이자율관련거래,516015675926,국내증권사,B,SF205,각주항목(09.06월 이후)
27205,201703,0010113,유안타증권주식회사,C12,파생상품계약_장내파생상품_통화관련거래,37560338000,국내증권사,B,SF205,각주항목(09.06월 이후)
27206,201703,0010113,유안타증권주식회사,C13,파생상품계약_장내파생상품_주식관련거래,5018906166096,국내증권사,B,SF205,각주항목(09.06월 이후)
27207,201703,0010113,유안타증권주식회사,C14,파생상품계약_장내파생상품_일반상품관련거래,0,국내증권사,B,SF205,각주항목(09.06월 이후)
27208,201703,0010113,유안타증권주식회사,C15,파생상품계약_장내파생상품_기타,0,국내증권사,B,SF205,각주항목(09.06월 이후)
27209,201703,0010113,유안타증권주식회사,C2,파생상품계약_장외파생상품,3862105150853,국내증권사,B,SF205,각주항목(09.06월 이후)
27210,201703,0010113,유안타증권주식회사,C21,파생상품계약_장외파생상품_이자율관련거래,1039790011202,국내증권사,B,SF205,각주항목(09.06월 이후)
27211,201703,0010113,유안타증권주식회사,C22,파생상품계약_장외파생상품_통화관련거래,636978285770,국내증권사,B,SF205,각주항목(09.06월 이후)
27212,201703,0010113,유안타증권주식회사,C23,파생상품계약_장외파생상품_주식관련거래,1517989613881,국내증권사,B,SF205,각주항목(09.06월 이후)
27213,201703,0010113,유안타증권주식회사,C24,파생상품계약_장외파생상품_신용관련거래,656508240000,국내증권사,B,SF205,각주항목(09.06월 이후)
27214,201703,0010113,유안타증권주식회사,C25,파생상품계약_장외파생상품_기타,10839000000,국내증권사,B,SF205,각주항목(09.06월 이후)
27215,201703,0010113,유안타증권주식회사,D,대차 및 대주거래,445352477896,국내증권사,B,SF205,각주항목(09.06월 이후)
27216,201703,0010113,유안타증권주식회사,D1,대차 및 대주거래_대여증권,0,국내증권사,B,SF205,각주항목(09.06월 이후)
27217,201703,0010113,유안타증권주식회사,D2,대차 및 대주거래_차입증권,445352477896,국내증권사,B,SF205,각주항목(09.06월 이후)
27218,201703,0010113,유안타증권주식회사,D3,대차 및 대주거래_신용거래대주, ,국내증권사,B,SF205,각주항목(09.06월 이후)
27219,201703,0010113,유안타증권주식회사,E,대손상각채권,864676143010,국내증권사,B,SF205,각주항목(09.06월 이후)
27220,201703,0010113,유안타증권주식회사,F,환전업무 예치금,0,국내증권사,B,SF205,각주항목(09.06월 이후)
27221,201703,0010113,유안타증권주식회사,G,미배당별도예치금,3527906622,국내증권사,B,SF205,각주항목(09.06월 이후)
27222,201703,0010113,유안타증권주식회사,H,배서어음매출(종금계정),0,국내증권사,B,SF205,각주항목(09.06월 이후)
27223,201703,0010113,유안타증권주식회사,H1,대출채권매매이익_담보부, ,국내증권사,B,SF205,각주항목(09.06월 이후)
27224,201703,0010113,유안타증권주식회사,H2,대출채권매매이익_무담보부,0,국내증권사,B,SF205,각주항목(09.06월 이후)
27225,201706,0010113,유안타증권주식회사,A,채무보증,383100000000,국내증권사,B,SF205,각주항목(09.06월 이후)
27226,201706,0010113,유안타증권주식회사,A1,채무보증_지급보증,1000000000,국내증권사,B,SF205,각주항목(09.06월 이후)
27227,201706,0010113,유안타증권주식회사,A2,채무보증_매입보장약정,20000000000,국내증권사,B,SF205,각주항목(09.06월 이후)
27228,201706,0010113,유안타증권주식회사,A3,채무보증_채무인수약정,0,국내증권사,B,SF205,각주항목(09.06월 이후)
27229,201706,0010113,유안타증권주식회사,A5,채무보증_매입확약,362100000000,국내증권사,B,SF205,각주항목(09.06월 이후)
27230,201706,0010113,유안타증권주식회사,A6,채무보증_기타, ,국내증권사,B,SF205,각주항목(09.06월 이후)
27231,201706,0010113,유안타증권주식회사,B,투자자의 예수증권 등,19244516842212,국내증권사,B,SF205,각주항목(09.06월 이후)
27232,201706,0010113,유안타증권주식회사,B1,투자자의 예수증권 등_예수 증권,19244516842212,국내증권사,B,SF205,각주항목(09.06월 이후)
27233,201706,0010113,유안타증권주식회사,B2,투자자의 예수증권 등_예수양도성예금증서,0,국내증권사,B,SF205,각주항목(09.06월 이후)
27234,201706,0010113,유안타증권주식회사,B3,투자자의 예수증권 등_기타,0,국내증권사,B,SF205,각주항목(09.06월 이후)
27235,201706,0010113,유안타증권주식회사,C,파생상품계약,11537273071348,국내증권사,B,SF205,각주항목(09.06월 이후)
27236,201706,0010113,유안타증권주식회사,C1,파생상품계약_장내파생상품,6976574390381,국내증권사,B,SF205,각주항목(09.06월 이후)
27237,201706,0010113,유안타증권주식회사,C11,파생상품계약_장내파생상품_이자율관련거래,561267100650,국내증권사,B,SF205,각주항목(09.06월 이후)
27238,201706,0010113,유안타증권주식회사,C12,파생상품계약_장내파생상품_통화관련거래,40764283000,국내증권사,B,SF205,각주항목(09.06월 이후)
27239,201706,0010113,유안타증권주식회사,C13,파생상품계약_장내파생상품_주식관련거래,6374543006731,국내증권사,B,SF205,각주항목(09.06월 이후)
27240,201706,0010113,유안타증권주식회사,C14,파생상품계약_장내파생상품_일반상품관련거래,0,국내증권사,B,SF205,각주항목(09.06월 이후)
27241,201706,0010113,유안타증권주식회사,C15,파생상품계약_장내파생상품_기타,0,국내증권사,B,SF205,각주항목(09.06월 이후)
27242,201706,0010113,유안타증권주식회사,C2,파생상품계약_장외파생상품,4560698680967,국내증권사,B,SF205,각주항목(09.06월 이후)
27243,201706,0010113,유안타증권주식회사,C21,파생상품계약_장외파생상품_이자율관련거래,1376141170283,국내증권사,B,SF205,각주항목(09.06월 이후)
27244,201706,0010113,유안타증권주식회사,C22,파생상품계약_장외파생상품_통화관련거래,788314670249,국내증권사,B,SF205,각주항목(09.06월 이후)
27245,201706,0010113,유안타증권주식회사,C23,파생상품계약_장외파생상품_주식관련거래,1708895600435,국내증권사,B,SF205,각주항목(09.06월 이후)
27246,201706,0010113,유안타증권주식회사,C24,파생상품계약_장외파생상품_신용관련거래,656508240000,국내증권사,B,SF205,각주항목(09.06월 이후)
27247,201706,0010113,유안타증권주식회사,C25,파생상품계약_장외파생상품_기타,30839000000,국내증권사,B,SF205,각주항목(09.06월 이후)
27248,201706,0010113,유안타증권주식회사,D,대차 및 대주거래,590855033016,국내증권사,B,SF205,각주항목(09.06월 이후)
27249,201706,0010113,유안타증권주식회사,D1,대차 및 대주거래_대여증권,0,국내증권사,B,SF205,각주항목(09.06월 이후)
27250,201706,0010113,유안타증권주식회사,D2,대차 및 대주거래_차입증권,590855033016,국내증권사,B,SF205,각주항목(09.06월 이후)
27251,201706,0010113,유안타증권주식회사,D3,대차 및 대주거래_신용거래대주, ,국내증권사,B,SF205,각주항목(09.06월 이후)
27252,201706,0010113,유안타증권주식회사,E,대손상각채권,864969446885,국내증권사,B,SF205,각주항목(09.06월 이후)
27253,201706,0010113,유안타증권주식회사,F,환전업무 예치금,0,국내증권사,B,SF205,각주항목(09.06월 이후)
27254,201706,0010113,유안타증권주식회사,G,미배당별도예치금,3895689723,국내증권사,B,SF205,각주항목(09.06월 이후)
27255,201706,0010113,유안타증권주식회사,H,배서어음매출(종금계정),0,국내증권사,B,SF205,각주항목(09.06월 이후)
27256,201706,0010113,유안타증권주식회사,H1,대출채권매매이익_담보부, ,국내증권사,B,SF205,각주항목(09.06월 이후)
27257,201706,0010113,유안타증권주식회사,H2,대출채권매매이익_무담보부,0,국내증권사,B,SF205,각주항목(09.06월 이후)
27258,201709,0010113,유안타증권주식회사,A,채무보증,429700000000,국내증권사,B,SF205,각주항목(09.06월 이후)
27259,201709,0010113,유안타증권주식회사,A1,채무보증_지급보증,1000000000,국내증권사,B,SF205,각주항목(09.06월 이후)
27260,201709,0010113,유안타증권주식회사,A2,채무보증_매입보장약정,20000000000,국내증권사,B,SF205,각주항목(09.06월 이후)
27261,201709,0010113,유안타증권주식회사,A3,채무보증_채무인수약정,0,국내증권사,B,SF205,각주항목(09.06월 이후)
27262,201709,0010113,유안타증권주식회사,A5,채무보증_매입확약,408700000000,국내증권사,B,SF205,각주항목(09.06월 이후)
27263,201709,0010113,유안타증권주식회사,A6,채무보증_기타, ,국내증권사,B,SF205,각주항목(09.06월 이후)
27264,201709,0010113,유안타증권주식회사,B,투자자의 예수증권 등,18510895415784,국내증권사,B,SF205,각주항목(09.06월 이후)
27265,201709,0010113,유안타증권주식회사,B1,투자자의 예수증권 등_예수 증권,18510895415784,국내증권사,B,SF205,각주항목(09.06월 이후)
27266,201709,0010113,유안타증권주식회사,B2,투자자의 예수증권 등_예수양도성예금증서,0,국내증권사,B,SF205,각주항목(09.06월 이후)
27267,201709,0010113,유안타증권주식회사,B3,투자자의 예수증권 등_기타,0,국내증권사,B,SF205,각주항목(09.06월 이후)
27268,201709,0010113,유안타증권주식회사,C,파생상품계약,14020414922551,국내증권사,B,SF205,각주항목(09.06월 이후)
27269,201709,0010113,유안타증권주식회사,C1,파생상품계약_장내파생상품,8549538623522,국내증권사,B,SF205,각주항목(09.06월 이후)
27270,201709,0010113,유안타증권주식회사,C11,파생상품계약_장내파생상품_이자율관련거래,499104671128,국내증권사,B,SF205,각주항목(09.06월 이후)
27271,201709,0010113,유안타증권주식회사,C12,파생상품계약_장내파생상품_통화관련거래,31027950000,국내증권사,B,SF205,각주항목(09.06월 이후)
27272,201709,0010113,유안타증권주식회사,C13,파생상품계약_장내파생상품_주식관련거래,8019406002394,국내증권사,B,SF205,각주항목(09.06월 이후)
27273,201709,0010113,유안타증권주식회사,C14,파생상품계약_장내파생상품_일반상품관련거래,0,국내증권사,B,SF205,각주항목(09.06월 이후)
27274,201709,0010113,유안타증권주식회사,C15,파생상품계약_장내파생상품_기타,0,국내증권사,B,SF205,각주항목(09.06월 이후)
27275,201709,0010113,유안타증권주식회사,C2,파생상품계약_장외파생상품,5470876299029,국내증권사,B,SF205,각주항목(09.06월 이후)
27276,201709,0010113,유안타증권주식회사,C21,파생상품계약_장외파생상품_이자율관련거래,2333585755997,국내증권사,B,SF205,각주항목(09.06월 이후)
27277,201709,0010113,유안타증권주식회사,C22,파생상품계약_장외파생상품_통화관련거래,1117083550142,국내증권사,B,SF205,각주항목(09.06월 이후)
27278,201709,0010113,유안타증권주식회사,C23,파생상품계약_장외파생상품_주식관련거래,1267644502890,국내증권사,B,SF205,각주항목(09.06월 이후)
27279,201709,0010113,유안타증권주식회사,C24,파생상품계약_장외파생상품_신용관련거래,713335890000,국내증권사,B,SF205,각주항목(09.06월 이후)
27280,201709,0010113,유안타증권주식회사,C25,파생상품계약_장외파생상품_기타,39226600000,국내증권사,B,SF205,각주항목(09.06월 이후)
27281,201709,0010113,유안타증권주식회사,D,대차 및 대주거래,590910051532,국내증권사,B,SF205,각주항목(09.06월 이후)
27282,201709,0010113,유안타증권주식회사,D1,대차 및 대주거래_대여증권,0,국내증권사,B,SF205,각주항목(09.06월 이후)
27283,201709,0010113,유안타증권주식회사,D2,대차 및 대주거래_차입증권,590910051532,국내증권사,B,SF205,각주항목(09.06월 이후)
27284,201709,0010113,유안타증권주식회사,D3,대차 및 대주거래_신용거래대주, ,국내증권사,B,SF205,각주항목(09.06월 이후)
27285,201709,0010113,유안타증권주식회사,E,대손상각채권,864969446885,국내증권사,B,SF205,각주항목(09.06월 이후)
27286,201709,0010113,유안타증권주식회사,F,환전업무 예치금,0,국내증권사,B,SF205,각주항목(09.06월 이후)
27287,201709,0010113,유안타증권주식회사,G,미배당별도예치금,2934913658,국내증권사,B,SF205,각주항목(09.06월 이후)
27288,201709,0010113,유안타증권주식회사,H,배서어음매출(종금계정),0,국내증권사,B,SF205,각주항목(09.06월 이후)
27289,201709,0010113,유안타증권주식회사,H1,대출채권매매이익_담보부, ,국내증권사,B,SF205,각주항목(09.06월 이후)
27290,201709,0010113,유안타증권주식회사,H2,대출채권매매이익_무담보부,0,국내증권사,B,SF205,각주항목(09.06월 이후)
27291,201712,0010113,유안타증권주식회사,A,채무보증,439700000000,국내증권사,B,SF205,각주항목(09.06월 이후)
27292,201712,0010113,유안타증권주식회사,A1,채무보증_지급보증,1000000000,국내증권사,B,SF205,각주항목(09.06월 이후)
27293,201712,0010113,유안타증권주식회사,A2,채무보증_매입보장약정,14400000000,국내증권사,B,SF205,각주항목(09.06월 이후)
27294,201712,0010113,유안타증권주식회사,A3,채무보증_채무인수약정,0,국내증권사,B,SF205,각주항목(09.06월 이후)
27295,201712,0010113,유안타증권주식회사,A5,채무보증_매입확약,424300000000,국내증권사,B,SF205,각주항목(09.06월 이후)
27296,201712,0010113,유안타증권주식회사,A6,채무보증_기타, ,국내증권사,B,SF205,각주항목(09.06월 이후)
27297,201712,0010113,유안타증권주식회사,B,투자자의 예수증권 등,19950494852894,국내증권사,B,SF205,각주항목(09.06월 이후)
27298,201712,0010113,유안타증권주식회사,B1,투자자의 예수증권 등_예수 증권,19950494852894,국내증권사,B,SF205,각주항목(09.06월 이후)
27299,201712,0010113,유안타증권주식회사,B2,투자자의 예수증권 등_예수양도성예금증서,0,국내증권사,B,SF205,각주항목(09.06월 이후)
27300,201712,0010113,유안타증권주식회사,B3,투자자의 예수증권 등_기타,0,국내증권사,B,SF205,각주항목(09.06월 이후)
27301,201712,0010113,유안타증권주식회사,C,파생상품계약,13606309950160,국내증권사,B,SF205,각주항목(09.06월 이후)
27302,201712,0010113,유안타증권주식회사,C1,파생상품계약_장내파생상품,7504473439711,국내증권사,B,SF205,각주항목(09.06월 이후)
27303,201712,0010113,유안타증권주식회사,C11,파생상품계약_장내파생상품_이자율관련거래,637348010821,국내증권사,B,SF205,각주항목(09.06월 이후)
27304,201712,0010113,유안타증권주식회사,C12,파생상품계약_장내파생상품_통화관련거래,31077100000,국내증권사,B,SF205,각주항목(09.06월 이후)
27305,201712,0010113,유안타증권주식회사,C13,파생상품계약_장내파생상품_주식관련거래,6836048328890,국내증권사,B,SF205,각주항목(09.06월 이후)
27306,201712,0010113,유안타증권주식회사,C14,파생상품계약_장내파생상품_일반상품관련거래,0,국내증권사,B,SF205,각주항목(09.06월 이후)
27307,201712,0010113,유안타증권주식회사,C15,파생상품계약_장내파생상품_기타,0,국내증권사,B,SF205,각주항목(09.06월 이후)
27308,201712,0010113,유안타증권주식회사,C2,파생상품계약_장외파생상품,6101836510449,국내증권사,B,SF205,각주항목(09.06월 이후)
27309,201712,0010113,유안타증권주식회사,C21,파생상품계약_장외파생상품_이자율관련거래,3640905080953,국내증권사,B,SF205,각주항목(09.06월 이후)
27310,201712,0010113,유안타증권주식회사,C22,파생상품계약_장외파생상품_통화관련거래,942999560097,국내증권사,B,SF205,각주항목(09.06월 이후)
27311,201712,0010113,유안타증권주식회사,C23,파생상품계약_장외파생상품_주식관련거래,749374209399,국내증권사,B,SF205,각주항목(09.06월 이후)
27312,201712,0010113,유안타증권주식회사,C24,파생상품계약_장외파생상품_신용관련거래,739331060000,국내증권사,B,SF205,각주항목(09.06월 이후)
27313,201712,0010113,유안타증권주식회사,C25,파생상품계약_장외파생상품_기타,29226600000,국내증권사,B,SF205,각주항목(09.06월 이후)
27314,201712,0010113,유안타증권주식회사,D,대차 및 대주거래,654905701845,국내증권사,B,SF205,각주항목(09.06월 이후)
27315,201712,0010113,유안타증권주식회사,D1,대차 및 대주거래_대여증권,0,국내증권사,B,SF205,각주항목(09.06월 이후)
27316,201712,0010113,유안타증권주식회사,D2,대차 및 대주거래_차입증권,654905701845,국내증권사,B,SF205,각주항목(09.06월 이후)
27317,201712,0010113,유안타증권주식회사,D3,대차 및 대주거래_신용거래대주, ,국내증권사,B,SF205,각주항목(09.06월 이후)
27318,201712,0010113,유안타증권주식회사,E,대손상각채권,868584039327,국내증권사,B,SF205,각주항목(09.06월 이후)
27319,201712,0010113,유안타증권주식회사,F,환전업무 예치금,0,국내증권사,B,SF205,각주항목(09.06월 이후)
27320,201712,0010113,유안타증권주식회사,G,미배당별도예치금,3893186386,국내증권사,B,SF205,각주항목(09.06월 이후)
27321,201712,0010113,유안타증권주식회사,H,배서어음매출(종금계정),0,국내증권사,B,SF205,각주항목(09.06월 이후)
27322,201712,0010113,유안타증권주식회사,H1,대출채권매매이익_담보부, ,국내증권사,B,SF205,각주항목(09.06월 이후)
27323,201712,0010113,유안타증권주식회사,H2,대출채권매매이익_무담보부,0,국내증권사,B,SF205,각주항목(09.06월 이후)
27324,201803,0010113,유안타증권주식회사,A,채무보증,349600000000,국내증권사,B,SF205,각주항목(09.06월 이후)
27325,201803,0010113,유안타증권주식회사,A1,채무보증_지급보증,1000000000,국내증권사,B,SF205,각주항목(09.06월 이후)
27326,201803,0010113,유안타증권주식회사,A2,채무보증_매입보장약정,0,국내증권사,B,SF205,각주항목(09.06월 이후)
27327,201803,0010113,유안타증권주식회사,A3,채무보증_채무인수약정,0,국내증권사,B,SF205,각주항목(09.06월 이후)
27328,201803,0010113,유안타증권주식회사,A5,채무보증_매입확약,348600000000,국내증권사,B,SF205,각주항목(09.06월 이후)
27329,201803,0010113,유안타증권주식회사,A6,채무보증_기타, ,국내증권사,B,SF205,각주항목(09.06월 이후)
27330,201803,0010113,유안타증권주식회사,B,투자자의 예수증권 등,22312249789715,국내증권사,B,SF205,각주항목(09.06월 이후)
27331,201803,0010113,유안타증권주식회사,B1,투자자의 예수증권 등_예수 증권,22312249789715,국내증권사,B,SF205,각주항목(09.06월 이후)
27332,201803,0010113,유안타증권주식회사,B2,투자자의 예수증권 등_예수양도성예금증서,0,국내증권사,B,SF205,각주항목(09.06월 이후)
27333,201803,0010113,유안타증권주식회사,B3,투자자의 예수증권 등_기타,0,국내증권사,B,SF205,각주항목(09.06월 이후)
27334,201803,0010113,유안타증권주식회사,C,파생상품계약,14185187082390,국내증권사,B,SF205,각주항목(09.06월 이후)
27335,201803,0010113,유안타증권주식회사,C1,파생상품계약_장내파생상품,7585801633847,국내증권사,B,SF205,각주항목(09.06월 이후)
27336,201803,0010113,유안타증권주식회사,C11,파생상품계약_장내파생상품_이자율관련거래,538443183448,국내증권사,B,SF205,각주항목(09.06월 이후)
27337,201803,0010113,유안타증권주식회사,C12,파생상품계약_장내파생상품_통화관련거래,34214773000,국내증권사,B,SF205,각주항목(09.06월 이후)
27338,201803,0010113,유안타증권주식회사,C13,파생상품계약_장내파생상품_주식관련거래,7013143677399,국내증권사,B,SF205,각주항목(09.06월 이후)
27339,201803,0010113,유안타증권주식회사,C14,파생상품계약_장내파생상품_일반상품관련거래,0,국내증권사,B,SF205,각주항목(09.06월 이후)
27340,201803,0010113,유안타증권주식회사,C15,파생상품계약_장내파생상품_기타,0,국내증권사,B,SF205,각주항목(09.06월 이후)
27341,201803,0010113,유안타증권주식회사,C2,파생상품계약_장외파생상품,6599385448543,국내증권사,B,SF205,각주항목(09.06월 이후)
27342,201803,0010113,유안타증권주식회사,C21,파생상품계약_장외파생상품_이자율관련거래,4025546265664,국내증권사,B,SF205,각주항목(09.06월 이후)
27343,201803,0010113,유안타증권주식회사,C22,파생상품계약_장외파생상품_통화관련거래,962999441507,국내증권사,B,SF205,각주항목(09.06월 이후)
27344,201803,0010113,유안타증권주식회사,C23,파생상품계약_장외파생상품_주식관련거래,1033566851372,국내증권사,B,SF205,각주항목(09.06월 이후)
27345,201803,0010113,유안타증권주식회사,C24,파생상품계약_장외파생상품_신용관련거래,545605950000,국내증권사,B,SF205,각주항목(09.06월 이후)
27346,201803,0010113,유안타증권주식회사,C25,파생상품계약_장외파생상품_기타,31666940000,국내증권사,B,SF205,각주항목(09.06월 이후)
27347,201803,0010113,유안타증권주식회사,D,대차 및 대주거래,703153690958,국내증권사,B,SF205,각주항목(09.06월 이후)
27348,201803,0010113,유안타증권주식회사,D1,대차 및 대주거래_대여증권,0,국내증권사,B,SF205,각주항목(09.06월 이후)
27349,201803,0010113,유안타증권주식회사,D2,대차 및 대주거래_차입증권,703153690958,국내증권사,B,SF205,각주항목(09.06월 이후)
27350,201803,0010113,유안타증권주식회사,D3,대차 및 대주거래_신용거래대주, ,국내증권사,B,SF205,각주항목(09.06월 이후)
27351,201803,0010113,유안타증권주식회사,E,대손상각채권,868584039327,국내증권사,B,SF205,각주항목(09.06월 이후)
27352,201803,0010113,유안타증권주식회사,F,환전업무 예치금,0,국내증권사,B,SF205,각주항목(09.06월 이후)
27353,201803,0010113,유안타증권주식회사,G,미배당별도예치금,4377802478,국내증권사,B,SF205,각주항목(09.06월 이후)
27354,201803,0010113,유안타증권주식회사,H,배서어음매출(종금계정),0,국내증권사,B,SF205,각주항목(09.06월 이후)
27355,201803,0010113,유안타증권주식회사,H1,대출채권매매이익_담보부, ,국내증권사,B,SF205,각주항목(09.06월 이후)
27356,201803,0010113,유안타증권주식회사,H2,대출채권매매이익_무담보부,0,국내증권사,B,SF205,각주항목(09.06월 이후)
27357,201806,0010113,유안타증권주식회사,A,채무보증,444700000000,국내증권사,B,SF205,각주항목(09.06월 이후)
27358,201806,0010113,유안타증권주식회사,A1,채무보증_지급보증,100000000,국내증권사,B,SF205,각주항목(09.06월 이후)
27359,201806,0010113,유안타증권주식회사,A2,채무보증_매입보장약정,0,국내증권사,B,SF205,각주항목(09.06월 이후)
27360,201806,0010113,유안타증권주식회사,A3,채무보증_채무인수약정,0,국내증권사,B,SF205,각주항목(09.06월 이후)
27361,201806,0010113,유안타증권주식회사,A5,채무보증_매입확약,444600000000,국내증권사,B,SF205,각주항목(09.06월 이후)
27362,201806,0010113,유안타증권주식회사,A6,채무보증_기타, ,국내증권사,B,SF205,각주항목(09.06월 이후)
27363,201806,0010113,유안타증권주식회사,B,투자자의 예수증권 등,21428324895885,국내증권사,B,SF205,각주항목(09.06월 이후)
27364,201806,0010113,유안타증권주식회사,B1,투자자의 예수증권 등_예수 증권,21428324895885,국내증권사,B,SF205,각주항목(09.06월 이후)
27365,201806,0010113,유안타증권주식회사,B2,투자자의 예수증권 등_예수양도성예금증서,0,국내증권사,B,SF205,각주항목(09.06월 이후)
27366,201806,0010113,유안타증권주식회사,B3,투자자의 예수증권 등_기타,0,국내증권사,B,SF205,각주항목(09.06월 이후)
27367,201806,0010113,유안타증권주식회사,C,파생상품계약,14870933515689,국내증권사,B,SF205,각주항목(09.06월 이후)
27368,201806,0010113,유안타증권주식회사,C1,파생상품계약_장내파생상품,8321308269159,국내증권사,B,SF205,각주항목(09.06월 이후)
27369,201806,0010113,유안타증권주식회사,C11,파생상품계약_장내파생상품_이자율관련거래,720251790202,국내증권사,B,SF205,각주항목(09.06월 이후)
27370,201806,0010113,유안타증권주식회사,C12,파생상품계약_장내파생상품_통화관련거래,40019283000,국내증권사,B,SF205,각주항목(09.06월 이후)
27371,201806,0010113,유안타증권주식회사,C13,파생상품계약_장내파생상품_주식관련거래,7561037195957,국내증권사,B,SF205,각주항목(09.06월 이후)
27372,201806,0010113,유안타증권주식회사,C14,파생상품계약_장내파생상품_일반상품관련거래,0,국내증권사,B,SF205,각주항목(09.06월 이후)
27373,201806,0010113,유안타증권주식회사,C15,파생상품계약_장내파생상품_기타,0,국내증권사,B,SF205,각주항목(09.06월 이후)
27374,201806,0010113,유안타증권주식회사,C2,파생상품계약_장외파생상품,6549625246530,국내증권사,B,SF205,각주항목(09.06월 이후)
27375,201806,0010113,유안타증권주식회사,C21,파생상품계약_장외파생상품_이자율관련거래,3912884564835,국내증권사,B,SF205,각주항목(09.06월 이후)
27376,201806,0010113,유안타증권주식회사,C22,파생상품계약_장외파생상품_통화관련거래,877472232474,국내증권사,B,SF205,각주항목(09.06월 이후)
27377,201806,0010113,유안타증권주식회사,C23,파생상품계약_장외파생상품_주식관련거래,868525481441,국내증권사,B,SF205,각주항목(09.06월 이후)
27378,201806,0010113,유안타증권주식회사,C24,파생상품계약_장외파생상품_신용관련거래,857657027780,국내증권사,B,SF205,각주항목(09.06월 이후)
27379,201806,0010113,유안타증권주식회사,C25,파생상품계약_장외파생상품_기타,33085940000,국내증권사,B,SF205,각주항목(09.06월 이후)
27380,201806,0010113,유안타증권주식회사,D,대차 및 대주거래,549965356205,국내증권사,B,SF205,각주항목(09.06월 이후)
27381,201806,0010113,유안타증권주식회사,D1,대차 및 대주거래_대여증권,0,국내증권사,B,SF205,각주항목(09.06월 이후)
27382,201806,0010113,유안타증권주식회사,D2,대차 및 대주거래_차입증권,549965356205,국내증권사,B,SF205,각주항목(09.06월 이후)
27383,201806,0010113,유안타증권주식회사,D3,대차 및 대주거래_신용거래대주, ,국내증권사,B,SF205,각주항목(09.06월 이후)
27384,201806,0010113,유안타증권주식회사,E,대손상각채권,868712357183,국내증권사,B,SF205,각주항목(09.06월 이후)
27385,201806,0010113,유안타증권주식회사,F,환전업무 예치금,0,국내증권사,B,SF205,각주항목(09.06월 이후)
27386,201806,0010113,유안타증권주식회사,G,미배당별도예치금,4530279186,국내증권사,B,SF205,각주항목(09.06월 이후)
27387,201806,0010113,유안타증권주식회사,H,배서어음매출(종금계정),0,국내증권사,B,SF205,각주항목(09.06월 이후)
27388,201806,0010113,유안타증권주식회사,H1,대출채권매매이익_담보부, ,국내증권사,B,SF205,각주항목(09.06월 이후)
27389,201806,0010113,유안타증권주식회사,H2,대출채권매매이익_무담보부,0,국내증권사,B,SF205,각주항목(09.06월 이후)
27390,201809,0010113,유안타증권주식회사,A,채무보증,458800000000,국내증권사,B,SF205,각주항목(09.06월 이후)
27391,201809,0010113,유안타증권주식회사,A1,채무보증_지급보증,100000000,국내증권사,B,SF205,각주항목(09.06월 이후)
27392,201809,0010113,유안타증권주식회사,A2,채무보증_매입보장약정,0,국내증권사,B,SF205,각주항목(09.06월 이후)
27393,201809,0010113,유안타증권주식회사,A3,채무보증_채무인수약정,0,국내증권사,B,SF205,각주항목(09.06월 이후)
27394,201809,0010113,유안타증권주식회사,A5,채무보증_매입확약,458700000000,국내증권사,B,SF205,각주항목(09.06월 이후)
27395,201809,0010113,유안타증권주식회사,A6,채무보증_기타, ,국내증권사,B,SF205,각주항목(09.06월 이후)
27396,201809,0010113,유안타증권주식회사,B,투자자의 예수증권 등,21055407306131,국내증권사,B,SF205,각주항목(09.06월 이후)
27397,201809,0010113,유안타증권주식회사,B1,투자자의 예수증권 등_예수 증권,21055407306131,국내증권사,B,SF205,각주항목(09.06월 이후)
27398,201809,0010113,유안타증권주식회사,B2,투자자의 예수증권 등_예수양도성예금증서,0,국내증권사,B,SF205,각주항목(09.06월 이후)
27399,201809,0010113,유안타증권주식회사,B3,투자자의 예수증권 등_기타,0,국내증권사,B,SF205,각주항목(09.06월 이후)
27400,201809,0010113,유안타증권주식회사,C,파생상품계약,15317245299652,국내증권사,B,SF205,각주항목(09.06월 이후)
27401,201809,0010113,유안타증권주식회사,C1,파생상품계약_장내파생상품,8412952748790,국내증권사,B,SF205,각주항목(09.06월 이후)
27402,201809,0010113,유안타증권주식회사,C11,파생상품계약_장내파생상품_이자율관련거래,619139268300,국내증권사,B,SF205,각주항목(09.06월 이후)
27403,201809,0010113,유안타증권주식회사,C12,파생상품계약_장내파생상품_통화관련거래,41747895000,국내증권사,B,SF205,각주항목(09.06월 이후)
27404,201809,0010113,유안타증권주식회사,C13,파생상품계약_장내파생상품_주식관련거래,7752065585490,국내증권사,B,SF205,각주항목(09.06월 이후)
27405,201809,0010113,유안타증권주식회사,C14,파생상품계약_장내파생상품_일반상품관련거래,0,국내증권사,B,SF205,각주항목(09.06월 이후)
27406,201809,0010113,유안타증권주식회사,C15,파생상품계약_장내파생상품_기타,0,국내증권사,B,SF205,각주항목(09.06월 이후)
27407,201809,0010113,유안타증권주식회사,C2,파생상품계약_장외파생상품,6904292550862,국내증권사,B,SF205,각주항목(09.06월 이후)
27408,201809,0010113,유안타증권주식회사,C21,파생상품계약_장외파생상품_이자율관련거래,4128614600707,국내증권사,B,SF205,각주항목(09.06월 이후)
27409,201809,0010113,유안타증권주식회사,C22,파생상품계약_장외파생상품_통화관련거래,721822174939,국내증권사,B,SF205,각주항목(09.06월 이후)
27410,201809,0010113,유안타증권주식회사,C23,파생상품계약_장외파생상품_주식관련거래,909649706082,국내증권사,B,SF205,각주항목(09.06월 이후)
27411,201809,0010113,유안타증권주식회사,C24,파생상품계약_장외파생상품_신용관련거래,1109680029134,국내증권사,B,SF205,각주항목(09.06월 이후)
27412,201809,0010113,유안타증권주식회사,C25,파생상품계약_장외파생상품_기타,34526040000,국내증권사,B,SF205,각주항목(09.06월 이후)
27413,201809,0010113,유안타증권주식회사,D,대차 및 대주거래,615453358774,국내증권사,B,SF205,각주항목(09.06월 이후)
27414,201809,0010113,유안타증권주식회사,D1,대차 및 대주거래_대여증권,0,국내증권사,B,SF205,각주항목(09.06월 이후)
27415,201809,0010113,유안타증권주식회사,D2,대차 및 대주거래_차입증권,615453358774,국내증권사,B,SF205,각주항목(09.06월 이후)
27416,201809,0010113,유안타증권주식회사,D3,대차 및 대주거래_신용거래대주, ,국내증권사,B,SF205,각주항목(09.06월 이후)
27417,201809,0010113,유안타증권주식회사,E,대손상각채권,868712357183,국내증권사,B,SF205,각주항목(09.06월 이후)
27418,201809,0010113,유안타증권주식회사,F,환전업무 예치금,0,국내증권사,B,SF205,각주항목(09.06월 이후)
27419,201809,0010113,유안타증권주식회사,G,미배당별도예치금,3397392577,국내증권사,B,SF205,각주항목(09.06월 이후)
27420,201809,0010113,유안타증권주식회사,H,배서어음매출(종금계정),0,국내증권사,B,SF205,각주항목(09.06월 이후)
27421,201809,0010113,유안타증권주식회사,H1,대출채권매매이익_담보부, ,국내증권사,B,SF205,각주항목(09.06월 이후)
27422,201809,0010113,유안타증권주식회사,H2,대출채권매매이익_무담보부,0,국내증권사,B,SF205,각주항목(09.06월 이후)
27423,201812,0010113,유안타증권주식회사,A,채무보증,805500000000,국내증권사,B,SF205,각주항목(09.06월 이후)
27424,201812,0010113,유안타증권주식회사,A1,채무보증_지급보증,100000000,국내증권사,B,SF205,각주항목(09.06월 이후)
27425,201812,0010113,유안타증권주식회사,A2,채무보증_매입보장약정, ,국내증권사,B,SF205,각주항목(09.06월 이후)
27426,201812,0010113,유안타증권주식회사,A3,채무보증_채무인수약정,0,국내증권사,B,SF205,각주항목(09.06월 이후)
27427,201812,0010113,유안타증권주식회사,A5,채무보증_매입확약,615400000000,국내증권사,B,SF205,각주항목(09.06월 이후)
27428,201812,0010113,유안타증권주식회사,A6,채무보증_기타,190000000000,국내증권사,B,SF205,각주항목(09.06월 이후)
27429,201812,0010113,유안타증권주식회사,B,투자자의 예수증권 등,18792001707102,국내증권사,B,SF205,각주항목(09.06월 이후)
27430,201812,0010113,유안타증권주식회사,B1,투자자의 예수증권 등_예수 증권,18792001707102,국내증권사,B,SF205,각주항목(09.06월 이후)
27431,201812,0010113,유안타증권주식회사,B2,투자자의 예수증권 등_예수양도성예금증서,0,국내증권사,B,SF205,각주항목(09.06월 이후)
27432,201812,0010113,유안타증권주식회사,B3,투자자의 예수증권 등_기타,0,국내증권사,B,SF205,각주항목(09.06월 이후)
27433,201812,0010113,유안타증권주식회사,C,파생상품계약,13124341648347,국내증권사,B,SF205,각주항목(09.06월 이후)
27434,201812,0010113,유안타증권주식회사,C1,파생상품계약_장내파생상품,5845076281352,국내증권사,B,SF205,각주항목(09.06월 이후)
27435,201812,0010113,유안타증권주식회사,C11,파생상품계약_장내파생상품_이자율관련거래,985932902334,국내증권사,B,SF205,각주항목(09.06월 이후)
27436,201812,0010113,유안타증권주식회사,C12,파생상품계약_장내파생상품_통화관련거래,18561210000,국내증권사,B,SF205,각주항목(09.06월 이후)
27437,201812,0010113,유안타증권주식회사,C13,파생상품계약_장내파생상품_주식관련거래,4840582169018,국내증권사,B,SF205,각주항목(09.06월 이후)
27438,201812,0010113,유안타증권주식회사,C14,파생상품계약_장내파생상품_일반상품관련거래,0,국내증권사,B,SF205,각주항목(09.06월 이후)
27439,201812,0010113,유안타증권주식회사,C15,파생상품계약_장내파생상품_기타,0,국내증권사,B,SF205,각주항목(09.06월 이후)
27440,201812,0010113,유안타증권주식회사,C2,파생상품계약_장외파생상품,7279265366995,국내증권사,B,SF205,각주항목(09.06월 이후)
27441,201812,0010113,유안타증권주식회사,C21,파생상품계약_장외파생상품_이자율관련거래,4496830156750,국내증권사,B,SF205,각주항목(09.06월 이후)
27442,201812,0010113,유안타증권주식회사,C22,파생상품계약_장외파생상품_통화관련거래,581469519329,국내증권사,B,SF205,각주항목(09.06월 이후)
27443,201812,0010113,유안타증권주식회사,C23,파생상품계약_장외파생상품_주식관련거래,864818336195,국내증권사,B,SF205,각주항목(09.06월 이후)
27444,201812,0010113,유안타증권주식회사,C24,파생상품계약_장외파생상품_신용관련거래,1301321314721,국내증권사,B,SF205,각주항목(09.06월 이후)
27445,201812,0010113,유안타증권주식회사,C25,파생상품계약_장외파생상품_기타,34826040000,국내증권사,B,SF205,각주항목(09.06월 이후)
27446,201812,0010113,유안타증권주식회사,D,대차 및 대주거래,726293286142,국내증권사,B,SF205,각주항목(09.06월 이후)
27447,201812,0010113,유안타증권주식회사,D1,대차 및 대주거래_대여증권,0,국내증권사,B,SF205,각주항목(09.06월 이후)
27448,201812,0010113,유안타증권주식회사,D2,대차 및 대주거래_차입증권,726293286142,국내증권사,B,SF205,각주항목(09.06월 이후)
27449,201812,0010113,유안타증권주식회사,D3,대차 및 대주거래_신용거래대주, ,국내증권사,B,SF205,각주항목(09.06월 이후)
27450,201812,0010113,유안타증권주식회사,E,대손상각채권,869122484233,국내증권사,B,SF205,각주항목(09.06월 이후)
27451,201812,0010113,유안타증권주식회사,F,환전업무 예치금,0,국내증권사,B,SF205,각주항목(09.06월 이후)
27452,201812,0010113,유안타증권주식회사,G,미배당별도예치금,4319390717,국내증권사,B,SF205,각주항목(09.06월 이후)
27453,201812,0010113,유안타증권주식회사,H,배서어음매출(종금계정),0,국내증권사,B,SF205,각주항목(09.06월 이후)
27454,201812,0010113,유안타증권주식회사,H1,대출채권매매이익_담보부, ,국내증권사,B,SF205,각주항목(09.06월 이후)
27455,201812,0010113,유안타증권주식회사,H2,대출채권매매이익_무담보부,0,국내증권사,B,SF205,각주항목(09.06월 이후)
27456,201903,0010113,유안타증권주식회사,A,채무보증,894600000000,국내증권사,B,SF205,각주항목(09.06월 이후)
27457,201903,0010113,유안타증권주식회사,A1,채무보증_지급보증,100000000,국내증권사,B,SF205,각주항목(09.06월 이후)
27458,201903,0010113,유안타증권주식회사,A2,채무보증_매입보장약정,190000000000,국내증권사,B,SF205,각주항목(09.06월 이후)
27459,201903,0010113,유안타증권주식회사,A3,채무보증_채무인수약정,0,국내증권사,B,SF205,각주항목(09.06월 이후)
27460,201903,0010113,유안타증권주식회사,A5,채무보증_매입확약,704500000000,국내증권사,B,SF205,각주항목(09.06월 이후)
27461,201903,0010113,유안타증권주식회사,A6,채무보증_기타, ,국내증권사,B,SF205,각주항목(09.06월 이후)
27462,201903,0010113,유안타증권주식회사,B,투자자의 예수증권 등,20693424829583,국내증권사,B,SF205,각주항목(09.06월 이후)
27463,201903,0010113,유안타증권주식회사,B1,투자자의 예수증권 등_예수 증권,20693424829583,국내증권사,B,SF205,각주항목(09.06월 이후)
27464,201903,0010113,유안타증권주식회사,B2,투자자의 예수증권 등_예수양도성예금증서,0,국내증권사,B,SF205,각주항목(09.06월 이후)
27465,201903,0010113,유안타증권주식회사,B3,투자자의 예수증권 등_기타,0,국내증권사,B,SF205,각주항목(09.06월 이후)
27466,201903,0010113,유안타증권주식회사,C,파생상품계약,13693461236989,국내증권사,B,SF205,각주항목(09.06월 이후)
27467,201903,0010113,유안타증권주식회사,C1,파생상품계약_장내파생상품,6403533715292,국내증권사,B,SF205,각주항목(09.06월 이후)
27468,201903,0010113,유안타증권주식회사,C11,파생상품계약_장내파생상품_이자율관련거래,1470688728482,국내증권사,B,SF205,각주항목(09.06월 이후)
27469,201903,0010113,유안타증권주식회사,C12,파생상품계약_장내파생상품_통화관련거래,26779839000,국내증권사,B,SF205,각주항목(09.06월 이후)
27470,201903,0010113,유안타증권주식회사,C13,파생상품계약_장내파생상품_주식관련거래,4906065147810,국내증권사,B,SF205,각주항목(09.06월 이후)
27471,201903,0010113,유안타증권주식회사,C14,파생상품계약_장내파생상품_일반상품관련거래,0,국내증권사,B,SF205,각주항목(09.06월 이후)
27472,201903,0010113,유안타증권주식회사,C15,파생상품계약_장내파생상품_기타,0,국내증권사,B,SF205,각주항목(09.06월 이후)
27473,201903,0010113,유안타증권주식회사,C2,파생상품계약_장외파생상품,7289927521697,국내증권사,B,SF205,각주항목(09.06월 이후)
27474,201903,0010113,유안타증권주식회사,C21,파생상품계약_장외파생상품_이자율관련거래,4388378781976,국내증권사,B,SF205,각주항목(09.06월 이후)
27475,201903,0010113,유안타증권주식회사,C22,파생상품계약_장외파생상품_통화관련거래,627187510461,국내증권사,B,SF205,각주항목(09.06월 이후)
27476,201903,0010113,유안타증권주식회사,C23,파생상품계약_장외파생상품_주식관련거래,906385486747,국내증권사,B,SF205,각주항목(09.06월 이후)
27477,201903,0010113,유안타증권주식회사,C24,파생상품계약_장외파생상품_신용관련거래,1330193602513,국내증권사,B,SF205,각주항목(09.06월 이후)
27478,201903,0010113,유안타증권주식회사,C25,파생상품계약_장외파생상품_기타,37782140000,국내증권사,B,SF205,각주항목(09.06월 이후)
27479,201903,0010113,유안타증권주식회사,D,대차 및 대주거래,673854888222,국내증권사,B,SF205,각주항목(09.06월 이후)
27480,201903,0010113,유안타증권주식회사,D1,대차 및 대주거래_대여증권,0,국내증권사,B,SF205,각주항목(09.06월 이후)
27481,201903,0010113,유안타증권주식회사,D2,대차 및 대주거래_차입증권,673854888222,국내증권사,B,SF205,각주항목(09.06월 이후)
27482,201903,0010113,유안타증권주식회사,D3,대차 및 대주거래_신용거래대주, ,국내증권사,B,SF205,각주항목(09.06월 이후)
27483,201903,0010113,유안타증권주식회사,E,대손상각채권,869122484233,국내증권사,B,SF205,각주항목(09.06월 이후)
27484,201903,0010113,유안타증권주식회사,F,환전업무 예치금,0,국내증권사,B,SF205,각주항목(09.06월 이후)
27485,201903,0010113,유안타증권주식회사,G,미배당별도예치금,4862015404,국내증권사,B,SF205,각주항목(09.06월 이후)
27486,201903,0010113,유안타증권주식회사,H,배서어음매출(종금계정),0,국내증권사,B,SF205,각주항목(09.06월 이후)
27487,201903,0010113,유안타증권주식회사,H1,대출채권매매이익_담보부, ,국내증권사,B,SF205,각주항목(09.06월 이후)
27488,201903,0010113,유안타증권주식회사,H2,대출채권매매이익_무담보부,0,국내증권사,B,SF205,각주항목(09.06월 이후)
27489,201906,0010113,유안타증권주식회사,A,채무보증,900142400000,국내증권사,B,SF205,각주항목(09.06월 이후)
27490,201906,0010113,유안타증권주식회사,A1,채무보증_지급보증,100000000,국내증권사,B,SF205,각주항목(09.06월 이후)
27491,201906,0010113,유안타증권주식회사,A2,채무보증_매입보장약정,239742400000,국내증권사,B,SF205,각주항목(09.06월 이후)
27492,201906,0010113,유안타증권주식회사,A3,채무보증_채무인수약정,0,국내증권사,B,SF205,각주항목(09.06월 이후)
27493,201906,0010113,유안타증권주식회사,A5,채무보증_매입확약,640300000000,국내증권사,B,SF205,각주항목(09.06월 이후)
27494,201906,0010113,유안타증권주식회사,A6,채무보증_기타,20000000000,국내증권사,B,SF205,각주항목(09.06월 이후)
27495,201906,0010113,유안타증권주식회사,B,투자자의 예수증권 등,20151615181468,국내증권사,B,SF205,각주항목(09.06월 이후)
27496,201906,0010113,유안타증권주식회사,B1,투자자의 예수증권 등_예수 증권,20151615181468,국내증권사,B,SF205,각주항목(09.06월 이후)
27497,201906,0010113,유안타증권주식회사,B2,투자자의 예수증권 등_예수양도성예금증서,0,국내증권사,B,SF205,각주항목(09.06월 이후)
27498,201906,0010113,유안타증권주식회사,B3,투자자의 예수증권 등_기타,0,국내증권사,B,SF205,각주항목(09.06월 이후)
27499,201906,0010113,유안타증권주식회사,C,파생상품계약,14321047310976,국내증권사,B,SF205,각주항목(09.06월 이후)
27500,201906,0010113,유안타증권주식회사,C1,파생상품계약_장내파생상품,6505825488960,국내증권사,B,SF205,각주항목(09.06월 이후)
27501,201906,0010113,유안타증권주식회사,C11,파생상품계약_장내파생상품_이자율관련거래,1884368599498,국내증권사,B,SF205,각주항목(09.06월 이후)
27502,201906,0010113,유안타증권주식회사,C12,파생상품계약_장내파생상품_통화관련거래,27605050000,국내증권사,B,SF205,각주항목(09.06월 이후)
27503,201906,0010113,유안타증권주식회사,C13,파생상품계약_장내파생상품_주식관련거래,4593851839462,국내증권사,B,SF205,각주항목(09.06월 이후)
27504,201906,0010113,유안타증권주식회사,C14,파생상품계약_장내파생상품_일반상품관련거래,0,국내증권사,B,SF205,각주항목(09.06월 이후)
27505,201906,0010113,유안타증권주식회사,C15,파생상품계약_장내파생상품_기타,0,국내증권사,B,SF205,각주항목(09.06월 이후)
27506,201906,0010113,유안타증권주식회사,C2,파생상품계약_장외파생상품,7815221822016,국내증권사,B,SF205,각주항목(09.06월 이후)
27507,201906,0010113,유안타증권주식회사,C21,파생상품계약_장외파생상품_이자율관련거래,4824225918968,국내증권사,B,SF205,각주항목(09.06월 이후)
27508,201906,0010113,유안타증권주식회사,C22,파생상품계약_장외파생상품_통화관련거래,539764802454,국내증권사,B,SF205,각주항목(09.06월 이후)
27509,201906,0010113,유안타증권주식회사,C23,파생상품계약_장외파생상품_주식관련거래,1065682184594,국내증권사,B,SF205,각주항목(09.06월 이후)
27510,201906,0010113,유안타증권주식회사,C24,파생상품계약_장외파생상품_신용관련거래,1335096576000,국내증권사,B,SF205,각주항목(09.06월 이후)
27511,201906,0010113,유안타증권주식회사,C25,파생상품계약_장외파생상품_기타,50452340000,국내증권사,B,SF205,각주항목(09.06월 이후)
27512,201906,0010113,유안타증권주식회사,D,대차 및 대주거래,552777715354,국내증권사,B,SF205,각주항목(09.06월 이후)
27513,201906,0010113,유안타증권주식회사,D1,대차 및 대주거래_대여증권,0,국내증권사,B,SF205,각주항목(09.06월 이후)
27514,201906,0010113,유안타증권주식회사,D2,대차 및 대주거래_차입증권,552777715354,국내증권사,B,SF205,각주항목(09.06월 이후)
27515,201906,0010113,유안타증권주식회사,D3,대차 및 대주거래_신용거래대주, ,국내증권사,B,SF205,각주항목(09.06월 이후)
27516,201906,0010113,유안타증권주식회사,E,대손상각채권,869122484233,국내증권사,B,SF205,각주항목(09.06월 이후)
27517,201906,0010113,유안타증권주식회사,F,환전업무 예치금,0,국내증권사,B,SF205,각주항목(09.06월 이후)
27518,201906,0010113,유안타증권주식회사,G,미배당별도예치금,5214767837,국내증권사,B,SF205,각주항목(09.06월 이후)
27519,201906,0010113,유안타증권주식회사,H,배서어음매출(종금계정),0,국내증권사,B,SF205,각주항목(09.06월 이후)
27520,201906,0010113,유안타증권주식회사,H1,대출채권매매이익_담보부, ,국내증권사,B,SF205,각주항목(09.06월 이후)
27521,201906,0010113,유안타증권주식회사,H2,대출채권매매이익_무담보부,0,국내증권사,B,SF205,각주항목(09.06월 이후)
27522,201909,0010113,유안타증권주식회사,A,채무보증,1048155900000,국내증권사,B,SF205,각주항목(09.06월 이후)
27523,201909,0010113,유안타증권주식회사,A1,채무보증_지급보증,100000000,국내증권사,B,SF205,각주항목(09.06월 이후)
27524,201909,0010113,유안타증권주식회사,A2,채무보증_매입보장약정,241655900000,국내증권사,B,SF205,각주항목(09.06월 이후)
27525,201909,0010113,유안타증권주식회사,A3,채무보증_채무인수약정,0,국내증권사,B,SF205,각주항목(09.06월 이후)
27526,201909,0010113,유안타증권주식회사,A5,채무보증_매입확약,786400000000,국내증권사,B,SF205,각주항목(09.06월 이후)
27527,201909,0010113,유안타증권주식회사,A6,채무보증_기타,20000000000,국내증권사,B,SF205,각주항목(09.06월 이후)
27528,201909,0010113,유안타증권주식회사,B,투자자의 예수증권 등,19708697178141,국내증권사,B,SF205,각주항목(09.06월 이후)
27529,201909,0010113,유안타증권주식회사,B1,투자자의 예수증권 등_예수 증권,19708697178141,국내증권사,B,SF205,각주항목(09.06월 이후)
27530,201909,0010113,유안타증권주식회사,B2,투자자의 예수증권 등_예수양도성예금증서,0,국내증권사,B,SF205,각주항목(09.06월 이후)
27531,201909,0010113,유안타증권주식회사,B3,투자자의 예수증권 등_기타,0,국내증권사,B,SF205,각주항목(09.06월 이후)
27532,201909,0010113,유안타증권주식회사,C,파생상품계약,14377971623519,국내증권사,B,SF205,각주항목(09.06월 이후)
27533,201909,0010113,유안타증권주식회사,C1,파생상품계약_장내파생상품,6439911437833,국내증권사,B,SF205,각주항목(09.06월 이후)
27534,201909,0010113,유안타증권주식회사,C11,파생상품계약_장내파생상품_이자율관련거래,1237139106503,국내증권사,B,SF205,각주항목(09.06월 이후)
27535,201909,0010113,유안타증권주식회사,C12,파생상품계약_장내파생상품_통화관련거래,22971998000,국내증권사,B,SF205,각주항목(09.06월 이후)
27536,201909,0010113,유안타증권주식회사,C13,파생상품계약_장내파생상품_주식관련거래,5179800333330,국내증권사,B,SF205,각주항목(09.06월 이후)
27537,201909,0010113,유안타증권주식회사,C14,파생상품계약_장내파생상품_일반상품관련거래,0,국내증권사,B,SF205,각주항목(09.06월 이후)
27538,201909,0010113,유안타증권주식회사,C15,파생상품계약_장내파생상품_기타,0,국내증권사,B,SF205,각주항목(09.06월 이후)
27539,201909,0010113,유안타증권주식회사,C2,파생상품계약_장외파생상품,7938060185686,국내증권사,B,SF205,각주항목(09.06월 이후)
27540,201909,0010113,유안타증권주식회사,C21,파생상품계약_장외파생상품_이자율관련거래,4957492463794,국내증권사,B,SF205,각주항목(09.06월 이후)
27541,201909,0010113,유안타증권주식회사,C22,파생상품계약_장외파생상품_통화관련거래,488604155052,국내증권사,B,SF205,각주항목(09.06월 이후)
27542,201909,0010113,유안타증권주식회사,C23,파생상품계약_장외파생상품_주식관련거래,1036792960840,국내증권사,B,SF205,각주항목(09.06월 이후)
27543,201909,0010113,유안타증권주식회사,C24,파생상품계약_장외파생상품_신용관련거래,1384528066000,국내증권사,B,SF205,각주항목(09.06월 이후)
27544,201909,0010113,유안타증권주식회사,C25,파생상품계약_장외파생상품_기타,70642540000,국내증권사,B,SF205,각주항목(09.06월 이후)
27545,201909,0010113,유안타증권주식회사,D,대차 및 대주거래,462584081660,국내증권사,B,SF205,각주항목(09.06월 이후)
27546,201909,0010113,유안타증권주식회사,D1,대차 및 대주거래_대여증권,0,국내증권사,B,SF205,각주항목(09.06월 이후)
27547,201909,0010113,유안타증권주식회사,D2,대차 및 대주거래_차입증권,462584081660,국내증권사,B,SF205,각주항목(09.06월 이후)
27548,201909,0010113,유안타증권주식회사,D3,대차 및 대주거래_신용거래대주, ,국내증권사,B,SF205,각주항목(09.06월 이후)
27549,201909,0010113,유안타증권주식회사,E,대손상각채권,869122484233,국내증권사,B,SF205,각주항목(09.06월 이후)
27550,201909,0010113,유안타증권주식회사,F,환전업무 예치금,0,국내증권사,B,SF205,각주항목(09.06월 이후)
27551,201909,0010113,유안타증권주식회사,G,미배당별도예치금,3121635632,국내증권사,B,SF205,각주항목(09.06월 이후)
27552,201909,0010113,유안타증권주식회사,H,배서어음매출(종금계정),0,국내증권사,B,SF205,각주항목(09.06월 이후)
27553,201909,0010113,유안타증권주식회사,H1,대출채권매매이익_담보부, ,국내증권사,B,SF205,각주항목(09.06월 이후)
27554,201909,0010113,유안타증권주식회사,H2,대출채권매매이익_무담보부,0,국내증권사,B,SF205,각주항목(09.06월 이후)
27555,201912,0010113,유안타증권주식회사,A,채무보증,991700000000,국내증권사,B,SF205,각주항목(09.06월 이후)
27556,201912,0010113,유안타증권주식회사,A1,채무보증_지급보증,100000000,국내증권사,B,SF205,각주항목(09.06월 이후)
27557,201912,0010113,유안타증권주식회사,A2,채무보증_매입보장약정,190000000000,국내증권사,B,SF205,각주항목(09.06월 이후)
27558,201912,0010113,유안타증권주식회사,A3,채무보증_채무인수약정,0,국내증권사,B,SF205,각주항목(09.06월 이후)
27559,201912,0010113,유안타증권주식회사,A5,채무보증_매입확약,801600000000,국내증권사,B,SF205,각주항목(09.06월 이후)
27560,201912,0010113,유안타증권주식회사,A6,채무보증_기타,0,국내증권사,B,SF205,각주항목(09.06월 이후)
27561,201912,0010113,유안타증권주식회사,B,투자자의 예수증권 등,20722671090980,국내증권사,B,SF205,각주항목(09.06월 이후)
27562,201912,0010113,유안타증권주식회사,B1,투자자의 예수증권 등_예수 증권,20722671090980,국내증권사,B,SF205,각주항목(09.06월 이후)
27563,201912,0010113,유안타증권주식회사,B2,투자자의 예수증권 등_예수양도성예금증서,0,국내증권사,B,SF205,각주항목(09.06월 이후)
27564,201912,0010113,유안타증권주식회사,B3,투자자의 예수증권 등_기타,0,국내증권사,B,SF205,각주항목(09.06월 이후)
27565,201912,0010113,유안타증권주식회사,C,파생상품계약,10419005617165,국내증권사,B,SF205,각주항목(09.06월 이후)
27566,201912,0010113,유안타증권주식회사,C1,파생상품계약_장내파생상품,3446063895777,국내증권사,B,SF205,각주항목(09.06월 이후)
27567,201912,0010113,유안타증권주식회사,C11,파생상품계약_장내파생상품_이자율관련거래,333492080275,국내증권사,B,SF205,각주항목(09.06월 이후)
27568,201912,0010113,유안타증권주식회사,C12,파생상품계약_장내파생상품_통화관련거래,22753439000,국내증권사,B,SF205,각주항목(09.06월 이후)
27569,201912,0010113,유안타증권주식회사,C13,파생상품계약_장내파생상품_주식관련거래,3089818376502,국내증권사,B,SF205,각주항목(09.06월 이후)
27570,201912,0010113,유안타증권주식회사,C14,파생상품계약_장내파생상품_일반상품관련거래,0,국내증권사,B,SF205,각주항목(09.06월 이후)
27571,201912,0010113,유안타증권주식회사,C15,파생상품계약_장내파생상품_기타,0,국내증권사,B,SF205,각주항목(09.06월 이후)
27572,201912,0010113,유안타증권주식회사,C2,파생상품계약_장외파생상품,6972941721388,국내증권사,B,SF205,각주항목(09.06월 이후)
27573,201912,0010113,유안타증권주식회사,C21,파생상품계약_장외파생상품_이자율관련거래,3779395111325,국내증권사,B,SF205,각주항목(09.06월 이후)
27574,201912,0010113,유안타증권주식회사,C22,파생상품계약_장외파생상품_통화관련거래,564862036797,국내증권사,B,SF205,각주항목(09.06월 이후)
27575,201912,0010113,유안타증권주식회사,C23,파생상품계약_장외파생상품_주식관련거래,975157937266,국내증권사,B,SF205,각주항목(09.06월 이후)
27576,201912,0010113,유안타증권주식회사,C24,파생상품계약_장외파생상품_신용관련거래,1535348996000,국내증권사,B,SF205,각주항목(09.06월 이후)
27577,201912,0010113,유안타증권주식회사,C25,파생상품계약_장외파생상품_기타,118177640000,국내증권사,B,SF205,각주항목(09.06월 이후)
27578,201912,0010113,유안타증권주식회사,D,대차 및 대주거래,720946308446,국내증권사,B,SF205,각주항목(09.06월 이후)
27579,201912,0010113,유안타증권주식회사,D1,대차 및 대주거래_대여증권,0,국내증권사,B,SF205,각주항목(09.06월 이후)
27580,201912,0010113,유안타증권주식회사,D2,대차 및 대주거래_차입증권,720946308446,국내증권사,B,SF205,각주항목(09.06월 이후)
27581,201912,0010113,유안타증권주식회사,D3,대차 및 대주거래_신용거래대주, ,국내증권사,B,SF205,각주항목(09.06월 이후)
27582,201912,0010113,유안타증권주식회사,E,대손상각채권,869122484233,국내증권사,B,SF205,각주항목(09.06월 이후)
27583,201912,0010113,유안타증권주식회사,F,환전업무 예치금,0,국내증권사,B,SF205,각주항목(09.06월 이후)
27584,201912,0010113,유안타증권주식회사,G,미배당별도예치금,3205710262,국내증권사,B,SF205,각주항목(09.06월 이후)
27585,201912,0010113,유안타증권주식회사,H,배서어음매출(종금계정),0,국내증권사,B,SF205,각주항목(09.06월 이후)
27586,201912,0010113,유안타증권주식회사,H1,대출채권매매이익_담보부, ,국내증권사,B,SF205,각주항목(09.06월 이후)
27587,201912,0010113,유안타증권주식회사,H2,대출채권매매이익_무담보부,0,국내증권사,B,SF205,각주항목(09.06월 이후)
27588,202003,0010113,유안타증권주식회사,A,채무보증,788500000000,국내증권사,B,SF205,각주항목(09.06월 이후)
27589,202003,0010113,유안타증권주식회사,A1,채무보증_지급보증,100000000,국내증권사,B,SF205,각주항목(09.06월 이후)
27590,202003,0010113,유안타증권주식회사,A2,채무보증_매입보장약정,7000000000,국내증권사,B,SF205,각주항목(09.06월 이후)
27591,202003,0010113,유안타증권주식회사,A3,채무보증_채무인수약정,0,국내증권사,B,SF205,각주항목(09.06월 이후)
27592,202003,0010113,유안타증권주식회사,A5,채무보증_매입확약,781400000000,국내증권사,B,SF205,각주항목(09.06월 이후)
27593,202003,0010113,유안타증권주식회사,A6,채무보증_기타,0,국내증권사,B,SF205,각주항목(09.06월 이후)
27594,202003,0010113,유안타증권주식회사,B,투자자의 예수증권 등,19869598843247,국내증권사,B,SF205,각주항목(09.06월 이후)
27595,202003,0010113,유안타증권주식회사,B1,투자자의 예수증권 등_예수 증권,19869598843247,국내증권사,B,SF205,각주항목(09.06월 이후)
27596,202003,0010113,유안타증권주식회사,B2,투자자의 예수증권 등_예수양도성예금증서,0,국내증권사,B,SF205,각주항목(09.06월 이후)
27597,202003,0010113,유안타증권주식회사,B3,투자자의 예수증권 등_기타,0,국내증권사,B,SF205,각주항목(09.06월 이후)
27598,202003,0010113,유안타증권주식회사,C,파생상품계약,11414708731816,국내증권사,B,SF205,각주항목(09.06월 이후)
27599,202003,0010113,유안타증권주식회사,C1,파생상품계약_장내파생상품,4103206334686,국내증권사,B,SF205,각주항목(09.06월 이후)
27600,202003,0010113,유안타증권주식회사,C11,파생상품계약_장내파생상품_이자율관련거래,861918456431,국내증권사,B,SF205,각주항목(09.06월 이후)
27601,202003,0010113,유안타증권주식회사,C12,파생상품계약_장내파생상품_통화관련거래,45971710000,국내증권사,B,SF205,각주항목(09.06월 이후)
27602,202003,0010113,유안타증권주식회사,C13,파생상품계약_장내파생상품_주식관련거래,3195316168255,국내증권사,B,SF205,각주항목(09.06월 이후)
27603,202003,0010113,유안타증권주식회사,C14,파생상품계약_장내파생상품_일반상품관련거래,0,국내증권사,B,SF205,각주항목(09.06월 이후)
27604,202003,0010113,유안타증권주식회사,C15,파생상품계약_장내파생상품_기타,0,국내증권사,B,SF205,각주항목(09.06월 이후)
27605,202003,0010113,유안타증권주식회사,C2,파생상품계약_장외파생상품,7311502397130,국내증권사,B,SF205,각주항목(09.06월 이후)
27606,202003,0010113,유안타증권주식회사,C21,파생상품계약_장외파생상품_이자율관련거래,3775024753395,국내증권사,B,SF205,각주항목(09.06월 이후)
27607,202003,0010113,유안타증권주식회사,C22,파생상품계약_장외파생상품_통화관련거래,738163154087,국내증권사,B,SF205,각주항목(09.06월 이후)
27608,202003,0010113,유안타증권주식회사,C23,파생상품계약_장외파생상품_주식관련거래,855722917648,국내증권사,B,SF205,각주항목(09.06월 이후)
27609,202003,0010113,유안타증권주식회사,C24,파생상품계약_장외파생상품_신용관련거래,1818982132000,국내증권사,B,SF205,각주항목(09.06월 이후)
27610,202003,0010113,유안타증권주식회사,C25,파생상품계약_장외파생상품_기타,123609440000,국내증권사,B,SF205,각주항목(09.06월 이후)
27611,202003,0010113,유안타증권주식회사,D,대차 및 대주거래,524112067934,국내증권사,B,SF205,각주항목(09.06월 이후)
27612,202003,0010113,유안타증권주식회사,D1,대차 및 대주거래_대여증권,0,국내증권사,B,SF205,각주항목(09.06월 이후)
27613,202003,0010113,유안타증권주식회사,D2,대차 및 대주거래_차입증권,524112067934,국내증권사,B,SF205,각주항목(09.06월 이후)
27614,202003,0010113,유안타증권주식회사,D3,대차 및 대주거래_신용거래대주, ,국내증권사,B,SF205,각주항목(09.06월 이후)
27615,202003,0010113,유안타증권주식회사,E,대손상각채권,869122484233,국내증권사,B,SF205,각주항목(09.06월 이후)
27616,202003,0010113,유안타증권주식회사,F,환전업무 예치금,0,국내증권사,B,SF205,각주항목(09.06월 이후)
27617,202003,0010113,유안타증권주식회사,G,미배당별도예치금,3381099133,국내증권사,B,SF205,각주항목(09.06월 이후)
27618,202003,0010113,유안타증권주식회사,H,배서어음매출(종금계정),0,국내증권사,B,SF205,각주항목(09.06월 이후)
27619,202003,0010113,유안타증권주식회사,H1,대출채권매매이익_담보부, ,국내증권사,B,SF205,각주항목(09.06월 이후)
27620,202003,0010113,유안타증권주식회사,H2,대출채권매매이익_무담보부,0,국내증권사,B,SF205,각주항목(09.06월 이후)
27621,202006,0010113,유안타증권주식회사,A,채무보증,839268647300,국내증권사,B,SF205,각주항목(09.06월 이후)
27622,202006,0010113,유안타증권주식회사,A1,채무보증_지급보증,100000000,국내증권사,B,SF205,각주항목(09.06월 이후)
27623,202006,0010113,유안타증권주식회사,A2,채무보증_매입보장약정,0,국내증권사,B,SF205,각주항목(09.06월 이후)
27624,202006,0010113,유안타증권주식회사,A3,채무보증_채무인수약정,0,국내증권사,B,SF205,각주항목(09.06월 이후)
27625,202006,0010113,유안타증권주식회사,A5,채무보증_매입확약,839168647300,국내증권사,B,SF205,각주항목(09.06월 이후)
27626,202006,0010113,유안타증권주식회사,A6,채무보증_기타,0,국내증권사,B,SF205,각주항목(09.06월 이후)
27627,202006,0010113,유안타증권주식회사,B,투자자의 예수증권 등,23863220011118,국내증권사,B,SF205,각주항목(09.06월 이후)
27628,202006,0010113,유안타증권주식회사,B1,투자자의 예수증권 등_예수 증권,23863220011118,국내증권사,B,SF205,각주항목(09.06월 이후)
27629,202006,0010113,유안타증권주식회사,B2,투자자의 예수증권 등_예수양도성예금증서,0,국내증권사,B,SF205,각주항목(09.06월 이후)
27630,202006,0010113,유안타증권주식회사,B3,투자자의 예수증권 등_기타,0,국내증권사,B,SF205,각주항목(09.06월 이후)
27631,202006,0010113,유안타증권주식회사,C,파생상품계약,10256599279473,국내증권사,B,SF205,각주항목(09.06월 이후)
27632,202006,0010113,유안타증권주식회사,C1,파생상품계약_장내파생상품,3055434280782,국내증권사,B,SF205,각주항목(09.06월 이후)
27633,202006,0010113,유안타증권주식회사,C11,파생상품계약_장내파생상품_이자율관련거래,1253801479746,국내증권사,B,SF205,각주항목(09.06월 이후)
27634,202006,0010113,유안타증권주식회사,C12,파생상품계약_장내파생상품_통화관련거래,33566204000,국내증권사,B,SF205,각주항목(09.06월 이후)
27635,202006,0010113,유안타증권주식회사,C13,파생상품계약_장내파생상품_주식관련거래,1768066597036,국내증권사,B,SF205,각주항목(09.06월 이후)
27636,202006,0010113,유안타증권주식회사,C14,파생상품계약_장내파생상품_일반상품관련거래,0,국내증권사,B,SF205,각주항목(09.06월 이후)
27637,202006,0010113,유안타증권주식회사,C15,파생상품계약_장내파생상품_기타,0,국내증권사,B,SF205,각주항목(09.06월 이후)
27638,202006,0010113,유안타증권주식회사,C2,파생상품계약_장외파생상품,7201164998691,국내증권사,B,SF205,각주항목(09.06월 이후)
27639,202006,0010113,유안타증권주식회사,C21,파생상품계약_장외파생상품_이자율관련거래,3659736650000,국내증권사,B,SF205,각주항목(09.06월 이후)
27640,202006,0010113,유안타증권주식회사,C22,파생상품계약_장외파생상품_통화관련거래,715311483133,국내증권사,B,SF205,각주항목(09.06월 이후)
27641,202006,0010113,유안타증권주식회사,C23,파생상품계약_장외파생상품_주식관련거래,951989651558,국내증권사,B,SF205,각주항목(09.06월 이후)
27642,202006,0010113,유안타증권주식회사,C24,파생상품계약_장외파생상품_신용관련거래,1771303774000,국내증권사,B,SF205,각주항목(09.06월 이후)
27643,202006,0010113,유안타증권주식회사,C25,파생상품계약_장외파생상품_기타,102823440000,국내증권사,B,SF205,각주항목(09.06월 이후)
27644,202006,0010113,유안타증권주식회사,D,대차 및 대주거래,584667069897,국내증권사,B,SF205,각주항목(09.06월 이후)
27645,202006,0010113,유안타증권주식회사,D1,대차 및 대주거래_대여증권,0,국내증권사,B,SF205,각주항목(09.06월 이후)
27646,202006,0010113,유안타증권주식회사,D2,대차 및 대주거래_차입증권,584667069897,국내증권사,B,SF205,각주항목(09.06월 이후)
27647,202006,0010113,유안타증권주식회사,D3,대차 및 대주거래_신용거래대주, ,국내증권사,B,SF205,각주항목(09.06월 이후)
27648,202006,0010113,유안타증권주식회사,E,대손상각채권,869122484233,국내증권사,B,SF205,각주항목(09.06월 이후)
27649,202006,0010113,유안타증권주식회사,F,환전업무 예치금,0,국내증권사,B,SF205,각주항목(09.06월 이후)
27650,202006,0010113,유안타증권주식회사,G,미배당별도예치금,2903221862,국내증권사,B,SF205,각주항목(09.06월 이후)
27651,202006,0010113,유안타증권주식회사,H,배서어음매출(종금계정),0,국내증권사,B,SF205,각주항목(09.06월 이후)
27652,202006,0010113,유안타증권주식회사,H1,대출채권매매이익_담보부, ,국내증권사,B,SF205,각주항목(09.06월 이후)
27653,202006,0010113,유안타증권주식회사,H2,대출채권매매이익_무담보부,0,국내증권사,B,SF205,각주항목(09.06월 이후)
27654,202009,0010113,유안타증권주식회사,A,채무보증,739308132832,국내증권사,B,SF205,각주항목(09.06월 이후)
27655,202009,0010113,유안타증권주식회사,A1,채무보증_지급보증,100000000,국내증권사,B,SF205,각주항목(09.06월 이후)
27656,202009,0010113,유안타증권주식회사,A2,채무보증_매입보장약정,0,국내증권사,B,SF205,각주항목(09.06월 이후)
27657,202009,0010113,유안타증권주식회사,A3,채무보증_채무인수약정,0,국내증권사,B,SF205,각주항목(09.06월 이후)
27658,202009,0010113,유안타증권주식회사,A5,채무보증_매입확약,739208132832,국내증권사,B,SF205,각주항목(09.06월 이후)
27659,202009,0010113,유안타증권주식회사,A6,채무보증_기타,0,국내증권사,B,SF205,각주항목(09.06월 이후)
27660,202009,0010113,유안타증권주식회사,B,투자자의 예수증권 등,26253646678449,국내증권사,B,SF205,각주항목(09.06월 이후)
27661,202009,0010113,유안타증권주식회사,B1,투자자의 예수증권 등_예수 증권,26253646678449,국내증권사,B,SF205,각주항목(09.06월 이후)
27662,202009,0010113,유안타증권주식회사,B2,투자자의 예수증권 등_예수양도성예금증서,0,국내증권사,B,SF205,각주항목(09.06월 이후)
27663,202009,0010113,유안타증권주식회사,B3,투자자의 예수증권 등_기타,0,국내증권사,B,SF205,각주항목(09.06월 이후)
27664,202009,0010113,유안타증권주식회사,C,파생상품계약,10055150880857,국내증권사,B,SF205,각주항목(09.06월 이후)
27665,202009,0010113,유안타증권주식회사,C1,파생상품계약_장내파생상품,3175550529249,국내증권사,B,SF205,각주항목(09.06월 이후)
27666,202009,0010113,유안타증권주식회사,C11,파생상품계약_장내파생상품_이자율관련거래,1426631250659,국내증권사,B,SF205,각주항목(09.06월 이후)
27667,202009,0010113,유안타증권주식회사,C12,파생상품계약_장내파생상품_통화관련거래,53418400000,국내증권사,B,SF205,각주항목(09.06월 이후)
27668,202009,0010113,유안타증권주식회사,C13,파생상품계약_장내파생상품_주식관련거래,1695500878590,국내증권사,B,SF205,각주항목(09.06월 이후)
27669,202009,0010113,유안타증권주식회사,C14,파생상품계약_장내파생상품_일반상품관련거래,0,국내증권사,B,SF205,각주항목(09.06월 이후)
27670,202009,0010113,유안타증권주식회사,C15,파생상품계약_장내파생상품_기타,0,국내증권사,B,SF205,각주항목(09.06월 이후)
27671,202009,0010113,유안타증권주식회사,C2,파생상품계약_장외파생상품,6879600351608,국내증권사,B,SF205,각주항목(09.06월 이후)
27672,202009,0010113,유안타증권주식회사,C21,파생상품계약_장외파생상품_이자율관련거래,3574169500000,국내증권사,B,SF205,각주항목(09.06월 이후)
27673,202009,0010113,유안타증권주식회사,C22,파생상품계약_장외파생상품_통화관련거래,573338739836,국내증권사,B,SF205,각주항목(09.06월 이후)
27674,202009,0010113,유안타증권주식회사,C23,파생상품계약_장외파생상품_주식관련거래,908737601772,국내증권사,B,SF205,각주항목(09.06월 이후)
27675,202009,0010113,유안타증권주식회사,C24,파생상품계약_장외파생상품_신용관련거래,1739892770000,국내증권사,B,SF205,각주항목(09.06월 이후)
27676,202009,0010113,유안타증권주식회사,C25,파생상품계약_장외파생상품_기타,83461740000,국내증권사,B,SF205,각주항목(09.06월 이후)
27677,202009,0010113,유안타증권주식회사,D,대차 및 대주거래,604560480808,국내증권사,B,SF205,각주항목(09.06월 이후)
27678,202009,0010113,유안타증권주식회사,D1,대차 및 대주거래_대여증권,0,국내증권사,B,SF205,각주항목(09.06월 이후)
27679,202009,0010113,유안타증권주식회사,D2,대차 및 대주거래_차입증권,604560480808,국내증권사,B,SF205,각주항목(09.06월 이후)
27680,202009,0010113,유안타증권주식회사,D3,대차 및 대주거래_신용거래대주, ,국내증권사,B,SF205,각주항목(09.06월 이후)
27681,202009,0010113,유안타증권주식회사,E,대손상각채권,869122484233,국내증권사,B,SF205,각주항목(09.06월 이후)
27682,202009,0010113,유안타증권주식회사,F,환전업무 예치금,0,국내증권사,B,SF205,각주항목(09.06월 이후)
27683,202009,0010113,유안타증권주식회사,G,미배당별도예치금,1432466905,국내증권사,B,SF205,각주항목(09.06월 이후)
27684,202009,0010113,유안타증권주식회사,H,배서어음매출(종금계정),0,국내증권사,B,SF205,각주항목(09.06월 이후)
27685,202009,0010113,유안타증권주식회사,H1,대출채권매매이익_담보부, ,국내증권사,B,SF205,각주항목(09.06월 이후)
27686,202009,0010113,유안타증권주식회사,H2,대출채권매매이익_무담보부,0,국내증권사,B,SF205,각주항목(09.06월 이후)
27687,202012,0010113,유안타증권주식회사,A,채무보증,745751167511,국내증권사,B,SF205,각주항목(09.06월 이후)
27688,202012,0010113,유안타증권주식회사,A1,채무보증_지급보증,100000000,국내증권사,B,SF205,각주항목(09.06월 이후)
27689,202012,0010113,유안타증권주식회사,A2,채무보증_매입보장약정,0,국내증권사,B,SF205,각주항목(09.06월 이후)
27690,202012,0010113,유안타증권주식회사,A3,채무보증_채무인수약정,0,국내증권사,B,SF205,각주항목(09.06월 이후)
27691,202012,0010113,유안타증권주식회사,A5,채무보증_매입확약,745651167511,국내증권사,B,SF205,각주항목(09.06월 이후)
27692,202012,0010113,유안타증권주식회사,A6,채무보증_기타,0,국내증권사,B,SF205,각주항목(09.06월 이후)
27693,202012,0010113,유안타증권주식회사,B,투자자의 예수증권 등,32001635323634,국내증권사,B,SF205,각주항목(09.06월 이후)
27694,202012,0010113,유안타증권주식회사,B1,투자자의 예수증권 등_예수 증권,32001635323634,국내증권사,B,SF205,각주항목(09.06월 이후)
27695,202012,0010113,유안타증권주식회사,B2,투자자의 예수증권 등_예수양도성예금증서,0,국내증권사,B,SF205,각주항목(09.06월 이후)
27696,202012,0010113,유안타증권주식회사,B3,투자자의 예수증권 등_기타,0,국내증권사,B,SF205,각주항목(09.06월 이후)
27697,202012,0010113,유안타증권주식회사,C,파생상품계약,8331904218656,국내증권사,B,SF205,각주항목(09.06월 이후)
27698,202012,0010113,유안타증권주식회사,C1,파생상품계약_장내파생상품,1513504158603,국내증권사,B,SF205,각주항목(09.06월 이후)
27699,202012,0010113,유안타증권주식회사,C11,파생상품계약_장내파생상품_이자율관련거래,551326106544,국내증권사,B,SF205,각주항목(09.06월 이후)
27700,202012,0010113,유안타증권주식회사,C12,파생상품계약_장내파생상품_통화관련거래,23653045000,국내증권사,B,SF205,각주항목(09.06월 이후)
27701,202012,0010113,유안타증권주식회사,C13,파생상품계약_장내파생상품_주식관련거래,938525007059,국내증권사,B,SF205,각주항목(09.06월 이후)
27702,202012,0010113,유안타증권주식회사,C14,파생상품계약_장내파생상품_일반상품관련거래,0,국내증권사,B,SF205,각주항목(09.06월 이후)
27703,202012,0010113,유안타증권주식회사,C15,파생상품계약_장내파생상품_기타,0,국내증권사,B,SF205,각주항목(09.06월 이후)
27704,202012,0010113,유안타증권주식회사,C2,파생상품계약_장외파생상품,6818400060053,국내증권사,B,SF205,각주항목(09.06월 이후)
27705,202012,0010113,유안타증권주식회사,C21,파생상품계약_장외파생상품_이자율관련거래,3467361891857,국내증권사,B,SF205,각주항목(09.06월 이후)
27706,202012,0010113,유안타증권주식회사,C22,파생상품계약_장외파생상품_통화관련거래,920516336724,국내증권사,B,SF205,각주항목(09.06월 이후)
27707,202012,0010113,유안타증권주식회사,C23,파생상품계약_장외파생상품_주식관련거래,720514931472,국내증권사,B,SF205,각주항목(09.06월 이후)
27708,202012,0010113,유안타증권주식회사,C24,파생상품계약_장외파생상품_신용관련거래,1629424160000,국내증권사,B,SF205,각주항목(09.06월 이후)
27709,202012,0010113,유안타증권주식회사,C25,파생상품계약_장외파생상품_기타,80582740000,국내증권사,B,SF205,각주항목(09.06월 이후)
27710,202012,0010113,유안타증권주식회사,D,대차 및 대주거래,637847152764,국내증권사,B,SF205,각주항목(09.06월 이후)
27711,202012,0010113,유안타증권주식회사,D1,대차 및 대주거래_대여증권,0,국내증권사,B,SF205,각주항목(09.06월 이후)
27712,202012,0010113,유안타증권주식회사,D2,대차 및 대주거래_차입증권,637847152764,국내증권사,B,SF205,각주항목(09.06월 이후)
27713,202012,0010113,유안타증권주식회사,D3,대차 및 대주거래_신용거래대주, ,국내증권사,B,SF205,각주항목(09.06월 이후)
27714,202012,0010113,유안타증권주식회사,E,대손상각채권,872445054044,국내증권사,B,SF205,각주항목(09.06월 이후)
27715,202012,0010113,유안타증권주식회사,F,환전업무 예치금,0,국내증권사,B,SF205,각주항목(09.06월 이후)
27716,202012,0010113,유안타증권주식회사,G,미배당별도예치금,1813433553,국내증권사,B,SF205,각주항목(09.06월 이후)
27717,202012,0010113,유안타증권주식회사,H,배서어음매출(종금계정),0,국내증권사,B,SF205,각주항목(09.06월 이후)
27718,202012,0010113,유안타증권주식회사,H1,대출채권매매이익_담보부, ,국내증권사,B,SF205,각주항목(09.06월 이후)
27719,202012,0010113,유안타증권주식회사,H2,대출채권매매이익_무담보부,0,국내증권사,B,SF205,각주항목(09.06월 이후)
27720,202103,0010113,유안타증권주식회사,A,채무보증,668158265797,국내증권사,B,SF205,각주항목(09.06월 이후)
27721,202103,0010113,유안타증권주식회사,A1,채무보증_지급보증,0,국내증권사,B,SF205,각주항목(09.06월 이후)
27722,202103,0010113,유안타증권주식회사,A2,채무보증_매입보장약정,0,국내증권사,B,SF205,각주항목(09.06월 이후)
27723,202103,0010113,유안타증권주식회사,A3,채무보증_채무인수약정,0,국내증권사,B,SF205,각주항목(09.06월 이후)
27724,202103,0010113,유안타증권주식회사,A5,채무보증_매입확약,668158265797,국내증권사,B,SF205,각주항목(09.06월 이후)
27725,202103,0010113,유안타증권주식회사,A6,채무보증_기타,0,국내증권사,B,SF205,각주항목(09.06월 이후)
27726,202103,0010113,유안타증권주식회사,B,투자자의 예수증권 등,31976449013745,국내증권사,B,SF205,각주항목(09.06월 이후)
27727,202103,0010113,유안타증권주식회사,B1,투자자의 예수증권 등_예수 증권,31976449013745,국내증권사,B,SF205,각주항목(09.06월 이후)
27728,202103,0010113,유안타증권주식회사,B2,투자자의 예수증권 등_예수양도성예금증서,0,국내증권사,B,SF205,각주항목(09.06월 이후)
27729,202103,0010113,유안타증권주식회사,B3,투자자의 예수증권 등_기타,0,국내증권사,B,SF205,각주항목(09.06월 이후)
27730,202103,0010113,유안타증권주식회사,C,파생상품계약,10469569276695,국내증권사,B,SF205,각주항목(09.06월 이후)
27731,202103,0010113,유안타증권주식회사,C1,파생상품계약_장내파생상품,3102626333266,국내증권사,B,SF205,각주항목(09.06월 이후)
27732,202103,0010113,유안타증권주식회사,C11,파생상품계약_장내파생상품_이자율관련거래,833817731735,국내증권사,B,SF205,각주항목(09.06월 이후)
27733,202103,0010113,유안타증권주식회사,C12,파생상품계약_장내파생상품_통화관련거래,57500520000,국내증권사,B,SF205,각주항목(09.06월 이후)
27734,202103,0010113,유안타증권주식회사,C13,파생상품계약_장내파생상품_주식관련거래,2211308081531,국내증권사,B,SF205,각주항목(09.06월 이후)
27735,202103,0010113,유안타증권주식회사,C14,파생상품계약_장내파생상품_일반상품관련거래,0,국내증권사,B,SF205,각주항목(09.06월 이후)
27736,202103,0010113,유안타증권주식회사,C15,파생상품계약_장내파생상품_기타,0,국내증권사,B,SF205,각주항목(09.06월 이후)
27737,202103,0010113,유안타증권주식회사,C2,파생상품계약_장외파생상품,7366942943429,국내증권사,B,SF205,각주항목(09.06월 이후)
27738,202103,0010113,유안타증권주식회사,C21,파생상품계약_장외파생상품_이자율관련거래,3911022638970,국내증권사,B,SF205,각주항목(09.06월 이후)
27739,202103,0010113,유안타증권주식회사,C22,파생상품계약_장외파생상품_통화관련거래,979517450551,국내증권사,B,SF205,각주항목(09.06월 이후)
27740,202103,0010113,유안타증권주식회사,C23,파생상품계약_장외파생상품_주식관련거래,713326333908,국내증권사,B,SF205,각주항목(09.06월 이후)
27741,202103,0010113,유안타증권주식회사,C24,파생상품계약_장외파생상품_신용관련거래,1696642220000,국내증권사,B,SF205,각주항목(09.06월 이후)
27742,202103,0010113,유안타증권주식회사,C25,파생상품계약_장외파생상품_기타,66434300000,국내증권사,B,SF205,각주항목(09.06월 이후)
27743,202103,0010113,유안타증권주식회사,D,대차 및 대주거래,827022925313,국내증권사,B,SF205,각주항목(09.06월 이후)
27744,202103,0010113,유안타증권주식회사,D1,대차 및 대주거래_대여증권,0,국내증권사,B,SF205,각주항목(09.06월 이후)
27745,202103,0010113,유안타증권주식회사,D2,대차 및 대주거래_차입증권,827022925313,국내증권사,B,SF205,각주항목(09.06월 이후)
27746,202103,0010113,유안타증권주식회사,D3,대차 및 대주거래_신용거래대주, ,국내증권사,B,SF205,각주항목(09.06월 이후)
27747,202103,0010113,유안타증권주식회사,E,대손상각채권,872445054044,국내증권사,B,SF205,각주항목(09.06월 이후)
27748,202103,0010113,유안타증권주식회사,F,환전업무 예치금,0,국내증권사,B,SF205,각주항목(09.06월 이후)
27749,202103,0010113,유안타증권주식회사,G,미배당별도예치금,2025889820,국내증권사,B,SF205,각주항목(09.06월 이후)
27750,202103,0010113,유안타증권주식회사,H,배서어음매출(종금계정),0,국내증권사,B,SF205,각주항목(09.06월 이후)
27751,202103,0010113,유안타증권주식회사,H1,대출채권매매이익_담보부, ,국내증권사,B,SF205,각주항목(09.06월 이후)
27752,202103,0010113,유안타증권주식회사,H2,대출채권매매이익_무담보부,0,국내증권사,B,SF205,각주항목(09.06월 이후)
27753,202106,0010113,유안타증권주식회사,A,채무보증,584710199098,국내증권사,B,SF205,각주항목(09.06월 이후)
27754,202106,0010113,유안타증권주식회사,A1,채무보증_지급보증,0,국내증권사,B,SF205,각주항목(09.06월 이후)
27755,202106,0010113,유안타증권주식회사,A2,채무보증_매입보장약정,67330000000,국내증권사,B,SF205,각주항목(09.06월 이후)
27756,202106,0010113,유안타증권주식회사,A3,채무보증_채무인수약정,0,국내증권사,B,SF205,각주항목(09.06월 이후)
27757,202106,0010113,유안타증권주식회사,A5,채무보증_매입확약,517380199098,국내증권사,B,SF205,각주항목(09.06월 이후)
27758,202106,0010113,유안타증권주식회사,A6,채무보증_기타,0,국내증권사,B,SF205,각주항목(09.06월 이후)
27759,202106,0010113,유안타증권주식회사,B,투자자의 예수증권 등,34096487957912,국내증권사,B,SF205,각주항목(09.06월 이후)
27760,202106,0010113,유안타증권주식회사,B1,투자자의 예수증권 등_예수 증권,34096487957912,국내증권사,B,SF205,각주항목(09.06월 이후)
27761,202106,0010113,유안타증권주식회사,B2,투자자의 예수증권 등_예수양도성예금증서,0,국내증권사,B,SF205,각주항목(09.06월 이후)
27762,202106,0010113,유안타증권주식회사,B3,투자자의 예수증권 등_기타,0,국내증권사,B,SF205,각주항목(09.06월 이후)
27763,202106,0010113,유안타증권주식회사,C,파생상품계약,10676962224066,국내증권사,B,SF205,각주항목(09.06월 이후)
27764,202106,0010113,유안타증권주식회사,C1,파생상품계약_장내파생상품,2774897546593,국내증권사,B,SF205,각주항목(09.06월 이후)
27765,202106,0010113,유안타증권주식회사,C11,파생상품계약_장내파생상품_이자율관련거래,1106720849950,국내증권사,B,SF205,각주항목(09.06월 이후)
27766,202106,0010113,유안타증권주식회사,C12,파생상품계약_장내파생상품_통화관련거래,53470208000,국내증권사,B,SF205,각주항목(09.06월 이후)
27767,202106,0010113,유안타증권주식회사,C13,파생상품계약_장내파생상품_주식관련거래,1614706488643,국내증권사,B,SF205,각주항목(09.06월 이후)
27768,202106,0010113,유안타증권주식회사,C14,파생상품계약_장내파생상품_일반상품관련거래,0,국내증권사,B,SF205,각주항목(09.06월 이후)
27769,202106,0010113,유안타증권주식회사,C15,파생상품계약_장내파생상품_기타,0,국내증권사,B,SF205,각주항목(09.06월 이후)
27770,202106,0010113,유안타증권주식회사,C2,파생상품계약_장외파생상품,7902064677473,국내증권사,B,SF205,각주항목(09.06월 이후)
27771,202106,0010113,유안타증권주식회사,C21,파생상품계약_장외파생상품_이자율관련거래,4320293474685,국내증권사,B,SF205,각주항목(09.06월 이후)
27772,202106,0010113,유안타증권주식회사,C22,파생상품계약_장외파생상품_통화관련거래,868902938590,국내증권사,B,SF205,각주항목(09.06월 이후)
27773,202106,0010113,유안타증권주식회사,C23,파생상품계약_장외파생상품_주식관련거래,976297664198,국내증권사,B,SF205,각주항목(09.06월 이후)
27774,202106,0010113,유안타증권주식회사,C24,파생상품계약_장외파생상품_신용관련거래,1691471600000,국내증권사,B,SF205,각주항목(09.06월 이후)
27775,202106,0010113,유안타증권주식회사,C25,파생상품계약_장외파생상품_기타,45099000000,국내증권사,B,SF205,각주항목(09.06월 이후)
27776,202106,0010113,유안타증권주식회사,D,대차 및 대주거래,1020996662615,국내증권사,B,SF205,각주항목(09.06월 이후)
27777,202106,0010113,유안타증권주식회사,D1,대차 및 대주거래_대여증권,0,국내증권사,B,SF205,각주항목(09.06월 이후)
27778,202106,0010113,유안타증권주식회사,D2,대차 및 대주거래_차입증권,1020996662615,국내증권사,B,SF205,각주항목(09.06월 이후)
27779,202106,0010113,유안타증권주식회사,D3,대차 및 대주거래_신용거래대주, ,국내증권사,B,SF205,각주항목(09.06월 이후)
27780,202106,0010113,유안타증권주식회사,E,대손상각채권,872445054044,국내증권사,B,SF205,각주항목(09.06월 이후)
27781,202106,0010113,유안타증권주식회사,F,환전업무 예치금,0,국내증권사,B,SF205,각주항목(09.06월 이후)
27782,202106,0010113,유안타증권주식회사,G,미배당별도예치금,2198918590,국내증권사,B,SF205,각주항목(09.06월 이후)
27783,202106,0010113,유안타증권주식회사,H,배서어음매출(종금계정),0,국내증권사,B,SF205,각주항목(09.06월 이후)
27784,202106,0010113,유안타증권주식회사,H1,대출채권매매이익_담보부, ,국내증권사,B,SF205,각주항목(09.06월 이후)
27785,202106,0010113,유안타증권주식회사,H2,대출채권매매이익_무담보부,0,국내증권사,B,SF205,각주항목(09.06월 이후)
27786,202109,0010113,유안타증권주식회사,A,채무보증,473664138947,국내증권사,B,SF205,각주항목(09.06월 이후)
27787,202109,0010113,유안타증권주식회사,A1,채무보증_지급보증,0,국내증권사,B,SF205,각주항목(09.06월 이후)
27788,202109,0010113,유안타증권주식회사,A2,채무보증_매입보장약정,0,국내증권사,B,SF205,각주항목(09.06월 이후)
27789,202109,0010113,유안타증권주식회사,A3,채무보증_채무인수약정,0,국내증권사,B,SF205,각주항목(09.06월 이후)
27790,202109,0010113,유안타증권주식회사,A5,채무보증_매입확약,473664138947,국내증권사,B,SF205,각주항목(09.06월 이후)
27791,202109,0010113,유안타증권주식회사,A6,채무보증_기타,0,국내증권사,B,SF205,각주항목(09.06월 이후)
27792,202109,0010113,유안타증권주식회사,B,투자자의 예수증권 등,33454785054186,국내증권사,B,SF205,각주항목(09.06월 이후)
27793,202109,0010113,유안타증권주식회사,B1,투자자의 예수증권 등_예수 증권,33454785054186,국내증권사,B,SF205,각주항목(09.06월 이후)
27794,202109,0010113,유안타증권주식회사,B2,투자자의 예수증권 등_예수양도성예금증서,0,국내증권사,B,SF205,각주항목(09.06월 이후)
27795,202109,0010113,유안타증권주식회사,B3,투자자의 예수증권 등_기타,0,국내증권사,B,SF205,각주항목(09.06월 이후)
27796,202109,0010113,유안타증권주식회사,C,파생상품계약,9912684249500,국내증권사,B,SF205,각주항목(09.06월 이후)
27797,202109,0010113,유안타증권주식회사,C1,파생상품계약_장내파생상품,2445091446050,국내증권사,B,SF205,각주항목(09.06월 이후)
27798,202109,0010113,유안타증권주식회사,C11,파생상품계약_장내파생상품_이자율관련거래,558541801581,국내증권사,B,SF205,각주항목(09.06월 이후)
27799,202109,0010113,유안타증권주식회사,C12,파생상품계약_장내파생상품_통화관련거래,140837284000,국내증권사,B,SF205,각주항목(09.06월 이후)
27800,202109,0010113,유안타증권주식회사,C13,파생상품계약_장내파생상품_주식관련거래,1745712360469,국내증권사,B,SF205,각주항목(09.06월 이후)
27801,202109,0010113,유안타증권주식회사,C14,파생상품계약_장내파생상품_일반상품관련거래,0,국내증권사,B,SF205,각주항목(09.06월 이후)
27802,202109,0010113,유안타증권주식회사,C15,파생상품계약_장내파생상품_기타,0,국내증권사,B,SF205,각주항목(09.06월 이후)
27803,202109,0010113,유안타증권주식회사,C2,파생상품계약_장외파생상품,7467592803450,국내증권사,B,SF205,각주항목(09.06월 이후)
27804,202109,0010113,유안타증권주식회사,C21,파생상품계약_장외파생상품_이자율관련거래,3728381669697,국내증권사,B,SF205,각주항목(09.06월 이후)
27805,202109,0010113,유안타증권주식회사,C22,파생상품계약_장외파생상품_통화관련거래,971565303049,국내증권사,B,SF205,각주항목(09.06월 이후)
27806,202109,0010113,유안타증권주식회사,C23,파생상품계약_장외파생상품_주식관련거래,939958982704,국내증권사,B,SF205,각주항목(09.06월 이후)
27807,202109,0010113,유안타증권주식회사,C24,파생상품계약_장외파생상품_신용관련거래,1791771848000,국내증권사,B,SF205,각주항목(09.06월 이후)
27808,202109,0010113,유안타증권주식회사,C25,파생상품계약_장외파생상품_기타,35915000000,국내증권사,B,SF205,각주항목(09.06월 이후)
27809,202109,0010113,유안타증권주식회사,D,대차 및 대주거래,1072002266955,국내증권사,B,SF205,각주항목(09.06월 이후)
27810,202109,0010113,유안타증권주식회사,D1,대차 및 대주거래_대여증권,0,국내증권사,B,SF205,각주항목(09.06월 이후)
27811,202109,0010113,유안타증권주식회사,D2,대차 및 대주거래_차입증권,1072002266955,국내증권사,B,SF205,각주항목(09.06월 이후)
27812,202109,0010113,유안타증권주식회사,D3,대차 및 대주거래_신용거래대주, ,국내증권사,B,SF205,각주항목(09.06월 이후)
27813,202109,0010113,유안타증권주식회사,E,대손상각채권,872445054044,국내증권사,B,SF205,각주항목(09.06월 이후)
27814,202109,0010113,유안타증권주식회사,F,환전업무 예치금,0,국내증권사,B,SF205,각주항목(09.06월 이후)
27815,202109,0010113,유안타증권주식회사,G,미배당별도예치금,2185105622,국내증권사,B,SF205,각주항목(09.06월 이후)
27816,202109,0010113,유안타증권주식회사,H,배서어음매출(종금계정),0,국내증권사,B,SF205,각주항목(09.06월 이후)
27817,202109,0010113,유안타증권주식회사,H1,대출채권매매이익_담보부, ,국내증권사,B,SF205,각주항목(09.06월 이후)
27818,202109,0010113,유안타증권주식회사,H2,대출채권매매이익_무담보부,0,국내증권사,B,SF205,각주항목(09.06월 이후)
27819,202112,0010113,유안타증권주식회사,A,채무보증,725300273684,국내증권사,B,SF205,각주항목(09.06월 이후)
27820,202112,0010113,유안타증권주식회사,A1,채무보증_지급보증,0,국내증권사,B,SF205,각주항목(09.06월 이후)
27821,202112,0010113,유안타증권주식회사,A2,채무보증_매입보장약정,50000000000,국내증권사,B,SF205,각주항목(09.06월 이후)
27822,202112,0010113,유안타증권주식회사,A3,채무보증_채무인수약정,0,국내증권사,B,SF205,각주항목(09.06월 이후)
27823,202112,0010113,유안타증권주식회사,A5,채무보증_매입확약,675300273684,국내증권사,B,SF205,각주항목(09.06월 이후)
27824,202112,0010113,유안타증권주식회사,A6,채무보증_기타,0,국내증권사,B,SF205,각주항목(09.06월 이후)
27825,202112,0010113,유안타증권주식회사,B,투자자의 예수증권 등,33733359580416,국내증권사,B,SF205,각주항목(09.06월 이후)
27826,202112,0010113,유안타증권주식회사,B1,투자자의 예수증권 등_예수 증권,33733359580416,국내증권사,B,SF205,각주항목(09.06월 이후)
27827,202112,0010113,유안타증권주식회사,B2,투자자의 예수증권 등_예수양도성예금증서,0,국내증권사,B,SF205,각주항목(09.06월 이후)
27828,202112,0010113,유안타증권주식회사,B3,투자자의 예수증권 등_기타,0,국내증권사,B,SF205,각주항목(09.06월 이후)
27829,202112,0010113,유안타증권주식회사,C,파생상품계약,9034588776662,국내증권사,B,SF205,각주항목(09.06월 이후)
27830,202112,0010113,유안타증권주식회사,C1,파생상품계약_장내파생상품,1625218474875,국내증권사,B,SF205,각주항목(09.06월 이후)
27831,202112,0010113,유안타증권주식회사,C11,파생상품계약_장내파생상품_이자율관련거래,437093515146,국내증권사,B,SF205,각주항목(09.06월 이후)
27832,202112,0010113,유안타증권주식회사,C12,파생상품계약_장내파생상품_통화관련거래,165421964000,국내증권사,B,SF205,각주항목(09.06월 이후)
27833,202112,0010113,유안타증권주식회사,C13,파생상품계약_장내파생상품_주식관련거래,1022702995729,국내증권사,B,SF205,각주항목(09.06월 이후)
27834,202112,0010113,유안타증권주식회사,C14,파생상품계약_장내파생상품_일반상품관련거래,0,국내증권사,B,SF205,각주항목(09.06월 이후)
27835,202112,0010113,유안타증권주식회사,C15,파생상품계약_장내파생상품_기타,0,국내증권사,B,SF205,각주항목(09.06월 이후)
27836,202112,0010113,유안타증권주식회사,C2,파생상품계약_장외파생상품,7409370301787,국내증권사,B,SF205,각주항목(09.06월 이후)
27837,202112,0010113,유안타증권주식회사,C21,파생상품계약_장외파생상품_이자율관련거래,3678009000000,국내증권사,B,SF205,각주항목(09.06월 이후)
27838,202112,0010113,유안타증권주식회사,C22,파생상품계약_장외파생상품_통화관련거래,886572154001,국내증권사,B,SF205,각주항목(09.06월 이후)
27839,202112,0010113,유안타증권주식회사,C23,파생상품계약_장외파생상품_주식관련거래,997351087786,국내증권사,B,SF205,각주항목(09.06월 이후)
27840,202112,0010113,유안타증권주식회사,C24,파생상품계약_장외파생상품_신용관련거래,1811873060000,국내증권사,B,SF205,각주항목(09.06월 이후)
27841,202112,0010113,유안타증권주식회사,C25,파생상품계약_장외파생상품_기타,35565000000,국내증권사,B,SF205,각주항목(09.06월 이후)
27842,202112,0010113,유안타증권주식회사,D,대차 및 대주거래,1211020498461,국내증권사,B,SF205,각주항목(09.06월 이후)
27843,202112,0010113,유안타증권주식회사,D1,대차 및 대주거래_대여증권,0,국내증권사,B,SF205,각주항목(09.06월 이후)
27844,202112,0010113,유안타증권주식회사,D2,대차 및 대주거래_차입증권,1211020498461,국내증권사,B,SF205,각주항목(09.06월 이후)
27845,202112,0010113,유안타증권주식회사,D3,대차 및 대주거래_신용거래대주, ,국내증권사,B,SF205,각주항목(09.06월 이후)
27846,202112,0010113,유안타증권주식회사,E,대손상각채권,872445054044,국내증권사,B,SF205,각주항목(09.06월 이후)
27847,202112,0010113,유안타증권주식회사,F,환전업무 예치금,0,국내증권사,B,SF205,각주항목(09.06월 이후)
27848,202112,0010113,유안타증권주식회사,G,미배당별도예치금,3109746457,국내증권사,B,SF205,각주항목(09.06월 이후)
27849,202112,0010113,유안타증권주식회사,H,배서어음매출(종금계정),0,국내증권사,B,SF205,각주항목(09.06월 이후)
27850,202112,0010113,유안타증권주식회사,H1,대출채권매매이익_담보부, ,국내증권사,B,SF205,각주항목(09.06월 이후)
27851,202112,0010113,유안타증권주식회사,H2,대출채권매매이익_무담보부,0,국내증권사,B,SF205,각주항목(09.06월 이후)
27852,202203,0010113,유안타증권주식회사,A,채무보증,664766145263,국내증권사,B,SF205,각주항목(09.06월 이후)
27853,202203,0010113,유안타증권주식회사,A1,채무보증_지급보증,0,국내증권사,B,SF205,각주항목(09.06월 이후)
27854,202203,0010113,유안타증권주식회사,A2,채무보증_매입보장약정,0,국내증권사,B,SF205,각주항목(09.06월 이후)
27855,202203,0010113,유안타증권주식회사,A3,채무보증_채무인수약정,0,국내증권사,B,SF205,각주항목(09.06월 이후)
27856,202203,0010113,유안타증권주식회사,A5,채무보증_매입확약,664766145263,국내증권사,B,SF205,각주항목(09.06월 이후)
27857,202203,0010113,유안타증권주식회사,A6,채무보증_기타,0,국내증권사,B,SF205,각주항목(09.06월 이후)
27858,202203,0010113,유안타증권주식회사,B,투자자의 예수증권 등,33357025864430,국내증권사,B,SF205,각주항목(09.06월 이후)
27859,202203,0010113,유안타증권주식회사,B1,투자자의 예수증권 등_예수 증권,33357025864430,국내증권사,B,SF205,각주항목(09.06월 이후)
27860,202203,0010113,유안타증권주식회사,B2,투자자의 예수증권 등_예수양도성예금증서,0,국내증권사,B,SF205,각주항목(09.06월 이후)
27861,202203,0010113,유안타증권주식회사,B3,투자자의 예수증권 등_기타,0,국내증권사,B,SF205,각주항목(09.06월 이후)
27862,202203,0010113,유안타증권주식회사,C,파생상품계약,11191727406249,국내증권사,B,SF205,각주항목(09.06월 이후)
27863,202203,0010113,유안타증권주식회사,C1,파생상품계약_장내파생상품,2773931342876,국내증권사,B,SF205,각주항목(09.06월 이후)
27864,202203,0010113,유안타증권주식회사,C11,파생상품계약_장내파생상품_이자율관련거래,967380691082,국내증권사,B,SF205,각주항목(09.06월 이후)
27865,202203,0010113,유안타증권주식회사,C12,파생상품계약_장내파생상품_통화관련거래,81956842000,국내증권사,B,SF205,각주항목(09.06월 이후)
27866,202203,0010113,유안타증권주식회사,C13,파생상품계약_장내파생상품_주식관련거래,1724593809794,국내증권사,B,SF205,각주항목(09.06월 이후)
27867,202203,0010113,유안타증권주식회사,C14,파생상품계약_장내파생상품_일반상품관련거래,0,국내증권사,B,SF205,각주항목(09.06월 이후)
27868,202203,0010113,유안타증권주식회사,C15,파생상품계약_장내파생상품_기타,0,국내증권사,B,SF205,각주항목(09.06월 이후)
27869,202203,0010113,유안타증권주식회사,C2,파생상품계약_장외파생상품,8417796063373,국내증권사,B,SF205,각주항목(09.06월 이후)
27870,202203,0010113,유안타증권주식회사,C21,파생상품계약_장외파생상품_이자율관련거래,3504951300000,국내증권사,B,SF205,각주항목(09.06월 이후)
27871,202203,0010113,유안타증권주식회사,C22,파생상품계약_장외파생상품_통화관련거래,1541103303598,국내증권사,B,SF205,각주항목(09.06월 이후)
27872,202203,0010113,유안타증권주식회사,C23,파생상품계약_장외파생상품_주식관련거래,1029204750325,국내증권사,B,SF205,각주항목(09.06월 이후)
27873,202203,0010113,유안타증권주식회사,C24,파생상품계약_장외파생상품_신용관련거래,2306212709450,국내증권사,B,SF205,각주항목(09.06월 이후)
27874,202203,0010113,유안타증권주식회사,C25,파생상품계약_장외파생상품_기타,36324000000,국내증권사,B,SF205,각주항목(09.06월 이후)
27875,202203,0010113,유안타증권주식회사,D,대차 및 대주거래,1006634834587,국내증권사,B,SF205,각주항목(09.06월 이후)
27876,202203,0010113,유안타증권주식회사,D1,대차 및 대주거래_대여증권,0,국내증권사,B,SF205,각주항목(09.06월 이후)
27877,202203,0010113,유안타증권주식회사,D2,대차 및 대주거래_차입증권,1006634834587,국내증권사,B,SF205,각주항목(09.06월 이후)
27878,202203,0010113,유안타증권주식회사,D3,대차 및 대주거래_신용거래대주, ,국내증권사,B,SF205,각주항목(09.06월 이후)
27879,202203,0010113,유안타증권주식회사,E,대손상각채권,872445054044,국내증권사,B,SF205,각주항목(09.06월 이후)
27880,202203,0010113,유안타증권주식회사,F,환전업무 예치금,0,국내증권사,B,SF205,각주항목(09.06월 이후)
27881,202203,0010113,유안타증권주식회사,G,미배당별도예치금,3788865956,국내증권사,B,SF205,각주항목(09.06월 이후)
27882,202203,0010113,유안타증권주식회사,H,배서어음매출(종금계정),0,국내증권사,B,SF205,각주항목(09.06월 이후)
27883,202203,0010113,유안타증권주식회사,H1,대출채권매매이익_담보부, ,국내증권사,B,SF205,각주항목(09.06월 이후)
27884,202203,0010113,유안타증권주식회사,H2,대출채권매매이익_무담보부,0,국내증권사,B,SF205,각주항목(09.06월 이후)
27885,202206,0010113,유안타증권주식회사,A,채무보증,682349145263,국내증권사,B,SF205,각주항목(09.06월 이후)
27886,202206,0010113,유안타증권주식회사,A1,채무보증_지급보증,0,국내증권사,B,SF205,각주항목(09.06월 이후)
27887,202206,0010113,유안타증권주식회사,A2,채무보증_매입보장약정,0,국내증권사,B,SF205,각주항목(09.06월 이후)
27888,202206,0010113,유안타증권주식회사,A3,채무보증_채무인수약정,0,국내증권사,B,SF205,각주항목(09.06월 이후)
27889,202206,0010113,유안타증권주식회사,A5,채무보증_매입확약,682349145263,국내증권사,B,SF205,각주항목(09.06월 이후)
27890,202206,0010113,유안타증권주식회사,A6,채무보증_기타,0,국내증권사,B,SF205,각주항목(09.06월 이후)
27891,202206,0010113,유안타증권주식회사,B,투자자의 예수증권 등,30400545337266,국내증권사,B,SF205,각주항목(09.06월 이후)
27892,202206,0010113,유안타증권주식회사,B1,투자자의 예수증권 등_예수 증권,30400545337266,국내증권사,B,SF205,각주항목(09.06월 이후)
27893,202206,0010113,유안타증권주식회사,B2,투자자의 예수증권 등_예수양도성예금증서,0,국내증권사,B,SF205,각주항목(09.06월 이후)
27894,202206,0010113,유안타증권주식회사,B3,투자자의 예수증권 등_기타,0,국내증권사,B,SF205,각주항목(09.06월 이후)
27895,202206,0010113,유안타증권주식회사,C,파생상품계약,12489718214328,국내증권사,B,SF205,각주항목(09.06월 이후)
27896,202206,0010113,유안타증권주식회사,C1,파생상품계약_장내파생상품,3500984896073,국내증권사,B,SF205,각주항목(09.06월 이후)
27897,202206,0010113,유안타증권주식회사,C11,파생상품계약_장내파생상품_이자율관련거래,1187104207301,국내증권사,B,SF205,각주항목(09.06월 이후)
27898,202206,0010113,유안타증권주식회사,C12,파생상품계약_장내파생상품_통화관련거래,54956752000,국내증권사,B,SF205,각주항목(09.06월 이후)
27899,202206,0010113,유안타증권주식회사,C13,파생상품계약_장내파생상품_주식관련거래,2258923936772,국내증권사,B,SF205,각주항목(09.06월 이후)
27900,202206,0010113,유안타증권주식회사,C14,파생상품계약_장내파생상품_일반상품관련거래,0,국내증권사,B,SF205,각주항목(09.06월 이후)
27901,202206,0010113,유안타증권주식회사,C15,파생상품계약_장내파생상품_기타,0,국내증권사,B,SF205,각주항목(09.06월 이후)
27902,202206,0010113,유안타증권주식회사,C2,파생상품계약_장외파생상품,8988733318255,국내증권사,B,SF205,각주항목(09.06월 이후)
27903,202206,0010113,유안타증권주식회사,C21,파생상품계약_장외파생상품_이자율관련거래,3393843084256,국내증권사,B,SF205,각주항목(09.06월 이후)
27904,202206,0010113,유안타증권주식회사,C22,파생상품계약_장외파생상품_통화관련거래,1952943568094,국내증권사,B,SF205,각주항목(09.06월 이후)
27905,202206,0010113,유안타증권주식회사,C23,파생상품계약_장외파생상품_주식관련거래,1120749097706,국내증권사,B,SF205,각주항목(09.06월 이후)
27906,202206,0010113,유안타증권주식회사,C24,파생상품계약_장외파생상품_신용관련거래,2482410568199,국내증권사,B,SF205,각주항목(09.06월 이후)
27907,202206,0010113,유안타증권주식회사,C25,파생상품계약_장외파생상품_기타,38787000000,국내증권사,B,SF205,각주항목(09.06월 이후)
27908,202206,0010113,유안타증권주식회사,D,대차 및 대주거래,1184351170521,국내증권사,B,SF205,각주항목(09.06월 이후)
27909,202206,0010113,유안타증권주식회사,D1,대차 및 대주거래_대여증권,0,국내증권사,B,SF205,각주항목(09.06월 이후)
27910,202206,0010113,유안타증권주식회사,D2,대차 및 대주거래_차입증권,1184351170521,국내증권사,B,SF205,각주항목(09.06월 이후)
27911,202206,0010113,유안타증권주식회사,D3,대차 및 대주거래_신용거래대주, ,국내증권사,B,SF205,각주항목(09.06월 이후)
27912,202206,0010113,유안타증권주식회사,E,대손상각채권,872445054044,국내증권사,B,SF205,각주항목(09.06월 이후)
27913,202206,0010113,유안타증권주식회사,F,환전업무 예치금,0,국내증권사,B,SF205,각주항목(09.06월 이후)
27914,202206,0010113,유안타증권주식회사,G,미배당별도예치금,4786091786,국내증권사,B,SF205,각주항목(09.06월 이후)
27915,202206,0010113,유안타증권주식회사,H,배서어음매출(종금계정),0,국내증권사,B,SF205,각주항목(09.06월 이후)
27916,202206,0010113,유안타증권주식회사,H1,대출채권매매이익_담보부, ,국내증권사,B,SF205,각주항목(09.06월 이후)
27917,202206,0010113,유안타증권주식회사,H2,대출채권매매이익_무담보부,0,국내증권사,B,SF205,각주항목(09.06월 이후)
27918,202209,0010113,유안타증권주식회사,A,채무보증,604950815718,국내증권사,B,SF205,각주항목(09.06월 이후)
27919,202209,0010113,유안타증권주식회사,A1,채무보증_지급보증,0,국내증권사,B,SF205,각주항목(09.06월 이후)
27920,202209,0010113,유안타증권주식회사,A2,채무보증_매입보장약정,0,국내증권사,B,SF205,각주항목(09.06월 이후)
27921,202209,0010113,유안타증권주식회사,A3,채무보증_채무인수약정,0,국내증권사,B,SF205,각주항목(09.06월 이후)
27922,202209,0010113,유안타증권주식회사,A5,채무보증_매입확약,604950815718,국내증권사,B,SF205,각주항목(09.06월 이후)
27923,202209,0010113,유안타증권주식회사,A6,채무보증_기타,0,국내증권사,B,SF205,각주항목(09.06월 이후)
27924,202209,0010113,유안타증권주식회사,B,투자자의 예수증권 등,29142011847161,국내증권사,B,SF205,각주항목(09.06월 이후)
27925,202209,0010113,유안타증권주식회사,B1,투자자의 예수증권 등_예수 증권,29142011847161,국내증권사,B,SF205,각주항목(09.06월 이후)
27926,202209,0010113,유안타증권주식회사,B2,투자자의 예수증권 등_예수양도성예금증서,0,국내증권사,B,SF205,각주항목(09.06월 이후)
27927,202209,0010113,유안타증권주식회사,B3,투자자의 예수증권 등_기타,0,국내증권사,B,SF205,각주항목(09.06월 이후)
27928,202209,0010113,유안타증권주식회사,C,파생상품계약,13235761903314,국내증권사,B,SF205,각주항목(09.06월 이후)
27929,202209,0010113,유안타증권주식회사,C1,파생상품계약_장내파생상품,3805437605893,국내증권사,B,SF205,각주항목(09.06월 이후)
27930,202209,0010113,유안타증권주식회사,C11,파생상품계약_장내파생상품_이자율관련거래,414623051817,국내증권사,B,SF205,각주항목(09.06월 이후)
27931,202209,0010113,유안타증권주식회사,C12,파생상품계약_장내파생상품_통화관련거래,62243412000,국내증권사,B,SF205,각주항목(09.06월 이후)
27932,202209,0010113,유안타증권주식회사,C13,파생상품계약_장내파생상품_주식관련거래,3328571142076,국내증권사,B,SF205,각주항목(09.06월 이후)
27933,202209,0010113,유안타증권주식회사,C14,파생상품계약_장내파생상품_일반상품관련거래,0,국내증권사,B,SF205,각주항목(09.06월 이후)
27934,202209,0010113,유안타증권주식회사,C15,파생상품계약_장내파생상품_기타,0,국내증권사,B,SF205,각주항목(09.06월 이후)
27935,202209,0010113,유안타증권주식회사,C2,파생상품계약_장외파생상품,9430324297421,국내증권사,B,SF205,각주항목(09.06월 이후)
27936,202209,0010113,유안타증권주식회사,C21,파생상품계약_장외파생상품_이자율관련거래,3742850079799,국내증권사,B,SF205,각주항목(09.06월 이후)
27937,202209,0010113,유안타증권주식회사,C22,파생상품계약_장외파생상품_통화관련거래,1767507265636,국내증권사,B,SF205,각주항목(09.06월 이후)
27938,202209,0010113,유안타증권주식회사,C23,파생상품계약_장외파생상품_주식관련거래,1058419148750,국내증권사,B,SF205,각주항목(09.06월 이후)
27939,202209,0010113,유안타증권주식회사,C24,파생상품계약_장외파생상품_신용관련거래,2818503803236,국내증권사,B,SF205,각주항목(09.06월 이후)
27940,202209,0010113,유안타증권주식회사,C25,파생상품계약_장외파생상품_기타,43044000000,국내증권사,B,SF205,각주항목(09.06월 이후)
27941,202209,0010113,유안타증권주식회사,D,대차 및 대주거래,1194451771178,국내증권사,B,SF205,각주항목(09.06월 이후)
27942,202209,0010113,유안타증권주식회사,D1,대차 및 대주거래_대여증권,0,국내증권사,B,SF205,각주항목(09.06월 이후)
27943,202209,0010113,유안타증권주식회사,D2,대차 및 대주거래_차입증권,1194451771178,국내증권사,B,SF205,각주항목(09.06월 이후)
27944,202209,0010113,유안타증권주식회사,D3,대차 및 대주거래_신용거래대주, ,국내증권사,B,SF205,각주항목(09.06월 이후)
27945,202209,0010113,유안타증권주식회사,E,대손상각채권,872560939044,국내증권사,B,SF205,각주항목(09.06월 이후)
27946,202209,0010113,유안타증권주식회사,F,환전업무 예치금,0,국내증권사,B,SF205,각주항목(09.06월 이후)
27947,202209,0010113,유안타증권주식회사,G,미배당별도예치금,5730614474,국내증권사,B,SF205,각주항목(09.06월 이후)
27948,202209,0010113,유안타증권주식회사,H,배서어음매출(종금계정),0,국내증권사,B,SF205,각주항목(09.06월 이후)
27949,202209,0010113,유안타증권주식회사,H1,대출채권매매이익_담보부, ,국내증권사,B,SF205,각주항목(09.06월 이후)
27950,202209,0010113,유안타증권주식회사,H2,대출채권매매이익_무담보부,0,국내증권사,B,SF205,각주항목(09.06월 이후)
27951,202212,0010113,유안타증권주식회사,A,채무보증,607700000000,국내증권사,B,SF205,각주항목(09.06월 이후)
27952,202212,0010113,유안타증권주식회사,A1,채무보증_지급보증,0,국내증권사,B,SF205,각주항목(09.06월 이후)
27953,202212,0010113,유안타증권주식회사,A2,채무보증_매입보장약정,1000000000,국내증권사,B,SF205,각주항목(09.06월 이후)
27954,202212,0010113,유안타증권주식회사,A3,채무보증_채무인수약정,0,국내증권사,B,SF205,각주항목(09.06월 이후)
27955,202212,0010113,유안타증권주식회사,A5,채무보증_매입확약,606700000000,국내증권사,B,SF205,각주항목(09.06월 이후)
27956,202212,0010113,유안타증권주식회사,A6,채무보증_기타,0,국내증권사,B,SF205,각주항목(09.06월 이후)
27957,202212,0010113,유안타증권주식회사,B,투자자의 예수증권 등,29178999786979,국내증권사,B,SF205,각주항목(09.06월 이후)
27958,202212,0010113,유안타증권주식회사,B1,투자자의 예수증권 등_예수 증권,29178999786979,국내증권사,B,SF205,각주항목(09.06월 이후)
27959,202212,0010113,유안타증권주식회사,B2,투자자의 예수증권 등_예수양도성예금증서,0,국내증권사,B,SF205,각주항목(09.06월 이후)
27960,202212,0010113,유안타증권주식회사,B3,투자자의 예수증권 등_기타,0,국내증권사,B,SF205,각주항목(09.06월 이후)
27961,202212,0010113,유안타증권주식회사,C,파생상품계약,10245062524460,국내증권사,B,SF205,각주항목(09.06월 이후)
27962,202212,0010113,유안타증권주식회사,C1,파생상품계약_장내파생상품,2604764224083,국내증권사,B,SF205,각주항목(09.06월 이후)
27963,202212,0010113,유안타증권주식회사,C11,파생상품계약_장내파생상품_이자율관련거래,683283775144,국내증권사,B,SF205,각주항목(09.06월 이후)
27964,202212,0010113,유안타증권주식회사,C12,파생상품계약_장내파생상품_통화관련거래,76762720000,국내증권사,B,SF205,각주항목(09.06월 이후)
27965,202212,0010113,유안타증권주식회사,C13,파생상품계약_장내파생상품_주식관련거래,1844717728939,국내증권사,B,SF205,각주항목(09.06월 이후)
27966,202212,0010113,유안타증권주식회사,C14,파생상품계약_장내파생상품_일반상품관련거래,0,국내증권사,B,SF205,각주항목(09.06월 이후)
27967,202212,0010113,유안타증권주식회사,C15,파생상품계약_장내파생상품_기타,0,국내증권사,B,SF205,각주항목(09.06월 이후)
27968,202212,0010113,유안타증권주식회사,C2,파생상품계약_장외파생상품,7640298300377,국내증권사,B,SF205,각주항목(09.06월 이후)
27969,202212,0010113,유안타증권주식회사,C21,파생상품계약_장외파생상품_이자율관련거래,3298027300000,국내증권사,B,SF205,각주항목(09.06월 이후)
27970,202212,0010113,유안타증권주식회사,C22,파생상품계약_장외파생상품_통화관련거래,1143225909002,국내증권사,B,SF205,각주항목(09.06월 이후)
27971,202212,0010113,유안타증권주식회사,C23,파생상품계약_장외파생상품_주식관련거래,928167533894,국내증권사,B,SF205,각주항목(09.06월 이후)
27972,202212,0010113,유안타증권주식회사,C24,파생상품계약_장외파생상품_신용관련거래,2232858557481,국내증권사,B,SF205,각주항목(09.06월 이후)
27973,202212,0010113,유안타증권주식회사,C25,파생상품계약_장외파생상품_기타,38019000000,국내증권사,B,SF205,각주항목(09.06월 이후)
27974,202212,0010113,유안타증권주식회사,D,대차 및 대주거래,833845564864,국내증권사,B,SF205,각주항목(09.06월 이후)
27975,202212,0010113,유안타증권주식회사,D1,대차 및 대주거래_대여증권,0,국내증권사,B,SF205,각주항목(09.06월 이후)
27976,202212,0010113,유안타증권주식회사,D2,대차 및 대주거래_차입증권,833845564864,국내증권사,B,SF205,각주항목(09.06월 이후)
27977,202212,0010113,유안타증권주식회사,D3,대차 및 대주거래_신용거래대주, ,국내증권사,B,SF205,각주항목(09.06월 이후)
27978,202212,0010113,유안타증권주식회사,E,대손상각채권,872560939044,국내증권사,B,SF205,각주항목(09.06월 이후)
27979,202212,0010113,유안타증권주식회사,F,환전업무 예치금,0,국내증권사,B,SF205,각주항목(09.06월 이후)
27980,202212,0010113,유안타증권주식회사,G,미배당별도예치금,7284860676,국내증권사,B,SF205,각주항목(09.06월 이후)
27981,202212,0010113,유안타증권주식회사,H,배서어음매출(종금계정),0,국내증권사,B,SF205,각주항목(09.06월 이후)
27982,202212,0010113,유안타증권주식회사,H1,대출채권매매이익_담보부, ,국내증권사,B,SF205,각주항목(09.06월 이후)
27983,202212,0010113,유안타증권주식회사,H2,대출채권매매이익_무담보부,0,국내증권사,B,SF205,각주항목(09.06월 이후)
27984,202303,0010113,유안타증권주식회사,A,채무보증,573300000000,국내증권사,B,SF205,각주항목(09.06월 이후)
27985,202303,0010113,유안타증권주식회사,A1,채무보증_지급보증,0,국내증권사,B,SF205,각주항목(09.06월 이후)
27986,202303,0010113,유안타증권주식회사,A2,채무보증_매입보장약정,0,국내증권사,B,SF205,각주항목(09.06월 이후)
27987,202303,0010113,유안타증권주식회사,A3,채무보증_채무인수약정,0,국내증권사,B,SF205,각주항목(09.06월 이후)
27988,202303,0010113,유안타증권주식회사,A5,채무보증_매입확약,573300000000,국내증권사,B,SF205,각주항목(09.06월 이후)
27989,202303,0010113,유안타증권주식회사,A6,채무보증_기타,0,국내증권사,B,SF205,각주항목(09.06월 이후)
27990,202303,0010113,유안타증권주식회사,B,투자자의 예수증권 등,32258667308877,국내증권사,B,SF205,각주항목(09.06월 이후)
27991,202303,0010113,유안타증권주식회사,B1,투자자의 예수증권 등_예수 증권,32258667308877,국내증권사,B,SF205,각주항목(09.06월 이후)
27992,202303,0010113,유안타증권주식회사,B2,투자자의 예수증권 등_예수양도성예금증서,0,국내증권사,B,SF205,각주항목(09.06월 이후)
27993,202303,0010113,유안타증권주식회사,B3,투자자의 예수증권 등_기타,0,국내증권사,B,SF205,각주항목(09.06월 이후)
27994,202303,0010113,유안타증권주식회사,C,파생상품계약,11048508468127,국내증권사,B,SF205,각주항목(09.06월 이후)
27995,202303,0010113,유안타증권주식회사,C1,파생상품계약_장내파생상품,3260513576710,국내증권사,B,SF205,각주항목(09.06월 이후)
27996,202303,0010113,유안타증권주식회사,C11,파생상품계약_장내파생상품_이자율관련거래,690740261125,국내증권사,B,SF205,각주항목(09.06월 이후)
27997,202303,0010113,유안타증권주식회사,C12,파생상품계약_장내파생상품_통화관련거래,86046268000,국내증권사,B,SF205,각주항목(09.06월 이후)
27998,202303,0010113,유안타증권주식회사,C13,파생상품계약_장내파생상품_주식관련거래,2483727047585,국내증권사,B,SF205,각주항목(09.06월 이후)
27999,202303,0010113,유안타증권주식회사,C14,파생상품계약_장내파생상품_일반상품관련거래,0,국내증권사,B,SF205,각주항목(09.06월 이후)
28000,202303,0010113,유안타증권주식회사,C15,파생상품계약_장내파생상품_기타,0,국내증권사,B,SF205,각주항목(09.06월 이후)
28001,202303,0010113,유안타증권주식회사,C2,파생상품계약_장외파생상품,7787994891417,국내증권사,B,SF205,각주항목(09.06월 이후)
28002,202303,0010113,유안타증권주식회사,C21,파생상품계약_장외파생상품_이자율관련거래,3205363800000,국내증권사,B,SF205,각주항목(09.06월 이후)
28003,202303,0010113,유안타증권주식회사,C22,파생상품계약_장외파생상품_통화관련거래,1135050475240,국내증권사,B,SF205,각주항목(09.06월 이후)
28004,202303,0010113,유안타증권주식회사,C23,파생상품계약_장외파생상품_주식관련거래,1041423034039,국내증권사,B,SF205,각주항목(09.06월 이후)
28005,202303,0010113,유안타증권주식회사,C24,파생상품계약_장외파생상품_신용관련거래,2367043582138,국내증권사,B,SF205,각주항목(09.06월 이후)
28006,202303,0010113,유안타증권주식회사,C25,파생상품계약_장외파생상품_기타,39114000000,국내증권사,B,SF205,각주항목(09.06월 이후)
28007,202303,0010113,유안타증권주식회사,D,대차 및 대주거래,880921373515,국내증권사,B,SF205,각주항목(09.06월 이후)
28008,202303,0010113,유안타증권주식회사,D1,대차 및 대주거래_대여증권,0,국내증권사,B,SF205,각주항목(09.06월 이후)
28009,202303,0010113,유안타증권주식회사,D2,대차 및 대주거래_차입증권,880921373515,국내증권사,B,SF205,각주항목(09.06월 이후)
28010,202303,0010113,유안타증권주식회사,D3,대차 및 대주거래_신용거래대주, ,국내증권사,B,SF205,각주항목(09.06월 이후)
28011,202303,0010113,유안타증권주식회사,E,대손상각채권,872560939044,국내증권사,B,SF205,각주항목(09.06월 이후)
28012,202303,0010113,유안타증권주식회사,F,환전업무 예치금,0,국내증권사,B,SF205,각주항목(09.06월 이후)
28013,202303,0010113,유안타증권주식회사,G,미배당별도예치금,8233411355,국내증권사,B,SF205,각주항목(09.06월 이후)
28014,202303,0010113,유안타증권주식회사,H,배서어음매출(종금계정),0,국내증권사,B,SF205,각주항목(09.06월 이후)
28015,202303,0010113,유안타증권주식회사,H1,대출채권매매이익_담보부, ,국내증권사,B,SF205,각주항목(09.06월 이후)
28016,202303,0010113,유안타증권주식회사,H2,대출채권매매이익_무담보부,0,국내증권사,B,SF205,각주항목(09.06월 이후)
28017,202306,0010113,유안타증권주식회사,A,채무보증,622260000000,국내증권사,B,SF205,각주항목(09.06월 이후)
28018,202306,0010113,유안타증권주식회사,A1,채무보증_지급보증,0,국내증권사,B,SF205,각주항목(09.06월 이후)
28019,202306,0010113,유안타증권주식회사,A2,채무보증_매입보장약정,71000000000,국내증권사,B,SF205,각주항목(09.06월 이후)
28020,202306,0010113,유안타증권주식회사,A3,채무보증_채무인수약정,0,국내증권사,B,SF205,각주항목(09.06월 이후)
28021,202306,0010113,유안타증권주식회사,A5,채무보증_매입확약,551260000000,국내증권사,B,SF205,각주항목(09.06월 이후)
28022,202306,0010113,유안타증권주식회사,A6,채무보증_기타,0,국내증권사,B,SF205,각주항목(09.06월 이후)
28023,202306,0010113,유안타증권주식회사,B,투자자의 예수증권 등,32350637921046,국내증권사,B,SF205,각주항목(09.06월 이후)
28024,202306,0010113,유안타증권주식회사,B1,투자자의 예수증권 등_예수 증권,32350637921046,국내증권사,B,SF205,각주항목(09.06월 이후)
28025,202306,0010113,유안타증권주식회사,B2,투자자의 예수증권 등_예수양도성예금증서,0,국내증권사,B,SF205,각주항목(09.06월 이후)
28026,202306,0010113,유안타증권주식회사,B3,투자자의 예수증권 등_기타,0,국내증권사,B,SF205,각주항목(09.06월 이후)
28027,202306,0010113,유안타증권주식회사,C,파생상품계약,12631634028987,국내증권사,B,SF205,각주항목(09.06월 이후)
28028,202306,0010113,유안타증권주식회사,C1,파생상품계약_장내파생상품,4293373975946,국내증권사,B,SF205,각주항목(09.06월 이후)
28029,202306,0010113,유안타증권주식회사,C11,파생상품계약_장내파생상품_이자율관련거래,1167148420223,국내증권사,B,SF205,각주항목(09.06월 이후)
28030,202306,0010113,유안타증권주식회사,C12,파생상품계약_장내파생상품_통화관련거래,92354197000,국내증권사,B,SF205,각주항목(09.06월 이후)
28031,202306,0010113,유안타증권주식회사,C13,파생상품계약_장내파생상품_주식관련거래,3033871358723,국내증권사,B,SF205,각주항목(09.06월 이후)
28032,202306,0010113,유안타증권주식회사,C14,파생상품계약_장내파생상품_일반상품관련거래,0,국내증권사,B,SF205,각주항목(09.06월 이후)
28033,202306,0010113,유안타증권주식회사,C15,파생상품계약_장내파생상품_기타,0,국내증권사,B,SF205,각주항목(09.06월 이후)
28034,202306,0010113,유안타증권주식회사,C2,파생상품계약_장외파생상품,8338260053041,국내증권사,B,SF205,각주항목(09.06월 이후)
28035,202306,0010113,유안타증권주식회사,C21,파생상품계약_장외파생상품_이자율관련거래,3828438628676,국내증권사,B,SF205,각주항목(09.06월 이후)
28036,202306,0010113,유안타증권주식회사,C22,파생상품계약_장외파생상품_통화관련거래,876605845767,국내증권사,B,SF205,각주항목(09.06월 이후)
28037,202306,0010113,유안타증권주식회사,C23,파생상품계약_장외파생상품_주식관련거래,1373824773942,국내증권사,B,SF205,각주항목(09.06월 이후)
28038,202306,0010113,유안타증권주식회사,C24,파생상품계약_장외파생상품_신용관련거래,2219906804656,국내증권사,B,SF205,각주항목(09.06월 이후)
28039,202306,0010113,유안타증권주식회사,C25,파생상품계약_장외파생상품_기타,39484000000,국내증권사,B,SF205,각주항목(09.06월 이후)
28040,202306,0010113,유안타증권주식회사,D,대차 및 대주거래,1056290589918,국내증권사,B,SF205,각주항목(09.06월 이후)
28041,202306,0010113,유안타증권주식회사,D1,대차 및 대주거래_대여증권,0,국내증권사,B,SF205,각주항목(09.06월 이후)
28042,202306,0010113,유안타증권주식회사,D2,대차 및 대주거래_차입증권,1056290589918,국내증권사,B,SF205,각주항목(09.06월 이후)
28043,202306,0010113,유안타증권주식회사,D3,대차 및 대주거래_신용거래대주, ,국내증권사,B,SF205,각주항목(09.06월 이후)
28044,202306,0010113,유안타증권주식회사,E,대손상각채권,872560939044,국내증권사,B,SF205,각주항목(09.06월 이후)
28045,202306,0010113,유안타증권주식회사,F,환전업무 예치금,0,국내증권사,B,SF205,각주항목(09.06월 이후)
28046,202306,0010113,유안타증권주식회사,G,미배당별도예치금,9184570823,국내증권사,B,SF205,각주항목(09.06월 이후)
28047,202306,0010113,유안타증권주식회사,H,배서어음매출(종금계정),0,국내증권사,B,SF205,각주항목(09.06월 이후)
28048,202306,0010113,유안타증권주식회사,H1,대출채권매매이익_담보부, ,국내증권사,B,SF205,각주항목(09.06월 이후)
28049,202306,0010113,유안타증권주식회사,H2,대출채권매매이익_무담보부,0,국내증권사,B,SF205,각주항목(09.06월 이후)
28050,202309,0010113,유안타증권주식회사,A,채무보증,526210000000,국내증권사,B,SF205,각주항목(09.06월 이후)
28051,202309,0010113,유안타증권주식회사,A1,채무보증_지급보증,0,국내증권사,B,SF205,각주항목(09.06월 이후)
28052,202309,0010113,유안타증권주식회사,A2,채무보증_매입보장약정,0,국내증권사,B,SF205,각주항목(09.06월 이후)
28053,202309,0010113,유안타증권주식회사,A3,채무보증_채무인수약정,0,국내증권사,B,SF205,각주항목(09.06월 이후)
28054,202309,0010113,유안타증권주식회사,A5,채무보증_매입확약,526210000000,국내증권사,B,SF205,각주항목(09.06월 이후)
28055,202309,0010113,유안타증권주식회사,A6,채무보증_기타,0,국내증권사,B,SF205,각주항목(09.06월 이후)
28056,202309,0010113,유안타증권주식회사,B,투자자의 예수증권 등,31500093509105,국내증권사,B,SF205,각주항목(09.06월 이후)
28057,202309,0010113,유안타증권주식회사,B1,투자자의 예수증권 등_예수 증권,31500093509105,국내증권사,B,SF205,각주항목(09.06월 이후)
28058,202309,0010113,유안타증권주식회사,B2,투자자의 예수증권 등_예수양도성예금증서,0,국내증권사,B,SF205,각주항목(09.06월 이후)
28059,202309,0010113,유안타증권주식회사,B3,투자자의 예수증권 등_기타,0,국내증권사,B,SF205,각주항목(09.06월 이후)
28060,202309,0010113,유안타증권주식회사,C,파생상품계약,12573526088441,국내증권사,B,SF205,각주항목(09.06월 이후)
28061,202309,0010113,유안타증권주식회사,C1,파생상품계약_장내파생상품,2963969421399,국내증권사,B,SF205,각주항목(09.06월 이후)
28062,202309,0010113,유안타증권주식회사,C11,파생상품계약_장내파생상품_이자율관련거래,618411516871,국내증권사,B,SF205,각주항목(09.06월 이후)
28063,202309,0010113,유안타증권주식회사,C12,파생상품계약_장내파생상품_통화관련거래,68556180000,국내증권사,B,SF205,각주항목(09.06월 이후)
28064,202309,0010113,유안타증권주식회사,C13,파생상품계약_장내파생상품_주식관련거래,2277001724528,국내증권사,B,SF205,각주항목(09.06월 이후)
28065,202309,0010113,유안타증권주식회사,C14,파생상품계약_장내파생상품_일반상품관련거래,0,국내증권사,B,SF205,각주항목(09.06월 이후)
28066,202309,0010113,유안타증권주식회사,C15,파생상품계약_장내파생상품_기타,0,국내증권사,B,SF205,각주항목(09.06월 이후)
28067,202309,0010113,유안타증권주식회사,C2,파생상품계약_장외파생상품,9609556667042,국내증권사,B,SF205,각주항목(09.06월 이후)
28068,202309,0010113,유안타증권주식회사,C21,파생상품계약_장외파생상품_이자율관련거래,5139353460381,국내증권사,B,SF205,각주항목(09.06월 이후)
28069,202309,0010113,유안타증권주식회사,C22,파생상품계약_장외파생상품_통화관련거래,1119301536730,국내증권사,B,SF205,각주항목(09.06월 이후)
28070,202309,0010113,유안타증권주식회사,C23,파생상품계약_장외파생상품_주식관련거래,1126889134008,국내증권사,B,SF205,각주항목(09.06월 이후)
28071,202309,0010113,유안타증권주식회사,C24,파생상품계약_장외파생상품_신용관련거래,2185512535923,국내증권사,B,SF205,각주항목(09.06월 이후)
28072,202309,0010113,유안타증권주식회사,C25,파생상품계약_장외파생상품_기타,38500000000,국내증권사,B,SF205,각주항목(09.06월 이후)
28073,202309,0010113,유안타증권주식회사,D,대차 및 대주거래,1047773602515,국내증권사,B,SF205,각주항목(09.06월 이후)
28074,202309,0010113,유안타증권주식회사,D1,대차 및 대주거래_대여증권,0,국내증권사,B,SF205,각주항목(09.06월 이후)
28075,202309,0010113,유안타증권주식회사,D2,대차 및 대주거래_차입증권,1047773602515,국내증권사,B,SF205,각주항목(09.06월 이후)
28076,202309,0010113,유안타증권주식회사,D3,대차 및 대주거래_신용거래대주, ,국내증권사,B,SF205,각주항목(09.06월 이후)
28077,202309,0010113,유안타증권주식회사,E,대손상각채권,872762045107,국내증권사,B,SF205,각주항목(09.06월 이후)
28078,202309,0010113,유안타증권주식회사,F,환전업무 예치금,0,국내증권사,B,SF205,각주항목(09.06월 이후)
28079,202309,0010113,유안타증권주식회사,G,미배당별도예치금,7199600011,국내증권사,B,SF205,각주항목(09.06월 이후)
28080,202309,0010113,유안타증권주식회사,H,배서어음매출(종금계정),0,국내증권사,B,SF205,각주항목(09.06월 이후)
28081,202309,0010113,유안타증권주식회사,H1,대출채권매매이익_담보부, ,국내증권사,B,SF205,각주항목(09.06월 이후)
28082,202309,0010113,유안타증권주식회사,H2,대출채권매매이익_무담보부,0,국내증권사,B,SF205,각주항목(09.06월 이후)
28083,202312,0010113,유안타증권주식회사,A,채무보증,492040000000,국내증권사,B,SF205,각주항목(09.06월 이후)
28084,202312,0010113,유안타증권주식회사,A1,채무보증_지급보증,0,국내증권사,B,SF205,각주항목(09.06월 이후)
28085,202312,0010113,유안타증권주식회사,A2,채무보증_매입보장약정,28500000000,국내증권사,B,SF205,각주항목(09.06월 이후)
28086,202312,0010113,유안타증권주식회사,A3,채무보증_채무인수약정,0,국내증권사,B,SF205,각주항목(09.06월 이후)
28087,202312,0010113,유안타증권주식회사,A5,채무보증_매입확약,463540000000,국내증권사,B,SF205,각주항목(09.06월 이후)
28088,202312,0010113,유안타증권주식회사,A6,채무보증_기타,0,국내증권사,B,SF205,각주항목(09.06월 이후)
28089,202312,0010113,유안타증권주식회사,B,투자자의 예수증권 등,33095851566528,국내증권사,B,SF205,각주항목(09.06월 이후)
28090,202312,0010113,유안타증권주식회사,B1,투자자의 예수증권 등_예수 증권,33095851566528,국내증권사,B,SF205,각주항목(09.06월 이후)
28091,202312,0010113,유안타증권주식회사,B2,투자자의 예수증권 등_예수양도성예금증서,0,국내증권사,B,SF205,각주항목(09.06월 이후)
28092,202312,0010113,유안타증권주식회사,B3,투자자의 예수증권 등_기타,0,국내증권사,B,SF205,각주항목(09.06월 이후)
28093,202312,0010113,유안타증권주식회사,C,파생상품계약,13731375478900,국내증권사,B,SF205,각주항목(09.06월 이후)
28094,202312,0010113,유안타증권주식회사,C1,파생상품계약_장내파생상품,3146257588375,국내증권사,B,SF205,각주항목(09.06월 이후)
28095,202312,0010113,유안타증권주식회사,C11,파생상품계약_장내파생상품_이자율관련거래,1350383861053,국내증권사,B,SF205,각주항목(09.06월 이후)
28096,202312,0010113,유안타증권주식회사,C12,파생상품계약_장내파생상품_통화관련거래,78317825775,국내증권사,B,SF205,각주항목(09.06월 이후)
28097,202312,0010113,유안타증권주식회사,C13,파생상품계약_장내파생상품_주식관련거래,1717555901547,국내증권사,B,SF205,각주항목(09.06월 이후)
28098,202312,0010113,유안타증권주식회사,C14,파생상품계약_장내파생상품_일반상품관련거래,0,국내증권사,B,SF205,각주항목(09.06월 이후)
28099,202312,0010113,유안타증권주식회사,C15,파생상품계약_장내파생상품_기타,0,국내증권사,B,SF205,각주항목(09.06월 이후)
28100,202312,0010113,유안타증권주식회사,C2,파생상품계약_장외파생상품,10585117890525,국내증권사,B,SF205,각주항목(09.06월 이후)
28101,202312,0010113,유안타증권주식회사,C21,파생상품계약_장외파생상품_이자율관련거래,6376469400000,국내증권사,B,SF205,각주항목(09.06월 이후)
28102,202312,0010113,유안타증권주식회사,C22,파생상품계약_장외파생상품_통화관련거래,963900755455,국내증권사,B,SF205,각주항목(09.06월 이후)
28103,202312,0010113,유안타증권주식회사,C23,파생상품계약_장외파생상품_주식관련거래,1546430596961,국내증권사,B,SF205,각주항목(09.06월 이후)
28104,202312,0010113,유안타증권주식회사,C24,파생상품계약_장외파생상품_신용관련거래,1659535138109,국내증권사,B,SF205,각주항목(09.06월 이후)
28105,202312,0010113,유안타증권주식회사,C25,파생상품계약_장외파생상품_기타,38782000000,국내증권사,B,SF205,각주항목(09.06월 이후)
28106,202312,0010113,유안타증권주식회사,D,대차 및 대주거래,1275363719019,국내증권사,B,SF205,각주항목(09.06월 이후)
28107,202312,0010113,유안타증권주식회사,D1,대차 및 대주거래_대여증권,0,국내증권사,B,SF205,각주항목(09.06월 이후)
28108,202312,0010113,유안타증권주식회사,D2,대차 및 대주거래_차입증권,1275363719019,국내증권사,B,SF205,각주항목(09.06월 이후)
28109,202312,0010113,유안타증권주식회사,D3,대차 및 대주거래_신용거래대주, ,국내증권사,B,SF205,각주항목(09.06월 이후)
28110,202312,0010113,유안타증권주식회사,E,대손상각채권,877966830270,국내증권사,B,SF205,각주항목(09.06월 이후)
28111,202312,0010113,유안타증권주식회사,F,환전업무 예치금,0,국내증권사,B,SF205,각주항목(09.06월 이후)
28112,202312,0010113,유안타증권주식회사,G,미배당별도예치금,8112243141,국내증권사,B,SF205,각주항목(09.06월 이후)
28113,202312,0010113,유안타증권주식회사,H,배서어음매출(종금계정),0,국내증권사,B,SF205,각주항목(09.06월 이후)
28114,202312,0010113,유안타증권주식회사,H1,대출채권매매이익_담보부, ,국내증권사,B,SF205,각주항목(09.06월 이후)
28115,202312,0010113,유안타증권주식회사,H2,대출채권매매이익_무담보부,0,국내증권사,B,SF205,각주항목(09.06월 이후)
28116,202403,0010113,유안타증권주식회사,A,채무보증,508020000000,국내증권사,B,SF205,각주항목(09.06월 이후)
28117,202403,0010113,유안타증권주식회사,A1,채무보증_지급보증,0,국내증권사,B,SF205,각주항목(09.06월 이후)
28118,202403,0010113,유안타증권주식회사,A2,채무보증_매입보장약정,0,국내증권사,B,SF205,각주항목(09.06월 이후)
28119,202403,0010113,유안타증권주식회사,A3,채무보증_채무인수약정,0,국내증권사,B,SF205,각주항목(09.06월 이후)
28120,202403,0010113,유안타증권주식회사,A5,채무보증_매입확약,508020000000,국내증권사,B,SF205,각주항목(09.06월 이후)
28121,202403,0010113,유안타증권주식회사,A6,채무보증_기타,0,국내증권사,B,SF205,각주항목(09.06월 이후)
28122,202403,0010113,유안타증권주식회사,B,투자자의 예수증권 등,35395416673288,국내증권사,B,SF205,각주항목(09.06월 이후)
28123,202403,0010113,유안타증권주식회사,B1,투자자의 예수증권 등_예수 증권,35395416673288,국내증권사,B,SF205,각주항목(09.06월 이후)
28124,202403,0010113,유안타증권주식회사,B2,투자자의 예수증권 등_예수양도성예금증서,0,국내증권사,B,SF205,각주항목(09.06월 이후)
28125,202403,0010113,유안타증권주식회사,B3,투자자의 예수증권 등_기타,0,국내증권사,B,SF205,각주항목(09.06월 이후)
28126,202403,0010113,유안타증권주식회사,C,파생상품계약,13495057581839,국내증권사,B,SF205,각주항목(09.06월 이후)
28127,202403,0010113,유안타증권주식회사,C1,파생상품계약_장내파생상품,2415952562025,국내증권사,B,SF205,각주항목(09.06월 이후)
28128,202403,0010113,유안타증권주식회사,C11,파생상품계약_장내파생상품_이자율관련거래,751072357716,국내증권사,B,SF205,각주항목(09.06월 이후)
28129,202403,0010113,유안타증권주식회사,C12,파생상품계약_장내파생상품_통화관련거래,98354080650,국내증권사,B,SF205,각주항목(09.06월 이후)
28130,202403,0010113,유안타증권주식회사,C13,파생상품계약_장내파생상품_주식관련거래,1566526123659,국내증권사,B,SF205,각주항목(09.06월 이후)
28131,202403,0010113,유안타증권주식회사,C14,파생상품계약_장내파생상품_일반상품관련거래,0,국내증권사,B,SF205,각주항목(09.06월 이후)
28132,202403,0010113,유안타증권주식회사,C15,파생상품계약_장내파생상품_기타,0,국내증권사,B,SF205,각주항목(09.06월 이후)
28133,202403,0010113,유안타증권주식회사,C2,파생상품계약_장외파생상품,11079105019814,국내증권사,B,SF205,각주항목(09.06월 이후)
28134,202403,0010113,유안타증권주식회사,C21,파생상품계약_장외파생상품_이자율관련거래,7453781525000,국내증권사,B,SF205,각주항목(09.06월 이후)
28135,202403,0010113,유안타증권주식회사,C22,파생상품계약_장외파생상품_통화관련거래,783128285646,국내증권사,B,SF205,각주항목(09.06월 이후)
28136,202403,0010113,유안타증권주식회사,C23,파생상품계약_장외파생상품_주식관련거래,1066643268776,국내증권사,B,SF205,각주항목(09.06월 이후)
28137,202403,0010113,유안타증권주식회사,C24,파생상품계약_장외파생상품_신용관련거래,1735047940392,국내증권사,B,SF205,각주항목(09.06월 이후)
28138,202403,0010113,유안타증권주식회사,C25,파생상품계약_장외파생상품_기타,40504000000,국내증권사,B,SF205,각주항목(09.06월 이후)
28139,202403,0010113,유안타증권주식회사,D,대차 및 대주거래,1350886298778,국내증권사,B,SF205,각주항목(09.06월 이후)
28140,202403,0010113,유안타증권주식회사,D1,대차 및 대주거래_대여증권,0,국내증권사,B,SF205,각주항목(09.06월 이후)
28141,202403,0010113,유안타증권주식회사,D2,대차 및 대주거래_차입증권,1350886298778,국내증권사,B,SF205,각주항목(09.06월 이후)
28142,202403,0010113,유안타증권주식회사,D3,대차 및 대주거래_신용거래대주, ,국내증권사,B,SF205,각주항목(09.06월 이후)
28143,202403,0010113,유안타증권주식회사,E,대손상각채권,877966830270,국내증권사,B,SF205,각주항목(09.06월 이후)
28144,202403,0010113,유안타증권주식회사,F,환전업무 예치금,0,국내증권사,B,SF205,각주항목(09.06월 이후)
28145,202403,0010113,유안타증권주식회사,G,미배당별도예치금,9339770769,국내증권사,B,SF205,각주항목(09.06월 이후)
28146,202403,0010113,유안타증권주식회사,H,배서어음매출(종금계정),0,국내증권사,B,SF205,각주항목(09.06월 이후)
28147,202403,0010113,유안타증권주식회사,H1,대출채권매매이익_담보부, ,국내증권사,B,SF205,각주항목(09.06월 이후)
28148,202403,0010113,유안타증권주식회사,H2,대출채권매매이익_무담보부,0,국내증권사,B,SF205,각주항목(09.06월 이후)
28149,202406,0010113,유안타증권주식회사,A,채무보증,500110000000,국내증권사,B,SF205,각주항목(09.06월 이후)
28150,202406,0010113,유안타증권주식회사,A1,채무보증_지급보증,0,국내증권사,B,SF205,각주항목(09.06월 이후)
28151,202406,0010113,유안타증권주식회사,A2,채무보증_매입보장약정,0,국내증권사,B,SF205,각주항목(09.06월 이후)
28152,202406,0010113,유안타증권주식회사,A3,채무보증_채무인수약정,0,국내증권사,B,SF205,각주항목(09.06월 이후)
28153,202406,0010113,유안타증권주식회사,A5,채무보증_매입확약,500110000000,국내증권사,B,SF205,각주항목(09.06월 이후)
28154,202406,0010113,유안타증권주식회사,A6,채무보증_기타,0,국내증권사,B,SF205,각주항목(09.06월 이후)
28155,202406,0010113,유안타증권주식회사,B,투자자의 예수증권 등,36146924774708,국내증권사,B,SF205,각주항목(09.06월 이후)
28156,202406,0010113,유안타증권주식회사,B1,투자자의 예수증권 등_예수 증권,36146924774708,국내증권사,B,SF205,각주항목(09.06월 이후)
28157,202406,0010113,유안타증권주식회사,B2,투자자의 예수증권 등_예수양도성예금증서,0,국내증권사,B,SF205,각주항목(09.06월 이후)
28158,202406,0010113,유안타증권주식회사,B3,투자자의 예수증권 등_기타,0,국내증권사,B,SF205,각주항목(09.06월 이후)
28159,202406,0010113,유안타증권주식회사,C,파생상품계약,13741456901959,국내증권사,B,SF205,각주항목(09.06월 이후)
28160,202406,0010113,유안타증권주식회사,C1,파생상품계약_장내파생상품,2915874149531,국내증권사,B,SF205,각주항목(09.06월 이후)
28161,202406,0010113,유안타증권주식회사,C11,파생상품계약_장내파생상품_이자율관련거래,884617995437,국내증권사,B,SF205,각주항목(09.06월 이후)
28162,202406,0010113,유안타증권주식회사,C12,파생상품계약_장내파생상품_통화관련거래,74693478650,국내증권사,B,SF205,각주항목(09.06월 이후)
28163,202406,0010113,유안타증권주식회사,C13,파생상품계약_장내파생상품_주식관련거래,1956562675444,국내증권사,B,SF205,각주항목(09.06월 이후)
28164,202406,0010113,유안타증권주식회사,C14,파생상품계약_장내파생상품_일반상품관련거래,0,국내증권사,B,SF205,각주항목(09.06월 이후)
28165,202406,0010113,유안타증권주식회사,C15,파생상품계약_장내파생상품_기타,0,국내증권사,B,SF205,각주항목(09.06월 이후)
28166,202406,0010113,유안타증권주식회사,C2,파생상품계약_장외파생상품,10825582752428,국내증권사,B,SF205,각주항목(09.06월 이후)
28167,202406,0010113,유안타증권주식회사,C21,파생상품계약_장외파생상품_이자율관련거래,7600126762500,국내증권사,B,SF205,각주항목(09.06월 이후)
28168,202406,0010113,유안타증권주식회사,C22,파생상품계약_장외파생상품_통화관련거래,810507897647,국내증권사,B,SF205,각주항목(09.06월 이후)
28169,202406,0010113,유안타증권주식회사,C23,파생상품계약_장외파생상품_주식관련거래,801844627137,국내증권사,B,SF205,각주항목(09.06월 이후)
28170,202406,0010113,유안타증권주식회사,C24,파생상품계약_장외파생상품_신용관련거래,1571327465144,국내증권사,B,SF205,각주항목(09.06월 이후)
28171,202406,0010113,유안타증권주식회사,C25,파생상품계약_장외파생상품_기타,41776000000,국내증권사,B,SF205,각주항목(09.06월 이후)
28172,202406,0010113,유안타증권주식회사,D,대차 및 대주거래,1228287581677,국내증권사,B,SF205,각주항목(09.06월 이후)
28173,202406,0010113,유안타증권주식회사,D1,대차 및 대주거래_대여증권,0,국내증권사,B,SF205,각주항목(09.06월 이후)
28174,202406,0010113,유안타증권주식회사,D2,대차 및 대주거래_차입증권,1228287581677,국내증권사,B,SF205,각주항목(09.06월 이후)
28175,202406,0010113,유안타증권주식회사,D3,대차 및 대주거래_신용거래대주, ,국내증권사,B,SF205,각주항목(09.06월 이후)
28176,202406,0010113,유안타증권주식회사,E,대손상각채권,877966830270,국내증권사,B,SF205,각주항목(09.06월 이후)
28177,202406,0010113,유안타증권주식회사,F,환전업무 예치금,0,국내증권사,B,SF205,각주항목(09.06월 이후)
28178,202406,0010113,유안타증권주식회사,G,미배당별도예치금,10078377972,국내증권사,B,SF205,각주항목(09.06월 이후)
28179,202406,0010113,유안타증권주식회사,H,배서어음매출(종금계정),0,국내증권사,B,SF205,각주항목(09.06월 이후)
28180,202406,0010113,유안타증권주식회사,H1,대출채권매매이익_담보부, ,국내증권사,B,SF205,각주항목(09.06월 이후)
28181,202406,0010113,유안타증권주식회사,H2,대출채권매매이익_무담보부,0,국내증권사,B,SF205,각주항목(09.06월 이후)
28182,202409,0010113,유안타증권주식회사,A,채무보증,544610000000,국내증권사,B,SF205,각주항목(09.06월 이후)
28183,202409,0010113,유안타증권주식회사,A1,채무보증_지급보증,0,국내증권사,B,SF205,각주항목(09.06월 이후)
28184,202409,0010113,유안타증권주식회사,A2,채무보증_매입보장약정,0,국내증권사,B,SF205,각주항목(09.06월 이후)
28185,202409,0010113,유안타증권주식회사,A3,채무보증_채무인수약정,0,국내증권사,B,SF205,각주항목(09.06월 이후)
28186,202409,0010113,유안타증권주식회사,A5,채무보증_매입확약,539610000000,국내증권사,B,SF205,각주항목(09.06월 이후)
28187,202409,0010113,유안타증권주식회사,A6,채무보증_기타,5000000000,국내증권사,B,SF205,각주항목(09.06월 이후)
28188,202409,0010113,유안타증권주식회사,B,투자자의 예수증권 등,34230896020448,국내증권사,B,SF205,각주항목(09.06월 이후)
28189,202409,0010113,유안타증권주식회사,B1,투자자의 예수증권 등_예수 증권,34230896020448,국내증권사,B,SF205,각주항목(09.06월 이후)
28190,202409,0010113,유안타증권주식회사,B2,투자자의 예수증권 등_예수양도성예금증서,0,국내증권사,B,SF205,각주항목(09.06월 이후)
28191,202409,0010113,유안타증권주식회사,B3,투자자의 예수증권 등_기타,0,국내증권사,B,SF205,각주항목(09.06월 이후)
28192,202409,0010113,유안타증권주식회사,C,파생상품계약,14519622049320,국내증권사,B,SF205,각주항목(09.06월 이후)
28193,202409,0010113,유안타증권주식회사,C1,파생상품계약_장내파생상품,5280139828090,국내증권사,B,SF205,각주항목(09.06월 이후)
28194,202409,0010113,유안타증권주식회사,C11,파생상품계약_장내파생상품_이자율관련거래,2102889108217,국내증권사,B,SF205,각주항목(09.06월 이후)
28195,202409,0010113,유안타증권주식회사,C12,파생상품계약_장내파생상품_통화관련거래,77186950800,국내증권사,B,SF205,각주항목(09.06월 이후)
28196,202409,0010113,유안타증권주식회사,C13,파생상품계약_장내파생상품_주식관련거래,3100063769073,국내증권사,B,SF205,각주항목(09.06월 이후)
28197,202409,0010113,유안타증권주식회사,C14,파생상품계약_장내파생상품_일반상품관련거래,0,국내증권사,B,SF205,각주항목(09.06월 이후)
28198,202409,0010113,유안타증권주식회사,C15,파생상품계약_장내파생상품_기타,0,국내증권사,B,SF205,각주항목(09.06월 이후)
28199,202409,0010113,유안타증권주식회사,C2,파생상품계약_장외파생상품,9239482221230,국내증권사,B,SF205,각주항목(09.06월 이후)
28200,202409,0010113,유안타증권주식회사,C21,파생상품계약_장외파생상품_이자율관련거래,6080705612023,국내증권사,B,SF205,각주항목(09.06월 이후)
28201,202409,0010113,유안타증권주식회사,C22,파생상품계약_장외파생상품_통화관련거래,844623120987,국내증권사,B,SF205,각주항목(09.06월 이후)
28202,202409,0010113,유안타증권주식회사,C23,파생상품계약_장외파생상품_주식관련거래,767333525217,국내증권사,B,SF205,각주항목(09.06월 이후)
28203,202409,0010113,유안타증권주식회사,C24,파생상품계약_장외파생상품_신용관련거래,1507131963003,국내증권사,B,SF205,각주항목(09.06월 이후)
28204,202409,0010113,유안타증권주식회사,C25,파생상품계약_장외파생상품_기타,39688000000,국내증권사,B,SF205,각주항목(09.06월 이후)
28205,202409,0010113,유안타증권주식회사,D,대차 및 대주거래,1226875533825,국내증권사,B,SF205,각주항목(09.06월 이후)
28206,202409,0010113,유안타증권주식회사,D1,대차 및 대주거래_대여증권,0,국내증권사,B,SF205,각주항목(09.06월 이후)
28207,202409,0010113,유안타증권주식회사,D2,대차 및 대주거래_차입증권,1226875533825,국내증권사,B,SF205,각주항목(09.06월 이후)
28208,202409,0010113,유안타증권주식회사,D3,대차 및 대주거래_신용거래대주, ,국내증권사,B,SF205,각주항목(09.06월 이후)
28209,202409,0010113,유안타증권주식회사,E,대손상각채권,877966830270,국내증권사,B,SF205,각주항목(09.06월 이후)
28210,202409,0010113,유안타증권주식회사,F,환전업무 예치금,0,국내증권사,B,SF205,각주항목(09.06월 이후)
28211,202409,0010113,유안타증권주식회사,G,미배당별도예치금,6962240075,국내증권사,B,SF205,각주항목(09.06월 이후)
28212,202409,0010113,유안타증권주식회사,H,배서어음매출(종금계정),0,국내증권사,B,SF205,각주항목(09.06월 이후)
28213,202409,0010113,유안타증권주식회사,H1,대출채권매매이익_담보부, ,국내증권사,B,SF205,각주항목(09.06월 이후)
28214,202409,0010113,유안타증권주식회사,H2,대출채권매매이익_무담보부,0,국내증권사,B,SF205,각주항목(09.06월 이후)
28215,202412,0010113,유안타증권주식회사,A,채무보증,747110000000,국내증권사,B,SF205,각주항목(09.06월 이후)
28216,202412,0010113,유안타증권주식회사,A1,채무보증_지급보증,0,국내증권사,B,SF205,각주항목(09.06월 이후)
28217,202412,0010113,유안타증권주식회사,A2,채무보증_매입보장약정,0,국내증권사,B,SF205,각주항목(09.06월 이후)
28218,202412,0010113,유안타증권주식회사,A3,채무보증_채무인수약정,0,국내증권사,B,SF205,각주항목(09.06월 이후)
28219,202412,0010113,유안타증권주식회사,A5,채무보증_매입확약,721110000000,국내증권사,B,SF205,각주항목(09.06월 이후)
28220,202412,0010113,유안타증권주식회사,A6,채무보증_기타,26000000000,국내증권사,B,SF205,각주항목(09.06월 이후)
28221,202412,0010113,유안타증권주식회사,B,투자자의 예수증권 등,34287284390126,국내증권사,B,SF205,각주항목(09.06월 이후)
28222,202412,0010113,유안타증권주식회사,B1,투자자의 예수증권 등_예수 증권,34287284390126,국내증권사,B,SF205,각주항목(09.06월 이후)
28223,202412,0010113,유안타증권주식회사,B2,투자자의 예수증권 등_예수양도성예금증서,0,국내증권사,B,SF205,각주항목(09.06월 이후)
28224,202412,0010113,유안타증권주식회사,B3,투자자의 예수증권 등_기타,0,국내증권사,B,SF205,각주항목(09.06월 이후)
28225,202412,0010113,유안타증권주식회사,C,파생상품계약,14323561656794,국내증권사,B,SF205,각주항목(09.06월 이후)
28226,202412,0010113,유안타증권주식회사,C1,파생상품계약_장내파생상품,3919607763230,국내증권사,B,SF205,각주항목(09.06월 이후)
28227,202412,0010113,유안타증권주식회사,C11,파생상품계약_장내파생상품_이자율관련거래,1819644126290,국내증권사,B,SF205,각주항목(09.06월 이후)
28228,202412,0010113,유안타증권주식회사,C12,파생상품계약_장내파생상품_통화관련거래,87791910405,국내증권사,B,SF205,각주항목(09.06월 이후)
28229,202412,0010113,유안타증권주식회사,C13,파생상품계약_장내파생상품_주식관련거래,2012171726535,국내증권사,B,SF205,각주항목(09.06월 이후)
28230,202412,0010113,유안타증권주식회사,C14,파생상품계약_장내파생상품_일반상품관련거래,0,국내증권사,B,SF205,각주항목(09.06월 이후)
28231,202412,0010113,유안타증권주식회사,C15,파생상품계약_장내파생상품_기타,0,국내증권사,B,SF205,각주항목(09.06월 이후)
28232,202412,0010113,유안타증권주식회사,C2,파생상품계약_장외파생상품,10403953893564,국내증권사,B,SF205,각주항목(09.06월 이후)
28233,202412,0010113,유안타증권주식회사,C21,파생상품계약_장외파생상품_이자율관련거래,7583336412193,국내증권사,B,SF205,각주항목(09.06월 이후)
28234,202412,0010113,유안타증권주식회사,C22,파생상품계약_장외파생상품_통화관련거래,922048801000,국내증권사,B,SF205,각주항목(09.06월 이후)
28235,202412,0010113,유안타증권주식회사,C23,파생상품계약_장외파생상품_주식관련거래,753885402397,국내증권사,B,SF205,각주항목(09.06월 이후)
28236,202412,0010113,유안타증권주식회사,C24,파생상품계약_장외파생상품_신용관련거래,1144583277974,국내증권사,B,SF205,각주항목(09.06월 이후)
28237,202412,0010113,유안타증권주식회사,C25,파생상품계약_장외파생상품_기타,100000000,국내증권사,B,SF205,각주항목(09.06월 이후)
28238,202412,0010113,유안타증권주식회사,D,대차 및 대주거래,1321588819517,국내증권사,B,SF205,각주항목(09.06월 이후)
28239,202412,0010113,유안타증권주식회사,D1,대차 및 대주거래_대여증권,0,국내증권사,B,SF205,각주항목(09.06월 이후)
28240,202412,0010113,유안타증권주식회사,D2,대차 및 대주거래_차입증권,1321588819517,국내증권사,B,SF205,각주항목(09.06월 이후)
28241,202412,0010113,유안타증권주식회사,D3,대차 및 대주거래_신용거래대주, ,국내증권사,B,SF205,각주항목(09.06월 이후)
28242,202412,0010113,유안타증권주식회사,E,대손상각채권,877966830270,국내증권사,B,SF205,각주항목(09.06월 이후)
28243,202412,0010113,유안타증권주식회사,F,환전업무 예치금,0,국내증권사,B,SF205,각주항목(09.06월 이후)
28244,202412,0010113,유안타증권주식회사,G,미배당별도예치금,6941406696,국내증권사,B,SF205,각주항목(09.06월 이후)
28245,202412,0010113,유안타증권주식회사,H,배서어음매출(종금계정),0,국내증권사,B,SF205,각주항목(09.06월 이후)
28246,202412,0010113,유안타증권주식회사,H1,대출채권매매이익_담보부, ,국내증권사,B,SF205,각주항목(09.06월 이후)
28247,202412,0010113,유안타증권주식회사,H2,대출채권매매이익_무담보부,0,국내증권사,B,SF205,각주항목(09.06월 이후)
28248,201703,0010097,유진투자증권주식회사,A,채무보증,303983011835,국내증권사,B,SF205,각주항목(09.06월 이후)
28249,201703,0010097,유진투자증권주식회사,A1,채무보증_지급보증,583011835,국내증권사,B,SF205,각주항목(09.06월 이후)
28250,201703,0010097,유진투자증권주식회사,A2,채무보증_매입보장약정,26000000000,국내증권사,B,SF205,각주항목(09.06월 이후)
28251,201703,0010097,유진투자증권주식회사,A3,채무보증_채무인수약정, ,국내증권사,B,SF205,각주항목(09.06월 이후)
28252,201703,0010097,유진투자증권주식회사,A5,채무보증_매입확약,277400000000,국내증권사,B,SF205,각주항목(09.06월 이후)
28253,201703,0010097,유진투자증권주식회사,A6,채무보증_기타, ,국내증권사,B,SF205,각주항목(09.06월 이후)
28254,201703,0010097,유진투자증권주식회사,B,투자자의 예수증권 등,12463757089181,국내증권사,B,SF205,각주항목(09.06월 이후)
28255,201703,0010097,유진투자증권주식회사,B1,투자자의 예수증권 등_예수 증권,12463757089181,국내증권사,B,SF205,각주항목(09.06월 이후)
28256,201703,0010097,유진투자증권주식회사,B2,투자자의 예수증권 등_예수양도성예금증서, ,국내증권사,B,SF205,각주항목(09.06월 이후)
28257,201703,0010097,유진투자증권주식회사,B3,투자자의 예수증권 등_기타, ,국내증권사,B,SF205,각주항목(09.06월 이후)
28258,201703,0010097,유진투자증권주식회사,C,파생상품계약,2299400905099,국내증권사,B,SF205,각주항목(09.06월 이후)
28259,201703,0010097,유진투자증권주식회사,C1,파생상품계약_장내파생상품,123666810599,국내증권사,B,SF205,각주항목(09.06월 이후)
28260,201703,0010097,유진투자증권주식회사,C11,파생상품계약_장내파생상품_이자율관련거래,19654054688,국내증권사,B,SF205,각주항목(09.06월 이후)
28261,201703,0010097,유진투자증권주식회사,C12,파생상품계약_장내파생상품_통화관련거래,90461410447,국내증권사,B,SF205,각주항목(09.06월 이후)
28262,201703,0010097,유진투자증권주식회사,C13,파생상품계약_장내파생상품_주식관련거래,5997583456,국내증권사,B,SF205,각주항목(09.06월 이후)
28263,201703,0010097,유진투자증권주식회사,C14,파생상품계약_장내파생상품_일반상품관련거래,7553762008,국내증권사,B,SF205,각주항목(09.06월 이후)
28264,201703,0010097,유진투자증권주식회사,C15,파생상품계약_장내파생상품_기타,0,국내증권사,B,SF205,각주항목(09.06월 이후)
28265,201703,0010097,유진투자증권주식회사,C2,파생상품계약_장외파생상품,2175734094500,국내증권사,B,SF205,각주항목(09.06월 이후)
28266,201703,0010097,유진투자증권주식회사,C21,파생상품계약_장외파생상품_이자율관련거래,412513881500,국내증권사,B,SF205,각주항목(09.06월 이후)
28267,201703,0010097,유진투자증권주식회사,C22,파생상품계약_장외파생상품_통화관련거래,567240511380,국내증권사,B,SF205,각주항목(09.06월 이후)
28268,201703,0010097,유진투자증권주식회사,C23,파생상품계약_장외파생상품_주식관련거래,0,국내증권사,B,SF205,각주항목(09.06월 이후)
28269,201703,0010097,유진투자증권주식회사,C24,파생상품계약_장외파생상품_신용관련거래,1162389000000,국내증권사,B,SF205,각주항목(09.06월 이후)
28270,201703,0010097,유진투자증권주식회사,C25,파생상품계약_장외파생상품_기타,33590701620,국내증권사,B,SF205,각주항목(09.06월 이후)
28271,201703,0010097,유진투자증권주식회사,D,대차 및 대주거래,68434362431,국내증권사,B,SF205,각주항목(09.06월 이후)
28272,201703,0010097,유진투자증권주식회사,D1,대차 및 대주거래_대여증권,0,국내증권사,B,SF205,각주항목(09.06월 이후)
28273,201703,0010097,유진투자증권주식회사,D2,대차 및 대주거래_차입증권,68434362431,국내증권사,B,SF205,각주항목(09.06월 이후)
28274,201703,0010097,유진투자증권주식회사,D3,대차 및 대주거래_신용거래대주, ,국내증권사,B,SF205,각주항목(09.06월 이후)
28275,201703,0010097,유진투자증권주식회사,E,대손상각채권,135664830635,국내증권사,B,SF205,각주항목(09.06월 이후)
28276,201703,0010097,유진투자증권주식회사,F,환전업무 예치금,0,국내증권사,B,SF205,각주항목(09.06월 이후)
28277,201703,0010097,유진투자증권주식회사,G,미배당별도예치금, ,국내증권사,B,SF205,각주항목(09.06월 이후)
28278,201703,0010097,유진투자증권주식회사,H,배서어음매출(종금계정),0,국내증권사,B,SF205,각주항목(09.06월 이후)
28279,201703,0010097,유진투자증권주식회사,H1,대출채권매매이익_담보부, ,국내증권사,B,SF205,각주항목(09.06월 이후)
28280,201703,0010097,유진투자증권주식회사,H2,대출채권매매이익_무담보부, ,국내증권사,B,SF205,각주항목(09.06월 이후)
28281,201706,0010097,유진투자증권주식회사,A,채무보증,374883011835,국내증권사,B,SF205,각주항목(09.06월 이후)
28282,201706,0010097,유진투자증권주식회사,A1,채무보증_지급보증,583011835,국내증권사,B,SF205,각주항목(09.06월 이후)
28283,201706,0010097,유진투자증권주식회사,A2,채무보증_매입보장약정,51000000000,국내증권사,B,SF205,각주항목(09.06월 이후)
28284,201706,0010097,유진투자증권주식회사,A3,채무보증_채무인수약정, ,국내증권사,B,SF205,각주항목(09.06월 이후)
28285,201706,0010097,유진투자증권주식회사,A5,채무보증_매입확약,323300000000,국내증권사,B,SF205,각주항목(09.06월 이후)
28286,201706,0010097,유진투자증권주식회사,A6,채무보증_기타, ,국내증권사,B,SF205,각주항목(09.06월 이후)
28287,201706,0010097,유진투자증권주식회사,B,투자자의 예수증권 등,13410220377280,국내증권사,B,SF205,각주항목(09.06월 이후)
28288,201706,0010097,유진투자증권주식회사,B1,투자자의 예수증권 등_예수 증권,13410220377280,국내증권사,B,SF205,각주항목(09.06월 이후)
28289,201706,0010097,유진투자증권주식회사,B2,투자자의 예수증권 등_예수양도성예금증서, ,국내증권사,B,SF205,각주항목(09.06월 이후)
28290,201706,0010097,유진투자증권주식회사,B3,투자자의 예수증권 등_기타, ,국내증권사,B,SF205,각주항목(09.06월 이후)
28291,201706,0010097,유진투자증권주식회사,C,파생상품계약,2819752729048,국내증권사,B,SF205,각주항목(09.06월 이후)
28292,201706,0010097,유진투자증권주식회사,C1,파생상품계약_장내파생상품,126140199942,국내증권사,B,SF205,각주항목(09.06월 이후)
28293,201706,0010097,유진투자증권주식회사,C11,파생상품계약_장내파생상품_이자율관련거래,27850430499,국내증권사,B,SF205,각주항목(09.06월 이후)
28294,201706,0010097,유진투자증권주식회사,C12,파생상품계약_장내파생상품_통화관련거래,78098883246,국내증권사,B,SF205,각주항목(09.06월 이후)
28295,201706,0010097,유진투자증권주식회사,C13,파생상품계약_장내파생상품_주식관련거래,11085168807,국내증권사,B,SF205,각주항목(09.06월 이후)
28296,201706,0010097,유진투자증권주식회사,C14,파생상품계약_장내파생상품_일반상품관련거래,9105717390,국내증권사,B,SF205,각주항목(09.06월 이후)
28297,201706,0010097,유진투자증권주식회사,C15,파생상품계약_장내파생상품_기타,0,국내증권사,B,SF205,각주항목(09.06월 이후)
28298,201706,0010097,유진투자증권주식회사,C2,파생상품계약_장외파생상품,2693612529106,국내증권사,B,SF205,각주항목(09.06월 이후)
28299,201706,0010097,유진투자증권주식회사,C21,파생상품계약_장외파생상품_이자율관련거래,477371881500,국내증권사,B,SF205,각주항목(09.06월 이후)
28300,201706,0010097,유진투자증권주식회사,C22,파생상품계약_장외파생상품_통화관련거래,751338156472,국내증권사,B,SF205,각주항목(09.06월 이후)
28301,201706,0010097,유진투자증권주식회사,C23,파생상품계약_장외파생상품_주식관련거래,0,국내증권사,B,SF205,각주항목(09.06월 이후)
28302,201706,0010097,유진투자증권주식회사,C24,파생상품계약_장외파생상품_신용관련거래,109025000000,국내증권사,B,SF205,각주항목(09.06월 이후)
28303,201706,0010097,유진투자증권주식회사,C25,파생상품계약_장외파생상품_기타,1355877491134,국내증권사,B,SF205,각주항목(09.06월 이후)
28304,201706,0010097,유진투자증권주식회사,D,대차 및 대주거래,94709236743,국내증권사,B,SF205,각주항목(09.06월 이후)
28305,201706,0010097,유진투자증권주식회사,D1,대차 및 대주거래_대여증권,0,국내증권사,B,SF205,각주항목(09.06월 이후)
28306,201706,0010097,유진투자증권주식회사,D2,대차 및 대주거래_차입증권,94709236743,국내증권사,B,SF205,각주항목(09.06월 이후)
28307,201706,0010097,유진투자증권주식회사,D3,대차 및 대주거래_신용거래대주, ,국내증권사,B,SF205,각주항목(09.06월 이후)
28308,201706,0010097,유진투자증권주식회사,E,대손상각채권,135806677027,국내증권사,B,SF205,각주항목(09.06월 이후)
28309,201706,0010097,유진투자증권주식회사,F,환전업무 예치금,0,국내증권사,B,SF205,각주항목(09.06월 이후)
28310,201706,0010097,유진투자증권주식회사,G,미배당별도예치금, ,국내증권사,B,SF205,각주항목(09.06월 이후)
28311,201706,0010097,유진투자증권주식회사,H,배서어음매출(종금계정),0,국내증권사,B,SF205,각주항목(09.06월 이후)
28312,201706,0010097,유진투자증권주식회사,H1,대출채권매매이익_담보부, ,국내증권사,B,SF205,각주항목(09.06월 이후)
28313,201706,0010097,유진투자증권주식회사,H2,대출채권매매이익_무담보부, ,국내증권사,B,SF205,각주항목(09.06월 이후)
28314,201709,0010097,유진투자증권주식회사,A,채무보증,433983011835,국내증권사,B,SF205,각주항목(09.06월 이후)
28315,201709,0010097,유진투자증권주식회사,A1,채무보증_지급보증,583011835,국내증권사,B,SF205,각주항목(09.06월 이후)
28316,201709,0010097,유진투자증권주식회사,A2,채무보증_매입보장약정, ,국내증권사,B,SF205,각주항목(09.06월 이후)
28317,201709,0010097,유진투자증권주식회사,A3,채무보증_채무인수약정, ,국내증권사,B,SF205,각주항목(09.06월 이후)
28318,201709,0010097,유진투자증권주식회사,A5,채무보증_매입확약,433400000000,국내증권사,B,SF205,각주항목(09.06월 이후)
28319,201709,0010097,유진투자증권주식회사,A6,채무보증_기타, ,국내증권사,B,SF205,각주항목(09.06월 이후)
28320,201709,0010097,유진투자증권주식회사,B,투자자의 예수증권 등,0,국내증권사,B,SF205,각주항목(09.06월 이후)
28321,201709,0010097,유진투자증권주식회사,B1,투자자의 예수증권 등_예수 증권,0,국내증권사,B,SF205,각주항목(09.06월 이후)
28322,201709,0010097,유진투자증권주식회사,B2,투자자의 예수증권 등_예수양도성예금증서, ,국내증권사,B,SF205,각주항목(09.06월 이후)
28323,201709,0010097,유진투자증권주식회사,B3,투자자의 예수증권 등_기타, ,국내증권사,B,SF205,각주항목(09.06월 이후)
28324,201709,0010097,유진투자증권주식회사,C,파생상품계약,2611228300740,국내증권사,B,SF205,각주항목(09.06월 이후)
28325,201709,0010097,유진투자증권주식회사,C1,파생상품계약_장내파생상품,143093258114,국내증권사,B,SF205,각주항목(09.06월 이후)
28326,201709,0010097,유진투자증권주식회사,C11,파생상품계약_장내파생상품_이자율관련거래,47675844230,국내증권사,B,SF205,각주항목(09.06월 이후)
28327,201709,0010097,유진투자증권주식회사,C12,파생상품계약_장내파생상품_통화관련거래,77514490645,국내증권사,B,SF205,각주항목(09.06월 이후)
28328,201709,0010097,유진투자증권주식회사,C13,파생상품계약_장내파생상품_주식관련거래,9804537963,국내증권사,B,SF205,각주항목(09.06월 이후)
28329,201709,0010097,유진투자증권주식회사,C14,파생상품계약_장내파생상품_일반상품관련거래,8098385276,국내증권사,B,SF205,각주항목(09.06월 이후)
28330,201709,0010097,유진투자증권주식회사,C15,파생상품계약_장내파생상품_기타,0,국내증권사,B,SF205,각주항목(09.06월 이후)
28331,201709,0010097,유진투자증권주식회사,C2,파생상품계약_장외파생상품,2468135042626,국내증권사,B,SF205,각주항목(09.06월 이후)
28332,201709,0010097,유진투자증권주식회사,C21,파생상품계약_장외파생상품_이자율관련거래,467371881500,국내증권사,B,SF205,각주항목(09.06월 이후)
28333,201709,0010097,유진투자증권주식회사,C22,파생상품계약_장외파생상품_통화관련거래,743657880478,국내증권사,B,SF205,각주항목(09.06월 이후)
28334,201709,0010097,유진투자증권주식회사,C23,파생상품계약_장외파생상품_주식관련거래,0,국내증권사,B,SF205,각주항목(09.06월 이후)
28335,201709,0010097,유진투자증권주식회사,C24,파생상품계약_장외파생상품_신용관련거래,109025000000,국내증권사,B,SF205,각주항목(09.06월 이후)
28336,201709,0010097,유진투자증권주식회사,C25,파생상품계약_장외파생상품_기타,1148080280648,국내증권사,B,SF205,각주항목(09.06월 이후)
28337,201709,0010097,유진투자증권주식회사,D,대차 및 대주거래,121668904295,국내증권사,B,SF205,각주항목(09.06월 이후)
28338,201709,0010097,유진투자증권주식회사,D1,대차 및 대주거래_대여증권,0,국내증권사,B,SF205,각주항목(09.06월 이후)
28339,201709,0010097,유진투자증권주식회사,D2,대차 및 대주거래_차입증권,121668904295,국내증권사,B,SF205,각주항목(09.06월 이후)
28340,201709,0010097,유진투자증권주식회사,D3,대차 및 대주거래_신용거래대주, ,국내증권사,B,SF205,각주항목(09.06월 이후)
28341,201709,0010097,유진투자증권주식회사,E,대손상각채권,135806677027,국내증권사,B,SF205,각주항목(09.06월 이후)
28342,201709,0010097,유진투자증권주식회사,F,환전업무 예치금,0,국내증권사,B,SF205,각주항목(09.06월 이후)
28343,201709,0010097,유진투자증권주식회사,G,미배당별도예치금, ,국내증권사,B,SF205,각주항목(09.06월 이후)
28344,201709,0010097,유진투자증권주식회사,H,배서어음매출(종금계정),0,국내증권사,B,SF205,각주항목(09.06월 이후)
28345,201709,0010097,유진투자증권주식회사,H1,대출채권매매이익_담보부, ,국내증권사,B,SF205,각주항목(09.06월 이후)
28346,201709,0010097,유진투자증권주식회사,H2,대출채권매매이익_무담보부, ,국내증권사,B,SF205,각주항목(09.06월 이후)
28347,201712,0010097,유진투자증권주식회사,A,채무보증,378283011835,국내증권사,B,SF205,각주항목(09.06월 이후)
28348,201712,0010097,유진투자증권주식회사,A1,채무보증_지급보증,583011835,국내증권사,B,SF205,각주항목(09.06월 이후)
28349,201712,0010097,유진투자증권주식회사,A2,채무보증_매입보장약정,0,국내증권사,B,SF205,각주항목(09.06월 이후)
28350,201712,0010097,유진투자증권주식회사,A3,채무보증_채무인수약정,0,국내증권사,B,SF205,각주항목(09.06월 이후)
28351,201712,0010097,유진투자증권주식회사,A5,채무보증_매입확약,377700000000,국내증권사,B,SF205,각주항목(09.06월 이후)
28352,201712,0010097,유진투자증권주식회사,A6,채무보증_기타,0,국내증권사,B,SF205,각주항목(09.06월 이후)
28353,201712,0010097,유진투자증권주식회사,B,투자자의 예수증권 등,15166218427579,국내증권사,B,SF205,각주항목(09.06월 이후)
28354,201712,0010097,유진투자증권주식회사,B1,투자자의 예수증권 등_예수 증권,15166218427579,국내증권사,B,SF205,각주항목(09.06월 이후)
28355,201712,0010097,유진투자증권주식회사,B2,투자자의 예수증권 등_예수양도성예금증서,0,국내증권사,B,SF205,각주항목(09.06월 이후)
28356,201712,0010097,유진투자증권주식회사,B3,투자자의 예수증권 등_기타,0,국내증권사,B,SF205,각주항목(09.06월 이후)
28357,201712,0010097,유진투자증권주식회사,C,파생상품계약,2375641905898,국내증권사,B,SF205,각주항목(09.06월 이후)
28358,201712,0010097,유진투자증권주식회사,C1,파생상품계약_장내파생상품,43098467772,국내증권사,B,SF205,각주항목(09.06월 이후)
28359,201712,0010097,유진투자증권주식회사,C11,파생상품계약_장내파생상품_이자율관련거래,25872777542,국내증권사,B,SF205,각주항목(09.06월 이후)
28360,201712,0010097,유진투자증권주식회사,C12,파생상품계약_장내파생상품_통화관련거래,2751657870,국내증권사,B,SF205,각주항목(09.06월 이후)
28361,201712,0010097,유진투자증권주식회사,C13,파생상품계약_장내파생상품_주식관련거래,5995655778,국내증권사,B,SF205,각주항목(09.06월 이후)
28362,201712,0010097,유진투자증권주식회사,C14,파생상품계약_장내파생상품_일반상품관련거래,8478376582,국내증권사,B,SF205,각주항목(09.06월 이후)
28363,201712,0010097,유진투자증권주식회사,C15,파생상품계약_장내파생상품_기타,0,국내증권사,B,SF205,각주항목(09.06월 이후)
28364,201712,0010097,유진투자증권주식회사,C2,파생상품계약_장외파생상품,2332543438126,국내증권사,B,SF205,각주항목(09.06월 이후)
28365,201712,0010097,유진투자증권주식회사,C21,파생상품계약_장외파생상품_이자율관련거래,511097181500,국내증권사,B,SF205,각주항목(09.06월 이후)
28366,201712,0010097,유진투자증권주식회사,C22,파생상품계약_장외파생상품_통화관련거래,563337256626,국내증권사,B,SF205,각주항목(09.06월 이후)
28367,201712,0010097,유진투자증권주식회사,C23,파생상품계약_장외파생상품_주식관련거래,0,국내증권사,B,SF205,각주항목(09.06월 이후)
28368,201712,0010097,유진투자증권주식회사,C24,파생상품계약_장외파생상품_신용관련거래,1205669000000,국내증권사,B,SF205,각주항목(09.06월 이후)
28369,201712,0010097,유진투자증권주식회사,C25,파생상품계약_장외파생상품_기타,52440000000,국내증권사,B,SF205,각주항목(09.06월 이후)
28370,201712,0010097,유진투자증권주식회사,D,대차 및 대주거래,131494410565,국내증권사,B,SF205,각주항목(09.06월 이후)
28371,201712,0010097,유진투자증권주식회사,D1,대차 및 대주거래_대여증권,0,국내증권사,B,SF205,각주항목(09.06월 이후)
28372,201712,0010097,유진투자증권주식회사,D2,대차 및 대주거래_차입증권,131494410565,국내증권사,B,SF205,각주항목(09.06월 이후)
28373,201712,0010097,유진투자증권주식회사,D3,대차 및 대주거래_신용거래대주,0,국내증권사,B,SF205,각주항목(09.06월 이후)
28374,201712,0010097,유진투자증권주식회사,E,대손상각채권,137128093064,국내증권사,B,SF205,각주항목(09.06월 이후)
28375,201712,0010097,유진투자증권주식회사,F,환전업무 예치금,0,국내증권사,B,SF205,각주항목(09.06월 이후)
28376,201712,0010097,유진투자증권주식회사,G,미배당별도예치금,0,국내증권사,B,SF205,각주항목(09.06월 이후)
28377,201712,0010097,유진투자증권주식회사,H,배서어음매출(종금계정),0,국내증권사,B,SF205,각주항목(09.06월 이후)
28378,201712,0010097,유진투자증권주식회사,H1,대출채권매매이익_담보부,0,국내증권사,B,SF205,각주항목(09.06월 이후)
28379,201712,0010097,유진투자증권주식회사,H2,대출채권매매이익_무담보부,0,국내증권사,B,SF205,각주항목(09.06월 이후)
28380,201803,0010097,유진투자증권주식회사,A,채무보증,334083011835,국내증권사,B,SF205,각주항목(09.06월 이후)
28381,201803,0010097,유진투자증권주식회사,A1,채무보증_지급보증,583011835,국내증권사,B,SF205,각주항목(09.06월 이후)
28382,201803,0010097,유진투자증권주식회사,A2,채무보증_매입보장약정, ,국내증권사,B,SF205,각주항목(09.06월 이후)
28383,201803,0010097,유진투자증권주식회사,A3,채무보증_채무인수약정, ,국내증권사,B,SF205,각주항목(09.06월 이후)
28384,201803,0010097,유진투자증권주식회사,A5,채무보증_매입확약,333500000000,국내증권사,B,SF205,각주항목(09.06월 이후)
28385,201803,0010097,유진투자증권주식회사,A6,채무보증_기타, ,국내증권사,B,SF205,각주항목(09.06월 이후)
28386,201803,0010097,유진투자증권주식회사,B,투자자의 예수증권 등,16167664791485,국내증권사,B,SF205,각주항목(09.06월 이후)
28387,201803,0010097,유진투자증권주식회사,B1,투자자의 예수증권 등_예수 증권,16167664791485,국내증권사,B,SF205,각주항목(09.06월 이후)
28388,201803,0010097,유진투자증권주식회사,B2,투자자의 예수증권 등_예수양도성예금증서, ,국내증권사,B,SF205,각주항목(09.06월 이후)
28389,201803,0010097,유진투자증권주식회사,B3,투자자의 예수증권 등_기타, ,국내증권사,B,SF205,각주항목(09.06월 이후)
28390,201803,0010097,유진투자증권주식회사,C,파생상품계약,2569042273150,국내증권사,B,SF205,각주항목(09.06월 이후)
28391,201803,0010097,유진투자증권주식회사,C1,파생상품계약_장내파생상품,320283119261,국내증권사,B,SF205,각주항목(09.06월 이후)
28392,201803,0010097,유진투자증권주식회사,C11,파생상품계약_장내파생상품_이자율관련거래,68750759441,국내증권사,B,SF205,각주항목(09.06월 이후)
28393,201803,0010097,유진투자증권주식회사,C12,파생상품계약_장내파생상품_통화관련거래,56425300452,국내증권사,B,SF205,각주항목(09.06월 이후)
28394,201803,0010097,유진투자증권주식회사,C13,파생상품계약_장내파생상품_주식관련거래,186641014395,국내증권사,B,SF205,각주항목(09.06월 이후)
28395,201803,0010097,유진투자증권주식회사,C14,파생상품계약_장내파생상품_일반상품관련거래,8466044973,국내증권사,B,SF205,각주항목(09.06월 이후)
28396,201803,0010097,유진투자증권주식회사,C15,파생상품계약_장내파생상품_기타,0,국내증권사,B,SF205,각주항목(09.06월 이후)
28397,201803,0010097,유진투자증권주식회사,C2,파생상품계약_장외파생상품,2248759153889,국내증권사,B,SF205,각주항목(09.06월 이후)
28398,201803,0010097,유진투자증권주식회사,C21,파생상품계약_장외파생상품_이자율관련거래,477080181500,국내증권사,B,SF205,각주항목(09.06월 이후)
28399,201803,0010097,유진투자증권주식회사,C22,파생상품계약_장외파생상품_통화관련거래,513569972389,국내증권사,B,SF205,각주항목(09.06월 이후)
28400,201803,0010097,유진투자증권주식회사,C23,파생상품계약_장외파생상품_주식관련거래,0,국내증권사,B,SF205,각주항목(09.06월 이후)
28401,201803,0010097,유진투자증권주식회사,C24,파생상품계약_장외파생상품_신용관련거래,1205669000000,국내증권사,B,SF205,각주항목(09.06월 이후)
28402,201803,0010097,유진투자증권주식회사,C25,파생상품계약_장외파생상품_기타,52440000000,국내증권사,B,SF205,각주항목(09.06월 이후)
28403,201803,0010097,유진투자증권주식회사,D,대차 및 대주거래,104728159376,국내증권사,B,SF205,각주항목(09.06월 이후)
28404,201803,0010097,유진투자증권주식회사,D1,대차 및 대주거래_대여증권,0,국내증권사,B,SF205,각주항목(09.06월 이후)
28405,201803,0010097,유진투자증권주식회사,D2,대차 및 대주거래_차입증권,104728159376,국내증권사,B,SF205,각주항목(09.06월 이후)
28406,201803,0010097,유진투자증권주식회사,D3,대차 및 대주거래_신용거래대주, ,국내증권사,B,SF205,각주항목(09.06월 이후)
28407,201803,0010097,유진투자증권주식회사,E,대손상각채권,137128093064,국내증권사,B,SF205,각주항목(09.06월 이후)
28408,201803,0010097,유진투자증권주식회사,F,환전업무 예치금,0,국내증권사,B,SF205,각주항목(09.06월 이후)
28409,201803,0010097,유진투자증권주식회사,G,미배당별도예치금, ,국내증권사,B,SF205,각주항목(09.06월 이후)
28410,201803,0010097,유진투자증권주식회사,H,배서어음매출(종금계정),0,국내증권사,B,SF205,각주항목(09.06월 이후)
28411,201803,0010097,유진투자증권주식회사,H1,대출채권매매이익_담보부, ,국내증권사,B,SF205,각주항목(09.06월 이후)
28412,201803,0010097,유진투자증권주식회사,H2,대출채권매매이익_무담보부, ,국내증권사,B,SF205,각주항목(09.06월 이후)
28413,201806,0010097,유진투자증권주식회사,A,채무보증,349982106562,국내증권사,B,SF205,각주항목(09.06월 이후)
28414,201806,0010097,유진투자증권주식회사,A1,채무보증_지급보증,182106562,국내증권사,B,SF205,각주항목(09.06월 이후)
28415,201806,0010097,유진투자증권주식회사,A2,채무보증_매입보장약정, ,국내증권사,B,SF205,각주항목(09.06월 이후)
28416,201806,0010097,유진투자증권주식회사,A3,채무보증_채무인수약정, ,국내증권사,B,SF205,각주항목(09.06월 이후)
28417,201806,0010097,유진투자증권주식회사,A5,채무보증_매입확약,349800000000,국내증권사,B,SF205,각주항목(09.06월 이후)
28418,201806,0010097,유진투자증권주식회사,A6,채무보증_기타, ,국내증권사,B,SF205,각주항목(09.06월 이후)
28419,201806,0010097,유진투자증권주식회사,B,투자자의 예수증권 등,15833977944717,국내증권사,B,SF205,각주항목(09.06월 이후)
28420,201806,0010097,유진투자증권주식회사,B1,투자자의 예수증권 등_예수 증권,15833977944717,국내증권사,B,SF205,각주항목(09.06월 이후)
28421,201806,0010097,유진투자증권주식회사,B2,투자자의 예수증권 등_예수양도성예금증서, ,국내증권사,B,SF205,각주항목(09.06월 이후)
28422,201806,0010097,유진투자증권주식회사,B3,투자자의 예수증권 등_기타, ,국내증권사,B,SF205,각주항목(09.06월 이후)
28423,201806,0010097,유진투자증권주식회사,C,파생상품계약,3013042046206,국내증권사,B,SF205,각주항목(09.06월 이후)
28424,201806,0010097,유진투자증권주식회사,C1,파생상품계약_장내파생상품,687495980784,국내증권사,B,SF205,각주항목(09.06월 이후)
28425,201806,0010097,유진투자증권주식회사,C11,파생상품계약_장내파생상품_이자율관련거래,504223023212,국내증권사,B,SF205,각주항목(09.06월 이후)
28426,201806,0010097,유진투자증권주식회사,C12,파생상품계약_장내파생상품_통화관련거래,97453254652,국내증권사,B,SF205,각주항목(09.06월 이후)
28427,201806,0010097,유진투자증권주식회사,C13,파생상품계약_장내파생상품_주식관련거래,79411161614,국내증권사,B,SF205,각주항목(09.06월 이후)
28428,201806,0010097,유진투자증권주식회사,C14,파생상품계약_장내파생상품_일반상품관련거래,6408541306,국내증권사,B,SF205,각주항목(09.06월 이후)
28429,201806,0010097,유진투자증권주식회사,C15,파생상품계약_장내파생상품_기타,0,국내증권사,B,SF205,각주항목(09.06월 이후)
28430,201806,0010097,유진투자증권주식회사,C2,파생상품계약_장외파생상품,2325546065422,국내증권사,B,SF205,각주항목(09.06월 이후)
28431,201806,0010097,유진투자증권주식회사,C21,파생상품계약_장외파생상품_이자율관련거래,433866281500,국내증권사,B,SF205,각주항목(09.06월 이후)
28432,201806,0010097,유진투자증권주식회사,C22,파생상품계약_장외파생상품_통화관련거래,400370813129,국내증권사,B,SF205,각주항목(09.06월 이후)
28433,201806,0010097,유진투자증권주식회사,C23,파생상품계약_장외파생상품_주식관련거래,19999970793,국내증권사,B,SF205,각주항목(09.06월 이후)
28434,201806,0010097,유진투자증권주식회사,C24,파생상품계약_장외파생상품_신용관련거래,1418869000000,국내증권사,B,SF205,각주항목(09.06월 이후)
28435,201806,0010097,유진투자증권주식회사,C25,파생상품계약_장외파생상품_기타,52440000000,국내증권사,B,SF205,각주항목(09.06월 이후)
28436,201806,0010097,유진투자증권주식회사,D,대차 및 대주거래,91477245892,국내증권사,B,SF205,각주항목(09.06월 이후)
28437,201806,0010097,유진투자증권주식회사,D1,대차 및 대주거래_대여증권,0,국내증권사,B,SF205,각주항목(09.06월 이후)
28438,201806,0010097,유진투자증권주식회사,D2,대차 및 대주거래_차입증권,91477245892,국내증권사,B,SF205,각주항목(09.06월 이후)
28439,201806,0010097,유진투자증권주식회사,D3,대차 및 대주거래_신용거래대주, ,국내증권사,B,SF205,각주항목(09.06월 이후)
28440,201806,0010097,유진투자증권주식회사,E,대손상각채권,148062335992,국내증권사,B,SF205,각주항목(09.06월 이후)
28441,201806,0010097,유진투자증권주식회사,F,환전업무 예치금,0,국내증권사,B,SF205,각주항목(09.06월 이후)
28442,201806,0010097,유진투자증권주식회사,G,미배당별도예치금, ,국내증권사,B,SF205,각주항목(09.06월 이후)
28443,201806,0010097,유진투자증권주식회사,H,배서어음매출(종금계정),0,국내증권사,B,SF205,각주항목(09.06월 이후)
28444,201806,0010097,유진투자증권주식회사,H1,대출채권매매이익_담보부, ,국내증권사,B,SF205,각주항목(09.06월 이후)
28445,201806,0010097,유진투자증권주식회사,H2,대출채권매매이익_무담보부, ,국내증권사,B,SF205,각주항목(09.06월 이후)
28446,201809,0010097,유진투자증권주식회사,A,채무보증,379482106562,국내증권사,B,SF205,각주항목(09.06월 이후)
28447,201809,0010097,유진투자증권주식회사,A1,채무보증_지급보증,182106562,국내증권사,B,SF205,각주항목(09.06월 이후)
28448,201809,0010097,유진투자증권주식회사,A2,채무보증_매입보장약정, ,국내증권사,B,SF205,각주항목(09.06월 이후)
28449,201809,0010097,유진투자증권주식회사,A3,채무보증_채무인수약정, ,국내증권사,B,SF205,각주항목(09.06월 이후)
28450,201809,0010097,유진투자증권주식회사,A5,채무보증_매입확약,379300000000,국내증권사,B,SF205,각주항목(09.06월 이후)
28451,201809,0010097,유진투자증권주식회사,A6,채무보증_기타, ,국내증권사,B,SF205,각주항목(09.06월 이후)
28452,201809,0010097,유진투자증권주식회사,B,투자자의 예수증권 등,15167262203411,국내증권사,B,SF205,각주항목(09.06월 이후)
28453,201809,0010097,유진투자증권주식회사,B1,투자자의 예수증권 등_예수 증권,15167262203411,국내증권사,B,SF205,각주항목(09.06월 이후)
28454,201809,0010097,유진투자증권주식회사,B2,투자자의 예수증권 등_예수양도성예금증서, ,국내증권사,B,SF205,각주항목(09.06월 이후)
28455,201809,0010097,유진투자증권주식회사,B3,투자자의 예수증권 등_기타, ,국내증권사,B,SF205,각주항목(09.06월 이후)
28456,201809,0010097,유진투자증권주식회사,C,파생상품계약,2831731613573,국내증권사,B,SF205,각주항목(09.06월 이후)
28457,201809,0010097,유진투자증권주식회사,C1,파생상품계약_장내파생상품,484740673995,국내증권사,B,SF205,각주항목(09.06월 이후)
28458,201809,0010097,유진투자증권주식회사,C11,파생상품계약_장내파생상품_이자율관련거래,279049345625,국내증권사,B,SF205,각주항목(09.06월 이후)
28459,201809,0010097,유진투자증권주식회사,C12,파생상품계약_장내파생상품_통화관련거래,103259644609,국내증권사,B,SF205,각주항목(09.06월 이후)
28460,201809,0010097,유진투자증권주식회사,C13,파생상품계약_장내파생상품_주식관련거래,97409161811,국내증권사,B,SF205,각주항목(09.06월 이후)
28461,201809,0010097,유진투자증권주식회사,C14,파생상품계약_장내파생상품_일반상품관련거래,5022521950,국내증권사,B,SF205,각주항목(09.06월 이후)
28462,201809,0010097,유진투자증권주식회사,C15,파생상품계약_장내파생상품_기타,0,국내증권사,B,SF205,각주항목(09.06월 이후)
28463,201809,0010097,유진투자증권주식회사,C2,파생상품계약_장외파생상품,2346990939578,국내증권사,B,SF205,각주항목(09.06월 이후)
28464,201809,0010097,유진투자증권주식회사,C21,파생상품계약_장외파생상품_이자율관련거래,421166281500,국내증권사,B,SF205,각주항목(09.06월 이후)
28465,201809,0010097,유진투자증권주식회사,C22,파생상품계약_장외파생상품_통화관련거래,434565687285,국내증권사,B,SF205,각주항목(09.06월 이후)
28466,201809,0010097,유진투자증권주식회사,C23,파생상품계약_장외파생상품_주식관련거래,19999970793,국내증권사,B,SF205,각주항목(09.06월 이후)
28467,201809,0010097,유진투자증권주식회사,C24,파생상품계약_장외파생상품_신용관련거래,1418869000000,국내증권사,B,SF205,각주항목(09.06월 이후)
28468,201809,0010097,유진투자증권주식회사,C25,파생상품계약_장외파생상품_기타,52390000000,국내증권사,B,SF205,각주항목(09.06월 이후)
28469,201809,0010097,유진투자증권주식회사,D,대차 및 대주거래,92293447002,국내증권사,B,SF205,각주항목(09.06월 이후)
28470,201809,0010097,유진투자증권주식회사,D1,대차 및 대주거래_대여증권,0,국내증권사,B,SF205,각주항목(09.06월 이후)
28471,201809,0010097,유진투자증권주식회사,D2,대차 및 대주거래_차입증권,92293447002,국내증권사,B,SF205,각주항목(09.06월 이후)
28472,201809,0010097,유진투자증권주식회사,D3,대차 및 대주거래_신용거래대주, ,국내증권사,B,SF205,각주항목(09.06월 이후)
28473,201809,0010097,유진투자증권주식회사,E,대손상각채권,148062335992,국내증권사,B,SF205,각주항목(09.06월 이후)
28474,201809,0010097,유진투자증권주식회사,F,환전업무 예치금,0,국내증권사,B,SF205,각주항목(09.06월 이후)
28475,201809,0010097,유진투자증권주식회사,G,미배당별도예치금, ,국내증권사,B,SF205,각주항목(09.06월 이후)
28476,201809,0010097,유진투자증권주식회사,H,배서어음매출(종금계정),0,국내증권사,B,SF205,각주항목(09.06월 이후)
28477,201809,0010097,유진투자증권주식회사,H1,대출채권매매이익_담보부, ,국내증권사,B,SF205,각주항목(09.06월 이후)
28478,201809,0010097,유진투자증권주식회사,H2,대출채권매매이익_무담보부, ,국내증권사,B,SF205,각주항목(09.06월 이후)
28479,201812,0010097,유진투자증권주식회사,A,채무보증,420482106562,국내증권사,B,SF205,각주항목(09.06월 이후)
28480,201812,0010097,유진투자증권주식회사,A1,채무보증_지급보증,182106562,국내증권사,B,SF205,각주항목(09.06월 이후)
28481,201812,0010097,유진투자증권주식회사,A2,채무보증_매입보장약정, ,국내증권사,B,SF205,각주항목(09.06월 이후)
28482,201812,0010097,유진투자증권주식회사,A3,채무보증_채무인수약정, ,국내증권사,B,SF205,각주항목(09.06월 이후)
28483,201812,0010097,유진투자증권주식회사,A5,채무보증_매입확약,420300000000,국내증권사,B,SF205,각주항목(09.06월 이후)
28484,201812,0010097,유진투자증권주식회사,A6,채무보증_기타, ,국내증권사,B,SF205,각주항목(09.06월 이후)
28485,201812,0010097,유진투자증권주식회사,B,투자자의 예수증권 등,12927844602113,국내증권사,B,SF205,각주항목(09.06월 이후)
28486,201812,0010097,유진투자증권주식회사,B1,투자자의 예수증권 등_예수 증권,12927844602113,국내증권사,B,SF205,각주항목(09.06월 이후)
28487,201812,0010097,유진투자증권주식회사,B2,투자자의 예수증권 등_예수양도성예금증서, ,국내증권사,B,SF205,각주항목(09.06월 이후)
28488,201812,0010097,유진투자증권주식회사,B3,투자자의 예수증권 등_기타, ,국내증권사,B,SF205,각주항목(09.06월 이후)
28489,201812,0010097,유진투자증권주식회사,C,파생상품계약,3036000515586,국내증권사,B,SF205,각주항목(09.06월 이후)
28490,201812,0010097,유진투자증권주식회사,C1,파생상품계약_장내파생상품,706140288047,국내증권사,B,SF205,각주항목(09.06월 이후)
28491,201812,0010097,유진투자증권주식회사,C11,파생상품계약_장내파생상품_이자율관련거래,497470684315,국내증권사,B,SF205,각주항목(09.06월 이후)
28492,201812,0010097,유진투자증권주식회사,C12,파생상품계약_장내파생상품_통화관련거래,89206491580,국내증권사,B,SF205,각주항목(09.06월 이후)
28493,201812,0010097,유진투자증권주식회사,C13,파생상품계약_장내파생상품_주식관련거래,114499309998,국내증권사,B,SF205,각주항목(09.06월 이후)
28494,201812,0010097,유진투자증권주식회사,C14,파생상품계약_장내파생상품_일반상품관련거래,4963802154,국내증권사,B,SF205,각주항목(09.06월 이후)
28495,201812,0010097,유진투자증권주식회사,C15,파생상품계약_장내파생상품_기타,0,국내증권사,B,SF205,각주항목(09.06월 이후)
28496,201812,0010097,유진투자증권주식회사,C2,파생상품계약_장외파생상품,2329860227539,국내증권사,B,SF205,각주항목(09.06월 이후)
28497,201812,0010097,유진투자증권주식회사,C21,파생상품계약_장외파생상품_이자율관련거래,423866281500,국내증권사,B,SF205,각주항목(09.06월 이후)
28498,201812,0010097,유진투자증권주식회사,C22,파생상품계약_장외파생상품_통화관련거래,401123975246,국내증권사,B,SF205,각주항목(09.06월 이후)
28499,201812,0010097,유진투자증권주식회사,C23,파생상품계약_장외파생상품_주식관련거래,19999970793,국내증권사,B,SF205,각주항목(09.06월 이후)
28500,201812,0010097,유진투자증권주식회사,C24,파생상품계약_장외파생상품_신용관련거래,1432480000000,국내증권사,B,SF205,각주항목(09.06월 이후)
28501,201812,0010097,유진투자증권주식회사,C25,파생상품계약_장외파생상품_기타,52390000000,국내증권사,B,SF205,각주항목(09.06월 이후)
28502,201812,0010097,유진투자증권주식회사,D,대차 및 대주거래,76959203391,국내증권사,B,SF205,각주항목(09.06월 이후)
28503,201812,0010097,유진투자증권주식회사,D1,대차 및 대주거래_대여증권,0,국내증권사,B,SF205,각주항목(09.06월 이후)
28504,201812,0010097,유진투자증권주식회사,D2,대차 및 대주거래_차입증권,76959203391,국내증권사,B,SF205,각주항목(09.06월 이후)
28505,201812,0010097,유진투자증권주식회사,D3,대차 및 대주거래_신용거래대주, ,국내증권사,B,SF205,각주항목(09.06월 이후)
28506,201812,0010097,유진투자증권주식회사,E,대손상각채권,148062335992,국내증권사,B,SF205,각주항목(09.06월 이후)
28507,201812,0010097,유진투자증권주식회사,F,환전업무 예치금,0,국내증권사,B,SF205,각주항목(09.06월 이후)
28508,201812,0010097,유진투자증권주식회사,G,미배당별도예치금, ,국내증권사,B,SF205,각주항목(09.06월 이후)
28509,201812,0010097,유진투자증권주식회사,H,배서어음매출(종금계정),0,국내증권사,B,SF205,각주항목(09.06월 이후)
28510,201812,0010097,유진투자증권주식회사,H1,대출채권매매이익_담보부, ,국내증권사,B,SF205,각주항목(09.06월 이후)
28511,201812,0010097,유진투자증권주식회사,H2,대출채권매매이익_무담보부, ,국내증권사,B,SF205,각주항목(09.06월 이후)
28512,201903,0010097,유진투자증권주식회사,A,채무보증,394875121490,국내증권사,B,SF205,각주항목(09.06월 이후)
28513,201903,0010097,유진투자증권주식회사,A1,채무보증_지급보증,75121490,국내증권사,B,SF205,각주항목(09.06월 이후)
28514,201903,0010097,유진투자증권주식회사,A2,채무보증_매입보장약정, ,국내증권사,B,SF205,각주항목(09.06월 이후)
28515,201903,0010097,유진투자증권주식회사,A3,채무보증_채무인수약정, ,국내증권사,B,SF205,각주항목(09.06월 이후)
28516,201903,0010097,유진투자증권주식회사,A5,채무보증_매입확약,394800000000,국내증권사,B,SF205,각주항목(09.06월 이후)
28517,201903,0010097,유진투자증권주식회사,A6,채무보증_기타, ,국내증권사,B,SF205,각주항목(09.06월 이후)
28518,201903,0010097,유진투자증권주식회사,B,투자자의 예수증권 등,12989817537180,국내증권사,B,SF205,각주항목(09.06월 이후)
28519,201903,0010097,유진투자증권주식회사,B1,투자자의 예수증권 등_예수 증권,12989817537180,국내증권사,B,SF205,각주항목(09.06월 이후)
28520,201903,0010097,유진투자증권주식회사,B2,투자자의 예수증권 등_예수양도성예금증서, ,국내증권사,B,SF205,각주항목(09.06월 이후)
28521,201903,0010097,유진투자증권주식회사,B3,투자자의 예수증권 등_기타, ,국내증권사,B,SF205,각주항목(09.06월 이후)
28522,201903,0010097,유진투자증권주식회사,C,파생상품계약,3374185134248,국내증권사,B,SF205,각주항목(09.06월 이후)
28523,201903,0010097,유진투자증권주식회사,C1,파생상품계약_장내파생상품,1044324906709,국내증권사,B,SF205,각주항목(09.06월 이후)
28524,201903,0010097,유진투자증권주식회사,C11,파생상품계약_장내파생상품_이자율관련거래,819627388000,국내증권사,B,SF205,각주항목(09.06월 이후)
28525,201903,0010097,유진투자증권주식회사,C12,파생상품계약_장내파생상품_통화관련거래,99468930199,국내증권사,B,SF205,각주항목(09.06월 이후)
28526,201903,0010097,유진투자증권주식회사,C13,파생상품계약_장내파생상품_주식관련거래,121493771388,국내증권사,B,SF205,각주항목(09.06월 이후)
28527,201903,0010097,유진투자증권주식회사,C14,파생상품계약_장내파생상품_일반상품관련거래,3734817122,국내증권사,B,SF205,각주항목(09.06월 이후)
28528,201903,0010097,유진투자증권주식회사,C15,파생상품계약_장내파생상품_기타,0,국내증권사,B,SF205,각주항목(09.06월 이후)
28529,201903,0010097,유진투자증권주식회사,C2,파생상품계약_장외파생상품,2329860227539,국내증권사,B,SF205,각주항목(09.06월 이후)
28530,201903,0010097,유진투자증권주식회사,C21,파생상품계약_장외파생상품_이자율관련거래,423866281500,국내증권사,B,SF205,각주항목(09.06월 이후)
28531,201903,0010097,유진투자증권주식회사,C22,파생상품계약_장외파생상품_통화관련거래,401123975246,국내증권사,B,SF205,각주항목(09.06월 이후)
28532,201903,0010097,유진투자증권주식회사,C23,파생상품계약_장외파생상품_주식관련거래,19999970793,국내증권사,B,SF205,각주항목(09.06월 이후)
28533,201903,0010097,유진투자증권주식회사,C24,파생상품계약_장외파생상품_신용관련거래,1432480000000,국내증권사,B,SF205,각주항목(09.06월 이후)
28534,201903,0010097,유진투자증권주식회사,C25,파생상품계약_장외파생상품_기타,52390000000,국내증권사,B,SF205,각주항목(09.06월 이후)
28535,201903,0010097,유진투자증권주식회사,D,대차 및 대주거래,76959203391,국내증권사,B,SF205,각주항목(09.06월 이후)
28536,201903,0010097,유진투자증권주식회사,D1,대차 및 대주거래_대여증권,0,국내증권사,B,SF205,각주항목(09.06월 이후)
28537,201903,0010097,유진투자증권주식회사,D2,대차 및 대주거래_차입증권,76959203391,국내증권사,B,SF205,각주항목(09.06월 이후)
28538,201903,0010097,유진투자증권주식회사,D3,대차 및 대주거래_신용거래대주, ,국내증권사,B,SF205,각주항목(09.06월 이후)
28539,201903,0010097,유진투자증권주식회사,E,대손상각채권,148062335992,국내증권사,B,SF205,각주항목(09.06월 이후)
28540,201903,0010097,유진투자증권주식회사,F,환전업무 예치금,0,국내증권사,B,SF205,각주항목(09.06월 이후)
28541,201903,0010097,유진투자증권주식회사,G,미배당별도예치금, ,국내증권사,B,SF205,각주항목(09.06월 이후)
28542,201903,0010097,유진투자증권주식회사,H,배서어음매출(종금계정),0,국내증권사,B,SF205,각주항목(09.06월 이후)
28543,201903,0010097,유진투자증권주식회사,H1,대출채권매매이익_담보부, ,국내증권사,B,SF205,각주항목(09.06월 이후)
28544,201903,0010097,유진투자증권주식회사,H2,대출채권매매이익_무담보부, ,국내증권사,B,SF205,각주항목(09.06월 이후)
28545,201906,0010097,유진투자증권주식회사,A,채무보증,454675121490,국내증권사,B,SF205,각주항목(09.06월 이후)
28546,201906,0010097,유진투자증권주식회사,A1,채무보증_지급보증,75121490,국내증권사,B,SF205,각주항목(09.06월 이후)
28547,201906,0010097,유진투자증권주식회사,A2,채무보증_매입보장약정, ,국내증권사,B,SF205,각주항목(09.06월 이후)
28548,201906,0010097,유진투자증권주식회사,A3,채무보증_채무인수약정, ,국내증권사,B,SF205,각주항목(09.06월 이후)
28549,201906,0010097,유진투자증권주식회사,A5,채무보증_매입확약,454600000000,국내증권사,B,SF205,각주항목(09.06월 이후)
28550,201906,0010097,유진투자증권주식회사,A6,채무보증_기타, ,국내증권사,B,SF205,각주항목(09.06월 이후)
28551,201906,0010097,유진투자증권주식회사,B,투자자의 예수증권 등,12834359137952,국내증권사,B,SF205,각주항목(09.06월 이후)
28552,201906,0010097,유진투자증권주식회사,B1,투자자의 예수증권 등_예수 증권,12834359137952,국내증권사,B,SF205,각주항목(09.06월 이후)
28553,201906,0010097,유진투자증권주식회사,B2,투자자의 예수증권 등_예수양도성예금증서, ,국내증권사,B,SF205,각주항목(09.06월 이후)
28554,201906,0010097,유진투자증권주식회사,B3,투자자의 예수증권 등_기타, ,국내증권사,B,SF205,각주항목(09.06월 이후)
28555,201906,0010097,유진투자증권주식회사,C,파생상품계약,4740054023092,국내증권사,B,SF205,각주항목(09.06월 이후)
28556,201906,0010097,유진투자증권주식회사,C1,파생상품계약_장내파생상품,1837398566861,국내증권사,B,SF205,각주항목(09.06월 이후)
28557,201906,0010097,유진투자증권주식회사,C11,파생상품계약_장내파생상품_이자율관련거래,1508844368000,국내증권사,B,SF205,각주항목(09.06월 이후)
28558,201906,0010097,유진투자증권주식회사,C12,파생상품계약_장내파생상품_통화관련거래,175580855680,국내증권사,B,SF205,각주항목(09.06월 이후)
28559,201906,0010097,유진투자증권주식회사,C13,파생상품계약_장내파생상품_주식관련거래,146329320221,국내증권사,B,SF205,각주항목(09.06월 이후)
28560,201906,0010097,유진투자증권주식회사,C14,파생상품계약_장내파생상품_일반상품관련거래,6644022960,국내증권사,B,SF205,각주항목(09.06월 이후)
28561,201906,0010097,유진투자증권주식회사,C15,파생상품계약_장내파생상품_기타,0,국내증권사,B,SF205,각주항목(09.06월 이후)
28562,201906,0010097,유진투자증권주식회사,C2,파생상품계약_장외파생상품,2902655456231,국내증권사,B,SF205,각주항목(09.06월 이후)
28563,201906,0010097,유진투자증권주식회사,C21,파생상품계약_장외파생상품_이자율관련거래,593866281500,국내증권사,B,SF205,각주항목(09.06월 이후)
28564,201906,0010097,유진투자증권주식회사,C22,파생상품계약_장외파생상품_통화관련거래,697399203938,국내증권사,B,SF205,각주항목(09.06월 이후)
28565,201906,0010097,유진투자증권주식회사,C23,파생상품계약_장외파생상품_주식관련거래,19999970793,국내증권사,B,SF205,각주항목(09.06월 이후)
28566,201906,0010097,유진투자증권주식회사,C24,파생상품계약_장외파생상품_신용관련거래,1534000000000,국내증권사,B,SF205,각주항목(09.06월 이후)
28567,201906,0010097,유진투자증권주식회사,C25,파생상품계약_장외파생상품_기타,57390000000,국내증권사,B,SF205,각주항목(09.06월 이후)
28568,201906,0010097,유진투자증권주식회사,D,대차 및 대주거래,119363938384,국내증권사,B,SF205,각주항목(09.06월 이후)
28569,201906,0010097,유진투자증권주식회사,D1,대차 및 대주거래_대여증권,0,국내증권사,B,SF205,각주항목(09.06월 이후)
28570,201906,0010097,유진투자증권주식회사,D2,대차 및 대주거래_차입증권,119363938384,국내증권사,B,SF205,각주항목(09.06월 이후)
28571,201906,0010097,유진투자증권주식회사,D3,대차 및 대주거래_신용거래대주, ,국내증권사,B,SF205,각주항목(09.06월 이후)
28572,201906,0010097,유진투자증권주식회사,E,대손상각채권,148062335992,국내증권사,B,SF205,각주항목(09.06월 이후)
28573,201906,0010097,유진투자증권주식회사,F,환전업무 예치금,0,국내증권사,B,SF205,각주항목(09.06월 이후)
28574,201906,0010097,유진투자증권주식회사,G,미배당별도예치금, ,국내증권사,B,SF205,각주항목(09.06월 이후)
28575,201906,0010097,유진투자증권주식회사,H,배서어음매출(종금계정),0,국내증권사,B,SF205,각주항목(09.06월 이후)
28576,201906,0010097,유진투자증권주식회사,H1,대출채권매매이익_담보부, ,국내증권사,B,SF205,각주항목(09.06월 이후)
28577,201906,0010097,유진투자증권주식회사,H2,대출채권매매이익_무담보부, ,국내증권사,B,SF205,각주항목(09.06월 이후)
28578,201909,0010097,유진투자증권주식회사,A,채무보증,463675121490,국내증권사,B,SF205,각주항목(09.06월 이후)
28579,201909,0010097,유진투자증권주식회사,A1,채무보증_지급보증,75121490,국내증권사,B,SF205,각주항목(09.06월 이후)
28580,201909,0010097,유진투자증권주식회사,A2,채무보증_매입보장약정, ,국내증권사,B,SF205,각주항목(09.06월 이후)
28581,201909,0010097,유진투자증권주식회사,A3,채무보증_채무인수약정, ,국내증권사,B,SF205,각주항목(09.06월 이후)
28582,201909,0010097,유진투자증권주식회사,A5,채무보증_매입확약,463600000000,국내증권사,B,SF205,각주항목(09.06월 이후)
28583,201909,0010097,유진투자증권주식회사,A6,채무보증_기타, ,국내증권사,B,SF205,각주항목(09.06월 이후)
28584,201909,0010097,유진투자증권주식회사,B,투자자의 예수증권 등,12408358286672,국내증권사,B,SF205,각주항목(09.06월 이후)
28585,201909,0010097,유진투자증권주식회사,B1,투자자의 예수증권 등_예수 증권,12408358286672,국내증권사,B,SF205,각주항목(09.06월 이후)
28586,201909,0010097,유진투자증권주식회사,B2,투자자의 예수증권 등_예수양도성예금증서, ,국내증권사,B,SF205,각주항목(09.06월 이후)
28587,201909,0010097,유진투자증권주식회사,B3,투자자의 예수증권 등_기타, ,국내증권사,B,SF205,각주항목(09.06월 이후)
28588,201909,0010097,유진투자증권주식회사,C,파생상품계약,4077366384432,국내증권사,B,SF205,각주항목(09.06월 이후)
28589,201909,0010097,유진투자증권주식회사,C1,파생상품계약_장내파생상품,1077726050820,국내증권사,B,SF205,각주항목(09.06월 이후)
28590,201909,0010097,유진투자증권주식회사,C11,파생상품계약_장내파생상품_이자율관련거래,927275795275,국내증권사,B,SF205,각주항목(09.06월 이후)
28591,201909,0010097,유진투자증권주식회사,C12,파생상품계약_장내파생상품_통화관련거래,60821387365,국내증권사,B,SF205,각주항목(09.06월 이후)
28592,201909,0010097,유진투자증권주식회사,C13,파생상품계약_장내파생상품_주식관련거래,83948298890,국내증권사,B,SF205,각주항목(09.06월 이후)
28593,201909,0010097,유진투자증권주식회사,C14,파생상품계약_장내파생상품_일반상품관련거래,5680569290,국내증권사,B,SF205,각주항목(09.06월 이후)
28594,201909,0010097,유진투자증권주식회사,C15,파생상품계약_장내파생상품_기타,0,국내증권사,B,SF205,각주항목(09.06월 이후)
28595,201909,0010097,유진투자증권주식회사,C2,파생상품계약_장외파생상품,2999640333612,국내증권사,B,SF205,각주항목(09.06월 이후)
28596,201909,0010097,유진투자증권주식회사,C21,파생상품계약_장외파생상품_이자율관련거래,626064281500,국내증권사,B,SF205,각주항목(09.06월 이후)
28597,201909,0010097,유진투자증권주식회사,C22,파생상품계약_장외파생상품_통화관련거래,559686081319,국내증권사,B,SF205,각주항목(09.06월 이후)
28598,201909,0010097,유진투자증권주식회사,C23,파생상품계약_장외파생상품_주식관련거래,19999970793,국내증권사,B,SF205,각주항목(09.06월 이후)
28599,201909,0010097,유진투자증권주식회사,C24,파생상품계약_장외파생상품_신용관련거래,1734000000000,국내증권사,B,SF205,각주항목(09.06월 이후)
28600,201909,0010097,유진투자증권주식회사,C25,파생상품계약_장외파생상품_기타,59890000000,국내증권사,B,SF205,각주항목(09.06월 이후)
28601,201909,0010097,유진투자증권주식회사,D,대차 및 대주거래,105783551931,국내증권사,B,SF205,각주항목(09.06월 이후)
28602,201909,0010097,유진투자증권주식회사,D1,대차 및 대주거래_대여증권,0,국내증권사,B,SF205,각주항목(09.06월 이후)
28603,201909,0010097,유진투자증권주식회사,D2,대차 및 대주거래_차입증권,105783551931,국내증권사,B,SF205,각주항목(09.06월 이후)
28604,201909,0010097,유진투자증권주식회사,D3,대차 및 대주거래_신용거래대주, ,국내증권사,B,SF205,각주항목(09.06월 이후)
28605,201909,0010097,유진투자증권주식회사,E,대손상각채권,148062335992,국내증권사,B,SF205,각주항목(09.06월 이후)
28606,201909,0010097,유진투자증권주식회사,F,환전업무 예치금,0,국내증권사,B,SF205,각주항목(09.06월 이후)
28607,201909,0010097,유진투자증권주식회사,G,미배당별도예치금, ,국내증권사,B,SF205,각주항목(09.06월 이후)
28608,201909,0010097,유진투자증권주식회사,H,배서어음매출(종금계정),0,국내증권사,B,SF205,각주항목(09.06월 이후)
28609,201909,0010097,유진투자증권주식회사,H1,대출채권매매이익_담보부, ,국내증권사,B,SF205,각주항목(09.06월 이후)
28610,201909,0010097,유진투자증권주식회사,H2,대출채권매매이익_무담보부, ,국내증권사,B,SF205,각주항목(09.06월 이후)
28611,201912,0010097,유진투자증권주식회사,A,채무보증,486075121490,국내증권사,B,SF205,각주항목(09.06월 이후)
28612,201912,0010097,유진투자증권주식회사,A1,채무보증_지급보증,75121490,국내증권사,B,SF205,각주항목(09.06월 이후)
28613,201912,0010097,유진투자증권주식회사,A2,채무보증_매입보장약정, ,국내증권사,B,SF205,각주항목(09.06월 이후)
28614,201912,0010097,유진투자증권주식회사,A3,채무보증_채무인수약정, ,국내증권사,B,SF205,각주항목(09.06월 이후)
28615,201912,0010097,유진투자증권주식회사,A5,채무보증_매입확약,486000000000,국내증권사,B,SF205,각주항목(09.06월 이후)
28616,201912,0010097,유진투자증권주식회사,A6,채무보증_기타, ,국내증권사,B,SF205,각주항목(09.06월 이후)
28617,201912,0010097,유진투자증권주식회사,B,투자자의 예수증권 등,12849551416312,국내증권사,B,SF205,각주항목(09.06월 이후)
28618,201912,0010097,유진투자증권주식회사,B1,투자자의 예수증권 등_예수 증권,12849551416312,국내증권사,B,SF205,각주항목(09.06월 이후)
28619,201912,0010097,유진투자증권주식회사,B2,투자자의 예수증권 등_예수양도성예금증서, ,국내증권사,B,SF205,각주항목(09.06월 이후)
28620,201912,0010097,유진투자증권주식회사,B3,투자자의 예수증권 등_기타, ,국내증권사,B,SF205,각주항목(09.06월 이후)
28621,201912,0010097,유진투자증권주식회사,C,파생상품계약,3642166400974,국내증권사,B,SF205,각주항목(09.06월 이후)
28622,201912,0010097,유진투자증권주식회사,C1,파생상품계약_장내파생상품,857640597662,국내증권사,B,SF205,각주항목(09.06월 이후)
28623,201912,0010097,유진투자증권주식회사,C11,파생상품계약_장내파생상품_이자율관련거래,523540885961,국내증권사,B,SF205,각주항목(09.06월 이후)
28624,201912,0010097,유진투자증권주식회사,C12,파생상품계약_장내파생상품_통화관련거래,43940948513,국내증권사,B,SF205,각주항목(09.06월 이후)
28625,201912,0010097,유진투자증권주식회사,C13,파생상품계약_장내파생상품_주식관련거래,283469159775,국내증권사,B,SF205,각주항목(09.06월 이후)
28626,201912,0010097,유진투자증권주식회사,C14,파생상품계약_장내파생상품_일반상품관련거래,6689603413,국내증권사,B,SF205,각주항목(09.06월 이후)
28627,201912,0010097,유진투자증권주식회사,C15,파생상품계약_장내파생상품_기타,0,국내증권사,B,SF205,각주항목(09.06월 이후)
28628,201912,0010097,유진투자증권주식회사,C2,파생상품계약_장외파생상품,2784525803312,국내증권사,B,SF205,각주항목(09.06월 이후)
28629,201912,0010097,유진투자증권주식회사,C21,파생상품계약_장외파생상품_이자율관련거래,626064281500,국내증권사,B,SF205,각주항목(09.06월 이후)
28630,201912,0010097,유진투자증권주식회사,C22,파생상품계약_장외파생상품_통화관련거래,667455311019,국내증권사,B,SF205,각주항목(09.06월 이후)
28631,201912,0010097,유진투자증권주식회사,C23,파생상품계약_장외파생상품_주식관련거래,19999970793,국내증권사,B,SF205,각주항목(09.06월 이후)
28632,201912,0010097,유진투자증권주식회사,C24,파생상품계약_장외파생상품_신용관련거래,1425605000000,국내증권사,B,SF205,각주항목(09.06월 이후)
28633,201912,0010097,유진투자증권주식회사,C25,파생상품계약_장외파생상품_기타,45401240000,국내증권사,B,SF205,각주항목(09.06월 이후)
28634,201912,0010097,유진투자증권주식회사,D,대차 및 대주거래,149963275064,국내증권사,B,SF205,각주항목(09.06월 이후)
28635,201912,0010097,유진투자증권주식회사,D1,대차 및 대주거래_대여증권,0,국내증권사,B,SF205,각주항목(09.06월 이후)
28636,201912,0010097,유진투자증권주식회사,D2,대차 및 대주거래_차입증권,149963275064,국내증권사,B,SF205,각주항목(09.06월 이후)
28637,201912,0010097,유진투자증권주식회사,D3,대차 및 대주거래_신용거래대주, ,국내증권사,B,SF205,각주항목(09.06월 이후)
28638,201912,0010097,유진투자증권주식회사,E,대손상각채권,148062335992,국내증권사,B,SF205,각주항목(09.06월 이후)
28639,201912,0010097,유진투자증권주식회사,F,환전업무 예치금,0,국내증권사,B,SF205,각주항목(09.06월 이후)
28640,201912,0010097,유진투자증권주식회사,G,미배당별도예치금, ,국내증권사,B,SF205,각주항목(09.06월 이후)
28641,201912,0010097,유진투자증권주식회사,H,배서어음매출(종금계정),0,국내증권사,B,SF205,각주항목(09.06월 이후)
28642,201912,0010097,유진투자증권주식회사,H1,대출채권매매이익_담보부, ,국내증권사,B,SF205,각주항목(09.06월 이후)
28643,201912,0010097,유진투자증권주식회사,H2,대출채권매매이익_무담보부, ,국내증권사,B,SF205,각주항목(09.06월 이후)
28644,202003,0010097,유진투자증권주식회사,A,채무보증,524375121490,국내증권사,B,SF205,각주항목(09.06월 이후)
28645,202003,0010097,유진투자증권주식회사,A1,채무보증_지급보증,75121490,국내증권사,B,SF205,각주항목(09.06월 이후)
28646,202003,0010097,유진투자증권주식회사,A2,채무보증_매입보장약정, ,국내증권사,B,SF205,각주항목(09.06월 이후)
28647,202003,0010097,유진투자증권주식회사,A3,채무보증_채무인수약정, ,국내증권사,B,SF205,각주항목(09.06월 이후)
28648,202003,0010097,유진투자증권주식회사,A5,채무보증_매입확약,524300000000,국내증권사,B,SF205,각주항목(09.06월 이후)
28649,202003,0010097,유진투자증권주식회사,A6,채무보증_기타, ,국내증권사,B,SF205,각주항목(09.06월 이후)
28650,202003,0010097,유진투자증권주식회사,B,투자자의 예수증권 등,12381006601503,국내증권사,B,SF205,각주항목(09.06월 이후)
28651,202003,0010097,유진투자증권주식회사,B1,투자자의 예수증권 등_예수 증권,12381006601503,국내증권사,B,SF205,각주항목(09.06월 이후)
28652,202003,0010097,유진투자증권주식회사,B2,투자자의 예수증권 등_예수양도성예금증서, ,국내증권사,B,SF205,각주항목(09.06월 이후)
28653,202003,0010097,유진투자증권주식회사,B3,투자자의 예수증권 등_기타, ,국내증권사,B,SF205,각주항목(09.06월 이후)
28654,202003,0010097,유진투자증권주식회사,C,파생상품계약,4252690705852,국내증권사,B,SF205,각주항목(09.06월 이후)
28655,202003,0010097,유진투자증권주식회사,C1,파생상품계약_장내파생상품,1124555595368,국내증권사,B,SF205,각주항목(09.06월 이후)
28656,202003,0010097,유진투자증권주식회사,C11,파생상품계약_장내파생상품_이자율관련거래,576212257804,국내증권사,B,SF205,각주항목(09.06월 이후)
28657,202003,0010097,유진투자증권주식회사,C12,파생상품계약_장내파생상품_통화관련거래,205092986770,국내증권사,B,SF205,각주항목(09.06월 이후)
28658,202003,0010097,유진투자증권주식회사,C13,파생상품계약_장내파생상품_주식관련거래,142328678230,국내증권사,B,SF205,각주항목(09.06월 이후)
28659,202003,0010097,유진투자증권주식회사,C14,파생상품계약_장내파생상품_일반상품관련거래,200921672564,국내증권사,B,SF205,각주항목(09.06월 이후)
28660,202003,0010097,유진투자증권주식회사,C15,파생상품계약_장내파생상품_기타,0,국내증권사,B,SF205,각주항목(09.06월 이후)
28661,202003,0010097,유진투자증권주식회사,C2,파생상품계약_장외파생상품,3128135110484,국내증권사,B,SF205,각주항목(09.06월 이후)
28662,202003,0010097,유진투자증권주식회사,C21,파생상품계약_장외파생상품_이자율관련거래,579520281500,국내증권사,B,SF205,각주항목(09.06월 이후)
28663,202003,0010097,유진투자증권주식회사,C22,파생상품계약_장외파생상품_통화관련거래,858036618191,국내증권사,B,SF205,각주항목(09.06월 이후)
28664,202003,0010097,유진투자증권주식회사,C23,파생상품계약_장외파생상품_주식관련거래,19999970793,국내증권사,B,SF205,각주항목(09.06월 이후)
28665,202003,0010097,유진투자증권주식회사,C24,파생상품계약_장외파생상품_신용관련거래,1655177000000,국내증권사,B,SF205,각주항목(09.06월 이후)
28666,202003,0010097,유진투자증권주식회사,C25,파생상품계약_장외파생상품_기타,15401240000,국내증권사,B,SF205,각주항목(09.06월 이후)
28667,202003,0010097,유진투자증권주식회사,D,대차 및 대주거래,114875309225,국내증권사,B,SF205,각주항목(09.06월 이후)
28668,202003,0010097,유진투자증권주식회사,D1,대차 및 대주거래_대여증권,0,국내증권사,B,SF205,각주항목(09.06월 이후)
28669,202003,0010097,유진투자증권주식회사,D2,대차 및 대주거래_차입증권,114875309225,국내증권사,B,SF205,각주항목(09.06월 이후)
28670,202003,0010097,유진투자증권주식회사,D3,대차 및 대주거래_신용거래대주, ,국내증권사,B,SF205,각주항목(09.06월 이후)
28671,202003,0010097,유진투자증권주식회사,E,대손상각채권,148062335992,국내증권사,B,SF205,각주항목(09.06월 이후)
28672,202003,0010097,유진투자증권주식회사,F,환전업무 예치금,0,국내증권사,B,SF205,각주항목(09.06월 이후)
28673,202003,0010097,유진투자증권주식회사,G,미배당별도예치금, ,국내증권사,B,SF205,각주항목(09.06월 이후)
28674,202003,0010097,유진투자증권주식회사,H,배서어음매출(종금계정),0,국내증권사,B,SF205,각주항목(09.06월 이후)
28675,202003,0010097,유진투자증권주식회사,H1,대출채권매매이익_담보부, ,국내증권사,B,SF205,각주항목(09.06월 이후)
28676,202003,0010097,유진투자증권주식회사,H2,대출채권매매이익_무담보부, ,국내증권사,B,SF205,각주항목(09.06월 이후)
28677,202006,0010097,유진투자증권주식회사,A,채무보증,452075121490,국내증권사,B,SF205,각주항목(09.06월 이후)
28678,202006,0010097,유진투자증권주식회사,A1,채무보증_지급보증,75121490,국내증권사,B,SF205,각주항목(09.06월 이후)
28679,202006,0010097,유진투자증권주식회사,A2,채무보증_매입보장약정, ,국내증권사,B,SF205,각주항목(09.06월 이후)
28680,202006,0010097,유진투자증권주식회사,A3,채무보증_채무인수약정, ,국내증권사,B,SF205,각주항목(09.06월 이후)
28681,202006,0010097,유진투자증권주식회사,A5,채무보증_매입확약,452000000000,국내증권사,B,SF205,각주항목(09.06월 이후)
28682,202006,0010097,유진투자증권주식회사,A6,채무보증_기타, ,국내증권사,B,SF205,각주항목(09.06월 이후)
28683,202006,0010097,유진투자증권주식회사,B,투자자의 예수증권 등,14678032705128,국내증권사,B,SF205,각주항목(09.06월 이후)
28684,202006,0010097,유진투자증권주식회사,B1,투자자의 예수증권 등_예수 증권,14678032705128,국내증권사,B,SF205,각주항목(09.06월 이후)
28685,202006,0010097,유진투자증권주식회사,B2,투자자의 예수증권 등_예수양도성예금증서, ,국내증권사,B,SF205,각주항목(09.06월 이후)
28686,202006,0010097,유진투자증권주식회사,B3,투자자의 예수증권 등_기타, ,국내증권사,B,SF205,각주항목(09.06월 이후)
28687,202006,0010097,유진투자증권주식회사,C,파생상품계약,4087374208377,국내증권사,B,SF205,각주항목(09.06월 이후)
28688,202006,0010097,유진투자증권주식회사,C1,파생상품계약_장내파생상품,1317010333136,국내증권사,B,SF205,각주항목(09.06월 이후)
28689,202006,0010097,유진투자증권주식회사,C11,파생상품계약_장내파생상품_이자율관련거래,1005364658999,국내증권사,B,SF205,각주항목(09.06월 이후)
28690,202006,0010097,유진투자증권주식회사,C12,파생상품계약_장내파생상품_통화관련거래,178870397081,국내증권사,B,SF205,각주항목(09.06월 이후)
28691,202006,0010097,유진투자증권주식회사,C13,파생상품계약_장내파생상품_주식관련거래,131524066610,국내증권사,B,SF205,각주항목(09.06월 이후)
28692,202006,0010097,유진투자증권주식회사,C14,파생상품계약_장내파생상품_일반상품관련거래,1251210446,국내증권사,B,SF205,각주항목(09.06월 이후)
28693,202006,0010097,유진투자증권주식회사,C15,파생상품계약_장내파생상품_기타,0,국내증권사,B,SF205,각주항목(09.06월 이후)
28694,202006,0010097,유진투자증권주식회사,C2,파생상품계약_장외파생상품,2770363875241,국내증권사,B,SF205,각주항목(09.06월 이후)
28695,202006,0010097,유진투자증권주식회사,C21,파생상품계약_장외파생상품_이자율관련거래,522267056500,국내증권사,B,SF205,각주항목(09.06월 이후)
28696,202006,0010097,유진투자증권주식회사,C22,파생상품계약_장외파생상품_통화관련거래,547828607948,국내증권사,B,SF205,각주항목(09.06월 이후)
28697,202006,0010097,유진투자증권주식회사,C23,파생상품계약_장외파생상품_주식관련거래,19999970793,국내증권사,B,SF205,각주항목(09.06월 이후)
28698,202006,0010097,유진투자증권주식회사,C24,파생상품계약_장외파생상품_신용관련거래,1664867000000,국내증권사,B,SF205,각주항목(09.06월 이후)
28699,202006,0010097,유진투자증권주식회사,C25,파생상품계약_장외파생상품_기타,15401240000,국내증권사,B,SF205,각주항목(09.06월 이후)
28700,202006,0010097,유진투자증권주식회사,D,대차 및 대주거래,18165438000,국내증권사,B,SF205,각주항목(09.06월 이후)
28701,202006,0010097,유진투자증권주식회사,D1,대차 및 대주거래_대여증권,0,국내증권사,B,SF205,각주항목(09.06월 이후)
28702,202006,0010097,유진투자증권주식회사,D2,대차 및 대주거래_차입증권,18165438000,국내증권사,B,SF205,각주항목(09.06월 이후)
28703,202006,0010097,유진투자증권주식회사,D3,대차 및 대주거래_신용거래대주, ,국내증권사,B,SF205,각주항목(09.06월 이후)
28704,202006,0010097,유진투자증권주식회사,E,대손상각채권,148062335992,국내증권사,B,SF205,각주항목(09.06월 이후)
28705,202006,0010097,유진투자증권주식회사,F,환전업무 예치금,0,국내증권사,B,SF205,각주항목(09.06월 이후)
28706,202006,0010097,유진투자증권주식회사,G,미배당별도예치금, ,국내증권사,B,SF205,각주항목(09.06월 이후)
28707,202006,0010097,유진투자증권주식회사,H,배서어음매출(종금계정),0,국내증권사,B,SF205,각주항목(09.06월 이후)
28708,202006,0010097,유진투자증권주식회사,H1,대출채권매매이익_담보부, ,국내증권사,B,SF205,각주항목(09.06월 이후)
28709,202006,0010097,유진투자증권주식회사,H2,대출채권매매이익_무담보부, ,국내증권사,B,SF205,각주항목(09.06월 이후)
28710,202009,0010097,유진투자증권주식회사,A,채무보증,448575121490,국내증권사,B,SF205,각주항목(09.06월 이후)
28711,202009,0010097,유진투자증권주식회사,A1,채무보증_지급보증,75121490,국내증권사,B,SF205,각주항목(09.06월 이후)
28712,202009,0010097,유진투자증권주식회사,A2,채무보증_매입보장약정, ,국내증권사,B,SF205,각주항목(09.06월 이후)
28713,202009,0010097,유진투자증권주식회사,A3,채무보증_채무인수약정, ,국내증권사,B,SF205,각주항목(09.06월 이후)
28714,202009,0010097,유진투자증권주식회사,A5,채무보증_매입확약,448500000000,국내증권사,B,SF205,각주항목(09.06월 이후)
28715,202009,0010097,유진투자증권주식회사,A6,채무보증_기타, ,국내증권사,B,SF205,각주항목(09.06월 이후)
28716,202009,0010097,유진투자증권주식회사,B,투자자의 예수증권 등,15891676458111,국내증권사,B,SF205,각주항목(09.06월 이후)
28717,202009,0010097,유진투자증권주식회사,B1,투자자의 예수증권 등_예수 증권,15891676458111,국내증권사,B,SF205,각주항목(09.06월 이후)
28718,202009,0010097,유진투자증권주식회사,B2,투자자의 예수증권 등_예수양도성예금증서, ,국내증권사,B,SF205,각주항목(09.06월 이후)
28719,202009,0010097,유진투자증권주식회사,B3,투자자의 예수증권 등_기타, ,국내증권사,B,SF205,각주항목(09.06월 이후)
28720,202009,0010097,유진투자증권주식회사,C,파생상품계약,4099466100062,국내증권사,B,SF205,각주항목(09.06월 이후)
28721,202009,0010097,유진투자증권주식회사,C1,파생상품계약_장내파생상품,1618293789371,국내증권사,B,SF205,각주항목(09.06월 이후)
28722,202009,0010097,유진투자증권주식회사,C11,파생상품계약_장내파생상품_이자율관련거래,1442661273077,국내증권사,B,SF205,각주항목(09.06월 이후)
28723,202009,0010097,유진투자증권주식회사,C12,파생상품계약_장내파생상품_통화관련거래,98405102912,국내증권사,B,SF205,각주항목(09.06월 이후)
28724,202009,0010097,유진투자증권주식회사,C13,파생상품계약_장내파생상품_주식관련거래,75164403316,국내증권사,B,SF205,각주항목(09.06월 이후)
28725,202009,0010097,유진투자증권주식회사,C14,파생상품계약_장내파생상품_일반상품관련거래,2063010066,국내증권사,B,SF205,각주항목(09.06월 이후)
28726,202009,0010097,유진투자증권주식회사,C15,파생상품계약_장내파생상품_기타,0,국내증권사,B,SF205,각주항목(09.06월 이후)
28727,202009,0010097,유진투자증권주식회사,C2,파생상품계약_장외파생상품,2481172310691,국내증권사,B,SF205,각주항목(09.06월 이후)
28728,202009,0010097,유진투자증권주식회사,C21,파생상품계약_장외파생상품_이자율관련거래,493762056500,국내증권사,B,SF205,각주항목(09.06월 이후)
28729,202009,0010097,유진투자증권주식회사,C22,파생상품계약_장외파생상품_통화관련거래,392217043398,국내증권사,B,SF205,각주항목(09.06월 이후)
28730,202009,0010097,유진투자증권주식회사,C23,파생상품계약_장외파생상품_주식관련거래,19999970793,국내증권사,B,SF205,각주항목(09.06월 이후)
28731,202009,0010097,유진투자증권주식회사,C24,파생상품계약_장외파생상품_신용관련거래,1559792000000,국내증권사,B,SF205,각주항목(09.06월 이후)
28732,202009,0010097,유진투자증권주식회사,C25,파생상품계약_장외파생상품_기타,15401240000,국내증권사,B,SF205,각주항목(09.06월 이후)
28733,202009,0010097,유진투자증권주식회사,D,대차 및 대주거래,398432752322,국내증권사,B,SF205,각주항목(09.06월 이후)
28734,202009,0010097,유진투자증권주식회사,D1,대차 및 대주거래_대여증권,0,국내증권사,B,SF205,각주항목(09.06월 이후)
28735,202009,0010097,유진투자증권주식회사,D2,대차 및 대주거래_차입증권,398432752322,국내증권사,B,SF205,각주항목(09.06월 이후)
28736,202009,0010097,유진투자증권주식회사,D3,대차 및 대주거래_신용거래대주, ,국내증권사,B,SF205,각주항목(09.06월 이후)
28737,202009,0010097,유진투자증권주식회사,E,대손상각채권,148062335992,국내증권사,B,SF205,각주항목(09.06월 이후)
28738,202009,0010097,유진투자증권주식회사,F,환전업무 예치금,0,국내증권사,B,SF205,각주항목(09.06월 이후)
28739,202009,0010097,유진투자증권주식회사,G,미배당별도예치금, ,국내증권사,B,SF205,각주항목(09.06월 이후)
28740,202009,0010097,유진투자증권주식회사,H,배서어음매출(종금계정),0,국내증권사,B,SF205,각주항목(09.06월 이후)
28741,202009,0010097,유진투자증권주식회사,H1,대출채권매매이익_담보부, ,국내증권사,B,SF205,각주항목(09.06월 이후)
28742,202009,0010097,유진투자증권주식회사,H2,대출채권매매이익_무담보부, ,국내증권사,B,SF205,각주항목(09.06월 이후)
28743,202012,0010097,유진투자증권주식회사,A,채무보증,519575121490,국내증권사,B,SF205,각주항목(09.06월 이후)
28744,202012,0010097,유진투자증권주식회사,A1,채무보증_지급보증,75121490,국내증권사,B,SF205,각주항목(09.06월 이후)
28745,202012,0010097,유진투자증권주식회사,A2,채무보증_매입보장약정, ,국내증권사,B,SF205,각주항목(09.06월 이후)
28746,202012,0010097,유진투자증권주식회사,A3,채무보증_채무인수약정, ,국내증권사,B,SF205,각주항목(09.06월 이후)
28747,202012,0010097,유진투자증권주식회사,A5,채무보증_매입확약,519500000000,국내증권사,B,SF205,각주항목(09.06월 이후)
28748,202012,0010097,유진투자증권주식회사,A6,채무보증_기타, ,국내증권사,B,SF205,각주항목(09.06월 이후)
28749,202012,0010097,유진투자증권주식회사,B,투자자의 예수증권 등,17939178901839,국내증권사,B,SF205,각주항목(09.06월 이후)
28750,202012,0010097,유진투자증권주식회사,B1,투자자의 예수증권 등_예수 증권,17939178901839,국내증권사,B,SF205,각주항목(09.06월 이후)
28751,202012,0010097,유진투자증권주식회사,B2,투자자의 예수증권 등_예수양도성예금증서, ,국내증권사,B,SF205,각주항목(09.06월 이후)
28752,202012,0010097,유진투자증권주식회사,B3,투자자의 예수증권 등_기타, ,국내증권사,B,SF205,각주항목(09.06월 이후)
28753,202012,0010097,유진투자증권주식회사,C,파생상품계약,3451000412865,국내증권사,B,SF205,각주항목(09.06월 이후)
28754,202012,0010097,유진투자증권주식회사,C1,파생상품계약_장내파생상품,1174580327811,국내증권사,B,SF205,각주항목(09.06월 이후)
28755,202012,0010097,유진투자증권주식회사,C11,파생상품계약_장내파생상품_이자율관련거래,826327700000,국내증권사,B,SF205,각주항목(09.06월 이후)
28756,202012,0010097,유진투자증권주식회사,C12,파생상품계약_장내파생상품_통화관련거래,172213773840,국내증권사,B,SF205,각주항목(09.06월 이후)
28757,202012,0010097,유진투자증권주식회사,C13,파생상품계약_장내파생상품_주식관련거래,174015620051,국내증권사,B,SF205,각주항목(09.06월 이후)
28758,202012,0010097,유진투자증권주식회사,C14,파생상품계약_장내파생상품_일반상품관련거래,2023233920,국내증권사,B,SF205,각주항목(09.06월 이후)
28759,202012,0010097,유진투자증권주식회사,C15,파생상품계약_장내파생상품_기타,0,국내증권사,B,SF205,각주항목(09.06월 이후)
28760,202012,0010097,유진투자증권주식회사,C2,파생상품계약_장외파생상품,2276420085054,국내증권사,B,SF205,각주항목(09.06월 이후)
28761,202012,0010097,유진투자증권주식회사,C21,파생상품계약_장외파생상품_이자율관련거래,423557700000,국내증권사,B,SF205,각주항목(09.06월 이후)
28762,202012,0010097,유진투자증권주식회사,C22,파생상품계약_장외파생상품_통화관련거래,277669145054,국내증권사,B,SF205,각주항목(09.06월 이후)
28763,202012,0010097,유진투자증권주식회사,C23,파생상품계약_장외파생상품_주식관련거래,0,국내증권사,B,SF205,각주항목(09.06월 이후)
28764,202012,0010097,유진투자증권주식회사,C24,파생상품계약_장외파생상품_신용관련거래,1559792000000,국내증권사,B,SF205,각주항목(09.06월 이후)
28765,202012,0010097,유진투자증권주식회사,C25,파생상품계약_장외파생상품_기타,15401240000,국내증권사,B,SF205,각주항목(09.06월 이후)
28766,202012,0010097,유진투자증권주식회사,D,대차 및 대주거래,332371040204,국내증권사,B,SF205,각주항목(09.06월 이후)
28767,202012,0010097,유진투자증권주식회사,D1,대차 및 대주거래_대여증권,0,국내증권사,B,SF205,각주항목(09.06월 이후)
28768,202012,0010097,유진투자증권주식회사,D2,대차 및 대주거래_차입증권,332371040204,국내증권사,B,SF205,각주항목(09.06월 이후)
28769,202012,0010097,유진투자증권주식회사,D3,대차 및 대주거래_신용거래대주, ,국내증권사,B,SF205,각주항목(09.06월 이후)
28770,202012,0010097,유진투자증권주식회사,E,대손상각채권,148062335992,국내증권사,B,SF205,각주항목(09.06월 이후)
28771,202012,0010097,유진투자증권주식회사,F,환전업무 예치금,0,국내증권사,B,SF205,각주항목(09.06월 이후)
28772,202012,0010097,유진투자증권주식회사,G,미배당별도예치금, ,국내증권사,B,SF205,각주항목(09.06월 이후)
28773,202012,0010097,유진투자증권주식회사,H,배서어음매출(종금계정),0,국내증권사,B,SF205,각주항목(09.06월 이후)
28774,202012,0010097,유진투자증권주식회사,H1,대출채권매매이익_담보부, ,국내증권사,B,SF205,각주항목(09.06월 이후)
28775,202012,0010097,유진투자증권주식회사,H2,대출채권매매이익_무담보부, ,국내증권사,B,SF205,각주항목(09.06월 이후)
28776,202103,0010097,유진투자증권주식회사,A,채무보증,550375121490,국내증권사,B,SF205,각주항목(09.06월 이후)
28777,202103,0010097,유진투자증권주식회사,A1,채무보증_지급보증,75121490,국내증권사,B,SF205,각주항목(09.06월 이후)
28778,202103,0010097,유진투자증권주식회사,A2,채무보증_매입보장약정, ,국내증권사,B,SF205,각주항목(09.06월 이후)
28779,202103,0010097,유진투자증권주식회사,A3,채무보증_채무인수약정, ,국내증권사,B,SF205,각주항목(09.06월 이후)
28780,202103,0010097,유진투자증권주식회사,A5,채무보증_매입확약,550300000000,국내증권사,B,SF205,각주항목(09.06월 이후)
28781,202103,0010097,유진투자증권주식회사,A6,채무보증_기타, ,국내증권사,B,SF205,각주항목(09.06월 이후)
28782,202103,0010097,유진투자증권주식회사,B,투자자의 예수증권 등,18266906655874,국내증권사,B,SF205,각주항목(09.06월 이후)
28783,202103,0010097,유진투자증권주식회사,B1,투자자의 예수증권 등_예수 증권,18266906655874,국내증권사,B,SF205,각주항목(09.06월 이후)
28784,202103,0010097,유진투자증권주식회사,B2,투자자의 예수증권 등_예수양도성예금증서, ,국내증권사,B,SF205,각주항목(09.06월 이후)
28785,202103,0010097,유진투자증권주식회사,B3,투자자의 예수증권 등_기타, ,국내증권사,B,SF205,각주항목(09.06월 이후)
28786,202103,0010097,유진투자증권주식회사,C,파생상품계약,3697527377395,국내증권사,B,SF205,각주항목(09.06월 이후)
28787,202103,0010097,유진투자증권주식회사,C1,파생상품계약_장내파생상품,1504307394993,국내증권사,B,SF205,각주항목(09.06월 이후)
28788,202103,0010097,유진투자증권주식회사,C11,파생상품계약_장내파생상품_이자율관련거래,1145427089281,국내증권사,B,SF205,각주항목(09.06월 이후)
28789,202103,0010097,유진투자증권주식회사,C12,파생상품계약_장내파생상품_통화관련거래,206756496734,국내증권사,B,SF205,각주항목(09.06월 이후)
28790,202103,0010097,유진투자증권주식회사,C13,파생상품계약_장내파생상품_주식관련거래,150025071387,국내증권사,B,SF205,각주항목(09.06월 이후)
28791,202103,0010097,유진투자증권주식회사,C14,파생상품계약_장내파생상품_일반상품관련거래,2098737591,국내증권사,B,SF205,각주항목(09.06월 이후)
28792,202103,0010097,유진투자증권주식회사,C15,파생상품계약_장내파생상품_기타,0,국내증권사,B,SF205,각주항목(09.06월 이후)
28793,202103,0010097,유진투자증권주식회사,C2,파생상품계약_장외파생상품,2193219982402,국내증권사,B,SF205,각주항목(09.06월 이후)
28794,202103,0010097,유진투자증권주식회사,C21,파생상품계약_장외파생상품_이자율관련거래,319390200000,국내증권사,B,SF205,각주항목(09.06월 이후)
28795,202103,0010097,유진투자증권주식회사,C22,파생상품계약_장외파생상품_통화관련거래,314037782402,국내증권사,B,SF205,각주항목(09.06월 이후)
28796,202103,0010097,유진투자증권주식회사,C23,파생상품계약_장외파생상품_주식관련거래,0,국내증권사,B,SF205,각주항목(09.06월 이후)
28797,202103,0010097,유진투자증권주식회사,C24,파생상품계약_장외파생상품_신용관련거래,1559792000000,국내증권사,B,SF205,각주항목(09.06월 이후)
28798,202103,0010097,유진투자증권주식회사,C25,파생상품계약_장외파생상품_기타,0,국내증권사,B,SF205,각주항목(09.06월 이후)
28799,202103,0010097,유진투자증권주식회사,D,대차 및 대주거래,431020159337,국내증권사,B,SF205,각주항목(09.06월 이후)
28800,202103,0010097,유진투자증권주식회사,D1,대차 및 대주거래_대여증권,0,국내증권사,B,SF205,각주항목(09.06월 이후)
28801,202103,0010097,유진투자증권주식회사,D2,대차 및 대주거래_차입증권,431020159337,국내증권사,B,SF205,각주항목(09.06월 이후)
28802,202103,0010097,유진투자증권주식회사,D3,대차 및 대주거래_신용거래대주, ,국내증권사,B,SF205,각주항목(09.06월 이후)
28803,202103,0010097,유진투자증권주식회사,E,대손상각채권,148062335992,국내증권사,B,SF205,각주항목(09.06월 이후)
28804,202103,0010097,유진투자증권주식회사,F,환전업무 예치금,0,국내증권사,B,SF205,각주항목(09.06월 이후)
28805,202103,0010097,유진투자증권주식회사,G,미배당별도예치금, ,국내증권사,B,SF205,각주항목(09.06월 이후)
28806,202103,0010097,유진투자증권주식회사,H,배서어음매출(종금계정),0,국내증권사,B,SF205,각주항목(09.06월 이후)
28807,202103,0010097,유진투자증권주식회사,H1,대출채권매매이익_담보부, ,국내증권사,B,SF205,각주항목(09.06월 이후)
28808,202103,0010097,유진투자증권주식회사,H2,대출채권매매이익_무담보부, ,국내증권사,B,SF205,각주항목(09.06월 이후)
28809,202106,0010097,유진투자증권주식회사,A,채무보증,606875121490,국내증권사,B,SF205,각주항목(09.06월 이후)
28810,202106,0010097,유진투자증권주식회사,A1,채무보증_지급보증,75121490,국내증권사,B,SF205,각주항목(09.06월 이후)
28811,202106,0010097,유진투자증권주식회사,A2,채무보증_매입보장약정, ,국내증권사,B,SF205,각주항목(09.06월 이후)
28812,202106,0010097,유진투자증권주식회사,A3,채무보증_채무인수약정, ,국내증권사,B,SF205,각주항목(09.06월 이후)
28813,202106,0010097,유진투자증권주식회사,A5,채무보증_매입확약,606800000000,국내증권사,B,SF205,각주항목(09.06월 이후)
28814,202106,0010097,유진투자증권주식회사,A6,채무보증_기타, ,국내증권사,B,SF205,각주항목(09.06월 이후)
28815,202106,0010097,유진투자증권주식회사,B,투자자의 예수증권 등,20308666886321,국내증권사,B,SF205,각주항목(09.06월 이후)
28816,202106,0010097,유진투자증권주식회사,B1,투자자의 예수증권 등_예수 증권,20308666886321,국내증권사,B,SF205,각주항목(09.06월 이후)
28817,202106,0010097,유진투자증권주식회사,B2,투자자의 예수증권 등_예수양도성예금증서, ,국내증권사,B,SF205,각주항목(09.06월 이후)
28818,202106,0010097,유진투자증권주식회사,B3,투자자의 예수증권 등_기타, ,국내증권사,B,SF205,각주항목(09.06월 이후)
28819,202106,0010097,유진투자증권주식회사,C,파생상품계약,4380107487227,국내증권사,B,SF205,각주항목(09.06월 이후)
28820,202106,0010097,유진투자증권주식회사,C1,파생상품계약_장내파생상품,1824307227597,국내증권사,B,SF205,각주항목(09.06월 이후)
28821,202106,0010097,유진투자증권주식회사,C11,파생상품계약_장내파생상품_이자율관련거래,1437905130970,국내증권사,B,SF205,각주항목(09.06월 이후)
28822,202106,0010097,유진투자증권주식회사,C12,파생상품계약_장내파생상품_통화관련거래,162442119160,국내증권사,B,SF205,각주항목(09.06월 이후)
28823,202106,0010097,유진투자증권주식회사,C13,파생상품계약_장내파생상품_주식관련거래,221893252667,국내증권사,B,SF205,각주항목(09.06월 이후)
28824,202106,0010097,유진투자증권주식회사,C14,파생상품계약_장내파생상품_일반상품관련거래,2066724800,국내증권사,B,SF205,각주항목(09.06월 이후)
28825,202106,0010097,유진투자증권주식회사,C15,파생상품계약_장내파생상품_기타,0,국내증권사,B,SF205,각주항목(09.06월 이후)
28826,202106,0010097,유진투자증권주식회사,C2,파생상품계약_장외파생상품,2555800259630,국내증권사,B,SF205,각주항목(09.06월 이후)
28827,202106,0010097,유진투자증권주식회사,C21,파생상품계약_장외파생상품_이자율관련거래,329390200000,국내증권사,B,SF205,각주항목(09.06월 이후)
28828,202106,0010097,유진투자증권주식회사,C22,파생상품계약_장외파생상품_통화관련거래,799818059630,국내증권사,B,SF205,각주항목(09.06월 이후)
28829,202106,0010097,유진투자증권주식회사,C23,파생상품계약_장외파생상품_주식관련거래,0,국내증권사,B,SF205,각주항목(09.06월 이후)
28830,202106,0010097,유진투자증권주식회사,C24,파생상품계약_장외파생상품_신용관련거래,1426592000000,국내증권사,B,SF205,각주항목(09.06월 이후)
28831,202106,0010097,유진투자증권주식회사,C25,파생상품계약_장외파생상품_기타,0,국내증권사,B,SF205,각주항목(09.06월 이후)
28832,202106,0010097,유진투자증권주식회사,D,대차 및 대주거래,342509452826,국내증권사,B,SF205,각주항목(09.06월 이후)
28833,202106,0010097,유진투자증권주식회사,D1,대차 및 대주거래_대여증권,0,국내증권사,B,SF205,각주항목(09.06월 이후)
28834,202106,0010097,유진투자증권주식회사,D2,대차 및 대주거래_차입증권,342509452826,국내증권사,B,SF205,각주항목(09.06월 이후)
28835,202106,0010097,유진투자증권주식회사,D3,대차 및 대주거래_신용거래대주, ,국내증권사,B,SF205,각주항목(09.06월 이후)
28836,202106,0010097,유진투자증권주식회사,E,대손상각채권,148062335992,국내증권사,B,SF205,각주항목(09.06월 이후)
28837,202106,0010097,유진투자증권주식회사,F,환전업무 예치금,0,국내증권사,B,SF205,각주항목(09.06월 이후)
28838,202106,0010097,유진투자증권주식회사,G,미배당별도예치금, ,국내증권사,B,SF205,각주항목(09.06월 이후)
28839,202106,0010097,유진투자증권주식회사,H,배서어음매출(종금계정),0,국내증권사,B,SF205,각주항목(09.06월 이후)
28840,202106,0010097,유진투자증권주식회사,H1,대출채권매매이익_담보부, ,국내증권사,B,SF205,각주항목(09.06월 이후)
28841,202106,0010097,유진투자증권주식회사,H2,대출채권매매이익_무담보부, ,국내증권사,B,SF205,각주항목(09.06월 이후)
28842,202109,0010097,유진투자증권주식회사,A,채무보증,656975121490,국내증권사,B,SF205,각주항목(09.06월 이후)
28843,202109,0010097,유진투자증권주식회사,A1,채무보증_지급보증,75121490,국내증권사,B,SF205,각주항목(09.06월 이후)
28844,202109,0010097,유진투자증권주식회사,A2,채무보증_매입보장약정, ,국내증권사,B,SF205,각주항목(09.06월 이후)
28845,202109,0010097,유진투자증권주식회사,A3,채무보증_채무인수약정, ,국내증권사,B,SF205,각주항목(09.06월 이후)
28846,202109,0010097,유진투자증권주식회사,A5,채무보증_매입확약,656900000000,국내증권사,B,SF205,각주항목(09.06월 이후)
28847,202109,0010097,유진투자증권주식회사,A6,채무보증_기타, ,국내증권사,B,SF205,각주항목(09.06월 이후)
28848,202109,0010097,유진투자증권주식회사,B,투자자의 예수증권 등,21044818914034,국내증권사,B,SF205,각주항목(09.06월 이후)
28849,202109,0010097,유진투자증권주식회사,B1,투자자의 예수증권 등_예수 증권,21044818914034,국내증권사,B,SF205,각주항목(09.06월 이후)
28850,202109,0010097,유진투자증권주식회사,B2,투자자의 예수증권 등_예수양도성예금증서, ,국내증권사,B,SF205,각주항목(09.06월 이후)
28851,202109,0010097,유진투자증권주식회사,B3,투자자의 예수증권 등_기타, ,국내증권사,B,SF205,각주항목(09.06월 이후)
28852,202109,0010097,유진투자증권주식회사,C,파생상품계약,5171417676966,국내증권사,B,SF205,각주항목(09.06월 이후)
28853,202109,0010097,유진투자증권주식회사,C1,파생상품계약_장내파생상품,2420177951222,국내증권사,B,SF205,각주항목(09.06월 이후)
28854,202109,0010097,유진투자증권주식회사,C11,파생상품계약_장내파생상품_이자율관련거래,2047264133218,국내증권사,B,SF205,각주항목(09.06월 이후)
28855,202109,0010097,유진투자증권주식회사,C12,파생상품계약_장내파생상품_통화관련거래,198529249330,국내증권사,B,SF205,각주항목(09.06월 이후)
28856,202109,0010097,유진투자증권주식회사,C13,파생상품계약_장내파생상품_주식관련거래,171798109710,국내증권사,B,SF205,각주항목(09.06월 이후)
28857,202109,0010097,유진투자증권주식회사,C14,파생상품계약_장내파생상품_일반상품관련거래,2586458964,국내증권사,B,SF205,각주항목(09.06월 이후)
28858,202109,0010097,유진투자증권주식회사,C15,파생상품계약_장내파생상품_기타,0,국내증권사,B,SF205,각주항목(09.06월 이후)
28859,202109,0010097,유진투자증권주식회사,C2,파생상품계약_장외파생상품,2751239725744,국내증권사,B,SF205,각주항목(09.06월 이후)
28860,202109,0010097,유진투자증권주식회사,C21,파생상품계약_장외파생상품_이자율관련거래,149390200000,국내증권사,B,SF205,각주항목(09.06월 이후)
28861,202109,0010097,유진투자증권주식회사,C22,파생상품계약_장외파생상품_통화관련거래,975257525744,국내증권사,B,SF205,각주항목(09.06월 이후)
28862,202109,0010097,유진투자증권주식회사,C23,파생상품계약_장외파생상품_주식관련거래,0,국내증권사,B,SF205,각주항목(09.06월 이후)
28863,202109,0010097,유진투자증권주식회사,C24,파생상품계약_장외파생상품_신용관련거래,1626592000000,국내증권사,B,SF205,각주항목(09.06월 이후)
28864,202109,0010097,유진투자증권주식회사,C25,파생상품계약_장외파생상품_기타,0,국내증권사,B,SF205,각주항목(09.06월 이후)
28865,202109,0010097,유진투자증권주식회사,D,대차 및 대주거래,311138552179,국내증권사,B,SF205,각주항목(09.06월 이후)
28866,202109,0010097,유진투자증권주식회사,D1,대차 및 대주거래_대여증권,0,국내증권사,B,SF205,각주항목(09.06월 이후)
28867,202109,0010097,유진투자증권주식회사,D2,대차 및 대주거래_차입증권,311138552179,국내증권사,B,SF205,각주항목(09.06월 이후)
28868,202109,0010097,유진투자증권주식회사,D3,대차 및 대주거래_신용거래대주, ,국내증권사,B,SF205,각주항목(09.06월 이후)
28869,202109,0010097,유진투자증권주식회사,E,대손상각채권,148062335992,국내증권사,B,SF205,각주항목(09.06월 이후)
28870,202109,0010097,유진투자증권주식회사,F,환전업무 예치금,0,국내증권사,B,SF205,각주항목(09.06월 이후)
28871,202109,0010097,유진투자증권주식회사,G,미배당별도예치금, ,국내증권사,B,SF205,각주항목(09.06월 이후)
28872,202109,0010097,유진투자증권주식회사,H,배서어음매출(종금계정),0,국내증권사,B,SF205,각주항목(09.06월 이후)
28873,202109,0010097,유진투자증권주식회사,H1,대출채권매매이익_담보부, ,국내증권사,B,SF205,각주항목(09.06월 이후)
28874,202109,0010097,유진투자증권주식회사,H2,대출채권매매이익_무담보부, ,국내증권사,B,SF205,각주항목(09.06월 이후)
28875,202112,0010097,유진투자증권주식회사,A,채무보증,649675121490,국내증권사,B,SF205,각주항목(09.06월 이후)
28876,202112,0010097,유진투자증권주식회사,A1,채무보증_지급보증,75121490,국내증권사,B,SF205,각주항목(09.06월 이후)
28877,202112,0010097,유진투자증권주식회사,A2,채무보증_매입보장약정, ,국내증권사,B,SF205,각주항목(09.06월 이후)
28878,202112,0010097,유진투자증권주식회사,A3,채무보증_채무인수약정, ,국내증권사,B,SF205,각주항목(09.06월 이후)
28879,202112,0010097,유진투자증권주식회사,A5,채무보증_매입확약,649600000000,국내증권사,B,SF205,각주항목(09.06월 이후)
28880,202112,0010097,유진투자증권주식회사,A6,채무보증_기타, ,국내증권사,B,SF205,각주항목(09.06월 이후)
28881,202112,0010097,유진투자증권주식회사,B,투자자의 예수증권 등,21164464547184,국내증권사,B,SF205,각주항목(09.06월 이후)
28882,202112,0010097,유진투자증권주식회사,B1,투자자의 예수증권 등_예수 증권,21164464547184,국내증권사,B,SF205,각주항목(09.06월 이후)
28883,202112,0010097,유진투자증권주식회사,B2,투자자의 예수증권 등_예수양도성예금증서, ,국내증권사,B,SF205,각주항목(09.06월 이후)
28884,202112,0010097,유진투자증권주식회사,B3,투자자의 예수증권 등_기타, ,국내증권사,B,SF205,각주항목(09.06월 이후)
28885,202112,0010097,유진투자증권주식회사,C,파생상품계약,4838714377651,국내증권사,B,SF205,각주항목(09.06월 이후)
28886,202112,0010097,유진투자증권주식회사,C1,파생상품계약_장내파생상품,1582807471065,국내증권사,B,SF205,각주항목(09.06월 이후)
28887,202112,0010097,유진투자증권주식회사,C11,파생상품계약_장내파생상품_이자율관련거래,1285035173218,국내증권사,B,SF205,각주항목(09.06월 이후)
28888,202112,0010097,유진투자증권주식회사,C12,파생상품계약_장내파생상품_통화관련거래,208471248657,국내증권사,B,SF205,각주항목(09.06월 이후)
28889,202112,0010097,유진투자증권주식회사,C13,파생상품계약_장내파생상품_주식관련거래,87243101213,국내증권사,B,SF205,각주항목(09.06월 이후)
28890,202112,0010097,유진투자증권주식회사,C14,파생상품계약_장내파생상품_일반상품관련거래,2057947977,국내증권사,B,SF205,각주항목(09.06월 이후)
28891,202112,0010097,유진투자증권주식회사,C15,파생상품계약_장내파생상품_기타,0,국내증권사,B,SF205,각주항목(09.06월 이후)
28892,202112,0010097,유진투자증권주식회사,C2,파생상품계약_장외파생상품,3255906906586,국내증권사,B,SF205,각주항목(09.06월 이후)
28893,202112,0010097,유진투자증권주식회사,C21,파생상품계약_장외파생상품_이자율관련거래,130000000000,국내증권사,B,SF205,각주항목(09.06월 이후)
28894,202112,0010097,유진투자증권주식회사,C22,파생상품계약_장외파생상품_통화관련거래,1499314906586,국내증권사,B,SF205,각주항목(09.06월 이후)
28895,202112,0010097,유진투자증권주식회사,C23,파생상품계약_장외파생상품_주식관련거래,0,국내증권사,B,SF205,각주항목(09.06월 이후)
28896,202112,0010097,유진투자증권주식회사,C24,파생상품계약_장외파생상품_신용관련거래,1626592000000,국내증권사,B,SF205,각주항목(09.06월 이후)
28897,202112,0010097,유진투자증권주식회사,C25,파생상품계약_장외파생상품_기타,0,국내증권사,B,SF205,각주항목(09.06월 이후)
28898,202112,0010097,유진투자증권주식회사,D,대차 및 대주거래,474748870217,국내증권사,B,SF205,각주항목(09.06월 이후)
28899,202112,0010097,유진투자증권주식회사,D1,대차 및 대주거래_대여증권,0,국내증권사,B,SF205,각주항목(09.06월 이후)
28900,202112,0010097,유진투자증권주식회사,D2,대차 및 대주거래_차입증권,474748870217,국내증권사,B,SF205,각주항목(09.06월 이후)
28901,202112,0010097,유진투자증권주식회사,D3,대차 및 대주거래_신용거래대주, ,국내증권사,B,SF205,각주항목(09.06월 이후)
28902,202112,0010097,유진투자증권주식회사,E,대손상각채권,148062335992,국내증권사,B,SF205,각주항목(09.06월 이후)
28903,202112,0010097,유진투자증권주식회사,F,환전업무 예치금,0,국내증권사,B,SF205,각주항목(09.06월 이후)
28904,202112,0010097,유진투자증권주식회사,G,미배당별도예치금, ,국내증권사,B,SF205,각주항목(09.06월 이후)
28905,202112,0010097,유진투자증권주식회사,H,배서어음매출(종금계정),0,국내증권사,B,SF205,각주항목(09.06월 이후)
28906,202112,0010097,유진투자증권주식회사,H1,대출채권매매이익_담보부, ,국내증권사,B,SF205,각주항목(09.06월 이후)
28907,202112,0010097,유진투자증권주식회사,H2,대출채권매매이익_무담보부, ,국내증권사,B,SF205,각주항목(09.06월 이후)
28908,202203,0010097,유진투자증권주식회사,A,채무보증,715675121490,국내증권사,B,SF205,각주항목(09.06월 이후)
28909,202203,0010097,유진투자증권주식회사,A1,채무보증_지급보증,75121490,국내증권사,B,SF205,각주항목(09.06월 이후)
28910,202203,0010097,유진투자증권주식회사,A2,채무보증_매입보장약정, ,국내증권사,B,SF205,각주항목(09.06월 이후)
28911,202203,0010097,유진투자증권주식회사,A3,채무보증_채무인수약정, ,국내증권사,B,SF205,각주항목(09.06월 이후)
28912,202203,0010097,유진투자증권주식회사,A5,채무보증_매입확약,715600000000,국내증권사,B,SF205,각주항목(09.06월 이후)
28913,202203,0010097,유진투자증권주식회사,A6,채무보증_기타, ,국내증권사,B,SF205,각주항목(09.06월 이후)
28914,202203,0010097,유진투자증권주식회사,B,투자자의 예수증권 등,21310209059782,국내증권사,B,SF205,각주항목(09.06월 이후)
28915,202203,0010097,유진투자증권주식회사,B1,투자자의 예수증권 등_예수 증권,21310209059782,국내증권사,B,SF205,각주항목(09.06월 이후)
28916,202203,0010097,유진투자증권주식회사,B2,투자자의 예수증권 등_예수양도성예금증서, ,국내증권사,B,SF205,각주항목(09.06월 이후)
28917,202203,0010097,유진투자증권주식회사,B3,투자자의 예수증권 등_기타, ,국내증권사,B,SF205,각주항목(09.06월 이후)
28918,202203,0010097,유진투자증권주식회사,C,파생상품계약,5378111201820,국내증권사,B,SF205,각주항목(09.06월 이후)
28919,202203,0010097,유진투자증권주식회사,C1,파생상품계약_장내파생상품,1366195830837,국내증권사,B,SF205,각주항목(09.06월 이후)
28920,202203,0010097,유진투자증권주식회사,C11,파생상품계약_장내파생상품_이자율관련거래,1006208261750,국내증권사,B,SF205,각주항목(09.06월 이후)
28921,202203,0010097,유진투자증권주식회사,C12,파생상품계약_장내파생상품_통화관련거래,247531818182,국내증권사,B,SF205,각주항목(09.06월 이후)
28922,202203,0010097,유진투자증권주식회사,C13,파생상품계약_장내파생상품_주식관련거래,108579383786,국내증권사,B,SF205,각주항목(09.06월 이후)
28923,202203,0010097,유진투자증권주식회사,C14,파생상품계약_장내파생상품_일반상품관련거래,3876367119,국내증권사,B,SF205,각주항목(09.06월 이후)
28924,202203,0010097,유진투자증권주식회사,C15,파생상품계약_장내파생상품_기타,0,국내증권사,B,SF205,각주항목(09.06월 이후)
28925,202203,0010097,유진투자증권주식회사,C2,파생상품계약_장외파생상품,4011915370983,국내증권사,B,SF205,각주항목(09.06월 이후)
28926,202203,0010097,유진투자증권주식회사,C21,파생상품계약_장외파생상품_이자율관련거래,130000000000,국내증권사,B,SF205,각주항목(09.06월 이후)
28927,202203,0010097,유진투자증권주식회사,C22,파생상품계약_장외파생상품_통화관련거래,1855323370983,국내증권사,B,SF205,각주항목(09.06월 이후)
28928,202203,0010097,유진투자증권주식회사,C23,파생상품계약_장외파생상품_주식관련거래,0,국내증권사,B,SF205,각주항목(09.06월 이후)
28929,202203,0010097,유진투자증권주식회사,C24,파생상품계약_장외파생상품_신용관련거래,2026592000000,국내증권사,B,SF205,각주항목(09.06월 이후)
28930,202203,0010097,유진투자증권주식회사,C25,파생상품계약_장외파생상품_기타,0,국내증권사,B,SF205,각주항목(09.06월 이후)
28931,202203,0010097,유진투자증권주식회사,D,대차 및 대주거래,361111835777,국내증권사,B,SF205,각주항목(09.06월 이후)
28932,202203,0010097,유진투자증권주식회사,D1,대차 및 대주거래_대여증권,0,국내증권사,B,SF205,각주항목(09.06월 이후)
28933,202203,0010097,유진투자증권주식회사,D2,대차 및 대주거래_차입증권,361111835777,국내증권사,B,SF205,각주항목(09.06월 이후)
28934,202203,0010097,유진투자증권주식회사,D3,대차 및 대주거래_신용거래대주, ,국내증권사,B,SF205,각주항목(09.06월 이후)
28935,202203,0010097,유진투자증권주식회사,E,대손상각채권,148062335992,국내증권사,B,SF205,각주항목(09.06월 이후)
28936,202203,0010097,유진투자증권주식회사,F,환전업무 예치금,0,국내증권사,B,SF205,각주항목(09.06월 이후)
28937,202203,0010097,유진투자증권주식회사,G,미배당별도예치금, ,국내증권사,B,SF205,각주항목(09.06월 이후)
28938,202203,0010097,유진투자증권주식회사,H,배서어음매출(종금계정),0,국내증권사,B,SF205,각주항목(09.06월 이후)
28939,202203,0010097,유진투자증권주식회사,H1,대출채권매매이익_담보부, ,국내증권사,B,SF205,각주항목(09.06월 이후)
28940,202203,0010097,유진투자증권주식회사,H2,대출채권매매이익_무담보부, ,국내증권사,B,SF205,각주항목(09.06월 이후)
28941,202206,0010097,유진투자증권주식회사,A,채무보증,728875121490,국내증권사,B,SF205,각주항목(09.06월 이후)
28942,202206,0010097,유진투자증권주식회사,A1,채무보증_지급보증,75121490,국내증권사,B,SF205,각주항목(09.06월 이후)
28943,202206,0010097,유진투자증권주식회사,A2,채무보증_매입보장약정, ,국내증권사,B,SF205,각주항목(09.06월 이후)
28944,202206,0010097,유진투자증권주식회사,A3,채무보증_채무인수약정, ,국내증권사,B,SF205,각주항목(09.06월 이후)
28945,202206,0010097,유진투자증권주식회사,A5,채무보증_매입확약,728800000000,국내증권사,B,SF205,각주항목(09.06월 이후)
28946,202206,0010097,유진투자증권주식회사,A6,채무보증_기타, ,국내증권사,B,SF205,각주항목(09.06월 이후)
28947,202206,0010097,유진투자증권주식회사,B,투자자의 예수증권 등,19512611155896,국내증권사,B,SF205,각주항목(09.06월 이후)
28948,202206,0010097,유진투자증권주식회사,B1,투자자의 예수증권 등_예수 증권,19512611155896,국내증권사,B,SF205,각주항목(09.06월 이후)
28949,202206,0010097,유진투자증권주식회사,B2,투자자의 예수증권 등_예수양도성예금증서, ,국내증권사,B,SF205,각주항목(09.06월 이후)
28950,202206,0010097,유진투자증권주식회사,B3,투자자의 예수증권 등_기타, ,국내증권사,B,SF205,각주항목(09.06월 이후)
28951,202206,0010097,유진투자증권주식회사,C,파생상품계약,6944044791203,국내증권사,B,SF205,각주항목(09.06월 이후)
28952,202206,0010097,유진투자증권주식회사,C1,파생상품계약_장내파생상품,2434342051228,국내증권사,B,SF205,각주항목(09.06월 이후)
28953,202206,0010097,유진투자증권주식회사,C11,파생상품계약_장내파생상품_이자율관련거래,2087597331706,국내증권사,B,SF205,각주항목(09.06월 이후)
28954,202206,0010097,유진투자증권주식회사,C12,파생상품계약_장내파생상품_통화관련거래,236638840031,국내증권사,B,SF205,각주항목(09.06월 이후)
28955,202206,0010097,유진투자증권주식회사,C13,파생상품계약_장내파생상품_주식관련거래,109053200311,국내증권사,B,SF205,각주항목(09.06월 이후)
28956,202206,0010097,유진투자증권주식회사,C14,파생상품계약_장내파생상품_일반상품관련거래,1052679180,국내증권사,B,SF205,각주항목(09.06월 이후)
28957,202206,0010097,유진투자증권주식회사,C15,파생상품계약_장내파생상품_기타,0,국내증권사,B,SF205,각주항목(09.06월 이후)
28958,202206,0010097,유진투자증권주식회사,C2,파생상품계약_장외파생상품,4509702739975,국내증권사,B,SF205,각주항목(09.06월 이후)
28959,202206,0010097,유진투자증권주식회사,C21,파생상품계약_장외파생상품_이자율관련거래,130000000000,국내증권사,B,SF205,각주항목(09.06월 이후)
28960,202206,0010097,유진투자증권주식회사,C22,파생상품계약_장외파생상품_통화관련거래,2581300524234,국내증권사,B,SF205,각주항목(09.06월 이후)
28961,202206,0010097,유진투자증권주식회사,C23,파생상품계약_장외파생상품_주식관련거래,1810215741,국내증권사,B,SF205,각주항목(09.06월 이후)
28962,202206,0010097,유진투자증권주식회사,C24,파생상품계약_장외파생상품_신용관련거래,1796592000000,국내증권사,B,SF205,각주항목(09.06월 이후)
28963,202206,0010097,유진투자증권주식회사,C25,파생상품계약_장외파생상품_기타,0,국내증권사,B,SF205,각주항목(09.06월 이후)
28964,202206,0010097,유진투자증권주식회사,D,대차 및 대주거래,413304832463,국내증권사,B,SF205,각주항목(09.06월 이후)
28965,202206,0010097,유진투자증권주식회사,D1,대차 및 대주거래_대여증권,0,국내증권사,B,SF205,각주항목(09.06월 이후)
28966,202206,0010097,유진투자증권주식회사,D2,대차 및 대주거래_차입증권,413304832463,국내증권사,B,SF205,각주항목(09.06월 이후)
28967,202206,0010097,유진투자증권주식회사,D3,대차 및 대주거래_신용거래대주, ,국내증권사,B,SF205,각주항목(09.06월 이후)
28968,202206,0010097,유진투자증권주식회사,E,대손상각채권,148062335992,국내증권사,B,SF205,각주항목(09.06월 이후)
28969,202206,0010097,유진투자증권주식회사,F,환전업무 예치금,0,국내증권사,B,SF205,각주항목(09.06월 이후)
28970,202206,0010097,유진투자증권주식회사,G,미배당별도예치금, ,국내증권사,B,SF205,각주항목(09.06월 이후)
28971,202206,0010097,유진투자증권주식회사,H,배서어음매출(종금계정),0,국내증권사,B,SF205,각주항목(09.06월 이후)
28972,202206,0010097,유진투자증권주식회사,H1,대출채권매매이익_담보부, ,국내증권사,B,SF205,각주항목(09.06월 이후)
28973,202206,0010097,유진투자증권주식회사,H2,대출채권매매이익_무담보부, ,국내증권사,B,SF205,각주항목(09.06월 이후)
28974,202209,0010097,유진투자증권주식회사,A,채무보증,708875121490,국내증권사,B,SF205,각주항목(09.06월 이후)
28975,202209,0010097,유진투자증권주식회사,A1,채무보증_지급보증,75121490,국내증권사,B,SF205,각주항목(09.06월 이후)
28976,202209,0010097,유진투자증권주식회사,A2,채무보증_매입보장약정, ,국내증권사,B,SF205,각주항목(09.06월 이후)
28977,202209,0010097,유진투자증권주식회사,A3,채무보증_채무인수약정, ,국내증권사,B,SF205,각주항목(09.06월 이후)
28978,202209,0010097,유진투자증권주식회사,A5,채무보증_매입확약,708800000000,국내증권사,B,SF205,각주항목(09.06월 이후)
28979,202209,0010097,유진투자증권주식회사,A6,채무보증_기타, ,국내증권사,B,SF205,각주항목(09.06월 이후)
28980,202209,0010097,유진투자증권주식회사,B,투자자의 예수증권 등,18932581170649,국내증권사,B,SF205,각주항목(09.06월 이후)
28981,202209,0010097,유진투자증권주식회사,B1,투자자의 예수증권 등_예수 증권,18932581170649,국내증권사,B,SF205,각주항목(09.06월 이후)
28982,202209,0010097,유진투자증권주식회사,B2,투자자의 예수증권 등_예수양도성예금증서, ,국내증권사,B,SF205,각주항목(09.06월 이후)
28983,202209,0010097,유진투자증권주식회사,B3,투자자의 예수증권 등_기타, ,국내증권사,B,SF205,각주항목(09.06월 이후)
28984,202209,0010097,유진투자증권주식회사,C,파생상품계약,9230933519573,국내증권사,B,SF205,각주항목(09.06월 이후)
28985,202209,0010097,유진투자증권주식회사,C1,파생상품계약_장내파생상품,1881622115023,국내증권사,B,SF205,각주항목(09.06월 이후)
28986,202209,0010097,유진투자증권주식회사,C11,파생상품계약_장내파생상품_이자율관련거래,1608475479757,국내증권사,B,SF205,각주항목(09.06월 이후)
28987,202209,0010097,유진투자증권주식회사,C12,파생상품계약_장내파생상품_통화관련거래,233367258496,국내증권사,B,SF205,각주항목(09.06월 이후)
28988,202209,0010097,유진투자증권주식회사,C13,파생상품계약_장내파생상품_주식관련거래,37457307211,국내증권사,B,SF205,각주항목(09.06월 이후)
28989,202209,0010097,유진투자증권주식회사,C14,파생상품계약_장내파생상품_일반상품관련거래,2322069559,국내증권사,B,SF205,각주항목(09.06월 이후)
28990,202209,0010097,유진투자증권주식회사,C15,파생상품계약_장내파생상품_기타,0,국내증권사,B,SF205,각주항목(09.06월 이후)
28991,202209,0010097,유진투자증권주식회사,C2,파생상품계약_장외파생상품,7349311404550,국내증권사,B,SF205,각주항목(09.06월 이후)
28992,202209,0010097,유진투자증권주식회사,C21,파생상품계약_장외파생상품_이자율관련거래,1975300000000,국내증권사,B,SF205,각주항목(09.06월 이후)
28993,202209,0010097,유진투자증권주식회사,C22,파생상품계약_장외파생상품_통화관련거래,3470861459713,국내증권사,B,SF205,각주항목(09.06월 이후)
28994,202209,0010097,유진투자증권주식회사,C23,파생상품계약_장외파생상품_주식관련거래,6557944837,국내증권사,B,SF205,각주항목(09.06월 이후)
28995,202209,0010097,유진투자증권주식회사,C24,파생상품계약_장외파생상품_신용관련거래,1896592000000,국내증권사,B,SF205,각주항목(09.06월 이후)
28996,202209,0010097,유진투자증권주식회사,C25,파생상품계약_장외파생상품_기타,0,국내증권사,B,SF205,각주항목(09.06월 이후)
28997,202209,0010097,유진투자증권주식회사,D,대차 및 대주거래,491279887327,국내증권사,B,SF205,각주항목(09.06월 이후)
28998,202209,0010097,유진투자증권주식회사,D1,대차 및 대주거래_대여증권,0,국내증권사,B,SF205,각주항목(09.06월 이후)
28999,202209,0010097,유진투자증권주식회사,D2,대차 및 대주거래_차입증권,491279887327,국내증권사,B,SF205,각주항목(09.06월 이후)
29000,202209,0010097,유진투자증권주식회사,D3,대차 및 대주거래_신용거래대주, ,국내증권사,B,SF205,각주항목(09.06월 이후)
29001,202209,0010097,유진투자증권주식회사,E,대손상각채권,148062335992,국내증권사,B,SF205,각주항목(09.06월 이후)
29002,202209,0010097,유진투자증권주식회사,F,환전업무 예치금,0,국내증권사,B,SF205,각주항목(09.06월 이후)
29003,202209,0010097,유진투자증권주식회사,G,미배당별도예치금, ,국내증권사,B,SF205,각주항목(09.06월 이후)
29004,202209,0010097,유진투자증권주식회사,H,배서어음매출(종금계정),0,국내증권사,B,SF205,각주항목(09.06월 이후)
29005,202209,0010097,유진투자증권주식회사,H1,대출채권매매이익_담보부, ,국내증권사,B,SF205,각주항목(09.06월 이후)
29006,202209,0010097,유진투자증권주식회사,H2,대출채권매매이익_무담보부, ,국내증권사,B,SF205,각주항목(09.06월 이후)
29007,202212,0010097,유진투자증권주식회사,A,채무보증,638395121490,국내증권사,B,SF205,각주항목(09.06월 이후)
29008,202212,0010097,유진투자증권주식회사,A1,채무보증_지급보증,75121490,국내증권사,B,SF205,각주항목(09.06월 이후)
29009,202212,0010097,유진투자증권주식회사,A2,채무보증_매입보장약정, ,국내증권사,B,SF205,각주항목(09.06월 이후)
29010,202212,0010097,유진투자증권주식회사,A3,채무보증_채무인수약정, ,국내증권사,B,SF205,각주항목(09.06월 이후)
29011,202212,0010097,유진투자증권주식회사,A5,채무보증_매입확약,638320000000,국내증권사,B,SF205,각주항목(09.06월 이후)
29012,202212,0010097,유진투자증권주식회사,A6,채무보증_기타, ,국내증권사,B,SF205,각주항목(09.06월 이후)
29013,202212,0010097,유진투자증권주식회사,B,투자자의 예수증권 등,19219406097423,국내증권사,B,SF205,각주항목(09.06월 이후)
29014,202212,0010097,유진투자증권주식회사,B1,투자자의 예수증권 등_예수 증권,19219406097423,국내증권사,B,SF205,각주항목(09.06월 이후)
29015,202212,0010097,유진투자증권주식회사,B2,투자자의 예수증권 등_예수양도성예금증서, ,국내증권사,B,SF205,각주항목(09.06월 이후)
29016,202212,0010097,유진투자증권주식회사,B3,투자자의 예수증권 등_기타, ,국내증권사,B,SF205,각주항목(09.06월 이후)
29017,202212,0010097,유진투자증권주식회사,C,파생상품계약,8850642049946,국내증권사,B,SF205,각주항목(09.06월 이후)
29018,202212,0010097,유진투자증권주식회사,C1,파생상품계약_장내파생상품,2035334075879,국내증권사,B,SF205,각주항목(09.06월 이후)
29019,202212,0010097,유진투자증권주식회사,C11,파생상품계약_장내파생상품_이자율관련거래,1792862910218,국내증권사,B,SF205,각주항목(09.06월 이후)
29020,202212,0010097,유진투자증권주식회사,C12,파생상품계약_장내파생상품_통화관련거래,145674772952,국내증권사,B,SF205,각주항목(09.06월 이후)
29021,202212,0010097,유진투자증권주식회사,C13,파생상품계약_장내파생상품_주식관련거래,95620084850,국내증권사,B,SF205,각주항목(09.06월 이후)
29022,202212,0010097,유진투자증권주식회사,C14,파생상품계약_장내파생상품_일반상품관련거래,1176307859,국내증권사,B,SF205,각주항목(09.06월 이후)
29023,202212,0010097,유진투자증권주식회사,C15,파생상품계약_장내파생상품_기타,0,국내증권사,B,SF205,각주항목(09.06월 이후)
29024,202212,0010097,유진투자증권주식회사,C2,파생상품계약_장외파생상품,6815307974067,국내증권사,B,SF205,각주항목(09.06월 이후)
29025,202212,0010097,유진투자증권주식회사,C21,파생상품계약_장외파생상품_이자율관련거래,1705300000000,국내증권사,B,SF205,각주항목(09.06월 이후)
29026,202212,0010097,유진투자증권주식회사,C22,파생상품계약_장외파생상품_통화관련거래,3329700395765,국내증권사,B,SF205,각주항목(09.06월 이후)
29027,202212,0010097,유진투자증권주식회사,C23,파생상품계약_장외파생상품_주식관련거래,3715578302,국내증권사,B,SF205,각주항목(09.06월 이후)
29028,202212,0010097,유진투자증권주식회사,C24,파생상품계약_장외파생상품_신용관련거래,1776592000000,국내증권사,B,SF205,각주항목(09.06월 이후)
29029,202212,0010097,유진투자증권주식회사,C25,파생상품계약_장외파생상품_기타,0,국내증권사,B,SF205,각주항목(09.06월 이후)
29030,202212,0010097,유진투자증권주식회사,D,대차 및 대주거래,256930174188,국내증권사,B,SF205,각주항목(09.06월 이후)
29031,202212,0010097,유진투자증권주식회사,D1,대차 및 대주거래_대여증권,0,국내증권사,B,SF205,각주항목(09.06월 이후)
29032,202212,0010097,유진투자증권주식회사,D2,대차 및 대주거래_차입증권,256930174188,국내증권사,B,SF205,각주항목(09.06월 이후)
29033,202212,0010097,유진투자증권주식회사,D3,대차 및 대주거래_신용거래대주, ,국내증권사,B,SF205,각주항목(09.06월 이후)
29034,202212,0010097,유진투자증권주식회사,E,대손상각채권,148062335992,국내증권사,B,SF205,각주항목(09.06월 이후)
29035,202212,0010097,유진투자증권주식회사,F,환전업무 예치금,0,국내증권사,B,SF205,각주항목(09.06월 이후)
29036,202212,0010097,유진투자증권주식회사,G,미배당별도예치금, ,국내증권사,B,SF205,각주항목(09.06월 이후)
29037,202212,0010097,유진투자증권주식회사,H,배서어음매출(종금계정),0,국내증권사,B,SF205,각주항목(09.06월 이후)
29038,202212,0010097,유진투자증권주식회사,H1,대출채권매매이익_담보부, ,국내증권사,B,SF205,각주항목(09.06월 이후)
29039,202212,0010097,유진투자증권주식회사,H2,대출채권매매이익_무담보부, ,국내증권사,B,SF205,각주항목(09.06월 이후)
29040,202303,0010097,유진투자증권주식회사,A,채무보증,670875121490,국내증권사,B,SF205,각주항목(09.06월 이후)
29041,202303,0010097,유진투자증권주식회사,A1,채무보증_지급보증,75121490,국내증권사,B,SF205,각주항목(09.06월 이후)
29042,202303,0010097,유진투자증권주식회사,A2,채무보증_매입보장약정, ,국내증권사,B,SF205,각주항목(09.06월 이후)
29043,202303,0010097,유진투자증권주식회사,A3,채무보증_채무인수약정, ,국내증권사,B,SF205,각주항목(09.06월 이후)
29044,202303,0010097,유진투자증권주식회사,A5,채무보증_매입확약,670800000000,국내증권사,B,SF205,각주항목(09.06월 이후)
29045,202303,0010097,유진투자증권주식회사,A6,채무보증_기타, ,국내증권사,B,SF205,각주항목(09.06월 이후)
29046,202303,0010097,유진투자증권주식회사,B,투자자의 예수증권 등,20888711963689,국내증권사,B,SF205,각주항목(09.06월 이후)
29047,202303,0010097,유진투자증권주식회사,B1,투자자의 예수증권 등_예수 증권,20888711963689,국내증권사,B,SF205,각주항목(09.06월 이후)
29048,202303,0010097,유진투자증권주식회사,B2,투자자의 예수증권 등_예수양도성예금증서, ,국내증권사,B,SF205,각주항목(09.06월 이후)
29049,202303,0010097,유진투자증권주식회사,B3,투자자의 예수증권 등_기타, ,국내증권사,B,SF205,각주항목(09.06월 이후)
29050,202303,0010097,유진투자증권주식회사,C,파생상품계약,9297212467138,국내증권사,B,SF205,각주항목(09.06월 이후)
29051,202303,0010097,유진투자증권주식회사,C1,파생상품계약_장내파생상품,2837947397497,국내증권사,B,SF205,각주항목(09.06월 이후)
29052,202303,0010097,유진투자증권주식회사,C11,파생상품계약_장내파생상품_이자율관련거래,2667652481794,국내증권사,B,SF205,각주항목(09.06월 이후)
29053,202303,0010097,유진투자증권주식회사,C12,파생상품계약_장내파생상품_통화관련거래,96400172721,국내증권사,B,SF205,각주항목(09.06월 이후)
29054,202303,0010097,유진투자증권주식회사,C13,파생상품계약_장내파생상품_주식관련거래,72741463433,국내증권사,B,SF205,각주항목(09.06월 이후)
29055,202303,0010097,유진투자증권주식회사,C14,파생상품계약_장내파생상품_일반상품관련거래,1153279549,국내증권사,B,SF205,각주항목(09.06월 이후)
29056,202303,0010097,유진투자증권주식회사,C15,파생상품계약_장내파생상품_기타,0,국내증권사,B,SF205,각주항목(09.06월 이후)
29057,202303,0010097,유진투자증권주식회사,C2,파생상품계약_장외파생상품,6459265069641,국내증권사,B,SF205,각주항목(09.06월 이후)
29058,202303,0010097,유진투자증권주식회사,C21,파생상품계약_장외파생상품_이자율관련거래,1377300000000,국내증권사,B,SF205,각주항목(09.06월 이후)
29059,202303,0010097,유진투자증권주식회사,C22,파생상품계약_장외파생상품_통화관련거래,2888128749902,국내증권사,B,SF205,각주항목(09.06월 이후)
29060,202303,0010097,유진투자증권주식회사,C23,파생상품계약_장외파생상품_주식관련거래,4002319739,국내증권사,B,SF205,각주항목(09.06월 이후)
29061,202303,0010097,유진투자증권주식회사,C24,파생상품계약_장외파생상품_신용관련거래,2189834000000,국내증권사,B,SF205,각주항목(09.06월 이후)
29062,202303,0010097,유진투자증권주식회사,C25,파생상품계약_장외파생상품_기타,0,국내증권사,B,SF205,각주항목(09.06월 이후)
29063,202303,0010097,유진투자증권주식회사,D,대차 및 대주거래,335675429730,국내증권사,B,SF205,각주항목(09.06월 이후)
29064,202303,0010097,유진투자증권주식회사,D1,대차 및 대주거래_대여증권,0,국내증권사,B,SF205,각주항목(09.06월 이후)
29065,202303,0010097,유진투자증권주식회사,D2,대차 및 대주거래_차입증권,335675429730,국내증권사,B,SF205,각주항목(09.06월 이후)
29066,202303,0010097,유진투자증권주식회사,D3,대차 및 대주거래_신용거래대주, ,국내증권사,B,SF205,각주항목(09.06월 이후)
29067,202303,0010097,유진투자증권주식회사,E,대손상각채권,148062335992,국내증권사,B,SF205,각주항목(09.06월 이후)
29068,202303,0010097,유진투자증권주식회사,F,환전업무 예치금,0,국내증권사,B,SF205,각주항목(09.06월 이후)
29069,202303,0010097,유진투자증권주식회사,G,미배당별도예치금, ,국내증권사,B,SF205,각주항목(09.06월 이후)
29070,202303,0010097,유진투자증권주식회사,H,배서어음매출(종금계정),0,국내증권사,B,SF205,각주항목(09.06월 이후)
29071,202303,0010097,유진투자증권주식회사,H1,대출채권매매이익_담보부, ,국내증권사,B,SF205,각주항목(09.06월 이후)
29072,202303,0010097,유진투자증권주식회사,H2,대출채권매매이익_무담보부, ,국내증권사,B,SF205,각주항목(09.06월 이후)
29073,202306,0010097,유진투자증권주식회사,A,채무보증,582879821490,국내증권사,B,SF205,각주항목(09.06월 이후)
29074,202306,0010097,유진투자증권주식회사,A1,채무보증_지급보증,75121490,국내증권사,B,SF205,각주항목(09.06월 이후)
29075,202306,0010097,유진투자증권주식회사,A2,채무보증_매입보장약정, ,국내증권사,B,SF205,각주항목(09.06월 이후)
29076,202306,0010097,유진투자증권주식회사,A3,채무보증_채무인수약정, ,국내증권사,B,SF205,각주항목(09.06월 이후)
29077,202306,0010097,유진투자증권주식회사,A5,채무보증_매입확약,582804700000,국내증권사,B,SF205,각주항목(09.06월 이후)
29078,202306,0010097,유진투자증권주식회사,A6,채무보증_기타, ,국내증권사,B,SF205,각주항목(09.06월 이후)
29079,202306,0010097,유진투자증권주식회사,B,투자자의 예수증권 등,21223803049162,국내증권사,B,SF205,각주항목(09.06월 이후)
29080,202306,0010097,유진투자증권주식회사,B1,투자자의 예수증권 등_예수 증권,21223803049162,국내증권사,B,SF205,각주항목(09.06월 이후)
29081,202306,0010097,유진투자증권주식회사,B2,투자자의 예수증권 등_예수양도성예금증서, ,국내증권사,B,SF205,각주항목(09.06월 이후)
29082,202306,0010097,유진투자증권주식회사,B3,투자자의 예수증권 등_기타, ,국내증권사,B,SF205,각주항목(09.06월 이후)
29083,202306,0010097,유진투자증권주식회사,C,파생상품계약,8481302304392,국내증권사,B,SF205,각주항목(09.06월 이후)
29084,202306,0010097,유진투자증권주식회사,C1,파생상품계약_장내파생상품,2299676736613,국내증권사,B,SF205,각주항목(09.06월 이후)
29085,202306,0010097,유진투자증권주식회사,C11,파생상품계약_장내파생상품_이자율관련거래,2108910323900,국내증권사,B,SF205,각주항목(09.06월 이후)
29086,202306,0010097,유진투자증권주식회사,C12,파생상품계약_장내파생상품_통화관련거래,95446562856,국내증권사,B,SF205,각주항목(09.06월 이후)
29087,202306,0010097,유진투자증권주식회사,C13,파생상품계약_장내파생상품_주식관련거래,94382553323,국내증권사,B,SF205,각주항목(09.06월 이후)
29088,202306,0010097,유진투자증권주식회사,C14,파생상품계약_장내파생상품_일반상품관련거래,937296534,국내증권사,B,SF205,각주항목(09.06월 이후)
29089,202306,0010097,유진투자증권주식회사,C15,파생상품계약_장내파생상품_기타,0,국내증권사,B,SF205,각주항목(09.06월 이후)
29090,202306,0010097,유진투자증권주식회사,C2,파생상품계약_장외파생상품,6181625567779,국내증권사,B,SF205,각주항목(09.06월 이후)
29091,202306,0010097,유진투자증권주식회사,C21,파생상품계약_장외파생상품_이자율관련거래,1347300000000,국내증권사,B,SF205,각주항목(09.06월 이후)
29092,202306,0010097,유진투자증권주식회사,C22,파생상품계약_장외파생상품_통화관련거래,3049970049684,국내증권사,B,SF205,각주항목(09.06월 이후)
29093,202306,0010097,유진투자증권주식회사,C23,파생상품계약_장외파생상품_주식관련거래,7763518095,국내증권사,B,SF205,각주항목(09.06월 이후)
29094,202306,0010097,유진투자증권주식회사,C24,파생상품계약_장외파생상품_신용관련거래,1776592000000,국내증권사,B,SF205,각주항목(09.06월 이후)
29095,202306,0010097,유진투자증권주식회사,C25,파생상품계약_장외파생상품_기타,0,국내증권사,B,SF205,각주항목(09.06월 이후)
29096,202306,0010097,유진투자증권주식회사,D,대차 및 대주거래,505466908795,국내증권사,B,SF205,각주항목(09.06월 이후)
29097,202306,0010097,유진투자증권주식회사,D1,대차 및 대주거래_대여증권,0,국내증권사,B,SF205,각주항목(09.06월 이후)
29098,202306,0010097,유진투자증권주식회사,D2,대차 및 대주거래_차입증권,505466908795,국내증권사,B,SF205,각주항목(09.06월 이후)
29099,202306,0010097,유진투자증권주식회사,D3,대차 및 대주거래_신용거래대주, ,국내증권사,B,SF205,각주항목(09.06월 이후)
29100,202306,0010097,유진투자증권주식회사,E,대손상각채권,148062335992,국내증권사,B,SF205,각주항목(09.06월 이후)
29101,202306,0010097,유진투자증권주식회사,F,환전업무 예치금,0,국내증권사,B,SF205,각주항목(09.06월 이후)
29102,202306,0010097,유진투자증권주식회사,G,미배당별도예치금,0,국내증권사,B,SF205,각주항목(09.06월 이후)
29103,202306,0010097,유진투자증권주식회사,H,배서어음매출(종금계정),0,국내증권사,B,SF205,각주항목(09.06월 이후)
29104,202306,0010097,유진투자증권주식회사,H1,대출채권매매이익_담보부,0,국내증권사,B,SF205,각주항목(09.06월 이후)
29105,202306,0010097,유진투자증권주식회사,H2,대출채권매매이익_무담보부,0,국내증권사,B,SF205,각주항목(09.06월 이후)
29106,202309,0010097,유진투자증권주식회사,A,채무보증,623757821490,국내증권사,B,SF205,각주항목(09.06월 이후)
29107,202309,0010097,유진투자증권주식회사,A1,채무보증_지급보증,75121490,국내증권사,B,SF205,각주항목(09.06월 이후)
29108,202309,0010097,유진투자증권주식회사,A2,채무보증_매입보장약정, ,국내증권사,B,SF205,각주항목(09.06월 이후)
29109,202309,0010097,유진투자증권주식회사,A3,채무보증_채무인수약정, ,국내증권사,B,SF205,각주항목(09.06월 이후)
29110,202309,0010097,유진투자증권주식회사,A5,채무보증_매입확약,623682700000,국내증권사,B,SF205,각주항목(09.06월 이후)
29111,202309,0010097,유진투자증권주식회사,A6,채무보증_기타, ,국내증권사,B,SF205,각주항목(09.06월 이후)
29112,202309,0010097,유진투자증권주식회사,B,투자자의 예수증권 등,21058486091200,국내증권사,B,SF205,각주항목(09.06월 이후)
29113,202309,0010097,유진투자증권주식회사,B1,투자자의 예수증권 등_예수 증권,21058486091200,국내증권사,B,SF205,각주항목(09.06월 이후)
29114,202309,0010097,유진투자증권주식회사,B2,투자자의 예수증권 등_예수양도성예금증서, ,국내증권사,B,SF205,각주항목(09.06월 이후)
29115,202309,0010097,유진투자증권주식회사,B3,투자자의 예수증권 등_기타, ,국내증권사,B,SF205,각주항목(09.06월 이후)
29116,202309,0010097,유진투자증권주식회사,C,파생상품계약,6742540751453,국내증권사,B,SF205,각주항목(09.06월 이후)
29117,202309,0010097,유진투자증권주식회사,C1,파생상품계약_장내파생상품,1459315955901,국내증권사,B,SF205,각주항목(09.06월 이후)
29118,202309,0010097,유진투자증권주식회사,C11,파생상품계약_장내파생상품_이자율관련거래,1197076970953,국내증권사,B,SF205,각주항목(09.06월 이후)
29119,202309,0010097,유진투자증권주식회사,C12,파생상품계약_장내파생상품_통화관련거래,119407420364,국내증권사,B,SF205,각주항목(09.06월 이후)
29120,202309,0010097,유진투자증권주식회사,C13,파생상품계약_장내파생상품_주식관련거래,141663037606,국내증권사,B,SF205,각주항목(09.06월 이후)
29121,202309,0010097,유진투자증권주식회사,C14,파생상품계약_장내파생상품_일반상품관련거래,1168526978,국내증권사,B,SF205,각주항목(09.06월 이후)
29122,202309,0010097,유진투자증권주식회사,C15,파생상품계약_장내파생상품_기타,0,국내증권사,B,SF205,각주항목(09.06월 이후)
29123,202309,0010097,유진투자증권주식회사,C2,파생상품계약_장외파생상품,5283224795552,국내증권사,B,SF205,각주항목(09.06월 이후)
29124,202309,0010097,유진투자증권주식회사,C21,파생상품계약_장외파생상품_이자율관련거래,1417300000000,국내증권사,B,SF205,각주항목(09.06월 이후)
29125,202309,0010097,유진투자증권주식회사,C22,파생상품계약_장외파생상품_통화관련거래,2161022025435,국내증권사,B,SF205,각주항목(09.06월 이후)
29126,202309,0010097,유진투자증권주식회사,C23,파생상품계약_장외파생상품_주식관련거래,24387570117,국내증권사,B,SF205,각주항목(09.06월 이후)
29127,202309,0010097,유진투자증권주식회사,C24,파생상품계약_장외파생상품_신용관련거래,1680515200000,국내증권사,B,SF205,각주항목(09.06월 이후)
29128,202309,0010097,유진투자증권주식회사,C25,파생상품계약_장외파생상품_기타,0,국내증권사,B,SF205,각주항목(09.06월 이후)
29129,202309,0010097,유진투자증권주식회사,D,대차 및 대주거래,360167739131,국내증권사,B,SF205,각주항목(09.06월 이후)
29130,202309,0010097,유진투자증권주식회사,D1,대차 및 대주거래_대여증권,0,국내증권사,B,SF205,각주항목(09.06월 이후)
29131,202309,0010097,유진투자증권주식회사,D2,대차 및 대주거래_차입증권,360167739131,국내증권사,B,SF205,각주항목(09.06월 이후)
29132,202309,0010097,유진투자증권주식회사,D3,대차 및 대주거래_신용거래대주, ,국내증권사,B,SF205,각주항목(09.06월 이후)
29133,202309,0010097,유진투자증권주식회사,E,대손상각채권,148062335992,국내증권사,B,SF205,각주항목(09.06월 이후)
29134,202309,0010097,유진투자증권주식회사,F,환전업무 예치금,0,국내증권사,B,SF205,각주항목(09.06월 이후)
29135,202309,0010097,유진투자증권주식회사,G,미배당별도예치금, ,국내증권사,B,SF205,각주항목(09.06월 이후)
29136,202309,0010097,유진투자증권주식회사,H,배서어음매출(종금계정),0,국내증권사,B,SF205,각주항목(09.06월 이후)
29137,202309,0010097,유진투자증권주식회사,H1,대출채권매매이익_담보부, ,국내증권사,B,SF205,각주항목(09.06월 이후)
29138,202309,0010097,유진투자증권주식회사,H2,대출채권매매이익_무담보부, ,국내증권사,B,SF205,각주항목(09.06월 이후)
29139,202312,0010097,유진투자증권주식회사,A,채무보증,563791221490,국내증권사,B,SF205,각주항목(09.06월 이후)
29140,202312,0010097,유진투자증권주식회사,A1,채무보증_지급보증,75121490,국내증권사,B,SF205,각주항목(09.06월 이후)
29141,202312,0010097,유진투자증권주식회사,A2,채무보증_매입보장약정, ,국내증권사,B,SF205,각주항목(09.06월 이후)
29142,202312,0010097,유진투자증권주식회사,A3,채무보증_채무인수약정, ,국내증권사,B,SF205,각주항목(09.06월 이후)
29143,202312,0010097,유진투자증권주식회사,A5,채무보증_매입확약,563716100000,국내증권사,B,SF205,각주항목(09.06월 이후)
29144,202312,0010097,유진투자증권주식회사,A6,채무보증_기타, ,국내증권사,B,SF205,각주항목(09.06월 이후)
29145,202312,0010097,유진투자증권주식회사,B,투자자의 예수증권 등,21919490600375,국내증권사,B,SF205,각주항목(09.06월 이후)
29146,202312,0010097,유진투자증권주식회사,B1,투자자의 예수증권 등_예수 증권,21919490600375,국내증권사,B,SF205,각주항목(09.06월 이후)
29147,202312,0010097,유진투자증권주식회사,B2,투자자의 예수증권 등_예수양도성예금증서, ,국내증권사,B,SF205,각주항목(09.06월 이후)
29148,202312,0010097,유진투자증권주식회사,B3,투자자의 예수증권 등_기타, ,국내증권사,B,SF205,각주항목(09.06월 이후)
29149,202312,0010097,유진투자증권주식회사,C,파생상품계약,6594942130843,국내증권사,B,SF205,각주항목(09.06월 이후)
29150,202312,0010097,유진투자증권주식회사,C1,파생상품계약_장내파생상품,878077344595,국내증권사,B,SF205,각주항목(09.06월 이후)
29151,202312,0010097,유진투자증권주식회사,C11,파생상품계약_장내파생상품_이자율관련거래,548994336060,국내증권사,B,SF205,각주항목(09.06월 이후)
29152,202312,0010097,유진투자증권주식회사,C12,파생상품계약_장내파생상품_통화관련거래,104507073457,국내증권사,B,SF205,각주항목(09.06월 이후)
29153,202312,0010097,유진투자증권주식회사,C13,파생상품계약_장내파생상품_주식관련거래,223695716498,국내증권사,B,SF205,각주항목(09.06월 이후)
29154,202312,0010097,유진투자증권주식회사,C14,파생상품계약_장내파생상품_일반상품관련거래,880218580,국내증권사,B,SF205,각주항목(09.06월 이후)
29155,202312,0010097,유진투자증권주식회사,C15,파생상품계약_장내파생상품_기타,0,국내증권사,B,SF205,각주항목(09.06월 이후)
29156,202312,0010097,유진투자증권주식회사,C2,파생상품계약_장외파생상품,5716864786248,국내증권사,B,SF205,각주항목(09.06월 이후)
29157,202312,0010097,유진투자증권주식회사,C21,파생상품계약_장외파생상품_이자율관련거래,1537600000000,국내증권사,B,SF205,각주항목(09.06월 이후)
29158,202312,0010097,유진투자증권주식회사,C22,파생상품계약_장외파생상품_통화관련거래,2464059687976,국내증권사,B,SF205,각주항목(09.06월 이후)
29159,202312,0010097,유진투자증권주식회사,C23,파생상품계약_장외파생상품_주식관련거래,34689898272,국내증권사,B,SF205,각주항목(09.06월 이후)
29160,202312,0010097,유진투자증권주식회사,C24,파생상품계약_장외파생상품_신용관련거래,1680515200000,국내증권사,B,SF205,각주항목(09.06월 이후)
29161,202312,0010097,유진투자증권주식회사,C25,파생상품계약_장외파생상품_기타,0,국내증권사,B,SF205,각주항목(09.06월 이후)
29162,202312,0010097,유진투자증권주식회사,D,대차 및 대주거래,481949063358,국내증권사,B,SF205,각주항목(09.06월 이후)
29163,202312,0010097,유진투자증권주식회사,D1,대차 및 대주거래_대여증권,0,국내증권사,B,SF205,각주항목(09.06월 이후)
29164,202312,0010097,유진투자증권주식회사,D2,대차 및 대주거래_차입증권,481949063358,국내증권사,B,SF205,각주항목(09.06월 이후)
29165,202312,0010097,유진투자증권주식회사,D3,대차 및 대주거래_신용거래대주, ,국내증권사,B,SF205,각주항목(09.06월 이후)
29166,202312,0010097,유진투자증권주식회사,E,대손상각채권,148062335992,국내증권사,B,SF205,각주항목(09.06월 이후)
29167,202312,0010097,유진투자증권주식회사,F,환전업무 예치금,0,국내증권사,B,SF205,각주항목(09.06월 이후)
29168,202312,0010097,유진투자증권주식회사,G,미배당별도예치금, ,국내증권사,B,SF205,각주항목(09.06월 이후)
29169,202312,0010097,유진투자증권주식회사,H,배서어음매출(종금계정),0,국내증권사,B,SF205,각주항목(09.06월 이후)
29170,202312,0010097,유진투자증권주식회사,H1,대출채권매매이익_담보부, ,국내증권사,B,SF205,각주항목(09.06월 이후)
29171,202312,0010097,유진투자증권주식회사,H2,대출채권매매이익_무담보부, ,국내증권사,B,SF205,각주항목(09.06월 이후)
29172,202403,0010097,유진투자증권주식회사,A,채무보증,550700288798,국내증권사,B,SF205,각주항목(09.06월 이후)
29173,202403,0010097,유진투자증권주식회사,A1,채무보증_지급보증,288798,국내증권사,B,SF205,각주항목(09.06월 이후)
29174,202403,0010097,유진투자증권주식회사,A2,채무보증_매입보장약정, ,국내증권사,B,SF205,각주항목(09.06월 이후)
29175,202403,0010097,유진투자증권주식회사,A3,채무보증_채무인수약정, ,국내증권사,B,SF205,각주항목(09.06월 이후)
29176,202403,0010097,유진투자증권주식회사,A5,채무보증_매입확약,550700000000,국내증권사,B,SF205,각주항목(09.06월 이후)
29177,202403,0010097,유진투자증권주식회사,A6,채무보증_기타, ,국내증권사,B,SF205,각주항목(09.06월 이후)
29178,202403,0010097,유진투자증권주식회사,B,투자자의 예수증권 등,22911377286931,국내증권사,B,SF205,각주항목(09.06월 이후)
29179,202403,0010097,유진투자증권주식회사,B1,투자자의 예수증권 등_예수 증권,22911377286931,국내증권사,B,SF205,각주항목(09.06월 이후)
29180,202403,0010097,유진투자증권주식회사,B2,투자자의 예수증권 등_예수양도성예금증서, ,국내증권사,B,SF205,각주항목(09.06월 이후)
29181,202403,0010097,유진투자증권주식회사,B3,투자자의 예수증권 등_기타, ,국내증권사,B,SF205,각주항목(09.06월 이후)
29182,202403,0010097,유진투자증권주식회사,C,파생상품계약,7635558147026,국내증권사,B,SF205,각주항목(09.06월 이후)
29183,202403,0010097,유진투자증권주식회사,C1,파생상품계약_장내파생상품,1015530419874,국내증권사,B,SF205,각주항목(09.06월 이후)
29184,202403,0010097,유진투자증권주식회사,C11,파생상품계약_장내파생상품_이자율관련거래,833127342094,국내증권사,B,SF205,각주항목(09.06월 이후)
29185,202403,0010097,유진투자증권주식회사,C12,파생상품계약_장내파생상품_통화관련거래,56084175528,국내증권사,B,SF205,각주항목(09.06월 이후)
29186,202403,0010097,유진투자증권주식회사,C13,파생상품계약_장내파생상품_주식관련거래,125333603574,국내증권사,B,SF205,각주항목(09.06월 이후)
29187,202403,0010097,유진투자증권주식회사,C14,파생상품계약_장내파생상품_일반상품관련거래,985298678,국내증권사,B,SF205,각주항목(09.06월 이후)
29188,202403,0010097,유진투자증권주식회사,C15,파생상품계약_장내파생상품_기타,0,국내증권사,B,SF205,각주항목(09.06월 이후)
29189,202403,0010097,유진투자증권주식회사,C2,파생상품계약_장외파생상품,6620027727152,국내증권사,B,SF205,각주항목(09.06월 이후)
29190,202403,0010097,유진투자증권주식회사,C21,파생상품계약_장외파생상품_이자율관련거래,2287800000000,국내증권사,B,SF205,각주항목(09.06월 이후)
29191,202403,0010097,유진투자증권주식회사,C22,파생상품계약_장외파생상품_통화관련거래,2610964746228,국내증권사,B,SF205,각주항목(09.06월 이후)
29192,202403,0010097,유진투자증권주식회사,C23,파생상품계약_장외파생상품_주식관련거래,40747780924,국내증권사,B,SF205,각주항목(09.06월 이후)
29193,202403,0010097,유진투자증권주식회사,C24,파생상품계약_장외파생상품_신용관련거래,1680515200000,국내증권사,B,SF205,각주항목(09.06월 이후)
29194,202403,0010097,유진투자증권주식회사,C25,파생상품계약_장외파생상품_기타,0,국내증권사,B,SF205,각주항목(09.06월 이후)
29195,202403,0010097,유진투자증권주식회사,D,대차 및 대주거래,329306015828,국내증권사,B,SF205,각주항목(09.06월 이후)
29196,202403,0010097,유진투자증권주식회사,D1,대차 및 대주거래_대여증권,0,국내증권사,B,SF205,각주항목(09.06월 이후)
29197,202403,0010097,유진투자증권주식회사,D2,대차 및 대주거래_차입증권,329306015828,국내증권사,B,SF205,각주항목(09.06월 이후)
29198,202403,0010097,유진투자증권주식회사,D3,대차 및 대주거래_신용거래대주, ,국내증권사,B,SF205,각주항목(09.06월 이후)
29199,202403,0010097,유진투자증권주식회사,E,대손상각채권,148062335992,국내증권사,B,SF205,각주항목(09.06월 이후)
29200,202403,0010097,유진투자증권주식회사,F,환전업무 예치금,0,국내증권사,B,SF205,각주항목(09.06월 이후)
29201,202403,0010097,유진투자증권주식회사,G,미배당별도예치금, ,국내증권사,B,SF205,각주항목(09.06월 이후)
29202,202403,0010097,유진투자증권주식회사,H,배서어음매출(종금계정),0,국내증권사,B,SF205,각주항목(09.06월 이후)
29203,202403,0010097,유진투자증권주식회사,H1,대출채권매매이익_담보부, ,국내증권사,B,SF205,각주항목(09.06월 이후)
29204,202403,0010097,유진투자증권주식회사,H2,대출채권매매이익_무담보부, ,국내증권사,B,SF205,각주항목(09.06월 이후)
29205,202406,0010097,유진투자증권주식회사,A,채무보증,449866955464,국내증권사,B,SF205,각주항목(09.06월 이후)
29206,202406,0010097,유진투자증권주식회사,A1,채무보증_지급보증,288798,국내증권사,B,SF205,각주항목(09.06월 이후)
29207,202406,0010097,유진투자증권주식회사,A2,채무보증_매입보장약정, ,국내증권사,B,SF205,각주항목(09.06월 이후)
29208,202406,0010097,유진투자증권주식회사,A3,채무보증_채무인수약정, ,국내증권사,B,SF205,각주항목(09.06월 이후)
29209,202406,0010097,유진투자증권주식회사,A5,채무보증_매입확약,449866666666,국내증권사,B,SF205,각주항목(09.06월 이후)
29210,202406,0010097,유진투자증권주식회사,A6,채무보증_기타, ,국내증권사,B,SF205,각주항목(09.06월 이후)
29211,202406,0010097,유진투자증권주식회사,B,투자자의 예수증권 등,23640756756519,국내증권사,B,SF205,각주항목(09.06월 이후)
29212,202406,0010097,유진투자증권주식회사,B1,투자자의 예수증권 등_예수 증권,23640756756519,국내증권사,B,SF205,각주항목(09.06월 이후)
29213,202406,0010097,유진투자증권주식회사,B2,투자자의 예수증권 등_예수양도성예금증서, ,국내증권사,B,SF205,각주항목(09.06월 이후)
29214,202406,0010097,유진투자증권주식회사,B3,투자자의 예수증권 등_기타, ,국내증권사,B,SF205,각주항목(09.06월 이후)
29215,202406,0010097,유진투자증권주식회사,C,파생상품계약,6750906841207,국내증권사,B,SF205,각주항목(09.06월 이후)
29216,202406,0010097,유진투자증권주식회사,C1,파생상품계약_장내파생상품,836815868602,국내증권사,B,SF205,각주항목(09.06월 이후)
29217,202406,0010097,유진투자증권주식회사,C11,파생상품계약_장내파생상품_이자율관련거래,732223222646,국내증권사,B,SF205,각주항목(09.06월 이후)
29218,202406,0010097,유진투자증권주식회사,C12,파생상품계약_장내파생상품_통화관련거래,49036651223,국내증권사,B,SF205,각주항목(09.06월 이후)
29219,202406,0010097,유진투자증권주식회사,C13,파생상품계약_장내파생상품_주식관련거래,54015559475,국내증권사,B,SF205,각주항목(09.06월 이후)
29220,202406,0010097,유진투자증권주식회사,C14,파생상품계약_장내파생상품_일반상품관련거래,1540435258,국내증권사,B,SF205,각주항목(09.06월 이후)
29221,202406,0010097,유진투자증권주식회사,C15,파생상품계약_장내파생상품_기타,0,국내증권사,B,SF205,각주항목(09.06월 이후)
29222,202406,0010097,유진투자증권주식회사,C2,파생상품계약_장외파생상품,5914090972605,국내증권사,B,SF205,각주항목(09.06월 이후)
29223,202406,0010097,유진투자증권주식회사,C21,파생상품계약_장외파생상품_이자율관련거래,2486800000000,국내증권사,B,SF205,각주항목(09.06월 이후)
29224,202406,0010097,유진투자증권주식회사,C22,파생상품계약_장외파생상품_통화관련거래,2251267106608,국내증권사,B,SF205,각주항목(09.06월 이후)
29225,202406,0010097,유진투자증권주식회사,C23,파생상품계약_장외파생상품_주식관련거래,49880665997,국내증권사,B,SF205,각주항목(09.06월 이후)
29226,202406,0010097,유진투자증권주식회사,C24,파생상품계약_장외파생상품_신용관련거래,1126143200000,국내증권사,B,SF205,각주항목(09.06월 이후)
29227,202406,0010097,유진투자증권주식회사,C25,파생상품계약_장외파생상품_기타,0,국내증권사,B,SF205,각주항목(09.06월 이후)
29228,202406,0010097,유진투자증권주식회사,D,대차 및 대주거래,433993195264,국내증권사,B,SF205,각주항목(09.06월 이후)
29229,202406,0010097,유진투자증권주식회사,D1,대차 및 대주거래_대여증권,0,국내증권사,B,SF205,각주항목(09.06월 이후)
29230,202406,0010097,유진투자증권주식회사,D2,대차 및 대주거래_차입증권,433993195264,국내증권사,B,SF205,각주항목(09.06월 이후)
29231,202406,0010097,유진투자증권주식회사,D3,대차 및 대주거래_신용거래대주, ,국내증권사,B,SF205,각주항목(09.06월 이후)
29232,202406,0010097,유진투자증권주식회사,E,대손상각채권,148062335992,국내증권사,B,SF205,각주항목(09.06월 이후)
29233,202406,0010097,유진투자증권주식회사,F,환전업무 예치금,0,국내증권사,B,SF205,각주항목(09.06월 이후)
29234,202406,0010097,유진투자증권주식회사,G,미배당별도예치금, ,국내증권사,B,SF205,각주항목(09.06월 이후)
29235,202406,0010097,유진투자증권주식회사,H,배서어음매출(종금계정),0,국내증권사,B,SF205,각주항목(09.06월 이후)
29236,202406,0010097,유진투자증권주식회사,H1,대출채권매매이익_담보부, ,국내증권사,B,SF205,각주항목(09.06월 이후)
29237,202406,0010097,유진투자증권주식회사,H2,대출채권매매이익_무담보부, ,국내증권사,B,SF205,각주항목(09.06월 이후)
29238,202409,0010097,유진투자증권주식회사,A,채무보증,423966955464,국내증권사,B,SF205,각주항목(09.06월 이후)
29239,202409,0010097,유진투자증권주식회사,A1,채무보증_지급보증,288798,국내증권사,B,SF205,각주항목(09.06월 이후)
29240,202409,0010097,유진투자증권주식회사,A2,채무보증_매입보장약정, ,국내증권사,B,SF205,각주항목(09.06월 이후)
29241,202409,0010097,유진투자증권주식회사,A3,채무보증_채무인수약정, ,국내증권사,B,SF205,각주항목(09.06월 이후)
29242,202409,0010097,유진투자증권주식회사,A5,채무보증_매입확약,423966666666,국내증권사,B,SF205,각주항목(09.06월 이후)
29243,202409,0010097,유진투자증권주식회사,A6,채무보증_기타, ,국내증권사,B,SF205,각주항목(09.06월 이후)
29244,202409,0010097,유진투자증권주식회사,B,투자자의 예수증권 등,23538749182424,국내증권사,B,SF205,각주항목(09.06월 이후)
29245,202409,0010097,유진투자증권주식회사,B1,투자자의 예수증권 등_예수 증권,23538749182424,국내증권사,B,SF205,각주항목(09.06월 이후)
29246,202409,0010097,유진투자증권주식회사,B2,투자자의 예수증권 등_예수양도성예금증서, ,국내증권사,B,SF205,각주항목(09.06월 이후)
29247,202409,0010097,유진투자증권주식회사,B3,투자자의 예수증권 등_기타, ,국내증권사,B,SF205,각주항목(09.06월 이후)
29248,202409,0010097,유진투자증권주식회사,C,파생상품계약,6931570932522,국내증권사,B,SF205,각주항목(09.06월 이후)
29249,202409,0010097,유진투자증권주식회사,C1,파생상품계약_장내파생상품,1051569026971,국내증권사,B,SF205,각주항목(09.06월 이후)
29250,202409,0010097,유진투자증권주식회사,C11,파생상품계약_장내파생상품_이자율관련거래,881093204564,국내증권사,B,SF205,각주항목(09.06월 이후)
29251,202409,0010097,유진투자증권주식회사,C12,파생상품계약_장내파생상품_통화관련거래,32418448400,국내증권사,B,SF205,각주항목(09.06월 이후)
29252,202409,0010097,유진투자증권주식회사,C13,파생상품계약_장내파생상품_주식관련거래,137240627381,국내증권사,B,SF205,각주항목(09.06월 이후)
29253,202409,0010097,유진투자증권주식회사,C14,파생상품계약_장내파생상품_일반상품관련거래,816746626,국내증권사,B,SF205,각주항목(09.06월 이후)
29254,202409,0010097,유진투자증권주식회사,C15,파생상품계약_장내파생상품_기타,0,국내증권사,B,SF205,각주항목(09.06월 이후)
29255,202409,0010097,유진투자증권주식회사,C2,파생상품계약_장외파생상품,5880001905551,국내증권사,B,SF205,각주항목(09.06월 이후)
29256,202409,0010097,유진투자증권주식회사,C21,파생상품계약_장외파생상품_이자율관련거래,3190800000000,국내증권사,B,SF205,각주항목(09.06월 이후)
29257,202409,0010097,유진투자증권주식회사,C22,파생상품계약_장외파생상품_통화관련거래,1527071820310,국내증권사,B,SF205,각주항목(09.06월 이후)
29258,202409,0010097,유진투자증권주식회사,C23,파생상품계약_장외파생상품_주식관련거래,35986885241,국내증권사,B,SF205,각주항목(09.06월 이후)
29259,202409,0010097,유진투자증권주식회사,C24,파생상품계약_장외파생상품_신용관련거래,1126143200000,국내증권사,B,SF205,각주항목(09.06월 이후)
29260,202409,0010097,유진투자증권주식회사,C25,파생상품계약_장외파생상품_기타,0,국내증권사,B,SF205,각주항목(09.06월 이후)
29261,202409,0010097,유진투자증권주식회사,D,대차 및 대주거래,431901052464,국내증권사,B,SF205,각주항목(09.06월 이후)
29262,202409,0010097,유진투자증권주식회사,D1,대차 및 대주거래_대여증권,0,국내증권사,B,SF205,각주항목(09.06월 이후)
29263,202409,0010097,유진투자증권주식회사,D2,대차 및 대주거래_차입증권,431901052464,국내증권사,B,SF205,각주항목(09.06월 이후)
29264,202409,0010097,유진투자증권주식회사,D3,대차 및 대주거래_신용거래대주, ,국내증권사,B,SF205,각주항목(09.06월 이후)
29265,202409,0010097,유진투자증권주식회사,E,대손상각채권,148062335992,국내증권사,B,SF205,각주항목(09.06월 이후)
29266,202409,0010097,유진투자증권주식회사,F,환전업무 예치금,0,국내증권사,B,SF205,각주항목(09.06월 이후)
29267,202409,0010097,유진투자증권주식회사,G,미배당별도예치금, ,국내증권사,B,SF205,각주항목(09.06월 이후)
29268,202409,0010097,유진투자증권주식회사,H,배서어음매출(종금계정),0,국내증권사,B,SF205,각주항목(09.06월 이후)
29269,202409,0010097,유진투자증권주식회사,H1,대출채권매매이익_담보부, ,국내증권사,B,SF205,각주항목(09.06월 이후)
29270,202409,0010097,유진투자증권주식회사,H2,대출채권매매이익_무담보부, ,국내증권사,B,SF205,각주항목(09.06월 이후)
29271,202412,0010097,유진투자증권주식회사,A,채무보증,453859971337,국내증권사,B,SF205,각주항목(09.06월 이후)
29272,202412,0010097,유진투자증권주식회사,A1,채무보증_지급보증,288798,국내증권사,B,SF205,각주항목(09.06월 이후)
29273,202412,0010097,유진투자증권주식회사,A2,채무보증_매입보장약정, ,국내증권사,B,SF205,각주항목(09.06월 이후)
29274,202412,0010097,유진투자증권주식회사,A3,채무보증_채무인수약정, ,국내증권사,B,SF205,각주항목(09.06월 이후)
29275,202412,0010097,유진투자증권주식회사,A5,채무보증_매입확약,453859682539,국내증권사,B,SF205,각주항목(09.06월 이후)
29276,202412,0010097,유진투자증권주식회사,A6,채무보증_기타, ,국내증권사,B,SF205,각주항목(09.06월 이후)
29277,202412,0010097,유진투자증권주식회사,B,투자자의 예수증권 등,22990232065682,국내증권사,B,SF205,각주항목(09.06월 이후)
29278,202412,0010097,유진투자증권주식회사,B1,투자자의 예수증권 등_예수 증권,22990232065682,국내증권사,B,SF205,각주항목(09.06월 이후)
29279,202412,0010097,유진투자증권주식회사,B2,투자자의 예수증권 등_예수양도성예금증서, ,국내증권사,B,SF205,각주항목(09.06월 이후)
29280,202412,0010097,유진투자증권주식회사,B3,투자자의 예수증권 등_기타, ,국내증권사,B,SF205,각주항목(09.06월 이후)
29281,202412,0010097,유진투자증권주식회사,C,파생상품계약,7562437573800,국내증권사,B,SF205,각주항목(09.06월 이후)
29282,202412,0010097,유진투자증권주식회사,C1,파생상품계약_장내파생상품,991022827398,국내증권사,B,SF205,각주항목(09.06월 이후)
29283,202412,0010097,유진투자증권주식회사,C11,파생상품계약_장내파생상품_이자율관련거래,855371669999,국내증권사,B,SF205,각주항목(09.06월 이후)
29284,202412,0010097,유진투자증권주식회사,C12,파생상품계약_장내파생상품_통화관련거래,40137438532,국내증권사,B,SF205,각주항목(09.06월 이후)
29285,202412,0010097,유진투자증권주식회사,C13,파생상품계약_장내파생상품_주식관련거래,92283044742,국내증권사,B,SF205,각주항목(09.06월 이후)
29286,202412,0010097,유진투자증권주식회사,C14,파생상품계약_장내파생상품_일반상품관련거래,3230674125,국내증권사,B,SF205,각주항목(09.06월 이후)
29287,202412,0010097,유진투자증권주식회사,C15,파생상품계약_장내파생상품_기타,0,국내증권사,B,SF205,각주항목(09.06월 이후)
29288,202412,0010097,유진투자증권주식회사,C2,파생상품계약_장외파생상품,6571414746402,국내증권사,B,SF205,각주항목(09.06월 이후)
29289,202412,0010097,유진투자증권주식회사,C21,파생상품계약_장외파생상품_이자율관련거래,3713300000000,국내증권사,B,SF205,각주항목(09.06월 이후)
29290,202412,0010097,유진투자증권주식회사,C22,파생상품계약_장외파생상품_통화관련거래,1469852174383,국내증권사,B,SF205,각주항목(09.06월 이후)
29291,202412,0010097,유진투자증권주식회사,C23,파생상품계약_장외파생상품_주식관련거래,42915172019,국내증권사,B,SF205,각주항목(09.06월 이후)
29292,202412,0010097,유진투자증권주식회사,C24,파생상품계약_장외파생상품_신용관련거래,1345347400000,국내증권사,B,SF205,각주항목(09.06월 이후)
29293,202412,0010097,유진투자증권주식회사,C25,파생상품계약_장외파생상품_기타,0,국내증권사,B,SF205,각주항목(09.06월 이후)
29294,202412,0010097,유진투자증권주식회사,D,대차 및 대주거래,431093999849,국내증권사,B,SF205,각주항목(09.06월 이후)
29295,202412,0010097,유진투자증권주식회사,D1,대차 및 대주거래_대여증권,0,국내증권사,B,SF205,각주항목(09.06월 이후)
29296,202412,0010097,유진투자증권주식회사,D2,대차 및 대주거래_차입증권,431093999849,국내증권사,B,SF205,각주항목(09.06월 이후)
29297,202412,0010097,유진투자증권주식회사,D3,대차 및 대주거래_신용거래대주, ,국내증권사,B,SF205,각주항목(09.06월 이후)
29298,202412,0010097,유진투자증권주식회사,E,대손상각채권,148062335992,국내증권사,B,SF205,각주항목(09.06월 이후)
29299,202412,0010097,유진투자증권주식회사,F,환전업무 예치금,0,국내증권사,B,SF205,각주항목(09.06월 이후)
29300,202412,0010097,유진투자증권주식회사,G,미배당별도예치금, ,국내증권사,B,SF205,각주항목(09.06월 이후)
29301,202412,0010097,유진투자증권주식회사,H,배서어음매출(종금계정),0,국내증권사,B,SF205,각주항목(09.06월 이후)
29302,202412,0010097,유진투자증권주식회사,H1,대출채권매매이익_담보부, ,국내증권사,B,SF205,각주항목(09.06월 이후)
29303,202412,0010097,유진투자증권주식회사,H2,대출채권매매이익_무담보부, ,국내증권사,B,SF205,각주항목(09.06월 이후)
29304,201703,0010112,유화증권주식회사,A,채무보증,0,국내증권사,B,SF205,각주항목(09.06월 이후)
29305,201703,0010112,유화증권주식회사,A1,채무보증_지급보증,0,국내증권사,B,SF205,각주항목(09.06월 이후)
29306,201703,0010112,유화증권주식회사,A2,채무보증_매입보장약정,0,국내증권사,B,SF205,각주항목(09.06월 이후)
29307,201703,0010112,유화증권주식회사,A3,채무보증_채무인수약정,0,국내증권사,B,SF205,각주항목(09.06월 이후)
29308,201703,0010112,유화증권주식회사,A5,채무보증_매입확약,0,국내증권사,B,SF205,각주항목(09.06월 이후)
29309,201703,0010112,유화증권주식회사,A6,채무보증_기타,0,국내증권사,B,SF205,각주항목(09.06월 이후)
29310,201703,0010112,유화증권주식회사,B,투자자의 예수증권 등,1642206352008,국내증권사,B,SF205,각주항목(09.06월 이후)
29311,201703,0010112,유화증권주식회사,B1,투자자의 예수증권 등_예수 증권,1642206352008,국내증권사,B,SF205,각주항목(09.06월 이후)
29312,201703,0010112,유화증권주식회사,B2,투자자의 예수증권 등_예수양도성예금증서,0,국내증권사,B,SF205,각주항목(09.06월 이후)
29313,201703,0010112,유화증권주식회사,B3,투자자의 예수증권 등_기타,0,국내증권사,B,SF205,각주항목(09.06월 이후)
29314,201703,0010112,유화증권주식회사,C,파생상품계약,0,국내증권사,B,SF205,각주항목(09.06월 이후)
29315,201703,0010112,유화증권주식회사,C1,파생상품계약_장내파생상품,0,국내증권사,B,SF205,각주항목(09.06월 이후)
29316,201703,0010112,유화증권주식회사,C11,파생상품계약_장내파생상품_이자율관련거래,0,국내증권사,B,SF205,각주항목(09.06월 이후)
29317,201703,0010112,유화증권주식회사,C12,파생상품계약_장내파생상품_통화관련거래,0,국내증권사,B,SF205,각주항목(09.06월 이후)
29318,201703,0010112,유화증권주식회사,C13,파생상품계약_장내파생상품_주식관련거래,0,국내증권사,B,SF205,각주항목(09.06월 이후)
29319,201703,0010112,유화증권주식회사,C14,파생상품계약_장내파생상품_일반상품관련거래,0,국내증권사,B,SF205,각주항목(09.06월 이후)
29320,201703,0010112,유화증권주식회사,C15,파생상품계약_장내파생상품_기타,0,국내증권사,B,SF205,각주항목(09.06월 이후)
29321,201703,0010112,유화증권주식회사,C2,파생상품계약_장외파생상품,0,국내증권사,B,SF205,각주항목(09.06월 이후)
29322,201703,0010112,유화증권주식회사,C21,파생상품계약_장외파생상품_이자율관련거래,0,국내증권사,B,SF205,각주항목(09.06월 이후)
29323,201703,0010112,유화증권주식회사,C22,파생상품계약_장외파생상품_통화관련거래,0,국내증권사,B,SF205,각주항목(09.06월 이후)
29324,201703,0010112,유화증권주식회사,C23,파생상품계약_장외파생상품_주식관련거래,0,국내증권사,B,SF205,각주항목(09.06월 이후)
29325,201703,0010112,유화증권주식회사,C24,파생상품계약_장외파생상품_신용관련거래,0,국내증권사,B,SF205,각주항목(09.06월 이후)
29326,201703,0010112,유화증권주식회사,C25,파생상품계약_장외파생상품_기타,0,국내증권사,B,SF205,각주항목(09.06월 이후)
29327,201703,0010112,유화증권주식회사,D,대차 및 대주거래,0,국내증권사,B,SF205,각주항목(09.06월 이후)
29328,201703,0010112,유화증권주식회사,D1,대차 및 대주거래_대여증권,0,국내증권사,B,SF205,각주항목(09.06월 이후)
29329,201703,0010112,유화증권주식회사,D2,대차 및 대주거래_차입증권,0,국내증권사,B,SF205,각주항목(09.06월 이후)
29330,201703,0010112,유화증권주식회사,D3,대차 및 대주거래_신용거래대주,0,국내증권사,B,SF205,각주항목(09.06월 이후)
29331,201703,0010112,유화증권주식회사,E,대손상각채권,0,국내증권사,B,SF205,각주항목(09.06월 이후)
29332,201703,0010112,유화증권주식회사,F,환전업무 예치금,0,국내증권사,B,SF205,각주항목(09.06월 이후)
29333,201703,0010112,유화증권주식회사,G,미배당별도예치금,0,국내증권사,B,SF205,각주항목(09.06월 이후)
29334,201703,0010112,유화증권주식회사,H,배서어음매출(종금계정),0,국내증권사,B,SF205,각주항목(09.06월 이후)
29335,201703,0010112,유화증권주식회사,H1,대출채권매매이익_담보부,0,국내증권사,B,SF205,각주항목(09.06월 이후)
29336,201703,0010112,유화증권주식회사,H2,대출채권매매이익_무담보부,0,국내증권사,B,SF205,각주항목(09.06월 이후)
29337,201706,0010112,유화증권주식회사,A,채무보증,0,국내증권사,B,SF205,각주항목(09.06월 이후)
29338,201706,0010112,유화증권주식회사,A1,채무보증_지급보증,0,국내증권사,B,SF205,각주항목(09.06월 이후)
29339,201706,0010112,유화증권주식회사,A2,채무보증_매입보장약정,0,국내증권사,B,SF205,각주항목(09.06월 이후)
29340,201706,0010112,유화증권주식회사,A3,채무보증_채무인수약정,0,국내증권사,B,SF205,각주항목(09.06월 이후)
29341,201706,0010112,유화증권주식회사,A5,채무보증_매입확약,0,국내증권사,B,SF205,각주항목(09.06월 이후)
29342,201706,0010112,유화증권주식회사,A6,채무보증_기타,0,국내증권사,B,SF205,각주항목(09.06월 이후)
29343,201706,0010112,유화증권주식회사,B,투자자의 예수증권 등,1568897183775,국내증권사,B,SF205,각주항목(09.06월 이후)
29344,201706,0010112,유화증권주식회사,B1,투자자의 예수증권 등_예수 증권,1568897183775,국내증권사,B,SF205,각주항목(09.06월 이후)
29345,201706,0010112,유화증권주식회사,B2,투자자의 예수증권 등_예수양도성예금증서,0,국내증권사,B,SF205,각주항목(09.06월 이후)
29346,201706,0010112,유화증권주식회사,B3,투자자의 예수증권 등_기타,0,국내증권사,B,SF205,각주항목(09.06월 이후)
29347,201706,0010112,유화증권주식회사,C,파생상품계약,0,국내증권사,B,SF205,각주항목(09.06월 이후)
29348,201706,0010112,유화증권주식회사,C1,파생상품계약_장내파생상품,0,국내증권사,B,SF205,각주항목(09.06월 이후)
29349,201706,0010112,유화증권주식회사,C11,파생상품계약_장내파생상품_이자율관련거래,0,국내증권사,B,SF205,각주항목(09.06월 이후)
29350,201706,0010112,유화증권주식회사,C12,파생상품계약_장내파생상품_통화관련거래,0,국내증권사,B,SF205,각주항목(09.06월 이후)
29351,201706,0010112,유화증권주식회사,C13,파생상품계약_장내파생상품_주식관련거래,0,국내증권사,B,SF205,각주항목(09.06월 이후)
29352,201706,0010112,유화증권주식회사,C14,파생상품계약_장내파생상품_일반상품관련거래,0,국내증권사,B,SF205,각주항목(09.06월 이후)
29353,201706,0010112,유화증권주식회사,C15,파생상품계약_장내파생상품_기타,0,국내증권사,B,SF205,각주항목(09.06월 이후)
29354,201706,0010112,유화증권주식회사,C2,파생상품계약_장외파생상품,0,국내증권사,B,SF205,각주항목(09.06월 이후)
29355,201706,0010112,유화증권주식회사,C21,파생상품계약_장외파생상품_이자율관련거래,0,국내증권사,B,SF205,각주항목(09.06월 이후)
29356,201706,0010112,유화증권주식회사,C22,파생상품계약_장외파생상품_통화관련거래,0,국내증권사,B,SF205,각주항목(09.06월 이후)
29357,201706,0010112,유화증권주식회사,C23,파생상품계약_장외파생상품_주식관련거래,0,국내증권사,B,SF205,각주항목(09.06월 이후)
29358,201706,0010112,유화증권주식회사,C24,파생상품계약_장외파생상품_신용관련거래,0,국내증권사,B,SF205,각주항목(09.06월 이후)
29359,201706,0010112,유화증권주식회사,C25,파생상품계약_장외파생상품_기타,0,국내증권사,B,SF205,각주항목(09.06월 이후)
29360,201706,0010112,유화증권주식회사,D,대차 및 대주거래,0,국내증권사,B,SF205,각주항목(09.06월 이후)
29361,201706,0010112,유화증권주식회사,D1,대차 및 대주거래_대여증권,0,국내증권사,B,SF205,각주항목(09.06월 이후)
29362,201706,0010112,유화증권주식회사,D2,대차 및 대주거래_차입증권,0,국내증권사,B,SF205,각주항목(09.06월 이후)
29363,201706,0010112,유화증권주식회사,D3,대차 및 대주거래_신용거래대주,0,국내증권사,B,SF205,각주항목(09.06월 이후)
29364,201706,0010112,유화증권주식회사,E,대손상각채권,0,국내증권사,B,SF205,각주항목(09.06월 이후)
29365,201706,0010112,유화증권주식회사,F,환전업무 예치금,0,국내증권사,B,SF205,각주항목(09.06월 이후)
29366,201706,0010112,유화증권주식회사,G,미배당별도예치금,0,국내증권사,B,SF205,각주항목(09.06월 이후)
29367,201706,0010112,유화증권주식회사,H,배서어음매출(종금계정),0,국내증권사,B,SF205,각주항목(09.06월 이후)
29368,201706,0010112,유화증권주식회사,H1,대출채권매매이익_담보부,0,국내증권사,B,SF205,각주항목(09.06월 이후)
29369,201706,0010112,유화증권주식회사,H2,대출채권매매이익_무담보부,0,국내증권사,B,SF205,각주항목(09.06월 이후)
29370,201709,0010112,유화증권주식회사,A,채무보증,0,국내증권사,B,SF205,각주항목(09.06월 이후)
29371,201709,0010112,유화증권주식회사,A1,채무보증_지급보증,0,국내증권사,B,SF205,각주항목(09.06월 이후)
29372,201709,0010112,유화증권주식회사,A2,채무보증_매입보장약정,0,국내증권사,B,SF205,각주항목(09.06월 이후)
29373,201709,0010112,유화증권주식회사,A3,채무보증_채무인수약정,0,국내증권사,B,SF205,각주항목(09.06월 이후)
29374,201709,0010112,유화증권주식회사,A5,채무보증_매입확약,0,국내증권사,B,SF205,각주항목(09.06월 이후)
29375,201709,0010112,유화증권주식회사,A6,채무보증_기타,0,국내증권사,B,SF205,각주항목(09.06월 이후)
29376,201709,0010112,유화증권주식회사,B,투자자의 예수증권 등,1398350715614,국내증권사,B,SF205,각주항목(09.06월 이후)
29377,201709,0010112,유화증권주식회사,B1,투자자의 예수증권 등_예수 증권,1398350715614,국내증권사,B,SF205,각주항목(09.06월 이후)
29378,201709,0010112,유화증권주식회사,B2,투자자의 예수증권 등_예수양도성예금증서,0,국내증권사,B,SF205,각주항목(09.06월 이후)
29379,201709,0010112,유화증권주식회사,B3,투자자의 예수증권 등_기타,0,국내증권사,B,SF205,각주항목(09.06월 이후)
29380,201709,0010112,유화증권주식회사,C,파생상품계약,0,국내증권사,B,SF205,각주항목(09.06월 이후)
29381,201709,0010112,유화증권주식회사,C1,파생상품계약_장내파생상품,0,국내증권사,B,SF205,각주항목(09.06월 이후)
29382,201709,0010112,유화증권주식회사,C11,파생상품계약_장내파생상품_이자율관련거래,0,국내증권사,B,SF205,각주항목(09.06월 이후)
29383,201709,0010112,유화증권주식회사,C12,파생상품계약_장내파생상품_통화관련거래,0,국내증권사,B,SF205,각주항목(09.06월 이후)
29384,201709,0010112,유화증권주식회사,C13,파생상품계약_장내파생상품_주식관련거래,0,국내증권사,B,SF205,각주항목(09.06월 이후)
29385,201709,0010112,유화증권주식회사,C14,파생상품계약_장내파생상품_일반상품관련거래,0,국내증권사,B,SF205,각주항목(09.06월 이후)
29386,201709,0010112,유화증권주식회사,C15,파생상품계약_장내파생상품_기타,0,국내증권사,B,SF205,각주항목(09.06월 이후)
29387,201709,0010112,유화증권주식회사,C2,파생상품계약_장외파생상품,0,국내증권사,B,SF205,각주항목(09.06월 이후)
29388,201709,0010112,유화증권주식회사,C21,파생상품계약_장외파생상품_이자율관련거래,0,국내증권사,B,SF205,각주항목(09.06월 이후)
29389,201709,0010112,유화증권주식회사,C22,파생상품계약_장외파생상품_통화관련거래,0,국내증권사,B,SF205,각주항목(09.06월 이후)
29390,201709,0010112,유화증권주식회사,C23,파생상품계약_장외파생상품_주식관련거래,0,국내증권사,B,SF205,각주항목(09.06월 이후)
29391,201709,0010112,유화증권주식회사,C24,파생상품계약_장외파생상품_신용관련거래,0,국내증권사,B,SF205,각주항목(09.06월 이후)
29392,201709,0010112,유화증권주식회사,C25,파생상품계약_장외파생상품_기타,0,국내증권사,B,SF205,각주항목(09.06월 이후)
29393,201709,0010112,유화증권주식회사,D,대차 및 대주거래,0,국내증권사,B,SF205,각주항목(09.06월 이후)
29394,201709,0010112,유화증권주식회사,D1,대차 및 대주거래_대여증권,0,국내증권사,B,SF205,각주항목(09.06월 이후)
29395,201709,0010112,유화증권주식회사,D2,대차 및 대주거래_차입증권,0,국내증권사,B,SF205,각주항목(09.06월 이후)
29396,201709,0010112,유화증권주식회사,D3,대차 및 대주거래_신용거래대주,0,국내증권사,B,SF205,각주항목(09.06월 이후)
29397,201709,0010112,유화증권주식회사,E,대손상각채권,0,국내증권사,B,SF205,각주항목(09.06월 이후)
29398,201709,0010112,유화증권주식회사,F,환전업무 예치금,0,국내증권사,B,SF205,각주항목(09.06월 이후)
29399,201709,0010112,유화증권주식회사,G,미배당별도예치금,0,국내증권사,B,SF205,각주항목(09.06월 이후)
29400,201709,0010112,유화증권주식회사,H,배서어음매출(종금계정),0,국내증권사,B,SF205,각주항목(09.06월 이후)
29401,201709,0010112,유화증권주식회사,H1,대출채권매매이익_담보부,0,국내증권사,B,SF205,각주항목(09.06월 이후)
29402,201709,0010112,유화증권주식회사,H2,대출채권매매이익_무담보부,0,국내증권사,B,SF205,각주항목(09.06월 이후)
29403,201712,0010112,유화증권주식회사,A,채무보증,0,국내증권사,B,SF205,각주항목(09.06월 이후)
29404,201712,0010112,유화증권주식회사,A1,채무보증_지급보증,0,국내증권사,B,SF205,각주항목(09.06월 이후)
29405,201712,0010112,유화증권주식회사,A2,채무보증_매입보장약정,0,국내증권사,B,SF205,각주항목(09.06월 이후)
29406,201712,0010112,유화증권주식회사,A3,채무보증_채무인수약정,0,국내증권사,B,SF205,각주항목(09.06월 이후)
29407,201712,0010112,유화증권주식회사,A5,채무보증_매입확약,0,국내증권사,B,SF205,각주항목(09.06월 이후)
29408,201712,0010112,유화증권주식회사,A6,채무보증_기타,0,국내증권사,B,SF205,각주항목(09.06월 이후)
29409,201712,0010112,유화증권주식회사,B,투자자의 예수증권 등,1077722737997,국내증권사,B,SF205,각주항목(09.06월 이후)
29410,201712,0010112,유화증권주식회사,B1,투자자의 예수증권 등_예수 증권,1077722737997,국내증권사,B,SF205,각주항목(09.06월 이후)
29411,201712,0010112,유화증권주식회사,B2,투자자의 예수증권 등_예수양도성예금증서,0,국내증권사,B,SF205,각주항목(09.06월 이후)
29412,201712,0010112,유화증권주식회사,B3,투자자의 예수증권 등_기타,0,국내증권사,B,SF205,각주항목(09.06월 이후)
29413,201712,0010112,유화증권주식회사,C,파생상품계약,0,국내증권사,B,SF205,각주항목(09.06월 이후)
29414,201712,0010112,유화증권주식회사,C1,파생상품계약_장내파생상품,0,국내증권사,B,SF205,각주항목(09.06월 이후)
29415,201712,0010112,유화증권주식회사,C11,파생상품계약_장내파생상품_이자율관련거래,0,국내증권사,B,SF205,각주항목(09.06월 이후)
29416,201712,0010112,유화증권주식회사,C12,파생상품계약_장내파생상품_통화관련거래,0,국내증권사,B,SF205,각주항목(09.06월 이후)
29417,201712,0010112,유화증권주식회사,C13,파생상품계약_장내파생상품_주식관련거래,0,국내증권사,B,SF205,각주항목(09.06월 이후)
29418,201712,0010112,유화증권주식회사,C14,파생상품계약_장내파생상품_일반상품관련거래,0,국내증권사,B,SF205,각주항목(09.06월 이후)
29419,201712,0010112,유화증권주식회사,C15,파생상품계약_장내파생상품_기타,0,국내증권사,B,SF205,각주항목(09.06월 이후)
29420,201712,0010112,유화증권주식회사,C2,파생상품계약_장외파생상품,0,국내증권사,B,SF205,각주항목(09.06월 이후)
29421,201712,0010112,유화증권주식회사,C21,파생상품계약_장외파생상품_이자율관련거래,0,국내증권사,B,SF205,각주항목(09.06월 이후)
29422,201712,0010112,유화증권주식회사,C22,파생상품계약_장외파생상품_통화관련거래,0,국내증권사,B,SF205,각주항목(09.06월 이후)
29423,201712,0010112,유화증권주식회사,C23,파생상품계약_장외파생상품_주식관련거래,0,국내증권사,B,SF205,각주항목(09.06월 이후)
29424,201712,0010112,유화증권주식회사,C24,파생상품계약_장외파생상품_신용관련거래,0,국내증권사,B,SF205,각주항목(09.06월 이후)
29425,201712,0010112,유화증권주식회사,C25,파생상품계약_장외파생상품_기타,0,국내증권사,B,SF205,각주항목(09.06월 이후)
29426,201712,0010112,유화증권주식회사,D,대차 및 대주거래,0,국내증권사,B,SF205,각주항목(09.06월 이후)
29427,201712,0010112,유화증권주식회사,D1,대차 및 대주거래_대여증권,0,국내증권사,B,SF205,각주항목(09.06월 이후)
29428,201712,0010112,유화증권주식회사,D2,대차 및 대주거래_차입증권,0,국내증권사,B,SF205,각주항목(09.06월 이후)
29429,201712,0010112,유화증권주식회사,D3,대차 및 대주거래_신용거래대주,0,국내증권사,B,SF205,각주항목(09.06월 이후)
29430,201712,0010112,유화증권주식회사,E,대손상각채권,0,국내증권사,B,SF205,각주항목(09.06월 이후)
29431,201712,0010112,유화증권주식회사,F,환전업무 예치금,0,국내증권사,B,SF205,각주항목(09.06월 이후)
29432,201712,0010112,유화증권주식회사,G,미배당별도예치금,0,국내증권사,B,SF205,각주항목(09.06월 이후)
29433,201712,0010112,유화증권주식회사,H,배서어음매출(종금계정),0,국내증권사,B,SF205,각주항목(09.06월 이후)
29434,201712,0010112,유화증권주식회사,H1,대출채권매매이익_담보부,0,국내증권사,B,SF205,각주항목(09.06월 이후)
29435,201712,0010112,유화증권주식회사,H2,대출채권매매이익_무담보부,0,국내증권사,B,SF205,각주항목(09.06월 이후)
29436,201803,0010112,유화증권주식회사,A,채무보증,0,국내증권사,B,SF205,각주항목(09.06월 이후)
29437,201803,0010112,유화증권주식회사,A1,채무보증_지급보증,0,국내증권사,B,SF205,각주항목(09.06월 이후)
29438,201803,0010112,유화증권주식회사,A2,채무보증_매입보장약정,0,국내증권사,B,SF205,각주항목(09.06월 이후)
29439,201803,0010112,유화증권주식회사,A3,채무보증_채무인수약정,0,국내증권사,B,SF205,각주항목(09.06월 이후)
29440,201803,0010112,유화증권주식회사,A5,채무보증_매입확약,0,국내증권사,B,SF205,각주항목(09.06월 이후)
29441,201803,0010112,유화증권주식회사,A6,채무보증_기타,0,국내증권사,B,SF205,각주항목(09.06월 이후)
29442,201803,0010112,유화증권주식회사,B,투자자의 예수증권 등,1167345435282,국내증권사,B,SF205,각주항목(09.06월 이후)
29443,201803,0010112,유화증권주식회사,B1,투자자의 예수증권 등_예수 증권,1167345435282,국내증권사,B,SF205,각주항목(09.06월 이후)
29444,201803,0010112,유화증권주식회사,B2,투자자의 예수증권 등_예수양도성예금증서,0,국내증권사,B,SF205,각주항목(09.06월 이후)
29445,201803,0010112,유화증권주식회사,B3,투자자의 예수증권 등_기타,0,국내증권사,B,SF205,각주항목(09.06월 이후)
29446,201803,0010112,유화증권주식회사,C,파생상품계약,0,국내증권사,B,SF205,각주항목(09.06월 이후)
29447,201803,0010112,유화증권주식회사,C1,파생상품계약_장내파생상품,0,국내증권사,B,SF205,각주항목(09.06월 이후)
29448,201803,0010112,유화증권주식회사,C11,파생상품계약_장내파생상품_이자율관련거래,0,국내증권사,B,SF205,각주항목(09.06월 이후)
29449,201803,0010112,유화증권주식회사,C12,파생상품계약_장내파생상품_통화관련거래,0,국내증권사,B,SF205,각주항목(09.06월 이후)
29450,201803,0010112,유화증권주식회사,C13,파생상품계약_장내파생상품_주식관련거래,0,국내증권사,B,SF205,각주항목(09.06월 이후)
29451,201803,0010112,유화증권주식회사,C14,파생상품계약_장내파생상품_일반상품관련거래,0,국내증권사,B,SF205,각주항목(09.06월 이후)
29452,201803,0010112,유화증권주식회사,C15,파생상품계약_장내파생상품_기타,0,국내증권사,B,SF205,각주항목(09.06월 이후)
29453,201803,0010112,유화증권주식회사,C2,파생상품계약_장외파생상품,0,국내증권사,B,SF205,각주항목(09.06월 이후)
29454,201803,0010112,유화증권주식회사,C21,파생상품계약_장외파생상품_이자율관련거래,0,국내증권사,B,SF205,각주항목(09.06월 이후)
29455,201803,0010112,유화증권주식회사,C22,파생상품계약_장외파생상품_통화관련거래,0,국내증권사,B,SF205,각주항목(09.06월 이후)
29456,201803,0010112,유화증권주식회사,C23,파생상품계약_장외파생상품_주식관련거래,0,국내증권사,B,SF205,각주항목(09.06월 이후)
29457,201803,0010112,유화증권주식회사,C24,파생상품계약_장외파생상품_신용관련거래,0,국내증권사,B,SF205,각주항목(09.06월 이후)
29458,201803,0010112,유화증권주식회사,C25,파생상품계약_장외파생상품_기타,0,국내증권사,B,SF205,각주항목(09.06월 이후)
29459,201803,0010112,유화증권주식회사,D,대차 및 대주거래,0,국내증권사,B,SF205,각주항목(09.06월 이후)
29460,201803,0010112,유화증권주식회사,D1,대차 및 대주거래_대여증권,0,국내증권사,B,SF205,각주항목(09.06월 이후)
29461,201803,0010112,유화증권주식회사,D2,대차 및 대주거래_차입증권,0,국내증권사,B,SF205,각주항목(09.06월 이후)
29462,201803,0010112,유화증권주식회사,D3,대차 및 대주거래_신용거래대주,0,국내증권사,B,SF205,각주항목(09.06월 이후)
29463,201803,0010112,유화증권주식회사,E,대손상각채권,0,국내증권사,B,SF205,각주항목(09.06월 이후)
29464,201803,0010112,유화증권주식회사,F,환전업무 예치금,0,국내증권사,B,SF205,각주항목(09.06월 이후)
29465,201803,0010112,유화증권주식회사,G,미배당별도예치금,0,국내증권사,B,SF205,각주항목(09.06월 이후)
29466,201803,0010112,유화증권주식회사,H,배서어음매출(종금계정),0,국내증권사,B,SF205,각주항목(09.06월 이후)
29467,201803,0010112,유화증권주식회사,H1,대출채권매매이익_담보부,0,국내증권사,B,SF205,각주항목(09.06월 이후)
29468,201803,0010112,유화증권주식회사,H2,대출채권매매이익_무담보부,0,국내증권사,B,SF205,각주항목(09.06월 이후)
29469,201806,0010112,유화증권주식회사,A,채무보증,0,국내증권사,B,SF205,각주항목(09.06월 이후)
29470,201806,0010112,유화증권주식회사,A1,채무보증_지급보증,0,국내증권사,B,SF205,각주항목(09.06월 이후)
29471,201806,0010112,유화증권주식회사,A2,채무보증_매입보장약정,0,국내증권사,B,SF205,각주항목(09.06월 이후)
29472,201806,0010112,유화증권주식회사,A3,채무보증_채무인수약정,0,국내증권사,B,SF205,각주항목(09.06월 이후)
29473,201806,0010112,유화증권주식회사,A5,채무보증_매입확약,0,국내증권사,B,SF205,각주항목(09.06월 이후)
29474,201806,0010112,유화증권주식회사,A6,채무보증_기타,0,국내증권사,B,SF205,각주항목(09.06월 이후)
29475,201806,0010112,유화증권주식회사,B,투자자의 예수증권 등,988949786839,국내증권사,B,SF205,각주항목(09.06월 이후)
29476,201806,0010112,유화증권주식회사,B1,투자자의 예수증권 등_예수 증권,988949786839,국내증권사,B,SF205,각주항목(09.06월 이후)
29477,201806,0010112,유화증권주식회사,B2,투자자의 예수증권 등_예수양도성예금증서,0,국내증권사,B,SF205,각주항목(09.06월 이후)
29478,201806,0010112,유화증권주식회사,B3,투자자의 예수증권 등_기타,0,국내증권사,B,SF205,각주항목(09.06월 이후)
29479,201806,0010112,유화증권주식회사,C,파생상품계약,0,국내증권사,B,SF205,각주항목(09.06월 이후)
29480,201806,0010112,유화증권주식회사,C1,파생상품계약_장내파생상품,0,국내증권사,B,SF205,각주항목(09.06월 이후)
29481,201806,0010112,유화증권주식회사,C11,파생상품계약_장내파생상품_이자율관련거래,0,국내증권사,B,SF205,각주항목(09.06월 이후)
29482,201806,0010112,유화증권주식회사,C12,파생상품계약_장내파생상품_통화관련거래,0,국내증권사,B,SF205,각주항목(09.06월 이후)
29483,201806,0010112,유화증권주식회사,C13,파생상품계약_장내파생상품_주식관련거래,0,국내증권사,B,SF205,각주항목(09.06월 이후)
29484,201806,0010112,유화증권주식회사,C14,파생상품계약_장내파생상품_일반상품관련거래,0,국내증권사,B,SF205,각주항목(09.06월 이후)
29485,201806,0010112,유화증권주식회사,C15,파생상품계약_장내파생상품_기타,0,국내증권사,B,SF205,각주항목(09.06월 이후)
29486,201806,0010112,유화증권주식회사,C2,파생상품계약_장외파생상품,0,국내증권사,B,SF205,각주항목(09.06월 이후)
29487,201806,0010112,유화증권주식회사,C21,파생상품계약_장외파생상품_이자율관련거래,0,국내증권사,B,SF205,각주항목(09.06월 이후)
29488,201806,0010112,유화증권주식회사,C22,파생상품계약_장외파생상품_통화관련거래,0,국내증권사,B,SF205,각주항목(09.06월 이후)
29489,201806,0010112,유화증권주식회사,C23,파생상품계약_장외파생상품_주식관련거래,0,국내증권사,B,SF205,각주항목(09.06월 이후)
29490,201806,0010112,유화증권주식회사,C24,파생상품계약_장외파생상품_신용관련거래,0,국내증권사,B,SF205,각주항목(09.06월 이후)
29491,201806,0010112,유화증권주식회사,C25,파생상품계약_장외파생상품_기타,0,국내증권사,B,SF205,각주항목(09.06월 이후)
29492,201806,0010112,유화증권주식회사,D,대차 및 대주거래,0,국내증권사,B,SF205,각주항목(09.06월 이후)
29493,201806,0010112,유화증권주식회사,D1,대차 및 대주거래_대여증권,0,국내증권사,B,SF205,각주항목(09.06월 이후)
29494,201806,0010112,유화증권주식회사,D2,대차 및 대주거래_차입증권,0,국내증권사,B,SF205,각주항목(09.06월 이후)
29495,201806,0010112,유화증권주식회사,D3,대차 및 대주거래_신용거래대주,0,국내증권사,B,SF205,각주항목(09.06월 이후)
29496,201806,0010112,유화증권주식회사,E,대손상각채권,0,국내증권사,B,SF205,각주항목(09.06월 이후)
29497,201806,0010112,유화증권주식회사,F,환전업무 예치금,0,국내증권사,B,SF205,각주항목(09.06월 이후)
29498,201806,0010112,유화증권주식회사,G,미배당별도예치금,0,국내증권사,B,SF205,각주항목(09.06월 이후)
29499,201806,0010112,유화증권주식회사,H,배서어음매출(종금계정),0,국내증권사,B,SF205,각주항목(09.06월 이후)
29500,201806,0010112,유화증권주식회사,H1,대출채권매매이익_담보부,0,국내증권사,B,SF205,각주항목(09.06월 이후)
29501,201806,0010112,유화증권주식회사,H2,대출채권매매이익_무담보부,0,국내증권사,B,SF205,각주항목(09.06월 이후)
29502,201809,0010112,유화증권주식회사,A,채무보증,0,국내증권사,B,SF205,각주항목(09.06월 이후)
29503,201809,0010112,유화증권주식회사,A1,채무보증_지급보증,0,국내증권사,B,SF205,각주항목(09.06월 이후)
29504,201809,0010112,유화증권주식회사,A2,채무보증_매입보장약정,0,국내증권사,B,SF205,각주항목(09.06월 이후)
29505,201809,0010112,유화증권주식회사,A3,채무보증_채무인수약정,0,국내증권사,B,SF205,각주항목(09.06월 이후)
29506,201809,0010112,유화증권주식회사,A5,채무보증_매입확약,0,국내증권사,B,SF205,각주항목(09.06월 이후)
29507,201809,0010112,유화증권주식회사,A6,채무보증_기타,0,국내증권사,B,SF205,각주항목(09.06월 이후)
29508,201809,0010112,유화증권주식회사,B,투자자의 예수증권 등,1071578093607,국내증권사,B,SF205,각주항목(09.06월 이후)
29509,201809,0010112,유화증권주식회사,B1,투자자의 예수증권 등_예수 증권,1071578093607,국내증권사,B,SF205,각주항목(09.06월 이후)
29510,201809,0010112,유화증권주식회사,B2,투자자의 예수증권 등_예수양도성예금증서,0,국내증권사,B,SF205,각주항목(09.06월 이후)
29511,201809,0010112,유화증권주식회사,B3,투자자의 예수증권 등_기타,0,국내증권사,B,SF205,각주항목(09.06월 이후)
29512,201809,0010112,유화증권주식회사,C,파생상품계약,0,국내증권사,B,SF205,각주항목(09.06월 이후)
29513,201809,0010112,유화증권주식회사,C1,파생상품계약_장내파생상품,0,국내증권사,B,SF205,각주항목(09.06월 이후)
29514,201809,0010112,유화증권주식회사,C11,파생상품계약_장내파생상품_이자율관련거래,0,국내증권사,B,SF205,각주항목(09.06월 이후)
29515,201809,0010112,유화증권주식회사,C12,파생상품계약_장내파생상품_통화관련거래,0,국내증권사,B,SF205,각주항목(09.06월 이후)
29516,201809,0010112,유화증권주식회사,C13,파생상품계약_장내파생상품_주식관련거래,0,국내증권사,B,SF205,각주항목(09.06월 이후)
29517,201809,0010112,유화증권주식회사,C14,파생상품계약_장내파생상품_일반상품관련거래,0,국내증권사,B,SF205,각주항목(09.06월 이후)
29518,201809,0010112,유화증권주식회사,C15,파생상품계약_장내파생상품_기타,0,국내증권사,B,SF205,각주항목(09.06월 이후)
29519,201809,0010112,유화증권주식회사,C2,파생상품계약_장외파생상품,0,국내증권사,B,SF205,각주항목(09.06월 이후)
29520,201809,0010112,유화증권주식회사,C21,파생상품계약_장외파생상품_이자율관련거래,0,국내증권사,B,SF205,각주항목(09.06월 이후)
29521,201809,0010112,유화증권주식회사,C22,파생상품계약_장외파생상품_통화관련거래,0,국내증권사,B,SF205,각주항목(09.06월 이후)
29522,201809,0010112,유화증권주식회사,C23,파생상품계약_장외파생상품_주식관련거래,0,국내증권사,B,SF205,각주항목(09.06월 이후)
29523,201809,0010112,유화증권주식회사,C24,파생상품계약_장외파생상품_신용관련거래,0,국내증권사,B,SF205,각주항목(09.06월 이후)
29524,201809,0010112,유화증권주식회사,C25,파생상품계약_장외파생상품_기타,0,국내증권사,B,SF205,각주항목(09.06월 이후)
29525,201809,0010112,유화증권주식회사,D,대차 및 대주거래,0,국내증권사,B,SF205,각주항목(09.06월 이후)
29526,201809,0010112,유화증권주식회사,D1,대차 및 대주거래_대여증권,0,국내증권사,B,SF205,각주항목(09.06월 이후)
29527,201809,0010112,유화증권주식회사,D2,대차 및 대주거래_차입증권,0,국내증권사,B,SF205,각주항목(09.06월 이후)
29528,201809,0010112,유화증권주식회사,D3,대차 및 대주거래_신용거래대주,0,국내증권사,B,SF205,각주항목(09.06월 이후)
29529,201809,0010112,유화증권주식회사,E,대손상각채권,0,국내증권사,B,SF205,각주항목(09.06월 이후)
29530,201809,0010112,유화증권주식회사,F,환전업무 예치금,0,국내증권사,B,SF205,각주항목(09.06월 이후)
29531,201809,0010112,유화증권주식회사,G,미배당별도예치금,0,국내증권사,B,SF205,각주항목(09.06월 이후)
29532,201809,0010112,유화증권주식회사,H,배서어음매출(종금계정),0,국내증권사,B,SF205,각주항목(09.06월 이후)
29533,201809,0010112,유화증권주식회사,H1,대출채권매매이익_담보부,0,국내증권사,B,SF205,각주항목(09.06월 이후)
29534,201809,0010112,유화증권주식회사,H2,대출채권매매이익_무담보부,0,국내증권사,B,SF205,각주항목(09.06월 이후)
29535,201812,0010112,유화증권주식회사,A,채무보증,0,국내증권사,B,SF205,각주항목(09.06월 이후)
29536,201812,0010112,유화증권주식회사,A1,채무보증_지급보증,0,국내증권사,B,SF205,각주항목(09.06월 이후)
29537,201812,0010112,유화증권주식회사,A2,채무보증_매입보장약정,0,국내증권사,B,SF205,각주항목(09.06월 이후)
29538,201812,0010112,유화증권주식회사,A3,채무보증_채무인수약정,0,국내증권사,B,SF205,각주항목(09.06월 이후)
29539,201812,0010112,유화증권주식회사,A5,채무보증_매입확약,0,국내증권사,B,SF205,각주항목(09.06월 이후)
29540,201812,0010112,유화증권주식회사,A6,채무보증_기타,0,국내증권사,B,SF205,각주항목(09.06월 이후)
29541,201812,0010112,유화증권주식회사,B,투자자의 예수증권 등,907276629088,국내증권사,B,SF205,각주항목(09.06월 이후)
29542,201812,0010112,유화증권주식회사,B1,투자자의 예수증권 등_예수 증권,907276629088,국내증권사,B,SF205,각주항목(09.06월 이후)
29543,201812,0010112,유화증권주식회사,B2,투자자의 예수증권 등_예수양도성예금증서,0,국내증권사,B,SF205,각주항목(09.06월 이후)
29544,201812,0010112,유화증권주식회사,B3,투자자의 예수증권 등_기타,0,국내증권사,B,SF205,각주항목(09.06월 이후)
29545,201812,0010112,유화증권주식회사,C,파생상품계약,0,국내증권사,B,SF205,각주항목(09.06월 이후)
29546,201812,0010112,유화증권주식회사,C1,파생상품계약_장내파생상품,0,국내증권사,B,SF205,각주항목(09.06월 이후)
29547,201812,0010112,유화증권주식회사,C11,파생상품계약_장내파생상품_이자율관련거래,0,국내증권사,B,SF205,각주항목(09.06월 이후)
29548,201812,0010112,유화증권주식회사,C12,파생상품계약_장내파생상품_통화관련거래,0,국내증권사,B,SF205,각주항목(09.06월 이후)
29549,201812,0010112,유화증권주식회사,C13,파생상품계약_장내파생상품_주식관련거래,0,국내증권사,B,SF205,각주항목(09.06월 이후)
29550,201812,0010112,유화증권주식회사,C14,파생상품계약_장내파생상품_일반상품관련거래,0,국내증권사,B,SF205,각주항목(09.06월 이후)
29551,201812,0010112,유화증권주식회사,C15,파생상품계약_장내파생상품_기타,0,국내증권사,B,SF205,각주항목(09.06월 이후)
29552,201812,0010112,유화증권주식회사,C2,파생상품계약_장외파생상품,0,국내증권사,B,SF205,각주항목(09.06월 이후)
29553,201812,0010112,유화증권주식회사,C21,파생상품계약_장외파생상품_이자율관련거래,0,국내증권사,B,SF205,각주항목(09.06월 이후)
29554,201812,0010112,유화증권주식회사,C22,파생상품계약_장외파생상품_통화관련거래,0,국내증권사,B,SF205,각주항목(09.06월 이후)
29555,201812,0010112,유화증권주식회사,C23,파생상품계약_장외파생상품_주식관련거래,0,국내증권사,B,SF205,각주항목(09.06월 이후)
29556,201812,0010112,유화증권주식회사,C24,파생상품계약_장외파생상품_신용관련거래,0,국내증권사,B,SF205,각주항목(09.06월 이후)
29557,201812,0010112,유화증권주식회사,C25,파생상품계약_장외파생상품_기타,0,국내증권사,B,SF205,각주항목(09.06월 이후)
29558,201812,0010112,유화증권주식회사,D,대차 및 대주거래,0,국내증권사,B,SF205,각주항목(09.06월 이후)
29559,201812,0010112,유화증권주식회사,D1,대차 및 대주거래_대여증권,0,국내증권사,B,SF205,각주항목(09.06월 이후)
29560,201812,0010112,유화증권주식회사,D2,대차 및 대주거래_차입증권,0,국내증권사,B,SF205,각주항목(09.06월 이후)
29561,201812,0010112,유화증권주식회사,D3,대차 및 대주거래_신용거래대주,0,국내증권사,B,SF205,각주항목(09.06월 이후)
29562,201812,0010112,유화증권주식회사,E,대손상각채권,0,국내증권사,B,SF205,각주항목(09.06월 이후)
29563,201812,0010112,유화증권주식회사,F,환전업무 예치금,0,국내증권사,B,SF205,각주항목(09.06월 이후)
29564,201812,0010112,유화증권주식회사,G,미배당별도예치금,0,국내증권사,B,SF205,각주항목(09.06월 이후)
29565,201812,0010112,유화증권주식회사,H,배서어음매출(종금계정),0,국내증권사,B,SF205,각주항목(09.06월 이후)
29566,201812,0010112,유화증권주식회사,H1,대출채권매매이익_담보부,0,국내증권사,B,SF205,각주항목(09.06월 이후)
29567,201812,0010112,유화증권주식회사,H2,대출채권매매이익_무담보부,0,국내증권사,B,SF205,각주항목(09.06월 이후)
29568,201903,0010112,유화증권주식회사,A,채무보증,0,국내증권사,B,SF205,각주항목(09.06월 이후)
29569,201903,0010112,유화증권주식회사,A1,채무보증_지급보증,0,국내증권사,B,SF205,각주항목(09.06월 이후)
29570,201903,0010112,유화증권주식회사,A2,채무보증_매입보장약정,0,국내증권사,B,SF205,각주항목(09.06월 이후)
29571,201903,0010112,유화증권주식회사,A3,채무보증_채무인수약정,0,국내증권사,B,SF205,각주항목(09.06월 이후)
29572,201903,0010112,유화증권주식회사,A5,채무보증_매입확약,0,국내증권사,B,SF205,각주항목(09.06월 이후)
29573,201903,0010112,유화증권주식회사,A6,채무보증_기타,0,국내증권사,B,SF205,각주항목(09.06월 이후)
29574,201903,0010112,유화증권주식회사,B,투자자의 예수증권 등,1029884104932,국내증권사,B,SF205,각주항목(09.06월 이후)
29575,201903,0010112,유화증권주식회사,B1,투자자의 예수증권 등_예수 증권,1029884104932,국내증권사,B,SF205,각주항목(09.06월 이후)
29576,201903,0010112,유화증권주식회사,B2,투자자의 예수증권 등_예수양도성예금증서,0,국내증권사,B,SF205,각주항목(09.06월 이후)
29577,201903,0010112,유화증권주식회사,B3,투자자의 예수증권 등_기타,0,국내증권사,B,SF205,각주항목(09.06월 이후)
29578,201903,0010112,유화증권주식회사,C,파생상품계약,0,국내증권사,B,SF205,각주항목(09.06월 이후)
29579,201903,0010112,유화증권주식회사,C1,파생상품계약_장내파생상품,0,국내증권사,B,SF205,각주항목(09.06월 이후)
29580,201903,0010112,유화증권주식회사,C11,파생상품계약_장내파생상품_이자율관련거래,0,국내증권사,B,SF205,각주항목(09.06월 이후)
29581,201903,0010112,유화증권주식회사,C12,파생상품계약_장내파생상품_통화관련거래,0,국내증권사,B,SF205,각주항목(09.06월 이후)
29582,201903,0010112,유화증권주식회사,C13,파생상품계약_장내파생상품_주식관련거래,0,국내증권사,B,SF205,각주항목(09.06월 이후)
29583,201903,0010112,유화증권주식회사,C14,파생상품계약_장내파생상품_일반상품관련거래,0,국내증권사,B,SF205,각주항목(09.06월 이후)
29584,201903,0010112,유화증권주식회사,C15,파생상품계약_장내파생상품_기타,0,국내증권사,B,SF205,각주항목(09.06월 이후)
29585,201903,0010112,유화증권주식회사,C2,파생상품계약_장외파생상품,0,국내증권사,B,SF205,각주항목(09.06월 이후)
29586,201903,0010112,유화증권주식회사,C21,파생상품계약_장외파생상품_이자율관련거래,0,국내증권사,B,SF205,각주항목(09.06월 이후)
29587,201903,0010112,유화증권주식회사,C22,파생상품계약_장외파생상품_통화관련거래,0,국내증권사,B,SF205,각주항목(09.06월 이후)
29588,201903,0010112,유화증권주식회사,C23,파생상품계약_장외파생상품_주식관련거래,0,국내증권사,B,SF205,각주항목(09.06월 이후)
29589,201903,0010112,유화증권주식회사,C24,파생상품계약_장외파생상품_신용관련거래,0,국내증권사,B,SF205,각주항목(09.06월 이후)
29590,201903,0010112,유화증권주식회사,C25,파생상품계약_장외파생상품_기타,0,국내증권사,B,SF205,각주항목(09.06월 이후)
29591,201903,0010112,유화증권주식회사,D,대차 및 대주거래,0,국내증권사,B,SF205,각주항목(09.06월 이후)
29592,201903,0010112,유화증권주식회사,D1,대차 및 대주거래_대여증권,0,국내증권사,B,SF205,각주항목(09.06월 이후)
29593,201903,0010112,유화증권주식회사,D2,대차 및 대주거래_차입증권,0,국내증권사,B,SF205,각주항목(09.06월 이후)
29594,201903,0010112,유화증권주식회사,D3,대차 및 대주거래_신용거래대주,0,국내증권사,B,SF205,각주항목(09.06월 이후)
29595,201903,0010112,유화증권주식회사,E,대손상각채권,0,국내증권사,B,SF205,각주항목(09.06월 이후)
29596,201903,0010112,유화증권주식회사,F,환전업무 예치금,0,국내증권사,B,SF205,각주항목(09.06월 이후)
29597,201903,0010112,유화증권주식회사,G,미배당별도예치금,0,국내증권사,B,SF205,각주항목(09.06월 이후)
29598,201903,0010112,유화증권주식회사,H,배서어음매출(종금계정),0,국내증권사,B,SF205,각주항목(09.06월 이후)
29599,201903,0010112,유화증권주식회사,H1,대출채권매매이익_담보부,0,국내증권사,B,SF205,각주항목(09.06월 이후)
29600,201903,0010112,유화증권주식회사,H2,대출채권매매이익_무담보부,0,국내증권사,B,SF205,각주항목(09.06월 이후)
29601,201906,0010112,유화증권주식회사,A,채무보증,0,국내증권사,B,SF205,각주항목(09.06월 이후)
29602,201906,0010112,유화증권주식회사,A1,채무보증_지급보증,0,국내증권사,B,SF205,각주항목(09.06월 이후)
29603,201906,0010112,유화증권주식회사,A2,채무보증_매입보장약정,0,국내증권사,B,SF205,각주항목(09.06월 이후)
29604,201906,0010112,유화증권주식회사,A3,채무보증_채무인수약정,0,국내증권사,B,SF205,각주항목(09.06월 이후)
29605,201906,0010112,유화증권주식회사,A5,채무보증_매입확약,0,국내증권사,B,SF205,각주항목(09.06월 이후)
29606,201906,0010112,유화증권주식회사,A6,채무보증_기타,0,국내증권사,B,SF205,각주항목(09.06월 이후)
29607,201906,0010112,유화증권주식회사,B,투자자의 예수증권 등,1182625424142,국내증권사,B,SF205,각주항목(09.06월 이후)
29608,201906,0010112,유화증권주식회사,B1,투자자의 예수증권 등_예수 증권,1182625424142,국내증권사,B,SF205,각주항목(09.06월 이후)
29609,201906,0010112,유화증권주식회사,B2,투자자의 예수증권 등_예수양도성예금증서,0,국내증권사,B,SF205,각주항목(09.06월 이후)
29610,201906,0010112,유화증권주식회사,B3,투자자의 예수증권 등_기타,0,국내증권사,B,SF205,각주항목(09.06월 이후)
29611,201906,0010112,유화증권주식회사,C,파생상품계약,0,국내증권사,B,SF205,각주항목(09.06월 이후)
29612,201906,0010112,유화증권주식회사,C1,파생상품계약_장내파생상품,0,국내증권사,B,SF205,각주항목(09.06월 이후)
29613,201906,0010112,유화증권주식회사,C11,파생상품계약_장내파생상품_이자율관련거래,0,국내증권사,B,SF205,각주항목(09.06월 이후)
29614,201906,0010112,유화증권주식회사,C12,파생상품계약_장내파생상품_통화관련거래,0,국내증권사,B,SF205,각주항목(09.06월 이후)
29615,201906,0010112,유화증권주식회사,C13,파생상품계약_장내파생상품_주식관련거래,0,국내증권사,B,SF205,각주항목(09.06월 이후)
29616,201906,0010112,유화증권주식회사,C14,파생상품계약_장내파생상품_일반상품관련거래,0,국내증권사,B,SF205,각주항목(09.06월 이후)
29617,201906,0010112,유화증권주식회사,C15,파생상품계약_장내파생상품_기타,0,국내증권사,B,SF205,각주항목(09.06월 이후)
29618,201906,0010112,유화증권주식회사,C2,파생상품계약_장외파생상품,0,국내증권사,B,SF205,각주항목(09.06월 이후)
29619,201906,0010112,유화증권주식회사,C21,파생상품계약_장외파생상품_이자율관련거래,0,국내증권사,B,SF205,각주항목(09.06월 이후)
29620,201906,0010112,유화증권주식회사,C22,파생상품계약_장외파생상품_통화관련거래,0,국내증권사,B,SF205,각주항목(09.06월 이후)
29621,201906,0010112,유화증권주식회사,C23,파생상품계약_장외파생상품_주식관련거래,0,국내증권사,B,SF205,각주항목(09.06월 이후)
29622,201906,0010112,유화증권주식회사,C24,파생상품계약_장외파생상품_신용관련거래,0,국내증권사,B,SF205,각주항목(09.06월 이후)
29623,201906,0010112,유화증권주식회사,C25,파생상품계약_장외파생상품_기타,0,국내증권사,B,SF205,각주항목(09.06월 이후)
29624,201906,0010112,유화증권주식회사,D,대차 및 대주거래,0,국내증권사,B,SF205,각주항목(09.06월 이후)
29625,201906,0010112,유화증권주식회사,D1,대차 및 대주거래_대여증권,0,국내증권사,B,SF205,각주항목(09.06월 이후)
29626,201906,0010112,유화증권주식회사,D2,대차 및 대주거래_차입증권,0,국내증권사,B,SF205,각주항목(09.06월 이후)
29627,201906,0010112,유화증권주식회사,D3,대차 및 대주거래_신용거래대주,0,국내증권사,B,SF205,각주항목(09.06월 이후)
29628,201906,0010112,유화증권주식회사,E,대손상각채권,0,국내증권사,B,SF205,각주항목(09.06월 이후)
29629,201906,0010112,유화증권주식회사,F,환전업무 예치금,0,국내증권사,B,SF205,각주항목(09.06월 이후)
29630,201906,0010112,유화증권주식회사,G,미배당별도예치금,0,국내증권사,B,SF205,각주항목(09.06월 이후)
29631,201906,0010112,유화증권주식회사,H,배서어음매출(종금계정),0,국내증권사,B,SF205,각주항목(09.06월 이후)
29632,201906,0010112,유화증권주식회사,H1,대출채권매매이익_담보부,0,국내증권사,B,SF205,각주항목(09.06월 이후)
29633,201906,0010112,유화증권주식회사,H2,대출채권매매이익_무담보부,0,국내증권사,B,SF205,각주항목(09.06월 이후)
29634,201909,0010112,유화증권주식회사,A,채무보증,0,국내증권사,B,SF205,각주항목(09.06월 이후)
29635,201909,0010112,유화증권주식회사,A1,채무보증_지급보증,0,국내증권사,B,SF205,각주항목(09.06월 이후)
29636,201909,0010112,유화증권주식회사,A2,채무보증_매입보장약정,0,국내증권사,B,SF205,각주항목(09.06월 이후)
29637,201909,0010112,유화증권주식회사,A3,채무보증_채무인수약정,0,국내증권사,B,SF205,각주항목(09.06월 이후)
29638,201909,0010112,유화증권주식회사,A5,채무보증_매입확약,0,국내증권사,B,SF205,각주항목(09.06월 이후)
29639,201909,0010112,유화증권주식회사,A6,채무보증_기타,0,국내증권사,B,SF205,각주항목(09.06월 이후)
29640,201909,0010112,유화증권주식회사,B,투자자의 예수증권 등,1278752520789,국내증권사,B,SF205,각주항목(09.06월 이후)
29641,201909,0010112,유화증권주식회사,B1,투자자의 예수증권 등_예수 증권,1278752520789,국내증권사,B,SF205,각주항목(09.06월 이후)
29642,201909,0010112,유화증권주식회사,B2,투자자의 예수증권 등_예수양도성예금증서,0,국내증권사,B,SF205,각주항목(09.06월 이후)
29643,201909,0010112,유화증권주식회사,B3,투자자의 예수증권 등_기타,0,국내증권사,B,SF205,각주항목(09.06월 이후)
29644,201909,0010112,유화증권주식회사,C,파생상품계약,0,국내증권사,B,SF205,각주항목(09.06월 이후)
29645,201909,0010112,유화증권주식회사,C1,파생상품계약_장내파생상품,0,국내증권사,B,SF205,각주항목(09.06월 이후)
29646,201909,0010112,유화증권주식회사,C11,파생상품계약_장내파생상품_이자율관련거래,0,국내증권사,B,SF205,각주항목(09.06월 이후)
29647,201909,0010112,유화증권주식회사,C12,파생상품계약_장내파생상품_통화관련거래,0,국내증권사,B,SF205,각주항목(09.06월 이후)
29648,201909,0010112,유화증권주식회사,C13,파생상품계약_장내파생상품_주식관련거래,0,국내증권사,B,SF205,각주항목(09.06월 이후)
29649,201909,0010112,유화증권주식회사,C14,파생상품계약_장내파생상품_일반상품관련거래,0,국내증권사,B,SF205,각주항목(09.06월 이후)
29650,201909,0010112,유화증권주식회사,C15,파생상품계약_장내파생상품_기타,0,국내증권사,B,SF205,각주항목(09.06월 이후)
29651,201909,0010112,유화증권주식회사,C2,파생상품계약_장외파생상품,0,국내증권사,B,SF205,각주항목(09.06월 이후)
29652,201909,0010112,유화증권주식회사,C21,파생상품계약_장외파생상품_이자율관련거래,0,국내증권사,B,SF205,각주항목(09.06월 이후)
29653,201909,0010112,유화증권주식회사,C22,파생상품계약_장외파생상품_통화관련거래,0,국내증권사,B,SF205,각주항목(09.06월 이후)
29654,201909,0010112,유화증권주식회사,C23,파생상품계약_장외파생상품_주식관련거래,0,국내증권사,B,SF205,각주항목(09.06월 이후)
29655,201909,0010112,유화증권주식회사,C24,파생상품계약_장외파생상품_신용관련거래,0,국내증권사,B,SF205,각주항목(09.06월 이후)
29656,201909,0010112,유화증권주식회사,C25,파생상품계약_장외파생상품_기타,0,국내증권사,B,SF205,각주항목(09.06월 이후)
29657,201909,0010112,유화증권주식회사,D,대차 및 대주거래,0,국내증권사,B,SF205,각주항목(09.06월 이후)
29658,201909,0010112,유화증권주식회사,D1,대차 및 대주거래_대여증권,0,국내증권사,B,SF205,각주항목(09.06월 이후)
29659,201909,0010112,유화증권주식회사,D2,대차 및 대주거래_차입증권,0,국내증권사,B,SF205,각주항목(09.06월 이후)
29660,201909,0010112,유화증권주식회사,D3,대차 및 대주거래_신용거래대주,0,국내증권사,B,SF205,각주항목(09.06월 이후)
29661,201909,0010112,유화증권주식회사,E,대손상각채권,0,국내증권사,B,SF205,각주항목(09.06월 이후)
29662,201909,0010112,유화증권주식회사,F,환전업무 예치금,0,국내증권사,B,SF205,각주항목(09.06월 이후)
29663,201909,0010112,유화증권주식회사,G,미배당별도예치금,0,국내증권사,B,SF205,각주항목(09.06월 이후)
29664,201909,0010112,유화증권주식회사,H,배서어음매출(종금계정),0,국내증권사,B,SF205,각주항목(09.06월 이후)
29665,201909,0010112,유화증권주식회사,H1,대출채권매매이익_담보부,0,국내증권사,B,SF205,각주항목(09.06월 이후)
29666,201909,0010112,유화증권주식회사,H2,대출채권매매이익_무담보부,0,국내증권사,B,SF205,각주항목(09.06월 이후)
29667,201912,0010112,유화증권주식회사,A,채무보증,0,국내증권사,B,SF205,각주항목(09.06월 이후)
29668,201912,0010112,유화증권주식회사,A1,채무보증_지급보증,0,국내증권사,B,SF205,각주항목(09.06월 이후)
29669,201912,0010112,유화증권주식회사,A2,채무보증_매입보장약정,0,국내증권사,B,SF205,각주항목(09.06월 이후)
29670,201912,0010112,유화증권주식회사,A3,채무보증_채무인수약정,0,국내증권사,B,SF205,각주항목(09.06월 이후)
29671,201912,0010112,유화증권주식회사,A5,채무보증_매입확약,0,국내증권사,B,SF205,각주항목(09.06월 이후)
29672,201912,0010112,유화증권주식회사,A6,채무보증_기타,0,국내증권사,B,SF205,각주항목(09.06월 이후)
29673,201912,0010112,유화증권주식회사,B,투자자의 예수증권 등,1409149044631,국내증권사,B,SF205,각주항목(09.06월 이후)
29674,201912,0010112,유화증권주식회사,B1,투자자의 예수증권 등_예수 증권,1409149044631,국내증권사,B,SF205,각주항목(09.06월 이후)
29675,201912,0010112,유화증권주식회사,B2,투자자의 예수증권 등_예수양도성예금증서,0,국내증권사,B,SF205,각주항목(09.06월 이후)
29676,201912,0010112,유화증권주식회사,B3,투자자의 예수증권 등_기타,0,국내증권사,B,SF205,각주항목(09.06월 이후)
29677,201912,0010112,유화증권주식회사,C,파생상품계약,0,국내증권사,B,SF205,각주항목(09.06월 이후)
29678,201912,0010112,유화증권주식회사,C1,파생상품계약_장내파생상품,0,국내증권사,B,SF205,각주항목(09.06월 이후)
29679,201912,0010112,유화증권주식회사,C11,파생상품계약_장내파생상품_이자율관련거래,0,국내증권사,B,SF205,각주항목(09.06월 이후)
29680,201912,0010112,유화증권주식회사,C12,파생상품계약_장내파생상품_통화관련거래,0,국내증권사,B,SF205,각주항목(09.06월 이후)
29681,201912,0010112,유화증권주식회사,C13,파생상품계약_장내파생상품_주식관련거래,0,국내증권사,B,SF205,각주항목(09.06월 이후)
29682,201912,0010112,유화증권주식회사,C14,파생상품계약_장내파생상품_일반상품관련거래,0,국내증권사,B,SF205,각주항목(09.06월 이후)
29683,201912,0010112,유화증권주식회사,C15,파생상품계약_장내파생상품_기타,0,국내증권사,B,SF205,각주항목(09.06월 이후)
29684,201912,0010112,유화증권주식회사,C2,파생상품계약_장외파생상품,0,국내증권사,B,SF205,각주항목(09.06월 이후)
29685,201912,0010112,유화증권주식회사,C21,파생상품계약_장외파생상품_이자율관련거래,0,국내증권사,B,SF205,각주항목(09.06월 이후)
29686,201912,0010112,유화증권주식회사,C22,파생상품계약_장외파생상품_통화관련거래,0,국내증권사,B,SF205,각주항목(09.06월 이후)
29687,201912,0010112,유화증권주식회사,C23,파생상품계약_장외파생상품_주식관련거래,0,국내증권사,B,SF205,각주항목(09.06월 이후)
29688,201912,0010112,유화증권주식회사,C24,파생상품계약_장외파생상품_신용관련거래,0,국내증권사,B,SF205,각주항목(09.06월 이후)
29689,201912,0010112,유화증권주식회사,C25,파생상품계약_장외파생상품_기타,0,국내증권사,B,SF205,각주항목(09.06월 이후)
29690,201912,0010112,유화증권주식회사,D,대차 및 대주거래,0,국내증권사,B,SF205,각주항목(09.06월 이후)
29691,201912,0010112,유화증권주식회사,D1,대차 및 대주거래_대여증권,0,국내증권사,B,SF205,각주항목(09.06월 이후)
29692,201912,0010112,유화증권주식회사,D2,대차 및 대주거래_차입증권,0,국내증권사,B,SF205,각주항목(09.06월 이후)
29693,201912,0010112,유화증권주식회사,D3,대차 및 대주거래_신용거래대주,0,국내증권사,B,SF205,각주항목(09.06월 이후)
29694,201912,0010112,유화증권주식회사,E,대손상각채권,0,국내증권사,B,SF205,각주항목(09.06월 이후)
29695,201912,0010112,유화증권주식회사,F,환전업무 예치금,0,국내증권사,B,SF205,각주항목(09.06월 이후)
29696,201912,0010112,유화증권주식회사,G,미배당별도예치금,0,국내증권사,B,SF205,각주항목(09.06월 이후)
29697,201912,0010112,유화증권주식회사,H,배서어음매출(종금계정),0,국내증권사,B,SF205,각주항목(09.06월 이후)
29698,201912,0010112,유화증권주식회사,H1,대출채권매매이익_담보부,0,국내증권사,B,SF205,각주항목(09.06월 이후)
29699,201912,0010112,유화증권주식회사,H2,대출채권매매이익_무담보부,0,국내증권사,B,SF205,각주항목(09.06월 이후)
29700,202003,0010112,유화증권주식회사,A,채무보증,0,국내증권사,B,SF205,각주항목(09.06월 이후)
29701,202003,0010112,유화증권주식회사,A1,채무보증_지급보증,0,국내증권사,B,SF205,각주항목(09.06월 이후)
29702,202003,0010112,유화증권주식회사,A2,채무보증_매입보장약정,0,국내증권사,B,SF205,각주항목(09.06월 이후)
29703,202003,0010112,유화증권주식회사,A3,채무보증_채무인수약정,0,국내증권사,B,SF205,각주항목(09.06월 이후)
29704,202003,0010112,유화증권주식회사,A5,채무보증_매입확약,0,국내증권사,B,SF205,각주항목(09.06월 이후)
29705,202003,0010112,유화증권주식회사,A6,채무보증_기타,0,국내증권사,B,SF205,각주항목(09.06월 이후)
29706,202003,0010112,유화증권주식회사,B,투자자의 예수증권 등,1345826989669,국내증권사,B,SF205,각주항목(09.06월 이후)
29707,202003,0010112,유화증권주식회사,B1,투자자의 예수증권 등_예수 증권,1345826989669,국내증권사,B,SF205,각주항목(09.06월 이후)
29708,202003,0010112,유화증권주식회사,B2,투자자의 예수증권 등_예수양도성예금증서,0,국내증권사,B,SF205,각주항목(09.06월 이후)
29709,202003,0010112,유화증권주식회사,B3,투자자의 예수증권 등_기타,0,국내증권사,B,SF205,각주항목(09.06월 이후)
29710,202003,0010112,유화증권주식회사,C,파생상품계약,0,국내증권사,B,SF205,각주항목(09.06월 이후)
29711,202003,0010112,유화증권주식회사,C1,파생상품계약_장내파생상품,0,국내증권사,B,SF205,각주항목(09.06월 이후)
29712,202003,0010112,유화증권주식회사,C11,파생상품계약_장내파생상품_이자율관련거래,0,국내증권사,B,SF205,각주항목(09.06월 이후)
29713,202003,0010112,유화증권주식회사,C12,파생상품계약_장내파생상품_통화관련거래,0,국내증권사,B,SF205,각주항목(09.06월 이후)
29714,202003,0010112,유화증권주식회사,C13,파생상품계약_장내파생상품_주식관련거래,0,국내증권사,B,SF205,각주항목(09.06월 이후)
29715,202003,0010112,유화증권주식회사,C14,파생상품계약_장내파생상품_일반상품관련거래,0,국내증권사,B,SF205,각주항목(09.06월 이후)
29716,202003,0010112,유화증권주식회사,C15,파생상품계약_장내파생상품_기타,0,국내증권사,B,SF205,각주항목(09.06월 이후)
29717,202003,0010112,유화증권주식회사,C2,파생상품계약_장외파생상품,0,국내증권사,B,SF205,각주항목(09.06월 이후)
29718,202003,0010112,유화증권주식회사,C21,파생상품계약_장외파생상품_이자율관련거래,0,국내증권사,B,SF205,각주항목(09.06월 이후)
29719,202003,0010112,유화증권주식회사,C22,파생상품계약_장외파생상품_통화관련거래,0,국내증권사,B,SF205,각주항목(09.06월 이후)
29720,202003,0010112,유화증권주식회사,C23,파생상품계약_장외파생상품_주식관련거래,0,국내증권사,B,SF205,각주항목(09.06월 이후)
29721,202003,0010112,유화증권주식회사,C24,파생상품계약_장외파생상품_신용관련거래,0,국내증권사,B,SF205,각주항목(09.06월 이후)
29722,202003,0010112,유화증권주식회사,C25,파생상품계약_장외파생상품_기타,0,국내증권사,B,SF205,각주항목(09.06월 이후)
29723,202003,0010112,유화증권주식회사,D,대차 및 대주거래,0,국내증권사,B,SF205,각주항목(09.06월 이후)
29724,202003,0010112,유화증권주식회사,D1,대차 및 대주거래_대여증권,0,국내증권사,B,SF205,각주항목(09.06월 이후)
29725,202003,0010112,유화증권주식회사,D2,대차 및 대주거래_차입증권,0,국내증권사,B,SF205,각주항목(09.06월 이후)
29726,202003,0010112,유화증권주식회사,D3,대차 및 대주거래_신용거래대주,0,국내증권사,B,SF205,각주항목(09.06월 이후)
29727,202003,0010112,유화증권주식회사,E,대손상각채권,0,국내증권사,B,SF205,각주항목(09.06월 이후)
29728,202003,0010112,유화증권주식회사,F,환전업무 예치금,0,국내증권사,B,SF205,각주항목(09.06월 이후)
29729,202003,0010112,유화증권주식회사,G,미배당별도예치금,0,국내증권사,B,SF205,각주항목(09.06월 이후)
29730,202003,0010112,유화증권주식회사,H,배서어음매출(종금계정),0,국내증권사,B,SF205,각주항목(09.06월 이후)
29731,202003,0010112,유화증권주식회사,H1,대출채권매매이익_담보부,0,국내증권사,B,SF205,각주항목(09.06월 이후)
29732,202003,0010112,유화증권주식회사,H2,대출채권매매이익_무담보부,0,국내증권사,B,SF205,각주항목(09.06월 이후)
29733,202006,0010112,유화증권주식회사,A,채무보증,0,국내증권사,B,SF205,각주항목(09.06월 이후)
29734,202006,0010112,유화증권주식회사,A1,채무보증_지급보증,0,국내증권사,B,SF205,각주항목(09.06월 이후)
29735,202006,0010112,유화증권주식회사,A2,채무보증_매입보장약정,0,국내증권사,B,SF205,각주항목(09.06월 이후)
29736,202006,0010112,유화증권주식회사,A3,채무보증_채무인수약정,0,국내증권사,B,SF205,각주항목(09.06월 이후)
29737,202006,0010112,유화증권주식회사,A5,채무보증_매입확약,0,국내증권사,B,SF205,각주항목(09.06월 이후)
29738,202006,0010112,유화증권주식회사,A6,채무보증_기타,0,국내증권사,B,SF205,각주항목(09.06월 이후)
29739,202006,0010112,유화증권주식회사,B,투자자의 예수증권 등,1357413882393,국내증권사,B,SF205,각주항목(09.06월 이후)
29740,202006,0010112,유화증권주식회사,B1,투자자의 예수증권 등_예수 증권,1357413882393,국내증권사,B,SF205,각주항목(09.06월 이후)
29741,202006,0010112,유화증권주식회사,B2,투자자의 예수증권 등_예수양도성예금증서,0,국내증권사,B,SF205,각주항목(09.06월 이후)
29742,202006,0010112,유화증권주식회사,B3,투자자의 예수증권 등_기타,0,국내증권사,B,SF205,각주항목(09.06월 이후)
29743,202006,0010112,유화증권주식회사,C,파생상품계약,0,국내증권사,B,SF205,각주항목(09.06월 이후)
29744,202006,0010112,유화증권주식회사,C1,파생상품계약_장내파생상품,0,국내증권사,B,SF205,각주항목(09.06월 이후)
29745,202006,0010112,유화증권주식회사,C11,파생상품계약_장내파생상품_이자율관련거래,0,국내증권사,B,SF205,각주항목(09.06월 이후)
29746,202006,0010112,유화증권주식회사,C12,파생상품계약_장내파생상품_통화관련거래,0,국내증권사,B,SF205,각주항목(09.06월 이후)
29747,202006,0010112,유화증권주식회사,C13,파생상품계약_장내파생상품_주식관련거래,0,국내증권사,B,SF205,각주항목(09.06월 이후)
29748,202006,0010112,유화증권주식회사,C14,파생상품계약_장내파생상품_일반상품관련거래,0,국내증권사,B,SF205,각주항목(09.06월 이후)
29749,202006,0010112,유화증권주식회사,C15,파생상품계약_장내파생상품_기타,0,국내증권사,B,SF205,각주항목(09.06월 이후)
29750,202006,0010112,유화증권주식회사,C2,파생상품계약_장외파생상품,0,국내증권사,B,SF205,각주항목(09.06월 이후)
29751,202006,0010112,유화증권주식회사,C21,파생상품계약_장외파생상품_이자율관련거래,0,국내증권사,B,SF205,각주항목(09.06월 이후)
29752,202006,0010112,유화증권주식회사,C22,파생상품계약_장외파생상품_통화관련거래,0,국내증권사,B,SF205,각주항목(09.06월 이후)
29753,202006,0010112,유화증권주식회사,C23,파생상품계약_장외파생상품_주식관련거래,0,국내증권사,B,SF205,각주항목(09.06월 이후)
29754,202006,0010112,유화증권주식회사,C24,파생상품계약_장외파생상품_신용관련거래,0,국내증권사,B,SF205,각주항목(09.06월 이후)
29755,202006,0010112,유화증권주식회사,C25,파생상품계약_장외파생상품_기타,0,국내증권사,B,SF205,각주항목(09.06월 이후)
29756,202006,0010112,유화증권주식회사,D,대차 및 대주거래,0,국내증권사,B,SF205,각주항목(09.06월 이후)
29757,202006,0010112,유화증권주식회사,D1,대차 및 대주거래_대여증권,0,국내증권사,B,SF205,각주항목(09.06월 이후)
29758,202006,0010112,유화증권주식회사,D2,대차 및 대주거래_차입증권,0,국내증권사,B,SF205,각주항목(09.06월 이후)
29759,202006,0010112,유화증권주식회사,D3,대차 및 대주거래_신용거래대주,0,국내증권사,B,SF205,각주항목(09.06월 이후)
29760,202006,0010112,유화증권주식회사,E,대손상각채권,0,국내증권사,B,SF205,각주항목(09.06월 이후)
29761,202006,0010112,유화증권주식회사,F,환전업무 예치금,0,국내증권사,B,SF205,각주항목(09.06월 이후)
29762,202006,0010112,유화증권주식회사,G,미배당별도예치금,0,국내증권사,B,SF205,각주항목(09.06월 이후)
29763,202006,0010112,유화증권주식회사,H,배서어음매출(종금계정),0,국내증권사,B,SF205,각주항목(09.06월 이후)
29764,202006,0010112,유화증권주식회사,H1,대출채권매매이익_담보부,0,국내증권사,B,SF205,각주항목(09.06월 이후)
29765,202006,0010112,유화증권주식회사,H2,대출채권매매이익_무담보부,0,국내증권사,B,SF205,각주항목(09.06월 이후)
29766,202009,0010112,유화증권주식회사,A,채무보증,0,국내증권사,B,SF205,각주항목(09.06월 이후)
29767,202009,0010112,유화증권주식회사,A1,채무보증_지급보증,0,국내증권사,B,SF205,각주항목(09.06월 이후)
29768,202009,0010112,유화증권주식회사,A2,채무보증_매입보장약정,0,국내증권사,B,SF205,각주항목(09.06월 이후)
29769,202009,0010112,유화증권주식회사,A3,채무보증_채무인수약정,0,국내증권사,B,SF205,각주항목(09.06월 이후)
29770,202009,0010112,유화증권주식회사,A5,채무보증_매입확약,0,국내증권사,B,SF205,각주항목(09.06월 이후)
29771,202009,0010112,유화증권주식회사,A6,채무보증_기타,0,국내증권사,B,SF205,각주항목(09.06월 이후)
29772,202009,0010112,유화증권주식회사,B,투자자의 예수증권 등,1295206761437,국내증권사,B,SF205,각주항목(09.06월 이후)
29773,202009,0010112,유화증권주식회사,B1,투자자의 예수증권 등_예수 증권,1295206761437,국내증권사,B,SF205,각주항목(09.06월 이후)
29774,202009,0010112,유화증권주식회사,B2,투자자의 예수증권 등_예수양도성예금증서,0,국내증권사,B,SF205,각주항목(09.06월 이후)
29775,202009,0010112,유화증권주식회사,B3,투자자의 예수증권 등_기타,0,국내증권사,B,SF205,각주항목(09.06월 이후)
29776,202009,0010112,유화증권주식회사,C,파생상품계약,0,국내증권사,B,SF205,각주항목(09.06월 이후)
29777,202009,0010112,유화증권주식회사,C1,파생상품계약_장내파생상품,0,국내증권사,B,SF205,각주항목(09.06월 이후)
29778,202009,0010112,유화증권주식회사,C11,파생상품계약_장내파생상품_이자율관련거래,0,국내증권사,B,SF205,각주항목(09.06월 이후)
29779,202009,0010112,유화증권주식회사,C12,파생상품계약_장내파생상품_통화관련거래,0,국내증권사,B,SF205,각주항목(09.06월 이후)
29780,202009,0010112,유화증권주식회사,C13,파생상품계약_장내파생상품_주식관련거래,0,국내증권사,B,SF205,각주항목(09.06월 이후)
29781,202009,0010112,유화증권주식회사,C14,파생상품계약_장내파생상품_일반상품관련거래,0,국내증권사,B,SF205,각주항목(09.06월 이후)
29782,202009,0010112,유화증권주식회사,C15,파생상품계약_장내파생상품_기타,0,국내증권사,B,SF205,각주항목(09.06월 이후)
29783,202009,0010112,유화증권주식회사,C2,파생상품계약_장외파생상품,0,국내증권사,B,SF205,각주항목(09.06월 이후)
29784,202009,0010112,유화증권주식회사,C21,파생상품계약_장외파생상품_이자율관련거래,0,국내증권사,B,SF205,각주항목(09.06월 이후)
29785,202009,0010112,유화증권주식회사,C22,파생상품계약_장외파생상품_통화관련거래,0,국내증권사,B,SF205,각주항목(09.06월 이후)
29786,202009,0010112,유화증권주식회사,C23,파생상품계약_장외파생상품_주식관련거래,0,국내증권사,B,SF205,각주항목(09.06월 이후)
29787,202009,0010112,유화증권주식회사,C24,파생상품계약_장외파생상품_신용관련거래,0,국내증권사,B,SF205,각주항목(09.06월 이후)
29788,202009,0010112,유화증권주식회사,C25,파생상품계약_장외파생상품_기타,0,국내증권사,B,SF205,각주항목(09.06월 이후)
29789,202009,0010112,유화증권주식회사,D,대차 및 대주거래,0,국내증권사,B,SF205,각주항목(09.06월 이후)
29790,202009,0010112,유화증권주식회사,D1,대차 및 대주거래_대여증권,0,국내증권사,B,SF205,각주항목(09.06월 이후)
29791,202009,0010112,유화증권주식회사,D2,대차 및 대주거래_차입증권,0,국내증권사,B,SF205,각주항목(09.06월 이후)
29792,202009,0010112,유화증권주식회사,D3,대차 및 대주거래_신용거래대주,0,국내증권사,B,SF205,각주항목(09.06월 이후)
29793,202009,0010112,유화증권주식회사,E,대손상각채권,0,국내증권사,B,SF205,각주항목(09.06월 이후)
29794,202009,0010112,유화증권주식회사,F,환전업무 예치금,0,국내증권사,B,SF205,각주항목(09.06월 이후)
29795,202009,0010112,유화증권주식회사,G,미배당별도예치금,0,국내증권사,B,SF205,각주항목(09.06월 이후)
29796,202009,0010112,유화증권주식회사,H,배서어음매출(종금계정),0,국내증권사,B,SF205,각주항목(09.06월 이후)
29797,202009,0010112,유화증권주식회사,H1,대출채권매매이익_담보부,0,국내증권사,B,SF205,각주항목(09.06월 이후)
29798,202009,0010112,유화증권주식회사,H2,대출채권매매이익_무담보부,0,국내증권사,B,SF205,각주항목(09.06월 이후)
29799,202012,0010112,유화증권주식회사,A,채무보증,0,국내증권사,B,SF205,각주항목(09.06월 이후)
29800,202012,0010112,유화증권주식회사,A1,채무보증_지급보증,0,국내증권사,B,SF205,각주항목(09.06월 이후)
29801,202012,0010112,유화증권주식회사,A2,채무보증_매입보장약정,0,국내증권사,B,SF205,각주항목(09.06월 이후)
29802,202012,0010112,유화증권주식회사,A3,채무보증_채무인수약정,0,국내증권사,B,SF205,각주항목(09.06월 이후)
29803,202012,0010112,유화증권주식회사,A5,채무보증_매입확약,0,국내증권사,B,SF205,각주항목(09.06월 이후)
29804,202012,0010112,유화증권주식회사,A6,채무보증_기타,0,국내증권사,B,SF205,각주항목(09.06월 이후)
29805,202012,0010112,유화증권주식회사,B,투자자의 예수증권 등,1330944749443,국내증권사,B,SF205,각주항목(09.06월 이후)
29806,202012,0010112,유화증권주식회사,B1,투자자의 예수증권 등_예수 증권,1330944749443,국내증권사,B,SF205,각주항목(09.06월 이후)
29807,202012,0010112,유화증권주식회사,B2,투자자의 예수증권 등_예수양도성예금증서,0,국내증권사,B,SF205,각주항목(09.06월 이후)
29808,202012,0010112,유화증권주식회사,B3,투자자의 예수증권 등_기타,0,국내증권사,B,SF205,각주항목(09.06월 이후)
29809,202012,0010112,유화증권주식회사,C,파생상품계약,0,국내증권사,B,SF205,각주항목(09.06월 이후)
29810,202012,0010112,유화증권주식회사,C1,파생상품계약_장내파생상품,0,국내증권사,B,SF205,각주항목(09.06월 이후)
29811,202012,0010112,유화증권주식회사,C11,파생상품계약_장내파생상품_이자율관련거래,0,국내증권사,B,SF205,각주항목(09.06월 이후)
29812,202012,0010112,유화증권주식회사,C12,파생상품계약_장내파생상품_통화관련거래,0,국내증권사,B,SF205,각주항목(09.06월 이후)
29813,202012,0010112,유화증권주식회사,C13,파생상품계약_장내파생상품_주식관련거래,0,국내증권사,B,SF205,각주항목(09.06월 이후)
29814,202012,0010112,유화증권주식회사,C14,파생상품계약_장내파생상품_일반상품관련거래,0,국내증권사,B,SF205,각주항목(09.06월 이후)
29815,202012,0010112,유화증권주식회사,C15,파생상품계약_장내파생상품_기타,0,국내증권사,B,SF205,각주항목(09.06월 이후)
29816,202012,0010112,유화증권주식회사,C2,파생상품계약_장외파생상품,0,국내증권사,B,SF205,각주항목(09.06월 이후)
29817,202012,0010112,유화증권주식회사,C21,파생상품계약_장외파생상품_이자율관련거래,0,국내증권사,B,SF205,각주항목(09.06월 이후)
29818,202012,0010112,유화증권주식회사,C22,파생상품계약_장외파생상품_통화관련거래,0,국내증권사,B,SF205,각주항목(09.06월 이후)
29819,202012,0010112,유화증권주식회사,C23,파생상품계약_장외파생상품_주식관련거래,0,국내증권사,B,SF205,각주항목(09.06월 이후)
29820,202012,0010112,유화증권주식회사,C24,파생상품계약_장외파생상품_신용관련거래,0,국내증권사,B,SF205,각주항목(09.06월 이후)
29821,202012,0010112,유화증권주식회사,C25,파생상품계약_장외파생상품_기타,0,국내증권사,B,SF205,각주항목(09.06월 이후)
29822,202012,0010112,유화증권주식회사,D,대차 및 대주거래,0,국내증권사,B,SF205,각주항목(09.06월 이후)
29823,202012,0010112,유화증권주식회사,D1,대차 및 대주거래_대여증권,0,국내증권사,B,SF205,각주항목(09.06월 이후)
29824,202012,0010112,유화증권주식회사,D2,대차 및 대주거래_차입증권,0,국내증권사,B,SF205,각주항목(09.06월 이후)
29825,202012,0010112,유화증권주식회사,D3,대차 및 대주거래_신용거래대주,0,국내증권사,B,SF205,각주항목(09.06월 이후)
29826,202012,0010112,유화증권주식회사,E,대손상각채권,0,국내증권사,B,SF205,각주항목(09.06월 이후)
29827,202012,0010112,유화증권주식회사,F,환전업무 예치금,0,국내증권사,B,SF205,각주항목(09.06월 이후)
29828,202012,0010112,유화증권주식회사,G,미배당별도예치금,0,국내증권사,B,SF205,각주항목(09.06월 이후)
29829,202012,0010112,유화증권주식회사,H,배서어음매출(종금계정),0,국내증권사,B,SF205,각주항목(09.06월 이후)
29830,202012,0010112,유화증권주식회사,H1,대출채권매매이익_담보부,0,국내증권사,B,SF205,각주항목(09.06월 이후)
29831,202012,0010112,유화증권주식회사,H2,대출채권매매이익_무담보부,0,국내증권사,B,SF205,각주항목(09.06월 이후)
29832,202103,0010112,유화증권주식회사,A,채무보증,0,국내증권사,B,SF205,각주항목(09.06월 이후)
29833,202103,0010112,유화증권주식회사,A1,채무보증_지급보증,0,국내증권사,B,SF205,각주항목(09.06월 이후)
29834,202103,0010112,유화증권주식회사,A2,채무보증_매입보장약정,0,국내증권사,B,SF205,각주항목(09.06월 이후)
29835,202103,0010112,유화증권주식회사,A3,채무보증_채무인수약정,0,국내증권사,B,SF205,각주항목(09.06월 이후)
29836,202103,0010112,유화증권주식회사,A5,채무보증_매입확약,0,국내증권사,B,SF205,각주항목(09.06월 이후)
29837,202103,0010112,유화증권주식회사,A6,채무보증_기타,0,국내증권사,B,SF205,각주항목(09.06월 이후)
29838,202103,0010112,유화증권주식회사,B,투자자의 예수증권 등,1445102079638,국내증권사,B,SF205,각주항목(09.06월 이후)
29839,202103,0010112,유화증권주식회사,B1,투자자의 예수증권 등_예수 증권,1445102079638,국내증권사,B,SF205,각주항목(09.06월 이후)
29840,202103,0010112,유화증권주식회사,B2,투자자의 예수증권 등_예수양도성예금증서,0,국내증권사,B,SF205,각주항목(09.06월 이후)
29841,202103,0010112,유화증권주식회사,B3,투자자의 예수증권 등_기타,0,국내증권사,B,SF205,각주항목(09.06월 이후)
29842,202103,0010112,유화증권주식회사,C,파생상품계약,0,국내증권사,B,SF205,각주항목(09.06월 이후)
29843,202103,0010112,유화증권주식회사,C1,파생상품계약_장내파생상품,0,국내증권사,B,SF205,각주항목(09.06월 이후)
29844,202103,0010112,유화증권주식회사,C11,파생상품계약_장내파생상품_이자율관련거래,0,국내증권사,B,SF205,각주항목(09.06월 이후)
29845,202103,0010112,유화증권주식회사,C12,파생상품계약_장내파생상품_통화관련거래,0,국내증권사,B,SF205,각주항목(09.06월 이후)
29846,202103,0010112,유화증권주식회사,C13,파생상품계약_장내파생상품_주식관련거래,0,국내증권사,B,SF205,각주항목(09.06월 이후)
29847,202103,0010112,유화증권주식회사,C14,파생상품계약_장내파생상품_일반상품관련거래,0,국내증권사,B,SF205,각주항목(09.06월 이후)
29848,202103,0010112,유화증권주식회사,C15,파생상품계약_장내파생상품_기타,0,국내증권사,B,SF205,각주항목(09.06월 이후)
29849,202103,0010112,유화증권주식회사,C2,파생상품계약_장외파생상품,0,국내증권사,B,SF205,각주항목(09.06월 이후)
29850,202103,0010112,유화증권주식회사,C21,파생상품계약_장외파생상품_이자율관련거래,0,국내증권사,B,SF205,각주항목(09.06월 이후)
29851,202103,0010112,유화증권주식회사,C22,파생상품계약_장외파생상품_통화관련거래,0,국내증권사,B,SF205,각주항목(09.06월 이후)
29852,202103,0010112,유화증권주식회사,C23,파생상품계약_장외파생상품_주식관련거래,0,국내증권사,B,SF205,각주항목(09.06월 이후)
29853,202103,0010112,유화증권주식회사,C24,파생상품계약_장외파생상품_신용관련거래,0,국내증권사,B,SF205,각주항목(09.06월 이후)
29854,202103,0010112,유화증권주식회사,C25,파생상품계약_장외파생상품_기타,0,국내증권사,B,SF205,각주항목(09.06월 이후)
29855,202103,0010112,유화증권주식회사,D,대차 및 대주거래,0,국내증권사,B,SF205,각주항목(09.06월 이후)
29856,202103,0010112,유화증권주식회사,D1,대차 및 대주거래_대여증권,0,국내증권사,B,SF205,각주항목(09.06월 이후)
29857,202103,0010112,유화증권주식회사,D2,대차 및 대주거래_차입증권,0,국내증권사,B,SF205,각주항목(09.06월 이후)
29858,202103,0010112,유화증권주식회사,D3,대차 및 대주거래_신용거래대주,0,국내증권사,B,SF205,각주항목(09.06월 이후)
29859,202103,0010112,유화증권주식회사,E,대손상각채권,0,국내증권사,B,SF205,각주항목(09.06월 이후)
29860,202103,0010112,유화증권주식회사,F,환전업무 예치금,0,국내증권사,B,SF205,각주항목(09.06월 이후)
29861,202103,0010112,유화증권주식회사,G,미배당별도예치금,0,국내증권사,B,SF205,각주항목(09.06월 이후)
29862,202103,0010112,유화증권주식회사,H,배서어음매출(종금계정),0,국내증권사,B,SF205,각주항목(09.06월 이후)
29863,202103,0010112,유화증권주식회사,H1,대출채권매매이익_담보부,0,국내증권사,B,SF205,각주항목(09.06월 이후)
29864,202103,0010112,유화증권주식회사,H2,대출채권매매이익_무담보부,0,국내증권사,B,SF205,각주항목(09.06월 이후)
29865,202106,0010112,유화증권주식회사,A,채무보증,0,국내증권사,B,SF205,각주항목(09.06월 이후)
29866,202106,0010112,유화증권주식회사,A1,채무보증_지급보증,0,국내증권사,B,SF205,각주항목(09.06월 이후)
29867,202106,0010112,유화증권주식회사,A2,채무보증_매입보장약정,0,국내증권사,B,SF205,각주항목(09.06월 이후)
29868,202106,0010112,유화증권주식회사,A3,채무보증_채무인수약정,0,국내증권사,B,SF205,각주항목(09.06월 이후)
29869,202106,0010112,유화증권주식회사,A5,채무보증_매입확약,0,국내증권사,B,SF205,각주항목(09.06월 이후)
29870,202106,0010112,유화증권주식회사,A6,채무보증_기타,0,국내증권사,B,SF205,각주항목(09.06월 이후)
29871,202106,0010112,유화증권주식회사,B,투자자의 예수증권 등,1618306604116,국내증권사,B,SF205,각주항목(09.06월 이후)
29872,202106,0010112,유화증권주식회사,B1,투자자의 예수증권 등_예수 증권,1618306604116,국내증권사,B,SF205,각주항목(09.06월 이후)
29873,202106,0010112,유화증권주식회사,B2,투자자의 예수증권 등_예수양도성예금증서,0,국내증권사,B,SF205,각주항목(09.06월 이후)
29874,202106,0010112,유화증권주식회사,B3,투자자의 예수증권 등_기타,0,국내증권사,B,SF205,각주항목(09.06월 이후)
29875,202106,0010112,유화증권주식회사,C,파생상품계약,0,국내증권사,B,SF205,각주항목(09.06월 이후)
29876,202106,0010112,유화증권주식회사,C1,파생상품계약_장내파생상품,0,국내증권사,B,SF205,각주항목(09.06월 이후)
29877,202106,0010112,유화증권주식회사,C11,파생상품계약_장내파생상품_이자율관련거래,0,국내증권사,B,SF205,각주항목(09.06월 이후)
29878,202106,0010112,유화증권주식회사,C12,파생상품계약_장내파생상품_통화관련거래,0,국내증권사,B,SF205,각주항목(09.06월 이후)
29879,202106,0010112,유화증권주식회사,C13,파생상품계약_장내파생상품_주식관련거래,0,국내증권사,B,SF205,각주항목(09.06월 이후)
29880,202106,0010112,유화증권주식회사,C14,파생상품계약_장내파생상품_일반상품관련거래,0,국내증권사,B,SF205,각주항목(09.06월 이후)
29881,202106,0010112,유화증권주식회사,C15,파생상품계약_장내파생상품_기타,0,국내증권사,B,SF205,각주항목(09.06월 이후)
29882,202106,0010112,유화증권주식회사,C2,파생상품계약_장외파생상품,0,국내증권사,B,SF205,각주항목(09.06월 이후)
29883,202106,0010112,유화증권주식회사,C21,파생상품계약_장외파생상품_이자율관련거래,0,국내증권사,B,SF205,각주항목(09.06월 이후)
29884,202106,0010112,유화증권주식회사,C22,파생상품계약_장외파생상품_통화관련거래,0,국내증권사,B,SF205,각주항목(09.06월 이후)
29885,202106,0010112,유화증권주식회사,C23,파생상품계약_장외파생상품_주식관련거래,0,국내증권사,B,SF205,각주항목(09.06월 이후)
29886,202106,0010112,유화증권주식회사,C24,파생상품계약_장외파생상품_신용관련거래,0,국내증권사,B,SF205,각주항목(09.06월 이후)
29887,202106,0010112,유화증권주식회사,C25,파생상품계약_장외파생상품_기타,0,국내증권사,B,SF205,각주항목(09.06월 이후)
29888,202106,0010112,유화증권주식회사,D,대차 및 대주거래,0,국내증권사,B,SF205,각주항목(09.06월 이후)
29889,202106,0010112,유화증권주식회사,D1,대차 및 대주거래_대여증권,0,국내증권사,B,SF205,각주항목(09.06월 이후)
29890,202106,0010112,유화증권주식회사,D2,대차 및 대주거래_차입증권,0,국내증권사,B,SF205,각주항목(09.06월 이후)
29891,202106,0010112,유화증권주식회사,D3,대차 및 대주거래_신용거래대주,0,국내증권사,B,SF205,각주항목(09.06월 이후)
29892,202106,0010112,유화증권주식회사,E,대손상각채권,0,국내증권사,B,SF205,각주항목(09.06월 이후)
29893,202106,0010112,유화증권주식회사,F,환전업무 예치금,0,국내증권사,B,SF205,각주항목(09.06월 이후)
29894,202106,0010112,유화증권주식회사,G,미배당별도예치금,0,국내증권사,B,SF205,각주항목(09.06월 이후)
29895,202106,0010112,유화증권주식회사,H,배서어음매출(종금계정),0,국내증권사,B,SF205,각주항목(09.06월 이후)
29896,202106,0010112,유화증권주식회사,H1,대출채권매매이익_담보부,0,국내증권사,B,SF205,각주항목(09.06월 이후)
29897,202106,0010112,유화증권주식회사,H2,대출채권매매이익_무담보부,0,국내증권사,B,SF205,각주항목(09.06월 이후)
29898,202109,0010112,유화증권주식회사,A,채무보증,0,국내증권사,B,SF205,각주항목(09.06월 이후)
29899,202109,0010112,유화증권주식회사,A1,채무보증_지급보증,0,국내증권사,B,SF205,각주항목(09.06월 이후)
29900,202109,0010112,유화증권주식회사,A2,채무보증_매입보장약정,0,국내증권사,B,SF205,각주항목(09.06월 이후)
29901,202109,0010112,유화증권주식회사,A3,채무보증_채무인수약정,0,국내증권사,B,SF205,각주항목(09.06월 이후)
29902,202109,0010112,유화증권주식회사,A5,채무보증_매입확약,0,국내증권사,B,SF205,각주항목(09.06월 이후)
29903,202109,0010112,유화증권주식회사,A6,채무보증_기타,0,국내증권사,B,SF205,각주항목(09.06월 이후)
29904,202109,0010112,유화증권주식회사,B,투자자의 예수증권 등,1489778976140,국내증권사,B,SF205,각주항목(09.06월 이후)
29905,202109,0010112,유화증권주식회사,B1,투자자의 예수증권 등_예수 증권,1489778976140,국내증권사,B,SF205,각주항목(09.06월 이후)
29906,202109,0010112,유화증권주식회사,B2,투자자의 예수증권 등_예수양도성예금증서,0,국내증권사,B,SF205,각주항목(09.06월 이후)
29907,202109,0010112,유화증권주식회사,B3,투자자의 예수증권 등_기타,0,국내증권사,B,SF205,각주항목(09.06월 이후)
29908,202109,0010112,유화증권주식회사,C,파생상품계약,0,국내증권사,B,SF205,각주항목(09.06월 이후)
29909,202109,0010112,유화증권주식회사,C1,파생상품계약_장내파생상품,0,국내증권사,B,SF205,각주항목(09.06월 이후)
29910,202109,0010112,유화증권주식회사,C11,파생상품계약_장내파생상품_이자율관련거래,0,국내증권사,B,SF205,각주항목(09.06월 이후)
29911,202109,0010112,유화증권주식회사,C12,파생상품계약_장내파생상품_통화관련거래,0,국내증권사,B,SF205,각주항목(09.06월 이후)
29912,202109,0010112,유화증권주식회사,C13,파생상품계약_장내파생상품_주식관련거래,0,국내증권사,B,SF205,각주항목(09.06월 이후)
29913,202109,0010112,유화증권주식회사,C14,파생상품계약_장내파생상품_일반상품관련거래,0,국내증권사,B,SF205,각주항목(09.06월 이후)
29914,202109,0010112,유화증권주식회사,C15,파생상품계약_장내파생상품_기타,0,국내증권사,B,SF205,각주항목(09.06월 이후)
29915,202109,0010112,유화증권주식회사,C2,파생상품계약_장외파생상품,0,국내증권사,B,SF205,각주항목(09.06월 이후)
29916,202109,0010112,유화증권주식회사,C21,파생상품계약_장외파생상품_이자율관련거래,0,국내증권사,B,SF205,각주항목(09.06월 이후)
29917,202109,0010112,유화증권주식회사,C22,파생상품계약_장외파생상품_통화관련거래,0,국내증권사,B,SF205,각주항목(09.06월 이후)
29918,202109,0010112,유화증권주식회사,C23,파생상품계약_장외파생상품_주식관련거래,0,국내증권사,B,SF205,각주항목(09.06월 이후)
29919,202109,0010112,유화증권주식회사,C24,파생상품계약_장외파생상품_신용관련거래,0,국내증권사,B,SF205,각주항목(09.06월 이후)
29920,202109,0010112,유화증권주식회사,C25,파생상품계약_장외파생상품_기타,0,국내증권사,B,SF205,각주항목(09.06월 이후)
29921,202109,0010112,유화증권주식회사,D,대차 및 대주거래,0,국내증권사,B,SF205,각주항목(09.06월 이후)
29922,202109,0010112,유화증권주식회사,D1,대차 및 대주거래_대여증권,0,국내증권사,B,SF205,각주항목(09.06월 이후)
29923,202109,0010112,유화증권주식회사,D2,대차 및 대주거래_차입증권,0,국내증권사,B,SF205,각주항목(09.06월 이후)
29924,202109,0010112,유화증권주식회사,D3,대차 및 대주거래_신용거래대주,0,국내증권사,B,SF205,각주항목(09.06월 이후)
29925,202109,0010112,유화증권주식회사,E,대손상각채권,0,국내증권사,B,SF205,각주항목(09.06월 이후)
29926,202109,0010112,유화증권주식회사,F,환전업무 예치금,0,국내증권사,B,SF205,각주항목(09.06월 이후)
29927,202109,0010112,유화증권주식회사,G,미배당별도예치금,0,국내증권사,B,SF205,각주항목(09.06월 이후)
29928,202109,0010112,유화증권주식회사,H,배서어음매출(종금계정),0,국내증권사,B,SF205,각주항목(09.06월 이후)
29929,202109,0010112,유화증권주식회사,H1,대출채권매매이익_담보부,0,국내증권사,B,SF205,각주항목(09.06월 이후)
29930,202109,0010112,유화증권주식회사,H2,대출채권매매이익_무담보부,0,국내증권사,B,SF205,각주항목(09.06월 이후)
29931,202112,0010112,유화증권주식회사,A,채무보증,0,국내증권사,B,SF205,각주항목(09.06월 이후)
29932,202112,0010112,유화증권주식회사,A1,채무보증_지급보증,0,국내증권사,B,SF205,각주항목(09.06월 이후)
29933,202112,0010112,유화증권주식회사,A2,채무보증_매입보장약정,0,국내증권사,B,SF205,각주항목(09.06월 이후)
29934,202112,0010112,유화증권주식회사,A3,채무보증_채무인수약정,0,국내증권사,B,SF205,각주항목(09.06월 이후)
29935,202112,0010112,유화증권주식회사,A5,채무보증_매입확약,0,국내증권사,B,SF205,각주항목(09.06월 이후)
29936,202112,0010112,유화증권주식회사,A6,채무보증_기타,0,국내증권사,B,SF205,각주항목(09.06월 이후)
29937,202112,0010112,유화증권주식회사,B,투자자의 예수증권 등,1368088386423,국내증권사,B,SF205,각주항목(09.06월 이후)
29938,202112,0010112,유화증권주식회사,B1,투자자의 예수증권 등_예수 증권,1368088386423,국내증권사,B,SF205,각주항목(09.06월 이후)
29939,202112,0010112,유화증권주식회사,B2,투자자의 예수증권 등_예수양도성예금증서,0,국내증권사,B,SF205,각주항목(09.06월 이후)
29940,202112,0010112,유화증권주식회사,B3,투자자의 예수증권 등_기타,0,국내증권사,B,SF205,각주항목(09.06월 이후)
29941,202112,0010112,유화증권주식회사,C,파생상품계약,0,국내증권사,B,SF205,각주항목(09.06월 이후)
29942,202112,0010112,유화증권주식회사,C1,파생상품계약_장내파생상품,0,국내증권사,B,SF205,각주항목(09.06월 이후)
29943,202112,0010112,유화증권주식회사,C11,파생상품계약_장내파생상품_이자율관련거래,0,국내증권사,B,SF205,각주항목(09.06월 이후)
29944,202112,0010112,유화증권주식회사,C12,파생상품계약_장내파생상품_통화관련거래,0,국내증권사,B,SF205,각주항목(09.06월 이후)
29945,202112,0010112,유화증권주식회사,C13,파생상품계약_장내파생상품_주식관련거래,0,국내증권사,B,SF205,각주항목(09.06월 이후)
29946,202112,0010112,유화증권주식회사,C14,파생상품계약_장내파생상품_일반상품관련거래,0,국내증권사,B,SF205,각주항목(09.06월 이후)
29947,202112,0010112,유화증권주식회사,C15,파생상품계약_장내파생상품_기타,0,국내증권사,B,SF205,각주항목(09.06월 이후)
29948,202112,0010112,유화증권주식회사,C2,파생상품계약_장외파생상품,0,국내증권사,B,SF205,각주항목(09.06월 이후)
29949,202112,0010112,유화증권주식회사,C21,파생상품계약_장외파생상품_이자율관련거래,0,국내증권사,B,SF205,각주항목(09.06월 이후)
29950,202112,0010112,유화증권주식회사,C22,파생상품계약_장외파생상품_통화관련거래,0,국내증권사,B,SF205,각주항목(09.06월 이후)
29951,202112,0010112,유화증권주식회사,C23,파생상품계약_장외파생상품_주식관련거래,0,국내증권사,B,SF205,각주항목(09.06월 이후)
29952,202112,0010112,유화증권주식회사,C24,파생상품계약_장외파생상품_신용관련거래,0,국내증권사,B,SF205,각주항목(09.06월 이후)
29953,202112,0010112,유화증권주식회사,C25,파생상품계약_장외파생상품_기타,0,국내증권사,B,SF205,각주항목(09.06월 이후)
29954,202112,0010112,유화증권주식회사,D,대차 및 대주거래,0,국내증권사,B,SF205,각주항목(09.06월 이후)
29955,202112,0010112,유화증권주식회사,D1,대차 및 대주거래_대여증권,0,국내증권사,B,SF205,각주항목(09.06월 이후)
29956,202112,0010112,유화증권주식회사,D2,대차 및 대주거래_차입증권,0,국내증권사,B,SF205,각주항목(09.06월 이후)
29957,202112,0010112,유화증권주식회사,D3,대차 및 대주거래_신용거래대주,0,국내증권사,B,SF205,각주항목(09.06월 이후)
29958,202112,0010112,유화증권주식회사,E,대손상각채권,0,국내증권사,B,SF205,각주항목(09.06월 이후)
29959,202112,0010112,유화증권주식회사,F,환전업무 예치금,0,국내증권사,B,SF205,각주항목(09.06월 이후)
29960,202112,0010112,유화증권주식회사,G,미배당별도예치금,0,국내증권사,B,SF205,각주항목(09.06월 이후)
29961,202112,0010112,유화증권주식회사,H,배서어음매출(종금계정),0,국내증권사,B,SF205,각주항목(09.06월 이후)
29962,202112,0010112,유화증권주식회사,H1,대출채권매매이익_담보부,0,국내증권사,B,SF205,각주항목(09.06월 이후)
29963,202112,0010112,유화증권주식회사,H2,대출채권매매이익_무담보부,0,국내증권사,B,SF205,각주항목(09.06월 이후)
29964,202203,0010112,유화증권주식회사,A,채무보증,0,국내증권사,B,SF205,각주항목(09.06월 이후)
29965,202203,0010112,유화증권주식회사,A1,채무보증_지급보증,0,국내증권사,B,SF205,각주항목(09.06월 이후)
29966,202203,0010112,유화증권주식회사,A2,채무보증_매입보장약정,0,국내증권사,B,SF205,각주항목(09.06월 이후)
29967,202203,0010112,유화증권주식회사,A3,채무보증_채무인수약정,0,국내증권사,B,SF205,각주항목(09.06월 이후)
29968,202203,0010112,유화증권주식회사,A5,채무보증_매입확약,0,국내증권사,B,SF205,각주항목(09.06월 이후)
29969,202203,0010112,유화증권주식회사,A6,채무보증_기타,0,국내증권사,B,SF205,각주항목(09.06월 이후)
29970,202203,0010112,유화증권주식회사,B,투자자의 예수증권 등,1392874856483,국내증권사,B,SF205,각주항목(09.06월 이후)
29971,202203,0010112,유화증권주식회사,B1,투자자의 예수증권 등_예수 증권,1392874856483,국내증권사,B,SF205,각주항목(09.06월 이후)
29972,202203,0010112,유화증권주식회사,B2,투자자의 예수증권 등_예수양도성예금증서,0,국내증권사,B,SF205,각주항목(09.06월 이후)
29973,202203,0010112,유화증권주식회사,B3,투자자의 예수증권 등_기타,0,국내증권사,B,SF205,각주항목(09.06월 이후)
29974,202203,0010112,유화증권주식회사,C,파생상품계약,0,국내증권사,B,SF205,각주항목(09.06월 이후)
29975,202203,0010112,유화증권주식회사,C1,파생상품계약_장내파생상품,0,국내증권사,B,SF205,각주항목(09.06월 이후)
29976,202203,0010112,유화증권주식회사,C11,파생상품계약_장내파생상품_이자율관련거래,0,국내증권사,B,SF205,각주항목(09.06월 이후)
29977,202203,0010112,유화증권주식회사,C12,파생상품계약_장내파생상품_통화관련거래,0,국내증권사,B,SF205,각주항목(09.06월 이후)
29978,202203,0010112,유화증권주식회사,C13,파생상품계약_장내파생상품_주식관련거래,0,국내증권사,B,SF205,각주항목(09.06월 이후)
29979,202203,0010112,유화증권주식회사,C14,파생상품계약_장내파생상품_일반상품관련거래,0,국내증권사,B,SF205,각주항목(09.06월 이후)
29980,202203,0010112,유화증권주식회사,C15,파생상품계약_장내파생상품_기타,0,국내증권사,B,SF205,각주항목(09.06월 이후)
29981,202203,0010112,유화증권주식회사,C2,파생상품계약_장외파생상품,0,국내증권사,B,SF205,각주항목(09.06월 이후)
29982,202203,0010112,유화증권주식회사,C21,파생상품계약_장외파생상품_이자율관련거래,0,국내증권사,B,SF205,각주항목(09.06월 이후)
29983,202203,0010112,유화증권주식회사,C22,파생상품계약_장외파생상품_통화관련거래,0,국내증권사,B,SF205,각주항목(09.06월 이후)
29984,202203,0010112,유화증권주식회사,C23,파생상품계약_장외파생상품_주식관련거래,0,국내증권사,B,SF205,각주항목(09.06월 이후)
29985,202203,0010112,유화증권주식회사,C24,파생상품계약_장외파생상품_신용관련거래,0,국내증권사,B,SF205,각주항목(09.06월 이후)
29986,202203,0010112,유화증권주식회사,C25,파생상품계약_장외파생상품_기타,0,국내증권사,B,SF205,각주항목(09.06월 이후)
29987,202203,0010112,유화증권주식회사,D,대차 및 대주거래,0,국내증권사,B,SF205,각주항목(09.06월 이후)
29988,202203,0010112,유화증권주식회사,D1,대차 및 대주거래_대여증권,0,국내증권사,B,SF205,각주항목(09.06월 이후)
29989,202203,0010112,유화증권주식회사,D2,대차 및 대주거래_차입증권,0,국내증권사,B,SF205,각주항목(09.06월 이후)
29990,202203,0010112,유화증권주식회사,D3,대차 및 대주거래_신용거래대주,0,국내증권사,B,SF205,각주항목(09.06월 이후)
29991,202203,0010112,유화증권주식회사,E,대손상각채권,0,국내증권사,B,SF205,각주항목(09.06월 이후)
29992,202203,0010112,유화증권주식회사,F,환전업무 예치금,0,국내증권사,B,SF205,각주항목(09.06월 이후)
29993,202203,0010112,유화증권주식회사,G,미배당별도예치금,0,국내증권사,B,SF205,각주항목(09.06월 이후)
29994,202203,0010112,유화증권주식회사,H,배서어음매출(종금계정),0,국내증권사,B,SF205,각주항목(09.06월 이후)
29995,202203,0010112,유화증권주식회사,H1,대출채권매매이익_담보부,0,국내증권사,B,SF205,각주항목(09.06월 이후)
29996,202203,0010112,유화증권주식회사,H2,대출채권매매이익_무담보부,0,국내증권사,B,SF205,각주항목(09.06월 이후)
29997,202206,0010112,유화증권주식회사,A,채무보증,0,국내증권사,B,SF205,각주항목(09.06월 이후)
29998,202206,0010112,유화증권주식회사,A1,채무보증_지급보증,0,국내증권사,B,SF205,각주항목(09.06월 이후)
29999,202206,0010112,유화증권주식회사,A2,채무보증_매입보장약정,0,국내증권사,B,SF205,각주항목(09.06월 이후)
30000,202206,0010112,유화증권주식회사,A3,채무보증_채무인수약정,0,국내증권사,B,SF205,각주항목(09.06월 이후)
30001,202206,0010112,유화증권주식회사,A5,채무보증_매입확약,0,국내증권사,B,SF205,각주항목(09.06월 이후)
30002,202206,0010112,유화증권주식회사,A6,채무보증_기타,0,국내증권사,B,SF205,각주항목(09.06월 이후)
30003,202206,0010112,유화증권주식회사,B,투자자의 예수증권 등,1348733391403,국내증권사,B,SF205,각주항목(09.06월 이후)
30004,202206,0010112,유화증권주식회사,B1,투자자의 예수증권 등_예수 증권,1348733391403,국내증권사,B,SF205,각주항목(09.06월 이후)
30005,202206,0010112,유화증권주식회사,B2,투자자의 예수증권 등_예수양도성예금증서,0,국내증권사,B,SF205,각주항목(09.06월 이후)
30006,202206,0010112,유화증권주식회사,B3,투자자의 예수증권 등_기타,0,국내증권사,B,SF205,각주항목(09.06월 이후)
30007,202206,0010112,유화증권주식회사,C,파생상품계약,0,국내증권사,B,SF205,각주항목(09.06월 이후)
30008,202206,0010112,유화증권주식회사,C1,파생상품계약_장내파생상품,0,국내증권사,B,SF205,각주항목(09.06월 이후)
30009,202206,0010112,유화증권주식회사,C11,파생상품계약_장내파생상품_이자율관련거래,0,국내증권사,B,SF205,각주항목(09.06월 이후)
30010,202206,0010112,유화증권주식회사,C12,파생상품계약_장내파생상품_통화관련거래,0,국내증권사,B,SF205,각주항목(09.06월 이후)
30011,202206,0010112,유화증권주식회사,C13,파생상품계약_장내파생상품_주식관련거래,0,국내증권사,B,SF205,각주항목(09.06월 이후)
30012,202206,0010112,유화증권주식회사,C14,파생상품계약_장내파생상품_일반상품관련거래,0,국내증권사,B,SF205,각주항목(09.06월 이후)
30013,202206,0010112,유화증권주식회사,C15,파생상품계약_장내파생상품_기타,0,국내증권사,B,SF205,각주항목(09.06월 이후)
30014,202206,0010112,유화증권주식회사,C2,파생상품계약_장외파생상품,0,국내증권사,B,SF205,각주항목(09.06월 이후)
30015,202206,0010112,유화증권주식회사,C21,파생상품계약_장외파생상품_이자율관련거래,0,국내증권사,B,SF205,각주항목(09.06월 이후)
30016,202206,0010112,유화증권주식회사,C22,파생상품계약_장외파생상품_통화관련거래,0,국내증권사,B,SF205,각주항목(09.06월 이후)
30017,202206,0010112,유화증권주식회사,C23,파생상품계약_장외파생상품_주식관련거래,0,국내증권사,B,SF205,각주항목(09.06월 이후)
30018,202206,0010112,유화증권주식회사,C24,파생상품계약_장외파생상품_신용관련거래,0,국내증권사,B,SF205,각주항목(09.06월 이후)
30019,202206,0010112,유화증권주식회사,C25,파생상품계약_장외파생상품_기타,0,국내증권사,B,SF205,각주항목(09.06월 이후)
30020,202206,0010112,유화증권주식회사,D,대차 및 대주거래,0,국내증권사,B,SF205,각주항목(09.06월 이후)
30021,202206,0010112,유화증권주식회사,D1,대차 및 대주거래_대여증권,0,국내증권사,B,SF205,각주항목(09.06월 이후)
30022,202206,0010112,유화증권주식회사,D2,대차 및 대주거래_차입증권,0,국내증권사,B,SF205,각주항목(09.06월 이후)
30023,202206,0010112,유화증권주식회사,D3,대차 및 대주거래_신용거래대주,0,국내증권사,B,SF205,각주항목(09.06월 이후)
30024,202206,0010112,유화증권주식회사,E,대손상각채권,0,국내증권사,B,SF205,각주항목(09.06월 이후)
30025,202206,0010112,유화증권주식회사,F,환전업무 예치금,0,국내증권사,B,SF205,각주항목(09.06월 이후)
30026,202206,0010112,유화증권주식회사,G,미배당별도예치금,0,국내증권사,B,SF205,각주항목(09.06월 이후)
30027,202206,0010112,유화증권주식회사,H,배서어음매출(종금계정),0,국내증권사,B,SF205,각주항목(09.06월 이후)
30028,202206,0010112,유화증권주식회사,H1,대출채권매매이익_담보부,0,국내증권사,B,SF205,각주항목(09.06월 이후)
30029,202206,0010112,유화증권주식회사,H2,대출채권매매이익_무담보부,0,국내증권사,B,SF205,각주항목(09.06월 이후)
30030,202209,0010112,유화증권주식회사,A,채무보증,0,국내증권사,B,SF205,각주항목(09.06월 이후)
30031,202209,0010112,유화증권주식회사,A1,채무보증_지급보증,0,국내증권사,B,SF205,각주항목(09.06월 이후)
30032,202209,0010112,유화증권주식회사,A2,채무보증_매입보장약정,0,국내증권사,B,SF205,각주항목(09.06월 이후)
30033,202209,0010112,유화증권주식회사,A3,채무보증_채무인수약정,0,국내증권사,B,SF205,각주항목(09.06월 이후)
30034,202209,0010112,유화증권주식회사,A5,채무보증_매입확약,0,국내증권사,B,SF205,각주항목(09.06월 이후)
30035,202209,0010112,유화증권주식회사,A6,채무보증_기타,0,국내증권사,B,SF205,각주항목(09.06월 이후)
30036,202209,0010112,유화증권주식회사,B,투자자의 예수증권 등,1140026920674,국내증권사,B,SF205,각주항목(09.06월 이후)
30037,202209,0010112,유화증권주식회사,B1,투자자의 예수증권 등_예수 증권,1140026920674,국내증권사,B,SF205,각주항목(09.06월 이후)
30038,202209,0010112,유화증권주식회사,B2,투자자의 예수증권 등_예수양도성예금증서,0,국내증권사,B,SF205,각주항목(09.06월 이후)
30039,202209,0010112,유화증권주식회사,B3,투자자의 예수증권 등_기타,0,국내증권사,B,SF205,각주항목(09.06월 이후)
30040,202209,0010112,유화증권주식회사,C,파생상품계약,0,국내증권사,B,SF205,각주항목(09.06월 이후)
30041,202209,0010112,유화증권주식회사,C1,파생상품계약_장내파생상품,0,국내증권사,B,SF205,각주항목(09.06월 이후)
30042,202209,0010112,유화증권주식회사,C11,파생상품계약_장내파생상품_이자율관련거래,0,국내증권사,B,SF205,각주항목(09.06월 이후)
30043,202209,0010112,유화증권주식회사,C12,파생상품계약_장내파생상품_통화관련거래,0,국내증권사,B,SF205,각주항목(09.06월 이후)
30044,202209,0010112,유화증권주식회사,C13,파생상품계약_장내파생상품_주식관련거래,0,국내증권사,B,SF205,각주항목(09.06월 이후)
30045,202209,0010112,유화증권주식회사,C14,파생상품계약_장내파생상품_일반상품관련거래,0,국내증권사,B,SF205,각주항목(09.06월 이후)
30046,202209,0010112,유화증권주식회사,C15,파생상품계약_장내파생상품_기타,0,국내증권사,B,SF205,각주항목(09.06월 이후)
30047,202209,0010112,유화증권주식회사,C2,파생상품계약_장외파생상품,0,국내증권사,B,SF205,각주항목(09.06월 이후)
30048,202209,0010112,유화증권주식회사,C21,파생상품계약_장외파생상품_이자율관련거래,0,국내증권사,B,SF205,각주항목(09.06월 이후)
30049,202209,0010112,유화증권주식회사,C22,파생상품계약_장외파생상품_통화관련거래,0,국내증권사,B,SF205,각주항목(09.06월 이후)
30050,202209,0010112,유화증권주식회사,C23,파생상품계약_장외파생상품_주식관련거래,0,국내증권사,B,SF205,각주항목(09.06월 이후)
30051,202209,0010112,유화증권주식회사,C24,파생상품계약_장외파생상품_신용관련거래,0,국내증권사,B,SF205,각주항목(09.06월 이후)
30052,202209,0010112,유화증권주식회사,C25,파생상품계약_장외파생상품_기타,0,국내증권사,B,SF205,각주항목(09.06월 이후)
30053,202209,0010112,유화증권주식회사,D,대차 및 대주거래,0,국내증권사,B,SF205,각주항목(09.06월 이후)
30054,202209,0010112,유화증권주식회사,D1,대차 및 대주거래_대여증권,0,국내증권사,B,SF205,각주항목(09.06월 이후)
30055,202209,0010112,유화증권주식회사,D2,대차 및 대주거래_차입증권,0,국내증권사,B,SF205,각주항목(09.06월 이후)
30056,202209,0010112,유화증권주식회사,D3,대차 및 대주거래_신용거래대주,0,국내증권사,B,SF205,각주항목(09.06월 이후)
30057,202209,0010112,유화증권주식회사,E,대손상각채권,0,국내증권사,B,SF205,각주항목(09.06월 이후)
30058,202209,0010112,유화증권주식회사,F,환전업무 예치금,0,국내증권사,B,SF205,각주항목(09.06월 이후)
30059,202209,0010112,유화증권주식회사,G,미배당별도예치금,0,국내증권사,B,SF205,각주항목(09.06월 이후)
30060,202209,0010112,유화증권주식회사,H,배서어음매출(종금계정),0,국내증권사,B,SF205,각주항목(09.06월 이후)
30061,202209,0010112,유화증권주식회사,H1,대출채권매매이익_담보부,0,국내증권사,B,SF205,각주항목(09.06월 이후)
30062,202209,0010112,유화증권주식회사,H2,대출채권매매이익_무담보부,0,국내증권사,B,SF205,각주항목(09.06월 이후)
30063,202212,0010112,유화증권주식회사,A,채무보증,0,국내증권사,B,SF205,각주항목(09.06월 이후)
30064,202212,0010112,유화증권주식회사,A1,채무보증_지급보증,0,국내증권사,B,SF205,각주항목(09.06월 이후)
30065,202212,0010112,유화증권주식회사,A2,채무보증_매입보장약정,0,국내증권사,B,SF205,각주항목(09.06월 이후)
30066,202212,0010112,유화증권주식회사,A3,채무보증_채무인수약정,0,국내증권사,B,SF205,각주항목(09.06월 이후)
30067,202212,0010112,유화증권주식회사,A5,채무보증_매입확약,0,국내증권사,B,SF205,각주항목(09.06월 이후)
30068,202212,0010112,유화증권주식회사,A6,채무보증_기타,0,국내증권사,B,SF205,각주항목(09.06월 이후)
30069,202212,0010112,유화증권주식회사,B,투자자의 예수증권 등,1328799437198,국내증권사,B,SF205,각주항목(09.06월 이후)
30070,202212,0010112,유화증권주식회사,B1,투자자의 예수증권 등_예수 증권,1328799437198,국내증권사,B,SF205,각주항목(09.06월 이후)
30071,202212,0010112,유화증권주식회사,B2,투자자의 예수증권 등_예수양도성예금증서,0,국내증권사,B,SF205,각주항목(09.06월 이후)
30072,202212,0010112,유화증권주식회사,B3,투자자의 예수증권 등_기타,0,국내증권사,B,SF205,각주항목(09.06월 이후)
30073,202212,0010112,유화증권주식회사,C,파생상품계약,0,국내증권사,B,SF205,각주항목(09.06월 이후)
30074,202212,0010112,유화증권주식회사,C1,파생상품계약_장내파생상품,0,국내증권사,B,SF205,각주항목(09.06월 이후)
30075,202212,0010112,유화증권주식회사,C11,파생상품계약_장내파생상품_이자율관련거래,0,국내증권사,B,SF205,각주항목(09.06월 이후)
30076,202212,0010112,유화증권주식회사,C12,파생상품계약_장내파생상품_통화관련거래,0,국내증권사,B,SF205,각주항목(09.06월 이후)
30077,202212,0010112,유화증권주식회사,C13,파생상품계약_장내파생상품_주식관련거래,0,국내증권사,B,SF205,각주항목(09.06월 이후)
30078,202212,0010112,유화증권주식회사,C14,파생상품계약_장내파생상품_일반상품관련거래,0,국내증권사,B,SF205,각주항목(09.06월 이후)
30079,202212,0010112,유화증권주식회사,C15,파생상품계약_장내파생상품_기타,0,국내증권사,B,SF205,각주항목(09.06월 이후)
30080,202212,0010112,유화증권주식회사,C2,파생상품계약_장외파생상품,0,국내증권사,B,SF205,각주항목(09.06월 이후)
30081,202212,0010112,유화증권주식회사,C21,파생상품계약_장외파생상품_이자율관련거래,0,국내증권사,B,SF205,각주항목(09.06월 이후)
30082,202212,0010112,유화증권주식회사,C22,파생상품계약_장외파생상품_통화관련거래,0,국내증권사,B,SF205,각주항목(09.06월 이후)
30083,202212,0010112,유화증권주식회사,C23,파생상품계약_장외파생상품_주식관련거래,0,국내증권사,B,SF205,각주항목(09.06월 이후)
30084,202212,0010112,유화증권주식회사,C24,파생상품계약_장외파생상품_신용관련거래,0,국내증권사,B,SF205,각주항목(09.06월 이후)
30085,202212,0010112,유화증권주식회사,C25,파생상품계약_장외파생상품_기타,0,국내증권사,B,SF205,각주항목(09.06월 이후)
30086,202212,0010112,유화증권주식회사,D,대차 및 대주거래,0,국내증권사,B,SF205,각주항목(09.06월 이후)
30087,202212,0010112,유화증권주식회사,D1,대차 및 대주거래_대여증권,0,국내증권사,B,SF205,각주항목(09.06월 이후)
30088,202212,0010112,유화증권주식회사,D2,대차 및 대주거래_차입증권,0,국내증권사,B,SF205,각주항목(09.06월 이후)
30089,202212,0010112,유화증권주식회사,D3,대차 및 대주거래_신용거래대주,0,국내증권사,B,SF205,각주항목(09.06월 이후)
30090,202212,0010112,유화증권주식회사,E,대손상각채권,0,국내증권사,B,SF205,각주항목(09.06월 이후)
30091,202212,0010112,유화증권주식회사,F,환전업무 예치금,0,국내증권사,B,SF205,각주항목(09.06월 이후)
30092,202212,0010112,유화증권주식회사,G,미배당별도예치금,0,국내증권사,B,SF205,각주항목(09.06월 이후)
30093,202212,0010112,유화증권주식회사,H,배서어음매출(종금계정),0,국내증권사,B,SF205,각주항목(09.06월 이후)
30094,202212,0010112,유화증권주식회사,H1,대출채권매매이익_담보부,0,국내증권사,B,SF205,각주항목(09.06월 이후)
30095,202212,0010112,유화증권주식회사,H2,대출채권매매이익_무담보부,0,국내증권사,B,SF205,각주항목(09.06월 이후)
30096,202303,0010112,유화증권주식회사,A,채무보증,0,국내증권사,B,SF205,각주항목(09.06월 이후)
30097,202303,0010112,유화증권주식회사,A1,채무보증_지급보증,0,국내증권사,B,SF205,각주항목(09.06월 이후)
30098,202303,0010112,유화증권주식회사,A2,채무보증_매입보장약정,0,국내증권사,B,SF205,각주항목(09.06월 이후)
30099,202303,0010112,유화증권주식회사,A3,채무보증_채무인수약정,0,국내증권사,B,SF205,각주항목(09.06월 이후)
30100,202303,0010112,유화증권주식회사,A5,채무보증_매입확약,0,국내증권사,B,SF205,각주항목(09.06월 이후)
30101,202303,0010112,유화증권주식회사,A6,채무보증_기타,0,국내증권사,B,SF205,각주항목(09.06월 이후)
30102,202303,0010112,유화증권주식회사,B,투자자의 예수증권 등,2199607962046,국내증권사,B,SF205,각주항목(09.06월 이후)
30103,202303,0010112,유화증권주식회사,B1,투자자의 예수증권 등_예수 증권,2199607962046,국내증권사,B,SF205,각주항목(09.06월 이후)
30104,202303,0010112,유화증권주식회사,B2,투자자의 예수증권 등_예수양도성예금증서,0,국내증권사,B,SF205,각주항목(09.06월 이후)
30105,202303,0010112,유화증권주식회사,B3,투자자의 예수증권 등_기타,0,국내증권사,B,SF205,각주항목(09.06월 이후)
30106,202303,0010112,유화증권주식회사,C,파생상품계약,0,국내증권사,B,SF205,각주항목(09.06월 이후)
30107,202303,0010112,유화증권주식회사,C1,파생상품계약_장내파생상품,0,국내증권사,B,SF205,각주항목(09.06월 이후)
30108,202303,0010112,유화증권주식회사,C11,파생상품계약_장내파생상품_이자율관련거래,0,국내증권사,B,SF205,각주항목(09.06월 이후)
30109,202303,0010112,유화증권주식회사,C12,파생상품계약_장내파생상품_통화관련거래,0,국내증권사,B,SF205,각주항목(09.06월 이후)
30110,202303,0010112,유화증권주식회사,C13,파생상품계약_장내파생상품_주식관련거래,0,국내증권사,B,SF205,각주항목(09.06월 이후)
30111,202303,0010112,유화증권주식회사,C14,파생상품계약_장내파생상품_일반상품관련거래,0,국내증권사,B,SF205,각주항목(09.06월 이후)
30112,202303,0010112,유화증권주식회사,C15,파생상품계약_장내파생상품_기타,0,국내증권사,B,SF205,각주항목(09.06월 이후)
30113,202303,0010112,유화증권주식회사,C2,파생상품계약_장외파생상품,0,국내증권사,B,SF205,각주항목(09.06월 이후)
30114,202303,0010112,유화증권주식회사,C21,파생상품계약_장외파생상품_이자율관련거래,0,국내증권사,B,SF205,각주항목(09.06월 이후)
30115,202303,0010112,유화증권주식회사,C22,파생상품계약_장외파생상품_통화관련거래,0,국내증권사,B,SF205,각주항목(09.06월 이후)
30116,202303,0010112,유화증권주식회사,C23,파생상품계약_장외파생상품_주식관련거래,0,국내증권사,B,SF205,각주항목(09.06월 이후)
30117,202303,0010112,유화증권주식회사,C24,파생상품계약_장외파생상품_신용관련거래,0,국내증권사,B,SF205,각주항목(09.06월 이후)
30118,202303,0010112,유화증권주식회사,C25,파생상품계약_장외파생상품_기타,0,국내증권사,B,SF205,각주항목(09.06월 이후)
30119,202303,0010112,유화증권주식회사,D,대차 및 대주거래,0,국내증권사,B,SF205,각주항목(09.06월 이후)
30120,202303,0010112,유화증권주식회사,D1,대차 및 대주거래_대여증권,0,국내증권사,B,SF205,각주항목(09.06월 이후)
30121,202303,0010112,유화증권주식회사,D2,대차 및 대주거래_차입증권,0,국내증권사,B,SF205,각주항목(09.06월 이후)
30122,202303,0010112,유화증권주식회사,D3,대차 및 대주거래_신용거래대주,0,국내증권사,B,SF205,각주항목(09.06월 이후)
30123,202303,0010112,유화증권주식회사,E,대손상각채권,0,국내증권사,B,SF205,각주항목(09.06월 이후)
30124,202303,0010112,유화증권주식회사,F,환전업무 예치금,0,국내증권사,B,SF205,각주항목(09.06월 이후)
30125,202303,0010112,유화증권주식회사,G,미배당별도예치금,0,국내증권사,B,SF205,각주항목(09.06월 이후)
30126,202303,0010112,유화증권주식회사,H,배서어음매출(종금계정),0,국내증권사,B,SF205,각주항목(09.06월 이후)
30127,202303,0010112,유화증권주식회사,H1,대출채권매매이익_담보부,0,국내증권사,B,SF205,각주항목(09.06월 이후)
30128,202303,0010112,유화증권주식회사,H2,대출채권매매이익_무담보부,0,국내증권사,B,SF205,각주항목(09.06월 이후)
30129,202306,0010112,유화증권주식회사,A,채무보증,0,국내증권사,B,SF205,각주항목(09.06월 이후)
30130,202306,0010112,유화증권주식회사,A1,채무보증_지급보증,0,국내증권사,B,SF205,각주항목(09.06월 이후)
30131,202306,0010112,유화증권주식회사,A2,채무보증_매입보장약정,0,국내증권사,B,SF205,각주항목(09.06월 이후)
30132,202306,0010112,유화증권주식회사,A3,채무보증_채무인수약정,0,국내증권사,B,SF205,각주항목(09.06월 이후)
30133,202306,0010112,유화증권주식회사,A5,채무보증_매입확약,0,국내증권사,B,SF205,각주항목(09.06월 이후)
30134,202306,0010112,유화증권주식회사,A6,채무보증_기타,0,국내증권사,B,SF205,각주항목(09.06월 이후)
30135,202306,0010112,유화증권주식회사,B,투자자의 예수증권 등,2070560962770,국내증권사,B,SF205,각주항목(09.06월 이후)
30136,202306,0010112,유화증권주식회사,B1,투자자의 예수증권 등_예수 증권,2070560962770,국내증권사,B,SF205,각주항목(09.06월 이후)
30137,202306,0010112,유화증권주식회사,B2,투자자의 예수증권 등_예수양도성예금증서,0,국내증권사,B,SF205,각주항목(09.06월 이후)
30138,202306,0010112,유화증권주식회사,B3,투자자의 예수증권 등_기타,0,국내증권사,B,SF205,각주항목(09.06월 이후)
30139,202306,0010112,유화증권주식회사,C,파생상품계약,0,국내증권사,B,SF205,각주항목(09.06월 이후)
30140,202306,0010112,유화증권주식회사,C1,파생상품계약_장내파생상품,0,국내증권사,B,SF205,각주항목(09.06월 이후)
30141,202306,0010112,유화증권주식회사,C11,파생상품계약_장내파생상품_이자율관련거래,0,국내증권사,B,SF205,각주항목(09.06월 이후)
30142,202306,0010112,유화증권주식회사,C12,파생상품계약_장내파생상품_통화관련거래,0,국내증권사,B,SF205,각주항목(09.06월 이후)
30143,202306,0010112,유화증권주식회사,C13,파생상품계약_장내파생상품_주식관련거래,0,국내증권사,B,SF205,각주항목(09.06월 이후)
30144,202306,0010112,유화증권주식회사,C14,파생상품계약_장내파생상품_일반상품관련거래,0,국내증권사,B,SF205,각주항목(09.06월 이후)
30145,202306,0010112,유화증권주식회사,C15,파생상품계약_장내파생상품_기타,0,국내증권사,B,SF205,각주항목(09.06월 이후)
30146,202306,0010112,유화증권주식회사,C2,파생상품계약_장외파생상품,0,국내증권사,B,SF205,각주항목(09.06월 이후)
30147,202306,0010112,유화증권주식회사,C21,파생상품계약_장외파생상품_이자율관련거래,0,국내증권사,B,SF205,각주항목(09.06월 이후)
30148,202306,0010112,유화증권주식회사,C22,파생상품계약_장외파생상품_통화관련거래,0,국내증권사,B,SF205,각주항목(09.06월 이후)
30149,202306,0010112,유화증권주식회사,C23,파생상품계약_장외파생상품_주식관련거래,0,국내증권사,B,SF205,각주항목(09.06월 이후)
30150,202306,0010112,유화증권주식회사,C24,파생상품계약_장외파생상품_신용관련거래,0,국내증권사,B,SF205,각주항목(09.06월 이후)
30151,202306,0010112,유화증권주식회사,C25,파생상품계약_장외파생상품_기타,0,국내증권사,B,SF205,각주항목(09.06월 이후)
30152,202306,0010112,유화증권주식회사,D,대차 및 대주거래,0,국내증권사,B,SF205,각주항목(09.06월 이후)
30153,202306,0010112,유화증권주식회사,D1,대차 및 대주거래_대여증권,0,국내증권사,B,SF205,각주항목(09.06월 이후)
30154,202306,0010112,유화증권주식회사,D2,대차 및 대주거래_차입증권,0,국내증권사,B,SF205,각주항목(09.06월 이후)
30155,202306,0010112,유화증권주식회사,D3,대차 및 대주거래_신용거래대주,0,국내증권사,B,SF205,각주항목(09.06월 이후)
30156,202306,0010112,유화증권주식회사,E,대손상각채권,0,국내증권사,B,SF205,각주항목(09.06월 이후)
30157,202306,0010112,유화증권주식회사,F,환전업무 예치금,0,국내증권사,B,SF205,각주항목(09.06월 이후)
30158,202306,0010112,유화증권주식회사,G,미배당별도예치금,0,국내증권사,B,SF205,각주항목(09.06월 이후)
30159,202306,0010112,유화증권주식회사,H,배서어음매출(종금계정),0,국내증권사,B,SF205,각주항목(09.06월 이후)
30160,202306,0010112,유화증권주식회사,H1,대출채권매매이익_담보부,0,국내증권사,B,SF205,각주항목(09.06월 이후)
30161,202306,0010112,유화증권주식회사,H2,대출채권매매이익_무담보부,0,국내증권사,B,SF205,각주항목(09.06월 이후)
30162,202309,0010112,유화증권주식회사,A,채무보증,0,국내증권사,B,SF205,각주항목(09.06월 이후)
30163,202309,0010112,유화증권주식회사,A1,채무보증_지급보증,0,국내증권사,B,SF205,각주항목(09.06월 이후)
30164,202309,0010112,유화증권주식회사,A2,채무보증_매입보장약정,0,국내증권사,B,SF205,각주항목(09.06월 이후)
30165,202309,0010112,유화증권주식회사,A3,채무보증_채무인수약정,0,국내증권사,B,SF205,각주항목(09.06월 이후)
30166,202309,0010112,유화증권주식회사,A5,채무보증_매입확약,0,국내증권사,B,SF205,각주항목(09.06월 이후)
30167,202309,0010112,유화증권주식회사,A6,채무보증_기타,0,국내증권사,B,SF205,각주항목(09.06월 이후)
30168,202309,0010112,유화증권주식회사,B,투자자의 예수증권 등,1552257702234,국내증권사,B,SF205,각주항목(09.06월 이후)
30169,202309,0010112,유화증권주식회사,B1,투자자의 예수증권 등_예수 증권,1552257702234,국내증권사,B,SF205,각주항목(09.06월 이후)
30170,202309,0010112,유화증권주식회사,B2,투자자의 예수증권 등_예수양도성예금증서,0,국내증권사,B,SF205,각주항목(09.06월 이후)
30171,202309,0010112,유화증권주식회사,B3,투자자의 예수증권 등_기타,0,국내증권사,B,SF205,각주항목(09.06월 이후)
30172,202309,0010112,유화증권주식회사,C,파생상품계약,0,국내증권사,B,SF205,각주항목(09.06월 이후)
30173,202309,0010112,유화증권주식회사,C1,파생상품계약_장내파생상품,0,국내증권사,B,SF205,각주항목(09.06월 이후)
30174,202309,0010112,유화증권주식회사,C11,파생상품계약_장내파생상품_이자율관련거래,0,국내증권사,B,SF205,각주항목(09.06월 이후)
30175,202309,0010112,유화증권주식회사,C12,파생상품계약_장내파생상품_통화관련거래,0,국내증권사,B,SF205,각주항목(09.06월 이후)
30176,202309,0010112,유화증권주식회사,C13,파생상품계약_장내파생상품_주식관련거래,0,국내증권사,B,SF205,각주항목(09.06월 이후)
30177,202309,0010112,유화증권주식회사,C14,파생상품계약_장내파생상품_일반상품관련거래,0,국내증권사,B,SF205,각주항목(09.06월 이후)
30178,202309,0010112,유화증권주식회사,C15,파생상품계약_장내파생상품_기타,0,국내증권사,B,SF205,각주항목(09.06월 이후)
30179,202309,0010112,유화증권주식회사,C2,파생상품계약_장외파생상품,0,국내증권사,B,SF205,각주항목(09.06월 이후)
30180,202309,0010112,유화증권주식회사,C21,파생상품계약_장외파생상품_이자율관련거래,0,국내증권사,B,SF205,각주항목(09.06월 이후)
30181,202309,0010112,유화증권주식회사,C22,파생상품계약_장외파생상품_통화관련거래,0,국내증권사,B,SF205,각주항목(09.06월 이후)
30182,202309,0010112,유화증권주식회사,C23,파생상품계약_장외파생상품_주식관련거래,0,국내증권사,B,SF205,각주항목(09.06월 이후)
30183,202309,0010112,유화증권주식회사,C24,파생상품계약_장외파생상품_신용관련거래,0,국내증권사,B,SF205,각주항목(09.06월 이후)
30184,202309,0010112,유화증권주식회사,C25,파생상품계약_장외파생상품_기타,0,국내증권사,B,SF205,각주항목(09.06월 이후)
30185,202309,0010112,유화증권주식회사,D,대차 및 대주거래,0,국내증권사,B,SF205,각주항목(09.06월 이후)
30186,202309,0010112,유화증권주식회사,D1,대차 및 대주거래_대여증권,0,국내증권사,B,SF205,각주항목(09.06월 이후)
30187,202309,0010112,유화증권주식회사,D2,대차 및 대주거래_차입증권,0,국내증권사,B,SF205,각주항목(09.06월 이후)
30188,202309,0010112,유화증권주식회사,D3,대차 및 대주거래_신용거래대주,0,국내증권사,B,SF205,각주항목(09.06월 이후)
30189,202309,0010112,유화증권주식회사,E,대손상각채권,0,국내증권사,B,SF205,각주항목(09.06월 이후)
30190,202309,0010112,유화증권주식회사,F,환전업무 예치금,0,국내증권사,B,SF205,각주항목(09.06월 이후)
30191,202309,0010112,유화증권주식회사,G,미배당별도예치금,0,국내증권사,B,SF205,각주항목(09.06월 이후)
30192,202309,0010112,유화증권주식회사,H,배서어음매출(종금계정),0,국내증권사,B,SF205,각주항목(09.06월 이후)
30193,202309,0010112,유화증권주식회사,H1,대출채권매매이익_담보부,0,국내증권사,B,SF205,각주항목(09.06월 이후)
30194,202309,0010112,유화증권주식회사,H2,대출채권매매이익_무담보부,0,국내증권사,B,SF205,각주항목(09.06월 이후)
30195,202312,0010112,유화증권주식회사,A,채무보증,0,국내증권사,B,SF205,각주항목(09.06월 이후)
30196,202312,0010112,유화증권주식회사,A1,채무보증_지급보증,0,국내증권사,B,SF205,각주항목(09.06월 이후)
30197,202312,0010112,유화증권주식회사,A2,채무보증_매입보장약정,0,국내증권사,B,SF205,각주항목(09.06월 이후)
30198,202312,0010112,유화증권주식회사,A3,채무보증_채무인수약정,0,국내증권사,B,SF205,각주항목(09.06월 이후)
30199,202312,0010112,유화증권주식회사,A5,채무보증_매입확약,0,국내증권사,B,SF205,각주항목(09.06월 이후)
30200,202312,0010112,유화증권주식회사,A6,채무보증_기타,0,국내증권사,B,SF205,각주항목(09.06월 이후)
30201,202312,0010112,유화증권주식회사,B,투자자의 예수증권 등,1429043520451,국내증권사,B,SF205,각주항목(09.06월 이후)
30202,202312,0010112,유화증권주식회사,B1,투자자의 예수증권 등_예수 증권,1429043520451,국내증권사,B,SF205,각주항목(09.06월 이후)
30203,202312,0010112,유화증권주식회사,B2,투자자의 예수증권 등_예수양도성예금증서,0,국내증권사,B,SF205,각주항목(09.06월 이후)
30204,202312,0010112,유화증권주식회사,B3,투자자의 예수증권 등_기타,0,국내증권사,B,SF205,각주항목(09.06월 이후)
30205,202312,0010112,유화증권주식회사,C,파생상품계약,0,국내증권사,B,SF205,각주항목(09.06월 이후)
30206,202312,0010112,유화증권주식회사,C1,파생상품계약_장내파생상품,0,국내증권사,B,SF205,각주항목(09.06월 이후)
30207,202312,0010112,유화증권주식회사,C11,파생상품계약_장내파생상품_이자율관련거래,0,국내증권사,B,SF205,각주항목(09.06월 이후)
30208,202312,0010112,유화증권주식회사,C12,파생상품계약_장내파생상품_통화관련거래,0,국내증권사,B,SF205,각주항목(09.06월 이후)
30209,202312,0010112,유화증권주식회사,C13,파생상품계약_장내파생상품_주식관련거래,0,국내증권사,B,SF205,각주항목(09.06월 이후)
30210,202312,0010112,유화증권주식회사,C14,파생상품계약_장내파생상품_일반상품관련거래,0,국내증권사,B,SF205,각주항목(09.06월 이후)
30211,202312,0010112,유화증권주식회사,C15,파생상품계약_장내파생상품_기타,0,국내증권사,B,SF205,각주항목(09.06월 이후)
30212,202312,0010112,유화증권주식회사,C2,파생상품계약_장외파생상품,0,국내증권사,B,SF205,각주항목(09.06월 이후)
30213,202312,0010112,유화증권주식회사,C21,파생상품계약_장외파생상품_이자율관련거래,0,국내증권사,B,SF205,각주항목(09.06월 이후)
30214,202312,0010112,유화증권주식회사,C22,파생상품계약_장외파생상품_통화관련거래,0,국내증권사,B,SF205,각주항목(09.06월 이후)
30215,202312,0010112,유화증권주식회사,C23,파생상품계약_장외파생상품_주식관련거래,0,국내증권사,B,SF205,각주항목(09.06월 이후)
30216,202312,0010112,유화증권주식회사,C24,파생상품계약_장외파생상품_신용관련거래,0,국내증권사,B,SF205,각주항목(09.06월 이후)
30217,202312,0010112,유화증권주식회사,C25,파생상품계약_장외파생상품_기타,0,국내증권사,B,SF205,각주항목(09.06월 이후)
30218,202312,0010112,유화증권주식회사,D,대차 및 대주거래,0,국내증권사,B,SF205,각주항목(09.06월 이후)
30219,202312,0010112,유화증권주식회사,D1,대차 및 대주거래_대여증권,0,국내증권사,B,SF205,각주항목(09.06월 이후)
30220,202312,0010112,유화증권주식회사,D2,대차 및 대주거래_차입증권,0,국내증권사,B,SF205,각주항목(09.06월 이후)
30221,202312,0010112,유화증권주식회사,D3,대차 및 대주거래_신용거래대주,0,국내증권사,B,SF205,각주항목(09.06월 이후)
30222,202312,0010112,유화증권주식회사,E,대손상각채권,0,국내증권사,B,SF205,각주항목(09.06월 이후)
30223,202312,0010112,유화증권주식회사,F,환전업무 예치금,0,국내증권사,B,SF205,각주항목(09.06월 이후)
30224,202312,0010112,유화증권주식회사,G,미배당별도예치금,0,국내증권사,B,SF205,각주항목(09.06월 이후)
30225,202312,0010112,유화증권주식회사,H,배서어음매출(종금계정),0,국내증권사,B,SF205,각주항목(09.06월 이후)
30226,202312,0010112,유화증권주식회사,H1,대출채권매매이익_담보부,0,국내증권사,B,SF205,각주항목(09.06월 이후)
30227,202312,0010112,유화증권주식회사,H2,대출채권매매이익_무담보부,0,국내증권사,B,SF205,각주항목(09.06월 이후)
30228,202403,0010112,유화증권주식회사,A,채무보증,0,국내증권사,B,SF205,각주항목(09.06월 이후)
30229,202403,0010112,유화증권주식회사,A1,채무보증_지급보증,0,국내증권사,B,SF205,각주항목(09.06월 이후)
30230,202403,0010112,유화증권주식회사,A2,채무보증_매입보장약정,0,국내증권사,B,SF205,각주항목(09.06월 이후)
30231,202403,0010112,유화증권주식회사,A3,채무보증_채무인수약정,0,국내증권사,B,SF205,각주항목(09.06월 이후)
30232,202403,0010112,유화증권주식회사,A5,채무보증_매입확약,0,국내증권사,B,SF205,각주항목(09.06월 이후)
30233,202403,0010112,유화증권주식회사,A6,채무보증_기타,0,국내증권사,B,SF205,각주항목(09.06월 이후)
30234,202403,0010112,유화증권주식회사,B,투자자의 예수증권 등,1417314655178,국내증권사,B,SF205,각주항목(09.06월 이후)
30235,202403,0010112,유화증권주식회사,B1,투자자의 예수증권 등_예수 증권,1417314655178,국내증권사,B,SF205,각주항목(09.06월 이후)
30236,202403,0010112,유화증권주식회사,B2,투자자의 예수증권 등_예수양도성예금증서,0,국내증권사,B,SF205,각주항목(09.06월 이후)
30237,202403,0010112,유화증권주식회사,B3,투자자의 예수증권 등_기타,0,국내증권사,B,SF205,각주항목(09.06월 이후)
30238,202403,0010112,유화증권주식회사,C,파생상품계약,0,국내증권사,B,SF205,각주항목(09.06월 이후)
30239,202403,0010112,유화증권주식회사,C1,파생상품계약_장내파생상품,0,국내증권사,B,SF205,각주항목(09.06월 이후)
30240,202403,0010112,유화증권주식회사,C11,파생상품계약_장내파생상품_이자율관련거래,0,국내증권사,B,SF205,각주항목(09.06월 이후)
30241,202403,0010112,유화증권주식회사,C12,파생상품계약_장내파생상품_통화관련거래,0,국내증권사,B,SF205,각주항목(09.06월 이후)
30242,202403,0010112,유화증권주식회사,C13,파생상품계약_장내파생상품_주식관련거래,0,국내증권사,B,SF205,각주항목(09.06월 이후)
30243,202403,0010112,유화증권주식회사,C14,파생상품계약_장내파생상품_일반상품관련거래,0,국내증권사,B,SF205,각주항목(09.06월 이후)
30244,202403,0010112,유화증권주식회사,C15,파생상품계약_장내파생상품_기타,0,국내증권사,B,SF205,각주항목(09.06월 이후)
30245,202403,0010112,유화증권주식회사,C2,파생상품계약_장외파생상품,0,국내증권사,B,SF205,각주항목(09.06월 이후)
30246,202403,0010112,유화증권주식회사,C21,파생상품계약_장외파생상품_이자율관련거래,0,국내증권사,B,SF205,각주항목(09.06월 이후)
30247,202403,0010112,유화증권주식회사,C22,파생상품계약_장외파생상품_통화관련거래,0,국내증권사,B,SF205,각주항목(09.06월 이후)
30248,202403,0010112,유화증권주식회사,C23,파생상품계약_장외파생상품_주식관련거래,0,국내증권사,B,SF205,각주항목(09.06월 이후)
30249,202403,0010112,유화증권주식회사,C24,파생상품계약_장외파생상품_신용관련거래,0,국내증권사,B,SF205,각주항목(09.06월 이후)
30250,202403,0010112,유화증권주식회사,C25,파생상품계약_장외파생상품_기타,0,국내증권사,B,SF205,각주항목(09.06월 이후)
30251,202403,0010112,유화증권주식회사,D,대차 및 대주거래,0,국내증권사,B,SF205,각주항목(09.06월 이후)
30252,202403,0010112,유화증권주식회사,D1,대차 및 대주거래_대여증권,0,국내증권사,B,SF205,각주항목(09.06월 이후)
30253,202403,0010112,유화증권주식회사,D2,대차 및 대주거래_차입증권,0,국내증권사,B,SF205,각주항목(09.06월 이후)
30254,202403,0010112,유화증권주식회사,D3,대차 및 대주거래_신용거래대주,0,국내증권사,B,SF205,각주항목(09.06월 이후)
30255,202403,0010112,유화증권주식회사,E,대손상각채권,0,국내증권사,B,SF205,각주항목(09.06월 이후)
30256,202403,0010112,유화증권주식회사,F,환전업무 예치금,0,국내증권사,B,SF205,각주항목(09.06월 이후)
30257,202403,0010112,유화증권주식회사,G,미배당별도예치금,0,국내증권사,B,SF205,각주항목(09.06월 이후)
30258,202403,0010112,유화증권주식회사,H,배서어음매출(종금계정),0,국내증권사,B,SF205,각주항목(09.06월 이후)
30259,202403,0010112,유화증권주식회사,H1,대출채권매매이익_담보부,0,국내증권사,B,SF205,각주항목(09.06월 이후)
30260,202403,0010112,유화증권주식회사,H2,대출채권매매이익_무담보부,0,국내증권사,B,SF205,각주항목(09.06월 이후)
30261,202406,0010112,유화증권주식회사,A,채무보증,0,국내증권사,B,SF205,각주항목(09.06월 이후)
30262,202406,0010112,유화증권주식회사,A1,채무보증_지급보증,0,국내증권사,B,SF205,각주항목(09.06월 이후)
30263,202406,0010112,유화증권주식회사,A2,채무보증_매입보장약정,0,국내증권사,B,SF205,각주항목(09.06월 이후)
30264,202406,0010112,유화증권주식회사,A3,채무보증_채무인수약정,0,국내증권사,B,SF205,각주항목(09.06월 이후)
30265,202406,0010112,유화증권주식회사,A5,채무보증_매입확약,0,국내증권사,B,SF205,각주항목(09.06월 이후)
30266,202406,0010112,유화증권주식회사,A6,채무보증_기타,0,국내증권사,B,SF205,각주항목(09.06월 이후)
30267,202406,0010112,유화증권주식회사,B,투자자의 예수증권 등,1609928868261,국내증권사,B,SF205,각주항목(09.06월 이후)
30268,202406,0010112,유화증권주식회사,B1,투자자의 예수증권 등_예수 증권,1609928868261,국내증권사,B,SF205,각주항목(09.06월 이후)
30269,202406,0010112,유화증권주식회사,B2,투자자의 예수증권 등_예수양도성예금증서,0,국내증권사,B,SF205,각주항목(09.06월 이후)
30270,202406,0010112,유화증권주식회사,B3,투자자의 예수증권 등_기타,0,국내증권사,B,SF205,각주항목(09.06월 이후)
30271,202406,0010112,유화증권주식회사,C,파생상품계약,0,국내증권사,B,SF205,각주항목(09.06월 이후)
30272,202406,0010112,유화증권주식회사,C1,파생상품계약_장내파생상품,0,국내증권사,B,SF205,각주항목(09.06월 이후)
30273,202406,0010112,유화증권주식회사,C11,파생상품계약_장내파생상품_이자율관련거래,0,국내증권사,B,SF205,각주항목(09.06월 이후)
30274,202406,0010112,유화증권주식회사,C12,파생상품계약_장내파생상품_통화관련거래,0,국내증권사,B,SF205,각주항목(09.06월 이후)
30275,202406,0010112,유화증권주식회사,C13,파생상품계약_장내파생상품_주식관련거래,0,국내증권사,B,SF205,각주항목(09.06월 이후)
30276,202406,0010112,유화증권주식회사,C14,파생상품계약_장내파생상품_일반상품관련거래,0,국내증권사,B,SF205,각주항목(09.06월 이후)
30277,202406,0010112,유화증권주식회사,C15,파생상품계약_장내파생상품_기타,0,국내증권사,B,SF205,각주항목(09.06월 이후)
30278,202406,0010112,유화증권주식회사,C2,파생상품계약_장외파생상품,0,국내증권사,B,SF205,각주항목(09.06월 이후)
30279,202406,0010112,유화증권주식회사,C21,파생상품계약_장외파생상품_이자율관련거래,0,국내증권사,B,SF205,각주항목(09.06월 이후)
30280,202406,0010112,유화증권주식회사,C22,파생상품계약_장외파생상품_통화관련거래,0,국내증권사,B,SF205,각주항목(09.06월 이후)
30281,202406,0010112,유화증권주식회사,C23,파생상품계약_장외파생상품_주식관련거래,0,국내증권사,B,SF205,각주항목(09.06월 이후)
30282,202406,0010112,유화증권주식회사,C24,파생상품계약_장외파생상품_신용관련거래,0,국내증권사,B,SF205,각주항목(09.06월 이후)
30283,202406,0010112,유화증권주식회사,C25,파생상품계약_장외파생상품_기타,0,국내증권사,B,SF205,각주항목(09.06월 이후)
30284,202406,0010112,유화증권주식회사,D,대차 및 대주거래,0,국내증권사,B,SF205,각주항목(09.06월 이후)
30285,202406,0010112,유화증권주식회사,D1,대차 및 대주거래_대여증권,0,국내증권사,B,SF205,각주항목(09.06월 이후)
30286,202406,0010112,유화증권주식회사,D2,대차 및 대주거래_차입증권,0,국내증권사,B,SF205,각주항목(09.06월 이후)
30287,202406,0010112,유화증권주식회사,D3,대차 및 대주거래_신용거래대주,0,국내증권사,B,SF205,각주항목(09.06월 이후)
30288,202406,0010112,유화증권주식회사,E,대손상각채권,0,국내증권사,B,SF205,각주항목(09.06월 이후)
30289,202406,0010112,유화증권주식회사,F,환전업무 예치금,0,국내증권사,B,SF205,각주항목(09.06월 이후)
30290,202406,0010112,유화증권주식회사,G,미배당별도예치금,0,국내증권사,B,SF205,각주항목(09.06월 이후)
30291,202406,0010112,유화증권주식회사,H,배서어음매출(종금계정),0,국내증권사,B,SF205,각주항목(09.06월 이후)
30292,202406,0010112,유화증권주식회사,H1,대출채권매매이익_담보부,0,국내증권사,B,SF205,각주항목(09.06월 이후)
30293,202406,0010112,유화증권주식회사,H2,대출채권매매이익_무담보부,0,국내증권사,B,SF205,각주항목(09.06월 이후)
30294,202409,0010112,유화증권주식회사,A,채무보증,0,국내증권사,B,SF205,각주항목(09.06월 이후)
30295,202409,0010112,유화증권주식회사,A1,채무보증_지급보증,0,국내증권사,B,SF205,각주항목(09.06월 이후)
30296,202409,0010112,유화증권주식회사,A2,채무보증_매입보장약정,0,국내증권사,B,SF205,각주항목(09.06월 이후)
30297,202409,0010112,유화증권주식회사,A3,채무보증_채무인수약정,0,국내증권사,B,SF205,각주항목(09.06월 이후)
30298,202409,0010112,유화증권주식회사,A5,채무보증_매입확약,0,국내증권사,B,SF205,각주항목(09.06월 이후)
30299,202409,0010112,유화증권주식회사,A6,채무보증_기타,0,국내증권사,B,SF205,각주항목(09.06월 이후)
30300,202409,0010112,유화증권주식회사,B,투자자의 예수증권 등,1304474070872,국내증권사,B,SF205,각주항목(09.06월 이후)
30301,202409,0010112,유화증권주식회사,B1,투자자의 예수증권 등_예수 증권,1304474070872,국내증권사,B,SF205,각주항목(09.06월 이후)
30302,202409,0010112,유화증권주식회사,B2,투자자의 예수증권 등_예수양도성예금증서,0,국내증권사,B,SF205,각주항목(09.06월 이후)
30303,202409,0010112,유화증권주식회사,B3,투자자의 예수증권 등_기타,0,국내증권사,B,SF205,각주항목(09.06월 이후)
30304,202409,0010112,유화증권주식회사,C,파생상품계약,0,국내증권사,B,SF205,각주항목(09.06월 이후)
30305,202409,0010112,유화증권주식회사,C1,파생상품계약_장내파생상품,0,국내증권사,B,SF205,각주항목(09.06월 이후)
30306,202409,0010112,유화증권주식회사,C11,파생상품계약_장내파생상품_이자율관련거래,0,국내증권사,B,SF205,각주항목(09.06월 이후)
30307,202409,0010112,유화증권주식회사,C12,파생상품계약_장내파생상품_통화관련거래,0,국내증권사,B,SF205,각주항목(09.06월 이후)
30308,202409,0010112,유화증권주식회사,C13,파생상품계약_장내파생상품_주식관련거래,0,국내증권사,B,SF205,각주항목(09.06월 이후)
30309,202409,0010112,유화증권주식회사,C14,파생상품계약_장내파생상품_일반상품관련거래,0,국내증권사,B,SF205,각주항목(09.06월 이후)
30310,202409,0010112,유화증권주식회사,C15,파생상품계약_장내파생상품_기타,0,국내증권사,B,SF205,각주항목(09.06월 이후)
30311,202409,0010112,유화증권주식회사,C2,파생상품계약_장외파생상품,0,국내증권사,B,SF205,각주항목(09.06월 이후)
30312,202409,0010112,유화증권주식회사,C21,파생상품계약_장외파생상품_이자율관련거래,0,국내증권사,B,SF205,각주항목(09.06월 이후)
30313,202409,0010112,유화증권주식회사,C22,파생상품계약_장외파생상품_통화관련거래,0,국내증권사,B,SF205,각주항목(09.06월 이후)
30314,202409,0010112,유화증권주식회사,C23,파생상품계약_장외파생상품_주식관련거래,0,국내증권사,B,SF205,각주항목(09.06월 이후)
30315,202409,0010112,유화증권주식회사,C24,파생상품계약_장외파생상품_신용관련거래,0,국내증권사,B,SF205,각주항목(09.06월 이후)
30316,202409,0010112,유화증권주식회사,C25,파생상품계약_장외파생상품_기타,0,국내증권사,B,SF205,각주항목(09.06월 이후)
30317,202409,0010112,유화증권주식회사,D,대차 및 대주거래,0,국내증권사,B,SF205,각주항목(09.06월 이후)
30318,202409,0010112,유화증권주식회사,D1,대차 및 대주거래_대여증권,0,국내증권사,B,SF205,각주항목(09.06월 이후)
30319,202409,0010112,유화증권주식회사,D2,대차 및 대주거래_차입증권,0,국내증권사,B,SF205,각주항목(09.06월 이후)
30320,202409,0010112,유화증권주식회사,D3,대차 및 대주거래_신용거래대주,0,국내증권사,B,SF205,각주항목(09.06월 이후)
30321,202409,0010112,유화증권주식회사,E,대손상각채권,0,국내증권사,B,SF205,각주항목(09.06월 이후)
30322,202409,0010112,유화증권주식회사,F,환전업무 예치금,0,국내증권사,B,SF205,각주항목(09.06월 이후)
30323,202409,0010112,유화증권주식회사,G,미배당별도예치금,0,국내증권사,B,SF205,각주항목(09.06월 이후)
30324,202409,0010112,유화증권주식회사,H,배서어음매출(종금계정),0,국내증권사,B,SF205,각주항목(09.06월 이후)
30325,202409,0010112,유화증권주식회사,H1,대출채권매매이익_담보부,0,국내증권사,B,SF205,각주항목(09.06월 이후)
30326,202409,0010112,유화증권주식회사,H2,대출채권매매이익_무담보부,0,국내증권사,B,SF205,각주항목(09.06월 이후)
30327,202412,0010112,유화증권주식회사,A,채무보증,0,국내증권사,B,SF205,각주항목(09.06월 이후)
30328,202412,0010112,유화증권주식회사,A1,채무보증_지급보증,0,국내증권사,B,SF205,각주항목(09.06월 이후)
30329,202412,0010112,유화증권주식회사,A2,채무보증_매입보장약정,0,국내증권사,B,SF205,각주항목(09.06월 이후)
30330,202412,0010112,유화증권주식회사,A3,채무보증_채무인수약정,0,국내증권사,B,SF205,각주항목(09.06월 이후)
30331,202412,0010112,유화증권주식회사,A5,채무보증_매입확약,0,국내증권사,B,SF205,각주항목(09.06월 이후)
30332,202412,0010112,유화증권주식회사,A6,채무보증_기타,0,국내증권사,B,SF205,각주항목(09.06월 이후)
30333,202412,0010112,유화증권주식회사,B,투자자의 예수증권 등,1072831282245,국내증권사,B,SF205,각주항목(09.06월 이후)
30334,202412,0010112,유화증권주식회사,B1,투자자의 예수증권 등_예수 증권,1072831282245,국내증권사,B,SF205,각주항목(09.06월 이후)
30335,202412,0010112,유화증권주식회사,B2,투자자의 예수증권 등_예수양도성예금증서,0,국내증권사,B,SF205,각주항목(09.06월 이후)
30336,202412,0010112,유화증권주식회사,B3,투자자의 예수증권 등_기타,0,국내증권사,B,SF205,각주항목(09.06월 이후)
30337,202412,0010112,유화증권주식회사,C,파생상품계약,0,국내증권사,B,SF205,각주항목(09.06월 이후)
30338,202412,0010112,유화증권주식회사,C1,파생상품계약_장내파생상품,0,국내증권사,B,SF205,각주항목(09.06월 이후)
30339,202412,0010112,유화증권주식회사,C11,파생상품계약_장내파생상품_이자율관련거래,0,국내증권사,B,SF205,각주항목(09.06월 이후)
30340,202412,0010112,유화증권주식회사,C12,파생상품계약_장내파생상품_통화관련거래,0,국내증권사,B,SF205,각주항목(09.06월 이후)
30341,202412,0010112,유화증권주식회사,C13,파생상품계약_장내파생상품_주식관련거래,0,국내증권사,B,SF205,각주항목(09.06월 이후)
30342,202412,0010112,유화증권주식회사,C14,파생상품계약_장내파생상품_일반상품관련거래,0,국내증권사,B,SF205,각주항목(09.06월 이후)
30343,202412,0010112,유화증권주식회사,C15,파생상품계약_장내파생상품_기타,0,국내증권사,B,SF205,각주항목(09.06월 이후)
30344,202412,0010112,유화증권주식회사,C2,파생상품계약_장외파생상품,0,국내증권사,B,SF205,각주항목(09.06월 이후)
30345,202412,0010112,유화증권주식회사,C21,파생상품계약_장외파생상품_이자율관련거래,0,국내증권사,B,SF205,각주항목(09.06월 이후)
30346,202412,0010112,유화증권주식회사,C22,파생상품계약_장외파생상품_통화관련거래,0,국내증권사,B,SF205,각주항목(09.06월 이후)
30347,202412,0010112,유화증권주식회사,C23,파생상품계약_장외파생상품_주식관련거래,0,국내증권사,B,SF205,각주항목(09.06월 이후)
30348,202412,0010112,유화증권주식회사,C24,파생상품계약_장외파생상품_신용관련거래,0,국내증권사,B,SF205,각주항목(09.06월 이후)
30349,202412,0010112,유화증권주식회사,C25,파생상품계약_장외파생상품_기타,0,국내증권사,B,SF205,각주항목(09.06월 이후)
30350,202412,0010112,유화증권주식회사,D,대차 및 대주거래,0,국내증권사,B,SF205,각주항목(09.06월 이후)
30351,202412,0010112,유화증권주식회사,D1,대차 및 대주거래_대여증권,0,국내증권사,B,SF205,각주항목(09.06월 이후)
30352,202412,0010112,유화증권주식회사,D2,대차 및 대주거래_차입증권,0,국내증권사,B,SF205,각주항목(09.06월 이후)
30353,202412,0010112,유화증권주식회사,D3,대차 및 대주거래_신용거래대주,0,국내증권사,B,SF205,각주항목(09.06월 이후)
30354,202412,0010112,유화증권주식회사,E,대손상각채권,0,국내증권사,B,SF205,각주항목(09.06월 이후)
30355,202412,0010112,유화증권주식회사,F,환전업무 예치금,0,국내증권사,B,SF205,각주항목(09.06월 이후)
30356,202412,0010112,유화증권주식회사,G,미배당별도예치금,0,국내증권사,B,SF205,각주항목(09.06월 이후)
30357,202412,0010112,유화증권주식회사,H,배서어음매출(종금계정),0,국내증권사,B,SF205,각주항목(09.06월 이후)
30358,202412,0010112,유화증권주식회사,H1,대출채권매매이익_담보부,0,국내증권사,B,SF205,각주항목(09.06월 이후)
30359,202412,0010112,유화증권주식회사,H2,대출채권매매이익_무담보부,0,국내증권사,B,SF205,각주항목(09.06월 이후)
30360,201703,0010128,주식회사 아이엠증권,A,채무보증,909800000000,국내증권사,B,SF205,각주항목(09.06월 이후)
30361,201703,0010128,주식회사 아이엠증권,A1,채무보증_지급보증,40000000000,국내증권사,B,SF205,각주항목(09.06월 이후)
30362,201703,0010128,주식회사 아이엠증권,A2,채무보증_매입보장약정,10000000000,국내증권사,B,SF205,각주항목(09.06월 이후)
30363,201703,0010128,주식회사 아이엠증권,A3,채무보증_채무인수약정, ,국내증권사,B,SF205,각주항목(09.06월 이후)
30364,201703,0010128,주식회사 아이엠증권,A5,채무보증_매입확약,859800000000,국내증권사,B,SF205,각주항목(09.06월 이후)
30365,201703,0010128,주식회사 아이엠증권,A6,채무보증_기타, ,국내증권사,B,SF205,각주항목(09.06월 이후)
30366,201703,0010128,주식회사 아이엠증권,B,투자자의 예수증권 등,17712403346359,국내증권사,B,SF205,각주항목(09.06월 이후)
30367,201703,0010128,주식회사 아이엠증권,B1,투자자의 예수증권 등_예수 증권,17712403346359,국내증권사,B,SF205,각주항목(09.06월 이후)
30368,201703,0010128,주식회사 아이엠증권,B2,투자자의 예수증권 등_예수양도성예금증서, ,국내증권사,B,SF205,각주항목(09.06월 이후)
30369,201703,0010128,주식회사 아이엠증권,B3,투자자의 예수증권 등_기타, ,국내증권사,B,SF205,각주항목(09.06월 이후)
30370,201703,0010128,주식회사 아이엠증권,C,파생상품계약,1884999545848,국내증권사,B,SF205,각주항목(09.06월 이후)
30371,201703,0010128,주식회사 아이엠증권,C1,파생상품계약_장내파생상품,595688922956,국내증권사,B,SF205,각주항목(09.06월 이후)
30372,201703,0010128,주식회사 아이엠증권,C11,파생상품계약_장내파생상품_이자율관련거래,520684600000,국내증권사,B,SF205,각주항목(09.06월 이후)
30373,201703,0010128,주식회사 아이엠증권,C12,파생상품계약_장내파생상품_통화관련거래,20445716000,국내증권사,B,SF205,각주항목(09.06월 이후)
30374,201703,0010128,주식회사 아이엠증권,C13,파생상품계약_장내파생상품_주식관련거래,51786041560,국내증권사,B,SF205,각주항목(09.06월 이후)
30375,201703,0010128,주식회사 아이엠증권,C14,파생상품계약_장내파생상품_일반상품관련거래,2772565396,국내증권사,B,SF205,각주항목(09.06월 이후)
30376,201703,0010128,주식회사 아이엠증권,C15,파생상품계약_장내파생상품_기타,0,국내증권사,B,SF205,각주항목(09.06월 이후)
30377,201703,0010128,주식회사 아이엠증권,C2,파생상품계약_장외파생상품,1289310622892,국내증권사,B,SF205,각주항목(09.06월 이후)
30378,201703,0010128,주식회사 아이엠증권,C21,파생상품계약_장외파생상품_이자율관련거래,540000000000,국내증권사,B,SF205,각주항목(09.06월 이후)
30379,201703,0010128,주식회사 아이엠증권,C22,파생상품계약_장외파생상품_통화관련거래,78527134892,국내증권사,B,SF205,각주항목(09.06월 이후)
30380,201703,0010128,주식회사 아이엠증권,C23,파생상품계약_장외파생상품_주식관련거래,670783488000,국내증권사,B,SF205,각주항목(09.06월 이후)
30381,201703,0010128,주식회사 아이엠증권,C24,파생상품계약_장외파생상품_신용관련거래,0,국내증권사,B,SF205,각주항목(09.06월 이후)
30382,201703,0010128,주식회사 아이엠증권,C25,파생상품계약_장외파생상품_기타,0,국내증권사,B,SF205,각주항목(09.06월 이후)
30383,201703,0010128,주식회사 아이엠증권,D,대차 및 대주거래,292946901623,국내증권사,B,SF205,각주항목(09.06월 이후)
30384,201703,0010128,주식회사 아이엠증권,D1,대차 및 대주거래_대여증권,0,국내증권사,B,SF205,각주항목(09.06월 이후)
30385,201703,0010128,주식회사 아이엠증권,D2,대차 및 대주거래_차입증권,292946901623,국내증권사,B,SF205,각주항목(09.06월 이후)
30386,201703,0010128,주식회사 아이엠증권,D3,대차 및 대주거래_신용거래대주, ,국내증권사,B,SF205,각주항목(09.06월 이후)
30387,201703,0010128,주식회사 아이엠증권,E,대손상각채권, ,국내증권사,B,SF205,각주항목(09.06월 이후)
30388,201703,0010128,주식회사 아이엠증권,F,환전업무 예치금,0,국내증권사,B,SF205,각주항목(09.06월 이후)
30389,201703,0010128,주식회사 아이엠증권,G,미배당별도예치금, ,국내증권사,B,SF205,각주항목(09.06월 이후)
30390,201703,0010128,주식회사 아이엠증권,H,배서어음매출(종금계정),0,국내증권사,B,SF205,각주항목(09.06월 이후)
30391,201703,0010128,주식회사 아이엠증권,H1,대출채권매매이익_담보부, ,국내증권사,B,SF205,각주항목(09.06월 이후)
30392,201703,0010128,주식회사 아이엠증권,H2,대출채권매매이익_무담보부, ,국내증권사,B,SF205,각주항목(09.06월 이후)
30393,201706,0010128,주식회사 아이엠증권,A,채무보증,919200000000,국내증권사,B,SF205,각주항목(09.06월 이후)
30394,201706,0010128,주식회사 아이엠증권,A1,채무보증_지급보증,40000000000,국내증권사,B,SF205,각주항목(09.06월 이후)
30395,201706,0010128,주식회사 아이엠증권,A2,채무보증_매입보장약정,10000000000,국내증권사,B,SF205,각주항목(09.06월 이후)
30396,201706,0010128,주식회사 아이엠증권,A3,채무보증_채무인수약정, ,국내증권사,B,SF205,각주항목(09.06월 이후)
30397,201706,0010128,주식회사 아이엠증권,A5,채무보증_매입확약,869200000000,국내증권사,B,SF205,각주항목(09.06월 이후)
30398,201706,0010128,주식회사 아이엠증권,A6,채무보증_기타, ,국내증권사,B,SF205,각주항목(09.06월 이후)
30399,201706,0010128,주식회사 아이엠증권,B,투자자의 예수증권 등,21165481548375,국내증권사,B,SF205,각주항목(09.06월 이후)
30400,201706,0010128,주식회사 아이엠증권,B1,투자자의 예수증권 등_예수 증권,21165481548375,국내증권사,B,SF205,각주항목(09.06월 이후)
30401,201706,0010128,주식회사 아이엠증권,B2,투자자의 예수증권 등_예수양도성예금증서, ,국내증권사,B,SF205,각주항목(09.06월 이후)
30402,201706,0010128,주식회사 아이엠증권,B3,투자자의 예수증권 등_기타, ,국내증권사,B,SF205,각주항목(09.06월 이후)
30403,201706,0010128,주식회사 아이엠증권,C,파생상품계약,2056032037413,국내증권사,B,SF205,각주항목(09.06월 이후)
30404,201706,0010128,주식회사 아이엠증권,C1,파생상품계약_장내파생상품,808215596886,국내증권사,B,SF205,각주항목(09.06월 이후)
30405,201706,0010128,주식회사 아이엠증권,C11,파생상품계약_장내파생상품_이자율관련거래,720181700000,국내증권사,B,SF205,각주항목(09.06월 이후)
30406,201706,0010128,주식회사 아이엠증권,C12,파생상품계약_장내파생상품_통화관련거래,23413879000,국내증권사,B,SF205,각주항목(09.06월 이후)
30407,201706,0010128,주식회사 아이엠증권,C13,파생상품계약_장내파생상품_주식관련거래,58530793206,국내증권사,B,SF205,각주항목(09.06월 이후)
30408,201706,0010128,주식회사 아이엠증권,C14,파생상품계약_장내파생상품_일반상품관련거래,6089224680,국내증권사,B,SF205,각주항목(09.06월 이후)
30409,201706,0010128,주식회사 아이엠증권,C15,파생상품계약_장내파생상품_기타,0,국내증권사,B,SF205,각주항목(09.06월 이후)
30410,201706,0010128,주식회사 아이엠증권,C2,파생상품계약_장외파생상품,1247816440527,국내증권사,B,SF205,각주항목(09.06월 이후)
30411,201706,0010128,주식회사 아이엠증권,C21,파생상품계약_장외파생상품_이자율관련거래,660000000000,국내증권사,B,SF205,각주항목(09.06월 이후)
30412,201706,0010128,주식회사 아이엠증권,C22,파생상품계약_장외파생상품_통화관련거래,79537030527,국내증권사,B,SF205,각주항목(09.06월 이후)
30413,201706,0010128,주식회사 아이엠증권,C23,파생상품계약_장외파생상품_주식관련거래,508279410000,국내증권사,B,SF205,각주항목(09.06월 이후)
30414,201706,0010128,주식회사 아이엠증권,C24,파생상품계약_장외파생상품_신용관련거래,0,국내증권사,B,SF205,각주항목(09.06월 이후)
30415,201706,0010128,주식회사 아이엠증권,C25,파생상품계약_장외파생상품_기타,0,국내증권사,B,SF205,각주항목(09.06월 이후)
30416,201706,0010128,주식회사 아이엠증권,D,대차 및 대주거래,195953256645,국내증권사,B,SF205,각주항목(09.06월 이후)
30417,201706,0010128,주식회사 아이엠증권,D1,대차 및 대주거래_대여증권,0,국내증권사,B,SF205,각주항목(09.06월 이후)
30418,201706,0010128,주식회사 아이엠증권,D2,대차 및 대주거래_차입증권,195953256645,국내증권사,B,SF205,각주항목(09.06월 이후)
30419,201706,0010128,주식회사 아이엠증권,D3,대차 및 대주거래_신용거래대주, ,국내증권사,B,SF205,각주항목(09.06월 이후)
30420,201706,0010128,주식회사 아이엠증권,E,대손상각채권, ,국내증권사,B,SF205,각주항목(09.06월 이후)
30421,201706,0010128,주식회사 아이엠증권,F,환전업무 예치금,0,국내증권사,B,SF205,각주항목(09.06월 이후)
30422,201706,0010128,주식회사 아이엠증권,G,미배당별도예치금, ,국내증권사,B,SF205,각주항목(09.06월 이후)
30423,201706,0010128,주식회사 아이엠증권,H,배서어음매출(종금계정),0,국내증권사,B,SF205,각주항목(09.06월 이후)
30424,201706,0010128,주식회사 아이엠증권,H1,대출채권매매이익_담보부, ,국내증권사,B,SF205,각주항목(09.06월 이후)
30425,201706,0010128,주식회사 아이엠증권,H2,대출채권매매이익_무담보부, ,국내증권사,B,SF205,각주항목(09.06월 이후)
30426,201709,0010128,주식회사 아이엠증권,A,채무보증,948100000000,국내증권사,B,SF205,각주항목(09.06월 이후)
30427,201709,0010128,주식회사 아이엠증권,A1,채무보증_지급보증,40000000000,국내증권사,B,SF205,각주항목(09.06월 이후)
30428,201709,0010128,주식회사 아이엠증권,A2,채무보증_매입보장약정,10000000000,국내증권사,B,SF205,각주항목(09.06월 이후)
30429,201709,0010128,주식회사 아이엠증권,A3,채무보증_채무인수약정, ,국내증권사,B,SF205,각주항목(09.06월 이후)
30430,201709,0010128,주식회사 아이엠증권,A5,채무보증_매입확약,898100000000,국내증권사,B,SF205,각주항목(09.06월 이후)
30431,201709,0010128,주식회사 아이엠증권,A6,채무보증_기타, ,국내증권사,B,SF205,각주항목(09.06월 이후)
30432,201709,0010128,주식회사 아이엠증권,B,투자자의 예수증권 등,18519340356995,국내증권사,B,SF205,각주항목(09.06월 이후)
30433,201709,0010128,주식회사 아이엠증권,B1,투자자의 예수증권 등_예수 증권,18519340356995,국내증권사,B,SF205,각주항목(09.06월 이후)
30434,201709,0010128,주식회사 아이엠증권,B2,투자자의 예수증권 등_예수양도성예금증서, ,국내증권사,B,SF205,각주항목(09.06월 이후)
30435,201709,0010128,주식회사 아이엠증권,B3,투자자의 예수증권 등_기타, ,국내증권사,B,SF205,각주항목(09.06월 이후)
30436,201709,0010128,주식회사 아이엠증권,C,파생상품계약,1744867685176,국내증권사,B,SF205,각주항목(09.06월 이후)
30437,201709,0010128,주식회사 아이엠증권,C1,파생상품계약_장내파생상품,591586599722,국내증권사,B,SF205,각주항목(09.06월 이후)
30438,201709,0010128,주식회사 아이엠증권,C11,파생상품계약_장내파생상품_이자율관련거래,423222550000,국내증권사,B,SF205,각주항목(09.06월 이후)
30439,201709,0010128,주식회사 아이엠증권,C12,파생상품계약_장내파생상품_통화관련거래,28772612000,국내증권사,B,SF205,각주항목(09.06월 이후)
30440,201709,0010128,주식회사 아이엠증권,C13,파생상품계약_장내파생상품_주식관련거래,134234058189,국내증권사,B,SF205,각주항목(09.06월 이후)
30441,201709,0010128,주식회사 아이엠증권,C14,파생상품계약_장내파생상품_일반상품관련거래,5357379533,국내증권사,B,SF205,각주항목(09.06월 이후)
30442,201709,0010128,주식회사 아이엠증권,C15,파생상품계약_장내파생상품_기타,0,국내증권사,B,SF205,각주항목(09.06월 이후)
30443,201709,0010128,주식회사 아이엠증권,C2,파생상품계약_장외파생상품,1153281085454,국내증권사,B,SF205,각주항목(09.06월 이후)
30444,201709,0010128,주식회사 아이엠증권,C21,파생상품계약_장외파생상품_이자율관련거래,660000000000,국내증권사,B,SF205,각주항목(09.06월 이후)
30445,201709,0010128,주식회사 아이엠증권,C22,파생상품계약_장외파생상품_통화관련거래,80067855454,국내증권사,B,SF205,각주항목(09.06월 이후)
30446,201709,0010128,주식회사 아이엠증권,C23,파생상품계약_장외파생상품_주식관련거래,413213230000,국내증권사,B,SF205,각주항목(09.06월 이후)
30447,201709,0010128,주식회사 아이엠증권,C24,파생상품계약_장외파생상품_신용관련거래,0,국내증권사,B,SF205,각주항목(09.06월 이후)
30448,201709,0010128,주식회사 아이엠증권,C25,파생상품계약_장외파생상품_기타,0,국내증권사,B,SF205,각주항목(09.06월 이후)
30449,201709,0010128,주식회사 아이엠증권,D,대차 및 대주거래,255947187852,국내증권사,B,SF205,각주항목(09.06월 이후)
30450,201709,0010128,주식회사 아이엠증권,D1,대차 및 대주거래_대여증권,0,국내증권사,B,SF205,각주항목(09.06월 이후)
30451,201709,0010128,주식회사 아이엠증권,D2,대차 및 대주거래_차입증권,255947187852,국내증권사,B,SF205,각주항목(09.06월 이후)
30452,201709,0010128,주식회사 아이엠증권,D3,대차 및 대주거래_신용거래대주, ,국내증권사,B,SF205,각주항목(09.06월 이후)
30453,201709,0010128,주식회사 아이엠증권,E,대손상각채권, ,국내증권사,B,SF205,각주항목(09.06월 이후)
30454,201709,0010128,주식회사 아이엠증권,F,환전업무 예치금,0,국내증권사,B,SF205,각주항목(09.06월 이후)
30455,201709,0010128,주식회사 아이엠증권,G,미배당별도예치금, ,국내증권사,B,SF205,각주항목(09.06월 이후)
30456,201709,0010128,주식회사 아이엠증권,H,배서어음매출(종금계정),0,국내증권사,B,SF205,각주항목(09.06월 이후)
30457,201709,0010128,주식회사 아이엠증권,H1,대출채권매매이익_담보부, ,국내증권사,B,SF205,각주항목(09.06월 이후)
30458,201709,0010128,주식회사 아이엠증권,H2,대출채권매매이익_무담보부, ,국내증권사,B,SF205,각주항목(09.06월 이후)
30459,201712,0010128,주식회사 아이엠증권,A,채무보증,931250000000,국내증권사,B,SF205,각주항목(09.06월 이후)
30460,201712,0010128,주식회사 아이엠증권,A1,채무보증_지급보증,40000000000,국내증권사,B,SF205,각주항목(09.06월 이후)
30461,201712,0010128,주식회사 아이엠증권,A2,채무보증_매입보장약정,10000000000,국내증권사,B,SF205,각주항목(09.06월 이후)
30462,201712,0010128,주식회사 아이엠증권,A3,채무보증_채무인수약정, ,국내증권사,B,SF205,각주항목(09.06월 이후)
30463,201712,0010128,주식회사 아이엠증권,A5,채무보증_매입확약,881250000000,국내증권사,B,SF205,각주항목(09.06월 이후)
30464,201712,0010128,주식회사 아이엠증권,A6,채무보증_기타, ,국내증권사,B,SF205,각주항목(09.06월 이후)
30465,201712,0010128,주식회사 아이엠증권,B,투자자의 예수증권 등,17876109138672,국내증권사,B,SF205,각주항목(09.06월 이후)
30466,201712,0010128,주식회사 아이엠증권,B1,투자자의 예수증권 등_예수 증권,17876109138672,국내증권사,B,SF205,각주항목(09.06월 이후)
30467,201712,0010128,주식회사 아이엠증권,B2,투자자의 예수증권 등_예수양도성예금증서, ,국내증권사,B,SF205,각주항목(09.06월 이후)
30468,201712,0010128,주식회사 아이엠증권,B3,투자자의 예수증권 등_기타, ,국내증권사,B,SF205,각주항목(09.06월 이후)
30469,201712,0010128,주식회사 아이엠증권,C,파생상품계약,1320837039094,국내증권사,B,SF205,각주항목(09.06월 이후)
30470,201712,0010128,주식회사 아이엠증권,C1,파생상품계약_장내파생상품,425674521292,국내증권사,B,SF205,각주항목(09.06월 이후)
30471,201712,0010128,주식회사 아이엠증권,C11,파생상품계약_장내파생상품_이자율관련거래,276822050000,국내증권사,B,SF205,각주항목(09.06월 이후)
30472,201712,0010128,주식회사 아이엠증권,C12,파생상품계약_장내파생상품_통화관련거래,27728541000,국내증권사,B,SF205,각주항목(09.06월 이후)
30473,201712,0010128,주식회사 아이엠증권,C13,파생상품계약_장내파생상품_주식관련거래,116134002646,국내증권사,B,SF205,각주항목(09.06월 이후)
30474,201712,0010128,주식회사 아이엠증권,C14,파생상품계약_장내파생상품_일반상품관련거래,4989927646,국내증권사,B,SF205,각주항목(09.06월 이후)
30475,201712,0010128,주식회사 아이엠증권,C15,파생상품계약_장내파생상품_기타,0,국내증권사,B,SF205,각주항목(09.06월 이후)
30476,201712,0010128,주식회사 아이엠증권,C2,파생상품계약_장외파생상품,895162517802,국내증권사,B,SF205,각주항목(09.06월 이후)
30477,201712,0010128,주식회사 아이엠증권,C21,파생상품계약_장외파생상품_이자율관련거래,660000000000,국내증권사,B,SF205,각주항목(09.06월 이후)
30478,201712,0010128,주식회사 아이엠증권,C22,파생상품계약_장외파생상품_통화관련거래,60523037802,국내증권사,B,SF205,각주항목(09.06월 이후)
30479,201712,0010128,주식회사 아이엠증권,C23,파생상품계약_장외파생상품_주식관련거래,174639480000,국내증권사,B,SF205,각주항목(09.06월 이후)
30480,201712,0010128,주식회사 아이엠증권,C24,파생상품계약_장외파생상품_신용관련거래,0,국내증권사,B,SF205,각주항목(09.06월 이후)
30481,201712,0010128,주식회사 아이엠증권,C25,파생상품계약_장외파생상품_기타,0,국내증권사,B,SF205,각주항목(09.06월 이후)
30482,201712,0010128,주식회사 아이엠증권,D,대차 및 대주거래,241632031199,국내증권사,B,SF205,각주항목(09.06월 이후)
30483,201712,0010128,주식회사 아이엠증권,D1,대차 및 대주거래_대여증권,0,국내증권사,B,SF205,각주항목(09.06월 이후)
30484,201712,0010128,주식회사 아이엠증권,D2,대차 및 대주거래_차입증권,241632031199,국내증권사,B,SF205,각주항목(09.06월 이후)
30485,201712,0010128,주식회사 아이엠증권,D3,대차 및 대주거래_신용거래대주, ,국내증권사,B,SF205,각주항목(09.06월 이후)
30486,201712,0010128,주식회사 아이엠증권,E,대손상각채권, ,국내증권사,B,SF205,각주항목(09.06월 이후)
30487,201712,0010128,주식회사 아이엠증권,F,환전업무 예치금,0,국내증권사,B,SF205,각주항목(09.06월 이후)
30488,201712,0010128,주식회사 아이엠증권,G,미배당별도예치금, ,국내증권사,B,SF205,각주항목(09.06월 이후)
30489,201712,0010128,주식회사 아이엠증권,H,배서어음매출(종금계정),0,국내증권사,B,SF205,각주항목(09.06월 이후)
30490,201712,0010128,주식회사 아이엠증권,H1,대출채권매매이익_담보부, ,국내증권사,B,SF205,각주항목(09.06월 이후)
30491,201712,0010128,주식회사 아이엠증권,H2,대출채권매매이익_무담보부, ,국내증권사,B,SF205,각주항목(09.06월 이후)
30492,201803,0010128,주식회사 아이엠증권,A,채무보증,825700000000,국내증권사,B,SF205,각주항목(09.06월 이후)
30493,201803,0010128,주식회사 아이엠증권,A1,채무보증_지급보증,40000000000,국내증권사,B,SF205,각주항목(09.06월 이후)
30494,201803,0010128,주식회사 아이엠증권,A2,채무보증_매입보장약정,10000000000,국내증권사,B,SF205,각주항목(09.06월 이후)
30495,201803,0010128,주식회사 아이엠증권,A3,채무보증_채무인수약정, ,국내증권사,B,SF205,각주항목(09.06월 이후)
30496,201803,0010128,주식회사 아이엠증권,A5,채무보증_매입확약,775700000000,국내증권사,B,SF205,각주항목(09.06월 이후)
30497,201803,0010128,주식회사 아이엠증권,A6,채무보증_기타, ,국내증권사,B,SF205,각주항목(09.06월 이후)
30498,201803,0010128,주식회사 아이엠증권,B,투자자의 예수증권 등,18423306053475,국내증권사,B,SF205,각주항목(09.06월 이후)
30499,201803,0010128,주식회사 아이엠증권,B1,투자자의 예수증권 등_예수 증권,18423306053475,국내증권사,B,SF205,각주항목(09.06월 이후)
30500,201803,0010128,주식회사 아이엠증권,B2,투자자의 예수증권 등_예수양도성예금증서, ,국내증권사,B,SF205,각주항목(09.06월 이후)
30501,201803,0010128,주식회사 아이엠증권,B3,투자자의 예수증권 등_기타, ,국내증권사,B,SF205,각주항목(09.06월 이후)
30502,201803,0010128,주식회사 아이엠증권,C,파생상품계약,1809608918069,국내증권사,B,SF205,각주항목(09.06월 이후)
30503,201803,0010128,주식회사 아이엠증권,C1,파생상품계약_장내파생상품,721675347108,국내증권사,B,SF205,각주항목(09.06월 이후)
30504,201803,0010128,주식회사 아이엠증권,C11,파생상품계약_장내파생상품_이자율관련거래,504450368828,국내증권사,B,SF205,각주항목(09.06월 이후)
30505,201803,0010128,주식회사 아이엠증권,C12,파생상품계약_장내파생상품_통화관련거래,40778640000,국내증권사,B,SF205,각주항목(09.06월 이후)
30506,201803,0010128,주식회사 아이엠증권,C13,파생상품계약_장내파생상품_주식관련거래,172827143867,국내증권사,B,SF205,각주항목(09.06월 이후)
30507,201803,0010128,주식회사 아이엠증권,C14,파생상품계약_장내파생상품_일반상품관련거래,3619194413,국내증권사,B,SF205,각주항목(09.06월 이후)
30508,201803,0010128,주식회사 아이엠증권,C15,파생상품계약_장내파생상품_기타,0,국내증권사,B,SF205,각주항목(09.06월 이후)
30509,201803,0010128,주식회사 아이엠증권,C2,파생상품계약_장외파생상품,1087933570961,국내증권사,B,SF205,각주항목(09.06월 이후)
30510,201803,0010128,주식회사 아이엠증권,C21,파생상품계약_장외파생상품_이자율관련거래,780000000000,국내증권사,B,SF205,각주항목(09.06월 이후)
30511,201803,0010128,주식회사 아이엠증권,C22,파생상품계약_장외파생상품_통화관련거래,60384630961,국내증권사,B,SF205,각주항목(09.06월 이후)
30512,201803,0010128,주식회사 아이엠증권,C23,파생상품계약_장외파생상품_주식관련거래,247548940000,국내증권사,B,SF205,각주항목(09.06월 이후)
30513,201803,0010128,주식회사 아이엠증권,C24,파생상품계약_장외파생상품_신용관련거래,0,국내증권사,B,SF205,각주항목(09.06월 이후)
30514,201803,0010128,주식회사 아이엠증권,C25,파생상품계약_장외파생상품_기타,0,국내증권사,B,SF205,각주항목(09.06월 이후)
30515,201803,0010128,주식회사 아이엠증권,D,대차 및 대주거래,186521431650,국내증권사,B,SF205,각주항목(09.06월 이후)
30516,201803,0010128,주식회사 아이엠증권,D1,대차 및 대주거래_대여증권,0,국내증권사,B,SF205,각주항목(09.06월 이후)
30517,201803,0010128,주식회사 아이엠증권,D2,대차 및 대주거래_차입증권,186521431650,국내증권사,B,SF205,각주항목(09.06월 이후)
30518,201803,0010128,주식회사 아이엠증권,D3,대차 및 대주거래_신용거래대주, ,국내증권사,B,SF205,각주항목(09.06월 이후)
30519,201803,0010128,주식회사 아이엠증권,E,대손상각채권, ,국내증권사,B,SF205,각주항목(09.06월 이후)
30520,201803,0010128,주식회사 아이엠증권,F,환전업무 예치금,0,국내증권사,B,SF205,각주항목(09.06월 이후)
30521,201803,0010128,주식회사 아이엠증권,G,미배당별도예치금, ,국내증권사,B,SF205,각주항목(09.06월 이후)
30522,201803,0010128,주식회사 아이엠증권,H,배서어음매출(종금계정),0,국내증권사,B,SF205,각주항목(09.06월 이후)
30523,201803,0010128,주식회사 아이엠증권,H1,대출채권매매이익_담보부, ,국내증권사,B,SF205,각주항목(09.06월 이후)
30524,201803,0010128,주식회사 아이엠증권,H2,대출채권매매이익_무담보부, ,국내증권사,B,SF205,각주항목(09.06월 이후)
30525,201806,0010128,주식회사 아이엠증권,A,채무보증,863100000000,국내증권사,B,SF205,각주항목(09.06월 이후)
30526,201806,0010128,주식회사 아이엠증권,A1,채무보증_지급보증,40000000000,국내증권사,B,SF205,각주항목(09.06월 이후)
30527,201806,0010128,주식회사 아이엠증권,A2,채무보증_매입보장약정, ,국내증권사,B,SF205,각주항목(09.06월 이후)
30528,201806,0010128,주식회사 아이엠증권,A3,채무보증_채무인수약정, ,국내증권사,B,SF205,각주항목(09.06월 이후)
30529,201806,0010128,주식회사 아이엠증권,A5,채무보증_매입확약,823100000000,국내증권사,B,SF205,각주항목(09.06월 이후)
30530,201806,0010128,주식회사 아이엠증권,A6,채무보증_기타, ,국내증권사,B,SF205,각주항목(09.06월 이후)
30531,201806,0010128,주식회사 아이엠증권,B,투자자의 예수증권 등,17718505253071,국내증권사,B,SF205,각주항목(09.06월 이후)
30532,201806,0010128,주식회사 아이엠증권,B1,투자자의 예수증권 등_예수 증권,17718505253071,국내증권사,B,SF205,각주항목(09.06월 이후)
30533,201806,0010128,주식회사 아이엠증권,B2,투자자의 예수증권 등_예수양도성예금증서, ,국내증권사,B,SF205,각주항목(09.06월 이후)
30534,201806,0010128,주식회사 아이엠증권,B3,투자자의 예수증권 등_기타, ,국내증권사,B,SF205,각주항목(09.06월 이후)
30535,201806,0010128,주식회사 아이엠증권,C,파생상품계약,1980786663572,국내증권사,B,SF205,각주항목(09.06월 이후)
30536,201806,0010128,주식회사 아이엠증권,C1,파생상품계약_장내파생상품,1376999859690,국내증권사,B,SF205,각주항목(09.06월 이후)
30537,201806,0010128,주식회사 아이엠증권,C11,파생상품계약_장내파생상품_이자율관련거래,1088258340703,국내증권사,B,SF205,각주항목(09.06월 이후)
30538,201806,0010128,주식회사 아이엠증권,C12,파생상품계약_장내파생상품_통화관련거래,71747109000,국내증권사,B,SF205,각주항목(09.06월 이후)
30539,201806,0010128,주식회사 아이엠증권,C13,파생상품계약_장내파생상품_주식관련거래,212535125288,국내증권사,B,SF205,각주항목(09.06월 이후)
30540,201806,0010128,주식회사 아이엠증권,C14,파생상품계약_장내파생상품_일반상품관련거래,4459284699,국내증권사,B,SF205,각주항목(09.06월 이후)
30541,201806,0010128,주식회사 아이엠증권,C15,파생상품계약_장내파생상품_기타,0,국내증권사,B,SF205,각주항목(09.06월 이후)
30542,201806,0010128,주식회사 아이엠증권,C2,파생상품계약_장외파생상품,603786803882,국내증권사,B,SF205,각주항목(09.06월 이후)
30543,201806,0010128,주식회사 아이엠증권,C21,파생상품계약_장외파생상품_이자율관련거래,350000000000,국내증권사,B,SF205,각주항목(09.06월 이후)
30544,201806,0010128,주식회사 아이엠증권,C22,파생상품계약_장외파생상품_통화관련거래,61981908882,국내증권사,B,SF205,각주항목(09.06월 이후)
30545,201806,0010128,주식회사 아이엠증권,C23,파생상품계약_장외파생상품_주식관련거래,191804895000,국내증권사,B,SF205,각주항목(09.06월 이후)
30546,201806,0010128,주식회사 아이엠증권,C24,파생상품계약_장외파생상품_신용관련거래,0,국내증권사,B,SF205,각주항목(09.06월 이후)
30547,201806,0010128,주식회사 아이엠증권,C25,파생상품계약_장외파생상품_기타,0,국내증권사,B,SF205,각주항목(09.06월 이후)
30548,201806,0010128,주식회사 아이엠증권,D,대차 및 대주거래,186586263053,국내증권사,B,SF205,각주항목(09.06월 이후)
30549,201806,0010128,주식회사 아이엠증권,D1,대차 및 대주거래_대여증권,0,국내증권사,B,SF205,각주항목(09.06월 이후)
30550,201806,0010128,주식회사 아이엠증권,D2,대차 및 대주거래_차입증권,186586263053,국내증권사,B,SF205,각주항목(09.06월 이후)
30551,201806,0010128,주식회사 아이엠증권,D3,대차 및 대주거래_신용거래대주, ,국내증권사,B,SF205,각주항목(09.06월 이후)
30552,201806,0010128,주식회사 아이엠증권,E,대손상각채권, ,국내증권사,B,SF205,각주항목(09.06월 이후)
30553,201806,0010128,주식회사 아이엠증권,F,환전업무 예치금,0,국내증권사,B,SF205,각주항목(09.06월 이후)
30554,201806,0010128,주식회사 아이엠증권,G,미배당별도예치금, ,국내증권사,B,SF205,각주항목(09.06월 이후)
30555,201806,0010128,주식회사 아이엠증권,H,배서어음매출(종금계정),0,국내증권사,B,SF205,각주항목(09.06월 이후)
30556,201806,0010128,주식회사 아이엠증권,H1,대출채권매매이익_담보부, ,국내증권사,B,SF205,각주항목(09.06월 이후)
30557,201806,0010128,주식회사 아이엠증권,H2,대출채권매매이익_무담보부, ,국내증권사,B,SF205,각주항목(09.06월 이후)
30558,201809,0010128,주식회사 아이엠증권,A,채무보증,717400000000,국내증권사,B,SF205,각주항목(09.06월 이후)
30559,201809,0010128,주식회사 아이엠증권,A1,채무보증_지급보증,40000000000,국내증권사,B,SF205,각주항목(09.06월 이후)
30560,201809,0010128,주식회사 아이엠증권,A2,채무보증_매입보장약정, ,국내증권사,B,SF205,각주항목(09.06월 이후)
30561,201809,0010128,주식회사 아이엠증권,A3,채무보증_채무인수약정, ,국내증권사,B,SF205,각주항목(09.06월 이후)
30562,201809,0010128,주식회사 아이엠증권,A5,채무보증_매입확약,677400000000,국내증권사,B,SF205,각주항목(09.06월 이후)
30563,201809,0010128,주식회사 아이엠증권,A6,채무보증_기타, ,국내증권사,B,SF205,각주항목(09.06월 이후)
30564,201809,0010128,주식회사 아이엠증권,B,투자자의 예수증권 등,17791295973054,국내증권사,B,SF205,각주항목(09.06월 이후)
30565,201809,0010128,주식회사 아이엠증권,B1,투자자의 예수증권 등_예수 증권,17791295973054,국내증권사,B,SF205,각주항목(09.06월 이후)
30566,201809,0010128,주식회사 아이엠증권,B2,투자자의 예수증권 등_예수양도성예금증서, ,국내증권사,B,SF205,각주항목(09.06월 이후)
30567,201809,0010128,주식회사 아이엠증권,B3,투자자의 예수증권 등_기타, ,국내증권사,B,SF205,각주항목(09.06월 이후)
30568,201809,0010128,주식회사 아이엠증권,C,파생상품계약,1592115185681,국내증권사,B,SF205,각주항목(09.06월 이후)
30569,201809,0010128,주식회사 아이엠증권,C1,파생상품계약_장내파생상품,934620631922,국내증권사,B,SF205,각주항목(09.06월 이후)
30570,201809,0010128,주식회사 아이엠증권,C11,파생상품계약_장내파생상품_이자율관련거래,629544581016,국내증권사,B,SF205,각주항목(09.06월 이후)
30571,201809,0010128,주식회사 아이엠증권,C12,파생상품계약_장내파생상품_통화관련거래,84216022000,국내증권사,B,SF205,각주항목(09.06월 이후)
30572,201809,0010128,주식회사 아이엠증권,C13,파생상품계약_장내파생상품_주식관련거래,217848422903,국내증권사,B,SF205,각주항목(09.06월 이후)
30573,201809,0010128,주식회사 아이엠증권,C14,파생상품계약_장내파생상품_일반상품관련거래,3011606003,국내증권사,B,SF205,각주항목(09.06월 이후)
30574,201809,0010128,주식회사 아이엠증권,C15,파생상품계약_장내파생상품_기타,0,국내증권사,B,SF205,각주항목(09.06월 이후)
30575,201809,0010128,주식회사 아이엠증권,C2,파생상품계약_장외파생상품,657494553759,국내증권사,B,SF205,각주항목(09.06월 이후)
30576,201809,0010128,주식회사 아이엠증권,C21,파생상품계약_장외파생상품_이자율관련거래,350000000000,국내증권사,B,SF205,각주항목(09.06월 이후)
30577,201809,0010128,주식회사 아이엠증권,C22,파생상품계약_장외파생상품_통화관련거래,61729138759,국내증권사,B,SF205,각주항목(09.06월 이후)
30578,201809,0010128,주식회사 아이엠증권,C23,파생상품계약_장외파생상품_주식관련거래,245765415000,국내증권사,B,SF205,각주항목(09.06월 이후)
30579,201809,0010128,주식회사 아이엠증권,C24,파생상품계약_장외파생상품_신용관련거래,0,국내증권사,B,SF205,각주항목(09.06월 이후)
30580,201809,0010128,주식회사 아이엠증권,C25,파생상품계약_장외파생상품_기타,0,국내증권사,B,SF205,각주항목(09.06월 이후)
30581,201809,0010128,주식회사 아이엠증권,D,대차 및 대주거래,86889521193,국내증권사,B,SF205,각주항목(09.06월 이후)
30582,201809,0010128,주식회사 아이엠증권,D1,대차 및 대주거래_대여증권,0,국내증권사,B,SF205,각주항목(09.06월 이후)
30583,201809,0010128,주식회사 아이엠증권,D2,대차 및 대주거래_차입증권,86889521193,국내증권사,B,SF205,각주항목(09.06월 이후)
30584,201809,0010128,주식회사 아이엠증권,D3,대차 및 대주거래_신용거래대주, ,국내증권사,B,SF205,각주항목(09.06월 이후)
30585,201809,0010128,주식회사 아이엠증권,E,대손상각채권, ,국내증권사,B,SF205,각주항목(09.06월 이후)
30586,201809,0010128,주식회사 아이엠증권,F,환전업무 예치금,0,국내증권사,B,SF205,각주항목(09.06월 이후)
30587,201809,0010128,주식회사 아이엠증권,G,미배당별도예치금, ,국내증권사,B,SF205,각주항목(09.06월 이후)
30588,201809,0010128,주식회사 아이엠증권,H,배서어음매출(종금계정),0,국내증권사,B,SF205,각주항목(09.06월 이후)
30589,201809,0010128,주식회사 아이엠증권,H1,대출채권매매이익_담보부, ,국내증권사,B,SF205,각주항목(09.06월 이후)
30590,201809,0010128,주식회사 아이엠증권,H2,대출채권매매이익_무담보부, ,국내증권사,B,SF205,각주항목(09.06월 이후)
30591,201812,0010128,주식회사 아이엠증권,A,채무보증,759000000000,국내증권사,B,SF205,각주항목(09.06월 이후)
30592,201812,0010128,주식회사 아이엠증권,A1,채무보증_지급보증,40000000000,국내증권사,B,SF205,각주항목(09.06월 이후)
30593,201812,0010128,주식회사 아이엠증권,A2,채무보증_매입보장약정, ,국내증권사,B,SF205,각주항목(09.06월 이후)
30594,201812,0010128,주식회사 아이엠증권,A3,채무보증_채무인수약정, ,국내증권사,B,SF205,각주항목(09.06월 이후)
30595,201812,0010128,주식회사 아이엠증권,A5,채무보증_매입확약,719000000000,국내증권사,B,SF205,각주항목(09.06월 이후)
30596,201812,0010128,주식회사 아이엠증권,A6,채무보증_기타, ,국내증권사,B,SF205,각주항목(09.06월 이후)
30597,201812,0010128,주식회사 아이엠증권,B,투자자의 예수증권 등,16900453022499,국내증권사,B,SF205,각주항목(09.06월 이후)
30598,201812,0010128,주식회사 아이엠증권,B1,투자자의 예수증권 등_예수 증권,16900453022499,국내증권사,B,SF205,각주항목(09.06월 이후)
30599,201812,0010128,주식회사 아이엠증권,B2,투자자의 예수증권 등_예수양도성예금증서, ,국내증권사,B,SF205,각주항목(09.06월 이후)
30600,201812,0010128,주식회사 아이엠증권,B3,투자자의 예수증권 등_기타, ,국내증권사,B,SF205,각주항목(09.06월 이후)
30601,201812,0010128,주식회사 아이엠증권,C,파생상품계약,3325098086176,국내증권사,B,SF205,각주항목(09.06월 이후)
30602,201812,0010128,주식회사 아이엠증권,C1,파생상품계약_장내파생상품,2822709356441,국내증권사,B,SF205,각주항목(09.06월 이후)
30603,201812,0010128,주식회사 아이엠증권,C11,파생상품계약_장내파생상품_이자율관련거래,2469512638994,국내증권사,B,SF205,각주항목(09.06월 이후)
30604,201812,0010128,주식회사 아이엠증권,C12,파생상품계약_장내파생상품_통화관련거래,105971160000,국내증권사,B,SF205,각주항목(09.06월 이후)
30605,201812,0010128,주식회사 아이엠증권,C13,파생상품계약_장내파생상품_주식관련거래,244276691688,국내증권사,B,SF205,각주항목(09.06월 이후)
30606,201812,0010128,주식회사 아이엠증권,C14,파생상품계약_장내파생상품_일반상품관련거래,2948865759,국내증권사,B,SF205,각주항목(09.06월 이후)
30607,201812,0010128,주식회사 아이엠증권,C15,파생상품계약_장내파생상품_기타,0,국내증권사,B,SF205,각주항목(09.06월 이후)
30608,201812,0010128,주식회사 아이엠증권,C2,파생상품계약_장외파생상품,502388729735,국내증권사,B,SF205,각주항목(09.06월 이후)
30609,201812,0010128,주식회사 아이엠증권,C21,파생상품계약_장외파생상품_이자율관련거래,160000000000,국내증권사,B,SF205,각주항목(09.06월 이후)
30610,201812,0010128,주식회사 아이엠증권,C22,파생상품계약_장외파생상품_통화관련거래,61842139735,국내증권사,B,SF205,각주항목(09.06월 이후)
30611,201812,0010128,주식회사 아이엠증권,C23,파생상품계약_장외파생상품_주식관련거래,280546590000,국내증권사,B,SF205,각주항목(09.06월 이후)
30612,201812,0010128,주식회사 아이엠증권,C24,파생상품계약_장외파생상품_신용관련거래,0,국내증권사,B,SF205,각주항목(09.06월 이후)
30613,201812,0010128,주식회사 아이엠증권,C25,파생상품계약_장외파생상품_기타,0,국내증권사,B,SF205,각주항목(09.06월 이후)
30614,201812,0010128,주식회사 아이엠증권,D,대차 및 대주거래,117397108697,국내증권사,B,SF205,각주항목(09.06월 이후)
30615,201812,0010128,주식회사 아이엠증권,D1,대차 및 대주거래_대여증권,0,국내증권사,B,SF205,각주항목(09.06월 이후)
30616,201812,0010128,주식회사 아이엠증권,D2,대차 및 대주거래_차입증권,117397108697,국내증권사,B,SF205,각주항목(09.06월 이후)
30617,201812,0010128,주식회사 아이엠증권,D3,대차 및 대주거래_신용거래대주, ,국내증권사,B,SF205,각주항목(09.06월 이후)
30618,201812,0010128,주식회사 아이엠증권,E,대손상각채권, ,국내증권사,B,SF205,각주항목(09.06월 이후)
30619,201812,0010128,주식회사 아이엠증권,F,환전업무 예치금,0,국내증권사,B,SF205,각주항목(09.06월 이후)
30620,201812,0010128,주식회사 아이엠증권,G,미배당별도예치금, ,국내증권사,B,SF205,각주항목(09.06월 이후)
30621,201812,0010128,주식회사 아이엠증권,H,배서어음매출(종금계정),0,국내증권사,B,SF205,각주항목(09.06월 이후)
30622,201812,0010128,주식회사 아이엠증권,H1,대출채권매매이익_담보부, ,국내증권사,B,SF205,각주항목(09.06월 이후)
30623,201812,0010128,주식회사 아이엠증권,H2,대출채권매매이익_무담보부, ,국내증권사,B,SF205,각주항목(09.06월 이후)
30624,201903,0010128,주식회사 아이엠증권,A,채무보증,844800000000,국내증권사,B,SF205,각주항목(09.06월 이후)
30625,201903,0010128,주식회사 아이엠증권,A1,채무보증_지급보증,40000000000,국내증권사,B,SF205,각주항목(09.06월 이후)
30626,201903,0010128,주식회사 아이엠증권,A2,채무보증_매입보장약정, ,국내증권사,B,SF205,각주항목(09.06월 이후)
30627,201903,0010128,주식회사 아이엠증권,A3,채무보증_채무인수약정, ,국내증권사,B,SF205,각주항목(09.06월 이후)
30628,201903,0010128,주식회사 아이엠증권,A5,채무보증_매입확약,804800000000,국내증권사,B,SF205,각주항목(09.06월 이후)
30629,201903,0010128,주식회사 아이엠증권,A6,채무보증_기타, ,국내증권사,B,SF205,각주항목(09.06월 이후)
30630,201903,0010128,주식회사 아이엠증권,B,투자자의 예수증권 등,18670907658763,국내증권사,B,SF205,각주항목(09.06월 이후)
30631,201903,0010128,주식회사 아이엠증권,B1,투자자의 예수증권 등_예수 증권,18670907658763,국내증권사,B,SF205,각주항목(09.06월 이후)
30632,201903,0010128,주식회사 아이엠증권,B2,투자자의 예수증권 등_예수양도성예금증서, ,국내증권사,B,SF205,각주항목(09.06월 이후)
30633,201903,0010128,주식회사 아이엠증권,B3,투자자의 예수증권 등_기타, ,국내증권사,B,SF205,각주항목(09.06월 이후)
30634,201903,0010128,주식회사 아이엠증권,C,파생상품계약,4010997155318,국내증권사,B,SF205,각주항목(09.06월 이후)
30635,201903,0010128,주식회사 아이엠증권,C1,파생상품계약_장내파생상품,3713282563590,국내증권사,B,SF205,각주항목(09.06월 이후)
30636,201903,0010128,주식회사 아이엠증권,C11,파생상품계약_장내파생상품_이자율관련거래,3346550215221,국내증권사,B,SF205,각주항목(09.06월 이후)
30637,201903,0010128,주식회사 아이엠증권,C12,파생상품계약_장내파생상품_통화관련거래,97624530328,국내증권사,B,SF205,각주항목(09.06월 이후)
30638,201903,0010128,주식회사 아이엠증권,C13,파생상품계약_장내파생상품_주식관련거래,267439701584,국내증권사,B,SF205,각주항목(09.06월 이후)
30639,201903,0010128,주식회사 아이엠증권,C14,파생상품계약_장내파생상품_일반상품관련거래,1668116457,국내증권사,B,SF205,각주항목(09.06월 이후)
30640,201903,0010128,주식회사 아이엠증권,C15,파생상품계약_장내파생상품_기타,0,국내증권사,B,SF205,각주항목(09.06월 이후)
30641,201903,0010128,주식회사 아이엠증권,C2,파생상품계약_장외파생상품,297714591728,국내증권사,B,SF205,각주항목(09.06월 이후)
30642,201903,0010128,주식회사 아이엠증권,C21,파생상품계약_장외파생상품_이자율관련거래,0,국내증권사,B,SF205,각주항목(09.06월 이후)
30643,201903,0010128,주식회사 아이엠증권,C22,파생상품계약_장외파생상품_통화관련거래,62398591728,국내증권사,B,SF205,각주항목(09.06월 이후)
30644,201903,0010128,주식회사 아이엠증권,C23,파생상품계약_장외파생상품_주식관련거래,235316000000,국내증권사,B,SF205,각주항목(09.06월 이후)
30645,201903,0010128,주식회사 아이엠증권,C24,파생상품계약_장외파생상품_신용관련거래,0,국내증권사,B,SF205,각주항목(09.06월 이후)
30646,201903,0010128,주식회사 아이엠증권,C25,파생상품계약_장외파생상품_기타,0,국내증권사,B,SF205,각주항목(09.06월 이후)
30647,201903,0010128,주식회사 아이엠증권,D,대차 및 대주거래,201895644241,국내증권사,B,SF205,각주항목(09.06월 이후)
30648,201903,0010128,주식회사 아이엠증권,D1,대차 및 대주거래_대여증권,0,국내증권사,B,SF205,각주항목(09.06월 이후)
30649,201903,0010128,주식회사 아이엠증권,D2,대차 및 대주거래_차입증권,201895644241,국내증권사,B,SF205,각주항목(09.06월 이후)
30650,201903,0010128,주식회사 아이엠증권,D3,대차 및 대주거래_신용거래대주, ,국내증권사,B,SF205,각주항목(09.06월 이후)
30651,201903,0010128,주식회사 아이엠증권,E,대손상각채권, ,국내증권사,B,SF205,각주항목(09.06월 이후)
30652,201903,0010128,주식회사 아이엠증권,F,환전업무 예치금,0,국내증권사,B,SF205,각주항목(09.06월 이후)
30653,201903,0010128,주식회사 아이엠증권,G,미배당별도예치금, ,국내증권사,B,SF205,각주항목(09.06월 이후)
30654,201903,0010128,주식회사 아이엠증권,H,배서어음매출(종금계정),0,국내증권사,B,SF205,각주항목(09.06월 이후)
30655,201903,0010128,주식회사 아이엠증권,H1,대출채권매매이익_담보부, ,국내증권사,B,SF205,각주항목(09.06월 이후)
30656,201903,0010128,주식회사 아이엠증권,H2,대출채권매매이익_무담보부, ,국내증권사,B,SF205,각주항목(09.06월 이후)
30657,201906,0010128,주식회사 아이엠증권,A,채무보증,975200000000,국내증권사,B,SF205,각주항목(09.06월 이후)
30658,201906,0010128,주식회사 아이엠증권,A1,채무보증_지급보증,40000000000,국내증권사,B,SF205,각주항목(09.06월 이후)
30659,201906,0010128,주식회사 아이엠증권,A2,채무보증_매입보장약정, ,국내증권사,B,SF205,각주항목(09.06월 이후)
30660,201906,0010128,주식회사 아이엠증권,A3,채무보증_채무인수약정, ,국내증권사,B,SF205,각주항목(09.06월 이후)
30661,201906,0010128,주식회사 아이엠증권,A5,채무보증_매입확약,935200000000,국내증권사,B,SF205,각주항목(09.06월 이후)
30662,201906,0010128,주식회사 아이엠증권,A6,채무보증_기타, ,국내증권사,B,SF205,각주항목(09.06월 이후)
30663,201906,0010128,주식회사 아이엠증권,B,투자자의 예수증권 등,18691809999139,국내증권사,B,SF205,각주항목(09.06월 이후)
30664,201906,0010128,주식회사 아이엠증권,B1,투자자의 예수증권 등_예수 증권,18691809999139,국내증권사,B,SF205,각주항목(09.06월 이후)
30665,201906,0010128,주식회사 아이엠증권,B2,투자자의 예수증권 등_예수양도성예금증서, ,국내증권사,B,SF205,각주항목(09.06월 이후)
30666,201906,0010128,주식회사 아이엠증권,B3,투자자의 예수증권 등_기타, ,국내증권사,B,SF205,각주항목(09.06월 이후)
30667,201906,0010128,주식회사 아이엠증권,C,파생상품계약,3860086926501,국내증권사,B,SF205,각주항목(09.06월 이후)
30668,201906,0010128,주식회사 아이엠증권,C1,파생상품계약_장내파생상품,3578174832893,국내증권사,B,SF205,각주항목(09.06월 이후)
30669,201906,0010128,주식회사 아이엠증권,C11,파생상품계약_장내파생상품_이자율관련거래,3225271875739,국내증권사,B,SF205,각주항목(09.06월 이후)
30670,201906,0010128,주식회사 아이엠증권,C12,파생상품계약_장내파생상품_통화관련거래,93894161000,국내증권사,B,SF205,각주항목(09.06월 이후)
30671,201906,0010128,주식회사 아이엠증권,C13,파생상품계약_장내파생상품_주식관련거래,255132039536,국내증권사,B,SF205,각주항목(09.06월 이후)
30672,201906,0010128,주식회사 아이엠증권,C14,파생상품계약_장내파생상품_일반상품관련거래,3876756618,국내증권사,B,SF205,각주항목(09.06월 이후)
30673,201906,0010128,주식회사 아이엠증권,C15,파생상품계약_장내파생상품_기타,0,국내증권사,B,SF205,각주항목(09.06월 이후)
30674,201906,0010128,주식회사 아이엠증권,C2,파생상품계약_장외파생상품,281912093608,국내증권사,B,SF205,각주항목(09.06월 이후)
30675,201906,0010128,주식회사 아이엠증권,C21,파생상품계약_장외파생상품_이자율관련거래,20000000000,국내증권사,B,SF205,각주항목(09.06월 이후)
30676,201906,0010128,주식회사 아이엠증권,C22,파생상품계약_장외파생상품_통화관련거래,62946333608,국내증권사,B,SF205,각주항목(09.06월 이후)
30677,201906,0010128,주식회사 아이엠증권,C23,파생상품계약_장외파생상품_주식관련거래,198965760000,국내증권사,B,SF205,각주항목(09.06월 이후)
30678,201906,0010128,주식회사 아이엠증권,C24,파생상품계약_장외파생상품_신용관련거래,0,국내증권사,B,SF205,각주항목(09.06월 이후)
30679,201906,0010128,주식회사 아이엠증권,C25,파생상품계약_장외파생상품_기타,0,국내증권사,B,SF205,각주항목(09.06월 이후)
30680,201906,0010128,주식회사 아이엠증권,D,대차 및 대주거래,86322404573,국내증권사,B,SF205,각주항목(09.06월 이후)
30681,201906,0010128,주식회사 아이엠증권,D1,대차 및 대주거래_대여증권,0,국내증권사,B,SF205,각주항목(09.06월 이후)
30682,201906,0010128,주식회사 아이엠증권,D2,대차 및 대주거래_차입증권,86322404573,국내증권사,B,SF205,각주항목(09.06월 이후)
30683,201906,0010128,주식회사 아이엠증권,D3,대차 및 대주거래_신용거래대주, ,국내증권사,B,SF205,각주항목(09.06월 이후)
30684,201906,0010128,주식회사 아이엠증권,E,대손상각채권, ,국내증권사,B,SF205,각주항목(09.06월 이후)
30685,201906,0010128,주식회사 아이엠증권,F,환전업무 예치금,0,국내증권사,B,SF205,각주항목(09.06월 이후)
30686,201906,0010128,주식회사 아이엠증권,G,미배당별도예치금, ,국내증권사,B,SF205,각주항목(09.06월 이후)
30687,201906,0010128,주식회사 아이엠증권,H,배서어음매출(종금계정),0,국내증권사,B,SF205,각주항목(09.06월 이후)
30688,201906,0010128,주식회사 아이엠증권,H1,대출채권매매이익_담보부, ,국내증권사,B,SF205,각주항목(09.06월 이후)
30689,201906,0010128,주식회사 아이엠증권,H2,대출채권매매이익_무담보부, ,국내증권사,B,SF205,각주항목(09.06월 이후)
30690,201909,0010128,주식회사 아이엠증권,A,채무보증,819800000000,국내증권사,B,SF205,각주항목(09.06월 이후)
30691,201909,0010128,주식회사 아이엠증권,A1,채무보증_지급보증,40000000000,국내증권사,B,SF205,각주항목(09.06월 이후)
30692,201909,0010128,주식회사 아이엠증권,A2,채무보증_매입보장약정, ,국내증권사,B,SF205,각주항목(09.06월 이후)
30693,201909,0010128,주식회사 아이엠증권,A3,채무보증_채무인수약정, ,국내증권사,B,SF205,각주항목(09.06월 이후)
30694,201909,0010128,주식회사 아이엠증권,A5,채무보증_매입확약,779800000000,국내증권사,B,SF205,각주항목(09.06월 이후)
30695,201909,0010128,주식회사 아이엠증권,A6,채무보증_기타, ,국내증권사,B,SF205,각주항목(09.06월 이후)
30696,201909,0010128,주식회사 아이엠증권,B,투자자의 예수증권 등,19466755009159,국내증권사,B,SF205,각주항목(09.06월 이후)
30697,201909,0010128,주식회사 아이엠증권,B1,투자자의 예수증권 등_예수 증권,19466755009159,국내증권사,B,SF205,각주항목(09.06월 이후)
30698,201909,0010128,주식회사 아이엠증권,B2,투자자의 예수증권 등_예수양도성예금증서, ,국내증권사,B,SF205,각주항목(09.06월 이후)
30699,201909,0010128,주식회사 아이엠증권,B3,투자자의 예수증권 등_기타, ,국내증권사,B,SF205,각주항목(09.06월 이후)
30700,201909,0010128,주식회사 아이엠증권,C,파생상품계약,2905966908111,국내증권사,B,SF205,각주항목(09.06월 이후)
30701,201909,0010128,주식회사 아이엠증권,C1,파생상품계약_장내파생상품,2609174148870,국내증권사,B,SF205,각주항목(09.06월 이후)
30702,201909,0010128,주식회사 아이엠증권,C11,파생상품계약_장내파생상품_이자율관련거래,2205169461125,국내증권사,B,SF205,각주항목(09.06월 이후)
30703,201909,0010128,주식회사 아이엠증권,C12,파생상품계약_장내파생상품_통화관련거래,110261994000,국내증권사,B,SF205,각주항목(09.06월 이후)
30704,201909,0010128,주식회사 아이엠증권,C13,파생상품계약_장내파생상품_주식관련거래,286581092620,국내증권사,B,SF205,각주항목(09.06월 이후)
30705,201909,0010128,주식회사 아이엠증권,C14,파생상품계약_장내파생상품_일반상품관련거래,7161601125,국내증권사,B,SF205,각주항목(09.06월 이후)
30706,201909,0010128,주식회사 아이엠증권,C15,파생상품계약_장내파생상품_기타,0,국내증권사,B,SF205,각주항목(09.06월 이후)
30707,201909,0010128,주식회사 아이엠증권,C2,파생상품계약_장외파생상품,296792759241,국내증권사,B,SF205,각주항목(09.06월 이후)
30708,201909,0010128,주식회사 아이엠증권,C21,파생상품계약_장외파생상품_이자율관련거래,20000000000,국내증권사,B,SF205,각주항목(09.06월 이후)
30709,201909,0010128,주식회사 아이엠증권,C22,파생상품계약_장외파생상품_통화관련거래,64203719241,국내증권사,B,SF205,각주항목(09.06월 이후)
30710,201909,0010128,주식회사 아이엠증권,C23,파생상품계약_장외파생상품_주식관련거래,212589040000,국내증권사,B,SF205,각주항목(09.06월 이후)
30711,201909,0010128,주식회사 아이엠증권,C24,파생상품계약_장외파생상품_신용관련거래,0,국내증권사,B,SF205,각주항목(09.06월 이후)
30712,201909,0010128,주식회사 아이엠증권,C25,파생상품계약_장외파생상품_기타,0,국내증권사,B,SF205,각주항목(09.06월 이후)
30713,201909,0010128,주식회사 아이엠증권,D,대차 및 대주거래,202958254620,국내증권사,B,SF205,각주항목(09.06월 이후)
30714,201909,0010128,주식회사 아이엠증권,D1,대차 및 대주거래_대여증권,0,국내증권사,B,SF205,각주항목(09.06월 이후)
30715,201909,0010128,주식회사 아이엠증권,D2,대차 및 대주거래_차입증권,202958254620,국내증권사,B,SF205,각주항목(09.06월 이후)
30716,201909,0010128,주식회사 아이엠증권,D3,대차 및 대주거래_신용거래대주, ,국내증권사,B,SF205,각주항목(09.06월 이후)
30717,201909,0010128,주식회사 아이엠증권,E,대손상각채권, ,국내증권사,B,SF205,각주항목(09.06월 이후)
30718,201909,0010128,주식회사 아이엠증권,F,환전업무 예치금,0,국내증권사,B,SF205,각주항목(09.06월 이후)
30719,201909,0010128,주식회사 아이엠증권,G,미배당별도예치금, ,국내증권사,B,SF205,각주항목(09.06월 이후)
30720,201909,0010128,주식회사 아이엠증권,H,배서어음매출(종금계정),0,국내증권사,B,SF205,각주항목(09.06월 이후)
30721,201909,0010128,주식회사 아이엠증권,H1,대출채권매매이익_담보부, ,국내증권사,B,SF205,각주항목(09.06월 이후)
30722,201909,0010128,주식회사 아이엠증권,H2,대출채권매매이익_무담보부, ,국내증권사,B,SF205,각주항목(09.06월 이후)
30723,201912,0010128,주식회사 아이엠증권,A,채무보증,977600000000,국내증권사,B,SF205,각주항목(09.06월 이후)
30724,201912,0010128,주식회사 아이엠증권,A1,채무보증_지급보증,0,국내증권사,B,SF205,각주항목(09.06월 이후)
30725,201912,0010128,주식회사 아이엠증권,A2,채무보증_매입보장약정, ,국내증권사,B,SF205,각주항목(09.06월 이후)
30726,201912,0010128,주식회사 아이엠증권,A3,채무보증_채무인수약정, ,국내증권사,B,SF205,각주항목(09.06월 이후)
30727,201912,0010128,주식회사 아이엠증권,A5,채무보증_매입확약,977600000000,국내증권사,B,SF205,각주항목(09.06월 이후)
30728,201912,0010128,주식회사 아이엠증권,A6,채무보증_기타, ,국내증권사,B,SF205,각주항목(09.06월 이후)
30729,201912,0010128,주식회사 아이엠증권,B,투자자의 예수증권 등,19520140060716,국내증권사,B,SF205,각주항목(09.06월 이후)
30730,201912,0010128,주식회사 아이엠증권,B1,투자자의 예수증권 등_예수 증권,19520140060716,국내증권사,B,SF205,각주항목(09.06월 이후)
30731,201912,0010128,주식회사 아이엠증권,B2,투자자의 예수증권 등_예수양도성예금증서, ,국내증권사,B,SF205,각주항목(09.06월 이후)
30732,201912,0010128,주식회사 아이엠증권,B3,투자자의 예수증권 등_기타, ,국내증권사,B,SF205,각주항목(09.06월 이후)
30733,201912,0010128,주식회사 아이엠증권,C,파생상품계약,1763897655487,국내증권사,B,SF205,각주항목(09.06월 이후)
30734,201912,0010128,주식회사 아이엠증권,C1,파생상품계약_장내파생상품,1474452756413,국내증권사,B,SF205,각주항목(09.06월 이후)
30735,201912,0010128,주식회사 아이엠증권,C11,파생상품계약_장내파생상품_이자율관련거래,878315825468,국내증권사,B,SF205,각주항목(09.06월 이후)
30736,201912,0010128,주식회사 아이엠증권,C12,파생상품계약_장내파생상품_통화관련거래,118424123000,국내증권사,B,SF205,각주항목(09.06월 이후)
30737,201912,0010128,주식회사 아이엠증권,C13,파생상품계약_장내파생상품_주식관련거래,475407689185,국내증권사,B,SF205,각주항목(09.06월 이후)
30738,201912,0010128,주식회사 아이엠증권,C14,파생상품계약_장내파생상품_일반상품관련거래,2305118760,국내증권사,B,SF205,각주항목(09.06월 이후)
30739,201912,0010128,주식회사 아이엠증권,C15,파생상품계약_장내파생상품_기타,0,국내증권사,B,SF205,각주항목(09.06월 이후)
30740,201912,0010128,주식회사 아이엠증권,C2,파생상품계약_장외파생상품,289444899074,국내증권사,B,SF205,각주항목(09.06월 이후)
30741,201912,0010128,주식회사 아이엠증권,C21,파생상품계약_장외파생상품_이자율관련거래,20000000000,국내증권사,B,SF205,각주항목(09.06월 이후)
30742,201912,0010128,주식회사 아이엠증권,C22,파생상품계약_장외파생상품_통화관련거래,62967189074,국내증권사,B,SF205,각주항목(09.06월 이후)
30743,201912,0010128,주식회사 아이엠증권,C23,파생상품계약_장외파생상품_주식관련거래,206477710000,국내증권사,B,SF205,각주항목(09.06월 이후)
30744,201912,0010128,주식회사 아이엠증권,C24,파생상품계약_장외파생상품_신용관련거래,0,국내증권사,B,SF205,각주항목(09.06월 이후)
30745,201912,0010128,주식회사 아이엠증권,C25,파생상품계약_장외파생상품_기타,0,국내증권사,B,SF205,각주항목(09.06월 이후)
30746,201912,0010128,주식회사 아이엠증권,D,대차 및 대주거래,160638598734,국내증권사,B,SF205,각주항목(09.06월 이후)
30747,201912,0010128,주식회사 아이엠증권,D1,대차 및 대주거래_대여증권,0,국내증권사,B,SF205,각주항목(09.06월 이후)
30748,201912,0010128,주식회사 아이엠증권,D2,대차 및 대주거래_차입증권,160638598734,국내증권사,B,SF205,각주항목(09.06월 이후)
30749,201912,0010128,주식회사 아이엠증권,D3,대차 및 대주거래_신용거래대주, ,국내증권사,B,SF205,각주항목(09.06월 이후)
30750,201912,0010128,주식회사 아이엠증권,E,대손상각채권, ,국내증권사,B,SF205,각주항목(09.06월 이후)
30751,201912,0010128,주식회사 아이엠증권,F,환전업무 예치금,0,국내증권사,B,SF205,각주항목(09.06월 이후)
30752,201912,0010128,주식회사 아이엠증권,G,미배당별도예치금, ,국내증권사,B,SF205,각주항목(09.06월 이후)
30753,201912,0010128,주식회사 아이엠증권,H,배서어음매출(종금계정),0,국내증권사,B,SF205,각주항목(09.06월 이후)
30754,201912,0010128,주식회사 아이엠증권,H1,대출채권매매이익_담보부, ,국내증권사,B,SF205,각주항목(09.06월 이후)
30755,201912,0010128,주식회사 아이엠증권,H2,대출채권매매이익_무담보부, ,국내증권사,B,SF205,각주항목(09.06월 이후)
30756,202003,0010128,주식회사 아이엠증권,A,채무보증,1152200000000,국내증권사,B,SF205,각주항목(09.06월 이후)
30757,202003,0010128,주식회사 아이엠증권,A1,채무보증_지급보증,0,국내증권사,B,SF205,각주항목(09.06월 이후)
30758,202003,0010128,주식회사 아이엠증권,A2,채무보증_매입보장약정, ,국내증권사,B,SF205,각주항목(09.06월 이후)
30759,202003,0010128,주식회사 아이엠증권,A3,채무보증_채무인수약정, ,국내증권사,B,SF205,각주항목(09.06월 이후)
30760,202003,0010128,주식회사 아이엠증권,A5,채무보증_매입확약,1152200000000,국내증권사,B,SF205,각주항목(09.06월 이후)
30761,202003,0010128,주식회사 아이엠증권,A6,채무보증_기타, ,국내증권사,B,SF205,각주항목(09.06월 이후)
30762,202003,0010128,주식회사 아이엠증권,B,투자자의 예수증권 등,18661719757789,국내증권사,B,SF205,각주항목(09.06월 이후)
30763,202003,0010128,주식회사 아이엠증권,B1,투자자의 예수증권 등_예수 증권,18661719757789,국내증권사,B,SF205,각주항목(09.06월 이후)
30764,202003,0010128,주식회사 아이엠증권,B2,투자자의 예수증권 등_예수양도성예금증서, ,국내증권사,B,SF205,각주항목(09.06월 이후)
30765,202003,0010128,주식회사 아이엠증권,B3,투자자의 예수증권 등_기타, ,국내증권사,B,SF205,각주항목(09.06월 이후)
30766,202003,0010128,주식회사 아이엠증권,C,파생상품계약,4518775250396,국내증권사,B,SF205,각주항목(09.06월 이후)
30767,202003,0010128,주식회사 아이엠증권,C1,파생상품계약_장내파생상품,4200853800981,국내증권사,B,SF205,각주항목(09.06월 이후)
30768,202003,0010128,주식회사 아이엠증권,C11,파생상품계약_장내파생상품_이자율관련거래,3468914221712,국내증권사,B,SF205,각주항목(09.06월 이후)
30769,202003,0010128,주식회사 아이엠증권,C12,파생상품계약_장내파생상품_통화관련거래,216533054000,국내증권사,B,SF205,각주항목(09.06월 이후)
30770,202003,0010128,주식회사 아이엠증권,C13,파생상품계약_장내파생상품_주식관련거래,513985497289,국내증권사,B,SF205,각주항목(09.06월 이후)
30771,202003,0010128,주식회사 아이엠증권,C14,파생상품계약_장내파생상품_일반상품관련거래,1421027980,국내증권사,B,SF205,각주항목(09.06월 이후)
30772,202003,0010128,주식회사 아이엠증권,C15,파생상품계약_장내파생상품_기타,0,국내증권사,B,SF205,각주항목(09.06월 이후)
30773,202003,0010128,주식회사 아이엠증권,C2,파생상품계약_장외파생상품,317921449415,국내증권사,B,SF205,각주항목(09.06월 이후)
30774,202003,0010128,주식회사 아이엠증권,C21,파생상품계약_장외파생상품_이자율관련거래,20000000000,국내증권사,B,SF205,각주항목(09.06월 이후)
30775,202003,0010128,주식회사 아이엠증권,C22,파생상품계약_장외파생상품_통화관련거래,115138609415,국내증권사,B,SF205,각주항목(09.06월 이후)
30776,202003,0010128,주식회사 아이엠증권,C23,파생상품계약_장외파생상품_주식관련거래,182782840000,국내증권사,B,SF205,각주항목(09.06월 이후)
30777,202003,0010128,주식회사 아이엠증권,C24,파생상품계약_장외파생상품_신용관련거래,0,국내증권사,B,SF205,각주항목(09.06월 이후)
30778,202003,0010128,주식회사 아이엠증권,C25,파생상품계약_장외파생상품_기타,0,국내증권사,B,SF205,각주항목(09.06월 이후)
30779,202003,0010128,주식회사 아이엠증권,D,대차 및 대주거래,208514044133,국내증권사,B,SF205,각주항목(09.06월 이후)
30780,202003,0010128,주식회사 아이엠증권,D1,대차 및 대주거래_대여증권,0,국내증권사,B,SF205,각주항목(09.06월 이후)
30781,202003,0010128,주식회사 아이엠증권,D2,대차 및 대주거래_차입증권,208514044133,국내증권사,B,SF205,각주항목(09.06월 이후)
30782,202003,0010128,주식회사 아이엠증권,D3,대차 및 대주거래_신용거래대주, ,국내증권사,B,SF205,각주항목(09.06월 이후)
30783,202003,0010128,주식회사 아이엠증권,E,대손상각채권, ,국내증권사,B,SF205,각주항목(09.06월 이후)
30784,202003,0010128,주식회사 아이엠증권,F,환전업무 예치금,0,국내증권사,B,SF205,각주항목(09.06월 이후)
30785,202003,0010128,주식회사 아이엠증권,G,미배당별도예치금, ,국내증권사,B,SF205,각주항목(09.06월 이후)
30786,202003,0010128,주식회사 아이엠증권,H,배서어음매출(종금계정),0,국내증권사,B,SF205,각주항목(09.06월 이후)
30787,202003,0010128,주식회사 아이엠증권,H1,대출채권매매이익_담보부, ,국내증권사,B,SF205,각주항목(09.06월 이후)
30788,202003,0010128,주식회사 아이엠증권,H2,대출채권매매이익_무담보부, ,국내증권사,B,SF205,각주항목(09.06월 이후)
30789,202006,0010128,주식회사 아이엠증권,A,채무보증,1346300000000,국내증권사,B,SF205,각주항목(09.06월 이후)
30790,202006,0010128,주식회사 아이엠증권,A1,채무보증_지급보증,0,국내증권사,B,SF205,각주항목(09.06월 이후)
30791,202006,0010128,주식회사 아이엠증권,A2,채무보증_매입보장약정, ,국내증권사,B,SF205,각주항목(09.06월 이후)
30792,202006,0010128,주식회사 아이엠증권,A3,채무보증_채무인수약정, ,국내증권사,B,SF205,각주항목(09.06월 이후)
30793,202006,0010128,주식회사 아이엠증권,A5,채무보증_매입확약,1346300000000,국내증권사,B,SF205,각주항목(09.06월 이후)
30794,202006,0010128,주식회사 아이엠증권,A6,채무보증_기타, ,국내증권사,B,SF205,각주항목(09.06월 이후)
30795,202006,0010128,주식회사 아이엠증권,B,투자자의 예수증권 등,21803100635736,국내증권사,B,SF205,각주항목(09.06월 이후)
30796,202006,0010128,주식회사 아이엠증권,B1,투자자의 예수증권 등_예수 증권,21803100635736,국내증권사,B,SF205,각주항목(09.06월 이후)
30797,202006,0010128,주식회사 아이엠증권,B2,투자자의 예수증권 등_예수양도성예금증서, ,국내증권사,B,SF205,각주항목(09.06월 이후)
30798,202006,0010128,주식회사 아이엠증권,B3,투자자의 예수증권 등_기타, ,국내증권사,B,SF205,각주항목(09.06월 이후)
30799,202006,0010128,주식회사 아이엠증권,C,파생상품계약,5617805416289,국내증권사,B,SF205,각주항목(09.06월 이후)
30800,202006,0010128,주식회사 아이엠증권,C1,파생상품계약_장내파생상품,5267865820160,국내증권사,B,SF205,각주항목(09.06월 이후)
30801,202006,0010128,주식회사 아이엠증권,C11,파생상품계약_장내파생상품_이자율관련거래,4236124947660,국내증권사,B,SF205,각주항목(09.06월 이후)
30802,202006,0010128,주식회사 아이엠증권,C12,파생상품계약_장내파생상품_통화관련거래,265282223000,국내증권사,B,SF205,각주항목(09.06월 이후)
30803,202006,0010128,주식회사 아이엠증권,C13,파생상품계약_장내파생상품_주식관련거래,763097070722,국내증권사,B,SF205,각주항목(09.06월 이후)
30804,202006,0010128,주식회사 아이엠증권,C14,파생상품계약_장내파생상품_일반상품관련거래,3361578778,국내증권사,B,SF205,각주항목(09.06월 이후)
30805,202006,0010128,주식회사 아이엠증권,C15,파생상품계약_장내파생상품_기타,0,국내증권사,B,SF205,각주항목(09.06월 이후)
30806,202006,0010128,주식회사 아이엠증권,C2,파생상품계약_장외파생상품,349939596129,국내증권사,B,SF205,각주항목(09.06월 이후)
30807,202006,0010128,주식회사 아이엠증권,C21,파생상품계약_장외파생상품_이자율관련거래,20000000000,국내증권사,B,SF205,각주항목(09.06월 이후)
30808,202006,0010128,주식회사 아이엠증권,C22,파생상품계약_장외파생상품_통화관련거래,124336756129,국내증권사,B,SF205,각주항목(09.06월 이후)
30809,202006,0010128,주식회사 아이엠증권,C23,파생상품계약_장외파생상품_주식관련거래,205602840000,국내증권사,B,SF205,각주항목(09.06월 이후)
30810,202006,0010128,주식회사 아이엠증권,C24,파생상품계약_장외파생상품_신용관련거래,0,국내증권사,B,SF205,각주항목(09.06월 이후)
30811,202006,0010128,주식회사 아이엠증권,C25,파생상품계약_장외파생상품_기타,0,국내증권사,B,SF205,각주항목(09.06월 이후)
30812,202006,0010128,주식회사 아이엠증권,D,대차 및 대주거래,84945940074,국내증권사,B,SF205,각주항목(09.06월 이후)
30813,202006,0010128,주식회사 아이엠증권,D1,대차 및 대주거래_대여증권,0,국내증권사,B,SF205,각주항목(09.06월 이후)
30814,202006,0010128,주식회사 아이엠증권,D2,대차 및 대주거래_차입증권,84945940074,국내증권사,B,SF205,각주항목(09.06월 이후)
30815,202006,0010128,주식회사 아이엠증권,D3,대차 및 대주거래_신용거래대주, ,국내증권사,B,SF205,각주항목(09.06월 이후)
30816,202006,0010128,주식회사 아이엠증권,E,대손상각채권, ,국내증권사,B,SF205,각주항목(09.06월 이후)
30817,202006,0010128,주식회사 아이엠증권,F,환전업무 예치금,0,국내증권사,B,SF205,각주항목(09.06월 이후)
30818,202006,0010128,주식회사 아이엠증권,G,미배당별도예치금, ,국내증권사,B,SF205,각주항목(09.06월 이후)
30819,202006,0010128,주식회사 아이엠증권,H,배서어음매출(종금계정),0,국내증권사,B,SF205,각주항목(09.06월 이후)
30820,202006,0010128,주식회사 아이엠증권,H1,대출채권매매이익_담보부, ,국내증권사,B,SF205,각주항목(09.06월 이후)
30821,202006,0010128,주식회사 아이엠증권,H2,대출채권매매이익_무담보부, ,국내증권사,B,SF205,각주항목(09.06월 이후)
30822,202009,0010128,주식회사 아이엠증권,A,채무보증,1428250000000,국내증권사,B,SF205,각주항목(09.06월 이후)
30823,202009,0010128,주식회사 아이엠증권,A1,채무보증_지급보증,0,국내증권사,B,SF205,각주항목(09.06월 이후)
30824,202009,0010128,주식회사 아이엠증권,A2,채무보증_매입보장약정,0,국내증권사,B,SF205,각주항목(09.06월 이후)
30825,202009,0010128,주식회사 아이엠증권,A3,채무보증_채무인수약정, ,국내증권사,B,SF205,각주항목(09.06월 이후)
30826,202009,0010128,주식회사 아이엠증권,A5,채무보증_매입확약,1428250000000,국내증권사,B,SF205,각주항목(09.06월 이후)
30827,202009,0010128,주식회사 아이엠증권,A6,채무보증_기타, ,국내증권사,B,SF205,각주항목(09.06월 이후)
30828,202009,0010128,주식회사 아이엠증권,B,투자자의 예수증권 등,23308571810595,국내증권사,B,SF205,각주항목(09.06월 이후)
30829,202009,0010128,주식회사 아이엠증권,B1,투자자의 예수증권 등_예수 증권,23308571810595,국내증권사,B,SF205,각주항목(09.06월 이후)
30830,202009,0010128,주식회사 아이엠증권,B2,투자자의 예수증권 등_예수양도성예금증서, ,국내증권사,B,SF205,각주항목(09.06월 이후)
30831,202009,0010128,주식회사 아이엠증권,B3,투자자의 예수증권 등_기타, ,국내증권사,B,SF205,각주항목(09.06월 이후)
30832,202009,0010128,주식회사 아이엠증권,C,파생상품계약,6890100705941,국내증권사,B,SF205,각주항목(09.06월 이후)
30833,202009,0010128,주식회사 아이엠증권,C1,파생상품계약_장내파생상품,6578624000264,국내증권사,B,SF205,각주항목(09.06월 이후)
30834,202009,0010128,주식회사 아이엠증권,C11,파생상품계약_장내파생상품_이자율관련거래,3403442880000,국내증권사,B,SF205,각주항목(09.06월 이후)
30835,202009,0010128,주식회사 아이엠증권,C12,파생상품계약_장내파생상품_통화관련거래,195141710000,국내증권사,B,SF205,각주항목(09.06월 이후)
30836,202009,0010128,주식회사 아이엠증권,C13,파생상품계약_장내파생상품_주식관련거래,2952353613861,국내증권사,B,SF205,각주항목(09.06월 이후)
30837,202009,0010128,주식회사 아이엠증권,C14,파생상품계약_장내파생상품_일반상품관련거래,27685796403,국내증권사,B,SF205,각주항목(09.06월 이후)
30838,202009,0010128,주식회사 아이엠증권,C15,파생상품계약_장내파생상품_기타,0,국내증권사,B,SF205,각주항목(09.06월 이후)
30839,202009,0010128,주식회사 아이엠증권,C2,파생상품계약_장외파생상품,311476705677,국내증권사,B,SF205,각주항목(09.06월 이후)
30840,202009,0010128,주식회사 아이엠증권,C21,파생상품계약_장외파생상품_이자율관련거래,20000000000,국내증권사,B,SF205,각주항목(09.06월 이후)
30841,202009,0010128,주식회사 아이엠증권,C22,파생상품계약_장외파생상품_통화관련거래,124569985677,국내증권사,B,SF205,각주항목(09.06월 이후)
30842,202009,0010128,주식회사 아이엠증권,C23,파생상품계약_장외파생상품_주식관련거래,166906720000,국내증권사,B,SF205,각주항목(09.06월 이후)
30843,202009,0010128,주식회사 아이엠증권,C24,파생상품계약_장외파생상품_신용관련거래,0,국내증권사,B,SF205,각주항목(09.06월 이후)
30844,202009,0010128,주식회사 아이엠증권,C25,파생상품계약_장외파생상품_기타,0,국내증권사,B,SF205,각주항목(09.06월 이후)
30845,202009,0010128,주식회사 아이엠증권,D,대차 및 대주거래,203090797516,국내증권사,B,SF205,각주항목(09.06월 이후)
30846,202009,0010128,주식회사 아이엠증권,D1,대차 및 대주거래_대여증권,0,국내증권사,B,SF205,각주항목(09.06월 이후)
30847,202009,0010128,주식회사 아이엠증권,D2,대차 및 대주거래_차입증권,203090797516,국내증권사,B,SF205,각주항목(09.06월 이후)
30848,202009,0010128,주식회사 아이엠증권,D3,대차 및 대주거래_신용거래대주,0,국내증권사,B,SF205,각주항목(09.06월 이후)
30849,202009,0010128,주식회사 아이엠증권,E,대손상각채권, ,국내증권사,B,SF205,각주항목(09.06월 이후)
30850,202009,0010128,주식회사 아이엠증권,F,환전업무 예치금,0,국내증권사,B,SF205,각주항목(09.06월 이후)
30851,202009,0010128,주식회사 아이엠증권,G,미배당별도예치금, ,국내증권사,B,SF205,각주항목(09.06월 이후)
30852,202009,0010128,주식회사 아이엠증권,H,배서어음매출(종금계정),0,국내증권사,B,SF205,각주항목(09.06월 이후)
30853,202009,0010128,주식회사 아이엠증권,H1,대출채권매매이익_담보부, ,국내증권사,B,SF205,각주항목(09.06월 이후)
30854,202009,0010128,주식회사 아이엠증권,H2,대출채권매매이익_무담보부, ,국내증권사,B,SF205,각주항목(09.06월 이후)
30855,202012,0010128,주식회사 아이엠증권,A,채무보증,1441950000000,국내증권사,B,SF205,각주항목(09.06월 이후)
30856,202012,0010128,주식회사 아이엠증권,A1,채무보증_지급보증,0,국내증권사,B,SF205,각주항목(09.06월 이후)
30857,202012,0010128,주식회사 아이엠증권,A2,채무보증_매입보장약정, ,국내증권사,B,SF205,각주항목(09.06월 이후)
30858,202012,0010128,주식회사 아이엠증권,A3,채무보증_채무인수약정, ,국내증권사,B,SF205,각주항목(09.06월 이후)
30859,202012,0010128,주식회사 아이엠증권,A5,채무보증_매입확약,1441950000000,국내증권사,B,SF205,각주항목(09.06월 이후)
30860,202012,0010128,주식회사 아이엠증권,A6,채무보증_기타, ,국내증권사,B,SF205,각주항목(09.06월 이후)
30861,202012,0010128,주식회사 아이엠증권,B,투자자의 예수증권 등,24638832628398,국내증권사,B,SF205,각주항목(09.06월 이후)
30862,202012,0010128,주식회사 아이엠증권,B1,투자자의 예수증권 등_예수 증권,24638832628398,국내증권사,B,SF205,각주항목(09.06월 이후)
30863,202012,0010128,주식회사 아이엠증권,B2,투자자의 예수증권 등_예수양도성예금증서, ,국내증권사,B,SF205,각주항목(09.06월 이후)
30864,202012,0010128,주식회사 아이엠증권,B3,투자자의 예수증권 등_기타, ,국내증권사,B,SF205,각주항목(09.06월 이후)
30865,202012,0010128,주식회사 아이엠증권,C,파생상품계약,5248978404522,국내증권사,B,SF205,각주항목(09.06월 이후)
30866,202012,0010128,주식회사 아이엠증권,C1,파생상품계약_장내파생상품,4963897036187,국내증권사,B,SF205,각주항목(09.06월 이후)
30867,202012,0010128,주식회사 아이엠증권,C11,파생상품계약_장내파생상품_이자율관련거래,2852991570000,국내증권사,B,SF205,각주항목(09.06월 이후)
30868,202012,0010128,주식회사 아이엠증권,C12,파생상품계약_장내파생상품_통화관련거래,40060984000,국내증권사,B,SF205,각주항목(09.06월 이후)
30869,202012,0010128,주식회사 아이엠증권,C13,파생상품계약_장내파생상품_주식관련거래,2065647454347,국내증권사,B,SF205,각주항목(09.06월 이후)
30870,202012,0010128,주식회사 아이엠증권,C14,파생상품계약_장내파생상품_일반상품관련거래,5197027840,국내증권사,B,SF205,각주항목(09.06월 이후)
30871,202012,0010128,주식회사 아이엠증권,C15,파생상품계약_장내파생상품_기타,0,국내증권사,B,SF205,각주항목(09.06월 이후)
30872,202012,0010128,주식회사 아이엠증권,C2,파생상품계약_장외파생상품,285081368335,국내증권사,B,SF205,각주항목(09.06월 이후)
30873,202012,0010128,주식회사 아이엠증권,C21,파생상품계약_장외파생상품_이자율관련거래,20000000000,국내증권사,B,SF205,각주항목(09.06월 이후)
30874,202012,0010128,주식회사 아이엠증권,C22,파생상품계약_장외파생상품_통화관련거래,129755848335,국내증권사,B,SF205,각주항목(09.06월 이후)
30875,202012,0010128,주식회사 아이엠증권,C23,파생상품계약_장외파생상품_주식관련거래,135325520000,국내증권사,B,SF205,각주항목(09.06월 이후)
30876,202012,0010128,주식회사 아이엠증권,C24,파생상품계약_장외파생상품_신용관련거래,0,국내증권사,B,SF205,각주항목(09.06월 이후)
30877,202012,0010128,주식회사 아이엠증권,C25,파생상품계약_장외파생상품_기타,0,국내증권사,B,SF205,각주항목(09.06월 이후)
30878,202012,0010128,주식회사 아이엠증권,D,대차 및 대주거래,374561535759,국내증권사,B,SF205,각주항목(09.06월 이후)
30879,202012,0010128,주식회사 아이엠증권,D1,대차 및 대주거래_대여증권,0,국내증권사,B,SF205,각주항목(09.06월 이후)
30880,202012,0010128,주식회사 아이엠증권,D2,대차 및 대주거래_차입증권,374561535759,국내증권사,B,SF205,각주항목(09.06월 이후)
30881,202012,0010128,주식회사 아이엠증권,D3,대차 및 대주거래_신용거래대주, ,국내증권사,B,SF205,각주항목(09.06월 이후)
30882,202012,0010128,주식회사 아이엠증권,E,대손상각채권, ,국내증권사,B,SF205,각주항목(09.06월 이후)
30883,202012,0010128,주식회사 아이엠증권,F,환전업무 예치금,0,국내증권사,B,SF205,각주항목(09.06월 이후)
30884,202012,0010128,주식회사 아이엠증권,G,미배당별도예치금, ,국내증권사,B,SF205,각주항목(09.06월 이후)
30885,202012,0010128,주식회사 아이엠증권,H,배서어음매출(종금계정),0,국내증권사,B,SF205,각주항목(09.06월 이후)
30886,202012,0010128,주식회사 아이엠증권,H1,대출채권매매이익_담보부, ,국내증권사,B,SF205,각주항목(09.06월 이후)
30887,202012,0010128,주식회사 아이엠증권,H2,대출채권매매이익_무담보부, ,국내증권사,B,SF205,각주항목(09.06월 이후)
30888,202103,0010128,주식회사 아이엠증권,A,채무보증,1270055688571,국내증권사,B,SF205,각주항목(09.06월 이후)
30889,202103,0010128,주식회사 아이엠증권,A1,채무보증_지급보증,0,국내증권사,B,SF205,각주항목(09.06월 이후)
30890,202103,0010128,주식회사 아이엠증권,A2,채무보증_매입보장약정, ,국내증권사,B,SF205,각주항목(09.06월 이후)
30891,202103,0010128,주식회사 아이엠증권,A3,채무보증_채무인수약정, ,국내증권사,B,SF205,각주항목(09.06월 이후)
30892,202103,0010128,주식회사 아이엠증권,A5,채무보증_매입확약,1270055688571,국내증권사,B,SF205,각주항목(09.06월 이후)
30893,202103,0010128,주식회사 아이엠증권,A6,채무보증_기타, ,국내증권사,B,SF205,각주항목(09.06월 이후)
30894,202103,0010128,주식회사 아이엠증권,B,투자자의 예수증권 등,26667280282885,국내증권사,B,SF205,각주항목(09.06월 이후)
30895,202103,0010128,주식회사 아이엠증권,B1,투자자의 예수증권 등_예수 증권,26667280282885,국내증권사,B,SF205,각주항목(09.06월 이후)
30896,202103,0010128,주식회사 아이엠증권,B2,투자자의 예수증권 등_예수양도성예금증서, ,국내증권사,B,SF205,각주항목(09.06월 이후)
30897,202103,0010128,주식회사 아이엠증권,B3,투자자의 예수증권 등_기타, ,국내증권사,B,SF205,각주항목(09.06월 이후)
30898,202103,0010128,주식회사 아이엠증권,C,파생상품계약,9725325004012,국내증권사,B,SF205,각주항목(09.06월 이후)
30899,202103,0010128,주식회사 아이엠증권,C1,파생상품계약_장내파생상품,9602835389012,국내증권사,B,SF205,각주항목(09.06월 이후)
30900,202103,0010128,주식회사 아이엠증권,C11,파생상품계약_장내파생상품_이자율관련거래,1863820740000,국내증권사,B,SF205,각주항목(09.06월 이후)
30901,202103,0010128,주식회사 아이엠증권,C12,파생상품계약_장내파생상품_통화관련거래,33216215000,국내증권사,B,SF205,각주항목(09.06월 이후)
30902,202103,0010128,주식회사 아이엠증권,C13,파생상품계약_장내파생상품_주식관련거래,7705127855412,국내증권사,B,SF205,각주항목(09.06월 이후)
30903,202103,0010128,주식회사 아이엠증권,C14,파생상품계약_장내파생상품_일반상품관련거래,670578600,국내증권사,B,SF205,각주항목(09.06월 이후)
30904,202103,0010128,주식회사 아이엠증권,C15,파생상품계약_장내파생상품_기타,0,국내증권사,B,SF205,각주항목(09.06월 이후)
30905,202103,0010128,주식회사 아이엠증권,C2,파생상품계약_장외파생상품,122489615000,국내증권사,B,SF205,각주항목(09.06월 이후)
30906,202103,0010128,주식회사 아이엠증권,C21,파생상품계약_장외파생상품_이자율관련거래,20000000000,국내증권사,B,SF205,각주항목(09.06월 이후)
30907,202103,0010128,주식회사 아이엠증권,C22,파생상품계약_장외파생상품_통화관련거래,60837755000,국내증권사,B,SF205,각주항목(09.06월 이후)
30908,202103,0010128,주식회사 아이엠증권,C23,파생상품계약_장외파생상품_주식관련거래,41651860000,국내증권사,B,SF205,각주항목(09.06월 이후)
30909,202103,0010128,주식회사 아이엠증권,C24,파생상품계약_장외파생상품_신용관련거래,0,국내증권사,B,SF205,각주항목(09.06월 이후)
30910,202103,0010128,주식회사 아이엠증권,C25,파생상품계약_장외파생상품_기타,0,국내증권사,B,SF205,각주항목(09.06월 이후)
30911,202103,0010128,주식회사 아이엠증권,D,대차 및 대주거래,605650847308,국내증권사,B,SF205,각주항목(09.06월 이후)
30912,202103,0010128,주식회사 아이엠증권,D1,대차 및 대주거래_대여증권,0,국내증권사,B,SF205,각주항목(09.06월 이후)
30913,202103,0010128,주식회사 아이엠증권,D2,대차 및 대주거래_차입증권,605650847308,국내증권사,B,SF205,각주항목(09.06월 이후)
30914,202103,0010128,주식회사 아이엠증권,D3,대차 및 대주거래_신용거래대주, ,국내증권사,B,SF205,각주항목(09.06월 이후)
30915,202103,0010128,주식회사 아이엠증권,E,대손상각채권, ,국내증권사,B,SF205,각주항목(09.06월 이후)
30916,202103,0010128,주식회사 아이엠증권,F,환전업무 예치금,0,국내증권사,B,SF205,각주항목(09.06월 이후)
30917,202103,0010128,주식회사 아이엠증권,G,미배당별도예치금, ,국내증권사,B,SF205,각주항목(09.06월 이후)
30918,202103,0010128,주식회사 아이엠증권,H,배서어음매출(종금계정),0,국내증권사,B,SF205,각주항목(09.06월 이후)
30919,202103,0010128,주식회사 아이엠증권,H1,대출채권매매이익_담보부, ,국내증권사,B,SF205,각주항목(09.06월 이후)
30920,202103,0010128,주식회사 아이엠증권,H2,대출채권매매이익_무담보부, ,국내증권사,B,SF205,각주항목(09.06월 이후)
30921,202106,0010128,주식회사 아이엠증권,A,채무보증,1175900000000,국내증권사,B,SF205,각주항목(09.06월 이후)
30922,202106,0010128,주식회사 아이엠증권,A1,채무보증_지급보증,0,국내증권사,B,SF205,각주항목(09.06월 이후)
30923,202106,0010128,주식회사 아이엠증권,A2,채무보증_매입보장약정, ,국내증권사,B,SF205,각주항목(09.06월 이후)
30924,202106,0010128,주식회사 아이엠증권,A3,채무보증_채무인수약정, ,국내증권사,B,SF205,각주항목(09.06월 이후)
30925,202106,0010128,주식회사 아이엠증권,A5,채무보증_매입확약,1175900000000,국내증권사,B,SF205,각주항목(09.06월 이후)
30926,202106,0010128,주식회사 아이엠증권,A6,채무보증_기타, ,국내증권사,B,SF205,각주항목(09.06월 이후)
30927,202106,0010128,주식회사 아이엠증권,B,투자자의 예수증권 등,29600410055298,국내증권사,B,SF205,각주항목(09.06월 이후)
30928,202106,0010128,주식회사 아이엠증권,B1,투자자의 예수증권 등_예수 증권,29600410055298,국내증권사,B,SF205,각주항목(09.06월 이후)
30929,202106,0010128,주식회사 아이엠증권,B2,투자자의 예수증권 등_예수양도성예금증서, ,국내증권사,B,SF205,각주항목(09.06월 이후)
30930,202106,0010128,주식회사 아이엠증권,B3,투자자의 예수증권 등_기타, ,국내증권사,B,SF205,각주항목(09.06월 이후)
30931,202106,0010128,주식회사 아이엠증권,C,파생상품계약,5150896142623,국내증권사,B,SF205,각주항목(09.06월 이후)
30932,202106,0010128,주식회사 아이엠증권,C1,파생상품계약_장내파생상품,5055819042623,국내증권사,B,SF205,각주항목(09.06월 이후)
30933,202106,0010128,주식회사 아이엠증권,C11,파생상품계약_장내파생상품_이자율관련거래,3549460390000,국내증권사,B,SF205,각주항목(09.06월 이후)
30934,202106,0010128,주식회사 아이엠증권,C12,파생상품계약_장내파생상품_통화관련거래,37553214000,국내증권사,B,SF205,각주항목(09.06월 이후)
30935,202106,0010128,주식회사 아이엠증권,C13,파생상품계약_장내파생상품_주식관련거래,1466618702173,국내증권사,B,SF205,각주항목(09.06월 이후)
30936,202106,0010128,주식회사 아이엠증권,C14,파생상품계약_장내파생상품_일반상품관련거래,2186736450,국내증권사,B,SF205,각주항목(09.06월 이후)
30937,202106,0010128,주식회사 아이엠증권,C15,파생상품계약_장내파생상품_기타,0,국내증권사,B,SF205,각주항목(09.06월 이후)
30938,202106,0010128,주식회사 아이엠증권,C2,파생상품계약_장외파생상품,95077100000,국내증권사,B,SF205,각주항목(09.06월 이후)
30939,202106,0010128,주식회사 아이엠증권,C21,파생상품계약_장외파생상품_이자율관련거래,20000000000,국내증권사,B,SF205,각주항목(09.06월 이후)
30940,202106,0010128,주식회사 아이엠증권,C22,파생상품계약_장외파생상품_통화관련거래,51049800000,국내증권사,B,SF205,각주항목(09.06월 이후)
30941,202106,0010128,주식회사 아이엠증권,C23,파생상품계약_장외파생상품_주식관련거래,24027300000,국내증권사,B,SF205,각주항목(09.06월 이후)
30942,202106,0010128,주식회사 아이엠증권,C24,파생상품계약_장외파생상품_신용관련거래,0,국내증권사,B,SF205,각주항목(09.06월 이후)
30943,202106,0010128,주식회사 아이엠증권,C25,파생상품계약_장외파생상품_기타,0,국내증권사,B,SF205,각주항목(09.06월 이후)
30944,202106,0010128,주식회사 아이엠증권,D,대차 및 대주거래,729015673778,국내증권사,B,SF205,각주항목(09.06월 이후)
30945,202106,0010128,주식회사 아이엠증권,D1,대차 및 대주거래_대여증권,0,국내증권사,B,SF205,각주항목(09.06월 이후)
30946,202106,0010128,주식회사 아이엠증권,D2,대차 및 대주거래_차입증권,729015673778,국내증권사,B,SF205,각주항목(09.06월 이후)
30947,202106,0010128,주식회사 아이엠증권,D3,대차 및 대주거래_신용거래대주, ,국내증권사,B,SF205,각주항목(09.06월 이후)
30948,202106,0010128,주식회사 아이엠증권,E,대손상각채권, ,국내증권사,B,SF205,각주항목(09.06월 이후)
30949,202106,0010128,주식회사 아이엠증권,F,환전업무 예치금,0,국내증권사,B,SF205,각주항목(09.06월 이후)
30950,202106,0010128,주식회사 아이엠증권,G,미배당별도예치금, ,국내증권사,B,SF205,각주항목(09.06월 이후)
30951,202106,0010128,주식회사 아이엠증권,H,배서어음매출(종금계정),0,국내증권사,B,SF205,각주항목(09.06월 이후)
30952,202106,0010128,주식회사 아이엠증권,H1,대출채권매매이익_담보부, ,국내증권사,B,SF205,각주항목(09.06월 이후)
30953,202106,0010128,주식회사 아이엠증권,H2,대출채권매매이익_무담보부, ,국내증권사,B,SF205,각주항목(09.06월 이후)
30954,202109,0010128,주식회사 아이엠증권,A,채무보증,1289780000000,국내증권사,B,SF205,각주항목(09.06월 이후)
30955,202109,0010128,주식회사 아이엠증권,A1,채무보증_지급보증,0,국내증권사,B,SF205,각주항목(09.06월 이후)
30956,202109,0010128,주식회사 아이엠증권,A2,채무보증_매입보장약정, ,국내증권사,B,SF205,각주항목(09.06월 이후)
30957,202109,0010128,주식회사 아이엠증권,A3,채무보증_채무인수약정, ,국내증권사,B,SF205,각주항목(09.06월 이후)
30958,202109,0010128,주식회사 아이엠증권,A5,채무보증_매입확약,1289780000000,국내증권사,B,SF205,각주항목(09.06월 이후)
30959,202109,0010128,주식회사 아이엠증권,A6,채무보증_기타, ,국내증권사,B,SF205,각주항목(09.06월 이후)
30960,202109,0010128,주식회사 아이엠증권,B,투자자의 예수증권 등,28030624262620,국내증권사,B,SF205,각주항목(09.06월 이후)
30961,202109,0010128,주식회사 아이엠증권,B1,투자자의 예수증권 등_예수 증권,28030624262620,국내증권사,B,SF205,각주항목(09.06월 이후)
30962,202109,0010128,주식회사 아이엠증권,B2,투자자의 예수증권 등_예수양도성예금증서, ,국내증권사,B,SF205,각주항목(09.06월 이후)
30963,202109,0010128,주식회사 아이엠증권,B3,투자자의 예수증권 등_기타, ,국내증권사,B,SF205,각주항목(09.06월 이후)
30964,202109,0010128,주식회사 아이엠증권,C,파생상품계약,4958547483093,국내증권사,B,SF205,각주항목(09.06월 이후)
30965,202109,0010128,주식회사 아이엠증권,C1,파생상품계약_장내파생상품,4841082673093,국내증권사,B,SF205,각주항목(09.06월 이후)
30966,202109,0010128,주식회사 아이엠증권,C11,파생상품계약_장내파생상품_이자율관련거래,3484505520000,국내증권사,B,SF205,각주항목(09.06월 이후)
30967,202109,0010128,주식회사 아이엠증권,C12,파생상품계약_장내파생상품_통화관련거래,35579202000,국내증권사,B,SF205,각주항목(09.06월 이후)
30968,202109,0010128,주식회사 아이엠증권,C13,파생상품계약_장내파생상품_주식관련거래,1319037889513,국내증권사,B,SF205,각주항목(09.06월 이후)
30969,202109,0010128,주식회사 아이엠증권,C14,파생상품계약_장내파생상품_일반상품관련거래,1960061580,국내증권사,B,SF205,각주항목(09.06월 이후)
30970,202109,0010128,주식회사 아이엠증권,C15,파생상품계약_장내파생상품_기타,0,국내증권사,B,SF205,각주항목(09.06월 이후)
30971,202109,0010128,주식회사 아이엠증권,C2,파생상품계약_장외파생상품,117464810000,국내증권사,B,SF205,각주항목(09.06월 이후)
30972,202109,0010128,주식회사 아이엠증권,C21,파생상품계약_장외파생상품_이자율관련거래,20000000000,국내증권사,B,SF205,각주항목(09.06월 이후)
30973,202109,0010128,주식회사 아이엠증권,C22,파생상품계약_장외파생상품_통화관련거래,63037510000,국내증권사,B,SF205,각주항목(09.06월 이후)
30974,202109,0010128,주식회사 아이엠증권,C23,파생상품계약_장외파생상품_주식관련거래,34427300000,국내증권사,B,SF205,각주항목(09.06월 이후)
30975,202109,0010128,주식회사 아이엠증권,C24,파생상품계약_장외파생상품_신용관련거래,0,국내증권사,B,SF205,각주항목(09.06월 이후)
30976,202109,0010128,주식회사 아이엠증권,C25,파생상품계약_장외파생상품_기타,0,국내증권사,B,SF205,각주항목(09.06월 이후)
30977,202109,0010128,주식회사 아이엠증권,D,대차 및 대주거래,926427291035,국내증권사,B,SF205,각주항목(09.06월 이후)
30978,202109,0010128,주식회사 아이엠증권,D1,대차 및 대주거래_대여증권,0,국내증권사,B,SF205,각주항목(09.06월 이후)
30979,202109,0010128,주식회사 아이엠증권,D2,대차 및 대주거래_차입증권,926427291035,국내증권사,B,SF205,각주항목(09.06월 이후)
30980,202109,0010128,주식회사 아이엠증권,D3,대차 및 대주거래_신용거래대주, ,국내증권사,B,SF205,각주항목(09.06월 이후)
30981,202109,0010128,주식회사 아이엠증권,E,대손상각채권, ,국내증권사,B,SF205,각주항목(09.06월 이후)
30982,202109,0010128,주식회사 아이엠증권,F,환전업무 예치금,0,국내증권사,B,SF205,각주항목(09.06월 이후)
30983,202109,0010128,주식회사 아이엠증권,G,미배당별도예치금, ,국내증권사,B,SF205,각주항목(09.06월 이후)
30984,202109,0010128,주식회사 아이엠증권,H,배서어음매출(종금계정),0,국내증권사,B,SF205,각주항목(09.06월 이후)
30985,202109,0010128,주식회사 아이엠증권,H1,대출채권매매이익_담보부, ,국내증권사,B,SF205,각주항목(09.06월 이후)
30986,202109,0010128,주식회사 아이엠증권,H2,대출채권매매이익_무담보부, ,국내증권사,B,SF205,각주항목(09.06월 이후)
30987,202112,0010128,주식회사 아이엠증권,A,채무보증,1437044000000,국내증권사,B,SF205,각주항목(09.06월 이후)
30988,202112,0010128,주식회사 아이엠증권,A1,채무보증_지급보증,0,국내증권사,B,SF205,각주항목(09.06월 이후)
30989,202112,0010128,주식회사 아이엠증권,A2,채무보증_매입보장약정,0,국내증권사,B,SF205,각주항목(09.06월 이후)
30990,202112,0010128,주식회사 아이엠증권,A3,채무보증_채무인수약정, ,국내증권사,B,SF205,각주항목(09.06월 이후)
30991,202112,0010128,주식회사 아이엠증권,A5,채무보증_매입확약,1437044000000,국내증권사,B,SF205,각주항목(09.06월 이후)
30992,202112,0010128,주식회사 아이엠증권,A6,채무보증_기타, ,국내증권사,B,SF205,각주항목(09.06월 이후)
30993,202112,0010128,주식회사 아이엠증권,B,투자자의 예수증권 등,28012719238207,국내증권사,B,SF205,각주항목(09.06월 이후)
30994,202112,0010128,주식회사 아이엠증권,B1,투자자의 예수증권 등_예수 증권,28012719238207,국내증권사,B,SF205,각주항목(09.06월 이후)
30995,202112,0010128,주식회사 아이엠증권,B2,투자자의 예수증권 등_예수양도성예금증서, ,국내증권사,B,SF205,각주항목(09.06월 이후)
30996,202112,0010128,주식회사 아이엠증권,B3,투자자의 예수증권 등_기타, ,국내증권사,B,SF205,각주항목(09.06월 이후)
30997,202112,0010128,주식회사 아이엠증권,C,파생상품계약,3109770124582,국내증권사,B,SF205,각주항목(09.06월 이후)
30998,202112,0010128,주식회사 아이엠증권,C1,파생상품계약_장내파생상품,2876382714582,국내증권사,B,SF205,각주항목(09.06월 이후)
30999,202112,0010128,주식회사 아이엠증권,C11,파생상품계약_장내파생상품_이자율관련거래,1745059210000,국내증권사,B,SF205,각주항목(09.06월 이후)
31000,202112,0010128,주식회사 아이엠증권,C12,파생상품계약_장내파생상품_통화관련거래,46078992000,국내증권사,B,SF205,각주항목(09.06월 이후)
31001,202112,0010128,주식회사 아이엠증권,C13,파생상품계약_장내파생상품_주식관련거래,1083433907323,국내증권사,B,SF205,각주항목(09.06월 이후)
31002,202112,0010128,주식회사 아이엠증권,C14,파생상품계약_장내파생상품_일반상품관련거래,1810605259,국내증권사,B,SF205,각주항목(09.06월 이후)
31003,202112,0010128,주식회사 아이엠증권,C15,파생상품계약_장내파생상품_기타,0,국내증권사,B,SF205,각주항목(09.06월 이후)
31004,202112,0010128,주식회사 아이엠증권,C2,파생상품계약_장외파생상품,233387410000,국내증권사,B,SF205,각주항목(09.06월 이후)
31005,202112,0010128,주식회사 아이엠증권,C21,파생상품계약_장외파생상품_이자율관련거래,20000000000,국내증권사,B,SF205,각주항목(09.06월 이후)
31006,202112,0010128,주식회사 아이엠증권,C22,파생상품계약_장외파생상품_통화관련거래,168969610000,국내증권사,B,SF205,각주항목(09.06월 이후)
31007,202112,0010128,주식회사 아이엠증권,C23,파생상품계약_장외파생상품_주식관련거래,44417800000,국내증권사,B,SF205,각주항목(09.06월 이후)
31008,202112,0010128,주식회사 아이엠증권,C24,파생상품계약_장외파생상품_신용관련거래,0,국내증권사,B,SF205,각주항목(09.06월 이후)
31009,202112,0010128,주식회사 아이엠증권,C25,파생상품계약_장외파생상품_기타,0,국내증권사,B,SF205,각주항목(09.06월 이후)
31010,202112,0010128,주식회사 아이엠증권,D,대차 및 대주거래,517688075307,국내증권사,B,SF205,각주항목(09.06월 이후)
31011,202112,0010128,주식회사 아이엠증권,D1,대차 및 대주거래_대여증권,0,국내증권사,B,SF205,각주항목(09.06월 이후)
31012,202112,0010128,주식회사 아이엠증권,D2,대차 및 대주거래_차입증권,517688075307,국내증권사,B,SF205,각주항목(09.06월 이후)
31013,202112,0010128,주식회사 아이엠증권,D3,대차 및 대주거래_신용거래대주,0,국내증권사,B,SF205,각주항목(09.06월 이후)
31014,202112,0010128,주식회사 아이엠증권,E,대손상각채권, ,국내증권사,B,SF205,각주항목(09.06월 이후)
31015,202112,0010128,주식회사 아이엠증권,F,환전업무 예치금,0,국내증권사,B,SF205,각주항목(09.06월 이후)
31016,202112,0010128,주식회사 아이엠증권,G,미배당별도예치금, ,국내증권사,B,SF205,각주항목(09.06월 이후)
31017,202112,0010128,주식회사 아이엠증권,H,배서어음매출(종금계정),0,국내증권사,B,SF205,각주항목(09.06월 이후)
31018,202112,0010128,주식회사 아이엠증권,H1,대출채권매매이익_담보부, ,국내증권사,B,SF205,각주항목(09.06월 이후)
31019,202112,0010128,주식회사 아이엠증권,H2,대출채권매매이익_무담보부, ,국내증권사,B,SF205,각주항목(09.06월 이후)
31020,202203,0010128,주식회사 아이엠증권,A,채무보증,1468990000000,국내증권사,B,SF205,각주항목(09.06월 이후)
31021,202203,0010128,주식회사 아이엠증권,A1,채무보증_지급보증,0,국내증권사,B,SF205,각주항목(09.06월 이후)
31022,202203,0010128,주식회사 아이엠증권,A2,채무보증_매입보장약정, ,국내증권사,B,SF205,각주항목(09.06월 이후)
31023,202203,0010128,주식회사 아이엠증권,A3,채무보증_채무인수약정, ,국내증권사,B,SF205,각주항목(09.06월 이후)
31024,202203,0010128,주식회사 아이엠증권,A5,채무보증_매입확약,1468990000000,국내증권사,B,SF205,각주항목(09.06월 이후)
31025,202203,0010128,주식회사 아이엠증권,A6,채무보증_기타, ,국내증권사,B,SF205,각주항목(09.06월 이후)
31026,202203,0010128,주식회사 아이엠증권,B,투자자의 예수증권 등,30867738358540,국내증권사,B,SF205,각주항목(09.06월 이후)
31027,202203,0010128,주식회사 아이엠증권,B1,투자자의 예수증권 등_예수 증권,30867738358540,국내증권사,B,SF205,각주항목(09.06월 이후)
31028,202203,0010128,주식회사 아이엠증권,B2,투자자의 예수증권 등_예수양도성예금증서, ,국내증권사,B,SF205,각주항목(09.06월 이후)
31029,202203,0010128,주식회사 아이엠증권,B3,투자자의 예수증권 등_기타, ,국내증권사,B,SF205,각주항목(09.06월 이후)
31030,202203,0010128,주식회사 아이엠증권,C,파생상품계약,5043561496645,국내증권사,B,SF205,각주항목(09.06월 이후)
31031,202203,0010128,주식회사 아이엠증권,C1,파생상품계약_장내파생상품,4825165726645,국내증권사,B,SF205,각주항목(09.06월 이후)
31032,202203,0010128,주식회사 아이엠증권,C11,파생상품계약_장내파생상품_이자율관련거래,2563180530000,국내증권사,B,SF205,각주항목(09.06월 이후)
31033,202203,0010128,주식회사 아이엠증권,C12,파생상품계약_장내파생상품_통화관련거래,62899337000,국내증권사,B,SF205,각주항목(09.06월 이후)
31034,202203,0010128,주식회사 아이엠증권,C13,파생상품계약_장내파생상품_주식관련거래,2195285231093,국내증권사,B,SF205,각주항목(09.06월 이후)
31035,202203,0010128,주식회사 아이엠증권,C14,파생상품계약_장내파생상품_일반상품관련거래,3800628552,국내증권사,B,SF205,각주항목(09.06월 이후)
31036,202203,0010128,주식회사 아이엠증권,C15,파생상품계약_장내파생상품_기타,0,국내증권사,B,SF205,각주항목(09.06월 이후)
31037,202203,0010128,주식회사 아이엠증권,C2,파생상품계약_장외파생상품,218395770000,국내증권사,B,SF205,각주항목(09.06월 이후)
31038,202203,0010128,주식회사 아이엠증권,C21,파생상품계약_장외파생상품_이자율관련거래,20000000000,국내증권사,B,SF205,각주항목(09.06월 이후)
31039,202203,0010128,주식회사 아이엠증권,C22,파생상품계약_장외파생상품_통화관련거래,155201870000,국내증권사,B,SF205,각주항목(09.06월 이후)
31040,202203,0010128,주식회사 아이엠증권,C23,파생상품계약_장외파생상품_주식관련거래,43193900000,국내증권사,B,SF205,각주항목(09.06월 이후)
31041,202203,0010128,주식회사 아이엠증권,C24,파생상품계약_장외파생상품_신용관련거래,0,국내증권사,B,SF205,각주항목(09.06월 이후)
31042,202203,0010128,주식회사 아이엠증권,C25,파생상품계약_장외파생상품_기타,0,국내증권사,B,SF205,각주항목(09.06월 이후)
31043,202203,0010128,주식회사 아이엠증권,D,대차 및 대주거래,972122962851,국내증권사,B,SF205,각주항목(09.06월 이후)
31044,202203,0010128,주식회사 아이엠증권,D1,대차 및 대주거래_대여증권,0,국내증권사,B,SF205,각주항목(09.06월 이후)
31045,202203,0010128,주식회사 아이엠증권,D2,대차 및 대주거래_차입증권,972122864581,국내증권사,B,SF205,각주항목(09.06월 이후)
31046,202203,0010128,주식회사 아이엠증권,D3,대차 및 대주거래_신용거래대주,98270,국내증권사,B,SF205,각주항목(09.06월 이후)
31047,202203,0010128,주식회사 아이엠증권,E,대손상각채권, ,국내증권사,B,SF205,각주항목(09.06월 이후)
31048,202203,0010128,주식회사 아이엠증권,F,환전업무 예치금,0,국내증권사,B,SF205,각주항목(09.06월 이후)
31049,202203,0010128,주식회사 아이엠증권,G,미배당별도예치금, ,국내증권사,B,SF205,각주항목(09.06월 이후)
31050,202203,0010128,주식회사 아이엠증권,H,배서어음매출(종금계정),0,국내증권사,B,SF205,각주항목(09.06월 이후)
31051,202203,0010128,주식회사 아이엠증권,H1,대출채권매매이익_담보부, ,국내증권사,B,SF205,각주항목(09.06월 이후)
31052,202203,0010128,주식회사 아이엠증권,H2,대출채권매매이익_무담보부, ,국내증권사,B,SF205,각주항목(09.06월 이후)
31053,202206,0010128,주식회사 아이엠증권,A,채무보증,1297490000000,국내증권사,B,SF205,각주항목(09.06월 이후)
31054,202206,0010128,주식회사 아이엠증권,A1,채무보증_지급보증,0,국내증권사,B,SF205,각주항목(09.06월 이후)
31055,202206,0010128,주식회사 아이엠증권,A2,채무보증_매입보장약정, ,국내증권사,B,SF205,각주항목(09.06월 이후)
31056,202206,0010128,주식회사 아이엠증권,A3,채무보증_채무인수약정, ,국내증권사,B,SF205,각주항목(09.06월 이후)
31057,202206,0010128,주식회사 아이엠증권,A5,채무보증_매입확약,1297490000000,국내증권사,B,SF205,각주항목(09.06월 이후)
31058,202206,0010128,주식회사 아이엠증권,A6,채무보증_기타, ,국내증권사,B,SF205,각주항목(09.06월 이후)
31059,202206,0010128,주식회사 아이엠증권,B,투자자의 예수증권 등,30290992629358,국내증권사,B,SF205,각주항목(09.06월 이후)
31060,202206,0010128,주식회사 아이엠증권,B1,투자자의 예수증권 등_예수 증권,30290992629358,국내증권사,B,SF205,각주항목(09.06월 이후)
31061,202206,0010128,주식회사 아이엠증권,B2,투자자의 예수증권 등_예수양도성예금증서, ,국내증권사,B,SF205,각주항목(09.06월 이후)
31062,202206,0010128,주식회사 아이엠증권,B3,투자자의 예수증권 등_기타, ,국내증권사,B,SF205,각주항목(09.06월 이후)
31063,202206,0010128,주식회사 아이엠증권,C,파생상품계약,5936501510377,국내증권사,B,SF205,각주항목(09.06월 이후)
31064,202206,0010128,주식회사 아이엠증권,C1,파생상품계약_장내파생상품,5700698767467,국내증권사,B,SF205,각주항목(09.06월 이후)
31065,202206,0010128,주식회사 아이엠증권,C11,파생상품계약_장내파생상품_이자율관련거래,2941800621692,국내증권사,B,SF205,각주항목(09.06월 이후)
31066,202206,0010128,주식회사 아이엠증권,C12,파생상품계약_장내파생상품_통화관련거래,78734164000,국내증권사,B,SF205,각주항목(09.06월 이후)
31067,202206,0010128,주식회사 아이엠증권,C13,파생상품계약_장내파생상품_주식관련거래,2678766085366,국내증권사,B,SF205,각주항목(09.06월 이후)
31068,202206,0010128,주식회사 아이엠증권,C14,파생상품계약_장내파생상품_일반상품관련거래,1397896409,국내증권사,B,SF205,각주항목(09.06월 이후)
31069,202206,0010128,주식회사 아이엠증권,C15,파생상품계약_장내파생상품_기타,0,국내증권사,B,SF205,각주항목(09.06월 이후)
31070,202206,0010128,주식회사 아이엠증권,C2,파생상품계약_장외파생상품,235802742910,국내증권사,B,SF205,각주항목(09.06월 이후)
31071,202206,0010128,주식회사 아이엠증권,C21,파생상품계약_장외파생상품_이자율관련거래,0,국내증권사,B,SF205,각주항목(09.06월 이후)
31072,202206,0010128,주식회사 아이엠증권,C22,파생상품계약_장외파생상품_통화관련거래,186508842910,국내증권사,B,SF205,각주항목(09.06월 이후)
31073,202206,0010128,주식회사 아이엠증권,C23,파생상품계약_장외파생상품_주식관련거래,49293900000,국내증권사,B,SF205,각주항목(09.06월 이후)
31074,202206,0010128,주식회사 아이엠증권,C24,파생상품계약_장외파생상품_신용관련거래,0,국내증권사,B,SF205,각주항목(09.06월 이후)
31075,202206,0010128,주식회사 아이엠증권,C25,파생상품계약_장외파생상품_기타,0,국내증권사,B,SF205,각주항목(09.06월 이후)
31076,202206,0010128,주식회사 아이엠증권,D,대차 및 대주거래,671931034650,국내증권사,B,SF205,각주항목(09.06월 이후)
31077,202206,0010128,주식회사 아이엠증권,D1,대차 및 대주거래_대여증권,0,국내증권사,B,SF205,각주항목(09.06월 이후)
31078,202206,0010128,주식회사 아이엠증권,D2,대차 및 대주거래_차입증권,671931034650,국내증권사,B,SF205,각주항목(09.06월 이후)
31079,202206,0010128,주식회사 아이엠증권,D3,대차 및 대주거래_신용거래대주, ,국내증권사,B,SF205,각주항목(09.06월 이후)
31080,202206,0010128,주식회사 아이엠증권,E,대손상각채권, ,국내증권사,B,SF205,각주항목(09.06월 이후)
31081,202206,0010128,주식회사 아이엠증권,F,환전업무 예치금,0,국내증권사,B,SF205,각주항목(09.06월 이후)
31082,202206,0010128,주식회사 아이엠증권,G,미배당별도예치금, ,국내증권사,B,SF205,각주항목(09.06월 이후)
31083,202206,0010128,주식회사 아이엠증권,H,배서어음매출(종금계정),0,국내증권사,B,SF205,각주항목(09.06월 이후)
31084,202206,0010128,주식회사 아이엠증권,H1,대출채권매매이익_담보부, ,국내증권사,B,SF205,각주항목(09.06월 이후)
31085,202206,0010128,주식회사 아이엠증권,H2,대출채권매매이익_무담보부, ,국내증권사,B,SF205,각주항목(09.06월 이후)
31086,202209,0010128,주식회사 아이엠증권,A,채무보증,1357730000000,국내증권사,B,SF205,각주항목(09.06월 이후)
31087,202209,0010128,주식회사 아이엠증권,A1,채무보증_지급보증,0,국내증권사,B,SF205,각주항목(09.06월 이후)
31088,202209,0010128,주식회사 아이엠증권,A2,채무보증_매입보장약정, ,국내증권사,B,SF205,각주항목(09.06월 이후)
31089,202209,0010128,주식회사 아이엠증권,A3,채무보증_채무인수약정, ,국내증권사,B,SF205,각주항목(09.06월 이후)
31090,202209,0010128,주식회사 아이엠증권,A5,채무보증_매입확약,1357730000000,국내증권사,B,SF205,각주항목(09.06월 이후)
31091,202209,0010128,주식회사 아이엠증권,A6,채무보증_기타, ,국내증권사,B,SF205,각주항목(09.06월 이후)
31092,202209,0010128,주식회사 아이엠증권,B,투자자의 예수증권 등,28994127474476,국내증권사,B,SF205,각주항목(09.06월 이후)
31093,202209,0010128,주식회사 아이엠증권,B1,투자자의 예수증권 등_예수 증권,28994127474476,국내증권사,B,SF205,각주항목(09.06월 이후)
31094,202209,0010128,주식회사 아이엠증권,B2,투자자의 예수증권 등_예수양도성예금증서, ,국내증권사,B,SF205,각주항목(09.06월 이후)
31095,202209,0010128,주식회사 아이엠증권,B3,투자자의 예수증권 등_기타, ,국내증권사,B,SF205,각주항목(09.06월 이후)
31096,202209,0010128,주식회사 아이엠증권,C,파생상품계약,4495835503200,국내증권사,B,SF205,각주항목(09.06월 이후)
31097,202209,0010128,주식회사 아이엠증권,C1,파생상품계약_장내파생상품,4245253087787,국내증권사,B,SF205,각주항목(09.06월 이후)
31098,202209,0010128,주식회사 아이엠증권,C11,파생상품계약_장내파생상품_이자율관련거래,1583068230000,국내증권사,B,SF205,각주항목(09.06월 이후)
31099,202209,0010128,주식회사 아이엠증권,C12,파생상품계약_장내파생상품_통화관련거래,32781114000,국내증권사,B,SF205,각주항목(09.06월 이후)
31100,202209,0010128,주식회사 아이엠증권,C13,파생상품계약_장내파생상품_주식관련거래,2625091486822,국내증권사,B,SF205,각주항목(09.06월 이후)
31101,202209,0010128,주식회사 아이엠증권,C14,파생상품계약_장내파생상품_일반상품관련거래,4312256965,국내증권사,B,SF205,각주항목(09.06월 이후)
31102,202209,0010128,주식회사 아이엠증권,C15,파생상품계약_장내파생상품_기타,0,국내증권사,B,SF205,각주항목(09.06월 이후)
31103,202209,0010128,주식회사 아이엠증권,C2,파생상품계약_장외파생상품,250582415413,국내증권사,B,SF205,각주항목(09.06월 이후)
31104,202209,0010128,주식회사 아이엠증권,C21,파생상품계약_장외파생상품_이자율관련거래,0,국내증권사,B,SF205,각주항목(09.06월 이후)
31105,202209,0010128,주식회사 아이엠증권,C22,파생상품계약_장외파생상품_통화관련거래,188713165413,국내증권사,B,SF205,각주항목(09.06월 이후)
31106,202209,0010128,주식회사 아이엠증권,C23,파생상품계약_장외파생상품_주식관련거래,61869250000,국내증권사,B,SF205,각주항목(09.06월 이후)
31107,202209,0010128,주식회사 아이엠증권,C24,파생상품계약_장외파생상품_신용관련거래,0,국내증권사,B,SF205,각주항목(09.06월 이후)
31108,202209,0010128,주식회사 아이엠증권,C25,파생상품계약_장외파생상품_기타,0,국내증권사,B,SF205,각주항목(09.06월 이후)
31109,202209,0010128,주식회사 아이엠증권,D,대차 및 대주거래,494850847930,국내증권사,B,SF205,각주항목(09.06월 이후)
31110,202209,0010128,주식회사 아이엠증권,D1,대차 및 대주거래_대여증권,0,국내증권사,B,SF205,각주항목(09.06월 이후)
31111,202209,0010128,주식회사 아이엠증권,D2,대차 및 대주거래_차입증권,494832880330,국내증권사,B,SF205,각주항목(09.06월 이후)
31112,202209,0010128,주식회사 아이엠증권,D3,대차 및 대주거래_신용거래대주,17967600,국내증권사,B,SF205,각주항목(09.06월 이후)
31113,202209,0010128,주식회사 아이엠증권,E,대손상각채권, ,국내증권사,B,SF205,각주항목(09.06월 이후)
31114,202209,0010128,주식회사 아이엠증권,F,환전업무 예치금,0,국내증권사,B,SF205,각주항목(09.06월 이후)
31115,202209,0010128,주식회사 아이엠증권,G,미배당별도예치금, ,국내증권사,B,SF205,각주항목(09.06월 이후)
31116,202209,0010128,주식회사 아이엠증권,H,배서어음매출(종금계정),0,국내증권사,B,SF205,각주항목(09.06월 이후)
31117,202209,0010128,주식회사 아이엠증권,H1,대출채권매매이익_담보부, ,국내증권사,B,SF205,각주항목(09.06월 이후)
31118,202209,0010128,주식회사 아이엠증권,H2,대출채권매매이익_무담보부, ,국내증권사,B,SF205,각주항목(09.06월 이후)
31119,202212,0010128,주식회사 아이엠증권,A,채무보증,1307243125000,국내증권사,B,SF205,각주항목(09.06월 이후)
31120,202212,0010128,주식회사 아이엠증권,A1,채무보증_지급보증,0,국내증권사,B,SF205,각주항목(09.06월 이후)
31121,202212,0010128,주식회사 아이엠증권,A2,채무보증_매입보장약정, ,국내증권사,B,SF205,각주항목(09.06월 이후)
31122,202212,0010128,주식회사 아이엠증권,A3,채무보증_채무인수약정, ,국내증권사,B,SF205,각주항목(09.06월 이후)
31123,202212,0010128,주식회사 아이엠증권,A5,채무보증_매입확약,1282600000000,국내증권사,B,SF205,각주항목(09.06월 이후)
31124,202212,0010128,주식회사 아이엠증권,A6,채무보증_기타,24643125000,국내증권사,B,SF205,각주항목(09.06월 이후)
31125,202212,0010128,주식회사 아이엠증권,B,투자자의 예수증권 등,29911637514130,국내증권사,B,SF205,각주항목(09.06월 이후)
31126,202212,0010128,주식회사 아이엠증권,B1,투자자의 예수증권 등_예수 증권,29911637514130,국내증권사,B,SF205,각주항목(09.06월 이후)
31127,202212,0010128,주식회사 아이엠증권,B2,투자자의 예수증권 등_예수양도성예금증서, ,국내증권사,B,SF205,각주항목(09.06월 이후)
31128,202212,0010128,주식회사 아이엠증권,B3,투자자의 예수증권 등_기타, ,국내증권사,B,SF205,각주항목(09.06월 이후)
31129,202212,0010128,주식회사 아이엠증권,C,파생상품계약,6337222039003,국내증권사,B,SF205,각주항목(09.06월 이후)
31130,202212,0010128,주식회사 아이엠증권,C1,파생상품계약_장내파생상품,6004950005212,국내증권사,B,SF205,각주항목(09.06월 이후)
31131,202212,0010128,주식회사 아이엠증권,C11,파생상품계약_장내파생상품_이자율관련거래,2302501406029,국내증권사,B,SF205,각주항목(09.06월 이후)
31132,202212,0010128,주식회사 아이엠증권,C12,파생상품계약_장내파생상품_통화관련거래,81295525000,국내증권사,B,SF205,각주항목(09.06월 이후)
31133,202212,0010128,주식회사 아이엠증권,C13,파생상품계약_장내파생상품_주식관련거래,3619742239785,국내증권사,B,SF205,각주항목(09.06월 이후)
31134,202212,0010128,주식회사 아이엠증권,C14,파생상품계약_장내파생상품_일반상품관련거래,1410834398,국내증권사,B,SF205,각주항목(09.06월 이후)
31135,202212,0010128,주식회사 아이엠증권,C15,파생상품계약_장내파생상품_기타,0,국내증권사,B,SF205,각주항목(09.06월 이후)
31136,202212,0010128,주식회사 아이엠증권,C2,파생상품계약_장외파생상품,332272033791,국내증권사,B,SF205,각주항목(09.06월 이후)
31137,202212,0010128,주식회사 아이엠증권,C21,파생상품계약_장외파생상품_이자율관련거래,200000000000,국내증권사,B,SF205,각주항목(09.06월 이후)
31138,202212,0010128,주식회사 아이엠증권,C22,파생상품계약_장외파생상품_통화관련거래,78045323791,국내증권사,B,SF205,각주항목(09.06월 이후)
31139,202212,0010128,주식회사 아이엠증권,C23,파생상품계약_장외파생상품_주식관련거래,54226710000,국내증권사,B,SF205,각주항목(09.06월 이후)
31140,202212,0010128,주식회사 아이엠증권,C24,파생상품계약_장외파생상품_신용관련거래,0,국내증권사,B,SF205,각주항목(09.06월 이후)
31141,202212,0010128,주식회사 아이엠증권,C25,파생상품계약_장외파생상품_기타,0,국내증권사,B,SF205,각주항목(09.06월 이후)
31142,202212,0010128,주식회사 아이엠증권,D,대차 및 대주거래,365406836859,국내증권사,B,SF205,각주항목(09.06월 이후)
31143,202212,0010128,주식회사 아이엠증권,D1,대차 및 대주거래_대여증권,0,국내증권사,B,SF205,각주항목(09.06월 이후)
31144,202212,0010128,주식회사 아이엠증권,D2,대차 및 대주거래_차입증권,365385854159,국내증권사,B,SF205,각주항목(09.06월 이후)
31145,202212,0010128,주식회사 아이엠증권,D3,대차 및 대주거래_신용거래대주,20982700,국내증권사,B,SF205,각주항목(09.06월 이후)
31146,202212,0010128,주식회사 아이엠증권,E,대손상각채권, ,국내증권사,B,SF205,각주항목(09.06월 이후)
31147,202212,0010128,주식회사 아이엠증권,F,환전업무 예치금,0,국내증권사,B,SF205,각주항목(09.06월 이후)
31148,202212,0010128,주식회사 아이엠증권,G,미배당별도예치금, ,국내증권사,B,SF205,각주항목(09.06월 이후)
31149,202212,0010128,주식회사 아이엠증권,H,배서어음매출(종금계정),0,국내증권사,B,SF205,각주항목(09.06월 이후)
31150,202212,0010128,주식회사 아이엠증권,H1,대출채권매매이익_담보부, ,국내증권사,B,SF205,각주항목(09.06월 이후)
31151,202212,0010128,주식회사 아이엠증권,H2,대출채권매매이익_무담보부, ,국내증권사,B,SF205,각주항목(09.06월 이후)
31152,202303,0010128,주식회사 아이엠증권,A,채무보증,1202523125000,국내증권사,B,SF205,각주항목(09.06월 이후)
31153,202303,0010128,주식회사 아이엠증권,A1,채무보증_지급보증,0,국내증권사,B,SF205,각주항목(09.06월 이후)
31154,202303,0010128,주식회사 아이엠증권,A2,채무보증_매입보장약정, ,국내증권사,B,SF205,각주항목(09.06월 이후)
31155,202303,0010128,주식회사 아이엠증권,A3,채무보증_채무인수약정, ,국내증권사,B,SF205,각주항목(09.06월 이후)
31156,202303,0010128,주식회사 아이엠증권,A5,채무보증_매입확약,1183130000000,국내증권사,B,SF205,각주항목(09.06월 이후)
31157,202303,0010128,주식회사 아이엠증권,A6,채무보증_기타,19393125000,국내증권사,B,SF205,각주항목(09.06월 이후)
31158,202303,0010128,주식회사 아이엠증권,B,투자자의 예수증권 등,30547914754068,국내증권사,B,SF205,각주항목(09.06월 이후)
31159,202303,0010128,주식회사 아이엠증권,B1,투자자의 예수증권 등_예수 증권,30547914754068,국내증권사,B,SF205,각주항목(09.06월 이후)
31160,202303,0010128,주식회사 아이엠증권,B2,투자자의 예수증권 등_예수양도성예금증서, ,국내증권사,B,SF205,각주항목(09.06월 이후)
31161,202303,0010128,주식회사 아이엠증권,B3,투자자의 예수증권 등_기타, ,국내증권사,B,SF205,각주항목(09.06월 이후)
31162,202303,0010128,주식회사 아이엠증권,C,파생상품계약,8173425816950,국내증권사,B,SF205,각주항목(09.06월 이후)
31163,202303,0010128,주식회사 아이엠증권,C1,파생상품계약_장내파생상품,6084195909502,국내증권사,B,SF205,각주항목(09.06월 이후)
31164,202303,0010128,주식회사 아이엠증권,C11,파생상품계약_장내파생상품_이자율관련거래,2661684191046,국내증권사,B,SF205,각주항목(09.06월 이후)
31165,202303,0010128,주식회사 아이엠증권,C12,파생상품계약_장내파생상품_통화관련거래,70585144000,국내증권사,B,SF205,각주항목(09.06월 이후)
31166,202303,0010128,주식회사 아이엠증권,C13,파생상품계약_장내파생상품_주식관련거래,3350290514064,국내증권사,B,SF205,각주항목(09.06월 이후)
31167,202303,0010128,주식회사 아이엠증권,C14,파생상품계약_장내파생상품_일반상품관련거래,1636060392,국내증권사,B,SF205,각주항목(09.06월 이후)
31168,202303,0010128,주식회사 아이엠증권,C15,파생상품계약_장내파생상품_기타,0,국내증권사,B,SF205,각주항목(09.06월 이후)
31169,202303,0010128,주식회사 아이엠증권,C2,파생상품계약_장외파생상품,2089229907448,국내증권사,B,SF205,각주항목(09.06월 이후)
31170,202303,0010128,주식회사 아이엠증권,C21,파생상품계약_장외파생상품_이자율관련거래,1920000000000,국내증권사,B,SF205,각주항목(09.06월 이후)
31171,202303,0010128,주식회사 아이엠증권,C22,파생상품계약_장외파생상품_통화관련거래,114549297448,국내증권사,B,SF205,각주항목(09.06월 이후)
31172,202303,0010128,주식회사 아이엠증권,C23,파생상품계약_장외파생상품_주식관련거래,54680610000,국내증권사,B,SF205,각주항목(09.06월 이후)
31173,202303,0010128,주식회사 아이엠증권,C24,파생상품계약_장외파생상품_신용관련거래,0,국내증권사,B,SF205,각주항목(09.06월 이후)
31174,202303,0010128,주식회사 아이엠증권,C25,파생상품계약_장외파생상품_기타,0,국내증권사,B,SF205,각주항목(09.06월 이후)
31175,202303,0010128,주식회사 아이엠증권,D,대차 및 대주거래,399764629114,국내증권사,B,SF205,각주항목(09.06월 이후)
31176,202303,0010128,주식회사 아이엠증권,D1,대차 및 대주거래_대여증권,0,국내증권사,B,SF205,각주항목(09.06월 이후)
31177,202303,0010128,주식회사 아이엠증권,D2,대차 및 대주거래_차입증권,399755464074,국내증권사,B,SF205,각주항목(09.06월 이후)
31178,202303,0010128,주식회사 아이엠증권,D3,대차 및 대주거래_신용거래대주,9165040,국내증권사,B,SF205,각주항목(09.06월 이후)
31179,202303,0010128,주식회사 아이엠증권,E,대손상각채권, ,국내증권사,B,SF205,각주항목(09.06월 이후)
31180,202303,0010128,주식회사 아이엠증권,F,환전업무 예치금,0,국내증권사,B,SF205,각주항목(09.06월 이후)
31181,202303,0010128,주식회사 아이엠증권,G,미배당별도예치금, ,국내증권사,B,SF205,각주항목(09.06월 이후)
31182,202303,0010128,주식회사 아이엠증권,H,배서어음매출(종금계정),0,국내증권사,B,SF205,각주항목(09.06월 이후)
31183,202303,0010128,주식회사 아이엠증권,H1,대출채권매매이익_담보부, ,국내증권사,B,SF205,각주항목(09.06월 이후)
31184,202303,0010128,주식회사 아이엠증권,H2,대출채권매매이익_무담보부, ,국내증권사,B,SF205,각주항목(09.06월 이후)
31185,202306,0010128,주식회사 아이엠증권,A,채무보증,1158628724480,국내증권사,B,SF205,각주항목(09.06월 이후)
31186,202306,0010128,주식회사 아이엠증권,A1,채무보증_지급보증,60000000000,국내증권사,B,SF205,각주항목(09.06월 이후)
31187,202306,0010128,주식회사 아이엠증권,A2,채무보증_매입보장약정, ,국내증권사,B,SF205,각주항목(09.06월 이후)
31188,202306,0010128,주식회사 아이엠증권,A3,채무보증_채무인수약정, ,국내증권사,B,SF205,각주항목(09.06월 이후)
31189,202306,0010128,주식회사 아이엠증권,A5,채무보증_매입확약,1080855000000,국내증권사,B,SF205,각주항목(09.06월 이후)
31190,202306,0010128,주식회사 아이엠증권,A6,채무보증_기타,17773724480,국내증권사,B,SF205,각주항목(09.06월 이후)
31191,202306,0010128,주식회사 아이엠증권,B,투자자의 예수증권 등,30461482931587,국내증권사,B,SF205,각주항목(09.06월 이후)
31192,202306,0010128,주식회사 아이엠증권,B1,투자자의 예수증권 등_예수 증권,30461482931587,국내증권사,B,SF205,각주항목(09.06월 이후)
31193,202306,0010128,주식회사 아이엠증권,B2,투자자의 예수증권 등_예수양도성예금증서, ,국내증권사,B,SF205,각주항목(09.06월 이후)
31194,202306,0010128,주식회사 아이엠증권,B3,투자자의 예수증권 등_기타, ,국내증권사,B,SF205,각주항목(09.06월 이후)
31195,202306,0010128,주식회사 아이엠증권,C,파생상품계약,10467152233746,국내증권사,B,SF205,각주항목(09.06월 이후)
31196,202306,0010128,주식회사 아이엠증권,C1,파생상품계약_장내파생상품,5733595702593,국내증권사,B,SF205,각주항목(09.06월 이후)
31197,202306,0010128,주식회사 아이엠증권,C11,파생상품계약_장내파생상품_이자율관련거래,2389769380000,국내증권사,B,SF205,각주항목(09.06월 이후)
31198,202306,0010128,주식회사 아이엠증권,C12,파생상품계약_장내파생상품_통화관련거래,51408322000,국내증권사,B,SF205,각주항목(09.06월 이후)
31199,202306,0010128,주식회사 아이엠증권,C13,파생상품계약_장내파생상품_주식관련거래,3289611549265,국내증권사,B,SF205,각주항목(09.06월 이후)
31200,202306,0010128,주식회사 아이엠증권,C14,파생상품계약_장내파생상품_일반상품관련거래,2806451328,국내증권사,B,SF205,각주항목(09.06월 이후)
31201,202306,0010128,주식회사 아이엠증권,C15,파생상품계약_장내파생상품_기타,0,국내증권사,B,SF205,각주항목(09.06월 이후)
31202,202306,0010128,주식회사 아이엠증권,C2,파생상품계약_장외파생상품,4733556531153,국내증권사,B,SF205,각주항목(09.06월 이후)
31203,202306,0010128,주식회사 아이엠증권,C21,파생상품계약_장외파생상품_이자율관련거래,4561300000000,국내증권사,B,SF205,각주항목(09.06월 이후)
31204,202306,0010128,주식회사 아이엠증권,C22,파생상품계약_장외파생상품_통화관련거래,126072571153,국내증권사,B,SF205,각주항목(09.06월 이후)
31205,202306,0010128,주식회사 아이엠증권,C23,파생상품계약_장외파생상품_주식관련거래,46183960000,국내증권사,B,SF205,각주항목(09.06월 이후)
31206,202306,0010128,주식회사 아이엠증권,C24,파생상품계약_장외파생상품_신용관련거래,0,국내증권사,B,SF205,각주항목(09.06월 이후)
31207,202306,0010128,주식회사 아이엠증권,C25,파생상품계약_장외파생상품_기타,0,국내증권사,B,SF205,각주항목(09.06월 이후)
31208,202306,0010128,주식회사 아이엠증권,D,대차 및 대주거래,304750237460,국내증권사,B,SF205,각주항목(09.06월 이후)
31209,202306,0010128,주식회사 아이엠증권,D1,대차 및 대주거래_대여증권,0,국내증권사,B,SF205,각주항목(09.06월 이후)
31210,202306,0010128,주식회사 아이엠증권,D2,대차 및 대주거래_차입증권,304665158110,국내증권사,B,SF205,각주항목(09.06월 이후)
31211,202306,0010128,주식회사 아이엠증권,D3,대차 및 대주거래_신용거래대주,85079350,국내증권사,B,SF205,각주항목(09.06월 이후)
31212,202306,0010128,주식회사 아이엠증권,E,대손상각채권, ,국내증권사,B,SF205,각주항목(09.06월 이후)
31213,202306,0010128,주식회사 아이엠증권,F,환전업무 예치금,0,국내증권사,B,SF205,각주항목(09.06월 이후)
31214,202306,0010128,주식회사 아이엠증권,G,미배당별도예치금, ,국내증권사,B,SF205,각주항목(09.06월 이후)
31215,202306,0010128,주식회사 아이엠증권,H,배서어음매출(종금계정),0,국내증권사,B,SF205,각주항목(09.06월 이후)
31216,202306,0010128,주식회사 아이엠증권,H1,대출채권매매이익_담보부, ,국내증권사,B,SF205,각주항목(09.06월 이후)
31217,202306,0010128,주식회사 아이엠증권,H2,대출채권매매이익_무담보부, ,국내증권사,B,SF205,각주항목(09.06월 이후)
31218,202309,0010128,주식회사 아이엠증권,A,채무보증,1136817365922,국내증권사,B,SF205,각주항목(09.06월 이후)
31219,202309,0010128,주식회사 아이엠증권,A1,채무보증_지급보증,60000000000,국내증권사,B,SF205,각주항목(09.06월 이후)
31220,202309,0010128,주식회사 아이엠증권,A2,채무보증_매입보장약정, ,국내증권사,B,SF205,각주항목(09.06월 이후)
31221,202309,0010128,주식회사 아이엠증권,A3,채무보증_채무인수약정, ,국내증권사,B,SF205,각주항목(09.06월 이후)
31222,202309,0010128,주식회사 아이엠증권,A5,채무보증_매입확약,1060335000000,국내증권사,B,SF205,각주항목(09.06월 이후)
31223,202309,0010128,주식회사 아이엠증권,A6,채무보증_기타,16482365922,국내증권사,B,SF205,각주항목(09.06월 이후)
31224,202309,0010128,주식회사 아이엠증권,B,투자자의 예수증권 등,39823305607239,국내증권사,B,SF205,각주항목(09.06월 이후)
31225,202309,0010128,주식회사 아이엠증권,B1,투자자의 예수증권 등_예수 증권,39823305607239,국내증권사,B,SF205,각주항목(09.06월 이후)
31226,202309,0010128,주식회사 아이엠증권,B2,투자자의 예수증권 등_예수양도성예금증서, ,국내증권사,B,SF205,각주항목(09.06월 이후)
31227,202309,0010128,주식회사 아이엠증권,B3,투자자의 예수증권 등_기타, ,국내증권사,B,SF205,각주항목(09.06월 이후)
31228,202309,0010128,주식회사 아이엠증권,C,파생상품계약,9947134986611,국내증권사,B,SF205,각주항목(09.06월 이후)
31229,202309,0010128,주식회사 아이엠증권,C1,파생상품계약_장내파생상품,5273663249453,국내증권사,B,SF205,각주항목(09.06월 이후)
31230,202309,0010128,주식회사 아이엠증권,C11,파생상품계약_장내파생상품_이자율관련거래,2451654900000,국내증권사,B,SF205,각주항목(09.06월 이후)
31231,202309,0010128,주식회사 아이엠증권,C12,파생상품계약_장내파생상품_통화관련거래,51136098000,국내증권사,B,SF205,각주항목(09.06월 이후)
31232,202309,0010128,주식회사 아이엠증권,C13,파생상품계약_장내파생상품_주식관련거래,2767568306469,국내증권사,B,SF205,각주항목(09.06월 이후)
31233,202309,0010128,주식회사 아이엠증권,C14,파생상품계약_장내파생상품_일반상품관련거래,3303944984,국내증권사,B,SF205,각주항목(09.06월 이후)
31234,202309,0010128,주식회사 아이엠증권,C15,파생상품계약_장내파생상품_기타,0,국내증권사,B,SF205,각주항목(09.06월 이후)
31235,202309,0010128,주식회사 아이엠증권,C2,파생상품계약_장외파생상품,4673471737158,국내증권사,B,SF205,각주항목(09.06월 이후)
31236,202309,0010128,주식회사 아이엠증권,C21,파생상품계약_장외파생상품_이자율관련거래,4527523061618,국내증권사,B,SF205,각주항목(09.06월 이후)
31237,202309,0010128,주식회사 아이엠증권,C22,파생상품계약_장외파생상품_통화관련거래,116177900470,국내증권사,B,SF205,각주항목(09.06월 이후)
31238,202309,0010128,주식회사 아이엠증권,C23,파생상품계약_장외파생상품_주식관련거래,29770775070,국내증권사,B,SF205,각주항목(09.06월 이후)
31239,202309,0010128,주식회사 아이엠증권,C24,파생상품계약_장외파생상품_신용관련거래,0,국내증권사,B,SF205,각주항목(09.06월 이후)
31240,202309,0010128,주식회사 아이엠증권,C25,파생상품계약_장외파생상품_기타,0,국내증권사,B,SF205,각주항목(09.06월 이후)
31241,202309,0010128,주식회사 아이엠증권,D,대차 및 대주거래,700454245612,국내증권사,B,SF205,각주항목(09.06월 이후)
31242,202309,0010128,주식회사 아이엠증권,D1,대차 및 대주거래_대여증권,0,국내증권사,B,SF205,각주항목(09.06월 이후)
31243,202309,0010128,주식회사 아이엠증권,D2,대차 및 대주거래_차입증권,700407286132,국내증권사,B,SF205,각주항목(09.06월 이후)
31244,202309,0010128,주식회사 아이엠증권,D3,대차 및 대주거래_신용거래대주,46959480,국내증권사,B,SF205,각주항목(09.06월 이후)
31245,202309,0010128,주식회사 아이엠증권,E,대손상각채권,36000000000,국내증권사,B,SF205,각주항목(09.06월 이후)
31246,202309,0010128,주식회사 아이엠증권,F,환전업무 예치금,0,국내증권사,B,SF205,각주항목(09.06월 이후)
31247,202309,0010128,주식회사 아이엠증권,G,미배당별도예치금, ,국내증권사,B,SF205,각주항목(09.06월 이후)
31248,202309,0010128,주식회사 아이엠증권,H,배서어음매출(종금계정),0,국내증권사,B,SF205,각주항목(09.06월 이후)
31249,202309,0010128,주식회사 아이엠증권,H1,대출채권매매이익_담보부, ,국내증권사,B,SF205,각주항목(09.06월 이후)
31250,202309,0010128,주식회사 아이엠증권,H2,대출채권매매이익_무담보부, ,국내증권사,B,SF205,각주항목(09.06월 이후)
31251,202312,0010128,주식회사 아이엠증권,A,채무보증,1075524233596,국내증권사,B,SF205,각주항목(09.06월 이후)
31252,202312,0010128,주식회사 아이엠증권,A1,채무보증_지급보증,60000000000,국내증권사,B,SF205,각주항목(09.06월 이후)
31253,202312,0010128,주식회사 아이엠증권,A2,채무보증_매입보장약정, ,국내증권사,B,SF205,각주항목(09.06월 이후)
31254,202312,0010128,주식회사 아이엠증권,A3,채무보증_채무인수약정, ,국내증권사,B,SF205,각주항목(09.06월 이후)
31255,202312,0010128,주식회사 아이엠증권,A5,채무보증_매입확약,999455000000,국내증권사,B,SF205,각주항목(09.06월 이후)
31256,202312,0010128,주식회사 아이엠증권,A6,채무보증_기타,16069233596,국내증권사,B,SF205,각주항목(09.06월 이후)
31257,202312,0010128,주식회사 아이엠증권,B,투자자의 예수증권 등,42116350974600,국내증권사,B,SF205,각주항목(09.06월 이후)
31258,202312,0010128,주식회사 아이엠증권,B1,투자자의 예수증권 등_예수 증권,42116350974600,국내증권사,B,SF205,각주항목(09.06월 이후)
31259,202312,0010128,주식회사 아이엠증권,B2,투자자의 예수증권 등_예수양도성예금증서, ,국내증권사,B,SF205,각주항목(09.06월 이후)
31260,202312,0010128,주식회사 아이엠증권,B3,투자자의 예수증권 등_기타, ,국내증권사,B,SF205,각주항목(09.06월 이후)
31261,202312,0010128,주식회사 아이엠증권,C,파생상품계약,7841637600917,국내증권사,B,SF205,각주항목(09.06월 이후)
31262,202312,0010128,주식회사 아이엠증권,C1,파생상품계약_장내파생상품,3396070383054,국내증권사,B,SF205,각주항목(09.06월 이후)
31263,202312,0010128,주식회사 아이엠증권,C11,파생상품계약_장내파생상품_이자율관련거래,2129480640000,국내증권사,B,SF205,각주항목(09.06월 이후)
31264,202312,0010128,주식회사 아이엠증권,C12,파생상품계약_장내파생상품_통화관련거래,34801478000,국내증권사,B,SF205,각주항목(09.06월 이후)
31265,202312,0010128,주식회사 아이엠증권,C13,파생상품계약_장내파생상품_주식관련거래,1226824565026,국내증권사,B,SF205,각주항목(09.06월 이후)
31266,202312,0010128,주식회사 아이엠증권,C14,파생상품계약_장내파생상품_일반상품관련거래,4963700028,국내증권사,B,SF205,각주항목(09.06월 이후)
31267,202312,0010128,주식회사 아이엠증권,C15,파생상품계약_장내파생상품_기타,0,국내증권사,B,SF205,각주항목(09.06월 이후)
31268,202312,0010128,주식회사 아이엠증권,C2,파생상품계약_장외파생상품,4445567217863,국내증권사,B,SF205,각주항목(09.06월 이후)
31269,202312,0010128,주식회사 아이엠증권,C21,파생상품계약_장외파생상품_이자율관련거래,4301191474816,국내증권사,B,SF205,각주항목(09.06월 이후)
31270,202312,0010128,주식회사 아이엠증권,C22,파생상품계약_장외파생상품_통화관련거래,110076217751,국내증권사,B,SF205,각주항목(09.06월 이후)
31271,202312,0010128,주식회사 아이엠증권,C23,파생상품계약_장외파생상품_주식관련거래,34299525296,국내증권사,B,SF205,각주항목(09.06월 이후)
31272,202312,0010128,주식회사 아이엠증권,C24,파생상품계약_장외파생상품_신용관련거래,0,국내증권사,B,SF205,각주항목(09.06월 이후)
31273,202312,0010128,주식회사 아이엠증권,C25,파생상품계약_장외파생상품_기타,0,국내증권사,B,SF205,각주항목(09.06월 이후)
31274,202312,0010128,주식회사 아이엠증권,D,대차 및 대주거래,843951957586,국내증권사,B,SF205,각주항목(09.06월 이후)
31275,202312,0010128,주식회사 아이엠증권,D1,대차 및 대주거래_대여증권,0,국내증권사,B,SF205,각주항목(09.06월 이후)
31276,202312,0010128,주식회사 아이엠증권,D2,대차 및 대주거래_차입증권,843921110836,국내증권사,B,SF205,각주항목(09.06월 이후)
31277,202312,0010128,주식회사 아이엠증권,D3,대차 및 대주거래_신용거래대주,30846750,국내증권사,B,SF205,각주항목(09.06월 이후)
31278,202312,0010128,주식회사 아이엠증권,E,대손상각채권,43326905790,국내증권사,B,SF205,각주항목(09.06월 이후)
31279,202312,0010128,주식회사 아이엠증권,F,환전업무 예치금,0,국내증권사,B,SF205,각주항목(09.06월 이후)
31280,202312,0010128,주식회사 아이엠증권,G,미배당별도예치금, ,국내증권사,B,SF205,각주항목(09.06월 이후)
31281,202312,0010128,주식회사 아이엠증권,H,배서어음매출(종금계정),0,국내증권사,B,SF205,각주항목(09.06월 이후)
31282,202312,0010128,주식회사 아이엠증권,H1,대출채권매매이익_담보부, ,국내증권사,B,SF205,각주항목(09.06월 이후)
31283,202312,0010128,주식회사 아이엠증권,H2,대출채권매매이익_무담보부, ,국내증권사,B,SF205,각주항목(09.06월 이후)
31284,202403,0010128,주식회사 아이엠증권,A,채무보증,1036075243670,국내증권사,B,SF205,각주항목(09.06월 이후)
31285,202403,0010128,주식회사 아이엠증권,A1,채무보증_지급보증,60000000000,국내증권사,B,SF205,각주항목(09.06월 이후)
31286,202403,0010128,주식회사 아이엠증권,A2,채무보증_매입보장약정, ,국내증권사,B,SF205,각주항목(09.06월 이후)
31287,202403,0010128,주식회사 아이엠증권,A3,채무보증_채무인수약정, ,국내증권사,B,SF205,각주항목(09.06월 이후)
31288,202403,0010128,주식회사 아이엠증권,A5,채무보증_매입확약,957855000000,국내증권사,B,SF205,각주항목(09.06월 이후)
31289,202403,0010128,주식회사 아이엠증권,A6,채무보증_기타,18220243670,국내증권사,B,SF205,각주항목(09.06월 이후)
31290,202403,0010128,주식회사 아이엠증권,B,투자자의 예수증권 등,43010302703782,국내증권사,B,SF205,각주항목(09.06월 이후)
31291,202403,0010128,주식회사 아이엠증권,B1,투자자의 예수증권 등_예수 증권,43010302703782,국내증권사,B,SF205,각주항목(09.06월 이후)
31292,202403,0010128,주식회사 아이엠증권,B2,투자자의 예수증권 등_예수양도성예금증서, ,국내증권사,B,SF205,각주항목(09.06월 이후)
31293,202403,0010128,주식회사 아이엠증권,B3,투자자의 예수증권 등_기타, ,국내증권사,B,SF205,각주항목(09.06월 이후)
31294,202403,0010128,주식회사 아이엠증권,C,파생상품계약,10929010032040,국내증권사,B,SF205,각주항목(09.06월 이후)
31295,202403,0010128,주식회사 아이엠증권,C1,파생상품계약_장내파생상품,3220617972548,국내증권사,B,SF205,각주항목(09.06월 이후)
31296,202403,0010128,주식회사 아이엠증권,C11,파생상품계약_장내파생상품_이자율관련거래,1867300911250,국내증권사,B,SF205,각주항목(09.06월 이후)
31297,202403,0010128,주식회사 아이엠증권,C12,파생상품계약_장내파생상품_통화관련거래,36400079000,국내증권사,B,SF205,각주항목(09.06월 이후)
31298,202403,0010128,주식회사 아이엠증권,C13,파생상품계약_장내파생상품_주식관련거래,1310634968378,국내증권사,B,SF205,각주항목(09.06월 이후)
31299,202403,0010128,주식회사 아이엠증권,C14,파생상품계약_장내파생상품_일반상품관련거래,6282013920,국내증권사,B,SF205,각주항목(09.06월 이후)
31300,202403,0010128,주식회사 아이엠증권,C15,파생상품계약_장내파생상품_기타,0,국내증권사,B,SF205,각주항목(09.06월 이후)
31301,202403,0010128,주식회사 아이엠증권,C2,파생상품계약_장외파생상품,7708392059492,국내증권사,B,SF205,각주항목(09.06월 이후)
31302,202403,0010128,주식회사 아이엠증권,C21,파생상품계약_장외파생상품_이자율관련거래,7551191474816,국내증권사,B,SF205,각주항목(09.06월 이후)
31303,202403,0010128,주식회사 아이엠증권,C22,파생상품계약_장외파생상품_통화관련거래,90286599863,국내증권사,B,SF205,각주항목(09.06월 이후)
31304,202403,0010128,주식회사 아이엠증권,C23,파생상품계약_장외파생상품_주식관련거래,66913984813,국내증권사,B,SF205,각주항목(09.06월 이후)
31305,202403,0010128,주식회사 아이엠증권,C24,파생상품계약_장외파생상품_신용관련거래,0,국내증권사,B,SF205,각주항목(09.06월 이후)
31306,202403,0010128,주식회사 아이엠증권,C25,파생상품계약_장외파생상품_기타,0,국내증권사,B,SF205,각주항목(09.06월 이후)
31307,202403,0010128,주식회사 아이엠증권,D,대차 및 대주거래,889716295311,국내증권사,B,SF205,각주항목(09.06월 이후)
31308,202403,0010128,주식회사 아이엠증권,D1,대차 및 대주거래_대여증권,0,국내증권사,B,SF205,각주항목(09.06월 이후)
31309,202403,0010128,주식회사 아이엠증권,D2,대차 및 대주거래_차입증권,889716295311,국내증권사,B,SF205,각주항목(09.06월 이후)
31310,202403,0010128,주식회사 아이엠증권,D3,대차 및 대주거래_신용거래대주, ,국내증권사,B,SF205,각주항목(09.06월 이후)
31311,202403,0010128,주식회사 아이엠증권,E,대손상각채권,23182904151,국내증권사,B,SF205,각주항목(09.06월 이후)
31312,202403,0010128,주식회사 아이엠증권,F,환전업무 예치금,0,국내증권사,B,SF205,각주항목(09.06월 이후)
31313,202403,0010128,주식회사 아이엠증권,G,미배당별도예치금, ,국내증권사,B,SF205,각주항목(09.06월 이후)
31314,202403,0010128,주식회사 아이엠증권,H,배서어음매출(종금계정),0,국내증권사,B,SF205,각주항목(09.06월 이후)
31315,202403,0010128,주식회사 아이엠증권,H1,대출채권매매이익_담보부, ,국내증권사,B,SF205,각주항목(09.06월 이후)
31316,202403,0010128,주식회사 아이엠증권,H2,대출채권매매이익_무담보부, ,국내증권사,B,SF205,각주항목(09.06월 이후)
31317,202406,0010128,주식회사 아이엠증권,A,채무보증,844063296481,국내증권사,B,SF205,각주항목(09.06월 이후)
31318,202406,0010128,주식회사 아이엠증권,A1,채무보증_지급보증,60000000000,국내증권사,B,SF205,각주항목(09.06월 이후)
31319,202406,0010128,주식회사 아이엠증권,A2,채무보증_매입보장약정, ,국내증권사,B,SF205,각주항목(09.06월 이후)
31320,202406,0010128,주식회사 아이엠증권,A3,채무보증_채무인수약정, ,국내증권사,B,SF205,각주항목(09.06월 이후)
31321,202406,0010128,주식회사 아이엠증권,A5,채무보증_매입확약,767025000000,국내증권사,B,SF205,각주항목(09.06월 이후)
31322,202406,0010128,주식회사 아이엠증권,A6,채무보증_기타,17038296481,국내증권사,B,SF205,각주항목(09.06월 이후)
31323,202406,0010128,주식회사 아이엠증권,B,투자자의 예수증권 등,45632911856490,국내증권사,B,SF205,각주항목(09.06월 이후)
31324,202406,0010128,주식회사 아이엠증권,B1,투자자의 예수증권 등_예수 증권,45632911856490,국내증권사,B,SF205,각주항목(09.06월 이후)
31325,202406,0010128,주식회사 아이엠증권,B2,투자자의 예수증권 등_예수양도성예금증서, ,국내증권사,B,SF205,각주항목(09.06월 이후)
31326,202406,0010128,주식회사 아이엠증권,B3,투자자의 예수증권 등_기타, ,국내증권사,B,SF205,각주항목(09.06월 이후)
31327,202406,0010128,주식회사 아이엠증권,C,파생상품계약,11655864273540,국내증권사,B,SF205,각주항목(09.06월 이후)
31328,202406,0010128,주식회사 아이엠증권,C1,파생상품계약_장내파생상품,2743774628591,국내증권사,B,SF205,각주항목(09.06월 이후)
31329,202406,0010128,주식회사 아이엠증권,C11,파생상품계약_장내파생상품_이자율관련거래,1069712128691,국내증권사,B,SF205,각주항목(09.06월 이후)
31330,202406,0010128,주식회사 아이엠증권,C12,파생상품계약_장내파생상품_통화관련거래,36862865000,국내증권사,B,SF205,각주항목(09.06월 이후)
31331,202406,0010128,주식회사 아이엠증권,C13,파생상품계약_장내파생상품_주식관련거래,1635936129716,국내증권사,B,SF205,각주항목(09.06월 이후)
31332,202406,0010128,주식회사 아이엠증권,C14,파생상품계약_장내파생상품_일반상품관련거래,1263505184,국내증권사,B,SF205,각주항목(09.06월 이후)
31333,202406,0010128,주식회사 아이엠증권,C15,파생상품계약_장내파생상품_기타,0,국내증권사,B,SF205,각주항목(09.06월 이후)
31334,202406,0010128,주식회사 아이엠증권,C2,파생상품계약_장외파생상품,8912089644949,국내증권사,B,SF205,각주항목(09.06월 이후)
31335,202406,0010128,주식회사 아이엠증권,C21,파생상품계약_장외파생상품_이자율관련거래,8580489975463,국내증권사,B,SF205,각주항목(09.06월 이후)
31336,202406,0010128,주식회사 아이엠증권,C22,파생상품계약_장외파생상품_통화관련거래,81508262610,국내증권사,B,SF205,각주항목(09.06월 이후)
31337,202406,0010128,주식회사 아이엠증권,C23,파생상품계약_장외파생상품_주식관련거래,250091406876,국내증권사,B,SF205,각주항목(09.06월 이후)
31338,202406,0010128,주식회사 아이엠증권,C24,파생상품계약_장외파생상품_신용관련거래,0,국내증권사,B,SF205,각주항목(09.06월 이후)
31339,202406,0010128,주식회사 아이엠증권,C25,파생상품계약_장외파생상품_기타,0,국내증권사,B,SF205,각주항목(09.06월 이후)
31340,202406,0010128,주식회사 아이엠증권,D,대차 및 대주거래,1212892889169,국내증권사,B,SF205,각주항목(09.06월 이후)
31341,202406,0010128,주식회사 아이엠증권,D1,대차 및 대주거래_대여증권,0,국내증권사,B,SF205,각주항목(09.06월 이후)
31342,202406,0010128,주식회사 아이엠증권,D2,대차 및 대주거래_차입증권,1212892889169,국내증권사,B,SF205,각주항목(09.06월 이후)
31343,202406,0010128,주식회사 아이엠증권,D3,대차 및 대주거래_신용거래대주, ,국내증권사,B,SF205,각주항목(09.06월 이후)
31344,202406,0010128,주식회사 아이엠증권,E,대손상각채권,7701552052,국내증권사,B,SF205,각주항목(09.06월 이후)
31345,202406,0010128,주식회사 아이엠증권,F,환전업무 예치금,0,국내증권사,B,SF205,각주항목(09.06월 이후)
31346,202406,0010128,주식회사 아이엠증권,G,미배당별도예치금, ,국내증권사,B,SF205,각주항목(09.06월 이후)
31347,202406,0010128,주식회사 아이엠증권,H,배서어음매출(종금계정),0,국내증권사,B,SF205,각주항목(09.06월 이후)
31348,202406,0010128,주식회사 아이엠증권,H1,대출채권매매이익_담보부, ,국내증권사,B,SF205,각주항목(09.06월 이후)
31349,202406,0010128,주식회사 아이엠증권,H2,대출채권매매이익_무담보부, ,국내증권사,B,SF205,각주항목(09.06월 이후)
31350,202409,0010128,주식회사 아이엠증권,A,채무보증,667203296481,국내증권사,B,SF205,각주항목(09.06월 이후)
31351,202409,0010128,주식회사 아이엠증권,A1,채무보증_지급보증,60000000000,국내증권사,B,SF205,각주항목(09.06월 이후)
31352,202409,0010128,주식회사 아이엠증권,A2,채무보증_매입보장약정, ,국내증권사,B,SF205,각주항목(09.06월 이후)
31353,202409,0010128,주식회사 아이엠증권,A3,채무보증_채무인수약정, ,국내증권사,B,SF205,각주항목(09.06월 이후)
31354,202409,0010128,주식회사 아이엠증권,A5,채무보증_매입확약,590755000000,국내증권사,B,SF205,각주항목(09.06월 이후)
31355,202409,0010128,주식회사 아이엠증권,A6,채무보증_기타,16448296481,국내증권사,B,SF205,각주항목(09.06월 이후)
31356,202409,0010128,주식회사 아이엠증권,B,투자자의 예수증권 등,47411937362859,국내증권사,B,SF205,각주항목(09.06월 이후)
31357,202409,0010128,주식회사 아이엠증권,B1,투자자의 예수증권 등_예수 증권,47411937362859,국내증권사,B,SF205,각주항목(09.06월 이후)
31358,202409,0010128,주식회사 아이엠증권,B2,투자자의 예수증권 등_예수양도성예금증서, ,국내증권사,B,SF205,각주항목(09.06월 이후)
31359,202409,0010128,주식회사 아이엠증권,B3,투자자의 예수증권 등_기타, ,국내증권사,B,SF205,각주항목(09.06월 이후)
31360,202409,0010128,주식회사 아이엠증권,C,파생상품계약,16157461962793,국내증권사,B,SF205,각주항목(09.06월 이후)
31361,202409,0010128,주식회사 아이엠증권,C1,파생상품계약_장내파생상품,2178092477834,국내증권사,B,SF205,각주항목(09.06월 이후)
31362,202409,0010128,주식회사 아이엠증권,C11,파생상품계약_장내파생상품_이자율관련거래,1090512443916,국내증권사,B,SF205,각주항목(09.06월 이후)
31363,202409,0010128,주식회사 아이엠증권,C12,파생상품계약_장내파생상품_통화관련거래,44792017000,국내증권사,B,SF205,각주항목(09.06월 이후)
31364,202409,0010128,주식회사 아이엠증권,C13,파생상품계약_장내파생상품_주식관련거래,1040646438078,국내증권사,B,SF205,각주항목(09.06월 이후)
31365,202409,0010128,주식회사 아이엠증권,C14,파생상품계약_장내파생상품_일반상품관련거래,2141578840,국내증권사,B,SF205,각주항목(09.06월 이후)
31366,202409,0010128,주식회사 아이엠증권,C15,파생상품계약_장내파생상품_기타,0,국내증권사,B,SF205,각주항목(09.06월 이후)
31367,202409,0010128,주식회사 아이엠증권,C2,파생상품계약_장외파생상품,13979369484959,국내증권사,B,SF205,각주항목(09.06월 이후)
31368,202409,0010128,주식회사 아이엠증권,C21,파생상품계약_장외파생상품_이자율관련거래,13643989975463,국내증권사,B,SF205,각주항목(09.06월 이후)
31369,202409,0010128,주식회사 아이엠증권,C22,파생상품계약_장외파생상품_통화관련거래,90380561394,국내증권사,B,SF205,각주항목(09.06월 이후)
31370,202409,0010128,주식회사 아이엠증권,C23,파생상품계약_장외파생상품_주식관련거래,244998948102,국내증권사,B,SF205,각주항목(09.06월 이후)
31371,202409,0010128,주식회사 아이엠증권,C24,파생상품계약_장외파생상품_신용관련거래,0,국내증권사,B,SF205,각주항목(09.06월 이후)
31372,202409,0010128,주식회사 아이엠증권,C25,파생상품계약_장외파생상품_기타,0,국내증권사,B,SF205,각주항목(09.06월 이후)
31373,202409,0010128,주식회사 아이엠증권,D,대차 및 대주거래,1007129005254,국내증권사,B,SF205,각주항목(09.06월 이후)
31374,202409,0010128,주식회사 아이엠증권,D1,대차 및 대주거래_대여증권,0,국내증권사,B,SF205,각주항목(09.06월 이후)
31375,202409,0010128,주식회사 아이엠증권,D2,대차 및 대주거래_차입증권,1007129005254,국내증권사,B,SF205,각주항목(09.06월 이후)
31376,202409,0010128,주식회사 아이엠증권,D3,대차 및 대주거래_신용거래대주, ,국내증권사,B,SF205,각주항목(09.06월 이후)
31377,202409,0010128,주식회사 아이엠증권,E,대손상각채권,263416214633,국내증권사,B,SF205,각주항목(09.06월 이후)
31378,202409,0010128,주식회사 아이엠증권,F,환전업무 예치금,0,국내증권사,B,SF205,각주항목(09.06월 이후)
31379,202409,0010128,주식회사 아이엠증권,G,미배당별도예치금, ,국내증권사,B,SF205,각주항목(09.06월 이후)
31380,202409,0010128,주식회사 아이엠증권,H,배서어음매출(종금계정),0,국내증권사,B,SF205,각주항목(09.06월 이후)
31381,202409,0010128,주식회사 아이엠증권,H1,대출채권매매이익_담보부, ,국내증권사,B,SF205,각주항목(09.06월 이후)
31382,202409,0010128,주식회사 아이엠증권,H2,대출채권매매이익_무담보부, ,국내증권사,B,SF205,각주항목(09.06월 이후)
31383,202412,0010128,주식회사 아이엠증권,A,채무보증,550314243670,국내증권사,B,SF205,각주항목(09.06월 이후)
31384,202412,0010128,주식회사 아이엠증권,A1,채무보증_지급보증,0,국내증권사,B,SF205,각주항목(09.06월 이후)
31385,202412,0010128,주식회사 아이엠증권,A2,채무보증_매입보장약정, ,국내증권사,B,SF205,각주항목(09.06월 이후)
31386,202412,0010128,주식회사 아이엠증권,A3,채무보증_채무인수약정, ,국내증권사,B,SF205,각주항목(09.06월 이후)
31387,202412,0010128,주식회사 아이엠증권,A5,채무보증_매입확약,529465000000,국내증권사,B,SF205,각주항목(09.06월 이후)
31388,202412,0010128,주식회사 아이엠증권,A6,채무보증_기타,20849243670,국내증권사,B,SF205,각주항목(09.06월 이후)
31389,202412,0010128,주식회사 아이엠증권,B,투자자의 예수증권 등,52680114818870,국내증권사,B,SF205,각주항목(09.06월 이후)
31390,202412,0010128,주식회사 아이엠증권,B1,투자자의 예수증권 등_예수 증권,52680114818870,국내증권사,B,SF205,각주항목(09.06월 이후)
31391,202412,0010128,주식회사 아이엠증권,B2,투자자의 예수증권 등_예수양도성예금증서, ,국내증권사,B,SF205,각주항목(09.06월 이후)
31392,202412,0010128,주식회사 아이엠증권,B3,투자자의 예수증권 등_기타, ,국내증권사,B,SF205,각주항목(09.06월 이후)
31393,202412,0010128,주식회사 아이엠증권,C,파생상품계약,18511865653453,국내증권사,B,SF205,각주항목(09.06월 이후)
31394,202412,0010128,주식회사 아이엠증권,C1,파생상품계약_장내파생상품,2452251371887,국내증권사,B,SF205,각주항목(09.06월 이후)
31395,202412,0010128,주식회사 아이엠증권,C11,파생상품계약_장내파생상품_이자율관련거래,1330473560000,국내증권사,B,SF205,각주항목(09.06월 이후)
31396,202412,0010128,주식회사 아이엠증권,C12,파생상품계약_장내파생상품_통화관련거래,41238894000,국내증권사,B,SF205,각주항목(09.06월 이후)
31397,202412,0010128,주식회사 아이엠증권,C13,파생상품계약_장내파생상품_주식관련거래,1079839315487,국내증권사,B,SF205,각주항목(09.06월 이후)
31398,202412,0010128,주식회사 아이엠증권,C14,파생상품계약_장내파생상품_일반상품관련거래,699602400,국내증권사,B,SF205,각주항목(09.06월 이후)
31399,202412,0010128,주식회사 아이엠증권,C15,파생상품계약_장내파생상품_기타,0,국내증권사,B,SF205,각주항목(09.06월 이후)
31400,202412,0010128,주식회사 아이엠증권,C2,파생상품계약_장외파생상품,16059614281566,국내증권사,B,SF205,각주항목(09.06월 이후)
31401,202412,0010128,주식회사 아이엠증권,C21,파생상품계약_장외파생상품_이자율관련거래,15924918761800,국내증권사,B,SF205,각주항목(09.06월 이후)
31402,202412,0010128,주식회사 아이엠증권,C22,파생상품계약_장외파생상품_통화관련거래,41560453774,국내증권사,B,SF205,각주항목(09.06월 이후)
31403,202412,0010128,주식회사 아이엠증권,C23,파생상품계약_장외파생상품_주식관련거래,93135065992,국내증권사,B,SF205,각주항목(09.06월 이후)
31404,202412,0010128,주식회사 아이엠증권,C24,파생상품계약_장외파생상품_신용관련거래,0,국내증권사,B,SF205,각주항목(09.06월 이후)
31405,202412,0010128,주식회사 아이엠증권,C25,파생상품계약_장외파생상품_기타,0,국내증권사,B,SF205,각주항목(09.06월 이후)
31406,202412,0010128,주식회사 아이엠증권,D,대차 및 대주거래,1406324220981,국내증권사,B,SF205,각주항목(09.06월 이후)
31407,202412,0010128,주식회사 아이엠증권,D1,대차 및 대주거래_대여증권,0,국내증권사,B,SF205,각주항목(09.06월 이후)
31408,202412,0010128,주식회사 아이엠증권,D2,대차 및 대주거래_차입증권,1406324220981,국내증권사,B,SF205,각주항목(09.06월 이후)
31409,202412,0010128,주식회사 아이엠증권,D3,대차 및 대주거래_신용거래대주, ,국내증권사,B,SF205,각주항목(09.06월 이후)
31410,202412,0010128,주식회사 아이엠증권,E,대손상각채권,281854946873,국내증권사,B,SF205,각주항목(09.06월 이후)
31411,202412,0010128,주식회사 아이엠증권,F,환전업무 예치금,0,국내증권사,B,SF205,각주항목(09.06월 이후)
31412,202412,0010128,주식회사 아이엠증권,G,미배당별도예치금, ,국내증권사,B,SF205,각주항목(09.06월 이후)
31413,202412,0010128,주식회사 아이엠증권,H,배서어음매출(종금계정),0,국내증권사,B,SF205,각주항목(09.06월 이후)
31414,202412,0010128,주식회사 아이엠증권,H1,대출채권매매이익_담보부, ,국내증권사,B,SF205,각주항목(09.06월 이후)
31415,202412,0010128,주식회사 아이엠증권,H2,대출채권매매이익_무담보부, ,국내증권사,B,SF205,각주항목(09.06월 이후)
31416,202409,0013515,주식회사 우리투자증권,A,채무보증,592458578668,국내증권사,B,SF205,각주항목(09.06월 이후)
31417,202409,0013515,주식회사 우리투자증권,A1,채무보증_지급보증,0,국내증권사,B,SF205,각주항목(09.06월 이후)
31418,202409,0013515,주식회사 우리투자증권,A2,채무보증_매입보장약정,527959800000,국내증권사,B,SF205,각주항목(09.06월 이후)
31419,202409,0013515,주식회사 우리투자증권,A3,채무보증_채무인수약정,44798778668,국내증권사,B,SF205,각주항목(09.06월 이후)
31420,202409,0013515,주식회사 우리투자증권,A5,채무보증_매입확약,19700000000,국내증권사,B,SF205,각주항목(09.06월 이후)
31421,202409,0013515,주식회사 우리투자증권,A6,채무보증_기타, ,국내증권사,B,SF205,각주항목(09.06월 이후)
31422,202409,0013515,주식회사 우리투자증권,B,투자자의 예수증권 등,8094504443715,국내증권사,B,SF205,각주항목(09.06월 이후)
31423,202409,0013515,주식회사 우리투자증권,B1,투자자의 예수증권 등_예수 증권,8094504443715,국내증권사,B,SF205,각주항목(09.06월 이후)
31424,202409,0013515,주식회사 우리투자증권,B2,투자자의 예수증권 등_예수양도성예금증서, ,국내증권사,B,SF205,각주항목(09.06월 이후)
31425,202409,0013515,주식회사 우리투자증권,B3,투자자의 예수증권 등_기타, ,국내증권사,B,SF205,각주항목(09.06월 이후)
31426,202409,0013515,주식회사 우리투자증권,C,파생상품계약,187141966000,국내증권사,B,SF205,각주항목(09.06월 이후)
31427,202409,0013515,주식회사 우리투자증권,C1,파생상품계약_장내파생상품,187141966000,국내증권사,B,SF205,각주항목(09.06월 이후)
31428,202409,0013515,주식회사 우리투자증권,C11,파생상품계약_장내파생상품_이자율관련거래,186864850000,국내증권사,B,SF205,각주항목(09.06월 이후)
31429,202409,0013515,주식회사 우리투자증권,C12,파생상품계약_장내파생상품_통화관련거래,277116000,국내증권사,B,SF205,각주항목(09.06월 이후)
31430,202409,0013515,주식회사 우리투자증권,C13,파생상품계약_장내파생상품_주식관련거래,0,국내증권사,B,SF205,각주항목(09.06월 이후)
31431,202409,0013515,주식회사 우리투자증권,C14,파생상품계약_장내파생상품_일반상품관련거래,0,국내증권사,B,SF205,각주항목(09.06월 이후)
31432,202409,0013515,주식회사 우리투자증권,C15,파생상품계약_장내파생상품_기타,0,국내증권사,B,SF205,각주항목(09.06월 이후)
31433,202409,0013515,주식회사 우리투자증권,C2,파생상품계약_장외파생상품,0,국내증권사,B,SF205,각주항목(09.06월 이후)
31434,202409,0013515,주식회사 우리투자증권,C21,파생상품계약_장외파생상품_이자율관련거래,0,국내증권사,B,SF205,각주항목(09.06월 이후)
31435,202409,0013515,주식회사 우리투자증권,C22,파생상품계약_장외파생상품_통화관련거래,0,국내증권사,B,SF205,각주항목(09.06월 이후)
31436,202409,0013515,주식회사 우리투자증권,C23,파생상품계약_장외파생상품_주식관련거래,0,국내증권사,B,SF205,각주항목(09.06월 이후)
31437,202409,0013515,주식회사 우리투자증권,C24,파생상품계약_장외파생상품_신용관련거래,0,국내증권사,B,SF205,각주항목(09.06월 이후)
31438,202409,0013515,주식회사 우리투자증권,C25,파생상품계약_장외파생상품_기타,0,국내증권사,B,SF205,각주항목(09.06월 이후)
31439,202409,0013515,주식회사 우리투자증권,D,대차 및 대주거래,278200000000,국내증권사,B,SF205,각주항목(09.06월 이후)
31440,202409,0013515,주식회사 우리투자증권,D1,대차 및 대주거래_대여증권,0,국내증권사,B,SF205,각주항목(09.06월 이후)
31441,202409,0013515,주식회사 우리투자증권,D2,대차 및 대주거래_차입증권,278200000000,국내증권사,B,SF205,각주항목(09.06월 이후)
31442,202409,0013515,주식회사 우리투자증권,D3,대차 및 대주거래_신용거래대주, ,국내증권사,B,SF205,각주항목(09.06월 이후)
31443,202409,0013515,주식회사 우리투자증권,E,대손상각채권,207019966672,국내증권사,B,SF205,각주항목(09.06월 이후)
31444,202409,0013515,주식회사 우리투자증권,F,환전업무 예치금,0,국내증권사,B,SF205,각주항목(09.06월 이후)
31445,202409,0013515,주식회사 우리투자증권,G,미배당별도예치금, ,국내증권사,B,SF205,각주항목(09.06월 이후)
31446,202409,0013515,주식회사 우리투자증권,H,배서어음매출(종금계정),2578748646301,국내증권사,B,SF205,각주항목(09.06월 이후)
31447,202409,0013515,주식회사 우리투자증권,H1,대출채권매매이익_담보부, ,국내증권사,B,SF205,각주항목(09.06월 이후)
31448,202409,0013515,주식회사 우리투자증권,H2,대출채권매매이익_무담보부,2578748646301,국내증권사,B,SF205,각주항목(09.06월 이후)
31449,202412,0013515,주식회사 우리투자증권,A,채무보증,645995606401,국내증권사,B,SF205,각주항목(09.06월 이후)
31450,202412,0013515,주식회사 우리투자증권,A1,채무보증_지급보증,0,국내증권사,B,SF205,각주항목(09.06월 이후)
31451,202412,0013515,주식회사 우리투자증권,A2,채무보증_매입보장약정,495467307652,국내증권사,B,SF205,각주항목(09.06월 이후)
31452,202412,0013515,주식회사 우리투자증권,A3,채무보증_채무인수약정,100828298749,국내증권사,B,SF205,각주항목(09.06월 이후)
31453,202412,0013515,주식회사 우리투자증권,A5,채무보증_매입확약,49700000000,국내증권사,B,SF205,각주항목(09.06월 이후)
31454,202412,0013515,주식회사 우리투자증권,A6,채무보증_기타, ,국내증권사,B,SF205,각주항목(09.06월 이후)
31455,202412,0013515,주식회사 우리투자증권,B,투자자의 예수증권 등,8415358326711,국내증권사,B,SF205,각주항목(09.06월 이후)
31456,202412,0013515,주식회사 우리투자증권,B1,투자자의 예수증권 등_예수 증권,8415358326711,국내증권사,B,SF205,각주항목(09.06월 이후)
31457,202412,0013515,주식회사 우리투자증권,B2,투자자의 예수증권 등_예수양도성예금증서, ,국내증권사,B,SF205,각주항목(09.06월 이후)
31458,202412,0013515,주식회사 우리투자증권,B3,투자자의 예수증권 등_기타, ,국내증권사,B,SF205,각주항목(09.06월 이후)
31459,202412,0013515,주식회사 우리투자증권,C,파생상품계약,349442050000,국내증권사,B,SF205,각주항목(09.06월 이후)
31460,202412,0013515,주식회사 우리투자증권,C1,파생상품계약_장내파생상품,349442050000,국내증권사,B,SF205,각주항목(09.06월 이후)
31461,202412,0013515,주식회사 우리투자증권,C11,파생상품계약_장내파생상품_이자율관련거래,347295850000,국내증권사,B,SF205,각주항목(09.06월 이후)
31462,202412,0013515,주식회사 우리투자증권,C12,파생상품계약_장내파생상품_통화관련거래,2146200000,국내증권사,B,SF205,각주항목(09.06월 이후)
31463,202412,0013515,주식회사 우리투자증권,C13,파생상품계약_장내파생상품_주식관련거래,0,국내증권사,B,SF205,각주항목(09.06월 이후)
31464,202412,0013515,주식회사 우리투자증권,C14,파생상품계약_장내파생상품_일반상품관련거래,0,국내증권사,B,SF205,각주항목(09.06월 이후)
31465,202412,0013515,주식회사 우리투자증권,C15,파생상품계약_장내파생상품_기타,0,국내증권사,B,SF205,각주항목(09.06월 이후)
31466,202412,0013515,주식회사 우리투자증권,C2,파생상품계약_장외파생상품,0,국내증권사,B,SF205,각주항목(09.06월 이후)
31467,202412,0013515,주식회사 우리투자증권,C21,파생상품계약_장외파생상품_이자율관련거래,0,국내증권사,B,SF205,각주항목(09.06월 이후)
31468,202412,0013515,주식회사 우리투자증권,C22,파생상품계약_장외파생상품_통화관련거래,0,국내증권사,B,SF205,각주항목(09.06월 이후)
31469,202412,0013515,주식회사 우리투자증권,C23,파생상품계약_장외파생상품_주식관련거래,0,국내증권사,B,SF205,각주항목(09.06월 이후)
31470,202412,0013515,주식회사 우리투자증권,C24,파생상품계약_장외파생상품_신용관련거래,0,국내증권사,B,SF205,각주항목(09.06월 이후)
31471,202412,0013515,주식회사 우리투자증권,C25,파생상품계약_장외파생상품_기타,0,국내증권사,B,SF205,각주항목(09.06월 이후)
31472,202412,0013515,주식회사 우리투자증권,D,대차 및 대주거래,217900000000,국내증권사,B,SF205,각주항목(09.06월 이후)
31473,202412,0013515,주식회사 우리투자증권,D1,대차 및 대주거래_대여증권,0,국내증권사,B,SF205,각주항목(09.06월 이후)
31474,202412,0013515,주식회사 우리투자증권,D2,대차 및 대주거래_차입증권,217900000000,국내증권사,B,SF205,각주항목(09.06월 이후)
31475,202412,0013515,주식회사 우리투자증권,D3,대차 및 대주거래_신용거래대주, ,국내증권사,B,SF205,각주항목(09.06월 이후)
31476,202412,0013515,주식회사 우리투자증권,E,대손상각채권,234421028959,국내증권사,B,SF205,각주항목(09.06월 이후)
31477,202412,0013515,주식회사 우리투자증권,F,환전업무 예치금,0,국내증권사,B,SF205,각주항목(09.06월 이후)
31478,202412,0013515,주식회사 우리투자증권,G,미배당별도예치금, ,국내증권사,B,SF205,각주항목(09.06월 이후)
31479,202412,0013515,주식회사 우리투자증권,H,배서어음매출(종금계정),1992030000000,국내증권사,B,SF205,각주항목(09.06월 이후)
31480,202412,0013515,주식회사 우리투자증권,H1,대출채권매매이익_담보부, ,국내증권사,B,SF205,각주항목(09.06월 이후)
31481,202412,0013515,주식회사 우리투자증권,H2,대출채권매매이익_무담보부,1992030000000,국내증권사,B,SF205,각주항목(09.06월 이후)
31482,201703,0011982,주식회사 카카오페이증권,A,채무보증,0,국내증권사,B,SF205,각주항목(09.06월 이후)
31483,201703,0011982,주식회사 카카오페이증권,A1,채무보증_지급보증,0,국내증권사,B,SF205,각주항목(09.06월 이후)
31484,201703,0011982,주식회사 카카오페이증권,A2,채무보증_매입보장약정,0,국내증권사,B,SF205,각주항목(09.06월 이후)
31485,201703,0011982,주식회사 카카오페이증권,A3,채무보증_채무인수약정,0,국내증권사,B,SF205,각주항목(09.06월 이후)
31486,201703,0011982,주식회사 카카오페이증권,A5,채무보증_매입확약,0,국내증권사,B,SF205,각주항목(09.06월 이후)
31487,201703,0011982,주식회사 카카오페이증권,A6,채무보증_기타,0,국내증권사,B,SF205,각주항목(09.06월 이후)
31488,201703,0011982,주식회사 카카오페이증권,B,투자자의 예수증권 등,1146947816435,국내증권사,B,SF205,각주항목(09.06월 이후)
31489,201703,0011982,주식회사 카카오페이증권,B1,투자자의 예수증권 등_예수 증권,1146947816435,국내증권사,B,SF205,각주항목(09.06월 이후)
31490,201703,0011982,주식회사 카카오페이증권,B2,투자자의 예수증권 등_예수양도성예금증서,0,국내증권사,B,SF205,각주항목(09.06월 이후)
31491,201703,0011982,주식회사 카카오페이증권,B3,투자자의 예수증권 등_기타,0,국내증권사,B,SF205,각주항목(09.06월 이후)
31492,201703,0011982,주식회사 카카오페이증권,C,파생상품계약,4103948620,국내증권사,B,SF205,각주항목(09.06월 이후)
31493,201703,0011982,주식회사 카카오페이증권,C1,파생상품계약_장내파생상품,0,국내증권사,B,SF205,각주항목(09.06월 이후)
31494,201703,0011982,주식회사 카카오페이증권,C11,파생상품계약_장내파생상품_이자율관련거래,0,국내증권사,B,SF205,각주항목(09.06월 이후)
31495,201703,0011982,주식회사 카카오페이증권,C12,파생상품계약_장내파생상품_통화관련거래,0,국내증권사,B,SF205,각주항목(09.06월 이후)
31496,201703,0011982,주식회사 카카오페이증권,C13,파생상품계약_장내파생상품_주식관련거래,0,국내증권사,B,SF205,각주항목(09.06월 이후)
31497,201703,0011982,주식회사 카카오페이증권,C14,파생상품계약_장내파생상품_일반상품관련거래,0,국내증권사,B,SF205,각주항목(09.06월 이후)
31498,201703,0011982,주식회사 카카오페이증권,C15,파생상품계약_장내파생상품_기타,0,국내증권사,B,SF205,각주항목(09.06월 이후)
31499,201703,0011982,주식회사 카카오페이증권,C2,파생상품계약_장외파생상품,4103948620,국내증권사,B,SF205,각주항목(09.06월 이후)
31500,201703,0011982,주식회사 카카오페이증권,C21,파생상품계약_장외파생상품_이자율관련거래,0,국내증권사,B,SF205,각주항목(09.06월 이후)
31501,201703,0011982,주식회사 카카오페이증권,C22,파생상품계약_장외파생상품_통화관련거래,0,국내증권사,B,SF205,각주항목(09.06월 이후)
31502,201703,0011982,주식회사 카카오페이증권,C23,파생상품계약_장외파생상품_주식관련거래,0,국내증권사,B,SF205,각주항목(09.06월 이후)
31503,201703,0011982,주식회사 카카오페이증권,C24,파생상품계약_장외파생상품_신용관련거래,0,국내증권사,B,SF205,각주항목(09.06월 이후)
31504,201703,0011982,주식회사 카카오페이증권,C25,파생상품계약_장외파생상품_기타,4103948620,국내증권사,B,SF205,각주항목(09.06월 이후)
31505,201703,0011982,주식회사 카카오페이증권,D,대차 및 대주거래,0,국내증권사,B,SF205,각주항목(09.06월 이후)
31506,201703,0011982,주식회사 카카오페이증권,D1,대차 및 대주거래_대여증권,0,국내증권사,B,SF205,각주항목(09.06월 이후)
31507,201703,0011982,주식회사 카카오페이증권,D2,대차 및 대주거래_차입증권,0,국내증권사,B,SF205,각주항목(09.06월 이후)
31508,201703,0011982,주식회사 카카오페이증권,D3,대차 및 대주거래_신용거래대주,0,국내증권사,B,SF205,각주항목(09.06월 이후)
31509,201703,0011982,주식회사 카카오페이증권,E,대손상각채권,0,국내증권사,B,SF205,각주항목(09.06월 이후)
31510,201703,0011982,주식회사 카카오페이증권,F,환전업무 예치금,0,국내증권사,B,SF205,각주항목(09.06월 이후)
31511,201703,0011982,주식회사 카카오페이증권,G,미배당별도예치금,0,국내증권사,B,SF205,각주항목(09.06월 이후)
31512,201703,0011982,주식회사 카카오페이증권,H,배서어음매출(종금계정),0,국내증권사,B,SF205,각주항목(09.06월 이후)
31513,201703,0011982,주식회사 카카오페이증권,H1,대출채권매매이익_담보부,0,국내증권사,B,SF205,각주항목(09.06월 이후)
31514,201703,0011982,주식회사 카카오페이증권,H2,대출채권매매이익_무담보부,0,국내증권사,B,SF205,각주항목(09.06월 이후)
31515,201706,0011982,주식회사 카카오페이증권,A,채무보증,0,국내증권사,B,SF205,각주항목(09.06월 이후)
31516,201706,0011982,주식회사 카카오페이증권,A1,채무보증_지급보증,0,국내증권사,B,SF205,각주항목(09.06월 이후)
31517,201706,0011982,주식회사 카카오페이증권,A2,채무보증_매입보장약정,0,국내증권사,B,SF205,각주항목(09.06월 이후)
31518,201706,0011982,주식회사 카카오페이증권,A3,채무보증_채무인수약정,0,국내증권사,B,SF205,각주항목(09.06월 이후)
31519,201706,0011982,주식회사 카카오페이증권,A5,채무보증_매입확약,0,국내증권사,B,SF205,각주항목(09.06월 이후)
31520,201706,0011982,주식회사 카카오페이증권,A6,채무보증_기타,0,국내증권사,B,SF205,각주항목(09.06월 이후)
31521,201706,0011982,주식회사 카카오페이증권,B,투자자의 예수증권 등,894568477561,국내증권사,B,SF205,각주항목(09.06월 이후)
31522,201706,0011982,주식회사 카카오페이증권,B1,투자자의 예수증권 등_예수 증권,894568477561,국내증권사,B,SF205,각주항목(09.06월 이후)
31523,201706,0011982,주식회사 카카오페이증권,B2,투자자의 예수증권 등_예수양도성예금증서,0,국내증권사,B,SF205,각주항목(09.06월 이후)
31524,201706,0011982,주식회사 카카오페이증권,B3,투자자의 예수증권 등_기타,0,국내증권사,B,SF205,각주항목(09.06월 이후)
31525,201706,0011982,주식회사 카카오페이증권,C,파생상품계약,2937026500,국내증권사,B,SF205,각주항목(09.06월 이후)
31526,201706,0011982,주식회사 카카오페이증권,C1,파생상품계약_장내파생상품,0,국내증권사,B,SF205,각주항목(09.06월 이후)
31527,201706,0011982,주식회사 카카오페이증권,C11,파생상품계약_장내파생상품_이자율관련거래,0,국내증권사,B,SF205,각주항목(09.06월 이후)
31528,201706,0011982,주식회사 카카오페이증권,C12,파생상품계약_장내파생상품_통화관련거래,0,국내증권사,B,SF205,각주항목(09.06월 이후)
31529,201706,0011982,주식회사 카카오페이증권,C13,파생상품계약_장내파생상품_주식관련거래,0,국내증권사,B,SF205,각주항목(09.06월 이후)
31530,201706,0011982,주식회사 카카오페이증권,C14,파생상품계약_장내파생상품_일반상품관련거래,0,국내증권사,B,SF205,각주항목(09.06월 이후)
31531,201706,0011982,주식회사 카카오페이증권,C15,파생상품계약_장내파생상품_기타,0,국내증권사,B,SF205,각주항목(09.06월 이후)
31532,201706,0011982,주식회사 카카오페이증권,C2,파생상품계약_장외파생상품,2937026500,국내증권사,B,SF205,각주항목(09.06월 이후)
31533,201706,0011982,주식회사 카카오페이증권,C21,파생상품계약_장외파생상품_이자율관련거래,0,국내증권사,B,SF205,각주항목(09.06월 이후)
31534,201706,0011982,주식회사 카카오페이증권,C22,파생상품계약_장외파생상품_통화관련거래,0,국내증권사,B,SF205,각주항목(09.06월 이후)
31535,201706,0011982,주식회사 카카오페이증권,C23,파생상품계약_장외파생상품_주식관련거래,0,국내증권사,B,SF205,각주항목(09.06월 이후)
31536,201706,0011982,주식회사 카카오페이증권,C24,파생상품계약_장외파생상품_신용관련거래,0,국내증권사,B,SF205,각주항목(09.06월 이후)
31537,201706,0011982,주식회사 카카오페이증권,C25,파생상품계약_장외파생상품_기타,2937026500,국내증권사,B,SF205,각주항목(09.06월 이후)
31538,201706,0011982,주식회사 카카오페이증권,D,대차 및 대주거래,0,국내증권사,B,SF205,각주항목(09.06월 이후)
31539,201706,0011982,주식회사 카카오페이증권,D1,대차 및 대주거래_대여증권,0,국내증권사,B,SF205,각주항목(09.06월 이후)
31540,201706,0011982,주식회사 카카오페이증권,D2,대차 및 대주거래_차입증권,0,국내증권사,B,SF205,각주항목(09.06월 이후)
31541,201706,0011982,주식회사 카카오페이증권,D3,대차 및 대주거래_신용거래대주,0,국내증권사,B,SF205,각주항목(09.06월 이후)
31542,201706,0011982,주식회사 카카오페이증권,E,대손상각채권,0,국내증권사,B,SF205,각주항목(09.06월 이후)
31543,201706,0011982,주식회사 카카오페이증권,F,환전업무 예치금,0,국내증권사,B,SF205,각주항목(09.06월 이후)
31544,201706,0011982,주식회사 카카오페이증권,G,미배당별도예치금,0,국내증권사,B,SF205,각주항목(09.06월 이후)
31545,201706,0011982,주식회사 카카오페이증권,H,배서어음매출(종금계정),0,국내증권사,B,SF205,각주항목(09.06월 이후)
31546,201706,0011982,주식회사 카카오페이증권,H1,대출채권매매이익_담보부,0,국내증권사,B,SF205,각주항목(09.06월 이후)
31547,201706,0011982,주식회사 카카오페이증권,H2,대출채권매매이익_무담보부,0,국내증권사,B,SF205,각주항목(09.06월 이후)
31548,201709,0011982,주식회사 카카오페이증권,A,채무보증,0,국내증권사,B,SF205,각주항목(09.06월 이후)
31549,201709,0011982,주식회사 카카오페이증권,A1,채무보증_지급보증,0,국내증권사,B,SF205,각주항목(09.06월 이후)
31550,201709,0011982,주식회사 카카오페이증권,A2,채무보증_매입보장약정,0,국내증권사,B,SF205,각주항목(09.06월 이후)
31551,201709,0011982,주식회사 카카오페이증권,A3,채무보증_채무인수약정,0,국내증권사,B,SF205,각주항목(09.06월 이후)
31552,201709,0011982,주식회사 카카오페이증권,A5,채무보증_매입확약,0,국내증권사,B,SF205,각주항목(09.06월 이후)
31553,201709,0011982,주식회사 카카오페이증권,A6,채무보증_기타,0,국내증권사,B,SF205,각주항목(09.06월 이후)
31554,201709,0011982,주식회사 카카오페이증권,B,투자자의 예수증권 등,842086299014,국내증권사,B,SF205,각주항목(09.06월 이후)
31555,201709,0011982,주식회사 카카오페이증권,B1,투자자의 예수증권 등_예수 증권,842086299014,국내증권사,B,SF205,각주항목(09.06월 이후)
31556,201709,0011982,주식회사 카카오페이증권,B2,투자자의 예수증권 등_예수양도성예금증서,0,국내증권사,B,SF205,각주항목(09.06월 이후)
31557,201709,0011982,주식회사 카카오페이증권,B3,투자자의 예수증권 등_기타,0,국내증권사,B,SF205,각주항목(09.06월 이후)
31558,201709,0011982,주식회사 카카오페이증권,C,파생상품계약,1819987650,국내증권사,B,SF205,각주항목(09.06월 이후)
31559,201709,0011982,주식회사 카카오페이증권,C1,파생상품계약_장내파생상품,0,국내증권사,B,SF205,각주항목(09.06월 이후)
31560,201709,0011982,주식회사 카카오페이증권,C11,파생상품계약_장내파생상품_이자율관련거래,0,국내증권사,B,SF205,각주항목(09.06월 이후)
31561,201709,0011982,주식회사 카카오페이증권,C12,파생상품계약_장내파생상품_통화관련거래,0,국내증권사,B,SF205,각주항목(09.06월 이후)
31562,201709,0011982,주식회사 카카오페이증권,C13,파생상품계약_장내파생상품_주식관련거래,0,국내증권사,B,SF205,각주항목(09.06월 이후)
31563,201709,0011982,주식회사 카카오페이증권,C14,파생상품계약_장내파생상품_일반상품관련거래,0,국내증권사,B,SF205,각주항목(09.06월 이후)
31564,201709,0011982,주식회사 카카오페이증권,C15,파생상품계약_장내파생상품_기타,0,국내증권사,B,SF205,각주항목(09.06월 이후)
31565,201709,0011982,주식회사 카카오페이증권,C2,파생상품계약_장외파생상품,1819987650,국내증권사,B,SF205,각주항목(09.06월 이후)
31566,201709,0011982,주식회사 카카오페이증권,C21,파생상품계약_장외파생상품_이자율관련거래,0,국내증권사,B,SF205,각주항목(09.06월 이후)
31567,201709,0011982,주식회사 카카오페이증권,C22,파생상품계약_장외파생상품_통화관련거래,0,국내증권사,B,SF205,각주항목(09.06월 이후)
31568,201709,0011982,주식회사 카카오페이증권,C23,파생상품계약_장외파생상품_주식관련거래,0,국내증권사,B,SF205,각주항목(09.06월 이후)
31569,201709,0011982,주식회사 카카오페이증권,C24,파생상품계약_장외파생상품_신용관련거래,0,국내증권사,B,SF205,각주항목(09.06월 이후)
31570,201709,0011982,주식회사 카카오페이증권,C25,파생상품계약_장외파생상품_기타,1819987650,국내증권사,B,SF205,각주항목(09.06월 이후)
31571,201709,0011982,주식회사 카카오페이증권,D,대차 및 대주거래,0,국내증권사,B,SF205,각주항목(09.06월 이후)
31572,201709,0011982,주식회사 카카오페이증권,D1,대차 및 대주거래_대여증권,0,국내증권사,B,SF205,각주항목(09.06월 이후)
31573,201709,0011982,주식회사 카카오페이증권,D2,대차 및 대주거래_차입증권,0,국내증권사,B,SF205,각주항목(09.06월 이후)
31574,201709,0011982,주식회사 카카오페이증권,D3,대차 및 대주거래_신용거래대주,0,국내증권사,B,SF205,각주항목(09.06월 이후)
31575,201709,0011982,주식회사 카카오페이증권,E,대손상각채권,0,국내증권사,B,SF205,각주항목(09.06월 이후)
31576,201709,0011982,주식회사 카카오페이증권,F,환전업무 예치금,0,국내증권사,B,SF205,각주항목(09.06월 이후)
31577,201709,0011982,주식회사 카카오페이증권,G,미배당별도예치금,0,국내증권사,B,SF205,각주항목(09.06월 이후)
31578,201709,0011982,주식회사 카카오페이증권,H,배서어음매출(종금계정),0,국내증권사,B,SF205,각주항목(09.06월 이후)
31579,201709,0011982,주식회사 카카오페이증권,H1,대출채권매매이익_담보부,0,국내증권사,B,SF205,각주항목(09.06월 이후)
31580,201709,0011982,주식회사 카카오페이증권,H2,대출채권매매이익_무담보부,0,국내증권사,B,SF205,각주항목(09.06월 이후)
31581,201712,0011982,주식회사 카카오페이증권,A,채무보증,0,국내증권사,B,SF205,각주항목(09.06월 이후)
31582,201712,0011982,주식회사 카카오페이증권,A1,채무보증_지급보증,0,국내증권사,B,SF205,각주항목(09.06월 이후)
31583,201712,0011982,주식회사 카카오페이증권,A2,채무보증_매입보장약정,0,국내증권사,B,SF205,각주항목(09.06월 이후)
31584,201712,0011982,주식회사 카카오페이증권,A3,채무보증_채무인수약정,0,국내증권사,B,SF205,각주항목(09.06월 이후)
31585,201712,0011982,주식회사 카카오페이증권,A5,채무보증_매입확약,0,국내증권사,B,SF205,각주항목(09.06월 이후)
31586,201712,0011982,주식회사 카카오페이증권,A6,채무보증_기타,0,국내증권사,B,SF205,각주항목(09.06월 이후)
31587,201712,0011982,주식회사 카카오페이증권,B,투자자의 예수증권 등,767408302253,국내증권사,B,SF205,각주항목(09.06월 이후)
31588,201712,0011982,주식회사 카카오페이증권,B1,투자자의 예수증권 등_예수 증권,767408302253,국내증권사,B,SF205,각주항목(09.06월 이후)
31589,201712,0011982,주식회사 카카오페이증권,B2,투자자의 예수증권 등_예수양도성예금증서,0,국내증권사,B,SF205,각주항목(09.06월 이후)
31590,201712,0011982,주식회사 카카오페이증권,B3,투자자의 예수증권 등_기타,0,국내증권사,B,SF205,각주항목(09.06월 이후)
31591,201712,0011982,주식회사 카카오페이증권,C,파생상품계약,178373500,국내증권사,B,SF205,각주항목(09.06월 이후)
31592,201712,0011982,주식회사 카카오페이증권,C1,파생상품계약_장내파생상품,0,국내증권사,B,SF205,각주항목(09.06월 이후)
31593,201712,0011982,주식회사 카카오페이증권,C11,파생상품계약_장내파생상품_이자율관련거래,0,국내증권사,B,SF205,각주항목(09.06월 이후)
31594,201712,0011982,주식회사 카카오페이증권,C12,파생상품계약_장내파생상품_통화관련거래,0,국내증권사,B,SF205,각주항목(09.06월 이후)
31595,201712,0011982,주식회사 카카오페이증권,C13,파생상품계약_장내파생상품_주식관련거래,0,국내증권사,B,SF205,각주항목(09.06월 이후)
31596,201712,0011982,주식회사 카카오페이증권,C14,파생상품계약_장내파생상품_일반상품관련거래,0,국내증권사,B,SF205,각주항목(09.06월 이후)
31597,201712,0011982,주식회사 카카오페이증권,C15,파생상품계약_장내파생상품_기타,0,국내증권사,B,SF205,각주항목(09.06월 이후)
31598,201712,0011982,주식회사 카카오페이증권,C2,파생상품계약_장외파생상품,178373500,국내증권사,B,SF205,각주항목(09.06월 이후)
31599,201712,0011982,주식회사 카카오페이증권,C21,파생상품계약_장외파생상품_이자율관련거래,0,국내증권사,B,SF205,각주항목(09.06월 이후)
31600,201712,0011982,주식회사 카카오페이증권,C22,파생상품계약_장외파생상품_통화관련거래,0,국내증권사,B,SF205,각주항목(09.06월 이후)
31601,201712,0011982,주식회사 카카오페이증권,C23,파생상품계약_장외파생상품_주식관련거래,0,국내증권사,B,SF205,각주항목(09.06월 이후)
31602,201712,0011982,주식회사 카카오페이증권,C24,파생상품계약_장외파생상품_신용관련거래,0,국내증권사,B,SF205,각주항목(09.06월 이후)
31603,201712,0011982,주식회사 카카오페이증권,C25,파생상품계약_장외파생상품_기타,178373500,국내증권사,B,SF205,각주항목(09.06월 이후)
31604,201712,0011982,주식회사 카카오페이증권,D,대차 및 대주거래,0,국내증권사,B,SF205,각주항목(09.06월 이후)
31605,201712,0011982,주식회사 카카오페이증권,D1,대차 및 대주거래_대여증권,0,국내증권사,B,SF205,각주항목(09.06월 이후)
31606,201712,0011982,주식회사 카카오페이증권,D2,대차 및 대주거래_차입증권,0,국내증권사,B,SF205,각주항목(09.06월 이후)
31607,201712,0011982,주식회사 카카오페이증권,D3,대차 및 대주거래_신용거래대주,0,국내증권사,B,SF205,각주항목(09.06월 이후)
31608,201712,0011982,주식회사 카카오페이증권,E,대손상각채권,0,국내증권사,B,SF205,각주항목(09.06월 이후)
31609,201712,0011982,주식회사 카카오페이증권,F,환전업무 예치금,0,국내증권사,B,SF205,각주항목(09.06월 이후)
31610,201712,0011982,주식회사 카카오페이증권,G,미배당별도예치금,0,국내증권사,B,SF205,각주항목(09.06월 이후)
31611,201712,0011982,주식회사 카카오페이증권,H,배서어음매출(종금계정),0,국내증권사,B,SF205,각주항목(09.06월 이후)
31612,201712,0011982,주식회사 카카오페이증권,H1,대출채권매매이익_담보부,0,국내증권사,B,SF205,각주항목(09.06월 이후)
31613,201712,0011982,주식회사 카카오페이증권,H2,대출채권매매이익_무담보부,0,국내증권사,B,SF205,각주항목(09.06월 이후)
31614,201803,0011982,주식회사 카카오페이증권,A,채무보증,0,국내증권사,B,SF205,각주항목(09.06월 이후)
31615,201803,0011982,주식회사 카카오페이증권,A1,채무보증_지급보증,0,국내증권사,B,SF205,각주항목(09.06월 이후)
31616,201803,0011982,주식회사 카카오페이증권,A2,채무보증_매입보장약정,0,국내증권사,B,SF205,각주항목(09.06월 이후)
31617,201803,0011982,주식회사 카카오페이증권,A3,채무보증_채무인수약정,0,국내증권사,B,SF205,각주항목(09.06월 이후)
31618,201803,0011982,주식회사 카카오페이증권,A5,채무보증_매입확약,0,국내증권사,B,SF205,각주항목(09.06월 이후)
31619,201803,0011982,주식회사 카카오페이증권,A6,채무보증_기타,0,국내증권사,B,SF205,각주항목(09.06월 이후)
31620,201803,0011982,주식회사 카카오페이증권,B,투자자의 예수증권 등,715930552028,국내증권사,B,SF205,각주항목(09.06월 이후)
31621,201803,0011982,주식회사 카카오페이증권,B1,투자자의 예수증권 등_예수 증권,715930552028,국내증권사,B,SF205,각주항목(09.06월 이후)
31622,201803,0011982,주식회사 카카오페이증권,B2,투자자의 예수증권 등_예수양도성예금증서,0,국내증권사,B,SF205,각주항목(09.06월 이후)
31623,201803,0011982,주식회사 카카오페이증권,B3,투자자의 예수증권 등_기타,0,국내증권사,B,SF205,각주항목(09.06월 이후)
31624,201803,0011982,주식회사 카카오페이증권,C,파생상품계약,0,국내증권사,B,SF205,각주항목(09.06월 이후)
31625,201803,0011982,주식회사 카카오페이증권,C1,파생상품계약_장내파생상품,0,국내증권사,B,SF205,각주항목(09.06월 이후)
31626,201803,0011982,주식회사 카카오페이증권,C11,파생상품계약_장내파생상품_이자율관련거래,0,국내증권사,B,SF205,각주항목(09.06월 이후)
31627,201803,0011982,주식회사 카카오페이증권,C12,파생상품계약_장내파생상품_통화관련거래,0,국내증권사,B,SF205,각주항목(09.06월 이후)
31628,201803,0011982,주식회사 카카오페이증권,C13,파생상품계약_장내파생상품_주식관련거래,0,국내증권사,B,SF205,각주항목(09.06월 이후)
31629,201803,0011982,주식회사 카카오페이증권,C14,파생상품계약_장내파생상품_일반상품관련거래,0,국내증권사,B,SF205,각주항목(09.06월 이후)
31630,201803,0011982,주식회사 카카오페이증권,C15,파생상품계약_장내파생상품_기타,0,국내증권사,B,SF205,각주항목(09.06월 이후)
31631,201803,0011982,주식회사 카카오페이증권,C2,파생상품계약_장외파생상품,0,국내증권사,B,SF205,각주항목(09.06월 이후)
31632,201803,0011982,주식회사 카카오페이증권,C21,파생상품계약_장외파생상품_이자율관련거래,0,국내증권사,B,SF205,각주항목(09.06월 이후)
31633,201803,0011982,주식회사 카카오페이증권,C22,파생상품계약_장외파생상품_통화관련거래,0,국내증권사,B,SF205,각주항목(09.06월 이후)
31634,201803,0011982,주식회사 카카오페이증권,C23,파생상품계약_장외파생상품_주식관련거래,0,국내증권사,B,SF205,각주항목(09.06월 이후)
31635,201803,0011982,주식회사 카카오페이증권,C24,파생상품계약_장외파생상품_신용관련거래,0,국내증권사,B,SF205,각주항목(09.06월 이후)
31636,201803,0011982,주식회사 카카오페이증권,C25,파생상품계약_장외파생상품_기타,0,국내증권사,B,SF205,각주항목(09.06월 이후)
31637,201803,0011982,주식회사 카카오페이증권,D,대차 및 대주거래,0,국내증권사,B,SF205,각주항목(09.06월 이후)
31638,201803,0011982,주식회사 카카오페이증권,D1,대차 및 대주거래_대여증권,0,국내증권사,B,SF205,각주항목(09.06월 이후)
31639,201803,0011982,주식회사 카카오페이증권,D2,대차 및 대주거래_차입증권,0,국내증권사,B,SF205,각주항목(09.06월 이후)
31640,201803,0011982,주식회사 카카오페이증권,D3,대차 및 대주거래_신용거래대주,0,국내증권사,B,SF205,각주항목(09.06월 이후)
31641,201803,0011982,주식회사 카카오페이증권,E,대손상각채권,0,국내증권사,B,SF205,각주항목(09.06월 이후)
31642,201803,0011982,주식회사 카카오페이증권,F,환전업무 예치금,0,국내증권사,B,SF205,각주항목(09.06월 이후)
31643,201803,0011982,주식회사 카카오페이증권,G,미배당별도예치금,0,국내증권사,B,SF205,각주항목(09.06월 이후)
31644,201803,0011982,주식회사 카카오페이증권,H,배서어음매출(종금계정),0,국내증권사,B,SF205,각주항목(09.06월 이후)
31645,201803,0011982,주식회사 카카오페이증권,H1,대출채권매매이익_담보부,0,국내증권사,B,SF205,각주항목(09.06월 이후)
31646,201803,0011982,주식회사 카카오페이증권,H2,대출채권매매이익_무담보부,0,국내증권사,B,SF205,각주항목(09.06월 이후)
31647,201806,0011982,주식회사 카카오페이증권,A,채무보증,0,국내증권사,B,SF205,각주항목(09.06월 이후)
31648,201806,0011982,주식회사 카카오페이증권,A1,채무보증_지급보증,0,국내증권사,B,SF205,각주항목(09.06월 이후)
31649,201806,0011982,주식회사 카카오페이증권,A2,채무보증_매입보장약정,0,국내증권사,B,SF205,각주항목(09.06월 이후)
31650,201806,0011982,주식회사 카카오페이증권,A3,채무보증_채무인수약정,0,국내증권사,B,SF205,각주항목(09.06월 이후)
31651,201806,0011982,주식회사 카카오페이증권,A5,채무보증_매입확약,0,국내증권사,B,SF205,각주항목(09.06월 이후)
31652,201806,0011982,주식회사 카카오페이증권,A6,채무보증_기타,0,국내증권사,B,SF205,각주항목(09.06월 이후)
31653,201806,0011982,주식회사 카카오페이증권,B,투자자의 예수증권 등,628229770565,국내증권사,B,SF205,각주항목(09.06월 이후)
31654,201806,0011982,주식회사 카카오페이증권,B1,투자자의 예수증권 등_예수 증권,628229770565,국내증권사,B,SF205,각주항목(09.06월 이후)
31655,201806,0011982,주식회사 카카오페이증권,B2,투자자의 예수증권 등_예수양도성예금증서,0,국내증권사,B,SF205,각주항목(09.06월 이후)
31656,201806,0011982,주식회사 카카오페이증권,B3,투자자의 예수증권 등_기타,0,국내증권사,B,SF205,각주항목(09.06월 이후)
31657,201806,0011982,주식회사 카카오페이증권,C,파생상품계약,0,국내증권사,B,SF205,각주항목(09.06월 이후)
31658,201806,0011982,주식회사 카카오페이증권,C1,파생상품계약_장내파생상품,0,국내증권사,B,SF205,각주항목(09.06월 이후)
31659,201806,0011982,주식회사 카카오페이증권,C11,파생상품계약_장내파생상품_이자율관련거래,0,국내증권사,B,SF205,각주항목(09.06월 이후)
31660,201806,0011982,주식회사 카카오페이증권,C12,파생상품계약_장내파생상품_통화관련거래,0,국내증권사,B,SF205,각주항목(09.06월 이후)
31661,201806,0011982,주식회사 카카오페이증권,C13,파생상품계약_장내파생상품_주식관련거래,0,국내증권사,B,SF205,각주항목(09.06월 이후)
31662,201806,0011982,주식회사 카카오페이증권,C14,파생상품계약_장내파생상품_일반상품관련거래,0,국내증권사,B,SF205,각주항목(09.06월 이후)
31663,201806,0011982,주식회사 카카오페이증권,C15,파생상품계약_장내파생상품_기타,0,국내증권사,B,SF205,각주항목(09.06월 이후)
31664,201806,0011982,주식회사 카카오페이증권,C2,파생상품계약_장외파생상품,0,국내증권사,B,SF205,각주항목(09.06월 이후)
31665,201806,0011982,주식회사 카카오페이증권,C21,파생상품계약_장외파생상품_이자율관련거래,0,국내증권사,B,SF205,각주항목(09.06월 이후)
31666,201806,0011982,주식회사 카카오페이증권,C22,파생상품계약_장외파생상품_통화관련거래,0,국내증권사,B,SF205,각주항목(09.06월 이후)
31667,201806,0011982,주식회사 카카오페이증권,C23,파생상품계약_장외파생상품_주식관련거래,0,국내증권사,B,SF205,각주항목(09.06월 이후)
31668,201806,0011982,주식회사 카카오페이증권,C24,파생상품계약_장외파생상품_신용관련거래,0,국내증권사,B,SF205,각주항목(09.06월 이후)
31669,201806,0011982,주식회사 카카오페이증권,C25,파생상품계약_장외파생상품_기타,0,국내증권사,B,SF205,각주항목(09.06월 이후)
31670,201806,0011982,주식회사 카카오페이증권,D,대차 및 대주거래,0,국내증권사,B,SF205,각주항목(09.06월 이후)
31671,201806,0011982,주식회사 카카오페이증권,D1,대차 및 대주거래_대여증권,0,국내증권사,B,SF205,각주항목(09.06월 이후)
31672,201806,0011982,주식회사 카카오페이증권,D2,대차 및 대주거래_차입증권,0,국내증권사,B,SF205,각주항목(09.06월 이후)
31673,201806,0011982,주식회사 카카오페이증권,D3,대차 및 대주거래_신용거래대주,0,국내증권사,B,SF205,각주항목(09.06월 이후)
31674,201806,0011982,주식회사 카카오페이증권,E,대손상각채권,0,국내증권사,B,SF205,각주항목(09.06월 이후)
31675,201806,0011982,주식회사 카카오페이증권,F,환전업무 예치금,0,국내증권사,B,SF205,각주항목(09.06월 이후)
31676,201806,0011982,주식회사 카카오페이증권,G,미배당별도예치금,0,국내증권사,B,SF205,각주항목(09.06월 이후)
31677,201806,0011982,주식회사 카카오페이증권,H,배서어음매출(종금계정),0,국내증권사,B,SF205,각주항목(09.06월 이후)
31678,201806,0011982,주식회사 카카오페이증권,H1,대출채권매매이익_담보부,0,국내증권사,B,SF205,각주항목(09.06월 이후)
31679,201806,0011982,주식회사 카카오페이증권,H2,대출채권매매이익_무담보부,0,국내증권사,B,SF205,각주항목(09.06월 이후)
31680,201809,0011982,주식회사 카카오페이증권,A,채무보증,0,국내증권사,B,SF205,각주항목(09.06월 이후)
31681,201809,0011982,주식회사 카카오페이증권,A1,채무보증_지급보증,0,국내증권사,B,SF205,각주항목(09.06월 이후)
31682,201809,0011982,주식회사 카카오페이증권,A2,채무보증_매입보장약정,0,국내증권사,B,SF205,각주항목(09.06월 이후)
31683,201809,0011982,주식회사 카카오페이증권,A3,채무보증_채무인수약정,0,국내증권사,B,SF205,각주항목(09.06월 이후)
31684,201809,0011982,주식회사 카카오페이증권,A5,채무보증_매입확약,0,국내증권사,B,SF205,각주항목(09.06월 이후)
31685,201809,0011982,주식회사 카카오페이증권,A6,채무보증_기타,0,국내증권사,B,SF205,각주항목(09.06월 이후)
31686,201809,0011982,주식회사 카카오페이증권,B,투자자의 예수증권 등,735564538144,국내증권사,B,SF205,각주항목(09.06월 이후)
31687,201809,0011982,주식회사 카카오페이증권,B1,투자자의 예수증권 등_예수 증권,735564538144,국내증권사,B,SF205,각주항목(09.06월 이후)
31688,201809,0011982,주식회사 카카오페이증권,B2,투자자의 예수증권 등_예수양도성예금증서,0,국내증권사,B,SF205,각주항목(09.06월 이후)
31689,201809,0011982,주식회사 카카오페이증권,B3,투자자의 예수증권 등_기타,0,국내증권사,B,SF205,각주항목(09.06월 이후)
31690,201809,0011982,주식회사 카카오페이증권,C,파생상품계약,0,국내증권사,B,SF205,각주항목(09.06월 이후)
31691,201809,0011982,주식회사 카카오페이증권,C1,파생상품계약_장내파생상품,0,국내증권사,B,SF205,각주항목(09.06월 이후)
31692,201809,0011982,주식회사 카카오페이증권,C11,파생상품계약_장내파생상품_이자율관련거래,0,국내증권사,B,SF205,각주항목(09.06월 이후)
31693,201809,0011982,주식회사 카카오페이증권,C12,파생상품계약_장내파생상품_통화관련거래,0,국내증권사,B,SF205,각주항목(09.06월 이후)
31694,201809,0011982,주식회사 카카오페이증권,C13,파생상품계약_장내파생상품_주식관련거래,0,국내증권사,B,SF205,각주항목(09.06월 이후)
31695,201809,0011982,주식회사 카카오페이증권,C14,파생상품계약_장내파생상품_일반상품관련거래,0,국내증권사,B,SF205,각주항목(09.06월 이후)
31696,201809,0011982,주식회사 카카오페이증권,C15,파생상품계약_장내파생상품_기타,0,국내증권사,B,SF205,각주항목(09.06월 이후)
31697,201809,0011982,주식회사 카카오페이증권,C2,파생상품계약_장외파생상품,0,국내증권사,B,SF205,각주항목(09.06월 이후)
31698,201809,0011982,주식회사 카카오페이증권,C21,파생상품계약_장외파생상품_이자율관련거래,0,국내증권사,B,SF205,각주항목(09.06월 이후)
31699,201809,0011982,주식회사 카카오페이증권,C22,파생상품계약_장외파생상품_통화관련거래,0,국내증권사,B,SF205,각주항목(09.06월 이후)
31700,201809,0011982,주식회사 카카오페이증권,C23,파생상품계약_장외파생상품_주식관련거래,0,국내증권사,B,SF205,각주항목(09.06월 이후)
31701,201809,0011982,주식회사 카카오페이증권,C24,파생상품계약_장외파생상품_신용관련거래,0,국내증권사,B,SF205,각주항목(09.06월 이후)
31702,201809,0011982,주식회사 카카오페이증권,C25,파생상품계약_장외파생상품_기타,0,국내증권사,B,SF205,각주항목(09.06월 이후)
31703,201809,0011982,주식회사 카카오페이증권,D,대차 및 대주거래,0,국내증권사,B,SF205,각주항목(09.06월 이후)
31704,201809,0011982,주식회사 카카오페이증권,D1,대차 및 대주거래_대여증권,0,국내증권사,B,SF205,각주항목(09.06월 이후)
31705,201809,0011982,주식회사 카카오페이증권,D2,대차 및 대주거래_차입증권,0,국내증권사,B,SF205,각주항목(09.06월 이후)
31706,201809,0011982,주식회사 카카오페이증권,D3,대차 및 대주거래_신용거래대주,0,국내증권사,B,SF205,각주항목(09.06월 이후)
31707,201809,0011982,주식회사 카카오페이증권,E,대손상각채권,0,국내증권사,B,SF205,각주항목(09.06월 이후)
31708,201809,0011982,주식회사 카카오페이증권,F,환전업무 예치금,0,국내증권사,B,SF205,각주항목(09.06월 이후)
31709,201809,0011982,주식회사 카카오페이증권,G,미배당별도예치금,0,국내증권사,B,SF205,각주항목(09.06월 이후)
31710,201809,0011982,주식회사 카카오페이증권,H,배서어음매출(종금계정),0,국내증권사,B,SF205,각주항목(09.06월 이후)
31711,201809,0011982,주식회사 카카오페이증권,H1,대출채권매매이익_담보부,0,국내증권사,B,SF205,각주항목(09.06월 이후)
31712,201809,0011982,주식회사 카카오페이증권,H2,대출채권매매이익_무담보부,0,국내증권사,B,SF205,각주항목(09.06월 이후)
31713,201812,0011982,주식회사 카카오페이증권,A,채무보증,0,국내증권사,B,SF205,각주항목(09.06월 이후)
31714,201812,0011982,주식회사 카카오페이증권,A1,채무보증_지급보증,0,국내증권사,B,SF205,각주항목(09.06월 이후)
31715,201812,0011982,주식회사 카카오페이증권,A2,채무보증_매입보장약정,0,국내증권사,B,SF205,각주항목(09.06월 이후)
31716,201812,0011982,주식회사 카카오페이증권,A3,채무보증_채무인수약정,0,국내증권사,B,SF205,각주항목(09.06월 이후)
31717,201812,0011982,주식회사 카카오페이증권,A5,채무보증_매입확약,0,국내증권사,B,SF205,각주항목(09.06월 이후)
31718,201812,0011982,주식회사 카카오페이증권,A6,채무보증_기타,0,국내증권사,B,SF205,각주항목(09.06월 이후)
31719,201812,0011982,주식회사 카카오페이증권,B,투자자의 예수증권 등,743746191871,국내증권사,B,SF205,각주항목(09.06월 이후)
31720,201812,0011982,주식회사 카카오페이증권,B1,투자자의 예수증권 등_예수 증권,743746191871,국내증권사,B,SF205,각주항목(09.06월 이후)
31721,201812,0011982,주식회사 카카오페이증권,B2,투자자의 예수증권 등_예수양도성예금증서,0,국내증권사,B,SF205,각주항목(09.06월 이후)
31722,201812,0011982,주식회사 카카오페이증권,B3,투자자의 예수증권 등_기타,0,국내증권사,B,SF205,각주항목(09.06월 이후)
31723,201812,0011982,주식회사 카카오페이증권,C,파생상품계약,0,국내증권사,B,SF205,각주항목(09.06월 이후)
31724,201812,0011982,주식회사 카카오페이증권,C1,파생상품계약_장내파생상품,0,국내증권사,B,SF205,각주항목(09.06월 이후)
31725,201812,0011982,주식회사 카카오페이증권,C11,파생상품계약_장내파생상품_이자율관련거래,0,국내증권사,B,SF205,각주항목(09.06월 이후)
31726,201812,0011982,주식회사 카카오페이증권,C12,파생상품계약_장내파생상품_통화관련거래,0,국내증권사,B,SF205,각주항목(09.06월 이후)
31727,201812,0011982,주식회사 카카오페이증권,C13,파생상품계약_장내파생상품_주식관련거래,0,국내증권사,B,SF205,각주항목(09.06월 이후)
31728,201812,0011982,주식회사 카카오페이증권,C14,파생상품계약_장내파생상품_일반상품관련거래,0,국내증권사,B,SF205,각주항목(09.06월 이후)
31729,201812,0011982,주식회사 카카오페이증권,C15,파생상품계약_장내파생상품_기타,0,국내증권사,B,SF205,각주항목(09.06월 이후)
31730,201812,0011982,주식회사 카카오페이증권,C2,파생상품계약_장외파생상품,0,국내증권사,B,SF205,각주항목(09.06월 이후)
31731,201812,0011982,주식회사 카카오페이증권,C21,파생상품계약_장외파생상품_이자율관련거래,0,국내증권사,B,SF205,각주항목(09.06월 이후)
31732,201812,0011982,주식회사 카카오페이증권,C22,파생상품계약_장외파생상품_통화관련거래,0,국내증권사,B,SF205,각주항목(09.06월 이후)
31733,201812,0011982,주식회사 카카오페이증권,C23,파생상품계약_장외파생상품_주식관련거래,0,국내증권사,B,SF205,각주항목(09.06월 이후)
31734,201812,0011982,주식회사 카카오페이증권,C24,파생상품계약_장외파생상품_신용관련거래,0,국내증권사,B,SF205,각주항목(09.06월 이후)
31735,201812,0011982,주식회사 카카오페이증권,C25,파생상품계약_장외파생상품_기타,0,국내증권사,B,SF205,각주항목(09.06월 이후)
31736,201812,0011982,주식회사 카카오페이증권,D,대차 및 대주거래,0,국내증권사,B,SF205,각주항목(09.06월 이후)
31737,201812,0011982,주식회사 카카오페이증권,D1,대차 및 대주거래_대여증권,0,국내증권사,B,SF205,각주항목(09.06월 이후)
31738,201812,0011982,주식회사 카카오페이증권,D2,대차 및 대주거래_차입증권,0,국내증권사,B,SF205,각주항목(09.06월 이후)
31739,201812,0011982,주식회사 카카오페이증권,D3,대차 및 대주거래_신용거래대주,0,국내증권사,B,SF205,각주항목(09.06월 이후)
31740,201812,0011982,주식회사 카카오페이증권,E,대손상각채권,0,국내증권사,B,SF205,각주항목(09.06월 이후)
31741,201812,0011982,주식회사 카카오페이증권,F,환전업무 예치금,0,국내증권사,B,SF205,각주항목(09.06월 이후)
31742,201812,0011982,주식회사 카카오페이증권,G,미배당별도예치금,0,국내증권사,B,SF205,각주항목(09.06월 이후)
31743,201812,0011982,주식회사 카카오페이증권,H,배서어음매출(종금계정),0,국내증권사,B,SF205,각주항목(09.06월 이후)
31744,201812,0011982,주식회사 카카오페이증권,H1,대출채권매매이익_담보부,0,국내증권사,B,SF205,각주항목(09.06월 이후)
31745,201812,0011982,주식회사 카카오페이증권,H2,대출채권매매이익_무담보부,0,국내증권사,B,SF205,각주항목(09.06월 이후)
31746,201903,0011982,주식회사 카카오페이증권,A,채무보증,0,국내증권사,B,SF205,각주항목(09.06월 이후)
31747,201903,0011982,주식회사 카카오페이증권,A1,채무보증_지급보증,0,국내증권사,B,SF205,각주항목(09.06월 이후)
31748,201903,0011982,주식회사 카카오페이증권,A2,채무보증_매입보장약정,0,국내증권사,B,SF205,각주항목(09.06월 이후)
31749,201903,0011982,주식회사 카카오페이증권,A3,채무보증_채무인수약정,0,국내증권사,B,SF205,각주항목(09.06월 이후)
31750,201903,0011982,주식회사 카카오페이증권,A5,채무보증_매입확약,0,국내증권사,B,SF205,각주항목(09.06월 이후)
31751,201903,0011982,주식회사 카카오페이증권,A6,채무보증_기타,0,국내증권사,B,SF205,각주항목(09.06월 이후)
31752,201903,0011982,주식회사 카카오페이증권,B,투자자의 예수증권 등,805594832292,국내증권사,B,SF205,각주항목(09.06월 이후)
31753,201903,0011982,주식회사 카카오페이증권,B1,투자자의 예수증권 등_예수 증권,805594832292,국내증권사,B,SF205,각주항목(09.06월 이후)
31754,201903,0011982,주식회사 카카오페이증권,B2,투자자의 예수증권 등_예수양도성예금증서,0,국내증권사,B,SF205,각주항목(09.06월 이후)
31755,201903,0011982,주식회사 카카오페이증권,B3,투자자의 예수증권 등_기타,0,국내증권사,B,SF205,각주항목(09.06월 이후)
31756,201903,0011982,주식회사 카카오페이증권,C,파생상품계약,0,국내증권사,B,SF205,각주항목(09.06월 이후)
31757,201903,0011982,주식회사 카카오페이증권,C1,파생상품계약_장내파생상품,0,국내증권사,B,SF205,각주항목(09.06월 이후)
31758,201903,0011982,주식회사 카카오페이증권,C11,파생상품계약_장내파생상품_이자율관련거래,0,국내증권사,B,SF205,각주항목(09.06월 이후)
31759,201903,0011982,주식회사 카카오페이증권,C12,파생상품계약_장내파생상품_통화관련거래,0,국내증권사,B,SF205,각주항목(09.06월 이후)
31760,201903,0011982,주식회사 카카오페이증권,C13,파생상품계약_장내파생상품_주식관련거래,0,국내증권사,B,SF205,각주항목(09.06월 이후)
31761,201903,0011982,주식회사 카카오페이증권,C14,파생상품계약_장내파생상품_일반상품관련거래,0,국내증권사,B,SF205,각주항목(09.06월 이후)
31762,201903,0011982,주식회사 카카오페이증권,C15,파생상품계약_장내파생상품_기타,0,국내증권사,B,SF205,각주항목(09.06월 이후)
31763,201903,0011982,주식회사 카카오페이증권,C2,파생상품계약_장외파생상품,0,국내증권사,B,SF205,각주항목(09.06월 이후)
31764,201903,0011982,주식회사 카카오페이증권,C21,파생상품계약_장외파생상품_이자율관련거래,0,국내증권사,B,SF205,각주항목(09.06월 이후)
31765,201903,0011982,주식회사 카카오페이증권,C22,파생상품계약_장외파생상품_통화관련거래,0,국내증권사,B,SF205,각주항목(09.06월 이후)
31766,201903,0011982,주식회사 카카오페이증권,C23,파생상품계약_장외파생상품_주식관련거래,0,국내증권사,B,SF205,각주항목(09.06월 이후)
31767,201903,0011982,주식회사 카카오페이증권,C24,파생상품계약_장외파생상품_신용관련거래,0,국내증권사,B,SF205,각주항목(09.06월 이후)
31768,201903,0011982,주식회사 카카오페이증권,C25,파생상품계약_장외파생상품_기타,0,국내증권사,B,SF205,각주항목(09.06월 이후)
31769,201903,0011982,주식회사 카카오페이증권,D,대차 및 대주거래,0,국내증권사,B,SF205,각주항목(09.06월 이후)
31770,201903,0011982,주식회사 카카오페이증권,D1,대차 및 대주거래_대여증권,0,국내증권사,B,SF205,각주항목(09.06월 이후)
31771,201903,0011982,주식회사 카카오페이증권,D2,대차 및 대주거래_차입증권,0,국내증권사,B,SF205,각주항목(09.06월 이후)
31772,201903,0011982,주식회사 카카오페이증권,D3,대차 및 대주거래_신용거래대주,0,국내증권사,B,SF205,각주항목(09.06월 이후)
31773,201903,0011982,주식회사 카카오페이증권,E,대손상각채권,0,국내증권사,B,SF205,각주항목(09.06월 이후)
31774,201903,0011982,주식회사 카카오페이증권,F,환전업무 예치금,0,국내증권사,B,SF205,각주항목(09.06월 이후)
31775,201903,0011982,주식회사 카카오페이증권,G,미배당별도예치금,0,국내증권사,B,SF205,각주항목(09.06월 이후)
31776,201903,0011982,주식회사 카카오페이증권,H,배서어음매출(종금계정),0,국내증권사,B,SF205,각주항목(09.06월 이후)
31777,201903,0011982,주식회사 카카오페이증권,H1,대출채권매매이익_담보부,0,국내증권사,B,SF205,각주항목(09.06월 이후)
31778,201903,0011982,주식회사 카카오페이증권,H2,대출채권매매이익_무담보부,0,국내증권사,B,SF205,각주항목(09.06월 이후)
31779,201906,0011982,주식회사 카카오페이증권,A,채무보증,0,국내증권사,B,SF205,각주항목(09.06월 이후)
31780,201906,0011982,주식회사 카카오페이증권,A1,채무보증_지급보증,0,국내증권사,B,SF205,각주항목(09.06월 이후)
31781,201906,0011982,주식회사 카카오페이증권,A2,채무보증_매입보장약정,0,국내증권사,B,SF205,각주항목(09.06월 이후)
31782,201906,0011982,주식회사 카카오페이증권,A3,채무보증_채무인수약정,0,국내증권사,B,SF205,각주항목(09.06월 이후)
31783,201906,0011982,주식회사 카카오페이증권,A5,채무보증_매입확약,0,국내증권사,B,SF205,각주항목(09.06월 이후)
31784,201906,0011982,주식회사 카카오페이증권,A6,채무보증_기타,0,국내증권사,B,SF205,각주항목(09.06월 이후)
31785,201906,0011982,주식회사 카카오페이증권,B,투자자의 예수증권 등,1226395866747,국내증권사,B,SF205,각주항목(09.06월 이후)
31786,201906,0011982,주식회사 카카오페이증권,B1,투자자의 예수증권 등_예수 증권,1226395866747,국내증권사,B,SF205,각주항목(09.06월 이후)
31787,201906,0011982,주식회사 카카오페이증권,B2,투자자의 예수증권 등_예수양도성예금증서,0,국내증권사,B,SF205,각주항목(09.06월 이후)
31788,201906,0011982,주식회사 카카오페이증권,B3,투자자의 예수증권 등_기타,0,국내증권사,B,SF205,각주항목(09.06월 이후)
31789,201906,0011982,주식회사 카카오페이증권,C,파생상품계약,0,국내증권사,B,SF205,각주항목(09.06월 이후)
31790,201906,0011982,주식회사 카카오페이증권,C1,파생상품계약_장내파생상품,0,국내증권사,B,SF205,각주항목(09.06월 이후)
31791,201906,0011982,주식회사 카카오페이증권,C11,파생상품계약_장내파생상품_이자율관련거래,0,국내증권사,B,SF205,각주항목(09.06월 이후)
31792,201906,0011982,주식회사 카카오페이증권,C12,파생상품계약_장내파생상품_통화관련거래,0,국내증권사,B,SF205,각주항목(09.06월 이후)
31793,201906,0011982,주식회사 카카오페이증권,C13,파생상품계약_장내파생상품_주식관련거래,0,국내증권사,B,SF205,각주항목(09.06월 이후)
31794,201906,0011982,주식회사 카카오페이증권,C14,파생상품계약_장내파생상품_일반상품관련거래,0,국내증권사,B,SF205,각주항목(09.06월 이후)
31795,201906,0011982,주식회사 카카오페이증권,C15,파생상품계약_장내파생상품_기타,0,국내증권사,B,SF205,각주항목(09.06월 이후)
31796,201906,0011982,주식회사 카카오페이증권,C2,파생상품계약_장외파생상품,0,국내증권사,B,SF205,각주항목(09.06월 이후)
31797,201906,0011982,주식회사 카카오페이증권,C21,파생상품계약_장외파생상품_이자율관련거래,0,국내증권사,B,SF205,각주항목(09.06월 이후)
31798,201906,0011982,주식회사 카카오페이증권,C22,파생상품계약_장외파생상품_통화관련거래,0,국내증권사,B,SF205,각주항목(09.06월 이후)
31799,201906,0011982,주식회사 카카오페이증권,C23,파생상품계약_장외파생상품_주식관련거래,0,국내증권사,B,SF205,각주항목(09.06월 이후)
31800,201906,0011982,주식회사 카카오페이증권,C24,파생상품계약_장외파생상품_신용관련거래,0,국내증권사,B,SF205,각주항목(09.06월 이후)
31801,201906,0011982,주식회사 카카오페이증권,C25,파생상품계약_장외파생상품_기타,0,국내증권사,B,SF205,각주항목(09.06월 이후)
31802,201906,0011982,주식회사 카카오페이증권,D,대차 및 대주거래,0,국내증권사,B,SF205,각주항목(09.06월 이후)
31803,201906,0011982,주식회사 카카오페이증권,D1,대차 및 대주거래_대여증권,0,국내증권사,B,SF205,각주항목(09.06월 이후)
31804,201906,0011982,주식회사 카카오페이증권,D2,대차 및 대주거래_차입증권,0,국내증권사,B,SF205,각주항목(09.06월 이후)
31805,201906,0011982,주식회사 카카오페이증권,D3,대차 및 대주거래_신용거래대주,0,국내증권사,B,SF205,각주항목(09.06월 이후)
31806,201906,0011982,주식회사 카카오페이증권,E,대손상각채권,0,국내증권사,B,SF205,각주항목(09.06월 이후)
31807,201906,0011982,주식회사 카카오페이증권,F,환전업무 예치금,0,국내증권사,B,SF205,각주항목(09.06월 이후)
31808,201906,0011982,주식회사 카카오페이증권,G,미배당별도예치금,0,국내증권사,B,SF205,각주항목(09.06월 이후)
31809,201906,0011982,주식회사 카카오페이증권,H,배서어음매출(종금계정),0,국내증권사,B,SF205,각주항목(09.06월 이후)
31810,201906,0011982,주식회사 카카오페이증권,H1,대출채권매매이익_담보부,0,국내증권사,B,SF205,각주항목(09.06월 이후)
31811,201906,0011982,주식회사 카카오페이증권,H2,대출채권매매이익_무담보부,0,국내증권사,B,SF205,각주항목(09.06월 이후)
31812,201909,0011982,주식회사 카카오페이증권,A,채무보증,0,국내증권사,B,SF205,각주항목(09.06월 이후)
31813,201909,0011982,주식회사 카카오페이증권,A1,채무보증_지급보증,0,국내증권사,B,SF205,각주항목(09.06월 이후)
31814,201909,0011982,주식회사 카카오페이증권,A2,채무보증_매입보장약정,0,국내증권사,B,SF205,각주항목(09.06월 이후)
31815,201909,0011982,주식회사 카카오페이증권,A3,채무보증_채무인수약정,0,국내증권사,B,SF205,각주항목(09.06월 이후)
31816,201909,0011982,주식회사 카카오페이증권,A5,채무보증_매입확약,0,국내증권사,B,SF205,각주항목(09.06월 이후)
31817,201909,0011982,주식회사 카카오페이증권,A6,채무보증_기타,0,국내증권사,B,SF205,각주항목(09.06월 이후)
31818,201909,0011982,주식회사 카카오페이증권,B,투자자의 예수증권 등,1212636879647,국내증권사,B,SF205,각주항목(09.06월 이후)
31819,201909,0011982,주식회사 카카오페이증권,B1,투자자의 예수증권 등_예수 증권,1212636879647,국내증권사,B,SF205,각주항목(09.06월 이후)
31820,201909,0011982,주식회사 카카오페이증권,B2,투자자의 예수증권 등_예수양도성예금증서,0,국내증권사,B,SF205,각주항목(09.06월 이후)
31821,201909,0011982,주식회사 카카오페이증권,B3,투자자의 예수증권 등_기타,0,국내증권사,B,SF205,각주항목(09.06월 이후)
31822,201909,0011982,주식회사 카카오페이증권,C,파생상품계약,0,국내증권사,B,SF205,각주항목(09.06월 이후)
31823,201909,0011982,주식회사 카카오페이증권,C1,파생상품계약_장내파생상품,0,국내증권사,B,SF205,각주항목(09.06월 이후)
31824,201909,0011982,주식회사 카카오페이증권,C11,파생상품계약_장내파생상품_이자율관련거래,0,국내증권사,B,SF205,각주항목(09.06월 이후)
31825,201909,0011982,주식회사 카카오페이증권,C12,파생상품계약_장내파생상품_통화관련거래,0,국내증권사,B,SF205,각주항목(09.06월 이후)
31826,201909,0011982,주식회사 카카오페이증권,C13,파생상품계약_장내파생상품_주식관련거래,0,국내증권사,B,SF205,각주항목(09.06월 이후)
31827,201909,0011982,주식회사 카카오페이증권,C14,파생상품계약_장내파생상품_일반상품관련거래,0,국내증권사,B,SF205,각주항목(09.06월 이후)
31828,201909,0011982,주식회사 카카오페이증권,C15,파생상품계약_장내파생상품_기타,0,국내증권사,B,SF205,각주항목(09.06월 이후)
31829,201909,0011982,주식회사 카카오페이증권,C2,파생상품계약_장외파생상품,0,국내증권사,B,SF205,각주항목(09.06월 이후)
31830,201909,0011982,주식회사 카카오페이증권,C21,파생상품계약_장외파생상품_이자율관련거래,0,국내증권사,B,SF205,각주항목(09.06월 이후)
31831,201909,0011982,주식회사 카카오페이증권,C22,파생상품계약_장외파생상품_통화관련거래,0,국내증권사,B,SF205,각주항목(09.06월 이후)
31832,201909,0011982,주식회사 카카오페이증권,C23,파생상품계약_장외파생상품_주식관련거래,0,국내증권사,B,SF205,각주항목(09.06월 이후)
31833,201909,0011982,주식회사 카카오페이증권,C24,파생상품계약_장외파생상품_신용관련거래,0,국내증권사,B,SF205,각주항목(09.06월 이후)
31834,201909,0011982,주식회사 카카오페이증권,C25,파생상품계약_장외파생상품_기타,0,국내증권사,B,SF205,각주항목(09.06월 이후)
31835,201909,0011982,주식회사 카카오페이증권,D,대차 및 대주거래,0,국내증권사,B,SF205,각주항목(09.06월 이후)
31836,201909,0011982,주식회사 카카오페이증권,D1,대차 및 대주거래_대여증권,0,국내증권사,B,SF205,각주항목(09.06월 이후)
31837,201909,0011982,주식회사 카카오페이증권,D2,대차 및 대주거래_차입증권,0,국내증권사,B,SF205,각주항목(09.06월 이후)
31838,201909,0011982,주식회사 카카오페이증권,D3,대차 및 대주거래_신용거래대주,0,국내증권사,B,SF205,각주항목(09.06월 이후)
31839,201909,0011982,주식회사 카카오페이증권,E,대손상각채권,0,국내증권사,B,SF205,각주항목(09.06월 이후)
31840,201909,0011982,주식회사 카카오페이증권,F,환전업무 예치금,0,국내증권사,B,SF205,각주항목(09.06월 이후)
31841,201909,0011982,주식회사 카카오페이증권,G,미배당별도예치금,0,국내증권사,B,SF205,각주항목(09.06월 이후)
31842,201909,0011982,주식회사 카카오페이증권,H,배서어음매출(종금계정),0,국내증권사,B,SF205,각주항목(09.06월 이후)
31843,201909,0011982,주식회사 카카오페이증권,H1,대출채권매매이익_담보부,0,국내증권사,B,SF205,각주항목(09.06월 이후)
31844,201909,0011982,주식회사 카카오페이증권,H2,대출채권매매이익_무담보부,0,국내증권사,B,SF205,각주항목(09.06월 이후)
31845,201912,0011982,주식회사 카카오페이증권,A,채무보증,0,국내증권사,B,SF205,각주항목(09.06월 이후)
31846,201912,0011982,주식회사 카카오페이증권,A1,채무보증_지급보증,0,국내증권사,B,SF205,각주항목(09.06월 이후)
31847,201912,0011982,주식회사 카카오페이증권,A2,채무보증_매입보장약정,0,국내증권사,B,SF205,각주항목(09.06월 이후)
31848,201912,0011982,주식회사 카카오페이증권,A3,채무보증_채무인수약정,0,국내증권사,B,SF205,각주항목(09.06월 이후)
31849,201912,0011982,주식회사 카카오페이증권,A5,채무보증_매입확약,0,국내증권사,B,SF205,각주항목(09.06월 이후)
31850,201912,0011982,주식회사 카카오페이증권,A6,채무보증_기타,0,국내증권사,B,SF205,각주항목(09.06월 이후)
31851,201912,0011982,주식회사 카카오페이증권,B,투자자의 예수증권 등,1259720853408,국내증권사,B,SF205,각주항목(09.06월 이후)
31852,201912,0011982,주식회사 카카오페이증권,B1,투자자의 예수증권 등_예수 증권,1259720853408,국내증권사,B,SF205,각주항목(09.06월 이후)
31853,201912,0011982,주식회사 카카오페이증권,B2,투자자의 예수증권 등_예수양도성예금증서,0,국내증권사,B,SF205,각주항목(09.06월 이후)
31854,201912,0011982,주식회사 카카오페이증권,B3,투자자의 예수증권 등_기타,0,국내증권사,B,SF205,각주항목(09.06월 이후)
31855,201912,0011982,주식회사 카카오페이증권,C,파생상품계약,0,국내증권사,B,SF205,각주항목(09.06월 이후)
31856,201912,0011982,주식회사 카카오페이증권,C1,파생상품계약_장내파생상품,0,국내증권사,B,SF205,각주항목(09.06월 이후)
31857,201912,0011982,주식회사 카카오페이증권,C11,파생상품계약_장내파생상품_이자율관련거래,0,국내증권사,B,SF205,각주항목(09.06월 이후)
31858,201912,0011982,주식회사 카카오페이증권,C12,파생상품계약_장내파생상품_통화관련거래,0,국내증권사,B,SF205,각주항목(09.06월 이후)
31859,201912,0011982,주식회사 카카오페이증권,C13,파생상품계약_장내파생상품_주식관련거래,0,국내증권사,B,SF205,각주항목(09.06월 이후)
31860,201912,0011982,주식회사 카카오페이증권,C14,파생상품계약_장내파생상품_일반상품관련거래,0,국내증권사,B,SF205,각주항목(09.06월 이후)
31861,201912,0011982,주식회사 카카오페이증권,C15,파생상품계약_장내파생상품_기타,0,국내증권사,B,SF205,각주항목(09.06월 이후)
31862,201912,0011982,주식회사 카카오페이증권,C2,파생상품계약_장외파생상품,0,국내증권사,B,SF205,각주항목(09.06월 이후)
31863,201912,0011982,주식회사 카카오페이증권,C21,파생상품계약_장외파생상품_이자율관련거래,0,국내증권사,B,SF205,각주항목(09.06월 이후)
31864,201912,0011982,주식회사 카카오페이증권,C22,파생상품계약_장외파생상품_통화관련거래,0,국내증권사,B,SF205,각주항목(09.06월 이후)
31865,201912,0011982,주식회사 카카오페이증권,C23,파생상품계약_장외파생상품_주식관련거래,0,국내증권사,B,SF205,각주항목(09.06월 이후)
31866,201912,0011982,주식회사 카카오페이증권,C24,파생상품계약_장외파생상품_신용관련거래,0,국내증권사,B,SF205,각주항목(09.06월 이후)
31867,201912,0011982,주식회사 카카오페이증권,C25,파생상품계약_장외파생상품_기타,0,국내증권사,B,SF205,각주항목(09.06월 이후)
31868,201912,0011982,주식회사 카카오페이증권,D,대차 및 대주거래,0,국내증권사,B,SF205,각주항목(09.06월 이후)
31869,201912,0011982,주식회사 카카오페이증권,D1,대차 및 대주거래_대여증권,0,국내증권사,B,SF205,각주항목(09.06월 이후)
31870,201912,0011982,주식회사 카카오페이증권,D2,대차 및 대주거래_차입증권,0,국내증권사,B,SF205,각주항목(09.06월 이후)
31871,201912,0011982,주식회사 카카오페이증권,D3,대차 및 대주거래_신용거래대주,0,국내증권사,B,SF205,각주항목(09.06월 이후)
31872,201912,0011982,주식회사 카카오페이증권,E,대손상각채권,0,국내증권사,B,SF205,각주항목(09.06월 이후)
31873,201912,0011982,주식회사 카카오페이증권,F,환전업무 예치금,0,국내증권사,B,SF205,각주항목(09.06월 이후)
31874,201912,0011982,주식회사 카카오페이증권,G,미배당별도예치금,0,국내증권사,B,SF205,각주항목(09.06월 이후)
31875,201912,0011982,주식회사 카카오페이증권,H,배서어음매출(종금계정),0,국내증권사,B,SF205,각주항목(09.06월 이후)
31876,201912,0011982,주식회사 카카오페이증권,H1,대출채권매매이익_담보부,0,국내증권사,B,SF205,각주항목(09.06월 이후)
31877,201912,0011982,주식회사 카카오페이증권,H2,대출채권매매이익_무담보부,0,국내증권사,B,SF205,각주항목(09.06월 이후)
31878,202003,0011982,주식회사 카카오페이증권,A,채무보증,0,국내증권사,B,SF205,각주항목(09.06월 이후)
31879,202003,0011982,주식회사 카카오페이증권,A1,채무보증_지급보증,0,국내증권사,B,SF205,각주항목(09.06월 이후)
31880,202003,0011982,주식회사 카카오페이증권,A2,채무보증_매입보장약정,0,국내증권사,B,SF205,각주항목(09.06월 이후)
31881,202003,0011982,주식회사 카카오페이증권,A3,채무보증_채무인수약정,0,국내증권사,B,SF205,각주항목(09.06월 이후)
31882,202003,0011982,주식회사 카카오페이증권,A5,채무보증_매입확약,0,국내증권사,B,SF205,각주항목(09.06월 이후)
31883,202003,0011982,주식회사 카카오페이증권,A6,채무보증_기타,0,국내증권사,B,SF205,각주항목(09.06월 이후)
31884,202003,0011982,주식회사 카카오페이증권,B,투자자의 예수증권 등,1212526894040,국내증권사,B,SF205,각주항목(09.06월 이후)
31885,202003,0011982,주식회사 카카오페이증권,B1,투자자의 예수증권 등_예수 증권,1212526894040,국내증권사,B,SF205,각주항목(09.06월 이후)
31886,202003,0011982,주식회사 카카오페이증권,B2,투자자의 예수증권 등_예수양도성예금증서,0,국내증권사,B,SF205,각주항목(09.06월 이후)
31887,202003,0011982,주식회사 카카오페이증권,B3,투자자의 예수증권 등_기타,0,국내증권사,B,SF205,각주항목(09.06월 이후)
31888,202003,0011982,주식회사 카카오페이증권,C,파생상품계약,0,국내증권사,B,SF205,각주항목(09.06월 이후)
31889,202003,0011982,주식회사 카카오페이증권,C1,파생상품계약_장내파생상품,0,국내증권사,B,SF205,각주항목(09.06월 이후)
31890,202003,0011982,주식회사 카카오페이증권,C11,파생상품계약_장내파생상품_이자율관련거래,0,국내증권사,B,SF205,각주항목(09.06월 이후)
31891,202003,0011982,주식회사 카카오페이증권,C12,파생상품계약_장내파생상품_통화관련거래,0,국내증권사,B,SF205,각주항목(09.06월 이후)
31892,202003,0011982,주식회사 카카오페이증권,C13,파생상품계약_장내파생상품_주식관련거래,0,국내증권사,B,SF205,각주항목(09.06월 이후)
31893,202003,0011982,주식회사 카카오페이증권,C14,파생상품계약_장내파생상품_일반상품관련거래,0,국내증권사,B,SF205,각주항목(09.06월 이후)
31894,202003,0011982,주식회사 카카오페이증권,C15,파생상품계약_장내파생상품_기타,0,국내증권사,B,SF205,각주항목(09.06월 이후)
31895,202003,0011982,주식회사 카카오페이증권,C2,파생상품계약_장외파생상품,0,국내증권사,B,SF205,각주항목(09.06월 이후)
31896,202003,0011982,주식회사 카카오페이증권,C21,파생상품계약_장외파생상품_이자율관련거래,0,국내증권사,B,SF205,각주항목(09.06월 이후)
31897,202003,0011982,주식회사 카카오페이증권,C22,파생상품계약_장외파생상품_통화관련거래,0,국내증권사,B,SF205,각주항목(09.06월 이후)
31898,202003,0011982,주식회사 카카오페이증권,C23,파생상품계약_장외파생상품_주식관련거래,0,국내증권사,B,SF205,각주항목(09.06월 이후)
31899,202003,0011982,주식회사 카카오페이증권,C24,파생상품계약_장외파생상품_신용관련거래,0,국내증권사,B,SF205,각주항목(09.06월 이후)
31900,202003,0011982,주식회사 카카오페이증권,C25,파생상품계약_장외파생상품_기타,0,국내증권사,B,SF205,각주항목(09.06월 이후)
31901,202003,0011982,주식회사 카카오페이증권,D,대차 및 대주거래,0,국내증권사,B,SF205,각주항목(09.06월 이후)
31902,202003,0011982,주식회사 카카오페이증권,D1,대차 및 대주거래_대여증권,0,국내증권사,B,SF205,각주항목(09.06월 이후)
31903,202003,0011982,주식회사 카카오페이증권,D2,대차 및 대주거래_차입증권,0,국내증권사,B,SF205,각주항목(09.06월 이후)
31904,202003,0011982,주식회사 카카오페이증권,D3,대차 및 대주거래_신용거래대주,0,국내증권사,B,SF205,각주항목(09.06월 이후)
31905,202003,0011982,주식회사 카카오페이증권,E,대손상각채권,0,국내증권사,B,SF205,각주항목(09.06월 이후)
31906,202003,0011982,주식회사 카카오페이증권,F,환전업무 예치금,0,국내증권사,B,SF205,각주항목(09.06월 이후)
31907,202003,0011982,주식회사 카카오페이증권,G,미배당별도예치금,0,국내증권사,B,SF205,각주항목(09.06월 이후)
31908,202003,0011982,주식회사 카카오페이증권,H,배서어음매출(종금계정),0,국내증권사,B,SF205,각주항목(09.06월 이후)
31909,202003,0011982,주식회사 카카오페이증권,H1,대출채권매매이익_담보부,0,국내증권사,B,SF205,각주항목(09.06월 이후)
31910,202003,0011982,주식회사 카카오페이증권,H2,대출채권매매이익_무담보부,0,국내증권사,B,SF205,각주항목(09.06월 이후)
31911,202006,0011982,주식회사 카카오페이증권,A,채무보증,0,국내증권사,B,SF205,각주항목(09.06월 이후)
31912,202006,0011982,주식회사 카카오페이증권,A1,채무보증_지급보증,0,국내증권사,B,SF205,각주항목(09.06월 이후)
31913,202006,0011982,주식회사 카카오페이증권,A2,채무보증_매입보장약정,0,국내증권사,B,SF205,각주항목(09.06월 이후)
31914,202006,0011982,주식회사 카카오페이증권,A3,채무보증_채무인수약정,0,국내증권사,B,SF205,각주항목(09.06월 이후)
31915,202006,0011982,주식회사 카카오페이증권,A5,채무보증_매입확약,0,국내증권사,B,SF205,각주항목(09.06월 이후)
31916,202006,0011982,주식회사 카카오페이증권,A6,채무보증_기타,0,국내증권사,B,SF205,각주항목(09.06월 이후)
31917,202006,0011982,주식회사 카카오페이증권,B,투자자의 예수증권 등,2067423676309,국내증권사,B,SF205,각주항목(09.06월 이후)
31918,202006,0011982,주식회사 카카오페이증권,B1,투자자의 예수증권 등_예수 증권,2067423676309,국내증권사,B,SF205,각주항목(09.06월 이후)
31919,202006,0011982,주식회사 카카오페이증권,B2,투자자의 예수증권 등_예수양도성예금증서,0,국내증권사,B,SF205,각주항목(09.06월 이후)
31920,202006,0011982,주식회사 카카오페이증권,B3,투자자의 예수증권 등_기타,0,국내증권사,B,SF205,각주항목(09.06월 이후)
31921,202006,0011982,주식회사 카카오페이증권,C,파생상품계약,0,국내증권사,B,SF205,각주항목(09.06월 이후)
31922,202006,0011982,주식회사 카카오페이증권,C1,파생상품계약_장내파생상품,0,국내증권사,B,SF205,각주항목(09.06월 이후)
31923,202006,0011982,주식회사 카카오페이증권,C11,파생상품계약_장내파생상품_이자율관련거래,0,국내증권사,B,SF205,각주항목(09.06월 이후)
31924,202006,0011982,주식회사 카카오페이증권,C12,파생상품계약_장내파생상품_통화관련거래,0,국내증권사,B,SF205,각주항목(09.06월 이후)
31925,202006,0011982,주식회사 카카오페이증권,C13,파생상품계약_장내파생상품_주식관련거래,0,국내증권사,B,SF205,각주항목(09.06월 이후)
31926,202006,0011982,주식회사 카카오페이증권,C14,파생상품계약_장내파생상품_일반상품관련거래,0,국내증권사,B,SF205,각주항목(09.06월 이후)
31927,202006,0011982,주식회사 카카오페이증권,C15,파생상품계약_장내파생상품_기타,0,국내증권사,B,SF205,각주항목(09.06월 이후)
31928,202006,0011982,주식회사 카카오페이증권,C2,파생상품계약_장외파생상품,0,국내증권사,B,SF205,각주항목(09.06월 이후)
31929,202006,0011982,주식회사 카카오페이증권,C21,파생상품계약_장외파생상품_이자율관련거래,0,국내증권사,B,SF205,각주항목(09.06월 이후)
31930,202006,0011982,주식회사 카카오페이증권,C22,파생상품계약_장외파생상품_통화관련거래,0,국내증권사,B,SF205,각주항목(09.06월 이후)
31931,202006,0011982,주식회사 카카오페이증권,C23,파생상품계약_장외파생상품_주식관련거래,0,국내증권사,B,SF205,각주항목(09.06월 이후)
31932,202006,0011982,주식회사 카카오페이증권,C24,파생상품계약_장외파생상품_신용관련거래,0,국내증권사,B,SF205,각주항목(09.06월 이후)
31933,202006,0011982,주식회사 카카오페이증권,C25,파생상품계약_장외파생상품_기타,0,국내증권사,B,SF205,각주항목(09.06월 이후)
31934,202006,0011982,주식회사 카카오페이증권,D,대차 및 대주거래,0,국내증권사,B,SF205,각주항목(09.06월 이후)
31935,202006,0011982,주식회사 카카오페이증권,D1,대차 및 대주거래_대여증권,0,국내증권사,B,SF205,각주항목(09.06월 이후)
31936,202006,0011982,주식회사 카카오페이증권,D2,대차 및 대주거래_차입증권,0,국내증권사,B,SF205,각주항목(09.06월 이후)
31937,202006,0011982,주식회사 카카오페이증권,D3,대차 및 대주거래_신용거래대주,0,국내증권사,B,SF205,각주항목(09.06월 이후)
31938,202006,0011982,주식회사 카카오페이증권,E,대손상각채권,0,국내증권사,B,SF205,각주항목(09.06월 이후)
31939,202006,0011982,주식회사 카카오페이증권,F,환전업무 예치금,0,국내증권사,B,SF205,각주항목(09.06월 이후)
31940,202006,0011982,주식회사 카카오페이증권,G,미배당별도예치금,0,국내증권사,B,SF205,각주항목(09.06월 이후)
31941,202006,0011982,주식회사 카카오페이증권,H,배서어음매출(종금계정),0,국내증권사,B,SF205,각주항목(09.06월 이후)
31942,202006,0011982,주식회사 카카오페이증권,H1,대출채권매매이익_담보부,0,국내증권사,B,SF205,각주항목(09.06월 이후)
31943,202006,0011982,주식회사 카카오페이증권,H2,대출채권매매이익_무담보부,0,국내증권사,B,SF205,각주항목(09.06월 이후)
31944,202009,0011982,주식회사 카카오페이증권,A,채무보증,0,국내증권사,B,SF205,각주항목(09.06월 이후)
31945,202009,0011982,주식회사 카카오페이증권,A1,채무보증_지급보증,0,국내증권사,B,SF205,각주항목(09.06월 이후)
31946,202009,0011982,주식회사 카카오페이증권,A2,채무보증_매입보장약정,0,국내증권사,B,SF205,각주항목(09.06월 이후)
31947,202009,0011982,주식회사 카카오페이증권,A3,채무보증_채무인수약정,0,국내증권사,B,SF205,각주항목(09.06월 이후)
31948,202009,0011982,주식회사 카카오페이증권,A5,채무보증_매입확약,0,국내증권사,B,SF205,각주항목(09.06월 이후)
31949,202009,0011982,주식회사 카카오페이증권,A6,채무보증_기타,0,국내증권사,B,SF205,각주항목(09.06월 이후)
31950,202009,0011982,주식회사 카카오페이증권,B,투자자의 예수증권 등,2040008868983,국내증권사,B,SF205,각주항목(09.06월 이후)
31951,202009,0011982,주식회사 카카오페이증권,B1,투자자의 예수증권 등_예수 증권,2040008868983,국내증권사,B,SF205,각주항목(09.06월 이후)
31952,202009,0011982,주식회사 카카오페이증권,B2,투자자의 예수증권 등_예수양도성예금증서,0,국내증권사,B,SF205,각주항목(09.06월 이후)
31953,202009,0011982,주식회사 카카오페이증권,B3,투자자의 예수증권 등_기타,0,국내증권사,B,SF205,각주항목(09.06월 이후)
31954,202009,0011982,주식회사 카카오페이증권,C,파생상품계약,0,국내증권사,B,SF205,각주항목(09.06월 이후)
31955,202009,0011982,주식회사 카카오페이증권,C1,파생상품계약_장내파생상품,0,국내증권사,B,SF205,각주항목(09.06월 이후)
31956,202009,0011982,주식회사 카카오페이증권,C11,파생상품계약_장내파생상품_이자율관련거래,0,국내증권사,B,SF205,각주항목(09.06월 이후)
31957,202009,0011982,주식회사 카카오페이증권,C12,파생상품계약_장내파생상품_통화관련거래,0,국내증권사,B,SF205,각주항목(09.06월 이후)
31958,202009,0011982,주식회사 카카오페이증권,C13,파생상품계약_장내파생상품_주식관련거래,0,국내증권사,B,SF205,각주항목(09.06월 이후)
31959,202009,0011982,주식회사 카카오페이증권,C14,파생상품계약_장내파생상품_일반상품관련거래,0,국내증권사,B,SF205,각주항목(09.06월 이후)
31960,202009,0011982,주식회사 카카오페이증권,C15,파생상품계약_장내파생상품_기타,0,국내증권사,B,SF205,각주항목(09.06월 이후)
31961,202009,0011982,주식회사 카카오페이증권,C2,파생상품계약_장외파생상품,0,국내증권사,B,SF205,각주항목(09.06월 이후)
31962,202009,0011982,주식회사 카카오페이증권,C21,파생상품계약_장외파생상품_이자율관련거래,0,국내증권사,B,SF205,각주항목(09.06월 이후)
31963,202009,0011982,주식회사 카카오페이증권,C22,파생상품계약_장외파생상품_통화관련거래,0,국내증권사,B,SF205,각주항목(09.06월 이후)
31964,202009,0011982,주식회사 카카오페이증권,C23,파생상품계약_장외파생상품_주식관련거래,0,국내증권사,B,SF205,각주항목(09.06월 이후)
31965,202009,0011982,주식회사 카카오페이증권,C24,파생상품계약_장외파생상품_신용관련거래,0,국내증권사,B,SF205,각주항목(09.06월 이후)
31966,202009,0011982,주식회사 카카오페이증권,C25,파생상품계약_장외파생상품_기타,0,국내증권사,B,SF205,각주항목(09.06월 이후)
31967,202009,0011982,주식회사 카카오페이증권,D,대차 및 대주거래,0,국내증권사,B,SF205,각주항목(09.06월 이후)
31968,202009,0011982,주식회사 카카오페이증권,D1,대차 및 대주거래_대여증권,0,국내증권사,B,SF205,각주항목(09.06월 이후)
31969,202009,0011982,주식회사 카카오페이증권,D2,대차 및 대주거래_차입증권,0,국내증권사,B,SF205,각주항목(09.06월 이후)
31970,202009,0011982,주식회사 카카오페이증권,D3,대차 및 대주거래_신용거래대주,0,국내증권사,B,SF205,각주항목(09.06월 이후)
31971,202009,0011982,주식회사 카카오페이증권,E,대손상각채권,437240547,국내증권사,B,SF205,각주항목(09.06월 이후)
31972,202009,0011982,주식회사 카카오페이증권,F,환전업무 예치금,0,국내증권사,B,SF205,각주항목(09.06월 이후)
31973,202009,0011982,주식회사 카카오페이증권,G,미배당별도예치금,0,국내증권사,B,SF205,각주항목(09.06월 이후)
31974,202009,0011982,주식회사 카카오페이증권,H,배서어음매출(종금계정),0,국내증권사,B,SF205,각주항목(09.06월 이후)
31975,202009,0011982,주식회사 카카오페이증권,H1,대출채권매매이익_담보부,0,국내증권사,B,SF205,각주항목(09.06월 이후)
31976,202009,0011982,주식회사 카카오페이증권,H2,대출채권매매이익_무담보부,0,국내증권사,B,SF205,각주항목(09.06월 이후)
31977,202012,0011982,주식회사 카카오페이증권,A,채무보증,0,국내증권사,B,SF205,각주항목(09.06월 이후)
31978,202012,0011982,주식회사 카카오페이증권,A1,채무보증_지급보증,0,국내증권사,B,SF205,각주항목(09.06월 이후)
31979,202012,0011982,주식회사 카카오페이증권,A2,채무보증_매입보장약정,0,국내증권사,B,SF205,각주항목(09.06월 이후)
31980,202012,0011982,주식회사 카카오페이증권,A3,채무보증_채무인수약정,0,국내증권사,B,SF205,각주항목(09.06월 이후)
31981,202012,0011982,주식회사 카카오페이증권,A5,채무보증_매입확약,0,국내증권사,B,SF205,각주항목(09.06월 이후)
31982,202012,0011982,주식회사 카카오페이증권,A6,채무보증_기타,0,국내증권사,B,SF205,각주항목(09.06월 이후)
31983,202012,0011982,주식회사 카카오페이증권,B,투자자의 예수증권 등,2082415063418,국내증권사,B,SF205,각주항목(09.06월 이후)
31984,202012,0011982,주식회사 카카오페이증권,B1,투자자의 예수증권 등_예수 증권,2082415063418,국내증권사,B,SF205,각주항목(09.06월 이후)
31985,202012,0011982,주식회사 카카오페이증권,B2,투자자의 예수증권 등_예수양도성예금증서,0,국내증권사,B,SF205,각주항목(09.06월 이후)
31986,202012,0011982,주식회사 카카오페이증권,B3,투자자의 예수증권 등_기타,0,국내증권사,B,SF205,각주항목(09.06월 이후)
31987,202012,0011982,주식회사 카카오페이증권,C,파생상품계약,0,국내증권사,B,SF205,각주항목(09.06월 이후)
31988,202012,0011982,주식회사 카카오페이증권,C1,파생상품계약_장내파생상품,0,국내증권사,B,SF205,각주항목(09.06월 이후)
31989,202012,0011982,주식회사 카카오페이증권,C11,파생상품계약_장내파생상품_이자율관련거래,0,국내증권사,B,SF205,각주항목(09.06월 이후)
31990,202012,0011982,주식회사 카카오페이증권,C12,파생상품계약_장내파생상품_통화관련거래,0,국내증권사,B,SF205,각주항목(09.06월 이후)
31991,202012,0011982,주식회사 카카오페이증권,C13,파생상품계약_장내파생상품_주식관련거래,0,국내증권사,B,SF205,각주항목(09.06월 이후)
31992,202012,0011982,주식회사 카카오페이증권,C14,파생상품계약_장내파생상품_일반상품관련거래,0,국내증권사,B,SF205,각주항목(09.06월 이후)
31993,202012,0011982,주식회사 카카오페이증권,C15,파생상품계약_장내파생상품_기타,0,국내증권사,B,SF205,각주항목(09.06월 이후)
31994,202012,0011982,주식회사 카카오페이증권,C2,파생상품계약_장외파생상품,0,국내증권사,B,SF205,각주항목(09.06월 이후)
31995,202012,0011982,주식회사 카카오페이증권,C21,파생상품계약_장외파생상품_이자율관련거래,0,국내증권사,B,SF205,각주항목(09.06월 이후)
31996,202012,0011982,주식회사 카카오페이증권,C22,파생상품계약_장외파생상품_통화관련거래,0,국내증권사,B,SF205,각주항목(09.06월 이후)
31997,202012,0011982,주식회사 카카오페이증권,C23,파생상품계약_장외파생상품_주식관련거래,0,국내증권사,B,SF205,각주항목(09.06월 이후)
31998,202012,0011982,주식회사 카카오페이증권,C24,파생상품계약_장외파생상품_신용관련거래,0,국내증권사,B,SF205,각주항목(09.06월 이후)
31999,202012,0011982,주식회사 카카오페이증권,C25,파생상품계약_장외파생상품_기타,0,국내증권사,B,SF205,각주항목(09.06월 이후)
32000,202012,0011982,주식회사 카카오페이증권,D,대차 및 대주거래,0,국내증권사,B,SF205,각주항목(09.06월 이후)
32001,202012,0011982,주식회사 카카오페이증권,D1,대차 및 대주거래_대여증권,0,국내증권사,B,SF205,각주항목(09.06월 이후)
32002,202012,0011982,주식회사 카카오페이증권,D2,대차 및 대주거래_차입증권,0,국내증권사,B,SF205,각주항목(09.06월 이후)
32003,202012,0011982,주식회사 카카오페이증권,D3,대차 및 대주거래_신용거래대주,0,국내증권사,B,SF205,각주항목(09.06월 이후)
32004,202012,0011982,주식회사 카카오페이증권,E,대손상각채권,437240547,국내증권사,B,SF205,각주항목(09.06월 이후)
32005,202012,0011982,주식회사 카카오페이증권,F,환전업무 예치금,0,국내증권사,B,SF205,각주항목(09.06월 이후)
32006,202012,0011982,주식회사 카카오페이증권,G,미배당별도예치금,0,국내증권사,B,SF205,각주항목(09.06월 이후)
32007,202012,0011982,주식회사 카카오페이증권,H,배서어음매출(종금계정),0,국내증권사,B,SF205,각주항목(09.06월 이후)
32008,202012,0011982,주식회사 카카오페이증권,H1,대출채권매매이익_담보부,0,국내증권사,B,SF205,각주항목(09.06월 이후)
32009,202012,0011982,주식회사 카카오페이증권,H2,대출채권매매이익_무담보부,0,국내증권사,B,SF205,각주항목(09.06월 이후)
32010,202103,0011982,주식회사 카카오페이증권,A,채무보증,0,국내증권사,B,SF205,각주항목(09.06월 이후)
32011,202103,0011982,주식회사 카카오페이증권,A1,채무보증_지급보증,0,국내증권사,B,SF205,각주항목(09.06월 이후)
32012,202103,0011982,주식회사 카카오페이증권,A2,채무보증_매입보장약정,0,국내증권사,B,SF205,각주항목(09.06월 이후)
32013,202103,0011982,주식회사 카카오페이증권,A3,채무보증_채무인수약정,0,국내증권사,B,SF205,각주항목(09.06월 이후)
32014,202103,0011982,주식회사 카카오페이증권,A5,채무보증_매입확약,0,국내증권사,B,SF205,각주항목(09.06월 이후)
32015,202103,0011982,주식회사 카카오페이증권,A6,채무보증_기타,0,국내증권사,B,SF205,각주항목(09.06월 이후)
32016,202103,0011982,주식회사 카카오페이증권,B,투자자의 예수증권 등,2416537908505,국내증권사,B,SF205,각주항목(09.06월 이후)
32017,202103,0011982,주식회사 카카오페이증권,B1,투자자의 예수증권 등_예수 증권,2416537908505,국내증권사,B,SF205,각주항목(09.06월 이후)
32018,202103,0011982,주식회사 카카오페이증권,B2,투자자의 예수증권 등_예수양도성예금증서,0,국내증권사,B,SF205,각주항목(09.06월 이후)
32019,202103,0011982,주식회사 카카오페이증권,B3,투자자의 예수증권 등_기타,0,국내증권사,B,SF205,각주항목(09.06월 이후)
32020,202103,0011982,주식회사 카카오페이증권,C,파생상품계약,0,국내증권사,B,SF205,각주항목(09.06월 이후)
32021,202103,0011982,주식회사 카카오페이증권,C1,파생상품계약_장내파생상품,0,국내증권사,B,SF205,각주항목(09.06월 이후)
32022,202103,0011982,주식회사 카카오페이증권,C11,파생상품계약_장내파생상품_이자율관련거래,0,국내증권사,B,SF205,각주항목(09.06월 이후)
32023,202103,0011982,주식회사 카카오페이증권,C12,파생상품계약_장내파생상품_통화관련거래,0,국내증권사,B,SF205,각주항목(09.06월 이후)
32024,202103,0011982,주식회사 카카오페이증권,C13,파생상품계약_장내파생상품_주식관련거래,0,국내증권사,B,SF205,각주항목(09.06월 이후)
32025,202103,0011982,주식회사 카카오페이증권,C14,파생상품계약_장내파생상품_일반상품관련거래,0,국내증권사,B,SF205,각주항목(09.06월 이후)
32026,202103,0011982,주식회사 카카오페이증권,C15,파생상품계약_장내파생상품_기타,0,국내증권사,B,SF205,각주항목(09.06월 이후)
32027,202103,0011982,주식회사 카카오페이증권,C2,파생상품계약_장외파생상품,0,국내증권사,B,SF205,각주항목(09.06월 이후)
32028,202103,0011982,주식회사 카카오페이증권,C21,파생상품계약_장외파생상품_이자율관련거래,0,국내증권사,B,SF205,각주항목(09.06월 이후)
32029,202103,0011982,주식회사 카카오페이증권,C22,파생상품계약_장외파생상품_통화관련거래,0,국내증권사,B,SF205,각주항목(09.06월 이후)
32030,202103,0011982,주식회사 카카오페이증권,C23,파생상품계약_장외파생상품_주식관련거래,0,국내증권사,B,SF205,각주항목(09.06월 이후)
32031,202103,0011982,주식회사 카카오페이증권,C24,파생상품계약_장외파생상품_신용관련거래,0,국내증권사,B,SF205,각주항목(09.06월 이후)
32032,202103,0011982,주식회사 카카오페이증권,C25,파생상품계약_장외파생상품_기타,0,국내증권사,B,SF205,각주항목(09.06월 이후)
32033,202103,0011982,주식회사 카카오페이증권,D,대차 및 대주거래,0,국내증권사,B,SF205,각주항목(09.06월 이후)
32034,202103,0011982,주식회사 카카오페이증권,D1,대차 및 대주거래_대여증권,0,국내증권사,B,SF205,각주항목(09.06월 이후)
32035,202103,0011982,주식회사 카카오페이증권,D2,대차 및 대주거래_차입증권,0,국내증권사,B,SF205,각주항목(09.06월 이후)
32036,202103,0011982,주식회사 카카오페이증권,D3,대차 및 대주거래_신용거래대주,0,국내증권사,B,SF205,각주항목(09.06월 이후)
32037,202103,0011982,주식회사 카카오페이증권,E,대손상각채권,437240547,국내증권사,B,SF205,각주항목(09.06월 이후)
32038,202103,0011982,주식회사 카카오페이증권,F,환전업무 예치금,0,국내증권사,B,SF205,각주항목(09.06월 이후)
32039,202103,0011982,주식회사 카카오페이증권,G,미배당별도예치금,0,국내증권사,B,SF205,각주항목(09.06월 이후)
32040,202103,0011982,주식회사 카카오페이증권,H,배서어음매출(종금계정),0,국내증권사,B,SF205,각주항목(09.06월 이후)
32041,202103,0011982,주식회사 카카오페이증권,H1,대출채권매매이익_담보부,0,국내증권사,B,SF205,각주항목(09.06월 이후)
32042,202103,0011982,주식회사 카카오페이증권,H2,대출채권매매이익_무담보부,0,국내증권사,B,SF205,각주항목(09.06월 이후)
32043,202106,0011982,주식회사 카카오페이증권,A,채무보증,0,국내증권사,B,SF205,각주항목(09.06월 이후)
32044,202106,0011982,주식회사 카카오페이증권,A1,채무보증_지급보증,0,국내증권사,B,SF205,각주항목(09.06월 이후)
32045,202106,0011982,주식회사 카카오페이증권,A2,채무보증_매입보장약정,0,국내증권사,B,SF205,각주항목(09.06월 이후)
32046,202106,0011982,주식회사 카카오페이증권,A3,채무보증_채무인수약정,0,국내증권사,B,SF205,각주항목(09.06월 이후)
32047,202106,0011982,주식회사 카카오페이증권,A5,채무보증_매입확약,0,국내증권사,B,SF205,각주항목(09.06월 이후)
32048,202106,0011982,주식회사 카카오페이증권,A6,채무보증_기타,0,국내증권사,B,SF205,각주항목(09.06월 이후)
32049,202106,0011982,주식회사 카카오페이증권,B,투자자의 예수증권 등,2150160622690,국내증권사,B,SF205,각주항목(09.06월 이후)
32050,202106,0011982,주식회사 카카오페이증권,B1,투자자의 예수증권 등_예수 증권,2150160622690,국내증권사,B,SF205,각주항목(09.06월 이후)
32051,202106,0011982,주식회사 카카오페이증권,B2,투자자의 예수증권 등_예수양도성예금증서,0,국내증권사,B,SF205,각주항목(09.06월 이후)
32052,202106,0011982,주식회사 카카오페이증권,B3,투자자의 예수증권 등_기타,0,국내증권사,B,SF205,각주항목(09.06월 이후)
32053,202106,0011982,주식회사 카카오페이증권,C,파생상품계약,0,국내증권사,B,SF205,각주항목(09.06월 이후)
32054,202106,0011982,주식회사 카카오페이증권,C1,파생상품계약_장내파생상품,0,국내증권사,B,SF205,각주항목(09.06월 이후)
32055,202106,0011982,주식회사 카카오페이증권,C11,파생상품계약_장내파생상품_이자율관련거래,0,국내증권사,B,SF205,각주항목(09.06월 이후)
32056,202106,0011982,주식회사 카카오페이증권,C12,파생상품계약_장내파생상품_통화관련거래,0,국내증권사,B,SF205,각주항목(09.06월 이후)
32057,202106,0011982,주식회사 카카오페이증권,C13,파생상품계약_장내파생상품_주식관련거래,0,국내증권사,B,SF205,각주항목(09.06월 이후)
32058,202106,0011982,주식회사 카카오페이증권,C14,파생상품계약_장내파생상품_일반상품관련거래,0,국내증권사,B,SF205,각주항목(09.06월 이후)
32059,202106,0011982,주식회사 카카오페이증권,C15,파생상품계약_장내파생상품_기타,0,국내증권사,B,SF205,각주항목(09.06월 이후)
32060,202106,0011982,주식회사 카카오페이증권,C2,파생상품계약_장외파생상품,0,국내증권사,B,SF205,각주항목(09.06월 이후)
32061,202106,0011982,주식회사 카카오페이증권,C21,파생상품계약_장외파생상품_이자율관련거래,0,국내증권사,B,SF205,각주항목(09.06월 이후)
32062,202106,0011982,주식회사 카카오페이증권,C22,파생상품계약_장외파생상품_통화관련거래,0,국내증권사,B,SF205,각주항목(09.06월 이후)
32063,202106,0011982,주식회사 카카오페이증권,C23,파생상품계약_장외파생상품_주식관련거래,0,국내증권사,B,SF205,각주항목(09.06월 이후)
32064,202106,0011982,주식회사 카카오페이증권,C24,파생상품계약_장외파생상품_신용관련거래,0,국내증권사,B,SF205,각주항목(09.06월 이후)
32065,202106,0011982,주식회사 카카오페이증권,C25,파생상품계약_장외파생상품_기타,0,국내증권사,B,SF205,각주항목(09.06월 이후)
32066,202106,0011982,주식회사 카카오페이증권,D,대차 및 대주거래,0,국내증권사,B,SF205,각주항목(09.06월 이후)
32067,202106,0011982,주식회사 카카오페이증권,D1,대차 및 대주거래_대여증권,0,국내증권사,B,SF205,각주항목(09.06월 이후)
32068,202106,0011982,주식회사 카카오페이증권,D2,대차 및 대주거래_차입증권,0,국내증권사,B,SF205,각주항목(09.06월 이후)
32069,202106,0011982,주식회사 카카오페이증권,D3,대차 및 대주거래_신용거래대주,0,국내증권사,B,SF205,각주항목(09.06월 이후)
32070,202106,0011982,주식회사 카카오페이증권,E,대손상각채권,437240547,국내증권사,B,SF205,각주항목(09.06월 이후)
32071,202106,0011982,주식회사 카카오페이증권,F,환전업무 예치금,0,국내증권사,B,SF205,각주항목(09.06월 이후)
32072,202106,0011982,주식회사 카카오페이증권,G,미배당별도예치금,0,국내증권사,B,SF205,각주항목(09.06월 이후)
32073,202106,0011982,주식회사 카카오페이증권,H,배서어음매출(종금계정),0,국내증권사,B,SF205,각주항목(09.06월 이후)
32074,202106,0011982,주식회사 카카오페이증권,H1,대출채권매매이익_담보부,0,국내증권사,B,SF205,각주항목(09.06월 이후)
32075,202106,0011982,주식회사 카카오페이증권,H2,대출채권매매이익_무담보부,0,국내증권사,B,SF205,각주항목(09.06월 이후)
32076,202109,0011982,주식회사 카카오페이증권,A,채무보증,0,국내증권사,B,SF205,각주항목(09.06월 이후)
32077,202109,0011982,주식회사 카카오페이증권,A1,채무보증_지급보증,0,국내증권사,B,SF205,각주항목(09.06월 이후)
32078,202109,0011982,주식회사 카카오페이증권,A2,채무보증_매입보장약정,0,국내증권사,B,SF205,각주항목(09.06월 이후)
32079,202109,0011982,주식회사 카카오페이증권,A3,채무보증_채무인수약정,0,국내증권사,B,SF205,각주항목(09.06월 이후)
32080,202109,0011982,주식회사 카카오페이증권,A5,채무보증_매입확약,0,국내증권사,B,SF205,각주항목(09.06월 이후)
32081,202109,0011982,주식회사 카카오페이증권,A6,채무보증_기타,0,국내증권사,B,SF205,각주항목(09.06월 이후)
32082,202109,0011982,주식회사 카카오페이증권,B,투자자의 예수증권 등,2742555389578,국내증권사,B,SF205,각주항목(09.06월 이후)
32083,202109,0011982,주식회사 카카오페이증권,B1,투자자의 예수증권 등_예수 증권,2742555389578,국내증권사,B,SF205,각주항목(09.06월 이후)
32084,202109,0011982,주식회사 카카오페이증권,B2,투자자의 예수증권 등_예수양도성예금증서,0,국내증권사,B,SF205,각주항목(09.06월 이후)
32085,202109,0011982,주식회사 카카오페이증권,B3,투자자의 예수증권 등_기타,0,국내증권사,B,SF205,각주항목(09.06월 이후)
32086,202109,0011982,주식회사 카카오페이증권,C,파생상품계약,0,국내증권사,B,SF205,각주항목(09.06월 이후)
32087,202109,0011982,주식회사 카카오페이증권,C1,파생상품계약_장내파생상품,0,국내증권사,B,SF205,각주항목(09.06월 이후)
32088,202109,0011982,주식회사 카카오페이증권,C11,파생상품계약_장내파생상품_이자율관련거래,0,국내증권사,B,SF205,각주항목(09.06월 이후)
32089,202109,0011982,주식회사 카카오페이증권,C12,파생상품계약_장내파생상품_통화관련거래,0,국내증권사,B,SF205,각주항목(09.06월 이후)
32090,202109,0011982,주식회사 카카오페이증권,C13,파생상품계약_장내파생상품_주식관련거래,0,국내증권사,B,SF205,각주항목(09.06월 이후)
32091,202109,0011982,주식회사 카카오페이증권,C14,파생상품계약_장내파생상품_일반상품관련거래,0,국내증권사,B,SF205,각주항목(09.06월 이후)
32092,202109,0011982,주식회사 카카오페이증권,C15,파생상품계약_장내파생상품_기타,0,국내증권사,B,SF205,각주항목(09.06월 이후)
32093,202109,0011982,주식회사 카카오페이증권,C2,파생상품계약_장외파생상품,0,국내증권사,B,SF205,각주항목(09.06월 이후)
32094,202109,0011982,주식회사 카카오페이증권,C21,파생상품계약_장외파생상품_이자율관련거래,0,국내증권사,B,SF205,각주항목(09.06월 이후)
32095,202109,0011982,주식회사 카카오페이증권,C22,파생상품계약_장외파생상품_통화관련거래,0,국내증권사,B,SF205,각주항목(09.06월 이후)
32096,202109,0011982,주식회사 카카오페이증권,C23,파생상품계약_장외파생상품_주식관련거래,0,국내증권사,B,SF205,각주항목(09.06월 이후)
32097,202109,0011982,주식회사 카카오페이증권,C24,파생상품계약_장외파생상품_신용관련거래,0,국내증권사,B,SF205,각주항목(09.06월 이후)
32098,202109,0011982,주식회사 카카오페이증권,C25,파생상품계약_장외파생상품_기타,0,국내증권사,B,SF205,각주항목(09.06월 이후)
32099,202109,0011982,주식회사 카카오페이증권,D,대차 및 대주거래,0,국내증권사,B,SF205,각주항목(09.06월 이후)
32100,202109,0011982,주식회사 카카오페이증권,D1,대차 및 대주거래_대여증권,0,국내증권사,B,SF205,각주항목(09.06월 이후)
32101,202109,0011982,주식회사 카카오페이증권,D2,대차 및 대주거래_차입증권,0,국내증권사,B,SF205,각주항목(09.06월 이후)
32102,202109,0011982,주식회사 카카오페이증권,D3,대차 및 대주거래_신용거래대주,0,국내증권사,B,SF205,각주항목(09.06월 이후)
32103,202109,0011982,주식회사 카카오페이증권,E,대손상각채권,437240547,국내증권사,B,SF205,각주항목(09.06월 이후)
32104,202109,0011982,주식회사 카카오페이증권,F,환전업무 예치금,0,국내증권사,B,SF205,각주항목(09.06월 이후)
32105,202109,0011982,주식회사 카카오페이증권,G,미배당별도예치금,0,국내증권사,B,SF205,각주항목(09.06월 이후)
32106,202109,0011982,주식회사 카카오페이증권,H,배서어음매출(종금계정),0,국내증권사,B,SF205,각주항목(09.06월 이후)
32107,202109,0011982,주식회사 카카오페이증권,H1,대출채권매매이익_담보부,0,국내증권사,B,SF205,각주항목(09.06월 이후)
32108,202109,0011982,주식회사 카카오페이증권,H2,대출채권매매이익_무담보부,0,국내증권사,B,SF205,각주항목(09.06월 이후)
32109,202112,0011982,주식회사 카카오페이증권,A,채무보증,0,국내증권사,B,SF205,각주항목(09.06월 이후)
32110,202112,0011982,주식회사 카카오페이증권,A1,채무보증_지급보증,0,국내증권사,B,SF205,각주항목(09.06월 이후)
32111,202112,0011982,주식회사 카카오페이증권,A2,채무보증_매입보장약정,0,국내증권사,B,SF205,각주항목(09.06월 이후)
32112,202112,0011982,주식회사 카카오페이증권,A3,채무보증_채무인수약정,0,국내증권사,B,SF205,각주항목(09.06월 이후)
32113,202112,0011982,주식회사 카카오페이증권,A5,채무보증_매입확약,0,국내증권사,B,SF205,각주항목(09.06월 이후)
32114,202112,0011982,주식회사 카카오페이증권,A6,채무보증_기타,0,국내증권사,B,SF205,각주항목(09.06월 이후)
32115,202112,0011982,주식회사 카카오페이증권,B,투자자의 예수증권 등,4046716500756,국내증권사,B,SF205,각주항목(09.06월 이후)
32116,202112,0011982,주식회사 카카오페이증권,B1,투자자의 예수증권 등_예수 증권,4046716500756,국내증권사,B,SF205,각주항목(09.06월 이후)
32117,202112,0011982,주식회사 카카오페이증권,B2,투자자의 예수증권 등_예수양도성예금증서,0,국내증권사,B,SF205,각주항목(09.06월 이후)
32118,202112,0011982,주식회사 카카오페이증권,B3,투자자의 예수증권 등_기타,0,국내증권사,B,SF205,각주항목(09.06월 이후)
32119,202112,0011982,주식회사 카카오페이증권,C,파생상품계약,0,국내증권사,B,SF205,각주항목(09.06월 이후)
32120,202112,0011982,주식회사 카카오페이증권,C1,파생상품계약_장내파생상품,0,국내증권사,B,SF205,각주항목(09.06월 이후)
32121,202112,0011982,주식회사 카카오페이증권,C11,파생상품계약_장내파생상품_이자율관련거래,0,국내증권사,B,SF205,각주항목(09.06월 이후)
32122,202112,0011982,주식회사 카카오페이증권,C12,파생상품계약_장내파생상품_통화관련거래,0,국내증권사,B,SF205,각주항목(09.06월 이후)
32123,202112,0011982,주식회사 카카오페이증권,C13,파생상품계약_장내파생상품_주식관련거래,0,국내증권사,B,SF205,각주항목(09.06월 이후)
32124,202112,0011982,주식회사 카카오페이증권,C14,파생상품계약_장내파생상품_일반상품관련거래,0,국내증권사,B,SF205,각주항목(09.06월 이후)
32125,202112,0011982,주식회사 카카오페이증권,C15,파생상품계약_장내파생상품_기타,0,국내증권사,B,SF205,각주항목(09.06월 이후)
32126,202112,0011982,주식회사 카카오페이증권,C2,파생상품계약_장외파생상품,0,국내증권사,B,SF205,각주항목(09.06월 이후)
32127,202112,0011982,주식회사 카카오페이증권,C21,파생상품계약_장외파생상품_이자율관련거래,0,국내증권사,B,SF205,각주항목(09.06월 이후)
32128,202112,0011982,주식회사 카카오페이증권,C22,파생상품계약_장외파생상품_통화관련거래,0,국내증권사,B,SF205,각주항목(09.06월 이후)
32129,202112,0011982,주식회사 카카오페이증권,C23,파생상품계약_장외파생상품_주식관련거래,0,국내증권사,B,SF205,각주항목(09.06월 이후)
32130,202112,0011982,주식회사 카카오페이증권,C24,파생상품계약_장외파생상품_신용관련거래,0,국내증권사,B,SF205,각주항목(09.06월 이후)
32131,202112,0011982,주식회사 카카오페이증권,C25,파생상품계약_장외파생상품_기타,0,국내증권사,B,SF205,각주항목(09.06월 이후)
32132,202112,0011982,주식회사 카카오페이증권,D,대차 및 대주거래,0,국내증권사,B,SF205,각주항목(09.06월 이후)
32133,202112,0011982,주식회사 카카오페이증권,D1,대차 및 대주거래_대여증권,0,국내증권사,B,SF205,각주항목(09.06월 이후)
32134,202112,0011982,주식회사 카카오페이증권,D2,대차 및 대주거래_차입증권,0,국내증권사,B,SF205,각주항목(09.06월 이후)
32135,202112,0011982,주식회사 카카오페이증권,D3,대차 및 대주거래_신용거래대주,0,국내증권사,B,SF205,각주항목(09.06월 이후)
32136,202112,0011982,주식회사 카카오페이증권,E,대손상각채권,437240547,국내증권사,B,SF205,각주항목(09.06월 이후)
32137,202112,0011982,주식회사 카카오페이증권,F,환전업무 예치금,468121576,국내증권사,B,SF205,각주항목(09.06월 이후)
32138,202112,0011982,주식회사 카카오페이증권,G,미배당별도예치금,0,국내증권사,B,SF205,각주항목(09.06월 이후)
32139,202112,0011982,주식회사 카카오페이증권,H,배서어음매출(종금계정),0,국내증권사,B,SF205,각주항목(09.06월 이후)
32140,202112,0011982,주식회사 카카오페이증권,H1,대출채권매매이익_담보부,0,국내증권사,B,SF205,각주항목(09.06월 이후)
32141,202112,0011982,주식회사 카카오페이증권,H2,대출채권매매이익_무담보부,0,국내증권사,B,SF205,각주항목(09.06월 이후)
32142,202203,0011982,주식회사 카카오페이증권,A,채무보증,0,국내증권사,B,SF205,각주항목(09.06월 이후)
32143,202203,0011982,주식회사 카카오페이증권,A1,채무보증_지급보증,0,국내증권사,B,SF205,각주항목(09.06월 이후)
32144,202203,0011982,주식회사 카카오페이증권,A2,채무보증_매입보장약정,0,국내증권사,B,SF205,각주항목(09.06월 이후)
32145,202203,0011982,주식회사 카카오페이증권,A3,채무보증_채무인수약정,0,국내증권사,B,SF205,각주항목(09.06월 이후)
32146,202203,0011982,주식회사 카카오페이증권,A5,채무보증_매입확약,0,국내증권사,B,SF205,각주항목(09.06월 이후)
32147,202203,0011982,주식회사 카카오페이증권,A6,채무보증_기타,0,국내증권사,B,SF205,각주항목(09.06월 이후)
32148,202203,0011982,주식회사 카카오페이증권,B,투자자의 예수증권 등,741188729760,국내증권사,B,SF205,각주항목(09.06월 이후)
32149,202203,0011982,주식회사 카카오페이증권,B1,투자자의 예수증권 등_예수 증권,741188729760,국내증권사,B,SF205,각주항목(09.06월 이후)
32150,202203,0011982,주식회사 카카오페이증권,B2,투자자의 예수증권 등_예수양도성예금증서,0,국내증권사,B,SF205,각주항목(09.06월 이후)
32151,202203,0011982,주식회사 카카오페이증권,B3,투자자의 예수증권 등_기타,0,국내증권사,B,SF205,각주항목(09.06월 이후)
32152,202203,0011982,주식회사 카카오페이증권,C,파생상품계약,0,국내증권사,B,SF205,각주항목(09.06월 이후)
32153,202203,0011982,주식회사 카카오페이증권,C1,파생상품계약_장내파생상품,0,국내증권사,B,SF205,각주항목(09.06월 이후)
32154,202203,0011982,주식회사 카카오페이증권,C11,파생상품계약_장내파생상품_이자율관련거래,0,국내증권사,B,SF205,각주항목(09.06월 이후)
32155,202203,0011982,주식회사 카카오페이증권,C12,파생상품계약_장내파생상품_통화관련거래,0,국내증권사,B,SF205,각주항목(09.06월 이후)
32156,202203,0011982,주식회사 카카오페이증권,C13,파생상품계약_장내파생상품_주식관련거래,0,국내증권사,B,SF205,각주항목(09.06월 이후)
32157,202203,0011982,주식회사 카카오페이증권,C14,파생상품계약_장내파생상품_일반상품관련거래,0,국내증권사,B,SF205,각주항목(09.06월 이후)
32158,202203,0011982,주식회사 카카오페이증권,C15,파생상품계약_장내파생상품_기타,0,국내증권사,B,SF205,각주항목(09.06월 이후)
32159,202203,0011982,주식회사 카카오페이증권,C2,파생상품계약_장외파생상품,0,국내증권사,B,SF205,각주항목(09.06월 이후)
32160,202203,0011982,주식회사 카카오페이증권,C21,파생상품계약_장외파생상품_이자율관련거래,0,국내증권사,B,SF205,각주항목(09.06월 이후)
32161,202203,0011982,주식회사 카카오페이증권,C22,파생상품계약_장외파생상품_통화관련거래,0,국내증권사,B,SF205,각주항목(09.06월 이후)
32162,202203,0011982,주식회사 카카오페이증권,C23,파생상품계약_장외파생상품_주식관련거래,0,국내증권사,B,SF205,각주항목(09.06월 이후)
32163,202203,0011982,주식회사 카카오페이증권,C24,파생상품계약_장외파생상품_신용관련거래,0,국내증권사,B,SF205,각주항목(09.06월 이후)
32164,202203,0011982,주식회사 카카오페이증권,C25,파생상품계약_장외파생상품_기타,0,국내증권사,B,SF205,각주항목(09.06월 이후)
32165,202203,0011982,주식회사 카카오페이증권,D,대차 및 대주거래,0,국내증권사,B,SF205,각주항목(09.06월 이후)
32166,202203,0011982,주식회사 카카오페이증권,D1,대차 및 대주거래_대여증권,0,국내증권사,B,SF205,각주항목(09.06월 이후)
32167,202203,0011982,주식회사 카카오페이증권,D2,대차 및 대주거래_차입증권,0,국내증권사,B,SF205,각주항목(09.06월 이후)
32168,202203,0011982,주식회사 카카오페이증권,D3,대차 및 대주거래_신용거래대주,0,국내증권사,B,SF205,각주항목(09.06월 이후)
32169,202203,0011982,주식회사 카카오페이증권,E,대손상각채권,437240547,국내증권사,B,SF205,각주항목(09.06월 이후)
32170,202203,0011982,주식회사 카카오페이증권,F,환전업무 예치금,2011270957,국내증권사,B,SF205,각주항목(09.06월 이후)
32171,202203,0011982,주식회사 카카오페이증권,G,미배당별도예치금,0,국내증권사,B,SF205,각주항목(09.06월 이후)
32172,202203,0011982,주식회사 카카오페이증권,H,배서어음매출(종금계정),0,국내증권사,B,SF205,각주항목(09.06월 이후)
32173,202203,0011982,주식회사 카카오페이증권,H1,대출채권매매이익_담보부,0,국내증권사,B,SF205,각주항목(09.06월 이후)
32174,202203,0011982,주식회사 카카오페이증권,H2,대출채권매매이익_무담보부,0,국내증권사,B,SF205,각주항목(09.06월 이후)
32175,202206,0011982,주식회사 카카오페이증권,A,채무보증,0,국내증권사,B,SF205,각주항목(09.06월 이후)
32176,202206,0011982,주식회사 카카오페이증권,A1,채무보증_지급보증,0,국내증권사,B,SF205,각주항목(09.06월 이후)
32177,202206,0011982,주식회사 카카오페이증권,A2,채무보증_매입보장약정,0,국내증권사,B,SF205,각주항목(09.06월 이후)
32178,202206,0011982,주식회사 카카오페이증권,A3,채무보증_채무인수약정,0,국내증권사,B,SF205,각주항목(09.06월 이후)
32179,202206,0011982,주식회사 카카오페이증권,A5,채무보증_매입확약,0,국내증권사,B,SF205,각주항목(09.06월 이후)
32180,202206,0011982,주식회사 카카오페이증권,A6,채무보증_기타,0,국내증권사,B,SF205,각주항목(09.06월 이후)
32181,202206,0011982,주식회사 카카오페이증권,B,투자자의 예수증권 등,828503576493,국내증권사,B,SF205,각주항목(09.06월 이후)
32182,202206,0011982,주식회사 카카오페이증권,B1,투자자의 예수증권 등_예수 증권,828503576493,국내증권사,B,SF205,각주항목(09.06월 이후)
32183,202206,0011982,주식회사 카카오페이증권,B2,투자자의 예수증권 등_예수양도성예금증서,0,국내증권사,B,SF205,각주항목(09.06월 이후)
32184,202206,0011982,주식회사 카카오페이증권,B3,투자자의 예수증권 등_기타,0,국내증권사,B,SF205,각주항목(09.06월 이후)
32185,202206,0011982,주식회사 카카오페이증권,C,파생상품계약,0,국내증권사,B,SF205,각주항목(09.06월 이후)
32186,202206,0011982,주식회사 카카오페이증권,C1,파생상품계약_장내파생상품,0,국내증권사,B,SF205,각주항목(09.06월 이후)
32187,202206,0011982,주식회사 카카오페이증권,C11,파생상품계약_장내파생상품_이자율관련거래,0,국내증권사,B,SF205,각주항목(09.06월 이후)
32188,202206,0011982,주식회사 카카오페이증권,C12,파생상품계약_장내파생상품_통화관련거래,0,국내증권사,B,SF205,각주항목(09.06월 이후)
32189,202206,0011982,주식회사 카카오페이증권,C13,파생상품계약_장내파생상품_주식관련거래,0,국내증권사,B,SF205,각주항목(09.06월 이후)
32190,202206,0011982,주식회사 카카오페이증권,C14,파생상품계약_장내파생상품_일반상품관련거래,0,국내증권사,B,SF205,각주항목(09.06월 이후)
32191,202206,0011982,주식회사 카카오페이증권,C15,파생상품계약_장내파생상품_기타,0,국내증권사,B,SF205,각주항목(09.06월 이후)
32192,202206,0011982,주식회사 카카오페이증권,C2,파생상품계약_장외파생상품,0,국내증권사,B,SF205,각주항목(09.06월 이후)
32193,202206,0011982,주식회사 카카오페이증권,C21,파생상품계약_장외파생상품_이자율관련거래,0,국내증권사,B,SF205,각주항목(09.06월 이후)
32194,202206,0011982,주식회사 카카오페이증권,C22,파생상품계약_장외파생상품_통화관련거래,0,국내증권사,B,SF205,각주항목(09.06월 이후)
32195,202206,0011982,주식회사 카카오페이증권,C23,파생상품계약_장외파생상품_주식관련거래,0,국내증권사,B,SF205,각주항목(09.06월 이후)
32196,202206,0011982,주식회사 카카오페이증권,C24,파생상품계약_장외파생상품_신용관련거래,0,국내증권사,B,SF205,각주항목(09.06월 이후)
32197,202206,0011982,주식회사 카카오페이증권,C25,파생상품계약_장외파생상품_기타,0,국내증권사,B,SF205,각주항목(09.06월 이후)
32198,202206,0011982,주식회사 카카오페이증권,D,대차 및 대주거래,0,국내증권사,B,SF205,각주항목(09.06월 이후)
32199,202206,0011982,주식회사 카카오페이증권,D1,대차 및 대주거래_대여증권,0,국내증권사,B,SF205,각주항목(09.06월 이후)
32200,202206,0011982,주식회사 카카오페이증권,D2,대차 및 대주거래_차입증권,0,국내증권사,B,SF205,각주항목(09.06월 이후)
32201,202206,0011982,주식회사 카카오페이증권,D3,대차 및 대주거래_신용거래대주,0,국내증권사,B,SF205,각주항목(09.06월 이후)
32202,202206,0011982,주식회사 카카오페이증권,E,대손상각채권,437240547,국내증권사,B,SF205,각주항목(09.06월 이후)
32203,202206,0011982,주식회사 카카오페이증권,F,환전업무 예치금,2119646693,국내증권사,B,SF205,각주항목(09.06월 이후)
32204,202206,0011982,주식회사 카카오페이증권,G,미배당별도예치금,0,국내증권사,B,SF205,각주항목(09.06월 이후)
32205,202206,0011982,주식회사 카카오페이증권,H,배서어음매출(종금계정),0,국내증권사,B,SF205,각주항목(09.06월 이후)
32206,202206,0011982,주식회사 카카오페이증권,H1,대출채권매매이익_담보부,0,국내증권사,B,SF205,각주항목(09.06월 이후)
32207,202206,0011982,주식회사 카카오페이증권,H2,대출채권매매이익_무담보부,0,국내증권사,B,SF205,각주항목(09.06월 이후)
32208,202209,0011982,주식회사 카카오페이증권,A,채무보증,0,국내증권사,B,SF205,각주항목(09.06월 이후)
32209,202209,0011982,주식회사 카카오페이증권,A1,채무보증_지급보증,0,국내증권사,B,SF205,각주항목(09.06월 이후)
32210,202209,0011982,주식회사 카카오페이증권,A2,채무보증_매입보장약정,0,국내증권사,B,SF205,각주항목(09.06월 이후)
32211,202209,0011982,주식회사 카카오페이증권,A3,채무보증_채무인수약정,0,국내증권사,B,SF205,각주항목(09.06월 이후)
32212,202209,0011982,주식회사 카카오페이증권,A5,채무보증_매입확약,0,국내증권사,B,SF205,각주항목(09.06월 이후)
32213,202209,0011982,주식회사 카카오페이증권,A6,채무보증_기타,0,국내증권사,B,SF205,각주항목(09.06월 이후)
32214,202209,0011982,주식회사 카카오페이증권,B,투자자의 예수증권 등,1290918317235,국내증권사,B,SF205,각주항목(09.06월 이후)
32215,202209,0011982,주식회사 카카오페이증권,B1,투자자의 예수증권 등_예수 증권,1290918317235,국내증권사,B,SF205,각주항목(09.06월 이후)
32216,202209,0011982,주식회사 카카오페이증권,B2,투자자의 예수증권 등_예수양도성예금증서,0,국내증권사,B,SF205,각주항목(09.06월 이후)
32217,202209,0011982,주식회사 카카오페이증권,B3,투자자의 예수증권 등_기타,0,국내증권사,B,SF205,각주항목(09.06월 이후)
32218,202209,0011982,주식회사 카카오페이증권,C,파생상품계약,0,국내증권사,B,SF205,각주항목(09.06월 이후)
32219,202209,0011982,주식회사 카카오페이증권,C1,파생상품계약_장내파생상품,0,국내증권사,B,SF205,각주항목(09.06월 이후)
32220,202209,0011982,주식회사 카카오페이증권,C11,파생상품계약_장내파생상품_이자율관련거래,0,국내증권사,B,SF205,각주항목(09.06월 이후)
32221,202209,0011982,주식회사 카카오페이증권,C12,파생상품계약_장내파생상품_통화관련거래,0,국내증권사,B,SF205,각주항목(09.06월 이후)
32222,202209,0011982,주식회사 카카오페이증권,C13,파생상품계약_장내파생상품_주식관련거래,0,국내증권사,B,SF205,각주항목(09.06월 이후)
32223,202209,0011982,주식회사 카카오페이증권,C14,파생상품계약_장내파생상품_일반상품관련거래,0,국내증권사,B,SF205,각주항목(09.06월 이후)
32224,202209,0011982,주식회사 카카오페이증권,C15,파생상품계약_장내파생상품_기타,0,국내증권사,B,SF205,각주항목(09.06월 이후)
32225,202209,0011982,주식회사 카카오페이증권,C2,파생상품계약_장외파생상품,0,국내증권사,B,SF205,각주항목(09.06월 이후)
32226,202209,0011982,주식회사 카카오페이증권,C21,파생상품계약_장외파생상품_이자율관련거래,0,국내증권사,B,SF205,각주항목(09.06월 이후)
32227,202209,0011982,주식회사 카카오페이증권,C22,파생상품계약_장외파생상품_통화관련거래,0,국내증권사,B,SF205,각주항목(09.06월 이후)
32228,202209,0011982,주식회사 카카오페이증권,C23,파생상품계약_장외파생상품_주식관련거래,0,국내증권사,B,SF205,각주항목(09.06월 이후)
32229,202209,0011982,주식회사 카카오페이증권,C24,파생상품계약_장외파생상품_신용관련거래,0,국내증권사,B,SF205,각주항목(09.06월 이후)
32230,202209,0011982,주식회사 카카오페이증권,C25,파생상품계약_장외파생상품_기타,0,국내증권사,B,SF205,각주항목(09.06월 이후)
32231,202209,0011982,주식회사 카카오페이증권,D,대차 및 대주거래,0,국내증권사,B,SF205,각주항목(09.06월 이후)
32232,202209,0011982,주식회사 카카오페이증권,D1,대차 및 대주거래_대여증권,0,국내증권사,B,SF205,각주항목(09.06월 이후)
32233,202209,0011982,주식회사 카카오페이증권,D2,대차 및 대주거래_차입증권,0,국내증권사,B,SF205,각주항목(09.06월 이후)
32234,202209,0011982,주식회사 카카오페이증권,D3,대차 및 대주거래_신용거래대주,0,국내증권사,B,SF205,각주항목(09.06월 이후)
32235,202209,0011982,주식회사 카카오페이증권,E,대손상각채권,0,국내증권사,B,SF205,각주항목(09.06월 이후)
32236,202209,0011982,주식회사 카카오페이증권,F,환전업무 예치금,4386199209,국내증권사,B,SF205,각주항목(09.06월 이후)
32237,202209,0011982,주식회사 카카오페이증권,G,미배당별도예치금,0,국내증권사,B,SF205,각주항목(09.06월 이후)
32238,202209,0011982,주식회사 카카오페이증권,H,배서어음매출(종금계정),0,국내증권사,B,SF205,각주항목(09.06월 이후)
32239,202209,0011982,주식회사 카카오페이증권,H1,대출채권매매이익_담보부,0,국내증권사,B,SF205,각주항목(09.06월 이후)
32240,202209,0011982,주식회사 카카오페이증권,H2,대출채권매매이익_무담보부,0,국내증권사,B,SF205,각주항목(09.06월 이후)
32241,202212,0011982,주식회사 카카오페이증권,A,채무보증,0,국내증권사,B,SF205,각주항목(09.06월 이후)
32242,202212,0011982,주식회사 카카오페이증권,A1,채무보증_지급보증,0,국내증권사,B,SF205,각주항목(09.06월 이후)
32243,202212,0011982,주식회사 카카오페이증권,A2,채무보증_매입보장약정,0,국내증권사,B,SF205,각주항목(09.06월 이후)
32244,202212,0011982,주식회사 카카오페이증권,A3,채무보증_채무인수약정,0,국내증권사,B,SF205,각주항목(09.06월 이후)
32245,202212,0011982,주식회사 카카오페이증권,A5,채무보증_매입확약,0,국내증권사,B,SF205,각주항목(09.06월 이후)
32246,202212,0011982,주식회사 카카오페이증권,A6,채무보증_기타,0,국내증권사,B,SF205,각주항목(09.06월 이후)
32247,202212,0011982,주식회사 카카오페이증권,B,투자자의 예수증권 등,1219475950658,국내증권사,B,SF205,각주항목(09.06월 이후)
32248,202212,0011982,주식회사 카카오페이증권,B1,투자자의 예수증권 등_예수 증권,1219475950658,국내증권사,B,SF205,각주항목(09.06월 이후)
32249,202212,0011982,주식회사 카카오페이증권,B2,투자자의 예수증권 등_예수양도성예금증서,0,국내증권사,B,SF205,각주항목(09.06월 이후)
32250,202212,0011982,주식회사 카카오페이증권,B3,투자자의 예수증권 등_기타,0,국내증권사,B,SF205,각주항목(09.06월 이후)
32251,202212,0011982,주식회사 카카오페이증권,C,파생상품계약,0,국내증권사,B,SF205,각주항목(09.06월 이후)
32252,202212,0011982,주식회사 카카오페이증권,C1,파생상품계약_장내파생상품,0,국내증권사,B,SF205,각주항목(09.06월 이후)
32253,202212,0011982,주식회사 카카오페이증권,C11,파생상품계약_장내파생상품_이자율관련거래,0,국내증권사,B,SF205,각주항목(09.06월 이후)
32254,202212,0011982,주식회사 카카오페이증권,C12,파생상품계약_장내파생상품_통화관련거래,0,국내증권사,B,SF205,각주항목(09.06월 이후)
32255,202212,0011982,주식회사 카카오페이증권,C13,파생상품계약_장내파생상품_주식관련거래,0,국내증권사,B,SF205,각주항목(09.06월 이후)
32256,202212,0011982,주식회사 카카오페이증권,C14,파생상품계약_장내파생상품_일반상품관련거래,0,국내증권사,B,SF205,각주항목(09.06월 이후)
32257,202212,0011982,주식회사 카카오페이증권,C15,파생상품계약_장내파생상품_기타,0,국내증권사,B,SF205,각주항목(09.06월 이후)
32258,202212,0011982,주식회사 카카오페이증권,C2,파생상품계약_장외파생상품,0,국내증권사,B,SF205,각주항목(09.06월 이후)
32259,202212,0011982,주식회사 카카오페이증권,C21,파생상품계약_장외파생상품_이자율관련거래,0,국내증권사,B,SF205,각주항목(09.06월 이후)
32260,202212,0011982,주식회사 카카오페이증권,C22,파생상품계약_장외파생상품_통화관련거래,0,국내증권사,B,SF205,각주항목(09.06월 이후)
32261,202212,0011982,주식회사 카카오페이증권,C23,파생상품계약_장외파생상품_주식관련거래,0,국내증권사,B,SF205,각주항목(09.06월 이후)
32262,202212,0011982,주식회사 카카오페이증권,C24,파생상품계약_장외파생상품_신용관련거래,0,국내증권사,B,SF205,각주항목(09.06월 이후)
32263,202212,0011982,주식회사 카카오페이증권,C25,파생상품계약_장외파생상품_기타,0,국내증권사,B,SF205,각주항목(09.06월 이후)
32264,202212,0011982,주식회사 카카오페이증권,D,대차 및 대주거래,0,국내증권사,B,SF205,각주항목(09.06월 이후)
32265,202212,0011982,주식회사 카카오페이증권,D1,대차 및 대주거래_대여증권,0,국내증권사,B,SF205,각주항목(09.06월 이후)
32266,202212,0011982,주식회사 카카오페이증권,D2,대차 및 대주거래_차입증권,0,국내증권사,B,SF205,각주항목(09.06월 이후)
32267,202212,0011982,주식회사 카카오페이증권,D3,대차 및 대주거래_신용거래대주,0,국내증권사,B,SF205,각주항목(09.06월 이후)
32268,202212,0011982,주식회사 카카오페이증권,E,대손상각채권,0,국내증권사,B,SF205,각주항목(09.06월 이후)
32269,202212,0011982,주식회사 카카오페이증권,F,환전업무 예치금,4357376550,국내증권사,B,SF205,각주항목(09.06월 이후)
32270,202212,0011982,주식회사 카카오페이증권,G,미배당별도예치금,0,국내증권사,B,SF205,각주항목(09.06월 이후)
32271,202212,0011982,주식회사 카카오페이증권,H,배서어음매출(종금계정),0,국내증권사,B,SF205,각주항목(09.06월 이후)
32272,202212,0011982,주식회사 카카오페이증권,H1,대출채권매매이익_담보부,0,국내증권사,B,SF205,각주항목(09.06월 이후)
32273,202212,0011982,주식회사 카카오페이증권,H2,대출채권매매이익_무담보부,0,국내증권사,B,SF205,각주항목(09.06월 이후)
32274,202303,0011982,주식회사 카카오페이증권,A,채무보증,0,국내증권사,B,SF205,각주항목(09.06월 이후)
32275,202303,0011982,주식회사 카카오페이증권,A1,채무보증_지급보증,0,국내증권사,B,SF205,각주항목(09.06월 이후)
32276,202303,0011982,주식회사 카카오페이증권,A2,채무보증_매입보장약정,0,국내증권사,B,SF205,각주항목(09.06월 이후)
32277,202303,0011982,주식회사 카카오페이증권,A3,채무보증_채무인수약정,0,국내증권사,B,SF205,각주항목(09.06월 이후)
32278,202303,0011982,주식회사 카카오페이증권,A5,채무보증_매입확약,0,국내증권사,B,SF205,각주항목(09.06월 이후)
32279,202303,0011982,주식회사 카카오페이증권,A6,채무보증_기타,0,국내증권사,B,SF205,각주항목(09.06월 이후)
32280,202303,0011982,주식회사 카카오페이증권,B,투자자의 예수증권 등,1822923747731,국내증권사,B,SF205,각주항목(09.06월 이후)
32281,202303,0011982,주식회사 카카오페이증권,B1,투자자의 예수증권 등_예수 증권,1822923747731,국내증권사,B,SF205,각주항목(09.06월 이후)
32282,202303,0011982,주식회사 카카오페이증권,B2,투자자의 예수증권 등_예수양도성예금증서,0,국내증권사,B,SF205,각주항목(09.06월 이후)
32283,202303,0011982,주식회사 카카오페이증권,B3,투자자의 예수증권 등_기타,0,국내증권사,B,SF205,각주항목(09.06월 이후)
32284,202303,0011982,주식회사 카카오페이증권,C,파생상품계약,0,국내증권사,B,SF205,각주항목(09.06월 이후)
32285,202303,0011982,주식회사 카카오페이증권,C1,파생상품계약_장내파생상품,0,국내증권사,B,SF205,각주항목(09.06월 이후)
32286,202303,0011982,주식회사 카카오페이증권,C11,파생상품계약_장내파생상품_이자율관련거래,0,국내증권사,B,SF205,각주항목(09.06월 이후)
32287,202303,0011982,주식회사 카카오페이증권,C12,파생상품계약_장내파생상품_통화관련거래,0,국내증권사,B,SF205,각주항목(09.06월 이후)
32288,202303,0011982,주식회사 카카오페이증권,C13,파생상품계약_장내파생상품_주식관련거래,0,국내증권사,B,SF205,각주항목(09.06월 이후)
32289,202303,0011982,주식회사 카카오페이증권,C14,파생상품계약_장내파생상품_일반상품관련거래,0,국내증권사,B,SF205,각주항목(09.06월 이후)
32290,202303,0011982,주식회사 카카오페이증권,C15,파생상품계약_장내파생상품_기타,0,국내증권사,B,SF205,각주항목(09.06월 이후)
32291,202303,0011982,주식회사 카카오페이증권,C2,파생상품계약_장외파생상품,0,국내증권사,B,SF205,각주항목(09.06월 이후)
32292,202303,0011982,주식회사 카카오페이증권,C21,파생상품계약_장외파생상품_이자율관련거래,0,국내증권사,B,SF205,각주항목(09.06월 이후)
32293,202303,0011982,주식회사 카카오페이증권,C22,파생상품계약_장외파생상품_통화관련거래,0,국내증권사,B,SF205,각주항목(09.06월 이후)
32294,202303,0011982,주식회사 카카오페이증권,C23,파생상품계약_장외파생상품_주식관련거래,0,국내증권사,B,SF205,각주항목(09.06월 이후)
32295,202303,0011982,주식회사 카카오페이증권,C24,파생상품계약_장외파생상품_신용관련거래,0,국내증권사,B,SF205,각주항목(09.06월 이후)
32296,202303,0011982,주식회사 카카오페이증권,C25,파생상품계약_장외파생상품_기타,0,국내증권사,B,SF205,각주항목(09.06월 이후)
32297,202303,0011982,주식회사 카카오페이증권,D,대차 및 대주거래,0,국내증권사,B,SF205,각주항목(09.06월 이후)
32298,202303,0011982,주식회사 카카오페이증권,D1,대차 및 대주거래_대여증권,0,국내증권사,B,SF205,각주항목(09.06월 이후)
32299,202303,0011982,주식회사 카카오페이증권,D2,대차 및 대주거래_차입증권,0,국내증권사,B,SF205,각주항목(09.06월 이후)
32300,202303,0011982,주식회사 카카오페이증권,D3,대차 및 대주거래_신용거래대주,0,국내증권사,B,SF205,각주항목(09.06월 이후)
32301,202303,0011982,주식회사 카카오페이증권,E,대손상각채권,0,국내증권사,B,SF205,각주항목(09.06월 이후)
32302,202303,0011982,주식회사 카카오페이증권,F,환전업무 예치금,3907916903,국내증권사,B,SF205,각주항목(09.06월 이후)
32303,202303,0011982,주식회사 카카오페이증권,G,미배당별도예치금,0,국내증권사,B,SF205,각주항목(09.06월 이후)
32304,202303,0011982,주식회사 카카오페이증권,H,배서어음매출(종금계정),0,국내증권사,B,SF205,각주항목(09.06월 이후)
32305,202303,0011982,주식회사 카카오페이증권,H1,대출채권매매이익_담보부,0,국내증권사,B,SF205,각주항목(09.06월 이후)
32306,202303,0011982,주식회사 카카오페이증권,H2,대출채권매매이익_무담보부,0,국내증권사,B,SF205,각주항목(09.06월 이후)
32307,202306,0011982,주식회사 카카오페이증권,A,채무보증,0,국내증권사,B,SF205,각주항목(09.06월 이후)
32308,202306,0011982,주식회사 카카오페이증권,A1,채무보증_지급보증,0,국내증권사,B,SF205,각주항목(09.06월 이후)
32309,202306,0011982,주식회사 카카오페이증권,A2,채무보증_매입보장약정,0,국내증권사,B,SF205,각주항목(09.06월 이후)
32310,202306,0011982,주식회사 카카오페이증권,A3,채무보증_채무인수약정,0,국내증권사,B,SF205,각주항목(09.06월 이후)
32311,202306,0011982,주식회사 카카오페이증권,A5,채무보증_매입확약,0,국내증권사,B,SF205,각주항목(09.06월 이후)
32312,202306,0011982,주식회사 카카오페이증권,A6,채무보증_기타,0,국내증권사,B,SF205,각주항목(09.06월 이후)
32313,202306,0011982,주식회사 카카오페이증권,B,투자자의 예수증권 등,1631023738230,국내증권사,B,SF205,각주항목(09.06월 이후)
32314,202306,0011982,주식회사 카카오페이증권,B1,투자자의 예수증권 등_예수 증권,1631023738230,국내증권사,B,SF205,각주항목(09.06월 이후)
32315,202306,0011982,주식회사 카카오페이증권,B2,투자자의 예수증권 등_예수양도성예금증서,0,국내증권사,B,SF205,각주항목(09.06월 이후)
32316,202306,0011982,주식회사 카카오페이증권,B3,투자자의 예수증권 등_기타,0,국내증권사,B,SF205,각주항목(09.06월 이후)
32317,202306,0011982,주식회사 카카오페이증권,C,파생상품계약,0,국내증권사,B,SF205,각주항목(09.06월 이후)
32318,202306,0011982,주식회사 카카오페이증권,C1,파생상품계약_장내파생상품,0,국내증권사,B,SF205,각주항목(09.06월 이후)
32319,202306,0011982,주식회사 카카오페이증권,C11,파생상품계약_장내파생상품_이자율관련거래,0,국내증권사,B,SF205,각주항목(09.06월 이후)
32320,202306,0011982,주식회사 카카오페이증권,C12,파생상품계약_장내파생상품_통화관련거래,0,국내증권사,B,SF205,각주항목(09.06월 이후)
32321,202306,0011982,주식회사 카카오페이증권,C13,파생상품계약_장내파생상품_주식관련거래,0,국내증권사,B,SF205,각주항목(09.06월 이후)
32322,202306,0011982,주식회사 카카오페이증권,C14,파생상품계약_장내파생상품_일반상품관련거래,0,국내증권사,B,SF205,각주항목(09.06월 이후)
32323,202306,0011982,주식회사 카카오페이증권,C15,파생상품계약_장내파생상품_기타,0,국내증권사,B,SF205,각주항목(09.06월 이후)
32324,202306,0011982,주식회사 카카오페이증권,C2,파생상품계약_장외파생상품,0,국내증권사,B,SF205,각주항목(09.06월 이후)
32325,202306,0011982,주식회사 카카오페이증권,C21,파생상품계약_장외파생상품_이자율관련거래,0,국내증권사,B,SF205,각주항목(09.06월 이후)
32326,202306,0011982,주식회사 카카오페이증권,C22,파생상품계약_장외파생상품_통화관련거래,0,국내증권사,B,SF205,각주항목(09.06월 이후)
32327,202306,0011982,주식회사 카카오페이증권,C23,파생상품계약_장외파생상품_주식관련거래,0,국내증권사,B,SF205,각주항목(09.06월 이후)
32328,202306,0011982,주식회사 카카오페이증권,C24,파생상품계약_장외파생상품_신용관련거래,0,국내증권사,B,SF205,각주항목(09.06월 이후)
32329,202306,0011982,주식회사 카카오페이증권,C25,파생상품계약_장외파생상품_기타,0,국내증권사,B,SF205,각주항목(09.06월 이후)
32330,202306,0011982,주식회사 카카오페이증권,D,대차 및 대주거래,0,국내증권사,B,SF205,각주항목(09.06월 이후)
32331,202306,0011982,주식회사 카카오페이증권,D1,대차 및 대주거래_대여증권,0,국내증권사,B,SF205,각주항목(09.06월 이후)
32332,202306,0011982,주식회사 카카오페이증권,D2,대차 및 대주거래_차입증권,0,국내증권사,B,SF205,각주항목(09.06월 이후)
32333,202306,0011982,주식회사 카카오페이증권,D3,대차 및 대주거래_신용거래대주,0,국내증권사,B,SF205,각주항목(09.06월 이후)
32334,202306,0011982,주식회사 카카오페이증권,E,대손상각채권,0,국내증권사,B,SF205,각주항목(09.06월 이후)
32335,202306,0011982,주식회사 카카오페이증권,F,환전업무 예치금,2086657258,국내증권사,B,SF205,각주항목(09.06월 이후)
32336,202306,0011982,주식회사 카카오페이증권,G,미배당별도예치금,0,국내증권사,B,SF205,각주항목(09.06월 이후)
32337,202306,0011982,주식회사 카카오페이증권,H,배서어음매출(종금계정),0,국내증권사,B,SF205,각주항목(09.06월 이후)
32338,202306,0011982,주식회사 카카오페이증권,H1,대출채권매매이익_담보부,0,국내증권사,B,SF205,각주항목(09.06월 이후)
32339,202306,0011982,주식회사 카카오페이증권,H2,대출채권매매이익_무담보부,0,국내증권사,B,SF205,각주항목(09.06월 이후)
32340,202309,0011982,주식회사 카카오페이증권,A,채무보증,0,국내증권사,B,SF205,각주항목(09.06월 이후)
32341,202309,0011982,주식회사 카카오페이증권,A1,채무보증_지급보증,0,국내증권사,B,SF205,각주항목(09.06월 이후)
32342,202309,0011982,주식회사 카카오페이증권,A2,채무보증_매입보장약정,0,국내증권사,B,SF205,각주항목(09.06월 이후)
32343,202309,0011982,주식회사 카카오페이증권,A3,채무보증_채무인수약정,0,국내증권사,B,SF205,각주항목(09.06월 이후)
32344,202309,0011982,주식회사 카카오페이증권,A5,채무보증_매입확약,0,국내증권사,B,SF205,각주항목(09.06월 이후)
32345,202309,0011982,주식회사 카카오페이증권,A6,채무보증_기타,0,국내증권사,B,SF205,각주항목(09.06월 이후)
32346,202309,0011982,주식회사 카카오페이증권,B,투자자의 예수증권 등,1604051340613,국내증권사,B,SF205,각주항목(09.06월 이후)
32347,202309,0011982,주식회사 카카오페이증권,B1,투자자의 예수증권 등_예수 증권,1604051340613,국내증권사,B,SF205,각주항목(09.06월 이후)
32348,202309,0011982,주식회사 카카오페이증권,B2,투자자의 예수증권 등_예수양도성예금증서,0,국내증권사,B,SF205,각주항목(09.06월 이후)
32349,202309,0011982,주식회사 카카오페이증권,B3,투자자의 예수증권 등_기타,0,국내증권사,B,SF205,각주항목(09.06월 이후)
32350,202309,0011982,주식회사 카카오페이증권,C,파생상품계약,0,국내증권사,B,SF205,각주항목(09.06월 이후)
32351,202309,0011982,주식회사 카카오페이증권,C1,파생상품계약_장내파생상품,0,국내증권사,B,SF205,각주항목(09.06월 이후)
32352,202309,0011982,주식회사 카카오페이증권,C11,파생상품계약_장내파생상품_이자율관련거래,0,국내증권사,B,SF205,각주항목(09.06월 이후)
32353,202309,0011982,주식회사 카카오페이증권,C12,파생상품계약_장내파생상품_통화관련거래,0,국내증권사,B,SF205,각주항목(09.06월 이후)
32354,202309,0011982,주식회사 카카오페이증권,C13,파생상품계약_장내파생상품_주식관련거래,0,국내증권사,B,SF205,각주항목(09.06월 이후)
32355,202309,0011982,주식회사 카카오페이증권,C14,파생상품계약_장내파생상품_일반상품관련거래,0,국내증권사,B,SF205,각주항목(09.06월 이후)
32356,202309,0011982,주식회사 카카오페이증권,C15,파생상품계약_장내파생상품_기타,0,국내증권사,B,SF205,각주항목(09.06월 이후)
32357,202309,0011982,주식회사 카카오페이증권,C2,파생상품계약_장외파생상품,0,국내증권사,B,SF205,각주항목(09.06월 이후)
32358,202309,0011982,주식회사 카카오페이증권,C21,파생상품계약_장외파생상품_이자율관련거래,0,국내증권사,B,SF205,각주항목(09.06월 이후)
32359,202309,0011982,주식회사 카카오페이증권,C22,파생상품계약_장외파생상품_통화관련거래,0,국내증권사,B,SF205,각주항목(09.06월 이후)
32360,202309,0011982,주식회사 카카오페이증권,C23,파생상품계약_장외파생상품_주식관련거래,0,국내증권사,B,SF205,각주항목(09.06월 이후)
32361,202309,0011982,주식회사 카카오페이증권,C24,파생상품계약_장외파생상품_신용관련거래,0,국내증권사,B,SF205,각주항목(09.06월 이후)
32362,202309,0011982,주식회사 카카오페이증권,C25,파생상품계약_장외파생상품_기타,0,국내증권사,B,SF205,각주항목(09.06월 이후)
32363,202309,0011982,주식회사 카카오페이증권,D,대차 및 대주거래,0,국내증권사,B,SF205,각주항목(09.06월 이후)
32364,202309,0011982,주식회사 카카오페이증권,D1,대차 및 대주거래_대여증권,0,국내증권사,B,SF205,각주항목(09.06월 이후)
32365,202309,0011982,주식회사 카카오페이증권,D2,대차 및 대주거래_차입증권,0,국내증권사,B,SF205,각주항목(09.06월 이후)
32366,202309,0011982,주식회사 카카오페이증권,D3,대차 및 대주거래_신용거래대주,0,국내증권사,B,SF205,각주항목(09.06월 이후)
32367,202309,0011982,주식회사 카카오페이증권,E,대손상각채권,0,국내증권사,B,SF205,각주항목(09.06월 이후)
32368,202309,0011982,주식회사 카카오페이증권,F,환전업무 예치금,574102594,국내증권사,B,SF205,각주항목(09.06월 이후)
32369,202309,0011982,주식회사 카카오페이증권,G,미배당별도예치금,0,국내증권사,B,SF205,각주항목(09.06월 이후)
32370,202309,0011982,주식회사 카카오페이증권,H,배서어음매출(종금계정),0,국내증권사,B,SF205,각주항목(09.06월 이후)
32371,202309,0011982,주식회사 카카오페이증권,H1,대출채권매매이익_담보부,0,국내증권사,B,SF205,각주항목(09.06월 이후)
32372,202309,0011982,주식회사 카카오페이증권,H2,대출채권매매이익_무담보부,0,국내증권사,B,SF205,각주항목(09.06월 이후)
32373,202312,0011982,주식회사 카카오페이증권,A,채무보증,0,국내증권사,B,SF205,각주항목(09.06월 이후)
32374,202312,0011982,주식회사 카카오페이증권,A1,채무보증_지급보증,0,국내증권사,B,SF205,각주항목(09.06월 이후)
32375,202312,0011982,주식회사 카카오페이증권,A2,채무보증_매입보장약정,0,국내증권사,B,SF205,각주항목(09.06월 이후)
32376,202312,0011982,주식회사 카카오페이증권,A3,채무보증_채무인수약정,0,국내증권사,B,SF205,각주항목(09.06월 이후)
32377,202312,0011982,주식회사 카카오페이증권,A5,채무보증_매입확약,0,국내증권사,B,SF205,각주항목(09.06월 이후)
32378,202312,0011982,주식회사 카카오페이증권,A6,채무보증_기타,0,국내증권사,B,SF205,각주항목(09.06월 이후)
32379,202312,0011982,주식회사 카카오페이증권,B,투자자의 예수증권 등,1880184087567,국내증권사,B,SF205,각주항목(09.06월 이후)
32380,202312,0011982,주식회사 카카오페이증권,B1,투자자의 예수증권 등_예수 증권,1880184087567,국내증권사,B,SF205,각주항목(09.06월 이후)
32381,202312,0011982,주식회사 카카오페이증권,B2,투자자의 예수증권 등_예수양도성예금증서,0,국내증권사,B,SF205,각주항목(09.06월 이후)
32382,202312,0011982,주식회사 카카오페이증권,B3,투자자의 예수증권 등_기타,0,국내증권사,B,SF205,각주항목(09.06월 이후)
32383,202312,0011982,주식회사 카카오페이증권,C,파생상품계약,0,국내증권사,B,SF205,각주항목(09.06월 이후)
32384,202312,0011982,주식회사 카카오페이증권,C1,파생상품계약_장내파생상품,0,국내증권사,B,SF205,각주항목(09.06월 이후)
32385,202312,0011982,주식회사 카카오페이증권,C11,파생상품계약_장내파생상품_이자율관련거래,0,국내증권사,B,SF205,각주항목(09.06월 이후)
32386,202312,0011982,주식회사 카카오페이증권,C12,파생상품계약_장내파생상품_통화관련거래,0,국내증권사,B,SF205,각주항목(09.06월 이후)
32387,202312,0011982,주식회사 카카오페이증권,C13,파생상품계약_장내파생상품_주식관련거래,0,국내증권사,B,SF205,각주항목(09.06월 이후)
32388,202312,0011982,주식회사 카카오페이증권,C14,파생상품계약_장내파생상품_일반상품관련거래,0,국내증권사,B,SF205,각주항목(09.06월 이후)
32389,202312,0011982,주식회사 카카오페이증권,C15,파생상품계약_장내파생상품_기타,0,국내증권사,B,SF205,각주항목(09.06월 이후)
32390,202312,0011982,주식회사 카카오페이증권,C2,파생상품계약_장외파생상품,0,국내증권사,B,SF205,각주항목(09.06월 이후)
32391,202312,0011982,주식회사 카카오페이증권,C21,파생상품계약_장외파생상품_이자율관련거래,0,국내증권사,B,SF205,각주항목(09.06월 이후)
32392,202312,0011982,주식회사 카카오페이증권,C22,파생상품계약_장외파생상품_통화관련거래,0,국내증권사,B,SF205,각주항목(09.06월 이후)
32393,202312,0011982,주식회사 카카오페이증권,C23,파생상품계약_장외파생상품_주식관련거래,0,국내증권사,B,SF205,각주항목(09.06월 이후)
32394,202312,0011982,주식회사 카카오페이증권,C24,파생상품계약_장외파생상품_신용관련거래,0,국내증권사,B,SF205,각주항목(09.06월 이후)
32395,202312,0011982,주식회사 카카오페이증권,C25,파생상품계약_장외파생상품_기타,0,국내증권사,B,SF205,각주항목(09.06월 이후)
32396,202312,0011982,주식회사 카카오페이증권,D,대차 및 대주거래,0,국내증권사,B,SF205,각주항목(09.06월 이후)
32397,202312,0011982,주식회사 카카오페이증권,D1,대차 및 대주거래_대여증권,0,국내증권사,B,SF205,각주항목(09.06월 이후)
32398,202312,0011982,주식회사 카카오페이증권,D2,대차 및 대주거래_차입증권,0,국내증권사,B,SF205,각주항목(09.06월 이후)
32399,202312,0011982,주식회사 카카오페이증권,D3,대차 및 대주거래_신용거래대주,0,국내증권사,B,SF205,각주항목(09.06월 이후)
32400,202312,0011982,주식회사 카카오페이증권,E,대손상각채권,0,국내증권사,B,SF205,각주항목(09.06월 이후)
32401,202312,0011982,주식회사 카카오페이증권,F,환전업무 예치금,3180995493,국내증권사,B,SF205,각주항목(09.06월 이후)
32402,202312,0011982,주식회사 카카오페이증권,G,미배당별도예치금,0,국내증권사,B,SF205,각주항목(09.06월 이후)
32403,202312,0011982,주식회사 카카오페이증권,H,배서어음매출(종금계정),0,국내증권사,B,SF205,각주항목(09.06월 이후)
32404,202312,0011982,주식회사 카카오페이증권,H1,대출채권매매이익_담보부,0,국내증권사,B,SF205,각주항목(09.06월 이후)
32405,202312,0011982,주식회사 카카오페이증권,H2,대출채권매매이익_무담보부,0,국내증권사,B,SF205,각주항목(09.06월 이후)
32406,202403,0011982,주식회사 카카오페이증권,A,채무보증,0,국내증권사,B,SF205,각주항목(09.06월 이후)
32407,202403,0011982,주식회사 카카오페이증권,A1,채무보증_지급보증,0,국내증권사,B,SF205,각주항목(09.06월 이후)
32408,202403,0011982,주식회사 카카오페이증권,A2,채무보증_매입보장약정,0,국내증권사,B,SF205,각주항목(09.06월 이후)
32409,202403,0011982,주식회사 카카오페이증권,A3,채무보증_채무인수약정,0,국내증권사,B,SF205,각주항목(09.06월 이후)
32410,202403,0011982,주식회사 카카오페이증권,A5,채무보증_매입확약,0,국내증권사,B,SF205,각주항목(09.06월 이후)
32411,202403,0011982,주식회사 카카오페이증권,A6,채무보증_기타,0,국내증권사,B,SF205,각주항목(09.06월 이후)
32412,202403,0011982,주식회사 카카오페이증권,B,투자자의 예수증권 등,2468344305298,국내증권사,B,SF205,각주항목(09.06월 이후)
32413,202403,0011982,주식회사 카카오페이증권,B1,투자자의 예수증권 등_예수 증권,2468344305298,국내증권사,B,SF205,각주항목(09.06월 이후)
32414,202403,0011982,주식회사 카카오페이증권,B2,투자자의 예수증권 등_예수양도성예금증서,0,국내증권사,B,SF205,각주항목(09.06월 이후)
32415,202403,0011982,주식회사 카카오페이증권,B3,투자자의 예수증권 등_기타,0,국내증권사,B,SF205,각주항목(09.06월 이후)
32416,202403,0011982,주식회사 카카오페이증권,C,파생상품계약,0,국내증권사,B,SF205,각주항목(09.06월 이후)
32417,202403,0011982,주식회사 카카오페이증권,C1,파생상품계약_장내파생상품,0,국내증권사,B,SF205,각주항목(09.06월 이후)
32418,202403,0011982,주식회사 카카오페이증권,C11,파생상품계약_장내파생상품_이자율관련거래,0,국내증권사,B,SF205,각주항목(09.06월 이후)
32419,202403,0011982,주식회사 카카오페이증권,C12,파생상품계약_장내파생상품_통화관련거래,0,국내증권사,B,SF205,각주항목(09.06월 이후)
32420,202403,0011982,주식회사 카카오페이증권,C13,파생상품계약_장내파생상품_주식관련거래,0,국내증권사,B,SF205,각주항목(09.06월 이후)
32421,202403,0011982,주식회사 카카오페이증권,C14,파생상품계약_장내파생상품_일반상품관련거래,0,국내증권사,B,SF205,각주항목(09.06월 이후)
32422,202403,0011982,주식회사 카카오페이증권,C15,파생상품계약_장내파생상품_기타,0,국내증권사,B,SF205,각주항목(09.06월 이후)
32423,202403,0011982,주식회사 카카오페이증권,C2,파생상품계약_장외파생상품,0,국내증권사,B,SF205,각주항목(09.06월 이후)
32424,202403,0011982,주식회사 카카오페이증권,C21,파생상품계약_장외파생상품_이자율관련거래,0,국내증권사,B,SF205,각주항목(09.06월 이후)
32425,202403,0011982,주식회사 카카오페이증권,C22,파생상품계약_장외파생상품_통화관련거래,0,국내증권사,B,SF205,각주항목(09.06월 이후)
32426,202403,0011982,주식회사 카카오페이증권,C23,파생상품계약_장외파생상품_주식관련거래,0,국내증권사,B,SF205,각주항목(09.06월 이후)
32427,202403,0011982,주식회사 카카오페이증권,C24,파생상품계약_장외파생상품_신용관련거래,0,국내증권사,B,SF205,각주항목(09.06월 이후)
32428,202403,0011982,주식회사 카카오페이증권,C25,파생상품계약_장외파생상품_기타,0,국내증권사,B,SF205,각주항목(09.06월 이후)
32429,202403,0011982,주식회사 카카오페이증권,D,대차 및 대주거래,0,국내증권사,B,SF205,각주항목(09.06월 이후)
32430,202403,0011982,주식회사 카카오페이증권,D1,대차 및 대주거래_대여증권,0,국내증권사,B,SF205,각주항목(09.06월 이후)
32431,202403,0011982,주식회사 카카오페이증권,D2,대차 및 대주거래_차입증권,0,국내증권사,B,SF205,각주항목(09.06월 이후)
32432,202403,0011982,주식회사 카카오페이증권,D3,대차 및 대주거래_신용거래대주,0,국내증권사,B,SF205,각주항목(09.06월 이후)
32433,202403,0011982,주식회사 카카오페이증권,E,대손상각채권,0,국내증권사,B,SF205,각주항목(09.06월 이후)
32434,202403,0011982,주식회사 카카오페이증권,F,환전업무 예치금,3152408121,국내증권사,B,SF205,각주항목(09.06월 이후)
32435,202403,0011982,주식회사 카카오페이증권,G,미배당별도예치금,0,국내증권사,B,SF205,각주항목(09.06월 이후)
32436,202403,0011982,주식회사 카카오페이증권,H,배서어음매출(종금계정),0,국내증권사,B,SF205,각주항목(09.06월 이후)
32437,202403,0011982,주식회사 카카오페이증권,H1,대출채권매매이익_담보부,0,국내증권사,B,SF205,각주항목(09.06월 이후)
32438,202403,0011982,주식회사 카카오페이증권,H2,대출채권매매이익_무담보부,0,국내증권사,B,SF205,각주항목(09.06월 이후)
32439,202406,0011982,주식회사 카카오페이증권,A,채무보증,0,국내증권사,B,SF205,각주항목(09.06월 이후)
32440,202406,0011982,주식회사 카카오페이증권,A1,채무보증_지급보증,0,국내증권사,B,SF205,각주항목(09.06월 이후)
32441,202406,0011982,주식회사 카카오페이증권,A2,채무보증_매입보장약정,0,국내증권사,B,SF205,각주항목(09.06월 이후)
32442,202406,0011982,주식회사 카카오페이증권,A3,채무보증_채무인수약정,0,국내증권사,B,SF205,각주항목(09.06월 이후)
32443,202406,0011982,주식회사 카카오페이증권,A5,채무보증_매입확약,0,국내증권사,B,SF205,각주항목(09.06월 이후)
32444,202406,0011982,주식회사 카카오페이증권,A6,채무보증_기타,0,국내증권사,B,SF205,각주항목(09.06월 이후)
32445,202406,0011982,주식회사 카카오페이증권,B,투자자의 예수증권 등,2281793052814,국내증권사,B,SF205,각주항목(09.06월 이후)
32446,202406,0011982,주식회사 카카오페이증권,B1,투자자의 예수증권 등_예수 증권,2281793052814,국내증권사,B,SF205,각주항목(09.06월 이후)
32447,202406,0011982,주식회사 카카오페이증권,B2,투자자의 예수증권 등_예수양도성예금증서,0,국내증권사,B,SF205,각주항목(09.06월 이후)
32448,202406,0011982,주식회사 카카오페이증권,B3,투자자의 예수증권 등_기타,0,국내증권사,B,SF205,각주항목(09.06월 이후)
32449,202406,0011982,주식회사 카카오페이증권,C,파생상품계약,0,국내증권사,B,SF205,각주항목(09.06월 이후)
32450,202406,0011982,주식회사 카카오페이증권,C1,파생상품계약_장내파생상품,0,국내증권사,B,SF205,각주항목(09.06월 이후)
32451,202406,0011982,주식회사 카카오페이증권,C11,파생상품계약_장내파생상품_이자율관련거래,0,국내증권사,B,SF205,각주항목(09.06월 이후)
32452,202406,0011982,주식회사 카카오페이증권,C12,파생상품계약_장내파생상품_통화관련거래,0,국내증권사,B,SF205,각주항목(09.06월 이후)
32453,202406,0011982,주식회사 카카오페이증권,C13,파생상품계약_장내파생상품_주식관련거래,0,국내증권사,B,SF205,각주항목(09.06월 이후)
32454,202406,0011982,주식회사 카카오페이증권,C14,파생상품계약_장내파생상품_일반상품관련거래,0,국내증권사,B,SF205,각주항목(09.06월 이후)
32455,202406,0011982,주식회사 카카오페이증권,C15,파생상품계약_장내파생상품_기타,0,국내증권사,B,SF205,각주항목(09.06월 이후)
32456,202406,0011982,주식회사 카카오페이증권,C2,파생상품계약_장외파생상품,0,국내증권사,B,SF205,각주항목(09.06월 이후)
32457,202406,0011982,주식회사 카카오페이증권,C21,파생상품계약_장외파생상품_이자율관련거래,0,국내증권사,B,SF205,각주항목(09.06월 이후)
32458,202406,0011982,주식회사 카카오페이증권,C22,파생상품계약_장외파생상품_통화관련거래,0,국내증권사,B,SF205,각주항목(09.06월 이후)
32459,202406,0011982,주식회사 카카오페이증권,C23,파생상품계약_장외파생상품_주식관련거래,0,국내증권사,B,SF205,각주항목(09.06월 이후)
32460,202406,0011982,주식회사 카카오페이증권,C24,파생상품계약_장외파생상품_신용관련거래,0,국내증권사,B,SF205,각주항목(09.06월 이후)
32461,202406,0011982,주식회사 카카오페이증권,C25,파생상품계약_장외파생상품_기타,0,국내증권사,B,SF205,각주항목(09.06월 이후)
32462,202406,0011982,주식회사 카카오페이증권,D,대차 및 대주거래,0,국내증권사,B,SF205,각주항목(09.06월 이후)
32463,202406,0011982,주식회사 카카오페이증권,D1,대차 및 대주거래_대여증권,0,국내증권사,B,SF205,각주항목(09.06월 이후)
32464,202406,0011982,주식회사 카카오페이증권,D2,대차 및 대주거래_차입증권,0,국내증권사,B,SF205,각주항목(09.06월 이후)
32465,202406,0011982,주식회사 카카오페이증권,D3,대차 및 대주거래_신용거래대주,0,국내증권사,B,SF205,각주항목(09.06월 이후)
32466,202406,0011982,주식회사 카카오페이증권,E,대손상각채권,0,국내증권사,B,SF205,각주항목(09.06월 이후)
32467,202406,0011982,주식회사 카카오페이증권,F,환전업무 예치금,3749454245,국내증권사,B,SF205,각주항목(09.06월 이후)
32468,202406,0011982,주식회사 카카오페이증권,G,미배당별도예치금,0,국내증권사,B,SF205,각주항목(09.06월 이후)
32469,202406,0011982,주식회사 카카오페이증권,H,배서어음매출(종금계정),0,국내증권사,B,SF205,각주항목(09.06월 이후)
32470,202406,0011982,주식회사 카카오페이증권,H1,대출채권매매이익_담보부,0,국내증권사,B,SF205,각주항목(09.06월 이후)
32471,202406,0011982,주식회사 카카오페이증권,H2,대출채권매매이익_무담보부,0,국내증권사,B,SF205,각주항목(09.06월 이후)
32472,202409,0011982,주식회사 카카오페이증권,A,채무보증,0,국내증권사,B,SF205,각주항목(09.06월 이후)
32473,202409,0011982,주식회사 카카오페이증권,A1,채무보증_지급보증,0,국내증권사,B,SF205,각주항목(09.06월 이후)
32474,202409,0011982,주식회사 카카오페이증권,A2,채무보증_매입보장약정,0,국내증권사,B,SF205,각주항목(09.06월 이후)
32475,202409,0011982,주식회사 카카오페이증권,A3,채무보증_채무인수약정,0,국내증권사,B,SF205,각주항목(09.06월 이후)
32476,202409,0011982,주식회사 카카오페이증권,A5,채무보증_매입확약,0,국내증권사,B,SF205,각주항목(09.06월 이후)
32477,202409,0011982,주식회사 카카오페이증권,A6,채무보증_기타,0,국내증권사,B,SF205,각주항목(09.06월 이후)
32478,202409,0011982,주식회사 카카오페이증권,B,투자자의 예수증권 등,2467601926629,국내증권사,B,SF205,각주항목(09.06월 이후)
32479,202409,0011982,주식회사 카카오페이증권,B1,투자자의 예수증권 등_예수 증권,2467601926629,국내증권사,B,SF205,각주항목(09.06월 이후)
32480,202409,0011982,주식회사 카카오페이증권,B2,투자자의 예수증권 등_예수양도성예금증서,0,국내증권사,B,SF205,각주항목(09.06월 이후)
32481,202409,0011982,주식회사 카카오페이증권,B3,투자자의 예수증권 등_기타,0,국내증권사,B,SF205,각주항목(09.06월 이후)
32482,202409,0011982,주식회사 카카오페이증권,C,파생상품계약,0,국내증권사,B,SF205,각주항목(09.06월 이후)
32483,202409,0011982,주식회사 카카오페이증권,C1,파생상품계약_장내파생상품,0,국내증권사,B,SF205,각주항목(09.06월 이후)
32484,202409,0011982,주식회사 카카오페이증권,C11,파생상품계약_장내파생상품_이자율관련거래,0,국내증권사,B,SF205,각주항목(09.06월 이후)
32485,202409,0011982,주식회사 카카오페이증권,C12,파생상품계약_장내파생상품_통화관련거래,0,국내증권사,B,SF205,각주항목(09.06월 이후)
32486,202409,0011982,주식회사 카카오페이증권,C13,파생상품계약_장내파생상품_주식관련거래,0,국내증권사,B,SF205,각주항목(09.06월 이후)
32487,202409,0011982,주식회사 카카오페이증권,C14,파생상품계약_장내파생상품_일반상품관련거래,0,국내증권사,B,SF205,각주항목(09.06월 이후)
32488,202409,0011982,주식회사 카카오페이증권,C15,파생상품계약_장내파생상품_기타,0,국내증권사,B,SF205,각주항목(09.06월 이후)
32489,202409,0011982,주식회사 카카오페이증권,C2,파생상품계약_장외파생상품,0,국내증권사,B,SF205,각주항목(09.06월 이후)
32490,202409,0011982,주식회사 카카오페이증권,C21,파생상품계약_장외파생상품_이자율관련거래,0,국내증권사,B,SF205,각주항목(09.06월 이후)
32491,202409,0011982,주식회사 카카오페이증권,C22,파생상품계약_장외파생상품_통화관련거래,0,국내증권사,B,SF205,각주항목(09.06월 이후)
32492,202409,0011982,주식회사 카카오페이증권,C23,파생상품계약_장외파생상품_주식관련거래,0,국내증권사,B,SF205,각주항목(09.06월 이후)
32493,202409,0011982,주식회사 카카오페이증권,C24,파생상품계약_장외파생상품_신용관련거래,0,국내증권사,B,SF205,각주항목(09.06월 이후)
32494,202409,0011982,주식회사 카카오페이증권,C25,파생상품계약_장외파생상품_기타,0,국내증권사,B,SF205,각주항목(09.06월 이후)
32495,202409,0011982,주식회사 카카오페이증권,D,대차 및 대주거래,0,국내증권사,B,SF205,각주항목(09.06월 이후)
32496,202409,0011982,주식회사 카카오페이증권,D1,대차 및 대주거래_대여증권,0,국내증권사,B,SF205,각주항목(09.06월 이후)
32497,202409,0011982,주식회사 카카오페이증권,D2,대차 및 대주거래_차입증권,0,국내증권사,B,SF205,각주항목(09.06월 이후)
32498,202409,0011982,주식회사 카카오페이증권,D3,대차 및 대주거래_신용거래대주,0,국내증권사,B,SF205,각주항목(09.06월 이후)
32499,202409,0011982,주식회사 카카오페이증권,E,대손상각채권,0,국내증권사,B,SF205,각주항목(09.06월 이후)
32500,202409,0011982,주식회사 카카오페이증권,F,환전업무 예치금,5706351460,국내증권사,B,SF205,각주항목(09.06월 이후)
32501,202409,0011982,주식회사 카카오페이증권,G,미배당별도예치금,0,국내증권사,B,SF205,각주항목(09.06월 이후)
32502,202409,0011982,주식회사 카카오페이증권,H,배서어음매출(종금계정),0,국내증권사,B,SF205,각주항목(09.06월 이후)
32503,202409,0011982,주식회사 카카오페이증권,H1,대출채권매매이익_담보부,0,국내증권사,B,SF205,각주항목(09.06월 이후)
32504,202409,0011982,주식회사 카카오페이증권,H2,대출채권매매이익_무담보부,0,국내증권사,B,SF205,각주항목(09.06월 이후)
32505,202412,0011982,주식회사 카카오페이증권,A,채무보증,0,국내증권사,B,SF205,각주항목(09.06월 이후)
32506,202412,0011982,주식회사 카카오페이증권,A1,채무보증_지급보증,0,국내증권사,B,SF205,각주항목(09.06월 이후)
32507,202412,0011982,주식회사 카카오페이증권,A2,채무보증_매입보장약정,0,국내증권사,B,SF205,각주항목(09.06월 이후)
32508,202412,0011982,주식회사 카카오페이증권,A3,채무보증_채무인수약정,0,국내증권사,B,SF205,각주항목(09.06월 이후)
32509,202412,0011982,주식회사 카카오페이증권,A5,채무보증_매입확약,0,국내증권사,B,SF205,각주항목(09.06월 이후)
32510,202412,0011982,주식회사 카카오페이증권,A6,채무보증_기타,0,국내증권사,B,SF205,각주항목(09.06월 이후)
32511,202412,0011982,주식회사 카카오페이증권,B,투자자의 예수증권 등,2948356466906,국내증권사,B,SF205,각주항목(09.06월 이후)
32512,202412,0011982,주식회사 카카오페이증권,B1,투자자의 예수증권 등_예수 증권,2948356466906,국내증권사,B,SF205,각주항목(09.06월 이후)
32513,202412,0011982,주식회사 카카오페이증권,B2,투자자의 예수증권 등_예수양도성예금증서,0,국내증권사,B,SF205,각주항목(09.06월 이후)
32514,202412,0011982,주식회사 카카오페이증권,B3,투자자의 예수증권 등_기타,0,국내증권사,B,SF205,각주항목(09.06월 이후)
32515,202412,0011982,주식회사 카카오페이증권,C,파생상품계약,0,국내증권사,B,SF205,각주항목(09.06월 이후)
32516,202412,0011982,주식회사 카카오페이증권,C1,파생상품계약_장내파생상품,0,국내증권사,B,SF205,각주항목(09.06월 이후)
32517,202412,0011982,주식회사 카카오페이증권,C11,파생상품계약_장내파생상품_이자율관련거래,0,국내증권사,B,SF205,각주항목(09.06월 이후)
32518,202412,0011982,주식회사 카카오페이증권,C12,파생상품계약_장내파생상품_통화관련거래,0,국내증권사,B,SF205,각주항목(09.06월 이후)
32519,202412,0011982,주식회사 카카오페이증권,C13,파생상품계약_장내파생상품_주식관련거래,0,국내증권사,B,SF205,각주항목(09.06월 이후)
32520,202412,0011982,주식회사 카카오페이증권,C14,파생상품계약_장내파생상품_일반상품관련거래,0,국내증권사,B,SF205,각주항목(09.06월 이후)
32521,202412,0011982,주식회사 카카오페이증권,C15,파생상품계약_장내파생상품_기타,0,국내증권사,B,SF205,각주항목(09.06월 이후)
32522,202412,0011982,주식회사 카카오페이증권,C2,파생상품계약_장외파생상품,0,국내증권사,B,SF205,각주항목(09.06월 이후)
32523,202412,0011982,주식회사 카카오페이증권,C21,파생상품계약_장외파생상품_이자율관련거래,0,국내증권사,B,SF205,각주항목(09.06월 이후)
32524,202412,0011982,주식회사 카카오페이증권,C22,파생상품계약_장외파생상품_통화관련거래,0,국내증권사,B,SF205,각주항목(09.06월 이후)
32525,202412,0011982,주식회사 카카오페이증권,C23,파생상품계약_장외파생상품_주식관련거래,0,국내증권사,B,SF205,각주항목(09.06월 이후)
32526,202412,0011982,주식회사 카카오페이증권,C24,파생상품계약_장외파생상품_신용관련거래,0,국내증권사,B,SF205,각주항목(09.06월 이후)
32527,202412,0011982,주식회사 카카오페이증권,C25,파생상품계약_장외파생상품_기타,0,국내증권사,B,SF205,각주항목(09.06월 이후)
32528,202412,0011982,주식회사 카카오페이증권,D,대차 및 대주거래,0,국내증권사,B,SF205,각주항목(09.06월 이후)
32529,202412,0011982,주식회사 카카오페이증권,D1,대차 및 대주거래_대여증권,0,국내증권사,B,SF205,각주항목(09.06월 이후)
32530,202412,0011982,주식회사 카카오페이증권,D2,대차 및 대주거래_차입증권,0,국내증권사,B,SF205,각주항목(09.06월 이후)
32531,202412,0011982,주식회사 카카오페이증권,D3,대차 및 대주거래_신용거래대주,0,국내증권사,B,SF205,각주항목(09.06월 이후)
32532,202412,0011982,주식회사 카카오페이증권,E,대손상각채권,0,국내증권사,B,SF205,각주항목(09.06월 이후)
32533,202412,0011982,주식회사 카카오페이증권,F,환전업무 예치금,10508652879,국내증권사,B,SF205,각주항목(09.06월 이후)
32534,202412,0011982,주식회사 카카오페이증권,G,미배당별도예치금,0,국내증권사,B,SF205,각주항목(09.06월 이후)
32535,202412,0011982,주식회사 카카오페이증권,H,배서어음매출(종금계정),0,국내증권사,B,SF205,각주항목(09.06월 이후)
32536,202412,0011982,주식회사 카카오페이증권,H1,대출채권매매이익_담보부,0,국내증권사,B,SF205,각주항목(09.06월 이후)
32537,202412,0011982,주식회사 카카오페이증권,H2,대출채권매매이익_무담보부,0,국내증권사,B,SF205,각주항목(09.06월 이후)
32538,201703,0010897,케이알투자증권주식회사,A,채무보증,0,국내증권사,B,SF205,각주항목(09.06월 이후)
32539,201703,0010897,케이알투자증권주식회사,A1,채무보증_지급보증,0,국내증권사,B,SF205,각주항목(09.06월 이후)
32540,201703,0010897,케이알투자증권주식회사,A2,채무보증_매입보장약정,0,국내증권사,B,SF205,각주항목(09.06월 이후)
32541,201703,0010897,케이알투자증권주식회사,A3,채무보증_채무인수약정,0,국내증권사,B,SF205,각주항목(09.06월 이후)
32542,201703,0010897,케이알투자증권주식회사,A5,채무보증_매입확약,0,국내증권사,B,SF205,각주항목(09.06월 이후)
32543,201703,0010897,케이알투자증권주식회사,A6,채무보증_기타,0,국내증권사,B,SF205,각주항목(09.06월 이후)
32544,201703,0010897,케이알투자증권주식회사,B,투자자의 예수증권 등,0,국내증권사,B,SF205,각주항목(09.06월 이후)
32545,201703,0010897,케이알투자증권주식회사,B1,투자자의 예수증권 등_예수 증권,0,국내증권사,B,SF205,각주항목(09.06월 이후)
32546,201703,0010897,케이알투자증권주식회사,B2,투자자의 예수증권 등_예수양도성예금증서,0,국내증권사,B,SF205,각주항목(09.06월 이후)
32547,201703,0010897,케이알투자증권주식회사,B3,투자자의 예수증권 등_기타,0,국내증권사,B,SF205,각주항목(09.06월 이후)
32548,201703,0010897,케이알투자증권주식회사,C,파생상품계약,12595462669,국내증권사,B,SF205,각주항목(09.06월 이후)
32549,201703,0010897,케이알투자증권주식회사,C1,파생상품계약_장내파생상품,12595462669,국내증권사,B,SF205,각주항목(09.06월 이후)
32550,201703,0010897,케이알투자증권주식회사,C11,파생상품계약_장내파생상품_이자율관련거래,7506100000,국내증권사,B,SF205,각주항목(09.06월 이후)
32551,201703,0010897,케이알투자증권주식회사,C12,파생상품계약_장내파생상품_통화관련거래,3708362669,국내증권사,B,SF205,각주항목(09.06월 이후)
32552,201703,0010897,케이알투자증권주식회사,C13,파생상품계약_장내파생상품_주식관련거래,1381000000,국내증권사,B,SF205,각주항목(09.06월 이후)
32553,201703,0010897,케이알투자증권주식회사,C14,파생상품계약_장내파생상품_일반상품관련거래,0,국내증권사,B,SF205,각주항목(09.06월 이후)
32554,201703,0010897,케이알투자증권주식회사,C15,파생상품계약_장내파생상품_기타,0,국내증권사,B,SF205,각주항목(09.06월 이후)
32555,201703,0010897,케이알투자증권주식회사,C2,파생상품계약_장외파생상품,0,국내증권사,B,SF205,각주항목(09.06월 이후)
32556,201703,0010897,케이알투자증권주식회사,C21,파생상품계약_장외파생상품_이자율관련거래,0,국내증권사,B,SF205,각주항목(09.06월 이후)
32557,201703,0010897,케이알투자증권주식회사,C22,파생상품계약_장외파생상품_통화관련거래,0,국내증권사,B,SF205,각주항목(09.06월 이후)
32558,201703,0010897,케이알투자증권주식회사,C23,파생상품계약_장외파생상품_주식관련거래,0,국내증권사,B,SF205,각주항목(09.06월 이후)
32559,201703,0010897,케이알투자증권주식회사,C24,파생상품계약_장외파생상품_신용관련거래,0,국내증권사,B,SF205,각주항목(09.06월 이후)
32560,201703,0010897,케이알투자증권주식회사,C25,파생상품계약_장외파생상품_기타,0,국내증권사,B,SF205,각주항목(09.06월 이후)
32561,201703,0010897,케이알투자증권주식회사,D,대차 및 대주거래,0,국내증권사,B,SF205,각주항목(09.06월 이후)
32562,201703,0010897,케이알투자증권주식회사,D1,대차 및 대주거래_대여증권,0,국내증권사,B,SF205,각주항목(09.06월 이후)
32563,201703,0010897,케이알투자증권주식회사,D2,대차 및 대주거래_차입증권,0,국내증권사,B,SF205,각주항목(09.06월 이후)
32564,201703,0010897,케이알투자증권주식회사,D3,대차 및 대주거래_신용거래대주,0,국내증권사,B,SF205,각주항목(09.06월 이후)
32565,201703,0010897,케이알투자증권주식회사,E,대손상각채권,0,국내증권사,B,SF205,각주항목(09.06월 이후)
32566,201703,0010897,케이알투자증권주식회사,F,환전업무 예치금,0,국내증권사,B,SF205,각주항목(09.06월 이후)
32567,201703,0010897,케이알투자증권주식회사,G,미배당별도예치금,0,국내증권사,B,SF205,각주항목(09.06월 이후)
32568,201703,0010897,케이알투자증권주식회사,H,배서어음매출(종금계정),0,국내증권사,B,SF205,각주항목(09.06월 이후)
32569,201703,0010897,케이알투자증권주식회사,H1,대출채권매매이익_담보부,0,국내증권사,B,SF205,각주항목(09.06월 이후)
32570,201703,0010897,케이알투자증권주식회사,H2,대출채권매매이익_무담보부,0,국내증권사,B,SF205,각주항목(09.06월 이후)
32571,201706,0010897,케이알투자증권주식회사,A,채무보증,0,국내증권사,B,SF205,각주항목(09.06월 이후)
32572,201706,0010897,케이알투자증권주식회사,A1,채무보증_지급보증,0,국내증권사,B,SF205,각주항목(09.06월 이후)
32573,201706,0010897,케이알투자증권주식회사,A2,채무보증_매입보장약정,0,국내증권사,B,SF205,각주항목(09.06월 이후)
32574,201706,0010897,케이알투자증권주식회사,A3,채무보증_채무인수약정,0,국내증권사,B,SF205,각주항목(09.06월 이후)
32575,201706,0010897,케이알투자증권주식회사,A5,채무보증_매입확약,0,국내증권사,B,SF205,각주항목(09.06월 이후)
32576,201706,0010897,케이알투자증권주식회사,A6,채무보증_기타,0,국내증권사,B,SF205,각주항목(09.06월 이후)
32577,201706,0010897,케이알투자증권주식회사,B,투자자의 예수증권 등,0,국내증권사,B,SF205,각주항목(09.06월 이후)
32578,201706,0010897,케이알투자증권주식회사,B1,투자자의 예수증권 등_예수 증권,0,국내증권사,B,SF205,각주항목(09.06월 이후)
32579,201706,0010897,케이알투자증권주식회사,B2,투자자의 예수증권 등_예수양도성예금증서,0,국내증권사,B,SF205,각주항목(09.06월 이후)
32580,201706,0010897,케이알투자증권주식회사,B3,투자자의 예수증권 등_기타,0,국내증권사,B,SF205,각주항목(09.06월 이후)
32581,201706,0010897,케이알투자증권주식회사,C,파생상품계약,33232070687,국내증권사,B,SF205,각주항목(09.06월 이후)
32582,201706,0010897,케이알투자증권주식회사,C1,파생상품계약_장내파생상품,33232070687,국내증권사,B,SF205,각주항목(09.06월 이후)
32583,201706,0010897,케이알투자증권주식회사,C11,파생상품계약_장내파생상품_이자율관련거래,20718880000,국내증권사,B,SF205,각주항목(09.06월 이후)
32584,201706,0010897,케이알투자증권주식회사,C12,파생상품계약_장내파생상품_통화관련거래,11132190687,국내증권사,B,SF205,각주항목(09.06월 이후)
32585,201706,0010897,케이알투자증권주식회사,C13,파생상품계약_장내파생상품_주식관련거래,1381000000,국내증권사,B,SF205,각주항목(09.06월 이후)
32586,201706,0010897,케이알투자증권주식회사,C14,파생상품계약_장내파생상품_일반상품관련거래,0,국내증권사,B,SF205,각주항목(09.06월 이후)
32587,201706,0010897,케이알투자증권주식회사,C15,파생상품계약_장내파생상품_기타,0,국내증권사,B,SF205,각주항목(09.06월 이후)
32588,201706,0010897,케이알투자증권주식회사,C2,파생상품계약_장외파생상품,0,국내증권사,B,SF205,각주항목(09.06월 이후)
32589,201706,0010897,케이알투자증권주식회사,C21,파생상품계약_장외파생상품_이자율관련거래,0,국내증권사,B,SF205,각주항목(09.06월 이후)
32590,201706,0010897,케이알투자증권주식회사,C22,파생상품계약_장외파생상품_통화관련거래,0,국내증권사,B,SF205,각주항목(09.06월 이후)
32591,201706,0010897,케이알투자증권주식회사,C23,파생상품계약_장외파생상품_주식관련거래,0,국내증권사,B,SF205,각주항목(09.06월 이후)
32592,201706,0010897,케이알투자증권주식회사,C24,파생상품계약_장외파생상품_신용관련거래,0,국내증권사,B,SF205,각주항목(09.06월 이후)
32593,201706,0010897,케이알투자증권주식회사,C25,파생상품계약_장외파생상품_기타,0,국내증권사,B,SF205,각주항목(09.06월 이후)
32594,201706,0010897,케이알투자증권주식회사,D,대차 및 대주거래,0,국내증권사,B,SF205,각주항목(09.06월 이후)
32595,201706,0010897,케이알투자증권주식회사,D1,대차 및 대주거래_대여증권,0,국내증권사,B,SF205,각주항목(09.06월 이후)
32596,201706,0010897,케이알투자증권주식회사,D2,대차 및 대주거래_차입증권,0,국내증권사,B,SF205,각주항목(09.06월 이후)
32597,201706,0010897,케이알투자증권주식회사,D3,대차 및 대주거래_신용거래대주,0,국내증권사,B,SF205,각주항목(09.06월 이후)
32598,201706,0010897,케이알투자증권주식회사,E,대손상각채권,0,국내증권사,B,SF205,각주항목(09.06월 이후)
32599,201706,0010897,케이알투자증권주식회사,F,환전업무 예치금,0,국내증권사,B,SF205,각주항목(09.06월 이후)
32600,201706,0010897,케이알투자증권주식회사,G,미배당별도예치금,0,국내증권사,B,SF205,각주항목(09.06월 이후)
32601,201706,0010897,케이알투자증권주식회사,H,배서어음매출(종금계정),0,국내증권사,B,SF205,각주항목(09.06월 이후)
32602,201706,0010897,케이알투자증권주식회사,H1,대출채권매매이익_담보부,0,국내증권사,B,SF205,각주항목(09.06월 이후)
32603,201706,0010897,케이알투자증권주식회사,H2,대출채권매매이익_무담보부,0,국내증권사,B,SF205,각주항목(09.06월 이후)
32604,201709,0010897,케이알투자증권주식회사,A,채무보증,0,국내증권사,B,SF205,각주항목(09.06월 이후)
32605,201709,0010897,케이알투자증권주식회사,A1,채무보증_지급보증,0,국내증권사,B,SF205,각주항목(09.06월 이후)
32606,201709,0010897,케이알투자증권주식회사,A2,채무보증_매입보장약정,0,국내증권사,B,SF205,각주항목(09.06월 이후)
32607,201709,0010897,케이알투자증권주식회사,A3,채무보증_채무인수약정,0,국내증권사,B,SF205,각주항목(09.06월 이후)
32608,201709,0010897,케이알투자증권주식회사,A5,채무보증_매입확약,0,국내증권사,B,SF205,각주항목(09.06월 이후)
32609,201709,0010897,케이알투자증권주식회사,A6,채무보증_기타,0,국내증권사,B,SF205,각주항목(09.06월 이후)
32610,201709,0010897,케이알투자증권주식회사,B,투자자의 예수증권 등,0,국내증권사,B,SF205,각주항목(09.06월 이후)
32611,201709,0010897,케이알투자증권주식회사,B1,투자자의 예수증권 등_예수 증권,0,국내증권사,B,SF205,각주항목(09.06월 이후)
32612,201709,0010897,케이알투자증권주식회사,B2,투자자의 예수증권 등_예수양도성예금증서,0,국내증권사,B,SF205,각주항목(09.06월 이후)
32613,201709,0010897,케이알투자증권주식회사,B3,투자자의 예수증권 등_기타,0,국내증권사,B,SF205,각주항목(09.06월 이후)
32614,201709,0010897,케이알투자증권주식회사,C,파생상품계약,55106070687,국내증권사,B,SF205,각주항목(09.06월 이후)
32615,201709,0010897,케이알투자증권주식회사,C1,파생상품계약_장내파생상품,55106070687,국내증권사,B,SF205,각주항목(09.06월 이후)
32616,201709,0010897,케이알투자증권주식회사,C11,파생상품계약_장내파생상품_이자율관련거래,42592880000,국내증권사,B,SF205,각주항목(09.06월 이후)
32617,201709,0010897,케이알투자증권주식회사,C12,파생상품계약_장내파생상품_통화관련거래,11132190687,국내증권사,B,SF205,각주항목(09.06월 이후)
32618,201709,0010897,케이알투자증권주식회사,C13,파생상품계약_장내파생상품_주식관련거래,1381000000,국내증권사,B,SF205,각주항목(09.06월 이후)
32619,201709,0010897,케이알투자증권주식회사,C14,파생상품계약_장내파생상품_일반상품관련거래,0,국내증권사,B,SF205,각주항목(09.06월 이후)
32620,201709,0010897,케이알투자증권주식회사,C15,파생상품계약_장내파생상품_기타,0,국내증권사,B,SF205,각주항목(09.06월 이후)
32621,201709,0010897,케이알투자증권주식회사,C2,파생상품계약_장외파생상품,0,국내증권사,B,SF205,각주항목(09.06월 이후)
32622,201709,0010897,케이알투자증권주식회사,C21,파생상품계약_장외파생상품_이자율관련거래,0,국내증권사,B,SF205,각주항목(09.06월 이후)
32623,201709,0010897,케이알투자증권주식회사,C22,파생상품계약_장외파생상품_통화관련거래,0,국내증권사,B,SF205,각주항목(09.06월 이후)
32624,201709,0010897,케이알투자증권주식회사,C23,파생상품계약_장외파생상품_주식관련거래,0,국내증권사,B,SF205,각주항목(09.06월 이후)
32625,201709,0010897,케이알투자증권주식회사,C24,파생상품계약_장외파생상품_신용관련거래,0,국내증권사,B,SF205,각주항목(09.06월 이후)
32626,201709,0010897,케이알투자증권주식회사,C25,파생상품계약_장외파생상품_기타,0,국내증권사,B,SF205,각주항목(09.06월 이후)
32627,201709,0010897,케이알투자증권주식회사,D,대차 및 대주거래,0,국내증권사,B,SF205,각주항목(09.06월 이후)
32628,201709,0010897,케이알투자증권주식회사,D1,대차 및 대주거래_대여증권,0,국내증권사,B,SF205,각주항목(09.06월 이후)
32629,201709,0010897,케이알투자증권주식회사,D2,대차 및 대주거래_차입증권,0,국내증권사,B,SF205,각주항목(09.06월 이후)
32630,201709,0010897,케이알투자증권주식회사,D3,대차 및 대주거래_신용거래대주,0,국내증권사,B,SF205,각주항목(09.06월 이후)
32631,201709,0010897,케이알투자증권주식회사,E,대손상각채권,0,국내증권사,B,SF205,각주항목(09.06월 이후)
32632,201709,0010897,케이알투자증권주식회사,F,환전업무 예치금,0,국내증권사,B,SF205,각주항목(09.06월 이후)
32633,201709,0010897,케이알투자증권주식회사,G,미배당별도예치금,0,국내증권사,B,SF205,각주항목(09.06월 이후)
32634,201709,0010897,케이알투자증권주식회사,H,배서어음매출(종금계정),0,국내증권사,B,SF205,각주항목(09.06월 이후)
32635,201709,0010897,케이알투자증권주식회사,H1,대출채권매매이익_담보부,0,국내증권사,B,SF205,각주항목(09.06월 이후)
32636,201709,0010897,케이알투자증권주식회사,H2,대출채권매매이익_무담보부,0,국내증권사,B,SF205,각주항목(09.06월 이후)
32637,201712,0010897,케이알투자증권주식회사,A,채무보증,0,국내증권사,B,SF205,각주항목(09.06월 이후)
32638,201712,0010897,케이알투자증권주식회사,A1,채무보증_지급보증,0,국내증권사,B,SF205,각주항목(09.06월 이후)
32639,201712,0010897,케이알투자증권주식회사,A2,채무보증_매입보장약정,0,국내증권사,B,SF205,각주항목(09.06월 이후)
32640,201712,0010897,케이알투자증권주식회사,A3,채무보증_채무인수약정,0,국내증권사,B,SF205,각주항목(09.06월 이후)
32641,201712,0010897,케이알투자증권주식회사,A5,채무보증_매입확약,0,국내증권사,B,SF205,각주항목(09.06월 이후)
32642,201712,0010897,케이알투자증권주식회사,A6,채무보증_기타,0,국내증권사,B,SF205,각주항목(09.06월 이후)
32643,201712,0010897,케이알투자증권주식회사,B,투자자의 예수증권 등,0,국내증권사,B,SF205,각주항목(09.06월 이후)
32644,201712,0010897,케이알투자증권주식회사,B1,투자자의 예수증권 등_예수 증권,0,국내증권사,B,SF205,각주항목(09.06월 이후)
32645,201712,0010897,케이알투자증권주식회사,B2,투자자의 예수증권 등_예수양도성예금증서,0,국내증권사,B,SF205,각주항목(09.06월 이후)
32646,201712,0010897,케이알투자증권주식회사,B3,투자자의 예수증권 등_기타,0,국내증권사,B,SF205,각주항목(09.06월 이후)
32647,201712,0010897,케이알투자증권주식회사,C,파생상품계약,92869721132,국내증권사,B,SF205,각주항목(09.06월 이후)
32648,201712,0010897,케이알투자증권주식회사,C1,파생상품계약_장내파생상품,92869721132,국내증권사,B,SF205,각주항목(09.06월 이후)
32649,201712,0010897,케이알투자증권주식회사,C11,파생상품계약_장내파생상품_이자율관련거래,42592880000,국내증권사,B,SF205,각주항목(09.06월 이후)
32650,201712,0010897,케이알투자증권주식회사,C12,파생상품계약_장내파생상품_통화관련거래,48895841132,국내증권사,B,SF205,각주항목(09.06월 이후)
32651,201712,0010897,케이알투자증권주식회사,C13,파생상품계약_장내파생상품_주식관련거래,1381000000,국내증권사,B,SF205,각주항목(09.06월 이후)
32652,201712,0010897,케이알투자증권주식회사,C14,파생상품계약_장내파생상품_일반상품관련거래,0,국내증권사,B,SF205,각주항목(09.06월 이후)
32653,201712,0010897,케이알투자증권주식회사,C15,파생상품계약_장내파생상품_기타,0,국내증권사,B,SF205,각주항목(09.06월 이후)
32654,201712,0010897,케이알투자증권주식회사,C2,파생상품계약_장외파생상품,0,국내증권사,B,SF205,각주항목(09.06월 이후)
32655,201712,0010897,케이알투자증권주식회사,C21,파생상품계약_장외파생상품_이자율관련거래,0,국내증권사,B,SF205,각주항목(09.06월 이후)
32656,201712,0010897,케이알투자증권주식회사,C22,파생상품계약_장외파생상품_통화관련거래,0,국내증권사,B,SF205,각주항목(09.06월 이후)
32657,201712,0010897,케이알투자증권주식회사,C23,파생상품계약_장외파생상품_주식관련거래,0,국내증권사,B,SF205,각주항목(09.06월 이후)
32658,201712,0010897,케이알투자증권주식회사,C24,파생상품계약_장외파생상품_신용관련거래,0,국내증권사,B,SF205,각주항목(09.06월 이후)
32659,201712,0010897,케이알투자증권주식회사,C25,파생상품계약_장외파생상품_기타,0,국내증권사,B,SF205,각주항목(09.06월 이후)
32660,201712,0010897,케이알투자증권주식회사,D,대차 및 대주거래,0,국내증권사,B,SF205,각주항목(09.06월 이후)
32661,201712,0010897,케이알투자증권주식회사,D1,대차 및 대주거래_대여증권,0,국내증권사,B,SF205,각주항목(09.06월 이후)
32662,201712,0010897,케이알투자증권주식회사,D2,대차 및 대주거래_차입증권,0,국내증권사,B,SF205,각주항목(09.06월 이후)
32663,201712,0010897,케이알투자증권주식회사,D3,대차 및 대주거래_신용거래대주,0,국내증권사,B,SF205,각주항목(09.06월 이후)
32664,201712,0010897,케이알투자증권주식회사,E,대손상각채권,0,국내증권사,B,SF205,각주항목(09.06월 이후)
32665,201712,0010897,케이알투자증권주식회사,F,환전업무 예치금,0,국내증권사,B,SF205,각주항목(09.06월 이후)
32666,201712,0010897,케이알투자증권주식회사,G,미배당별도예치금,0,국내증권사,B,SF205,각주항목(09.06월 이후)
32667,201712,0010897,케이알투자증권주식회사,H,배서어음매출(종금계정),0,국내증권사,B,SF205,각주항목(09.06월 이후)
32668,201712,0010897,케이알투자증권주식회사,H1,대출채권매매이익_담보부,0,국내증권사,B,SF205,각주항목(09.06월 이후)
32669,201712,0010897,케이알투자증권주식회사,H2,대출채권매매이익_무담보부,0,국내증권사,B,SF205,각주항목(09.06월 이후)
32670,201803,0010897,케이알투자증권주식회사,A,채무보증,0,국내증권사,B,SF205,각주항목(09.06월 이후)
32671,201803,0010897,케이알투자증권주식회사,A1,채무보증_지급보증,0,국내증권사,B,SF205,각주항목(09.06월 이후)
32672,201803,0010897,케이알투자증권주식회사,A2,채무보증_매입보장약정,0,국내증권사,B,SF205,각주항목(09.06월 이후)
32673,201803,0010897,케이알투자증권주식회사,A3,채무보증_채무인수약정,0,국내증권사,B,SF205,각주항목(09.06월 이후)
32674,201803,0010897,케이알투자증권주식회사,A5,채무보증_매입확약,0,국내증권사,B,SF205,각주항목(09.06월 이후)
32675,201803,0010897,케이알투자증권주식회사,A6,채무보증_기타,0,국내증권사,B,SF205,각주항목(09.06월 이후)
32676,201803,0010897,케이알투자증권주식회사,B,투자자의 예수증권 등,0,국내증권사,B,SF205,각주항목(09.06월 이후)
32677,201803,0010897,케이알투자증권주식회사,B1,투자자의 예수증권 등_예수 증권,0,국내증권사,B,SF205,각주항목(09.06월 이후)
32678,201803,0010897,케이알투자증권주식회사,B2,투자자의 예수증권 등_예수양도성예금증서,0,국내증권사,B,SF205,각주항목(09.06월 이후)
32679,201803,0010897,케이알투자증권주식회사,B3,투자자의 예수증권 등_기타,0,국내증권사,B,SF205,각주항목(09.06월 이후)
32680,201803,0010897,케이알투자증권주식회사,C,파생상품계약,0,국내증권사,B,SF205,각주항목(09.06월 이후)
32681,201803,0010897,케이알투자증권주식회사,C1,파생상품계약_장내파생상품,0,국내증권사,B,SF205,각주항목(09.06월 이후)
32682,201803,0010897,케이알투자증권주식회사,C11,파생상품계약_장내파생상품_이자율관련거래,0,국내증권사,B,SF205,각주항목(09.06월 이후)
32683,201803,0010897,케이알투자증권주식회사,C12,파생상품계약_장내파생상품_통화관련거래,0,국내증권사,B,SF205,각주항목(09.06월 이후)
32684,201803,0010897,케이알투자증권주식회사,C13,파생상품계약_장내파생상품_주식관련거래,0,국내증권사,B,SF205,각주항목(09.06월 이후)
32685,201803,0010897,케이알투자증권주식회사,C14,파생상품계약_장내파생상품_일반상품관련거래,0,국내증권사,B,SF205,각주항목(09.06월 이후)
32686,201803,0010897,케이알투자증권주식회사,C15,파생상품계약_장내파생상품_기타,0,국내증권사,B,SF205,각주항목(09.06월 이후)
32687,201803,0010897,케이알투자증권주식회사,C2,파생상품계약_장외파생상품,0,국내증권사,B,SF205,각주항목(09.06월 이후)
32688,201803,0010897,케이알투자증권주식회사,C21,파생상품계약_장외파생상품_이자율관련거래,0,국내증권사,B,SF205,각주항목(09.06월 이후)
32689,201803,0010897,케이알투자증권주식회사,C22,파생상품계약_장외파생상품_통화관련거래,0,국내증권사,B,SF205,각주항목(09.06월 이후)
32690,201803,0010897,케이알투자증권주식회사,C23,파생상품계약_장외파생상품_주식관련거래,0,국내증권사,B,SF205,각주항목(09.06월 이후)
32691,201803,0010897,케이알투자증권주식회사,C24,파생상품계약_장외파생상품_신용관련거래,0,국내증권사,B,SF205,각주항목(09.06월 이후)
32692,201803,0010897,케이알투자증권주식회사,C25,파생상품계약_장외파생상품_기타,0,국내증권사,B,SF205,각주항목(09.06월 이후)
32693,201803,0010897,케이알투자증권주식회사,D,대차 및 대주거래,0,국내증권사,B,SF205,각주항목(09.06월 이후)
32694,201803,0010897,케이알투자증권주식회사,D1,대차 및 대주거래_대여증권,0,국내증권사,B,SF205,각주항목(09.06월 이후)
32695,201803,0010897,케이알투자증권주식회사,D2,대차 및 대주거래_차입증권,0,국내증권사,B,SF205,각주항목(09.06월 이후)
32696,201803,0010897,케이알투자증권주식회사,D3,대차 및 대주거래_신용거래대주,0,국내증권사,B,SF205,각주항목(09.06월 이후)
32697,201803,0010897,케이알투자증권주식회사,E,대손상각채권,0,국내증권사,B,SF205,각주항목(09.06월 이후)
32698,201803,0010897,케이알투자증권주식회사,F,환전업무 예치금,0,국내증권사,B,SF205,각주항목(09.06월 이후)
32699,201803,0010897,케이알투자증권주식회사,G,미배당별도예치금,0,국내증권사,B,SF205,각주항목(09.06월 이후)
32700,201803,0010897,케이알투자증권주식회사,H,배서어음매출(종금계정),0,국내증권사,B,SF205,각주항목(09.06월 이후)
32701,201803,0010897,케이알투자증권주식회사,H1,대출채권매매이익_담보부,0,국내증권사,B,SF205,각주항목(09.06월 이후)
32702,201803,0010897,케이알투자증권주식회사,H2,대출채권매매이익_무담보부,0,국내증권사,B,SF205,각주항목(09.06월 이후)
32703,201806,0010897,케이알투자증권주식회사,A,채무보증,0,국내증권사,B,SF205,각주항목(09.06월 이후)
32704,201806,0010897,케이알투자증권주식회사,A1,채무보증_지급보증,0,국내증권사,B,SF205,각주항목(09.06월 이후)
32705,201806,0010897,케이알투자증권주식회사,A2,채무보증_매입보장약정,0,국내증권사,B,SF205,각주항목(09.06월 이후)
32706,201806,0010897,케이알투자증권주식회사,A3,채무보증_채무인수약정,0,국내증권사,B,SF205,각주항목(09.06월 이후)
32707,201806,0010897,케이알투자증권주식회사,A5,채무보증_매입확약,0,국내증권사,B,SF205,각주항목(09.06월 이후)
32708,201806,0010897,케이알투자증권주식회사,A6,채무보증_기타,0,국내증권사,B,SF205,각주항목(09.06월 이후)
32709,201806,0010897,케이알투자증권주식회사,B,투자자의 예수증권 등,0,국내증권사,B,SF205,각주항목(09.06월 이후)
32710,201806,0010897,케이알투자증권주식회사,B1,투자자의 예수증권 등_예수 증권,0,국내증권사,B,SF205,각주항목(09.06월 이후)
32711,201806,0010897,케이알투자증권주식회사,B2,투자자의 예수증권 등_예수양도성예금증서,0,국내증권사,B,SF205,각주항목(09.06월 이후)
32712,201806,0010897,케이알투자증권주식회사,B3,투자자의 예수증권 등_기타,0,국내증권사,B,SF205,각주항목(09.06월 이후)
32713,201806,0010897,케이알투자증권주식회사,C,파생상품계약,0,국내증권사,B,SF205,각주항목(09.06월 이후)
32714,201806,0010897,케이알투자증권주식회사,C1,파생상품계약_장내파생상품,0,국내증권사,B,SF205,각주항목(09.06월 이후)
32715,201806,0010897,케이알투자증권주식회사,C11,파생상품계약_장내파생상품_이자율관련거래,0,국내증권사,B,SF205,각주항목(09.06월 이후)
32716,201806,0010897,케이알투자증권주식회사,C12,파생상품계약_장내파생상품_통화관련거래,0,국내증권사,B,SF205,각주항목(09.06월 이후)
32717,201806,0010897,케이알투자증권주식회사,C13,파생상품계약_장내파생상품_주식관련거래,0,국내증권사,B,SF205,각주항목(09.06월 이후)
32718,201806,0010897,케이알투자증권주식회사,C14,파생상품계약_장내파생상품_일반상품관련거래,0,국내증권사,B,SF205,각주항목(09.06월 이후)
32719,201806,0010897,케이알투자증권주식회사,C15,파생상품계약_장내파생상품_기타,0,국내증권사,B,SF205,각주항목(09.06월 이후)
32720,201806,0010897,케이알투자증권주식회사,C2,파생상품계약_장외파생상품,0,국내증권사,B,SF205,각주항목(09.06월 이후)
32721,201806,0010897,케이알투자증권주식회사,C21,파생상품계약_장외파생상품_이자율관련거래,0,국내증권사,B,SF205,각주항목(09.06월 이후)
32722,201806,0010897,케이알투자증권주식회사,C22,파생상품계약_장외파생상품_통화관련거래,0,국내증권사,B,SF205,각주항목(09.06월 이후)
32723,201806,0010897,케이알투자증권주식회사,C23,파생상품계약_장외파생상품_주식관련거래,0,국내증권사,B,SF205,각주항목(09.06월 이후)
32724,201806,0010897,케이알투자증권주식회사,C24,파생상품계약_장외파생상품_신용관련거래,0,국내증권사,B,SF205,각주항목(09.06월 이후)
32725,201806,0010897,케이알투자증권주식회사,C25,파생상품계약_장외파생상품_기타,0,국내증권사,B,SF205,각주항목(09.06월 이후)
32726,201806,0010897,케이알투자증권주식회사,D,대차 및 대주거래,0,국내증권사,B,SF205,각주항목(09.06월 이후)
32727,201806,0010897,케이알투자증권주식회사,D1,대차 및 대주거래_대여증권,0,국내증권사,B,SF205,각주항목(09.06월 이후)
32728,201806,0010897,케이알투자증권주식회사,D2,대차 및 대주거래_차입증권,0,국내증권사,B,SF205,각주항목(09.06월 이후)
32729,201806,0010897,케이알투자증권주식회사,D3,대차 및 대주거래_신용거래대주,0,국내증권사,B,SF205,각주항목(09.06월 이후)
32730,201806,0010897,케이알투자증권주식회사,E,대손상각채권,0,국내증권사,B,SF205,각주항목(09.06월 이후)
32731,201806,0010897,케이알투자증권주식회사,F,환전업무 예치금,0,국내증권사,B,SF205,각주항목(09.06월 이후)
32732,201806,0010897,케이알투자증권주식회사,G,미배당별도예치금,0,국내증권사,B,SF205,각주항목(09.06월 이후)
32733,201806,0010897,케이알투자증권주식회사,H,배서어음매출(종금계정),0,국내증권사,B,SF205,각주항목(09.06월 이후)
32734,201806,0010897,케이알투자증권주식회사,H1,대출채권매매이익_담보부,0,국내증권사,B,SF205,각주항목(09.06월 이후)
32735,201806,0010897,케이알투자증권주식회사,H2,대출채권매매이익_무담보부,0,국내증권사,B,SF205,각주항목(09.06월 이후)
32736,201809,0010897,케이알투자증권주식회사,A,채무보증,0,국내증권사,B,SF205,각주항목(09.06월 이후)
32737,201809,0010897,케이알투자증권주식회사,A1,채무보증_지급보증,0,국내증권사,B,SF205,각주항목(09.06월 이후)
32738,201809,0010897,케이알투자증권주식회사,A2,채무보증_매입보장약정,0,국내증권사,B,SF205,각주항목(09.06월 이후)
32739,201809,0010897,케이알투자증권주식회사,A3,채무보증_채무인수약정,0,국내증권사,B,SF205,각주항목(09.06월 이후)
32740,201809,0010897,케이알투자증권주식회사,A5,채무보증_매입확약,0,국내증권사,B,SF205,각주항목(09.06월 이후)
32741,201809,0010897,케이알투자증권주식회사,A6,채무보증_기타,0,국내증권사,B,SF205,각주항목(09.06월 이후)
32742,201809,0010897,케이알투자증권주식회사,B,투자자의 예수증권 등,0,국내증권사,B,SF205,각주항목(09.06월 이후)
32743,201809,0010897,케이알투자증권주식회사,B1,투자자의 예수증권 등_예수 증권,0,국내증권사,B,SF205,각주항목(09.06월 이후)
32744,201809,0010897,케이알투자증권주식회사,B2,투자자의 예수증권 등_예수양도성예금증서,0,국내증권사,B,SF205,각주항목(09.06월 이후)
32745,201809,0010897,케이알투자증권주식회사,B3,투자자의 예수증권 등_기타,0,국내증권사,B,SF205,각주항목(09.06월 이후)
32746,201809,0010897,케이알투자증권주식회사,C,파생상품계약,0,국내증권사,B,SF205,각주항목(09.06월 이후)
32747,201809,0010897,케이알투자증권주식회사,C1,파생상품계약_장내파생상품,0,국내증권사,B,SF205,각주항목(09.06월 이후)
32748,201809,0010897,케이알투자증권주식회사,C11,파생상품계약_장내파생상품_이자율관련거래,0,국내증권사,B,SF205,각주항목(09.06월 이후)
32749,201809,0010897,케이알투자증권주식회사,C12,파생상품계약_장내파생상품_통화관련거래,0,국내증권사,B,SF205,각주항목(09.06월 이후)
32750,201809,0010897,케이알투자증권주식회사,C13,파생상품계약_장내파생상품_주식관련거래,0,국내증권사,B,SF205,각주항목(09.06월 이후)
32751,201809,0010897,케이알투자증권주식회사,C14,파생상품계약_장내파생상품_일반상품관련거래,0,국내증권사,B,SF205,각주항목(09.06월 이후)
32752,201809,0010897,케이알투자증권주식회사,C15,파생상품계약_장내파생상품_기타,0,국내증권사,B,SF205,각주항목(09.06월 이후)
32753,201809,0010897,케이알투자증권주식회사,C2,파생상품계약_장외파생상품,0,국내증권사,B,SF205,각주항목(09.06월 이후)
32754,201809,0010897,케이알투자증권주식회사,C21,파생상품계약_장외파생상품_이자율관련거래,0,국내증권사,B,SF205,각주항목(09.06월 이후)
32755,201809,0010897,케이알투자증권주식회사,C22,파생상품계약_장외파생상품_통화관련거래,0,국내증권사,B,SF205,각주항목(09.06월 이후)
32756,201809,0010897,케이알투자증권주식회사,C23,파생상품계약_장외파생상품_주식관련거래,0,국내증권사,B,SF205,각주항목(09.06월 이후)
32757,201809,0010897,케이알투자증권주식회사,C24,파생상품계약_장외파생상품_신용관련거래,0,국내증권사,B,SF205,각주항목(09.06월 이후)
32758,201809,0010897,케이알투자증권주식회사,C25,파생상품계약_장외파생상품_기타,0,국내증권사,B,SF205,각주항목(09.06월 이후)
32759,201809,0010897,케이알투자증권주식회사,D,대차 및 대주거래,0,국내증권사,B,SF205,각주항목(09.06월 이후)
32760,201809,0010897,케이알투자증권주식회사,D1,대차 및 대주거래_대여증권,0,국내증권사,B,SF205,각주항목(09.06월 이후)
32761,201809,0010897,케이알투자증권주식회사,D2,대차 및 대주거래_차입증권,0,국내증권사,B,SF205,각주항목(09.06월 이후)
32762,201809,0010897,케이알투자증권주식회사,D3,대차 및 대주거래_신용거래대주,0,국내증권사,B,SF205,각주항목(09.06월 이후)
32763,201809,0010897,케이알투자증권주식회사,E,대손상각채권,0,국내증권사,B,SF205,각주항목(09.06월 이후)
32764,201809,0010897,케이알투자증권주식회사,F,환전업무 예치금,0,국내증권사,B,SF205,각주항목(09.06월 이후)
32765,201809,0010897,케이알투자증권주식회사,G,미배당별도예치금,0,국내증권사,B,SF205,각주항목(09.06월 이후)
32766,201809,0010897,케이알투자증권주식회사,H,배서어음매출(종금계정),0,국내증권사,B,SF205,각주항목(09.06월 이후)
32767,201809,0010897,케이알투자증권주식회사,H1,대출채권매매이익_담보부,0,국내증권사,B,SF205,각주항목(09.06월 이후)
32768,201809,0010897,케이알투자증권주식회사,H2,대출채권매매이익_무담보부,0,국내증권사,B,SF205,각주항목(09.06월 이후)
32769,201812,0010897,케이알투자증권주식회사,A,채무보증,0,국내증권사,B,SF205,각주항목(09.06월 이후)
32770,201812,0010897,케이알투자증권주식회사,A1,채무보증_지급보증,0,국내증권사,B,SF205,각주항목(09.06월 이후)
32771,201812,0010897,케이알투자증권주식회사,A2,채무보증_매입보장약정,0,국내증권사,B,SF205,각주항목(09.06월 이후)
32772,201812,0010897,케이알투자증권주식회사,A3,채무보증_채무인수약정,0,국내증권사,B,SF205,각주항목(09.06월 이후)
32773,201812,0010897,케이알투자증권주식회사,A5,채무보증_매입확약,0,국내증권사,B,SF205,각주항목(09.06월 이후)
32774,201812,0010897,케이알투자증권주식회사,A6,채무보증_기타,0,국내증권사,B,SF205,각주항목(09.06월 이후)
32775,201812,0010897,케이알투자증권주식회사,B,투자자의 예수증권 등,0,국내증권사,B,SF205,각주항목(09.06월 이후)
32776,201812,0010897,케이알투자증권주식회사,B1,투자자의 예수증권 등_예수 증권,0,국내증권사,B,SF205,각주항목(09.06월 이후)
32777,201812,0010897,케이알투자증권주식회사,B2,투자자의 예수증권 등_예수양도성예금증서,0,국내증권사,B,SF205,각주항목(09.06월 이후)
32778,201812,0010897,케이알투자증권주식회사,B3,투자자의 예수증권 등_기타,0,국내증권사,B,SF205,각주항목(09.06월 이후)
32779,201812,0010897,케이알투자증권주식회사,C,파생상품계약,0,국내증권사,B,SF205,각주항목(09.06월 이후)
32780,201812,0010897,케이알투자증권주식회사,C1,파생상품계약_장내파생상품,0,국내증권사,B,SF205,각주항목(09.06월 이후)
32781,201812,0010897,케이알투자증권주식회사,C11,파생상품계약_장내파생상품_이자율관련거래,0,국내증권사,B,SF205,각주항목(09.06월 이후)
32782,201812,0010897,케이알투자증권주식회사,C12,파생상품계약_장내파생상품_통화관련거래,0,국내증권사,B,SF205,각주항목(09.06월 이후)
32783,201812,0010897,케이알투자증권주식회사,C13,파생상품계약_장내파생상품_주식관련거래,0,국내증권사,B,SF205,각주항목(09.06월 이후)
32784,201812,0010897,케이알투자증권주식회사,C14,파생상품계약_장내파생상품_일반상품관련거래,0,국내증권사,B,SF205,각주항목(09.06월 이후)
32785,201812,0010897,케이알투자증권주식회사,C15,파생상품계약_장내파생상품_기타,0,국내증권사,B,SF205,각주항목(09.06월 이후)
32786,201812,0010897,케이알투자증권주식회사,C2,파생상품계약_장외파생상품,0,국내증권사,B,SF205,각주항목(09.06월 이후)
32787,201812,0010897,케이알투자증권주식회사,C21,파생상품계약_장외파생상품_이자율관련거래,0,국내증권사,B,SF205,각주항목(09.06월 이후)
32788,201812,0010897,케이알투자증권주식회사,C22,파생상품계약_장외파생상품_통화관련거래,0,국내증권사,B,SF205,각주항목(09.06월 이후)
32789,201812,0010897,케이알투자증권주식회사,C23,파생상품계약_장외파생상품_주식관련거래,0,국내증권사,B,SF205,각주항목(09.06월 이후)
32790,201812,0010897,케이알투자증권주식회사,C24,파생상품계약_장외파생상품_신용관련거래,0,국내증권사,B,SF205,각주항목(09.06월 이후)
32791,201812,0010897,케이알투자증권주식회사,C25,파생상품계약_장외파생상품_기타,0,국내증권사,B,SF205,각주항목(09.06월 이후)
32792,201812,0010897,케이알투자증권주식회사,D,대차 및 대주거래,0,국내증권사,B,SF205,각주항목(09.06월 이후)
32793,201812,0010897,케이알투자증권주식회사,D1,대차 및 대주거래_대여증권,0,국내증권사,B,SF205,각주항목(09.06월 이후)
32794,201812,0010897,케이알투자증권주식회사,D2,대차 및 대주거래_차입증권,0,국내증권사,B,SF205,각주항목(09.06월 이후)
32795,201812,0010897,케이알투자증권주식회사,D3,대차 및 대주거래_신용거래대주,0,국내증권사,B,SF205,각주항목(09.06월 이후)
32796,201812,0010897,케이알투자증권주식회사,E,대손상각채권,0,국내증권사,B,SF205,각주항목(09.06월 이후)
32797,201812,0010897,케이알투자증권주식회사,F,환전업무 예치금,0,국내증권사,B,SF205,각주항목(09.06월 이후)
32798,201812,0010897,케이알투자증권주식회사,G,미배당별도예치금,0,국내증권사,B,SF205,각주항목(09.06월 이후)
32799,201812,0010897,케이알투자증권주식회사,H,배서어음매출(종금계정),0,국내증권사,B,SF205,각주항목(09.06월 이후)
32800,201812,0010897,케이알투자증권주식회사,H1,대출채권매매이익_담보부,0,국내증권사,B,SF205,각주항목(09.06월 이후)
32801,201812,0010897,케이알투자증권주식회사,H2,대출채권매매이익_무담보부,0,국내증권사,B,SF205,각주항목(09.06월 이후)
32802,201903,0010897,케이알투자증권주식회사,A,채무보증,0,국내증권사,B,SF205,각주항목(09.06월 이후)
32803,201903,0010897,케이알투자증권주식회사,A1,채무보증_지급보증,0,국내증권사,B,SF205,각주항목(09.06월 이후)
32804,201903,0010897,케이알투자증권주식회사,A2,채무보증_매입보장약정,0,국내증권사,B,SF205,각주항목(09.06월 이후)
32805,201903,0010897,케이알투자증권주식회사,A3,채무보증_채무인수약정,0,국내증권사,B,SF205,각주항목(09.06월 이후)
32806,201903,0010897,케이알투자증권주식회사,A5,채무보증_매입확약,0,국내증권사,B,SF205,각주항목(09.06월 이후)
32807,201903,0010897,케이알투자증권주식회사,A6,채무보증_기타,0,국내증권사,B,SF205,각주항목(09.06월 이후)
32808,201903,0010897,케이알투자증권주식회사,B,투자자의 예수증권 등,0,국내증권사,B,SF205,각주항목(09.06월 이후)
32809,201903,0010897,케이알투자증권주식회사,B1,투자자의 예수증권 등_예수 증권,0,국내증권사,B,SF205,각주항목(09.06월 이후)
32810,201903,0010897,케이알투자증권주식회사,B2,투자자의 예수증권 등_예수양도성예금증서,0,국내증권사,B,SF205,각주항목(09.06월 이후)
32811,201903,0010897,케이알투자증권주식회사,B3,투자자의 예수증권 등_기타,0,국내증권사,B,SF205,각주항목(09.06월 이후)
32812,201903,0010897,케이알투자증권주식회사,C,파생상품계약,0,국내증권사,B,SF205,각주항목(09.06월 이후)
32813,201903,0010897,케이알투자증권주식회사,C1,파생상품계약_장내파생상품,0,국내증권사,B,SF205,각주항목(09.06월 이후)
32814,201903,0010897,케이알투자증권주식회사,C11,파생상품계약_장내파생상품_이자율관련거래,0,국내증권사,B,SF205,각주항목(09.06월 이후)
32815,201903,0010897,케이알투자증권주식회사,C12,파생상품계약_장내파생상품_통화관련거래,0,국내증권사,B,SF205,각주항목(09.06월 이후)
32816,201903,0010897,케이알투자증권주식회사,C13,파생상품계약_장내파생상품_주식관련거래,0,국내증권사,B,SF205,각주항목(09.06월 이후)
32817,201903,0010897,케이알투자증권주식회사,C14,파생상품계약_장내파생상품_일반상품관련거래,0,국내증권사,B,SF205,각주항목(09.06월 이후)
32818,201903,0010897,케이알투자증권주식회사,C15,파생상품계약_장내파생상품_기타,0,국내증권사,B,SF205,각주항목(09.06월 이후)
32819,201903,0010897,케이알투자증권주식회사,C2,파생상품계약_장외파생상품,0,국내증권사,B,SF205,각주항목(09.06월 이후)
32820,201903,0010897,케이알투자증권주식회사,C21,파생상품계약_장외파생상품_이자율관련거래,0,국내증권사,B,SF205,각주항목(09.06월 이후)
32821,201903,0010897,케이알투자증권주식회사,C22,파생상품계약_장외파생상품_통화관련거래,0,국내증권사,B,SF205,각주항목(09.06월 이후)
32822,201903,0010897,케이알투자증권주식회사,C23,파생상품계약_장외파생상품_주식관련거래,0,국내증권사,B,SF205,각주항목(09.06월 이후)
32823,201903,0010897,케이알투자증권주식회사,C24,파생상품계약_장외파생상품_신용관련거래,0,국내증권사,B,SF205,각주항목(09.06월 이후)
32824,201903,0010897,케이알투자증권주식회사,C25,파생상품계약_장외파생상품_기타,0,국내증권사,B,SF205,각주항목(09.06월 이후)
32825,201903,0010897,케이알투자증권주식회사,D,대차 및 대주거래,0,국내증권사,B,SF205,각주항목(09.06월 이후)
32826,201903,0010897,케이알투자증권주식회사,D1,대차 및 대주거래_대여증권,0,국내증권사,B,SF205,각주항목(09.06월 이후)
32827,201903,0010897,케이알투자증권주식회사,D2,대차 및 대주거래_차입증권,0,국내증권사,B,SF205,각주항목(09.06월 이후)
32828,201903,0010897,케이알투자증권주식회사,D3,대차 및 대주거래_신용거래대주,0,국내증권사,B,SF205,각주항목(09.06월 이후)
32829,201903,0010897,케이알투자증권주식회사,E,대손상각채권,0,국내증권사,B,SF205,각주항목(09.06월 이후)
32830,201903,0010897,케이알투자증권주식회사,F,환전업무 예치금,0,국내증권사,B,SF205,각주항목(09.06월 이후)
32831,201903,0010897,케이알투자증권주식회사,G,미배당별도예치금,0,국내증권사,B,SF205,각주항목(09.06월 이후)
32832,201903,0010897,케이알투자증권주식회사,H,배서어음매출(종금계정),0,국내증권사,B,SF205,각주항목(09.06월 이후)
32833,201903,0010897,케이알투자증권주식회사,H1,대출채권매매이익_담보부,0,국내증권사,B,SF205,각주항목(09.06월 이후)
32834,201903,0010897,케이알투자증권주식회사,H2,대출채권매매이익_무담보부,0,국내증권사,B,SF205,각주항목(09.06월 이후)
32835,201906,0010897,케이알투자증권주식회사,A,채무보증,0,국내증권사,B,SF205,각주항목(09.06월 이후)
32836,201906,0010897,케이알투자증권주식회사,A1,채무보증_지급보증,0,국내증권사,B,SF205,각주항목(09.06월 이후)
32837,201906,0010897,케이알투자증권주식회사,A2,채무보증_매입보장약정,0,국내증권사,B,SF205,각주항목(09.06월 이후)
32838,201906,0010897,케이알투자증권주식회사,A3,채무보증_채무인수약정,0,국내증권사,B,SF205,각주항목(09.06월 이후)
32839,201906,0010897,케이알투자증권주식회사,A5,채무보증_매입확약,0,국내증권사,B,SF205,각주항목(09.06월 이후)
32840,201906,0010897,케이알투자증권주식회사,A6,채무보증_기타,0,국내증권사,B,SF205,각주항목(09.06월 이후)
32841,201906,0010897,케이알투자증권주식회사,B,투자자의 예수증권 등,0,국내증권사,B,SF205,각주항목(09.06월 이후)
32842,201906,0010897,케이알투자증권주식회사,B1,투자자의 예수증권 등_예수 증권,0,국내증권사,B,SF205,각주항목(09.06월 이후)
32843,201906,0010897,케이알투자증권주식회사,B2,투자자의 예수증권 등_예수양도성예금증서,0,국내증권사,B,SF205,각주항목(09.06월 이후)
32844,201906,0010897,케이알투자증권주식회사,B3,투자자의 예수증권 등_기타,0,국내증권사,B,SF205,각주항목(09.06월 이후)
32845,201906,0010897,케이알투자증권주식회사,C,파생상품계약,0,국내증권사,B,SF205,각주항목(09.06월 이후)
32846,201906,0010897,케이알투자증권주식회사,C1,파생상품계약_장내파생상품,0,국내증권사,B,SF205,각주항목(09.06월 이후)
32847,201906,0010897,케이알투자증권주식회사,C11,파생상품계약_장내파생상품_이자율관련거래,0,국내증권사,B,SF205,각주항목(09.06월 이후)
32848,201906,0010897,케이알투자증권주식회사,C12,파생상품계약_장내파생상품_통화관련거래,0,국내증권사,B,SF205,각주항목(09.06월 이후)
32849,201906,0010897,케이알투자증권주식회사,C13,파생상품계약_장내파생상품_주식관련거래,0,국내증권사,B,SF205,각주항목(09.06월 이후)
32850,201906,0010897,케이알투자증권주식회사,C14,파생상품계약_장내파생상품_일반상품관련거래,0,국내증권사,B,SF205,각주항목(09.06월 이후)
32851,201906,0010897,케이알투자증권주식회사,C15,파생상품계약_장내파생상품_기타,0,국내증권사,B,SF205,각주항목(09.06월 이후)
32852,201906,0010897,케이알투자증권주식회사,C2,파생상품계약_장외파생상품,0,국내증권사,B,SF205,각주항목(09.06월 이후)
32853,201906,0010897,케이알투자증권주식회사,C21,파생상품계약_장외파생상품_이자율관련거래,0,국내증권사,B,SF205,각주항목(09.06월 이후)
32854,201906,0010897,케이알투자증권주식회사,C22,파생상품계약_장외파생상품_통화관련거래,0,국내증권사,B,SF205,각주항목(09.06월 이후)
32855,201906,0010897,케이알투자증권주식회사,C23,파생상품계약_장외파생상품_주식관련거래,0,국내증권사,B,SF205,각주항목(09.06월 이후)
32856,201906,0010897,케이알투자증권주식회사,C24,파생상품계약_장외파생상품_신용관련거래,0,국내증권사,B,SF205,각주항목(09.06월 이후)
32857,201906,0010897,케이알투자증권주식회사,C25,파생상품계약_장외파생상품_기타,0,국내증권사,B,SF205,각주항목(09.06월 이후)
32858,201906,0010897,케이알투자증권주식회사,D,대차 및 대주거래,0,국내증권사,B,SF205,각주항목(09.06월 이후)
32859,201906,0010897,케이알투자증권주식회사,D1,대차 및 대주거래_대여증권,0,국내증권사,B,SF205,각주항목(09.06월 이후)
32860,201906,0010897,케이알투자증권주식회사,D2,대차 및 대주거래_차입증권,0,국내증권사,B,SF205,각주항목(09.06월 이후)
32861,201906,0010897,케이알투자증권주식회사,D3,대차 및 대주거래_신용거래대주,0,국내증권사,B,SF205,각주항목(09.06월 이후)
32862,201906,0010897,케이알투자증권주식회사,E,대손상각채권,0,국내증권사,B,SF205,각주항목(09.06월 이후)
32863,201906,0010897,케이알투자증권주식회사,F,환전업무 예치금,0,국내증권사,B,SF205,각주항목(09.06월 이후)
32864,201906,0010897,케이알투자증권주식회사,G,미배당별도예치금,0,국내증권사,B,SF205,각주항목(09.06월 이후)
32865,201906,0010897,케이알투자증권주식회사,H,배서어음매출(종금계정),0,국내증권사,B,SF205,각주항목(09.06월 이후)
32866,201906,0010897,케이알투자증권주식회사,H1,대출채권매매이익_담보부,0,국내증권사,B,SF205,각주항목(09.06월 이후)
32867,201906,0010897,케이알투자증권주식회사,H2,대출채권매매이익_무담보부,0,국내증권사,B,SF205,각주항목(09.06월 이후)
32868,201909,0010897,케이알투자증권주식회사,A,채무보증,0,국내증권사,B,SF205,각주항목(09.06월 이후)
32869,201909,0010897,케이알투자증권주식회사,A1,채무보증_지급보증,0,국내증권사,B,SF205,각주항목(09.06월 이후)
32870,201909,0010897,케이알투자증권주식회사,A2,채무보증_매입보장약정,0,국내증권사,B,SF205,각주항목(09.06월 이후)
32871,201909,0010897,케이알투자증권주식회사,A3,채무보증_채무인수약정,0,국내증권사,B,SF205,각주항목(09.06월 이후)
32872,201909,0010897,케이알투자증권주식회사,A5,채무보증_매입확약,0,국내증권사,B,SF205,각주항목(09.06월 이후)
32873,201909,0010897,케이알투자증권주식회사,A6,채무보증_기타,0,국내증권사,B,SF205,각주항목(09.06월 이후)
32874,201909,0010897,케이알투자증권주식회사,B,투자자의 예수증권 등,0,국내증권사,B,SF205,각주항목(09.06월 이후)
32875,201909,0010897,케이알투자증권주식회사,B1,투자자의 예수증권 등_예수 증권,0,국내증권사,B,SF205,각주항목(09.06월 이후)
32876,201909,0010897,케이알투자증권주식회사,B2,투자자의 예수증권 등_예수양도성예금증서,0,국내증권사,B,SF205,각주항목(09.06월 이후)
32877,201909,0010897,케이알투자증권주식회사,B3,투자자의 예수증권 등_기타,0,국내증권사,B,SF205,각주항목(09.06월 이후)
32878,201909,0010897,케이알투자증권주식회사,C,파생상품계약,0,국내증권사,B,SF205,각주항목(09.06월 이후)
32879,201909,0010897,케이알투자증권주식회사,C1,파생상품계약_장내파생상품,0,국내증권사,B,SF205,각주항목(09.06월 이후)
32880,201909,0010897,케이알투자증권주식회사,C11,파생상품계약_장내파생상품_이자율관련거래,0,국내증권사,B,SF205,각주항목(09.06월 이후)
32881,201909,0010897,케이알투자증권주식회사,C12,파생상품계약_장내파생상품_통화관련거래,0,국내증권사,B,SF205,각주항목(09.06월 이후)
32882,201909,0010897,케이알투자증권주식회사,C13,파생상품계약_장내파생상품_주식관련거래,0,국내증권사,B,SF205,각주항목(09.06월 이후)
32883,201909,0010897,케이알투자증권주식회사,C14,파생상품계약_장내파생상품_일반상품관련거래,0,국내증권사,B,SF205,각주항목(09.06월 이후)
32884,201909,0010897,케이알투자증권주식회사,C15,파생상품계약_장내파생상품_기타,0,국내증권사,B,SF205,각주항목(09.06월 이후)
32885,201909,0010897,케이알투자증권주식회사,C2,파생상품계약_장외파생상품,0,국내증권사,B,SF205,각주항목(09.06월 이후)
32886,201909,0010897,케이알투자증권주식회사,C21,파생상품계약_장외파생상품_이자율관련거래,0,국내증권사,B,SF205,각주항목(09.06월 이후)
32887,201909,0010897,케이알투자증권주식회사,C22,파생상품계약_장외파생상품_통화관련거래,0,국내증권사,B,SF205,각주항목(09.06월 이후)
32888,201909,0010897,케이알투자증권주식회사,C23,파생상품계약_장외파생상품_주식관련거래,0,국내증권사,B,SF205,각주항목(09.06월 이후)
32889,201909,0010897,케이알투자증권주식회사,C24,파생상품계약_장외파생상품_신용관련거래,0,국내증권사,B,SF205,각주항목(09.06월 이후)
32890,201909,0010897,케이알투자증권주식회사,C25,파생상품계약_장외파생상품_기타,0,국내증권사,B,SF205,각주항목(09.06월 이후)
32891,201909,0010897,케이알투자증권주식회사,D,대차 및 대주거래,0,국내증권사,B,SF205,각주항목(09.06월 이후)
32892,201909,0010897,케이알투자증권주식회사,D1,대차 및 대주거래_대여증권,0,국내증권사,B,SF205,각주항목(09.06월 이후)
32893,201909,0010897,케이알투자증권주식회사,D2,대차 및 대주거래_차입증권,0,국내증권사,B,SF205,각주항목(09.06월 이후)
32894,201909,0010897,케이알투자증권주식회사,D3,대차 및 대주거래_신용거래대주,0,국내증권사,B,SF205,각주항목(09.06월 이후)
32895,201909,0010897,케이알투자증권주식회사,E,대손상각채권,0,국내증권사,B,SF205,각주항목(09.06월 이후)
32896,201909,0010897,케이알투자증권주식회사,F,환전업무 예치금,0,국내증권사,B,SF205,각주항목(09.06월 이후)
32897,201909,0010897,케이알투자증권주식회사,G,미배당별도예치금,0,국내증권사,B,SF205,각주항목(09.06월 이후)
32898,201909,0010897,케이알투자증권주식회사,H,배서어음매출(종금계정),0,국내증권사,B,SF205,각주항목(09.06월 이후)
32899,201909,0010897,케이알투자증권주식회사,H1,대출채권매매이익_담보부,0,국내증권사,B,SF205,각주항목(09.06월 이후)
32900,201909,0010897,케이알투자증권주식회사,H2,대출채권매매이익_무담보부,0,국내증권사,B,SF205,각주항목(09.06월 이후)
32901,201912,0010897,케이알투자증권주식회사,A,채무보증,0,국내증권사,B,SF205,각주항목(09.06월 이후)
32902,201912,0010897,케이알투자증권주식회사,A1,채무보증_지급보증,0,국내증권사,B,SF205,각주항목(09.06월 이후)
32903,201912,0010897,케이알투자증권주식회사,A2,채무보증_매입보장약정,0,국내증권사,B,SF205,각주항목(09.06월 이후)
32904,201912,0010897,케이알투자증권주식회사,A3,채무보증_채무인수약정,0,국내증권사,B,SF205,각주항목(09.06월 이후)
32905,201912,0010897,케이알투자증권주식회사,A5,채무보증_매입확약,0,국내증권사,B,SF205,각주항목(09.06월 이후)
32906,201912,0010897,케이알투자증권주식회사,A6,채무보증_기타,0,국내증권사,B,SF205,각주항목(09.06월 이후)
32907,201912,0010897,케이알투자증권주식회사,B,투자자의 예수증권 등,0,국내증권사,B,SF205,각주항목(09.06월 이후)
32908,201912,0010897,케이알투자증권주식회사,B1,투자자의 예수증권 등_예수 증권,0,국내증권사,B,SF205,각주항목(09.06월 이후)
32909,201912,0010897,케이알투자증권주식회사,B2,투자자의 예수증권 등_예수양도성예금증서,0,국내증권사,B,SF205,각주항목(09.06월 이후)
32910,201912,0010897,케이알투자증권주식회사,B3,투자자의 예수증권 등_기타,0,국내증권사,B,SF205,각주항목(09.06월 이후)
32911,201912,0010897,케이알투자증권주식회사,C,파생상품계약,11196140000,국내증권사,B,SF205,각주항목(09.06월 이후)
32912,201912,0010897,케이알투자증권주식회사,C1,파생상품계약_장내파생상품,11196140000,국내증권사,B,SF205,각주항목(09.06월 이후)
32913,201912,0010897,케이알투자증권주식회사,C11,파생상품계약_장내파생상품_이자율관련거래,11196140000,국내증권사,B,SF205,각주항목(09.06월 이후)
32914,201912,0010897,케이알투자증권주식회사,C12,파생상품계약_장내파생상품_통화관련거래,0,국내증권사,B,SF205,각주항목(09.06월 이후)
32915,201912,0010897,케이알투자증권주식회사,C13,파생상품계약_장내파생상품_주식관련거래,0,국내증권사,B,SF205,각주항목(09.06월 이후)
32916,201912,0010897,케이알투자증권주식회사,C14,파생상품계약_장내파생상품_일반상품관련거래,0,국내증권사,B,SF205,각주항목(09.06월 이후)
32917,201912,0010897,케이알투자증권주식회사,C15,파생상품계약_장내파생상품_기타,0,국내증권사,B,SF205,각주항목(09.06월 이후)
32918,201912,0010897,케이알투자증권주식회사,C2,파생상품계약_장외파생상품,0,국내증권사,B,SF205,각주항목(09.06월 이후)
32919,201912,0010897,케이알투자증권주식회사,C21,파생상품계약_장외파생상품_이자율관련거래,0,국내증권사,B,SF205,각주항목(09.06월 이후)
32920,201912,0010897,케이알투자증권주식회사,C22,파생상품계약_장외파생상품_통화관련거래,0,국내증권사,B,SF205,각주항목(09.06월 이후)
32921,201912,0010897,케이알투자증권주식회사,C23,파생상품계약_장외파생상품_주식관련거래,0,국내증권사,B,SF205,각주항목(09.06월 이후)
32922,201912,0010897,케이알투자증권주식회사,C24,파생상품계약_장외파생상품_신용관련거래,0,국내증권사,B,SF205,각주항목(09.06월 이후)
32923,201912,0010897,케이알투자증권주식회사,C25,파생상품계약_장외파생상품_기타,0,국내증권사,B,SF205,각주항목(09.06월 이후)
32924,201912,0010897,케이알투자증권주식회사,D,대차 및 대주거래,0,국내증권사,B,SF205,각주항목(09.06월 이후)
32925,201912,0010897,케이알투자증권주식회사,D1,대차 및 대주거래_대여증권,0,국내증권사,B,SF205,각주항목(09.06월 이후)
32926,201912,0010897,케이알투자증권주식회사,D2,대차 및 대주거래_차입증권,0,국내증권사,B,SF205,각주항목(09.06월 이후)
32927,201912,0010897,케이알투자증권주식회사,D3,대차 및 대주거래_신용거래대주,0,국내증권사,B,SF205,각주항목(09.06월 이후)
32928,201912,0010897,케이알투자증권주식회사,E,대손상각채권,0,국내증권사,B,SF205,각주항목(09.06월 이후)
32929,201912,0010897,케이알투자증권주식회사,F,환전업무 예치금,0,국내증권사,B,SF205,각주항목(09.06월 이후)
32930,201912,0010897,케이알투자증권주식회사,G,미배당별도예치금,0,국내증권사,B,SF205,각주항목(09.06월 이후)
32931,201912,0010897,케이알투자증권주식회사,H,배서어음매출(종금계정),0,국내증권사,B,SF205,각주항목(09.06월 이후)
32932,201912,0010897,케이알투자증권주식회사,H1,대출채권매매이익_담보부,0,국내증권사,B,SF205,각주항목(09.06월 이후)
32933,201912,0010897,케이알투자증권주식회사,H2,대출채권매매이익_무담보부,0,국내증권사,B,SF205,각주항목(09.06월 이후)
32934,202003,0010897,케이알투자증권주식회사,A,채무보증,0,국내증권사,B,SF205,각주항목(09.06월 이후)
32935,202003,0010897,케이알투자증권주식회사,A1,채무보증_지급보증,0,국내증권사,B,SF205,각주항목(09.06월 이후)
32936,202003,0010897,케이알투자증권주식회사,A2,채무보증_매입보장약정,0,국내증권사,B,SF205,각주항목(09.06월 이후)
32937,202003,0010897,케이알투자증권주식회사,A3,채무보증_채무인수약정,0,국내증권사,B,SF205,각주항목(09.06월 이후)
32938,202003,0010897,케이알투자증권주식회사,A5,채무보증_매입확약,0,국내증권사,B,SF205,각주항목(09.06월 이후)
32939,202003,0010897,케이알투자증권주식회사,A6,채무보증_기타,0,국내증권사,B,SF205,각주항목(09.06월 이후)
32940,202003,0010897,케이알투자증권주식회사,B,투자자의 예수증권 등,0,국내증권사,B,SF205,각주항목(09.06월 이후)
32941,202003,0010897,케이알투자증권주식회사,B1,투자자의 예수증권 등_예수 증권,0,국내증권사,B,SF205,각주항목(09.06월 이후)
32942,202003,0010897,케이알투자증권주식회사,B2,투자자의 예수증권 등_예수양도성예금증서,0,국내증권사,B,SF205,각주항목(09.06월 이후)
32943,202003,0010897,케이알투자증권주식회사,B3,투자자의 예수증권 등_기타,0,국내증권사,B,SF205,각주항목(09.06월 이후)
32944,202003,0010897,케이알투자증권주식회사,C,파생상품계약,20196400000,국내증권사,B,SF205,각주항목(09.06월 이후)
32945,202003,0010897,케이알투자증권주식회사,C1,파생상품계약_장내파생상품,20196400000,국내증권사,B,SF205,각주항목(09.06월 이후)
32946,202003,0010897,케이알투자증권주식회사,C11,파생상품계약_장내파생상품_이자율관련거래,20196400000,국내증권사,B,SF205,각주항목(09.06월 이후)
32947,202003,0010897,케이알투자증권주식회사,C12,파생상품계약_장내파생상품_통화관련거래,0,국내증권사,B,SF205,각주항목(09.06월 이후)
32948,202003,0010897,케이알투자증권주식회사,C13,파생상품계약_장내파생상품_주식관련거래,0,국내증권사,B,SF205,각주항목(09.06월 이후)
32949,202003,0010897,케이알투자증권주식회사,C14,파생상품계약_장내파생상품_일반상품관련거래,0,국내증권사,B,SF205,각주항목(09.06월 이후)
32950,202003,0010897,케이알투자증권주식회사,C15,파생상품계약_장내파생상품_기타,0,국내증권사,B,SF205,각주항목(09.06월 이후)
32951,202003,0010897,케이알투자증권주식회사,C2,파생상품계약_장외파생상품,0,국내증권사,B,SF205,각주항목(09.06월 이후)
32952,202003,0010897,케이알투자증권주식회사,C21,파생상품계약_장외파생상품_이자율관련거래,0,국내증권사,B,SF205,각주항목(09.06월 이후)
32953,202003,0010897,케이알투자증권주식회사,C22,파생상품계약_장외파생상품_통화관련거래,0,국내증권사,B,SF205,각주항목(09.06월 이후)
32954,202003,0010897,케이알투자증권주식회사,C23,파생상품계약_장외파생상품_주식관련거래,0,국내증권사,B,SF205,각주항목(09.06월 이후)
32955,202003,0010897,케이알투자증권주식회사,C24,파생상품계약_장외파생상품_신용관련거래,0,국내증권사,B,SF205,각주항목(09.06월 이후)
32956,202003,0010897,케이알투자증권주식회사,C25,파생상품계약_장외파생상품_기타,0,국내증권사,B,SF205,각주항목(09.06월 이후)
32957,202003,0010897,케이알투자증권주식회사,D,대차 및 대주거래,0,국내증권사,B,SF205,각주항목(09.06월 이후)
32958,202003,0010897,케이알투자증권주식회사,D1,대차 및 대주거래_대여증권,0,국내증권사,B,SF205,각주항목(09.06월 이후)
32959,202003,0010897,케이알투자증권주식회사,D2,대차 및 대주거래_차입증권,0,국내증권사,B,SF205,각주항목(09.06월 이후)
32960,202003,0010897,케이알투자증권주식회사,D3,대차 및 대주거래_신용거래대주,0,국내증권사,B,SF205,각주항목(09.06월 이후)
32961,202003,0010897,케이알투자증권주식회사,E,대손상각채권,0,국내증권사,B,SF205,각주항목(09.06월 이후)
32962,202003,0010897,케이알투자증권주식회사,F,환전업무 예치금,0,국내증권사,B,SF205,각주항목(09.06월 이후)
32963,202003,0010897,케이알투자증권주식회사,G,미배당별도예치금,0,국내증권사,B,SF205,각주항목(09.06월 이후)
32964,202003,0010897,케이알투자증권주식회사,H,배서어음매출(종금계정),0,국내증권사,B,SF205,각주항목(09.06월 이후)
32965,202003,0010897,케이알투자증권주식회사,H1,대출채권매매이익_담보부,0,국내증권사,B,SF205,각주항목(09.06월 이후)
32966,202003,0010897,케이알투자증권주식회사,H2,대출채권매매이익_무담보부,0,국내증권사,B,SF205,각주항목(09.06월 이후)
32967,202006,0010897,케이알투자증권주식회사,A,채무보증,0,국내증권사,B,SF205,각주항목(09.06월 이후)
32968,202006,0010897,케이알투자증권주식회사,A1,채무보증_지급보증,0,국내증권사,B,SF205,각주항목(09.06월 이후)
32969,202006,0010897,케이알투자증권주식회사,A2,채무보증_매입보장약정,0,국내증권사,B,SF205,각주항목(09.06월 이후)
32970,202006,0010897,케이알투자증권주식회사,A3,채무보증_채무인수약정,0,국내증권사,B,SF205,각주항목(09.06월 이후)
32971,202006,0010897,케이알투자증권주식회사,A5,채무보증_매입확약,0,국내증권사,B,SF205,각주항목(09.06월 이후)
32972,202006,0010897,케이알투자증권주식회사,A6,채무보증_기타,0,국내증권사,B,SF205,각주항목(09.06월 이후)
32973,202006,0010897,케이알투자증권주식회사,B,투자자의 예수증권 등,0,국내증권사,B,SF205,각주항목(09.06월 이후)
32974,202006,0010897,케이알투자증권주식회사,B1,투자자의 예수증권 등_예수 증권,0,국내증권사,B,SF205,각주항목(09.06월 이후)
32975,202006,0010897,케이알투자증권주식회사,B2,투자자의 예수증권 등_예수양도성예금증서,0,국내증권사,B,SF205,각주항목(09.06월 이후)
32976,202006,0010897,케이알투자증권주식회사,B3,투자자의 예수증권 등_기타,0,국내증권사,B,SF205,각주항목(09.06월 이후)
32977,202006,0010897,케이알투자증권주식회사,C,파생상품계약,47295080000,국내증권사,B,SF205,각주항목(09.06월 이후)
32978,202006,0010897,케이알투자증권주식회사,C1,파생상품계약_장내파생상품,47295080000,국내증권사,B,SF205,각주항목(09.06월 이후)
32979,202006,0010897,케이알투자증권주식회사,C11,파생상품계약_장내파생상품_이자율관련거래,47295080000,국내증권사,B,SF205,각주항목(09.06월 이후)
32980,202006,0010897,케이알투자증권주식회사,C12,파생상품계약_장내파생상품_통화관련거래,0,국내증권사,B,SF205,각주항목(09.06월 이후)
32981,202006,0010897,케이알투자증권주식회사,C13,파생상품계약_장내파생상품_주식관련거래,0,국내증권사,B,SF205,각주항목(09.06월 이후)
32982,202006,0010897,케이알투자증권주식회사,C14,파생상품계약_장내파생상품_일반상품관련거래,0,국내증권사,B,SF205,각주항목(09.06월 이후)
32983,202006,0010897,케이알투자증권주식회사,C15,파생상품계약_장내파생상품_기타,0,국내증권사,B,SF205,각주항목(09.06월 이후)
32984,202006,0010897,케이알투자증권주식회사,C2,파생상품계약_장외파생상품,0,국내증권사,B,SF205,각주항목(09.06월 이후)
32985,202006,0010897,케이알투자증권주식회사,C21,파생상품계약_장외파생상품_이자율관련거래,0,국내증권사,B,SF205,각주항목(09.06월 이후)
32986,202006,0010897,케이알투자증권주식회사,C22,파생상품계약_장외파생상품_통화관련거래,0,국내증권사,B,SF205,각주항목(09.06월 이후)
32987,202006,0010897,케이알투자증권주식회사,C23,파생상품계약_장외파생상품_주식관련거래,0,국내증권사,B,SF205,각주항목(09.06월 이후)
32988,202006,0010897,케이알투자증권주식회사,C24,파생상품계약_장외파생상품_신용관련거래,0,국내증권사,B,SF205,각주항목(09.06월 이후)
32989,202006,0010897,케이알투자증권주식회사,C25,파생상품계약_장외파생상품_기타,0,국내증권사,B,SF205,각주항목(09.06월 이후)
32990,202006,0010897,케이알투자증권주식회사,D,대차 및 대주거래,10483320000,국내증권사,B,SF205,각주항목(09.06월 이후)
32991,202006,0010897,케이알투자증권주식회사,D1,대차 및 대주거래_대여증권,0,국내증권사,B,SF205,각주항목(09.06월 이후)
32992,202006,0010897,케이알투자증권주식회사,D2,대차 및 대주거래_차입증권,10483320000,국내증권사,B,SF205,각주항목(09.06월 이후)
32993,202006,0010897,케이알투자증권주식회사,D3,대차 및 대주거래_신용거래대주,0,국내증권사,B,SF205,각주항목(09.06월 이후)
32994,202006,0010897,케이알투자증권주식회사,E,대손상각채권,0,국내증권사,B,SF205,각주항목(09.06월 이후)
32995,202006,0010897,케이알투자증권주식회사,F,환전업무 예치금,0,국내증권사,B,SF205,각주항목(09.06월 이후)
32996,202006,0010897,케이알투자증권주식회사,G,미배당별도예치금,0,국내증권사,B,SF205,각주항목(09.06월 이후)
32997,202006,0010897,케이알투자증권주식회사,H,배서어음매출(종금계정),0,국내증권사,B,SF205,각주항목(09.06월 이후)
32998,202006,0010897,케이알투자증권주식회사,H1,대출채권매매이익_담보부,0,국내증권사,B,SF205,각주항목(09.06월 이후)
32999,202006,0010897,케이알투자증권주식회사,H2,대출채권매매이익_무담보부,0,국내증권사,B,SF205,각주항목(09.06월 이후)
33000,202009,0010897,케이알투자증권주식회사,A,채무보증,0,국내증권사,B,SF205,각주항목(09.06월 이후)
33001,202009,0010897,케이알투자증권주식회사,A1,채무보증_지급보증,0,국내증권사,B,SF205,각주항목(09.06월 이후)
33002,202009,0010897,케이알투자증권주식회사,A2,채무보증_매입보장약정,0,국내증권사,B,SF205,각주항목(09.06월 이후)
33003,202009,0010897,케이알투자증권주식회사,A3,채무보증_채무인수약정,0,국내증권사,B,SF205,각주항목(09.06월 이후)
33004,202009,0010897,케이알투자증권주식회사,A5,채무보증_매입확약,0,국내증권사,B,SF205,각주항목(09.06월 이후)
33005,202009,0010897,케이알투자증권주식회사,A6,채무보증_기타,0,국내증권사,B,SF205,각주항목(09.06월 이후)
33006,202009,0010897,케이알투자증권주식회사,B,투자자의 예수증권 등,0,국내증권사,B,SF205,각주항목(09.06월 이후)
33007,202009,0010897,케이알투자증권주식회사,B1,투자자의 예수증권 등_예수 증권,0,국내증권사,B,SF205,각주항목(09.06월 이후)
33008,202009,0010897,케이알투자증권주식회사,B2,투자자의 예수증권 등_예수양도성예금증서,0,국내증권사,B,SF205,각주항목(09.06월 이후)
33009,202009,0010897,케이알투자증권주식회사,B3,투자자의 예수증권 등_기타,0,국내증권사,B,SF205,각주항목(09.06월 이후)
33010,202009,0010897,케이알투자증권주식회사,C,파생상품계약,140100320000,국내증권사,B,SF205,각주항목(09.06월 이후)
33011,202009,0010897,케이알투자증권주식회사,C1,파생상품계약_장내파생상품,140100320000,국내증권사,B,SF205,각주항목(09.06월 이후)
33012,202009,0010897,케이알투자증권주식회사,C11,파생상품계약_장내파생상품_이자율관련거래,140100320000,국내증권사,B,SF205,각주항목(09.06월 이후)
33013,202009,0010897,케이알투자증권주식회사,C12,파생상품계약_장내파생상품_통화관련거래,0,국내증권사,B,SF205,각주항목(09.06월 이후)
33014,202009,0010897,케이알투자증권주식회사,C13,파생상품계약_장내파생상품_주식관련거래,0,국내증권사,B,SF205,각주항목(09.06월 이후)
33015,202009,0010897,케이알투자증권주식회사,C14,파생상품계약_장내파생상품_일반상품관련거래,0,국내증권사,B,SF205,각주항목(09.06월 이후)
33016,202009,0010897,케이알투자증권주식회사,C15,파생상품계약_장내파생상품_기타,0,국내증권사,B,SF205,각주항목(09.06월 이후)
33017,202009,0010897,케이알투자증권주식회사,C2,파생상품계약_장외파생상품,0,국내증권사,B,SF205,각주항목(09.06월 이후)
33018,202009,0010897,케이알투자증권주식회사,C21,파생상품계약_장외파생상품_이자율관련거래,0,국내증권사,B,SF205,각주항목(09.06월 이후)
33019,202009,0010897,케이알투자증권주식회사,C22,파생상품계약_장외파생상품_통화관련거래,0,국내증권사,B,SF205,각주항목(09.06월 이후)
33020,202009,0010897,케이알투자증권주식회사,C23,파생상품계약_장외파생상품_주식관련거래,0,국내증권사,B,SF205,각주항목(09.06월 이후)
33021,202009,0010897,케이알투자증권주식회사,C24,파생상품계약_장외파생상품_신용관련거래,0,국내증권사,B,SF205,각주항목(09.06월 이후)
33022,202009,0010897,케이알투자증권주식회사,C25,파생상품계약_장외파생상품_기타,0,국내증권사,B,SF205,각주항목(09.06월 이후)
33023,202009,0010897,케이알투자증권주식회사,D,대차 및 대주거래,30207544000,국내증권사,B,SF205,각주항목(09.06월 이후)
33024,202009,0010897,케이알투자증권주식회사,D1,대차 및 대주거래_대여증권,0,국내증권사,B,SF205,각주항목(09.06월 이후)
33025,202009,0010897,케이알투자증권주식회사,D2,대차 및 대주거래_차입증권,30207544000,국내증권사,B,SF205,각주항목(09.06월 이후)
33026,202009,0010897,케이알투자증권주식회사,D3,대차 및 대주거래_신용거래대주,0,국내증권사,B,SF205,각주항목(09.06월 이후)
33027,202009,0010897,케이알투자증권주식회사,E,대손상각채권,0,국내증권사,B,SF205,각주항목(09.06월 이후)
33028,202009,0010897,케이알투자증권주식회사,F,환전업무 예치금,0,국내증권사,B,SF205,각주항목(09.06월 이후)
33029,202009,0010897,케이알투자증권주식회사,G,미배당별도예치금,0,국내증권사,B,SF205,각주항목(09.06월 이후)
33030,202009,0010897,케이알투자증권주식회사,H,배서어음매출(종금계정),0,국내증권사,B,SF205,각주항목(09.06월 이후)
33031,202009,0010897,케이알투자증권주식회사,H1,대출채권매매이익_담보부,0,국내증권사,B,SF205,각주항목(09.06월 이후)
33032,202009,0010897,케이알투자증권주식회사,H2,대출채권매매이익_무담보부,0,국내증권사,B,SF205,각주항목(09.06월 이후)
33033,202012,0010897,케이알투자증권주식회사,A,채무보증,0,국내증권사,B,SF205,각주항목(09.06월 이후)
33034,202012,0010897,케이알투자증권주식회사,A1,채무보증_지급보증,0,국내증권사,B,SF205,각주항목(09.06월 이후)
33035,202012,0010897,케이알투자증권주식회사,A2,채무보증_매입보장약정,0,국내증권사,B,SF205,각주항목(09.06월 이후)
33036,202012,0010897,케이알투자증권주식회사,A3,채무보증_채무인수약정,0,국내증권사,B,SF205,각주항목(09.06월 이후)
33037,202012,0010897,케이알투자증권주식회사,A5,채무보증_매입확약,0,국내증권사,B,SF205,각주항목(09.06월 이후)
33038,202012,0010897,케이알투자증권주식회사,A6,채무보증_기타,0,국내증권사,B,SF205,각주항목(09.06월 이후)
33039,202012,0010897,케이알투자증권주식회사,B,투자자의 예수증권 등,0,국내증권사,B,SF205,각주항목(09.06월 이후)
33040,202012,0010897,케이알투자증권주식회사,B1,투자자의 예수증권 등_예수 증권,0,국내증권사,B,SF205,각주항목(09.06월 이후)
33041,202012,0010897,케이알투자증권주식회사,B2,투자자의 예수증권 등_예수양도성예금증서,0,국내증권사,B,SF205,각주항목(09.06월 이후)
33042,202012,0010897,케이알투자증권주식회사,B3,투자자의 예수증권 등_기타,0,국내증권사,B,SF205,각주항목(09.06월 이후)
33043,202012,0010897,케이알투자증권주식회사,C,파생상품계약,0,국내증권사,B,SF205,각주항목(09.06월 이후)
33044,202012,0010897,케이알투자증권주식회사,C1,파생상품계약_장내파생상품,0,국내증권사,B,SF205,각주항목(09.06월 이후)
33045,202012,0010897,케이알투자증권주식회사,C11,파생상품계약_장내파생상품_이자율관련거래,0,국내증권사,B,SF205,각주항목(09.06월 이후)
33046,202012,0010897,케이알투자증권주식회사,C12,파생상품계약_장내파생상품_통화관련거래,0,국내증권사,B,SF205,각주항목(09.06월 이후)
33047,202012,0010897,케이알투자증권주식회사,C13,파생상품계약_장내파생상품_주식관련거래,0,국내증권사,B,SF205,각주항목(09.06월 이후)
33048,202012,0010897,케이알투자증권주식회사,C14,파생상품계약_장내파생상품_일반상품관련거래,0,국내증권사,B,SF205,각주항목(09.06월 이후)
33049,202012,0010897,케이알투자증권주식회사,C15,파생상품계약_장내파생상품_기타,0,국내증권사,B,SF205,각주항목(09.06월 이후)
33050,202012,0010897,케이알투자증권주식회사,C2,파생상품계약_장외파생상품,0,국내증권사,B,SF205,각주항목(09.06월 이후)
33051,202012,0010897,케이알투자증권주식회사,C21,파생상품계약_장외파생상품_이자율관련거래,0,국내증권사,B,SF205,각주항목(09.06월 이후)
33052,202012,0010897,케이알투자증권주식회사,C22,파생상품계약_장외파생상품_통화관련거래,0,국내증권사,B,SF205,각주항목(09.06월 이후)
33053,202012,0010897,케이알투자증권주식회사,C23,파생상품계약_장외파생상품_주식관련거래,0,국내증권사,B,SF205,각주항목(09.06월 이후)
33054,202012,0010897,케이알투자증권주식회사,C24,파생상품계약_장외파생상품_신용관련거래,0,국내증권사,B,SF205,각주항목(09.06월 이후)
33055,202012,0010897,케이알투자증권주식회사,C25,파생상품계약_장외파생상품_기타,0,국내증권사,B,SF205,각주항목(09.06월 이후)
33056,202012,0010897,케이알투자증권주식회사,D,대차 및 대주거래,0,국내증권사,B,SF205,각주항목(09.06월 이후)
33057,202012,0010897,케이알투자증권주식회사,D1,대차 및 대주거래_대여증권,0,국내증권사,B,SF205,각주항목(09.06월 이후)
33058,202012,0010897,케이알투자증권주식회사,D2,대차 및 대주거래_차입증권,0,국내증권사,B,SF205,각주항목(09.06월 이후)
33059,202012,0010897,케이알투자증권주식회사,D3,대차 및 대주거래_신용거래대주,0,국내증권사,B,SF205,각주항목(09.06월 이후)
33060,202012,0010897,케이알투자증권주식회사,E,대손상각채권,0,국내증권사,B,SF205,각주항목(09.06월 이후)
33061,202012,0010897,케이알투자증권주식회사,F,환전업무 예치금,0,국내증권사,B,SF205,각주항목(09.06월 이후)
33062,202012,0010897,케이알투자증권주식회사,G,미배당별도예치금,0,국내증권사,B,SF205,각주항목(09.06월 이후)
33063,202012,0010897,케이알투자증권주식회사,H,배서어음매출(종금계정),0,국내증권사,B,SF205,각주항목(09.06월 이후)
33064,202012,0010897,케이알투자증권주식회사,H1,대출채권매매이익_담보부,0,국내증권사,B,SF205,각주항목(09.06월 이후)
33065,202012,0010897,케이알투자증권주식회사,H2,대출채권매매이익_무담보부,0,국내증권사,B,SF205,각주항목(09.06월 이후)
33066,202103,0010897,케이알투자증권주식회사,A,채무보증,0,국내증권사,B,SF205,각주항목(09.06월 이후)
33067,202103,0010897,케이알투자증권주식회사,A1,채무보증_지급보증,0,국내증권사,B,SF205,각주항목(09.06월 이후)
33068,202103,0010897,케이알투자증권주식회사,A2,채무보증_매입보장약정,0,국내증권사,B,SF205,각주항목(09.06월 이후)
33069,202103,0010897,케이알투자증권주식회사,A3,채무보증_채무인수약정,0,국내증권사,B,SF205,각주항목(09.06월 이후)
33070,202103,0010897,케이알투자증권주식회사,A5,채무보증_매입확약,0,국내증권사,B,SF205,각주항목(09.06월 이후)
33071,202103,0010897,케이알투자증권주식회사,A6,채무보증_기타,0,국내증권사,B,SF205,각주항목(09.06월 이후)
33072,202103,0010897,케이알투자증권주식회사,B,투자자의 예수증권 등,0,국내증권사,B,SF205,각주항목(09.06월 이후)
33073,202103,0010897,케이알투자증권주식회사,B1,투자자의 예수증권 등_예수 증권,0,국내증권사,B,SF205,각주항목(09.06월 이후)
33074,202103,0010897,케이알투자증권주식회사,B2,투자자의 예수증권 등_예수양도성예금증서,0,국내증권사,B,SF205,각주항목(09.06월 이후)
33075,202103,0010897,케이알투자증권주식회사,B3,투자자의 예수증권 등_기타,0,국내증권사,B,SF205,각주항목(09.06월 이후)
33076,202103,0010897,케이알투자증권주식회사,C,파생상품계약,96074470000,국내증권사,B,SF205,각주항목(09.06월 이후)
33077,202103,0010897,케이알투자증권주식회사,C1,파생상품계약_장내파생상품,96074470000,국내증권사,B,SF205,각주항목(09.06월 이후)
33078,202103,0010897,케이알투자증권주식회사,C11,파생상품계약_장내파생상품_이자율관련거래,96074470000,국내증권사,B,SF205,각주항목(09.06월 이후)
33079,202103,0010897,케이알투자증권주식회사,C12,파생상품계약_장내파생상품_통화관련거래,0,국내증권사,B,SF205,각주항목(09.06월 이후)
33080,202103,0010897,케이알투자증권주식회사,C13,파생상품계약_장내파생상품_주식관련거래,0,국내증권사,B,SF205,각주항목(09.06월 이후)
33081,202103,0010897,케이알투자증권주식회사,C14,파생상품계약_장내파생상품_일반상품관련거래,0,국내증권사,B,SF205,각주항목(09.06월 이후)
33082,202103,0010897,케이알투자증권주식회사,C15,파생상품계약_장내파생상품_기타,0,국내증권사,B,SF205,각주항목(09.06월 이후)
33083,202103,0010897,케이알투자증권주식회사,C2,파생상품계약_장외파생상품,0,국내증권사,B,SF205,각주항목(09.06월 이후)
33084,202103,0010897,케이알투자증권주식회사,C21,파생상품계약_장외파생상품_이자율관련거래,0,국내증권사,B,SF205,각주항목(09.06월 이후)
33085,202103,0010897,케이알투자증권주식회사,C22,파생상품계약_장외파생상품_통화관련거래,0,국내증권사,B,SF205,각주항목(09.06월 이후)
33086,202103,0010897,케이알투자증권주식회사,C23,파생상품계약_장외파생상품_주식관련거래,0,국내증권사,B,SF205,각주항목(09.06월 이후)
33087,202103,0010897,케이알투자증권주식회사,C24,파생상품계약_장외파생상품_신용관련거래,0,국내증권사,B,SF205,각주항목(09.06월 이후)
33088,202103,0010897,케이알투자증권주식회사,C25,파생상품계약_장외파생상품_기타,0,국내증권사,B,SF205,각주항목(09.06월 이후)
33089,202103,0010897,케이알투자증권주식회사,D,대차 및 대주거래,86706259000,국내증권사,B,SF205,각주항목(09.06월 이후)
33090,202103,0010897,케이알투자증권주식회사,D1,대차 및 대주거래_대여증권,0,국내증권사,B,SF205,각주항목(09.06월 이후)
33091,202103,0010897,케이알투자증권주식회사,D2,대차 및 대주거래_차입증권,86706259000,국내증권사,B,SF205,각주항목(09.06월 이후)
33092,202103,0010897,케이알투자증권주식회사,D3,대차 및 대주거래_신용거래대주,0,국내증권사,B,SF205,각주항목(09.06월 이후)
33093,202103,0010897,케이알투자증권주식회사,E,대손상각채권,0,국내증권사,B,SF205,각주항목(09.06월 이후)
33094,202103,0010897,케이알투자증권주식회사,F,환전업무 예치금,0,국내증권사,B,SF205,각주항목(09.06월 이후)
33095,202103,0010897,케이알투자증권주식회사,G,미배당별도예치금,0,국내증권사,B,SF205,각주항목(09.06월 이후)
33096,202103,0010897,케이알투자증권주식회사,H,배서어음매출(종금계정),0,국내증권사,B,SF205,각주항목(09.06월 이후)
33097,202103,0010897,케이알투자증권주식회사,H1,대출채권매매이익_담보부,0,국내증권사,B,SF205,각주항목(09.06월 이후)
33098,202103,0010897,케이알투자증권주식회사,H2,대출채권매매이익_무담보부,0,국내증권사,B,SF205,각주항목(09.06월 이후)
33099,202106,0010897,케이알투자증권주식회사,A,채무보증,0,국내증권사,B,SF205,각주항목(09.06월 이후)
33100,202106,0010897,케이알투자증권주식회사,A1,채무보증_지급보증,0,국내증권사,B,SF205,각주항목(09.06월 이후)
33101,202106,0010897,케이알투자증권주식회사,A2,채무보증_매입보장약정,0,국내증권사,B,SF205,각주항목(09.06월 이후)
33102,202106,0010897,케이알투자증권주식회사,A3,채무보증_채무인수약정,0,국내증권사,B,SF205,각주항목(09.06월 이후)
33103,202106,0010897,케이알투자증권주식회사,A5,채무보증_매입확약,0,국내증권사,B,SF205,각주항목(09.06월 이후)
33104,202106,0010897,케이알투자증권주식회사,A6,채무보증_기타,0,국내증권사,B,SF205,각주항목(09.06월 이후)
33105,202106,0010897,케이알투자증권주식회사,B,투자자의 예수증권 등,0,국내증권사,B,SF205,각주항목(09.06월 이후)
33106,202106,0010897,케이알투자증권주식회사,B1,투자자의 예수증권 등_예수 증권,0,국내증권사,B,SF205,각주항목(09.06월 이후)
33107,202106,0010897,케이알투자증권주식회사,B2,투자자의 예수증권 등_예수양도성예금증서,0,국내증권사,B,SF205,각주항목(09.06월 이후)
33108,202106,0010897,케이알투자증권주식회사,B3,투자자의 예수증권 등_기타,0,국내증권사,B,SF205,각주항목(09.06월 이후)
33109,202106,0010897,케이알투자증권주식회사,C,파생상품계약,0,국내증권사,B,SF205,각주항목(09.06월 이후)
33110,202106,0010897,케이알투자증권주식회사,C1,파생상품계약_장내파생상품,0,국내증권사,B,SF205,각주항목(09.06월 이후)
33111,202106,0010897,케이알투자증권주식회사,C11,파생상품계약_장내파생상품_이자율관련거래,0,국내증권사,B,SF205,각주항목(09.06월 이후)
33112,202106,0010897,케이알투자증권주식회사,C12,파생상품계약_장내파생상품_통화관련거래,0,국내증권사,B,SF205,각주항목(09.06월 이후)
33113,202106,0010897,케이알투자증권주식회사,C13,파생상품계약_장내파생상품_주식관련거래,0,국내증권사,B,SF205,각주항목(09.06월 이후)
33114,202106,0010897,케이알투자증권주식회사,C14,파생상품계약_장내파생상품_일반상품관련거래,0,국내증권사,B,SF205,각주항목(09.06월 이후)
33115,202106,0010897,케이알투자증권주식회사,C15,파생상품계약_장내파생상품_기타,0,국내증권사,B,SF205,각주항목(09.06월 이후)
33116,202106,0010897,케이알투자증권주식회사,C2,파생상품계약_장외파생상품,0,국내증권사,B,SF205,각주항목(09.06월 이후)
33117,202106,0010897,케이알투자증권주식회사,C21,파생상품계약_장외파생상품_이자율관련거래,0,국내증권사,B,SF205,각주항목(09.06월 이후)
33118,202106,0010897,케이알투자증권주식회사,C22,파생상품계약_장외파생상품_통화관련거래,0,국내증권사,B,SF205,각주항목(09.06월 이후)
33119,202106,0010897,케이알투자증권주식회사,C23,파생상품계약_장외파생상품_주식관련거래,0,국내증권사,B,SF205,각주항목(09.06월 이후)
33120,202106,0010897,케이알투자증권주식회사,C24,파생상품계약_장외파생상품_신용관련거래,0,국내증권사,B,SF205,각주항목(09.06월 이후)
33121,202106,0010897,케이알투자증권주식회사,C25,파생상품계약_장외파생상품_기타,0,국내증권사,B,SF205,각주항목(09.06월 이후)
33122,202106,0010897,케이알투자증권주식회사,D,대차 및 대주거래,128898903000,국내증권사,B,SF205,각주항목(09.06월 이후)
33123,202106,0010897,케이알투자증권주식회사,D1,대차 및 대주거래_대여증권,0,국내증권사,B,SF205,각주항목(09.06월 이후)
33124,202106,0010897,케이알투자증권주식회사,D2,대차 및 대주거래_차입증권,128898903000,국내증권사,B,SF205,각주항목(09.06월 이후)
33125,202106,0010897,케이알투자증권주식회사,D3,대차 및 대주거래_신용거래대주,0,국내증권사,B,SF205,각주항목(09.06월 이후)
33126,202106,0010897,케이알투자증권주식회사,E,대손상각채권,0,국내증권사,B,SF205,각주항목(09.06월 이후)
33127,202106,0010897,케이알투자증권주식회사,F,환전업무 예치금,0,국내증권사,B,SF205,각주항목(09.06월 이후)
33128,202106,0010897,케이알투자증권주식회사,G,미배당별도예치금,0,국내증권사,B,SF205,각주항목(09.06월 이후)
33129,202106,0010897,케이알투자증권주식회사,H,배서어음매출(종금계정),0,국내증권사,B,SF205,각주항목(09.06월 이후)
33130,202106,0010897,케이알투자증권주식회사,H1,대출채권매매이익_담보부,0,국내증권사,B,SF205,각주항목(09.06월 이후)
33131,202106,0010897,케이알투자증권주식회사,H2,대출채권매매이익_무담보부,0,국내증권사,B,SF205,각주항목(09.06월 이후)
33132,202109,0010897,케이알투자증권주식회사,A,채무보증,0,국내증권사,B,SF205,각주항목(09.06월 이후)
33133,202109,0010897,케이알투자증권주식회사,A1,채무보증_지급보증,0,국내증권사,B,SF205,각주항목(09.06월 이후)
33134,202109,0010897,케이알투자증권주식회사,A2,채무보증_매입보장약정,0,국내증권사,B,SF205,각주항목(09.06월 이후)
33135,202109,0010897,케이알투자증권주식회사,A3,채무보증_채무인수약정,0,국내증권사,B,SF205,각주항목(09.06월 이후)
33136,202109,0010897,케이알투자증권주식회사,A5,채무보증_매입확약,0,국내증권사,B,SF205,각주항목(09.06월 이후)
33137,202109,0010897,케이알투자증권주식회사,A6,채무보증_기타,0,국내증권사,B,SF205,각주항목(09.06월 이후)
33138,202109,0010897,케이알투자증권주식회사,B,투자자의 예수증권 등,0,국내증권사,B,SF205,각주항목(09.06월 이후)
33139,202109,0010897,케이알투자증권주식회사,B1,투자자의 예수증권 등_예수 증권,0,국내증권사,B,SF205,각주항목(09.06월 이후)
33140,202109,0010897,케이알투자증권주식회사,B2,투자자의 예수증권 등_예수양도성예금증서,0,국내증권사,B,SF205,각주항목(09.06월 이후)
33141,202109,0010897,케이알투자증권주식회사,B3,투자자의 예수증권 등_기타,0,국내증권사,B,SF205,각주항목(09.06월 이후)
33142,202109,0010897,케이알투자증권주식회사,C,파생상품계약,0,국내증권사,B,SF205,각주항목(09.06월 이후)
33143,202109,0010897,케이알투자증권주식회사,C1,파생상품계약_장내파생상품,0,국내증권사,B,SF205,각주항목(09.06월 이후)
33144,202109,0010897,케이알투자증권주식회사,C11,파생상품계약_장내파생상품_이자율관련거래,0,국내증권사,B,SF205,각주항목(09.06월 이후)
33145,202109,0010897,케이알투자증권주식회사,C12,파생상품계약_장내파생상품_통화관련거래,0,국내증권사,B,SF205,각주항목(09.06월 이후)
33146,202109,0010897,케이알투자증권주식회사,C13,파생상품계약_장내파생상품_주식관련거래,0,국내증권사,B,SF205,각주항목(09.06월 이후)
33147,202109,0010897,케이알투자증권주식회사,C14,파생상품계약_장내파생상품_일반상품관련거래,0,국내증권사,B,SF205,각주항목(09.06월 이후)
33148,202109,0010897,케이알투자증권주식회사,C15,파생상품계약_장내파생상품_기타,0,국내증권사,B,SF205,각주항목(09.06월 이후)
33149,202109,0010897,케이알투자증권주식회사,C2,파생상품계약_장외파생상품,0,국내증권사,B,SF205,각주항목(09.06월 이후)
33150,202109,0010897,케이알투자증권주식회사,C21,파생상품계약_장외파생상품_이자율관련거래,0,국내증권사,B,SF205,각주항목(09.06월 이후)
33151,202109,0010897,케이알투자증권주식회사,C22,파생상품계약_장외파생상품_통화관련거래,0,국내증권사,B,SF205,각주항목(09.06월 이후)
33152,202109,0010897,케이알투자증권주식회사,C23,파생상품계약_장외파생상품_주식관련거래,0,국내증권사,B,SF205,각주항목(09.06월 이후)
33153,202109,0010897,케이알투자증권주식회사,C24,파생상품계약_장외파생상품_신용관련거래,0,국내증권사,B,SF205,각주항목(09.06월 이후)
33154,202109,0010897,케이알투자증권주식회사,C25,파생상품계약_장외파생상품_기타,0,국내증권사,B,SF205,각주항목(09.06월 이후)
33155,202109,0010897,케이알투자증권주식회사,D,대차 및 대주거래,67727790000,국내증권사,B,SF205,각주항목(09.06월 이후)
33156,202109,0010897,케이알투자증권주식회사,D1,대차 및 대주거래_대여증권,0,국내증권사,B,SF205,각주항목(09.06월 이후)
33157,202109,0010897,케이알투자증권주식회사,D2,대차 및 대주거래_차입증권,67727790000,국내증권사,B,SF205,각주항목(09.06월 이후)
33158,202109,0010897,케이알투자증권주식회사,D3,대차 및 대주거래_신용거래대주,0,국내증권사,B,SF205,각주항목(09.06월 이후)
33159,202109,0010897,케이알투자증권주식회사,E,대손상각채권,0,국내증권사,B,SF205,각주항목(09.06월 이후)
33160,202109,0010897,케이알투자증권주식회사,F,환전업무 예치금,0,국내증권사,B,SF205,각주항목(09.06월 이후)
33161,202109,0010897,케이알투자증권주식회사,G,미배당별도예치금,0,국내증권사,B,SF205,각주항목(09.06월 이후)
33162,202109,0010897,케이알투자증권주식회사,H,배서어음매출(종금계정),0,국내증권사,B,SF205,각주항목(09.06월 이후)
33163,202109,0010897,케이알투자증권주식회사,H1,대출채권매매이익_담보부,0,국내증권사,B,SF205,각주항목(09.06월 이후)
33164,202109,0010897,케이알투자증권주식회사,H2,대출채권매매이익_무담보부,0,국내증권사,B,SF205,각주항목(09.06월 이후)
33165,202112,0010897,케이알투자증권주식회사,A,채무보증,0,국내증권사,B,SF205,각주항목(09.06월 이후)
33166,202112,0010897,케이알투자증권주식회사,A1,채무보증_지급보증,0,국내증권사,B,SF205,각주항목(09.06월 이후)
33167,202112,0010897,케이알투자증권주식회사,A2,채무보증_매입보장약정,0,국내증권사,B,SF205,각주항목(09.06월 이후)
33168,202112,0010897,케이알투자증권주식회사,A3,채무보증_채무인수약정,0,국내증권사,B,SF205,각주항목(09.06월 이후)
33169,202112,0010897,케이알투자증권주식회사,A5,채무보증_매입확약,0,국내증권사,B,SF205,각주항목(09.06월 이후)
33170,202112,0010897,케이알투자증권주식회사,A6,채무보증_기타,0,국내증권사,B,SF205,각주항목(09.06월 이후)
33171,202112,0010897,케이알투자증권주식회사,B,투자자의 예수증권 등,0,국내증권사,B,SF205,각주항목(09.06월 이후)
33172,202112,0010897,케이알투자증권주식회사,B1,투자자의 예수증권 등_예수 증권,0,국내증권사,B,SF205,각주항목(09.06월 이후)
33173,202112,0010897,케이알투자증권주식회사,B2,투자자의 예수증권 등_예수양도성예금증서,0,국내증권사,B,SF205,각주항목(09.06월 이후)
33174,202112,0010897,케이알투자증권주식회사,B3,투자자의 예수증권 등_기타,0,국내증권사,B,SF205,각주항목(09.06월 이후)
33175,202112,0010897,케이알투자증권주식회사,C,파생상품계약,0,국내증권사,B,SF205,각주항목(09.06월 이후)
33176,202112,0010897,케이알투자증권주식회사,C1,파생상품계약_장내파생상품,0,국내증권사,B,SF205,각주항목(09.06월 이후)
33177,202112,0010897,케이알투자증권주식회사,C11,파생상품계약_장내파생상품_이자율관련거래,0,국내증권사,B,SF205,각주항목(09.06월 이후)
33178,202112,0010897,케이알투자증권주식회사,C12,파생상품계약_장내파생상품_통화관련거래,0,국내증권사,B,SF205,각주항목(09.06월 이후)
33179,202112,0010897,케이알투자증권주식회사,C13,파생상품계약_장내파생상품_주식관련거래,0,국내증권사,B,SF205,각주항목(09.06월 이후)
33180,202112,0010897,케이알투자증권주식회사,C14,파생상품계약_장내파생상품_일반상품관련거래,0,국내증권사,B,SF205,각주항목(09.06월 이후)
33181,202112,0010897,케이알투자증권주식회사,C15,파생상품계약_장내파생상품_기타,0,국내증권사,B,SF205,각주항목(09.06월 이후)
33182,202112,0010897,케이알투자증권주식회사,C2,파생상품계약_장외파생상품,0,국내증권사,B,SF205,각주항목(09.06월 이후)
33183,202112,0010897,케이알투자증권주식회사,C21,파생상품계약_장외파생상품_이자율관련거래,0,국내증권사,B,SF205,각주항목(09.06월 이후)
33184,202112,0010897,케이알투자증권주식회사,C22,파생상품계약_장외파생상품_통화관련거래,0,국내증권사,B,SF205,각주항목(09.06월 이후)
33185,202112,0010897,케이알투자증권주식회사,C23,파생상품계약_장외파생상품_주식관련거래,0,국내증권사,B,SF205,각주항목(09.06월 이후)
33186,202112,0010897,케이알투자증권주식회사,C24,파생상품계약_장외파생상품_신용관련거래,0,국내증권사,B,SF205,각주항목(09.06월 이후)
33187,202112,0010897,케이알투자증권주식회사,C25,파생상품계약_장외파생상품_기타,0,국내증권사,B,SF205,각주항목(09.06월 이후)
33188,202112,0010897,케이알투자증권주식회사,D,대차 및 대주거래,37749480000,국내증권사,B,SF205,각주항목(09.06월 이후)
33189,202112,0010897,케이알투자증권주식회사,D1,대차 및 대주거래_대여증권,0,국내증권사,B,SF205,각주항목(09.06월 이후)
33190,202112,0010897,케이알투자증권주식회사,D2,대차 및 대주거래_차입증권,37749480000,국내증권사,B,SF205,각주항목(09.06월 이후)
33191,202112,0010897,케이알투자증권주식회사,D3,대차 및 대주거래_신용거래대주,0,국내증권사,B,SF205,각주항목(09.06월 이후)
33192,202112,0010897,케이알투자증권주식회사,E,대손상각채권,0,국내증권사,B,SF205,각주항목(09.06월 이후)
33193,202112,0010897,케이알투자증권주식회사,F,환전업무 예치금,0,국내증권사,B,SF205,각주항목(09.06월 이후)
33194,202112,0010897,케이알투자증권주식회사,G,미배당별도예치금,0,국내증권사,B,SF205,각주항목(09.06월 이후)
33195,202112,0010897,케이알투자증권주식회사,H,배서어음매출(종금계정),0,국내증권사,B,SF205,각주항목(09.06월 이후)
33196,202112,0010897,케이알투자증권주식회사,H1,대출채권매매이익_담보부,0,국내증권사,B,SF205,각주항목(09.06월 이후)
33197,202112,0010897,케이알투자증권주식회사,H2,대출채권매매이익_무담보부,0,국내증권사,B,SF205,각주항목(09.06월 이후)
33198,202203,0010897,케이알투자증권주식회사,A,채무보증,0,국내증권사,B,SF205,각주항목(09.06월 이후)
33199,202203,0010897,케이알투자증권주식회사,A1,채무보증_지급보증,0,국내증권사,B,SF205,각주항목(09.06월 이후)
33200,202203,0010897,케이알투자증권주식회사,A2,채무보증_매입보장약정,0,국내증권사,B,SF205,각주항목(09.06월 이후)
33201,202203,0010897,케이알투자증권주식회사,A3,채무보증_채무인수약정,0,국내증권사,B,SF205,각주항목(09.06월 이후)
33202,202203,0010897,케이알투자증권주식회사,A5,채무보증_매입확약,0,국내증권사,B,SF205,각주항목(09.06월 이후)
33203,202203,0010897,케이알투자증권주식회사,A6,채무보증_기타,0,국내증권사,B,SF205,각주항목(09.06월 이후)
33204,202203,0010897,케이알투자증권주식회사,B,투자자의 예수증권 등,0,국내증권사,B,SF205,각주항목(09.06월 이후)
33205,202203,0010897,케이알투자증권주식회사,B1,투자자의 예수증권 등_예수 증권,0,국내증권사,B,SF205,각주항목(09.06월 이후)
33206,202203,0010897,케이알투자증권주식회사,B2,투자자의 예수증권 등_예수양도성예금증서,0,국내증권사,B,SF205,각주항목(09.06월 이후)
33207,202203,0010897,케이알투자증권주식회사,B3,투자자의 예수증권 등_기타,0,국내증권사,B,SF205,각주항목(09.06월 이후)
33208,202203,0010897,케이알투자증권주식회사,C,파생상품계약,149535630000,국내증권사,B,SF205,각주항목(09.06월 이후)
33209,202203,0010897,케이알투자증권주식회사,C1,파생상품계약_장내파생상품,149535630000,국내증권사,B,SF205,각주항목(09.06월 이후)
33210,202203,0010897,케이알투자증권주식회사,C11,파생상품계약_장내파생상품_이자율관련거래,149535630000,국내증권사,B,SF205,각주항목(09.06월 이후)
33211,202203,0010897,케이알투자증권주식회사,C12,파생상품계약_장내파생상품_통화관련거래,0,국내증권사,B,SF205,각주항목(09.06월 이후)
33212,202203,0010897,케이알투자증권주식회사,C13,파생상품계약_장내파생상품_주식관련거래,0,국내증권사,B,SF205,각주항목(09.06월 이후)
33213,202203,0010897,케이알투자증권주식회사,C14,파생상품계약_장내파생상품_일반상품관련거래,0,국내증권사,B,SF205,각주항목(09.06월 이후)
33214,202203,0010897,케이알투자증권주식회사,C15,파생상품계약_장내파생상품_기타,0,국내증권사,B,SF205,각주항목(09.06월 이후)
33215,202203,0010897,케이알투자증권주식회사,C2,파생상품계약_장외파생상품,0,국내증권사,B,SF205,각주항목(09.06월 이후)
33216,202203,0010897,케이알투자증권주식회사,C21,파생상품계약_장외파생상품_이자율관련거래,0,국내증권사,B,SF205,각주항목(09.06월 이후)
33217,202203,0010897,케이알투자증권주식회사,C22,파생상품계약_장외파생상품_통화관련거래,0,국내증권사,B,SF205,각주항목(09.06월 이후)
33218,202203,0010897,케이알투자증권주식회사,C23,파생상품계약_장외파생상품_주식관련거래,0,국내증권사,B,SF205,각주항목(09.06월 이후)
33219,202203,0010897,케이알투자증권주식회사,C24,파생상품계약_장외파생상품_신용관련거래,0,국내증권사,B,SF205,각주항목(09.06월 이후)
33220,202203,0010897,케이알투자증권주식회사,C25,파생상품계약_장외파생상품_기타,0,국내증권사,B,SF205,각주항목(09.06월 이후)
33221,202203,0010897,케이알투자증권주식회사,D,대차 및 대주거래,185573504000,국내증권사,B,SF205,각주항목(09.06월 이후)
33222,202203,0010897,케이알투자증권주식회사,D1,대차 및 대주거래_대여증권,0,국내증권사,B,SF205,각주항목(09.06월 이후)
33223,202203,0010897,케이알투자증권주식회사,D2,대차 및 대주거래_차입증권,185573504000,국내증권사,B,SF205,각주항목(09.06월 이후)
33224,202203,0010897,케이알투자증권주식회사,D3,대차 및 대주거래_신용거래대주,0,국내증권사,B,SF205,각주항목(09.06월 이후)
33225,202203,0010897,케이알투자증권주식회사,E,대손상각채권,0,국내증권사,B,SF205,각주항목(09.06월 이후)
33226,202203,0010897,케이알투자증권주식회사,F,환전업무 예치금,0,국내증권사,B,SF205,각주항목(09.06월 이후)
33227,202203,0010897,케이알투자증권주식회사,G,미배당별도예치금,0,국내증권사,B,SF205,각주항목(09.06월 이후)
33228,202203,0010897,케이알투자증권주식회사,H,배서어음매출(종금계정),0,국내증권사,B,SF205,각주항목(09.06월 이후)
33229,202203,0010897,케이알투자증권주식회사,H1,대출채권매매이익_담보부,0,국내증권사,B,SF205,각주항목(09.06월 이후)
33230,202203,0010897,케이알투자증권주식회사,H2,대출채권매매이익_무담보부,0,국내증권사,B,SF205,각주항목(09.06월 이후)
33231,202206,0010897,케이알투자증권주식회사,A,채무보증,0,국내증권사,B,SF205,각주항목(09.06월 이후)
33232,202206,0010897,케이알투자증권주식회사,A1,채무보증_지급보증,0,국내증권사,B,SF205,각주항목(09.06월 이후)
33233,202206,0010897,케이알투자증권주식회사,A2,채무보증_매입보장약정,0,국내증권사,B,SF205,각주항목(09.06월 이후)
33234,202206,0010897,케이알투자증권주식회사,A3,채무보증_채무인수약정,0,국내증권사,B,SF205,각주항목(09.06월 이후)
33235,202206,0010897,케이알투자증권주식회사,A5,채무보증_매입확약,0,국내증권사,B,SF205,각주항목(09.06월 이후)
33236,202206,0010897,케이알투자증권주식회사,A6,채무보증_기타,0,국내증권사,B,SF205,각주항목(09.06월 이후)
33237,202206,0010897,케이알투자증권주식회사,B,투자자의 예수증권 등,0,국내증권사,B,SF205,각주항목(09.06월 이후)
33238,202206,0010897,케이알투자증권주식회사,B1,투자자의 예수증권 등_예수 증권,0,국내증권사,B,SF205,각주항목(09.06월 이후)
33239,202206,0010897,케이알투자증권주식회사,B2,투자자의 예수증권 등_예수양도성예금증서,0,국내증권사,B,SF205,각주항목(09.06월 이후)
33240,202206,0010897,케이알투자증권주식회사,B3,투자자의 예수증권 등_기타,0,국내증권사,B,SF205,각주항목(09.06월 이후)
33241,202206,0010897,케이알투자증권주식회사,C,파생상품계약,124532970000,국내증권사,B,SF205,각주항목(09.06월 이후)
33242,202206,0010897,케이알투자증권주식회사,C1,파생상품계약_장내파생상품,124532970000,국내증권사,B,SF205,각주항목(09.06월 이후)
33243,202206,0010897,케이알투자증권주식회사,C11,파생상품계약_장내파생상품_이자율관련거래,124532970000,국내증권사,B,SF205,각주항목(09.06월 이후)
33244,202206,0010897,케이알투자증권주식회사,C12,파생상품계약_장내파생상품_통화관련거래,0,국내증권사,B,SF205,각주항목(09.06월 이후)
33245,202206,0010897,케이알투자증권주식회사,C13,파생상품계약_장내파생상품_주식관련거래,0,국내증권사,B,SF205,각주항목(09.06월 이후)
33246,202206,0010897,케이알투자증권주식회사,C14,파생상품계약_장내파생상품_일반상품관련거래,0,국내증권사,B,SF205,각주항목(09.06월 이후)
33247,202206,0010897,케이알투자증권주식회사,C15,파생상품계약_장내파생상품_기타,0,국내증권사,B,SF205,각주항목(09.06월 이후)
33248,202206,0010897,케이알투자증권주식회사,C2,파생상품계약_장외파생상품,0,국내증권사,B,SF205,각주항목(09.06월 이후)
33249,202206,0010897,케이알투자증권주식회사,C21,파생상품계약_장외파생상품_이자율관련거래,0,국내증권사,B,SF205,각주항목(09.06월 이후)
33250,202206,0010897,케이알투자증권주식회사,C22,파생상품계약_장외파생상품_통화관련거래,0,국내증권사,B,SF205,각주항목(09.06월 이후)
33251,202206,0010897,케이알투자증권주식회사,C23,파생상품계약_장외파생상품_주식관련거래,0,국내증권사,B,SF205,각주항목(09.06월 이후)
33252,202206,0010897,케이알투자증권주식회사,C24,파생상품계약_장외파생상품_신용관련거래,0,국내증권사,B,SF205,각주항목(09.06월 이후)
33253,202206,0010897,케이알투자증권주식회사,C25,파생상품계약_장외파생상품_기타,0,국내증권사,B,SF205,각주항목(09.06월 이후)
33254,202206,0010897,케이알투자증권주식회사,D,대차 및 대주거래,175661479000,국내증권사,B,SF205,각주항목(09.06월 이후)
33255,202206,0010897,케이알투자증권주식회사,D1,대차 및 대주거래_대여증권,0,국내증권사,B,SF205,각주항목(09.06월 이후)
33256,202206,0010897,케이알투자증권주식회사,D2,대차 및 대주거래_차입증권,175661479000,국내증권사,B,SF205,각주항목(09.06월 이후)
33257,202206,0010897,케이알투자증권주식회사,D3,대차 및 대주거래_신용거래대주,0,국내증권사,B,SF205,각주항목(09.06월 이후)
33258,202206,0010897,케이알투자증권주식회사,E,대손상각채권,0,국내증권사,B,SF205,각주항목(09.06월 이후)
33259,202206,0010897,케이알투자증권주식회사,F,환전업무 예치금,0,국내증권사,B,SF205,각주항목(09.06월 이후)
33260,202206,0010897,케이알투자증권주식회사,G,미배당별도예치금,0,국내증권사,B,SF205,각주항목(09.06월 이후)
33261,202206,0010897,케이알투자증권주식회사,H,배서어음매출(종금계정),0,국내증권사,B,SF205,각주항목(09.06월 이후)
33262,202206,0010897,케이알투자증권주식회사,H1,대출채권매매이익_담보부,0,국내증권사,B,SF205,각주항목(09.06월 이후)
33263,202206,0010897,케이알투자증권주식회사,H2,대출채권매매이익_무담보부,0,국내증권사,B,SF205,각주항목(09.06월 이후)
33264,202209,0010897,케이알투자증권주식회사,A,채무보증,0,국내증권사,B,SF205,각주항목(09.06월 이후)
33265,202209,0010897,케이알투자증권주식회사,A1,채무보증_지급보증,0,국내증권사,B,SF205,각주항목(09.06월 이후)
33266,202209,0010897,케이알투자증권주식회사,A2,채무보증_매입보장약정,0,국내증권사,B,SF205,각주항목(09.06월 이후)
33267,202209,0010897,케이알투자증권주식회사,A3,채무보증_채무인수약정,0,국내증권사,B,SF205,각주항목(09.06월 이후)
33268,202209,0010897,케이알투자증권주식회사,A5,채무보증_매입확약,0,국내증권사,B,SF205,각주항목(09.06월 이후)
33269,202209,0010897,케이알투자증권주식회사,A6,채무보증_기타,0,국내증권사,B,SF205,각주항목(09.06월 이후)
33270,202209,0010897,케이알투자증권주식회사,B,투자자의 예수증권 등,0,국내증권사,B,SF205,각주항목(09.06월 이후)
33271,202209,0010897,케이알투자증권주식회사,B1,투자자의 예수증권 등_예수 증권,0,국내증권사,B,SF205,각주항목(09.06월 이후)
33272,202209,0010897,케이알투자증권주식회사,B2,투자자의 예수증권 등_예수양도성예금증서,0,국내증권사,B,SF205,각주항목(09.06월 이후)
33273,202209,0010897,케이알투자증권주식회사,B3,투자자의 예수증권 등_기타,0,국내증권사,B,SF205,각주항목(09.06월 이후)
33274,202209,0010897,케이알투자증권주식회사,C,파생상품계약,68708730000,국내증권사,B,SF205,각주항목(09.06월 이후)
33275,202209,0010897,케이알투자증권주식회사,C1,파생상품계약_장내파생상품,68708730000,국내증권사,B,SF205,각주항목(09.06월 이후)
33276,202209,0010897,케이알투자증권주식회사,C11,파생상품계약_장내파생상품_이자율관련거래,68708730000,국내증권사,B,SF205,각주항목(09.06월 이후)
33277,202209,0010897,케이알투자증권주식회사,C12,파생상품계약_장내파생상품_통화관련거래,0,국내증권사,B,SF205,각주항목(09.06월 이후)
33278,202209,0010897,케이알투자증권주식회사,C13,파생상품계약_장내파생상품_주식관련거래,0,국내증권사,B,SF205,각주항목(09.06월 이후)
33279,202209,0010897,케이알투자증권주식회사,C14,파생상품계약_장내파생상품_일반상품관련거래,0,국내증권사,B,SF205,각주항목(09.06월 이후)
33280,202209,0010897,케이알투자증권주식회사,C15,파생상품계약_장내파생상품_기타,0,국내증권사,B,SF205,각주항목(09.06월 이후)
33281,202209,0010897,케이알투자증권주식회사,C2,파생상품계약_장외파생상품,0,국내증권사,B,SF205,각주항목(09.06월 이후)
33282,202209,0010897,케이알투자증권주식회사,C21,파생상품계약_장외파생상품_이자율관련거래,0,국내증권사,B,SF205,각주항목(09.06월 이후)
33283,202209,0010897,케이알투자증권주식회사,C22,파생상품계약_장외파생상품_통화관련거래,0,국내증권사,B,SF205,각주항목(09.06월 이후)
33284,202209,0010897,케이알투자증권주식회사,C23,파생상품계약_장외파생상품_주식관련거래,0,국내증권사,B,SF205,각주항목(09.06월 이후)
33285,202209,0010897,케이알투자증권주식회사,C24,파생상품계약_장외파생상품_신용관련거래,0,국내증권사,B,SF205,각주항목(09.06월 이후)
33286,202209,0010897,케이알투자증권주식회사,C25,파생상품계약_장외파생상품_기타,0,국내증권사,B,SF205,각주항목(09.06월 이후)
33287,202209,0010897,케이알투자증권주식회사,D,대차 및 대주거래,117851262000,국내증권사,B,SF205,각주항목(09.06월 이후)
33288,202209,0010897,케이알투자증권주식회사,D1,대차 및 대주거래_대여증권,0,국내증권사,B,SF205,각주항목(09.06월 이후)
33289,202209,0010897,케이알투자증권주식회사,D2,대차 및 대주거래_차입증권,117851262000,국내증권사,B,SF205,각주항목(09.06월 이후)
33290,202209,0010897,케이알투자증권주식회사,D3,대차 및 대주거래_신용거래대주,0,국내증권사,B,SF205,각주항목(09.06월 이후)
33291,202209,0010897,케이알투자증권주식회사,E,대손상각채권,0,국내증권사,B,SF205,각주항목(09.06월 이후)
33292,202209,0010897,케이알투자증권주식회사,F,환전업무 예치금,0,국내증권사,B,SF205,각주항목(09.06월 이후)
33293,202209,0010897,케이알투자증권주식회사,G,미배당별도예치금,0,국내증권사,B,SF205,각주항목(09.06월 이후)
33294,202209,0010897,케이알투자증권주식회사,H,배서어음매출(종금계정),0,국내증권사,B,SF205,각주항목(09.06월 이후)
33295,202209,0010897,케이알투자증권주식회사,H1,대출채권매매이익_담보부,0,국내증권사,B,SF205,각주항목(09.06월 이후)
33296,202209,0010897,케이알투자증권주식회사,H2,대출채권매매이익_무담보부,0,국내증권사,B,SF205,각주항목(09.06월 이후)
33297,202212,0010897,케이알투자증권주식회사,A,채무보증,0,국내증권사,B,SF205,각주항목(09.06월 이후)
33298,202212,0010897,케이알투자증권주식회사,A1,채무보증_지급보증,0,국내증권사,B,SF205,각주항목(09.06월 이후)
33299,202212,0010897,케이알투자증권주식회사,A2,채무보증_매입보장약정,0,국내증권사,B,SF205,각주항목(09.06월 이후)
33300,202212,0010897,케이알투자증권주식회사,A3,채무보증_채무인수약정,0,국내증권사,B,SF205,각주항목(09.06월 이후)
33301,202212,0010897,케이알투자증권주식회사,A5,채무보증_매입확약,0,국내증권사,B,SF205,각주항목(09.06월 이후)
33302,202212,0010897,케이알투자증권주식회사,A6,채무보증_기타,0,국내증권사,B,SF205,각주항목(09.06월 이후)
33303,202212,0010897,케이알투자증권주식회사,B,투자자의 예수증권 등,0,국내증권사,B,SF205,각주항목(09.06월 이후)
33304,202212,0010897,케이알투자증권주식회사,B1,투자자의 예수증권 등_예수 증권,0,국내증권사,B,SF205,각주항목(09.06월 이후)
33305,202212,0010897,케이알투자증권주식회사,B2,투자자의 예수증권 등_예수양도성예금증서,0,국내증권사,B,SF205,각주항목(09.06월 이후)
33306,202212,0010897,케이알투자증권주식회사,B3,투자자의 예수증권 등_기타,0,국내증권사,B,SF205,각주항목(09.06월 이후)
33307,202212,0010897,케이알투자증권주식회사,C,파생상품계약,0,국내증권사,B,SF205,각주항목(09.06월 이후)
33308,202212,0010897,케이알투자증권주식회사,C1,파생상품계약_장내파생상품,0,국내증권사,B,SF205,각주항목(09.06월 이후)
33309,202212,0010897,케이알투자증권주식회사,C11,파생상품계약_장내파생상품_이자율관련거래,0,국내증권사,B,SF205,각주항목(09.06월 이후)
33310,202212,0010897,케이알투자증권주식회사,C12,파생상품계약_장내파생상품_통화관련거래,0,국내증권사,B,SF205,각주항목(09.06월 이후)
33311,202212,0010897,케이알투자증권주식회사,C13,파생상품계약_장내파생상품_주식관련거래,0,국내증권사,B,SF205,각주항목(09.06월 이후)
33312,202212,0010897,케이알투자증권주식회사,C14,파생상품계약_장내파생상품_일반상품관련거래,0,국내증권사,B,SF205,각주항목(09.06월 이후)
33313,202212,0010897,케이알투자증권주식회사,C15,파생상품계약_장내파생상품_기타,0,국내증권사,B,SF205,각주항목(09.06월 이후)
33314,202212,0010897,케이알투자증권주식회사,C2,파생상품계약_장외파생상품,0,국내증권사,B,SF205,각주항목(09.06월 이후)
33315,202212,0010897,케이알투자증권주식회사,C21,파생상품계약_장외파생상품_이자율관련거래,0,국내증권사,B,SF205,각주항목(09.06월 이후)
33316,202212,0010897,케이알투자증권주식회사,C22,파생상품계약_장외파생상품_통화관련거래,0,국내증권사,B,SF205,각주항목(09.06월 이후)
33317,202212,0010897,케이알투자증권주식회사,C23,파생상품계약_장외파생상품_주식관련거래,0,국내증권사,B,SF205,각주항목(09.06월 이후)
33318,202212,0010897,케이알투자증권주식회사,C24,파생상품계약_장외파생상품_신용관련거래,0,국내증권사,B,SF205,각주항목(09.06월 이후)
33319,202212,0010897,케이알투자증권주식회사,C25,파생상품계약_장외파생상품_기타,0,국내증권사,B,SF205,각주항목(09.06월 이후)
33320,202212,0010897,케이알투자증권주식회사,D,대차 및 대주거래,0,국내증권사,B,SF205,각주항목(09.06월 이후)
33321,202212,0010897,케이알투자증권주식회사,D1,대차 및 대주거래_대여증권,0,국내증권사,B,SF205,각주항목(09.06월 이후)
33322,202212,0010897,케이알투자증권주식회사,D2,대차 및 대주거래_차입증권,0,국내증권사,B,SF205,각주항목(09.06월 이후)
33323,202212,0010897,케이알투자증권주식회사,D3,대차 및 대주거래_신용거래대주,0,국내증권사,B,SF205,각주항목(09.06월 이후)
33324,202212,0010897,케이알투자증권주식회사,E,대손상각채권,0,국내증권사,B,SF205,각주항목(09.06월 이후)
33325,202212,0010897,케이알투자증권주식회사,F,환전업무 예치금,0,국내증권사,B,SF205,각주항목(09.06월 이후)
33326,202212,0010897,케이알투자증권주식회사,G,미배당별도예치금,0,국내증권사,B,SF205,각주항목(09.06월 이후)
33327,202212,0010897,케이알투자증권주식회사,H,배서어음매출(종금계정),0,국내증권사,B,SF205,각주항목(09.06월 이후)
33328,202212,0010897,케이알투자증권주식회사,H1,대출채권매매이익_담보부,0,국내증권사,B,SF205,각주항목(09.06월 이후)
33329,202212,0010897,케이알투자증권주식회사,H2,대출채권매매이익_무담보부,0,국내증권사,B,SF205,각주항목(09.06월 이후)
33330,202303,0010897,케이알투자증권주식회사,A,채무보증,0,국내증권사,B,SF205,각주항목(09.06월 이후)
33331,202303,0010897,케이알투자증권주식회사,A1,채무보증_지급보증,0,국내증권사,B,SF205,각주항목(09.06월 이후)
33332,202303,0010897,케이알투자증권주식회사,A2,채무보증_매입보장약정,0,국내증권사,B,SF205,각주항목(09.06월 이후)
33333,202303,0010897,케이알투자증권주식회사,A3,채무보증_채무인수약정,0,국내증권사,B,SF205,각주항목(09.06월 이후)
33334,202303,0010897,케이알투자증권주식회사,A5,채무보증_매입확약,0,국내증권사,B,SF205,각주항목(09.06월 이후)
33335,202303,0010897,케이알투자증권주식회사,A6,채무보증_기타,0,국내증권사,B,SF205,각주항목(09.06월 이후)
33336,202303,0010897,케이알투자증권주식회사,B,투자자의 예수증권 등,0,국내증권사,B,SF205,각주항목(09.06월 이후)
33337,202303,0010897,케이알투자증권주식회사,B1,투자자의 예수증권 등_예수 증권,0,국내증권사,B,SF205,각주항목(09.06월 이후)
33338,202303,0010897,케이알투자증권주식회사,B2,투자자의 예수증권 등_예수양도성예금증서,0,국내증권사,B,SF205,각주항목(09.06월 이후)
33339,202303,0010897,케이알투자증권주식회사,B3,투자자의 예수증권 등_기타,0,국내증권사,B,SF205,각주항목(09.06월 이후)
33340,202303,0010897,케이알투자증권주식회사,C,파생상품계약,-31822800000,국내증권사,B,SF205,각주항목(09.06월 이후)
33341,202303,0010897,케이알투자증권주식회사,C1,파생상품계약_장내파생상품,-31822800000,국내증권사,B,SF205,각주항목(09.06월 이후)
33342,202303,0010897,케이알투자증권주식회사,C11,파생상품계약_장내파생상품_이자율관련거래,-31822800000,국내증권사,B,SF205,각주항목(09.06월 이후)
33343,202303,0010897,케이알투자증권주식회사,C12,파생상품계약_장내파생상품_통화관련거래,0,국내증권사,B,SF205,각주항목(09.06월 이후)
33344,202303,0010897,케이알투자증권주식회사,C13,파생상품계약_장내파생상품_주식관련거래,0,국내증권사,B,SF205,각주항목(09.06월 이후)
33345,202303,0010897,케이알투자증권주식회사,C14,파생상품계약_장내파생상품_일반상품관련거래,0,국내증권사,B,SF205,각주항목(09.06월 이후)
33346,202303,0010897,케이알투자증권주식회사,C15,파생상품계약_장내파생상품_기타,0,국내증권사,B,SF205,각주항목(09.06월 이후)
33347,202303,0010897,케이알투자증권주식회사,C2,파생상품계약_장외파생상품,0,국내증권사,B,SF205,각주항목(09.06월 이후)
33348,202303,0010897,케이알투자증권주식회사,C21,파생상품계약_장외파생상품_이자율관련거래,0,국내증권사,B,SF205,각주항목(09.06월 이후)
33349,202303,0010897,케이알투자증권주식회사,C22,파생상품계약_장외파생상품_통화관련거래,0,국내증권사,B,SF205,각주항목(09.06월 이후)
33350,202303,0010897,케이알투자증권주식회사,C23,파생상품계약_장외파생상품_주식관련거래,0,국내증권사,B,SF205,각주항목(09.06월 이후)
33351,202303,0010897,케이알투자증권주식회사,C24,파생상품계약_장외파생상품_신용관련거래,0,국내증권사,B,SF205,각주항목(09.06월 이후)
33352,202303,0010897,케이알투자증권주식회사,C25,파생상품계약_장외파생상품_기타,0,국내증권사,B,SF205,각주항목(09.06월 이후)
33353,202303,0010897,케이알투자증권주식회사,D,대차 및 대주거래,77726394000,국내증권사,B,SF205,각주항목(09.06월 이후)
33354,202303,0010897,케이알투자증권주식회사,D1,대차 및 대주거래_대여증권,0,국내증권사,B,SF205,각주항목(09.06월 이후)
33355,202303,0010897,케이알투자증권주식회사,D2,대차 및 대주거래_차입증권,77726394000,국내증권사,B,SF205,각주항목(09.06월 이후)
33356,202303,0010897,케이알투자증권주식회사,D3,대차 및 대주거래_신용거래대주,0,국내증권사,B,SF205,각주항목(09.06월 이후)
33357,202303,0010897,케이알투자증권주식회사,E,대손상각채권,0,국내증권사,B,SF205,각주항목(09.06월 이후)
33358,202303,0010897,케이알투자증권주식회사,F,환전업무 예치금,0,국내증권사,B,SF205,각주항목(09.06월 이후)
33359,202303,0010897,케이알투자증권주식회사,G,미배당별도예치금,0,국내증권사,B,SF205,각주항목(09.06월 이후)
33360,202303,0010897,케이알투자증권주식회사,H,배서어음매출(종금계정),0,국내증권사,B,SF205,각주항목(09.06월 이후)
33361,202303,0010897,케이알투자증권주식회사,H1,대출채권매매이익_담보부,0,국내증권사,B,SF205,각주항목(09.06월 이후)
33362,202303,0010897,케이알투자증권주식회사,H2,대출채권매매이익_무담보부,0,국내증권사,B,SF205,각주항목(09.06월 이후)
33363,202306,0010897,케이알투자증권주식회사,A,채무보증,0,국내증권사,B,SF205,각주항목(09.06월 이후)
33364,202306,0010897,케이알투자증권주식회사,A1,채무보증_지급보증,0,국내증권사,B,SF205,각주항목(09.06월 이후)
33365,202306,0010897,케이알투자증권주식회사,A2,채무보증_매입보장약정,0,국내증권사,B,SF205,각주항목(09.06월 이후)
33366,202306,0010897,케이알투자증권주식회사,A3,채무보증_채무인수약정,0,국내증권사,B,SF205,각주항목(09.06월 이후)
33367,202306,0010897,케이알투자증권주식회사,A5,채무보증_매입확약,0,국내증권사,B,SF205,각주항목(09.06월 이후)
33368,202306,0010897,케이알투자증권주식회사,A6,채무보증_기타,0,국내증권사,B,SF205,각주항목(09.06월 이후)
33369,202306,0010897,케이알투자증권주식회사,B,투자자의 예수증권 등,0,국내증권사,B,SF205,각주항목(09.06월 이후)
33370,202306,0010897,케이알투자증권주식회사,B1,투자자의 예수증권 등_예수 증권,0,국내증권사,B,SF205,각주항목(09.06월 이후)
33371,202306,0010897,케이알투자증권주식회사,B2,투자자의 예수증권 등_예수양도성예금증서,0,국내증권사,B,SF205,각주항목(09.06월 이후)
33372,202306,0010897,케이알투자증권주식회사,B3,투자자의 예수증권 등_기타,0,국내증권사,B,SF205,각주항목(09.06월 이후)
33373,202306,0010897,케이알투자증권주식회사,C,파생상품계약,-42316820000,국내증권사,B,SF205,각주항목(09.06월 이후)
33374,202306,0010897,케이알투자증권주식회사,C1,파생상품계약_장내파생상품,-42316820000,국내증권사,B,SF205,각주항목(09.06월 이후)
33375,202306,0010897,케이알투자증권주식회사,C11,파생상품계약_장내파생상품_이자율관련거래,-42316820000,국내증권사,B,SF205,각주항목(09.06월 이후)
33376,202306,0010897,케이알투자증권주식회사,C12,파생상품계약_장내파생상품_통화관련거래,0,국내증권사,B,SF205,각주항목(09.06월 이후)
33377,202306,0010897,케이알투자증권주식회사,C13,파생상품계약_장내파생상품_주식관련거래,0,국내증권사,B,SF205,각주항목(09.06월 이후)
33378,202306,0010897,케이알투자증권주식회사,C14,파생상품계약_장내파생상품_일반상품관련거래,0,국내증권사,B,SF205,각주항목(09.06월 이후)
33379,202306,0010897,케이알투자증권주식회사,C15,파생상품계약_장내파생상품_기타,0,국내증권사,B,SF205,각주항목(09.06월 이후)
33380,202306,0010897,케이알투자증권주식회사,C2,파생상품계약_장외파생상품,0,국내증권사,B,SF205,각주항목(09.06월 이후)
33381,202306,0010897,케이알투자증권주식회사,C21,파생상품계약_장외파생상품_이자율관련거래,0,국내증권사,B,SF205,각주항목(09.06월 이후)
33382,202306,0010897,케이알투자증권주식회사,C22,파생상품계약_장외파생상품_통화관련거래,0,국내증권사,B,SF205,각주항목(09.06월 이후)
33383,202306,0010897,케이알투자증권주식회사,C23,파생상품계약_장외파생상품_주식관련거래,0,국내증권사,B,SF205,각주항목(09.06월 이후)
33384,202306,0010897,케이알투자증권주식회사,C24,파생상품계약_장외파생상품_신용관련거래,0,국내증권사,B,SF205,각주항목(09.06월 이후)
33385,202306,0010897,케이알투자증권주식회사,C25,파생상품계약_장외파생상품_기타,0,국내증권사,B,SF205,각주항목(09.06월 이후)
33386,202306,0010897,케이알투자증권주식회사,D,대차 및 대주거래,63026883000,국내증권사,B,SF205,각주항목(09.06월 이후)
33387,202306,0010897,케이알투자증권주식회사,D1,대차 및 대주거래_대여증권,0,국내증권사,B,SF205,각주항목(09.06월 이후)
33388,202306,0010897,케이알투자증권주식회사,D2,대차 및 대주거래_차입증권,63026883000,국내증권사,B,SF205,각주항목(09.06월 이후)
33389,202306,0010897,케이알투자증권주식회사,D3,대차 및 대주거래_신용거래대주,0,국내증권사,B,SF205,각주항목(09.06월 이후)
33390,202306,0010897,케이알투자증권주식회사,E,대손상각채권,0,국내증권사,B,SF205,각주항목(09.06월 이후)
33391,202306,0010897,케이알투자증권주식회사,F,환전업무 예치금,0,국내증권사,B,SF205,각주항목(09.06월 이후)
33392,202306,0010897,케이알투자증권주식회사,G,미배당별도예치금,0,국내증권사,B,SF205,각주항목(09.06월 이후)
33393,202306,0010897,케이알투자증권주식회사,H,배서어음매출(종금계정),0,국내증권사,B,SF205,각주항목(09.06월 이후)
33394,202306,0010897,케이알투자증권주식회사,H1,대출채권매매이익_담보부,0,국내증권사,B,SF205,각주항목(09.06월 이후)
33395,202306,0010897,케이알투자증권주식회사,H2,대출채권매매이익_무담보부,0,국내증권사,B,SF205,각주항목(09.06월 이후)
33396,202309,0010897,케이알투자증권주식회사,A,채무보증,0,국내증권사,B,SF205,각주항목(09.06월 이후)
33397,202309,0010897,케이알투자증권주식회사,A1,채무보증_지급보증,0,국내증권사,B,SF205,각주항목(09.06월 이후)
33398,202309,0010897,케이알투자증권주식회사,A2,채무보증_매입보장약정,0,국내증권사,B,SF205,각주항목(09.06월 이후)
33399,202309,0010897,케이알투자증권주식회사,A3,채무보증_채무인수약정,0,국내증권사,B,SF205,각주항목(09.06월 이후)
33400,202309,0010897,케이알투자증권주식회사,A5,채무보증_매입확약,0,국내증권사,B,SF205,각주항목(09.06월 이후)
33401,202309,0010897,케이알투자증권주식회사,A6,채무보증_기타,0,국내증권사,B,SF205,각주항목(09.06월 이후)
33402,202309,0010897,케이알투자증권주식회사,B,투자자의 예수증권 등,0,국내증권사,B,SF205,각주항목(09.06월 이후)
33403,202309,0010897,케이알투자증권주식회사,B1,투자자의 예수증권 등_예수 증권,0,국내증권사,B,SF205,각주항목(09.06월 이후)
33404,202309,0010897,케이알투자증권주식회사,B2,투자자의 예수증권 등_예수양도성예금증서,0,국내증권사,B,SF205,각주항목(09.06월 이후)
33405,202309,0010897,케이알투자증권주식회사,B3,투자자의 예수증권 등_기타,0,국내증권사,B,SF205,각주항목(09.06월 이후)
33406,202309,0010897,케이알투자증권주식회사,C,파생상품계약,-58959000000,국내증권사,B,SF205,각주항목(09.06월 이후)
33407,202309,0010897,케이알투자증권주식회사,C1,파생상품계약_장내파생상품,-58959000000,국내증권사,B,SF205,각주항목(09.06월 이후)
33408,202309,0010897,케이알투자증권주식회사,C11,파생상품계약_장내파생상품_이자율관련거래,-58959000000,국내증권사,B,SF205,각주항목(09.06월 이후)
33409,202309,0010897,케이알투자증권주식회사,C12,파생상품계약_장내파생상품_통화관련거래,0,국내증권사,B,SF205,각주항목(09.06월 이후)
33410,202309,0010897,케이알투자증권주식회사,C13,파생상품계약_장내파생상품_주식관련거래,0,국내증권사,B,SF205,각주항목(09.06월 이후)
33411,202309,0010897,케이알투자증권주식회사,C14,파생상품계약_장내파생상품_일반상품관련거래,0,국내증권사,B,SF205,각주항목(09.06월 이후)
33412,202309,0010897,케이알투자증권주식회사,C15,파생상품계약_장내파생상품_기타,0,국내증권사,B,SF205,각주항목(09.06월 이후)
33413,202309,0010897,케이알투자증권주식회사,C2,파생상품계약_장외파생상품,0,국내증권사,B,SF205,각주항목(09.06월 이후)
33414,202309,0010897,케이알투자증권주식회사,C21,파생상품계약_장외파생상품_이자율관련거래,0,국내증권사,B,SF205,각주항목(09.06월 이후)
33415,202309,0010897,케이알투자증권주식회사,C22,파생상품계약_장외파생상품_통화관련거래,0,국내증권사,B,SF205,각주항목(09.06월 이후)
33416,202309,0010897,케이알투자증권주식회사,C23,파생상품계약_장외파생상품_주식관련거래,0,국내증권사,B,SF205,각주항목(09.06월 이후)
33417,202309,0010897,케이알투자증권주식회사,C24,파생상품계약_장외파생상품_신용관련거래,0,국내증권사,B,SF205,각주항목(09.06월 이후)
33418,202309,0010897,케이알투자증권주식회사,C25,파생상품계약_장외파생상품_기타,0,국내증권사,B,SF205,각주항목(09.06월 이후)
33419,202309,0010897,케이알투자증권주식회사,D,대차 및 대주거래,71024947000,국내증권사,B,SF205,각주항목(09.06월 이후)
33420,202309,0010897,케이알투자증권주식회사,D1,대차 및 대주거래_대여증권,0,국내증권사,B,SF205,각주항목(09.06월 이후)
33421,202309,0010897,케이알투자증권주식회사,D2,대차 및 대주거래_차입증권,71024947000,국내증권사,B,SF205,각주항목(09.06월 이후)
33422,202309,0010897,케이알투자증권주식회사,D3,대차 및 대주거래_신용거래대주,0,국내증권사,B,SF205,각주항목(09.06월 이후)
33423,202309,0010897,케이알투자증권주식회사,E,대손상각채권,0,국내증권사,B,SF205,각주항목(09.06월 이후)
33424,202309,0010897,케이알투자증권주식회사,F,환전업무 예치금,0,국내증권사,B,SF205,각주항목(09.06월 이후)
33425,202309,0010897,케이알투자증권주식회사,G,미배당별도예치금,0,국내증권사,B,SF205,각주항목(09.06월 이후)
33426,202309,0010897,케이알투자증권주식회사,H,배서어음매출(종금계정),0,국내증권사,B,SF205,각주항목(09.06월 이후)
33427,202309,0010897,케이알투자증권주식회사,H1,대출채권매매이익_담보부,0,국내증권사,B,SF205,각주항목(09.06월 이후)
33428,202309,0010897,케이알투자증권주식회사,H2,대출채권매매이익_무담보부,0,국내증권사,B,SF205,각주항목(09.06월 이후)
33429,202312,0010897,케이알투자증권주식회사,A,채무보증,0,국내증권사,B,SF205,각주항목(09.06월 이후)
33430,202312,0010897,케이알투자증권주식회사,A1,채무보증_지급보증,0,국내증권사,B,SF205,각주항목(09.06월 이후)
33431,202312,0010897,케이알투자증권주식회사,A2,채무보증_매입보장약정,0,국내증권사,B,SF205,각주항목(09.06월 이후)
33432,202312,0010897,케이알투자증권주식회사,A3,채무보증_채무인수약정,0,국내증권사,B,SF205,각주항목(09.06월 이후)
33433,202312,0010897,케이알투자증권주식회사,A5,채무보증_매입확약,0,국내증권사,B,SF205,각주항목(09.06월 이후)
33434,202312,0010897,케이알투자증권주식회사,A6,채무보증_기타,0,국내증권사,B,SF205,각주항목(09.06월 이후)
33435,202312,0010897,케이알투자증권주식회사,B,투자자의 예수증권 등,0,국내증권사,B,SF205,각주항목(09.06월 이후)
33436,202312,0010897,케이알투자증권주식회사,B1,투자자의 예수증권 등_예수 증권,0,국내증권사,B,SF205,각주항목(09.06월 이후)
33437,202312,0010897,케이알투자증권주식회사,B2,투자자의 예수증권 등_예수양도성예금증서,0,국내증권사,B,SF205,각주항목(09.06월 이후)
33438,202312,0010897,케이알투자증권주식회사,B3,투자자의 예수증권 등_기타,0,국내증권사,B,SF205,각주항목(09.06월 이후)
33439,202312,0010897,케이알투자증권주식회사,C,파생상품계약,-20824440000,국내증권사,B,SF205,각주항목(09.06월 이후)
33440,202312,0010897,케이알투자증권주식회사,C1,파생상품계약_장내파생상품,-20824440000,국내증권사,B,SF205,각주항목(09.06월 이후)
33441,202312,0010897,케이알투자증권주식회사,C11,파생상품계약_장내파생상품_이자율관련거래,-20824440000,국내증권사,B,SF205,각주항목(09.06월 이후)
33442,202312,0010897,케이알투자증권주식회사,C12,파생상품계약_장내파생상품_통화관련거래,0,국내증권사,B,SF205,각주항목(09.06월 이후)
33443,202312,0010897,케이알투자증권주식회사,C13,파생상품계약_장내파생상품_주식관련거래,0,국내증권사,B,SF205,각주항목(09.06월 이후)
33444,202312,0010897,케이알투자증권주식회사,C14,파생상품계약_장내파생상품_일반상품관련거래,0,국내증권사,B,SF205,각주항목(09.06월 이후)
33445,202312,0010897,케이알투자증권주식회사,C15,파생상품계약_장내파생상품_기타,0,국내증권사,B,SF205,각주항목(09.06월 이후)
33446,202312,0010897,케이알투자증권주식회사,C2,파생상품계약_장외파생상품,0,국내증권사,B,SF205,각주항목(09.06월 이후)
33447,202312,0010897,케이알투자증권주식회사,C21,파생상품계약_장외파생상품_이자율관련거래,0,국내증권사,B,SF205,각주항목(09.06월 이후)
33448,202312,0010897,케이알투자증권주식회사,C22,파생상품계약_장외파생상품_통화관련거래,0,국내증권사,B,SF205,각주항목(09.06월 이후)
33449,202312,0010897,케이알투자증권주식회사,C23,파생상품계약_장외파생상품_주식관련거래,0,국내증권사,B,SF205,각주항목(09.06월 이후)
33450,202312,0010897,케이알투자증권주식회사,C24,파생상품계약_장외파생상품_신용관련거래,0,국내증권사,B,SF205,각주항목(09.06월 이후)
33451,202312,0010897,케이알투자증권주식회사,C25,파생상품계약_장외파생상품_기타,0,국내증권사,B,SF205,각주항목(09.06월 이후)
33452,202312,0010897,케이알투자증권주식회사,D,대차 및 대주거래,0,국내증권사,B,SF205,각주항목(09.06월 이후)
33453,202312,0010897,케이알투자증권주식회사,D1,대차 및 대주거래_대여증권,0,국내증권사,B,SF205,각주항목(09.06월 이후)
33454,202312,0010897,케이알투자증권주식회사,D2,대차 및 대주거래_차입증권,0,국내증권사,B,SF205,각주항목(09.06월 이후)
33455,202312,0010897,케이알투자증권주식회사,D3,대차 및 대주거래_신용거래대주,0,국내증권사,B,SF205,각주항목(09.06월 이후)
33456,202312,0010897,케이알투자증권주식회사,E,대손상각채권,0,국내증권사,B,SF205,각주항목(09.06월 이후)
33457,202312,0010897,케이알투자증권주식회사,F,환전업무 예치금,0,국내증권사,B,SF205,각주항목(09.06월 이후)
33458,202312,0010897,케이알투자증권주식회사,G,미배당별도예치금,0,국내증권사,B,SF205,각주항목(09.06월 이후)
33459,202312,0010897,케이알투자증권주식회사,H,배서어음매출(종금계정),0,국내증권사,B,SF205,각주항목(09.06월 이후)
33460,202312,0010897,케이알투자증권주식회사,H1,대출채권매매이익_담보부,0,국내증권사,B,SF205,각주항목(09.06월 이후)
33461,202312,0010897,케이알투자증권주식회사,H2,대출채권매매이익_무담보부,0,국내증권사,B,SF205,각주항목(09.06월 이후)
33462,202403,0010897,케이알투자증권주식회사,A,채무보증,0,국내증권사,B,SF205,각주항목(09.06월 이후)
33463,202403,0010897,케이알투자증권주식회사,A1,채무보증_지급보증,0,국내증권사,B,SF205,각주항목(09.06월 이후)
33464,202403,0010897,케이알투자증권주식회사,A2,채무보증_매입보장약정,0,국내증권사,B,SF205,각주항목(09.06월 이후)
33465,202403,0010897,케이알투자증권주식회사,A3,채무보증_채무인수약정,0,국내증권사,B,SF205,각주항목(09.06월 이후)
33466,202403,0010897,케이알투자증권주식회사,A5,채무보증_매입확약,0,국내증권사,B,SF205,각주항목(09.06월 이후)
33467,202403,0010897,케이알투자증권주식회사,A6,채무보증_기타,0,국내증권사,B,SF205,각주항목(09.06월 이후)
33468,202403,0010897,케이알투자증권주식회사,B,투자자의 예수증권 등,0,국내증권사,B,SF205,각주항목(09.06월 이후)
33469,202403,0010897,케이알투자증권주식회사,B1,투자자의 예수증권 등_예수 증권,0,국내증권사,B,SF205,각주항목(09.06월 이후)
33470,202403,0010897,케이알투자증권주식회사,B2,투자자의 예수증권 등_예수양도성예금증서,0,국내증권사,B,SF205,각주항목(09.06월 이후)
33471,202403,0010897,케이알투자증권주식회사,B3,투자자의 예수증권 등_기타,0,국내증권사,B,SF205,각주항목(09.06월 이후)
33472,202403,0010897,케이알투자증권주식회사,C,파생상품계약,-37109640000,국내증권사,B,SF205,각주항목(09.06월 이후)
33473,202403,0010897,케이알투자증권주식회사,C1,파생상품계약_장내파생상품,-37109640000,국내증권사,B,SF205,각주항목(09.06월 이후)
33474,202403,0010897,케이알투자증권주식회사,C11,파생상품계약_장내파생상품_이자율관련거래,-37109640000,국내증권사,B,SF205,각주항목(09.06월 이후)
33475,202403,0010897,케이알투자증권주식회사,C12,파생상품계약_장내파생상품_통화관련거래,0,국내증권사,B,SF205,각주항목(09.06월 이후)
33476,202403,0010897,케이알투자증권주식회사,C13,파생상품계약_장내파생상품_주식관련거래,0,국내증권사,B,SF205,각주항목(09.06월 이후)
33477,202403,0010897,케이알투자증권주식회사,C14,파생상품계약_장내파생상품_일반상품관련거래,0,국내증권사,B,SF205,각주항목(09.06월 이후)
33478,202403,0010897,케이알투자증권주식회사,C15,파생상품계약_장내파생상품_기타,0,국내증권사,B,SF205,각주항목(09.06월 이후)
33479,202403,0010897,케이알투자증권주식회사,C2,파생상품계약_장외파생상품,0,국내증권사,B,SF205,각주항목(09.06월 이후)
33480,202403,0010897,케이알투자증권주식회사,C21,파생상품계약_장외파생상품_이자율관련거래,0,국내증권사,B,SF205,각주항목(09.06월 이후)
33481,202403,0010897,케이알투자증권주식회사,C22,파생상품계약_장외파생상품_통화관련거래,0,국내증권사,B,SF205,각주항목(09.06월 이후)
33482,202403,0010897,케이알투자증권주식회사,C23,파생상품계약_장외파생상품_주식관련거래,0,국내증권사,B,SF205,각주항목(09.06월 이후)
33483,202403,0010897,케이알투자증권주식회사,C24,파생상품계약_장외파생상품_신용관련거래,0,국내증권사,B,SF205,각주항목(09.06월 이후)
33484,202403,0010897,케이알투자증권주식회사,C25,파생상품계약_장외파생상품_기타,0,국내증권사,B,SF205,각주항목(09.06월 이후)
33485,202403,0010897,케이알투자증권주식회사,D,대차 및 대주거래,88755372000,국내증권사,B,SF205,각주항목(09.06월 이후)
33486,202403,0010897,케이알투자증권주식회사,D1,대차 및 대주거래_대여증권,0,국내증권사,B,SF205,각주항목(09.06월 이후)
33487,202403,0010897,케이알투자증권주식회사,D2,대차 및 대주거래_차입증권,88755372000,국내증권사,B,SF205,각주항목(09.06월 이후)
33488,202403,0010897,케이알투자증권주식회사,D3,대차 및 대주거래_신용거래대주,0,국내증권사,B,SF205,각주항목(09.06월 이후)
33489,202403,0010897,케이알투자증권주식회사,E,대손상각채권,0,국내증권사,B,SF205,각주항목(09.06월 이후)
33490,202403,0010897,케이알투자증권주식회사,F,환전업무 예치금,0,국내증권사,B,SF205,각주항목(09.06월 이후)
33491,202403,0010897,케이알투자증권주식회사,G,미배당별도예치금,0,국내증권사,B,SF205,각주항목(09.06월 이후)
33492,202403,0010897,케이알투자증권주식회사,H,배서어음매출(종금계정),0,국내증권사,B,SF205,각주항목(09.06월 이후)
33493,202403,0010897,케이알투자증권주식회사,H1,대출채권매매이익_담보부,0,국내증권사,B,SF205,각주항목(09.06월 이후)
33494,202403,0010897,케이알투자증권주식회사,H2,대출채권매매이익_무담보부,0,국내증권사,B,SF205,각주항목(09.06월 이후)
33495,202406,0010897,케이알투자증권주식회사,A,채무보증,0,국내증권사,B,SF205,각주항목(09.06월 이후)
33496,202406,0010897,케이알투자증권주식회사,A1,채무보증_지급보증,0,국내증권사,B,SF205,각주항목(09.06월 이후)
33497,202406,0010897,케이알투자증권주식회사,A2,채무보증_매입보장약정,0,국내증권사,B,SF205,각주항목(09.06월 이후)
33498,202406,0010897,케이알투자증권주식회사,A3,채무보증_채무인수약정,0,국내증권사,B,SF205,각주항목(09.06월 이후)
33499,202406,0010897,케이알투자증권주식회사,A5,채무보증_매입확약,0,국내증권사,B,SF205,각주항목(09.06월 이후)
33500,202406,0010897,케이알투자증권주식회사,A6,채무보증_기타,0,국내증권사,B,SF205,각주항목(09.06월 이후)
33501,202406,0010897,케이알투자증권주식회사,B,투자자의 예수증권 등,0,국내증권사,B,SF205,각주항목(09.06월 이후)
33502,202406,0010897,케이알투자증권주식회사,B1,투자자의 예수증권 등_예수 증권,0,국내증권사,B,SF205,각주항목(09.06월 이후)
33503,202406,0010897,케이알투자증권주식회사,B2,투자자의 예수증권 등_예수양도성예금증서,0,국내증권사,B,SF205,각주항목(09.06월 이후)
33504,202406,0010897,케이알투자증권주식회사,B3,투자자의 예수증권 등_기타,0,국내증권사,B,SF205,각주항목(09.06월 이후)
33505,202406,0010897,케이알투자증권주식회사,C,파생상품계약,-24239760000,국내증권사,B,SF205,각주항목(09.06월 이후)
33506,202406,0010897,케이알투자증권주식회사,C1,파생상품계약_장내파생상품,-24239760000,국내증권사,B,SF205,각주항목(09.06월 이후)
33507,202406,0010897,케이알투자증권주식회사,C11,파생상품계약_장내파생상품_이자율관련거래,-24239760000,국내증권사,B,SF205,각주항목(09.06월 이후)
33508,202406,0010897,케이알투자증권주식회사,C12,파생상품계약_장내파생상품_통화관련거래,0,국내증권사,B,SF205,각주항목(09.06월 이후)
33509,202406,0010897,케이알투자증권주식회사,C13,파생상품계약_장내파생상품_주식관련거래,0,국내증권사,B,SF205,각주항목(09.06월 이후)
33510,202406,0010897,케이알투자증권주식회사,C14,파생상품계약_장내파생상품_일반상품관련거래,0,국내증권사,B,SF205,각주항목(09.06월 이후)
33511,202406,0010897,케이알투자증권주식회사,C15,파생상품계약_장내파생상품_기타,0,국내증권사,B,SF205,각주항목(09.06월 이후)
33512,202406,0010897,케이알투자증권주식회사,C2,파생상품계약_장외파생상품,0,국내증권사,B,SF205,각주항목(09.06월 이후)
33513,202406,0010897,케이알투자증권주식회사,C21,파생상품계약_장외파생상품_이자율관련거래,0,국내증권사,B,SF205,각주항목(09.06월 이후)
33514,202406,0010897,케이알투자증권주식회사,C22,파생상품계약_장외파생상품_통화관련거래,0,국내증권사,B,SF205,각주항목(09.06월 이후)
33515,202406,0010897,케이알투자증권주식회사,C23,파생상품계약_장외파생상품_주식관련거래,0,국내증권사,B,SF205,각주항목(09.06월 이후)
33516,202406,0010897,케이알투자증권주식회사,C24,파생상품계약_장외파생상품_신용관련거래,0,국내증권사,B,SF205,각주항목(09.06월 이후)
33517,202406,0010897,케이알투자증권주식회사,C25,파생상품계약_장외파생상품_기타,0,국내증권사,B,SF205,각주항목(09.06월 이후)
33518,202406,0010897,케이알투자증권주식회사,D,대차 및 대주거래,114296226000,국내증권사,B,SF205,각주항목(09.06월 이후)
33519,202406,0010897,케이알투자증권주식회사,D1,대차 및 대주거래_대여증권,0,국내증권사,B,SF205,각주항목(09.06월 이후)
33520,202406,0010897,케이알투자증권주식회사,D2,대차 및 대주거래_차입증권,114296226000,국내증권사,B,SF205,각주항목(09.06월 이후)
33521,202406,0010897,케이알투자증권주식회사,D3,대차 및 대주거래_신용거래대주,0,국내증권사,B,SF205,각주항목(09.06월 이후)
33522,202406,0010897,케이알투자증권주식회사,E,대손상각채권,0,국내증권사,B,SF205,각주항목(09.06월 이후)
33523,202406,0010897,케이알투자증권주식회사,F,환전업무 예치금,0,국내증권사,B,SF205,각주항목(09.06월 이후)
33524,202406,0010897,케이알투자증권주식회사,G,미배당별도예치금,0,국내증권사,B,SF205,각주항목(09.06월 이후)
33525,202406,0010897,케이알투자증권주식회사,H,배서어음매출(종금계정),0,국내증권사,B,SF205,각주항목(09.06월 이후)
33526,202406,0010897,케이알투자증권주식회사,H1,대출채권매매이익_담보부,0,국내증권사,B,SF205,각주항목(09.06월 이후)
33527,202406,0010897,케이알투자증권주식회사,H2,대출채권매매이익_무담보부,0,국내증권사,B,SF205,각주항목(09.06월 이후)
33528,202409,0010897,케이알투자증권주식회사,A,채무보증,0,국내증권사,B,SF205,각주항목(09.06월 이후)
33529,202409,0010897,케이알투자증권주식회사,A1,채무보증_지급보증,0,국내증권사,B,SF205,각주항목(09.06월 이후)
33530,202409,0010897,케이알투자증권주식회사,A2,채무보증_매입보장약정,0,국내증권사,B,SF205,각주항목(09.06월 이후)
33531,202409,0010897,케이알투자증권주식회사,A3,채무보증_채무인수약정,0,국내증권사,B,SF205,각주항목(09.06월 이후)
33532,202409,0010897,케이알투자증권주식회사,A5,채무보증_매입확약,0,국내증권사,B,SF205,각주항목(09.06월 이후)
33533,202409,0010897,케이알투자증권주식회사,A6,채무보증_기타,0,국내증권사,B,SF205,각주항목(09.06월 이후)
33534,202409,0010897,케이알투자증권주식회사,B,투자자의 예수증권 등,0,국내증권사,B,SF205,각주항목(09.06월 이후)
33535,202409,0010897,케이알투자증권주식회사,B1,투자자의 예수증권 등_예수 증권,0,국내증권사,B,SF205,각주항목(09.06월 이후)
33536,202409,0010897,케이알투자증권주식회사,B2,투자자의 예수증권 등_예수양도성예금증서,0,국내증권사,B,SF205,각주항목(09.06월 이후)
33537,202409,0010897,케이알투자증권주식회사,B3,투자자의 예수증권 등_기타,0,국내증권사,B,SF205,각주항목(09.06월 이후)
33538,202409,0010897,케이알투자증권주식회사,C,파생상품계약,-146945070000,국내증권사,B,SF205,각주항목(09.06월 이후)
33539,202409,0010897,케이알투자증권주식회사,C1,파생상품계약_장내파생상품,-146945070000,국내증권사,B,SF205,각주항목(09.06월 이후)
33540,202409,0010897,케이알투자증권주식회사,C11,파생상품계약_장내파생상품_이자율관련거래,-146945070000,국내증권사,B,SF205,각주항목(09.06월 이후)
33541,202409,0010897,케이알투자증권주식회사,C12,파생상품계약_장내파생상품_통화관련거래,0,국내증권사,B,SF205,각주항목(09.06월 이후)
33542,202409,0010897,케이알투자증권주식회사,C13,파생상품계약_장내파생상품_주식관련거래,0,국내증권사,B,SF205,각주항목(09.06월 이후)
33543,202409,0010897,케이알투자증권주식회사,C14,파생상품계약_장내파생상품_일반상품관련거래,0,국내증권사,B,SF205,각주항목(09.06월 이후)
33544,202409,0010897,케이알투자증권주식회사,C15,파생상품계약_장내파생상품_기타,0,국내증권사,B,SF205,각주항목(09.06월 이후)
33545,202409,0010897,케이알투자증권주식회사,C2,파생상품계약_장외파생상품,0,국내증권사,B,SF205,각주항목(09.06월 이후)
33546,202409,0010897,케이알투자증권주식회사,C21,파생상품계약_장외파생상품_이자율관련거래,0,국내증권사,B,SF205,각주항목(09.06월 이후)
33547,202409,0010897,케이알투자증권주식회사,C22,파생상품계약_장외파생상품_통화관련거래,0,국내증권사,B,SF205,각주항목(09.06월 이후)
33548,202409,0010897,케이알투자증권주식회사,C23,파생상품계약_장외파생상품_주식관련거래,0,국내증권사,B,SF205,각주항목(09.06월 이후)
33549,202409,0010897,케이알투자증권주식회사,C24,파생상품계약_장외파생상품_신용관련거래,0,국내증권사,B,SF205,각주항목(09.06월 이후)
33550,202409,0010897,케이알투자증권주식회사,C25,파생상품계약_장외파생상품_기타,0,국내증권사,B,SF205,각주항목(09.06월 이후)
33551,202409,0010897,케이알투자증권주식회사,D,대차 및 대주거래,130411351000,국내증권사,B,SF205,각주항목(09.06월 이후)
33552,202409,0010897,케이알투자증권주식회사,D1,대차 및 대주거래_대여증권,0,국내증권사,B,SF205,각주항목(09.06월 이후)
33553,202409,0010897,케이알투자증권주식회사,D2,대차 및 대주거래_차입증권,130411351000,국내증권사,B,SF205,각주항목(09.06월 이후)
33554,202409,0010897,케이알투자증권주식회사,D3,대차 및 대주거래_신용거래대주,0,국내증권사,B,SF205,각주항목(09.06월 이후)
33555,202409,0010897,케이알투자증권주식회사,E,대손상각채권,0,국내증권사,B,SF205,각주항목(09.06월 이후)
33556,202409,0010897,케이알투자증권주식회사,F,환전업무 예치금,0,국내증권사,B,SF205,각주항목(09.06월 이후)
33557,202409,0010897,케이알투자증권주식회사,G,미배당별도예치금,0,국내증권사,B,SF205,각주항목(09.06월 이후)
33558,202409,0010897,케이알투자증권주식회사,H,배서어음매출(종금계정),0,국내증권사,B,SF205,각주항목(09.06월 이후)
33559,202409,0010897,케이알투자증권주식회사,H1,대출채권매매이익_담보부,0,국내증권사,B,SF205,각주항목(09.06월 이후)
33560,202409,0010897,케이알투자증권주식회사,H2,대출채권매매이익_무담보부,0,국내증권사,B,SF205,각주항목(09.06월 이후)
33561,202412,0010897,케이알투자증권주식회사,A,채무보증,0,국내증권사,B,SF205,각주항목(09.06월 이후)
33562,202412,0010897,케이알투자증권주식회사,A1,채무보증_지급보증,0,국내증권사,B,SF205,각주항목(09.06월 이후)
33563,202412,0010897,케이알투자증권주식회사,A2,채무보증_매입보장약정,0,국내증권사,B,SF205,각주항목(09.06월 이후)
33564,202412,0010897,케이알투자증권주식회사,A3,채무보증_채무인수약정,0,국내증권사,B,SF205,각주항목(09.06월 이후)
33565,202412,0010897,케이알투자증권주식회사,A5,채무보증_매입확약,0,국내증권사,B,SF205,각주항목(09.06월 이후)
33566,202412,0010897,케이알투자증권주식회사,A6,채무보증_기타,0,국내증권사,B,SF205,각주항목(09.06월 이후)
33567,202412,0010897,케이알투자증권주식회사,B,투자자의 예수증권 등,0,국내증권사,B,SF205,각주항목(09.06월 이후)
33568,202412,0010897,케이알투자증권주식회사,B1,투자자의 예수증권 등_예수 증권,0,국내증권사,B,SF205,각주항목(09.06월 이후)
33569,202412,0010897,케이알투자증권주식회사,B2,투자자의 예수증권 등_예수양도성예금증서,0,국내증권사,B,SF205,각주항목(09.06월 이후)
33570,202412,0010897,케이알투자증권주식회사,B3,투자자의 예수증권 등_기타,0,국내증권사,B,SF205,각주항목(09.06월 이후)
33571,202412,0010897,케이알투자증권주식회사,C,파생상품계약,8490920000,국내증권사,B,SF205,각주항목(09.06월 이후)
33572,202412,0010897,케이알투자증권주식회사,C1,파생상품계약_장내파생상품,8490920000,국내증권사,B,SF205,각주항목(09.06월 이후)
33573,202412,0010897,케이알투자증권주식회사,C11,파생상품계약_장내파생상품_이자율관련거래,8490920000,국내증권사,B,SF205,각주항목(09.06월 이후)
33574,202412,0010897,케이알투자증권주식회사,C12,파생상품계약_장내파생상품_통화관련거래,0,국내증권사,B,SF205,각주항목(09.06월 이후)
33575,202412,0010897,케이알투자증권주식회사,C13,파생상품계약_장내파생상품_주식관련거래,0,국내증권사,B,SF205,각주항목(09.06월 이후)
33576,202412,0010897,케이알투자증권주식회사,C14,파생상품계약_장내파생상품_일반상품관련거래,0,국내증권사,B,SF205,각주항목(09.06월 이후)
33577,202412,0010897,케이알투자증권주식회사,C15,파생상품계약_장내파생상품_기타,0,국내증권사,B,SF205,각주항목(09.06월 이후)
33578,202412,0010897,케이알투자증권주식회사,C2,파생상품계약_장외파생상품,0,국내증권사,B,SF205,각주항목(09.06월 이후)
33579,202412,0010897,케이알투자증권주식회사,C21,파생상품계약_장외파생상품_이자율관련거래,0,국내증권사,B,SF205,각주항목(09.06월 이후)
33580,202412,0010897,케이알투자증권주식회사,C22,파생상품계약_장외파생상품_통화관련거래,0,국내증권사,B,SF205,각주항목(09.06월 이후)
33581,202412,0010897,케이알투자증권주식회사,C23,파생상품계약_장외파생상품_주식관련거래,0,국내증권사,B,SF205,각주항목(09.06월 이후)
33582,202412,0010897,케이알투자증권주식회사,C24,파생상품계약_장외파생상품_신용관련거래,0,국내증권사,B,SF205,각주항목(09.06월 이후)
33583,202412,0010897,케이알투자증권주식회사,C25,파생상품계약_장외파생상품_기타,0,국내증권사,B,SF205,각주항목(09.06월 이후)
33584,202412,0010897,케이알투자증권주식회사,D,대차 및 대주거래,0,국내증권사,B,SF205,각주항목(09.06월 이후)
33585,202412,0010897,케이알투자증권주식회사,D1,대차 및 대주거래_대여증권,0,국내증권사,B,SF205,각주항목(09.06월 이후)
33586,202412,0010897,케이알투자증권주식회사,D2,대차 및 대주거래_차입증권,0,국내증권사,B,SF205,각주항목(09.06월 이후)
33587,202412,0010897,케이알투자증권주식회사,D3,대차 및 대주거래_신용거래대주,0,국내증권사,B,SF205,각주항목(09.06월 이후)
33588,202412,0010897,케이알투자증권주식회사,E,대손상각채권,0,국내증권사,B,SF205,각주항목(09.06월 이후)
33589,202412,0010897,케이알투자증권주식회사,F,환전업무 예치금,0,국내증권사,B,SF205,각주항목(09.06월 이후)
33590,202412,0010897,케이알투자증권주식회사,G,미배당별도예치금,0,국내증권사,B,SF205,각주항목(09.06월 이후)
33591,202412,0010897,케이알투자증권주식회사,H,배서어음매출(종금계정),0,국내증권사,B,SF205,각주항목(09.06월 이후)
33592,202412,0010897,케이알투자증권주식회사,H1,대출채권매매이익_담보부,0,국내증권사,B,SF205,각주항목(09.06월 이후)
33593,202412,0010897,케이알투자증권주식회사,H2,대출채권매매이익_무담보부,0,국내증권사,B,SF205,각주항목(09.06월 이후)
33594,201703,0011978,케이프투자증권,A,채무보증,91457140000,국내증권사,B,SF205,각주항목(09.06월 이후)
33595,201703,0011978,케이프투자증권,A1,채무보증_지급보증,0,국내증권사,B,SF205,각주항목(09.06월 이후)
33596,201703,0011978,케이프투자증권,A2,채무보증_매입보장약정,90600000000,국내증권사,B,SF205,각주항목(09.06월 이후)
33597,201703,0011978,케이프투자증권,A3,채무보증_채무인수약정, ,국내증권사,B,SF205,각주항목(09.06월 이후)
33598,201703,0011978,케이프투자증권,A5,채무보증_매입확약,857140000,국내증권사,B,SF205,각주항목(09.06월 이후)
33599,201703,0011978,케이프투자증권,A6,채무보증_기타, ,국내증권사,B,SF205,각주항목(09.06월 이후)
33600,201703,0011978,케이프투자증권,B,투자자의 예수증권 등,6529760061844,국내증권사,B,SF205,각주항목(09.06월 이후)
33601,201703,0011978,케이프투자증권,B1,투자자의 예수증권 등_예수 증권,6529760061844,국내증권사,B,SF205,각주항목(09.06월 이후)
33602,201703,0011978,케이프투자증권,B2,투자자의 예수증권 등_예수양도성예금증서, ,국내증권사,B,SF205,각주항목(09.06월 이후)
33603,201703,0011978,케이프투자증권,B3,투자자의 예수증권 등_기타, ,국내증권사,B,SF205,각주항목(09.06월 이후)
33604,201703,0011978,케이프투자증권,C,파생상품계약,1449692390000,국내증권사,B,SF205,각주항목(09.06월 이후)
33605,201703,0011978,케이프투자증권,C1,파생상품계약_장내파생상품,1447460190000,국내증권사,B,SF205,각주항목(09.06월 이후)
33606,201703,0011978,케이프투자증권,C11,파생상품계약_장내파생상품_이자율관련거래,152959360000,국내증권사,B,SF205,각주항목(09.06월 이후)
33607,201703,0011978,케이프투자증권,C12,파생상품계약_장내파생상품_통화관련거래,0,국내증권사,B,SF205,각주항목(09.06월 이후)
33608,201703,0011978,케이프투자증권,C13,파생상품계약_장내파생상품_주식관련거래,1294500830000,국내증권사,B,SF205,각주항목(09.06월 이후)
33609,201703,0011978,케이프투자증권,C14,파생상품계약_장내파생상품_일반상품관련거래,0,국내증권사,B,SF205,각주항목(09.06월 이후)
33610,201703,0011978,케이프투자증권,C15,파생상품계약_장내파생상품_기타,0,국내증권사,B,SF205,각주항목(09.06월 이후)
33611,201703,0011978,케이프투자증권,C2,파생상품계약_장외파생상품,2232200000,국내증권사,B,SF205,각주항목(09.06월 이후)
33612,201703,0011978,케이프투자증권,C21,파생상품계약_장외파생상품_이자율관련거래,0,국내증권사,B,SF205,각주항목(09.06월 이후)
33613,201703,0011978,케이프투자증권,C22,파생상품계약_장외파생상품_통화관련거래,2232200000,국내증권사,B,SF205,각주항목(09.06월 이후)
33614,201703,0011978,케이프투자증권,C23,파생상품계약_장외파생상품_주식관련거래,0,국내증권사,B,SF205,각주항목(09.06월 이후)
33615,201703,0011978,케이프투자증권,C24,파생상품계약_장외파생상품_신용관련거래,0,국내증권사,B,SF205,각주항목(09.06월 이후)
33616,201703,0011978,케이프투자증권,C25,파생상품계약_장외파생상품_기타,0,국내증권사,B,SF205,각주항목(09.06월 이후)
33617,201703,0011978,케이프투자증권,D,대차 및 대주거래,14647233870,국내증권사,B,SF205,각주항목(09.06월 이후)
33618,201703,0011978,케이프투자증권,D1,대차 및 대주거래_대여증권,0,국내증권사,B,SF205,각주항목(09.06월 이후)
33619,201703,0011978,케이프투자증권,D2,대차 및 대주거래_차입증권,14647233870,국내증권사,B,SF205,각주항목(09.06월 이후)
33620,201703,0011978,케이프투자증권,D3,대차 및 대주거래_신용거래대주, ,국내증권사,B,SF205,각주항목(09.06월 이후)
33621,201703,0011978,케이프투자증권,E,대손상각채권, ,국내증권사,B,SF205,각주항목(09.06월 이후)
33622,201703,0011978,케이프투자증권,F,환전업무 예치금,0,국내증권사,B,SF205,각주항목(09.06월 이후)
33623,201703,0011978,케이프투자증권,G,미배당별도예치금, ,국내증권사,B,SF205,각주항목(09.06월 이후)
33624,201703,0011978,케이프투자증권,H,배서어음매출(종금계정),0,국내증권사,B,SF205,각주항목(09.06월 이후)
33625,201703,0011978,케이프투자증권,H1,대출채권매매이익_담보부, ,국내증권사,B,SF205,각주항목(09.06월 이후)
33626,201703,0011978,케이프투자증권,H2,대출채권매매이익_무담보부, ,국내증권사,B,SF205,각주항목(09.06월 이후)
33627,201706,0011978,케이프투자증권,A,채무보증,95425000000,국내증권사,B,SF205,각주항목(09.06월 이후)
33628,201706,0011978,케이프투자증권,A1,채무보증_지급보증,0,국내증권사,B,SF205,각주항목(09.06월 이후)
33629,201706,0011978,케이프투자증권,A2,채무보증_매입보장약정,95425000000,국내증권사,B,SF205,각주항목(09.06월 이후)
33630,201706,0011978,케이프투자증권,A3,채무보증_채무인수약정, ,국내증권사,B,SF205,각주항목(09.06월 이후)
33631,201706,0011978,케이프투자증권,A5,채무보증_매입확약,0,국내증권사,B,SF205,각주항목(09.06월 이후)
33632,201706,0011978,케이프투자증권,A6,채무보증_기타, ,국내증권사,B,SF205,각주항목(09.06월 이후)
33633,201706,0011978,케이프투자증권,B,투자자의 예수증권 등,7430839034498,국내증권사,B,SF205,각주항목(09.06월 이후)
33634,201706,0011978,케이프투자증권,B1,투자자의 예수증권 등_예수 증권,7430839034498,국내증권사,B,SF205,각주항목(09.06월 이후)
33635,201706,0011978,케이프투자증권,B2,투자자의 예수증권 등_예수양도성예금증서, ,국내증권사,B,SF205,각주항목(09.06월 이후)
33636,201706,0011978,케이프투자증권,B3,투자자의 예수증권 등_기타, ,국내증권사,B,SF205,각주항목(09.06월 이후)
33637,201706,0011978,케이프투자증권,C,파생상품계약,2546511635000,국내증권사,B,SF205,각주항목(09.06월 이후)
33638,201706,0011978,케이프투자증권,C1,파생상품계약_장내파생상품,2544232435000,국내증권사,B,SF205,각주항목(09.06월 이후)
33639,201706,0011978,케이프투자증권,C11,파생상품계약_장내파생상품_이자율관련거래,395347270000,국내증권사,B,SF205,각주항목(09.06월 이후)
33640,201706,0011978,케이프투자증권,C12,파생상품계약_장내파생상품_통화관련거래,0,국내증권사,B,SF205,각주항목(09.06월 이후)
33641,201706,0011978,케이프투자증권,C13,파생상품계약_장내파생상품_주식관련거래,2148885165000,국내증권사,B,SF205,각주항목(09.06월 이후)
33642,201706,0011978,케이프투자증권,C14,파생상품계약_장내파생상품_일반상품관련거래,0,국내증권사,B,SF205,각주항목(09.06월 이후)
33643,201706,0011978,케이프투자증권,C15,파생상품계약_장내파생상품_기타,0,국내증권사,B,SF205,각주항목(09.06월 이후)
33644,201706,0011978,케이프투자증권,C2,파생상품계약_장외파생상품,2279200000,국내증권사,B,SF205,각주항목(09.06월 이후)
33645,201706,0011978,케이프투자증권,C21,파생상품계약_장외파생상품_이자율관련거래,0,국내증권사,B,SF205,각주항목(09.06월 이후)
33646,201706,0011978,케이프투자증권,C22,파생상품계약_장외파생상품_통화관련거래,2279200000,국내증권사,B,SF205,각주항목(09.06월 이후)
33647,201706,0011978,케이프투자증권,C23,파생상품계약_장외파생상품_주식관련거래,0,국내증권사,B,SF205,각주항목(09.06월 이후)
33648,201706,0011978,케이프투자증권,C24,파생상품계약_장외파생상품_신용관련거래,0,국내증권사,B,SF205,각주항목(09.06월 이후)
33649,201706,0011978,케이프투자증권,C25,파생상품계약_장외파생상품_기타,0,국내증권사,B,SF205,각주항목(09.06월 이후)
33650,201706,0011978,케이프투자증권,D,대차 및 대주거래,55228734000,국내증권사,B,SF205,각주항목(09.06월 이후)
33651,201706,0011978,케이프투자증권,D1,대차 및 대주거래_대여증권,0,국내증권사,B,SF205,각주항목(09.06월 이후)
33652,201706,0011978,케이프투자증권,D2,대차 및 대주거래_차입증권,55228734000,국내증권사,B,SF205,각주항목(09.06월 이후)
33653,201706,0011978,케이프투자증권,D3,대차 및 대주거래_신용거래대주, ,국내증권사,B,SF205,각주항목(09.06월 이후)
33654,201706,0011978,케이프투자증권,E,대손상각채권, ,국내증권사,B,SF205,각주항목(09.06월 이후)
33655,201706,0011978,케이프투자증권,F,환전업무 예치금,0,국내증권사,B,SF205,각주항목(09.06월 이후)
33656,201706,0011978,케이프투자증권,G,미배당별도예치금, ,국내증권사,B,SF205,각주항목(09.06월 이후)
33657,201706,0011978,케이프투자증권,H,배서어음매출(종금계정),0,국내증권사,B,SF205,각주항목(09.06월 이후)
33658,201706,0011978,케이프투자증권,H1,대출채권매매이익_담보부, ,국내증권사,B,SF205,각주항목(09.06월 이후)
33659,201706,0011978,케이프투자증권,H2,대출채권매매이익_무담보부, ,국내증권사,B,SF205,각주항목(09.06월 이후)
33660,201709,0011978,케이프투자증권,A,채무보증,69600000000,국내증권사,B,SF205,각주항목(09.06월 이후)
33661,201709,0011978,케이프투자증권,A1,채무보증_지급보증,0,국내증권사,B,SF205,각주항목(09.06월 이후)
33662,201709,0011978,케이프투자증권,A2,채무보증_매입보장약정,59600000000,국내증권사,B,SF205,각주항목(09.06월 이후)
33663,201709,0011978,케이프투자증권,A3,채무보증_채무인수약정, ,국내증권사,B,SF205,각주항목(09.06월 이후)
33664,201709,0011978,케이프투자증권,A5,채무보증_매입확약,10000000000,국내증권사,B,SF205,각주항목(09.06월 이후)
33665,201709,0011978,케이프투자증권,A6,채무보증_기타, ,국내증권사,B,SF205,각주항목(09.06월 이후)
33666,201709,0011978,케이프투자증권,B,투자자의 예수증권 등,6606529082273,국내증권사,B,SF205,각주항목(09.06월 이후)
33667,201709,0011978,케이프투자증권,B1,투자자의 예수증권 등_예수 증권,6606529082273,국내증권사,B,SF205,각주항목(09.06월 이후)
33668,201709,0011978,케이프투자증권,B2,투자자의 예수증권 등_예수양도성예금증서, ,국내증권사,B,SF205,각주항목(09.06월 이후)
33669,201709,0011978,케이프투자증권,B3,투자자의 예수증권 등_기타, ,국내증권사,B,SF205,각주항목(09.06월 이후)
33670,201709,0011978,케이프투자증권,C,파생상품계약,1163942872500,국내증권사,B,SF205,각주항목(09.06월 이후)
33671,201709,0011978,케이프투자증권,C1,파생상품계약_장내파생상품,1161649472500,국내증권사,B,SF205,각주항목(09.06월 이후)
33672,201709,0011978,케이프투자증권,C11,파생상품계약_장내파생상품_이자율관련거래,257828190000,국내증권사,B,SF205,각주항목(09.06월 이후)
33673,201709,0011978,케이프투자증권,C12,파생상품계약_장내파생상품_통화관련거래,0,국내증권사,B,SF205,각주항목(09.06월 이후)
33674,201709,0011978,케이프투자증권,C13,파생상품계약_장내파생상품_주식관련거래,903821282500,국내증권사,B,SF205,각주항목(09.06월 이후)
33675,201709,0011978,케이프투자증권,C14,파생상품계약_장내파생상품_일반상품관련거래,0,국내증권사,B,SF205,각주항목(09.06월 이후)
33676,201709,0011978,케이프투자증권,C15,파생상품계약_장내파생상품_기타,0,국내증권사,B,SF205,각주항목(09.06월 이후)
33677,201709,0011978,케이프투자증권,C2,파생상품계약_장외파생상품,2293400000,국내증권사,B,SF205,각주항목(09.06월 이후)
33678,201709,0011978,케이프투자증권,C21,파생상품계약_장외파생상품_이자율관련거래,0,국내증권사,B,SF205,각주항목(09.06월 이후)
33679,201709,0011978,케이프투자증권,C22,파생상품계약_장외파생상품_통화관련거래,2293400000,국내증권사,B,SF205,각주항목(09.06월 이후)
33680,201709,0011978,케이프투자증권,C23,파생상품계약_장외파생상품_주식관련거래,0,국내증권사,B,SF205,각주항목(09.06월 이후)
33681,201709,0011978,케이프투자증권,C24,파생상품계약_장외파생상품_신용관련거래,0,국내증권사,B,SF205,각주항목(09.06월 이후)
33682,201709,0011978,케이프투자증권,C25,파생상품계약_장외파생상품_기타,0,국내증권사,B,SF205,각주항목(09.06월 이후)
33683,201709,0011978,케이프투자증권,D,대차 및 대주거래,48663444,국내증권사,B,SF205,각주항목(09.06월 이후)
33684,201709,0011978,케이프투자증권,D1,대차 및 대주거래_대여증권,0,국내증권사,B,SF205,각주항목(09.06월 이후)
33685,201709,0011978,케이프투자증권,D2,대차 및 대주거래_차입증권,48663444,국내증권사,B,SF205,각주항목(09.06월 이후)
33686,201709,0011978,케이프투자증권,D3,대차 및 대주거래_신용거래대주, ,국내증권사,B,SF205,각주항목(09.06월 이후)
33687,201709,0011978,케이프투자증권,E,대손상각채권, ,국내증권사,B,SF205,각주항목(09.06월 이후)
33688,201709,0011978,케이프투자증권,F,환전업무 예치금,0,국내증권사,B,SF205,각주항목(09.06월 이후)
33689,201709,0011978,케이프투자증권,G,미배당별도예치금, ,국내증권사,B,SF205,각주항목(09.06월 이후)
33690,201709,0011978,케이프투자증권,H,배서어음매출(종금계정),0,국내증권사,B,SF205,각주항목(09.06월 이후)
33691,201709,0011978,케이프투자증권,H1,대출채권매매이익_담보부, ,국내증권사,B,SF205,각주항목(09.06월 이후)
33692,201709,0011978,케이프투자증권,H2,대출채권매매이익_무담보부, ,국내증권사,B,SF205,각주항목(09.06월 이후)
33693,201712,0011978,케이프투자증권,A,채무보증,59600000000,국내증권사,B,SF205,각주항목(09.06월 이후)
33694,201712,0011978,케이프투자증권,A1,채무보증_지급보증,0,국내증권사,B,SF205,각주항목(09.06월 이후)
33695,201712,0011978,케이프투자증권,A2,채무보증_매입보장약정,59600000000,국내증권사,B,SF205,각주항목(09.06월 이후)
33696,201712,0011978,케이프투자증권,A3,채무보증_채무인수약정, ,국내증권사,B,SF205,각주항목(09.06월 이후)
33697,201712,0011978,케이프투자증권,A5,채무보증_매입확약,0,국내증권사,B,SF205,각주항목(09.06월 이후)
33698,201712,0011978,케이프투자증권,A6,채무보증_기타, ,국내증권사,B,SF205,각주항목(09.06월 이후)
33699,201712,0011978,케이프투자증권,B,투자자의 예수증권 등,7361091323322,국내증권사,B,SF205,각주항목(09.06월 이후)
33700,201712,0011978,케이프투자증권,B1,투자자의 예수증권 등_예수 증권,7361091323322,국내증권사,B,SF205,각주항목(09.06월 이후)
33701,201712,0011978,케이프투자증권,B2,투자자의 예수증권 등_예수양도성예금증서, ,국내증권사,B,SF205,각주항목(09.06월 이후)
33702,201712,0011978,케이프투자증권,B3,투자자의 예수증권 등_기타, ,국내증권사,B,SF205,각주항목(09.06월 이후)
33703,201712,0011978,케이프투자증권,C,파생상품계약,122959565000,국내증권사,B,SF205,각주항목(09.06월 이후)
33704,201712,0011978,케이프투자증권,C1,파생상품계약_장내파생상품,120816765000,국내증권사,B,SF205,각주항목(09.06월 이후)
33705,201712,0011978,케이프투자증권,C11,파생상품계약_장내파생상품_이자율관련거래,111480490000,국내증권사,B,SF205,각주항목(09.06월 이후)
33706,201712,0011978,케이프투자증권,C12,파생상품계약_장내파생상품_통화관련거래,0,국내증권사,B,SF205,각주항목(09.06월 이후)
33707,201712,0011978,케이프투자증권,C13,파생상품계약_장내파생상품_주식관련거래,9336275000,국내증권사,B,SF205,각주항목(09.06월 이후)
33708,201712,0011978,케이프투자증권,C14,파생상품계약_장내파생상품_일반상품관련거래,0,국내증권사,B,SF205,각주항목(09.06월 이후)
33709,201712,0011978,케이프투자증권,C15,파생상품계약_장내파생상품_기타,0,국내증권사,B,SF205,각주항목(09.06월 이후)
33710,201712,0011978,케이프투자증권,C2,파생상품계약_장외파생상품,2142800000,국내증권사,B,SF205,각주항목(09.06월 이후)
33711,201712,0011978,케이프투자증권,C21,파생상품계약_장외파생상품_이자율관련거래,0,국내증권사,B,SF205,각주항목(09.06월 이후)
33712,201712,0011978,케이프투자증권,C22,파생상품계약_장외파생상품_통화관련거래,2142800000,국내증권사,B,SF205,각주항목(09.06월 이후)
33713,201712,0011978,케이프투자증권,C23,파생상품계약_장외파생상품_주식관련거래,0,국내증권사,B,SF205,각주항목(09.06월 이후)
33714,201712,0011978,케이프투자증권,C24,파생상품계약_장외파생상품_신용관련거래,0,국내증권사,B,SF205,각주항목(09.06월 이후)
33715,201712,0011978,케이프투자증권,C25,파생상품계약_장외파생상품_기타,0,국내증권사,B,SF205,각주항목(09.06월 이후)
33716,201712,0011978,케이프투자증권,D,대차 및 대주거래,0,국내증권사,B,SF205,각주항목(09.06월 이후)
33717,201712,0011978,케이프투자증권,D1,대차 및 대주거래_대여증권,0,국내증권사,B,SF205,각주항목(09.06월 이후)
33718,201712,0011978,케이프투자증권,D2,대차 및 대주거래_차입증권,0,국내증권사,B,SF205,각주항목(09.06월 이후)
33719,201712,0011978,케이프투자증권,D3,대차 및 대주거래_신용거래대주, ,국내증권사,B,SF205,각주항목(09.06월 이후)
33720,201712,0011978,케이프투자증권,E,대손상각채권, ,국내증권사,B,SF205,각주항목(09.06월 이후)
33721,201712,0011978,케이프투자증권,F,환전업무 예치금,0,국내증권사,B,SF205,각주항목(09.06월 이후)
33722,201712,0011978,케이프투자증권,G,미배당별도예치금, ,국내증권사,B,SF205,각주항목(09.06월 이후)
33723,201712,0011978,케이프투자증권,H,배서어음매출(종금계정),0,국내증권사,B,SF205,각주항목(09.06월 이후)
33724,201712,0011978,케이프투자증권,H1,대출채권매매이익_담보부, ,국내증권사,B,SF205,각주항목(09.06월 이후)
33725,201712,0011978,케이프투자증권,H2,대출채권매매이익_무담보부, ,국내증권사,B,SF205,각주항목(09.06월 이후)
33726,201803,0011978,케이프투자증권,A,채무보증,64200000000,국내증권사,B,SF205,각주항목(09.06월 이후)
33727,201803,0011978,케이프투자증권,A1,채무보증_지급보증,0,국내증권사,B,SF205,각주항목(09.06월 이후)
33728,201803,0011978,케이프투자증권,A2,채무보증_매입보장약정,59600000000,국내증권사,B,SF205,각주항목(09.06월 이후)
33729,201803,0011978,케이프투자증권,A3,채무보증_채무인수약정, ,국내증권사,B,SF205,각주항목(09.06월 이후)
33730,201803,0011978,케이프투자증권,A5,채무보증_매입확약,4600000000,국내증권사,B,SF205,각주항목(09.06월 이후)
33731,201803,0011978,케이프투자증권,A6,채무보증_기타, ,국내증권사,B,SF205,각주항목(09.06월 이후)
33732,201803,0011978,케이프투자증권,B,투자자의 예수증권 등,7608510597907,국내증권사,B,SF205,각주항목(09.06월 이후)
33733,201803,0011978,케이프투자증권,B1,투자자의 예수증권 등_예수 증권,7608510597907,국내증권사,B,SF205,각주항목(09.06월 이후)
33734,201803,0011978,케이프투자증권,B2,투자자의 예수증권 등_예수양도성예금증서, ,국내증권사,B,SF205,각주항목(09.06월 이후)
33735,201803,0011978,케이프투자증권,B3,투자자의 예수증권 등_기타, ,국내증권사,B,SF205,각주항목(09.06월 이후)
33736,201803,0011978,케이프투자증권,C,파생상품계약,241922240000,국내증권사,B,SF205,각주항목(09.06월 이후)
33737,201803,0011978,케이프투자증권,C1,파생상품계약_장내파생상품,239789240000,국내증권사,B,SF205,각주항목(09.06월 이후)
33738,201803,0011978,케이프투자증권,C11,파생상품계약_장내파생상품_이자율관련거래,239789240000,국내증권사,B,SF205,각주항목(09.06월 이후)
33739,201803,0011978,케이프투자증권,C12,파생상품계약_장내파생상품_통화관련거래,0,국내증권사,B,SF205,각주항목(09.06월 이후)
33740,201803,0011978,케이프투자증권,C13,파생상품계약_장내파생상품_주식관련거래,0,국내증권사,B,SF205,각주항목(09.06월 이후)
33741,201803,0011978,케이프투자증권,C14,파생상품계약_장내파생상품_일반상품관련거래,0,국내증권사,B,SF205,각주항목(09.06월 이후)
33742,201803,0011978,케이프투자증권,C15,파생상품계약_장내파생상품_기타,0,국내증권사,B,SF205,각주항목(09.06월 이후)
33743,201803,0011978,케이프투자증권,C2,파생상품계약_장외파생상품,2133000000,국내증권사,B,SF205,각주항목(09.06월 이후)
33744,201803,0011978,케이프투자증권,C21,파생상품계약_장외파생상품_이자율관련거래,0,국내증권사,B,SF205,각주항목(09.06월 이후)
33745,201803,0011978,케이프투자증권,C22,파생상품계약_장외파생상품_통화관련거래,2133000000,국내증권사,B,SF205,각주항목(09.06월 이후)
33746,201803,0011978,케이프투자증권,C23,파생상품계약_장외파생상품_주식관련거래,0,국내증권사,B,SF205,각주항목(09.06월 이후)
33747,201803,0011978,케이프투자증권,C24,파생상품계약_장외파생상품_신용관련거래,0,국내증권사,B,SF205,각주항목(09.06월 이후)
33748,201803,0011978,케이프투자증권,C25,파생상품계약_장외파생상품_기타,0,국내증권사,B,SF205,각주항목(09.06월 이후)
33749,201803,0011978,케이프투자증권,D,대차 및 대주거래,32000528000,국내증권사,B,SF205,각주항목(09.06월 이후)
33750,201803,0011978,케이프투자증권,D1,대차 및 대주거래_대여증권,0,국내증권사,B,SF205,각주항목(09.06월 이후)
33751,201803,0011978,케이프투자증권,D2,대차 및 대주거래_차입증권,32000528000,국내증권사,B,SF205,각주항목(09.06월 이후)
33752,201803,0011978,케이프투자증권,D3,대차 및 대주거래_신용거래대주, ,국내증권사,B,SF205,각주항목(09.06월 이후)
33753,201803,0011978,케이프투자증권,E,대손상각채권, ,국내증권사,B,SF205,각주항목(09.06월 이후)
33754,201803,0011978,케이프투자증권,F,환전업무 예치금,0,국내증권사,B,SF205,각주항목(09.06월 이후)
33755,201803,0011978,케이프투자증권,G,미배당별도예치금, ,국내증권사,B,SF205,각주항목(09.06월 이후)
33756,201803,0011978,케이프투자증권,H,배서어음매출(종금계정),0,국내증권사,B,SF205,각주항목(09.06월 이후)
33757,201803,0011978,케이프투자증권,H1,대출채권매매이익_담보부, ,국내증권사,B,SF205,각주항목(09.06월 이후)
33758,201803,0011978,케이프투자증권,H2,대출채권매매이익_무담보부, ,국내증권사,B,SF205,각주항목(09.06월 이후)
33759,201806,0011978,케이프투자증권,A,채무보증,42800000000,국내증권사,B,SF205,각주항목(09.06월 이후)
33760,201806,0011978,케이프투자증권,A1,채무보증_지급보증,0,국내증권사,B,SF205,각주항목(09.06월 이후)
33761,201806,0011978,케이프투자증권,A2,채무보증_매입보장약정,40000000000,국내증권사,B,SF205,각주항목(09.06월 이후)
33762,201806,0011978,케이프투자증권,A3,채무보증_채무인수약정, ,국내증권사,B,SF205,각주항목(09.06월 이후)
33763,201806,0011978,케이프투자증권,A5,채무보증_매입확약,2800000000,국내증권사,B,SF205,각주항목(09.06월 이후)
33764,201806,0011978,케이프투자증권,A6,채무보증_기타, ,국내증권사,B,SF205,각주항목(09.06월 이후)
33765,201806,0011978,케이프투자증권,B,투자자의 예수증권 등,6889265665810,국내증권사,B,SF205,각주항목(09.06월 이후)
33766,201806,0011978,케이프투자증권,B1,투자자의 예수증권 등_예수 증권,6889265665810,국내증권사,B,SF205,각주항목(09.06월 이후)
33767,201806,0011978,케이프투자증권,B2,투자자의 예수증권 등_예수양도성예금증서, ,국내증권사,B,SF205,각주항목(09.06월 이후)
33768,201806,0011978,케이프투자증권,B3,투자자의 예수증권 등_기타, ,국내증권사,B,SF205,각주항목(09.06월 이후)
33769,201806,0011978,케이프투자증권,C,파생상품계약,606473287500,국내증권사,B,SF205,각주항목(09.06월 이후)
33770,201806,0011978,케이프투자증권,C1,파생상품계약_장내파생상품,604229887500,국내증권사,B,SF205,각주항목(09.06월 이후)
33771,201806,0011978,케이프투자증권,C11,파생상품계약_장내파생상품_이자율관련거래,130284000000,국내증권사,B,SF205,각주항목(09.06월 이후)
33772,201806,0011978,케이프투자증권,C12,파생상품계약_장내파생상품_통화관련거래,0,국내증권사,B,SF205,각주항목(09.06월 이후)
33773,201806,0011978,케이프투자증권,C13,파생상품계약_장내파생상품_주식관련거래,473945887500,국내증권사,B,SF205,각주항목(09.06월 이후)
33774,201806,0011978,케이프투자증권,C14,파생상품계약_장내파생상품_일반상품관련거래,0,국내증권사,B,SF205,각주항목(09.06월 이후)
33775,201806,0011978,케이프투자증권,C15,파생상품계약_장내파생상품_기타,0,국내증권사,B,SF205,각주항목(09.06월 이후)
33776,201806,0011978,케이프투자증권,C2,파생상품계약_장외파생상품,2243400000,국내증권사,B,SF205,각주항목(09.06월 이후)
33777,201806,0011978,케이프투자증권,C21,파생상품계약_장외파생상품_이자율관련거래,0,국내증권사,B,SF205,각주항목(09.06월 이후)
33778,201806,0011978,케이프투자증권,C22,파생상품계약_장외파생상품_통화관련거래,2243400000,국내증권사,B,SF205,각주항목(09.06월 이후)
33779,201806,0011978,케이프투자증권,C23,파생상품계약_장외파생상품_주식관련거래,0,국내증권사,B,SF205,각주항목(09.06월 이후)
33780,201806,0011978,케이프투자증권,C24,파생상품계약_장외파생상품_신용관련거래,0,국내증권사,B,SF205,각주항목(09.06월 이후)
33781,201806,0011978,케이프투자증권,C25,파생상품계약_장외파생상품_기타,0,국내증권사,B,SF205,각주항목(09.06월 이후)
33782,201806,0011978,케이프투자증권,D,대차 및 대주거래,1972192000,국내증권사,B,SF205,각주항목(09.06월 이후)
33783,201806,0011978,케이프투자증권,D1,대차 및 대주거래_대여증권,0,국내증권사,B,SF205,각주항목(09.06월 이후)
33784,201806,0011978,케이프투자증권,D2,대차 및 대주거래_차입증권,1972192000,국내증권사,B,SF205,각주항목(09.06월 이후)
33785,201806,0011978,케이프투자증권,D3,대차 및 대주거래_신용거래대주, ,국내증권사,B,SF205,각주항목(09.06월 이후)
33786,201806,0011978,케이프투자증권,E,대손상각채권, ,국내증권사,B,SF205,각주항목(09.06월 이후)
33787,201806,0011978,케이프투자증권,F,환전업무 예치금,0,국내증권사,B,SF205,각주항목(09.06월 이후)
33788,201806,0011978,케이프투자증권,G,미배당별도예치금, ,국내증권사,B,SF205,각주항목(09.06월 이후)
33789,201806,0011978,케이프투자증권,H,배서어음매출(종금계정),0,국내증권사,B,SF205,각주항목(09.06월 이후)
33790,201806,0011978,케이프투자증권,H1,대출채권매매이익_담보부, ,국내증권사,B,SF205,각주항목(09.06월 이후)
33791,201806,0011978,케이프투자증권,H2,대출채권매매이익_무담보부, ,국내증권사,B,SF205,각주항목(09.06월 이후)
33792,201809,0011978,케이프투자증권,A,채무보증,44300000000,국내증권사,B,SF205,각주항목(09.06월 이후)
33793,201809,0011978,케이프투자증권,A1,채무보증_지급보증,0,국내증권사,B,SF205,각주항목(09.06월 이후)
33794,201809,0011978,케이프투자증권,A2,채무보증_매입보장약정,40000000000,국내증권사,B,SF205,각주항목(09.06월 이후)
33795,201809,0011978,케이프투자증권,A3,채무보증_채무인수약정, ,국내증권사,B,SF205,각주항목(09.06월 이후)
33796,201809,0011978,케이프투자증권,A5,채무보증_매입확약,4300000000,국내증권사,B,SF205,각주항목(09.06월 이후)
33797,201809,0011978,케이프투자증권,A6,채무보증_기타, ,국내증권사,B,SF205,각주항목(09.06월 이후)
33798,201809,0011978,케이프투자증권,B,투자자의 예수증권 등,6313916094724,국내증권사,B,SF205,각주항목(09.06월 이후)
33799,201809,0011978,케이프투자증권,B1,투자자의 예수증권 등_예수 증권,6313916094724,국내증권사,B,SF205,각주항목(09.06월 이후)
33800,201809,0011978,케이프투자증권,B2,투자자의 예수증권 등_예수양도성예금증서, ,국내증권사,B,SF205,각주항목(09.06월 이후)
33801,201809,0011978,케이프투자증권,B3,투자자의 예수증권 등_기타, ,국내증권사,B,SF205,각주항목(09.06월 이후)
33802,201809,0011978,케이프투자증권,C,파생상품계약,1055623160000,국내증권사,B,SF205,각주항목(09.06월 이후)
33803,201809,0011978,케이프투자증권,C1,파생상품계약_장내파생상품,1053397760000,국내증권사,B,SF205,각주항목(09.06월 이후)
33804,201809,0011978,케이프투자증권,C11,파생상품계약_장내파생상품_이자율관련거래,175908560000,국내증권사,B,SF205,각주항목(09.06월 이후)
33805,201809,0011978,케이프투자증권,C12,파생상품계약_장내파생상품_통화관련거래,0,국내증권사,B,SF205,각주항목(09.06월 이후)
33806,201809,0011978,케이프투자증권,C13,파생상품계약_장내파생상품_주식관련거래,877489200000,국내증권사,B,SF205,각주항목(09.06월 이후)
33807,201809,0011978,케이프투자증권,C14,파생상품계약_장내파생상품_일반상품관련거래,0,국내증권사,B,SF205,각주항목(09.06월 이후)
33808,201809,0011978,케이프투자증권,C15,파생상품계약_장내파생상품_기타,0,국내증권사,B,SF205,각주항목(09.06월 이후)
33809,201809,0011978,케이프투자증권,C2,파생상품계약_장외파생상품,2225400000,국내증권사,B,SF205,각주항목(09.06월 이후)
33810,201809,0011978,케이프투자증권,C21,파생상품계약_장외파생상품_이자율관련거래,0,국내증권사,B,SF205,각주항목(09.06월 이후)
33811,201809,0011978,케이프투자증권,C22,파생상품계약_장외파생상품_통화관련거래,2225400000,국내증권사,B,SF205,각주항목(09.06월 이후)
33812,201809,0011978,케이프투자증권,C23,파생상품계약_장외파생상품_주식관련거래,0,국내증권사,B,SF205,각주항목(09.06월 이후)
33813,201809,0011978,케이프투자증권,C24,파생상품계약_장외파생상품_신용관련거래,0,국내증권사,B,SF205,각주항목(09.06월 이후)
33814,201809,0011978,케이프투자증권,C25,파생상품계약_장외파생상품_기타,0,국내증권사,B,SF205,각주항목(09.06월 이후)
33815,201809,0011978,케이프투자증권,D,대차 및 대주거래,10785285000,국내증권사,B,SF205,각주항목(09.06월 이후)
33816,201809,0011978,케이프투자증권,D1,대차 및 대주거래_대여증권,0,국내증권사,B,SF205,각주항목(09.06월 이후)
33817,201809,0011978,케이프투자증권,D2,대차 및 대주거래_차입증권,10785285000,국내증권사,B,SF205,각주항목(09.06월 이후)
33818,201809,0011978,케이프투자증권,D3,대차 및 대주거래_신용거래대주, ,국내증권사,B,SF205,각주항목(09.06월 이후)
33819,201809,0011978,케이프투자증권,E,대손상각채권, ,국내증권사,B,SF205,각주항목(09.06월 이후)
33820,201809,0011978,케이프투자증권,F,환전업무 예치금,0,국내증권사,B,SF205,각주항목(09.06월 이후)
33821,201809,0011978,케이프투자증권,G,미배당별도예치금, ,국내증권사,B,SF205,각주항목(09.06월 이후)
33822,201809,0011978,케이프투자증권,H,배서어음매출(종금계정),0,국내증권사,B,SF205,각주항목(09.06월 이후)
33823,201809,0011978,케이프투자증권,H1,대출채권매매이익_담보부, ,국내증권사,B,SF205,각주항목(09.06월 이후)
33824,201809,0011978,케이프투자증권,H2,대출채권매매이익_무담보부, ,국내증권사,B,SF205,각주항목(09.06월 이후)
33825,201812,0011978,케이프투자증권,A,채무보증,2200000000,국내증권사,B,SF205,각주항목(09.06월 이후)
33826,201812,0011978,케이프투자증권,A1,채무보증_지급보증,0,국내증권사,B,SF205,각주항목(09.06월 이후)
33827,201812,0011978,케이프투자증권,A2,채무보증_매입보장약정,0,국내증권사,B,SF205,각주항목(09.06월 이후)
33828,201812,0011978,케이프투자증권,A3,채무보증_채무인수약정, ,국내증권사,B,SF205,각주항목(09.06월 이후)
33829,201812,0011978,케이프투자증권,A5,채무보증_매입확약,2200000000,국내증권사,B,SF205,각주항목(09.06월 이후)
33830,201812,0011978,케이프투자증권,A6,채무보증_기타, ,국내증권사,B,SF205,각주항목(09.06월 이후)
33831,201812,0011978,케이프투자증권,B,투자자의 예수증권 등,5770862670674,국내증권사,B,SF205,각주항목(09.06월 이후)
33832,201812,0011978,케이프투자증권,B1,투자자의 예수증권 등_예수 증권,5770862670674,국내증권사,B,SF205,각주항목(09.06월 이후)
33833,201812,0011978,케이프투자증권,B2,투자자의 예수증권 등_예수양도성예금증서, ,국내증권사,B,SF205,각주항목(09.06월 이후)
33834,201812,0011978,케이프투자증권,B3,투자자의 예수증권 등_기타, ,국내증권사,B,SF205,각주항목(09.06월 이후)
33835,201812,0011978,케이프투자증권,C,파생상품계약,570343290000,국내증권사,B,SF205,각주항목(09.06월 이후)
33836,201812,0011978,케이프투자증권,C1,파생상품계약_장내파생상품,568107090000,국내증권사,B,SF205,각주항목(09.06월 이후)
33837,201812,0011978,케이프투자증권,C11,파생상품계약_장내파생상품_이자율관련거래,568107090000,국내증권사,B,SF205,각주항목(09.06월 이후)
33838,201812,0011978,케이프투자증권,C12,파생상품계약_장내파생상품_통화관련거래,0,국내증권사,B,SF205,각주항목(09.06월 이후)
33839,201812,0011978,케이프투자증권,C13,파생상품계약_장내파생상품_주식관련거래,0,국내증권사,B,SF205,각주항목(09.06월 이후)
33840,201812,0011978,케이프투자증권,C14,파생상품계약_장내파생상품_일반상품관련거래,0,국내증권사,B,SF205,각주항목(09.06월 이후)
33841,201812,0011978,케이프투자증권,C15,파생상품계약_장내파생상품_기타,0,국내증권사,B,SF205,각주항목(09.06월 이후)
33842,201812,0011978,케이프투자증권,C2,파생상품계약_장외파생상품,2236200000,국내증권사,B,SF205,각주항목(09.06월 이후)
33843,201812,0011978,케이프투자증권,C21,파생상품계약_장외파생상품_이자율관련거래,0,국내증권사,B,SF205,각주항목(09.06월 이후)
33844,201812,0011978,케이프투자증권,C22,파생상품계약_장외파생상품_통화관련거래,2236200000,국내증권사,B,SF205,각주항목(09.06월 이후)
33845,201812,0011978,케이프투자증권,C23,파생상품계약_장외파생상품_주식관련거래,0,국내증권사,B,SF205,각주항목(09.06월 이후)
33846,201812,0011978,케이프투자증권,C24,파생상품계약_장외파생상품_신용관련거래,0,국내증권사,B,SF205,각주항목(09.06월 이후)
33847,201812,0011978,케이프투자증권,C25,파생상품계약_장외파생상품_기타,0,국내증권사,B,SF205,각주항목(09.06월 이후)
33848,201812,0011978,케이프투자증권,D,대차 및 대주거래,16136239730,국내증권사,B,SF205,각주항목(09.06월 이후)
33849,201812,0011978,케이프투자증권,D1,대차 및 대주거래_대여증권,0,국내증권사,B,SF205,각주항목(09.06월 이후)
33850,201812,0011978,케이프투자증권,D2,대차 및 대주거래_차입증권,16136239730,국내증권사,B,SF205,각주항목(09.06월 이후)
33851,201812,0011978,케이프투자증권,D3,대차 및 대주거래_신용거래대주, ,국내증권사,B,SF205,각주항목(09.06월 이후)
33852,201812,0011978,케이프투자증권,E,대손상각채권, ,국내증권사,B,SF205,각주항목(09.06월 이후)
33853,201812,0011978,케이프투자증권,F,환전업무 예치금,0,국내증권사,B,SF205,각주항목(09.06월 이후)
33854,201812,0011978,케이프투자증권,G,미배당별도예치금, ,국내증권사,B,SF205,각주항목(09.06월 이후)
33855,201812,0011978,케이프투자증권,H,배서어음매출(종금계정),0,국내증권사,B,SF205,각주항목(09.06월 이후)
33856,201812,0011978,케이프투자증권,H1,대출채권매매이익_담보부, ,국내증권사,B,SF205,각주항목(09.06월 이후)
33857,201812,0011978,케이프투자증권,H2,대출채권매매이익_무담보부, ,국내증권사,B,SF205,각주항목(09.06월 이후)
33858,201903,0011978,케이프투자증권,A,채무보증,2200000000,국내증권사,B,SF205,각주항목(09.06월 이후)
33859,201903,0011978,케이프투자증권,A1,채무보증_지급보증,0,국내증권사,B,SF205,각주항목(09.06월 이후)
33860,201903,0011978,케이프투자증권,A2,채무보증_매입보장약정,0,국내증권사,B,SF205,각주항목(09.06월 이후)
33861,201903,0011978,케이프투자증권,A3,채무보증_채무인수약정, ,국내증권사,B,SF205,각주항목(09.06월 이후)
33862,201903,0011978,케이프투자증권,A5,채무보증_매입확약,2200000000,국내증권사,B,SF205,각주항목(09.06월 이후)
33863,201903,0011978,케이프투자증권,A6,채무보증_기타, ,국내증권사,B,SF205,각주항목(09.06월 이후)
33864,201903,0011978,케이프투자증권,B,투자자의 예수증권 등,6388555775867,국내증권사,B,SF205,각주항목(09.06월 이후)
33865,201903,0011978,케이프투자증권,B1,투자자의 예수증권 등_예수 증권,6388555775867,국내증권사,B,SF205,각주항목(09.06월 이후)
33866,201903,0011978,케이프투자증권,B2,투자자의 예수증권 등_예수양도성예금증서, ,국내증권사,B,SF205,각주항목(09.06월 이후)
33867,201903,0011978,케이프투자증권,B3,투자자의 예수증권 등_기타, ,국내증권사,B,SF205,각주항목(09.06월 이후)
33868,201903,0011978,케이프투자증권,C,파생상품계약,571429830000,국내증권사,B,SF205,각주항목(09.06월 이후)
33869,201903,0011978,케이프투자증권,C1,파생상품계약_장내파생상품,569154230000,국내증권사,B,SF205,각주항목(09.06월 이후)
33870,201903,0011978,케이프투자증권,C11,파생상품계약_장내파생상품_이자율관련거래,474045110000,국내증권사,B,SF205,각주항목(09.06월 이후)
33871,201903,0011978,케이프투자증권,C12,파생상품계약_장내파생상품_통화관련거래,0,국내증권사,B,SF205,각주항목(09.06월 이후)
33872,201903,0011978,케이프투자증권,C13,파생상품계약_장내파생상품_주식관련거래,95109120000,국내증권사,B,SF205,각주항목(09.06월 이후)
33873,201903,0011978,케이프투자증권,C14,파생상품계약_장내파생상품_일반상품관련거래,0,국내증권사,B,SF205,각주항목(09.06월 이후)
33874,201903,0011978,케이프투자증권,C15,파생상품계약_장내파생상품_기타,0,국내증권사,B,SF205,각주항목(09.06월 이후)
33875,201903,0011978,케이프투자증권,C2,파생상품계약_장외파생상품,2275600000,국내증권사,B,SF205,각주항목(09.06월 이후)
33876,201903,0011978,케이프투자증권,C21,파생상품계약_장외파생상품_이자율관련거래,0,국내증권사,B,SF205,각주항목(09.06월 이후)
33877,201903,0011978,케이프투자증권,C22,파생상품계약_장외파생상품_통화관련거래,2275600000,국내증권사,B,SF205,각주항목(09.06월 이후)
33878,201903,0011978,케이프투자증권,C23,파생상품계약_장외파생상품_주식관련거래,0,국내증권사,B,SF205,각주항목(09.06월 이후)
33879,201903,0011978,케이프투자증권,C24,파생상품계약_장외파생상품_신용관련거래,0,국내증권사,B,SF205,각주항목(09.06월 이후)
33880,201903,0011978,케이프투자증권,C25,파생상품계약_장외파생상품_기타,0,국내증권사,B,SF205,각주항목(09.06월 이후)
33881,201903,0011978,케이프투자증권,D,대차 및 대주거래,22306210000,국내증권사,B,SF205,각주항목(09.06월 이후)
33882,201903,0011978,케이프투자증권,D1,대차 및 대주거래_대여증권,0,국내증권사,B,SF205,각주항목(09.06월 이후)
33883,201903,0011978,케이프투자증권,D2,대차 및 대주거래_차입증권,22306210000,국내증권사,B,SF205,각주항목(09.06월 이후)
33884,201903,0011978,케이프투자증권,D3,대차 및 대주거래_신용거래대주, ,국내증권사,B,SF205,각주항목(09.06월 이후)
33885,201903,0011978,케이프투자증권,E,대손상각채권, ,국내증권사,B,SF205,각주항목(09.06월 이후)
33886,201903,0011978,케이프투자증권,F,환전업무 예치금,0,국내증권사,B,SF205,각주항목(09.06월 이후)
33887,201903,0011978,케이프투자증권,G,미배당별도예치금, ,국내증권사,B,SF205,각주항목(09.06월 이후)
33888,201903,0011978,케이프투자증권,H,배서어음매출(종금계정),0,국내증권사,B,SF205,각주항목(09.06월 이후)
33889,201903,0011978,케이프투자증권,H1,대출채권매매이익_담보부, ,국내증권사,B,SF205,각주항목(09.06월 이후)
33890,201903,0011978,케이프투자증권,H2,대출채권매매이익_무담보부, ,국내증권사,B,SF205,각주항목(09.06월 이후)
33891,201906,0011978,케이프투자증권,A,채무보증,2200000000,국내증권사,B,SF205,각주항목(09.06월 이후)
33892,201906,0011978,케이프투자증권,A1,채무보증_지급보증,0,국내증권사,B,SF205,각주항목(09.06월 이후)
33893,201906,0011978,케이프투자증권,A2,채무보증_매입보장약정,0,국내증권사,B,SF205,각주항목(09.06월 이후)
33894,201906,0011978,케이프투자증권,A3,채무보증_채무인수약정, ,국내증권사,B,SF205,각주항목(09.06월 이후)
33895,201906,0011978,케이프투자증권,A5,채무보증_매입확약,2200000000,국내증권사,B,SF205,각주항목(09.06월 이후)
33896,201906,0011978,케이프투자증권,A6,채무보증_기타, ,국내증권사,B,SF205,각주항목(09.06월 이후)
33897,201906,0011978,케이프투자증권,B,투자자의 예수증권 등,6598308761717,국내증권사,B,SF205,각주항목(09.06월 이후)
33898,201906,0011978,케이프투자증권,B1,투자자의 예수증권 등_예수 증권,6598308761717,국내증권사,B,SF205,각주항목(09.06월 이후)
33899,201906,0011978,케이프투자증권,B2,투자자의 예수증권 등_예수양도성예금증서, ,국내증권사,B,SF205,각주항목(09.06월 이후)
33900,201906,0011978,케이프투자증권,B3,투자자의 예수증권 등_기타, ,국내증권사,B,SF205,각주항목(09.06월 이후)
33901,201906,0011978,케이프투자증권,C,파생상품계약,705097500000,국내증권사,B,SF205,각주항목(09.06월 이후)
33902,201906,0011978,케이프투자증권,C1,파생상품계약_장내파생상품,705097500000,국내증권사,B,SF205,각주항목(09.06월 이후)
33903,201906,0011978,케이프투자증권,C11,파생상품계약_장내파생상품_이자율관련거래,698021250000,국내증권사,B,SF205,각주항목(09.06월 이후)
33904,201906,0011978,케이프투자증권,C12,파생상품계약_장내파생상품_통화관련거래,0,국내증권사,B,SF205,각주항목(09.06월 이후)
33905,201906,0011978,케이프투자증권,C13,파생상품계약_장내파생상품_주식관련거래,7076250000,국내증권사,B,SF205,각주항목(09.06월 이후)
33906,201906,0011978,케이프투자증권,C14,파생상품계약_장내파생상품_일반상품관련거래,0,국내증권사,B,SF205,각주항목(09.06월 이후)
33907,201906,0011978,케이프투자증권,C15,파생상품계약_장내파생상품_기타,0,국내증권사,B,SF205,각주항목(09.06월 이후)
33908,201906,0011978,케이프투자증권,C2,파생상품계약_장외파생상품,0,국내증권사,B,SF205,각주항목(09.06월 이후)
33909,201906,0011978,케이프투자증권,C21,파생상품계약_장외파생상품_이자율관련거래,0,국내증권사,B,SF205,각주항목(09.06월 이후)
33910,201906,0011978,케이프투자증권,C22,파생상품계약_장외파생상품_통화관련거래,0,국내증권사,B,SF205,각주항목(09.06월 이후)
33911,201906,0011978,케이프투자증권,C23,파생상품계약_장외파생상품_주식관련거래,0,국내증권사,B,SF205,각주항목(09.06월 이후)
33912,201906,0011978,케이프투자증권,C24,파생상품계약_장외파생상품_신용관련거래,0,국내증권사,B,SF205,각주항목(09.06월 이후)
33913,201906,0011978,케이프투자증권,C25,파생상품계약_장외파생상품_기타,0,국내증권사,B,SF205,각주항목(09.06월 이후)
33914,201906,0011978,케이프투자증권,D,대차 및 대주거래,59951449980,국내증권사,B,SF205,각주항목(09.06월 이후)
33915,201906,0011978,케이프투자증권,D1,대차 및 대주거래_대여증권,0,국내증권사,B,SF205,각주항목(09.06월 이후)
33916,201906,0011978,케이프투자증권,D2,대차 및 대주거래_차입증권,59951449980,국내증권사,B,SF205,각주항목(09.06월 이후)
33917,201906,0011978,케이프투자증권,D3,대차 및 대주거래_신용거래대주, ,국내증권사,B,SF205,각주항목(09.06월 이후)
33918,201906,0011978,케이프투자증권,E,대손상각채권, ,국내증권사,B,SF205,각주항목(09.06월 이후)
33919,201906,0011978,케이프투자증권,F,환전업무 예치금,0,국내증권사,B,SF205,각주항목(09.06월 이후)
33920,201906,0011978,케이프투자증권,G,미배당별도예치금, ,국내증권사,B,SF205,각주항목(09.06월 이후)
33921,201906,0011978,케이프투자증권,H,배서어음매출(종금계정),0,국내증권사,B,SF205,각주항목(09.06월 이후)
33922,201906,0011978,케이프투자증권,H1,대출채권매매이익_담보부, ,국내증권사,B,SF205,각주항목(09.06월 이후)
33923,201906,0011978,케이프투자증권,H2,대출채권매매이익_무담보부, ,국내증권사,B,SF205,각주항목(09.06월 이후)
33924,201909,0011978,케이프투자증권,A,채무보증,0,국내증권사,B,SF205,각주항목(09.06월 이후)
33925,201909,0011978,케이프투자증권,A1,채무보증_지급보증,0,국내증권사,B,SF205,각주항목(09.06월 이후)
33926,201909,0011978,케이프투자증권,A2,채무보증_매입보장약정,0,국내증권사,B,SF205,각주항목(09.06월 이후)
33927,201909,0011978,케이프투자증권,A3,채무보증_채무인수약정, ,국내증권사,B,SF205,각주항목(09.06월 이후)
33928,201909,0011978,케이프투자증권,A5,채무보증_매입확약,0,국내증권사,B,SF205,각주항목(09.06월 이후)
33929,201909,0011978,케이프투자증권,A6,채무보증_기타, ,국내증권사,B,SF205,각주항목(09.06월 이후)
33930,201909,0011978,케이프투자증권,B,투자자의 예수증권 등,5926246414753,국내증권사,B,SF205,각주항목(09.06월 이후)
33931,201909,0011978,케이프투자증권,B1,투자자의 예수증권 등_예수 증권,5926246414753,국내증권사,B,SF205,각주항목(09.06월 이후)
33932,201909,0011978,케이프투자증권,B2,투자자의 예수증권 등_예수양도성예금증서, ,국내증권사,B,SF205,각주항목(09.06월 이후)
33933,201909,0011978,케이프투자증권,B3,투자자의 예수증권 등_기타, ,국내증권사,B,SF205,각주항목(09.06월 이후)
33934,201909,0011978,케이프투자증권,C,파생상품계약,1200283045000,국내증권사,B,SF205,각주항목(09.06월 이후)
33935,201909,0011978,케이프투자증권,C1,파생상품계약_장내파생상품,1200283045000,국내증권사,B,SF205,각주항목(09.06월 이후)
33936,201909,0011978,케이프투자증권,C11,파생상품계약_장내파생상품_이자율관련거래,822550100000,국내증권사,B,SF205,각주항목(09.06월 이후)
33937,201909,0011978,케이프투자증권,C12,파생상품계약_장내파생상품_통화관련거래,0,국내증권사,B,SF205,각주항목(09.06월 이후)
33938,201909,0011978,케이프투자증권,C13,파생상품계약_장내파생상품_주식관련거래,377732945000,국내증권사,B,SF205,각주항목(09.06월 이후)
33939,201909,0011978,케이프투자증권,C14,파생상품계약_장내파생상품_일반상품관련거래,0,국내증권사,B,SF205,각주항목(09.06월 이후)
33940,201909,0011978,케이프투자증권,C15,파생상품계약_장내파생상품_기타,0,국내증권사,B,SF205,각주항목(09.06월 이후)
33941,201909,0011978,케이프투자증권,C2,파생상품계약_장외파생상품,0,국내증권사,B,SF205,각주항목(09.06월 이후)
33942,201909,0011978,케이프투자증권,C21,파생상품계약_장외파생상품_이자율관련거래,0,국내증권사,B,SF205,각주항목(09.06월 이후)
33943,201909,0011978,케이프투자증권,C22,파생상품계약_장외파생상품_통화관련거래,0,국내증권사,B,SF205,각주항목(09.06월 이후)
33944,201909,0011978,케이프투자증권,C23,파생상품계약_장외파생상품_주식관련거래,0,국내증권사,B,SF205,각주항목(09.06월 이후)
33945,201909,0011978,케이프투자증권,C24,파생상품계약_장외파생상품_신용관련거래,0,국내증권사,B,SF205,각주항목(09.06월 이후)
33946,201909,0011978,케이프투자증권,C25,파생상품계약_장외파생상품_기타,0,국내증권사,B,SF205,각주항목(09.06월 이후)
33947,201909,0011978,케이프투자증권,D,대차 및 대주거래,3374674060,국내증권사,B,SF205,각주항목(09.06월 이후)
33948,201909,0011978,케이프투자증권,D1,대차 및 대주거래_대여증권,0,국내증권사,B,SF205,각주항목(09.06월 이후)
33949,201909,0011978,케이프투자증권,D2,대차 및 대주거래_차입증권,3374674060,국내증권사,B,SF205,각주항목(09.06월 이후)
33950,201909,0011978,케이프투자증권,D3,대차 및 대주거래_신용거래대주, ,국내증권사,B,SF205,각주항목(09.06월 이후)
33951,201909,0011978,케이프투자증권,E,대손상각채권, ,국내증권사,B,SF205,각주항목(09.06월 이후)
33952,201909,0011978,케이프투자증권,F,환전업무 예치금,0,국내증권사,B,SF205,각주항목(09.06월 이후)
33953,201909,0011978,케이프투자증권,G,미배당별도예치금, ,국내증권사,B,SF205,각주항목(09.06월 이후)
33954,201909,0011978,케이프투자증권,H,배서어음매출(종금계정),0,국내증권사,B,SF205,각주항목(09.06월 이후)
33955,201909,0011978,케이프투자증권,H1,대출채권매매이익_담보부, ,국내증권사,B,SF205,각주항목(09.06월 이후)
33956,201909,0011978,케이프투자증권,H2,대출채권매매이익_무담보부, ,국내증권사,B,SF205,각주항목(09.06월 이후)
33957,201912,0011978,케이프투자증권,A,채무보증,8400000000,국내증권사,B,SF205,각주항목(09.06월 이후)
33958,201912,0011978,케이프투자증권,A1,채무보증_지급보증,0,국내증권사,B,SF205,각주항목(09.06월 이후)
33959,201912,0011978,케이프투자증권,A2,채무보증_매입보장약정,0,국내증권사,B,SF205,각주항목(09.06월 이후)
33960,201912,0011978,케이프투자증권,A3,채무보증_채무인수약정, ,국내증권사,B,SF205,각주항목(09.06월 이후)
33961,201912,0011978,케이프투자증권,A5,채무보증_매입확약,8400000000,국내증권사,B,SF205,각주항목(09.06월 이후)
33962,201912,0011978,케이프투자증권,A6,채무보증_기타, ,국내증권사,B,SF205,각주항목(09.06월 이후)
33963,201912,0011978,케이프투자증권,B,투자자의 예수증권 등,6095277017092,국내증권사,B,SF205,각주항목(09.06월 이후)
33964,201912,0011978,케이프투자증권,B1,투자자의 예수증권 등_예수 증권,6095277017092,국내증권사,B,SF205,각주항목(09.06월 이후)
33965,201912,0011978,케이프투자증권,B2,투자자의 예수증권 등_예수양도성예금증서, ,국내증권사,B,SF205,각주항목(09.06월 이후)
33966,201912,0011978,케이프투자증권,B3,투자자의 예수증권 등_기타, ,국내증권사,B,SF205,각주항목(09.06월 이후)
33967,201912,0011978,케이프투자증권,C,파생상품계약,314950700000,국내증권사,B,SF205,각주항목(09.06월 이후)
33968,201912,0011978,케이프투자증권,C1,파생상품계약_장내파생상품,314950700000,국내증권사,B,SF205,각주항목(09.06월 이후)
33969,201912,0011978,케이프투자증권,C11,파생상품계약_장내파생상품_이자율관련거래,314723900000,국내증권사,B,SF205,각주항목(09.06월 이후)
33970,201912,0011978,케이프투자증권,C12,파생상품계약_장내파생상품_통화관련거래,0,국내증권사,B,SF205,각주항목(09.06월 이후)
33971,201912,0011978,케이프투자증권,C13,파생상품계약_장내파생상품_주식관련거래,226800000,국내증권사,B,SF205,각주항목(09.06월 이후)
33972,201912,0011978,케이프투자증권,C14,파생상품계약_장내파생상품_일반상품관련거래,0,국내증권사,B,SF205,각주항목(09.06월 이후)
33973,201912,0011978,케이프투자증권,C15,파생상품계약_장내파생상품_기타,0,국내증권사,B,SF205,각주항목(09.06월 이후)
33974,201912,0011978,케이프투자증권,C2,파생상품계약_장외파생상품,0,국내증권사,B,SF205,각주항목(09.06월 이후)
33975,201912,0011978,케이프투자증권,C21,파생상품계약_장외파생상품_이자율관련거래,0,국내증권사,B,SF205,각주항목(09.06월 이후)
33976,201912,0011978,케이프투자증권,C22,파생상품계약_장외파생상품_통화관련거래,0,국내증권사,B,SF205,각주항목(09.06월 이후)
33977,201912,0011978,케이프투자증권,C23,파생상품계약_장외파생상품_주식관련거래,0,국내증권사,B,SF205,각주항목(09.06월 이후)
33978,201912,0011978,케이프투자증권,C24,파생상품계약_장외파생상품_신용관련거래,0,국내증권사,B,SF205,각주항목(09.06월 이후)
33979,201912,0011978,케이프투자증권,C25,파생상품계약_장외파생상품_기타,0,국내증권사,B,SF205,각주항목(09.06월 이후)
33980,201912,0011978,케이프투자증권,D,대차 및 대주거래,5498284650,국내증권사,B,SF205,각주항목(09.06월 이후)
33981,201912,0011978,케이프투자증권,D1,대차 및 대주거래_대여증권,0,국내증권사,B,SF205,각주항목(09.06월 이후)
33982,201912,0011978,케이프투자증권,D2,대차 및 대주거래_차입증권,5498284650,국내증권사,B,SF205,각주항목(09.06월 이후)
33983,201912,0011978,케이프투자증권,D3,대차 및 대주거래_신용거래대주, ,국내증권사,B,SF205,각주항목(09.06월 이후)
33984,201912,0011978,케이프투자증권,E,대손상각채권,401581696,국내증권사,B,SF205,각주항목(09.06월 이후)
33985,201912,0011978,케이프투자증권,F,환전업무 예치금,0,국내증권사,B,SF205,각주항목(09.06월 이후)
33986,201912,0011978,케이프투자증권,G,미배당별도예치금, ,국내증권사,B,SF205,각주항목(09.06월 이후)
33987,201912,0011978,케이프투자증권,H,배서어음매출(종금계정),0,국내증권사,B,SF205,각주항목(09.06월 이후)
33988,201912,0011978,케이프투자증권,H1,대출채권매매이익_담보부, ,국내증권사,B,SF205,각주항목(09.06월 이후)
33989,201912,0011978,케이프투자증권,H2,대출채권매매이익_무담보부, ,국내증권사,B,SF205,각주항목(09.06월 이후)
33990,202003,0011978,케이프투자증권,A,채무보증,0,국내증권사,B,SF205,각주항목(09.06월 이후)
33991,202003,0011978,케이프투자증권,A1,채무보증_지급보증,0,국내증권사,B,SF205,각주항목(09.06월 이후)
33992,202003,0011978,케이프투자증권,A2,채무보증_매입보장약정,0,국내증권사,B,SF205,각주항목(09.06월 이후)
33993,202003,0011978,케이프투자증권,A3,채무보증_채무인수약정, ,국내증권사,B,SF205,각주항목(09.06월 이후)
33994,202003,0011978,케이프투자증권,A5,채무보증_매입확약,0,국내증권사,B,SF205,각주항목(09.06월 이후)
33995,202003,0011978,케이프투자증권,A6,채무보증_기타, ,국내증권사,B,SF205,각주항목(09.06월 이후)
33996,202003,0011978,케이프투자증권,B,투자자의 예수증권 등,5028580452685,국내증권사,B,SF205,각주항목(09.06월 이후)
33997,202003,0011978,케이프투자증권,B1,투자자의 예수증권 등_예수 증권,5028580452685,국내증권사,B,SF205,각주항목(09.06월 이후)
33998,202003,0011978,케이프투자증권,B2,투자자의 예수증권 등_예수양도성예금증서, ,국내증권사,B,SF205,각주항목(09.06월 이후)
33999,202003,0011978,케이프투자증권,B3,투자자의 예수증권 등_기타, ,국내증권사,B,SF205,각주항목(09.06월 이후)
34000,202003,0011978,케이프투자증권,C,파생상품계약,626533215000,국내증권사,B,SF205,각주항목(09.06월 이후)
34001,202003,0011978,케이프투자증권,C1,파생상품계약_장내파생상품,626533215000,국내증권사,B,SF205,각주항목(09.06월 이후)
34002,202003,0011978,케이프투자증권,C11,파생상품계약_장내파생상품_이자율관련거래,523099920000,국내증권사,B,SF205,각주항목(09.06월 이후)
34003,202003,0011978,케이프투자증권,C12,파생상품계약_장내파생상품_통화관련거래,0,국내증권사,B,SF205,각주항목(09.06월 이후)
34004,202003,0011978,케이프투자증권,C13,파생상품계약_장내파생상품_주식관련거래,103433295000,국내증권사,B,SF205,각주항목(09.06월 이후)
34005,202003,0011978,케이프투자증권,C14,파생상품계약_장내파생상품_일반상품관련거래,0,국내증권사,B,SF205,각주항목(09.06월 이후)
34006,202003,0011978,케이프투자증권,C15,파생상품계약_장내파생상품_기타,0,국내증권사,B,SF205,각주항목(09.06월 이후)
34007,202003,0011978,케이프투자증권,C2,파생상품계약_장외파생상품,0,국내증권사,B,SF205,각주항목(09.06월 이후)
34008,202003,0011978,케이프투자증권,C21,파생상품계약_장외파생상품_이자율관련거래,0,국내증권사,B,SF205,각주항목(09.06월 이후)
34009,202003,0011978,케이프투자증권,C22,파생상품계약_장외파생상품_통화관련거래,0,국내증권사,B,SF205,각주항목(09.06월 이후)
34010,202003,0011978,케이프투자증권,C23,파생상품계약_장외파생상품_주식관련거래,0,국내증권사,B,SF205,각주항목(09.06월 이후)
34011,202003,0011978,케이프투자증권,C24,파생상품계약_장외파생상품_신용관련거래,0,국내증권사,B,SF205,각주항목(09.06월 이후)
34012,202003,0011978,케이프투자증권,C25,파생상품계약_장외파생상품_기타,0,국내증권사,B,SF205,각주항목(09.06월 이후)
34013,202003,0011978,케이프투자증권,D,대차 및 대주거래,50777947000,국내증권사,B,SF205,각주항목(09.06월 이후)
34014,202003,0011978,케이프투자증권,D1,대차 및 대주거래_대여증권,0,국내증권사,B,SF205,각주항목(09.06월 이후)
34015,202003,0011978,케이프투자증권,D2,대차 및 대주거래_차입증권,50777947000,국내증권사,B,SF205,각주항목(09.06월 이후)
34016,202003,0011978,케이프투자증권,D3,대차 및 대주거래_신용거래대주, ,국내증권사,B,SF205,각주항목(09.06월 이후)
34017,202003,0011978,케이프투자증권,E,대손상각채권,401581696,국내증권사,B,SF205,각주항목(09.06월 이후)
34018,202003,0011978,케이프투자증권,F,환전업무 예치금,0,국내증권사,B,SF205,각주항목(09.06월 이후)
34019,202003,0011978,케이프투자증권,G,미배당별도예치금, ,국내증권사,B,SF205,각주항목(09.06월 이후)
34020,202003,0011978,케이프투자증권,H,배서어음매출(종금계정),0,국내증권사,B,SF205,각주항목(09.06월 이후)
34021,202003,0011978,케이프투자증권,H1,대출채권매매이익_담보부, ,국내증권사,B,SF205,각주항목(09.06월 이후)
34022,202003,0011978,케이프투자증권,H2,대출채권매매이익_무담보부, ,국내증권사,B,SF205,각주항목(09.06월 이후)
34023,202006,0011978,케이프투자증권,A,채무보증,0,국내증권사,B,SF205,각주항목(09.06월 이후)
34024,202006,0011978,케이프투자증권,A1,채무보증_지급보증,0,국내증권사,B,SF205,각주항목(09.06월 이후)
34025,202006,0011978,케이프투자증권,A2,채무보증_매입보장약정,0,국내증권사,B,SF205,각주항목(09.06월 이후)
34026,202006,0011978,케이프투자증권,A3,채무보증_채무인수약정, ,국내증권사,B,SF205,각주항목(09.06월 이후)
34027,202006,0011978,케이프투자증권,A5,채무보증_매입확약,0,국내증권사,B,SF205,각주항목(09.06월 이후)
34028,202006,0011978,케이프투자증권,A6,채무보증_기타, ,국내증권사,B,SF205,각주항목(09.06월 이후)
34029,202006,0011978,케이프투자증권,B,투자자의 예수증권 등,5968100232091,국내증권사,B,SF205,각주항목(09.06월 이후)
34030,202006,0011978,케이프투자증권,B1,투자자의 예수증권 등_예수 증권,5968100232091,국내증권사,B,SF205,각주항목(09.06월 이후)
34031,202006,0011978,케이프투자증권,B2,투자자의 예수증권 등_예수양도성예금증서, ,국내증권사,B,SF205,각주항목(09.06월 이후)
34032,202006,0011978,케이프투자증권,B3,투자자의 예수증권 등_기타, ,국내증권사,B,SF205,각주항목(09.06월 이후)
34033,202006,0011978,케이프투자증권,C,파생상품계약,1141994850000,국내증권사,B,SF205,각주항목(09.06월 이후)
34034,202006,0011978,케이프투자증권,C1,파생상품계약_장내파생상품,1141994850000,국내증권사,B,SF205,각주항목(09.06월 이후)
34035,202006,0011978,케이프투자증권,C11,파생상품계약_장내파생상품_이자율관련거래,872699450000,국내증권사,B,SF205,각주항목(09.06월 이후)
34036,202006,0011978,케이프투자증권,C12,파생상품계약_장내파생상품_통화관련거래,0,국내증권사,B,SF205,각주항목(09.06월 이후)
34037,202006,0011978,케이프투자증권,C13,파생상품계약_장내파생상품_주식관련거래,269295400000,국내증권사,B,SF205,각주항목(09.06월 이후)
34038,202006,0011978,케이프투자증권,C14,파생상품계약_장내파생상품_일반상품관련거래,0,국내증권사,B,SF205,각주항목(09.06월 이후)
34039,202006,0011978,케이프투자증권,C15,파생상품계약_장내파생상품_기타,0,국내증권사,B,SF205,각주항목(09.06월 이후)
34040,202006,0011978,케이프투자증권,C2,파생상품계약_장외파생상품,0,국내증권사,B,SF205,각주항목(09.06월 이후)
34041,202006,0011978,케이프투자증권,C21,파생상품계약_장외파생상품_이자율관련거래,0,국내증권사,B,SF205,각주항목(09.06월 이후)
34042,202006,0011978,케이프투자증권,C22,파생상품계약_장외파생상품_통화관련거래,0,국내증권사,B,SF205,각주항목(09.06월 이후)
34043,202006,0011978,케이프투자증권,C23,파생상품계약_장외파생상품_주식관련거래,0,국내증권사,B,SF205,각주항목(09.06월 이후)
34044,202006,0011978,케이프투자증권,C24,파생상품계약_장외파생상품_신용관련거래,0,국내증권사,B,SF205,각주항목(09.06월 이후)
34045,202006,0011978,케이프투자증권,C25,파생상품계약_장외파생상품_기타,0,국내증권사,B,SF205,각주항목(09.06월 이후)
34046,202006,0011978,케이프투자증권,D,대차 및 대주거래,91834852000,국내증권사,B,SF205,각주항목(09.06월 이후)
34047,202006,0011978,케이프투자증권,D1,대차 및 대주거래_대여증권,0,국내증권사,B,SF205,각주항목(09.06월 이후)
34048,202006,0011978,케이프투자증권,D2,대차 및 대주거래_차입증권,91834852000,국내증권사,B,SF205,각주항목(09.06월 이후)
34049,202006,0011978,케이프투자증권,D3,대차 및 대주거래_신용거래대주, ,국내증권사,B,SF205,각주항목(09.06월 이후)
34050,202006,0011978,케이프투자증권,E,대손상각채권,401581696,국내증권사,B,SF205,각주항목(09.06월 이후)
34051,202006,0011978,케이프투자증권,F,환전업무 예치금,0,국내증권사,B,SF205,각주항목(09.06월 이후)
34052,202006,0011978,케이프투자증권,G,미배당별도예치금, ,국내증권사,B,SF205,각주항목(09.06월 이후)
34053,202006,0011978,케이프투자증권,H,배서어음매출(종금계정),0,국내증권사,B,SF205,각주항목(09.06월 이후)
34054,202006,0011978,케이프투자증권,H1,대출채권매매이익_담보부, ,국내증권사,B,SF205,각주항목(09.06월 이후)
34055,202006,0011978,케이프투자증권,H2,대출채권매매이익_무담보부, ,국내증권사,B,SF205,각주항목(09.06월 이후)
34056,202009,0011978,케이프투자증권,A,채무보증,0,국내증권사,B,SF205,각주항목(09.06월 이후)
34057,202009,0011978,케이프투자증권,A1,채무보증_지급보증,0,국내증권사,B,SF205,각주항목(09.06월 이후)
34058,202009,0011978,케이프투자증권,A2,채무보증_매입보장약정,0,국내증권사,B,SF205,각주항목(09.06월 이후)
34059,202009,0011978,케이프투자증권,A3,채무보증_채무인수약정, ,국내증권사,B,SF205,각주항목(09.06월 이후)
34060,202009,0011978,케이프투자증권,A5,채무보증_매입확약,0,국내증권사,B,SF205,각주항목(09.06월 이후)
34061,202009,0011978,케이프투자증권,A6,채무보증_기타, ,국내증권사,B,SF205,각주항목(09.06월 이후)
34062,202009,0011978,케이프투자증권,B,투자자의 예수증권 등,4911713849717,국내증권사,B,SF205,각주항목(09.06월 이후)
34063,202009,0011978,케이프투자증권,B1,투자자의 예수증권 등_예수 증권,4911713849717,국내증권사,B,SF205,각주항목(09.06월 이후)
34064,202009,0011978,케이프투자증권,B2,투자자의 예수증권 등_예수양도성예금증서, ,국내증권사,B,SF205,각주항목(09.06월 이후)
34065,202009,0011978,케이프투자증권,B3,투자자의 예수증권 등_기타, ,국내증권사,B,SF205,각주항목(09.06월 이후)
34066,202009,0011978,케이프투자증권,C,파생상품계약,862694330000,국내증권사,B,SF205,각주항목(09.06월 이후)
34067,202009,0011978,케이프투자증권,C1,파생상품계약_장내파생상품,862694330000,국내증권사,B,SF205,각주항목(09.06월 이후)
34068,202009,0011978,케이프투자증권,C11,파생상품계약_장내파생상품_이자율관련거래,837005520000,국내증권사,B,SF205,각주항목(09.06월 이후)
34069,202009,0011978,케이프투자증권,C12,파생상품계약_장내파생상품_통화관련거래,0,국내증권사,B,SF205,각주항목(09.06월 이후)
34070,202009,0011978,케이프투자증권,C13,파생상품계약_장내파생상품_주식관련거래,25688810000,국내증권사,B,SF205,각주항목(09.06월 이후)
34071,202009,0011978,케이프투자증권,C14,파생상품계약_장내파생상품_일반상품관련거래,0,국내증권사,B,SF205,각주항목(09.06월 이후)
34072,202009,0011978,케이프투자증권,C15,파생상품계약_장내파생상품_기타,0,국내증권사,B,SF205,각주항목(09.06월 이후)
34073,202009,0011978,케이프투자증권,C2,파생상품계약_장외파생상품,0,국내증권사,B,SF205,각주항목(09.06월 이후)
34074,202009,0011978,케이프투자증권,C21,파생상품계약_장외파생상품_이자율관련거래,0,국내증권사,B,SF205,각주항목(09.06월 이후)
34075,202009,0011978,케이프투자증권,C22,파생상품계약_장외파생상품_통화관련거래,0,국내증권사,B,SF205,각주항목(09.06월 이후)
34076,202009,0011978,케이프투자증권,C23,파생상품계약_장외파생상품_주식관련거래,0,국내증권사,B,SF205,각주항목(09.06월 이후)
34077,202009,0011978,케이프투자증권,C24,파생상품계약_장외파생상품_신용관련거래,0,국내증권사,B,SF205,각주항목(09.06월 이후)
34078,202009,0011978,케이프투자증권,C25,파생상품계약_장외파생상품_기타,0,국내증권사,B,SF205,각주항목(09.06월 이후)
34079,202009,0011978,케이프투자증권,D,대차 및 대주거래,20148740000,국내증권사,B,SF205,각주항목(09.06월 이후)
34080,202009,0011978,케이프투자증권,D1,대차 및 대주거래_대여증권,0,국내증권사,B,SF205,각주항목(09.06월 이후)
34081,202009,0011978,케이프투자증권,D2,대차 및 대주거래_차입증권,20148740000,국내증권사,B,SF205,각주항목(09.06월 이후)
34082,202009,0011978,케이프투자증권,D3,대차 및 대주거래_신용거래대주, ,국내증권사,B,SF205,각주항목(09.06월 이후)
34083,202009,0011978,케이프투자증권,E,대손상각채권,401581696,국내증권사,B,SF205,각주항목(09.06월 이후)
34084,202009,0011978,케이프투자증권,F,환전업무 예치금,0,국내증권사,B,SF205,각주항목(09.06월 이후)
34085,202009,0011978,케이프투자증권,G,미배당별도예치금, ,국내증권사,B,SF205,각주항목(09.06월 이후)
34086,202009,0011978,케이프투자증권,H,배서어음매출(종금계정),0,국내증권사,B,SF205,각주항목(09.06월 이후)
34087,202009,0011978,케이프투자증권,H1,대출채권매매이익_담보부, ,국내증권사,B,SF205,각주항목(09.06월 이후)
34088,202009,0011978,케이프투자증권,H2,대출채권매매이익_무담보부, ,국내증권사,B,SF205,각주항목(09.06월 이후)
34089,202012,0011978,케이프투자증권,A,채무보증,10000000000,국내증권사,B,SF205,각주항목(09.06월 이후)
34090,202012,0011978,케이프투자증권,A1,채무보증_지급보증,0,국내증권사,B,SF205,각주항목(09.06월 이후)
34091,202012,0011978,케이프투자증권,A2,채무보증_매입보장약정,10000000000,국내증권사,B,SF205,각주항목(09.06월 이후)
34092,202012,0011978,케이프투자증권,A3,채무보증_채무인수약정, ,국내증권사,B,SF205,각주항목(09.06월 이후)
34093,202012,0011978,케이프투자증권,A5,채무보증_매입확약,0,국내증권사,B,SF205,각주항목(09.06월 이후)
34094,202012,0011978,케이프투자증권,A6,채무보증_기타, ,국내증권사,B,SF205,각주항목(09.06월 이후)
34095,202012,0011978,케이프투자증권,B,투자자의 예수증권 등,3206374664695,국내증권사,B,SF205,각주항목(09.06월 이후)
34096,202012,0011978,케이프투자증권,B1,투자자의 예수증권 등_예수 증권,3206374664695,국내증권사,B,SF205,각주항목(09.06월 이후)
34097,202012,0011978,케이프투자증권,B2,투자자의 예수증권 등_예수양도성예금증서, ,국내증권사,B,SF205,각주항목(09.06월 이후)
34098,202012,0011978,케이프투자증권,B3,투자자의 예수증권 등_기타, ,국내증권사,B,SF205,각주항목(09.06월 이후)
34099,202012,0011978,케이프투자증권,C,파생상품계약,627138480000,국내증권사,B,SF205,각주항목(09.06월 이후)
34100,202012,0011978,케이프투자증권,C1,파생상품계약_장내파생상품,627138480000,국내증권사,B,SF205,각주항목(09.06월 이후)
34101,202012,0011978,케이프투자증권,C11,파생상품계약_장내파생상품_이자율관련거래,627138480000,국내증권사,B,SF205,각주항목(09.06월 이후)
34102,202012,0011978,케이프투자증권,C12,파생상품계약_장내파생상품_통화관련거래,0,국내증권사,B,SF205,각주항목(09.06월 이후)
34103,202012,0011978,케이프투자증권,C13,파생상품계약_장내파생상품_주식관련거래,0,국내증권사,B,SF205,각주항목(09.06월 이후)
34104,202012,0011978,케이프투자증권,C14,파생상품계약_장내파생상품_일반상품관련거래,0,국내증권사,B,SF205,각주항목(09.06월 이후)
34105,202012,0011978,케이프투자증권,C15,파생상품계약_장내파생상품_기타,0,국내증권사,B,SF205,각주항목(09.06월 이후)
34106,202012,0011978,케이프투자증권,C2,파생상품계약_장외파생상품,0,국내증권사,B,SF205,각주항목(09.06월 이후)
34107,202012,0011978,케이프투자증권,C21,파생상품계약_장외파생상품_이자율관련거래,0,국내증권사,B,SF205,각주항목(09.06월 이후)
34108,202012,0011978,케이프투자증권,C22,파생상품계약_장외파생상품_통화관련거래,0,국내증권사,B,SF205,각주항목(09.06월 이후)
34109,202012,0011978,케이프투자증권,C23,파생상품계약_장외파생상품_주식관련거래,0,국내증권사,B,SF205,각주항목(09.06월 이후)
34110,202012,0011978,케이프투자증권,C24,파생상품계약_장외파생상품_신용관련거래,0,국내증권사,B,SF205,각주항목(09.06월 이후)
34111,202012,0011978,케이프투자증권,C25,파생상품계약_장외파생상품_기타,0,국내증권사,B,SF205,각주항목(09.06월 이후)
34112,202012,0011978,케이프투자증권,D,대차 및 대주거래,0,국내증권사,B,SF205,각주항목(09.06월 이후)
34113,202012,0011978,케이프투자증권,D1,대차 및 대주거래_대여증권,0,국내증권사,B,SF205,각주항목(09.06월 이후)
34114,202012,0011978,케이프투자증권,D2,대차 및 대주거래_차입증권,0,국내증권사,B,SF205,각주항목(09.06월 이후)
34115,202012,0011978,케이프투자증권,D3,대차 및 대주거래_신용거래대주, ,국내증권사,B,SF205,각주항목(09.06월 이후)
34116,202012,0011978,케이프투자증권,E,대손상각채권,401581696,국내증권사,B,SF205,각주항목(09.06월 이후)
34117,202012,0011978,케이프투자증권,F,환전업무 예치금,0,국내증권사,B,SF205,각주항목(09.06월 이후)
34118,202012,0011978,케이프투자증권,G,미배당별도예치금, ,국내증권사,B,SF205,각주항목(09.06월 이후)
34119,202012,0011978,케이프투자증권,H,배서어음매출(종금계정),0,국내증권사,B,SF205,각주항목(09.06월 이후)
34120,202012,0011978,케이프투자증권,H1,대출채권매매이익_담보부, ,국내증권사,B,SF205,각주항목(09.06월 이후)
34121,202012,0011978,케이프투자증권,H2,대출채권매매이익_무담보부, ,국내증권사,B,SF205,각주항목(09.06월 이후)
34122,202103,0011978,케이프투자증권,A,채무보증,10000000000,국내증권사,B,SF205,각주항목(09.06월 이후)
34123,202103,0011978,케이프투자증권,A1,채무보증_지급보증,0,국내증권사,B,SF205,각주항목(09.06월 이후)
34124,202103,0011978,케이프투자증권,A2,채무보증_매입보장약정,10000000000,국내증권사,B,SF205,각주항목(09.06월 이후)
34125,202103,0011978,케이프투자증권,A3,채무보증_채무인수약정, ,국내증권사,B,SF205,각주항목(09.06월 이후)
34126,202103,0011978,케이프투자증권,A5,채무보증_매입확약,0,국내증권사,B,SF205,각주항목(09.06월 이후)
34127,202103,0011978,케이프투자증권,A6,채무보증_기타, ,국내증권사,B,SF205,각주항목(09.06월 이후)
34128,202103,0011978,케이프투자증권,B,투자자의 예수증권 등,2825649603112,국내증권사,B,SF205,각주항목(09.06월 이후)
34129,202103,0011978,케이프투자증권,B1,투자자의 예수증권 등_예수 증권,2825649603112,국내증권사,B,SF205,각주항목(09.06월 이후)
34130,202103,0011978,케이프투자증권,B2,투자자의 예수증권 등_예수양도성예금증서, ,국내증권사,B,SF205,각주항목(09.06월 이후)
34131,202103,0011978,케이프투자증권,B3,투자자의 예수증권 등_기타, ,국내증권사,B,SF205,각주항목(09.06월 이후)
34132,202103,0011978,케이프투자증권,C,파생상품계약,1958160000000,국내증권사,B,SF205,각주항목(09.06월 이후)
34133,202103,0011978,케이프투자증권,C1,파생상품계약_장내파생상품,1958160000000,국내증권사,B,SF205,각주항목(09.06월 이후)
34134,202103,0011978,케이프투자증권,C11,파생상품계약_장내파생상품_이자율관련거래,348219840000,국내증권사,B,SF205,각주항목(09.06월 이후)
34135,202103,0011978,케이프투자증권,C12,파생상품계약_장내파생상품_통화관련거래,0,국내증권사,B,SF205,각주항목(09.06월 이후)
34136,202103,0011978,케이프투자증권,C13,파생상품계약_장내파생상품_주식관련거래,1609940160000,국내증권사,B,SF205,각주항목(09.06월 이후)
34137,202103,0011978,케이프투자증권,C14,파생상품계약_장내파생상품_일반상품관련거래,0,국내증권사,B,SF205,각주항목(09.06월 이후)
34138,202103,0011978,케이프투자증권,C15,파생상품계약_장내파생상품_기타,0,국내증권사,B,SF205,각주항목(09.06월 이후)
34139,202103,0011978,케이프투자증권,C2,파생상품계약_장외파생상품,0,국내증권사,B,SF205,각주항목(09.06월 이후)
34140,202103,0011978,케이프투자증권,C21,파생상품계약_장외파생상품_이자율관련거래,0,국내증권사,B,SF205,각주항목(09.06월 이후)
34141,202103,0011978,케이프투자증권,C22,파생상품계약_장외파생상품_통화관련거래,0,국내증권사,B,SF205,각주항목(09.06월 이후)
34142,202103,0011978,케이프투자증권,C23,파생상품계약_장외파생상품_주식관련거래,0,국내증권사,B,SF205,각주항목(09.06월 이후)
34143,202103,0011978,케이프투자증권,C24,파생상품계약_장외파생상품_신용관련거래,0,국내증권사,B,SF205,각주항목(09.06월 이후)
34144,202103,0011978,케이프투자증권,C25,파생상품계약_장외파생상품_기타,0,국내증권사,B,SF205,각주항목(09.06월 이후)
34145,202103,0011978,케이프투자증권,D,대차 및 대주거래,39625372000,국내증권사,B,SF205,각주항목(09.06월 이후)
34146,202103,0011978,케이프투자증권,D1,대차 및 대주거래_대여증권,0,국내증권사,B,SF205,각주항목(09.06월 이후)
34147,202103,0011978,케이프투자증권,D2,대차 및 대주거래_차입증권,39625372000,국내증권사,B,SF205,각주항목(09.06월 이후)
34148,202103,0011978,케이프투자증권,D3,대차 및 대주거래_신용거래대주, ,국내증권사,B,SF205,각주항목(09.06월 이후)
34149,202103,0011978,케이프투자증권,E,대손상각채권,21415176,국내증권사,B,SF205,각주항목(09.06월 이후)
34150,202103,0011978,케이프투자증권,F,환전업무 예치금,0,국내증권사,B,SF205,각주항목(09.06월 이후)
34151,202103,0011978,케이프투자증권,G,미배당별도예치금, ,국내증권사,B,SF205,각주항목(09.06월 이후)
34152,202103,0011978,케이프투자증권,H,배서어음매출(종금계정),0,국내증권사,B,SF205,각주항목(09.06월 이후)
34153,202103,0011978,케이프투자증권,H1,대출채권매매이익_담보부, ,국내증권사,B,SF205,각주항목(09.06월 이후)
34154,202103,0011978,케이프투자증권,H2,대출채권매매이익_무담보부, ,국내증권사,B,SF205,각주항목(09.06월 이후)
34155,202106,0011978,케이프투자증권,A,채무보증,10000000000,국내증권사,B,SF205,각주항목(09.06월 이후)
34156,202106,0011978,케이프투자증권,A1,채무보증_지급보증,0,국내증권사,B,SF205,각주항목(09.06월 이후)
34157,202106,0011978,케이프투자증권,A2,채무보증_매입보장약정,10000000000,국내증권사,B,SF205,각주항목(09.06월 이후)
34158,202106,0011978,케이프투자증권,A3,채무보증_채무인수약정, ,국내증권사,B,SF205,각주항목(09.06월 이후)
34159,202106,0011978,케이프투자증권,A5,채무보증_매입확약,0,국내증권사,B,SF205,각주항목(09.06월 이후)
34160,202106,0011978,케이프투자증권,A6,채무보증_기타, ,국내증권사,B,SF205,각주항목(09.06월 이후)
34161,202106,0011978,케이프투자증권,B,투자자의 예수증권 등,2890848700522,국내증권사,B,SF205,각주항목(09.06월 이후)
34162,202106,0011978,케이프투자증권,B1,투자자의 예수증권 등_예수 증권,2890848700522,국내증권사,B,SF205,각주항목(09.06월 이후)
34163,202106,0011978,케이프투자증권,B2,투자자의 예수증권 등_예수양도성예금증서, ,국내증권사,B,SF205,각주항목(09.06월 이후)
34164,202106,0011978,케이프투자증권,B3,투자자의 예수증권 등_기타, ,국내증권사,B,SF205,각주항목(09.06월 이후)
34165,202106,0011978,케이프투자증권,C,파생상품계약,1504899020000,국내증권사,B,SF205,각주항목(09.06월 이후)
34166,202106,0011978,케이프투자증권,C1,파생상품계약_장내파생상품,1504899020000,국내증권사,B,SF205,각주항목(09.06월 이후)
34167,202106,0011978,케이프투자증권,C11,파생상품계약_장내파생상품_이자율관련거래,290189900000,국내증권사,B,SF205,각주항목(09.06월 이후)
34168,202106,0011978,케이프투자증권,C12,파생상품계약_장내파생상품_통화관련거래,0,국내증권사,B,SF205,각주항목(09.06월 이후)
34169,202106,0011978,케이프투자증권,C13,파생상품계약_장내파생상품_주식관련거래,1214709120000,국내증권사,B,SF205,각주항목(09.06월 이후)
34170,202106,0011978,케이프투자증권,C14,파생상품계약_장내파생상품_일반상품관련거래,0,국내증권사,B,SF205,각주항목(09.06월 이후)
34171,202106,0011978,케이프투자증권,C15,파생상품계약_장내파생상품_기타,0,국내증권사,B,SF205,각주항목(09.06월 이후)
34172,202106,0011978,케이프투자증권,C2,파생상품계약_장외파생상품,0,국내증권사,B,SF205,각주항목(09.06월 이후)
34173,202106,0011978,케이프투자증권,C21,파생상품계약_장외파생상품_이자율관련거래,0,국내증권사,B,SF205,각주항목(09.06월 이후)
34174,202106,0011978,케이프투자증권,C22,파생상품계약_장외파생상품_통화관련거래,0,국내증권사,B,SF205,각주항목(09.06월 이후)
34175,202106,0011978,케이프투자증권,C23,파생상품계약_장외파생상품_주식관련거래,0,국내증권사,B,SF205,각주항목(09.06월 이후)
34176,202106,0011978,케이프투자증권,C24,파생상품계약_장외파생상품_신용관련거래,0,국내증권사,B,SF205,각주항목(09.06월 이후)
34177,202106,0011978,케이프투자증권,C25,파생상품계약_장외파생상품_기타,0,국내증권사,B,SF205,각주항목(09.06월 이후)
34178,202106,0011978,케이프투자증권,D,대차 및 대주거래,29746678000,국내증권사,B,SF205,각주항목(09.06월 이후)
34179,202106,0011978,케이프투자증권,D1,대차 및 대주거래_대여증권,0,국내증권사,B,SF205,각주항목(09.06월 이후)
34180,202106,0011978,케이프투자증권,D2,대차 및 대주거래_차입증권,29746678000,국내증권사,B,SF205,각주항목(09.06월 이후)
34181,202106,0011978,케이프투자증권,D3,대차 및 대주거래_신용거래대주, ,국내증권사,B,SF205,각주항목(09.06월 이후)
34182,202106,0011978,케이프투자증권,E,대손상각채권,21415176,국내증권사,B,SF205,각주항목(09.06월 이후)
34183,202106,0011978,케이프투자증권,F,환전업무 예치금,0,국내증권사,B,SF205,각주항목(09.06월 이후)
34184,202106,0011978,케이프투자증권,G,미배당별도예치금, ,국내증권사,B,SF205,각주항목(09.06월 이후)
34185,202106,0011978,케이프투자증권,H,배서어음매출(종금계정),0,국내증권사,B,SF205,각주항목(09.06월 이후)
34186,202106,0011978,케이프투자증권,H1,대출채권매매이익_담보부, ,국내증권사,B,SF205,각주항목(09.06월 이후)
34187,202106,0011978,케이프투자증권,H2,대출채권매매이익_무담보부, ,국내증권사,B,SF205,각주항목(09.06월 이후)
34188,202109,0011978,케이프투자증권,A,채무보증,10000000000,국내증권사,B,SF205,각주항목(09.06월 이후)
34189,202109,0011978,케이프투자증권,A1,채무보증_지급보증,0,국내증권사,B,SF205,각주항목(09.06월 이후)
34190,202109,0011978,케이프투자증권,A2,채무보증_매입보장약정,10000000000,국내증권사,B,SF205,각주항목(09.06월 이후)
34191,202109,0011978,케이프투자증권,A3,채무보증_채무인수약정, ,국내증권사,B,SF205,각주항목(09.06월 이후)
34192,202109,0011978,케이프투자증권,A5,채무보증_매입확약,0,국내증권사,B,SF205,각주항목(09.06월 이후)
34193,202109,0011978,케이프투자증권,A6,채무보증_기타, ,국내증권사,B,SF205,각주항목(09.06월 이후)
34194,202109,0011978,케이프투자증권,B,투자자의 예수증권 등,2756116334356,국내증권사,B,SF205,각주항목(09.06월 이후)
34195,202109,0011978,케이프투자증권,B1,투자자의 예수증권 등_예수 증권,2756116334356,국내증권사,B,SF205,각주항목(09.06월 이후)
34196,202109,0011978,케이프투자증권,B2,투자자의 예수증권 등_예수양도성예금증서, ,국내증권사,B,SF205,각주항목(09.06월 이후)
34197,202109,0011978,케이프투자증권,B3,투자자의 예수증권 등_기타, ,국내증권사,B,SF205,각주항목(09.06월 이후)
34198,202109,0011978,케이프투자증권,C,파생상품계약,289137470000,국내증권사,B,SF205,각주항목(09.06월 이후)
34199,202109,0011978,케이프투자증권,C1,파생상품계약_장내파생상품,289137470000,국내증권사,B,SF205,각주항목(09.06월 이후)
34200,202109,0011978,케이프투자증권,C11,파생상품계약_장내파생상품_이자율관련거래,282111220000,국내증권사,B,SF205,각주항목(09.06월 이후)
34201,202109,0011978,케이프투자증권,C12,파생상품계약_장내파생상품_통화관련거래,0,국내증권사,B,SF205,각주항목(09.06월 이후)
34202,202109,0011978,케이프투자증권,C13,파생상품계약_장내파생상품_주식관련거래,7026250000,국내증권사,B,SF205,각주항목(09.06월 이후)
34203,202109,0011978,케이프투자증권,C14,파생상품계약_장내파생상품_일반상품관련거래,0,국내증권사,B,SF205,각주항목(09.06월 이후)
34204,202109,0011978,케이프투자증권,C15,파생상품계약_장내파생상품_기타,0,국내증권사,B,SF205,각주항목(09.06월 이후)
34205,202109,0011978,케이프투자증권,C2,파생상품계약_장외파생상품,0,국내증권사,B,SF205,각주항목(09.06월 이후)
34206,202109,0011978,케이프투자증권,C21,파생상품계약_장외파생상품_이자율관련거래,0,국내증권사,B,SF205,각주항목(09.06월 이후)
34207,202109,0011978,케이프투자증권,C22,파생상품계약_장외파생상품_통화관련거래,0,국내증권사,B,SF205,각주항목(09.06월 이후)
34208,202109,0011978,케이프투자증권,C23,파생상품계약_장외파생상품_주식관련거래,0,국내증권사,B,SF205,각주항목(09.06월 이후)
34209,202109,0011978,케이프투자증권,C24,파생상품계약_장외파생상품_신용관련거래,0,국내증권사,B,SF205,각주항목(09.06월 이후)
34210,202109,0011978,케이프투자증권,C25,파생상품계약_장외파생상품_기타,0,국내증권사,B,SF205,각주항목(09.06월 이후)
34211,202109,0011978,케이프투자증권,D,대차 및 대주거래,123417807000,국내증권사,B,SF205,각주항목(09.06월 이후)
34212,202109,0011978,케이프투자증권,D1,대차 및 대주거래_대여증권,0,국내증권사,B,SF205,각주항목(09.06월 이후)
34213,202109,0011978,케이프투자증권,D2,대차 및 대주거래_차입증권,123417807000,국내증권사,B,SF205,각주항목(09.06월 이후)
34214,202109,0011978,케이프투자증권,D3,대차 및 대주거래_신용거래대주, ,국내증권사,B,SF205,각주항목(09.06월 이후)
34215,202109,0011978,케이프투자증권,E,대손상각채권,21415176,국내증권사,B,SF205,각주항목(09.06월 이후)
34216,202109,0011978,케이프투자증권,F,환전업무 예치금,0,국내증권사,B,SF205,각주항목(09.06월 이후)
34217,202109,0011978,케이프투자증권,G,미배당별도예치금, ,국내증권사,B,SF205,각주항목(09.06월 이후)
34218,202109,0011978,케이프투자증권,H,배서어음매출(종금계정),0,국내증권사,B,SF205,각주항목(09.06월 이후)
34219,202109,0011978,케이프투자증권,H1,대출채권매매이익_담보부, ,국내증권사,B,SF205,각주항목(09.06월 이후)
34220,202109,0011978,케이프투자증권,H2,대출채권매매이익_무담보부, ,국내증권사,B,SF205,각주항목(09.06월 이후)
34221,202112,0011978,케이프투자증권,A,채무보증,60000000000,국내증권사,B,SF205,각주항목(09.06월 이후)
34222,202112,0011978,케이프투자증권,A1,채무보증_지급보증,0,국내증권사,B,SF205,각주항목(09.06월 이후)
34223,202112,0011978,케이프투자증권,A2,채무보증_매입보장약정,60000000000,국내증권사,B,SF205,각주항목(09.06월 이후)
34224,202112,0011978,케이프투자증권,A3,채무보증_채무인수약정, ,국내증권사,B,SF205,각주항목(09.06월 이후)
34225,202112,0011978,케이프투자증권,A5,채무보증_매입확약,0,국내증권사,B,SF205,각주항목(09.06월 이후)
34226,202112,0011978,케이프투자증권,A6,채무보증_기타, ,국내증권사,B,SF205,각주항목(09.06월 이후)
34227,202112,0011978,케이프투자증권,B,투자자의 예수증권 등,3622592851815,국내증권사,B,SF205,각주항목(09.06월 이후)
34228,202112,0011978,케이프투자증권,B1,투자자의 예수증권 등_예수 증권,3622592851815,국내증권사,B,SF205,각주항목(09.06월 이후)
34229,202112,0011978,케이프투자증권,B2,투자자의 예수증권 등_예수양도성예금증서, ,국내증권사,B,SF205,각주항목(09.06월 이후)
34230,202112,0011978,케이프투자증권,B3,투자자의 예수증권 등_기타, ,국내증권사,B,SF205,각주항목(09.06월 이후)
34231,202112,0011978,케이프투자증권,C,파생상품계약,451280746500,국내증권사,B,SF205,각주항목(09.06월 이후)
34232,202112,0011978,케이프투자증권,C1,파생상품계약_장내파생상품,451280746500,국내증권사,B,SF205,각주항목(09.06월 이후)
34233,202112,0011978,케이프투자증권,C11,파생상품계약_장내파생상품_이자율관련거래,444187110000,국내증권사,B,SF205,각주항목(09.06월 이후)
34234,202112,0011978,케이프투자증권,C12,파생상품계약_장내파생상품_통화관련거래,0,국내증권사,B,SF205,각주항목(09.06월 이후)
34235,202112,0011978,케이프투자증권,C13,파생상품계약_장내파생상품_주식관련거래,7093636500,국내증권사,B,SF205,각주항목(09.06월 이후)
34236,202112,0011978,케이프투자증권,C14,파생상품계약_장내파생상품_일반상품관련거래,0,국내증권사,B,SF205,각주항목(09.06월 이후)
34237,202112,0011978,케이프투자증권,C15,파생상품계약_장내파생상품_기타,0,국내증권사,B,SF205,각주항목(09.06월 이후)
34238,202112,0011978,케이프투자증권,C2,파생상품계약_장외파생상품,0,국내증권사,B,SF205,각주항목(09.06월 이후)
34239,202112,0011978,케이프투자증권,C21,파생상품계약_장외파생상품_이자율관련거래,0,국내증권사,B,SF205,각주항목(09.06월 이후)
34240,202112,0011978,케이프투자증권,C22,파생상품계약_장외파생상품_통화관련거래,0,국내증권사,B,SF205,각주항목(09.06월 이후)
34241,202112,0011978,케이프투자증권,C23,파생상품계약_장외파생상품_주식관련거래,0,국내증권사,B,SF205,각주항목(09.06월 이후)
34242,202112,0011978,케이프투자증권,C24,파생상품계약_장외파생상품_신용관련거래,0,국내증권사,B,SF205,각주항목(09.06월 이후)
34243,202112,0011978,케이프투자증권,C25,파생상품계약_장외파생상품_기타,0,국내증권사,B,SF205,각주항목(09.06월 이후)
34244,202112,0011978,케이프투자증권,D,대차 및 대주거래,183540380,국내증권사,B,SF205,각주항목(09.06월 이후)
34245,202112,0011978,케이프투자증권,D1,대차 및 대주거래_대여증권,0,국내증권사,B,SF205,각주항목(09.06월 이후)
34246,202112,0011978,케이프투자증권,D2,대차 및 대주거래_차입증권,183540380,국내증권사,B,SF205,각주항목(09.06월 이후)
34247,202112,0011978,케이프투자증권,D3,대차 및 대주거래_신용거래대주, ,국내증권사,B,SF205,각주항목(09.06월 이후)
34248,202112,0011978,케이프투자증권,E,대손상각채권,401581696,국내증권사,B,SF205,각주항목(09.06월 이후)
34249,202112,0011978,케이프투자증권,F,환전업무 예치금,0,국내증권사,B,SF205,각주항목(09.06월 이후)
34250,202112,0011978,케이프투자증권,G,미배당별도예치금, ,국내증권사,B,SF205,각주항목(09.06월 이후)
34251,202112,0011978,케이프투자증권,H,배서어음매출(종금계정),0,국내증권사,B,SF205,각주항목(09.06월 이후)
34252,202112,0011978,케이프투자증권,H1,대출채권매매이익_담보부, ,국내증권사,B,SF205,각주항목(09.06월 이후)
34253,202112,0011978,케이프투자증권,H2,대출채권매매이익_무담보부, ,국내증권사,B,SF205,각주항목(09.06월 이후)
34254,202203,0011978,케이프투자증권,A,채무보증,60000000000,국내증권사,B,SF205,각주항목(09.06월 이후)
34255,202203,0011978,케이프투자증권,A1,채무보증_지급보증,0,국내증권사,B,SF205,각주항목(09.06월 이후)
34256,202203,0011978,케이프투자증권,A2,채무보증_매입보장약정,60000000000,국내증권사,B,SF205,각주항목(09.06월 이후)
34257,202203,0011978,케이프투자증권,A3,채무보증_채무인수약정, ,국내증권사,B,SF205,각주항목(09.06월 이후)
34258,202203,0011978,케이프투자증권,A5,채무보증_매입확약,0,국내증권사,B,SF205,각주항목(09.06월 이후)
34259,202203,0011978,케이프투자증권,A6,채무보증_기타, ,국내증권사,B,SF205,각주항목(09.06월 이후)
34260,202203,0011978,케이프투자증권,B,투자자의 예수증권 등,2893137801047,국내증권사,B,SF205,각주항목(09.06월 이후)
34261,202203,0011978,케이프투자증권,B1,투자자의 예수증권 등_예수 증권,2893137801047,국내증권사,B,SF205,각주항목(09.06월 이후)
34262,202203,0011978,케이프투자증권,B2,투자자의 예수증권 등_예수양도성예금증서, ,국내증권사,B,SF205,각주항목(09.06월 이후)
34263,202203,0011978,케이프투자증권,B3,투자자의 예수증권 등_기타, ,국내증권사,B,SF205,각주항목(09.06월 이후)
34264,202203,0011978,케이프투자증권,C,파생상품계약,751181590000,국내증권사,B,SF205,각주항목(09.06월 이후)
34265,202203,0011978,케이프투자증권,C1,파생상품계약_장내파생상품,751181590000,국내증권사,B,SF205,각주항목(09.06월 이후)
34266,202203,0011978,케이프투자증권,C11,파생상품계약_장내파생상품_이자율관련거래,738075510000,국내증권사,B,SF205,각주항목(09.06월 이후)
34267,202203,0011978,케이프투자증권,C12,파생상품계약_장내파생상품_통화관련거래,0,국내증권사,B,SF205,각주항목(09.06월 이후)
34268,202203,0011978,케이프투자증권,C13,파생상품계약_장내파생상품_주식관련거래,13106080000,국내증권사,B,SF205,각주항목(09.06월 이후)
34269,202203,0011978,케이프투자증권,C14,파생상품계약_장내파생상품_일반상품관련거래,0,국내증권사,B,SF205,각주항목(09.06월 이후)
34270,202203,0011978,케이프투자증권,C15,파생상품계약_장내파생상품_기타,0,국내증권사,B,SF205,각주항목(09.06월 이후)
34271,202203,0011978,케이프투자증권,C2,파생상품계약_장외파생상품,0,국내증권사,B,SF205,각주항목(09.06월 이후)
34272,202203,0011978,케이프투자증권,C21,파생상품계약_장외파생상품_이자율관련거래,0,국내증권사,B,SF205,각주항목(09.06월 이후)
34273,202203,0011978,케이프투자증권,C22,파생상품계약_장외파생상품_통화관련거래,0,국내증권사,B,SF205,각주항목(09.06월 이후)
34274,202203,0011978,케이프투자증권,C23,파생상품계약_장외파생상품_주식관련거래,0,국내증권사,B,SF205,각주항목(09.06월 이후)
34275,202203,0011978,케이프투자증권,C24,파생상품계약_장외파생상품_신용관련거래,0,국내증권사,B,SF205,각주항목(09.06월 이후)
34276,202203,0011978,케이프투자증권,C25,파생상품계약_장외파생상품_기타,0,국내증권사,B,SF205,각주항목(09.06월 이후)
34277,202203,0011978,케이프투자증권,D,대차 및 대주거래,19795909950,국내증권사,B,SF205,각주항목(09.06월 이후)
34278,202203,0011978,케이프투자증권,D1,대차 및 대주거래_대여증권,0,국내증권사,B,SF205,각주항목(09.06월 이후)
34279,202203,0011978,케이프투자증권,D2,대차 및 대주거래_차입증권,19795909950,국내증권사,B,SF205,각주항목(09.06월 이후)
34280,202203,0011978,케이프투자증권,D3,대차 및 대주거래_신용거래대주, ,국내증권사,B,SF205,각주항목(09.06월 이후)
34281,202203,0011978,케이프투자증권,E,대손상각채권,19035712,국내증권사,B,SF205,각주항목(09.06월 이후)
34282,202203,0011978,케이프투자증권,F,환전업무 예치금,0,국내증권사,B,SF205,각주항목(09.06월 이후)
34283,202203,0011978,케이프투자증권,G,미배당별도예치금, ,국내증권사,B,SF205,각주항목(09.06월 이후)
34284,202203,0011978,케이프투자증권,H,배서어음매출(종금계정),0,국내증권사,B,SF205,각주항목(09.06월 이후)
34285,202203,0011978,케이프투자증권,H1,대출채권매매이익_담보부, ,국내증권사,B,SF205,각주항목(09.06월 이후)
34286,202203,0011978,케이프투자증권,H2,대출채권매매이익_무담보부, ,국내증권사,B,SF205,각주항목(09.06월 이후)
34287,202206,0011978,케이프투자증권,A,채무보증,60000000000,국내증권사,B,SF205,각주항목(09.06월 이후)
34288,202206,0011978,케이프투자증권,A1,채무보증_지급보증,0,국내증권사,B,SF205,각주항목(09.06월 이후)
34289,202206,0011978,케이프투자증권,A2,채무보증_매입보장약정,60000000000,국내증권사,B,SF205,각주항목(09.06월 이후)
34290,202206,0011978,케이프투자증권,A3,채무보증_채무인수약정, ,국내증권사,B,SF205,각주항목(09.06월 이후)
34291,202206,0011978,케이프투자증권,A5,채무보증_매입확약,0,국내증권사,B,SF205,각주항목(09.06월 이후)
34292,202206,0011978,케이프투자증권,A6,채무보증_기타, ,국내증권사,B,SF205,각주항목(09.06월 이후)
34293,202206,0011978,케이프투자증권,B,투자자의 예수증권 등,2708211703430,국내증권사,B,SF205,각주항목(09.06월 이후)
34294,202206,0011978,케이프투자증권,B1,투자자의 예수증권 등_예수 증권,2708211703430,국내증권사,B,SF205,각주항목(09.06월 이후)
34295,202206,0011978,케이프투자증권,B2,투자자의 예수증권 등_예수양도성예금증서, ,국내증권사,B,SF205,각주항목(09.06월 이후)
34296,202206,0011978,케이프투자증권,B3,투자자의 예수증권 등_기타, ,국내증권사,B,SF205,각주항목(09.06월 이후)
34297,202206,0011978,케이프투자증권,C,파생상품계약,538434095000,국내증권사,B,SF205,각주항목(09.06월 이후)
34298,202206,0011978,케이프투자증권,C1,파생상품계약_장내파생상품,538434095000,국내증권사,B,SF205,각주항목(09.06월 이후)
34299,202206,0011978,케이프투자증권,C11,파생상품계약_장내파생상품_이자율관련거래,526645260000,국내증권사,B,SF205,각주항목(09.06월 이후)
34300,202206,0011978,케이프투자증권,C12,파생상품계약_장내파생상품_통화관련거래,0,국내증권사,B,SF205,각주항목(09.06월 이후)
34301,202206,0011978,케이프투자증권,C13,파생상품계약_장내파생상품_주식관련거래,11788835000,국내증권사,B,SF205,각주항목(09.06월 이후)
34302,202206,0011978,케이프투자증권,C14,파생상품계약_장내파생상품_일반상품관련거래,0,국내증권사,B,SF205,각주항목(09.06월 이후)
34303,202206,0011978,케이프투자증권,C15,파생상품계약_장내파생상품_기타,0,국내증권사,B,SF205,각주항목(09.06월 이후)
34304,202206,0011978,케이프투자증권,C2,파생상품계약_장외파생상품,0,국내증권사,B,SF205,각주항목(09.06월 이후)
34305,202206,0011978,케이프투자증권,C21,파생상품계약_장외파생상품_이자율관련거래,0,국내증권사,B,SF205,각주항목(09.06월 이후)
34306,202206,0011978,케이프투자증권,C22,파생상품계약_장외파생상품_통화관련거래,0,국내증권사,B,SF205,각주항목(09.06월 이후)
34307,202206,0011978,케이프투자증권,C23,파생상품계약_장외파생상품_주식관련거래,0,국내증권사,B,SF205,각주항목(09.06월 이후)
34308,202206,0011978,케이프투자증권,C24,파생상품계약_장외파생상품_신용관련거래,0,국내증권사,B,SF205,각주항목(09.06월 이후)
34309,202206,0011978,케이프투자증권,C25,파생상품계약_장외파생상품_기타,0,국내증권사,B,SF205,각주항목(09.06월 이후)
34310,202206,0011978,케이프투자증권,D,대차 및 대주거래,60139075000,국내증권사,B,SF205,각주항목(09.06월 이후)
34311,202206,0011978,케이프투자증권,D1,대차 및 대주거래_대여증권,0,국내증권사,B,SF205,각주항목(09.06월 이후)
34312,202206,0011978,케이프투자증권,D2,대차 및 대주거래_차입증권,60139075000,국내증권사,B,SF205,각주항목(09.06월 이후)
34313,202206,0011978,케이프투자증권,D3,대차 및 대주거래_신용거래대주, ,국내증권사,B,SF205,각주항목(09.06월 이후)
34314,202206,0011978,케이프투자증권,E,대손상각채권,19035712,국내증권사,B,SF205,각주항목(09.06월 이후)
34315,202206,0011978,케이프투자증권,F,환전업무 예치금,0,국내증권사,B,SF205,각주항목(09.06월 이후)
34316,202206,0011978,케이프투자증권,G,미배당별도예치금, ,국내증권사,B,SF205,각주항목(09.06월 이후)
34317,202206,0011978,케이프투자증권,H,배서어음매출(종금계정),0,국내증권사,B,SF205,각주항목(09.06월 이후)
34318,202206,0011978,케이프투자증권,H1,대출채권매매이익_담보부, ,국내증권사,B,SF205,각주항목(09.06월 이후)
34319,202206,0011978,케이프투자증권,H2,대출채권매매이익_무담보부, ,국내증권사,B,SF205,각주항목(09.06월 이후)
34320,202209,0011978,케이프투자증권,A,채무보증,90000000000,국내증권사,B,SF205,각주항목(09.06월 이후)
34321,202209,0011978,케이프투자증권,A1,채무보증_지급보증,0,국내증권사,B,SF205,각주항목(09.06월 이후)
34322,202209,0011978,케이프투자증권,A2,채무보증_매입보장약정,90000000000,국내증권사,B,SF205,각주항목(09.06월 이후)
34323,202209,0011978,케이프투자증권,A3,채무보증_채무인수약정, ,국내증권사,B,SF205,각주항목(09.06월 이후)
34324,202209,0011978,케이프투자증권,A5,채무보증_매입확약,0,국내증권사,B,SF205,각주항목(09.06월 이후)
34325,202209,0011978,케이프투자증권,A6,채무보증_기타, ,국내증권사,B,SF205,각주항목(09.06월 이후)
34326,202209,0011978,케이프투자증권,B,투자자의 예수증권 등,2625160320262,국내증권사,B,SF205,각주항목(09.06월 이후)
34327,202209,0011978,케이프투자증권,B1,투자자의 예수증권 등_예수 증권,2625160320262,국내증권사,B,SF205,각주항목(09.06월 이후)
34328,202209,0011978,케이프투자증권,B2,투자자의 예수증권 등_예수양도성예금증서, ,국내증권사,B,SF205,각주항목(09.06월 이후)
34329,202209,0011978,케이프투자증권,B3,투자자의 예수증권 등_기타, ,국내증권사,B,SF205,각주항목(09.06월 이후)
34330,202209,0011978,케이프투자증권,C,파생상품계약,653166397500,국내증권사,B,SF205,각주항목(09.06월 이후)
34331,202209,0011978,케이프투자증권,C1,파생상품계약_장내파생상품,653166397500,국내증권사,B,SF205,각주항목(09.06월 이후)
34332,202209,0011978,케이프투자증권,C11,파생상품계약_장내파생상품_이자율관련거래,634757490000,국내증권사,B,SF205,각주항목(09.06월 이후)
34333,202209,0011978,케이프투자증권,C12,파생상품계약_장내파생상품_통화관련거래,0,국내증권사,B,SF205,각주항목(09.06월 이후)
34334,202209,0011978,케이프투자증권,C13,파생상품계약_장내파생상품_주식관련거래,18408907500,국내증권사,B,SF205,각주항목(09.06월 이후)
34335,202209,0011978,케이프투자증권,C14,파생상품계약_장내파생상품_일반상품관련거래,0,국내증권사,B,SF205,각주항목(09.06월 이후)
34336,202209,0011978,케이프투자증권,C15,파생상품계약_장내파생상품_기타,0,국내증권사,B,SF205,각주항목(09.06월 이후)
34337,202209,0011978,케이프투자증권,C2,파생상품계약_장외파생상품,0,국내증권사,B,SF205,각주항목(09.06월 이후)
34338,202209,0011978,케이프투자증권,C21,파생상품계약_장외파생상품_이자율관련거래,0,국내증권사,B,SF205,각주항목(09.06월 이후)
34339,202209,0011978,케이프투자증권,C22,파생상품계약_장외파생상품_통화관련거래,0,국내증권사,B,SF205,각주항목(09.06월 이후)
34340,202209,0011978,케이프투자증권,C23,파생상품계약_장외파생상품_주식관련거래,0,국내증권사,B,SF205,각주항목(09.06월 이후)
34341,202209,0011978,케이프투자증권,C24,파생상품계약_장외파생상품_신용관련거래,0,국내증권사,B,SF205,각주항목(09.06월 이후)
34342,202209,0011978,케이프투자증권,C25,파생상품계약_장외파생상품_기타,0,국내증권사,B,SF205,각주항목(09.06월 이후)
34343,202209,0011978,케이프투자증권,D,대차 및 대주거래,38292276000,국내증권사,B,SF205,각주항목(09.06월 이후)
34344,202209,0011978,케이프투자증권,D1,대차 및 대주거래_대여증권,0,국내증권사,B,SF205,각주항목(09.06월 이후)
34345,202209,0011978,케이프투자증권,D2,대차 및 대주거래_차입증권,38292276000,국내증권사,B,SF205,각주항목(09.06월 이후)
34346,202209,0011978,케이프투자증권,D3,대차 및 대주거래_신용거래대주, ,국내증권사,B,SF205,각주항목(09.06월 이후)
34347,202209,0011978,케이프투자증권,E,대손상각채권,19035712,국내증권사,B,SF205,각주항목(09.06월 이후)
34348,202209,0011978,케이프투자증권,F,환전업무 예치금,0,국내증권사,B,SF205,각주항목(09.06월 이후)
34349,202209,0011978,케이프투자증권,G,미배당별도예치금, ,국내증권사,B,SF205,각주항목(09.06월 이후)
34350,202209,0011978,케이프투자증권,H,배서어음매출(종금계정),0,국내증권사,B,SF205,각주항목(09.06월 이후)
34351,202209,0011978,케이프투자증권,H1,대출채권매매이익_담보부, ,국내증권사,B,SF205,각주항목(09.06월 이후)
34352,202209,0011978,케이프투자증권,H2,대출채권매매이익_무담보부, ,국내증권사,B,SF205,각주항목(09.06월 이후)
34353,202212,0011978,케이프투자증권,A,채무보증,90000000000,국내증권사,B,SF205,각주항목(09.06월 이후)
34354,202212,0011978,케이프투자증권,A1,채무보증_지급보증,0,국내증권사,B,SF205,각주항목(09.06월 이후)
34355,202212,0011978,케이프투자증권,A2,채무보증_매입보장약정,90000000000,국내증권사,B,SF205,각주항목(09.06월 이후)
34356,202212,0011978,케이프투자증권,A3,채무보증_채무인수약정, ,국내증권사,B,SF205,각주항목(09.06월 이후)
34357,202212,0011978,케이프투자증권,A5,채무보증_매입확약,0,국내증권사,B,SF205,각주항목(09.06월 이후)
34358,202212,0011978,케이프투자증권,A6,채무보증_기타, ,국내증권사,B,SF205,각주항목(09.06월 이후)
34359,202212,0011978,케이프투자증권,B,투자자의 예수증권 등,2597925294658,국내증권사,B,SF205,각주항목(09.06월 이후)
34360,202212,0011978,케이프투자증권,B1,투자자의 예수증권 등_예수 증권,2597925294658,국내증권사,B,SF205,각주항목(09.06월 이후)
34361,202212,0011978,케이프투자증권,B2,투자자의 예수증권 등_예수양도성예금증서, ,국내증권사,B,SF205,각주항목(09.06월 이후)
34362,202212,0011978,케이프투자증권,B3,투자자의 예수증권 등_기타, ,국내증권사,B,SF205,각주항목(09.06월 이후)
34363,202212,0011978,케이프투자증권,C,파생상품계약,317681182000,국내증권사,B,SF205,각주항목(09.06월 이후)
34364,202212,0011978,케이프투자증권,C1,파생상품계약_장내파생상품,317681182000,국내증권사,B,SF205,각주항목(09.06월 이후)
34365,202212,0011978,케이프투자증권,C11,파생상품계약_장내파생상품_이자율관련거래,269703200000,국내증권사,B,SF205,각주항목(09.06월 이후)
34366,202212,0011978,케이프투자증권,C12,파생상품계약_장내파생상품_통화관련거래,0,국내증권사,B,SF205,각주항목(09.06월 이후)
34367,202212,0011978,케이프투자증권,C13,파생상품계약_장내파생상품_주식관련거래,47977982000,국내증권사,B,SF205,각주항목(09.06월 이후)
34368,202212,0011978,케이프투자증권,C14,파생상품계약_장내파생상품_일반상품관련거래,0,국내증권사,B,SF205,각주항목(09.06월 이후)
34369,202212,0011978,케이프투자증권,C15,파생상품계약_장내파생상품_기타,0,국내증권사,B,SF205,각주항목(09.06월 이후)
34370,202212,0011978,케이프투자증권,C2,파생상품계약_장외파생상품,0,국내증권사,B,SF205,각주항목(09.06월 이후)
34371,202212,0011978,케이프투자증권,C21,파생상품계약_장외파생상품_이자율관련거래,0,국내증권사,B,SF205,각주항목(09.06월 이후)
34372,202212,0011978,케이프투자증권,C22,파생상품계약_장외파생상품_통화관련거래,0,국내증권사,B,SF205,각주항목(09.06월 이후)
34373,202212,0011978,케이프투자증권,C23,파생상품계약_장외파생상품_주식관련거래,0,국내증권사,B,SF205,각주항목(09.06월 이후)
34374,202212,0011978,케이프투자증권,C24,파생상품계약_장외파생상품_신용관련거래,0,국내증권사,B,SF205,각주항목(09.06월 이후)
34375,202212,0011978,케이프투자증권,C25,파생상품계약_장외파생상품_기타,0,국내증권사,B,SF205,각주항목(09.06월 이후)
34376,202212,0011978,케이프투자증권,D,대차 및 대주거래,0,국내증권사,B,SF205,각주항목(09.06월 이후)
34377,202212,0011978,케이프투자증권,D1,대차 및 대주거래_대여증권,0,국내증권사,B,SF205,각주항목(09.06월 이후)
34378,202212,0011978,케이프투자증권,D2,대차 및 대주거래_차입증권,0,국내증권사,B,SF205,각주항목(09.06월 이후)
34379,202212,0011978,케이프투자증권,D3,대차 및 대주거래_신용거래대주, ,국내증권사,B,SF205,각주항목(09.06월 이후)
34380,202212,0011978,케이프투자증권,E,대손상각채권,401581696,국내증권사,B,SF205,각주항목(09.06월 이후)
34381,202212,0011978,케이프투자증권,F,환전업무 예치금,0,국내증권사,B,SF205,각주항목(09.06월 이후)
34382,202212,0011978,케이프투자증권,G,미배당별도예치금, ,국내증권사,B,SF205,각주항목(09.06월 이후)
34383,202212,0011978,케이프투자증권,H,배서어음매출(종금계정),0,국내증권사,B,SF205,각주항목(09.06월 이후)
34384,202212,0011978,케이프투자증권,H1,대출채권매매이익_담보부, ,국내증권사,B,SF205,각주항목(09.06월 이후)
34385,202212,0011978,케이프투자증권,H2,대출채권매매이익_무담보부, ,국내증권사,B,SF205,각주항목(09.06월 이후)
34386,202303,0011978,케이프투자증권,A,채무보증,90000000000,국내증권사,B,SF205,각주항목(09.06월 이후)
34387,202303,0011978,케이프투자증권,A1,채무보증_지급보증,0,국내증권사,B,SF205,각주항목(09.06월 이후)
34388,202303,0011978,케이프투자증권,A2,채무보증_매입보장약정,90000000000,국내증권사,B,SF205,각주항목(09.06월 이후)
34389,202303,0011978,케이프투자증권,A3,채무보증_채무인수약정, ,국내증권사,B,SF205,각주항목(09.06월 이후)
34390,202303,0011978,케이프투자증권,A5,채무보증_매입확약,0,국내증권사,B,SF205,각주항목(09.06월 이후)
34391,202303,0011978,케이프투자증권,A6,채무보증_기타, ,국내증권사,B,SF205,각주항목(09.06월 이후)
34392,202303,0011978,케이프투자증권,B,투자자의 예수증권 등,2850900976424,국내증권사,B,SF205,각주항목(09.06월 이후)
34393,202303,0011978,케이프투자증권,B1,투자자의 예수증권 등_예수 증권,2850900976424,국내증권사,B,SF205,각주항목(09.06월 이후)
34394,202303,0011978,케이프투자증권,B2,투자자의 예수증권 등_예수양도성예금증서, ,국내증권사,B,SF205,각주항목(09.06월 이후)
34395,202303,0011978,케이프투자증권,B3,투자자의 예수증권 등_기타, ,국내증권사,B,SF205,각주항목(09.06월 이후)
34396,202303,0011978,케이프투자증권,C,파생상품계약,756094905000,국내증권사,B,SF205,각주항목(09.06월 이후)
34397,202303,0011978,케이프투자증권,C1,파생상품계약_장내파생상품,756094905000,국내증권사,B,SF205,각주항목(09.06월 이후)
34398,202303,0011978,케이프투자증권,C11,파생상품계약_장내파생상품_이자율관련거래,700626000000,국내증권사,B,SF205,각주항목(09.06월 이후)
34399,202303,0011978,케이프투자증권,C12,파생상품계약_장내파생상품_통화관련거래,0,국내증권사,B,SF205,각주항목(09.06월 이후)
34400,202303,0011978,케이프투자증권,C13,파생상품계약_장내파생상품_주식관련거래,55468905000,국내증권사,B,SF205,각주항목(09.06월 이후)
34401,202303,0011978,케이프투자증권,C14,파생상품계약_장내파생상품_일반상품관련거래,0,국내증권사,B,SF205,각주항목(09.06월 이후)
34402,202303,0011978,케이프투자증권,C15,파생상품계약_장내파생상품_기타,0,국내증권사,B,SF205,각주항목(09.06월 이후)
34403,202303,0011978,케이프투자증권,C2,파생상품계약_장외파생상품,0,국내증권사,B,SF205,각주항목(09.06월 이후)
34404,202303,0011978,케이프투자증권,C21,파생상품계약_장외파생상품_이자율관련거래,0,국내증권사,B,SF205,각주항목(09.06월 이후)
34405,202303,0011978,케이프투자증권,C22,파생상품계약_장외파생상품_통화관련거래,0,국내증권사,B,SF205,각주항목(09.06월 이후)
34406,202303,0011978,케이프투자증권,C23,파생상품계약_장외파생상품_주식관련거래,0,국내증권사,B,SF205,각주항목(09.06월 이후)
34407,202303,0011978,케이프투자증권,C24,파생상품계약_장외파생상품_신용관련거래,0,국내증권사,B,SF205,각주항목(09.06월 이후)
34408,202303,0011978,케이프투자증권,C25,파생상품계약_장외파생상품_기타,0,국내증권사,B,SF205,각주항목(09.06월 이후)
34409,202303,0011978,케이프투자증권,D,대차 및 대주거래,14584105000,국내증권사,B,SF205,각주항목(09.06월 이후)
34410,202303,0011978,케이프투자증권,D1,대차 및 대주거래_대여증권,0,국내증권사,B,SF205,각주항목(09.06월 이후)
34411,202303,0011978,케이프투자증권,D2,대차 및 대주거래_차입증권,14584105000,국내증권사,B,SF205,각주항목(09.06월 이후)
34412,202303,0011978,케이프투자증권,D3,대차 및 대주거래_신용거래대주, ,국내증권사,B,SF205,각주항목(09.06월 이후)
34413,202303,0011978,케이프투자증권,E,대손상각채권,16656248,국내증권사,B,SF205,각주항목(09.06월 이후)
34414,202303,0011978,케이프투자증권,F,환전업무 예치금,0,국내증권사,B,SF205,각주항목(09.06월 이후)
34415,202303,0011978,케이프투자증권,G,미배당별도예치금, ,국내증권사,B,SF205,각주항목(09.06월 이후)
34416,202303,0011978,케이프투자증권,H,배서어음매출(종금계정),0,국내증권사,B,SF205,각주항목(09.06월 이후)
34417,202303,0011978,케이프투자증권,H1,대출채권매매이익_담보부, ,국내증권사,B,SF205,각주항목(09.06월 이후)
34418,202303,0011978,케이프투자증권,H2,대출채권매매이익_무담보부, ,국내증권사,B,SF205,각주항목(09.06월 이후)
34419,202306,0011978,케이프투자증권,A,채무보증,80000000000,국내증권사,B,SF205,각주항목(09.06월 이후)
34420,202306,0011978,케이프투자증권,A1,채무보증_지급보증,0,국내증권사,B,SF205,각주항목(09.06월 이후)
34421,202306,0011978,케이프투자증권,A2,채무보증_매입보장약정,80000000000,국내증권사,B,SF205,각주항목(09.06월 이후)
34422,202306,0011978,케이프투자증권,A3,채무보증_채무인수약정, ,국내증권사,B,SF205,각주항목(09.06월 이후)
34423,202306,0011978,케이프투자증권,A5,채무보증_매입확약,0,국내증권사,B,SF205,각주항목(09.06월 이후)
34424,202306,0011978,케이프투자증권,A6,채무보증_기타, ,국내증권사,B,SF205,각주항목(09.06월 이후)
34425,202306,0011978,케이프투자증권,B,투자자의 예수증권 등,2886082646494,국내증권사,B,SF205,각주항목(09.06월 이후)
34426,202306,0011978,케이프투자증권,B1,투자자의 예수증권 등_예수 증권,2886082646494,국내증권사,B,SF205,각주항목(09.06월 이후)
34427,202306,0011978,케이프투자증권,B2,투자자의 예수증권 등_예수양도성예금증서, ,국내증권사,B,SF205,각주항목(09.06월 이후)
34428,202306,0011978,케이프투자증권,B3,투자자의 예수증권 등_기타, ,국내증권사,B,SF205,각주항목(09.06월 이후)
34429,202306,0011978,케이프투자증권,C,파생상품계약,463253431000,국내증권사,B,SF205,각주항목(09.06월 이후)
34430,202306,0011978,케이프투자증권,C1,파생상품계약_장내파생상품,463253431000,국내증권사,B,SF205,각주항목(09.06월 이후)
34431,202306,0011978,케이프투자증권,C11,파생상품계약_장내파생상품_이자율관련거래,408175510000,국내증권사,B,SF205,각주항목(09.06월 이후)
34432,202306,0011978,케이프투자증권,C12,파생상품계약_장내파생상품_통화관련거래,0,국내증권사,B,SF205,각주항목(09.06월 이후)
34433,202306,0011978,케이프투자증권,C13,파생상품계약_장내파생상품_주식관련거래,55077921000,국내증권사,B,SF205,각주항목(09.06월 이후)
34434,202306,0011978,케이프투자증권,C14,파생상품계약_장내파생상품_일반상품관련거래,0,국내증권사,B,SF205,각주항목(09.06월 이후)
34435,202306,0011978,케이프투자증권,C15,파생상품계약_장내파생상품_기타,0,국내증권사,B,SF205,각주항목(09.06월 이후)
34436,202306,0011978,케이프투자증권,C2,파생상품계약_장외파생상품,0,국내증권사,B,SF205,각주항목(09.06월 이후)
34437,202306,0011978,케이프투자증권,C21,파생상품계약_장외파생상품_이자율관련거래,0,국내증권사,B,SF205,각주항목(09.06월 이후)
34438,202306,0011978,케이프투자증권,C22,파생상품계약_장외파생상품_통화관련거래,0,국내증권사,B,SF205,각주항목(09.06월 이후)
34439,202306,0011978,케이프투자증권,C23,파생상품계약_장외파생상품_주식관련거래,0,국내증권사,B,SF205,각주항목(09.06월 이후)
34440,202306,0011978,케이프투자증권,C24,파생상품계약_장외파생상품_신용관련거래,0,국내증권사,B,SF205,각주항목(09.06월 이후)
34441,202306,0011978,케이프투자증권,C25,파생상품계약_장외파생상품_기타,0,국내증권사,B,SF205,각주항목(09.06월 이후)
34442,202306,0011978,케이프투자증권,D,대차 및 대주거래,10079260000,국내증권사,B,SF205,각주항목(09.06월 이후)
34443,202306,0011978,케이프투자증권,D1,대차 및 대주거래_대여증권,0,국내증권사,B,SF205,각주항목(09.06월 이후)
34444,202306,0011978,케이프투자증권,D2,대차 및 대주거래_차입증권,10079260000,국내증권사,B,SF205,각주항목(09.06월 이후)
34445,202306,0011978,케이프투자증권,D3,대차 및 대주거래_신용거래대주, ,국내증권사,B,SF205,각주항목(09.06월 이후)
34446,202306,0011978,케이프투자증권,E,대손상각채권,16656248,국내증권사,B,SF205,각주항목(09.06월 이후)
34447,202306,0011978,케이프투자증권,F,환전업무 예치금,0,국내증권사,B,SF205,각주항목(09.06월 이후)
34448,202306,0011978,케이프투자증권,G,미배당별도예치금, ,국내증권사,B,SF205,각주항목(09.06월 이후)
34449,202306,0011978,케이프투자증권,H,배서어음매출(종금계정),0,국내증권사,B,SF205,각주항목(09.06월 이후)
34450,202306,0011978,케이프투자증권,H1,대출채권매매이익_담보부, ,국내증권사,B,SF205,각주항목(09.06월 이후)
34451,202306,0011978,케이프투자증권,H2,대출채권매매이익_무담보부, ,국내증권사,B,SF205,각주항목(09.06월 이후)
34452,202309,0011978,케이프투자증권,A,채무보증,30000000000,국내증권사,B,SF205,각주항목(09.06월 이후)
34453,202309,0011978,케이프투자증권,A1,채무보증_지급보증,0,국내증권사,B,SF205,각주항목(09.06월 이후)
34454,202309,0011978,케이프투자증권,A2,채무보증_매입보장약정,30000000000,국내증권사,B,SF205,각주항목(09.06월 이후)
34455,202309,0011978,케이프투자증권,A3,채무보증_채무인수약정, ,국내증권사,B,SF205,각주항목(09.06월 이후)
34456,202309,0011978,케이프투자증권,A5,채무보증_매입확약,0,국내증권사,B,SF205,각주항목(09.06월 이후)
34457,202309,0011978,케이프투자증권,A6,채무보증_기타, ,국내증권사,B,SF205,각주항목(09.06월 이후)
34458,202309,0011978,케이프투자증권,B,투자자의 예수증권 등,3042381955511,국내증권사,B,SF205,각주항목(09.06월 이후)
34459,202309,0011978,케이프투자증권,B1,투자자의 예수증권 등_예수 증권,3042381955511,국내증권사,B,SF205,각주항목(09.06월 이후)
34460,202309,0011978,케이프투자증권,B2,투자자의 예수증권 등_예수양도성예금증서, ,국내증권사,B,SF205,각주항목(09.06월 이후)
34461,202309,0011978,케이프투자증권,B3,투자자의 예수증권 등_기타, ,국내증권사,B,SF205,각주항목(09.06월 이후)
34462,202309,0011978,케이프투자증권,C,파생상품계약,168043030000,국내증권사,B,SF205,각주항목(09.06월 이후)
34463,202309,0011978,케이프투자증권,C1,파생상품계약_장내파생상품,168043030000,국내증권사,B,SF205,각주항목(09.06월 이후)
34464,202309,0011978,케이프투자증권,C11,파생상품계약_장내파생상품_이자율관련거래,114889000000,국내증권사,B,SF205,각주항목(09.06월 이후)
34465,202309,0011978,케이프투자증권,C12,파생상품계약_장내파생상품_통화관련거래,0,국내증권사,B,SF205,각주항목(09.06월 이후)
34466,202309,0011978,케이프투자증권,C13,파생상품계약_장내파생상품_주식관련거래,53154030000,국내증권사,B,SF205,각주항목(09.06월 이후)
34467,202309,0011978,케이프투자증권,C14,파생상품계약_장내파생상품_일반상품관련거래,0,국내증권사,B,SF205,각주항목(09.06월 이후)
34468,202309,0011978,케이프투자증권,C15,파생상품계약_장내파생상품_기타,0,국내증권사,B,SF205,각주항목(09.06월 이후)
34469,202309,0011978,케이프투자증권,C2,파생상품계약_장외파생상품,0,국내증권사,B,SF205,각주항목(09.06월 이후)
34470,202309,0011978,케이프투자증권,C21,파생상품계약_장외파생상품_이자율관련거래,0,국내증권사,B,SF205,각주항목(09.06월 이후)
34471,202309,0011978,케이프투자증권,C22,파생상품계약_장외파생상품_통화관련거래,0,국내증권사,B,SF205,각주항목(09.06월 이후)
34472,202309,0011978,케이프투자증권,C23,파생상품계약_장외파생상품_주식관련거래,0,국내증권사,B,SF205,각주항목(09.06월 이후)
34473,202309,0011978,케이프투자증권,C24,파생상품계약_장외파생상품_신용관련거래,0,국내증권사,B,SF205,각주항목(09.06월 이후)
34474,202309,0011978,케이프투자증권,C25,파생상품계약_장외파생상품_기타,0,국내증권사,B,SF205,각주항목(09.06월 이후)
34475,202309,0011978,케이프투자증권,D,대차 및 대주거래,70885298000,국내증권사,B,SF205,각주항목(09.06월 이후)
34476,202309,0011978,케이프투자증권,D1,대차 및 대주거래_대여증권,0,국내증권사,B,SF205,각주항목(09.06월 이후)
34477,202309,0011978,케이프투자증권,D2,대차 및 대주거래_차입증권,70885298000,국내증권사,B,SF205,각주항목(09.06월 이후)
34478,202309,0011978,케이프투자증권,D3,대차 및 대주거래_신용거래대주, ,국내증권사,B,SF205,각주항목(09.06월 이후)
34479,202309,0011978,케이프투자증권,E,대손상각채권,16656248,국내증권사,B,SF205,각주항목(09.06월 이후)
34480,202309,0011978,케이프투자증권,F,환전업무 예치금,0,국내증권사,B,SF205,각주항목(09.06월 이후)
34481,202309,0011978,케이프투자증권,G,미배당별도예치금, ,국내증권사,B,SF205,각주항목(09.06월 이후)
34482,202309,0011978,케이프투자증권,H,배서어음매출(종금계정),0,국내증권사,B,SF205,각주항목(09.06월 이후)
34483,202309,0011978,케이프투자증권,H1,대출채권매매이익_담보부, ,국내증권사,B,SF205,각주항목(09.06월 이후)
34484,202309,0011978,케이프투자증권,H2,대출채권매매이익_무담보부, ,국내증권사,B,SF205,각주항목(09.06월 이후)
34485,202312,0011978,케이프투자증권,A,채무보증,30000000000,국내증권사,B,SF205,각주항목(09.06월 이후)
34486,202312,0011978,케이프투자증권,A1,채무보증_지급보증,0,국내증권사,B,SF205,각주항목(09.06월 이후)
34487,202312,0011978,케이프투자증권,A2,채무보증_매입보장약정,30000000000,국내증권사,B,SF205,각주항목(09.06월 이후)
34488,202312,0011978,케이프투자증권,A3,채무보증_채무인수약정, ,국내증권사,B,SF205,각주항목(09.06월 이후)
34489,202312,0011978,케이프투자증권,A5,채무보증_매입확약,0,국내증권사,B,SF205,각주항목(09.06월 이후)
34490,202312,0011978,케이프투자증권,A6,채무보증_기타, ,국내증권사,B,SF205,각주항목(09.06월 이후)
34491,202312,0011978,케이프투자증권,B,투자자의 예수증권 등,2852978373204,국내증권사,B,SF205,각주항목(09.06월 이후)
34492,202312,0011978,케이프투자증권,B1,투자자의 예수증권 등_예수 증권,2852978373204,국내증권사,B,SF205,각주항목(09.06월 이후)
34493,202312,0011978,케이프투자증권,B2,투자자의 예수증권 등_예수양도성예금증서, ,국내증권사,B,SF205,각주항목(09.06월 이후)
34494,202312,0011978,케이프투자증권,B3,투자자의 예수증권 등_기타, ,국내증권사,B,SF205,각주항목(09.06월 이후)
34495,202312,0011978,케이프투자증권,C,파생상품계약,376978885000,국내증권사,B,SF205,각주항목(09.06월 이후)
34496,202312,0011978,케이프투자증권,C1,파생상품계약_장내파생상품,363931005000,국내증권사,B,SF205,각주항목(09.06월 이후)
34497,202312,0011978,케이프투자증권,C11,파생상품계약_장내파생상품_이자율관련거래,319950120000,국내증권사,B,SF205,각주항목(09.06월 이후)
34498,202312,0011978,케이프투자증권,C12,파생상품계약_장내파생상품_통화관련거래,0,국내증권사,B,SF205,각주항목(09.06월 이후)
34499,202312,0011978,케이프투자증권,C13,파생상품계약_장내파생상품_주식관련거래,43980885000,국내증권사,B,SF205,각주항목(09.06월 이후)
34500,202312,0011978,케이프투자증권,C14,파생상품계약_장내파생상품_일반상품관련거래,0,국내증권사,B,SF205,각주항목(09.06월 이후)
34501,202312,0011978,케이프투자증권,C15,파생상품계약_장내파생상품_기타,0,국내증권사,B,SF205,각주항목(09.06월 이후)
34502,202312,0011978,케이프투자증권,C2,파생상품계약_장외파생상품,13047880000,국내증권사,B,SF205,각주항목(09.06월 이후)
34503,202312,0011978,케이프투자증권,C21,파생상품계약_장외파생상품_이자율관련거래,0,국내증권사,B,SF205,각주항목(09.06월 이후)
34504,202312,0011978,케이프투자증권,C22,파생상품계약_장외파생상품_통화관련거래,0,국내증권사,B,SF205,각주항목(09.06월 이후)
34505,202312,0011978,케이프투자증권,C23,파생상품계약_장외파생상품_주식관련거래,13047880000,국내증권사,B,SF205,각주항목(09.06월 이후)
34506,202312,0011978,케이프투자증권,C24,파생상품계약_장외파생상품_신용관련거래,0,국내증권사,B,SF205,각주항목(09.06월 이후)
34507,202312,0011978,케이프투자증권,C25,파생상품계약_장외파생상품_기타,0,국내증권사,B,SF205,각주항목(09.06월 이후)
34508,202312,0011978,케이프투자증권,D,대차 및 대주거래,221854882000,국내증권사,B,SF205,각주항목(09.06월 이후)
34509,202312,0011978,케이프투자증권,D1,대차 및 대주거래_대여증권,0,국내증권사,B,SF205,각주항목(09.06월 이후)
34510,202312,0011978,케이프투자증권,D2,대차 및 대주거래_차입증권,221854882000,국내증권사,B,SF205,각주항목(09.06월 이후)
34511,202312,0011978,케이프투자증권,D3,대차 및 대주거래_신용거래대주, ,국내증권사,B,SF205,각주항목(09.06월 이후)
34512,202312,0011978,케이프투자증권,E,대손상각채권,1106512968,국내증권사,B,SF205,각주항목(09.06월 이후)
34513,202312,0011978,케이프투자증권,F,환전업무 예치금,0,국내증권사,B,SF205,각주항목(09.06월 이후)
34514,202312,0011978,케이프투자증권,G,미배당별도예치금, ,국내증권사,B,SF205,각주항목(09.06월 이후)
34515,202312,0011978,케이프투자증권,H,배서어음매출(종금계정),0,국내증권사,B,SF205,각주항목(09.06월 이후)
34516,202312,0011978,케이프투자증권,H1,대출채권매매이익_담보부, ,국내증권사,B,SF205,각주항목(09.06월 이후)
34517,202312,0011978,케이프투자증권,H2,대출채권매매이익_무담보부, ,국내증권사,B,SF205,각주항목(09.06월 이후)
34518,202403,0011978,케이프투자증권,A,채무보증,30000000000,국내증권사,B,SF205,각주항목(09.06월 이후)
34519,202403,0011978,케이프투자증권,A1,채무보증_지급보증,0,국내증권사,B,SF205,각주항목(09.06월 이후)
34520,202403,0011978,케이프투자증권,A2,채무보증_매입보장약정,30000000000,국내증권사,B,SF205,각주항목(09.06월 이후)
34521,202403,0011978,케이프투자증권,A3,채무보증_채무인수약정, ,국내증권사,B,SF205,각주항목(09.06월 이후)
34522,202403,0011978,케이프투자증권,A5,채무보증_매입확약,0,국내증권사,B,SF205,각주항목(09.06월 이후)
34523,202403,0011978,케이프투자증권,A6,채무보증_기타, ,국내증권사,B,SF205,각주항목(09.06월 이후)
34524,202403,0011978,케이프투자증권,B,투자자의 예수증권 등,2856157722619,국내증권사,B,SF205,각주항목(09.06월 이후)
34525,202403,0011978,케이프투자증권,B1,투자자의 예수증권 등_예수 증권,2856157722619,국내증권사,B,SF205,각주항목(09.06월 이후)
34526,202403,0011978,케이프투자증권,B2,투자자의 예수증권 등_예수양도성예금증서, ,국내증권사,B,SF205,각주항목(09.06월 이후)
34527,202403,0011978,케이프투자증권,B3,투자자의 예수증권 등_기타, ,국내증권사,B,SF205,각주항목(09.06월 이후)
34528,202403,0011978,케이프투자증권,C,파생상품계약,352231793050,국내증권사,B,SF205,각주항목(09.06월 이후)
34529,202403,0011978,케이프투자증권,C1,파생상품계약_장내파생상품,340946507500,국내증권사,B,SF205,각주항목(09.06월 이후)
34530,202403,0011978,케이프투자증권,C11,파생상품계약_장내파생상품_이자율관련거래,286167800000,국내증권사,B,SF205,각주항목(09.06월 이후)
34531,202403,0011978,케이프투자증권,C12,파생상품계약_장내파생상품_통화관련거래,0,국내증권사,B,SF205,각주항목(09.06월 이후)
34532,202403,0011978,케이프투자증권,C13,파생상품계약_장내파생상품_주식관련거래,54778707500,국내증권사,B,SF205,각주항목(09.06월 이후)
34533,202403,0011978,케이프투자증권,C14,파생상품계약_장내파생상품_일반상품관련거래,0,국내증권사,B,SF205,각주항목(09.06월 이후)
34534,202403,0011978,케이프투자증권,C15,파생상품계약_장내파생상품_기타,0,국내증권사,B,SF205,각주항목(09.06월 이후)
34535,202403,0011978,케이프투자증권,C2,파생상품계약_장외파생상품,11285285550,국내증권사,B,SF205,각주항목(09.06월 이후)
34536,202403,0011978,케이프투자증권,C21,파생상품계약_장외파생상품_이자율관련거래,0,국내증권사,B,SF205,각주항목(09.06월 이후)
34537,202403,0011978,케이프투자증권,C22,파생상품계약_장외파생상품_통화관련거래,0,국내증권사,B,SF205,각주항목(09.06월 이후)
34538,202403,0011978,케이프투자증권,C23,파생상품계약_장외파생상품_주식관련거래,11285285550,국내증권사,B,SF205,각주항목(09.06월 이후)
34539,202403,0011978,케이프투자증권,C24,파생상품계약_장외파생상품_신용관련거래,0,국내증권사,B,SF205,각주항목(09.06월 이후)
34540,202403,0011978,케이프투자증권,C25,파생상품계약_장외파생상품_기타,0,국내증권사,B,SF205,각주항목(09.06월 이후)
34541,202403,0011978,케이프투자증권,D,대차 및 대주거래,15868875000,국내증권사,B,SF205,각주항목(09.06월 이후)
34542,202403,0011978,케이프투자증권,D1,대차 및 대주거래_대여증권,0,국내증권사,B,SF205,각주항목(09.06월 이후)
34543,202403,0011978,케이프투자증권,D2,대차 및 대주거래_차입증권,15868875000,국내증권사,B,SF205,각주항목(09.06월 이후)
34544,202403,0011978,케이프투자증권,D3,대차 및 대주거래_신용거래대주, ,국내증권사,B,SF205,각주항목(09.06월 이후)
34545,202403,0011978,케이프투자증권,E,대손상각채권,1106512968,국내증권사,B,SF205,각주항목(09.06월 이후)
34546,202403,0011978,케이프투자증권,F,환전업무 예치금,0,국내증권사,B,SF205,각주항목(09.06월 이후)
34547,202403,0011978,케이프투자증권,G,미배당별도예치금, ,국내증권사,B,SF205,각주항목(09.06월 이후)
34548,202403,0011978,케이프투자증권,H,배서어음매출(종금계정),0,국내증권사,B,SF205,각주항목(09.06월 이후)
34549,202403,0011978,케이프투자증권,H1,대출채권매매이익_담보부, ,국내증권사,B,SF205,각주항목(09.06월 이후)
34550,202403,0011978,케이프투자증권,H2,대출채권매매이익_무담보부, ,국내증권사,B,SF205,각주항목(09.06월 이후)
34551,202406,0011978,케이프투자증권,A,채무보증,30000000000,국내증권사,B,SF205,각주항목(09.06월 이후)
34552,202406,0011978,케이프투자증권,A1,채무보증_지급보증,0,국내증권사,B,SF205,각주항목(09.06월 이후)
34553,202406,0011978,케이프투자증권,A2,채무보증_매입보장약정,30000000000,국내증권사,B,SF205,각주항목(09.06월 이후)
34554,202406,0011978,케이프투자증권,A3,채무보증_채무인수약정, ,국내증권사,B,SF205,각주항목(09.06월 이후)
34555,202406,0011978,케이프투자증권,A5,채무보증_매입확약,0,국내증권사,B,SF205,각주항목(09.06월 이후)
34556,202406,0011978,케이프투자증권,A6,채무보증_기타, ,국내증권사,B,SF205,각주항목(09.06월 이후)
34557,202406,0011978,케이프투자증권,B,투자자의 예수증권 등,3049608674114,국내증권사,B,SF205,각주항목(09.06월 이후)
34558,202406,0011978,케이프투자증권,B1,투자자의 예수증권 등_예수 증권,3049608674114,국내증권사,B,SF205,각주항목(09.06월 이후)
34559,202406,0011978,케이프투자증권,B2,투자자의 예수증권 등_예수양도성예금증서, ,국내증권사,B,SF205,각주항목(09.06월 이후)
34560,202406,0011978,케이프투자증권,B3,투자자의 예수증권 등_기타, ,국내증권사,B,SF205,각주항목(09.06월 이후)
34561,202406,0011978,케이프투자증권,C,파생상품계약,235543227900,국내증권사,B,SF205,각주항목(09.06월 이후)
34562,202406,0011978,케이프투자증권,C1,파생상품계약_장내파생상품,225681688950,국내증권사,B,SF205,각주항목(09.06월 이후)
34563,202406,0011978,케이프투자증권,C11,파생상품계약_장내파생상품_이자율관련거래,209525273950,국내증권사,B,SF205,각주항목(09.06월 이후)
34564,202406,0011978,케이프투자증권,C12,파생상품계약_장내파생상품_통화관련거래,0,국내증권사,B,SF205,각주항목(09.06월 이후)
34565,202406,0011978,케이프투자증권,C13,파생상품계약_장내파생상품_주식관련거래,16156415000,국내증권사,B,SF205,각주항목(09.06월 이후)
34566,202406,0011978,케이프투자증권,C14,파생상품계약_장내파생상품_일반상품관련거래,0,국내증권사,B,SF205,각주항목(09.06월 이후)
34567,202406,0011978,케이프투자증권,C15,파생상품계약_장내파생상품_기타,0,국내증권사,B,SF205,각주항목(09.06월 이후)
34568,202406,0011978,케이프투자증권,C2,파생상품계약_장외파생상품,9861538950,국내증권사,B,SF205,각주항목(09.06월 이후)
34569,202406,0011978,케이프투자증권,C21,파생상품계약_장외파생상품_이자율관련거래,0,국내증권사,B,SF205,각주항목(09.06월 이후)
34570,202406,0011978,케이프투자증권,C22,파생상품계약_장외파생상품_통화관련거래,0,국내증권사,B,SF205,각주항목(09.06월 이후)
34571,202406,0011978,케이프투자증권,C23,파생상품계약_장외파생상품_주식관련거래,9861538950,국내증권사,B,SF205,각주항목(09.06월 이후)
34572,202406,0011978,케이프투자증권,C24,파생상품계약_장외파생상품_신용관련거래,0,국내증권사,B,SF205,각주항목(09.06월 이후)
34573,202406,0011978,케이프투자증권,C25,파생상품계약_장외파생상품_기타,0,국내증권사,B,SF205,각주항목(09.06월 이후)
34574,202406,0011978,케이프투자증권,D,대차 및 대주거래,23262178000,국내증권사,B,SF205,각주항목(09.06월 이후)
34575,202406,0011978,케이프투자증권,D1,대차 및 대주거래_대여증권,0,국내증권사,B,SF205,각주항목(09.06월 이후)
34576,202406,0011978,케이프투자증권,D2,대차 및 대주거래_차입증권,23262178000,국내증권사,B,SF205,각주항목(09.06월 이후)
34577,202406,0011978,케이프투자증권,D3,대차 및 대주거래_신용거래대주, ,국내증권사,B,SF205,각주항목(09.06월 이후)
34578,202406,0011978,케이프투자증권,E,대손상각채권,1106512968,국내증권사,B,SF205,각주항목(09.06월 이후)
34579,202406,0011978,케이프투자증권,F,환전업무 예치금,0,국내증권사,B,SF205,각주항목(09.06월 이후)
34580,202406,0011978,케이프투자증권,G,미배당별도예치금, ,국내증권사,B,SF205,각주항목(09.06월 이후)
34581,202406,0011978,케이프투자증권,H,배서어음매출(종금계정),0,국내증권사,B,SF205,각주항목(09.06월 이후)
34582,202406,0011978,케이프투자증권,H1,대출채권매매이익_담보부, ,국내증권사,B,SF205,각주항목(09.06월 이후)
34583,202406,0011978,케이프투자증권,H2,대출채권매매이익_무담보부, ,국내증권사,B,SF205,각주항목(09.06월 이후)
34584,202409,0011978,케이프투자증권,A,채무보증,30000000000,국내증권사,B,SF205,각주항목(09.06월 이후)
34585,202409,0011978,케이프투자증권,A1,채무보증_지급보증,0,국내증권사,B,SF205,각주항목(09.06월 이후)
34586,202409,0011978,케이프투자증권,A2,채무보증_매입보장약정,30000000000,국내증권사,B,SF205,각주항목(09.06월 이후)
34587,202409,0011978,케이프투자증권,A3,채무보증_채무인수약정, ,국내증권사,B,SF205,각주항목(09.06월 이후)
34588,202409,0011978,케이프투자증권,A5,채무보증_매입확약,0,국내증권사,B,SF205,각주항목(09.06월 이후)
34589,202409,0011978,케이프투자증권,A6,채무보증_기타, ,국내증권사,B,SF205,각주항목(09.06월 이후)
34590,202409,0011978,케이프투자증권,B,투자자의 예수증권 등,2892360039528,국내증권사,B,SF205,각주항목(09.06월 이후)
34591,202409,0011978,케이프투자증권,B1,투자자의 예수증권 등_예수 증권,2892360039528,국내증권사,B,SF205,각주항목(09.06월 이후)
34592,202409,0011978,케이프투자증권,B2,투자자의 예수증권 등_예수양도성예금증서, ,국내증권사,B,SF205,각주항목(09.06월 이후)
34593,202409,0011978,케이프투자증권,B3,투자자의 예수증권 등_기타, ,국내증권사,B,SF205,각주항목(09.06월 이후)
34594,202409,0011978,케이프투자증권,C,파생상품계약,586592570780,국내증권사,B,SF205,각주항목(09.06월 이후)
34595,202409,0011978,케이프투자증권,C1,파생상품계약_장내파생상품,578962964000,국내증권사,B,SF205,각주항목(09.06월 이후)
34596,202409,0011978,케이프투자증권,C11,파생상품계약_장내파생상품_이자율관련거래,563507830000,국내증권사,B,SF205,각주항목(09.06월 이후)
34597,202409,0011978,케이프투자증권,C12,파생상품계약_장내파생상품_통화관련거래,0,국내증권사,B,SF205,각주항목(09.06월 이후)
34598,202409,0011978,케이프투자증권,C13,파생상품계약_장내파생상품_주식관련거래,15455134000,국내증권사,B,SF205,각주항목(09.06월 이후)
34599,202409,0011978,케이프투자증권,C14,파생상품계약_장내파생상품_일반상품관련거래,0,국내증권사,B,SF205,각주항목(09.06월 이후)
34600,202409,0011978,케이프투자증권,C15,파생상품계약_장내파생상품_기타,0,국내증권사,B,SF205,각주항목(09.06월 이후)
34601,202409,0011978,케이프투자증권,C2,파생상품계약_장외파생상품,7629606780,국내증권사,B,SF205,각주항목(09.06월 이후)
34602,202409,0011978,케이프투자증권,C21,파생상품계약_장외파생상품_이자율관련거래,0,국내증권사,B,SF205,각주항목(09.06월 이후)
34603,202409,0011978,케이프투자증권,C22,파생상품계약_장외파생상품_통화관련거래,0,국내증권사,B,SF205,각주항목(09.06월 이후)
34604,202409,0011978,케이프투자증권,C23,파생상품계약_장외파생상품_주식관련거래,7629606780,국내증권사,B,SF205,각주항목(09.06월 이후)
34605,202409,0011978,케이프투자증권,C24,파생상품계약_장외파생상품_신용관련거래,0,국내증권사,B,SF205,각주항목(09.06월 이후)
34606,202409,0011978,케이프투자증권,C25,파생상품계약_장외파생상품_기타,0,국내증권사,B,SF205,각주항목(09.06월 이후)
34607,202409,0011978,케이프투자증권,D,대차 및 대주거래,10531250000,국내증권사,B,SF205,각주항목(09.06월 이후)
34608,202409,0011978,케이프투자증권,D1,대차 및 대주거래_대여증권,0,국내증권사,B,SF205,각주항목(09.06월 이후)
34609,202409,0011978,케이프투자증권,D2,대차 및 대주거래_차입증권,10531250000,국내증권사,B,SF205,각주항목(09.06월 이후)
34610,202409,0011978,케이프투자증권,D3,대차 및 대주거래_신용거래대주, ,국내증권사,B,SF205,각주항목(09.06월 이후)
34611,202409,0011978,케이프투자증권,E,대손상각채권,1106512968,국내증권사,B,SF205,각주항목(09.06월 이후)
34612,202409,0011978,케이프투자증권,F,환전업무 예치금,0,국내증권사,B,SF205,각주항목(09.06월 이후)
34613,202409,0011978,케이프투자증권,G,미배당별도예치금, ,국내증권사,B,SF205,각주항목(09.06월 이후)
34614,202409,0011978,케이프투자증권,H,배서어음매출(종금계정),0,국내증권사,B,SF205,각주항목(09.06월 이후)
34615,202409,0011978,케이프투자증권,H1,대출채권매매이익_담보부, ,국내증권사,B,SF205,각주항목(09.06월 이후)
34616,202409,0011978,케이프투자증권,H2,대출채권매매이익_무담보부, ,국내증권사,B,SF205,각주항목(09.06월 이후)
34617,202412,0011978,케이프투자증권,A,채무보증,30000000000,국내증권사,B,SF205,각주항목(09.06월 이후)
34618,202412,0011978,케이프투자증권,A1,채무보증_지급보증,0,국내증권사,B,SF205,각주항목(09.06월 이후)
34619,202412,0011978,케이프투자증권,A2,채무보증_매입보장약정,30000000000,국내증권사,B,SF205,각주항목(09.06월 이후)
34620,202412,0011978,케이프투자증권,A3,채무보증_채무인수약정, ,국내증권사,B,SF205,각주항목(09.06월 이후)
34621,202412,0011978,케이프투자증권,A5,채무보증_매입확약,0,국내증권사,B,SF205,각주항목(09.06월 이후)
34622,202412,0011978,케이프투자증권,A6,채무보증_기타, ,국내증권사,B,SF205,각주항목(09.06월 이후)
34623,202412,0011978,케이프투자증권,B,투자자의 예수증권 등,2848776302696,국내증권사,B,SF205,각주항목(09.06월 이후)
34624,202412,0011978,케이프투자증권,B1,투자자의 예수증권 등_예수 증권,2848776302696,국내증권사,B,SF205,각주항목(09.06월 이후)
34625,202412,0011978,케이프투자증권,B2,투자자의 예수증권 등_예수양도성예금증서, ,국내증권사,B,SF205,각주항목(09.06월 이후)
34626,202412,0011978,케이프투자증권,B3,투자자의 예수증권 등_기타, ,국내증권사,B,SF205,각주항목(09.06월 이후)
34627,202412,0011978,케이프투자증권,C,파생상품계약,387511797310,국내증권사,B,SF205,각주항목(09.06월 이후)
34628,202412,0011978,케이프투자증권,C1,파생상품계약_장내파생상품,374055901000,국내증권사,B,SF205,각주항목(09.06월 이후)
34629,202412,0011978,케이프투자증권,C11,파생상품계약_장내파생상품_이자율관련거래,359480810000,국내증권사,B,SF205,각주항목(09.06월 이후)
34630,202412,0011978,케이프투자증권,C12,파생상품계약_장내파생상품_통화관련거래,0,국내증권사,B,SF205,각주항목(09.06월 이후)
34631,202412,0011978,케이프투자증권,C13,파생상품계약_장내파생상품_주식관련거래,14575091000,국내증권사,B,SF205,각주항목(09.06월 이후)
34632,202412,0011978,케이프투자증권,C14,파생상품계약_장내파생상품_일반상품관련거래,0,국내증권사,B,SF205,각주항목(09.06월 이후)
34633,202412,0011978,케이프투자증권,C15,파생상품계약_장내파생상품_기타,0,국내증권사,B,SF205,각주항목(09.06월 이후)
34634,202412,0011978,케이프투자증권,C2,파생상품계약_장외파생상품,13455896310,국내증권사,B,SF205,각주항목(09.06월 이후)
34635,202412,0011978,케이프투자증권,C21,파생상품계약_장외파생상품_이자율관련거래,0,국내증권사,B,SF205,각주항목(09.06월 이후)
34636,202412,0011978,케이프투자증권,C22,파생상품계약_장외파생상품_통화관련거래,0,국내증권사,B,SF205,각주항목(09.06월 이후)
34637,202412,0011978,케이프투자증권,C23,파생상품계약_장외파생상품_주식관련거래,13455896310,국내증권사,B,SF205,각주항목(09.06월 이후)
34638,202412,0011978,케이프투자증권,C24,파생상품계약_장외파생상품_신용관련거래,0,국내증권사,B,SF205,각주항목(09.06월 이후)
34639,202412,0011978,케이프투자증권,C25,파생상품계약_장외파생상품_기타,0,국내증권사,B,SF205,각주항목(09.06월 이후)
34640,202412,0011978,케이프투자증권,D,대차 및 대주거래,168328277000,국내증권사,B,SF205,각주항목(09.06월 이후)
34641,202412,0011978,케이프투자증권,D1,대차 및 대주거래_대여증권,0,국내증권사,B,SF205,각주항목(09.06월 이후)
34642,202412,0011978,케이프투자증권,D2,대차 및 대주거래_차입증권,168328277000,국내증권사,B,SF205,각주항목(09.06월 이후)
34643,202412,0011978,케이프투자증권,D3,대차 및 대주거래_신용거래대주, ,국내증권사,B,SF205,각주항목(09.06월 이후)
34644,202412,0011978,케이프투자증권,E,대손상각채권,1106512968,국내증권사,B,SF205,각주항목(09.06월 이후)
34645,202412,0011978,케이프투자증권,F,환전업무 예치금,0,국내증권사,B,SF205,각주항목(09.06월 이후)
34646,202412,0011978,케이프투자증권,G,미배당별도예치금, ,국내증권사,B,SF205,각주항목(09.06월 이후)
34647,202412,0011978,케이프투자증권,H,배서어음매출(종금계정),0,국내증권사,B,SF205,각주항목(09.06월 이후)
34648,202412,0011978,케이프투자증권,H1,대출채권매매이익_담보부, ,국내증권사,B,SF205,각주항목(09.06월 이후)
34649,202412,0011978,케이프투자증권,H2,대출채권매매이익_무담보부, ,국내증권사,B,SF205,각주항목(09.06월 이후)
34650,201703,0010138,코리아에셋투자증권,A,채무보증,0,국내증권사,B,SF205,각주항목(09.06월 이후)
34651,201703,0010138,코리아에셋투자증권,A1,채무보증_지급보증,0,국내증권사,B,SF205,각주항목(09.06월 이후)
34652,201703,0010138,코리아에셋투자증권,A2,채무보증_매입보장약정,0,국내증권사,B,SF205,각주항목(09.06월 이후)
34653,201703,0010138,코리아에셋투자증권,A3,채무보증_채무인수약정,0,국내증권사,B,SF205,각주항목(09.06월 이후)
34654,201703,0010138,코리아에셋투자증권,A5,채무보증_매입확약,0,국내증권사,B,SF205,각주항목(09.06월 이후)
34655,201703,0010138,코리아에셋투자증권,A6,채무보증_기타,0,국내증권사,B,SF205,각주항목(09.06월 이후)
34656,201703,0010138,코리아에셋투자증권,B,투자자의 예수증권 등,2430848232866,국내증권사,B,SF205,각주항목(09.06월 이후)
34657,201703,0010138,코리아에셋투자증권,B1,투자자의 예수증권 등_예수 증권,2430848232866,국내증권사,B,SF205,각주항목(09.06월 이후)
34658,201703,0010138,코리아에셋투자증권,B2,투자자의 예수증권 등_예수양도성예금증서,0,국내증권사,B,SF205,각주항목(09.06월 이후)
34659,201703,0010138,코리아에셋투자증권,B3,투자자의 예수증권 등_기타,0,국내증권사,B,SF205,각주항목(09.06월 이후)
34660,201703,0010138,코리아에셋투자증권,C,파생상품계약,0,국내증권사,B,SF205,각주항목(09.06월 이후)
34661,201703,0010138,코리아에셋투자증권,C1,파생상품계약_장내파생상품,0,국내증권사,B,SF205,각주항목(09.06월 이후)
34662,201703,0010138,코리아에셋투자증권,C11,파생상품계약_장내파생상품_이자율관련거래,0,국내증권사,B,SF205,각주항목(09.06월 이후)
34663,201703,0010138,코리아에셋투자증권,C12,파생상품계약_장내파생상품_통화관련거래,0,국내증권사,B,SF205,각주항목(09.06월 이후)
34664,201703,0010138,코리아에셋투자증권,C13,파생상품계약_장내파생상품_주식관련거래,0,국내증권사,B,SF205,각주항목(09.06월 이후)
34665,201703,0010138,코리아에셋투자증권,C14,파생상품계약_장내파생상품_일반상품관련거래,0,국내증권사,B,SF205,각주항목(09.06월 이후)
34666,201703,0010138,코리아에셋투자증권,C15,파생상품계약_장내파생상품_기타,0,국내증권사,B,SF205,각주항목(09.06월 이후)
34667,201703,0010138,코리아에셋투자증권,C2,파생상품계약_장외파생상품,0,국내증권사,B,SF205,각주항목(09.06월 이후)
34668,201703,0010138,코리아에셋투자증권,C21,파생상품계약_장외파생상품_이자율관련거래,0,국내증권사,B,SF205,각주항목(09.06월 이후)
34669,201703,0010138,코리아에셋투자증권,C22,파생상품계약_장외파생상품_통화관련거래,0,국내증권사,B,SF205,각주항목(09.06월 이후)
34670,201703,0010138,코리아에셋투자증권,C23,파생상품계약_장외파생상품_주식관련거래,0,국내증권사,B,SF205,각주항목(09.06월 이후)
34671,201703,0010138,코리아에셋투자증권,C24,파생상품계약_장외파생상품_신용관련거래,0,국내증권사,B,SF205,각주항목(09.06월 이후)
34672,201703,0010138,코리아에셋투자증권,C25,파생상품계약_장외파생상품_기타,0,국내증권사,B,SF205,각주항목(09.06월 이후)
34673,201703,0010138,코리아에셋투자증권,D,대차 및 대주거래,0,국내증권사,B,SF205,각주항목(09.06월 이후)
34674,201703,0010138,코리아에셋투자증권,D1,대차 및 대주거래_대여증권,0,국내증권사,B,SF205,각주항목(09.06월 이후)
34675,201703,0010138,코리아에셋투자증권,D2,대차 및 대주거래_차입증권,0,국내증권사,B,SF205,각주항목(09.06월 이후)
34676,201703,0010138,코리아에셋투자증권,D3,대차 및 대주거래_신용거래대주,0,국내증권사,B,SF205,각주항목(09.06월 이후)
34677,201703,0010138,코리아에셋투자증권,E,대손상각채권,0,국내증권사,B,SF205,각주항목(09.06월 이후)
34678,201703,0010138,코리아에셋투자증권,F,환전업무 예치금,0,국내증권사,B,SF205,각주항목(09.06월 이후)
34679,201703,0010138,코리아에셋투자증권,G,미배당별도예치금,0,국내증권사,B,SF205,각주항목(09.06월 이후)
34680,201703,0010138,코리아에셋투자증권,H,배서어음매출(종금계정),0,국내증권사,B,SF205,각주항목(09.06월 이후)
34681,201703,0010138,코리아에셋투자증권,H1,대출채권매매이익_담보부,0,국내증권사,B,SF205,각주항목(09.06월 이후)
34682,201703,0010138,코리아에셋투자증권,H2,대출채권매매이익_무담보부,0,국내증권사,B,SF205,각주항목(09.06월 이후)
34683,201706,0010138,코리아에셋투자증권,A,채무보증,0,국내증권사,B,SF205,각주항목(09.06월 이후)
34684,201706,0010138,코리아에셋투자증권,A1,채무보증_지급보증,0,국내증권사,B,SF205,각주항목(09.06월 이후)
34685,201706,0010138,코리아에셋투자증권,A2,채무보증_매입보장약정,0,국내증권사,B,SF205,각주항목(09.06월 이후)
34686,201706,0010138,코리아에셋투자증권,A3,채무보증_채무인수약정,0,국내증권사,B,SF205,각주항목(09.06월 이후)
34687,201706,0010138,코리아에셋투자증권,A5,채무보증_매입확약,0,국내증권사,B,SF205,각주항목(09.06월 이후)
34688,201706,0010138,코리아에셋투자증권,A6,채무보증_기타,0,국내증권사,B,SF205,각주항목(09.06월 이후)
34689,201706,0010138,코리아에셋투자증권,B,투자자의 예수증권 등,2517043145120,국내증권사,B,SF205,각주항목(09.06월 이후)
34690,201706,0010138,코리아에셋투자증권,B1,투자자의 예수증권 등_예수 증권,2517043145120,국내증권사,B,SF205,각주항목(09.06월 이후)
34691,201706,0010138,코리아에셋투자증권,B2,투자자의 예수증권 등_예수양도성예금증서,0,국내증권사,B,SF205,각주항목(09.06월 이후)
34692,201706,0010138,코리아에셋투자증권,B3,투자자의 예수증권 등_기타,0,국내증권사,B,SF205,각주항목(09.06월 이후)
34693,201706,0010138,코리아에셋투자증권,C,파생상품계약,0,국내증권사,B,SF205,각주항목(09.06월 이후)
34694,201706,0010138,코리아에셋투자증권,C1,파생상품계약_장내파생상품,0,국내증권사,B,SF205,각주항목(09.06월 이후)
34695,201706,0010138,코리아에셋투자증권,C11,파생상품계약_장내파생상품_이자율관련거래,0,국내증권사,B,SF205,각주항목(09.06월 이후)
34696,201706,0010138,코리아에셋투자증권,C12,파생상품계약_장내파생상품_통화관련거래,0,국내증권사,B,SF205,각주항목(09.06월 이후)
34697,201706,0010138,코리아에셋투자증권,C13,파생상품계약_장내파생상품_주식관련거래,0,국내증권사,B,SF205,각주항목(09.06월 이후)
34698,201706,0010138,코리아에셋투자증권,C14,파생상품계약_장내파생상품_일반상품관련거래,0,국내증권사,B,SF205,각주항목(09.06월 이후)
34699,201706,0010138,코리아에셋투자증권,C15,파생상품계약_장내파생상품_기타,0,국내증권사,B,SF205,각주항목(09.06월 이후)
34700,201706,0010138,코리아에셋투자증권,C2,파생상품계약_장외파생상품,0,국내증권사,B,SF205,각주항목(09.06월 이후)
34701,201706,0010138,코리아에셋투자증권,C21,파생상품계약_장외파생상품_이자율관련거래,0,국내증권사,B,SF205,각주항목(09.06월 이후)
34702,201706,0010138,코리아에셋투자증권,C22,파생상품계약_장외파생상품_통화관련거래,0,국내증권사,B,SF205,각주항목(09.06월 이후)
34703,201706,0010138,코리아에셋투자증권,C23,파생상품계약_장외파생상품_주식관련거래,0,국내증권사,B,SF205,각주항목(09.06월 이후)
34704,201706,0010138,코리아에셋투자증권,C24,파생상품계약_장외파생상품_신용관련거래,0,국내증권사,B,SF205,각주항목(09.06월 이후)
34705,201706,0010138,코리아에셋투자증권,C25,파생상품계약_장외파생상품_기타,0,국내증권사,B,SF205,각주항목(09.06월 이후)
34706,201706,0010138,코리아에셋투자증권,D,대차 및 대주거래,0,국내증권사,B,SF205,각주항목(09.06월 이후)
34707,201706,0010138,코리아에셋투자증권,D1,대차 및 대주거래_대여증권,0,국내증권사,B,SF205,각주항목(09.06월 이후)
34708,201706,0010138,코리아에셋투자증권,D2,대차 및 대주거래_차입증권,0,국내증권사,B,SF205,각주항목(09.06월 이후)
34709,201706,0010138,코리아에셋투자증권,D3,대차 및 대주거래_신용거래대주,0,국내증권사,B,SF205,각주항목(09.06월 이후)
34710,201706,0010138,코리아에셋투자증권,E,대손상각채권,0,국내증권사,B,SF205,각주항목(09.06월 이후)
34711,201706,0010138,코리아에셋투자증권,F,환전업무 예치금,0,국내증권사,B,SF205,각주항목(09.06월 이후)
34712,201706,0010138,코리아에셋투자증권,G,미배당별도예치금,0,국내증권사,B,SF205,각주항목(09.06월 이후)
34713,201706,0010138,코리아에셋투자증권,H,배서어음매출(종금계정),0,국내증권사,B,SF205,각주항목(09.06월 이후)
34714,201706,0010138,코리아에셋투자증권,H1,대출채권매매이익_담보부,0,국내증권사,B,SF205,각주항목(09.06월 이후)
34715,201706,0010138,코리아에셋투자증권,H2,대출채권매매이익_무담보부,0,국내증권사,B,SF205,각주항목(09.06월 이후)
34716,201709,0010138,코리아에셋투자증권,A,채무보증,0,국내증권사,B,SF205,각주항목(09.06월 이후)
34717,201709,0010138,코리아에셋투자증권,A1,채무보증_지급보증,0,국내증권사,B,SF205,각주항목(09.06월 이후)
34718,201709,0010138,코리아에셋투자증권,A2,채무보증_매입보장약정,0,국내증권사,B,SF205,각주항목(09.06월 이후)
34719,201709,0010138,코리아에셋투자증권,A3,채무보증_채무인수약정,0,국내증권사,B,SF205,각주항목(09.06월 이후)
34720,201709,0010138,코리아에셋투자증권,A5,채무보증_매입확약,0,국내증권사,B,SF205,각주항목(09.06월 이후)
34721,201709,0010138,코리아에셋투자증권,A6,채무보증_기타,0,국내증권사,B,SF205,각주항목(09.06월 이후)
34722,201709,0010138,코리아에셋투자증권,B,투자자의 예수증권 등,1916871209780,국내증권사,B,SF205,각주항목(09.06월 이후)
34723,201709,0010138,코리아에셋투자증권,B1,투자자의 예수증권 등_예수 증권,1916871209780,국내증권사,B,SF205,각주항목(09.06월 이후)
34724,201709,0010138,코리아에셋투자증권,B2,투자자의 예수증권 등_예수양도성예금증서,0,국내증권사,B,SF205,각주항목(09.06월 이후)
34725,201709,0010138,코리아에셋투자증권,B3,투자자의 예수증권 등_기타,0,국내증권사,B,SF205,각주항목(09.06월 이후)
34726,201709,0010138,코리아에셋투자증권,C,파생상품계약,0,국내증권사,B,SF205,각주항목(09.06월 이후)
34727,201709,0010138,코리아에셋투자증권,C1,파생상품계약_장내파생상품,0,국내증권사,B,SF205,각주항목(09.06월 이후)
34728,201709,0010138,코리아에셋투자증권,C11,파생상품계약_장내파생상품_이자율관련거래,0,국내증권사,B,SF205,각주항목(09.06월 이후)
34729,201709,0010138,코리아에셋투자증권,C12,파생상품계약_장내파생상품_통화관련거래,0,국내증권사,B,SF205,각주항목(09.06월 이후)
34730,201709,0010138,코리아에셋투자증권,C13,파생상품계약_장내파생상품_주식관련거래,0,국내증권사,B,SF205,각주항목(09.06월 이후)
34731,201709,0010138,코리아에셋투자증권,C14,파생상품계약_장내파생상품_일반상품관련거래,0,국내증권사,B,SF205,각주항목(09.06월 이후)
34732,201709,0010138,코리아에셋투자증권,C15,파생상품계약_장내파생상품_기타,0,국내증권사,B,SF205,각주항목(09.06월 이후)
34733,201709,0010138,코리아에셋투자증권,C2,파생상품계약_장외파생상품,0,국내증권사,B,SF205,각주항목(09.06월 이후)
34734,201709,0010138,코리아에셋투자증권,C21,파생상품계약_장외파생상품_이자율관련거래,0,국내증권사,B,SF205,각주항목(09.06월 이후)
34735,201709,0010138,코리아에셋투자증권,C22,파생상품계약_장외파생상품_통화관련거래,0,국내증권사,B,SF205,각주항목(09.06월 이후)
34736,201709,0010138,코리아에셋투자증권,C23,파생상품계약_장외파생상품_주식관련거래,0,국내증권사,B,SF205,각주항목(09.06월 이후)
34737,201709,0010138,코리아에셋투자증권,C24,파생상품계약_장외파생상품_신용관련거래,0,국내증권사,B,SF205,각주항목(09.06월 이후)
34738,201709,0010138,코리아에셋투자증권,C25,파생상품계약_장외파생상품_기타,0,국내증권사,B,SF205,각주항목(09.06월 이후)
34739,201709,0010138,코리아에셋투자증권,D,대차 및 대주거래,0,국내증권사,B,SF205,각주항목(09.06월 이후)
34740,201709,0010138,코리아에셋투자증권,D1,대차 및 대주거래_대여증권,0,국내증권사,B,SF205,각주항목(09.06월 이후)
34741,201709,0010138,코리아에셋투자증권,D2,대차 및 대주거래_차입증권,0,국내증권사,B,SF205,각주항목(09.06월 이후)
34742,201709,0010138,코리아에셋투자증권,D3,대차 및 대주거래_신용거래대주,0,국내증권사,B,SF205,각주항목(09.06월 이후)
34743,201709,0010138,코리아에셋투자증권,E,대손상각채권,0,국내증권사,B,SF205,각주항목(09.06월 이후)
34744,201709,0010138,코리아에셋투자증권,F,환전업무 예치금,0,국내증권사,B,SF205,각주항목(09.06월 이후)
34745,201709,0010138,코리아에셋투자증권,G,미배당별도예치금,0,국내증권사,B,SF205,각주항목(09.06월 이후)
34746,201709,0010138,코리아에셋투자증권,H,배서어음매출(종금계정),0,국내증권사,B,SF205,각주항목(09.06월 이후)
34747,201709,0010138,코리아에셋투자증권,H1,대출채권매매이익_담보부,0,국내증권사,B,SF205,각주항목(09.06월 이후)
34748,201709,0010138,코리아에셋투자증권,H2,대출채권매매이익_무담보부,0,국내증권사,B,SF205,각주항목(09.06월 이후)
34749,201712,0010138,코리아에셋투자증권,A,채무보증,0,국내증권사,B,SF205,각주항목(09.06월 이후)
34750,201712,0010138,코리아에셋투자증권,A1,채무보증_지급보증,0,국내증권사,B,SF205,각주항목(09.06월 이후)
34751,201712,0010138,코리아에셋투자증권,A2,채무보증_매입보장약정,0,국내증권사,B,SF205,각주항목(09.06월 이후)
34752,201712,0010138,코리아에셋투자증권,A3,채무보증_채무인수약정,0,국내증권사,B,SF205,각주항목(09.06월 이후)
34753,201712,0010138,코리아에셋투자증권,A5,채무보증_매입확약,0,국내증권사,B,SF205,각주항목(09.06월 이후)
34754,201712,0010138,코리아에셋투자증권,A6,채무보증_기타,0,국내증권사,B,SF205,각주항목(09.06월 이후)
34755,201712,0010138,코리아에셋투자증권,B,투자자의 예수증권 등,1802662239835,국내증권사,B,SF205,각주항목(09.06월 이후)
34756,201712,0010138,코리아에셋투자증권,B1,투자자의 예수증권 등_예수 증권,1802662239835,국내증권사,B,SF205,각주항목(09.06월 이후)
34757,201712,0010138,코리아에셋투자증권,B2,투자자의 예수증권 등_예수양도성예금증서,0,국내증권사,B,SF205,각주항목(09.06월 이후)
34758,201712,0010138,코리아에셋투자증권,B3,투자자의 예수증권 등_기타,0,국내증권사,B,SF205,각주항목(09.06월 이후)
34759,201712,0010138,코리아에셋투자증권,C,파생상품계약,0,국내증권사,B,SF205,각주항목(09.06월 이후)
34760,201712,0010138,코리아에셋투자증권,C1,파생상품계약_장내파생상품,0,국내증권사,B,SF205,각주항목(09.06월 이후)
34761,201712,0010138,코리아에셋투자증권,C11,파생상품계약_장내파생상품_이자율관련거래,0,국내증권사,B,SF205,각주항목(09.06월 이후)
34762,201712,0010138,코리아에셋투자증권,C12,파생상품계약_장내파생상품_통화관련거래,0,국내증권사,B,SF205,각주항목(09.06월 이후)
34763,201712,0010138,코리아에셋투자증권,C13,파생상품계약_장내파생상품_주식관련거래,0,국내증권사,B,SF205,각주항목(09.06월 이후)
34764,201712,0010138,코리아에셋투자증권,C14,파생상품계약_장내파생상품_일반상품관련거래,0,국내증권사,B,SF205,각주항목(09.06월 이후)
34765,201712,0010138,코리아에셋투자증권,C15,파생상품계약_장내파생상품_기타,0,국내증권사,B,SF205,각주항목(09.06월 이후)
34766,201712,0010138,코리아에셋투자증권,C2,파생상품계약_장외파생상품,0,국내증권사,B,SF205,각주항목(09.06월 이후)
34767,201712,0010138,코리아에셋투자증권,C21,파생상품계약_장외파생상품_이자율관련거래,0,국내증권사,B,SF205,각주항목(09.06월 이후)
34768,201712,0010138,코리아에셋투자증권,C22,파생상품계약_장외파생상품_통화관련거래,0,국내증권사,B,SF205,각주항목(09.06월 이후)
34769,201712,0010138,코리아에셋투자증권,C23,파생상품계약_장외파생상품_주식관련거래,0,국내증권사,B,SF205,각주항목(09.06월 이후)
34770,201712,0010138,코리아에셋투자증권,C24,파생상품계약_장외파생상품_신용관련거래,0,국내증권사,B,SF205,각주항목(09.06월 이후)
34771,201712,0010138,코리아에셋투자증권,C25,파생상품계약_장외파생상품_기타,0,국내증권사,B,SF205,각주항목(09.06월 이후)
34772,201712,0010138,코리아에셋투자증권,D,대차 및 대주거래,0,국내증권사,B,SF205,각주항목(09.06월 이후)
34773,201712,0010138,코리아에셋투자증권,D1,대차 및 대주거래_대여증권,0,국내증권사,B,SF205,각주항목(09.06월 이후)
34774,201712,0010138,코리아에셋투자증권,D2,대차 및 대주거래_차입증권,0,국내증권사,B,SF205,각주항목(09.06월 이후)
34775,201712,0010138,코리아에셋투자증권,D3,대차 및 대주거래_신용거래대주,0,국내증권사,B,SF205,각주항목(09.06월 이후)
34776,201712,0010138,코리아에셋투자증권,E,대손상각채권,0,국내증권사,B,SF205,각주항목(09.06월 이후)
34777,201712,0010138,코리아에셋투자증권,F,환전업무 예치금,0,국내증권사,B,SF205,각주항목(09.06월 이후)
34778,201712,0010138,코리아에셋투자증권,G,미배당별도예치금,0,국내증권사,B,SF205,각주항목(09.06월 이후)
34779,201712,0010138,코리아에셋투자증권,H,배서어음매출(종금계정),0,국내증권사,B,SF205,각주항목(09.06월 이후)
34780,201712,0010138,코리아에셋투자증권,H1,대출채권매매이익_담보부,0,국내증권사,B,SF205,각주항목(09.06월 이후)
34781,201712,0010138,코리아에셋투자증권,H2,대출채권매매이익_무담보부,0,국내증권사,B,SF205,각주항목(09.06월 이후)
34782,201803,0010138,코리아에셋투자증권,A,채무보증,0,국내증권사,B,SF205,각주항목(09.06월 이후)
34783,201803,0010138,코리아에셋투자증권,A1,채무보증_지급보증,0,국내증권사,B,SF205,각주항목(09.06월 이후)
34784,201803,0010138,코리아에셋투자증권,A2,채무보증_매입보장약정,0,국내증권사,B,SF205,각주항목(09.06월 이후)
34785,201803,0010138,코리아에셋투자증권,A3,채무보증_채무인수약정,0,국내증권사,B,SF205,각주항목(09.06월 이후)
34786,201803,0010138,코리아에셋투자증권,A5,채무보증_매입확약,0,국내증권사,B,SF205,각주항목(09.06월 이후)
34787,201803,0010138,코리아에셋투자증권,A6,채무보증_기타,0,국내증권사,B,SF205,각주항목(09.06월 이후)
34788,201803,0010138,코리아에셋투자증권,B,투자자의 예수증권 등,1883030391340,국내증권사,B,SF205,각주항목(09.06월 이후)
34789,201803,0010138,코리아에셋투자증권,B1,투자자의 예수증권 등_예수 증권,1883030391340,국내증권사,B,SF205,각주항목(09.06월 이후)
34790,201803,0010138,코리아에셋투자증권,B2,투자자의 예수증권 등_예수양도성예금증서,0,국내증권사,B,SF205,각주항목(09.06월 이후)
34791,201803,0010138,코리아에셋투자증권,B3,투자자의 예수증권 등_기타,0,국내증권사,B,SF205,각주항목(09.06월 이후)
34792,201803,0010138,코리아에셋투자증권,C,파생상품계약,0,국내증권사,B,SF205,각주항목(09.06월 이후)
34793,201803,0010138,코리아에셋투자증권,C1,파생상품계약_장내파생상품,0,국내증권사,B,SF205,각주항목(09.06월 이후)
34794,201803,0010138,코리아에셋투자증권,C11,파생상품계약_장내파생상품_이자율관련거래,0,국내증권사,B,SF205,각주항목(09.06월 이후)
34795,201803,0010138,코리아에셋투자증권,C12,파생상품계약_장내파생상품_통화관련거래,0,국내증권사,B,SF205,각주항목(09.06월 이후)
34796,201803,0010138,코리아에셋투자증권,C13,파생상품계약_장내파생상품_주식관련거래,0,국내증권사,B,SF205,각주항목(09.06월 이후)
34797,201803,0010138,코리아에셋투자증권,C14,파생상품계약_장내파생상품_일반상품관련거래,0,국내증권사,B,SF205,각주항목(09.06월 이후)
34798,201803,0010138,코리아에셋투자증권,C15,파생상품계약_장내파생상품_기타,0,국내증권사,B,SF205,각주항목(09.06월 이후)
34799,201803,0010138,코리아에셋투자증권,C2,파생상품계약_장외파생상품,0,국내증권사,B,SF205,각주항목(09.06월 이후)
34800,201803,0010138,코리아에셋투자증권,C21,파생상품계약_장외파생상품_이자율관련거래,0,국내증권사,B,SF205,각주항목(09.06월 이후)
34801,201803,0010138,코리아에셋투자증권,C22,파생상품계약_장외파생상품_통화관련거래,0,국내증권사,B,SF205,각주항목(09.06월 이후)
34802,201803,0010138,코리아에셋투자증권,C23,파생상품계약_장외파생상품_주식관련거래,0,국내증권사,B,SF205,각주항목(09.06월 이후)
34803,201803,0010138,코리아에셋투자증권,C24,파생상품계약_장외파생상품_신용관련거래,0,국내증권사,B,SF205,각주항목(09.06월 이후)
34804,201803,0010138,코리아에셋투자증권,C25,파생상품계약_장외파생상품_기타,0,국내증권사,B,SF205,각주항목(09.06월 이후)
34805,201803,0010138,코리아에셋투자증권,D,대차 및 대주거래,0,국내증권사,B,SF205,각주항목(09.06월 이후)
34806,201803,0010138,코리아에셋투자증권,D1,대차 및 대주거래_대여증권,0,국내증권사,B,SF205,각주항목(09.06월 이후)
34807,201803,0010138,코리아에셋투자증권,D2,대차 및 대주거래_차입증권,0,국내증권사,B,SF205,각주항목(09.06월 이후)
34808,201803,0010138,코리아에셋투자증권,D3,대차 및 대주거래_신용거래대주,0,국내증권사,B,SF205,각주항목(09.06월 이후)
34809,201803,0010138,코리아에셋투자증권,E,대손상각채권,0,국내증권사,B,SF205,각주항목(09.06월 이후)
34810,201803,0010138,코리아에셋투자증권,F,환전업무 예치금,0,국내증권사,B,SF205,각주항목(09.06월 이후)
34811,201803,0010138,코리아에셋투자증권,G,미배당별도예치금,0,국내증권사,B,SF205,각주항목(09.06월 이후)
34812,201803,0010138,코리아에셋투자증권,H,배서어음매출(종금계정),0,국내증권사,B,SF205,각주항목(09.06월 이후)
34813,201803,0010138,코리아에셋투자증권,H1,대출채권매매이익_담보부,0,국내증권사,B,SF205,각주항목(09.06월 이후)
34814,201803,0010138,코리아에셋투자증권,H2,대출채권매매이익_무담보부,0,국내증권사,B,SF205,각주항목(09.06월 이후)
34815,201806,0010138,코리아에셋투자증권,A,채무보증,0,국내증권사,B,SF205,각주항목(09.06월 이후)
34816,201806,0010138,코리아에셋투자증권,A1,채무보증_지급보증,0,국내증권사,B,SF205,각주항목(09.06월 이후)
34817,201806,0010138,코리아에셋투자증권,A2,채무보증_매입보장약정,0,국내증권사,B,SF205,각주항목(09.06월 이후)
34818,201806,0010138,코리아에셋투자증권,A3,채무보증_채무인수약정,0,국내증권사,B,SF205,각주항목(09.06월 이후)
34819,201806,0010138,코리아에셋투자증권,A5,채무보증_매입확약,0,국내증권사,B,SF205,각주항목(09.06월 이후)
34820,201806,0010138,코리아에셋투자증권,A6,채무보증_기타,0,국내증권사,B,SF205,각주항목(09.06월 이후)
34821,201806,0010138,코리아에셋투자증권,B,투자자의 예수증권 등,1845477820807,국내증권사,B,SF205,각주항목(09.06월 이후)
34822,201806,0010138,코리아에셋투자증권,B1,투자자의 예수증권 등_예수 증권,1845477820807,국내증권사,B,SF205,각주항목(09.06월 이후)
34823,201806,0010138,코리아에셋투자증권,B2,투자자의 예수증권 등_예수양도성예금증서,0,국내증권사,B,SF205,각주항목(09.06월 이후)
34824,201806,0010138,코리아에셋투자증권,B3,투자자의 예수증권 등_기타,0,국내증권사,B,SF205,각주항목(09.06월 이후)
34825,201806,0010138,코리아에셋투자증권,C,파생상품계약,0,국내증권사,B,SF205,각주항목(09.06월 이후)
34826,201806,0010138,코리아에셋투자증권,C1,파생상품계약_장내파생상품,0,국내증권사,B,SF205,각주항목(09.06월 이후)
34827,201806,0010138,코리아에셋투자증권,C11,파생상품계약_장내파생상품_이자율관련거래,0,국내증권사,B,SF205,각주항목(09.06월 이후)
34828,201806,0010138,코리아에셋투자증권,C12,파생상품계약_장내파생상품_통화관련거래,0,국내증권사,B,SF205,각주항목(09.06월 이후)
34829,201806,0010138,코리아에셋투자증권,C13,파생상품계약_장내파생상품_주식관련거래,0,국내증권사,B,SF205,각주항목(09.06월 이후)
34830,201806,0010138,코리아에셋투자증권,C14,파생상품계약_장내파생상품_일반상품관련거래,0,국내증권사,B,SF205,각주항목(09.06월 이후)
34831,201806,0010138,코리아에셋투자증권,C15,파생상품계약_장내파생상품_기타,0,국내증권사,B,SF205,각주항목(09.06월 이후)
34832,201806,0010138,코리아에셋투자증권,C2,파생상품계약_장외파생상품,0,국내증권사,B,SF205,각주항목(09.06월 이후)
34833,201806,0010138,코리아에셋투자증권,C21,파생상품계약_장외파생상품_이자율관련거래,0,국내증권사,B,SF205,각주항목(09.06월 이후)
34834,201806,0010138,코리아에셋투자증권,C22,파생상품계약_장외파생상품_통화관련거래,0,국내증권사,B,SF205,각주항목(09.06월 이후)
34835,201806,0010138,코리아에셋투자증권,C23,파생상품계약_장외파생상품_주식관련거래,0,국내증권사,B,SF205,각주항목(09.06월 이후)
34836,201806,0010138,코리아에셋투자증권,C24,파생상품계약_장외파생상품_신용관련거래,0,국내증권사,B,SF205,각주항목(09.06월 이후)
34837,201806,0010138,코리아에셋투자증권,C25,파생상품계약_장외파생상품_기타,0,국내증권사,B,SF205,각주항목(09.06월 이후)
34838,201806,0010138,코리아에셋투자증권,D,대차 및 대주거래,0,국내증권사,B,SF205,각주항목(09.06월 이후)
34839,201806,0010138,코리아에셋투자증권,D1,대차 및 대주거래_대여증권,0,국내증권사,B,SF205,각주항목(09.06월 이후)
34840,201806,0010138,코리아에셋투자증권,D2,대차 및 대주거래_차입증권,0,국내증권사,B,SF205,각주항목(09.06월 이후)
34841,201806,0010138,코리아에셋투자증권,D3,대차 및 대주거래_신용거래대주,0,국내증권사,B,SF205,각주항목(09.06월 이후)
34842,201806,0010138,코리아에셋투자증권,E,대손상각채권,0,국내증권사,B,SF205,각주항목(09.06월 이후)
34843,201806,0010138,코리아에셋투자증권,F,환전업무 예치금,0,국내증권사,B,SF205,각주항목(09.06월 이후)
34844,201806,0010138,코리아에셋투자증권,G,미배당별도예치금,0,국내증권사,B,SF205,각주항목(09.06월 이후)
34845,201806,0010138,코리아에셋투자증권,H,배서어음매출(종금계정),0,국내증권사,B,SF205,각주항목(09.06월 이후)
34846,201806,0010138,코리아에셋투자증권,H1,대출채권매매이익_담보부,0,국내증권사,B,SF205,각주항목(09.06월 이후)
34847,201806,0010138,코리아에셋투자증권,H2,대출채권매매이익_무담보부,0,국내증권사,B,SF205,각주항목(09.06월 이후)
34848,201809,0010138,코리아에셋투자증권,A,채무보증,0,국내증권사,B,SF205,각주항목(09.06월 이후)
34849,201809,0010138,코리아에셋투자증권,A1,채무보증_지급보증,0,국내증권사,B,SF205,각주항목(09.06월 이후)
34850,201809,0010138,코리아에셋투자증권,A2,채무보증_매입보장약정,0,국내증권사,B,SF205,각주항목(09.06월 이후)
34851,201809,0010138,코리아에셋투자증권,A3,채무보증_채무인수약정,0,국내증권사,B,SF205,각주항목(09.06월 이후)
34852,201809,0010138,코리아에셋투자증권,A5,채무보증_매입확약,0,국내증권사,B,SF205,각주항목(09.06월 이후)
34853,201809,0010138,코리아에셋투자증권,A6,채무보증_기타,0,국내증권사,B,SF205,각주항목(09.06월 이후)
34854,201809,0010138,코리아에셋투자증권,B,투자자의 예수증권 등,1741827929722,국내증권사,B,SF205,각주항목(09.06월 이후)
34855,201809,0010138,코리아에셋투자증권,B1,투자자의 예수증권 등_예수 증권,1741827929722,국내증권사,B,SF205,각주항목(09.06월 이후)
34856,201809,0010138,코리아에셋투자증권,B2,투자자의 예수증권 등_예수양도성예금증서,0,국내증권사,B,SF205,각주항목(09.06월 이후)
34857,201809,0010138,코리아에셋투자증권,B3,투자자의 예수증권 등_기타,0,국내증권사,B,SF205,각주항목(09.06월 이후)
34858,201809,0010138,코리아에셋투자증권,C,파생상품계약,0,국내증권사,B,SF205,각주항목(09.06월 이후)
34859,201809,0010138,코리아에셋투자증권,C1,파생상품계약_장내파생상품,0,국내증권사,B,SF205,각주항목(09.06월 이후)
34860,201809,0010138,코리아에셋투자증권,C11,파생상품계약_장내파생상품_이자율관련거래,0,국내증권사,B,SF205,각주항목(09.06월 이후)
34861,201809,0010138,코리아에셋투자증권,C12,파생상품계약_장내파생상품_통화관련거래,0,국내증권사,B,SF205,각주항목(09.06월 이후)
34862,201809,0010138,코리아에셋투자증권,C13,파생상품계약_장내파생상품_주식관련거래,0,국내증권사,B,SF205,각주항목(09.06월 이후)
34863,201809,0010138,코리아에셋투자증권,C14,파생상품계약_장내파생상품_일반상품관련거래,0,국내증권사,B,SF205,각주항목(09.06월 이후)
34864,201809,0010138,코리아에셋투자증권,C15,파생상품계약_장내파생상품_기타,0,국내증권사,B,SF205,각주항목(09.06월 이후)
34865,201809,0010138,코리아에셋투자증권,C2,파생상품계약_장외파생상품,0,국내증권사,B,SF205,각주항목(09.06월 이후)
34866,201809,0010138,코리아에셋투자증권,C21,파생상품계약_장외파생상품_이자율관련거래,0,국내증권사,B,SF205,각주항목(09.06월 이후)
34867,201809,0010138,코리아에셋투자증권,C22,파생상품계약_장외파생상품_통화관련거래,0,국내증권사,B,SF205,각주항목(09.06월 이후)
34868,201809,0010138,코리아에셋투자증권,C23,파생상품계약_장외파생상품_주식관련거래,0,국내증권사,B,SF205,각주항목(09.06월 이후)
34869,201809,0010138,코리아에셋투자증권,C24,파생상품계약_장외파생상품_신용관련거래,0,국내증권사,B,SF205,각주항목(09.06월 이후)
34870,201809,0010138,코리아에셋투자증권,C25,파생상품계약_장외파생상품_기타,0,국내증권사,B,SF205,각주항목(09.06월 이후)
34871,201809,0010138,코리아에셋투자증권,D,대차 및 대주거래,0,국내증권사,B,SF205,각주항목(09.06월 이후)
34872,201809,0010138,코리아에셋투자증권,D1,대차 및 대주거래_대여증권,0,국내증권사,B,SF205,각주항목(09.06월 이후)
34873,201809,0010138,코리아에셋투자증권,D2,대차 및 대주거래_차입증권,0,국내증권사,B,SF205,각주항목(09.06월 이후)
34874,201809,0010138,코리아에셋투자증권,D3,대차 및 대주거래_신용거래대주,0,국내증권사,B,SF205,각주항목(09.06월 이후)
34875,201809,0010138,코리아에셋투자증권,E,대손상각채권,0,국내증권사,B,SF205,각주항목(09.06월 이후)
34876,201809,0010138,코리아에셋투자증권,F,환전업무 예치금,0,국내증권사,B,SF205,각주항목(09.06월 이후)
34877,201809,0010138,코리아에셋투자증권,G,미배당별도예치금,0,국내증권사,B,SF205,각주항목(09.06월 이후)
34878,201809,0010138,코리아에셋투자증권,H,배서어음매출(종금계정),0,국내증권사,B,SF205,각주항목(09.06월 이후)
34879,201809,0010138,코리아에셋투자증권,H1,대출채권매매이익_담보부,0,국내증권사,B,SF205,각주항목(09.06월 이후)
34880,201809,0010138,코리아에셋투자증권,H2,대출채권매매이익_무담보부,0,국내증권사,B,SF205,각주항목(09.06월 이후)
34881,201812,0010138,코리아에셋투자증권,A,채무보증,0,국내증권사,B,SF205,각주항목(09.06월 이후)
34882,201812,0010138,코리아에셋투자증권,A1,채무보증_지급보증,0,국내증권사,B,SF205,각주항목(09.06월 이후)
34883,201812,0010138,코리아에셋투자증권,A2,채무보증_매입보장약정,0,국내증권사,B,SF205,각주항목(09.06월 이후)
34884,201812,0010138,코리아에셋투자증권,A3,채무보증_채무인수약정,0,국내증권사,B,SF205,각주항목(09.06월 이후)
34885,201812,0010138,코리아에셋투자증권,A5,채무보증_매입확약,0,국내증권사,B,SF205,각주항목(09.06월 이후)
34886,201812,0010138,코리아에셋투자증권,A6,채무보증_기타,0,국내증권사,B,SF205,각주항목(09.06월 이후)
34887,201812,0010138,코리아에셋투자증권,B,투자자의 예수증권 등,1961737250308,국내증권사,B,SF205,각주항목(09.06월 이후)
34888,201812,0010138,코리아에셋투자증권,B1,투자자의 예수증권 등_예수 증권,1961737250308,국내증권사,B,SF205,각주항목(09.06월 이후)
34889,201812,0010138,코리아에셋투자증권,B2,투자자의 예수증권 등_예수양도성예금증서,0,국내증권사,B,SF205,각주항목(09.06월 이후)
34890,201812,0010138,코리아에셋투자증권,B3,투자자의 예수증권 등_기타,0,국내증권사,B,SF205,각주항목(09.06월 이후)
34891,201812,0010138,코리아에셋투자증권,C,파생상품계약,0,국내증권사,B,SF205,각주항목(09.06월 이후)
34892,201812,0010138,코리아에셋투자증권,C1,파생상품계약_장내파생상품,0,국내증권사,B,SF205,각주항목(09.06월 이후)
34893,201812,0010138,코리아에셋투자증권,C11,파생상품계약_장내파생상품_이자율관련거래,0,국내증권사,B,SF205,각주항목(09.06월 이후)
34894,201812,0010138,코리아에셋투자증권,C12,파생상품계약_장내파생상품_통화관련거래,0,국내증권사,B,SF205,각주항목(09.06월 이후)
34895,201812,0010138,코리아에셋투자증권,C13,파생상품계약_장내파생상품_주식관련거래,0,국내증권사,B,SF205,각주항목(09.06월 이후)
34896,201812,0010138,코리아에셋투자증권,C14,파생상품계약_장내파생상품_일반상품관련거래,0,국내증권사,B,SF205,각주항목(09.06월 이후)
34897,201812,0010138,코리아에셋투자증권,C15,파생상품계약_장내파생상품_기타,0,국내증권사,B,SF205,각주항목(09.06월 이후)
34898,201812,0010138,코리아에셋투자증권,C2,파생상품계약_장외파생상품,0,국내증권사,B,SF205,각주항목(09.06월 이후)
34899,201812,0010138,코리아에셋투자증권,C21,파생상품계약_장외파생상품_이자율관련거래,0,국내증권사,B,SF205,각주항목(09.06월 이후)
34900,201812,0010138,코리아에셋투자증권,C22,파생상품계약_장외파생상품_통화관련거래,0,국내증권사,B,SF205,각주항목(09.06월 이후)
34901,201812,0010138,코리아에셋투자증권,C23,파생상품계약_장외파생상품_주식관련거래,0,국내증권사,B,SF205,각주항목(09.06월 이후)
34902,201812,0010138,코리아에셋투자증권,C24,파생상품계약_장외파생상품_신용관련거래,0,국내증권사,B,SF205,각주항목(09.06월 이후)
34903,201812,0010138,코리아에셋투자증권,C25,파생상품계약_장외파생상품_기타,0,국내증권사,B,SF205,각주항목(09.06월 이후)
34904,201812,0010138,코리아에셋투자증권,D,대차 및 대주거래,0,국내증권사,B,SF205,각주항목(09.06월 이후)
34905,201812,0010138,코리아에셋투자증권,D1,대차 및 대주거래_대여증권,0,국내증권사,B,SF205,각주항목(09.06월 이후)
34906,201812,0010138,코리아에셋투자증권,D2,대차 및 대주거래_차입증권,0,국내증권사,B,SF205,각주항목(09.06월 이후)
34907,201812,0010138,코리아에셋투자증권,D3,대차 및 대주거래_신용거래대주,0,국내증권사,B,SF205,각주항목(09.06월 이후)
34908,201812,0010138,코리아에셋투자증권,E,대손상각채권,0,국내증권사,B,SF205,각주항목(09.06월 이후)
34909,201812,0010138,코리아에셋투자증권,F,환전업무 예치금,0,국내증권사,B,SF205,각주항목(09.06월 이후)
34910,201812,0010138,코리아에셋투자증권,G,미배당별도예치금,0,국내증권사,B,SF205,각주항목(09.06월 이후)
34911,201812,0010138,코리아에셋투자증권,H,배서어음매출(종금계정),0,국내증권사,B,SF205,각주항목(09.06월 이후)
34912,201812,0010138,코리아에셋투자증권,H1,대출채권매매이익_담보부,0,국내증권사,B,SF205,각주항목(09.06월 이후)
34913,201812,0010138,코리아에셋투자증권,H2,대출채권매매이익_무담보부,0,국내증권사,B,SF205,각주항목(09.06월 이후)
34914,201903,0010138,코리아에셋투자증권,A,채무보증,0,국내증권사,B,SF205,각주항목(09.06월 이후)
34915,201903,0010138,코리아에셋투자증권,A1,채무보증_지급보증,0,국내증권사,B,SF205,각주항목(09.06월 이후)
34916,201903,0010138,코리아에셋투자증권,A2,채무보증_매입보장약정,0,국내증권사,B,SF205,각주항목(09.06월 이후)
34917,201903,0010138,코리아에셋투자증권,A3,채무보증_채무인수약정,0,국내증권사,B,SF205,각주항목(09.06월 이후)
34918,201903,0010138,코리아에셋투자증권,A5,채무보증_매입확약,0,국내증권사,B,SF205,각주항목(09.06월 이후)
34919,201903,0010138,코리아에셋투자증권,A6,채무보증_기타,0,국내증권사,B,SF205,각주항목(09.06월 이후)
34920,201903,0010138,코리아에셋투자증권,B,투자자의 예수증권 등,1959972935333,국내증권사,B,SF205,각주항목(09.06월 이후)
34921,201903,0010138,코리아에셋투자증권,B1,투자자의 예수증권 등_예수 증권,1959972935333,국내증권사,B,SF205,각주항목(09.06월 이후)
34922,201903,0010138,코리아에셋투자증권,B2,투자자의 예수증권 등_예수양도성예금증서,0,국내증권사,B,SF205,각주항목(09.06월 이후)
34923,201903,0010138,코리아에셋투자증권,B3,투자자의 예수증권 등_기타,0,국내증권사,B,SF205,각주항목(09.06월 이후)
34924,201903,0010138,코리아에셋투자증권,C,파생상품계약,0,국내증권사,B,SF205,각주항목(09.06월 이후)
34925,201903,0010138,코리아에셋투자증권,C1,파생상품계약_장내파생상품,0,국내증권사,B,SF205,각주항목(09.06월 이후)
34926,201903,0010138,코리아에셋투자증권,C11,파생상품계약_장내파생상품_이자율관련거래,0,국내증권사,B,SF205,각주항목(09.06월 이후)
34927,201903,0010138,코리아에셋투자증권,C12,파생상품계약_장내파생상품_통화관련거래,0,국내증권사,B,SF205,각주항목(09.06월 이후)
34928,201903,0010138,코리아에셋투자증권,C13,파생상품계약_장내파생상품_주식관련거래,0,국내증권사,B,SF205,각주항목(09.06월 이후)
34929,201903,0010138,코리아에셋투자증권,C14,파생상품계약_장내파생상품_일반상품관련거래,0,국내증권사,B,SF205,각주항목(09.06월 이후)
34930,201903,0010138,코리아에셋투자증권,C15,파생상품계약_장내파생상품_기타,0,국내증권사,B,SF205,각주항목(09.06월 이후)
34931,201903,0010138,코리아에셋투자증권,C2,파생상품계약_장외파생상품,0,국내증권사,B,SF205,각주항목(09.06월 이후)
34932,201903,0010138,코리아에셋투자증권,C21,파생상품계약_장외파생상품_이자율관련거래,0,국내증권사,B,SF205,각주항목(09.06월 이후)
34933,201903,0010138,코리아에셋투자증권,C22,파생상품계약_장외파생상품_통화관련거래,0,국내증권사,B,SF205,각주항목(09.06월 이후)
34934,201903,0010138,코리아에셋투자증권,C23,파생상품계약_장외파생상품_주식관련거래,0,국내증권사,B,SF205,각주항목(09.06월 이후)
34935,201903,0010138,코리아에셋투자증권,C24,파생상품계약_장외파생상품_신용관련거래,0,국내증권사,B,SF205,각주항목(09.06월 이후)
34936,201903,0010138,코리아에셋투자증권,C25,파생상품계약_장외파생상품_기타,0,국내증권사,B,SF205,각주항목(09.06월 이후)
34937,201903,0010138,코리아에셋투자증권,D,대차 및 대주거래,0,국내증권사,B,SF205,각주항목(09.06월 이후)
34938,201903,0010138,코리아에셋투자증권,D1,대차 및 대주거래_대여증권,0,국내증권사,B,SF205,각주항목(09.06월 이후)
34939,201903,0010138,코리아에셋투자증권,D2,대차 및 대주거래_차입증권,0,국내증권사,B,SF205,각주항목(09.06월 이후)
34940,201903,0010138,코리아에셋투자증권,D3,대차 및 대주거래_신용거래대주,0,국내증권사,B,SF205,각주항목(09.06월 이후)
34941,201903,0010138,코리아에셋투자증권,E,대손상각채권,0,국내증권사,B,SF205,각주항목(09.06월 이후)
34942,201903,0010138,코리아에셋투자증권,F,환전업무 예치금,0,국내증권사,B,SF205,각주항목(09.06월 이후)
34943,201903,0010138,코리아에셋투자증권,G,미배당별도예치금,0,국내증권사,B,SF205,각주항목(09.06월 이후)
34944,201903,0010138,코리아에셋투자증권,H,배서어음매출(종금계정),0,국내증권사,B,SF205,각주항목(09.06월 이후)
34945,201903,0010138,코리아에셋투자증권,H1,대출채권매매이익_담보부,0,국내증권사,B,SF205,각주항목(09.06월 이후)
34946,201903,0010138,코리아에셋투자증권,H2,대출채권매매이익_무담보부,0,국내증권사,B,SF205,각주항목(09.06월 이후)
34947,201906,0010138,코리아에셋투자증권,A,채무보증,0,국내증권사,B,SF205,각주항목(09.06월 이후)
34948,201906,0010138,코리아에셋투자증권,A1,채무보증_지급보증,0,국내증권사,B,SF205,각주항목(09.06월 이후)
34949,201906,0010138,코리아에셋투자증권,A2,채무보증_매입보장약정,0,국내증권사,B,SF205,각주항목(09.06월 이후)
34950,201906,0010138,코리아에셋투자증권,A3,채무보증_채무인수약정,0,국내증권사,B,SF205,각주항목(09.06월 이후)
34951,201906,0010138,코리아에셋투자증권,A5,채무보증_매입확약,0,국내증권사,B,SF205,각주항목(09.06월 이후)
34952,201906,0010138,코리아에셋투자증권,A6,채무보증_기타,0,국내증권사,B,SF205,각주항목(09.06월 이후)
34953,201906,0010138,코리아에셋투자증권,B,투자자의 예수증권 등,2246945358325,국내증권사,B,SF205,각주항목(09.06월 이후)
34954,201906,0010138,코리아에셋투자증권,B1,투자자의 예수증권 등_예수 증권,2246945358325,국내증권사,B,SF205,각주항목(09.06월 이후)
34955,201906,0010138,코리아에셋투자증권,B2,투자자의 예수증권 등_예수양도성예금증서,0,국내증권사,B,SF205,각주항목(09.06월 이후)
34956,201906,0010138,코리아에셋투자증권,B3,투자자의 예수증권 등_기타,0,국내증권사,B,SF205,각주항목(09.06월 이후)
34957,201906,0010138,코리아에셋투자증권,C,파생상품계약,0,국내증권사,B,SF205,각주항목(09.06월 이후)
34958,201906,0010138,코리아에셋투자증권,C1,파생상품계약_장내파생상품,0,국내증권사,B,SF205,각주항목(09.06월 이후)
34959,201906,0010138,코리아에셋투자증권,C11,파생상품계약_장내파생상품_이자율관련거래,0,국내증권사,B,SF205,각주항목(09.06월 이후)
34960,201906,0010138,코리아에셋투자증권,C12,파생상품계약_장내파생상품_통화관련거래,0,국내증권사,B,SF205,각주항목(09.06월 이후)
34961,201906,0010138,코리아에셋투자증권,C13,파생상품계약_장내파생상품_주식관련거래,0,국내증권사,B,SF205,각주항목(09.06월 이후)
34962,201906,0010138,코리아에셋투자증권,C14,파생상품계약_장내파생상품_일반상품관련거래,0,국내증권사,B,SF205,각주항목(09.06월 이후)
34963,201906,0010138,코리아에셋투자증권,C15,파생상품계약_장내파생상품_기타,0,국내증권사,B,SF205,각주항목(09.06월 이후)
34964,201906,0010138,코리아에셋투자증권,C2,파생상품계약_장외파생상품,0,국내증권사,B,SF205,각주항목(09.06월 이후)
34965,201906,0010138,코리아에셋투자증권,C21,파생상품계약_장외파생상품_이자율관련거래,0,국내증권사,B,SF205,각주항목(09.06월 이후)
34966,201906,0010138,코리아에셋투자증권,C22,파생상품계약_장외파생상품_통화관련거래,0,국내증권사,B,SF205,각주항목(09.06월 이후)
34967,201906,0010138,코리아에셋투자증권,C23,파생상품계약_장외파생상품_주식관련거래,0,국내증권사,B,SF205,각주항목(09.06월 이후)
34968,201906,0010138,코리아에셋투자증권,C24,파생상품계약_장외파생상품_신용관련거래,0,국내증권사,B,SF205,각주항목(09.06월 이후)
34969,201906,0010138,코리아에셋투자증권,C25,파생상품계약_장외파생상품_기타,0,국내증권사,B,SF205,각주항목(09.06월 이후)
34970,201906,0010138,코리아에셋투자증권,D,대차 및 대주거래,0,국내증권사,B,SF205,각주항목(09.06월 이후)
34971,201906,0010138,코리아에셋투자증권,D1,대차 및 대주거래_대여증권,0,국내증권사,B,SF205,각주항목(09.06월 이후)
34972,201906,0010138,코리아에셋투자증권,D2,대차 및 대주거래_차입증권,0,국내증권사,B,SF205,각주항목(09.06월 이후)
34973,201906,0010138,코리아에셋투자증권,D3,대차 및 대주거래_신용거래대주,0,국내증권사,B,SF205,각주항목(09.06월 이후)
34974,201906,0010138,코리아에셋투자증권,E,대손상각채권,0,국내증권사,B,SF205,각주항목(09.06월 이후)
34975,201906,0010138,코리아에셋투자증권,F,환전업무 예치금,0,국내증권사,B,SF205,각주항목(09.06월 이후)
34976,201906,0010138,코리아에셋투자증권,G,미배당별도예치금,0,국내증권사,B,SF205,각주항목(09.06월 이후)
34977,201906,0010138,코리아에셋투자증권,H,배서어음매출(종금계정),0,국내증권사,B,SF205,각주항목(09.06월 이후)
34978,201906,0010138,코리아에셋투자증권,H1,대출채권매매이익_담보부,0,국내증권사,B,SF205,각주항목(09.06월 이후)
34979,201906,0010138,코리아에셋투자증권,H2,대출채권매매이익_무담보부,0,국내증권사,B,SF205,각주항목(09.06월 이후)
34980,201909,0010138,코리아에셋투자증권,A,채무보증,0,국내증권사,B,SF205,각주항목(09.06월 이후)
34981,201909,0010138,코리아에셋투자증권,A1,채무보증_지급보증,0,국내증권사,B,SF205,각주항목(09.06월 이후)
34982,201909,0010138,코리아에셋투자증권,A2,채무보증_매입보장약정,0,국내증권사,B,SF205,각주항목(09.06월 이후)
34983,201909,0010138,코리아에셋투자증권,A3,채무보증_채무인수약정,0,국내증권사,B,SF205,각주항목(09.06월 이후)
34984,201909,0010138,코리아에셋투자증권,A5,채무보증_매입확약,0,국내증권사,B,SF205,각주항목(09.06월 이후)
34985,201909,0010138,코리아에셋투자증권,A6,채무보증_기타,0,국내증권사,B,SF205,각주항목(09.06월 이후)
34986,201909,0010138,코리아에셋투자증권,B,투자자의 예수증권 등,2249144497724,국내증권사,B,SF205,각주항목(09.06월 이후)
34987,201909,0010138,코리아에셋투자증권,B1,투자자의 예수증권 등_예수 증권,2249144497724,국내증권사,B,SF205,각주항목(09.06월 이후)
34988,201909,0010138,코리아에셋투자증권,B2,투자자의 예수증권 등_예수양도성예금증서,0,국내증권사,B,SF205,각주항목(09.06월 이후)
34989,201909,0010138,코리아에셋투자증권,B3,투자자의 예수증권 등_기타,0,국내증권사,B,SF205,각주항목(09.06월 이후)
34990,201909,0010138,코리아에셋투자증권,C,파생상품계약,0,국내증권사,B,SF205,각주항목(09.06월 이후)
34991,201909,0010138,코리아에셋투자증권,C1,파생상품계약_장내파생상품,0,국내증권사,B,SF205,각주항목(09.06월 이후)
34992,201909,0010138,코리아에셋투자증권,C11,파생상품계약_장내파생상품_이자율관련거래,0,국내증권사,B,SF205,각주항목(09.06월 이후)
34993,201909,0010138,코리아에셋투자증권,C12,파생상품계약_장내파생상품_통화관련거래,0,국내증권사,B,SF205,각주항목(09.06월 이후)
34994,201909,0010138,코리아에셋투자증권,C13,파생상품계약_장내파생상품_주식관련거래,0,국내증권사,B,SF205,각주항목(09.06월 이후)
34995,201909,0010138,코리아에셋투자증권,C14,파생상품계약_장내파생상품_일반상품관련거래,0,국내증권사,B,SF205,각주항목(09.06월 이후)
34996,201909,0010138,코리아에셋투자증권,C15,파생상품계약_장내파생상품_기타,0,국내증권사,B,SF205,각주항목(09.06월 이후)
34997,201909,0010138,코리아에셋투자증권,C2,파생상품계약_장외파생상품,0,국내증권사,B,SF205,각주항목(09.06월 이후)
34998,201909,0010138,코리아에셋투자증권,C21,파생상품계약_장외파생상품_이자율관련거래,0,국내증권사,B,SF205,각주항목(09.06월 이후)
34999,201909,0010138,코리아에셋투자증권,C22,파생상품계약_장외파생상품_통화관련거래,0,국내증권사,B,SF205,각주항목(09.06월 이후)
35000,201909,0010138,코리아에셋투자증권,C23,파생상품계약_장외파생상품_주식관련거래,0,국내증권사,B,SF205,각주항목(09.06월 이후)
35001,201909,0010138,코리아에셋투자증권,C24,파생상품계약_장외파생상품_신용관련거래,0,국내증권사,B,SF205,각주항목(09.06월 이후)
35002,201909,0010138,코리아에셋투자증권,C25,파생상품계약_장외파생상품_기타,0,국내증권사,B,SF205,각주항목(09.06월 이후)
35003,201909,0010138,코리아에셋투자증권,D,대차 및 대주거래,0,국내증권사,B,SF205,각주항목(09.06월 이후)
35004,201909,0010138,코리아에셋투자증권,D1,대차 및 대주거래_대여증권,0,국내증권사,B,SF205,각주항목(09.06월 이후)
35005,201909,0010138,코리아에셋투자증권,D2,대차 및 대주거래_차입증권,0,국내증권사,B,SF205,각주항목(09.06월 이후)
35006,201909,0010138,코리아에셋투자증권,D3,대차 및 대주거래_신용거래대주,0,국내증권사,B,SF205,각주항목(09.06월 이후)
35007,201909,0010138,코리아에셋투자증권,E,대손상각채권,0,국내증권사,B,SF205,각주항목(09.06월 이후)
35008,201909,0010138,코리아에셋투자증권,F,환전업무 예치금,0,국내증권사,B,SF205,각주항목(09.06월 이후)
35009,201909,0010138,코리아에셋투자증권,G,미배당별도예치금,0,국내증권사,B,SF205,각주항목(09.06월 이후)
35010,201909,0010138,코리아에셋투자증권,H,배서어음매출(종금계정),0,국내증권사,B,SF205,각주항목(09.06월 이후)
35011,201909,0010138,코리아에셋투자증권,H1,대출채권매매이익_담보부,0,국내증권사,B,SF205,각주항목(09.06월 이후)
35012,201909,0010138,코리아에셋투자증권,H2,대출채권매매이익_무담보부,0,국내증권사,B,SF205,각주항목(09.06월 이후)
35013,201912,0010138,코리아에셋투자증권,A,채무보증,0,국내증권사,B,SF205,각주항목(09.06월 이후)
35014,201912,0010138,코리아에셋투자증권,A1,채무보증_지급보증,0,국내증권사,B,SF205,각주항목(09.06월 이후)
35015,201912,0010138,코리아에셋투자증권,A2,채무보증_매입보장약정,0,국내증권사,B,SF205,각주항목(09.06월 이후)
35016,201912,0010138,코리아에셋투자증권,A3,채무보증_채무인수약정,0,국내증권사,B,SF205,각주항목(09.06월 이후)
35017,201912,0010138,코리아에셋투자증권,A5,채무보증_매입확약,0,국내증권사,B,SF205,각주항목(09.06월 이후)
35018,201912,0010138,코리아에셋투자증권,A6,채무보증_기타,0,국내증권사,B,SF205,각주항목(09.06월 이후)
35019,201912,0010138,코리아에셋투자증권,B,투자자의 예수증권 등,2522000795021,국내증권사,B,SF205,각주항목(09.06월 이후)
35020,201912,0010138,코리아에셋투자증권,B1,투자자의 예수증권 등_예수 증권,2522000795021,국내증권사,B,SF205,각주항목(09.06월 이후)
35021,201912,0010138,코리아에셋투자증권,B2,투자자의 예수증권 등_예수양도성예금증서,0,국내증권사,B,SF205,각주항목(09.06월 이후)
35022,201912,0010138,코리아에셋투자증권,B3,투자자의 예수증권 등_기타,0,국내증권사,B,SF205,각주항목(09.06월 이후)
35023,201912,0010138,코리아에셋투자증권,C,파생상품계약,0,국내증권사,B,SF205,각주항목(09.06월 이후)
35024,201912,0010138,코리아에셋투자증권,C1,파생상품계약_장내파생상품,0,국내증권사,B,SF205,각주항목(09.06월 이후)
35025,201912,0010138,코리아에셋투자증권,C11,파생상품계약_장내파생상품_이자율관련거래,0,국내증권사,B,SF205,각주항목(09.06월 이후)
35026,201912,0010138,코리아에셋투자증권,C12,파생상품계약_장내파생상품_통화관련거래,0,국내증권사,B,SF205,각주항목(09.06월 이후)
35027,201912,0010138,코리아에셋투자증권,C13,파생상품계약_장내파생상품_주식관련거래,0,국내증권사,B,SF205,각주항목(09.06월 이후)
35028,201912,0010138,코리아에셋투자증권,C14,파생상품계약_장내파생상품_일반상품관련거래,0,국내증권사,B,SF205,각주항목(09.06월 이후)
35029,201912,0010138,코리아에셋투자증권,C15,파생상품계약_장내파생상품_기타,0,국내증권사,B,SF205,각주항목(09.06월 이후)
35030,201912,0010138,코리아에셋투자증권,C2,파생상품계약_장외파생상품,0,국내증권사,B,SF205,각주항목(09.06월 이후)
35031,201912,0010138,코리아에셋투자증권,C21,파생상품계약_장외파생상품_이자율관련거래,0,국내증권사,B,SF205,각주항목(09.06월 이후)
35032,201912,0010138,코리아에셋투자증권,C22,파생상품계약_장외파생상품_통화관련거래,0,국내증권사,B,SF205,각주항목(09.06월 이후)
35033,201912,0010138,코리아에셋투자증권,C23,파생상품계약_장외파생상품_주식관련거래,0,국내증권사,B,SF205,각주항목(09.06월 이후)
35034,201912,0010138,코리아에셋투자증권,C24,파생상품계약_장외파생상품_신용관련거래,0,국내증권사,B,SF205,각주항목(09.06월 이후)
35035,201912,0010138,코리아에셋투자증권,C25,파생상품계약_장외파생상품_기타,0,국내증권사,B,SF205,각주항목(09.06월 이후)
35036,201912,0010138,코리아에셋투자증권,D,대차 및 대주거래,0,국내증권사,B,SF205,각주항목(09.06월 이후)
35037,201912,0010138,코리아에셋투자증권,D1,대차 및 대주거래_대여증권,0,국내증권사,B,SF205,각주항목(09.06월 이후)
35038,201912,0010138,코리아에셋투자증권,D2,대차 및 대주거래_차입증권,0,국내증권사,B,SF205,각주항목(09.06월 이후)
35039,201912,0010138,코리아에셋투자증권,D3,대차 및 대주거래_신용거래대주,0,국내증권사,B,SF205,각주항목(09.06월 이후)
35040,201912,0010138,코리아에셋투자증권,E,대손상각채권,0,국내증권사,B,SF205,각주항목(09.06월 이후)
35041,201912,0010138,코리아에셋투자증권,F,환전업무 예치금,0,국내증권사,B,SF205,각주항목(09.06월 이후)
35042,201912,0010138,코리아에셋투자증권,G,미배당별도예치금,0,국내증권사,B,SF205,각주항목(09.06월 이후)
35043,201912,0010138,코리아에셋투자증권,H,배서어음매출(종금계정),0,국내증권사,B,SF205,각주항목(09.06월 이후)
35044,201912,0010138,코리아에셋투자증권,H1,대출채권매매이익_담보부,0,국내증권사,B,SF205,각주항목(09.06월 이후)
35045,201912,0010138,코리아에셋투자증권,H2,대출채권매매이익_무담보부,0,국내증권사,B,SF205,각주항목(09.06월 이후)
35046,202003,0010138,코리아에셋투자증권,A,채무보증,0,국내증권사,B,SF205,각주항목(09.06월 이후)
35047,202003,0010138,코리아에셋투자증권,A1,채무보증_지급보증,0,국내증권사,B,SF205,각주항목(09.06월 이후)
35048,202003,0010138,코리아에셋투자증권,A2,채무보증_매입보장약정,0,국내증권사,B,SF205,각주항목(09.06월 이후)
35049,202003,0010138,코리아에셋투자증권,A3,채무보증_채무인수약정,0,국내증권사,B,SF205,각주항목(09.06월 이후)
35050,202003,0010138,코리아에셋투자증권,A5,채무보증_매입확약,0,국내증권사,B,SF205,각주항목(09.06월 이후)
35051,202003,0010138,코리아에셋투자증권,A6,채무보증_기타,0,국내증권사,B,SF205,각주항목(09.06월 이후)
35052,202003,0010138,코리아에셋투자증권,B,투자자의 예수증권 등,2345055500747,국내증권사,B,SF205,각주항목(09.06월 이후)
35053,202003,0010138,코리아에셋투자증권,B1,투자자의 예수증권 등_예수 증권,2345055500747,국내증권사,B,SF205,각주항목(09.06월 이후)
35054,202003,0010138,코리아에셋투자증권,B2,투자자의 예수증권 등_예수양도성예금증서,0,국내증권사,B,SF205,각주항목(09.06월 이후)
35055,202003,0010138,코리아에셋투자증권,B3,투자자의 예수증권 등_기타,0,국내증권사,B,SF205,각주항목(09.06월 이후)
35056,202003,0010138,코리아에셋투자증권,C,파생상품계약,0,국내증권사,B,SF205,각주항목(09.06월 이후)
35057,202003,0010138,코리아에셋투자증권,C1,파생상품계약_장내파생상품,0,국내증권사,B,SF205,각주항목(09.06월 이후)
35058,202003,0010138,코리아에셋투자증권,C11,파생상품계약_장내파생상품_이자율관련거래,0,국내증권사,B,SF205,각주항목(09.06월 이후)
35059,202003,0010138,코리아에셋투자증권,C12,파생상품계약_장내파생상품_통화관련거래,0,국내증권사,B,SF205,각주항목(09.06월 이후)
35060,202003,0010138,코리아에셋투자증권,C13,파생상품계약_장내파생상품_주식관련거래,0,국내증권사,B,SF205,각주항목(09.06월 이후)
35061,202003,0010138,코리아에셋투자증권,C14,파생상품계약_장내파생상품_일반상품관련거래,0,국내증권사,B,SF205,각주항목(09.06월 이후)
35062,202003,0010138,코리아에셋투자증권,C15,파생상품계약_장내파생상품_기타,0,국내증권사,B,SF205,각주항목(09.06월 이후)
35063,202003,0010138,코리아에셋투자증권,C2,파생상품계약_장외파생상품,0,국내증권사,B,SF205,각주항목(09.06월 이후)
35064,202003,0010138,코리아에셋투자증권,C21,파생상품계약_장외파생상품_이자율관련거래,0,국내증권사,B,SF205,각주항목(09.06월 이후)
35065,202003,0010138,코리아에셋투자증권,C22,파생상품계약_장외파생상품_통화관련거래,0,국내증권사,B,SF205,각주항목(09.06월 이후)
35066,202003,0010138,코리아에셋투자증권,C23,파생상품계약_장외파생상품_주식관련거래,0,국내증권사,B,SF205,각주항목(09.06월 이후)
35067,202003,0010138,코리아에셋투자증권,C24,파생상품계약_장외파생상품_신용관련거래,0,국내증권사,B,SF205,각주항목(09.06월 이후)
35068,202003,0010138,코리아에셋투자증권,C25,파생상품계약_장외파생상품_기타,0,국내증권사,B,SF205,각주항목(09.06월 이후)
35069,202003,0010138,코리아에셋투자증권,D,대차 및 대주거래,0,국내증권사,B,SF205,각주항목(09.06월 이후)
35070,202003,0010138,코리아에셋투자증권,D1,대차 및 대주거래_대여증권,0,국내증권사,B,SF205,각주항목(09.06월 이후)
35071,202003,0010138,코리아에셋투자증권,D2,대차 및 대주거래_차입증권,0,국내증권사,B,SF205,각주항목(09.06월 이후)
35072,202003,0010138,코리아에셋투자증권,D3,대차 및 대주거래_신용거래대주,0,국내증권사,B,SF205,각주항목(09.06월 이후)
35073,202003,0010138,코리아에셋투자증권,E,대손상각채권,0,국내증권사,B,SF205,각주항목(09.06월 이후)
35074,202003,0010138,코리아에셋투자증권,F,환전업무 예치금,0,국내증권사,B,SF205,각주항목(09.06월 이후)
35075,202003,0010138,코리아에셋투자증권,G,미배당별도예치금,0,국내증권사,B,SF205,각주항목(09.06월 이후)
35076,202003,0010138,코리아에셋투자증권,H,배서어음매출(종금계정),0,국내증권사,B,SF205,각주항목(09.06월 이후)
35077,202003,0010138,코리아에셋투자증권,H1,대출채권매매이익_담보부,0,국내증권사,B,SF205,각주항목(09.06월 이후)
35078,202003,0010138,코리아에셋투자증권,H2,대출채권매매이익_무담보부,0,국내증권사,B,SF205,각주항목(09.06월 이후)
35079,202006,0010138,코리아에셋투자증권,A,채무보증,0,국내증권사,B,SF205,각주항목(09.06월 이후)
35080,202006,0010138,코리아에셋투자증권,A1,채무보증_지급보증,0,국내증권사,B,SF205,각주항목(09.06월 이후)
35081,202006,0010138,코리아에셋투자증권,A2,채무보증_매입보장약정,0,국내증권사,B,SF205,각주항목(09.06월 이후)
35082,202006,0010138,코리아에셋투자증권,A3,채무보증_채무인수약정,0,국내증권사,B,SF205,각주항목(09.06월 이후)
35083,202006,0010138,코리아에셋투자증권,A5,채무보증_매입확약,0,국내증권사,B,SF205,각주항목(09.06월 이후)
35084,202006,0010138,코리아에셋투자증권,A6,채무보증_기타,0,국내증권사,B,SF205,각주항목(09.06월 이후)
35085,202006,0010138,코리아에셋투자증권,B,투자자의 예수증권 등,2475361844763,국내증권사,B,SF205,각주항목(09.06월 이후)
35086,202006,0010138,코리아에셋투자증권,B1,투자자의 예수증권 등_예수 증권,2475361844763,국내증권사,B,SF205,각주항목(09.06월 이후)
35087,202006,0010138,코리아에셋투자증권,B2,투자자의 예수증권 등_예수양도성예금증서,0,국내증권사,B,SF205,각주항목(09.06월 이후)
35088,202006,0010138,코리아에셋투자증권,B3,투자자의 예수증권 등_기타,0,국내증권사,B,SF205,각주항목(09.06월 이후)
35089,202006,0010138,코리아에셋투자증권,C,파생상품계약,0,국내증권사,B,SF205,각주항목(09.06월 이후)
35090,202006,0010138,코리아에셋투자증권,C1,파생상품계약_장내파생상품,0,국내증권사,B,SF205,각주항목(09.06월 이후)
35091,202006,0010138,코리아에셋투자증권,C11,파생상품계약_장내파생상품_이자율관련거래,0,국내증권사,B,SF205,각주항목(09.06월 이후)
35092,202006,0010138,코리아에셋투자증권,C12,파생상품계약_장내파생상품_통화관련거래,0,국내증권사,B,SF205,각주항목(09.06월 이후)
35093,202006,0010138,코리아에셋투자증권,C13,파생상품계약_장내파생상품_주식관련거래,0,국내증권사,B,SF205,각주항목(09.06월 이후)
35094,202006,0010138,코리아에셋투자증권,C14,파생상품계약_장내파생상품_일반상품관련거래,0,국내증권사,B,SF205,각주항목(09.06월 이후)
35095,202006,0010138,코리아에셋투자증권,C15,파생상품계약_장내파생상품_기타,0,국내증권사,B,SF205,각주항목(09.06월 이후)
35096,202006,0010138,코리아에셋투자증권,C2,파생상품계약_장외파생상품,0,국내증권사,B,SF205,각주항목(09.06월 이후)
35097,202006,0010138,코리아에셋투자증권,C21,파생상품계약_장외파생상품_이자율관련거래,0,국내증권사,B,SF205,각주항목(09.06월 이후)
35098,202006,0010138,코리아에셋투자증권,C22,파생상품계약_장외파생상품_통화관련거래,0,국내증권사,B,SF205,각주항목(09.06월 이후)
35099,202006,0010138,코리아에셋투자증권,C23,파생상품계약_장외파생상품_주식관련거래,0,국내증권사,B,SF205,각주항목(09.06월 이후)
35100,202006,0010138,코리아에셋투자증권,C24,파생상품계약_장외파생상품_신용관련거래,0,국내증권사,B,SF205,각주항목(09.06월 이후)
35101,202006,0010138,코리아에셋투자증권,C25,파생상품계약_장외파생상품_기타,0,국내증권사,B,SF205,각주항목(09.06월 이후)
35102,202006,0010138,코리아에셋투자증권,D,대차 및 대주거래,0,국내증권사,B,SF205,각주항목(09.06월 이후)
35103,202006,0010138,코리아에셋투자증권,D1,대차 및 대주거래_대여증권,0,국내증권사,B,SF205,각주항목(09.06월 이후)
35104,202006,0010138,코리아에셋투자증권,D2,대차 및 대주거래_차입증권,0,국내증권사,B,SF205,각주항목(09.06월 이후)
35105,202006,0010138,코리아에셋투자증권,D3,대차 및 대주거래_신용거래대주,0,국내증권사,B,SF205,각주항목(09.06월 이후)
35106,202006,0010138,코리아에셋투자증권,E,대손상각채권,0,국내증권사,B,SF205,각주항목(09.06월 이후)
35107,202006,0010138,코리아에셋투자증권,F,환전업무 예치금,0,국내증권사,B,SF205,각주항목(09.06월 이후)
35108,202006,0010138,코리아에셋투자증권,G,미배당별도예치금,0,국내증권사,B,SF205,각주항목(09.06월 이후)
35109,202006,0010138,코리아에셋투자증권,H,배서어음매출(종금계정),0,국내증권사,B,SF205,각주항목(09.06월 이후)
35110,202006,0010138,코리아에셋투자증권,H1,대출채권매매이익_담보부,0,국내증권사,B,SF205,각주항목(09.06월 이후)
35111,202006,0010138,코리아에셋투자증권,H2,대출채권매매이익_무담보부,0,국내증권사,B,SF205,각주항목(09.06월 이후)
35112,202009,0010138,코리아에셋투자증권,A,채무보증,0,국내증권사,B,SF205,각주항목(09.06월 이후)
35113,202009,0010138,코리아에셋투자증권,A1,채무보증_지급보증,0,국내증권사,B,SF205,각주항목(09.06월 이후)
35114,202009,0010138,코리아에셋투자증권,A2,채무보증_매입보장약정,0,국내증권사,B,SF205,각주항목(09.06월 이후)
35115,202009,0010138,코리아에셋투자증권,A3,채무보증_채무인수약정,0,국내증권사,B,SF205,각주항목(09.06월 이후)
35116,202009,0010138,코리아에셋투자증권,A5,채무보증_매입확약,0,국내증권사,B,SF205,각주항목(09.06월 이후)
35117,202009,0010138,코리아에셋투자증권,A6,채무보증_기타,0,국내증권사,B,SF205,각주항목(09.06월 이후)
35118,202009,0010138,코리아에셋투자증권,B,투자자의 예수증권 등,2517127682306,국내증권사,B,SF205,각주항목(09.06월 이후)
35119,202009,0010138,코리아에셋투자증권,B1,투자자의 예수증권 등_예수 증권,2517127682306,국내증권사,B,SF205,각주항목(09.06월 이후)
35120,202009,0010138,코리아에셋투자증권,B2,투자자의 예수증권 등_예수양도성예금증서,0,국내증권사,B,SF205,각주항목(09.06월 이후)
35121,202009,0010138,코리아에셋투자증권,B3,투자자의 예수증권 등_기타,0,국내증권사,B,SF205,각주항목(09.06월 이후)
35122,202009,0010138,코리아에셋투자증권,C,파생상품계약,0,국내증권사,B,SF205,각주항목(09.06월 이후)
35123,202009,0010138,코리아에셋투자증권,C1,파생상품계약_장내파생상품,0,국내증권사,B,SF205,각주항목(09.06월 이후)
35124,202009,0010138,코리아에셋투자증권,C11,파생상품계약_장내파생상품_이자율관련거래,0,국내증권사,B,SF205,각주항목(09.06월 이후)
35125,202009,0010138,코리아에셋투자증권,C12,파생상품계약_장내파생상품_통화관련거래,0,국내증권사,B,SF205,각주항목(09.06월 이후)
35126,202009,0010138,코리아에셋투자증권,C13,파생상품계약_장내파생상품_주식관련거래,0,국내증권사,B,SF205,각주항목(09.06월 이후)
35127,202009,0010138,코리아에셋투자증권,C14,파생상품계약_장내파생상품_일반상품관련거래,0,국내증권사,B,SF205,각주항목(09.06월 이후)
35128,202009,0010138,코리아에셋투자증권,C15,파생상품계약_장내파생상품_기타,0,국내증권사,B,SF205,각주항목(09.06월 이후)
35129,202009,0010138,코리아에셋투자증권,C2,파생상품계약_장외파생상품,0,국내증권사,B,SF205,각주항목(09.06월 이후)
35130,202009,0010138,코리아에셋투자증권,C21,파생상품계약_장외파생상품_이자율관련거래,0,국내증권사,B,SF205,각주항목(09.06월 이후)
35131,202009,0010138,코리아에셋투자증권,C22,파생상품계약_장외파생상품_통화관련거래,0,국내증권사,B,SF205,각주항목(09.06월 이후)
35132,202009,0010138,코리아에셋투자증권,C23,파생상품계약_장외파생상품_주식관련거래,0,국내증권사,B,SF205,각주항목(09.06월 이후)
35133,202009,0010138,코리아에셋투자증권,C24,파생상품계약_장외파생상품_신용관련거래,0,국내증권사,B,SF205,각주항목(09.06월 이후)
35134,202009,0010138,코리아에셋투자증권,C25,파생상품계약_장외파생상품_기타,0,국내증권사,B,SF205,각주항목(09.06월 이후)
35135,202009,0010138,코리아에셋투자증권,D,대차 및 대주거래,0,국내증권사,B,SF205,각주항목(09.06월 이후)
35136,202009,0010138,코리아에셋투자증권,D1,대차 및 대주거래_대여증권,0,국내증권사,B,SF205,각주항목(09.06월 이후)
35137,202009,0010138,코리아에셋투자증권,D2,대차 및 대주거래_차입증권,0,국내증권사,B,SF205,각주항목(09.06월 이후)
35138,202009,0010138,코리아에셋투자증권,D3,대차 및 대주거래_신용거래대주,0,국내증권사,B,SF205,각주항목(09.06월 이후)
35139,202009,0010138,코리아에셋투자증권,E,대손상각채권,0,국내증권사,B,SF205,각주항목(09.06월 이후)
35140,202009,0010138,코리아에셋투자증권,F,환전업무 예치금,0,국내증권사,B,SF205,각주항목(09.06월 이후)
35141,202009,0010138,코리아에셋투자증권,G,미배당별도예치금,0,국내증권사,B,SF205,각주항목(09.06월 이후)
35142,202009,0010138,코리아에셋투자증권,H,배서어음매출(종금계정),0,국내증권사,B,SF205,각주항목(09.06월 이후)
35143,202009,0010138,코리아에셋투자증권,H1,대출채권매매이익_담보부,0,국내증권사,B,SF205,각주항목(09.06월 이후)
35144,202009,0010138,코리아에셋투자증권,H2,대출채권매매이익_무담보부,0,국내증권사,B,SF205,각주항목(09.06월 이후)
35145,202012,0010138,코리아에셋투자증권,A,채무보증,0,국내증권사,B,SF205,각주항목(09.06월 이후)
35146,202012,0010138,코리아에셋투자증권,A1,채무보증_지급보증,0,국내증권사,B,SF205,각주항목(09.06월 이후)
35147,202012,0010138,코리아에셋투자증권,A2,채무보증_매입보장약정,0,국내증권사,B,SF205,각주항목(09.06월 이후)
35148,202012,0010138,코리아에셋투자증권,A3,채무보증_채무인수약정,0,국내증권사,B,SF205,각주항목(09.06월 이후)
35149,202012,0010138,코리아에셋투자증권,A5,채무보증_매입확약,0,국내증권사,B,SF205,각주항목(09.06월 이후)
35150,202012,0010138,코리아에셋투자증권,A6,채무보증_기타,0,국내증권사,B,SF205,각주항목(09.06월 이후)
35151,202012,0010138,코리아에셋투자증권,B,투자자의 예수증권 등,2412396030330,국내증권사,B,SF205,각주항목(09.06월 이후)
35152,202012,0010138,코리아에셋투자증권,B1,투자자의 예수증권 등_예수 증권,2412396030330,국내증권사,B,SF205,각주항목(09.06월 이후)
35153,202012,0010138,코리아에셋투자증권,B2,투자자의 예수증권 등_예수양도성예금증서,0,국내증권사,B,SF205,각주항목(09.06월 이후)
35154,202012,0010138,코리아에셋투자증권,B3,투자자의 예수증권 등_기타,0,국내증권사,B,SF205,각주항목(09.06월 이후)
35155,202012,0010138,코리아에셋투자증권,C,파생상품계약,0,국내증권사,B,SF205,각주항목(09.06월 이후)
35156,202012,0010138,코리아에셋투자증권,C1,파생상품계약_장내파생상품,0,국내증권사,B,SF205,각주항목(09.06월 이후)
35157,202012,0010138,코리아에셋투자증권,C11,파생상품계약_장내파생상품_이자율관련거래,0,국내증권사,B,SF205,각주항목(09.06월 이후)
35158,202012,0010138,코리아에셋투자증권,C12,파생상품계약_장내파생상품_통화관련거래,0,국내증권사,B,SF205,각주항목(09.06월 이후)
35159,202012,0010138,코리아에셋투자증권,C13,파생상품계약_장내파생상품_주식관련거래,0,국내증권사,B,SF205,각주항목(09.06월 이후)
35160,202012,0010138,코리아에셋투자증권,C14,파생상품계약_장내파생상품_일반상품관련거래,0,국내증권사,B,SF205,각주항목(09.06월 이후)
35161,202012,0010138,코리아에셋투자증권,C15,파생상품계약_장내파생상품_기타,0,국내증권사,B,SF205,각주항목(09.06월 이후)
35162,202012,0010138,코리아에셋투자증권,C2,파생상품계약_장외파생상품,0,국내증권사,B,SF205,각주항목(09.06월 이후)
35163,202012,0010138,코리아에셋투자증권,C21,파생상품계약_장외파생상품_이자율관련거래,0,국내증권사,B,SF205,각주항목(09.06월 이후)
35164,202012,0010138,코리아에셋투자증권,C22,파생상품계약_장외파생상품_통화관련거래,0,국내증권사,B,SF205,각주항목(09.06월 이후)
35165,202012,0010138,코리아에셋투자증권,C23,파생상품계약_장외파생상품_주식관련거래,0,국내증권사,B,SF205,각주항목(09.06월 이후)
35166,202012,0010138,코리아에셋투자증권,C24,파생상품계약_장외파생상품_신용관련거래,0,국내증권사,B,SF205,각주항목(09.06월 이후)
35167,202012,0010138,코리아에셋투자증권,C25,파생상품계약_장외파생상품_기타,0,국내증권사,B,SF205,각주항목(09.06월 이후)
35168,202012,0010138,코리아에셋투자증권,D,대차 및 대주거래,0,국내증권사,B,SF205,각주항목(09.06월 이후)
35169,202012,0010138,코리아에셋투자증권,D1,대차 및 대주거래_대여증권,0,국내증권사,B,SF205,각주항목(09.06월 이후)
35170,202012,0010138,코리아에셋투자증권,D2,대차 및 대주거래_차입증권,0,국내증권사,B,SF205,각주항목(09.06월 이후)
35171,202012,0010138,코리아에셋투자증권,D3,대차 및 대주거래_신용거래대주,0,국내증권사,B,SF205,각주항목(09.06월 이후)
35172,202012,0010138,코리아에셋투자증권,E,대손상각채권,0,국내증권사,B,SF205,각주항목(09.06월 이후)
35173,202012,0010138,코리아에셋투자증권,F,환전업무 예치금,0,국내증권사,B,SF205,각주항목(09.06월 이후)
35174,202012,0010138,코리아에셋투자증권,G,미배당별도예치금,0,국내증권사,B,SF205,각주항목(09.06월 이후)
35175,202012,0010138,코리아에셋투자증권,H,배서어음매출(종금계정),0,국내증권사,B,SF205,각주항목(09.06월 이후)
35176,202012,0010138,코리아에셋투자증권,H1,대출채권매매이익_담보부,0,국내증권사,B,SF205,각주항목(09.06월 이후)
35177,202012,0010138,코리아에셋투자증권,H2,대출채권매매이익_무담보부,0,국내증권사,B,SF205,각주항목(09.06월 이후)
35178,202103,0010138,코리아에셋투자증권,A,채무보증,0,국내증권사,B,SF205,각주항목(09.06월 이후)
35179,202103,0010138,코리아에셋투자증권,A1,채무보증_지급보증,0,국내증권사,B,SF205,각주항목(09.06월 이후)
35180,202103,0010138,코리아에셋투자증권,A2,채무보증_매입보장약정,0,국내증권사,B,SF205,각주항목(09.06월 이후)
35181,202103,0010138,코리아에셋투자증권,A3,채무보증_채무인수약정,0,국내증권사,B,SF205,각주항목(09.06월 이후)
35182,202103,0010138,코리아에셋투자증권,A5,채무보증_매입확약,0,국내증권사,B,SF205,각주항목(09.06월 이후)
35183,202103,0010138,코리아에셋투자증권,A6,채무보증_기타,0,국내증권사,B,SF205,각주항목(09.06월 이후)
35184,202103,0010138,코리아에셋투자증권,B,투자자의 예수증권 등,3345725359218,국내증권사,B,SF205,각주항목(09.06월 이후)
35185,202103,0010138,코리아에셋투자증권,B1,투자자의 예수증권 등_예수 증권,3345725359218,국내증권사,B,SF205,각주항목(09.06월 이후)
35186,202103,0010138,코리아에셋투자증권,B2,투자자의 예수증권 등_예수양도성예금증서,0,국내증권사,B,SF205,각주항목(09.06월 이후)
35187,202103,0010138,코리아에셋투자증권,B3,투자자의 예수증권 등_기타,0,국내증권사,B,SF205,각주항목(09.06월 이후)
35188,202103,0010138,코리아에셋투자증권,C,파생상품계약,0,국내증권사,B,SF205,각주항목(09.06월 이후)
35189,202103,0010138,코리아에셋투자증권,C1,파생상품계약_장내파생상품,0,국내증권사,B,SF205,각주항목(09.06월 이후)
35190,202103,0010138,코리아에셋투자증권,C11,파생상품계약_장내파생상품_이자율관련거래,0,국내증권사,B,SF205,각주항목(09.06월 이후)
35191,202103,0010138,코리아에셋투자증권,C12,파생상품계약_장내파생상품_통화관련거래,0,국내증권사,B,SF205,각주항목(09.06월 이후)
35192,202103,0010138,코리아에셋투자증권,C13,파생상품계약_장내파생상품_주식관련거래,0,국내증권사,B,SF205,각주항목(09.06월 이후)
35193,202103,0010138,코리아에셋투자증권,C14,파생상품계약_장내파생상품_일반상품관련거래,0,국내증권사,B,SF205,각주항목(09.06월 이후)
35194,202103,0010138,코리아에셋투자증권,C15,파생상품계약_장내파생상품_기타,0,국내증권사,B,SF205,각주항목(09.06월 이후)
35195,202103,0010138,코리아에셋투자증권,C2,파생상품계약_장외파생상품,0,국내증권사,B,SF205,각주항목(09.06월 이후)
35196,202103,0010138,코리아에셋투자증권,C21,파생상품계약_장외파생상품_이자율관련거래,0,국내증권사,B,SF205,각주항목(09.06월 이후)
35197,202103,0010138,코리아에셋투자증권,C22,파생상품계약_장외파생상품_통화관련거래,0,국내증권사,B,SF205,각주항목(09.06월 이후)
35198,202103,0010138,코리아에셋투자증권,C23,파생상품계약_장외파생상품_주식관련거래,0,국내증권사,B,SF205,각주항목(09.06월 이후)
35199,202103,0010138,코리아에셋투자증권,C24,파생상품계약_장외파생상품_신용관련거래,0,국내증권사,B,SF205,각주항목(09.06월 이후)
35200,202103,0010138,코리아에셋투자증권,C25,파생상품계약_장외파생상품_기타,0,국내증권사,B,SF205,각주항목(09.06월 이후)
35201,202103,0010138,코리아에셋투자증권,D,대차 및 대주거래,0,국내증권사,B,SF205,각주항목(09.06월 이후)
35202,202103,0010138,코리아에셋투자증권,D1,대차 및 대주거래_대여증권,0,국내증권사,B,SF205,각주항목(09.06월 이후)
35203,202103,0010138,코리아에셋투자증권,D2,대차 및 대주거래_차입증권,0,국내증권사,B,SF205,각주항목(09.06월 이후)
35204,202103,0010138,코리아에셋투자증권,D3,대차 및 대주거래_신용거래대주,0,국내증권사,B,SF205,각주항목(09.06월 이후)
35205,202103,0010138,코리아에셋투자증권,E,대손상각채권,0,국내증권사,B,SF205,각주항목(09.06월 이후)
35206,202103,0010138,코리아에셋투자증권,F,환전업무 예치금,0,국내증권사,B,SF205,각주항목(09.06월 이후)
35207,202103,0010138,코리아에셋투자증권,G,미배당별도예치금,0,국내증권사,B,SF205,각주항목(09.06월 이후)
35208,202103,0010138,코리아에셋투자증권,H,배서어음매출(종금계정),0,국내증권사,B,SF205,각주항목(09.06월 이후)
35209,202103,0010138,코리아에셋투자증권,H1,대출채권매매이익_담보부,0,국내증권사,B,SF205,각주항목(09.06월 이후)
35210,202103,0010138,코리아에셋투자증권,H2,대출채권매매이익_무담보부,0,국내증권사,B,SF205,각주항목(09.06월 이후)
35211,202106,0010138,코리아에셋투자증권,A,채무보증,0,국내증권사,B,SF205,각주항목(09.06월 이후)
35212,202106,0010138,코리아에셋투자증권,A1,채무보증_지급보증,0,국내증권사,B,SF205,각주항목(09.06월 이후)
35213,202106,0010138,코리아에셋투자증권,A2,채무보증_매입보장약정,0,국내증권사,B,SF205,각주항목(09.06월 이후)
35214,202106,0010138,코리아에셋투자증권,A3,채무보증_채무인수약정,0,국내증권사,B,SF205,각주항목(09.06월 이후)
35215,202106,0010138,코리아에셋투자증권,A5,채무보증_매입확약,0,국내증권사,B,SF205,각주항목(09.06월 이후)
35216,202106,0010138,코리아에셋투자증권,A6,채무보증_기타,0,국내증권사,B,SF205,각주항목(09.06월 이후)
35217,202106,0010138,코리아에셋투자증권,B,투자자의 예수증권 등,3198244168876,국내증권사,B,SF205,각주항목(09.06월 이후)
35218,202106,0010138,코리아에셋투자증권,B1,투자자의 예수증권 등_예수 증권,3198244168876,국내증권사,B,SF205,각주항목(09.06월 이후)
35219,202106,0010138,코리아에셋투자증권,B2,투자자의 예수증권 등_예수양도성예금증서,0,국내증권사,B,SF205,각주항목(09.06월 이후)
35220,202106,0010138,코리아에셋투자증권,B3,투자자의 예수증권 등_기타,0,국내증권사,B,SF205,각주항목(09.06월 이후)
35221,202106,0010138,코리아에셋투자증권,C,파생상품계약,0,국내증권사,B,SF205,각주항목(09.06월 이후)
35222,202106,0010138,코리아에셋투자증권,C1,파생상품계약_장내파생상품,0,국내증권사,B,SF205,각주항목(09.06월 이후)
35223,202106,0010138,코리아에셋투자증권,C11,파생상품계약_장내파생상품_이자율관련거래,0,국내증권사,B,SF205,각주항목(09.06월 이후)
35224,202106,0010138,코리아에셋투자증권,C12,파생상품계약_장내파생상품_통화관련거래,0,국내증권사,B,SF205,각주항목(09.06월 이후)
35225,202106,0010138,코리아에셋투자증권,C13,파생상품계약_장내파생상품_주식관련거래,0,국내증권사,B,SF205,각주항목(09.06월 이후)
35226,202106,0010138,코리아에셋투자증권,C14,파생상품계약_장내파생상품_일반상품관련거래,0,국내증권사,B,SF205,각주항목(09.06월 이후)
35227,202106,0010138,코리아에셋투자증권,C15,파생상품계약_장내파생상품_기타,0,국내증권사,B,SF205,각주항목(09.06월 이후)
35228,202106,0010138,코리아에셋투자증권,C2,파생상품계약_장외파생상품,0,국내증권사,B,SF205,각주항목(09.06월 이후)
35229,202106,0010138,코리아에셋투자증권,C21,파생상품계약_장외파생상품_이자율관련거래,0,국내증권사,B,SF205,각주항목(09.06월 이후)
35230,202106,0010138,코리아에셋투자증권,C22,파생상품계약_장외파생상품_통화관련거래,0,국내증권사,B,SF205,각주항목(09.06월 이후)
35231,202106,0010138,코리아에셋투자증권,C23,파생상품계약_장외파생상품_주식관련거래,0,국내증권사,B,SF205,각주항목(09.06월 이후)
35232,202106,0010138,코리아에셋투자증권,C24,파생상품계약_장외파생상품_신용관련거래,0,국내증권사,B,SF205,각주항목(09.06월 이후)
35233,202106,0010138,코리아에셋투자증권,C25,파생상품계약_장외파생상품_기타,0,국내증권사,B,SF205,각주항목(09.06월 이후)
35234,202106,0010138,코리아에셋투자증권,D,대차 및 대주거래,0,국내증권사,B,SF205,각주항목(09.06월 이후)
35235,202106,0010138,코리아에셋투자증권,D1,대차 및 대주거래_대여증권,0,국내증권사,B,SF205,각주항목(09.06월 이후)
35236,202106,0010138,코리아에셋투자증권,D2,대차 및 대주거래_차입증권,0,국내증권사,B,SF205,각주항목(09.06월 이후)
35237,202106,0010138,코리아에셋투자증권,D3,대차 및 대주거래_신용거래대주,0,국내증권사,B,SF205,각주항목(09.06월 이후)
35238,202106,0010138,코리아에셋투자증권,E,대손상각채권,0,국내증권사,B,SF205,각주항목(09.06월 이후)
35239,202106,0010138,코리아에셋투자증권,F,환전업무 예치금,0,국내증권사,B,SF205,각주항목(09.06월 이후)
35240,202106,0010138,코리아에셋투자증권,G,미배당별도예치금,0,국내증권사,B,SF205,각주항목(09.06월 이후)
35241,202106,0010138,코리아에셋투자증권,H,배서어음매출(종금계정),0,국내증권사,B,SF205,각주항목(09.06월 이후)
35242,202106,0010138,코리아에셋투자증권,H1,대출채권매매이익_담보부,0,국내증권사,B,SF205,각주항목(09.06월 이후)
35243,202106,0010138,코리아에셋투자증권,H2,대출채권매매이익_무담보부,0,국내증권사,B,SF205,각주항목(09.06월 이후)
35244,202109,0010138,코리아에셋투자증권,A,채무보증,0,국내증권사,B,SF205,각주항목(09.06월 이후)
35245,202109,0010138,코리아에셋투자증권,A1,채무보증_지급보증,0,국내증권사,B,SF205,각주항목(09.06월 이후)
35246,202109,0010138,코리아에셋투자증권,A2,채무보증_매입보장약정,0,국내증권사,B,SF205,각주항목(09.06월 이후)
35247,202109,0010138,코리아에셋투자증권,A3,채무보증_채무인수약정,0,국내증권사,B,SF205,각주항목(09.06월 이후)
35248,202109,0010138,코리아에셋투자증권,A5,채무보증_매입확약,0,국내증권사,B,SF205,각주항목(09.06월 이후)
35249,202109,0010138,코리아에셋투자증권,A6,채무보증_기타,0,국내증권사,B,SF205,각주항목(09.06월 이후)
35250,202109,0010138,코리아에셋투자증권,B,투자자의 예수증권 등,3580171416479,국내증권사,B,SF205,각주항목(09.06월 이후)
35251,202109,0010138,코리아에셋투자증권,B1,투자자의 예수증권 등_예수 증권,3580171416479,국내증권사,B,SF205,각주항목(09.06월 이후)
35252,202109,0010138,코리아에셋투자증권,B2,투자자의 예수증권 등_예수양도성예금증서,0,국내증권사,B,SF205,각주항목(09.06월 이후)
35253,202109,0010138,코리아에셋투자증권,B3,투자자의 예수증권 등_기타,0,국내증권사,B,SF205,각주항목(09.06월 이후)
35254,202109,0010138,코리아에셋투자증권,C,파생상품계약,0,국내증권사,B,SF205,각주항목(09.06월 이후)
35255,202109,0010138,코리아에셋투자증권,C1,파생상품계약_장내파생상품,0,국내증권사,B,SF205,각주항목(09.06월 이후)
35256,202109,0010138,코리아에셋투자증권,C11,파생상품계약_장내파생상품_이자율관련거래,0,국내증권사,B,SF205,각주항목(09.06월 이후)
35257,202109,0010138,코리아에셋투자증권,C12,파생상품계약_장내파생상품_통화관련거래,0,국내증권사,B,SF205,각주항목(09.06월 이후)
35258,202109,0010138,코리아에셋투자증권,C13,파생상품계약_장내파생상품_주식관련거래,0,국내증권사,B,SF205,각주항목(09.06월 이후)
35259,202109,0010138,코리아에셋투자증권,C14,파생상품계약_장내파생상품_일반상품관련거래,0,국내증권사,B,SF205,각주항목(09.06월 이후)
35260,202109,0010138,코리아에셋투자증권,C15,파생상품계약_장내파생상품_기타,0,국내증권사,B,SF205,각주항목(09.06월 이후)
35261,202109,0010138,코리아에셋투자증권,C2,파생상품계약_장외파생상품,0,국내증권사,B,SF205,각주항목(09.06월 이후)
35262,202109,0010138,코리아에셋투자증권,C21,파생상품계약_장외파생상품_이자율관련거래,0,국내증권사,B,SF205,각주항목(09.06월 이후)
35263,202109,0010138,코리아에셋투자증권,C22,파생상품계약_장외파생상품_통화관련거래,0,국내증권사,B,SF205,각주항목(09.06월 이후)
35264,202109,0010138,코리아에셋투자증권,C23,파생상품계약_장외파생상품_주식관련거래,0,국내증권사,B,SF205,각주항목(09.06월 이후)
35265,202109,0010138,코리아에셋투자증권,C24,파생상품계약_장외파생상품_신용관련거래,0,국내증권사,B,SF205,각주항목(09.06월 이후)
35266,202109,0010138,코리아에셋투자증권,C25,파생상품계약_장외파생상품_기타,0,국내증권사,B,SF205,각주항목(09.06월 이후)
35267,202109,0010138,코리아에셋투자증권,D,대차 및 대주거래,0,국내증권사,B,SF205,각주항목(09.06월 이후)
35268,202109,0010138,코리아에셋투자증권,D1,대차 및 대주거래_대여증권,0,국내증권사,B,SF205,각주항목(09.06월 이후)
35269,202109,0010138,코리아에셋투자증권,D2,대차 및 대주거래_차입증권,0,국내증권사,B,SF205,각주항목(09.06월 이후)
35270,202109,0010138,코리아에셋투자증권,D3,대차 및 대주거래_신용거래대주,0,국내증권사,B,SF205,각주항목(09.06월 이후)
35271,202109,0010138,코리아에셋투자증권,E,대손상각채권,0,국내증권사,B,SF205,각주항목(09.06월 이후)
35272,202109,0010138,코리아에셋투자증권,F,환전업무 예치금,0,국내증권사,B,SF205,각주항목(09.06월 이후)
35273,202109,0010138,코리아에셋투자증권,G,미배당별도예치금,0,국내증권사,B,SF205,각주항목(09.06월 이후)
35274,202109,0010138,코리아에셋투자증권,H,배서어음매출(종금계정),0,국내증권사,B,SF205,각주항목(09.06월 이후)
35275,202109,0010138,코리아에셋투자증권,H1,대출채권매매이익_담보부,0,국내증권사,B,SF205,각주항목(09.06월 이후)
35276,202109,0010138,코리아에셋투자증권,H2,대출채권매매이익_무담보부,0,국내증권사,B,SF205,각주항목(09.06월 이후)
35277,202112,0010138,코리아에셋투자증권,A,채무보증,0,국내증권사,B,SF205,각주항목(09.06월 이후)
35278,202112,0010138,코리아에셋투자증권,A1,채무보증_지급보증,0,국내증권사,B,SF205,각주항목(09.06월 이후)
35279,202112,0010138,코리아에셋투자증권,A2,채무보증_매입보장약정,0,국내증권사,B,SF205,각주항목(09.06월 이후)
35280,202112,0010138,코리아에셋투자증권,A3,채무보증_채무인수약정,0,국내증권사,B,SF205,각주항목(09.06월 이후)
35281,202112,0010138,코리아에셋투자증권,A5,채무보증_매입확약,0,국내증권사,B,SF205,각주항목(09.06월 이후)
35282,202112,0010138,코리아에셋투자증권,A6,채무보증_기타,0,국내증권사,B,SF205,각주항목(09.06월 이후)
35283,202112,0010138,코리아에셋투자증권,B,투자자의 예수증권 등,3484681235792,국내증권사,B,SF205,각주항목(09.06월 이후)
35284,202112,0010138,코리아에셋투자증권,B1,투자자의 예수증권 등_예수 증권,3484681235792,국내증권사,B,SF205,각주항목(09.06월 이후)
35285,202112,0010138,코리아에셋투자증권,B2,투자자의 예수증권 등_예수양도성예금증서,0,국내증권사,B,SF205,각주항목(09.06월 이후)
35286,202112,0010138,코리아에셋투자증권,B3,투자자의 예수증권 등_기타,0,국내증권사,B,SF205,각주항목(09.06월 이후)
35287,202112,0010138,코리아에셋투자증권,C,파생상품계약,0,국내증권사,B,SF205,각주항목(09.06월 이후)
35288,202112,0010138,코리아에셋투자증권,C1,파생상품계약_장내파생상품,0,국내증권사,B,SF205,각주항목(09.06월 이후)
35289,202112,0010138,코리아에셋투자증권,C11,파생상품계약_장내파생상품_이자율관련거래,0,국내증권사,B,SF205,각주항목(09.06월 이후)
35290,202112,0010138,코리아에셋투자증권,C12,파생상품계약_장내파생상품_통화관련거래,0,국내증권사,B,SF205,각주항목(09.06월 이후)
35291,202112,0010138,코리아에셋투자증권,C13,파생상품계약_장내파생상품_주식관련거래,0,국내증권사,B,SF205,각주항목(09.06월 이후)
35292,202112,0010138,코리아에셋투자증권,C14,파생상품계약_장내파생상품_일반상품관련거래,0,국내증권사,B,SF205,각주항목(09.06월 이후)
35293,202112,0010138,코리아에셋투자증권,C15,파생상품계약_장내파생상품_기타,0,국내증권사,B,SF205,각주항목(09.06월 이후)
35294,202112,0010138,코리아에셋투자증권,C2,파생상품계약_장외파생상품,0,국내증권사,B,SF205,각주항목(09.06월 이후)
35295,202112,0010138,코리아에셋투자증권,C21,파생상품계약_장외파생상품_이자율관련거래,0,국내증권사,B,SF205,각주항목(09.06월 이후)
35296,202112,0010138,코리아에셋투자증권,C22,파생상품계약_장외파생상품_통화관련거래,0,국내증권사,B,SF205,각주항목(09.06월 이후)
35297,202112,0010138,코리아에셋투자증권,C23,파생상품계약_장외파생상품_주식관련거래,0,국내증권사,B,SF205,각주항목(09.06월 이후)
35298,202112,0010138,코리아에셋투자증권,C24,파생상품계약_장외파생상품_신용관련거래,0,국내증권사,B,SF205,각주항목(09.06월 이후)
35299,202112,0010138,코리아에셋투자증권,C25,파생상품계약_장외파생상품_기타,0,국내증권사,B,SF205,각주항목(09.06월 이후)
35300,202112,0010138,코리아에셋투자증권,D,대차 및 대주거래,0,국내증권사,B,SF205,각주항목(09.06월 이후)
35301,202112,0010138,코리아에셋투자증권,D1,대차 및 대주거래_대여증권,0,국내증권사,B,SF205,각주항목(09.06월 이후)
35302,202112,0010138,코리아에셋투자증권,D2,대차 및 대주거래_차입증권,0,국내증권사,B,SF205,각주항목(09.06월 이후)
35303,202112,0010138,코리아에셋투자증권,D3,대차 및 대주거래_신용거래대주,0,국내증권사,B,SF205,각주항목(09.06월 이후)
35304,202112,0010138,코리아에셋투자증권,E,대손상각채권,0,국내증권사,B,SF205,각주항목(09.06월 이후)
35305,202112,0010138,코리아에셋투자증권,F,환전업무 예치금,0,국내증권사,B,SF205,각주항목(09.06월 이후)
35306,202112,0010138,코리아에셋투자증권,G,미배당별도예치금,0,국내증권사,B,SF205,각주항목(09.06월 이후)
35307,202112,0010138,코리아에셋투자증권,H,배서어음매출(종금계정),0,국내증권사,B,SF205,각주항목(09.06월 이후)
35308,202112,0010138,코리아에셋투자증권,H1,대출채권매매이익_담보부,0,국내증권사,B,SF205,각주항목(09.06월 이후)
35309,202112,0010138,코리아에셋투자증권,H2,대출채권매매이익_무담보부,0,국내증권사,B,SF205,각주항목(09.06월 이후)
35310,202203,0010138,코리아에셋투자증권,A,채무보증,0,국내증권사,B,SF205,각주항목(09.06월 이후)
35311,202203,0010138,코리아에셋투자증권,A1,채무보증_지급보증,0,국내증권사,B,SF205,각주항목(09.06월 이후)
35312,202203,0010138,코리아에셋투자증권,A2,채무보증_매입보장약정,0,국내증권사,B,SF205,각주항목(09.06월 이후)
35313,202203,0010138,코리아에셋투자증권,A3,채무보증_채무인수약정,0,국내증권사,B,SF205,각주항목(09.06월 이후)
35314,202203,0010138,코리아에셋투자증권,A5,채무보증_매입확약,0,국내증권사,B,SF205,각주항목(09.06월 이후)
35315,202203,0010138,코리아에셋투자증권,A6,채무보증_기타,0,국내증권사,B,SF205,각주항목(09.06월 이후)
35316,202203,0010138,코리아에셋투자증권,B,투자자의 예수증권 등,4308692830856,국내증권사,B,SF205,각주항목(09.06월 이후)
35317,202203,0010138,코리아에셋투자증권,B1,투자자의 예수증권 등_예수 증권,4308692830856,국내증권사,B,SF205,각주항목(09.06월 이후)
35318,202203,0010138,코리아에셋투자증권,B2,투자자의 예수증권 등_예수양도성예금증서,0,국내증권사,B,SF205,각주항목(09.06월 이후)
35319,202203,0010138,코리아에셋투자증권,B3,투자자의 예수증권 등_기타,0,국내증권사,B,SF205,각주항목(09.06월 이후)
35320,202203,0010138,코리아에셋투자증권,C,파생상품계약,0,국내증권사,B,SF205,각주항목(09.06월 이후)
35321,202203,0010138,코리아에셋투자증권,C1,파생상품계약_장내파생상품,0,국내증권사,B,SF205,각주항목(09.06월 이후)
35322,202203,0010138,코리아에셋투자증권,C11,파생상품계약_장내파생상품_이자율관련거래,0,국내증권사,B,SF205,각주항목(09.06월 이후)
35323,202203,0010138,코리아에셋투자증권,C12,파생상품계약_장내파생상품_통화관련거래,0,국내증권사,B,SF205,각주항목(09.06월 이후)
35324,202203,0010138,코리아에셋투자증권,C13,파생상품계약_장내파생상품_주식관련거래,0,국내증권사,B,SF205,각주항목(09.06월 이후)
35325,202203,0010138,코리아에셋투자증권,C14,파생상품계약_장내파생상품_일반상품관련거래,0,국내증권사,B,SF205,각주항목(09.06월 이후)
35326,202203,0010138,코리아에셋투자증권,C15,파생상품계약_장내파생상품_기타,0,국내증권사,B,SF205,각주항목(09.06월 이후)
35327,202203,0010138,코리아에셋투자증권,C2,파생상품계약_장외파생상품,0,국내증권사,B,SF205,각주항목(09.06월 이후)
35328,202203,0010138,코리아에셋투자증권,C21,파생상품계약_장외파생상품_이자율관련거래,0,국내증권사,B,SF205,각주항목(09.06월 이후)
35329,202203,0010138,코리아에셋투자증권,C22,파생상품계약_장외파생상품_통화관련거래,0,국내증권사,B,SF205,각주항목(09.06월 이후)
35330,202203,0010138,코리아에셋투자증권,C23,파생상품계약_장외파생상품_주식관련거래,0,국내증권사,B,SF205,각주항목(09.06월 이후)
35331,202203,0010138,코리아에셋투자증권,C24,파생상품계약_장외파생상품_신용관련거래,0,국내증권사,B,SF205,각주항목(09.06월 이후)
35332,202203,0010138,코리아에셋투자증권,C25,파생상품계약_장외파생상품_기타,0,국내증권사,B,SF205,각주항목(09.06월 이후)
35333,202203,0010138,코리아에셋투자증권,D,대차 및 대주거래,0,국내증권사,B,SF205,각주항목(09.06월 이후)
35334,202203,0010138,코리아에셋투자증권,D1,대차 및 대주거래_대여증권,0,국내증권사,B,SF205,각주항목(09.06월 이후)
35335,202203,0010138,코리아에셋투자증권,D2,대차 및 대주거래_차입증권,0,국내증권사,B,SF205,각주항목(09.06월 이후)
35336,202203,0010138,코리아에셋투자증권,D3,대차 및 대주거래_신용거래대주,0,국내증권사,B,SF205,각주항목(09.06월 이후)
35337,202203,0010138,코리아에셋투자증권,E,대손상각채권,0,국내증권사,B,SF205,각주항목(09.06월 이후)
35338,202203,0010138,코리아에셋투자증권,F,환전업무 예치금,0,국내증권사,B,SF205,각주항목(09.06월 이후)
35339,202203,0010138,코리아에셋투자증권,G,미배당별도예치금,0,국내증권사,B,SF205,각주항목(09.06월 이후)
35340,202203,0010138,코리아에셋투자증권,H,배서어음매출(종금계정),0,국내증권사,B,SF205,각주항목(09.06월 이후)
35341,202203,0010138,코리아에셋투자증권,H1,대출채권매매이익_담보부,0,국내증권사,B,SF205,각주항목(09.06월 이후)
35342,202203,0010138,코리아에셋투자증권,H2,대출채권매매이익_무담보부,0,국내증권사,B,SF205,각주항목(09.06월 이후)
35343,202206,0010138,코리아에셋투자증권,A,채무보증,0,국내증권사,B,SF205,각주항목(09.06월 이후)
35344,202206,0010138,코리아에셋투자증권,A1,채무보증_지급보증,0,국내증권사,B,SF205,각주항목(09.06월 이후)
35345,202206,0010138,코리아에셋투자증권,A2,채무보증_매입보장약정,0,국내증권사,B,SF205,각주항목(09.06월 이후)
35346,202206,0010138,코리아에셋투자증권,A3,채무보증_채무인수약정,0,국내증권사,B,SF205,각주항목(09.06월 이후)
35347,202206,0010138,코리아에셋투자증권,A5,채무보증_매입확약,0,국내증권사,B,SF205,각주항목(09.06월 이후)
35348,202206,0010138,코리아에셋투자증권,A6,채무보증_기타,0,국내증권사,B,SF205,각주항목(09.06월 이후)
35349,202206,0010138,코리아에셋투자증권,B,투자자의 예수증권 등,4483998462721,국내증권사,B,SF205,각주항목(09.06월 이후)
35350,202206,0010138,코리아에셋투자증권,B1,투자자의 예수증권 등_예수 증권,4483998462721,국내증권사,B,SF205,각주항목(09.06월 이후)
35351,202206,0010138,코리아에셋투자증권,B2,투자자의 예수증권 등_예수양도성예금증서,0,국내증권사,B,SF205,각주항목(09.06월 이후)
35352,202206,0010138,코리아에셋투자증권,B3,투자자의 예수증권 등_기타,0,국내증권사,B,SF205,각주항목(09.06월 이후)
35353,202206,0010138,코리아에셋투자증권,C,파생상품계약,0,국내증권사,B,SF205,각주항목(09.06월 이후)
35354,202206,0010138,코리아에셋투자증권,C1,파생상품계약_장내파생상품,0,국내증권사,B,SF205,각주항목(09.06월 이후)
35355,202206,0010138,코리아에셋투자증권,C11,파생상품계약_장내파생상품_이자율관련거래,0,국내증권사,B,SF205,각주항목(09.06월 이후)
35356,202206,0010138,코리아에셋투자증권,C12,파생상품계약_장내파생상품_통화관련거래,0,국내증권사,B,SF205,각주항목(09.06월 이후)
35357,202206,0010138,코리아에셋투자증권,C13,파생상품계약_장내파생상품_주식관련거래,0,국내증권사,B,SF205,각주항목(09.06월 이후)
35358,202206,0010138,코리아에셋투자증권,C14,파생상품계약_장내파생상품_일반상품관련거래,0,국내증권사,B,SF205,각주항목(09.06월 이후)
35359,202206,0010138,코리아에셋투자증권,C15,파생상품계약_장내파생상품_기타,0,국내증권사,B,SF205,각주항목(09.06월 이후)
35360,202206,0010138,코리아에셋투자증권,C2,파생상품계약_장외파생상품,0,국내증권사,B,SF205,각주항목(09.06월 이후)
35361,202206,0010138,코리아에셋투자증권,C21,파생상품계약_장외파생상품_이자율관련거래,0,국내증권사,B,SF205,각주항목(09.06월 이후)
35362,202206,0010138,코리아에셋투자증권,C22,파생상품계약_장외파생상품_통화관련거래,0,국내증권사,B,SF205,각주항목(09.06월 이후)
35363,202206,0010138,코리아에셋투자증권,C23,파생상품계약_장외파생상품_주식관련거래,0,국내증권사,B,SF205,각주항목(09.06월 이후)
35364,202206,0010138,코리아에셋투자증권,C24,파생상품계약_장외파생상품_신용관련거래,0,국내증권사,B,SF205,각주항목(09.06월 이후)
35365,202206,0010138,코리아에셋투자증권,C25,파생상품계약_장외파생상품_기타,0,국내증권사,B,SF205,각주항목(09.06월 이후)
35366,202206,0010138,코리아에셋투자증권,D,대차 및 대주거래,0,국내증권사,B,SF205,각주항목(09.06월 이후)
35367,202206,0010138,코리아에셋투자증권,D1,대차 및 대주거래_대여증권,0,국내증권사,B,SF205,각주항목(09.06월 이후)
35368,202206,0010138,코리아에셋투자증권,D2,대차 및 대주거래_차입증권,0,국내증권사,B,SF205,각주항목(09.06월 이후)
35369,202206,0010138,코리아에셋투자증권,D3,대차 및 대주거래_신용거래대주,0,국내증권사,B,SF205,각주항목(09.06월 이후)
35370,202206,0010138,코리아에셋투자증권,E,대손상각채권,0,국내증권사,B,SF205,각주항목(09.06월 이후)
35371,202206,0010138,코리아에셋투자증권,F,환전업무 예치금,0,국내증권사,B,SF205,각주항목(09.06월 이후)
35372,202206,0010138,코리아에셋투자증권,G,미배당별도예치금,0,국내증권사,B,SF205,각주항목(09.06월 이후)
35373,202206,0010138,코리아에셋투자증권,H,배서어음매출(종금계정),0,국내증권사,B,SF205,각주항목(09.06월 이후)
35374,202206,0010138,코리아에셋투자증권,H1,대출채권매매이익_담보부,0,국내증권사,B,SF205,각주항목(09.06월 이후)
35375,202206,0010138,코리아에셋투자증권,H2,대출채권매매이익_무담보부,0,국내증권사,B,SF205,각주항목(09.06월 이후)
35376,202209,0010138,코리아에셋투자증권,A,채무보증,0,국내증권사,B,SF205,각주항목(09.06월 이후)
35377,202209,0010138,코리아에셋투자증권,A1,채무보증_지급보증,0,국내증권사,B,SF205,각주항목(09.06월 이후)
35378,202209,0010138,코리아에셋투자증권,A2,채무보증_매입보장약정,0,국내증권사,B,SF205,각주항목(09.06월 이후)
35379,202209,0010138,코리아에셋투자증권,A3,채무보증_채무인수약정,0,국내증권사,B,SF205,각주항목(09.06월 이후)
35380,202209,0010138,코리아에셋투자증권,A5,채무보증_매입확약,0,국내증권사,B,SF205,각주항목(09.06월 이후)
35381,202209,0010138,코리아에셋투자증권,A6,채무보증_기타,0,국내증권사,B,SF205,각주항목(09.06월 이후)
35382,202209,0010138,코리아에셋투자증권,B,투자자의 예수증권 등,4233878589132,국내증권사,B,SF205,각주항목(09.06월 이후)
35383,202209,0010138,코리아에셋투자증권,B1,투자자의 예수증권 등_예수 증권,4233878589132,국내증권사,B,SF205,각주항목(09.06월 이후)
35384,202209,0010138,코리아에셋투자증권,B2,투자자의 예수증권 등_예수양도성예금증서,0,국내증권사,B,SF205,각주항목(09.06월 이후)
35385,202209,0010138,코리아에셋투자증권,B3,투자자의 예수증권 등_기타,0,국내증권사,B,SF205,각주항목(09.06월 이후)
35386,202209,0010138,코리아에셋투자증권,C,파생상품계약,0,국내증권사,B,SF205,각주항목(09.06월 이후)
35387,202209,0010138,코리아에셋투자증권,C1,파생상품계약_장내파생상품,0,국내증권사,B,SF205,각주항목(09.06월 이후)
35388,202209,0010138,코리아에셋투자증권,C11,파생상품계약_장내파생상품_이자율관련거래,0,국내증권사,B,SF205,각주항목(09.06월 이후)
35389,202209,0010138,코리아에셋투자증권,C12,파생상품계약_장내파생상품_통화관련거래,0,국내증권사,B,SF205,각주항목(09.06월 이후)
35390,202209,0010138,코리아에셋투자증권,C13,파생상품계약_장내파생상품_주식관련거래,0,국내증권사,B,SF205,각주항목(09.06월 이후)
35391,202209,0010138,코리아에셋투자증권,C14,파생상품계약_장내파생상품_일반상품관련거래,0,국내증권사,B,SF205,각주항목(09.06월 이후)
35392,202209,0010138,코리아에셋투자증권,C15,파생상품계약_장내파생상품_기타,0,국내증권사,B,SF205,각주항목(09.06월 이후)
35393,202209,0010138,코리아에셋투자증권,C2,파생상품계약_장외파생상품,0,국내증권사,B,SF205,각주항목(09.06월 이후)
35394,202209,0010138,코리아에셋투자증권,C21,파생상품계약_장외파생상품_이자율관련거래,0,국내증권사,B,SF205,각주항목(09.06월 이후)
35395,202209,0010138,코리아에셋투자증권,C22,파생상품계약_장외파생상품_통화관련거래,0,국내증권사,B,SF205,각주항목(09.06월 이후)
35396,202209,0010138,코리아에셋투자증권,C23,파생상품계약_장외파생상품_주식관련거래,0,국내증권사,B,SF205,각주항목(09.06월 이후)
35397,202209,0010138,코리아에셋투자증권,C24,파생상품계약_장외파생상품_신용관련거래,0,국내증권사,B,SF205,각주항목(09.06월 이후)
35398,202209,0010138,코리아에셋투자증권,C25,파생상품계약_장외파생상품_기타,0,국내증권사,B,SF205,각주항목(09.06월 이후)
35399,202209,0010138,코리아에셋투자증권,D,대차 및 대주거래,0,국내증권사,B,SF205,각주항목(09.06월 이후)
35400,202209,0010138,코리아에셋투자증권,D1,대차 및 대주거래_대여증권,0,국내증권사,B,SF205,각주항목(09.06월 이후)
35401,202209,0010138,코리아에셋투자증권,D2,대차 및 대주거래_차입증권,0,국내증권사,B,SF205,각주항목(09.06월 이후)
35402,202209,0010138,코리아에셋투자증권,D3,대차 및 대주거래_신용거래대주,0,국내증권사,B,SF205,각주항목(09.06월 이후)
35403,202209,0010138,코리아에셋투자증권,E,대손상각채권,0,국내증권사,B,SF205,각주항목(09.06월 이후)
35404,202209,0010138,코리아에셋투자증권,F,환전업무 예치금,0,국내증권사,B,SF205,각주항목(09.06월 이후)
35405,202209,0010138,코리아에셋투자증권,G,미배당별도예치금,0,국내증권사,B,SF205,각주항목(09.06월 이후)
35406,202209,0010138,코리아에셋투자증권,H,배서어음매출(종금계정),0,국내증권사,B,SF205,각주항목(09.06월 이후)
35407,202209,0010138,코리아에셋투자증권,H1,대출채권매매이익_담보부,0,국내증권사,B,SF205,각주항목(09.06월 이후)
35408,202209,0010138,코리아에셋투자증권,H2,대출채권매매이익_무담보부,0,국내증권사,B,SF205,각주항목(09.06월 이후)
35409,202212,0010138,코리아에셋투자증권,A,채무보증,0,국내증권사,B,SF205,각주항목(09.06월 이후)
35410,202212,0010138,코리아에셋투자증권,A1,채무보증_지급보증,0,국내증권사,B,SF205,각주항목(09.06월 이후)
35411,202212,0010138,코리아에셋투자증권,A2,채무보증_매입보장약정,0,국내증권사,B,SF205,각주항목(09.06월 이후)
35412,202212,0010138,코리아에셋투자증권,A3,채무보증_채무인수약정,0,국내증권사,B,SF205,각주항목(09.06월 이후)
35413,202212,0010138,코리아에셋투자증권,A5,채무보증_매입확약,0,국내증권사,B,SF205,각주항목(09.06월 이후)
35414,202212,0010138,코리아에셋투자증권,A6,채무보증_기타,0,국내증권사,B,SF205,각주항목(09.06월 이후)
35415,202212,0010138,코리아에셋투자증권,B,투자자의 예수증권 등,5167434414109,국내증권사,B,SF205,각주항목(09.06월 이후)
35416,202212,0010138,코리아에셋투자증권,B1,투자자의 예수증권 등_예수 증권,5167434414109,국내증권사,B,SF205,각주항목(09.06월 이후)
35417,202212,0010138,코리아에셋투자증권,B2,투자자의 예수증권 등_예수양도성예금증서,0,국내증권사,B,SF205,각주항목(09.06월 이후)
35418,202212,0010138,코리아에셋투자증권,B3,투자자의 예수증권 등_기타,0,국내증권사,B,SF205,각주항목(09.06월 이후)
35419,202212,0010138,코리아에셋투자증권,C,파생상품계약,0,국내증권사,B,SF205,각주항목(09.06월 이후)
35420,202212,0010138,코리아에셋투자증권,C1,파생상품계약_장내파생상품,0,국내증권사,B,SF205,각주항목(09.06월 이후)
35421,202212,0010138,코리아에셋투자증권,C11,파생상품계약_장내파생상품_이자율관련거래,0,국내증권사,B,SF205,각주항목(09.06월 이후)
35422,202212,0010138,코리아에셋투자증권,C12,파생상품계약_장내파생상품_통화관련거래,0,국내증권사,B,SF205,각주항목(09.06월 이후)
35423,202212,0010138,코리아에셋투자증권,C13,파생상품계약_장내파생상품_주식관련거래,0,국내증권사,B,SF205,각주항목(09.06월 이후)
35424,202212,0010138,코리아에셋투자증권,C14,파생상품계약_장내파생상품_일반상품관련거래,0,국내증권사,B,SF205,각주항목(09.06월 이후)
35425,202212,0010138,코리아에셋투자증권,C15,파생상품계약_장내파생상품_기타,0,국내증권사,B,SF205,각주항목(09.06월 이후)
35426,202212,0010138,코리아에셋투자증권,C2,파생상품계약_장외파생상품,0,국내증권사,B,SF205,각주항목(09.06월 이후)
35427,202212,0010138,코리아에셋투자증권,C21,파생상품계약_장외파생상품_이자율관련거래,0,국내증권사,B,SF205,각주항목(09.06월 이후)
35428,202212,0010138,코리아에셋투자증권,C22,파생상품계약_장외파생상품_통화관련거래,0,국내증권사,B,SF205,각주항목(09.06월 이후)
35429,202212,0010138,코리아에셋투자증권,C23,파생상품계약_장외파생상품_주식관련거래,0,국내증권사,B,SF205,각주항목(09.06월 이후)
35430,202212,0010138,코리아에셋투자증권,C24,파생상품계약_장외파생상품_신용관련거래,0,국내증권사,B,SF205,각주항목(09.06월 이후)
35431,202212,0010138,코리아에셋투자증권,C25,파생상품계약_장외파생상품_기타,0,국내증권사,B,SF205,각주항목(09.06월 이후)
35432,202212,0010138,코리아에셋투자증권,D,대차 및 대주거래,0,국내증권사,B,SF205,각주항목(09.06월 이후)
35433,202212,0010138,코리아에셋투자증권,D1,대차 및 대주거래_대여증권,0,국내증권사,B,SF205,각주항목(09.06월 이후)
35434,202212,0010138,코리아에셋투자증권,D2,대차 및 대주거래_차입증권,0,국내증권사,B,SF205,각주항목(09.06월 이후)
35435,202212,0010138,코리아에셋투자증권,D3,대차 및 대주거래_신용거래대주,0,국내증권사,B,SF205,각주항목(09.06월 이후)
35436,202212,0010138,코리아에셋투자증권,E,대손상각채권,0,국내증권사,B,SF205,각주항목(09.06월 이후)
35437,202212,0010138,코리아에셋투자증권,F,환전업무 예치금,0,국내증권사,B,SF205,각주항목(09.06월 이후)
35438,202212,0010138,코리아에셋투자증권,G,미배당별도예치금,0,국내증권사,B,SF205,각주항목(09.06월 이후)
35439,202212,0010138,코리아에셋투자증권,H,배서어음매출(종금계정),0,국내증권사,B,SF205,각주항목(09.06월 이후)
35440,202212,0010138,코리아에셋투자증권,H1,대출채권매매이익_담보부,0,국내증권사,B,SF205,각주항목(09.06월 이후)
35441,202212,0010138,코리아에셋투자증권,H2,대출채권매매이익_무담보부,0,국내증권사,B,SF205,각주항목(09.06월 이후)
35442,202303,0010138,코리아에셋투자증권,A,채무보증,0,국내증권사,B,SF205,각주항목(09.06월 이후)
35443,202303,0010138,코리아에셋투자증권,A1,채무보증_지급보증,0,국내증권사,B,SF205,각주항목(09.06월 이후)
35444,202303,0010138,코리아에셋투자증권,A2,채무보증_매입보장약정,0,국내증권사,B,SF205,각주항목(09.06월 이후)
35445,202303,0010138,코리아에셋투자증권,A3,채무보증_채무인수약정,0,국내증권사,B,SF205,각주항목(09.06월 이후)
35446,202303,0010138,코리아에셋투자증권,A5,채무보증_매입확약,0,국내증권사,B,SF205,각주항목(09.06월 이후)
35447,202303,0010138,코리아에셋투자증권,A6,채무보증_기타,0,국내증권사,B,SF205,각주항목(09.06월 이후)
35448,202303,0010138,코리아에셋투자증권,B,투자자의 예수증권 등,5435303651783,국내증권사,B,SF205,각주항목(09.06월 이후)
35449,202303,0010138,코리아에셋투자증권,B1,투자자의 예수증권 등_예수 증권,5435303651783,국내증권사,B,SF205,각주항목(09.06월 이후)
35450,202303,0010138,코리아에셋투자증권,B2,투자자의 예수증권 등_예수양도성예금증서,0,국내증권사,B,SF205,각주항목(09.06월 이후)
35451,202303,0010138,코리아에셋투자증권,B3,투자자의 예수증권 등_기타,0,국내증권사,B,SF205,각주항목(09.06월 이후)
35452,202303,0010138,코리아에셋투자증권,C,파생상품계약,0,국내증권사,B,SF205,각주항목(09.06월 이후)
35453,202303,0010138,코리아에셋투자증권,C1,파생상품계약_장내파생상품,0,국내증권사,B,SF205,각주항목(09.06월 이후)
35454,202303,0010138,코리아에셋투자증권,C11,파생상품계약_장내파생상품_이자율관련거래,0,국내증권사,B,SF205,각주항목(09.06월 이후)
35455,202303,0010138,코리아에셋투자증권,C12,파생상품계약_장내파생상품_통화관련거래,0,국내증권사,B,SF205,각주항목(09.06월 이후)
35456,202303,0010138,코리아에셋투자증권,C13,파생상품계약_장내파생상품_주식관련거래,0,국내증권사,B,SF205,각주항목(09.06월 이후)
35457,202303,0010138,코리아에셋투자증권,C14,파생상품계약_장내파생상품_일반상품관련거래,0,국내증권사,B,SF205,각주항목(09.06월 이후)
35458,202303,0010138,코리아에셋투자증권,C15,파생상품계약_장내파생상품_기타,0,국내증권사,B,SF205,각주항목(09.06월 이후)
35459,202303,0010138,코리아에셋투자증권,C2,파생상품계약_장외파생상품,0,국내증권사,B,SF205,각주항목(09.06월 이후)
35460,202303,0010138,코리아에셋투자증권,C21,파생상품계약_장외파생상품_이자율관련거래,0,국내증권사,B,SF205,각주항목(09.06월 이후)
35461,202303,0010138,코리아에셋투자증권,C22,파생상품계약_장외파생상품_통화관련거래,0,국내증권사,B,SF205,각주항목(09.06월 이후)
35462,202303,0010138,코리아에셋투자증권,C23,파생상품계약_장외파생상품_주식관련거래,0,국내증권사,B,SF205,각주항목(09.06월 이후)
35463,202303,0010138,코리아에셋투자증권,C24,파생상품계약_장외파생상품_신용관련거래,0,국내증권사,B,SF205,각주항목(09.06월 이후)
35464,202303,0010138,코리아에셋투자증권,C25,파생상품계약_장외파생상품_기타,0,국내증권사,B,SF205,각주항목(09.06월 이후)
35465,202303,0010138,코리아에셋투자증권,D,대차 및 대주거래,0,국내증권사,B,SF205,각주항목(09.06월 이후)
35466,202303,0010138,코리아에셋투자증권,D1,대차 및 대주거래_대여증권,0,국내증권사,B,SF205,각주항목(09.06월 이후)
35467,202303,0010138,코리아에셋투자증권,D2,대차 및 대주거래_차입증권,0,국내증권사,B,SF205,각주항목(09.06월 이후)
35468,202303,0010138,코리아에셋투자증권,D3,대차 및 대주거래_신용거래대주,0,국내증권사,B,SF205,각주항목(09.06월 이후)
35469,202303,0010138,코리아에셋투자증권,E,대손상각채권,0,국내증권사,B,SF205,각주항목(09.06월 이후)
35470,202303,0010138,코리아에셋투자증권,F,환전업무 예치금,0,국내증권사,B,SF205,각주항목(09.06월 이후)
35471,202303,0010138,코리아에셋투자증권,G,미배당별도예치금,0,국내증권사,B,SF205,각주항목(09.06월 이후)
35472,202303,0010138,코리아에셋투자증권,H,배서어음매출(종금계정),0,국내증권사,B,SF205,각주항목(09.06월 이후)
35473,202303,0010138,코리아에셋투자증권,H1,대출채권매매이익_담보부,0,국내증권사,B,SF205,각주항목(09.06월 이후)
35474,202303,0010138,코리아에셋투자증권,H2,대출채권매매이익_무담보부,0,국내증권사,B,SF205,각주항목(09.06월 이후)
35475,202306,0010138,코리아에셋투자증권,A,채무보증,0,국내증권사,B,SF205,각주항목(09.06월 이후)
35476,202306,0010138,코리아에셋투자증권,A1,채무보증_지급보증,0,국내증권사,B,SF205,각주항목(09.06월 이후)
35477,202306,0010138,코리아에셋투자증권,A2,채무보증_매입보장약정,0,국내증권사,B,SF205,각주항목(09.06월 이후)
35478,202306,0010138,코리아에셋투자증권,A3,채무보증_채무인수약정,0,국내증권사,B,SF205,각주항목(09.06월 이후)
35479,202306,0010138,코리아에셋투자증권,A5,채무보증_매입확약,0,국내증권사,B,SF205,각주항목(09.06월 이후)
35480,202306,0010138,코리아에셋투자증권,A6,채무보증_기타,0,국내증권사,B,SF205,각주항목(09.06월 이후)
35481,202306,0010138,코리아에셋투자증권,B,투자자의 예수증권 등,5333751231427,국내증권사,B,SF205,각주항목(09.06월 이후)
35482,202306,0010138,코리아에셋투자증권,B1,투자자의 예수증권 등_예수 증권,5333751231427,국내증권사,B,SF205,각주항목(09.06월 이후)
35483,202306,0010138,코리아에셋투자증권,B2,투자자의 예수증권 등_예수양도성예금증서,0,국내증권사,B,SF205,각주항목(09.06월 이후)
35484,202306,0010138,코리아에셋투자증권,B3,투자자의 예수증권 등_기타,0,국내증권사,B,SF205,각주항목(09.06월 이후)
35485,202306,0010138,코리아에셋투자증권,C,파생상품계약,0,국내증권사,B,SF205,각주항목(09.06월 이후)
35486,202306,0010138,코리아에셋투자증권,C1,파생상품계약_장내파생상품,0,국내증권사,B,SF205,각주항목(09.06월 이후)
35487,202306,0010138,코리아에셋투자증권,C11,파생상품계약_장내파생상품_이자율관련거래,0,국내증권사,B,SF205,각주항목(09.06월 이후)
35488,202306,0010138,코리아에셋투자증권,C12,파생상품계약_장내파생상품_통화관련거래,0,국내증권사,B,SF205,각주항목(09.06월 이후)
35489,202306,0010138,코리아에셋투자증권,C13,파생상품계약_장내파생상품_주식관련거래,0,국내증권사,B,SF205,각주항목(09.06월 이후)
35490,202306,0010138,코리아에셋투자증권,C14,파생상품계약_장내파생상품_일반상품관련거래,0,국내증권사,B,SF205,각주항목(09.06월 이후)
35491,202306,0010138,코리아에셋투자증권,C15,파생상품계약_장내파생상품_기타,0,국내증권사,B,SF205,각주항목(09.06월 이후)
35492,202306,0010138,코리아에셋투자증권,C2,파생상품계약_장외파생상품,0,국내증권사,B,SF205,각주항목(09.06월 이후)
35493,202306,0010138,코리아에셋투자증권,C21,파생상품계약_장외파생상품_이자율관련거래,0,국내증권사,B,SF205,각주항목(09.06월 이후)
35494,202306,0010138,코리아에셋투자증권,C22,파생상품계약_장외파생상품_통화관련거래,0,국내증권사,B,SF205,각주항목(09.06월 이후)
35495,202306,0010138,코리아에셋투자증권,C23,파생상품계약_장외파생상품_주식관련거래,0,국내증권사,B,SF205,각주항목(09.06월 이후)
35496,202306,0010138,코리아에셋투자증권,C24,파생상품계약_장외파생상품_신용관련거래,0,국내증권사,B,SF205,각주항목(09.06월 이후)
35497,202306,0010138,코리아에셋투자증권,C25,파생상품계약_장외파생상품_기타,0,국내증권사,B,SF205,각주항목(09.06월 이후)
35498,202306,0010138,코리아에셋투자증권,D,대차 및 대주거래,0,국내증권사,B,SF205,각주항목(09.06월 이후)
35499,202306,0010138,코리아에셋투자증권,D1,대차 및 대주거래_대여증권,0,국내증권사,B,SF205,각주항목(09.06월 이후)
35500,202306,0010138,코리아에셋투자증권,D2,대차 및 대주거래_차입증권,0,국내증권사,B,SF205,각주항목(09.06월 이후)
35501,202306,0010138,코리아에셋투자증권,D3,대차 및 대주거래_신용거래대주,0,국내증권사,B,SF205,각주항목(09.06월 이후)
35502,202306,0010138,코리아에셋투자증권,E,대손상각채권,2289576103,국내증권사,B,SF205,각주항목(09.06월 이후)
35503,202306,0010138,코리아에셋투자증권,F,환전업무 예치금,0,국내증권사,B,SF205,각주항목(09.06월 이후)
35504,202306,0010138,코리아에셋투자증권,G,미배당별도예치금,0,국내증권사,B,SF205,각주항목(09.06월 이후)
35505,202306,0010138,코리아에셋투자증권,H,배서어음매출(종금계정),0,국내증권사,B,SF205,각주항목(09.06월 이후)
35506,202306,0010138,코리아에셋투자증권,H1,대출채권매매이익_담보부,0,국내증권사,B,SF205,각주항목(09.06월 이후)
35507,202306,0010138,코리아에셋투자증권,H2,대출채권매매이익_무담보부,0,국내증권사,B,SF205,각주항목(09.06월 이후)
35508,202309,0010138,코리아에셋투자증권,A,채무보증,0,국내증권사,B,SF205,각주항목(09.06월 이후)
35509,202309,0010138,코리아에셋투자증권,A1,채무보증_지급보증,0,국내증권사,B,SF205,각주항목(09.06월 이후)
35510,202309,0010138,코리아에셋투자증권,A2,채무보증_매입보장약정,0,국내증권사,B,SF205,각주항목(09.06월 이후)
35511,202309,0010138,코리아에셋투자증권,A3,채무보증_채무인수약정,0,국내증권사,B,SF205,각주항목(09.06월 이후)
35512,202309,0010138,코리아에셋투자증권,A5,채무보증_매입확약,0,국내증권사,B,SF205,각주항목(09.06월 이후)
35513,202309,0010138,코리아에셋투자증권,A6,채무보증_기타,0,국내증권사,B,SF205,각주항목(09.06월 이후)
35514,202309,0010138,코리아에셋투자증권,B,투자자의 예수증권 등,5358873672111,국내증권사,B,SF205,각주항목(09.06월 이후)
35515,202309,0010138,코리아에셋투자증권,B1,투자자의 예수증권 등_예수 증권,5358873672111,국내증권사,B,SF205,각주항목(09.06월 이후)
35516,202309,0010138,코리아에셋투자증권,B2,투자자의 예수증권 등_예수양도성예금증서,0,국내증권사,B,SF205,각주항목(09.06월 이후)
35517,202309,0010138,코리아에셋투자증권,B3,투자자의 예수증권 등_기타,0,국내증권사,B,SF205,각주항목(09.06월 이후)
35518,202309,0010138,코리아에셋투자증권,C,파생상품계약,0,국내증권사,B,SF205,각주항목(09.06월 이후)
35519,202309,0010138,코리아에셋투자증권,C1,파생상품계약_장내파생상품,0,국내증권사,B,SF205,각주항목(09.06월 이후)
35520,202309,0010138,코리아에셋투자증권,C11,파생상품계약_장내파생상품_이자율관련거래,0,국내증권사,B,SF205,각주항목(09.06월 이후)
35521,202309,0010138,코리아에셋투자증권,C12,파생상품계약_장내파생상품_통화관련거래,0,국내증권사,B,SF205,각주항목(09.06월 이후)
35522,202309,0010138,코리아에셋투자증권,C13,파생상품계약_장내파생상품_주식관련거래,0,국내증권사,B,SF205,각주항목(09.06월 이후)
35523,202309,0010138,코리아에셋투자증권,C14,파생상품계약_장내파생상품_일반상품관련거래,0,국내증권사,B,SF205,각주항목(09.06월 이후)
35524,202309,0010138,코리아에셋투자증권,C15,파생상품계약_장내파생상품_기타,0,국내증권사,B,SF205,각주항목(09.06월 이후)
35525,202309,0010138,코리아에셋투자증권,C2,파생상품계약_장외파생상품,0,국내증권사,B,SF205,각주항목(09.06월 이후)
35526,202309,0010138,코리아에셋투자증권,C21,파생상품계약_장외파생상품_이자율관련거래,0,국내증권사,B,SF205,각주항목(09.06월 이후)
35527,202309,0010138,코리아에셋투자증권,C22,파생상품계약_장외파생상품_통화관련거래,0,국내증권사,B,SF205,각주항목(09.06월 이후)
35528,202309,0010138,코리아에셋투자증권,C23,파생상품계약_장외파생상품_주식관련거래,0,국내증권사,B,SF205,각주항목(09.06월 이후)
35529,202309,0010138,코리아에셋투자증권,C24,파생상품계약_장외파생상품_신용관련거래,0,국내증권사,B,SF205,각주항목(09.06월 이후)
35530,202309,0010138,코리아에셋투자증권,C25,파생상품계약_장외파생상품_기타,0,국내증권사,B,SF205,각주항목(09.06월 이후)
35531,202309,0010138,코리아에셋투자증권,D,대차 및 대주거래,0,국내증권사,B,SF205,각주항목(09.06월 이후)
35532,202309,0010138,코리아에셋투자증권,D1,대차 및 대주거래_대여증권,0,국내증권사,B,SF205,각주항목(09.06월 이후)
35533,202309,0010138,코리아에셋투자증권,D2,대차 및 대주거래_차입증권,0,국내증권사,B,SF205,각주항목(09.06월 이후)
35534,202309,0010138,코리아에셋투자증권,D3,대차 및 대주거래_신용거래대주,0,국내증권사,B,SF205,각주항목(09.06월 이후)
35535,202309,0010138,코리아에셋투자증권,E,대손상각채권,2289576103,국내증권사,B,SF205,각주항목(09.06월 이후)
35536,202309,0010138,코리아에셋투자증권,F,환전업무 예치금,0,국내증권사,B,SF205,각주항목(09.06월 이후)
35537,202309,0010138,코리아에셋투자증권,G,미배당별도예치금,0,국내증권사,B,SF205,각주항목(09.06월 이후)
35538,202309,0010138,코리아에셋투자증권,H,배서어음매출(종금계정),0,국내증권사,B,SF205,각주항목(09.06월 이후)
35539,202309,0010138,코리아에셋투자증권,H1,대출채권매매이익_담보부,0,국내증권사,B,SF205,각주항목(09.06월 이후)
35540,202309,0010138,코리아에셋투자증권,H2,대출채권매매이익_무담보부,0,국내증권사,B,SF205,각주항목(09.06월 이후)
35541,202312,0010138,코리아에셋투자증권,A,채무보증,0,국내증권사,B,SF205,각주항목(09.06월 이후)
35542,202312,0010138,코리아에셋투자증권,A1,채무보증_지급보증,0,국내증권사,B,SF205,각주항목(09.06월 이후)
35543,202312,0010138,코리아에셋투자증권,A2,채무보증_매입보장약정,0,국내증권사,B,SF205,각주항목(09.06월 이후)
35544,202312,0010138,코리아에셋투자증권,A3,채무보증_채무인수약정,0,국내증권사,B,SF205,각주항목(09.06월 이후)
35545,202312,0010138,코리아에셋투자증권,A5,채무보증_매입확약,0,국내증권사,B,SF205,각주항목(09.06월 이후)
35546,202312,0010138,코리아에셋투자증권,A6,채무보증_기타,0,국내증권사,B,SF205,각주항목(09.06월 이후)
35547,202312,0010138,코리아에셋투자증권,B,투자자의 예수증권 등,5724819210650,국내증권사,B,SF205,각주항목(09.06월 이후)
35548,202312,0010138,코리아에셋투자증권,B1,투자자의 예수증권 등_예수 증권,5724819210650,국내증권사,B,SF205,각주항목(09.06월 이후)
35549,202312,0010138,코리아에셋투자증권,B2,투자자의 예수증권 등_예수양도성예금증서,0,국내증권사,B,SF205,각주항목(09.06월 이후)
35550,202312,0010138,코리아에셋투자증권,B3,투자자의 예수증권 등_기타,0,국내증권사,B,SF205,각주항목(09.06월 이후)
35551,202312,0010138,코리아에셋투자증권,C,파생상품계약,0,국내증권사,B,SF205,각주항목(09.06월 이후)
35552,202312,0010138,코리아에셋투자증권,C1,파생상품계약_장내파생상품,0,국내증권사,B,SF205,각주항목(09.06월 이후)
35553,202312,0010138,코리아에셋투자증권,C11,파생상품계약_장내파생상품_이자율관련거래,0,국내증권사,B,SF205,각주항목(09.06월 이후)
35554,202312,0010138,코리아에셋투자증권,C12,파생상품계약_장내파생상품_통화관련거래,0,국내증권사,B,SF205,각주항목(09.06월 이후)
35555,202312,0010138,코리아에셋투자증권,C13,파생상품계약_장내파생상품_주식관련거래,0,국내증권사,B,SF205,각주항목(09.06월 이후)
35556,202312,0010138,코리아에셋투자증권,C14,파생상품계약_장내파생상품_일반상품관련거래,0,국내증권사,B,SF205,각주항목(09.06월 이후)
35557,202312,0010138,코리아에셋투자증권,C15,파생상품계약_장내파생상품_기타,0,국내증권사,B,SF205,각주항목(09.06월 이후)
35558,202312,0010138,코리아에셋투자증권,C2,파생상품계약_장외파생상품,0,국내증권사,B,SF205,각주항목(09.06월 이후)
35559,202312,0010138,코리아에셋투자증권,C21,파생상품계약_장외파생상품_이자율관련거래,0,국내증권사,B,SF205,각주항목(09.06월 이후)
35560,202312,0010138,코리아에셋투자증권,C22,파생상품계약_장외파생상품_통화관련거래,0,국내증권사,B,SF205,각주항목(09.06월 이후)
35561,202312,0010138,코리아에셋투자증권,C23,파생상품계약_장외파생상품_주식관련거래,0,국내증권사,B,SF205,각주항목(09.06월 이후)
35562,202312,0010138,코리아에셋투자증권,C24,파생상품계약_장외파생상품_신용관련거래,0,국내증권사,B,SF205,각주항목(09.06월 이후)
35563,202312,0010138,코리아에셋투자증권,C25,파생상품계약_장외파생상품_기타,0,국내증권사,B,SF205,각주항목(09.06월 이후)
35564,202312,0010138,코리아에셋투자증권,D,대차 및 대주거래,0,국내증권사,B,SF205,각주항목(09.06월 이후)
35565,202312,0010138,코리아에셋투자증권,D1,대차 및 대주거래_대여증권,0,국내증권사,B,SF205,각주항목(09.06월 이후)
35566,202312,0010138,코리아에셋투자증권,D2,대차 및 대주거래_차입증권,0,국내증권사,B,SF205,각주항목(09.06월 이후)
35567,202312,0010138,코리아에셋투자증권,D3,대차 및 대주거래_신용거래대주,0,국내증권사,B,SF205,각주항목(09.06월 이후)
35568,202312,0010138,코리아에셋투자증권,E,대손상각채권,2289576103,국내증권사,B,SF205,각주항목(09.06월 이후)
35569,202312,0010138,코리아에셋투자증권,F,환전업무 예치금,0,국내증권사,B,SF205,각주항목(09.06월 이후)
35570,202312,0010138,코리아에셋투자증권,G,미배당별도예치금,0,국내증권사,B,SF205,각주항목(09.06월 이후)
35571,202312,0010138,코리아에셋투자증권,H,배서어음매출(종금계정),0,국내증권사,B,SF205,각주항목(09.06월 이후)
35572,202312,0010138,코리아에셋투자증권,H1,대출채권매매이익_담보부,0,국내증권사,B,SF205,각주항목(09.06월 이후)
35573,202312,0010138,코리아에셋투자증권,H2,대출채권매매이익_무담보부,0,국내증권사,B,SF205,각주항목(09.06월 이후)
35574,202403,0010138,코리아에셋투자증권,A,채무보증,0,국내증권사,B,SF205,각주항목(09.06월 이후)
35575,202403,0010138,코리아에셋투자증권,A1,채무보증_지급보증,0,국내증권사,B,SF205,각주항목(09.06월 이후)
35576,202403,0010138,코리아에셋투자증권,A2,채무보증_매입보장약정,0,국내증권사,B,SF205,각주항목(09.06월 이후)
35577,202403,0010138,코리아에셋투자증권,A3,채무보증_채무인수약정,0,국내증권사,B,SF205,각주항목(09.06월 이후)
35578,202403,0010138,코리아에셋투자증권,A5,채무보증_매입확약,0,국내증권사,B,SF205,각주항목(09.06월 이후)
35579,202403,0010138,코리아에셋투자증권,A6,채무보증_기타,0,국내증권사,B,SF205,각주항목(09.06월 이후)
35580,202403,0010138,코리아에셋투자증권,B,투자자의 예수증권 등,5442483324601,국내증권사,B,SF205,각주항목(09.06월 이후)
35581,202403,0010138,코리아에셋투자증권,B1,투자자의 예수증권 등_예수 증권,5442483324601,국내증권사,B,SF205,각주항목(09.06월 이후)
35582,202403,0010138,코리아에셋투자증권,B2,투자자의 예수증권 등_예수양도성예금증서,0,국내증권사,B,SF205,각주항목(09.06월 이후)
35583,202403,0010138,코리아에셋투자증권,B3,투자자의 예수증권 등_기타,0,국내증권사,B,SF205,각주항목(09.06월 이후)
35584,202403,0010138,코리아에셋투자증권,C,파생상품계약,0,국내증권사,B,SF205,각주항목(09.06월 이후)
35585,202403,0010138,코리아에셋투자증권,C1,파생상품계약_장내파생상품,0,국내증권사,B,SF205,각주항목(09.06월 이후)
35586,202403,0010138,코리아에셋투자증권,C11,파생상품계약_장내파생상품_이자율관련거래,0,국내증권사,B,SF205,각주항목(09.06월 이후)
35587,202403,0010138,코리아에셋투자증권,C12,파생상품계약_장내파생상품_통화관련거래,0,국내증권사,B,SF205,각주항목(09.06월 이후)
35588,202403,0010138,코리아에셋투자증권,C13,파생상품계약_장내파생상품_주식관련거래,0,국내증권사,B,SF205,각주항목(09.06월 이후)
35589,202403,0010138,코리아에셋투자증권,C14,파생상품계약_장내파생상품_일반상품관련거래,0,국내증권사,B,SF205,각주항목(09.06월 이후)
35590,202403,0010138,코리아에셋투자증권,C15,파생상품계약_장내파생상품_기타,0,국내증권사,B,SF205,각주항목(09.06월 이후)
35591,202403,0010138,코리아에셋투자증권,C2,파생상품계약_장외파생상품,0,국내증권사,B,SF205,각주항목(09.06월 이후)
35592,202403,0010138,코리아에셋투자증권,C21,파생상품계약_장외파생상품_이자율관련거래,0,국내증권사,B,SF205,각주항목(09.06월 이후)
35593,202403,0010138,코리아에셋투자증권,C22,파생상품계약_장외파생상품_통화관련거래,0,국내증권사,B,SF205,각주항목(09.06월 이후)
35594,202403,0010138,코리아에셋투자증권,C23,파생상품계약_장외파생상품_주식관련거래,0,국내증권사,B,SF205,각주항목(09.06월 이후)
35595,202403,0010138,코리아에셋투자증권,C24,파생상품계약_장외파생상품_신용관련거래,0,국내증권사,B,SF205,각주항목(09.06월 이후)
35596,202403,0010138,코리아에셋투자증권,C25,파생상품계약_장외파생상품_기타,0,국내증권사,B,SF205,각주항목(09.06월 이후)
35597,202403,0010138,코리아에셋투자증권,D,대차 및 대주거래,0,국내증권사,B,SF205,각주항목(09.06월 이후)
35598,202403,0010138,코리아에셋투자증권,D1,대차 및 대주거래_대여증권,0,국내증권사,B,SF205,각주항목(09.06월 이후)
35599,202403,0010138,코리아에셋투자증권,D2,대차 및 대주거래_차입증권,0,국내증권사,B,SF205,각주항목(09.06월 이후)
35600,202403,0010138,코리아에셋투자증권,D3,대차 및 대주거래_신용거래대주,0,국내증권사,B,SF205,각주항목(09.06월 이후)
35601,202403,0010138,코리아에셋투자증권,E,대손상각채권,2289576103,국내증권사,B,SF205,각주항목(09.06월 이후)
35602,202403,0010138,코리아에셋투자증권,F,환전업무 예치금,0,국내증권사,B,SF205,각주항목(09.06월 이후)
35603,202403,0010138,코리아에셋투자증권,G,미배당별도예치금,0,국내증권사,B,SF205,각주항목(09.06월 이후)
35604,202403,0010138,코리아에셋투자증권,H,배서어음매출(종금계정),0,국내증권사,B,SF205,각주항목(09.06월 이후)
35605,202403,0010138,코리아에셋투자증권,H1,대출채권매매이익_담보부,0,국내증권사,B,SF205,각주항목(09.06월 이후)
35606,202403,0010138,코리아에셋투자증권,H2,대출채권매매이익_무담보부,0,국내증권사,B,SF205,각주항목(09.06월 이후)
35607,202406,0010138,코리아에셋투자증권,A,채무보증,0,국내증권사,B,SF205,각주항목(09.06월 이후)
35608,202406,0010138,코리아에셋투자증권,A1,채무보증_지급보증,0,국내증권사,B,SF205,각주항목(09.06월 이후)
35609,202406,0010138,코리아에셋투자증권,A2,채무보증_매입보장약정,0,국내증권사,B,SF205,각주항목(09.06월 이후)
35610,202406,0010138,코리아에셋투자증권,A3,채무보증_채무인수약정,0,국내증권사,B,SF205,각주항목(09.06월 이후)
35611,202406,0010138,코리아에셋투자증권,A5,채무보증_매입확약,0,국내증권사,B,SF205,각주항목(09.06월 이후)
35612,202406,0010138,코리아에셋투자증권,A6,채무보증_기타,0,국내증권사,B,SF205,각주항목(09.06월 이후)
35613,202406,0010138,코리아에셋투자증권,B,투자자의 예수증권 등,5622700990659,국내증권사,B,SF205,각주항목(09.06월 이후)
35614,202406,0010138,코리아에셋투자증권,B1,투자자의 예수증권 등_예수 증권,5622700990659,국내증권사,B,SF205,각주항목(09.06월 이후)
35615,202406,0010138,코리아에셋투자증권,B2,투자자의 예수증권 등_예수양도성예금증서,0,국내증권사,B,SF205,각주항목(09.06월 이후)
35616,202406,0010138,코리아에셋투자증권,B3,투자자의 예수증권 등_기타,0,국내증권사,B,SF205,각주항목(09.06월 이후)
35617,202406,0010138,코리아에셋투자증권,C,파생상품계약,0,국내증권사,B,SF205,각주항목(09.06월 이후)
35618,202406,0010138,코리아에셋투자증권,C1,파생상품계약_장내파생상품,0,국내증권사,B,SF205,각주항목(09.06월 이후)
35619,202406,0010138,코리아에셋투자증권,C11,파생상품계약_장내파생상품_이자율관련거래,0,국내증권사,B,SF205,각주항목(09.06월 이후)
35620,202406,0010138,코리아에셋투자증권,C12,파생상품계약_장내파생상품_통화관련거래,0,국내증권사,B,SF205,각주항목(09.06월 이후)
35621,202406,0010138,코리아에셋투자증권,C13,파생상품계약_장내파생상품_주식관련거래,0,국내증권사,B,SF205,각주항목(09.06월 이후)
35622,202406,0010138,코리아에셋투자증권,C14,파생상품계약_장내파생상품_일반상품관련거래,0,국내증권사,B,SF205,각주항목(09.06월 이후)
35623,202406,0010138,코리아에셋투자증권,C15,파생상품계약_장내파생상품_기타,0,국내증권사,B,SF205,각주항목(09.06월 이후)
35624,202406,0010138,코리아에셋투자증권,C2,파생상품계약_장외파생상품,0,국내증권사,B,SF205,각주항목(09.06월 이후)
35625,202406,0010138,코리아에셋투자증권,C21,파생상품계약_장외파생상품_이자율관련거래,0,국내증권사,B,SF205,각주항목(09.06월 이후)
35626,202406,0010138,코리아에셋투자증권,C22,파생상품계약_장외파생상품_통화관련거래,0,국내증권사,B,SF205,각주항목(09.06월 이후)
35627,202406,0010138,코리아에셋투자증권,C23,파생상품계약_장외파생상품_주식관련거래,0,국내증권사,B,SF205,각주항목(09.06월 이후)
35628,202406,0010138,코리아에셋투자증권,C24,파생상품계약_장외파생상품_신용관련거래,0,국내증권사,B,SF205,각주항목(09.06월 이후)
35629,202406,0010138,코리아에셋투자증권,C25,파생상품계약_장외파생상품_기타,0,국내증권사,B,SF205,각주항목(09.06월 이후)
35630,202406,0010138,코리아에셋투자증권,D,대차 및 대주거래,0,국내증권사,B,SF205,각주항목(09.06월 이후)
35631,202406,0010138,코리아에셋투자증권,D1,대차 및 대주거래_대여증권,0,국내증권사,B,SF205,각주항목(09.06월 이후)
35632,202406,0010138,코리아에셋투자증권,D2,대차 및 대주거래_차입증권,0,국내증권사,B,SF205,각주항목(09.06월 이후)
35633,202406,0010138,코리아에셋투자증권,D3,대차 및 대주거래_신용거래대주,0,국내증권사,B,SF205,각주항목(09.06월 이후)
35634,202406,0010138,코리아에셋투자증권,E,대손상각채권,0,국내증권사,B,SF205,각주항목(09.06월 이후)
35635,202406,0010138,코리아에셋투자증권,F,환전업무 예치금,0,국내증권사,B,SF205,각주항목(09.06월 이후)
35636,202406,0010138,코리아에셋투자증권,G,미배당별도예치금,0,국내증권사,B,SF205,각주항목(09.06월 이후)
35637,202406,0010138,코리아에셋투자증권,H,배서어음매출(종금계정),0,국내증권사,B,SF205,각주항목(09.06월 이후)
35638,202406,0010138,코리아에셋투자증권,H1,대출채권매매이익_담보부,0,국내증권사,B,SF205,각주항목(09.06월 이후)
35639,202406,0010138,코리아에셋투자증권,H2,대출채권매매이익_무담보부,0,국내증권사,B,SF205,각주항목(09.06월 이후)
35640,202409,0010138,코리아에셋투자증권,A,채무보증,0,국내증권사,B,SF205,각주항목(09.06월 이후)
35641,202409,0010138,코리아에셋투자증권,A1,채무보증_지급보증,0,국내증권사,B,SF205,각주항목(09.06월 이후)
35642,202409,0010138,코리아에셋투자증권,A2,채무보증_매입보장약정,0,국내증권사,B,SF205,각주항목(09.06월 이후)
35643,202409,0010138,코리아에셋투자증권,A3,채무보증_채무인수약정,0,국내증권사,B,SF205,각주항목(09.06월 이후)
35644,202409,0010138,코리아에셋투자증권,A5,채무보증_매입확약,0,국내증권사,B,SF205,각주항목(09.06월 이후)
35645,202409,0010138,코리아에셋투자증권,A6,채무보증_기타,0,국내증권사,B,SF205,각주항목(09.06월 이후)
35646,202409,0010138,코리아에셋투자증권,B,투자자의 예수증권 등,5710576133957,국내증권사,B,SF205,각주항목(09.06월 이후)
35647,202409,0010138,코리아에셋투자증권,B1,투자자의 예수증권 등_예수 증권,5710576133957,국내증권사,B,SF205,각주항목(09.06월 이후)
35648,202409,0010138,코리아에셋투자증권,B2,투자자의 예수증권 등_예수양도성예금증서,0,국내증권사,B,SF205,각주항목(09.06월 이후)
35649,202409,0010138,코리아에셋투자증권,B3,투자자의 예수증권 등_기타,0,국내증권사,B,SF205,각주항목(09.06월 이후)
35650,202409,0010138,코리아에셋투자증권,C,파생상품계약,0,국내증권사,B,SF205,각주항목(09.06월 이후)
35651,202409,0010138,코리아에셋투자증권,C1,파생상품계약_장내파생상품,0,국내증권사,B,SF205,각주항목(09.06월 이후)
35652,202409,0010138,코리아에셋투자증권,C11,파생상품계약_장내파생상품_이자율관련거래,0,국내증권사,B,SF205,각주항목(09.06월 이후)
35653,202409,0010138,코리아에셋투자증권,C12,파생상품계약_장내파생상품_통화관련거래,0,국내증권사,B,SF205,각주항목(09.06월 이후)
35654,202409,0010138,코리아에셋투자증권,C13,파생상품계약_장내파생상품_주식관련거래,0,국내증권사,B,SF205,각주항목(09.06월 이후)
35655,202409,0010138,코리아에셋투자증권,C14,파생상품계약_장내파생상품_일반상품관련거래,0,국내증권사,B,SF205,각주항목(09.06월 이후)
35656,202409,0010138,코리아에셋투자증권,C15,파생상품계약_장내파생상품_기타,0,국내증권사,B,SF205,각주항목(09.06월 이후)
35657,202409,0010138,코리아에셋투자증권,C2,파생상품계약_장외파생상품,0,국내증권사,B,SF205,각주항목(09.06월 이후)
35658,202409,0010138,코리아에셋투자증권,C21,파생상품계약_장외파생상품_이자율관련거래,0,국내증권사,B,SF205,각주항목(09.06월 이후)
35659,202409,0010138,코리아에셋투자증권,C22,파생상품계약_장외파생상품_통화관련거래,0,국내증권사,B,SF205,각주항목(09.06월 이후)
35660,202409,0010138,코리아에셋투자증권,C23,파생상품계약_장외파생상품_주식관련거래,0,국내증권사,B,SF205,각주항목(09.06월 이후)
35661,202409,0010138,코리아에셋투자증권,C24,파생상품계약_장외파생상품_신용관련거래,0,국내증권사,B,SF205,각주항목(09.06월 이후)
35662,202409,0010138,코리아에셋투자증권,C25,파생상품계약_장외파생상품_기타,0,국내증권사,B,SF205,각주항목(09.06월 이후)
35663,202409,0010138,코리아에셋투자증권,D,대차 및 대주거래,0,국내증권사,B,SF205,각주항목(09.06월 이후)
35664,202409,0010138,코리아에셋투자증권,D1,대차 및 대주거래_대여증권,0,국내증권사,B,SF205,각주항목(09.06월 이후)
35665,202409,0010138,코리아에셋투자증권,D2,대차 및 대주거래_차입증권,0,국내증권사,B,SF205,각주항목(09.06월 이후)
35666,202409,0010138,코리아에셋투자증권,D3,대차 및 대주거래_신용거래대주,0,국내증권사,B,SF205,각주항목(09.06월 이후)
35667,202409,0010138,코리아에셋투자증권,E,대손상각채권,2289576103,국내증권사,B,SF205,각주항목(09.06월 이후)
35668,202409,0010138,코리아에셋투자증권,F,환전업무 예치금,0,국내증권사,B,SF205,각주항목(09.06월 이후)
35669,202409,0010138,코리아에셋투자증권,G,미배당별도예치금,0,국내증권사,B,SF205,각주항목(09.06월 이후)
35670,202409,0010138,코리아에셋투자증권,H,배서어음매출(종금계정),0,국내증권사,B,SF205,각주항목(09.06월 이후)
35671,202409,0010138,코리아에셋투자증권,H1,대출채권매매이익_담보부,0,국내증권사,B,SF205,각주항목(09.06월 이후)
35672,202409,0010138,코리아에셋투자증권,H2,대출채권매매이익_무담보부,0,국내증권사,B,SF205,각주항목(09.06월 이후)
35673,202412,0010138,코리아에셋투자증권,A,채무보증,0,국내증권사,B,SF205,각주항목(09.06월 이후)
35674,202412,0010138,코리아에셋투자증권,A1,채무보증_지급보증,0,국내증권사,B,SF205,각주항목(09.06월 이후)
35675,202412,0010138,코리아에셋투자증권,A2,채무보증_매입보장약정,0,국내증권사,B,SF205,각주항목(09.06월 이후)
35676,202412,0010138,코리아에셋투자증권,A3,채무보증_채무인수약정,0,국내증권사,B,SF205,각주항목(09.06월 이후)
35677,202412,0010138,코리아에셋투자증권,A5,채무보증_매입확약,0,국내증권사,B,SF205,각주항목(09.06월 이후)
35678,202412,0010138,코리아에셋투자증권,A6,채무보증_기타,0,국내증권사,B,SF205,각주항목(09.06월 이후)
35679,202412,0010138,코리아에셋투자증권,B,투자자의 예수증권 등,6098284140987,국내증권사,B,SF205,각주항목(09.06월 이후)
35680,202412,0010138,코리아에셋투자증권,B1,투자자의 예수증권 등_예수 증권,6098284140987,국내증권사,B,SF205,각주항목(09.06월 이후)
35681,202412,0010138,코리아에셋투자증권,B2,투자자의 예수증권 등_예수양도성예금증서,0,국내증권사,B,SF205,각주항목(09.06월 이후)
35682,202412,0010138,코리아에셋투자증권,B3,투자자의 예수증권 등_기타,0,국내증권사,B,SF205,각주항목(09.06월 이후)
35683,202412,0010138,코리아에셋투자증권,C,파생상품계약,0,국내증권사,B,SF205,각주항목(09.06월 이후)
35684,202412,0010138,코리아에셋투자증권,C1,파생상품계약_장내파생상품,0,국내증권사,B,SF205,각주항목(09.06월 이후)
35685,202412,0010138,코리아에셋투자증권,C11,파생상품계약_장내파생상품_이자율관련거래,0,국내증권사,B,SF205,각주항목(09.06월 이후)
35686,202412,0010138,코리아에셋투자증권,C12,파생상품계약_장내파생상품_통화관련거래,0,국내증권사,B,SF205,각주항목(09.06월 이후)
35687,202412,0010138,코리아에셋투자증권,C13,파생상품계약_장내파생상품_주식관련거래,0,국내증권사,B,SF205,각주항목(09.06월 이후)
35688,202412,0010138,코리아에셋투자증권,C14,파생상품계약_장내파생상품_일반상품관련거래,0,국내증권사,B,SF205,각주항목(09.06월 이후)
35689,202412,0010138,코리아에셋투자증권,C15,파생상품계약_장내파생상품_기타,0,국내증권사,B,SF205,각주항목(09.06월 이후)
35690,202412,0010138,코리아에셋투자증권,C2,파생상품계약_장외파생상품,0,국내증권사,B,SF205,각주항목(09.06월 이후)
35691,202412,0010138,코리아에셋투자증권,C21,파생상품계약_장외파생상품_이자율관련거래,0,국내증권사,B,SF205,각주항목(09.06월 이후)
35692,202412,0010138,코리아에셋투자증권,C22,파생상품계약_장외파생상품_통화관련거래,0,국내증권사,B,SF205,각주항목(09.06월 이후)
35693,202412,0010138,코리아에셋투자증권,C23,파생상품계약_장외파생상품_주식관련거래,0,국내증권사,B,SF205,각주항목(09.06월 이후)
35694,202412,0010138,코리아에셋투자증권,C24,파생상품계약_장외파생상품_신용관련거래,0,국내증권사,B,SF205,각주항목(09.06월 이후)
35695,202412,0010138,코리아에셋투자증권,C25,파생상품계약_장외파생상품_기타,0,국내증권사,B,SF205,각주항목(09.06월 이후)
35696,202412,0010138,코리아에셋투자증권,D,대차 및 대주거래,0,국내증권사,B,SF205,각주항목(09.06월 이후)
35697,202412,0010138,코리아에셋투자증권,D1,대차 및 대주거래_대여증권,0,국내증권사,B,SF205,각주항목(09.06월 이후)
35698,202412,0010138,코리아에셋투자증권,D2,대차 및 대주거래_차입증권,0,국내증권사,B,SF205,각주항목(09.06월 이후)
35699,202412,0010138,코리아에셋투자증권,D3,대차 및 대주거래_신용거래대주,0,국내증권사,B,SF205,각주항목(09.06월 이후)
35700,202412,0010138,코리아에셋투자증권,E,대손상각채권,2289576103,국내증권사,B,SF205,각주항목(09.06월 이후)
35701,202412,0010138,코리아에셋투자증권,F,환전업무 예치금,0,국내증권사,B,SF205,각주항목(09.06월 이후)
35702,202412,0010138,코리아에셋투자증권,G,미배당별도예치금,0,국내증권사,B,SF205,각주항목(09.06월 이후)
35703,202412,0010138,코리아에셋투자증권,H,배서어음매출(종금계정),0,국내증권사,B,SF205,각주항목(09.06월 이후)
35704,202412,0010138,코리아에셋투자증권,H1,대출채권매매이익_담보부,0,국내증권사,B,SF205,각주항목(09.06월 이후)
35705,202412,0010138,코리아에셋투자증권,H2,대출채권매매이익_무담보부,0,국내증권사,B,SF205,각주항목(09.06월 이후)
35706,201703,0010136,키움증권(주),A,채무보증,523150000000,국내증권사,B,SF205,각주항목(09.06월 이후)
35707,201703,0010136,키움증권(주),A1,채무보증_지급보증,0,국내증권사,B,SF205,각주항목(09.06월 이후)
35708,201703,0010136,키움증권(주),A2,채무보증_매입보장약정,252770000000,국내증권사,B,SF205,각주항목(09.06월 이후)
35709,201703,0010136,키움증권(주),A3,채무보증_채무인수약정,0,국내증권사,B,SF205,각주항목(09.06월 이후)
35710,201703,0010136,키움증권(주),A5,채무보증_매입확약,270380000000,국내증권사,B,SF205,각주항목(09.06월 이후)
35711,201703,0010136,키움증권(주),A6,채무보증_기타,0,국내증권사,B,SF205,각주항목(09.06월 이후)
35712,201703,0010136,키움증권(주),B,투자자의 예수증권 등,36111983436751,국내증권사,B,SF205,각주항목(09.06월 이후)
35713,201703,0010136,키움증권(주),B1,투자자의 예수증권 등_예수 증권,36111983436751,국내증권사,B,SF205,각주항목(09.06월 이후)
35714,201703,0010136,키움증권(주),B2,투자자의 예수증권 등_예수양도성예금증서,0,국내증권사,B,SF205,각주항목(09.06월 이후)
35715,201703,0010136,키움증권(주),B3,투자자의 예수증권 등_기타,0,국내증권사,B,SF205,각주항목(09.06월 이후)
35716,201703,0010136,키움증권(주),C,파생상품계약,3432949363753,국내증권사,B,SF205,각주항목(09.06월 이후)
35717,201703,0010136,키움증권(주),C1,파생상품계약_장내파생상품,422245509915,국내증권사,B,SF205,각주항목(09.06월 이후)
35718,201703,0010136,키움증권(주),C11,파생상품계약_장내파생상품_이자율관련거래,14127360000,국내증권사,B,SF205,각주항목(09.06월 이후)
35719,201703,0010136,키움증권(주),C12,파생상품계약_장내파생상품_통화관련거래,60355832847,국내증권사,B,SF205,각주항목(09.06월 이후)
35720,201703,0010136,키움증권(주),C13,파생상품계약_장내파생상품_주식관련거래,347762317068,국내증권사,B,SF205,각주항목(09.06월 이후)
35721,201703,0010136,키움증권(주),C14,파생상품계약_장내파생상품_일반상품관련거래,0,국내증권사,B,SF205,각주항목(09.06월 이후)
35722,201703,0010136,키움증권(주),C15,파생상품계약_장내파생상품_기타,0,국내증권사,B,SF205,각주항목(09.06월 이후)
35723,201703,0010136,키움증권(주),C2,파생상품계약_장외파생상품,3010703853838,국내증권사,B,SF205,각주항목(09.06월 이후)
35724,201703,0010136,키움증권(주),C21,파생상품계약_장외파생상품_이자율관련거래,2760202500000,국내증권사,B,SF205,각주항목(09.06월 이후)
35725,201703,0010136,키움증권(주),C22,파생상품계약_장외파생상품_통화관련거래,17571014500,국내증권사,B,SF205,각주항목(09.06월 이후)
35726,201703,0010136,키움증권(주),C23,파생상품계약_장외파생상품_주식관련거래,232930339338,국내증권사,B,SF205,각주항목(09.06월 이후)
35727,201703,0010136,키움증권(주),C24,파생상품계약_장외파생상품_신용관련거래,0,국내증권사,B,SF205,각주항목(09.06월 이후)
35728,201703,0010136,키움증권(주),C25,파생상품계약_장외파생상품_기타,0,국내증권사,B,SF205,각주항목(09.06월 이후)
35729,201703,0010136,키움증권(주),D,대차 및 대주거래,0,국내증권사,B,SF205,각주항목(09.06월 이후)
35730,201703,0010136,키움증권(주),D1,대차 및 대주거래_대여증권,0,국내증권사,B,SF205,각주항목(09.06월 이후)
35731,201703,0010136,키움증권(주),D2,대차 및 대주거래_차입증권,0,국내증권사,B,SF205,각주항목(09.06월 이후)
35732,201703,0010136,키움증권(주),D3,대차 및 대주거래_신용거래대주,0,국내증권사,B,SF205,각주항목(09.06월 이후)
35733,201703,0010136,키움증권(주),E,대손상각채권,0,국내증권사,B,SF205,각주항목(09.06월 이후)
35734,201703,0010136,키움증권(주),F,환전업무 예치금,0,국내증권사,B,SF205,각주항목(09.06월 이후)
35735,201703,0010136,키움증권(주),G,미배당별도예치금,0,국내증권사,B,SF205,각주항목(09.06월 이후)
35736,201703,0010136,키움증권(주),H,배서어음매출(종금계정),0,국내증권사,B,SF205,각주항목(09.06월 이후)
35737,201703,0010136,키움증권(주),H1,대출채권매매이익_담보부,0,국내증권사,B,SF205,각주항목(09.06월 이후)
35738,201703,0010136,키움증권(주),H2,대출채권매매이익_무담보부,0,국내증권사,B,SF205,각주항목(09.06월 이후)
35739,201706,0010136,키움증권(주),A,채무보증,518080000000,국내증권사,B,SF205,각주항목(09.06월 이후)
35740,201706,0010136,키움증권(주),A1,채무보증_지급보증,0,국내증권사,B,SF205,각주항목(09.06월 이후)
35741,201706,0010136,키움증권(주),A2,채무보증_매입보장약정,218200000000,국내증권사,B,SF205,각주항목(09.06월 이후)
35742,201706,0010136,키움증권(주),A3,채무보증_채무인수약정,0,국내증권사,B,SF205,각주항목(09.06월 이후)
35743,201706,0010136,키움증권(주),A5,채무보증_매입확약,299880000000,국내증권사,B,SF205,각주항목(09.06월 이후)
35744,201706,0010136,키움증권(주),A6,채무보증_기타,0,국내증권사,B,SF205,각주항목(09.06월 이후)
35745,201706,0010136,키움증권(주),B,투자자의 예수증권 등,37413112543869,국내증권사,B,SF205,각주항목(09.06월 이후)
35746,201706,0010136,키움증권(주),B1,투자자의 예수증권 등_예수 증권,37413112543869,국내증권사,B,SF205,각주항목(09.06월 이후)
35747,201706,0010136,키움증권(주),B2,투자자의 예수증권 등_예수양도성예금증서,0,국내증권사,B,SF205,각주항목(09.06월 이후)
35748,201706,0010136,키움증권(주),B3,투자자의 예수증권 등_기타,0,국내증권사,B,SF205,각주항목(09.06월 이후)
35749,201706,0010136,키움증권(주),C,파생상품계약,3151285958031,국내증권사,B,SF205,각주항목(09.06월 이후)
35750,201706,0010136,키움증권(주),C1,파생상품계약_장내파생상품,360008279818,국내증권사,B,SF205,각주항목(09.06월 이후)
35751,201706,0010136,키움증권(주),C11,파생상품계약_장내파생상품_이자율관련거래,3098760000,국내증권사,B,SF205,각주항목(09.06월 이후)
35752,201706,0010136,키움증권(주),C12,파생상품계약_장내파생상품_통화관련거래,51635928734,국내증권사,B,SF205,각주항목(09.06월 이후)
35753,201706,0010136,키움증권(주),C13,파생상품계약_장내파생상품_주식관련거래,305273591084,국내증권사,B,SF205,각주항목(09.06월 이후)
35754,201706,0010136,키움증권(주),C14,파생상품계약_장내파생상품_일반상품관련거래,0,국내증권사,B,SF205,각주항목(09.06월 이후)
35755,201706,0010136,키움증권(주),C15,파생상품계약_장내파생상품_기타,0,국내증권사,B,SF205,각주항목(09.06월 이후)
35756,201706,0010136,키움증권(주),C2,파생상품계약_장외파생상품,2791277678213,국내증권사,B,SF205,각주항목(09.06월 이후)
35757,201706,0010136,키움증권(주),C21,파생상품계약_장외파생상품_이자율관련거래,2708017000000,국내증권사,B,SF205,각주항목(09.06월 이후)
35758,201706,0010136,키움증권(주),C22,파생상품계약_장외파생상품_통화관련거래,24980614500,국내증권사,B,SF205,각주항목(09.06월 이후)
35759,201706,0010136,키움증권(주),C23,파생상품계약_장외파생상품_주식관련거래,58280063713,국내증권사,B,SF205,각주항목(09.06월 이후)
35760,201706,0010136,키움증권(주),C24,파생상품계약_장외파생상품_신용관련거래,0,국내증권사,B,SF205,각주항목(09.06월 이후)
35761,201706,0010136,키움증권(주),C25,파생상품계약_장외파생상품_기타,0,국내증권사,B,SF205,각주항목(09.06월 이후)
35762,201706,0010136,키움증권(주),D,대차 및 대주거래,0,국내증권사,B,SF205,각주항목(09.06월 이후)
35763,201706,0010136,키움증권(주),D1,대차 및 대주거래_대여증권,0,국내증권사,B,SF205,각주항목(09.06월 이후)
35764,201706,0010136,키움증권(주),D2,대차 및 대주거래_차입증권,0,국내증권사,B,SF205,각주항목(09.06월 이후)
35765,201706,0010136,키움증권(주),D3,대차 및 대주거래_신용거래대주,0,국내증권사,B,SF205,각주항목(09.06월 이후)
35766,201706,0010136,키움증권(주),E,대손상각채권,0,국내증권사,B,SF205,각주항목(09.06월 이후)
35767,201706,0010136,키움증권(주),F,환전업무 예치금,0,국내증권사,B,SF205,각주항목(09.06월 이후)
35768,201706,0010136,키움증권(주),G,미배당별도예치금,0,국내증권사,B,SF205,각주항목(09.06월 이후)
35769,201706,0010136,키움증권(주),H,배서어음매출(종금계정),0,국내증권사,B,SF205,각주항목(09.06월 이후)
35770,201706,0010136,키움증권(주),H1,대출채권매매이익_담보부,0,국내증권사,B,SF205,각주항목(09.06월 이후)
35771,201706,0010136,키움증권(주),H2,대출채권매매이익_무담보부,0,국내증권사,B,SF205,각주항목(09.06월 이후)
35772,201709,0010136,키움증권(주),A,채무보증,503150000000,국내증권사,B,SF205,각주항목(09.06월 이후)
35773,201709,0010136,키움증권(주),A1,채무보증_지급보증,0,국내증권사,B,SF205,각주항목(09.06월 이후)
35774,201709,0010136,키움증권(주),A2,채무보증_매입보장약정,182700000000,국내증권사,B,SF205,각주항목(09.06월 이후)
35775,201709,0010136,키움증권(주),A3,채무보증_채무인수약정,0,국내증권사,B,SF205,각주항목(09.06월 이후)
35776,201709,0010136,키움증권(주),A5,채무보증_매입확약,320450000000,국내증권사,B,SF205,각주항목(09.06월 이후)
35777,201709,0010136,키움증권(주),A6,채무보증_기타,0,국내증권사,B,SF205,각주항목(09.06월 이후)
35778,201709,0010136,키움증권(주),B,투자자의 예수증권 등,37933377912515,국내증권사,B,SF205,각주항목(09.06월 이후)
35779,201709,0010136,키움증권(주),B1,투자자의 예수증권 등_예수 증권,37933377912515,국내증권사,B,SF205,각주항목(09.06월 이후)
35780,201709,0010136,키움증권(주),B2,투자자의 예수증권 등_예수양도성예금증서,0,국내증권사,B,SF205,각주항목(09.06월 이후)
35781,201709,0010136,키움증권(주),B3,투자자의 예수증권 등_기타,0,국내증권사,B,SF205,각주항목(09.06월 이후)
35782,201709,0010136,키움증권(주),C,파생상품계약,3581441358232,국내증권사,B,SF205,각주항목(09.06월 이후)
35783,201709,0010136,키움증권(주),C1,파생상품계약_장내파생상품,481820752552,국내증권사,B,SF205,각주항목(09.06월 이후)
35784,201709,0010136,키움증권(주),C11,파생상품계약_장내파생상품_이자율관련거래,90630930000,국내증권사,B,SF205,각주항목(09.06월 이후)
35785,201709,0010136,키움증권(주),C12,파생상품계약_장내파생상품_통화관련거래,45621128102,국내증권사,B,SF205,각주항목(09.06월 이후)
35786,201709,0010136,키움증권(주),C13,파생상품계약_장내파생상품_주식관련거래,345568694450,국내증권사,B,SF205,각주항목(09.06월 이후)
35787,201709,0010136,키움증권(주),C14,파생상품계약_장내파생상품_일반상품관련거래,0,국내증권사,B,SF205,각주항목(09.06월 이후)
35788,201709,0010136,키움증권(주),C15,파생상품계약_장내파생상품_기타,0,국내증권사,B,SF205,각주항목(09.06월 이후)
35789,201709,0010136,키움증권(주),C2,파생상품계약_장외파생상품,3099620605680,국내증권사,B,SF205,각주항목(09.06월 이후)
35790,201709,0010136,키움증권(주),C21,파생상품계약_장외파생상품_이자율관련거래,2858017000000,국내증권사,B,SF205,각주항목(09.06월 이후)
35791,201709,0010136,키움증권(주),C22,파생상품계약_장외파생상품_통화관련거래,62828601967,국내증권사,B,SF205,각주항목(09.06월 이후)
35792,201709,0010136,키움증권(주),C23,파생상품계약_장외파생상품_주식관련거래,178775003713,국내증권사,B,SF205,각주항목(09.06월 이후)
35793,201709,0010136,키움증권(주),C24,파생상품계약_장외파생상품_신용관련거래,0,국내증권사,B,SF205,각주항목(09.06월 이후)
35794,201709,0010136,키움증권(주),C25,파생상품계약_장외파생상품_기타,0,국내증권사,B,SF205,각주항목(09.06월 이후)
35795,201709,0010136,키움증권(주),D,대차 및 대주거래,0,국내증권사,B,SF205,각주항목(09.06월 이후)
35796,201709,0010136,키움증권(주),D1,대차 및 대주거래_대여증권,0,국내증권사,B,SF205,각주항목(09.06월 이후)
35797,201709,0010136,키움증권(주),D2,대차 및 대주거래_차입증권,0,국내증권사,B,SF205,각주항목(09.06월 이후)
35798,201709,0010136,키움증권(주),D3,대차 및 대주거래_신용거래대주,0,국내증권사,B,SF205,각주항목(09.06월 이후)
35799,201709,0010136,키움증권(주),E,대손상각채권,0,국내증권사,B,SF205,각주항목(09.06월 이후)
35800,201709,0010136,키움증권(주),F,환전업무 예치금,0,국내증권사,B,SF205,각주항목(09.06월 이후)
35801,201709,0010136,키움증권(주),G,미배당별도예치금,0,국내증권사,B,SF205,각주항목(09.06월 이후)
35802,201709,0010136,키움증권(주),H,배서어음매출(종금계정),0,국내증권사,B,SF205,각주항목(09.06월 이후)
35803,201709,0010136,키움증권(주),H1,대출채권매매이익_담보부,0,국내증권사,B,SF205,각주항목(09.06월 이후)
35804,201709,0010136,키움증권(주),H2,대출채권매매이익_무담보부,0,국내증권사,B,SF205,각주항목(09.06월 이후)
35805,201712,0010136,키움증권(주),A,채무보증,599903609622,국내증권사,B,SF205,각주항목(09.06월 이후)
35806,201712,0010136,키움증권(주),A1,채무보증_지급보증,0,국내증권사,B,SF205,각주항목(09.06월 이후)
35807,201712,0010136,키움증권(주),A2,채무보증_매입보장약정,241100000000,국내증권사,B,SF205,각주항목(09.06월 이후)
35808,201712,0010136,키움증권(주),A3,채무보증_채무인수약정,0,국내증권사,B,SF205,각주항목(09.06월 이후)
35809,201712,0010136,키움증권(주),A5,채무보증_매입확약,358803609622,국내증권사,B,SF205,각주항목(09.06월 이후)
35810,201712,0010136,키움증권(주),A6,채무보증_기타,0,국내증권사,B,SF205,각주항목(09.06월 이후)
35811,201712,0010136,키움증권(주),B,투자자의 예수증권 등,40897616805998,국내증권사,B,SF205,각주항목(09.06월 이후)
35812,201712,0010136,키움증권(주),B1,투자자의 예수증권 등_예수 증권,40897616805998,국내증권사,B,SF205,각주항목(09.06월 이후)
35813,201712,0010136,키움증권(주),B2,투자자의 예수증권 등_예수양도성예금증서,0,국내증권사,B,SF205,각주항목(09.06월 이후)
35814,201712,0010136,키움증권(주),B3,투자자의 예수증권 등_기타,0,국내증권사,B,SF205,각주항목(09.06월 이후)
35815,201712,0010136,키움증권(주),C,파생상품계약,4990594536716,국내증권사,B,SF205,각주항목(09.06월 이후)
35816,201712,0010136,키움증권(주),C1,파생상품계약_장내파생상품,385288597083,국내증권사,B,SF205,각주항목(09.06월 이후)
35817,201712,0010136,키움증권(주),C11,파생상품계약_장내파생상품_이자율관련거래,14307570000,국내증권사,B,SF205,각주항목(09.06월 이후)
35818,201712,0010136,키움증권(주),C12,파생상품계약_장내파생상품_통화관련거래,23818062142,국내증권사,B,SF205,각주항목(09.06월 이후)
35819,201712,0010136,키움증권(주),C13,파생상품계약_장내파생상품_주식관련거래,347162964941,국내증권사,B,SF205,각주항목(09.06월 이후)
35820,201712,0010136,키움증권(주),C14,파생상품계약_장내파생상품_일반상품관련거래,0,국내증권사,B,SF205,각주항목(09.06월 이후)
35821,201712,0010136,키움증권(주),C15,파생상품계약_장내파생상품_기타,0,국내증권사,B,SF205,각주항목(09.06월 이후)
35822,201712,0010136,키움증권(주),C2,파생상품계약_장외파생상품,4605305939633,국내증권사,B,SF205,각주항목(09.06월 이후)
35823,201712,0010136,키움증권(주),C21,파생상품계약_장외파생상품_이자율관련거래,4157859000000,국내증권사,B,SF205,각주항목(09.06월 이후)
35824,201712,0010136,키움증권(주),C22,파생상품계약_장외파생상품_통화관련거래,170119113326,국내증권사,B,SF205,각주항목(09.06월 이후)
35825,201712,0010136,키움증권(주),C23,파생상품계약_장외파생상품_주식관련거래,277327826307,국내증권사,B,SF205,각주항목(09.06월 이후)
35826,201712,0010136,키움증권(주),C24,파생상품계약_장외파생상품_신용관련거래,0,국내증권사,B,SF205,각주항목(09.06월 이후)
35827,201712,0010136,키움증권(주),C25,파생상품계약_장외파생상품_기타,0,국내증권사,B,SF205,각주항목(09.06월 이후)
35828,201712,0010136,키움증권(주),D,대차 및 대주거래,0,국내증권사,B,SF205,각주항목(09.06월 이후)
35829,201712,0010136,키움증권(주),D1,대차 및 대주거래_대여증권,0,국내증권사,B,SF205,각주항목(09.06월 이후)
35830,201712,0010136,키움증권(주),D2,대차 및 대주거래_차입증권,0,국내증권사,B,SF205,각주항목(09.06월 이후)
35831,201712,0010136,키움증권(주),D3,대차 및 대주거래_신용거래대주,0,국내증권사,B,SF205,각주항목(09.06월 이후)
35832,201712,0010136,키움증권(주),E,대손상각채권,0,국내증권사,B,SF205,각주항목(09.06월 이후)
35833,201712,0010136,키움증권(주),F,환전업무 예치금,0,국내증권사,B,SF205,각주항목(09.06월 이후)
35834,201712,0010136,키움증권(주),G,미배당별도예치금,0,국내증권사,B,SF205,각주항목(09.06월 이후)
35835,201712,0010136,키움증권(주),H,배서어음매출(종금계정),0,국내증권사,B,SF205,각주항목(09.06월 이후)
35836,201712,0010136,키움증권(주),H1,대출채권매매이익_담보부,0,국내증권사,B,SF205,각주항목(09.06월 이후)
35837,201712,0010136,키움증권(주),H2,대출채권매매이익_무담보부,0,국내증권사,B,SF205,각주항목(09.06월 이후)
35838,201803,0010136,키움증권(주),A,채무보증,662354255212,국내증권사,B,SF205,각주항목(09.06월 이후)
35839,201803,0010136,키움증권(주),A1,채무보증_지급보증,0,국내증권사,B,SF205,각주항목(09.06월 이후)
35840,201803,0010136,키움증권(주),A2,채무보증_매입보장약정,252673039643,국내증권사,B,SF205,각주항목(09.06월 이후)
35841,201803,0010136,키움증권(주),A3,채무보증_채무인수약정,0,국내증권사,B,SF205,각주항목(09.06월 이후)
35842,201803,0010136,키움증권(주),A5,채무보증_매입확약,409681215569,국내증권사,B,SF205,각주항목(09.06월 이후)
35843,201803,0010136,키움증권(주),A6,채무보증_기타,0,국내증권사,B,SF205,각주항목(09.06월 이후)
35844,201803,0010136,키움증권(주),B,투자자의 예수증권 등,43680722942440,국내증권사,B,SF205,각주항목(09.06월 이후)
35845,201803,0010136,키움증권(주),B1,투자자의 예수증권 등_예수 증권,43680722942440,국내증권사,B,SF205,각주항목(09.06월 이후)
35846,201803,0010136,키움증권(주),B2,투자자의 예수증권 등_예수양도성예금증서,0,국내증권사,B,SF205,각주항목(09.06월 이후)
35847,201803,0010136,키움증권(주),B3,투자자의 예수증권 등_기타,0,국내증권사,B,SF205,각주항목(09.06월 이후)
35848,201803,0010136,키움증권(주),C,파생상품계약,8253176620870,국내증권사,B,SF205,각주항목(09.06월 이후)
35849,201803,0010136,키움증권(주),C1,파생상품계약_장내파생상품,569043352437,국내증권사,B,SF205,각주항목(09.06월 이후)
35850,201803,0010136,키움증권(주),C11,파생상품계약_장내파생상품_이자율관련거래,19732130000,국내증권사,B,SF205,각주항목(09.06월 이후)
35851,201803,0010136,키움증권(주),C12,파생상품계약_장내파생상품_통화관련거래,16860247501,국내증권사,B,SF205,각주항목(09.06월 이후)
35852,201803,0010136,키움증권(주),C13,파생상품계약_장내파생상품_주식관련거래,532450974936,국내증권사,B,SF205,각주항목(09.06월 이후)
35853,201803,0010136,키움증권(주),C14,파생상품계약_장내파생상품_일반상품관련거래,0,국내증권사,B,SF205,각주항목(09.06월 이후)
35854,201803,0010136,키움증권(주),C15,파생상품계약_장내파생상품_기타,0,국내증권사,B,SF205,각주항목(09.06월 이후)
35855,201803,0010136,키움증권(주),C2,파생상품계약_장외파생상품,7684133268433,국내증권사,B,SF205,각주항목(09.06월 이후)
35856,201803,0010136,키움증권(주),C21,파생상품계약_장외파생상품_이자율관련거래,6636859000000,국내증권사,B,SF205,각주항목(09.06월 이후)
35857,201803,0010136,키움증권(주),C22,파생상품계약_장외파생상품_통화관련거래,206857803726,국내증권사,B,SF205,각주항목(09.06월 이후)
35858,201803,0010136,키움증권(주),C23,파생상품계약_장외파생상품_주식관련거래,498316464707,국내증권사,B,SF205,각주항목(09.06월 이후)
35859,201803,0010136,키움증권(주),C24,파생상품계약_장외파생상품_신용관련거래,340000000000,국내증권사,B,SF205,각주항목(09.06월 이후)
35860,201803,0010136,키움증권(주),C25,파생상품계약_장외파생상품_기타,2100000000,국내증권사,B,SF205,각주항목(09.06월 이후)
35861,201803,0010136,키움증권(주),D,대차 및 대주거래,0,국내증권사,B,SF205,각주항목(09.06월 이후)
35862,201803,0010136,키움증권(주),D1,대차 및 대주거래_대여증권,0,국내증권사,B,SF205,각주항목(09.06월 이후)
35863,201803,0010136,키움증권(주),D2,대차 및 대주거래_차입증권,0,국내증권사,B,SF205,각주항목(09.06월 이후)
35864,201803,0010136,키움증권(주),D3,대차 및 대주거래_신용거래대주,0,국내증권사,B,SF205,각주항목(09.06월 이후)
35865,201803,0010136,키움증권(주),E,대손상각채권,0,국내증권사,B,SF205,각주항목(09.06월 이후)
35866,201803,0010136,키움증권(주),F,환전업무 예치금,0,국내증권사,B,SF205,각주항목(09.06월 이후)
35867,201803,0010136,키움증권(주),G,미배당별도예치금,0,국내증권사,B,SF205,각주항목(09.06월 이후)
35868,201803,0010136,키움증권(주),H,배서어음매출(종금계정),0,국내증권사,B,SF205,각주항목(09.06월 이후)
35869,201803,0010136,키움증권(주),H1,대출채권매매이익_담보부,0,국내증권사,B,SF205,각주항목(09.06월 이후)
35870,201803,0010136,키움증권(주),H2,대출채권매매이익_무담보부,0,국내증권사,B,SF205,각주항목(09.06월 이후)
35871,201806,0010136,키움증권(주),A,채무보증,644166480162,국내증권사,B,SF205,각주항목(09.06월 이후)
35872,201806,0010136,키움증권(주),A1,채무보증_지급보증,0,국내증권사,B,SF205,각주항목(09.06월 이후)
35873,201806,0010136,키움증권(주),A2,채무보증_매입보장약정,150163636364,국내증권사,B,SF205,각주항목(09.06월 이후)
35874,201806,0010136,키움증권(주),A3,채무보증_채무인수약정,0,국내증권사,B,SF205,각주항목(09.06월 이후)
35875,201806,0010136,키움증권(주),A5,채무보증_매입확약,494002843798,국내증권사,B,SF205,각주항목(09.06월 이후)
35876,201806,0010136,키움증권(주),A6,채무보증_기타,0,국내증권사,B,SF205,각주항목(09.06월 이후)
35877,201806,0010136,키움증권(주),B,투자자의 예수증권 등,42800007418463,국내증권사,B,SF205,각주항목(09.06월 이후)
35878,201806,0010136,키움증권(주),B1,투자자의 예수증권 등_예수 증권,42800007418463,국내증권사,B,SF205,각주항목(09.06월 이후)
35879,201806,0010136,키움증권(주),B2,투자자의 예수증권 등_예수양도성예금증서,0,국내증권사,B,SF205,각주항목(09.06월 이후)
35880,201806,0010136,키움증권(주),B3,투자자의 예수증권 등_기타,0,국내증권사,B,SF205,각주항목(09.06월 이후)
35881,201806,0010136,키움증권(주),C,파생상품계약,9676461641359,국내증권사,B,SF205,각주항목(09.06월 이후)
35882,201806,0010136,키움증권(주),C1,파생상품계약_장내파생상품,825197644690,국내증권사,B,SF205,각주항목(09.06월 이후)
35883,201806,0010136,키움증권(주),C11,파생상품계약_장내파생상품_이자율관련거래,48636754442,국내증권사,B,SF205,각주항목(09.06월 이후)
35884,201806,0010136,키움증권(주),C12,파생상품계약_장내파생상품_통화관련거래,13556387829,국내증권사,B,SF205,각주항목(09.06월 이후)
35885,201806,0010136,키움증권(주),C13,파생상품계약_장내파생상품_주식관련거래,763004502419,국내증권사,B,SF205,각주항목(09.06월 이후)
35886,201806,0010136,키움증권(주),C14,파생상품계약_장내파생상품_일반상품관련거래,0,국내증권사,B,SF205,각주항목(09.06월 이후)
35887,201806,0010136,키움증권(주),C15,파생상품계약_장내파생상품_기타,0,국내증권사,B,SF205,각주항목(09.06월 이후)
35888,201806,0010136,키움증권(주),C2,파생상품계약_장외파생상품,8851263996669,국내증권사,B,SF205,각주항목(09.06월 이후)
35889,201806,0010136,키움증권(주),C21,파생상품계약_장외파생상품_이자율관련거래,7626259000000,국내증권사,B,SF205,각주항목(09.06월 이후)
35890,201806,0010136,키움증권(주),C22,파생상품계약_장외파생상품_통화관련거래,270782336849,국내증권사,B,SF205,각주항목(09.06월 이후)
35891,201806,0010136,키움증권(주),C23,파생상품계약_장외파생상품_주식관련거래,563166429820,국내증권사,B,SF205,각주항목(09.06월 이후)
35892,201806,0010136,키움증권(주),C24,파생상품계약_장외파생상품_신용관련거래,340000000000,국내증권사,B,SF205,각주항목(09.06월 이후)
35893,201806,0010136,키움증권(주),C25,파생상품계약_장외파생상품_기타,51056230000,국내증권사,B,SF205,각주항목(09.06월 이후)
35894,201806,0010136,키움증권(주),D,대차 및 대주거래,0,국내증권사,B,SF205,각주항목(09.06월 이후)
35895,201806,0010136,키움증권(주),D1,대차 및 대주거래_대여증권,0,국내증권사,B,SF205,각주항목(09.06월 이후)
35896,201806,0010136,키움증권(주),D2,대차 및 대주거래_차입증권,0,국내증권사,B,SF205,각주항목(09.06월 이후)
35897,201806,0010136,키움증권(주),D3,대차 및 대주거래_신용거래대주,0,국내증권사,B,SF205,각주항목(09.06월 이후)
35898,201806,0010136,키움증권(주),E,대손상각채권,0,국내증권사,B,SF205,각주항목(09.06월 이후)
35899,201806,0010136,키움증권(주),F,환전업무 예치금,0,국내증권사,B,SF205,각주항목(09.06월 이후)
35900,201806,0010136,키움증권(주),G,미배당별도예치금,0,국내증권사,B,SF205,각주항목(09.06월 이후)
35901,201806,0010136,키움증권(주),H,배서어음매출(종금계정),0,국내증권사,B,SF205,각주항목(09.06월 이후)
35902,201806,0010136,키움증권(주),H1,대출채권매매이익_담보부,0,국내증권사,B,SF205,각주항목(09.06월 이후)
35903,201806,0010136,키움증권(주),H2,대출채권매매이익_무담보부,0,국내증권사,B,SF205,각주항목(09.06월 이후)
35904,201809,0010136,키움증권(주),A,채무보증,1131820692254,국내증권사,B,SF205,각주항목(09.06월 이후)
35905,201809,0010136,키움증권(주),A1,채무보증_지급보증,0,국내증권사,B,SF205,각주항목(09.06월 이후)
35906,201809,0010136,키움증권(주),A2,채무보증_매입보장약정,369809090909,국내증권사,B,SF205,각주항목(09.06월 이후)
35907,201809,0010136,키움증권(주),A3,채무보증_채무인수약정,0,국내증권사,B,SF205,각주항목(09.06월 이후)
35908,201809,0010136,키움증권(주),A5,채무보증_매입확약,762011601345,국내증권사,B,SF205,각주항목(09.06월 이후)
35909,201809,0010136,키움증권(주),A6,채무보증_기타,0,국내증권사,B,SF205,각주항목(09.06월 이후)
35910,201809,0010136,키움증권(주),B,투자자의 예수증권 등,43367649170196,국내증권사,B,SF205,각주항목(09.06월 이후)
35911,201809,0010136,키움증권(주),B1,투자자의 예수증권 등_예수 증권,43367649170196,국내증권사,B,SF205,각주항목(09.06월 이후)
35912,201809,0010136,키움증권(주),B2,투자자의 예수증권 등_예수양도성예금증서,0,국내증권사,B,SF205,각주항목(09.06월 이후)
35913,201809,0010136,키움증권(주),B3,투자자의 예수증권 등_기타,0,국내증권사,B,SF205,각주항목(09.06월 이후)
35914,201809,0010136,키움증권(주),C,파생상품계약,11223014032769,국내증권사,B,SF205,각주항목(09.06월 이후)
35915,201809,0010136,키움증권(주),C1,파생상품계약_장내파생상품,795519890254,국내증권사,B,SF205,각주항목(09.06월 이후)
35916,201809,0010136,키움증권(주),C11,파생상품계약_장내파생상품_이자율관련거래,156126466138,국내증권사,B,SF205,각주항목(09.06월 이후)
35917,201809,0010136,키움증권(주),C12,파생상품계약_장내파생상품_통화관련거래,18234477241,국내증권사,B,SF205,각주항목(09.06월 이후)
35918,201809,0010136,키움증권(주),C13,파생상품계약_장내파생상품_주식관련거래,621158946875,국내증권사,B,SF205,각주항목(09.06월 이후)
35919,201809,0010136,키움증권(주),C14,파생상품계약_장내파생상품_일반상품관련거래,0,국내증권사,B,SF205,각주항목(09.06월 이후)
35920,201809,0010136,키움증권(주),C15,파생상품계약_장내파생상품_기타,0,국내증권사,B,SF205,각주항목(09.06월 이후)
35921,201809,0010136,키움증권(주),C2,파생상품계약_장외파생상품,10427494142515,국내증권사,B,SF205,각주항목(09.06월 이후)
35922,201809,0010136,키움증권(주),C21,파생상품계약_장외파생상품_이자율관련거래,8963448000000,국내증권사,B,SF205,각주항목(09.06월 이후)
35923,201809,0010136,키움증권(주),C22,파생상품계약_장외파생상품_통화관련거래,268144820395,국내증권사,B,SF205,각주항목(09.06월 이후)
35924,201809,0010136,키움증권(주),C23,파생상품계약_장외파생상품_주식관련거래,512207792120,국내증권사,B,SF205,각주항목(09.06월 이후)
35925,201809,0010136,키움증권(주),C24,파생상품계약_장외파생상품_신용관련거래,540000000000,국내증권사,B,SF205,각주항목(09.06월 이후)
35926,201809,0010136,키움증권(주),C25,파생상품계약_장외파생상품_기타,143693530000,국내증권사,B,SF205,각주항목(09.06월 이후)
35927,201809,0010136,키움증권(주),D,대차 및 대주거래,0,국내증권사,B,SF205,각주항목(09.06월 이후)
35928,201809,0010136,키움증권(주),D1,대차 및 대주거래_대여증권,0,국내증권사,B,SF205,각주항목(09.06월 이후)
35929,201809,0010136,키움증권(주),D2,대차 및 대주거래_차입증권,0,국내증권사,B,SF205,각주항목(09.06월 이후)
35930,201809,0010136,키움증권(주),D3,대차 및 대주거래_신용거래대주,0,국내증권사,B,SF205,각주항목(09.06월 이후)
35931,201809,0010136,키움증권(주),E,대손상각채권,0,국내증권사,B,SF205,각주항목(09.06월 이후)
35932,201809,0010136,키움증권(주),F,환전업무 예치금,0,국내증권사,B,SF205,각주항목(09.06월 이후)
35933,201809,0010136,키움증권(주),G,미배당별도예치금,0,국내증권사,B,SF205,각주항목(09.06월 이후)
35934,201809,0010136,키움증권(주),H,배서어음매출(종금계정),0,국내증권사,B,SF205,각주항목(09.06월 이후)
35935,201809,0010136,키움증권(주),H1,대출채권매매이익_담보부,0,국내증권사,B,SF205,각주항목(09.06월 이후)
35936,201809,0010136,키움증권(주),H2,대출채권매매이익_무담보부,0,국내증권사,B,SF205,각주항목(09.06월 이후)
35937,201812,0010136,키움증권(주),A,채무보증,1747085729975,국내증권사,B,SF205,각주항목(09.06월 이후)
35938,201812,0010136,키움증권(주),A1,채무보증_지급보증,0,국내증권사,B,SF205,각주항목(09.06월 이후)
35939,201812,0010136,키움증권(주),A2,채무보증_매입보장약정,397600000000,국내증권사,B,SF205,각주항목(09.06월 이후)
35940,201812,0010136,키움증권(주),A3,채무보증_채무인수약정,0,국내증권사,B,SF205,각주항목(09.06월 이후)
35941,201812,0010136,키움증권(주),A5,채무보증_매입확약,1349485729975,국내증권사,B,SF205,각주항목(09.06월 이후)
35942,201812,0010136,키움증권(주),A6,채무보증_기타,0,국내증권사,B,SF205,각주항목(09.06월 이후)
35943,201812,0010136,키움증권(주),B,투자자의 예수증권 등,40603840991831,국내증권사,B,SF205,각주항목(09.06월 이후)
35944,201812,0010136,키움증권(주),B1,투자자의 예수증권 등_예수 증권,40603840991831,국내증권사,B,SF205,각주항목(09.06월 이후)
35945,201812,0010136,키움증권(주),B2,투자자의 예수증권 등_예수양도성예금증서,0,국내증권사,B,SF205,각주항목(09.06월 이후)
35946,201812,0010136,키움증권(주),B3,투자자의 예수증권 등_기타,0,국내증권사,B,SF205,각주항목(09.06월 이후)
35947,201812,0010136,키움증권(주),C,파생상품계약,11256047333872,국내증권사,B,SF205,각주항목(09.06월 이후)
35948,201812,0010136,키움증권(주),C1,파생상품계약_장내파생상품,836694307794,국내증권사,B,SF205,각주항목(09.06월 이후)
35949,201812,0010136,키움증권(주),C11,파생상품계약_장내파생상품_이자율관련거래,369001823432,국내증권사,B,SF205,각주항목(09.06월 이후)
35950,201812,0010136,키움증권(주),C12,파생상품계약_장내파생상품_통화관련거래,16167150250,국내증권사,B,SF205,각주항목(09.06월 이후)
35951,201812,0010136,키움증권(주),C13,파생상품계약_장내파생상품_주식관련거래,451525334112,국내증권사,B,SF205,각주항목(09.06월 이후)
35952,201812,0010136,키움증권(주),C14,파생상품계약_장내파생상품_일반상품관련거래,0,국내증권사,B,SF205,각주항목(09.06월 이후)
35953,201812,0010136,키움증권(주),C15,파생상품계약_장내파생상품_기타,0,국내증권사,B,SF205,각주항목(09.06월 이후)
35954,201812,0010136,키움증권(주),C2,파생상품계약_장외파생상품,10419353026078,국내증권사,B,SF205,각주항목(09.06월 이후)
35955,201812,0010136,키움증권(주),C21,파생상품계약_장외파생상품_이자율관련거래,8808095000000,국내증권사,B,SF205,각주항목(09.06월 이후)
35956,201812,0010136,키움증권(주),C22,파생상품계약_장외파생상품_통화관련거래,276919453751,국내증권사,B,SF205,각주항목(09.06월 이후)
35957,201812,0010136,키움증권(주),C23,파생상품계약_장외파생상품_주식관련거래,689795042327,국내증권사,B,SF205,각주항목(09.06월 이후)
35958,201812,0010136,키움증권(주),C24,파생상품계약_장외파생상품_신용관련거래,500000000000,국내증권사,B,SF205,각주항목(09.06월 이후)
35959,201812,0010136,키움증권(주),C25,파생상품계약_장외파생상품_기타,144543530000,국내증권사,B,SF205,각주항목(09.06월 이후)
35960,201812,0010136,키움증권(주),D,대차 및 대주거래,0,국내증권사,B,SF205,각주항목(09.06월 이후)
35961,201812,0010136,키움증권(주),D1,대차 및 대주거래_대여증권,0,국내증권사,B,SF205,각주항목(09.06월 이후)
35962,201812,0010136,키움증권(주),D2,대차 및 대주거래_차입증권,0,국내증권사,B,SF205,각주항목(09.06월 이후)
35963,201812,0010136,키움증권(주),D3,대차 및 대주거래_신용거래대주,0,국내증권사,B,SF205,각주항목(09.06월 이후)
35964,201812,0010136,키움증권(주),E,대손상각채권,0,국내증권사,B,SF205,각주항목(09.06월 이후)
35965,201812,0010136,키움증권(주),F,환전업무 예치금,0,국내증권사,B,SF205,각주항목(09.06월 이후)
35966,201812,0010136,키움증권(주),G,미배당별도예치금,0,국내증권사,B,SF205,각주항목(09.06월 이후)
35967,201812,0010136,키움증권(주),H,배서어음매출(종금계정),0,국내증권사,B,SF205,각주항목(09.06월 이후)
35968,201812,0010136,키움증권(주),H1,대출채권매매이익_담보부,0,국내증권사,B,SF205,각주항목(09.06월 이후)
35969,201812,0010136,키움증권(주),H2,대출채권매매이익_무담보부,0,국내증권사,B,SF205,각주항목(09.06월 이후)
35970,201903,0010136,키움증권(주),A,채무보증,1941544846460,국내증권사,B,SF205,각주항목(09.06월 이후)
35971,201903,0010136,키움증권(주),A1,채무보증_지급보증,0,국내증권사,B,SF205,각주항목(09.06월 이후)
35972,201903,0010136,키움증권(주),A2,채무보증_매입보장약정,459600000000,국내증권사,B,SF205,각주항목(09.06월 이후)
35973,201903,0010136,키움증권(주),A3,채무보증_채무인수약정,0,국내증권사,B,SF205,각주항목(09.06월 이후)
35974,201903,0010136,키움증권(주),A5,채무보증_매입확약,1481944846460,국내증권사,B,SF205,각주항목(09.06월 이후)
35975,201903,0010136,키움증권(주),A6,채무보증_기타,0,국내증권사,B,SF205,각주항목(09.06월 이후)
35976,201903,0010136,키움증권(주),B,투자자의 예수증권 등,37009411660836,국내증권사,B,SF205,각주항목(09.06월 이후)
35977,201903,0010136,키움증권(주),B1,투자자의 예수증권 등_예수 증권,37009411660836,국내증권사,B,SF205,각주항목(09.06월 이후)
35978,201903,0010136,키움증권(주),B2,투자자의 예수증권 등_예수양도성예금증서,0,국내증권사,B,SF205,각주항목(09.06월 이후)
35979,201903,0010136,키움증권(주),B3,투자자의 예수증권 등_기타,0,국내증권사,B,SF205,각주항목(09.06월 이후)
35980,201903,0010136,키움증권(주),C,파생상품계약,13520764805983,국내증권사,B,SF205,각주항목(09.06월 이후)
35981,201903,0010136,키움증권(주),C1,파생상품계약_장내파생상품,1730358725932,국내증권사,B,SF205,각주항목(09.06월 이후)
35982,201903,0010136,키움증권(주),C11,파생상품계약_장내파생상품_이자율관련거래,1259189122068,국내증권사,B,SF205,각주항목(09.06월 이후)
35983,201903,0010136,키움증권(주),C12,파생상품계약_장내파생상품_통화관련거래,21907975859,국내증권사,B,SF205,각주항목(09.06월 이후)
35984,201903,0010136,키움증권(주),C13,파생상품계약_장내파생상품_주식관련거래,449261628005,국내증권사,B,SF205,각주항목(09.06월 이후)
35985,201903,0010136,키움증권(주),C14,파생상품계약_장내파생상품_일반상품관련거래,0,국내증권사,B,SF205,각주항목(09.06월 이후)
35986,201903,0010136,키움증권(주),C15,파생상품계약_장내파생상품_기타,0,국내증권사,B,SF205,각주항목(09.06월 이후)
35987,201903,0010136,키움증권(주),C2,파생상품계약_장외파생상품,11790406080051,국내증권사,B,SF205,각주항목(09.06월 이후)
35988,201903,0010136,키움증권(주),C21,파생상품계약_장외파생상품_이자율관련거래,9912876140136,국내증권사,B,SF205,각주항목(09.06월 이후)
35989,201903,0010136,키움증권(주),C22,파생상품계약_장외파생상품_통화관련거래,392744224180,국내증권사,B,SF205,각주항목(09.06월 이후)
35990,201903,0010136,키움증권(주),C23,파생상품계약_장외파생상품_주식관련거래,821100885735,국내증권사,B,SF205,각주항목(09.06월 이후)
35991,201903,0010136,키움증권(주),C24,파생상품계약_장외파생상품_신용관련거래,500000000000,국내증권사,B,SF205,각주항목(09.06월 이후)
35992,201903,0010136,키움증권(주),C25,파생상품계약_장외파생상품_기타,163684830000,국내증권사,B,SF205,각주항목(09.06월 이후)
35993,201903,0010136,키움증권(주),D,대차 및 대주거래,0,국내증권사,B,SF205,각주항목(09.06월 이후)
35994,201903,0010136,키움증권(주),D1,대차 및 대주거래_대여증권,0,국내증권사,B,SF205,각주항목(09.06월 이후)
35995,201903,0010136,키움증권(주),D2,대차 및 대주거래_차입증권,0,국내증권사,B,SF205,각주항목(09.06월 이후)
35996,201903,0010136,키움증권(주),D3,대차 및 대주거래_신용거래대주,0,국내증권사,B,SF205,각주항목(09.06월 이후)
35997,201903,0010136,키움증권(주),E,대손상각채권,0,국내증권사,B,SF205,각주항목(09.06월 이후)
35998,201903,0010136,키움증권(주),F,환전업무 예치금,0,국내증권사,B,SF205,각주항목(09.06월 이후)
35999,201903,0010136,키움증권(주),G,미배당별도예치금,0,국내증권사,B,SF205,각주항목(09.06월 이후)
36000,201903,0010136,키움증권(주),H,배서어음매출(종금계정),0,국내증권사,B,SF205,각주항목(09.06월 이후)
36001,201903,0010136,키움증권(주),H1,대출채권매매이익_담보부,0,국내증권사,B,SF205,각주항목(09.06월 이후)
36002,201903,0010136,키움증권(주),H2,대출채권매매이익_무담보부,0,국내증권사,B,SF205,각주항목(09.06월 이후)
36003,201906,0010136,키움증권(주),A,채무보증,1867227628606,국내증권사,B,SF205,각주항목(09.06월 이후)
36004,201906,0010136,키움증권(주),A1,채무보증_지급보증,0,국내증권사,B,SF205,각주항목(09.06월 이후)
36005,201906,0010136,키움증권(주),A2,채무보증_매입보장약정,508200000000,국내증권사,B,SF205,각주항목(09.06월 이후)
36006,201906,0010136,키움증권(주),A3,채무보증_채무인수약정,0,국내증권사,B,SF205,각주항목(09.06월 이후)
36007,201906,0010136,키움증권(주),A5,채무보증_매입확약,1359027628606,국내증권사,B,SF205,각주항목(09.06월 이후)
36008,201906,0010136,키움증권(주),A6,채무보증_기타,0,국내증권사,B,SF205,각주항목(09.06월 이후)
36009,201906,0010136,키움증권(주),B,투자자의 예수증권 등,37486044773864,국내증권사,B,SF205,각주항목(09.06월 이후)
36010,201906,0010136,키움증권(주),B1,투자자의 예수증권 등_예수 증권,37486044773864,국내증권사,B,SF205,각주항목(09.06월 이후)
36011,201906,0010136,키움증권(주),B2,투자자의 예수증권 등_예수양도성예금증서,0,국내증권사,B,SF205,각주항목(09.06월 이후)
36012,201906,0010136,키움증권(주),B3,투자자의 예수증권 등_기타,0,국내증권사,B,SF205,각주항목(09.06월 이후)
36013,201906,0010136,키움증권(주),C,파생상품계약,14887914172083,국내증권사,B,SF205,각주항목(09.06월 이후)
36014,201906,0010136,키움증권(주),C1,파생상품계약_장내파생상품,2527600390780,국내증권사,B,SF205,각주항목(09.06월 이후)
36015,201906,0010136,키움증권(주),C11,파생상품계약_장내파생상품_이자율관련거래,1940505986014,국내증권사,B,SF205,각주항목(09.06월 이후)
36016,201906,0010136,키움증권(주),C12,파생상품계약_장내파생상품_통화관련거래,38427189482,국내증권사,B,SF205,각주항목(09.06월 이후)
36017,201906,0010136,키움증권(주),C13,파생상품계약_장내파생상품_주식관련거래,548667215284,국내증권사,B,SF205,각주항목(09.06월 이후)
36018,201906,0010136,키움증권(주),C14,파생상품계약_장내파생상품_일반상품관련거래,0,국내증권사,B,SF205,각주항목(09.06월 이후)
36019,201906,0010136,키움증권(주),C15,파생상품계약_장내파생상품_기타,0,국내증권사,B,SF205,각주항목(09.06월 이후)
36020,201906,0010136,키움증권(주),C2,파생상품계약_장외파생상품,12360313781303,국내증권사,B,SF205,각주항목(09.06월 이후)
36021,201906,0010136,키움증권(주),C21,파생상품계약_장외파생상품_이자율관련거래,9732680762153,국내증권사,B,SF205,각주항목(09.06월 이후)
36022,201906,0010136,키움증권(주),C22,파생상품계약_장외파생상품_통화관련거래,607594912656,국내증권사,B,SF205,각주항목(09.06월 이후)
36023,201906,0010136,키움증권(주),C23,파생상품계약_장외파생상품_주식관련거래,1345775880094,국내증권사,B,SF205,각주항목(09.06월 이후)
36024,201906,0010136,키움증권(주),C24,파생상품계약_장외파생상품_신용관련거래,500000000000,국내증권사,B,SF205,각주항목(09.06월 이후)
36025,201906,0010136,키움증권(주),C25,파생상품계약_장외파생상품_기타,174262226400,국내증권사,B,SF205,각주항목(09.06월 이후)
36026,201906,0010136,키움증권(주),D,대차 및 대주거래,0,국내증권사,B,SF205,각주항목(09.06월 이후)
36027,201906,0010136,키움증권(주),D1,대차 및 대주거래_대여증권,0,국내증권사,B,SF205,각주항목(09.06월 이후)
36028,201906,0010136,키움증권(주),D2,대차 및 대주거래_차입증권,0,국내증권사,B,SF205,각주항목(09.06월 이후)
36029,201906,0010136,키움증권(주),D3,대차 및 대주거래_신용거래대주,0,국내증권사,B,SF205,각주항목(09.06월 이후)
36030,201906,0010136,키움증권(주),E,대손상각채권,0,국내증권사,B,SF205,각주항목(09.06월 이후)
36031,201906,0010136,키움증권(주),F,환전업무 예치금,0,국내증권사,B,SF205,각주항목(09.06월 이후)
36032,201906,0010136,키움증권(주),G,미배당별도예치금,0,국내증권사,B,SF205,각주항목(09.06월 이후)
36033,201906,0010136,키움증권(주),H,배서어음매출(종금계정),0,국내증권사,B,SF205,각주항목(09.06월 이후)
36034,201906,0010136,키움증권(주),H1,대출채권매매이익_담보부,0,국내증권사,B,SF205,각주항목(09.06월 이후)
36035,201906,0010136,키움증권(주),H2,대출채권매매이익_무담보부,0,국내증권사,B,SF205,각주항목(09.06월 이후)
36036,201909,0010136,키움증권(주),A,채무보증,1972158608692,국내증권사,B,SF205,각주항목(09.06월 이후)
36037,201909,0010136,키움증권(주),A1,채무보증_지급보증,0,국내증권사,B,SF205,각주항목(09.06월 이후)
36038,201909,0010136,키움증권(주),A2,채무보증_매입보장약정,526800000000,국내증권사,B,SF205,각주항목(09.06월 이후)
36039,201909,0010136,키움증권(주),A3,채무보증_채무인수약정,0,국내증권사,B,SF205,각주항목(09.06월 이후)
36040,201909,0010136,키움증권(주),A5,채무보증_매입확약,1445358608692,국내증권사,B,SF205,각주항목(09.06월 이후)
36041,201909,0010136,키움증권(주),A6,채무보증_기타,0,국내증권사,B,SF205,각주항목(09.06월 이후)
36042,201909,0010136,키움증권(주),B,투자자의 예수증권 등,36283852491842,국내증권사,B,SF205,각주항목(09.06월 이후)
36043,201909,0010136,키움증권(주),B1,투자자의 예수증권 등_예수 증권,36283852491842,국내증권사,B,SF205,각주항목(09.06월 이후)
36044,201909,0010136,키움증권(주),B2,투자자의 예수증권 등_예수양도성예금증서,0,국내증권사,B,SF205,각주항목(09.06월 이후)
36045,201909,0010136,키움증권(주),B3,투자자의 예수증권 등_기타,0,국내증권사,B,SF205,각주항목(09.06월 이후)
36046,201909,0010136,키움증권(주),C,파생상품계약,14859978507062,국내증권사,B,SF205,각주항목(09.06월 이후)
36047,201909,0010136,키움증권(주),C1,파생상품계약_장내파생상품,1414156548497,국내증권사,B,SF205,각주항목(09.06월 이후)
36048,201909,0010136,키움증권(주),C11,파생상품계약_장내파생상품_이자율관련거래,583009499946,국내증권사,B,SF205,각주항목(09.06월 이후)
36049,201909,0010136,키움증권(주),C12,파생상품계약_장내파생상품_통화관련거래,139268153738,국내증권사,B,SF205,각주항목(09.06월 이후)
36050,201909,0010136,키움증권(주),C13,파생상품계약_장내파생상품_주식관련거래,691878894813,국내증권사,B,SF205,각주항목(09.06월 이후)
36051,201909,0010136,키움증권(주),C14,파생상품계약_장내파생상품_일반상품관련거래,0,국내증권사,B,SF205,각주항목(09.06월 이후)
36052,201909,0010136,키움증권(주),C15,파생상품계약_장내파생상품_기타,0,국내증권사,B,SF205,각주항목(09.06월 이후)
36053,201909,0010136,키움증권(주),C2,파생상품계약_장외파생상품,13445821958565,국내증권사,B,SF205,각주항목(09.06월 이후)
36054,201909,0010136,키움증권(주),C21,파생상품계약_장외파생상품_이자율관련거래,10759519384171,국내증권사,B,SF205,각주항목(09.06월 이후)
36055,201909,0010136,키움증권(주),C22,파생상품계약_장외파생상품_통화관련거래,476162117207,국내증권사,B,SF205,각주항목(09.06월 이후)
36056,201909,0010136,키움증권(주),C23,파생상품계약_장외파생상품_주식관련거래,1573314153487,국내증권사,B,SF205,각주항목(09.06월 이후)
36057,201909,0010136,키움증권(주),C24,파생상품계약_장외파생상품_신용관련거래,500000000000,국내증권사,B,SF205,각주항목(09.06월 이후)
36058,201909,0010136,키움증권(주),C25,파생상품계약_장외파생상품_기타,136826303700,국내증권사,B,SF205,각주항목(09.06월 이후)
36059,201909,0010136,키움증권(주),D,대차 및 대주거래,0,국내증권사,B,SF205,각주항목(09.06월 이후)
36060,201909,0010136,키움증권(주),D1,대차 및 대주거래_대여증권,0,국내증권사,B,SF205,각주항목(09.06월 이후)
36061,201909,0010136,키움증권(주),D2,대차 및 대주거래_차입증권,0,국내증권사,B,SF205,각주항목(09.06월 이후)
36062,201909,0010136,키움증권(주),D3,대차 및 대주거래_신용거래대주,0,국내증권사,B,SF205,각주항목(09.06월 이후)
36063,201909,0010136,키움증권(주),E,대손상각채권,0,국내증권사,B,SF205,각주항목(09.06월 이후)
36064,201909,0010136,키움증권(주),F,환전업무 예치금,0,국내증권사,B,SF205,각주항목(09.06월 이후)
36065,201909,0010136,키움증권(주),G,미배당별도예치금,0,국내증권사,B,SF205,각주항목(09.06월 이후)
36066,201909,0010136,키움증권(주),H,배서어음매출(종금계정),0,국내증권사,B,SF205,각주항목(09.06월 이후)
36067,201909,0010136,키움증권(주),H1,대출채권매매이익_담보부,0,국내증권사,B,SF205,각주항목(09.06월 이후)
36068,201909,0010136,키움증권(주),H2,대출채권매매이익_무담보부,0,국내증권사,B,SF205,각주항목(09.06월 이후)
36069,201912,0010136,키움증권(주),A,채무보증,2176776000000,국내증권사,B,SF205,각주항목(09.06월 이후)
36070,201912,0010136,키움증권(주),A1,채무보증_지급보증,0,국내증권사,B,SF205,각주항목(09.06월 이후)
36071,201912,0010136,키움증권(주),A2,채무보증_매입보장약정,627000000000,국내증권사,B,SF205,각주항목(09.06월 이후)
36072,201912,0010136,키움증권(주),A3,채무보증_채무인수약정,0,국내증권사,B,SF205,각주항목(09.06월 이후)
36073,201912,0010136,키움증권(주),A5,채무보증_매입확약,1549776000000,국내증권사,B,SF205,각주항목(09.06월 이후)
36074,201912,0010136,키움증권(주),A6,채무보증_기타,0,국내증권사,B,SF205,각주항목(09.06월 이후)
36075,201912,0010136,키움증권(주),B,투자자의 예수증권 등,39853897517248,국내증권사,B,SF205,각주항목(09.06월 이후)
36076,201912,0010136,키움증권(주),B1,투자자의 예수증권 등_예수 증권,39853897517248,국내증권사,B,SF205,각주항목(09.06월 이후)
36077,201912,0010136,키움증권(주),B2,투자자의 예수증권 등_예수양도성예금증서,0,국내증권사,B,SF205,각주항목(09.06월 이후)
36078,201912,0010136,키움증권(주),B3,투자자의 예수증권 등_기타,0,국내증권사,B,SF205,각주항목(09.06월 이후)
36079,201912,0010136,키움증권(주),C,파생상품계약,16399337371004,국내증권사,B,SF205,각주항목(09.06월 이후)
36080,201912,0010136,키움증권(주),C1,파생상품계약_장내파생상품,2001539415313,국내증권사,B,SF205,각주항목(09.06월 이후)
36081,201912,0010136,키움증권(주),C11,파생상품계약_장내파생상품_이자율관련거래,988124945482,국내증권사,B,SF205,각주항목(09.06월 이후)
36082,201912,0010136,키움증권(주),C12,파생상품계약_장내파생상품_통화관련거래,255024944449,국내증권사,B,SF205,각주항목(09.06월 이후)
36083,201912,0010136,키움증권(주),C13,파생상품계약_장내파생상품_주식관련거래,758389525382,국내증권사,B,SF205,각주항목(09.06월 이후)
36084,201912,0010136,키움증권(주),C14,파생상품계약_장내파생상품_일반상품관련거래,0,국내증권사,B,SF205,각주항목(09.06월 이후)
36085,201912,0010136,키움증권(주),C15,파생상품계약_장내파생상품_기타,0,국내증권사,B,SF205,각주항목(09.06월 이후)
36086,201912,0010136,키움증권(주),C2,파생상품계약_장외파생상품,14397797955691,국내증권사,B,SF205,각주항목(09.06월 이후)
36087,201912,0010136,키움증권(주),C21,파생상품계약_장외파생상품_이자율관련거래,11346822524307,국내증권사,B,SF205,각주항목(09.06월 이후)
36088,201912,0010136,키움증권(주),C22,파생상품계약_장외파생상품_통화관련거래,390703259470,국내증권사,B,SF205,각주항목(09.06월 이후)
36089,201912,0010136,키움증권(주),C23,파생상품계약_장외파생상품_주식관련거래,1518846606917,국내증권사,B,SF205,각주항목(09.06월 이후)
36090,201912,0010136,키움증권(주),C24,파생상품계약_장외파생상품_신용관련거래,1000000000000,국내증권사,B,SF205,각주항목(09.06월 이후)
36091,201912,0010136,키움증권(주),C25,파생상품계약_장외파생상품_기타,141425564997,국내증권사,B,SF205,각주항목(09.06월 이후)
36092,201912,0010136,키움증권(주),D,대차 및 대주거래,0,국내증권사,B,SF205,각주항목(09.06월 이후)
36093,201912,0010136,키움증권(주),D1,대차 및 대주거래_대여증권,0,국내증권사,B,SF205,각주항목(09.06월 이후)
36094,201912,0010136,키움증권(주),D2,대차 및 대주거래_차입증권,0,국내증권사,B,SF205,각주항목(09.06월 이후)
36095,201912,0010136,키움증권(주),D3,대차 및 대주거래_신용거래대주,0,국내증권사,B,SF205,각주항목(09.06월 이후)
36096,201912,0010136,키움증권(주),E,대손상각채권,0,국내증권사,B,SF205,각주항목(09.06월 이후)
36097,201912,0010136,키움증권(주),F,환전업무 예치금,0,국내증권사,B,SF205,각주항목(09.06월 이후)
36098,201912,0010136,키움증권(주),G,미배당별도예치금,0,국내증권사,B,SF205,각주항목(09.06월 이후)
36099,201912,0010136,키움증권(주),H,배서어음매출(종금계정),0,국내증권사,B,SF205,각주항목(09.06월 이후)
36100,201912,0010136,키움증권(주),H1,대출채권매매이익_담보부,0,국내증권사,B,SF205,각주항목(09.06월 이후)
36101,201912,0010136,키움증권(주),H2,대출채권매매이익_무담보부,0,국내증권사,B,SF205,각주항목(09.06월 이후)
36102,202003,0010136,키움증권(주),A,채무보증,1906706000000,국내증권사,B,SF205,각주항목(09.06월 이후)
36103,202003,0010136,키움증권(주),A1,채무보증_지급보증,0,국내증권사,B,SF205,각주항목(09.06월 이후)
36104,202003,0010136,키움증권(주),A2,채무보증_매입보장약정,629000000000,국내증권사,B,SF205,각주항목(09.06월 이후)
36105,202003,0010136,키움증권(주),A3,채무보증_채무인수약정,0,국내증권사,B,SF205,각주항목(09.06월 이후)
36106,202003,0010136,키움증권(주),A5,채무보증_매입확약,1277706000000,국내증권사,B,SF205,각주항목(09.06월 이후)
36107,202003,0010136,키움증권(주),A6,채무보증_기타,0,국내증권사,B,SF205,각주항목(09.06월 이후)
36108,202003,0010136,키움증권(주),B,투자자의 예수증권 등,39231073906908,국내증권사,B,SF205,각주항목(09.06월 이후)
36109,202003,0010136,키움증권(주),B1,투자자의 예수증권 등_예수 증권,39231073906908,국내증권사,B,SF205,각주항목(09.06월 이후)
36110,202003,0010136,키움증권(주),B2,투자자의 예수증권 등_예수양도성예금증서,0,국내증권사,B,SF205,각주항목(09.06월 이후)
36111,202003,0010136,키움증권(주),B3,투자자의 예수증권 등_기타,0,국내증권사,B,SF205,각주항목(09.06월 이후)
36112,202003,0010136,키움증권(주),C,파생상품계약,16486064165819,국내증권사,B,SF205,각주항목(09.06월 이후)
36113,202003,0010136,키움증권(주),C1,파생상품계약_장내파생상품,2117964963363,국내증권사,B,SF205,각주항목(09.06월 이후)
36114,202003,0010136,키움증권(주),C11,파생상품계약_장내파생상품_이자율관련거래,525189255350,국내증권사,B,SF205,각주항목(09.06월 이후)
36115,202003,0010136,키움증권(주),C12,파생상품계약_장내파생상품_통화관련거래,267864727096,국내증권사,B,SF205,각주항목(09.06월 이후)
36116,202003,0010136,키움증권(주),C13,파생상품계약_장내파생상품_주식관련거래,1324910980917,국내증권사,B,SF205,각주항목(09.06월 이후)
36117,202003,0010136,키움증권(주),C14,파생상품계약_장내파생상품_일반상품관련거래,0,국내증권사,B,SF205,각주항목(09.06월 이후)
36118,202003,0010136,키움증권(주),C15,파생상품계약_장내파생상품_기타,0,국내증권사,B,SF205,각주항목(09.06월 이후)
36119,202003,0010136,키움증권(주),C2,파생상품계약_장외파생상품,14368099202456,국내증권사,B,SF205,각주항목(09.06월 이후)
36120,202003,0010136,키움증권(주),C21,파생상품계약_장외파생상품_이자율관련거래,11522398664442,국내증권사,B,SF205,각주항목(09.06월 이후)
36121,202003,0010136,키움증권(주),C22,파생상품계약_장외파생상품_통화관련거래,293941142821,국내증권사,B,SF205,각주항목(09.06월 이후)
36122,202003,0010136,키움증권(주),C23,파생상품계약_장외파생상품_주식관련거래,1440956195193,국내증권사,B,SF205,각주항목(09.06월 이후)
36123,202003,0010136,키움증권(주),C24,파생상품계약_장외파생상품_신용관련거래,1000000000000,국내증권사,B,SF205,각주항목(09.06월 이후)
36124,202003,0010136,키움증권(주),C25,파생상품계약_장외파생상품_기타,110803200000,국내증권사,B,SF205,각주항목(09.06월 이후)
36125,202003,0010136,키움증권(주),D,대차 및 대주거래,0,국내증권사,B,SF205,각주항목(09.06월 이후)
36126,202003,0010136,키움증권(주),D1,대차 및 대주거래_대여증권,0,국내증권사,B,SF205,각주항목(09.06월 이후)
36127,202003,0010136,키움증권(주),D2,대차 및 대주거래_차입증권,0,국내증권사,B,SF205,각주항목(09.06월 이후)
36128,202003,0010136,키움증권(주),D3,대차 및 대주거래_신용거래대주,0,국내증권사,B,SF205,각주항목(09.06월 이후)
36129,202003,0010136,키움증권(주),E,대손상각채권,0,국내증권사,B,SF205,각주항목(09.06월 이후)
36130,202003,0010136,키움증권(주),F,환전업무 예치금,0,국내증권사,B,SF205,각주항목(09.06월 이후)
36131,202003,0010136,키움증권(주),G,미배당별도예치금,0,국내증권사,B,SF205,각주항목(09.06월 이후)
36132,202003,0010136,키움증권(주),H,배서어음매출(종금계정),0,국내증권사,B,SF205,각주항목(09.06월 이후)
36133,202003,0010136,키움증권(주),H1,대출채권매매이익_담보부,0,국내증권사,B,SF205,각주항목(09.06월 이후)
36134,202003,0010136,키움증권(주),H2,대출채권매매이익_무담보부,0,국내증권사,B,SF205,각주항목(09.06월 이후)
36135,202006,0010136,키움증권(주),A,채무보증,1976756000000,국내증권사,B,SF205,각주항목(09.06월 이후)
36136,202006,0010136,키움증권(주),A1,채무보증_지급보증,0,국내증권사,B,SF205,각주항목(09.06월 이후)
36137,202006,0010136,키움증권(주),A2,채무보증_매입보장약정,671200000000,국내증권사,B,SF205,각주항목(09.06월 이후)
36138,202006,0010136,키움증권(주),A3,채무보증_채무인수약정,0,국내증권사,B,SF205,각주항목(09.06월 이후)
36139,202006,0010136,키움증권(주),A5,채무보증_매입확약,1305556000000,국내증권사,B,SF205,각주항목(09.06월 이후)
36140,202006,0010136,키움증권(주),A6,채무보증_기타,0,국내증권사,B,SF205,각주항목(09.06월 이후)
36141,202006,0010136,키움증권(주),B,투자자의 예수증권 등,48743213710742,국내증권사,B,SF205,각주항목(09.06월 이후)
36142,202006,0010136,키움증권(주),B1,투자자의 예수증권 등_예수 증권,48743213710742,국내증권사,B,SF205,각주항목(09.06월 이후)
36143,202006,0010136,키움증권(주),B2,투자자의 예수증권 등_예수양도성예금증서,0,국내증권사,B,SF205,각주항목(09.06월 이후)
36144,202006,0010136,키움증권(주),B3,투자자의 예수증권 등_기타,0,국내증권사,B,SF205,각주항목(09.06월 이후)
36145,202006,0010136,키움증권(주),C,파생상품계약,19004927256969,국내증권사,B,SF205,각주항목(09.06월 이후)
36146,202006,0010136,키움증권(주),C1,파생상품계약_장내파생상품,3785360062055,국내증권사,B,SF205,각주항목(09.06월 이후)
36147,202006,0010136,키움증권(주),C11,파생상품계약_장내파생상품_이자율관련거래,2097685318559,국내증권사,B,SF205,각주항목(09.06월 이후)
36148,202006,0010136,키움증권(주),C12,파생상품계약_장내파생상품_통화관련거래,217855868617,국내증권사,B,SF205,각주항목(09.06월 이후)
36149,202006,0010136,키움증권(주),C13,파생상품계약_장내파생상품_주식관련거래,1469818874879,국내증권사,B,SF205,각주항목(09.06월 이후)
36150,202006,0010136,키움증권(주),C14,파생상품계약_장내파생상품_일반상품관련거래,0,국내증권사,B,SF205,각주항목(09.06월 이후)
36151,202006,0010136,키움증권(주),C15,파생상품계약_장내파생상품_기타,0,국내증권사,B,SF205,각주항목(09.06월 이후)
36152,202006,0010136,키움증권(주),C2,파생상품계약_장외파생상품,15219567194914,국내증권사,B,SF205,각주항목(09.06월 이후)
36153,202006,0010136,키움증권(주),C21,파생상품계약_장외파생상품_이자율관련거래,12381398664442,국내증권사,B,SF205,각주항목(09.06월 이후)
36154,202006,0010136,키움증권(주),C22,파생상품계약_장외파생상품_통화관련거래,269982480839,국내증권사,B,SF205,각주항목(09.06월 이후)
36155,202006,0010136,키움증권(주),C23,파생상품계약_장외파생상품_주식관련거래,1463811139633,국내증권사,B,SF205,각주항목(09.06월 이후)
36156,202006,0010136,키움증권(주),C24,파생상품계약_장외파생상품_신용관련거래,1000000000000,국내증권사,B,SF205,각주항목(09.06월 이후)
36157,202006,0010136,키움증권(주),C25,파생상품계약_장외파생상품_기타,104374910000,국내증권사,B,SF205,각주항목(09.06월 이후)
36158,202006,0010136,키움증권(주),D,대차 및 대주거래,0,국내증권사,B,SF205,각주항목(09.06월 이후)
36159,202006,0010136,키움증권(주),D1,대차 및 대주거래_대여증권,0,국내증권사,B,SF205,각주항목(09.06월 이후)
36160,202006,0010136,키움증권(주),D2,대차 및 대주거래_차입증권,0,국내증권사,B,SF205,각주항목(09.06월 이후)
36161,202006,0010136,키움증권(주),D3,대차 및 대주거래_신용거래대주,0,국내증권사,B,SF205,각주항목(09.06월 이후)
36162,202006,0010136,키움증권(주),E,대손상각채권,0,국내증권사,B,SF205,각주항목(09.06월 이후)
36163,202006,0010136,키움증권(주),F,환전업무 예치금,0,국내증권사,B,SF205,각주항목(09.06월 이후)
36164,202006,0010136,키움증권(주),G,미배당별도예치금,0,국내증권사,B,SF205,각주항목(09.06월 이후)
36165,202006,0010136,키움증권(주),H,배서어음매출(종금계정),0,국내증권사,B,SF205,각주항목(09.06월 이후)
36166,202006,0010136,키움증권(주),H1,대출채권매매이익_담보부,0,국내증권사,B,SF205,각주항목(09.06월 이후)
36167,202006,0010136,키움증권(주),H2,대출채권매매이익_무담보부,0,국내증권사,B,SF205,각주항목(09.06월 이후)
36168,202009,0010136,키움증권(주),A,채무보증,1857473000000,국내증권사,B,SF205,각주항목(09.06월 이후)
36169,202009,0010136,키움증권(주),A1,채무보증_지급보증,0,국내증권사,B,SF205,각주항목(09.06월 이후)
36170,202009,0010136,키움증권(주),A2,채무보증_매입보장약정,610400000000,국내증권사,B,SF205,각주항목(09.06월 이후)
36171,202009,0010136,키움증권(주),A3,채무보증_채무인수약정,0,국내증권사,B,SF205,각주항목(09.06월 이후)
36172,202009,0010136,키움증권(주),A5,채무보증_매입확약,1247073000000,국내증권사,B,SF205,각주항목(09.06월 이후)
36173,202009,0010136,키움증권(주),A6,채무보증_기타,0,국내증권사,B,SF205,각주항목(09.06월 이후)
36174,202009,0010136,키움증권(주),B,투자자의 예수증권 등,62538661057976,국내증권사,B,SF205,각주항목(09.06월 이후)
36175,202009,0010136,키움증권(주),B1,투자자의 예수증권 등_예수 증권,62538661057976,국내증권사,B,SF205,각주항목(09.06월 이후)
36176,202009,0010136,키움증권(주),B2,투자자의 예수증권 등_예수양도성예금증서,0,국내증권사,B,SF205,각주항목(09.06월 이후)
36177,202009,0010136,키움증권(주),B3,투자자의 예수증권 등_기타,0,국내증권사,B,SF205,각주항목(09.06월 이후)
36178,202009,0010136,키움증권(주),C,파생상품계약,19731091818065,국내증권사,B,SF205,각주항목(09.06월 이후)
36179,202009,0010136,키움증권(주),C1,파생상품계약_장내파생상품,3118010670357,국내증권사,B,SF205,각주항목(09.06월 이후)
36180,202009,0010136,키움증권(주),C11,파생상품계약_장내파생상품_이자율관련거래,1700783088475,국내증권사,B,SF205,각주항목(09.06월 이후)
36181,202009,0010136,키움증권(주),C12,파생상품계약_장내파생상품_통화관련거래,296931529217,국내증권사,B,SF205,각주항목(09.06월 이후)
36182,202009,0010136,키움증권(주),C13,파생상품계약_장내파생상품_주식관련거래,1120296052665,국내증권사,B,SF205,각주항목(09.06월 이후)
36183,202009,0010136,키움증권(주),C14,파생상품계약_장내파생상품_일반상품관련거래,0,국내증권사,B,SF205,각주항목(09.06월 이후)
36184,202009,0010136,키움증권(주),C15,파생상품계약_장내파생상품_기타,0,국내증권사,B,SF205,각주항목(09.06월 이후)
36185,202009,0010136,키움증권(주),C2,파생상품계약_장외파생상품,16613081147708,국내증권사,B,SF205,각주항목(09.06월 이후)
36186,202009,0010136,키움증권(주),C21,파생상품계약_장외파생상품_이자율관련거래,13396781258727,국내증권사,B,SF205,각주항목(09.06월 이후)
36187,202009,0010136,키움증권(주),C22,파생상품계약_장외파생상품_통화관련거래,373894884004,국내증권사,B,SF205,각주항목(09.06월 이후)
36188,202009,0010136,키움증권(주),C23,파생상품계약_장외파생상품_주식관련거래,1459938244280,국내증권사,B,SF205,각주항목(09.06월 이후)
36189,202009,0010136,키움증권(주),C24,파생상품계약_장외파생상품_신용관련거래,1150000000000,국내증권사,B,SF205,각주항목(09.06월 이후)
36190,202009,0010136,키움증권(주),C25,파생상품계약_장외파생상품_기타,232466760697,국내증권사,B,SF205,각주항목(09.06월 이후)
36191,202009,0010136,키움증권(주),D,대차 및 대주거래,0,국내증권사,B,SF205,각주항목(09.06월 이후)
36192,202009,0010136,키움증권(주),D1,대차 및 대주거래_대여증권,0,국내증권사,B,SF205,각주항목(09.06월 이후)
36193,202009,0010136,키움증권(주),D2,대차 및 대주거래_차입증권,0,국내증권사,B,SF205,각주항목(09.06월 이후)
36194,202009,0010136,키움증권(주),D3,대차 및 대주거래_신용거래대주,0,국내증권사,B,SF205,각주항목(09.06월 이후)
36195,202009,0010136,키움증권(주),E,대손상각채권,0,국내증권사,B,SF205,각주항목(09.06월 이후)
36196,202009,0010136,키움증권(주),F,환전업무 예치금,0,국내증권사,B,SF205,각주항목(09.06월 이후)
36197,202009,0010136,키움증권(주),G,미배당별도예치금,0,국내증권사,B,SF205,각주항목(09.06월 이후)
36198,202009,0010136,키움증권(주),H,배서어음매출(종금계정),0,국내증권사,B,SF205,각주항목(09.06월 이후)
36199,202009,0010136,키움증권(주),H1,대출채권매매이익_담보부,0,국내증권사,B,SF205,각주항목(09.06월 이후)
36200,202009,0010136,키움증권(주),H2,대출채권매매이익_무담보부,0,국내증권사,B,SF205,각주항목(09.06월 이후)
36201,202012,0010136,키움증권(주),A,채무보증,1705031000000,국내증권사,B,SF205,각주항목(09.06월 이후)
36202,202012,0010136,키움증권(주),A1,채무보증_지급보증,0,국내증권사,B,SF205,각주항목(09.06월 이후)
36203,202012,0010136,키움증권(주),A2,채무보증_매입보장약정,471800000000,국내증권사,B,SF205,각주항목(09.06월 이후)
36204,202012,0010136,키움증권(주),A3,채무보증_채무인수약정,0,국내증권사,B,SF205,각주항목(09.06월 이후)
36205,202012,0010136,키움증권(주),A5,채무보증_매입확약,1233231000000,국내증권사,B,SF205,각주항목(09.06월 이후)
36206,202012,0010136,키움증권(주),A6,채무보증_기타,0,국내증권사,B,SF205,각주항목(09.06월 이후)
36207,202012,0010136,키움증권(주),B,투자자의 예수증권 등,74581047348497,국내증권사,B,SF205,각주항목(09.06월 이후)
36208,202012,0010136,키움증권(주),B1,투자자의 예수증권 등_예수 증권,74581047348497,국내증권사,B,SF205,각주항목(09.06월 이후)
36209,202012,0010136,키움증권(주),B2,투자자의 예수증권 등_예수양도성예금증서,0,국내증권사,B,SF205,각주항목(09.06월 이후)
36210,202012,0010136,키움증권(주),B3,투자자의 예수증권 등_기타,0,국내증권사,B,SF205,각주항목(09.06월 이후)
36211,202012,0010136,키움증권(주),C,파생상품계약,21091069545896,국내증권사,B,SF205,각주항목(09.06월 이후)
36212,202012,0010136,키움증권(주),C1,파생상품계약_장내파생상품,3821769532985,국내증권사,B,SF205,각주항목(09.06월 이후)
36213,202012,0010136,키움증권(주),C11,파생상품계약_장내파생상품_이자율관련거래,1378769948349,국내증권사,B,SF205,각주항목(09.06월 이후)
36214,202012,0010136,키움증권(주),C12,파생상품계약_장내파생상품_통화관련거래,708505842802,국내증권사,B,SF205,각주항목(09.06월 이후)
36215,202012,0010136,키움증권(주),C13,파생상품계약_장내파생상품_주식관련거래,1734493741834,국내증권사,B,SF205,각주항목(09.06월 이후)
36216,202012,0010136,키움증권(주),C14,파생상품계약_장내파생상품_일반상품관련거래,0,국내증권사,B,SF205,각주항목(09.06월 이후)
36217,202012,0010136,키움증권(주),C15,파생상품계약_장내파생상품_기타,0,국내증권사,B,SF205,각주항목(09.06월 이후)
36218,202012,0010136,키움증권(주),C2,파생상품계약_장외파생상품,17269300012911,국내증권사,B,SF205,각주항목(09.06월 이후)
36219,202012,0010136,키움증권(주),C21,파생상품계약_장외파생상품_이자율관련거래,14598027362627,국내증권사,B,SF205,각주항목(09.06월 이후)
36220,202012,0010136,키움증권(주),C22,파생상품계약_장외파생상품_통화관련거래,246896894739,국내증권사,B,SF205,각주항목(09.06월 이후)
36221,202012,0010136,키움증권(주),C23,파생상품계약_장외파생상품_주식관련거래,1058881010360,국내증권사,B,SF205,각주항목(09.06월 이후)
36222,202012,0010136,키움증권(주),C24,파생상품계약_장외파생상품_신용관련거래,1150000000000,국내증권사,B,SF205,각주항목(09.06월 이후)
36223,202012,0010136,키움증권(주),C25,파생상품계약_장외파생상품_기타,215494745185,국내증권사,B,SF205,각주항목(09.06월 이후)
36224,202012,0010136,키움증권(주),D,대차 및 대주거래,0,국내증권사,B,SF205,각주항목(09.06월 이후)
36225,202012,0010136,키움증권(주),D1,대차 및 대주거래_대여증권,0,국내증권사,B,SF205,각주항목(09.06월 이후)
36226,202012,0010136,키움증권(주),D2,대차 및 대주거래_차입증권,0,국내증권사,B,SF205,각주항목(09.06월 이후)
36227,202012,0010136,키움증권(주),D3,대차 및 대주거래_신용거래대주,0,국내증권사,B,SF205,각주항목(09.06월 이후)
36228,202012,0010136,키움증권(주),E,대손상각채권,0,국내증권사,B,SF205,각주항목(09.06월 이후)
36229,202012,0010136,키움증권(주),F,환전업무 예치금,0,국내증권사,B,SF205,각주항목(09.06월 이후)
36230,202012,0010136,키움증권(주),G,미배당별도예치금,0,국내증권사,B,SF205,각주항목(09.06월 이후)
36231,202012,0010136,키움증권(주),H,배서어음매출(종금계정),0,국내증권사,B,SF205,각주항목(09.06월 이후)
36232,202012,0010136,키움증권(주),H1,대출채권매매이익_담보부,0,국내증권사,B,SF205,각주항목(09.06월 이후)
36233,202012,0010136,키움증권(주),H2,대출채권매매이익_무담보부,0,국내증권사,B,SF205,각주항목(09.06월 이후)
36234,202103,0010136,키움증권(주),A,채무보증,1677931000000,국내증권사,B,SF205,각주항목(09.06월 이후)
36235,202103,0010136,키움증권(주),A1,채무보증_지급보증,0,국내증권사,B,SF205,각주항목(09.06월 이후)
36236,202103,0010136,키움증권(주),A2,채무보증_매입보장약정,468700000000,국내증권사,B,SF205,각주항목(09.06월 이후)
36237,202103,0010136,키움증권(주),A3,채무보증_채무인수약정,0,국내증권사,B,SF205,각주항목(09.06월 이후)
36238,202103,0010136,키움증권(주),A5,채무보증_매입확약,1209231000000,국내증권사,B,SF205,각주항목(09.06월 이후)
36239,202103,0010136,키움증권(주),A6,채무보증_기타,0,국내증권사,B,SF205,각주항목(09.06월 이후)
36240,202103,0010136,키움증권(주),B,투자자의 예수증권 등,87165936071973,국내증권사,B,SF205,각주항목(09.06월 이후)
36241,202103,0010136,키움증권(주),B1,투자자의 예수증권 등_예수 증권,87165936071973,국내증권사,B,SF205,각주항목(09.06월 이후)
36242,202103,0010136,키움증권(주),B2,투자자의 예수증권 등_예수양도성예금증서,0,국내증권사,B,SF205,각주항목(09.06월 이후)
36243,202103,0010136,키움증권(주),B3,투자자의 예수증권 등_기타,0,국내증권사,B,SF205,각주항목(09.06월 이후)
36244,202103,0010136,키움증권(주),C,파생상품계약,20736407017377,국내증권사,B,SF205,각주항목(09.06월 이후)
36245,202103,0010136,키움증권(주),C1,파생상품계약_장내파생상품,3134643605207,국내증권사,B,SF205,각주항목(09.06월 이후)
36246,202103,0010136,키움증권(주),C11,파생상품계약_장내파생상품_이자율관련거래,618470940500,국내증권사,B,SF205,각주항목(09.06월 이후)
36247,202103,0010136,키움증권(주),C12,파생상품계약_장내파생상품_통화관련거래,755174566285,국내증권사,B,SF205,각주항목(09.06월 이후)
36248,202103,0010136,키움증권(주),C13,파생상품계약_장내파생상품_주식관련거래,1760998098422,국내증권사,B,SF205,각주항목(09.06월 이후)
36249,202103,0010136,키움증권(주),C14,파생상품계약_장내파생상품_일반상품관련거래,0,국내증권사,B,SF205,각주항목(09.06월 이후)
36250,202103,0010136,키움증권(주),C15,파생상품계약_장내파생상품_기타,0,국내증권사,B,SF205,각주항목(09.06월 이후)
36251,202103,0010136,키움증권(주),C2,파생상품계약_장외파생상품,17601763412170,국내증권사,B,SF205,각주항목(09.06월 이후)
36252,202103,0010136,키움증권(주),C21,파생상품계약_장외파생상품_이자율관련거래,16351131984644,국내증권사,B,SF205,각주항목(09.06월 이후)
36253,202103,0010136,키움증권(주),C22,파생상품계약_장외파생상품_통화관련거래,198812022824,국내증권사,B,SF205,각주항목(09.06월 이후)
36254,202103,0010136,키움증권(주),C23,파생상품계약_장외파생상품_주식관련거래,527421664850,국내증권사,B,SF205,각주항목(09.06월 이후)
36255,202103,0010136,키움증권(주),C24,파생상품계약_장외파생상품_신용관련거래,450000000000,국내증권사,B,SF205,각주항목(09.06월 이후)
36256,202103,0010136,키움증권(주),C25,파생상품계약_장외파생상품_기타,74397739852,국내증권사,B,SF205,각주항목(09.06월 이후)
36257,202103,0010136,키움증권(주),D,대차 및 대주거래,0,국내증권사,B,SF205,각주항목(09.06월 이후)
36258,202103,0010136,키움증권(주),D1,대차 및 대주거래_대여증권,0,국내증권사,B,SF205,각주항목(09.06월 이후)
36259,202103,0010136,키움증권(주),D2,대차 및 대주거래_차입증권,0,국내증권사,B,SF205,각주항목(09.06월 이후)
36260,202103,0010136,키움증권(주),D3,대차 및 대주거래_신용거래대주,0,국내증권사,B,SF205,각주항목(09.06월 이후)
36261,202103,0010136,키움증권(주),E,대손상각채권,0,국내증권사,B,SF205,각주항목(09.06월 이후)
36262,202103,0010136,키움증권(주),F,환전업무 예치금,0,국내증권사,B,SF205,각주항목(09.06월 이후)
36263,202103,0010136,키움증권(주),G,미배당별도예치금,0,국내증권사,B,SF205,각주항목(09.06월 이후)
36264,202103,0010136,키움증권(주),H,배서어음매출(종금계정),0,국내증권사,B,SF205,각주항목(09.06월 이후)
36265,202103,0010136,키움증권(주),H1,대출채권매매이익_담보부,0,국내증권사,B,SF205,각주항목(09.06월 이후)
36266,202103,0010136,키움증권(주),H2,대출채권매매이익_무담보부,0,국내증권사,B,SF205,각주항목(09.06월 이후)
36267,202106,0010136,키움증권(주),A,채무보증,1816600000000,국내증권사,B,SF205,각주항목(09.06월 이후)
36268,202106,0010136,키움증권(주),A1,채무보증_지급보증,0,국내증권사,B,SF205,각주항목(09.06월 이후)
36269,202106,0010136,키움증권(주),A2,채무보증_매입보장약정,286500000000,국내증권사,B,SF205,각주항목(09.06월 이후)
36270,202106,0010136,키움증권(주),A3,채무보증_채무인수약정,0,국내증권사,B,SF205,각주항목(09.06월 이후)
36271,202106,0010136,키움증권(주),A5,채무보증_매입확약,1530100000000,국내증권사,B,SF205,각주항목(09.06월 이후)
36272,202106,0010136,키움증권(주),A6,채무보증_기타,0,국내증권사,B,SF205,각주항목(09.06월 이후)
36273,202106,0010136,키움증권(주),B,투자자의 예수증권 등,97079956091200,국내증권사,B,SF205,각주항목(09.06월 이후)
36274,202106,0010136,키움증권(주),B1,투자자의 예수증권 등_예수 증권,97079956091200,국내증권사,B,SF205,각주항목(09.06월 이후)
36275,202106,0010136,키움증권(주),B2,투자자의 예수증권 등_예수양도성예금증서,0,국내증권사,B,SF205,각주항목(09.06월 이후)
36276,202106,0010136,키움증권(주),B3,투자자의 예수증권 등_기타,0,국내증권사,B,SF205,각주항목(09.06월 이후)
36277,202106,0010136,키움증권(주),C,파생상품계약,23359246590425,국내증권사,B,SF205,각주항목(09.06월 이후)
36278,202106,0010136,키움증권(주),C1,파생상품계약_장내파생상품,2521565580964,국내증권사,B,SF205,각주항목(09.06월 이후)
36279,202106,0010136,키움증권(주),C11,파생상품계약_장내파생상품_이자율관련거래,662716254643,국내증권사,B,SF205,각주항목(09.06월 이후)
36280,202106,0010136,키움증권(주),C12,파생상품계약_장내파생상품_통화관련거래,77883105231,국내증권사,B,SF205,각주항목(09.06월 이후)
36281,202106,0010136,키움증권(주),C13,파생상품계약_장내파생상품_주식관련거래,1780966221090,국내증권사,B,SF205,각주항목(09.06월 이후)
36282,202106,0010136,키움증권(주),C14,파생상품계약_장내파생상품_일반상품관련거래,0,국내증권사,B,SF205,각주항목(09.06월 이후)
36283,202106,0010136,키움증권(주),C15,파생상품계약_장내파생상품_기타,0,국내증권사,B,SF205,각주항목(09.06월 이후)
36284,202106,0010136,키움증권(주),C2,파생상품계약_장외파생상품,20837681009461,국내증권사,B,SF205,각주항목(09.06월 이후)
36285,202106,0010136,키움증권(주),C21,파생상품계약_장외파생상품_이자율관련거래,17490400000000,국내증권사,B,SF205,각주항목(09.06월 이후)
36286,202106,0010136,키움증권(주),C22,파생상품계약_장외파생상품_통화관련거래,2142872329367,국내증권사,B,SF205,각주항목(09.06월 이후)
36287,202106,0010136,키움증권(주),C23,파생상품계약_장외파생상품_주식관련거래,351143179471,국내증권사,B,SF205,각주항목(09.06월 이후)
36288,202106,0010136,키움증권(주),C24,파생상품계약_장외파생상품_신용관련거래,800000000000,국내증권사,B,SF205,각주항목(09.06월 이후)
36289,202106,0010136,키움증권(주),C25,파생상품계약_장외파생상품_기타,53265500623,국내증권사,B,SF205,각주항목(09.06월 이후)
36290,202106,0010136,키움증권(주),D,대차 및 대주거래,0,국내증권사,B,SF205,각주항목(09.06월 이후)
36291,202106,0010136,키움증권(주),D1,대차 및 대주거래_대여증권,0,국내증권사,B,SF205,각주항목(09.06월 이후)
36292,202106,0010136,키움증권(주),D2,대차 및 대주거래_차입증권,0,국내증권사,B,SF205,각주항목(09.06월 이후)
36293,202106,0010136,키움증권(주),D3,대차 및 대주거래_신용거래대주,0,국내증권사,B,SF205,각주항목(09.06월 이후)
36294,202106,0010136,키움증권(주),E,대손상각채권,0,국내증권사,B,SF205,각주항목(09.06월 이후)
36295,202106,0010136,키움증권(주),F,환전업무 예치금,0,국내증권사,B,SF205,각주항목(09.06월 이후)
36296,202106,0010136,키움증권(주),G,미배당별도예치금,0,국내증권사,B,SF205,각주항목(09.06월 이후)
36297,202106,0010136,키움증권(주),H,배서어음매출(종금계정),0,국내증권사,B,SF205,각주항목(09.06월 이후)
36298,202106,0010136,키움증권(주),H1,대출채권매매이익_담보부,0,국내증권사,B,SF205,각주항목(09.06월 이후)
36299,202106,0010136,키움증권(주),H2,대출채권매매이익_무담보부,0,국내증권사,B,SF205,각주항목(09.06월 이후)
36300,202109,0010136,키움증권(주),A,채무보증,1843750000000,국내증권사,B,SF205,각주항목(09.06월 이후)
36301,202109,0010136,키움증권(주),A1,채무보증_지급보증,0,국내증권사,B,SF205,각주항목(09.06월 이후)
36302,202109,0010136,키움증권(주),A2,채무보증_매입보장약정,280800000000,국내증권사,B,SF205,각주항목(09.06월 이후)
36303,202109,0010136,키움증권(주),A3,채무보증_채무인수약정,0,국내증권사,B,SF205,각주항목(09.06월 이후)
36304,202109,0010136,키움증권(주),A5,채무보증_매입확약,1562950000000,국내증권사,B,SF205,각주항목(09.06월 이후)
36305,202109,0010136,키움증권(주),A6,채무보증_기타,0,국내증권사,B,SF205,각주항목(09.06월 이후)
36306,202109,0010136,키움증권(주),B,투자자의 예수증권 등,98336328700884,국내증권사,B,SF205,각주항목(09.06월 이후)
36307,202109,0010136,키움증권(주),B1,투자자의 예수증권 등_예수 증권,98336328700884,국내증권사,B,SF205,각주항목(09.06월 이후)
36308,202109,0010136,키움증권(주),B2,투자자의 예수증권 등_예수양도성예금증서,0,국내증권사,B,SF205,각주항목(09.06월 이후)
36309,202109,0010136,키움증권(주),B3,투자자의 예수증권 등_기타,0,국내증권사,B,SF205,각주항목(09.06월 이후)
36310,202109,0010136,키움증권(주),C,파생상품계약,27844350004316,국내증권사,B,SF205,각주항목(09.06월 이후)
36311,202109,0010136,키움증권(주),C1,파생상품계약_장내파생상품,3090576777210,국내증권사,B,SF205,각주항목(09.06월 이후)
36312,202109,0010136,키움증권(주),C11,파생상품계약_장내파생상품_이자율관련거래,662911935253,국내증권사,B,SF205,각주항목(09.06월 이후)
36313,202109,0010136,키움증권(주),C12,파생상품계약_장내파생상품_통화관련거래,275298287452,국내증권사,B,SF205,각주항목(09.06월 이후)
36314,202109,0010136,키움증권(주),C13,파생상품계약_장내파생상품_주식관련거래,2152366554505,국내증권사,B,SF205,각주항목(09.06월 이후)
36315,202109,0010136,키움증권(주),C14,파생상품계약_장내파생상품_일반상품관련거래,0,국내증권사,B,SF205,각주항목(09.06월 이후)
36316,202109,0010136,키움증권(주),C15,파생상품계약_장내파생상품_기타,0,국내증권사,B,SF205,각주항목(09.06월 이후)
36317,202109,0010136,키움증권(주),C2,파생상품계약_장외파생상품,24753773227106,국내증권사,B,SF205,각주항목(09.06월 이후)
36318,202109,0010136,키움증권(주),C21,파생상품계약_장외파생상품_이자율관련거래,17546272973078,국내증권사,B,SF205,각주항목(09.06월 이후)
36319,202109,0010136,키움증권(주),C22,파생상품계약_장외파생상품_통화관련거래,5881784259374,국내증권사,B,SF205,각주항목(09.06월 이후)
36320,202109,0010136,키움증권(주),C23,파생상품계약_장외파생상품_주식관련거래,435844494031,국내증권사,B,SF205,각주항목(09.06월 이후)
36321,202109,0010136,키움증권(주),C24,파생상품계약_장외파생상품_신용관련거래,800000000000,국내증권사,B,SF205,각주항목(09.06월 이후)
36322,202109,0010136,키움증권(주),C25,파생상품계약_장외파생상품_기타,89871500623,국내증권사,B,SF205,각주항목(09.06월 이후)
36323,202109,0010136,키움증권(주),D,대차 및 대주거래,0,국내증권사,B,SF205,각주항목(09.06월 이후)
36324,202109,0010136,키움증권(주),D1,대차 및 대주거래_대여증권,0,국내증권사,B,SF205,각주항목(09.06월 이후)
36325,202109,0010136,키움증권(주),D2,대차 및 대주거래_차입증권,0,국내증권사,B,SF205,각주항목(09.06월 이후)
36326,202109,0010136,키움증권(주),D3,대차 및 대주거래_신용거래대주,0,국내증권사,B,SF205,각주항목(09.06월 이후)
36327,202109,0010136,키움증권(주),E,대손상각채권,0,국내증권사,B,SF205,각주항목(09.06월 이후)
36328,202109,0010136,키움증권(주),F,환전업무 예치금,0,국내증권사,B,SF205,각주항목(09.06월 이후)
36329,202109,0010136,키움증권(주),G,미배당별도예치금,0,국내증권사,B,SF205,각주항목(09.06월 이후)
36330,202109,0010136,키움증권(주),H,배서어음매출(종금계정),0,국내증권사,B,SF205,각주항목(09.06월 이후)
36331,202109,0010136,키움증권(주),H1,대출채권매매이익_담보부,0,국내증권사,B,SF205,각주항목(09.06월 이후)
36332,202109,0010136,키움증권(주),H2,대출채권매매이익_무담보부,0,국내증권사,B,SF205,각주항목(09.06월 이후)
36333,202112,0010136,키움증권(주),A,채무보증,1780560000000,국내증권사,B,SF205,각주항목(09.06월 이후)
36334,202112,0010136,키움증권(주),A1,채무보증_지급보증,0,국내증권사,B,SF205,각주항목(09.06월 이후)
36335,202112,0010136,키움증권(주),A2,채무보증_매입보장약정,269200000000,국내증권사,B,SF205,각주항목(09.06월 이후)
36336,202112,0010136,키움증권(주),A3,채무보증_채무인수약정,0,국내증권사,B,SF205,각주항목(09.06월 이후)
36337,202112,0010136,키움증권(주),A5,채무보증_매입확약,1511360000000,국내증권사,B,SF205,각주항목(09.06월 이후)
36338,202112,0010136,키움증권(주),A6,채무보증_기타,0,국내증권사,B,SF205,각주항목(09.06월 이후)
36339,202112,0010136,키움증권(주),B,투자자의 예수증권 등,96670020133687,국내증권사,B,SF205,각주항목(09.06월 이후)
36340,202112,0010136,키움증권(주),B1,투자자의 예수증권 등_예수 증권,96670020133687,국내증권사,B,SF205,각주항목(09.06월 이후)
36341,202112,0010136,키움증권(주),B2,투자자의 예수증권 등_예수양도성예금증서,0,국내증권사,B,SF205,각주항목(09.06월 이후)
36342,202112,0010136,키움증권(주),B3,투자자의 예수증권 등_기타,0,국내증권사,B,SF205,각주항목(09.06월 이후)
36343,202112,0010136,키움증권(주),C,파생상품계약,33624884074856,국내증권사,B,SF205,각주항목(09.06월 이후)
36344,202112,0010136,키움증권(주),C1,파생상품계약_장내파생상품,5338172299246,국내증권사,B,SF205,각주항목(09.06월 이후)
36345,202112,0010136,키움증권(주),C11,파생상품계약_장내파생상품_이자율관련거래,88231372534,국내증권사,B,SF205,각주항목(09.06월 이후)
36346,202112,0010136,키움증권(주),C12,파생상품계약_장내파생상품_통화관련거래,112880885659,국내증권사,B,SF205,각주항목(09.06월 이후)
36347,202112,0010136,키움증권(주),C13,파생상품계약_장내파생상품_주식관련거래,5137060041053,국내증권사,B,SF205,각주항목(09.06월 이후)
36348,202112,0010136,키움증권(주),C14,파생상품계약_장내파생상품_일반상품관련거래,0,국내증권사,B,SF205,각주항목(09.06월 이후)
36349,202112,0010136,키움증권(주),C15,파생상품계약_장내파생상품_기타,0,국내증권사,B,SF205,각주항목(09.06월 이후)
36350,202112,0010136,키움증권(주),C2,파생상품계약_장외파생상품,28286711775610,국내증권사,B,SF205,각주항목(09.06월 이후)
36351,202112,0010136,키움증권(주),C21,파생상품계약_장외파생상품_이자율관련거래,17796772973078,국내증권사,B,SF205,각주항목(09.06월 이후)
36352,202112,0010136,키움증권(주),C22,파생상품계약_장외파생상품_통화관련거래,8178178785958,국내증권사,B,SF205,각주항목(09.06월 이후)
36353,202112,0010136,키움증권(주),C23,파생상품계약_장외파생상품_주식관련거래,1202951316574,국내증권사,B,SF205,각주항목(09.06월 이후)
36354,202112,0010136,키움증권(주),C24,파생상품계약_장외파생상품_신용관련거래,1100000000000,국내증권사,B,SF205,각주항목(09.06월 이후)
36355,202112,0010136,키움증권(주),C25,파생상품계약_장외파생상품_기타,8808700000,국내증권사,B,SF205,각주항목(09.06월 이후)
36356,202112,0010136,키움증권(주),D,대차 및 대주거래,0,국내증권사,B,SF205,각주항목(09.06월 이후)
36357,202112,0010136,키움증권(주),D1,대차 및 대주거래_대여증권,0,국내증권사,B,SF205,각주항목(09.06월 이후)
36358,202112,0010136,키움증권(주),D2,대차 및 대주거래_차입증권,0,국내증권사,B,SF205,각주항목(09.06월 이후)
36359,202112,0010136,키움증권(주),D3,대차 및 대주거래_신용거래대주,0,국내증권사,B,SF205,각주항목(09.06월 이후)
36360,202112,0010136,키움증권(주),E,대손상각채권,0,국내증권사,B,SF205,각주항목(09.06월 이후)
36361,202112,0010136,키움증권(주),F,환전업무 예치금,0,국내증권사,B,SF205,각주항목(09.06월 이후)
36362,202112,0010136,키움증권(주),G,미배당별도예치금,0,국내증권사,B,SF205,각주항목(09.06월 이후)
36363,202112,0010136,키움증권(주),H,배서어음매출(종금계정),0,국내증권사,B,SF205,각주항목(09.06월 이후)
36364,202112,0010136,키움증권(주),H1,대출채권매매이익_담보부,0,국내증권사,B,SF205,각주항목(09.06월 이후)
36365,202112,0010136,키움증권(주),H2,대출채권매매이익_무담보부,0,국내증권사,B,SF205,각주항목(09.06월 이후)
36366,202203,0010136,키움증권(주),A,채무보증,1717890000000,국내증권사,B,SF205,각주항목(09.06월 이후)
36367,202203,0010136,키움증권(주),A1,채무보증_지급보증,0,국내증권사,B,SF205,각주항목(09.06월 이후)
36368,202203,0010136,키움증권(주),A2,채무보증_매입보장약정,177100000000,국내증권사,B,SF205,각주항목(09.06월 이후)
36369,202203,0010136,키움증권(주),A3,채무보증_채무인수약정,0,국내증권사,B,SF205,각주항목(09.06월 이후)
36370,202203,0010136,키움증권(주),A5,채무보증_매입확약,1540790000000,국내증권사,B,SF205,각주항목(09.06월 이후)
36371,202203,0010136,키움증권(주),A6,채무보증_기타,0,국내증권사,B,SF205,각주항목(09.06월 이후)
36372,202203,0010136,키움증권(주),B,투자자의 예수증권 등,95915603737968,국내증권사,B,SF205,각주항목(09.06월 이후)
36373,202203,0010136,키움증권(주),B1,투자자의 예수증권 등_예수 증권,95915603737968,국내증권사,B,SF205,각주항목(09.06월 이후)
36374,202203,0010136,키움증권(주),B2,투자자의 예수증권 등_예수양도성예금증서,0,국내증권사,B,SF205,각주항목(09.06월 이후)
36375,202203,0010136,키움증권(주),B3,투자자의 예수증권 등_기타,0,국내증권사,B,SF205,각주항목(09.06월 이후)
36376,202203,0010136,키움증권(주),C,파생상품계약,32956519646192,국내증권사,B,SF205,각주항목(09.06월 이후)
36377,202203,0010136,키움증권(주),C1,파생상품계약_장내파생상품,3611634625652,국내증권사,B,SF205,각주항목(09.06월 이후)
36378,202203,0010136,키움증권(주),C11,파생상품계약_장내파생상품_이자율관련거래,50894090791,국내증권사,B,SF205,각주항목(09.06월 이후)
36379,202203,0010136,키움증권(주),C12,파생상품계약_장내파생상품_통화관련거래,360200948971,국내증권사,B,SF205,각주항목(09.06월 이후)
36380,202203,0010136,키움증권(주),C13,파생상품계약_장내파생상품_주식관련거래,3200539585890,국내증권사,B,SF205,각주항목(09.06월 이후)
36381,202203,0010136,키움증권(주),C14,파생상품계약_장내파생상품_일반상품관련거래,0,국내증권사,B,SF205,각주항목(09.06월 이후)
36382,202203,0010136,키움증권(주),C15,파생상품계약_장내파생상품_기타,0,국내증권사,B,SF205,각주항목(09.06월 이후)
36383,202203,0010136,키움증권(주),C2,파생상품계약_장외파생상품,29344885020540,국내증권사,B,SF205,각주항목(09.06월 이후)
36384,202203,0010136,키움증권(주),C21,파생상품계약_장외파생상품_이자율관련거래,17648472973078,국내증권사,B,SF205,각주항목(09.06월 이후)
36385,202203,0010136,키움증권(주),C22,파생상품계약_장외파생상품_통화관련거래,9189144567320,국내증권사,B,SF205,각주항목(09.06월 이후)
36386,202203,0010136,키움증권(주),C23,파생상품계약_장외파생상품_주식관련거래,1404753280142,국내증권사,B,SF205,각주항목(09.06월 이후)
36387,202203,0010136,키움증권(주),C24,파생상품계약_장외파생상품_신용관련거래,1100000000000,국내증권사,B,SF205,각주항목(09.06월 이후)
36388,202203,0010136,키움증권(주),C25,파생상품계약_장외파생상품_기타,2514200000,국내증권사,B,SF205,각주항목(09.06월 이후)
36389,202203,0010136,키움증권(주),D,대차 및 대주거래,0,국내증권사,B,SF205,각주항목(09.06월 이후)
36390,202203,0010136,키움증권(주),D1,대차 및 대주거래_대여증권,0,국내증권사,B,SF205,각주항목(09.06월 이후)
36391,202203,0010136,키움증권(주),D2,대차 및 대주거래_차입증권,0,국내증권사,B,SF205,각주항목(09.06월 이후)
36392,202203,0010136,키움증권(주),D3,대차 및 대주거래_신용거래대주,0,국내증권사,B,SF205,각주항목(09.06월 이후)
36393,202203,0010136,키움증권(주),E,대손상각채권,0,국내증권사,B,SF205,각주항목(09.06월 이후)
36394,202203,0010136,키움증권(주),F,환전업무 예치금,0,국내증권사,B,SF205,각주항목(09.06월 이후)
36395,202203,0010136,키움증권(주),G,미배당별도예치금,0,국내증권사,B,SF205,각주항목(09.06월 이후)
36396,202203,0010136,키움증권(주),H,배서어음매출(종금계정),0,국내증권사,B,SF205,각주항목(09.06월 이후)
36397,202203,0010136,키움증권(주),H1,대출채권매매이익_담보부,0,국내증권사,B,SF205,각주항목(09.06월 이후)
36398,202203,0010136,키움증권(주),H2,대출채권매매이익_무담보부,0,국내증권사,B,SF205,각주항목(09.06월 이후)
36399,202206,0010136,키움증권(주),A,채무보증,1718390000000,국내증권사,B,SF205,각주항목(09.06월 이후)
36400,202206,0010136,키움증권(주),A1,채무보증_지급보증,0,국내증권사,B,SF205,각주항목(09.06월 이후)
36401,202206,0010136,키움증권(주),A2,채무보증_매입보장약정,104300000000,국내증권사,B,SF205,각주항목(09.06월 이후)
36402,202206,0010136,키움증권(주),A3,채무보증_채무인수약정,0,국내증권사,B,SF205,각주항목(09.06월 이후)
36403,202206,0010136,키움증권(주),A5,채무보증_매입확약,1614090000000,국내증권사,B,SF205,각주항목(09.06월 이후)
36404,202206,0010136,키움증권(주),A6,채무보증_기타,0,국내증권사,B,SF205,각주항목(09.06월 이후)
36405,202206,0010136,키움증권(주),B,투자자의 예수증권 등,81957194286143,국내증권사,B,SF205,각주항목(09.06월 이후)
36406,202206,0010136,키움증권(주),B1,투자자의 예수증권 등_예수 증권,81957194286143,국내증권사,B,SF205,각주항목(09.06월 이후)
36407,202206,0010136,키움증권(주),B2,투자자의 예수증권 등_예수양도성예금증서,0,국내증권사,B,SF205,각주항목(09.06월 이후)
36408,202206,0010136,키움증권(주),B3,투자자의 예수증권 등_기타,0,국내증권사,B,SF205,각주항목(09.06월 이후)
36409,202206,0010136,키움증권(주),C,파생상품계약,32767136338005,국내증권사,B,SF205,각주항목(09.06월 이후)
36410,202206,0010136,키움증권(주),C1,파생상품계약_장내파생상품,3435897921611,국내증권사,B,SF205,각주항목(09.06월 이후)
36411,202206,0010136,키움증권(주),C11,파생상품계약_장내파생상품_이자율관련거래,234645121503,국내증권사,B,SF205,각주항목(09.06월 이후)
36412,202206,0010136,키움증권(주),C12,파생상품계약_장내파생상품_통화관련거래,482115116361,국내증권사,B,SF205,각주항목(09.06월 이후)
36413,202206,0010136,키움증권(주),C13,파생상품계약_장내파생상품_주식관련거래,2719137683747,국내증권사,B,SF205,각주항목(09.06월 이후)
36414,202206,0010136,키움증권(주),C14,파생상품계약_장내파생상품_일반상품관련거래,0,국내증권사,B,SF205,각주항목(09.06월 이후)
36415,202206,0010136,키움증권(주),C15,파생상품계약_장내파생상품_기타,0,국내증권사,B,SF205,각주항목(09.06월 이후)
36416,202206,0010136,키움증권(주),C2,파생상품계약_장외파생상품,29331238416394,국내증권사,B,SF205,각주항목(09.06월 이후)
36417,202206,0010136,키움증권(주),C21,파생상품계약_장외파생상품_이자율관련거래,16544172973078,국내증권사,B,SF205,각주항목(09.06월 이후)
36418,202206,0010136,키움증권(주),C22,파생상품계약_장외파생상품_통화관련거래,10725856617425,국내증권사,B,SF205,각주항목(09.06월 이후)
36419,202206,0010136,키움증권(주),C23,파생상품계약_장외파생상품_주식관련거래,1759007225891,국내증권사,B,SF205,각주항목(09.06월 이후)
36420,202206,0010136,키움증권(주),C24,파생상품계약_장외파생상품_신용관련거래,300000000000,국내증권사,B,SF205,각주항목(09.06월 이후)
36421,202206,0010136,키움증권(주),C25,파생상품계약_장외파생상품_기타,2201600000,국내증권사,B,SF205,각주항목(09.06월 이후)
36422,202206,0010136,키움증권(주),D,대차 및 대주거래,0,국내증권사,B,SF205,각주항목(09.06월 이후)
36423,202206,0010136,키움증권(주),D1,대차 및 대주거래_대여증권,0,국내증권사,B,SF205,각주항목(09.06월 이후)
36424,202206,0010136,키움증권(주),D2,대차 및 대주거래_차입증권,0,국내증권사,B,SF205,각주항목(09.06월 이후)
36425,202206,0010136,키움증권(주),D3,대차 및 대주거래_신용거래대주,0,국내증권사,B,SF205,각주항목(09.06월 이후)
36426,202206,0010136,키움증권(주),E,대손상각채권,0,국내증권사,B,SF205,각주항목(09.06월 이후)
36427,202206,0010136,키움증권(주),F,환전업무 예치금,0,국내증권사,B,SF205,각주항목(09.06월 이후)
36428,202206,0010136,키움증권(주),G,미배당별도예치금,0,국내증권사,B,SF205,각주항목(09.06월 이후)
36429,202206,0010136,키움증권(주),H,배서어음매출(종금계정),0,국내증권사,B,SF205,각주항목(09.06월 이후)
36430,202206,0010136,키움증권(주),H1,대출채권매매이익_담보부,0,국내증권사,B,SF205,각주항목(09.06월 이후)
36431,202206,0010136,키움증권(주),H2,대출채권매매이익_무담보부,0,국내증권사,B,SF205,각주항목(09.06월 이후)
36432,202209,0010136,키움증권(주),A,채무보증,1752165000000,국내증권사,B,SF205,각주항목(09.06월 이후)
36433,202209,0010136,키움증권(주),A1,채무보증_지급보증,0,국내증권사,B,SF205,각주항목(09.06월 이후)
36434,202209,0010136,키움증권(주),A2,채무보증_매입보장약정,94700000000,국내증권사,B,SF205,각주항목(09.06월 이후)
36435,202209,0010136,키움증권(주),A3,채무보증_채무인수약정,0,국내증권사,B,SF205,각주항목(09.06월 이후)
36436,202209,0010136,키움증권(주),A5,채무보증_매입확약,1657465000000,국내증권사,B,SF205,각주항목(09.06월 이후)
36437,202209,0010136,키움증권(주),A6,채무보증_기타,0,국내증권사,B,SF205,각주항목(09.06월 이후)
36438,202209,0010136,키움증권(주),B,투자자의 예수증권 등,76241723784992,국내증권사,B,SF205,각주항목(09.06월 이후)
36439,202209,0010136,키움증권(주),B1,투자자의 예수증권 등_예수 증권,76241723784992,국내증권사,B,SF205,각주항목(09.06월 이후)
36440,202209,0010136,키움증권(주),B2,투자자의 예수증권 등_예수양도성예금증서,0,국내증권사,B,SF205,각주항목(09.06월 이후)
36441,202209,0010136,키움증권(주),B3,투자자의 예수증권 등_기타,0,국내증권사,B,SF205,각주항목(09.06월 이후)
36442,202209,0010136,키움증권(주),C,파생상품계약,40091400474040,국내증권사,B,SF205,각주항목(09.06월 이후)
36443,202209,0010136,키움증권(주),C1,파생상품계약_장내파생상품,3793429919488,국내증권사,B,SF205,각주항목(09.06월 이후)
36444,202209,0010136,키움증권(주),C11,파생상품계약_장내파생상품_이자율관련거래,705450622275,국내증권사,B,SF205,각주항목(09.06월 이후)
36445,202209,0010136,키움증권(주),C12,파생상품계약_장내파생상품_통화관련거래,546730084950,국내증권사,B,SF205,각주항목(09.06월 이후)
36446,202209,0010136,키움증권(주),C13,파생상품계약_장내파생상품_주식관련거래,2541249212263,국내증권사,B,SF205,각주항목(09.06월 이후)
36447,202209,0010136,키움증권(주),C14,파생상품계약_장내파생상품_일반상품관련거래,0,국내증권사,B,SF205,각주항목(09.06월 이후)
36448,202209,0010136,키움증권(주),C15,파생상품계약_장내파생상품_기타,0,국내증권사,B,SF205,각주항목(09.06월 이후)
36449,202209,0010136,키움증권(주),C2,파생상품계약_장외파생상품,36297970554552,국내증권사,B,SF205,각주항목(09.06월 이후)
36450,202209,0010136,키움증권(주),C21,파생상품계약_장외파생상품_이자율관련거래,18235068412606,국내증권사,B,SF205,각주항목(09.06월 이후)
36451,202209,0010136,키움증권(주),C22,파생상품계약_장외파생상품_통화관련거래,14144315592021,국내증권사,B,SF205,각주항목(09.06월 이후)
36452,202209,0010136,키움증권(주),C23,파생상품계약_장외파생상품_주식관련거래,2128586549925,국내증권사,B,SF205,각주항목(09.06월 이후)
36453,202209,0010136,키움증권(주),C24,파생상품계약_장외파생상품_신용관련거래,1790000000000,국내증권사,B,SF205,각주항목(09.06월 이후)
36454,202209,0010136,키움증권(주),C25,파생상품계약_장외파생상품_기타,0,국내증권사,B,SF205,각주항목(09.06월 이후)
36455,202209,0010136,키움증권(주),D,대차 및 대주거래,0,국내증권사,B,SF205,각주항목(09.06월 이후)
36456,202209,0010136,키움증권(주),D1,대차 및 대주거래_대여증권,0,국내증권사,B,SF205,각주항목(09.06월 이후)
36457,202209,0010136,키움증권(주),D2,대차 및 대주거래_차입증권,0,국내증권사,B,SF205,각주항목(09.06월 이후)
36458,202209,0010136,키움증권(주),D3,대차 및 대주거래_신용거래대주,0,국내증권사,B,SF205,각주항목(09.06월 이후)
36459,202209,0010136,키움증권(주),E,대손상각채권,0,국내증권사,B,SF205,각주항목(09.06월 이후)
36460,202209,0010136,키움증권(주),F,환전업무 예치금,0,국내증권사,B,SF205,각주항목(09.06월 이후)
36461,202209,0010136,키움증권(주),G,미배당별도예치금,0,국내증권사,B,SF205,각주항목(09.06월 이후)
36462,202209,0010136,키움증권(주),H,배서어음매출(종금계정),0,국내증권사,B,SF205,각주항목(09.06월 이후)
36463,202209,0010136,키움증권(주),H1,대출채권매매이익_담보부,0,국내증권사,B,SF205,각주항목(09.06월 이후)
36464,202209,0010136,키움증권(주),H2,대출채권매매이익_무담보부,0,국내증권사,B,SF205,각주항목(09.06월 이후)
36465,202212,0010136,키움증권(주),A,채무보증,1686865000000,국내증권사,B,SF205,각주항목(09.06월 이후)
36466,202212,0010136,키움증권(주),A1,채무보증_지급보증,0,국내증권사,B,SF205,각주항목(09.06월 이후)
36467,202212,0010136,키움증권(주),A2,채무보증_매입보장약정,27000000000,국내증권사,B,SF205,각주항목(09.06월 이후)
36468,202212,0010136,키움증권(주),A3,채무보증_채무인수약정,0,국내증권사,B,SF205,각주항목(09.06월 이후)
36469,202212,0010136,키움증권(주),A5,채무보증_매입확약,1659865000000,국내증권사,B,SF205,각주항목(09.06월 이후)
36470,202212,0010136,키움증권(주),A6,채무보증_기타,0,국내증권사,B,SF205,각주항목(09.06월 이후)
36471,202212,0010136,키움증권(주),B,투자자의 예수증권 등,89137930654955,국내증권사,B,SF205,각주항목(09.06월 이후)
36472,202212,0010136,키움증권(주),B1,투자자의 예수증권 등_예수 증권,89137930654955,국내증권사,B,SF205,각주항목(09.06월 이후)
36473,202212,0010136,키움증권(주),B2,투자자의 예수증권 등_예수양도성예금증서,0,국내증권사,B,SF205,각주항목(09.06월 이후)
36474,202212,0010136,키움증권(주),B3,투자자의 예수증권 등_기타,0,국내증권사,B,SF205,각주항목(09.06월 이후)
36475,202212,0010136,키움증권(주),C,파생상품계약,48837701674349,국내증권사,B,SF205,각주항목(09.06월 이후)
36476,202212,0010136,키움증권(주),C1,파생상품계약_장내파생상품,4703369868960,국내증권사,B,SF205,각주항목(09.06월 이후)
36477,202212,0010136,키움증권(주),C11,파생상품계약_장내파생상품_이자율관련거래,1008128647433,국내증권사,B,SF205,각주항목(09.06월 이후)
36478,202212,0010136,키움증권(주),C12,파생상품계약_장내파생상품_통화관련거래,651995382988,국내증권사,B,SF205,각주항목(09.06월 이후)
36479,202212,0010136,키움증권(주),C13,파생상품계약_장내파생상품_주식관련거래,3043245838539,국내증권사,B,SF205,각주항목(09.06월 이후)
36480,202212,0010136,키움증권(주),C14,파생상품계약_장내파생상품_일반상품관련거래,0,국내증권사,B,SF205,각주항목(09.06월 이후)
36481,202212,0010136,키움증권(주),C15,파생상품계약_장내파생상품_기타,0,국내증권사,B,SF205,각주항목(09.06월 이후)
36482,202212,0010136,키움증권(주),C2,파생상품계약_장외파생상품,44134331805389,국내증권사,B,SF205,각주항목(09.06월 이후)
36483,202212,0010136,키움증권(주),C21,파생상품계약_장외파생상품_이자율관련거래,22596568412606,국내증권사,B,SF205,각주항목(09.06월 이후)
36484,202212,0010136,키움증권(주),C22,파생상품계약_장외파생상품_통화관련거래,17477571266071,국내증권사,B,SF205,각주항목(09.06월 이후)
36485,202212,0010136,키움증권(주),C23,파생상품계약_장외파생상품_주식관련거래,2270192126712,국내증권사,B,SF205,각주항목(09.06월 이후)
36486,202212,0010136,키움증권(주),C24,파생상품계약_장외파생상품_신용관련거래,1790000000000,국내증권사,B,SF205,각주항목(09.06월 이후)
36487,202212,0010136,키움증권(주),C25,파생상품계약_장외파생상품_기타,0,국내증권사,B,SF205,각주항목(09.06월 이후)
36488,202212,0010136,키움증권(주),D,대차 및 대주거래,0,국내증권사,B,SF205,각주항목(09.06월 이후)
36489,202212,0010136,키움증권(주),D1,대차 및 대주거래_대여증권,0,국내증권사,B,SF205,각주항목(09.06월 이후)
36490,202212,0010136,키움증권(주),D2,대차 및 대주거래_차입증권,0,국내증권사,B,SF205,각주항목(09.06월 이후)
36491,202212,0010136,키움증권(주),D3,대차 및 대주거래_신용거래대주,0,국내증권사,B,SF205,각주항목(09.06월 이후)
36492,202212,0010136,키움증권(주),E,대손상각채권,0,국내증권사,B,SF205,각주항목(09.06월 이후)
36493,202212,0010136,키움증권(주),F,환전업무 예치금,0,국내증권사,B,SF205,각주항목(09.06월 이후)
36494,202212,0010136,키움증권(주),G,미배당별도예치금,0,국내증권사,B,SF205,각주항목(09.06월 이후)
36495,202212,0010136,키움증권(주),H,배서어음매출(종금계정),0,국내증권사,B,SF205,각주항목(09.06월 이후)
36496,202212,0010136,키움증권(주),H1,대출채권매매이익_담보부,0,국내증권사,B,SF205,각주항목(09.06월 이후)
36497,202212,0010136,키움증권(주),H2,대출채권매매이익_무담보부,0,국내증권사,B,SF205,각주항목(09.06월 이후)
36498,202303,0010136,키움증권(주),A,채무보증,1506565000000,국내증권사,B,SF205,각주항목(09.06월 이후)
36499,202303,0010136,키움증권(주),A1,채무보증_지급보증,0,국내증권사,B,SF205,각주항목(09.06월 이후)
36500,202303,0010136,키움증권(주),A2,채무보증_매입보장약정,0,국내증권사,B,SF205,각주항목(09.06월 이후)
36501,202303,0010136,키움증권(주),A3,채무보증_채무인수약정,0,국내증권사,B,SF205,각주항목(09.06월 이후)
36502,202303,0010136,키움증권(주),A5,채무보증_매입확약,1506565000000,국내증권사,B,SF205,각주항목(09.06월 이후)
36503,202303,0010136,키움증권(주),A6,채무보증_기타,0,국내증권사,B,SF205,각주항목(09.06월 이후)
36504,202303,0010136,키움증권(주),B,투자자의 예수증권 등,105779809185140,국내증권사,B,SF205,각주항목(09.06월 이후)
36505,202303,0010136,키움증권(주),B1,투자자의 예수증권 등_예수 증권,105779809185140,국내증권사,B,SF205,각주항목(09.06월 이후)
36506,202303,0010136,키움증권(주),B2,투자자의 예수증권 등_예수양도성예금증서,0,국내증권사,B,SF205,각주항목(09.06월 이후)
36507,202303,0010136,키움증권(주),B3,투자자의 예수증권 등_기타,0,국내증권사,B,SF205,각주항목(09.06월 이후)
36508,202303,0010136,키움증권(주),C,파생상품계약,45954729085463,국내증권사,B,SF205,각주항목(09.06월 이후)
36509,202303,0010136,키움증권(주),C1,파생상품계약_장내파생상품,4831615148481,국내증권사,B,SF205,각주항목(09.06월 이후)
36510,202303,0010136,키움증권(주),C11,파생상품계약_장내파생상품_이자율관련거래,1094456891078,국내증권사,B,SF205,각주항목(09.06월 이후)
36511,202303,0010136,키움증권(주),C12,파생상품계약_장내파생상품_통화관련거래,784146754093,국내증권사,B,SF205,각주항목(09.06월 이후)
36512,202303,0010136,키움증권(주),C13,파생상품계약_장내파생상품_주식관련거래,2953011503310,국내증권사,B,SF205,각주항목(09.06월 이후)
36513,202303,0010136,키움증권(주),C14,파생상품계약_장내파생상품_일반상품관련거래,0,국내증권사,B,SF205,각주항목(09.06월 이후)
36514,202303,0010136,키움증권(주),C15,파생상품계약_장내파생상품_기타,0,국내증권사,B,SF205,각주항목(09.06월 이후)
36515,202303,0010136,키움증권(주),C2,파생상품계약_장외파생상품,41123113936982,국내증권사,B,SF205,각주항목(09.06월 이후)
36516,202303,0010136,키움증권(주),C21,파생상품계약_장외파생상품_이자율관련거래,22310397600000,국내증권사,B,SF205,각주항목(09.06월 이후)
36517,202303,0010136,키움증권(주),C22,파생상품계약_장외파생상품_통화관련거래,14634512267201,국내증권사,B,SF205,각주항목(09.06월 이후)
36518,202303,0010136,키움증권(주),C23,파생상품계약_장외파생상품_주식관련거래,2268204069781,국내증권사,B,SF205,각주항목(09.06월 이후)
36519,202303,0010136,키움증권(주),C24,파생상품계약_장외파생상품_신용관련거래,1910000000000,국내증권사,B,SF205,각주항목(09.06월 이후)
36520,202303,0010136,키움증권(주),C25,파생상품계약_장외파생상품_기타,0,국내증권사,B,SF205,각주항목(09.06월 이후)
36521,202303,0010136,키움증권(주),D,대차 및 대주거래,0,국내증권사,B,SF205,각주항목(09.06월 이후)
36522,202303,0010136,키움증권(주),D1,대차 및 대주거래_대여증권,0,국내증권사,B,SF205,각주항목(09.06월 이후)
36523,202303,0010136,키움증권(주),D2,대차 및 대주거래_차입증권,0,국내증권사,B,SF205,각주항목(09.06월 이후)
36524,202303,0010136,키움증권(주),D3,대차 및 대주거래_신용거래대주,0,국내증권사,B,SF205,각주항목(09.06월 이후)
36525,202303,0010136,키움증권(주),E,대손상각채권,0,국내증권사,B,SF205,각주항목(09.06월 이후)
36526,202303,0010136,키움증권(주),F,환전업무 예치금,0,국내증권사,B,SF205,각주항목(09.06월 이후)
36527,202303,0010136,키움증권(주),G,미배당별도예치금,0,국내증권사,B,SF205,각주항목(09.06월 이후)
36528,202303,0010136,키움증권(주),H,배서어음매출(종금계정),0,국내증권사,B,SF205,각주항목(09.06월 이후)
36529,202303,0010136,키움증권(주),H1,대출채권매매이익_담보부,0,국내증권사,B,SF205,각주항목(09.06월 이후)
36530,202303,0010136,키움증권(주),H2,대출채권매매이익_무담보부,0,국내증권사,B,SF205,각주항목(09.06월 이후)
36531,202306,0010136,키움증권(주),A,채무보증,1316015000000,국내증권사,B,SF205,각주항목(09.06월 이후)
36532,202306,0010136,키움증권(주),A1,채무보증_지급보증,0,국내증권사,B,SF205,각주항목(09.06월 이후)
36533,202306,0010136,키움증권(주),A2,채무보증_매입보장약정,0,국내증권사,B,SF205,각주항목(09.06월 이후)
36534,202306,0010136,키움증권(주),A3,채무보증_채무인수약정,0,국내증권사,B,SF205,각주항목(09.06월 이후)
36535,202306,0010136,키움증권(주),A5,채무보증_매입확약,1316015000000,국내증권사,B,SF205,각주항목(09.06월 이후)
36536,202306,0010136,키움증권(주),A6,채무보증_기타,0,국내증권사,B,SF205,각주항목(09.06월 이후)
36537,202306,0010136,키움증권(주),B,투자자의 예수증권 등,108930773220001,국내증권사,B,SF205,각주항목(09.06월 이후)
36538,202306,0010136,키움증권(주),B1,투자자의 예수증권 등_예수 증권,108930773220001,국내증권사,B,SF205,각주항목(09.06월 이후)
36539,202306,0010136,키움증권(주),B2,투자자의 예수증권 등_예수양도성예금증서,0,국내증권사,B,SF205,각주항목(09.06월 이후)
36540,202306,0010136,키움증권(주),B3,투자자의 예수증권 등_기타,0,국내증권사,B,SF205,각주항목(09.06월 이후)
36541,202306,0010136,키움증권(주),C,파생상품계약,49326109584244,국내증권사,B,SF205,각주항목(09.06월 이후)
36542,202306,0010136,키움증권(주),C1,파생상품계약_장내파생상품,5182563742069,국내증권사,B,SF205,각주항목(09.06월 이후)
36543,202306,0010136,키움증권(주),C11,파생상품계약_장내파생상품_이자율관련거래,1035046966717,국내증권사,B,SF205,각주항목(09.06월 이후)
36544,202306,0010136,키움증권(주),C12,파생상품계약_장내파생상품_통화관련거래,815978238168,국내증권사,B,SF205,각주항목(09.06월 이후)
36545,202306,0010136,키움증권(주),C13,파생상품계약_장내파생상품_주식관련거래,3331538537184,국내증권사,B,SF205,각주항목(09.06월 이후)
36546,202306,0010136,키움증권(주),C14,파생상품계약_장내파생상품_일반상품관련거래,0,국내증권사,B,SF205,각주항목(09.06월 이후)
36547,202306,0010136,키움증권(주),C15,파생상품계약_장내파생상품_기타,0,국내증권사,B,SF205,각주항목(09.06월 이후)
36548,202306,0010136,키움증권(주),C2,파생상품계약_장외파생상품,44143545842175,국내증권사,B,SF205,각주항목(09.06월 이후)
36549,202306,0010136,키움증권(주),C21,파생상품계약_장외파생상품_이자율관련거래,23741497600000,국내증권사,B,SF205,각주항목(09.06월 이후)
36550,202306,0010136,키움증권(주),C22,파생상품계약_장외파생상품_통화관련거래,15826215566882,국내증권사,B,SF205,각주항목(09.06월 이후)
36551,202306,0010136,키움증권(주),C23,파생상품계약_장외파생상품_주식관련거래,2335832675293,국내증권사,B,SF205,각주항목(09.06월 이후)
36552,202306,0010136,키움증권(주),C24,파생상품계약_장외파생상품_신용관련거래,2240000000000,국내증권사,B,SF205,각주항목(09.06월 이후)
36553,202306,0010136,키움증권(주),C25,파생상품계약_장외파생상품_기타,0,국내증권사,B,SF205,각주항목(09.06월 이후)
36554,202306,0010136,키움증권(주),D,대차 및 대주거래,0,국내증권사,B,SF205,각주항목(09.06월 이후)
36555,202306,0010136,키움증권(주),D1,대차 및 대주거래_대여증권,0,국내증권사,B,SF205,각주항목(09.06월 이후)
36556,202306,0010136,키움증권(주),D2,대차 및 대주거래_차입증권,0,국내증권사,B,SF205,각주항목(09.06월 이후)
36557,202306,0010136,키움증권(주),D3,대차 및 대주거래_신용거래대주,0,국내증권사,B,SF205,각주항목(09.06월 이후)
36558,202306,0010136,키움증권(주),E,대손상각채권,0,국내증권사,B,SF205,각주항목(09.06월 이후)
36559,202306,0010136,키움증권(주),F,환전업무 예치금,0,국내증권사,B,SF205,각주항목(09.06월 이후)
36560,202306,0010136,키움증권(주),G,미배당별도예치금,0,국내증권사,B,SF205,각주항목(09.06월 이후)
36561,202306,0010136,키움증권(주),H,배서어음매출(종금계정),0,국내증권사,B,SF205,각주항목(09.06월 이후)
36562,202306,0010136,키움증권(주),H1,대출채권매매이익_담보부,0,국내증권사,B,SF205,각주항목(09.06월 이후)
36563,202306,0010136,키움증권(주),H2,대출채권매매이익_무담보부,0,국내증권사,B,SF205,각주항목(09.06월 이후)
36564,202309,0010136,키움증권(주),A,채무보증,1582165000000,국내증권사,B,SF205,각주항목(09.06월 이후)
36565,202309,0010136,키움증권(주),A1,채무보증_지급보증,0,국내증권사,B,SF205,각주항목(09.06월 이후)
36566,202309,0010136,키움증권(주),A2,채무보증_매입보장약정,0,국내증권사,B,SF205,각주항목(09.06월 이후)
36567,202309,0010136,키움증권(주),A3,채무보증_채무인수약정,0,국내증권사,B,SF205,각주항목(09.06월 이후)
36568,202309,0010136,키움증권(주),A5,채무보증_매입확약,1582165000000,국내증권사,B,SF205,각주항목(09.06월 이후)
36569,202309,0010136,키움증권(주),A6,채무보증_기타,0,국내증권사,B,SF205,각주항목(09.06월 이후)
36570,202309,0010136,키움증권(주),B,투자자의 예수증권 등,107474141144220,국내증권사,B,SF205,각주항목(09.06월 이후)
36571,202309,0010136,키움증권(주),B1,투자자의 예수증권 등_예수 증권,107474141144220,국내증권사,B,SF205,각주항목(09.06월 이후)
36572,202309,0010136,키움증권(주),B2,투자자의 예수증권 등_예수양도성예금증서,0,국내증권사,B,SF205,각주항목(09.06월 이후)
36573,202309,0010136,키움증권(주),B3,투자자의 예수증권 등_기타,0,국내증권사,B,SF205,각주항목(09.06월 이후)
36574,202309,0010136,키움증권(주),C,파생상품계약,50224063277558,국내증권사,B,SF205,각주항목(09.06월 이후)
36575,202309,0010136,키움증권(주),C1,파생상품계약_장내파생상품,4266121920810,국내증권사,B,SF205,각주항목(09.06월 이후)
36576,202309,0010136,키움증권(주),C11,파생상품계약_장내파생상품_이자율관련거래,669943445034,국내증권사,B,SF205,각주항목(09.06월 이후)
36577,202309,0010136,키움증권(주),C12,파생상품계약_장내파생상품_통화관련거래,776067382143,국내증권사,B,SF205,각주항목(09.06월 이후)
36578,202309,0010136,키움증권(주),C13,파생상품계약_장내파생상품_주식관련거래,2820111093633,국내증권사,B,SF205,각주항목(09.06월 이후)
36579,202309,0010136,키움증권(주),C14,파생상품계약_장내파생상품_일반상품관련거래,0,국내증권사,B,SF205,각주항목(09.06월 이후)
36580,202309,0010136,키움증권(주),C15,파생상품계약_장내파생상품_기타,0,국내증권사,B,SF205,각주항목(09.06월 이후)
36581,202309,0010136,키움증권(주),C2,파생상품계약_장외파생상품,45957941356748,국내증권사,B,SF205,각주항목(09.06월 이후)
36582,202309,0010136,키움증권(주),C21,파생상품계약_장외파생상품_이자율관련거래,25503597600000,국내증권사,B,SF205,각주항목(09.06월 이후)
36583,202309,0010136,키움증권(주),C22,파생상품계약_장외파생상품_통화관련거래,15726075041426,국내증권사,B,SF205,각주항목(09.06월 이후)
36584,202309,0010136,키움증권(주),C23,파생상품계약_장외파생상품_주식관련거래,2488268715322,국내증권사,B,SF205,각주항목(09.06월 이후)
36585,202309,0010136,키움증권(주),C24,파생상품계약_장외파생상품_신용관련거래,2240000000000,국내증권사,B,SF205,각주항목(09.06월 이후)
36586,202309,0010136,키움증권(주),C25,파생상품계약_장외파생상품_기타,0,국내증권사,B,SF205,각주항목(09.06월 이후)
36587,202309,0010136,키움증권(주),D,대차 및 대주거래,0,국내증권사,B,SF205,각주항목(09.06월 이후)
36588,202309,0010136,키움증권(주),D1,대차 및 대주거래_대여증권,0,국내증권사,B,SF205,각주항목(09.06월 이후)
36589,202309,0010136,키움증권(주),D2,대차 및 대주거래_차입증권,0,국내증권사,B,SF205,각주항목(09.06월 이후)
36590,202309,0010136,키움증권(주),D3,대차 및 대주거래_신용거래대주,0,국내증권사,B,SF205,각주항목(09.06월 이후)
36591,202309,0010136,키움증권(주),E,대손상각채권,0,국내증권사,B,SF205,각주항목(09.06월 이후)
36592,202309,0010136,키움증권(주),F,환전업무 예치금,0,국내증권사,B,SF205,각주항목(09.06월 이후)
36593,202309,0010136,키움증권(주),G,미배당별도예치금,0,국내증권사,B,SF205,각주항목(09.06월 이후)
36594,202309,0010136,키움증권(주),H,배서어음매출(종금계정),0,국내증권사,B,SF205,각주항목(09.06월 이후)
36595,202309,0010136,키움증권(주),H1,대출채권매매이익_담보부,0,국내증권사,B,SF205,각주항목(09.06월 이후)
36596,202309,0010136,키움증권(주),H2,대출채권매매이익_무담보부,0,국내증권사,B,SF205,각주항목(09.06월 이후)
36597,202312,0010136,키움증권(주),A,채무보증,1522540000000,국내증권사,B,SF205,각주항목(09.06월 이후)
36598,202312,0010136,키움증권(주),A1,채무보증_지급보증,0,국내증권사,B,SF205,각주항목(09.06월 이후)
36599,202312,0010136,키움증권(주),A2,채무보증_매입보장약정,0,국내증권사,B,SF205,각주항목(09.06월 이후)
36600,202312,0010136,키움증권(주),A3,채무보증_채무인수약정,0,국내증권사,B,SF205,각주항목(09.06월 이후)
36601,202312,0010136,키움증권(주),A5,채무보증_매입확약,1522540000000,국내증권사,B,SF205,각주항목(09.06월 이후)
36602,202312,0010136,키움증권(주),A6,채무보증_기타,0,국내증권사,B,SF205,각주항목(09.06월 이후)
36603,202312,0010136,키움증권(주),B,투자자의 예수증권 등,113694267965262,국내증권사,B,SF205,각주항목(09.06월 이후)
36604,202312,0010136,키움증권(주),B1,투자자의 예수증권 등_예수 증권,113694267965262,국내증권사,B,SF205,각주항목(09.06월 이후)
36605,202312,0010136,키움증권(주),B2,투자자의 예수증권 등_예수양도성예금증서,0,국내증권사,B,SF205,각주항목(09.06월 이후)
36606,202312,0010136,키움증권(주),B3,투자자의 예수증권 등_기타,0,국내증권사,B,SF205,각주항목(09.06월 이후)
36607,202312,0010136,키움증권(주),C,파생상품계약,50148974349330,국내증권사,B,SF205,각주항목(09.06월 이후)
36608,202312,0010136,키움증권(주),C1,파생상품계약_장내파생상품,5748548284161,국내증권사,B,SF205,각주항목(09.06월 이후)
36609,202312,0010136,키움증권(주),C11,파생상품계약_장내파생상품_이자율관련거래,1608092029604,국내증권사,B,SF205,각주항목(09.06월 이후)
36610,202312,0010136,키움증권(주),C12,파생상품계약_장내파생상품_통화관련거래,796117535487,국내증권사,B,SF205,각주항목(09.06월 이후)
36611,202312,0010136,키움증권(주),C13,파생상품계약_장내파생상품_주식관련거래,3344338719070,국내증권사,B,SF205,각주항목(09.06월 이후)
36612,202312,0010136,키움증권(주),C14,파생상품계약_장내파생상품_일반상품관련거래,0,국내증권사,B,SF205,각주항목(09.06월 이후)
36613,202312,0010136,키움증권(주),C15,파생상품계약_장내파생상품_기타,0,국내증권사,B,SF205,각주항목(09.06월 이후)
36614,202312,0010136,키움증권(주),C2,파생상품계약_장외파생상품,44400426065169,국내증권사,B,SF205,각주항목(09.06월 이후)
36615,202312,0010136,키움증권(주),C21,파생상품계약_장외파생상품_이자율관련거래,27688797600000,국내증권사,B,SF205,각주항목(09.06월 이후)
36616,202312,0010136,키움증권(주),C22,파생상품계약_장외파생상품_통화관련거래,13437674789261,국내증권사,B,SF205,각주항목(09.06월 이후)
36617,202312,0010136,키움증권(주),C23,파생상품계약_장외파생상품_주식관련거래,2523851675908,국내증권사,B,SF205,각주항목(09.06월 이후)
36618,202312,0010136,키움증권(주),C24,파생상품계약_장외파생상품_신용관련거래,750000000000,국내증권사,B,SF205,각주항목(09.06월 이후)
36619,202312,0010136,키움증권(주),C25,파생상품계약_장외파생상품_기타,102000000,국내증권사,B,SF205,각주항목(09.06월 이후)
36620,202312,0010136,키움증권(주),D,대차 및 대주거래,0,국내증권사,B,SF205,각주항목(09.06월 이후)
36621,202312,0010136,키움증권(주),D1,대차 및 대주거래_대여증권,0,국내증권사,B,SF205,각주항목(09.06월 이후)
36622,202312,0010136,키움증권(주),D2,대차 및 대주거래_차입증권,0,국내증권사,B,SF205,각주항목(09.06월 이후)
36623,202312,0010136,키움증권(주),D3,대차 및 대주거래_신용거래대주,0,국내증권사,B,SF205,각주항목(09.06월 이후)
36624,202312,0010136,키움증권(주),E,대손상각채권,0,국내증권사,B,SF205,각주항목(09.06월 이후)
36625,202312,0010136,키움증권(주),F,환전업무 예치금,0,국내증권사,B,SF205,각주항목(09.06월 이후)
36626,202312,0010136,키움증권(주),G,미배당별도예치금,0,국내증권사,B,SF205,각주항목(09.06월 이후)
36627,202312,0010136,키움증권(주),H,배서어음매출(종금계정),0,국내증권사,B,SF205,각주항목(09.06월 이후)
36628,202312,0010136,키움증권(주),H1,대출채권매매이익_담보부,0,국내증권사,B,SF205,각주항목(09.06월 이후)
36629,202312,0010136,키움증권(주),H2,대출채권매매이익_무담보부,0,국내증권사,B,SF205,각주항목(09.06월 이후)
36630,202403,0010136,키움증권(주),A,채무보증,2169465000000,국내증권사,B,SF205,각주항목(09.06월 이후)
36631,202403,0010136,키움증권(주),A1,채무보증_지급보증,0,국내증권사,B,SF205,각주항목(09.06월 이후)
36632,202403,0010136,키움증권(주),A2,채무보증_매입보장약정,0,국내증권사,B,SF205,각주항목(09.06월 이후)
36633,202403,0010136,키움증권(주),A3,채무보증_채무인수약정,0,국내증권사,B,SF205,각주항목(09.06월 이후)
36634,202403,0010136,키움증권(주),A5,채무보증_매입확약,2169465000000,국내증권사,B,SF205,각주항목(09.06월 이후)
36635,202403,0010136,키움증권(주),A6,채무보증_기타,0,국내증권사,B,SF205,각주항목(09.06월 이후)
36636,202403,0010136,키움증권(주),B,투자자의 예수증권 등,117677685834207,국내증권사,B,SF205,각주항목(09.06월 이후)
36637,202403,0010136,키움증권(주),B1,투자자의 예수증권 등_예수 증권,117677685834207,국내증권사,B,SF205,각주항목(09.06월 이후)
36638,202403,0010136,키움증권(주),B2,투자자의 예수증권 등_예수양도성예금증서,0,국내증권사,B,SF205,각주항목(09.06월 이후)
36639,202403,0010136,키움증권(주),B3,투자자의 예수증권 등_기타,0,국내증권사,B,SF205,각주항목(09.06월 이후)
36640,202403,0010136,키움증권(주),C,파생상품계약,52359043081361,국내증권사,B,SF205,각주항목(09.06월 이후)
36641,202403,0010136,키움증권(주),C1,파생상품계약_장내파생상품,6835695205945,국내증권사,B,SF205,각주항목(09.06월 이후)
36642,202403,0010136,키움증권(주),C11,파생상품계약_장내파생상품_이자율관련거래,1804972744489,국내증권사,B,SF205,각주항목(09.06월 이후)
36643,202403,0010136,키움증권(주),C12,파생상품계약_장내파생상품_통화관련거래,875935796571,국내증권사,B,SF205,각주항목(09.06월 이후)
36644,202403,0010136,키움증권(주),C13,파생상품계약_장내파생상품_주식관련거래,4154786664885,국내증권사,B,SF205,각주항목(09.06월 이후)
36645,202403,0010136,키움증권(주),C14,파생상품계약_장내파생상품_일반상품관련거래,0,국내증권사,B,SF205,각주항목(09.06월 이후)
36646,202403,0010136,키움증권(주),C15,파생상품계약_장내파생상품_기타,0,국내증권사,B,SF205,각주항목(09.06월 이후)
36647,202403,0010136,키움증권(주),C2,파생상품계약_장외파생상품,45523347875416,국내증권사,B,SF205,각주항목(09.06월 이후)
36648,202403,0010136,키움증권(주),C21,파생상품계약_장외파생상품_이자율관련거래,29083397600000,국내증권사,B,SF205,각주항목(09.06월 이후)
36649,202403,0010136,키움증권(주),C22,파생상품계약_장외파생상품_통화관련거래,13173082892811,국내증권사,B,SF205,각주항목(09.06월 이후)
36650,202403,0010136,키움증권(주),C23,파생상품계약_장외파생상품_주식관련거래,2516765382605,국내증권사,B,SF205,각주항목(09.06월 이후)
36651,202403,0010136,키움증권(주),C24,파생상품계약_장외파생상품_신용관련거래,750000000000,국내증권사,B,SF205,각주항목(09.06월 이후)
36652,202403,0010136,키움증권(주),C25,파생상품계약_장외파생상품_기타,102000000,국내증권사,B,SF205,각주항목(09.06월 이후)
36653,202403,0010136,키움증권(주),D,대차 및 대주거래,0,국내증권사,B,SF205,각주항목(09.06월 이후)
36654,202403,0010136,키움증권(주),D1,대차 및 대주거래_대여증권,0,국내증권사,B,SF205,각주항목(09.06월 이후)
36655,202403,0010136,키움증권(주),D2,대차 및 대주거래_차입증권,0,국내증권사,B,SF205,각주항목(09.06월 이후)
36656,202403,0010136,키움증권(주),D3,대차 및 대주거래_신용거래대주,0,국내증권사,B,SF205,각주항목(09.06월 이후)
36657,202403,0010136,키움증권(주),E,대손상각채권,0,국내증권사,B,SF205,각주항목(09.06월 이후)
36658,202403,0010136,키움증권(주),F,환전업무 예치금,0,국내증권사,B,SF205,각주항목(09.06월 이후)
36659,202403,0010136,키움증권(주),G,미배당별도예치금,0,국내증권사,B,SF205,각주항목(09.06월 이후)
36660,202403,0010136,키움증권(주),H,배서어음매출(종금계정),0,국내증권사,B,SF205,각주항목(09.06월 이후)
36661,202403,0010136,키움증권(주),H1,대출채권매매이익_담보부,0,국내증권사,B,SF205,각주항목(09.06월 이후)
36662,202403,0010136,키움증권(주),H2,대출채권매매이익_무담보부,0,국내증권사,B,SF205,각주항목(09.06월 이후)
36663,202406,0010136,키움증권(주),A,채무보증,1936920000000,국내증권사,B,SF205,각주항목(09.06월 이후)
36664,202406,0010136,키움증권(주),A1,채무보증_지급보증,0,국내증권사,B,SF205,각주항목(09.06월 이후)
36665,202406,0010136,키움증권(주),A2,채무보증_매입보장약정,0,국내증권사,B,SF205,각주항목(09.06월 이후)
36666,202406,0010136,키움증권(주),A3,채무보증_채무인수약정,0,국내증권사,B,SF205,각주항목(09.06월 이후)
36667,202406,0010136,키움증권(주),A5,채무보증_매입확약,1936920000000,국내증권사,B,SF205,각주항목(09.06월 이후)
36668,202406,0010136,키움증권(주),A6,채무보증_기타,0,국내증권사,B,SF205,각주항목(09.06월 이후)
36669,202406,0010136,키움증권(주),B,투자자의 예수증권 등,117916710720436,국내증권사,B,SF205,각주항목(09.06월 이후)
36670,202406,0010136,키움증권(주),B1,투자자의 예수증권 등_예수 증권,117916710720436,국내증권사,B,SF205,각주항목(09.06월 이후)
36671,202406,0010136,키움증권(주),B2,투자자의 예수증권 등_예수양도성예금증서,0,국내증권사,B,SF205,각주항목(09.06월 이후)
36672,202406,0010136,키움증권(주),B3,투자자의 예수증권 등_기타,0,국내증권사,B,SF205,각주항목(09.06월 이후)
36673,202406,0010136,키움증권(주),C,파생상품계약,58355662850403,국내증권사,B,SF205,각주항목(09.06월 이후)
36674,202406,0010136,키움증권(주),C1,파생상품계약_장내파생상품,6779205632561,국내증권사,B,SF205,각주항목(09.06월 이후)
36675,202406,0010136,키움증권(주),C11,파생상품계약_장내파생상품_이자율관련거래,898434206378,국내증권사,B,SF205,각주항목(09.06월 이후)
36676,202406,0010136,키움증권(주),C12,파생상품계약_장내파생상품_통화관련거래,2222413372141,국내증권사,B,SF205,각주항목(09.06월 이후)
36677,202406,0010136,키움증권(주),C13,파생상품계약_장내파생상품_주식관련거래,3658358054042,국내증권사,B,SF205,각주항목(09.06월 이후)
36678,202406,0010136,키움증권(주),C14,파생상품계약_장내파생상품_일반상품관련거래,0,국내증권사,B,SF205,각주항목(09.06월 이후)
36679,202406,0010136,키움증권(주),C15,파생상품계약_장내파생상품_기타,0,국내증권사,B,SF205,각주항목(09.06월 이후)
36680,202406,0010136,키움증권(주),C2,파생상품계약_장외파생상품,51576457217842,국내증권사,B,SF205,각주항목(09.06월 이후)
36681,202406,0010136,키움증권(주),C21,파생상품계약_장외파생상품_이자율관련거래,34539372500000,국내증권사,B,SF205,각주항목(09.06월 이후)
36682,202406,0010136,키움증권(주),C22,파생상품계약_장외파생상품_통화관련거래,13974639670591,국내증권사,B,SF205,각주항목(09.06월 이후)
36683,202406,0010136,키움증권(주),C23,파생상품계약_장외파생상품_주식관련거래,2461058647251,국내증권사,B,SF205,각주항목(09.06월 이후)
36684,202406,0010136,키움증권(주),C24,파생상품계약_장외파생상품_신용관련거래,600000000000,국내증권사,B,SF205,각주항목(09.06월 이후)
36685,202406,0010136,키움증권(주),C25,파생상품계약_장외파생상품_기타,1386400000,국내증권사,B,SF205,각주항목(09.06월 이후)
36686,202406,0010136,키움증권(주),D,대차 및 대주거래,0,국내증권사,B,SF205,각주항목(09.06월 이후)
36687,202406,0010136,키움증권(주),D1,대차 및 대주거래_대여증권,0,국내증권사,B,SF205,각주항목(09.06월 이후)
36688,202406,0010136,키움증권(주),D2,대차 및 대주거래_차입증권,0,국내증권사,B,SF205,각주항목(09.06월 이후)
36689,202406,0010136,키움증권(주),D3,대차 및 대주거래_신용거래대주,0,국내증권사,B,SF205,각주항목(09.06월 이후)
36690,202406,0010136,키움증권(주),E,대손상각채권,0,국내증권사,B,SF205,각주항목(09.06월 이후)
36691,202406,0010136,키움증권(주),F,환전업무 예치금,0,국내증권사,B,SF205,각주항목(09.06월 이후)
36692,202406,0010136,키움증권(주),G,미배당별도예치금,0,국내증권사,B,SF205,각주항목(09.06월 이후)
36693,202406,0010136,키움증권(주),H,배서어음매출(종금계정),0,국내증권사,B,SF205,각주항목(09.06월 이후)
36694,202406,0010136,키움증권(주),H1,대출채권매매이익_담보부,0,국내증권사,B,SF205,각주항목(09.06월 이후)
36695,202406,0010136,키움증권(주),H2,대출채권매매이익_무담보부,0,국내증권사,B,SF205,각주항목(09.06월 이후)
36696,202409,0010136,키움증권(주),A,채무보증,2022911666680,국내증권사,B,SF205,각주항목(09.06월 이후)
36697,202409,0010136,키움증권(주),A1,채무보증_지급보증,0,국내증권사,B,SF205,각주항목(09.06월 이후)
36698,202409,0010136,키움증권(주),A2,채무보증_매입보장약정,0,국내증권사,B,SF205,각주항목(09.06월 이후)
36699,202409,0010136,키움증권(주),A3,채무보증_채무인수약정,0,국내증권사,B,SF205,각주항목(09.06월 이후)
36700,202409,0010136,키움증권(주),A5,채무보증_매입확약,2022911666680,국내증권사,B,SF205,각주항목(09.06월 이후)
36701,202409,0010136,키움증권(주),A6,채무보증_기타,0,국내증권사,B,SF205,각주항목(09.06월 이후)
36702,202409,0010136,키움증권(주),B,투자자의 예수증권 등,114383519547077,국내증권사,B,SF205,각주항목(09.06월 이후)
36703,202409,0010136,키움증권(주),B1,투자자의 예수증권 등_예수 증권,114383519547077,국내증권사,B,SF205,각주항목(09.06월 이후)
36704,202409,0010136,키움증권(주),B2,투자자의 예수증권 등_예수양도성예금증서,0,국내증권사,B,SF205,각주항목(09.06월 이후)
36705,202409,0010136,키움증권(주),B3,투자자의 예수증권 등_기타,0,국내증권사,B,SF205,각주항목(09.06월 이후)
36706,202409,0010136,키움증권(주),C,파생상품계약,77647038945187,국내증권사,B,SF205,각주항목(09.06월 이후)
36707,202409,0010136,키움증권(주),C1,파생상품계약_장내파생상품,10041155982282,국내증권사,B,SF205,각주항목(09.06월 이후)
36708,202409,0010136,키움증권(주),C11,파생상품계약_장내파생상품_이자율관련거래,2259570386607,국내증권사,B,SF205,각주항목(09.06월 이후)
36709,202409,0010136,키움증권(주),C12,파생상품계약_장내파생상품_통화관련거래,2007490367748,국내증권사,B,SF205,각주항목(09.06월 이후)
36710,202409,0010136,키움증권(주),C13,파생상품계약_장내파생상품_주식관련거래,5774095227927,국내증권사,B,SF205,각주항목(09.06월 이후)
36711,202409,0010136,키움증권(주),C14,파생상품계약_장내파생상품_일반상품관련거래,0,국내증권사,B,SF205,각주항목(09.06월 이후)
36712,202409,0010136,키움증권(주),C15,파생상품계약_장내파생상품_기타,0,국내증권사,B,SF205,각주항목(09.06월 이후)
36713,202409,0010136,키움증권(주),C2,파생상품계약_장외파생상품,67605882962905,국내증권사,B,SF205,각주항목(09.06월 이후)
36714,202409,0010136,키움증권(주),C21,파생상품계약_장외파생상품_이자율관련거래,43121642600000,국내증권사,B,SF205,각주항목(09.06월 이후)
36715,202409,0010136,키움증권(주),C22,파생상품계약_장외파생상품_통화관련거래,15299037911418,국내증권사,B,SF205,각주항목(09.06월 이후)
36716,202409,0010136,키움증권(주),C23,파생상품계약_장외파생상품_주식관련거래,7863816051487,국내증권사,B,SF205,각주항목(09.06월 이후)
36717,202409,0010136,키움증권(주),C24,파생상품계약_장외파생상품_신용관련거래,1320000000000,국내증권사,B,SF205,각주항목(09.06월 이후)
36718,202409,0010136,키움증권(주),C25,파생상품계약_장외파생상품_기타,1386400000,국내증권사,B,SF205,각주항목(09.06월 이후)
36719,202409,0010136,키움증권(주),D,대차 및 대주거래,0,국내증권사,B,SF205,각주항목(09.06월 이후)
36720,202409,0010136,키움증권(주),D1,대차 및 대주거래_대여증권,0,국내증권사,B,SF205,각주항목(09.06월 이후)
36721,202409,0010136,키움증권(주),D2,대차 및 대주거래_차입증권,0,국내증권사,B,SF205,각주항목(09.06월 이후)
36722,202409,0010136,키움증권(주),D3,대차 및 대주거래_신용거래대주,0,국내증권사,B,SF205,각주항목(09.06월 이후)
36723,202409,0010136,키움증권(주),E,대손상각채권,0,국내증권사,B,SF205,각주항목(09.06월 이후)
36724,202409,0010136,키움증권(주),F,환전업무 예치금,0,국내증권사,B,SF205,각주항목(09.06월 이후)
36725,202409,0010136,키움증권(주),G,미배당별도예치금,0,국내증권사,B,SF205,각주항목(09.06월 이후)
36726,202409,0010136,키움증권(주),H,배서어음매출(종금계정),0,국내증권사,B,SF205,각주항목(09.06월 이후)
36727,202409,0010136,키움증권(주),H1,대출채권매매이익_담보부,0,국내증권사,B,SF205,각주항목(09.06월 이후)
36728,202409,0010136,키움증권(주),H2,대출채권매매이익_무담보부,0,국내증권사,B,SF205,각주항목(09.06월 이후)
36729,202412,0010136,키움증권(주),A,채무보증,2072720000000,국내증권사,B,SF205,각주항목(09.06월 이후)
36730,202412,0010136,키움증권(주),A1,채무보증_지급보증,0,국내증권사,B,SF205,각주항목(09.06월 이후)
36731,202412,0010136,키움증권(주),A2,채무보증_매입보장약정,0,국내증권사,B,SF205,각주항목(09.06월 이후)
36732,202412,0010136,키움증권(주),A3,채무보증_채무인수약정,0,국내증권사,B,SF205,각주항목(09.06월 이후)
36733,202412,0010136,키움증권(주),A5,채무보증_매입확약,2072720000000,국내증권사,B,SF205,각주항목(09.06월 이후)
36734,202412,0010136,키움증권(주),A6,채무보증_기타,0,국내증권사,B,SF205,각주항목(09.06월 이후)
36735,202412,0010136,키움증권(주),B,투자자의 예수증권 등,115415116535637,국내증권사,B,SF205,각주항목(09.06월 이후)
36736,202412,0010136,키움증권(주),B1,투자자의 예수증권 등_예수 증권,115415116535637,국내증권사,B,SF205,각주항목(09.06월 이후)
36737,202412,0010136,키움증권(주),B2,투자자의 예수증권 등_예수양도성예금증서,0,국내증권사,B,SF205,각주항목(09.06월 이후)
36738,202412,0010136,키움증권(주),B3,투자자의 예수증권 등_기타,0,국내증권사,B,SF205,각주항목(09.06월 이후)
36739,202412,0010136,키움증권(주),C,파생상품계약,71940518123126,국내증권사,B,SF205,각주항목(09.06월 이후)
36740,202412,0010136,키움증권(주),C1,파생상품계약_장내파생상품,6410070793446,국내증권사,B,SF205,각주항목(09.06월 이후)
36741,202412,0010136,키움증권(주),C11,파생상품계약_장내파생상품_이자율관련거래,1596245330622,국내증권사,B,SF205,각주항목(09.06월 이후)
36742,202412,0010136,키움증권(주),C12,파생상품계약_장내파생상품_통화관련거래,1409352533599,국내증권사,B,SF205,각주항목(09.06월 이후)
36743,202412,0010136,키움증권(주),C13,파생상품계약_장내파생상품_주식관련거래,3404472929225,국내증권사,B,SF205,각주항목(09.06월 이후)
36744,202412,0010136,키움증권(주),C14,파생상품계약_장내파생상품_일반상품관련거래,0,국내증권사,B,SF205,각주항목(09.06월 이후)
36745,202412,0010136,키움증권(주),C15,파생상품계약_장내파생상품_기타,0,국내증권사,B,SF205,각주항목(09.06월 이후)
36746,202412,0010136,키움증권(주),C2,파생상품계약_장외파생상품,65530447329680,국내증권사,B,SF205,각주항목(09.06월 이후)
36747,202412,0010136,키움증권(주),C21,파생상품계약_장외파생상품_이자율관련거래,45212769400000,국내증권사,B,SF205,각주항목(09.06월 이후)
36748,202412,0010136,키움증권(주),C22,파생상품계약_장외파생상품_통화관련거래,11253200952151,국내증권사,B,SF205,각주항목(09.06월 이후)
36749,202412,0010136,키움증권(주),C23,파생상품계약_장외파생상품_주식관련거래,7643090577529,국내증권사,B,SF205,각주항목(09.06월 이후)
36750,202412,0010136,키움증권(주),C24,파생상품계약_장외파생상품_신용관련거래,1420000000000,국내증권사,B,SF205,각주항목(09.06월 이후)
36751,202412,0010136,키움증권(주),C25,파생상품계약_장외파생상품_기타,1386400000,국내증권사,B,SF205,각주항목(09.06월 이후)
36752,202412,0010136,키움증권(주),D,대차 및 대주거래,0,국내증권사,B,SF205,각주항목(09.06월 이후)
36753,202412,0010136,키움증권(주),D1,대차 및 대주거래_대여증권,0,국내증권사,B,SF205,각주항목(09.06월 이후)
36754,202412,0010136,키움증권(주),D2,대차 및 대주거래_차입증권,0,국내증권사,B,SF205,각주항목(09.06월 이후)
36755,202412,0010136,키움증권(주),D3,대차 및 대주거래_신용거래대주,0,국내증권사,B,SF205,각주항목(09.06월 이후)
36756,202412,0010136,키움증권(주),E,대손상각채권,0,국내증권사,B,SF205,각주항목(09.06월 이후)
36757,202412,0010136,키움증권(주),F,환전업무 예치금,0,국내증권사,B,SF205,각주항목(09.06월 이후)
36758,202412,0010136,키움증권(주),G,미배당별도예치금,0,국내증권사,B,SF205,각주항목(09.06월 이후)
36759,202412,0010136,키움증권(주),H,배서어음매출(종금계정),0,국내증권사,B,SF205,각주항목(09.06월 이후)
36760,202412,0010136,키움증권(주),H1,대출채권매매이익_담보부,0,국내증권사,B,SF205,각주항목(09.06월 이후)
36761,202412,0010136,키움증권(주),H2,대출채권매매이익_무담보부,0,국내증권사,B,SF205,각주항목(09.06월 이후)
36762,202203,0017713,토스증권 주식회사,A,채무보증,0,국내증권사,B,SF205,각주항목(09.06월 이후)
36763,202203,0017713,토스증권 주식회사,A1,채무보증_지급보증,0,국내증권사,B,SF205,각주항목(09.06월 이후)
36764,202203,0017713,토스증권 주식회사,A2,채무보증_매입보장약정,0,국내증권사,B,SF205,각주항목(09.06월 이후)
36765,202203,0017713,토스증권 주식회사,A3,채무보증_채무인수약정,0,국내증권사,B,SF205,각주항목(09.06월 이후)
36766,202203,0017713,토스증권 주식회사,A5,채무보증_매입확약,0,국내증권사,B,SF205,각주항목(09.06월 이후)
36767,202203,0017713,토스증권 주식회사,A6,채무보증_기타,0,국내증권사,B,SF205,각주항목(09.06월 이후)
36768,202203,0017713,토스증권 주식회사,B,투자자의 예수증권 등,0,국내증권사,B,SF205,각주항목(09.06월 이후)
36769,202203,0017713,토스증권 주식회사,B1,투자자의 예수증권 등_예수 증권,0,국내증권사,B,SF205,각주항목(09.06월 이후)
36770,202203,0017713,토스증권 주식회사,B2,투자자의 예수증권 등_예수양도성예금증서,0,국내증권사,B,SF205,각주항목(09.06월 이후)
36771,202203,0017713,토스증권 주식회사,B3,투자자의 예수증권 등_기타,0,국내증권사,B,SF205,각주항목(09.06월 이후)
36772,202203,0017713,토스증권 주식회사,C,파생상품계약,0,국내증권사,B,SF205,각주항목(09.06월 이후)
36773,202203,0017713,토스증권 주식회사,C1,파생상품계약_장내파생상품,0,국내증권사,B,SF205,각주항목(09.06월 이후)
36774,202203,0017713,토스증권 주식회사,C11,파생상품계약_장내파생상품_이자율관련거래,0,국내증권사,B,SF205,각주항목(09.06월 이후)
36775,202203,0017713,토스증권 주식회사,C12,파생상품계약_장내파생상품_통화관련거래,0,국내증권사,B,SF205,각주항목(09.06월 이후)
36776,202203,0017713,토스증권 주식회사,C13,파생상품계약_장내파생상품_주식관련거래,0,국내증권사,B,SF205,각주항목(09.06월 이후)
36777,202203,0017713,토스증권 주식회사,C14,파생상품계약_장내파생상품_일반상품관련거래,0,국내증권사,B,SF205,각주항목(09.06월 이후)
36778,202203,0017713,토스증권 주식회사,C15,파생상품계약_장내파생상품_기타,0,국내증권사,B,SF205,각주항목(09.06월 이후)
36779,202203,0017713,토스증권 주식회사,C2,파생상품계약_장외파생상품,0,국내증권사,B,SF205,각주항목(09.06월 이후)
36780,202203,0017713,토스증권 주식회사,C21,파생상품계약_장외파생상품_이자율관련거래,0,국내증권사,B,SF205,각주항목(09.06월 이후)
36781,202203,0017713,토스증권 주식회사,C22,파생상품계약_장외파생상품_통화관련거래,0,국내증권사,B,SF205,각주항목(09.06월 이후)
36782,202203,0017713,토스증권 주식회사,C23,파생상품계약_장외파생상품_주식관련거래,0,국내증권사,B,SF205,각주항목(09.06월 이후)
36783,202203,0017713,토스증권 주식회사,C24,파생상품계약_장외파생상품_신용관련거래,0,국내증권사,B,SF205,각주항목(09.06월 이후)
36784,202203,0017713,토스증권 주식회사,C25,파생상품계약_장외파생상품_기타,0,국내증권사,B,SF205,각주항목(09.06월 이후)
36785,202203,0017713,토스증권 주식회사,D,대차 및 대주거래,0,국내증권사,B,SF205,각주항목(09.06월 이후)
36786,202203,0017713,토스증권 주식회사,D1,대차 및 대주거래_대여증권,0,국내증권사,B,SF205,각주항목(09.06월 이후)
36787,202203,0017713,토스증권 주식회사,D2,대차 및 대주거래_차입증권,0,국내증권사,B,SF205,각주항목(09.06월 이후)
36788,202203,0017713,토스증권 주식회사,D3,대차 및 대주거래_신용거래대주,0,국내증권사,B,SF205,각주항목(09.06월 이후)
36789,202203,0017713,토스증권 주식회사,E,대손상각채권,0,국내증권사,B,SF205,각주항목(09.06월 이후)
36790,202203,0017713,토스증권 주식회사,F,환전업무 예치금,0,국내증권사,B,SF205,각주항목(09.06월 이후)
36791,202203,0017713,토스증권 주식회사,G,미배당별도예치금,0,국내증권사,B,SF205,각주항목(09.06월 이후)
36792,202203,0017713,토스증권 주식회사,H,배서어음매출(종금계정),0,국내증권사,B,SF205,각주항목(09.06월 이후)
36793,202203,0017713,토스증권 주식회사,H1,대출채권매매이익_담보부,0,국내증권사,B,SF205,각주항목(09.06월 이후)
36794,202203,0017713,토스증권 주식회사,H2,대출채권매매이익_무담보부,0,국내증권사,B,SF205,각주항목(09.06월 이후)
36795,202212,0017713,토스증권 주식회사,A,채무보증,0,국내증권사,B,SF205,각주항목(09.06월 이후)
36796,202212,0017713,토스증권 주식회사,A1,채무보증_지급보증,0,국내증권사,B,SF205,각주항목(09.06월 이후)
36797,202212,0017713,토스증권 주식회사,A2,채무보증_매입보장약정,0,국내증권사,B,SF205,각주항목(09.06월 이후)
36798,202212,0017713,토스증권 주식회사,A3,채무보증_채무인수약정,0,국내증권사,B,SF205,각주항목(09.06월 이후)
36799,202212,0017713,토스증권 주식회사,A5,채무보증_매입확약,0,국내증권사,B,SF205,각주항목(09.06월 이후)
36800,202212,0017713,토스증권 주식회사,A6,채무보증_기타,0,국내증권사,B,SF205,각주항목(09.06월 이후)
36801,202212,0017713,토스증권 주식회사,B,투자자의 예수증권 등,4689511237608,국내증권사,B,SF205,각주항목(09.06월 이후)
36802,202212,0017713,토스증권 주식회사,B1,투자자의 예수증권 등_예수 증권,4689511237608,국내증권사,B,SF205,각주항목(09.06월 이후)
36803,202212,0017713,토스증권 주식회사,B2,투자자의 예수증권 등_예수양도성예금증서,0,국내증권사,B,SF205,각주항목(09.06월 이후)
36804,202212,0017713,토스증권 주식회사,B3,투자자의 예수증권 등_기타,0,국내증권사,B,SF205,각주항목(09.06월 이후)
36805,202212,0017713,토스증권 주식회사,C,파생상품계약,0,국내증권사,B,SF205,각주항목(09.06월 이후)
36806,202212,0017713,토스증권 주식회사,C1,파생상품계약_장내파생상품,0,국내증권사,B,SF205,각주항목(09.06월 이후)
36807,202212,0017713,토스증권 주식회사,C11,파생상품계약_장내파생상품_이자율관련거래,0,국내증권사,B,SF205,각주항목(09.06월 이후)
36808,202212,0017713,토스증권 주식회사,C12,파생상품계약_장내파생상품_통화관련거래,0,국내증권사,B,SF205,각주항목(09.06월 이후)
36809,202212,0017713,토스증권 주식회사,C13,파생상품계약_장내파생상품_주식관련거래,0,국내증권사,B,SF205,각주항목(09.06월 이후)
36810,202212,0017713,토스증권 주식회사,C14,파생상품계약_장내파생상품_일반상품관련거래,0,국내증권사,B,SF205,각주항목(09.06월 이후)
36811,202212,0017713,토스증권 주식회사,C15,파생상품계약_장내파생상품_기타,0,국내증권사,B,SF205,각주항목(09.06월 이후)
36812,202212,0017713,토스증권 주식회사,C2,파생상품계약_장외파생상품,0,국내증권사,B,SF205,각주항목(09.06월 이후)
36813,202212,0017713,토스증권 주식회사,C21,파생상품계약_장외파생상품_이자율관련거래,0,국내증권사,B,SF205,각주항목(09.06월 이후)
36814,202212,0017713,토스증권 주식회사,C22,파생상품계약_장외파생상품_통화관련거래,0,국내증권사,B,SF205,각주항목(09.06월 이후)
36815,202212,0017713,토스증권 주식회사,C23,파생상품계약_장외파생상품_주식관련거래,0,국내증권사,B,SF205,각주항목(09.06월 이후)
36816,202212,0017713,토스증권 주식회사,C24,파생상품계약_장외파생상품_신용관련거래,0,국내증권사,B,SF205,각주항목(09.06월 이후)
36817,202212,0017713,토스증권 주식회사,C25,파생상품계약_장외파생상품_기타,0,국내증권사,B,SF205,각주항목(09.06월 이후)
36818,202212,0017713,토스증권 주식회사,D,대차 및 대주거래,0,국내증권사,B,SF205,각주항목(09.06월 이후)
36819,202212,0017713,토스증권 주식회사,D1,대차 및 대주거래_대여증권,0,국내증권사,B,SF205,각주항목(09.06월 이후)
36820,202212,0017713,토스증권 주식회사,D2,대차 및 대주거래_차입증권,0,국내증권사,B,SF205,각주항목(09.06월 이후)
36821,202212,0017713,토스증권 주식회사,D3,대차 및 대주거래_신용거래대주,0,국내증권사,B,SF205,각주항목(09.06월 이후)
36822,202212,0017713,토스증권 주식회사,E,대손상각채권,0,국내증권사,B,SF205,각주항목(09.06월 이후)
36823,202212,0017713,토스증권 주식회사,F,환전업무 예치금,0,국내증권사,B,SF205,각주항목(09.06월 이후)
36824,202212,0017713,토스증권 주식회사,G,미배당별도예치금,0,국내증권사,B,SF205,각주항목(09.06월 이후)
36825,202212,0017713,토스증권 주식회사,H,배서어음매출(종금계정),0,국내증권사,B,SF205,각주항목(09.06월 이후)
36826,202212,0017713,토스증권 주식회사,H1,대출채권매매이익_담보부,0,국내증권사,B,SF205,각주항목(09.06월 이후)
36827,202212,0017713,토스증권 주식회사,H2,대출채권매매이익_무담보부,0,국내증권사,B,SF205,각주항목(09.06월 이후)
36828,202303,0017713,토스증권 주식회사,A,채무보증,0,국내증권사,B,SF205,각주항목(09.06월 이후)
36829,202303,0017713,토스증권 주식회사,A1,채무보증_지급보증,0,국내증권사,B,SF205,각주항목(09.06월 이후)
36830,202303,0017713,토스증권 주식회사,A2,채무보증_매입보장약정,0,국내증권사,B,SF205,각주항목(09.06월 이후)
36831,202303,0017713,토스증권 주식회사,A3,채무보증_채무인수약정,0,국내증권사,B,SF205,각주항목(09.06월 이후)
36832,202303,0017713,토스증권 주식회사,A5,채무보증_매입확약,0,국내증권사,B,SF205,각주항목(09.06월 이후)
36833,202303,0017713,토스증권 주식회사,A6,채무보증_기타,0,국내증권사,B,SF205,각주항목(09.06월 이후)
36834,202303,0017713,토스증권 주식회사,B,투자자의 예수증권 등,6107000298695,국내증권사,B,SF205,각주항목(09.06월 이후)
36835,202303,0017713,토스증권 주식회사,B1,투자자의 예수증권 등_예수 증권,6107000298695,국내증권사,B,SF205,각주항목(09.06월 이후)
36836,202303,0017713,토스증권 주식회사,B2,투자자의 예수증권 등_예수양도성예금증서,0,국내증권사,B,SF205,각주항목(09.06월 이후)
36837,202303,0017713,토스증권 주식회사,B3,투자자의 예수증권 등_기타,0,국내증권사,B,SF205,각주항목(09.06월 이후)
36838,202303,0017713,토스증권 주식회사,C,파생상품계약,0,국내증권사,B,SF205,각주항목(09.06월 이후)
36839,202303,0017713,토스증권 주식회사,C1,파생상품계약_장내파생상품,0,국내증권사,B,SF205,각주항목(09.06월 이후)
36840,202303,0017713,토스증권 주식회사,C11,파생상품계약_장내파생상품_이자율관련거래,0,국내증권사,B,SF205,각주항목(09.06월 이후)
36841,202303,0017713,토스증권 주식회사,C12,파생상품계약_장내파생상품_통화관련거래,0,국내증권사,B,SF205,각주항목(09.06월 이후)
36842,202303,0017713,토스증권 주식회사,C13,파생상품계약_장내파생상품_주식관련거래,0,국내증권사,B,SF205,각주항목(09.06월 이후)
36843,202303,0017713,토스증권 주식회사,C14,파생상품계약_장내파생상품_일반상품관련거래,0,국내증권사,B,SF205,각주항목(09.06월 이후)
36844,202303,0017713,토스증권 주식회사,C15,파생상품계약_장내파생상품_기타,0,국내증권사,B,SF205,각주항목(09.06월 이후)
36845,202303,0017713,토스증권 주식회사,C2,파생상품계약_장외파생상품,0,국내증권사,B,SF205,각주항목(09.06월 이후)
36846,202303,0017713,토스증권 주식회사,C21,파생상품계약_장외파생상품_이자율관련거래,0,국내증권사,B,SF205,각주항목(09.06월 이후)
36847,202303,0017713,토스증권 주식회사,C22,파생상품계약_장외파생상품_통화관련거래,0,국내증권사,B,SF205,각주항목(09.06월 이후)
36848,202303,0017713,토스증권 주식회사,C23,파생상품계약_장외파생상품_주식관련거래,0,국내증권사,B,SF205,각주항목(09.06월 이후)
36849,202303,0017713,토스증권 주식회사,C24,파생상품계약_장외파생상품_신용관련거래,0,국내증권사,B,SF205,각주항목(09.06월 이후)
36850,202303,0017713,토스증권 주식회사,C25,파생상품계약_장외파생상품_기타,0,국내증권사,B,SF205,각주항목(09.06월 이후)
36851,202303,0017713,토스증권 주식회사,D,대차 및 대주거래,0,국내증권사,B,SF205,각주항목(09.06월 이후)
36852,202303,0017713,토스증권 주식회사,D1,대차 및 대주거래_대여증권,0,국내증권사,B,SF205,각주항목(09.06월 이후)
36853,202303,0017713,토스증권 주식회사,D2,대차 및 대주거래_차입증권,0,국내증권사,B,SF205,각주항목(09.06월 이후)
36854,202303,0017713,토스증권 주식회사,D3,대차 및 대주거래_신용거래대주,0,국내증권사,B,SF205,각주항목(09.06월 이후)
36855,202303,0017713,토스증권 주식회사,E,대손상각채권,0,국내증권사,B,SF205,각주항목(09.06월 이후)
36856,202303,0017713,토스증권 주식회사,F,환전업무 예치금,0,국내증권사,B,SF205,각주항목(09.06월 이후)
36857,202303,0017713,토스증권 주식회사,G,미배당별도예치금,0,국내증권사,B,SF205,각주항목(09.06월 이후)
36858,202303,0017713,토스증권 주식회사,H,배서어음매출(종금계정),0,국내증권사,B,SF205,각주항목(09.06월 이후)
36859,202303,0017713,토스증권 주식회사,H1,대출채권매매이익_담보부,0,국내증권사,B,SF205,각주항목(09.06월 이후)
36860,202303,0017713,토스증권 주식회사,H2,대출채권매매이익_무담보부,0,국내증권사,B,SF205,각주항목(09.06월 이후)
36861,202306,0017713,토스증권 주식회사,A,채무보증,0,국내증권사,B,SF205,각주항목(09.06월 이후)
36862,202306,0017713,토스증권 주식회사,A1,채무보증_지급보증,0,국내증권사,B,SF205,각주항목(09.06월 이후)
36863,202306,0017713,토스증권 주식회사,A2,채무보증_매입보장약정,0,국내증권사,B,SF205,각주항목(09.06월 이후)
36864,202306,0017713,토스증권 주식회사,A3,채무보증_채무인수약정,0,국내증권사,B,SF205,각주항목(09.06월 이후)
36865,202306,0017713,토스증권 주식회사,A5,채무보증_매입확약,0,국내증권사,B,SF205,각주항목(09.06월 이후)
36866,202306,0017713,토스증권 주식회사,A6,채무보증_기타,0,국내증권사,B,SF205,각주항목(09.06월 이후)
36867,202306,0017713,토스증권 주식회사,B,투자자의 예수증권 등,7360537391086,국내증권사,B,SF205,각주항목(09.06월 이후)
36868,202306,0017713,토스증권 주식회사,B1,투자자의 예수증권 등_예수 증권,7360537391086,국내증권사,B,SF205,각주항목(09.06월 이후)
36869,202306,0017713,토스증권 주식회사,B2,투자자의 예수증권 등_예수양도성예금증서,0,국내증권사,B,SF205,각주항목(09.06월 이후)
36870,202306,0017713,토스증권 주식회사,B3,투자자의 예수증권 등_기타,0,국내증권사,B,SF205,각주항목(09.06월 이후)
36871,202306,0017713,토스증권 주식회사,C,파생상품계약,0,국내증권사,B,SF205,각주항목(09.06월 이후)
36872,202306,0017713,토스증권 주식회사,C1,파생상품계약_장내파생상품,0,국내증권사,B,SF205,각주항목(09.06월 이후)
36873,202306,0017713,토스증권 주식회사,C11,파생상품계약_장내파생상품_이자율관련거래,0,국내증권사,B,SF205,각주항목(09.06월 이후)
36874,202306,0017713,토스증권 주식회사,C12,파생상품계약_장내파생상품_통화관련거래,0,국내증권사,B,SF205,각주항목(09.06월 이후)
36875,202306,0017713,토스증권 주식회사,C13,파생상품계약_장내파생상품_주식관련거래,0,국내증권사,B,SF205,각주항목(09.06월 이후)
36876,202306,0017713,토스증권 주식회사,C14,파생상품계약_장내파생상품_일반상품관련거래,0,국내증권사,B,SF205,각주항목(09.06월 이후)
36877,202306,0017713,토스증권 주식회사,C15,파생상품계약_장내파생상품_기타,0,국내증권사,B,SF205,각주항목(09.06월 이후)
36878,202306,0017713,토스증권 주식회사,C2,파생상품계약_장외파생상품,0,국내증권사,B,SF205,각주항목(09.06월 이후)
36879,202306,0017713,토스증권 주식회사,C21,파생상품계약_장외파생상품_이자율관련거래,0,국내증권사,B,SF205,각주항목(09.06월 이후)
36880,202306,0017713,토스증권 주식회사,C22,파생상품계약_장외파생상품_통화관련거래,0,국내증권사,B,SF205,각주항목(09.06월 이후)
36881,202306,0017713,토스증권 주식회사,C23,파생상품계약_장외파생상품_주식관련거래,0,국내증권사,B,SF205,각주항목(09.06월 이후)
36882,202306,0017713,토스증권 주식회사,C24,파생상품계약_장외파생상품_신용관련거래,0,국내증권사,B,SF205,각주항목(09.06월 이후)
36883,202306,0017713,토스증권 주식회사,C25,파생상품계약_장외파생상품_기타,0,국내증권사,B,SF205,각주항목(09.06월 이후)
36884,202306,0017713,토스증권 주식회사,D,대차 및 대주거래,0,국내증권사,B,SF205,각주항목(09.06월 이후)
36885,202306,0017713,토스증권 주식회사,D1,대차 및 대주거래_대여증권,0,국내증권사,B,SF205,각주항목(09.06월 이후)
36886,202306,0017713,토스증권 주식회사,D2,대차 및 대주거래_차입증권,0,국내증권사,B,SF205,각주항목(09.06월 이후)
36887,202306,0017713,토스증권 주식회사,D3,대차 및 대주거래_신용거래대주,0,국내증권사,B,SF205,각주항목(09.06월 이후)
36888,202306,0017713,토스증권 주식회사,E,대손상각채권,0,국내증권사,B,SF205,각주항목(09.06월 이후)
36889,202306,0017713,토스증권 주식회사,F,환전업무 예치금,0,국내증권사,B,SF205,각주항목(09.06월 이후)
36890,202306,0017713,토스증권 주식회사,G,미배당별도예치금,0,국내증권사,B,SF205,각주항목(09.06월 이후)
36891,202306,0017713,토스증권 주식회사,H,배서어음매출(종금계정),0,국내증권사,B,SF205,각주항목(09.06월 이후)
36892,202306,0017713,토스증권 주식회사,H1,대출채권매매이익_담보부,0,국내증권사,B,SF205,각주항목(09.06월 이후)
36893,202306,0017713,토스증권 주식회사,H2,대출채권매매이익_무담보부,0,국내증권사,B,SF205,각주항목(09.06월 이후)
36894,202309,0017713,토스증권 주식회사,A,채무보증,0,국내증권사,B,SF205,각주항목(09.06월 이후)
36895,202309,0017713,토스증권 주식회사,A1,채무보증_지급보증,0,국내증권사,B,SF205,각주항목(09.06월 이후)
36896,202309,0017713,토스증권 주식회사,A2,채무보증_매입보장약정,0,국내증권사,B,SF205,각주항목(09.06월 이후)
36897,202309,0017713,토스증권 주식회사,A3,채무보증_채무인수약정,0,국내증권사,B,SF205,각주항목(09.06월 이후)
36898,202309,0017713,토스증권 주식회사,A5,채무보증_매입확약,0,국내증권사,B,SF205,각주항목(09.06월 이후)
36899,202309,0017713,토스증권 주식회사,A6,채무보증_기타,0,국내증권사,B,SF205,각주항목(09.06월 이후)
36900,202309,0017713,토스증권 주식회사,B,투자자의 예수증권 등,8669012675234,국내증권사,B,SF205,각주항목(09.06월 이후)
36901,202309,0017713,토스증권 주식회사,B1,투자자의 예수증권 등_예수 증권,8669012675234,국내증권사,B,SF205,각주항목(09.06월 이후)
36902,202309,0017713,토스증권 주식회사,B2,투자자의 예수증권 등_예수양도성예금증서,0,국내증권사,B,SF205,각주항목(09.06월 이후)
36903,202309,0017713,토스증권 주식회사,B3,투자자의 예수증권 등_기타,0,국내증권사,B,SF205,각주항목(09.06월 이후)
36904,202309,0017713,토스증권 주식회사,C,파생상품계약,47215000000,국내증권사,B,SF205,각주항목(09.06월 이후)
36905,202309,0017713,토스증권 주식회사,C1,파생상품계약_장내파생상품,47215000000,국내증권사,B,SF205,각주항목(09.06월 이후)
36906,202309,0017713,토스증권 주식회사,C11,파생상품계약_장내파생상품_이자율관련거래,0,국내증권사,B,SF205,각주항목(09.06월 이후)
36907,202309,0017713,토스증권 주식회사,C12,파생상품계약_장내파생상품_통화관련거래,47215000000,국내증권사,B,SF205,각주항목(09.06월 이후)
36908,202309,0017713,토스증권 주식회사,C13,파생상품계약_장내파생상품_주식관련거래,0,국내증권사,B,SF205,각주항목(09.06월 이후)
36909,202309,0017713,토스증권 주식회사,C14,파생상품계약_장내파생상품_일반상품관련거래,0,국내증권사,B,SF205,각주항목(09.06월 이후)
36910,202309,0017713,토스증권 주식회사,C15,파생상품계약_장내파생상품_기타,0,국내증권사,B,SF205,각주항목(09.06월 이후)
36911,202309,0017713,토스증권 주식회사,C2,파생상품계약_장외파생상품,0,국내증권사,B,SF205,각주항목(09.06월 이후)
36912,202309,0017713,토스증권 주식회사,C21,파생상품계약_장외파생상품_이자율관련거래,0,국내증권사,B,SF205,각주항목(09.06월 이후)
36913,202309,0017713,토스증권 주식회사,C22,파생상품계약_장외파생상품_통화관련거래,0,국내증권사,B,SF205,각주항목(09.06월 이후)
36914,202309,0017713,토스증권 주식회사,C23,파생상품계약_장외파생상품_주식관련거래,0,국내증권사,B,SF205,각주항목(09.06월 이후)
36915,202309,0017713,토스증권 주식회사,C24,파생상품계약_장외파생상품_신용관련거래,0,국내증권사,B,SF205,각주항목(09.06월 이후)
36916,202309,0017713,토스증권 주식회사,C25,파생상품계약_장외파생상품_기타,0,국내증권사,B,SF205,각주항목(09.06월 이후)
36917,202309,0017713,토스증권 주식회사,D,대차 및 대주거래,0,국내증권사,B,SF205,각주항목(09.06월 이후)
36918,202309,0017713,토스증권 주식회사,D1,대차 및 대주거래_대여증권,0,국내증권사,B,SF205,각주항목(09.06월 이후)
36919,202309,0017713,토스증권 주식회사,D2,대차 및 대주거래_차입증권,0,국내증권사,B,SF205,각주항목(09.06월 이후)
36920,202309,0017713,토스증권 주식회사,D3,대차 및 대주거래_신용거래대주,0,국내증권사,B,SF205,각주항목(09.06월 이후)
36921,202309,0017713,토스증권 주식회사,E,대손상각채권,0,국내증권사,B,SF205,각주항목(09.06월 이후)
36922,202309,0017713,토스증권 주식회사,F,환전업무 예치금,0,국내증권사,B,SF205,각주항목(09.06월 이후)
36923,202309,0017713,토스증권 주식회사,G,미배당별도예치금,0,국내증권사,B,SF205,각주항목(09.06월 이후)
36924,202309,0017713,토스증권 주식회사,H,배서어음매출(종금계정),0,국내증권사,B,SF205,각주항목(09.06월 이후)
36925,202309,0017713,토스증권 주식회사,H1,대출채권매매이익_담보부,0,국내증권사,B,SF205,각주항목(09.06월 이후)
36926,202309,0017713,토스증권 주식회사,H2,대출채권매매이익_무담보부,0,국내증권사,B,SF205,각주항목(09.06월 이후)
36927,202312,0017713,토스증권 주식회사,A,채무보증,0,국내증권사,B,SF205,각주항목(09.06월 이후)
36928,202312,0017713,토스증권 주식회사,A1,채무보증_지급보증,0,국내증권사,B,SF205,각주항목(09.06월 이후)
36929,202312,0017713,토스증권 주식회사,A2,채무보증_매입보장약정,0,국내증권사,B,SF205,각주항목(09.06월 이후)
36930,202312,0017713,토스증권 주식회사,A3,채무보증_채무인수약정,0,국내증권사,B,SF205,각주항목(09.06월 이후)
36931,202312,0017713,토스증권 주식회사,A5,채무보증_매입확약,0,국내증권사,B,SF205,각주항목(09.06월 이후)
36932,202312,0017713,토스증권 주식회사,A6,채무보증_기타,0,국내증권사,B,SF205,각주항목(09.06월 이후)
36933,202312,0017713,토스증권 주식회사,B,투자자의 예수증권 등,9774414039044,국내증권사,B,SF205,각주항목(09.06월 이후)
36934,202312,0017713,토스증권 주식회사,B1,투자자의 예수증권 등_예수 증권,9774414039044,국내증권사,B,SF205,각주항목(09.06월 이후)
36935,202312,0017713,토스증권 주식회사,B2,투자자의 예수증권 등_예수양도성예금증서,0,국내증권사,B,SF205,각주항목(09.06월 이후)
36936,202312,0017713,토스증권 주식회사,B3,투자자의 예수증권 등_기타,0,국내증권사,B,SF205,각주항목(09.06월 이후)
36937,202312,0017713,토스증권 주식회사,C,파생상품계약,38619000000,국내증권사,B,SF205,각주항목(09.06월 이후)
36938,202312,0017713,토스증권 주식회사,C1,파생상품계약_장내파생상품,38619000000,국내증권사,B,SF205,각주항목(09.06월 이후)
36939,202312,0017713,토스증권 주식회사,C11,파생상품계약_장내파생상품_이자율관련거래,0,국내증권사,B,SF205,각주항목(09.06월 이후)
36940,202312,0017713,토스증권 주식회사,C12,파생상품계약_장내파생상품_통화관련거래,38619000000,국내증권사,B,SF205,각주항목(09.06월 이후)
36941,202312,0017713,토스증권 주식회사,C13,파생상품계약_장내파생상품_주식관련거래,0,국내증권사,B,SF205,각주항목(09.06월 이후)
36942,202312,0017713,토스증권 주식회사,C14,파생상품계약_장내파생상품_일반상품관련거래,0,국내증권사,B,SF205,각주항목(09.06월 이후)
36943,202312,0017713,토스증권 주식회사,C15,파생상품계약_장내파생상품_기타,0,국내증권사,B,SF205,각주항목(09.06월 이후)
36944,202312,0017713,토스증권 주식회사,C2,파생상품계약_장외파생상품,0,국내증권사,B,SF205,각주항목(09.06월 이후)
36945,202312,0017713,토스증권 주식회사,C21,파생상품계약_장외파생상품_이자율관련거래,0,국내증권사,B,SF205,각주항목(09.06월 이후)
36946,202312,0017713,토스증권 주식회사,C22,파생상품계약_장외파생상품_통화관련거래,0,국내증권사,B,SF205,각주항목(09.06월 이후)
36947,202312,0017713,토스증권 주식회사,C23,파생상품계약_장외파생상품_주식관련거래,0,국내증권사,B,SF205,각주항목(09.06월 이후)
36948,202312,0017713,토스증권 주식회사,C24,파생상품계약_장외파생상품_신용관련거래,0,국내증권사,B,SF205,각주항목(09.06월 이후)
36949,202312,0017713,토스증권 주식회사,C25,파생상품계약_장외파생상품_기타,0,국내증권사,B,SF205,각주항목(09.06월 이후)
36950,202312,0017713,토스증권 주식회사,D,대차 및 대주거래,0,국내증권사,B,SF205,각주항목(09.06월 이후)
36951,202312,0017713,토스증권 주식회사,D1,대차 및 대주거래_대여증권,0,국내증권사,B,SF205,각주항목(09.06월 이후)
36952,202312,0017713,토스증권 주식회사,D2,대차 및 대주거래_차입증권,0,국내증권사,B,SF205,각주항목(09.06월 이후)
36953,202312,0017713,토스증권 주식회사,D3,대차 및 대주거래_신용거래대주,0,국내증권사,B,SF205,각주항목(09.06월 이후)
36954,202312,0017713,토스증권 주식회사,E,대손상각채권,0,국내증권사,B,SF205,각주항목(09.06월 이후)
36955,202312,0017713,토스증권 주식회사,F,환전업무 예치금,0,국내증권사,B,SF205,각주항목(09.06월 이후)
36956,202312,0017713,토스증권 주식회사,G,미배당별도예치금,0,국내증권사,B,SF205,각주항목(09.06월 이후)
36957,202312,0017713,토스증권 주식회사,H,배서어음매출(종금계정),0,국내증권사,B,SF205,각주항목(09.06월 이후)
36958,202312,0017713,토스증권 주식회사,H1,대출채권매매이익_담보부,0,국내증권사,B,SF205,각주항목(09.06월 이후)
36959,202312,0017713,토스증권 주식회사,H2,대출채권매매이익_무담보부,0,국내증권사,B,SF205,각주항목(09.06월 이후)
36960,202403,0017713,토스증권 주식회사,A,채무보증,0,국내증권사,B,SF205,각주항목(09.06월 이후)
36961,202403,0017713,토스증권 주식회사,A1,채무보증_지급보증,0,국내증권사,B,SF205,각주항목(09.06월 이후)
36962,202403,0017713,토스증권 주식회사,A2,채무보증_매입보장약정, ,국내증권사,B,SF205,각주항목(09.06월 이후)
36963,202403,0017713,토스증권 주식회사,A3,채무보증_채무인수약정, ,국내증권사,B,SF205,각주항목(09.06월 이후)
36964,202403,0017713,토스증권 주식회사,A5,채무보증_매입확약,0,국내증권사,B,SF205,각주항목(09.06월 이후)
36965,202403,0017713,토스증권 주식회사,A6,채무보증_기타, ,국내증권사,B,SF205,각주항목(09.06월 이후)
36966,202403,0017713,토스증권 주식회사,B,투자자의 예수증권 등,11596863378209,국내증권사,B,SF205,각주항목(09.06월 이후)
36967,202403,0017713,토스증권 주식회사,B1,투자자의 예수증권 등_예수 증권,11596863378209,국내증권사,B,SF205,각주항목(09.06월 이후)
36968,202403,0017713,토스증권 주식회사,B2,투자자의 예수증권 등_예수양도성예금증서, ,국내증권사,B,SF205,각주항목(09.06월 이후)
36969,202403,0017713,토스증권 주식회사,B3,투자자의 예수증권 등_기타, ,국내증권사,B,SF205,각주항목(09.06월 이후)
36970,202403,0017713,토스증권 주식회사,C,파생상품계약,52470600000,국내증권사,B,SF205,각주항목(09.06월 이후)
36971,202403,0017713,토스증권 주식회사,C1,파생상품계약_장내파생상품,52470600000,국내증권사,B,SF205,각주항목(09.06월 이후)
36972,202403,0017713,토스증권 주식회사,C11,파생상품계약_장내파생상품_이자율관련거래,0,국내증권사,B,SF205,각주항목(09.06월 이후)
36973,202403,0017713,토스증권 주식회사,C12,파생상품계약_장내파생상품_통화관련거래,52470600000,국내증권사,B,SF205,각주항목(09.06월 이후)
36974,202403,0017713,토스증권 주식회사,C13,파생상품계약_장내파생상품_주식관련거래,0,국내증권사,B,SF205,각주항목(09.06월 이후)
36975,202403,0017713,토스증권 주식회사,C14,파생상품계약_장내파생상품_일반상품관련거래,0,국내증권사,B,SF205,각주항목(09.06월 이후)
36976,202403,0017713,토스증권 주식회사,C15,파생상품계약_장내파생상품_기타,0,국내증권사,B,SF205,각주항목(09.06월 이후)
36977,202403,0017713,토스증권 주식회사,C2,파생상품계약_장외파생상품,0,국내증권사,B,SF205,각주항목(09.06월 이후)
36978,202403,0017713,토스증권 주식회사,C21,파생상품계약_장외파생상품_이자율관련거래,0,국내증권사,B,SF205,각주항목(09.06월 이후)
36979,202403,0017713,토스증권 주식회사,C22,파생상품계약_장외파생상품_통화관련거래,0,국내증권사,B,SF205,각주항목(09.06월 이후)
36980,202403,0017713,토스증권 주식회사,C23,파생상품계약_장외파생상품_주식관련거래,0,국내증권사,B,SF205,각주항목(09.06월 이후)
36981,202403,0017713,토스증권 주식회사,C24,파생상품계약_장외파생상품_신용관련거래,0,국내증권사,B,SF205,각주항목(09.06월 이후)
36982,202403,0017713,토스증권 주식회사,C25,파생상품계약_장외파생상품_기타,0,국내증권사,B,SF205,각주항목(09.06월 이후)
36983,202403,0017713,토스증권 주식회사,D,대차 및 대주거래,0,국내증권사,B,SF205,각주항목(09.06월 이후)
36984,202403,0017713,토스증권 주식회사,D1,대차 및 대주거래_대여증권,0,국내증권사,B,SF205,각주항목(09.06월 이후)
36985,202403,0017713,토스증권 주식회사,D2,대차 및 대주거래_차입증권,0,국내증권사,B,SF205,각주항목(09.06월 이후)
36986,202403,0017713,토스증권 주식회사,D3,대차 및 대주거래_신용거래대주, ,국내증권사,B,SF205,각주항목(09.06월 이후)
36987,202403,0017713,토스증권 주식회사,E,대손상각채권, ,국내증권사,B,SF205,각주항목(09.06월 이후)
36988,202403,0017713,토스증권 주식회사,F,환전업무 예치금,0,국내증권사,B,SF205,각주항목(09.06월 이후)
36989,202403,0017713,토스증권 주식회사,G,미배당별도예치금, ,국내증권사,B,SF205,각주항목(09.06월 이후)
36990,202403,0017713,토스증권 주식회사,H,배서어음매출(종금계정),0,국내증권사,B,SF205,각주항목(09.06월 이후)
36991,202403,0017713,토스증권 주식회사,H1,대출채권매매이익_담보부, ,국내증권사,B,SF205,각주항목(09.06월 이후)
36992,202403,0017713,토스증권 주식회사,H2,대출채권매매이익_무담보부, ,국내증권사,B,SF205,각주항목(09.06월 이후)
36993,202406,0017713,토스증권 주식회사,A,채무보증,0,국내증권사,B,SF205,각주항목(09.06월 이후)
36994,202406,0017713,토스증권 주식회사,A1,채무보증_지급보증,0,국내증권사,B,SF205,각주항목(09.06월 이후)
36995,202406,0017713,토스증권 주식회사,A2,채무보증_매입보장약정, ,국내증권사,B,SF205,각주항목(09.06월 이후)
36996,202406,0017713,토스증권 주식회사,A3,채무보증_채무인수약정, ,국내증권사,B,SF205,각주항목(09.06월 이후)
36997,202406,0017713,토스증권 주식회사,A5,채무보증_매입확약,0,국내증권사,B,SF205,각주항목(09.06월 이후)
36998,202406,0017713,토스증권 주식회사,A6,채무보증_기타, ,국내증권사,B,SF205,각주항목(09.06월 이후)
36999,202406,0017713,토스증권 주식회사,B,투자자의 예수증권 등,13469108887298,국내증권사,B,SF205,각주항목(09.06월 이후)
37000,202406,0017713,토스증권 주식회사,B1,투자자의 예수증권 등_예수 증권,13469108887298,국내증권사,B,SF205,각주항목(09.06월 이후)
37001,202406,0017713,토스증권 주식회사,B2,투자자의 예수증권 등_예수양도성예금증서, ,국내증권사,B,SF205,각주항목(09.06월 이후)
37002,202406,0017713,토스증권 주식회사,B3,투자자의 예수증권 등_기타, ,국내증권사,B,SF205,각주항목(09.06월 이후)
37003,202406,0017713,토스증권 주식회사,C,파생상품계약,61893000000,국내증권사,B,SF205,각주항목(09.06월 이후)
37004,202406,0017713,토스증권 주식회사,C1,파생상품계약_장내파생상품,61893000000,국내증권사,B,SF205,각주항목(09.06월 이후)
37005,202406,0017713,토스증권 주식회사,C11,파생상품계약_장내파생상품_이자율관련거래,0,국내증권사,B,SF205,각주항목(09.06월 이후)
37006,202406,0017713,토스증권 주식회사,C12,파생상품계약_장내파생상품_통화관련거래,61893000000,국내증권사,B,SF205,각주항목(09.06월 이후)
37007,202406,0017713,토스증권 주식회사,C13,파생상품계약_장내파생상품_주식관련거래,0,국내증권사,B,SF205,각주항목(09.06월 이후)
37008,202406,0017713,토스증권 주식회사,C14,파생상품계약_장내파생상품_일반상품관련거래,0,국내증권사,B,SF205,각주항목(09.06월 이후)
37009,202406,0017713,토스증권 주식회사,C15,파생상품계약_장내파생상품_기타,0,국내증권사,B,SF205,각주항목(09.06월 이후)
37010,202406,0017713,토스증권 주식회사,C2,파생상품계약_장외파생상품,0,국내증권사,B,SF205,각주항목(09.06월 이후)
37011,202406,0017713,토스증권 주식회사,C21,파생상품계약_장외파생상품_이자율관련거래,0,국내증권사,B,SF205,각주항목(09.06월 이후)
37012,202406,0017713,토스증권 주식회사,C22,파생상품계약_장외파생상품_통화관련거래,0,국내증권사,B,SF205,각주항목(09.06월 이후)
37013,202406,0017713,토스증권 주식회사,C23,파생상품계약_장외파생상품_주식관련거래,0,국내증권사,B,SF205,각주항목(09.06월 이후)
37014,202406,0017713,토스증권 주식회사,C24,파생상품계약_장외파생상품_신용관련거래,0,국내증권사,B,SF205,각주항목(09.06월 이후)
37015,202406,0017713,토스증권 주식회사,C25,파생상품계약_장외파생상품_기타,0,국내증권사,B,SF205,각주항목(09.06월 이후)
37016,202406,0017713,토스증권 주식회사,D,대차 및 대주거래,0,국내증권사,B,SF205,각주항목(09.06월 이후)
37017,202406,0017713,토스증권 주식회사,D1,대차 및 대주거래_대여증권,0,국내증권사,B,SF205,각주항목(09.06월 이후)
37018,202406,0017713,토스증권 주식회사,D2,대차 및 대주거래_차입증권,0,국내증권사,B,SF205,각주항목(09.06월 이후)
37019,202406,0017713,토스증권 주식회사,D3,대차 및 대주거래_신용거래대주, ,국내증권사,B,SF205,각주항목(09.06월 이후)
37020,202406,0017713,토스증권 주식회사,E,대손상각채권, ,국내증권사,B,SF205,각주항목(09.06월 이후)
37021,202406,0017713,토스증권 주식회사,F,환전업무 예치금,0,국내증권사,B,SF205,각주항목(09.06월 이후)
37022,202406,0017713,토스증권 주식회사,G,미배당별도예치금, ,국내증권사,B,SF205,각주항목(09.06월 이후)
37023,202406,0017713,토스증권 주식회사,H,배서어음매출(종금계정),0,국내증권사,B,SF205,각주항목(09.06월 이후)
37024,202406,0017713,토스증권 주식회사,H1,대출채권매매이익_담보부, ,국내증권사,B,SF205,각주항목(09.06월 이후)
37025,202406,0017713,토스증권 주식회사,H2,대출채권매매이익_무담보부, ,국내증권사,B,SF205,각주항목(09.06월 이후)
37026,202409,0017713,토스증권 주식회사,A,채무보증,0,국내증권사,B,SF205,각주항목(09.06월 이후)
37027,202409,0017713,토스증권 주식회사,A1,채무보증_지급보증,0,국내증권사,B,SF205,각주항목(09.06월 이후)
37028,202409,0017713,토스증권 주식회사,A2,채무보증_매입보장약정, ,국내증권사,B,SF205,각주항목(09.06월 이후)
37029,202409,0017713,토스증권 주식회사,A3,채무보증_채무인수약정, ,국내증권사,B,SF205,각주항목(09.06월 이후)
37030,202409,0017713,토스증권 주식회사,A5,채무보증_매입확약,0,국내증권사,B,SF205,각주항목(09.06월 이후)
37031,202409,0017713,토스증권 주식회사,A6,채무보증_기타, ,국내증권사,B,SF205,각주항목(09.06월 이후)
37032,202409,0017713,토스증권 주식회사,B,투자자의 예수증권 등,14938450890500,국내증권사,B,SF205,각주항목(09.06월 이후)
37033,202409,0017713,토스증권 주식회사,B1,투자자의 예수증권 등_예수 증권,14938450890500,국내증권사,B,SF205,각주항목(09.06월 이후)
37034,202409,0017713,토스증권 주식회사,B2,투자자의 예수증권 등_예수양도성예금증서, ,국내증권사,B,SF205,각주항목(09.06월 이후)
37035,202409,0017713,토스증권 주식회사,B3,투자자의 예수증권 등_기타, ,국내증권사,B,SF205,각주항목(09.06월 이후)
37036,202409,0017713,토스증권 주식회사,C,파생상품계약,57771000000,국내증권사,B,SF205,각주항목(09.06월 이후)
37037,202409,0017713,토스증권 주식회사,C1,파생상품계약_장내파생상품,57771000000,국내증권사,B,SF205,각주항목(09.06월 이후)
37038,202409,0017713,토스증권 주식회사,C11,파생상품계약_장내파생상품_이자율관련거래,0,국내증권사,B,SF205,각주항목(09.06월 이후)
37039,202409,0017713,토스증권 주식회사,C12,파생상품계약_장내파생상품_통화관련거래,57771000000,국내증권사,B,SF205,각주항목(09.06월 이후)
37040,202409,0017713,토스증권 주식회사,C13,파생상품계약_장내파생상품_주식관련거래,0,국내증권사,B,SF205,각주항목(09.06월 이후)
37041,202409,0017713,토스증권 주식회사,C14,파생상품계약_장내파생상품_일반상품관련거래,0,국내증권사,B,SF205,각주항목(09.06월 이후)
37042,202409,0017713,토스증권 주식회사,C15,파생상품계약_장내파생상품_기타,0,국내증권사,B,SF205,각주항목(09.06월 이후)
37043,202409,0017713,토스증권 주식회사,C2,파생상품계약_장외파생상품,0,국내증권사,B,SF205,각주항목(09.06월 이후)
37044,202409,0017713,토스증권 주식회사,C21,파생상품계약_장외파생상품_이자율관련거래,0,국내증권사,B,SF205,각주항목(09.06월 이후)
37045,202409,0017713,토스증권 주식회사,C22,파생상품계약_장외파생상품_통화관련거래,0,국내증권사,B,SF205,각주항목(09.06월 이후)
37046,202409,0017713,토스증권 주식회사,C23,파생상품계약_장외파생상품_주식관련거래,0,국내증권사,B,SF205,각주항목(09.06월 이후)
37047,202409,0017713,토스증권 주식회사,C24,파생상품계약_장외파생상품_신용관련거래,0,국내증권사,B,SF205,각주항목(09.06월 이후)
37048,202409,0017713,토스증권 주식회사,C25,파생상품계약_장외파생상품_기타,0,국내증권사,B,SF205,각주항목(09.06월 이후)
37049,202409,0017713,토스증권 주식회사,D,대차 및 대주거래,0,국내증권사,B,SF205,각주항목(09.06월 이후)
37050,202409,0017713,토스증권 주식회사,D1,대차 및 대주거래_대여증권,0,국내증권사,B,SF205,각주항목(09.06월 이후)
37051,202409,0017713,토스증권 주식회사,D2,대차 및 대주거래_차입증권,0,국내증권사,B,SF205,각주항목(09.06월 이후)
37052,202409,0017713,토스증권 주식회사,D3,대차 및 대주거래_신용거래대주, ,국내증권사,B,SF205,각주항목(09.06월 이후)
37053,202409,0017713,토스증권 주식회사,E,대손상각채권, ,국내증권사,B,SF205,각주항목(09.06월 이후)
37054,202409,0017713,토스증권 주식회사,F,환전업무 예치금,0,국내증권사,B,SF205,각주항목(09.06월 이후)
37055,202409,0017713,토스증권 주식회사,G,미배당별도예치금, ,국내증권사,B,SF205,각주항목(09.06월 이후)
37056,202409,0017713,토스증권 주식회사,H,배서어음매출(종금계정),0,국내증권사,B,SF205,각주항목(09.06월 이후)
37057,202409,0017713,토스증권 주식회사,H1,대출채권매매이익_담보부, ,국내증권사,B,SF205,각주항목(09.06월 이후)
37058,202409,0017713,토스증권 주식회사,H2,대출채권매매이익_무담보부, ,국내증권사,B,SF205,각주항목(09.06월 이후)
37059,202412,0017713,토스증권 주식회사,A,채무보증,0,국내증권사,B,SF205,각주항목(09.06월 이후)
37060,202412,0017713,토스증권 주식회사,A1,채무보증_지급보증,0,국내증권사,B,SF205,각주항목(09.06월 이후)
37061,202412,0017713,토스증권 주식회사,A2,채무보증_매입보장약정, ,국내증권사,B,SF205,각주항목(09.06월 이후)
37062,202412,0017713,토스증권 주식회사,A3,채무보증_채무인수약정, ,국내증권사,B,SF205,각주항목(09.06월 이후)
37063,202412,0017713,토스증권 주식회사,A5,채무보증_매입확약,0,국내증권사,B,SF205,각주항목(09.06월 이후)
37064,202412,0017713,토스증권 주식회사,A6,채무보증_기타, ,국내증권사,B,SF205,각주항목(09.06월 이후)
37065,202412,0017713,토스증권 주식회사,B,투자자의 예수증권 등,19054335340678,국내증권사,B,SF205,각주항목(09.06월 이후)
37066,202412,0017713,토스증권 주식회사,B1,투자자의 예수증권 등_예수 증권,19054335340678,국내증권사,B,SF205,각주항목(09.06월 이후)
37067,202412,0017713,토스증권 주식회사,B2,투자자의 예수증권 등_예수양도성예금증서, ,국내증권사,B,SF205,각주항목(09.06월 이후)
37068,202412,0017713,토스증권 주식회사,B3,투자자의 예수증권 등_기타, ,국내증권사,B,SF205,각주항목(09.06월 이후)
37069,202412,0017713,토스증권 주식회사,C,파생상품계약,58864000000,국내증권사,B,SF205,각주항목(09.06월 이후)
37070,202412,0017713,토스증권 주식회사,C1,파생상품계약_장내파생상품,58864000000,국내증권사,B,SF205,각주항목(09.06월 이후)
37071,202412,0017713,토스증권 주식회사,C11,파생상품계약_장내파생상품_이자율관련거래,0,국내증권사,B,SF205,각주항목(09.06월 이후)
37072,202412,0017713,토스증권 주식회사,C12,파생상품계약_장내파생상품_통화관련거래,58864000000,국내증권사,B,SF205,각주항목(09.06월 이후)
37073,202412,0017713,토스증권 주식회사,C13,파생상품계약_장내파생상품_주식관련거래,0,국내증권사,B,SF205,각주항목(09.06월 이후)
37074,202412,0017713,토스증권 주식회사,C14,파생상품계약_장내파생상품_일반상품관련거래,0,국내증권사,B,SF205,각주항목(09.06월 이후)
37075,202412,0017713,토스증권 주식회사,C15,파생상품계약_장내파생상품_기타,0,국내증권사,B,SF205,각주항목(09.06월 이후)
37076,202412,0017713,토스증권 주식회사,C2,파생상품계약_장외파생상품,0,국내증권사,B,SF205,각주항목(09.06월 이후)
37077,202412,0017713,토스증권 주식회사,C21,파생상품계약_장외파생상품_이자율관련거래,0,국내증권사,B,SF205,각주항목(09.06월 이후)
37078,202412,0017713,토스증권 주식회사,C22,파생상품계약_장외파생상품_통화관련거래,0,국내증권사,B,SF205,각주항목(09.06월 이후)
37079,202412,0017713,토스증권 주식회사,C23,파생상품계약_장외파생상품_주식관련거래,0,국내증권사,B,SF205,각주항목(09.06월 이후)
37080,202412,0017713,토스증권 주식회사,C24,파생상품계약_장외파생상품_신용관련거래,0,국내증권사,B,SF205,각주항목(09.06월 이후)
37081,202412,0017713,토스증권 주식회사,C25,파생상품계약_장외파생상품_기타,0,국내증권사,B,SF205,각주항목(09.06월 이후)
37082,202412,0017713,토스증권 주식회사,D,대차 및 대주거래,0,국내증권사,B,SF205,각주항목(09.06월 이후)
37083,202412,0017713,토스증권 주식회사,D1,대차 및 대주거래_대여증권,0,국내증권사,B,SF205,각주항목(09.06월 이후)
37084,202412,0017713,토스증권 주식회사,D2,대차 및 대주거래_차입증권,0,국내증권사,B,SF205,각주항목(09.06월 이후)
37085,202412,0017713,토스증권 주식회사,D3,대차 및 대주거래_신용거래대주, ,국내증권사,B,SF205,각주항목(09.06월 이후)
37086,202412,0017713,토스증권 주식회사,E,대손상각채권, ,국내증권사,B,SF205,각주항목(09.06월 이후)
37087,202412,0017713,토스증권 주식회사,F,환전업무 예치금,0,국내증권사,B,SF205,각주항목(09.06월 이후)
37088,202412,0017713,토스증권 주식회사,G,미배당별도예치금, ,국내증권사,B,SF205,각주항목(09.06월 이후)
37089,202412,0017713,토스증권 주식회사,H,배서어음매출(종금계정),0,국내증권사,B,SF205,각주항목(09.06월 이후)
37090,202412,0017713,토스증권 주식회사,H1,대출채권매매이익_담보부, ,국내증권사,B,SF205,각주항목(09.06월 이후)
37091,202412,0017713,토스증권 주식회사,H2,대출채권매매이익_무담보부, ,국내증권사,B,SF205,각주항목(09.06월 이후)
37092,201703,0010130,하나증권주식회사,A,채무보증,977860000000,국내증권사,B,SF205,각주항목(09.06월 이후)
37093,201703,0010130,하나증권주식회사,A1,채무보증_지급보증,0,국내증권사,B,SF205,각주항목(09.06월 이후)
37094,201703,0010130,하나증권주식회사,A2,채무보증_매입보장약정,0,국내증권사,B,SF205,각주항목(09.06월 이후)
37095,201703,0010130,하나증권주식회사,A3,채무보증_채무인수약정,0,국내증권사,B,SF205,각주항목(09.06월 이후)
37096,201703,0010130,하나증권주식회사,A5,채무보증_매입확약,977860000000,국내증권사,B,SF205,각주항목(09.06월 이후)
37097,201703,0010130,하나증권주식회사,A6,채무보증_기타,0,국내증권사,B,SF205,각주항목(09.06월 이후)
37098,201703,0010130,하나증권주식회사,B,투자자의 예수증권 등,53898517091656,국내증권사,B,SF205,각주항목(09.06월 이후)
37099,201703,0010130,하나증권주식회사,B1,투자자의 예수증권 등_예수 증권,53898517091656,국내증권사,B,SF205,각주항목(09.06월 이후)
37100,201703,0010130,하나증권주식회사,B2,투자자의 예수증권 등_예수양도성예금증서, ,국내증권사,B,SF205,각주항목(09.06월 이후)
37101,201703,0010130,하나증권주식회사,B3,투자자의 예수증권 등_기타, ,국내증권사,B,SF205,각주항목(09.06월 이후)
37102,201703,0010130,하나증권주식회사,C,파생상품계약,54920631953739,국내증권사,B,SF205,각주항목(09.06월 이후)
37103,201703,0010130,하나증권주식회사,C1,파생상품계약_장내파생상품,7026873637444,국내증권사,B,SF205,각주항목(09.06월 이후)
37104,201703,0010130,하나증권주식회사,C11,파생상품계약_장내파생상품_이자율관련거래,2798377930225,국내증권사,B,SF205,각주항목(09.06월 이후)
37105,201703,0010130,하나증권주식회사,C12,파생상품계약_장내파생상품_통화관련거래,40451156956,국내증권사,B,SF205,각주항목(09.06월 이후)
37106,201703,0010130,하나증권주식회사,C13,파생상품계약_장내파생상품_주식관련거래,2957803009453,국내증권사,B,SF205,각주항목(09.06월 이후)
37107,201703,0010130,하나증권주식회사,C14,파생상품계약_장내파생상품_일반상품관련거래,1230241540810,국내증권사,B,SF205,각주항목(09.06월 이후)
37108,201703,0010130,하나증권주식회사,C15,파생상품계약_장내파생상품_기타,0,국내증권사,B,SF205,각주항목(09.06월 이후)
37109,201703,0010130,하나증권주식회사,C2,파생상품계약_장외파생상품,47893758316295,국내증권사,B,SF205,각주항목(09.06월 이후)
37110,201703,0010130,하나증권주식회사,C21,파생상품계약_장외파생상품_이자율관련거래,21014396237112,국내증권사,B,SF205,각주항목(09.06월 이후)
37111,201703,0010130,하나증권주식회사,C22,파생상품계약_장외파생상품_통화관련거래,10317690663465,국내증권사,B,SF205,각주항목(09.06월 이후)
37112,201703,0010130,하나증권주식회사,C23,파생상품계약_장외파생상품_주식관련거래,6249959349697,국내증권사,B,SF205,각주항목(09.06월 이후)
37113,201703,0010130,하나증권주식회사,C24,파생상품계약_장외파생상품_신용관련거래,9106011176021,국내증권사,B,SF205,각주항목(09.06월 이후)
37114,201703,0010130,하나증권주식회사,C25,파생상품계약_장외파생상품_기타,1205700890000,국내증권사,B,SF205,각주항목(09.06월 이후)
37115,201703,0010130,하나증권주식회사,D,대차 및 대주거래,2475270716788,국내증권사,B,SF205,각주항목(09.06월 이후)
37116,201703,0010130,하나증권주식회사,D1,대차 및 대주거래_대여증권,126858046194,국내증권사,B,SF205,각주항목(09.06월 이후)
37117,201703,0010130,하나증권주식회사,D2,대차 및 대주거래_차입증권,2348412670594,국내증권사,B,SF205,각주항목(09.06월 이후)
37118,201703,0010130,하나증권주식회사,D3,대차 및 대주거래_신용거래대주,0,국내증권사,B,SF205,각주항목(09.06월 이후)
37119,201703,0010130,하나증권주식회사,E,대손상각채권,38323245766,국내증권사,B,SF205,각주항목(09.06월 이후)
37120,201703,0010130,하나증권주식회사,F,환전업무 예치금,0,국내증권사,B,SF205,각주항목(09.06월 이후)
37121,201703,0010130,하나증권주식회사,G,미배당별도예치금, ,국내증권사,B,SF205,각주항목(09.06월 이후)
37122,201703,0010130,하나증권주식회사,H,배서어음매출(종금계정),0,국내증권사,B,SF205,각주항목(09.06월 이후)
37123,201703,0010130,하나증권주식회사,H1,대출채권매매이익_담보부, ,국내증권사,B,SF205,각주항목(09.06월 이후)
37124,201703,0010130,하나증권주식회사,H2,대출채권매매이익_무담보부, ,국내증권사,B,SF205,각주항목(09.06월 이후)
37125,201706,0010130,하나증권주식회사,A,채무보증,432162800000,국내증권사,B,SF205,각주항목(09.06월 이후)
37126,201706,0010130,하나증권주식회사,A1,채무보증_지급보증,0,국내증권사,B,SF205,각주항목(09.06월 이후)
37127,201706,0010130,하나증권주식회사,A2,채무보증_매입보장약정,0,국내증권사,B,SF205,각주항목(09.06월 이후)
37128,201706,0010130,하나증권주식회사,A3,채무보증_채무인수약정,0,국내증권사,B,SF205,각주항목(09.06월 이후)
37129,201706,0010130,하나증권주식회사,A5,채무보증_매입확약,432162800000,국내증권사,B,SF205,각주항목(09.06월 이후)
37130,201706,0010130,하나증권주식회사,A6,채무보증_기타,0,국내증권사,B,SF205,각주항목(09.06월 이후)
37131,201706,0010130,하나증권주식회사,B,투자자의 예수증권 등,56265285930969,국내증권사,B,SF205,각주항목(09.06월 이후)
37132,201706,0010130,하나증권주식회사,B1,투자자의 예수증권 등_예수 증권,56265285930969,국내증권사,B,SF205,각주항목(09.06월 이후)
37133,201706,0010130,하나증권주식회사,B2,투자자의 예수증권 등_예수양도성예금증서, ,국내증권사,B,SF205,각주항목(09.06월 이후)
37134,201706,0010130,하나증권주식회사,B3,투자자의 예수증권 등_기타, ,국내증권사,B,SF205,각주항목(09.06월 이후)
37135,201706,0010130,하나증권주식회사,C,파생상품계약,57986907211548,국내증권사,B,SF205,각주항목(09.06월 이후)
37136,201706,0010130,하나증권주식회사,C1,파생상품계약_장내파생상품,7628399528635,국내증권사,B,SF205,각주항목(09.06월 이후)
37137,201706,0010130,하나증권주식회사,C11,파생상품계약_장내파생상품_이자율관련거래,3219041258420,국내증권사,B,SF205,각주항목(09.06월 이후)
37138,201706,0010130,하나증권주식회사,C12,파생상품계약_장내파생상품_통화관련거래,76890485000,국내증권사,B,SF205,각주항목(09.06월 이후)
37139,201706,0010130,하나증권주식회사,C13,파생상품계약_장내파생상품_주식관련거래,3826991342285,국내증권사,B,SF205,각주항목(09.06월 이후)
37140,201706,0010130,하나증권주식회사,C14,파생상품계약_장내파생상품_일반상품관련거래,505476442930,국내증권사,B,SF205,각주항목(09.06월 이후)
37141,201706,0010130,하나증권주식회사,C15,파생상품계약_장내파생상품_기타,0,국내증권사,B,SF205,각주항목(09.06월 이후)
37142,201706,0010130,하나증권주식회사,C2,파생상품계약_장외파생상품,50358507682913,국내증권사,B,SF205,각주항목(09.06월 이후)
37143,201706,0010130,하나증권주식회사,C21,파생상품계약_장외파생상품_이자율관련거래,24802012255310,국내증권사,B,SF205,각주항목(09.06월 이후)
37144,201706,0010130,하나증권주식회사,C22,파생상품계약_장외파생상품_통화관련거래,10005197745573,국내증권사,B,SF205,각주항목(09.06월 이후)
37145,201706,0010130,하나증권주식회사,C23,파생상품계약_장외파생상품_주식관련거래,4361436915682,국내증권사,B,SF205,각주항목(09.06월 이후)
37146,201706,0010130,하나증권주식회사,C24,파생상품계약_장외파생상품_신용관련거래,9968070774543,국내증권사,B,SF205,각주항목(09.06월 이후)
37147,201706,0010130,하나증권주식회사,C25,파생상품계약_장외파생상품_기타,1221789991805,국내증권사,B,SF205,각주항목(09.06월 이후)
37148,201706,0010130,하나증권주식회사,D,대차 및 대주거래,2441582315512,국내증권사,B,SF205,각주항목(09.06월 이후)
37149,201706,0010130,하나증권주식회사,D1,대차 및 대주거래_대여증권,176475451611,국내증권사,B,SF205,각주항목(09.06월 이후)
37150,201706,0010130,하나증권주식회사,D2,대차 및 대주거래_차입증권,2265106863901,국내증권사,B,SF205,각주항목(09.06월 이후)
37151,201706,0010130,하나증권주식회사,D3,대차 및 대주거래_신용거래대주,0,국내증권사,B,SF205,각주항목(09.06월 이후)
37152,201706,0010130,하나증권주식회사,E,대손상각채권,38323245766,국내증권사,B,SF205,각주항목(09.06월 이후)
37153,201706,0010130,하나증권주식회사,F,환전업무 예치금,0,국내증권사,B,SF205,각주항목(09.06월 이후)
37154,201706,0010130,하나증권주식회사,G,미배당별도예치금, ,국내증권사,B,SF205,각주항목(09.06월 이후)
37155,201706,0010130,하나증권주식회사,H,배서어음매출(종금계정),0,국내증권사,B,SF205,각주항목(09.06월 이후)
37156,201706,0010130,하나증권주식회사,H1,대출채권매매이익_담보부, ,국내증권사,B,SF205,각주항목(09.06월 이후)
37157,201706,0010130,하나증권주식회사,H2,대출채권매매이익_무담보부, ,국내증권사,B,SF205,각주항목(09.06월 이후)
37158,201709,0010130,하나증권주식회사,A,채무보증,577327800000,국내증권사,B,SF205,각주항목(09.06월 이후)
37159,201709,0010130,하나증권주식회사,A1,채무보증_지급보증,0,국내증권사,B,SF205,각주항목(09.06월 이후)
37160,201709,0010130,하나증권주식회사,A2,채무보증_매입보장약정,0,국내증권사,B,SF205,각주항목(09.06월 이후)
37161,201709,0010130,하나증권주식회사,A3,채무보증_채무인수약정,0,국내증권사,B,SF205,각주항목(09.06월 이후)
37162,201709,0010130,하나증권주식회사,A5,채무보증_매입확약,577327800000,국내증권사,B,SF205,각주항목(09.06월 이후)
37163,201709,0010130,하나증권주식회사,A6,채무보증_기타,0,국내증권사,B,SF205,각주항목(09.06월 이후)
37164,201709,0010130,하나증권주식회사,B,투자자의 예수증권 등,57255811236374,국내증권사,B,SF205,각주항목(09.06월 이후)
37165,201709,0010130,하나증권주식회사,B1,투자자의 예수증권 등_예수 증권,57255811236374,국내증권사,B,SF205,각주항목(09.06월 이후)
37166,201709,0010130,하나증권주식회사,B2,투자자의 예수증권 등_예수양도성예금증서, ,국내증권사,B,SF205,각주항목(09.06월 이후)
37167,201709,0010130,하나증권주식회사,B3,투자자의 예수증권 등_기타, ,국내증권사,B,SF205,각주항목(09.06월 이후)
37168,201709,0010130,하나증권주식회사,C,파생상품계약,62464444204385,국내증권사,B,SF205,각주항목(09.06월 이후)
37169,201709,0010130,하나증권주식회사,C1,파생상품계약_장내파생상품,8055430924527,국내증권사,B,SF205,각주항목(09.06월 이후)
37170,201709,0010130,하나증권주식회사,C11,파생상품계약_장내파생상품_이자율관련거래,2669314088989,국내증권사,B,SF205,각주항목(09.06월 이후)
37171,201709,0010130,하나증권주식회사,C12,파생상품계약_장내파생상품_통화관련거래,52053994125,국내증권사,B,SF205,각주항목(09.06월 이후)
37172,201709,0010130,하나증권주식회사,C13,파생상품계약_장내파생상품_주식관련거래,4735496133705,국내증권사,B,SF205,각주항목(09.06월 이후)
37173,201709,0010130,하나증권주식회사,C14,파생상품계약_장내파생상품_일반상품관련거래,598566707708,국내증권사,B,SF205,각주항목(09.06월 이후)
37174,201709,0010130,하나증권주식회사,C15,파생상품계약_장내파생상품_기타,0,국내증권사,B,SF205,각주항목(09.06월 이후)
37175,201709,0010130,하나증권주식회사,C2,파생상품계약_장외파생상품,54409013279858,국내증권사,B,SF205,각주항목(09.06월 이후)
37176,201709,0010130,하나증권주식회사,C21,파생상품계약_장외파생상품_이자율관련거래,26344767865584,국내증권사,B,SF205,각주항목(09.06월 이후)
37177,201709,0010130,하나증권주식회사,C22,파생상품계약_장외파생상품_통화관련거래,11858793715661,국내증권사,B,SF205,각주항목(09.06월 이후)
37178,201709,0010130,하나증권주식회사,C23,파생상품계약_장외파생상품_주식관련거래,3611527707411,국내증권사,B,SF205,각주항목(09.06월 이후)
37179,201709,0010130,하나증권주식회사,C24,파생상품계약_장외파생상품_신용관련거래,11211645362790,국내증권사,B,SF205,각주항목(09.06월 이후)
37180,201709,0010130,하나증권주식회사,C25,파생상품계약_장외파생상품_기타,1382278628412,국내증권사,B,SF205,각주항목(09.06월 이후)
37181,201709,0010130,하나증권주식회사,D,대차 및 대주거래,2510552874702,국내증권사,B,SF205,각주항목(09.06월 이후)
37182,201709,0010130,하나증권주식회사,D1,대차 및 대주거래_대여증권,184368160686,국내증권사,B,SF205,각주항목(09.06월 이후)
37183,201709,0010130,하나증권주식회사,D2,대차 및 대주거래_차입증권,2326184714016,국내증권사,B,SF205,각주항목(09.06월 이후)
37184,201709,0010130,하나증권주식회사,D3,대차 및 대주거래_신용거래대주,0,국내증권사,B,SF205,각주항목(09.06월 이후)
37185,201709,0010130,하나증권주식회사,E,대손상각채권,38323245766,국내증권사,B,SF205,각주항목(09.06월 이후)
37186,201709,0010130,하나증권주식회사,F,환전업무 예치금,0,국내증권사,B,SF205,각주항목(09.06월 이후)
37187,201709,0010130,하나증권주식회사,G,미배당별도예치금, ,국내증권사,B,SF205,각주항목(09.06월 이후)
37188,201709,0010130,하나증권주식회사,H,배서어음매출(종금계정),0,국내증권사,B,SF205,각주항목(09.06월 이후)
37189,201709,0010130,하나증권주식회사,H1,대출채권매매이익_담보부, ,국내증권사,B,SF205,각주항목(09.06월 이후)
37190,201709,0010130,하나증권주식회사,H2,대출채권매매이익_무담보부, ,국내증권사,B,SF205,각주항목(09.06월 이후)
37191,201712,0010130,하나증권주식회사,A,채무보증,911969893373,국내증권사,B,SF205,각주항목(09.06월 이후)
37192,201712,0010130,하나증권주식회사,A1,채무보증_지급보증,0,국내증권사,B,SF205,각주항목(09.06월 이후)
37193,201712,0010130,하나증권주식회사,A2,채무보증_매입보장약정, ,국내증권사,B,SF205,각주항목(09.06월 이후)
37194,201712,0010130,하나증권주식회사,A3,채무보증_채무인수약정, ,국내증권사,B,SF205,각주항목(09.06월 이후)
37195,201712,0010130,하나증권주식회사,A5,채무보증_매입확약,911969893373,국내증권사,B,SF205,각주항목(09.06월 이후)
37196,201712,0010130,하나증권주식회사,A6,채무보증_기타, ,국내증권사,B,SF205,각주항목(09.06월 이후)
37197,201712,0010130,하나증권주식회사,B,투자자의 예수증권 등,64591385948806,국내증권사,B,SF205,각주항목(09.06월 이후)
37198,201712,0010130,하나증권주식회사,B1,투자자의 예수증권 등_예수 증권,64591385948806,국내증권사,B,SF205,각주항목(09.06월 이후)
37199,201712,0010130,하나증권주식회사,B2,투자자의 예수증권 등_예수양도성예금증서, ,국내증권사,B,SF205,각주항목(09.06월 이후)
37200,201712,0010130,하나증권주식회사,B3,투자자의 예수증권 등_기타, ,국내증권사,B,SF205,각주항목(09.06월 이후)
37201,201712,0010130,하나증권주식회사,C,파생상품계약,62927972089437,국내증권사,B,SF205,각주항목(09.06월 이후)
37202,201712,0010130,하나증권주식회사,C1,파생상품계약_장내파생상품,7341989369727,국내증권사,B,SF205,각주항목(09.06월 이후)
37203,201712,0010130,하나증권주식회사,C11,파생상품계약_장내파생상품_이자율관련거래,3533263388132,국내증권사,B,SF205,각주항목(09.06월 이후)
37204,201712,0010130,하나증권주식회사,C12,파생상품계약_장내파생상품_통화관련거래,204177249500,국내증권사,B,SF205,각주항목(09.06월 이후)
37205,201712,0010130,하나증권주식회사,C13,파생상품계약_장내파생상품_주식관련거래,3015185765299,국내증권사,B,SF205,각주항목(09.06월 이후)
37206,201712,0010130,하나증권주식회사,C14,파생상품계약_장내파생상품_일반상품관련거래,589362966796,국내증권사,B,SF205,각주항목(09.06월 이후)
37207,201712,0010130,하나증권주식회사,C15,파생상품계약_장내파생상품_기타,0,국내증권사,B,SF205,각주항목(09.06월 이후)
37208,201712,0010130,하나증권주식회사,C2,파생상품계약_장외파생상품,55585982719710,국내증권사,B,SF205,각주항목(09.06월 이후)
37209,201712,0010130,하나증권주식회사,C21,파생상품계약_장외파생상품_이자율관련거래,28186089078524,국내증권사,B,SF205,각주항목(09.06월 이후)
37210,201712,0010130,하나증권주식회사,C22,파생상품계약_장외파생상품_통화관련거래,11288547022136,국내증권사,B,SF205,각주항목(09.06월 이후)
37211,201712,0010130,하나증권주식회사,C23,파생상품계약_장외파생상품_주식관련거래,3410791466234,국내증권사,B,SF205,각주항목(09.06월 이후)
37212,201712,0010130,하나증권주식회사,C24,파생상품계약_장외파생상품_신용관련거래,11354939547937,국내증권사,B,SF205,각주항목(09.06월 이후)
37213,201712,0010130,하나증권주식회사,C25,파생상품계약_장외파생상품_기타,1345615604879,국내증권사,B,SF205,각주항목(09.06월 이후)
37214,201712,0010130,하나증권주식회사,D,대차 및 대주거래,2222167865145,국내증권사,B,SF205,각주항목(09.06월 이후)
37215,201712,0010130,하나증권주식회사,D1,대차 및 대주거래_대여증권,100340655610,국내증권사,B,SF205,각주항목(09.06월 이후)
37216,201712,0010130,하나증권주식회사,D2,대차 및 대주거래_차입증권,2121827209535,국내증권사,B,SF205,각주항목(09.06월 이후)
37217,201712,0010130,하나증권주식회사,D3,대차 및 대주거래_신용거래대주, ,국내증권사,B,SF205,각주항목(09.06월 이후)
37218,201712,0010130,하나증권주식회사,E,대손상각채권,39044551163,국내증권사,B,SF205,각주항목(09.06월 이후)
37219,201712,0010130,하나증권주식회사,F,환전업무 예치금,0,국내증권사,B,SF205,각주항목(09.06월 이후)
37220,201712,0010130,하나증권주식회사,G,미배당별도예치금, ,국내증권사,B,SF205,각주항목(09.06월 이후)
37221,201712,0010130,하나증권주식회사,H,배서어음매출(종금계정),0,국내증권사,B,SF205,각주항목(09.06월 이후)
37222,201712,0010130,하나증권주식회사,H1,대출채권매매이익_담보부, ,국내증권사,B,SF205,각주항목(09.06월 이후)
37223,201712,0010130,하나증권주식회사,H2,대출채권매매이익_무담보부, ,국내증권사,B,SF205,각주항목(09.06월 이후)
37224,201803,0010130,하나증권주식회사,A,채무보증,1775905816000,국내증권사,B,SF205,각주항목(09.06월 이후)
37225,201803,0010130,하나증권주식회사,A1,채무보증_지급보증,0,국내증권사,B,SF205,각주항목(09.06월 이후)
37226,201803,0010130,하나증권주식회사,A2,채무보증_매입보장약정,0,국내증권사,B,SF205,각주항목(09.06월 이후)
37227,201803,0010130,하나증권주식회사,A3,채무보증_채무인수약정,0,국내증권사,B,SF205,각주항목(09.06월 이후)
37228,201803,0010130,하나증권주식회사,A5,채무보증_매입확약,1775905816000,국내증권사,B,SF205,각주항목(09.06월 이후)
37229,201803,0010130,하나증권주식회사,A6,채무보증_기타,0,국내증권사,B,SF205,각주항목(09.06월 이후)
37230,201803,0010130,하나증권주식회사,B,투자자의 예수증권 등,68244363851010,국내증권사,B,SF205,각주항목(09.06월 이후)
37231,201803,0010130,하나증권주식회사,B1,투자자의 예수증권 등_예수 증권,68244363851010,국내증권사,B,SF205,각주항목(09.06월 이후)
37232,201803,0010130,하나증권주식회사,B2,투자자의 예수증권 등_예수양도성예금증서, ,국내증권사,B,SF205,각주항목(09.06월 이후)
37233,201803,0010130,하나증권주식회사,B3,투자자의 예수증권 등_기타, ,국내증권사,B,SF205,각주항목(09.06월 이후)
37234,201803,0010130,하나증권주식회사,C,파생상품계약,72039251285650,국내증권사,B,SF205,각주항목(09.06월 이후)
37235,201803,0010130,하나증권주식회사,C1,파생상품계약_장내파생상품,10621151064180,국내증권사,B,SF205,각주항목(09.06월 이후)
37236,201803,0010130,하나증권주식회사,C11,파생상품계약_장내파생상품_이자율관련거래,4061498074852,국내증권사,B,SF205,각주항목(09.06월 이후)
37237,201803,0010130,하나증권주식회사,C12,파생상품계약_장내파생상품_통화관련거래,34034145493,국내증권사,B,SF205,각주항목(09.06월 이후)
37238,201803,0010130,하나증권주식회사,C13,파생상품계약_장내파생상품_주식관련거래,6034904253208,국내증권사,B,SF205,각주항목(09.06월 이후)
37239,201803,0010130,하나증권주식회사,C14,파생상품계약_장내파생상품_일반상품관련거래,490714590627,국내증권사,B,SF205,각주항목(09.06월 이후)
37240,201803,0010130,하나증권주식회사,C15,파생상품계약_장내파생상품_기타,0,국내증권사,B,SF205,각주항목(09.06월 이후)
37241,201803,0010130,하나증권주식회사,C2,파생상품계약_장외파생상품,61418100221470,국내증권사,B,SF205,각주항목(09.06월 이후)
37242,201803,0010130,하나증권주식회사,C21,파생상품계약_장외파생상품_이자율관련거래,31908876512233,국내증권사,B,SF205,각주항목(09.06월 이후)
37243,201803,0010130,하나증권주식회사,C22,파생상품계약_장외파생상품_통화관련거래,11515104765180,국내증권사,B,SF205,각주항목(09.06월 이후)
37244,201803,0010130,하나증권주식회사,C23,파생상품계약_장외파생상품_주식관련거래,4491383348496,국내증권사,B,SF205,각주항목(09.06월 이후)
37245,201803,0010130,하나증권주식회사,C24,파생상품계약_장외파생상품_신용관련거래,11861166436111,국내증권사,B,SF205,각주항목(09.06월 이후)
37246,201803,0010130,하나증권주식회사,C25,파생상품계약_장외파생상품_기타,1641569159450,국내증권사,B,SF205,각주항목(09.06월 이후)
37247,201803,0010130,하나증권주식회사,D,대차 및 대주거래,3072817262123,국내증권사,B,SF205,각주항목(09.06월 이후)
37248,201803,0010130,하나증권주식회사,D1,대차 및 대주거래_대여증권,189857761559,국내증권사,B,SF205,각주항목(09.06월 이후)
37249,201803,0010130,하나증권주식회사,D2,대차 및 대주거래_차입증권,2882959500564,국내증권사,B,SF205,각주항목(09.06월 이후)
37250,201803,0010130,하나증권주식회사,D3,대차 및 대주거래_신용거래대주,0,국내증권사,B,SF205,각주항목(09.06월 이후)
37251,201803,0010130,하나증권주식회사,E,대손상각채권,39044551163,국내증권사,B,SF205,각주항목(09.06월 이후)
37252,201803,0010130,하나증권주식회사,F,환전업무 예치금,0,국내증권사,B,SF205,각주항목(09.06월 이후)
37253,201803,0010130,하나증권주식회사,G,미배당별도예치금, ,국내증권사,B,SF205,각주항목(09.06월 이후)
37254,201803,0010130,하나증권주식회사,H,배서어음매출(종금계정),0,국내증권사,B,SF205,각주항목(09.06월 이후)
37255,201803,0010130,하나증권주식회사,H1,대출채권매매이익_담보부, ,국내증권사,B,SF205,각주항목(09.06월 이후)
37256,201803,0010130,하나증권주식회사,H2,대출채권매매이익_무담보부, ,국내증권사,B,SF205,각주항목(09.06월 이후)
37257,201806,0010130,하나증권주식회사,A,채무보증,2258810057933,국내증권사,B,SF205,각주항목(09.06월 이후)
37258,201806,0010130,하나증권주식회사,A1,채무보증_지급보증,0,국내증권사,B,SF205,각주항목(09.06월 이후)
37259,201806,0010130,하나증권주식회사,A2,채무보증_매입보장약정,0,국내증권사,B,SF205,각주항목(09.06월 이후)
37260,201806,0010130,하나증권주식회사,A3,채무보증_채무인수약정,0,국내증권사,B,SF205,각주항목(09.06월 이후)
37261,201806,0010130,하나증권주식회사,A5,채무보증_매입확약,2258810057933,국내증권사,B,SF205,각주항목(09.06월 이후)
37262,201806,0010130,하나증권주식회사,A6,채무보증_기타,0,국내증권사,B,SF205,각주항목(09.06월 이후)
37263,201806,0010130,하나증권주식회사,B,투자자의 예수증권 등,71608560157994,국내증권사,B,SF205,각주항목(09.06월 이후)
37264,201806,0010130,하나증권주식회사,B1,투자자의 예수증권 등_예수 증권,71608560157994,국내증권사,B,SF205,각주항목(09.06월 이후)
37265,201806,0010130,하나증권주식회사,B2,투자자의 예수증권 등_예수양도성예금증서, ,국내증권사,B,SF205,각주항목(09.06월 이후)
37266,201806,0010130,하나증권주식회사,B3,투자자의 예수증권 등_기타, ,국내증권사,B,SF205,각주항목(09.06월 이후)
37267,201806,0010130,하나증권주식회사,C,파생상품계약,78855414614212,국내증권사,B,SF205,각주항목(09.06월 이후)
37268,201806,0010130,하나증권주식회사,C1,파생상품계약_장내파생상품,12567741770646,국내증권사,B,SF205,각주항목(09.06월 이후)
37269,201806,0010130,하나증권주식회사,C11,파생상품계약_장내파생상품_이자율관련거래,5131218595794,국내증권사,B,SF205,각주항목(09.06월 이후)
37270,201806,0010130,하나증권주식회사,C12,파생상품계약_장내파생상품_통화관련거래,50009521848,국내증권사,B,SF205,각주항목(09.06월 이후)
37271,201806,0010130,하나증권주식회사,C13,파생상품계약_장내파생상품_주식관련거래,6753748248557,국내증권사,B,SF205,각주항목(09.06월 이후)
37272,201806,0010130,하나증권주식회사,C14,파생상품계약_장내파생상품_일반상품관련거래,632765404447,국내증권사,B,SF205,각주항목(09.06월 이후)
37273,201806,0010130,하나증권주식회사,C15,파생상품계약_장내파생상품_기타,0,국내증권사,B,SF205,각주항목(09.06월 이후)
37274,201806,0010130,하나증권주식회사,C2,파생상품계약_장외파생상품,66287672843566,국내증권사,B,SF205,각주항목(09.06월 이후)
37275,201806,0010130,하나증권주식회사,C21,파생상품계약_장외파생상품_이자율관련거래,33204453060690,국내증권사,B,SF205,각주항목(09.06월 이후)
37276,201806,0010130,하나증권주식회사,C22,파생상품계약_장외파생상품_통화관련거래,13130836883546,국내증권사,B,SF205,각주항목(09.06월 이후)
37277,201806,0010130,하나증권주식회사,C23,파생상품계약_장외파생상품_주식관련거래,5357973380334,국내증권사,B,SF205,각주항목(09.06월 이후)
37278,201806,0010130,하나증권주식회사,C24,파생상품계약_장외파생상품_신용관련거래,12826854877139,국내증권사,B,SF205,각주항목(09.06월 이후)
37279,201806,0010130,하나증권주식회사,C25,파생상품계약_장외파생상품_기타,1767554641857,국내증권사,B,SF205,각주항목(09.06월 이후)
37280,201806,0010130,하나증권주식회사,D,대차 및 대주거래,3294485230823,국내증권사,B,SF205,각주항목(09.06월 이후)
37281,201806,0010130,하나증권주식회사,D1,대차 및 대주거래_대여증권,256046852594,국내증권사,B,SF205,각주항목(09.06월 이후)
37282,201806,0010130,하나증권주식회사,D2,대차 및 대주거래_차입증권,3038438378229,국내증권사,B,SF205,각주항목(09.06월 이후)
37283,201806,0010130,하나증권주식회사,D3,대차 및 대주거래_신용거래대주,0,국내증권사,B,SF205,각주항목(09.06월 이후)
37284,201806,0010130,하나증권주식회사,E,대손상각채권,39044551163,국내증권사,B,SF205,각주항목(09.06월 이후)
37285,201806,0010130,하나증권주식회사,F,환전업무 예치금,0,국내증권사,B,SF205,각주항목(09.06월 이후)
37286,201806,0010130,하나증권주식회사,G,미배당별도예치금, ,국내증권사,B,SF205,각주항목(09.06월 이후)
37287,201806,0010130,하나증권주식회사,H,배서어음매출(종금계정),0,국내증권사,B,SF205,각주항목(09.06월 이후)
37288,201806,0010130,하나증권주식회사,H1,대출채권매매이익_담보부, ,국내증권사,B,SF205,각주항목(09.06월 이후)
37289,201806,0010130,하나증권주식회사,H2,대출채권매매이익_무담보부, ,국내증권사,B,SF205,각주항목(09.06월 이후)
37290,201809,0010130,하나증권주식회사,A,채무보증,2112983616761,국내증권사,B,SF205,각주항목(09.06월 이후)
37291,201809,0010130,하나증권주식회사,A1,채무보증_지급보증,0,국내증권사,B,SF205,각주항목(09.06월 이후)
37292,201809,0010130,하나증권주식회사,A2,채무보증_매입보장약정,0,국내증권사,B,SF205,각주항목(09.06월 이후)
37293,201809,0010130,하나증권주식회사,A3,채무보증_채무인수약정,0,국내증권사,B,SF205,각주항목(09.06월 이후)
37294,201809,0010130,하나증권주식회사,A5,채무보증_매입확약,2112983616761,국내증권사,B,SF205,각주항목(09.06월 이후)
37295,201809,0010130,하나증권주식회사,A6,채무보증_기타,0,국내증권사,B,SF205,각주항목(09.06월 이후)
37296,201809,0010130,하나증권주식회사,B,투자자의 예수증권 등,72446047464616,국내증권사,B,SF205,각주항목(09.06월 이후)
37297,201809,0010130,하나증권주식회사,B1,투자자의 예수증권 등_예수 증권,72446047464616,국내증권사,B,SF205,각주항목(09.06월 이후)
37298,201809,0010130,하나증권주식회사,B2,투자자의 예수증권 등_예수양도성예금증서, ,국내증권사,B,SF205,각주항목(09.06월 이후)
37299,201809,0010130,하나증권주식회사,B3,투자자의 예수증권 등_기타, ,국내증권사,B,SF205,각주항목(09.06월 이후)
37300,201809,0010130,하나증권주식회사,C,파생상품계약,87066339462573,국내증권사,B,SF205,각주항목(09.06월 이후)
37301,201809,0010130,하나증권주식회사,C1,파생상품계약_장내파생상품,11486327216471,국내증권사,B,SF205,각주항목(09.06월 이후)
37302,201809,0010130,하나증권주식회사,C11,파생상품계약_장내파생상품_이자율관련거래,3946683289102,국내증권사,B,SF205,각주항목(09.06월 이후)
37303,201809,0010130,하나증권주식회사,C12,파생상품계약_장내파생상품_통화관련거래,29446720420,국내증권사,B,SF205,각주항목(09.06월 이후)
37304,201809,0010130,하나증권주식회사,C13,파생상품계약_장내파생상품_주식관련거래,6700382847122,국내증권사,B,SF205,각주항목(09.06월 이후)
37305,201809,0010130,하나증권주식회사,C14,파생상품계약_장내파생상품_일반상품관련거래,809814359827,국내증권사,B,SF205,각주항목(09.06월 이후)
37306,201809,0010130,하나증권주식회사,C15,파생상품계약_장내파생상품_기타,0,국내증권사,B,SF205,각주항목(09.06월 이후)
37307,201809,0010130,하나증권주식회사,C2,파생상품계약_장외파생상품,75580012246102,국내증권사,B,SF205,각주항목(09.06월 이후)
37308,201809,0010130,하나증권주식회사,C21,파생상품계약_장외파생상품_이자율관련거래,35405094585392,국내증권사,B,SF205,각주항목(09.06월 이후)
37309,201809,0010130,하나증권주식회사,C22,파생상품계약_장외파생상품_통화관련거래,15386896204476,국내증권사,B,SF205,각주항목(09.06월 이후)
37310,201809,0010130,하나증권주식회사,C23,파생상품계약_장외파생상품_주식관련거래,9941607541449,국내증권사,B,SF205,각주항목(09.06월 이후)
37311,201809,0010130,하나증권주식회사,C24,파생상품계약_장외파생상품_신용관련거래,13060686253629,국내증권사,B,SF205,각주항목(09.06월 이후)
37312,201809,0010130,하나증권주식회사,C25,파생상품계약_장외파생상품_기타,1785727661156,국내증권사,B,SF205,각주항목(09.06월 이후)
37313,201809,0010130,하나증권주식회사,D,대차 및 대주거래,3740403460525,국내증권사,B,SF205,각주항목(09.06월 이후)
37314,201809,0010130,하나증권주식회사,D1,대차 및 대주거래_대여증권,338171905616,국내증권사,B,SF205,각주항목(09.06월 이후)
37315,201809,0010130,하나증권주식회사,D2,대차 및 대주거래_차입증권,3402231554909,국내증권사,B,SF205,각주항목(09.06월 이후)
37316,201809,0010130,하나증권주식회사,D3,대차 및 대주거래_신용거래대주,0,국내증권사,B,SF205,각주항목(09.06월 이후)
37317,201809,0010130,하나증권주식회사,E,대손상각채권,39044551163,국내증권사,B,SF205,각주항목(09.06월 이후)
37318,201809,0010130,하나증권주식회사,F,환전업무 예치금,0,국내증권사,B,SF205,각주항목(09.06월 이후)
37319,201809,0010130,하나증권주식회사,G,미배당별도예치금, ,국내증권사,B,SF205,각주항목(09.06월 이후)
37320,201809,0010130,하나증권주식회사,H,배서어음매출(종금계정),0,국내증권사,B,SF205,각주항목(09.06월 이후)
37321,201809,0010130,하나증권주식회사,H1,대출채권매매이익_담보부, ,국내증권사,B,SF205,각주항목(09.06월 이후)
37322,201809,0010130,하나증권주식회사,H2,대출채권매매이익_무담보부, ,국내증권사,B,SF205,각주항목(09.06월 이후)
37323,201812,0010130,하나증권주식회사,A,채무보증,2065704065915,국내증권사,B,SF205,각주항목(09.06월 이후)
37324,201812,0010130,하나증권주식회사,A1,채무보증_지급보증,0,국내증권사,B,SF205,각주항목(09.06월 이후)
37325,201812,0010130,하나증권주식회사,A2,채무보증_매입보장약정, ,국내증권사,B,SF205,각주항목(09.06월 이후)
37326,201812,0010130,하나증권주식회사,A3,채무보증_채무인수약정, ,국내증권사,B,SF205,각주항목(09.06월 이후)
37327,201812,0010130,하나증권주식회사,A5,채무보증_매입확약,2065704065915,국내증권사,B,SF205,각주항목(09.06월 이후)
37328,201812,0010130,하나증권주식회사,A6,채무보증_기타, ,국내증권사,B,SF205,각주항목(09.06월 이후)
37329,201812,0010130,하나증권주식회사,B,투자자의 예수증권 등,67646419439509,국내증권사,B,SF205,각주항목(09.06월 이후)
37330,201812,0010130,하나증권주식회사,B1,투자자의 예수증권 등_예수 증권,67646419439509,국내증권사,B,SF205,각주항목(09.06월 이후)
37331,201812,0010130,하나증권주식회사,B2,투자자의 예수증권 등_예수양도성예금증서, ,국내증권사,B,SF205,각주항목(09.06월 이후)
37332,201812,0010130,하나증권주식회사,B3,투자자의 예수증권 등_기타, ,국내증권사,B,SF205,각주항목(09.06월 이후)
37333,201812,0010130,하나증권주식회사,C,파생상품계약,94297110341024,국내증권사,B,SF205,각주항목(09.06월 이후)
37334,201812,0010130,하나증권주식회사,C1,파생상품계약_장내파생상품,11528016037004,국내증권사,B,SF205,각주항목(09.06월 이후)
37335,201812,0010130,하나증권주식회사,C11,파생상품계약_장내파생상품_이자율관련거래,4596011770994,국내증권사,B,SF205,각주항목(09.06월 이후)
37336,201812,0010130,하나증권주식회사,C12,파생상품계약_장내파생상품_통화관련거래,7611249384,국내증권사,B,SF205,각주항목(09.06월 이후)
37337,201812,0010130,하나증권주식회사,C13,파생상품계약_장내파생상품_주식관련거래,6065277114370,국내증권사,B,SF205,각주항목(09.06월 이후)
37338,201812,0010130,하나증권주식회사,C14,파생상품계약_장내파생상품_일반상품관련거래,859115902256,국내증권사,B,SF205,각주항목(09.06월 이후)
37339,201812,0010130,하나증권주식회사,C15,파생상품계약_장내파생상품_기타,0,국내증권사,B,SF205,각주항목(09.06월 이후)
37340,201812,0010130,하나증권주식회사,C2,파생상품계약_장외파생상품,82769094304020,국내증권사,B,SF205,각주항목(09.06월 이후)
37341,201812,0010130,하나증권주식회사,C21,파생상품계약_장외파생상품_이자율관련거래,42439479173640,국내증권사,B,SF205,각주항목(09.06월 이후)
37342,201812,0010130,하나증권주식회사,C22,파생상품계약_장외파생상품_통화관련거래,16787273488328,국내증권사,B,SF205,각주항목(09.06월 이후)
37343,201812,0010130,하나증권주식회사,C23,파생상품계약_장외파생상품_주식관련거래,7567247727896,국내증권사,B,SF205,각주항목(09.06월 이후)
37344,201812,0010130,하나증권주식회사,C24,파생상품계약_장외파생상품_신용관련거래,13853828821627,국내증권사,B,SF205,각주항목(09.06월 이후)
37345,201812,0010130,하나증권주식회사,C25,파생상품계약_장외파생상품_기타,2121265092529,국내증권사,B,SF205,각주항목(09.06월 이후)
37346,201812,0010130,하나증권주식회사,D,대차 및 대주거래,3831155791254,국내증권사,B,SF205,각주항목(09.06월 이후)
37347,201812,0010130,하나증권주식회사,D1,대차 및 대주거래_대여증권,138675372917,국내증권사,B,SF205,각주항목(09.06월 이후)
37348,201812,0010130,하나증권주식회사,D2,대차 및 대주거래_차입증권,3692480418337,국내증권사,B,SF205,각주항목(09.06월 이후)
37349,201812,0010130,하나증권주식회사,D3,대차 및 대주거래_신용거래대주, ,국내증권사,B,SF205,각주항목(09.06월 이후)
37350,201812,0010130,하나증권주식회사,E,대손상각채권,57402442937,국내증권사,B,SF205,각주항목(09.06월 이후)
37351,201812,0010130,하나증권주식회사,F,환전업무 예치금,0,국내증권사,B,SF205,각주항목(09.06월 이후)
37352,201812,0010130,하나증권주식회사,G,미배당별도예치금, ,국내증권사,B,SF205,각주항목(09.06월 이후)
37353,201812,0010130,하나증권주식회사,H,배서어음매출(종금계정),0,국내증권사,B,SF205,각주항목(09.06월 이후)
37354,201812,0010130,하나증권주식회사,H1,대출채권매매이익_담보부, ,국내증권사,B,SF205,각주항목(09.06월 이후)
37355,201812,0010130,하나증권주식회사,H2,대출채권매매이익_무담보부, ,국내증권사,B,SF205,각주항목(09.06월 이후)
37356,201903,0010130,하나증권주식회사,A,채무보증,2579959883771,국내증권사,B,SF205,각주항목(09.06월 이후)
37357,201903,0010130,하나증권주식회사,A1,채무보증_지급보증,0,국내증권사,B,SF205,각주항목(09.06월 이후)
37358,201903,0010130,하나증권주식회사,A2,채무보증_매입보장약정,0,국내증권사,B,SF205,각주항목(09.06월 이후)
37359,201903,0010130,하나증권주식회사,A3,채무보증_채무인수약정,0,국내증권사,B,SF205,각주항목(09.06월 이후)
37360,201903,0010130,하나증권주식회사,A5,채무보증_매입확약,2579959883771,국내증권사,B,SF205,각주항목(09.06월 이후)
37361,201903,0010130,하나증권주식회사,A6,채무보증_기타,0,국내증권사,B,SF205,각주항목(09.06월 이후)
37362,201903,0010130,하나증권주식회사,B,투자자의 예수증권 등,71186950527217,국내증권사,B,SF205,각주항목(09.06월 이후)
37363,201903,0010130,하나증권주식회사,B1,투자자의 예수증권 등_예수 증권,71186950527217,국내증권사,B,SF205,각주항목(09.06월 이후)
37364,201903,0010130,하나증권주식회사,B2,투자자의 예수증권 등_예수양도성예금증서, ,국내증권사,B,SF205,각주항목(09.06월 이후)
37365,201903,0010130,하나증권주식회사,B3,투자자의 예수증권 등_기타, ,국내증권사,B,SF205,각주항목(09.06월 이후)
37366,201903,0010130,하나증권주식회사,C,파생상품계약,98620157514299,국내증권사,B,SF205,각주항목(09.06월 이후)
37367,201903,0010130,하나증권주식회사,C1,파생상품계약_장내파생상품,10909435348733,국내증권사,B,SF205,각주항목(09.06월 이후)
37368,201903,0010130,하나증권주식회사,C11,파생상품계약_장내파생상품_이자율관련거래,4111372952239,국내증권사,B,SF205,각주항목(09.06월 이후)
37369,201903,0010130,하나증권주식회사,C12,파생상품계약_장내파생상품_통화관련거래,105625095384,국내증권사,B,SF205,각주항목(09.06월 이후)
37370,201903,0010130,하나증권주식회사,C13,파생상품계약_장내파생상품_주식관련거래,5474555449024,국내증권사,B,SF205,각주항목(09.06월 이후)
37371,201903,0010130,하나증권주식회사,C14,파생상품계약_장내파생상품_일반상품관련거래,1217881852086,국내증권사,B,SF205,각주항목(09.06월 이후)
37372,201903,0010130,하나증권주식회사,C15,파생상품계약_장내파생상품_기타,0,국내증권사,B,SF205,각주항목(09.06월 이후)
37373,201903,0010130,하나증권주식회사,C2,파생상품계약_장외파생상품,87710722165566,국내증권사,B,SF205,각주항목(09.06월 이후)
37374,201903,0010130,하나증권주식회사,C21,파생상품계약_장외파생상품_이자율관련거래,46492815485309,국내증권사,B,SF205,각주항목(09.06월 이후)
37375,201903,0010130,하나증권주식회사,C22,파생상품계약_장외파생상품_통화관련거래,16122719025678,국내증권사,B,SF205,각주항목(09.06월 이후)
37376,201903,0010130,하나증권주식회사,C23,파생상품계약_장외파생상품_주식관련거래,7380002307965,국내증권사,B,SF205,각주항목(09.06월 이후)
37377,201903,0010130,하나증권주식회사,C24,파생상품계약_장외파생상품_신용관련거래,15202778702287,국내증권사,B,SF205,각주항목(09.06월 이후)
37378,201903,0010130,하나증권주식회사,C25,파생상품계약_장외파생상품_기타,2512406644327,국내증권사,B,SF205,각주항목(09.06월 이후)
37379,201903,0010130,하나증권주식회사,D,대차 및 대주거래,3873621249423,국내증권사,B,SF205,각주항목(09.06월 이후)
37380,201903,0010130,하나증권주식회사,D1,대차 및 대주거래_대여증권,284021818819,국내증권사,B,SF205,각주항목(09.06월 이후)
37381,201903,0010130,하나증권주식회사,D2,대차 및 대주거래_차입증권,3589599430604,국내증권사,B,SF205,각주항목(09.06월 이후)
37382,201903,0010130,하나증권주식회사,D3,대차 및 대주거래_신용거래대주,0,국내증권사,B,SF205,각주항목(09.06월 이후)
37383,201903,0010130,하나증권주식회사,E,대손상각채권,57402442937,국내증권사,B,SF205,각주항목(09.06월 이후)
37384,201903,0010130,하나증권주식회사,F,환전업무 예치금,0,국내증권사,B,SF205,각주항목(09.06월 이후)
37385,201903,0010130,하나증권주식회사,G,미배당별도예치금, ,국내증권사,B,SF205,각주항목(09.06월 이후)
37386,201903,0010130,하나증권주식회사,H,배서어음매출(종금계정),0,국내증권사,B,SF205,각주항목(09.06월 이후)
37387,201903,0010130,하나증권주식회사,H1,대출채권매매이익_담보부, ,국내증권사,B,SF205,각주항목(09.06월 이후)
37388,201903,0010130,하나증권주식회사,H2,대출채권매매이익_무담보부, ,국내증권사,B,SF205,각주항목(09.06월 이후)
37389,201906,0010130,하나증권주식회사,A,채무보증,3741433934230,국내증권사,B,SF205,각주항목(09.06월 이후)
37390,201906,0010130,하나증권주식회사,A1,채무보증_지급보증,0,국내증권사,B,SF205,각주항목(09.06월 이후)
37391,201906,0010130,하나증권주식회사,A2,채무보증_매입보장약정, ,국내증권사,B,SF205,각주항목(09.06월 이후)
37392,201906,0010130,하나증권주식회사,A3,채무보증_채무인수약정, ,국내증권사,B,SF205,각주항목(09.06월 이후)
37393,201906,0010130,하나증권주식회사,A5,채무보증_매입확약,3741433934230,국내증권사,B,SF205,각주항목(09.06월 이후)
37394,201906,0010130,하나증권주식회사,A6,채무보증_기타, ,국내증권사,B,SF205,각주항목(09.06월 이후)
37395,201906,0010130,하나증권주식회사,B,투자자의 예수증권 등,72239303118300,국내증권사,B,SF205,각주항목(09.06월 이후)
37396,201906,0010130,하나증권주식회사,B1,투자자의 예수증권 등_예수 증권,72239303118300,국내증권사,B,SF205,각주항목(09.06월 이후)
37397,201906,0010130,하나증권주식회사,B2,투자자의 예수증권 등_예수양도성예금증서, ,국내증권사,B,SF205,각주항목(09.06월 이후)
37398,201906,0010130,하나증권주식회사,B3,투자자의 예수증권 등_기타, ,국내증권사,B,SF205,각주항목(09.06월 이후)
37399,201906,0010130,하나증권주식회사,C,파생상품계약,105828096227405,국내증권사,B,SF205,각주항목(09.06월 이후)
37400,201906,0010130,하나증권주식회사,C1,파생상품계약_장내파생상품,10012587923479,국내증권사,B,SF205,각주항목(09.06월 이후)
37401,201906,0010130,하나증권주식회사,C11,파생상품계약_장내파생상품_이자율관련거래,5316528536394,국내증권사,B,SF205,각주항목(09.06월 이후)
37402,201906,0010130,하나증권주식회사,C12,파생상품계약_장내파생상품_통화관련거래,98431979820,국내증권사,B,SF205,각주항목(09.06월 이후)
37403,201906,0010130,하나증권주식회사,C13,파생상품계약_장내파생상품_주식관련거래,3972494409662,국내증권사,B,SF205,각주항목(09.06월 이후)
37404,201906,0010130,하나증권주식회사,C14,파생상품계약_장내파생상품_일반상품관련거래,625132997603,국내증권사,B,SF205,각주항목(09.06월 이후)
37405,201906,0010130,하나증권주식회사,C15,파생상품계약_장내파생상품_기타,0,국내증권사,B,SF205,각주항목(09.06월 이후)
37406,201906,0010130,하나증권주식회사,C2,파생상품계약_장외파생상품,95815508303926,국내증권사,B,SF205,각주항목(09.06월 이후)
37407,201906,0010130,하나증권주식회사,C21,파생상품계약_장외파생상품_이자율관련거래,50934563337388,국내증권사,B,SF205,각주항목(09.06월 이후)
37408,201906,0010130,하나증권주식회사,C22,파생상품계약_장외파생상품_통화관련거래,18809828337101,국내증권사,B,SF205,각주항목(09.06월 이후)
37409,201906,0010130,하나증권주식회사,C23,파생상품계약_장외파생상품_주식관련거래,6257703668808,국내증권사,B,SF205,각주항목(09.06월 이후)
37410,201906,0010130,하나증권주식회사,C24,파생상품계약_장외파생상품_신용관련거래,16507705974050,국내증권사,B,SF205,각주항목(09.06월 이후)
37411,201906,0010130,하나증권주식회사,C25,파생상품계약_장외파생상품_기타,3305706986579,국내증권사,B,SF205,각주항목(09.06월 이후)
37412,201906,0010130,하나증권주식회사,D,대차 및 대주거래,4326563172065,국내증권사,B,SF205,각주항목(09.06월 이후)
37413,201906,0010130,하나증권주식회사,D1,대차 및 대주거래_대여증권,434559537905,국내증권사,B,SF205,각주항목(09.06월 이후)
37414,201906,0010130,하나증권주식회사,D2,대차 및 대주거래_차입증권,3892003634160,국내증권사,B,SF205,각주항목(09.06월 이후)
37415,201906,0010130,하나증권주식회사,D3,대차 및 대주거래_신용거래대주, ,국내증권사,B,SF205,각주항목(09.06월 이후)
37416,201906,0010130,하나증권주식회사,E,대손상각채권,57402442937,국내증권사,B,SF205,각주항목(09.06월 이후)
37417,201906,0010130,하나증권주식회사,F,환전업무 예치금,0,국내증권사,B,SF205,각주항목(09.06월 이후)
37418,201906,0010130,하나증권주식회사,G,미배당별도예치금, ,국내증권사,B,SF205,각주항목(09.06월 이후)
37419,201906,0010130,하나증권주식회사,H,배서어음매출(종금계정),0,국내증권사,B,SF205,각주항목(09.06월 이후)
37420,201906,0010130,하나증권주식회사,H1,대출채권매매이익_담보부, ,국내증권사,B,SF205,각주항목(09.06월 이후)
37421,201906,0010130,하나증권주식회사,H2,대출채권매매이익_무담보부, ,국내증권사,B,SF205,각주항목(09.06월 이후)
37422,201909,0010130,하나증권주식회사,A,채무보증,3449256194270,국내증권사,B,SF205,각주항목(09.06월 이후)
37423,201909,0010130,하나증권주식회사,A1,채무보증_지급보증,22200000000,국내증권사,B,SF205,각주항목(09.06월 이후)
37424,201909,0010130,하나증권주식회사,A2,채무보증_매입보장약정,0,국내증권사,B,SF205,각주항목(09.06월 이후)
37425,201909,0010130,하나증권주식회사,A3,채무보증_채무인수약정,0,국내증권사,B,SF205,각주항목(09.06월 이후)
37426,201909,0010130,하나증권주식회사,A5,채무보증_매입확약,3427056194270,국내증권사,B,SF205,각주항목(09.06월 이후)
37427,201909,0010130,하나증권주식회사,A6,채무보증_기타,0,국내증권사,B,SF205,각주항목(09.06월 이후)
37428,201909,0010130,하나증권주식회사,B,투자자의 예수증권 등,70984478157194,국내증권사,B,SF205,각주항목(09.06월 이후)
37429,201909,0010130,하나증권주식회사,B1,투자자의 예수증권 등_예수 증권,70984478157194,국내증권사,B,SF205,각주항목(09.06월 이후)
37430,201909,0010130,하나증권주식회사,B2,투자자의 예수증권 등_예수양도성예금증서, ,국내증권사,B,SF205,각주항목(09.06월 이후)
37431,201909,0010130,하나증권주식회사,B3,투자자의 예수증권 등_기타, ,국내증권사,B,SF205,각주항목(09.06월 이후)
37432,201909,0010130,하나증권주식회사,C,파생상품계약,114281167572646,국내증권사,B,SF205,각주항목(09.06월 이후)
37433,201909,0010130,하나증권주식회사,C1,파생상품계약_장내파생상품,9430439046609,국내증권사,B,SF205,각주항목(09.06월 이후)
37434,201909,0010130,하나증권주식회사,C11,파생상품계약_장내파생상품_이자율관련거래,4833111161486,국내증권사,B,SF205,각주항목(09.06월 이후)
37435,201909,0010130,하나증권주식회사,C12,파생상품계약_장내파생상품_통화관련거래,135102968343,국내증권사,B,SF205,각주항목(09.06월 이후)
37436,201909,0010130,하나증권주식회사,C13,파생상품계약_장내파생상품_주식관련거래,3901600694262,국내증권사,B,SF205,각주항목(09.06월 이후)
37437,201909,0010130,하나증권주식회사,C14,파생상품계약_장내파생상품_일반상품관련거래,560624222518,국내증권사,B,SF205,각주항목(09.06월 이후)
37438,201909,0010130,하나증권주식회사,C15,파생상품계약_장내파생상품_기타,0,국내증권사,B,SF205,각주항목(09.06월 이후)
37439,201909,0010130,하나증권주식회사,C2,파생상품계약_장외파생상품,104850728526037,국내증권사,B,SF205,각주항목(09.06월 이후)
37440,201909,0010130,하나증권주식회사,C21,파생상품계약_장외파생상품_이자율관련거래,55226897916282,국내증권사,B,SF205,각주항목(09.06월 이후)
37441,201909,0010130,하나증권주식회사,C22,파생상품계약_장외파생상품_통화관련거래,24185181608474,국내증권사,B,SF205,각주항목(09.06월 이후)
37442,201909,0010130,하나증권주식회사,C23,파생상품계약_장외파생상품_주식관련거래,5464894889719,국내증권사,B,SF205,각주항목(09.06월 이후)
37443,201909,0010130,하나증권주식회사,C24,파생상품계약_장외파생상품_신용관련거래,16948165175610,국내증권사,B,SF205,각주항목(09.06월 이후)
37444,201909,0010130,하나증권주식회사,C25,파생상품계약_장외파생상품_기타,3025588935952,국내증권사,B,SF205,각주항목(09.06월 이후)
37445,201909,0010130,하나증권주식회사,D,대차 및 대주거래,4354505139958,국내증권사,B,SF205,각주항목(09.06월 이후)
37446,201909,0010130,하나증권주식회사,D1,대차 및 대주거래_대여증권,328020670942,국내증권사,B,SF205,각주항목(09.06월 이후)
37447,201909,0010130,하나증권주식회사,D2,대차 및 대주거래_차입증권,4026484469016,국내증권사,B,SF205,각주항목(09.06월 이후)
37448,201909,0010130,하나증권주식회사,D3,대차 및 대주거래_신용거래대주,0,국내증권사,B,SF205,각주항목(09.06월 이후)
37449,201909,0010130,하나증권주식회사,E,대손상각채권,57402442937,국내증권사,B,SF205,각주항목(09.06월 이후)
37450,201909,0010130,하나증권주식회사,F,환전업무 예치금,0,국내증권사,B,SF205,각주항목(09.06월 이후)
37451,201909,0010130,하나증권주식회사,G,미배당별도예치금, ,국내증권사,B,SF205,각주항목(09.06월 이후)
37452,201909,0010130,하나증권주식회사,H,배서어음매출(종금계정),0,국내증권사,B,SF205,각주항목(09.06월 이후)
37453,201909,0010130,하나증권주식회사,H1,대출채권매매이익_담보부, ,국내증권사,B,SF205,각주항목(09.06월 이후)
37454,201909,0010130,하나증권주식회사,H2,대출채권매매이익_무담보부, ,국내증권사,B,SF205,각주항목(09.06월 이후)
37455,201912,0010130,하나증권주식회사,A,채무보증,4401609874028,국내증권사,B,SF205,각주항목(09.06월 이후)
37456,201912,0010130,하나증권주식회사,A1,채무보증_지급보증,22200000000,국내증권사,B,SF205,각주항목(09.06월 이후)
37457,201912,0010130,하나증권주식회사,A2,채무보증_매입보장약정, ,국내증권사,B,SF205,각주항목(09.06월 이후)
37458,201912,0010130,하나증권주식회사,A3,채무보증_채무인수약정, ,국내증권사,B,SF205,각주항목(09.06월 이후)
37459,201912,0010130,하나증권주식회사,A5,채무보증_매입확약,4379409874028,국내증권사,B,SF205,각주항목(09.06월 이후)
37460,201912,0010130,하나증권주식회사,A6,채무보증_기타, ,국내증권사,B,SF205,각주항목(09.06월 이후)
37461,201912,0010130,하나증권주식회사,B,투자자의 예수증권 등,72125139534495,국내증권사,B,SF205,각주항목(09.06월 이후)
37462,201912,0010130,하나증권주식회사,B1,투자자의 예수증권 등_예수 증권,72125139534495,국내증권사,B,SF205,각주항목(09.06월 이후)
37463,201912,0010130,하나증권주식회사,B2,투자자의 예수증권 등_예수양도성예금증서, ,국내증권사,B,SF205,각주항목(09.06월 이후)
37464,201912,0010130,하나증권주식회사,B3,투자자의 예수증권 등_기타, ,국내증권사,B,SF205,각주항목(09.06월 이후)
37465,201912,0010130,하나증권주식회사,C,파생상품계약,115174573876141,국내증권사,B,SF205,각주항목(09.06월 이후)
37466,201912,0010130,하나증권주식회사,C1,파생상품계약_장내파생상품,10410693214208,국내증권사,B,SF205,각주항목(09.06월 이후)
37467,201912,0010130,하나증권주식회사,C11,파생상품계약_장내파생상품_이자율관련거래,5000753225854,국내증권사,B,SF205,각주항목(09.06월 이후)
37468,201912,0010130,하나증권주식회사,C12,파생상품계약_장내파생상품_통화관련거래,93752813166,국내증권사,B,SF205,각주항목(09.06월 이후)
37469,201912,0010130,하나증권주식회사,C13,파생상품계약_장내파생상품_주식관련거래,4887729064718,국내증권사,B,SF205,각주항목(09.06월 이후)
37470,201912,0010130,하나증권주식회사,C14,파생상품계약_장내파생상품_일반상품관련거래,428458110470,국내증권사,B,SF205,각주항목(09.06월 이후)
37471,201912,0010130,하나증권주식회사,C15,파생상품계약_장내파생상품_기타,0,국내증권사,B,SF205,각주항목(09.06월 이후)
37472,201912,0010130,하나증권주식회사,C2,파생상품계약_장외파생상품,104763880661933,국내증권사,B,SF205,각주항목(09.06월 이후)
37473,201912,0010130,하나증권주식회사,C21,파생상품계약_장외파생상품_이자율관련거래,56780276828896,국내증권사,B,SF205,각주항목(09.06월 이후)
37474,201912,0010130,하나증권주식회사,C22,파생상품계약_장외파생상품_통화관련거래,24302049966688,국내증권사,B,SF205,각주항목(09.06월 이후)
37475,201912,0010130,하나증권주식회사,C23,파생상품계약_장외파생상품_주식관련거래,4502841138878,국내증권사,B,SF205,각주항목(09.06월 이후)
37476,201912,0010130,하나증권주식회사,C24,파생상품계약_장외파생상품_신용관련거래,16830759429485,국내증권사,B,SF205,각주항목(09.06월 이후)
37477,201912,0010130,하나증권주식회사,C25,파생상품계약_장외파생상품_기타,2347953297986,국내증권사,B,SF205,각주항목(09.06월 이후)
37478,201912,0010130,하나증권주식회사,D,대차 및 대주거래,4799134976878,국내증권사,B,SF205,각주항목(09.06월 이후)
37479,201912,0010130,하나증권주식회사,D1,대차 및 대주거래_대여증권,581633699099,국내증권사,B,SF205,각주항목(09.06월 이후)
37480,201912,0010130,하나증권주식회사,D2,대차 및 대주거래_차입증권,4217501277779,국내증권사,B,SF205,각주항목(09.06월 이후)
37481,201912,0010130,하나증권주식회사,D3,대차 및 대주거래_신용거래대주, ,국내증권사,B,SF205,각주항목(09.06월 이후)
37482,201912,0010130,하나증권주식회사,E,대손상각채권,57402442937,국내증권사,B,SF205,각주항목(09.06월 이후)
37483,201912,0010130,하나증권주식회사,F,환전업무 예치금,0,국내증권사,B,SF205,각주항목(09.06월 이후)
37484,201912,0010130,하나증권주식회사,G,미배당별도예치금, ,국내증권사,B,SF205,각주항목(09.06월 이후)
37485,201912,0010130,하나증권주식회사,H,배서어음매출(종금계정),0,국내증권사,B,SF205,각주항목(09.06월 이후)
37486,201912,0010130,하나증권주식회사,H1,대출채권매매이익_담보부, ,국내증권사,B,SF205,각주항목(09.06월 이후)
37487,201912,0010130,하나증권주식회사,H2,대출채권매매이익_무담보부, ,국내증권사,B,SF205,각주항목(09.06월 이후)
37488,202003,0010130,하나증권주식회사,A,채무보증,3746985228244,국내증권사,B,SF205,각주항목(09.06월 이후)
37489,202003,0010130,하나증권주식회사,A1,채무보증_지급보증,22200000000,국내증권사,B,SF205,각주항목(09.06월 이후)
37490,202003,0010130,하나증권주식회사,A2,채무보증_매입보장약정, ,국내증권사,B,SF205,각주항목(09.06월 이후)
37491,202003,0010130,하나증권주식회사,A3,채무보증_채무인수약정, ,국내증권사,B,SF205,각주항목(09.06월 이후)
37492,202003,0010130,하나증권주식회사,A5,채무보증_매입확약,3724785228244,국내증권사,B,SF205,각주항목(09.06월 이후)
37493,202003,0010130,하나증권주식회사,A6,채무보증_기타, ,국내증권사,B,SF205,각주항목(09.06월 이후)
37494,202003,0010130,하나증권주식회사,B,투자자의 예수증권 등,69016591407714,국내증권사,B,SF205,각주항목(09.06월 이후)
37495,202003,0010130,하나증권주식회사,B1,투자자의 예수증권 등_예수 증권,69016591407714,국내증권사,B,SF205,각주항목(09.06월 이후)
37496,202003,0010130,하나증권주식회사,B2,투자자의 예수증권 등_예수양도성예금증서, ,국내증권사,B,SF205,각주항목(09.06월 이후)
37497,202003,0010130,하나증권주식회사,B3,투자자의 예수증권 등_기타, ,국내증권사,B,SF205,각주항목(09.06월 이후)
37498,202003,0010130,하나증권주식회사,C,파생상품계약,144243642140355,국내증권사,B,SF205,각주항목(09.06월 이후)
37499,202003,0010130,하나증권주식회사,C1,파생상품계약_장내파생상품,12583746560124,국내증권사,B,SF205,각주항목(09.06월 이후)
37500,202003,0010130,하나증권주식회사,C11,파생상품계약_장내파생상품_이자율관련거래,6155380095878,국내증권사,B,SF205,각주항목(09.06월 이후)
37501,202003,0010130,하나증권주식회사,C12,파생상품계약_장내파생상품_통화관련거래,233912930248,국내증권사,B,SF205,각주항목(09.06월 이후)
37502,202003,0010130,하나증권주식회사,C13,파생상품계약_장내파생상품_주식관련거래,5678703895214,국내증권사,B,SF205,각주항목(09.06월 이후)
37503,202003,0010130,하나증권주식회사,C14,파생상품계약_장내파생상품_일반상품관련거래,515749638784,국내증권사,B,SF205,각주항목(09.06월 이후)
37504,202003,0010130,하나증권주식회사,C15,파생상품계약_장내파생상품_기타,0,국내증권사,B,SF205,각주항목(09.06월 이후)
37505,202003,0010130,하나증권주식회사,C2,파생상품계약_장외파생상품,131659895580231,국내증권사,B,SF205,각주항목(09.06월 이후)
37506,202003,0010130,하나증권주식회사,C21,파생상품계약_장외파생상품_이자율관련거래,65261650167117,국내증권사,B,SF205,각주항목(09.06월 이후)
37507,202003,0010130,하나증권주식회사,C22,파생상품계약_장외파생상품_통화관련거래,41455536497142,국내증권사,B,SF205,각주항목(09.06월 이후)
37508,202003,0010130,하나증권주식회사,C23,파생상품계약_장외파생상품_주식관련거래,4807863312801,국내증권사,B,SF205,각주항목(09.06월 이후)
37509,202003,0010130,하나증권주식회사,C24,파생상품계약_장외파생상품_신용관련거래,17814900022022,국내증권사,B,SF205,각주항목(09.06월 이후)
37510,202003,0010130,하나증권주식회사,C25,파생상품계약_장외파생상품_기타,2319945581149,국내증권사,B,SF205,각주항목(09.06월 이후)
37511,202003,0010130,하나증권주식회사,D,대차 및 대주거래,6285162353152,국내증권사,B,SF205,각주항목(09.06월 이후)
37512,202003,0010130,하나증권주식회사,D1,대차 및 대주거래_대여증권,390006443735,국내증권사,B,SF205,각주항목(09.06월 이후)
37513,202003,0010130,하나증권주식회사,D2,대차 및 대주거래_차입증권,5895155909417,국내증권사,B,SF205,각주항목(09.06월 이후)
37514,202003,0010130,하나증권주식회사,D3,대차 및 대주거래_신용거래대주, ,국내증권사,B,SF205,각주항목(09.06월 이후)
37515,202003,0010130,하나증권주식회사,E,대손상각채권,57978248937,국내증권사,B,SF205,각주항목(09.06월 이후)
37516,202003,0010130,하나증권주식회사,F,환전업무 예치금,0,국내증권사,B,SF205,각주항목(09.06월 이후)
37517,202003,0010130,하나증권주식회사,G,미배당별도예치금, ,국내증권사,B,SF205,각주항목(09.06월 이후)
37518,202003,0010130,하나증권주식회사,H,배서어음매출(종금계정),0,국내증권사,B,SF205,각주항목(09.06월 이후)
37519,202003,0010130,하나증권주식회사,H1,대출채권매매이익_담보부, ,국내증권사,B,SF205,각주항목(09.06월 이후)
37520,202003,0010130,하나증권주식회사,H2,대출채권매매이익_무담보부, ,국내증권사,B,SF205,각주항목(09.06월 이후)
37521,202006,0010130,하나증권주식회사,A,채무보증,3441076275286,국내증권사,B,SF205,각주항목(09.06월 이후)
37522,202006,0010130,하나증권주식회사,A1,채무보증_지급보증,29200000000,국내증권사,B,SF205,각주항목(09.06월 이후)
37523,202006,0010130,하나증권주식회사,A2,채무보증_매입보장약정, ,국내증권사,B,SF205,각주항목(09.06월 이후)
37524,202006,0010130,하나증권주식회사,A3,채무보증_채무인수약정, ,국내증권사,B,SF205,각주항목(09.06월 이후)
37525,202006,0010130,하나증권주식회사,A5,채무보증_매입확약,3411876275286,국내증권사,B,SF205,각주항목(09.06월 이후)
37526,202006,0010130,하나증권주식회사,A6,채무보증_기타, ,국내증권사,B,SF205,각주항목(09.06월 이후)
37527,202006,0010130,하나증권주식회사,B,투자자의 예수증권 등,77715818607855,국내증권사,B,SF205,각주항목(09.06월 이후)
37528,202006,0010130,하나증권주식회사,B1,투자자의 예수증권 등_예수 증권,77715818607855,국내증권사,B,SF205,각주항목(09.06월 이후)
37529,202006,0010130,하나증권주식회사,B2,투자자의 예수증권 등_예수양도성예금증서, ,국내증권사,B,SF205,각주항목(09.06월 이후)
37530,202006,0010130,하나증권주식회사,B3,투자자의 예수증권 등_기타, ,국내증권사,B,SF205,각주항목(09.06월 이후)
37531,202006,0010130,하나증권주식회사,C,파생상품계약,143467723240491,국내증권사,B,SF205,각주항목(09.06월 이후)
37532,202006,0010130,하나증권주식회사,C1,파생상품계약_장내파생상품,13248271042940,국내증권사,B,SF205,각주항목(09.06월 이후)
37533,202006,0010130,하나증권주식회사,C11,파생상품계약_장내파생상품_이자율관련거래,5506132333403,국내증권사,B,SF205,각주항목(09.06월 이후)
37534,202006,0010130,하나증권주식회사,C12,파생상품계약_장내파생상품_통화관련거래,378629610894,국내증권사,B,SF205,각주항목(09.06월 이후)
37535,202006,0010130,하나증권주식회사,C13,파생상품계약_장내파생상품_주식관련거래,6826608066115,국내증권사,B,SF205,각주항목(09.06월 이후)
37536,202006,0010130,하나증권주식회사,C14,파생상품계약_장내파생상품_일반상품관련거래,536901032528,국내증권사,B,SF205,각주항목(09.06월 이후)
37537,202006,0010130,하나증권주식회사,C15,파생상품계약_장내파생상품_기타,0,국내증권사,B,SF205,각주항목(09.06월 이후)
37538,202006,0010130,하나증권주식회사,C2,파생상품계약_장외파생상품,130219452197551,국내증권사,B,SF205,각주항목(09.06월 이후)
37539,202006,0010130,하나증권주식회사,C21,파생상품계약_장외파생상품_이자율관련거래,65184811447234,국내증권사,B,SF205,각주항목(09.06월 이후)
37540,202006,0010130,하나증권주식회사,C22,파생상품계약_장외파생상품_통화관련거래,39692899802278,국내증권사,B,SF205,각주항목(09.06월 이후)
37541,202006,0010130,하나증권주식회사,C23,파생상품계약_장외파생상품_주식관련거래,5981571418216,국내증권사,B,SF205,각주항목(09.06월 이후)
37542,202006,0010130,하나증권주식회사,C24,파생상품계약_장외파생상품_신용관련거래,17304966192694,국내증권사,B,SF205,각주항목(09.06월 이후)
37543,202006,0010130,하나증권주식회사,C25,파생상품계약_장외파생상품_기타,2055203337129,국내증권사,B,SF205,각주항목(09.06월 이후)
37544,202006,0010130,하나증권주식회사,D,대차 및 대주거래,4756816200624,국내증권사,B,SF205,각주항목(09.06월 이후)
37545,202006,0010130,하나증권주식회사,D1,대차 및 대주거래_대여증권,248508544852,국내증권사,B,SF205,각주항목(09.06월 이후)
37546,202006,0010130,하나증권주식회사,D2,대차 및 대주거래_차입증권,4508307655772,국내증권사,B,SF205,각주항목(09.06월 이후)
37547,202006,0010130,하나증권주식회사,D3,대차 및 대주거래_신용거래대주, ,국내증권사,B,SF205,각주항목(09.06월 이후)
37548,202006,0010130,하나증권주식회사,E,대손상각채권,59328033295,국내증권사,B,SF205,각주항목(09.06월 이후)
37549,202006,0010130,하나증권주식회사,F,환전업무 예치금,0,국내증권사,B,SF205,각주항목(09.06월 이후)
37550,202006,0010130,하나증권주식회사,G,미배당별도예치금, ,국내증권사,B,SF205,각주항목(09.06월 이후)
37551,202006,0010130,하나증권주식회사,H,배서어음매출(종금계정),0,국내증권사,B,SF205,각주항목(09.06월 이후)
37552,202006,0010130,하나증권주식회사,H1,대출채권매매이익_담보부, ,국내증권사,B,SF205,각주항목(09.06월 이후)
37553,202006,0010130,하나증권주식회사,H2,대출채권매매이익_무담보부, ,국내증권사,B,SF205,각주항목(09.06월 이후)
37554,202009,0010130,하나증권주식회사,A,채무보증,4050257017946,국내증권사,B,SF205,각주항목(09.06월 이후)
37555,202009,0010130,하나증권주식회사,A1,채무보증_지급보증,7000000000,국내증권사,B,SF205,각주항목(09.06월 이후)
37556,202009,0010130,하나증권주식회사,A2,채무보증_매입보장약정, ,국내증권사,B,SF205,각주항목(09.06월 이후)
37557,202009,0010130,하나증권주식회사,A3,채무보증_채무인수약정, ,국내증권사,B,SF205,각주항목(09.06월 이후)
37558,202009,0010130,하나증권주식회사,A5,채무보증_매입확약,4043257017946,국내증권사,B,SF205,각주항목(09.06월 이후)
37559,202009,0010130,하나증권주식회사,A6,채무보증_기타, ,국내증권사,B,SF205,각주항목(09.06월 이후)
37560,202009,0010130,하나증권주식회사,B,투자자의 예수증권 등,84662452059111,국내증권사,B,SF205,각주항목(09.06월 이후)
37561,202009,0010130,하나증권주식회사,B1,투자자의 예수증권 등_예수 증권,84662452059111,국내증권사,B,SF205,각주항목(09.06월 이후)
37562,202009,0010130,하나증권주식회사,B2,투자자의 예수증권 등_예수양도성예금증서, ,국내증권사,B,SF205,각주항목(09.06월 이후)
37563,202009,0010130,하나증권주식회사,B3,투자자의 예수증권 등_기타, ,국내증권사,B,SF205,각주항목(09.06월 이후)
37564,202009,0010130,하나증권주식회사,C,파생상품계약,142870535877408,국내증권사,B,SF205,각주항목(09.06월 이후)
37565,202009,0010130,하나증권주식회사,C1,파생상품계약_장내파생상품,13237224319846,국내증권사,B,SF205,각주항목(09.06월 이후)
37566,202009,0010130,하나증권주식회사,C11,파생상품계약_장내파생상품_이자율관련거래,5691622367824,국내증권사,B,SF205,각주항목(09.06월 이후)
37567,202009,0010130,하나증권주식회사,C12,파생상품계약_장내파생상품_통화관련거래,335030799625,국내증권사,B,SF205,각주항목(09.06월 이후)
37568,202009,0010130,하나증권주식회사,C13,파생상품계약_장내파생상품_주식관련거래,6691387685264,국내증권사,B,SF205,각주항목(09.06월 이후)
37569,202009,0010130,하나증권주식회사,C14,파생상품계약_장내파생상품_일반상품관련거래,519183467133,국내증권사,B,SF205,각주항목(09.06월 이후)
37570,202009,0010130,하나증권주식회사,C15,파생상품계약_장내파생상품_기타,0,국내증권사,B,SF205,각주항목(09.06월 이후)
37571,202009,0010130,하나증권주식회사,C2,파생상품계약_장외파생상품,129633311557562,국내증권사,B,SF205,각주항목(09.06월 이후)
37572,202009,0010130,하나증권주식회사,C21,파생상품계약_장외파생상품_이자율관련거래,63001388588500,국내증권사,B,SF205,각주항목(09.06월 이후)
37573,202009,0010130,하나증권주식회사,C22,파생상품계약_장외파생상품_통화관련거래,41623882630716,국내증권사,B,SF205,각주항목(09.06월 이후)
37574,202009,0010130,하나증권주식회사,C23,파생상품계약_장외파생상품_주식관련거래,6002850580555,국내증권사,B,SF205,각주항목(09.06월 이후)
37575,202009,0010130,하나증권주식회사,C24,파생상품계약_장외파생상품_신용관련거래,16984407762555,국내증권사,B,SF205,각주항목(09.06월 이후)
37576,202009,0010130,하나증권주식회사,C25,파생상품계약_장외파생상품_기타,2020781995236,국내증권사,B,SF205,각주항목(09.06월 이후)
37577,202009,0010130,하나증권주식회사,D,대차 및 대주거래,3968508608585,국내증권사,B,SF205,각주항목(09.06월 이후)
37578,202009,0010130,하나증권주식회사,D1,대차 및 대주거래_대여증권,326945421845,국내증권사,B,SF205,각주항목(09.06월 이후)
37579,202009,0010130,하나증권주식회사,D2,대차 및 대주거래_차입증권,3641563186740,국내증권사,B,SF205,각주항목(09.06월 이후)
37580,202009,0010130,하나증권주식회사,D3,대차 및 대주거래_신용거래대주, ,국내증권사,B,SF205,각주항목(09.06월 이후)
37581,202009,0010130,하나증권주식회사,E,대손상각채권,59328033295,국내증권사,B,SF205,각주항목(09.06월 이후)
37582,202009,0010130,하나증권주식회사,F,환전업무 예치금,0,국내증권사,B,SF205,각주항목(09.06월 이후)
37583,202009,0010130,하나증권주식회사,G,미배당별도예치금, ,국내증권사,B,SF205,각주항목(09.06월 이후)
37584,202009,0010130,하나증권주식회사,H,배서어음매출(종금계정),0,국내증권사,B,SF205,각주항목(09.06월 이후)
37585,202009,0010130,하나증권주식회사,H1,대출채권매매이익_담보부, ,국내증권사,B,SF205,각주항목(09.06월 이후)
37586,202009,0010130,하나증권주식회사,H2,대출채권매매이익_무담보부, ,국내증권사,B,SF205,각주항목(09.06월 이후)
37587,202012,0010130,하나증권주식회사,A,채무보증,4394616895196,국내증권사,B,SF205,각주항목(09.06월 이후)
37588,202012,0010130,하나증권주식회사,A1,채무보증_지급보증,0,국내증권사,B,SF205,각주항목(09.06월 이후)
37589,202012,0010130,하나증권주식회사,A2,채무보증_매입보장약정, ,국내증권사,B,SF205,각주항목(09.06월 이후)
37590,202012,0010130,하나증권주식회사,A3,채무보증_채무인수약정, ,국내증권사,B,SF205,각주항목(09.06월 이후)
37591,202012,0010130,하나증권주식회사,A5,채무보증_매입확약,4394616895196,국내증권사,B,SF205,각주항목(09.06월 이후)
37592,202012,0010130,하나증권주식회사,A6,채무보증_기타, ,국내증권사,B,SF205,각주항목(09.06월 이후)
37593,202012,0010130,하나증권주식회사,B,투자자의 예수증권 등,91860361320252,국내증권사,B,SF205,각주항목(09.06월 이후)
37594,202012,0010130,하나증권주식회사,B1,투자자의 예수증권 등_예수 증권,91860361320252,국내증권사,B,SF205,각주항목(09.06월 이후)
37595,202012,0010130,하나증권주식회사,B2,투자자의 예수증권 등_예수양도성예금증서, ,국내증권사,B,SF205,각주항목(09.06월 이후)
37596,202012,0010130,하나증권주식회사,B3,투자자의 예수증권 등_기타, ,국내증권사,B,SF205,각주항목(09.06월 이후)
37597,202012,0010130,하나증권주식회사,C,파생상품계약,133852902259616,국내증권사,B,SF205,각주항목(09.06월 이후)
37598,202012,0010130,하나증권주식회사,C1,파생상품계약_장내파생상품,12392181309760,국내증권사,B,SF205,각주항목(09.06월 이후)
37599,202012,0010130,하나증권주식회사,C11,파생상품계약_장내파생상품_이자율관련거래,4431330761322,국내증권사,B,SF205,각주항목(09.06월 이후)
37600,202012,0010130,하나증권주식회사,C12,파생상품계약_장내파생상품_통화관련거래,439751740000,국내증권사,B,SF205,각주항목(09.06월 이후)
37601,202012,0010130,하나증권주식회사,C13,파생상품계약_장내파생상품_주식관련거래,6960078372741,국내증권사,B,SF205,각주항목(09.06월 이후)
37602,202012,0010130,하나증권주식회사,C14,파생상품계약_장내파생상품_일반상품관련거래,561020435697,국내증권사,B,SF205,각주항목(09.06월 이후)
37603,202012,0010130,하나증권주식회사,C15,파생상품계약_장내파생상품_기타,0,국내증권사,B,SF205,각주항목(09.06월 이후)
37604,202012,0010130,하나증권주식회사,C2,파생상품계약_장외파생상품,121460720949856,국내증권사,B,SF205,각주항목(09.06월 이후)
37605,202012,0010130,하나증권주식회사,C21,파생상품계약_장외파생상품_이자율관련거래,59754881020000,국내증권사,B,SF205,각주항목(09.06월 이후)
37606,202012,0010130,하나증권주식회사,C22,파생상품계약_장외파생상품_통화관련거래,37498913728020,국내증권사,B,SF205,각주항목(09.06월 이후)
37607,202012,0010130,하나증권주식회사,C23,파생상품계약_장외파생상품_주식관련거래,6352558569377,국내증권사,B,SF205,각주항목(09.06월 이후)
37608,202012,0010130,하나증권주식회사,C24,파생상품계약_장외파생상품_신용관련거래,16001283510636,국내증권사,B,SF205,각주항목(09.06월 이후)
37609,202012,0010130,하나증권주식회사,C25,파생상품계약_장외파생상품_기타,1853084121823,국내증권사,B,SF205,각주항목(09.06월 이후)
37610,202012,0010130,하나증권주식회사,D,대차 및 대주거래,4023568512023,국내증권사,B,SF205,각주항목(09.06월 이후)
37611,202012,0010130,하나증권주식회사,D1,대차 및 대주거래_대여증권,541872463154,국내증권사,B,SF205,각주항목(09.06월 이후)
37612,202012,0010130,하나증권주식회사,D2,대차 및 대주거래_차입증권,3481696048869,국내증권사,B,SF205,각주항목(09.06월 이후)
37613,202012,0010130,하나증권주식회사,D3,대차 및 대주거래_신용거래대주, ,국내증권사,B,SF205,각주항목(09.06월 이후)
37614,202012,0010130,하나증권주식회사,E,대손상각채권,59328033295,국내증권사,B,SF205,각주항목(09.06월 이후)
37615,202012,0010130,하나증권주식회사,F,환전업무 예치금,0,국내증권사,B,SF205,각주항목(09.06월 이후)
37616,202012,0010130,하나증권주식회사,G,미배당별도예치금, ,국내증권사,B,SF205,각주항목(09.06월 이후)
37617,202012,0010130,하나증권주식회사,H,배서어음매출(종금계정),0,국내증권사,B,SF205,각주항목(09.06월 이후)
37618,202012,0010130,하나증권주식회사,H1,대출채권매매이익_담보부, ,국내증권사,B,SF205,각주항목(09.06월 이후)
37619,202012,0010130,하나증권주식회사,H2,대출채권매매이익_무담보부, ,국내증권사,B,SF205,각주항목(09.06월 이후)
37620,202103,0010130,하나증권주식회사,A,채무보증,4357467412004,국내증권사,B,SF205,각주항목(09.06월 이후)
37621,202103,0010130,하나증권주식회사,A1,채무보증_지급보증,0,국내증권사,B,SF205,각주항목(09.06월 이후)
37622,202103,0010130,하나증권주식회사,A2,채무보증_매입보장약정, ,국내증권사,B,SF205,각주항목(09.06월 이후)
37623,202103,0010130,하나증권주식회사,A3,채무보증_채무인수약정, ,국내증권사,B,SF205,각주항목(09.06월 이후)
37624,202103,0010130,하나증권주식회사,A5,채무보증_매입확약,4357467412004,국내증권사,B,SF205,각주항목(09.06월 이후)
37625,202103,0010130,하나증권주식회사,A6,채무보증_기타, ,국내증권사,B,SF205,각주항목(09.06월 이후)
37626,202103,0010130,하나증권주식회사,B,투자자의 예수증권 등,97833762298352,국내증권사,B,SF205,각주항목(09.06월 이후)
37627,202103,0010130,하나증권주식회사,B1,투자자의 예수증권 등_예수 증권,97833762298352,국내증권사,B,SF205,각주항목(09.06월 이후)
37628,202103,0010130,하나증권주식회사,B2,투자자의 예수증권 등_예수양도성예금증서, ,국내증권사,B,SF205,각주항목(09.06월 이후)
37629,202103,0010130,하나증권주식회사,B3,투자자의 예수증권 등_기타, ,국내증권사,B,SF205,각주항목(09.06월 이후)
37630,202103,0010130,하나증권주식회사,C,파생상품계약,127863186322431,국내증권사,B,SF205,각주항목(09.06월 이후)
37631,202103,0010130,하나증권주식회사,C1,파생상품계약_장내파생상품,10050621873818,국내증권사,B,SF205,각주항목(09.06월 이후)
37632,202103,0010130,하나증권주식회사,C11,파생상품계약_장내파생상품_이자율관련거래,4594946743799,국내증권사,B,SF205,각주항목(09.06월 이후)
37633,202103,0010130,하나증권주식회사,C12,파생상품계약_장내파생상품_통화관련거래,361693955216,국내증권사,B,SF205,각주항목(09.06월 이후)
37634,202103,0010130,하나증권주식회사,C13,파생상품계약_장내파생상품_주식관련거래,3765273109942,국내증권사,B,SF205,각주항목(09.06월 이후)
37635,202103,0010130,하나증권주식회사,C14,파생상품계약_장내파생상품_일반상품관련거래,1328708064861,국내증권사,B,SF205,각주항목(09.06월 이후)
37636,202103,0010130,하나증권주식회사,C15,파생상품계약_장내파생상품_기타,0,국내증권사,B,SF205,각주항목(09.06월 이후)
37637,202103,0010130,하나증권주식회사,C2,파생상품계약_장외파생상품,117812564448613,국내증권사,B,SF205,각주항목(09.06월 이후)
37638,202103,0010130,하나증권주식회사,C21,파생상품계약_장외파생상품_이자율관련거래,55167225060000,국내증권사,B,SF205,각주항목(09.06월 이후)
37639,202103,0010130,하나증권주식회사,C22,파생상품계약_장외파생상품_통화관련거래,37740353978424,국내증권사,B,SF205,각주항목(09.06월 이후)
37640,202103,0010130,하나증권주식회사,C23,파생상품계약_장외파생상품_주식관련거래,6127943948073,국내증권사,B,SF205,각주항목(09.06월 이후)
37641,202103,0010130,하나증권주식회사,C24,파생상품계약_장외파생상품_신용관련거래,16425253027688,국내증권사,B,SF205,각주항목(09.06월 이후)
37642,202103,0010130,하나증권주식회사,C25,파생상품계약_장외파생상품_기타,2351788434428,국내증권사,B,SF205,각주항목(09.06월 이후)
37643,202103,0010130,하나증권주식회사,D,대차 및 대주거래,4280887545319,국내증권사,B,SF205,각주항목(09.06월 이후)
37644,202103,0010130,하나증권주식회사,D1,대차 및 대주거래_대여증권,515974944492,국내증권사,B,SF205,각주항목(09.06월 이후)
37645,202103,0010130,하나증권주식회사,D2,대차 및 대주거래_차입증권,3764912600827,국내증권사,B,SF205,각주항목(09.06월 이후)
37646,202103,0010130,하나증권주식회사,D3,대차 및 대주거래_신용거래대주, ,국내증권사,B,SF205,각주항목(09.06월 이후)
37647,202103,0010130,하나증권주식회사,E,대손상각채권,60936978972,국내증권사,B,SF205,각주항목(09.06월 이후)
37648,202103,0010130,하나증권주식회사,F,환전업무 예치금,0,국내증권사,B,SF205,각주항목(09.06월 이후)
37649,202103,0010130,하나증권주식회사,G,미배당별도예치금, ,국내증권사,B,SF205,각주항목(09.06월 이후)
37650,202103,0010130,하나증권주식회사,H,배서어음매출(종금계정),0,국내증권사,B,SF205,각주항목(09.06월 이후)
37651,202103,0010130,하나증권주식회사,H1,대출채권매매이익_담보부, ,국내증권사,B,SF205,각주항목(09.06월 이후)
37652,202103,0010130,하나증권주식회사,H2,대출채권매매이익_무담보부, ,국내증권사,B,SF205,각주항목(09.06월 이후)
37653,202106,0010130,하나증권주식회사,A,채무보증,4265540165438,국내증권사,B,SF205,각주항목(09.06월 이후)
37654,202106,0010130,하나증권주식회사,A1,채무보증_지급보증,0,국내증권사,B,SF205,각주항목(09.06월 이후)
37655,202106,0010130,하나증권주식회사,A2,채무보증_매입보장약정, ,국내증권사,B,SF205,각주항목(09.06월 이후)
37656,202106,0010130,하나증권주식회사,A3,채무보증_채무인수약정, ,국내증권사,B,SF205,각주항목(09.06월 이후)
37657,202106,0010130,하나증권주식회사,A5,채무보증_매입확약,4265540165438,국내증권사,B,SF205,각주항목(09.06월 이후)
37658,202106,0010130,하나증권주식회사,A6,채무보증_기타, ,국내증권사,B,SF205,각주항목(09.06월 이후)
37659,202106,0010130,하나증권주식회사,B,투자자의 예수증권 등,103776464896172,국내증권사,B,SF205,각주항목(09.06월 이후)
37660,202106,0010130,하나증권주식회사,B1,투자자의 예수증권 등_예수 증권,103776464896172,국내증권사,B,SF205,각주항목(09.06월 이후)
37661,202106,0010130,하나증권주식회사,B2,투자자의 예수증권 등_예수양도성예금증서, ,국내증권사,B,SF205,각주항목(09.06월 이후)
37662,202106,0010130,하나증권주식회사,B3,투자자의 예수증권 등_기타, ,국내증권사,B,SF205,각주항목(09.06월 이후)
37663,202106,0010130,하나증권주식회사,C,파생상품계약,121890561754597,국내증권사,B,SF205,각주항목(09.06월 이후)
37664,202106,0010130,하나증권주식회사,C1,파생상품계약_장내파생상품,8597707809364,국내증권사,B,SF205,각주항목(09.06월 이후)
37665,202106,0010130,하나증권주식회사,C11,파생상품계약_장내파생상품_이자율관련거래,4546837164298,국내증권사,B,SF205,각주항목(09.06월 이후)
37666,202106,0010130,하나증권주식회사,C12,파생상품계약_장내파생상품_통화관련거래,201789629388,국내증권사,B,SF205,각주항목(09.06월 이후)
37667,202106,0010130,하나증권주식회사,C13,파생상품계약_장내파생상품_주식관련거래,2560264289645,국내증권사,B,SF205,각주항목(09.06월 이후)
37668,202106,0010130,하나증권주식회사,C14,파생상품계약_장내파생상품_일반상품관련거래,1288816726033,국내증권사,B,SF205,각주항목(09.06월 이후)
37669,202106,0010130,하나증권주식회사,C15,파생상품계약_장내파생상품_기타,0,국내증권사,B,SF205,각주항목(09.06월 이후)
37670,202106,0010130,하나증권주식회사,C2,파생상품계약_장외파생상품,113292853945233,국내증권사,B,SF205,각주항목(09.06월 이후)
37671,202106,0010130,하나증권주식회사,C21,파생상품계약_장외파생상품_이자율관련거래,54863689000000,국내증권사,B,SF205,각주항목(09.06월 이후)
37672,202106,0010130,하나증권주식회사,C22,파생상품계약_장외파생상품_통화관련거래,36559896811104,국내증권사,B,SF205,각주항목(09.06월 이후)
37673,202106,0010130,하나증권주식회사,C23,파생상품계약_장외파생상품_주식관련거래,4568095770427,국내증권사,B,SF205,각주항목(09.06월 이후)
37674,202106,0010130,하나증권주식회사,C24,파생상품계약_장외파생상품_신용관련거래,15190086566164,국내증권사,B,SF205,각주항목(09.06월 이후)
37675,202106,0010130,하나증권주식회사,C25,파생상품계약_장외파생상품_기타,2111085797538,국내증권사,B,SF205,각주항목(09.06월 이후)
37676,202106,0010130,하나증권주식회사,D,대차 및 대주거래,4258034918206,국내증권사,B,SF205,각주항목(09.06월 이후)
37677,202106,0010130,하나증권주식회사,D1,대차 및 대주거래_대여증권,651365370134,국내증권사,B,SF205,각주항목(09.06월 이후)
37678,202106,0010130,하나증권주식회사,D2,대차 및 대주거래_차입증권,3606669548072,국내증권사,B,SF205,각주항목(09.06월 이후)
37679,202106,0010130,하나증권주식회사,D3,대차 및 대주거래_신용거래대주, ,국내증권사,B,SF205,각주항목(09.06월 이후)
37680,202106,0010130,하나증권주식회사,E,대손상각채권,60936978972,국내증권사,B,SF205,각주항목(09.06월 이후)
37681,202106,0010130,하나증권주식회사,F,환전업무 예치금,0,국내증권사,B,SF205,각주항목(09.06월 이후)
37682,202106,0010130,하나증권주식회사,G,미배당별도예치금, ,국내증권사,B,SF205,각주항목(09.06월 이후)
37683,202106,0010130,하나증권주식회사,H,배서어음매출(종금계정),0,국내증권사,B,SF205,각주항목(09.06월 이후)
37684,202106,0010130,하나증권주식회사,H1,대출채권매매이익_담보부, ,국내증권사,B,SF205,각주항목(09.06월 이후)
37685,202106,0010130,하나증권주식회사,H2,대출채권매매이익_무담보부, ,국내증권사,B,SF205,각주항목(09.06월 이후)
37686,202109,0010130,하나증권주식회사,A,채무보증,4275346217494,국내증권사,B,SF205,각주항목(09.06월 이후)
37687,202109,0010130,하나증권주식회사,A1,채무보증_지급보증,0,국내증권사,B,SF205,각주항목(09.06월 이후)
37688,202109,0010130,하나증권주식회사,A2,채무보증_매입보장약정, ,국내증권사,B,SF205,각주항목(09.06월 이후)
37689,202109,0010130,하나증권주식회사,A3,채무보증_채무인수약정, ,국내증권사,B,SF205,각주항목(09.06월 이후)
37690,202109,0010130,하나증권주식회사,A5,채무보증_매입확약,4275346217494,국내증권사,B,SF205,각주항목(09.06월 이후)
37691,202109,0010130,하나증권주식회사,A6,채무보증_기타, ,국내증권사,B,SF205,각주항목(09.06월 이후)
37692,202109,0010130,하나증권주식회사,B,투자자의 예수증권 등,101459595186330,국내증권사,B,SF205,각주항목(09.06월 이후)
37693,202109,0010130,하나증권주식회사,B1,투자자의 예수증권 등_예수 증권,101459595186330,국내증권사,B,SF205,각주항목(09.06월 이후)
37694,202109,0010130,하나증권주식회사,B2,투자자의 예수증권 등_예수양도성예금증서, ,국내증권사,B,SF205,각주항목(09.06월 이후)
37695,202109,0010130,하나증권주식회사,B3,투자자의 예수증권 등_기타, ,국내증권사,B,SF205,각주항목(09.06월 이후)
37696,202109,0010130,하나증권주식회사,C,파생상품계약,130410952414777,국내증권사,B,SF205,각주항목(09.06월 이후)
37697,202109,0010130,하나증권주식회사,C1,파생상품계약_장내파생상품,11017435664835,국내증권사,B,SF205,각주항목(09.06월 이후)
37698,202109,0010130,하나증권주식회사,C11,파생상품계약_장내파생상품_이자율관련거래,4113971586523,국내증권사,B,SF205,각주항목(09.06월 이후)
37699,202109,0010130,하나증권주식회사,C12,파생상품계약_장내파생상품_통화관련거래,192146546802,국내증권사,B,SF205,각주항목(09.06월 이후)
37700,202109,0010130,하나증권주식회사,C13,파생상품계약_장내파생상품_주식관련거래,5166840070840,국내증권사,B,SF205,각주항목(09.06월 이후)
37701,202109,0010130,하나증권주식회사,C14,파생상품계약_장내파생상품_일반상품관련거래,1544477460670,국내증권사,B,SF205,각주항목(09.06월 이후)
37702,202109,0010130,하나증권주식회사,C15,파생상품계약_장내파생상품_기타,0,국내증권사,B,SF205,각주항목(09.06월 이후)
37703,202109,0010130,하나증권주식회사,C2,파생상품계약_장외파생상품,119393516749942,국내증권사,B,SF205,각주항목(09.06월 이후)
37704,202109,0010130,하나증권주식회사,C21,파생상품계약_장외파생상품_이자율관련거래,57572920744000,국내증권사,B,SF205,각주항목(09.06월 이후)
37705,202109,0010130,하나증권주식회사,C22,파생상품계약_장외파생상품_통화관련거래,37019121430618,국내증권사,B,SF205,각주항목(09.06월 이후)
37706,202109,0010130,하나증권주식회사,C23,파생상품계약_장외파생상품_주식관련거래,4259041376253,국내증권사,B,SF205,각주항목(09.06월 이후)
37707,202109,0010130,하나증권주식회사,C24,파생상품계약_장외파생상품_신용관련거래,15932866935388,국내증권사,B,SF205,각주항목(09.06월 이후)
37708,202109,0010130,하나증권주식회사,C25,파생상품계약_장외파생상품_기타,4609566263683,국내증권사,B,SF205,각주항목(09.06월 이후)
37709,202109,0010130,하나증권주식회사,D,대차 및 대주거래,4404629499660,국내증권사,B,SF205,각주항목(09.06월 이후)
37710,202109,0010130,하나증권주식회사,D1,대차 및 대주거래_대여증권,579387356638,국내증권사,B,SF205,각주항목(09.06월 이후)
37711,202109,0010130,하나증권주식회사,D2,대차 및 대주거래_차입증권,3825242143022,국내증권사,B,SF205,각주항목(09.06월 이후)
37712,202109,0010130,하나증권주식회사,D3,대차 및 대주거래_신용거래대주, ,국내증권사,B,SF205,각주항목(09.06월 이후)
37713,202109,0010130,하나증권주식회사,E,대손상각채권,60936978972,국내증권사,B,SF205,각주항목(09.06월 이후)
37714,202109,0010130,하나증권주식회사,F,환전업무 예치금,0,국내증권사,B,SF205,각주항목(09.06월 이후)
37715,202109,0010130,하나증권주식회사,G,미배당별도예치금, ,국내증권사,B,SF205,각주항목(09.06월 이후)
37716,202109,0010130,하나증권주식회사,H,배서어음매출(종금계정),0,국내증권사,B,SF205,각주항목(09.06월 이후)
37717,202109,0010130,하나증권주식회사,H1,대출채권매매이익_담보부, ,국내증권사,B,SF205,각주항목(09.06월 이후)
37718,202109,0010130,하나증권주식회사,H2,대출채권매매이익_무담보부, ,국내증권사,B,SF205,각주항목(09.06월 이후)
37719,202112,0010130,하나증권주식회사,A,채무보증,3965838668786,국내증권사,B,SF205,각주항목(09.06월 이후)
37720,202112,0010130,하나증권주식회사,A1,채무보증_지급보증,0,국내증권사,B,SF205,각주항목(09.06월 이후)
37721,202112,0010130,하나증권주식회사,A2,채무보증_매입보장약정, ,국내증권사,B,SF205,각주항목(09.06월 이후)
37722,202112,0010130,하나증권주식회사,A3,채무보증_채무인수약정, ,국내증권사,B,SF205,각주항목(09.06월 이후)
37723,202112,0010130,하나증권주식회사,A5,채무보증_매입확약,3965838668786,국내증권사,B,SF205,각주항목(09.06월 이후)
37724,202112,0010130,하나증권주식회사,A6,채무보증_기타, ,국내증권사,B,SF205,각주항목(09.06월 이후)
37725,202112,0010130,하나증권주식회사,B,투자자의 예수증권 등,103331232129021,국내증권사,B,SF205,각주항목(09.06월 이후)
37726,202112,0010130,하나증권주식회사,B1,투자자의 예수증권 등_예수 증권,103331232129021,국내증권사,B,SF205,각주항목(09.06월 이후)
37727,202112,0010130,하나증권주식회사,B2,투자자의 예수증권 등_예수양도성예금증서, ,국내증권사,B,SF205,각주항목(09.06월 이후)
37728,202112,0010130,하나증권주식회사,B3,투자자의 예수증권 등_기타, ,국내증권사,B,SF205,각주항목(09.06월 이후)
37729,202112,0010130,하나증권주식회사,C,파생상품계약,133794532804877,국내증권사,B,SF205,각주항목(09.06월 이후)
37730,202112,0010130,하나증권주식회사,C1,파생상품계약_장내파생상품,11743629482592,국내증권사,B,SF205,각주항목(09.06월 이후)
37731,202112,0010130,하나증권주식회사,C11,파생상품계약_장내파생상품_이자율관련거래,4027324883303,국내증권사,B,SF205,각주항목(09.06월 이후)
37732,202112,0010130,하나증권주식회사,C12,파생상품계약_장내파생상품_통화관련거래,144949899567,국내증권사,B,SF205,각주항목(09.06월 이후)
37733,202112,0010130,하나증권주식회사,C13,파생상품계약_장내파생상품_주식관련거래,6020523914732,국내증권사,B,SF205,각주항목(09.06월 이후)
37734,202112,0010130,하나증권주식회사,C14,파생상품계약_장내파생상품_일반상품관련거래,1550830784990,국내증권사,B,SF205,각주항목(09.06월 이후)
37735,202112,0010130,하나증권주식회사,C15,파생상품계약_장내파생상품_기타,0,국내증권사,B,SF205,각주항목(09.06월 이후)
37736,202112,0010130,하나증권주식회사,C2,파생상품계약_장외파생상품,122050903322285,국내증권사,B,SF205,각주항목(09.06월 이후)
37737,202112,0010130,하나증권주식회사,C21,파생상품계약_장외파생상품_이자율관련거래,60939278480000,국내증권사,B,SF205,각주항목(09.06월 이후)
37738,202112,0010130,하나증권주식회사,C22,파생상품계약_장외파생상품_통화관련거래,33889222141658,국내증권사,B,SF205,각주항목(09.06월 이후)
37739,202112,0010130,하나증권주식회사,C23,파생상품계약_장외파생상품_주식관련거래,4380655989401,국내증권사,B,SF205,각주항목(09.06월 이후)
37740,202112,0010130,하나증권주식회사,C24,파생상품계약_장외파생상품_신용관련거래,13849120015798,국내증권사,B,SF205,각주항목(09.06월 이후)
37741,202112,0010130,하나증권주식회사,C25,파생상품계약_장외파생상품_기타,8992626695428,국내증권사,B,SF205,각주항목(09.06월 이후)
37742,202112,0010130,하나증권주식회사,D,대차 및 대주거래,5262068365217,국내증권사,B,SF205,각주항목(09.06월 이후)
37743,202112,0010130,하나증권주식회사,D1,대차 및 대주거래_대여증권,691681718161,국내증권사,B,SF205,각주항목(09.06월 이후)
37744,202112,0010130,하나증권주식회사,D2,대차 및 대주거래_차입증권,4570386647056,국내증권사,B,SF205,각주항목(09.06월 이후)
37745,202112,0010130,하나증권주식회사,D3,대차 및 대주거래_신용거래대주, ,국내증권사,B,SF205,각주항목(09.06월 이후)
37746,202112,0010130,하나증권주식회사,E,대손상각채권,61025490194,국내증권사,B,SF205,각주항목(09.06월 이후)
37747,202112,0010130,하나증권주식회사,F,환전업무 예치금,0,국내증권사,B,SF205,각주항목(09.06월 이후)
37748,202112,0010130,하나증권주식회사,G,미배당별도예치금, ,국내증권사,B,SF205,각주항목(09.06월 이후)
37749,202112,0010130,하나증권주식회사,H,배서어음매출(종금계정),0,국내증권사,B,SF205,각주항목(09.06월 이후)
37750,202112,0010130,하나증권주식회사,H1,대출채권매매이익_담보부, ,국내증권사,B,SF205,각주항목(09.06월 이후)
37751,202112,0010130,하나증권주식회사,H2,대출채권매매이익_무담보부, ,국내증권사,B,SF205,각주항목(09.06월 이후)
37752,202203,0010130,하나증권주식회사,A,채무보증,4397979168241,국내증권사,B,SF205,각주항목(09.06월 이후)
37753,202203,0010130,하나증권주식회사,A1,채무보증_지급보증,0,국내증권사,B,SF205,각주항목(09.06월 이후)
37754,202203,0010130,하나증권주식회사,A2,채무보증_매입보장약정, ,국내증권사,B,SF205,각주항목(09.06월 이후)
37755,202203,0010130,하나증권주식회사,A3,채무보증_채무인수약정, ,국내증권사,B,SF205,각주항목(09.06월 이후)
37756,202203,0010130,하나증권주식회사,A5,채무보증_매입확약,4397979168241,국내증권사,B,SF205,각주항목(09.06월 이후)
37757,202203,0010130,하나증권주식회사,A6,채무보증_기타, ,국내증권사,B,SF205,각주항목(09.06월 이후)
37758,202203,0010130,하나증권주식회사,B,투자자의 예수증권 등,102779880563191,국내증권사,B,SF205,각주항목(09.06월 이후)
37759,202203,0010130,하나증권주식회사,B1,투자자의 예수증권 등_예수 증권,102779880563191,국내증권사,B,SF205,각주항목(09.06월 이후)
37760,202203,0010130,하나증권주식회사,B2,투자자의 예수증권 등_예수양도성예금증서, ,국내증권사,B,SF205,각주항목(09.06월 이후)
37761,202203,0010130,하나증권주식회사,B3,투자자의 예수증권 등_기타, ,국내증권사,B,SF205,각주항목(09.06월 이후)
37762,202203,0010130,하나증권주식회사,C,파생상품계약,164199712385915,국내증권사,B,SF205,각주항목(09.06월 이후)
37763,202203,0010130,하나증권주식회사,C1,파생상품계약_장내파생상품,15087590841218,국내증권사,B,SF205,각주항목(09.06월 이후)
37764,202203,0010130,하나증권주식회사,C11,파생상품계약_장내파생상품_이자율관련거래,4782142674201,국내증권사,B,SF205,각주항목(09.06월 이후)
37765,202203,0010130,하나증권주식회사,C12,파생상품계약_장내파생상품_통화관련거래,249128094928,국내증권사,B,SF205,각주항목(09.06월 이후)
37766,202203,0010130,하나증권주식회사,C13,파생상품계약_장내파생상품_주식관련거래,8536307519028,국내증권사,B,SF205,각주항목(09.06월 이후)
37767,202203,0010130,하나증권주식회사,C14,파생상품계약_장내파생상품_일반상품관련거래,1520012553061,국내증권사,B,SF205,각주항목(09.06월 이후)
37768,202203,0010130,하나증권주식회사,C15,파생상품계약_장내파생상품_기타,0,국내증권사,B,SF205,각주항목(09.06월 이후)
37769,202203,0010130,하나증권주식회사,C2,파생상품계약_장외파생상품,149112121544697,국내증권사,B,SF205,각주항목(09.06월 이후)
37770,202203,0010130,하나증권주식회사,C21,파생상품계약_장외파생상품_이자율관련거래,74499287148000,국내증권사,B,SF205,각주항목(09.06월 이후)
37771,202203,0010130,하나증권주식회사,C22,파생상품계약_장외파생상품_통화관련거래,41286660813487,국내증권사,B,SF205,각주항목(09.06월 이후)
37772,202203,0010130,하나증권주식회사,C23,파생상품계약_장외파생상품_주식관련거래,5023377920643,국내증권사,B,SF205,각주항목(09.06월 이후)
37773,202203,0010130,하나증권주식회사,C24,파생상품계약_장외파생상품_신용관련거래,18040769402183,국내증권사,B,SF205,각주항목(09.06월 이후)
37774,202203,0010130,하나증권주식회사,C25,파생상품계약_장외파생상품_기타,10262026260384,국내증권사,B,SF205,각주항목(09.06월 이후)
37775,202203,0010130,하나증권주식회사,D,대차 및 대주거래,5652098542692,국내증권사,B,SF205,각주항목(09.06월 이후)
37776,202203,0010130,하나증권주식회사,D1,대차 및 대주거래_대여증권,774954852746,국내증권사,B,SF205,각주항목(09.06월 이후)
37777,202203,0010130,하나증권주식회사,D2,대차 및 대주거래_차입증권,4877143689946,국내증권사,B,SF205,각주항목(09.06월 이후)
37778,202203,0010130,하나증권주식회사,D3,대차 및 대주거래_신용거래대주, ,국내증권사,B,SF205,각주항목(09.06월 이후)
37779,202203,0010130,하나증권주식회사,E,대손상각채권,61025490194,국내증권사,B,SF205,각주항목(09.06월 이후)
37780,202203,0010130,하나증권주식회사,F,환전업무 예치금,0,국내증권사,B,SF205,각주항목(09.06월 이후)
37781,202203,0010130,하나증권주식회사,G,미배당별도예치금, ,국내증권사,B,SF205,각주항목(09.06월 이후)
37782,202203,0010130,하나증권주식회사,H,배서어음매출(종금계정),0,국내증권사,B,SF205,각주항목(09.06월 이후)
37783,202203,0010130,하나증권주식회사,H1,대출채권매매이익_담보부, ,국내증권사,B,SF205,각주항목(09.06월 이후)
37784,202203,0010130,하나증권주식회사,H2,대출채권매매이익_무담보부, ,국내증권사,B,SF205,각주항목(09.06월 이후)
37785,202206,0010130,하나증권주식회사,A,채무보증,4854537398425,국내증권사,B,SF205,각주항목(09.06월 이후)
37786,202206,0010130,하나증권주식회사,A1,채무보증_지급보증,2190000000,국내증권사,B,SF205,각주항목(09.06월 이후)
37787,202206,0010130,하나증권주식회사,A2,채무보증_매입보장약정,0,국내증권사,B,SF205,각주항목(09.06월 이후)
37788,202206,0010130,하나증권주식회사,A3,채무보증_채무인수약정,0,국내증권사,B,SF205,각주항목(09.06월 이후)
37789,202206,0010130,하나증권주식회사,A5,채무보증_매입확약,4852347398425,국내증권사,B,SF205,각주항목(09.06월 이후)
37790,202206,0010130,하나증권주식회사,A6,채무보증_기타,0,국내증권사,B,SF205,각주항목(09.06월 이후)
37791,202206,0010130,하나증권주식회사,B,투자자의 예수증권 등,94004830238426,국내증권사,B,SF205,각주항목(09.06월 이후)
37792,202206,0010130,하나증권주식회사,B1,투자자의 예수증권 등_예수 증권,94004830238426,국내증권사,B,SF205,각주항목(09.06월 이후)
37793,202206,0010130,하나증권주식회사,B2,투자자의 예수증권 등_예수양도성예금증서, ,국내증권사,B,SF205,각주항목(09.06월 이후)
37794,202206,0010130,하나증권주식회사,B3,투자자의 예수증권 등_기타, ,국내증권사,B,SF205,각주항목(09.06월 이후)
37795,202206,0010130,하나증권주식회사,C,파생상품계약,187069524997459,국내증권사,B,SF205,각주항목(09.06월 이후)
37796,202206,0010130,하나증권주식회사,C1,파생상품계약_장내파생상품,12746812979035,국내증권사,B,SF205,각주항목(09.06월 이후)
37797,202206,0010130,하나증권주식회사,C11,파생상품계약_장내파생상품_이자율관련거래,4067139770098,국내증권사,B,SF205,각주항목(09.06월 이후)
37798,202206,0010130,하나증권주식회사,C12,파생상품계약_장내파생상품_통화관련거래,183929774063,국내증권사,B,SF205,각주항목(09.06월 이후)
37799,202206,0010130,하나증권주식회사,C13,파생상품계약_장내파생상품_주식관련거래,6925238891471,국내증권사,B,SF205,각주항목(09.06월 이후)
37800,202206,0010130,하나증권주식회사,C14,파생상품계약_장내파생상품_일반상품관련거래,1570504543403,국내증권사,B,SF205,각주항목(09.06월 이후)
37801,202206,0010130,하나증권주식회사,C15,파생상품계약_장내파생상품_기타,0,국내증권사,B,SF205,각주항목(09.06월 이후)
37802,202206,0010130,하나증권주식회사,C2,파생상품계약_장외파생상품,174322712018424,국내증권사,B,SF205,각주항목(09.06월 이후)
37803,202206,0010130,하나증권주식회사,C21,파생상품계약_장외파생상품_이자율관련거래,93364759574000,국내증권사,B,SF205,각주항목(09.06월 이후)
37804,202206,0010130,하나증권주식회사,C22,파생상품계약_장외파생상품_통화관련거래,43873969618633,국내증권사,B,SF205,각주항목(09.06월 이후)
37805,202206,0010130,하나증권주식회사,C23,파생상품계약_장외파생상품_주식관련거래,5599448775121,국내증권사,B,SF205,각주항목(09.06월 이후)
37806,202206,0010130,하나증권주식회사,C24,파생상품계약_장외파생상품_신용관련거래,20940826282426,국내증권사,B,SF205,각주항목(09.06월 이후)
37807,202206,0010130,하나증권주식회사,C25,파생상품계약_장외파생상품_기타,10543707768244,국내증권사,B,SF205,각주항목(09.06월 이후)
37808,202206,0010130,하나증권주식회사,D,대차 및 대주거래,6181584382614,국내증권사,B,SF205,각주항목(09.06월 이후)
37809,202206,0010130,하나증권주식회사,D1,대차 및 대주거래_대여증권,607752681041,국내증권사,B,SF205,각주항목(09.06월 이후)
37810,202206,0010130,하나증권주식회사,D2,대차 및 대주거래_차입증권,5573831701573,국내증권사,B,SF205,각주항목(09.06월 이후)
37811,202206,0010130,하나증권주식회사,D3,대차 및 대주거래_신용거래대주,0,국내증권사,B,SF205,각주항목(09.06월 이후)
37812,202206,0010130,하나증권주식회사,E,대손상각채권,61129468136,국내증권사,B,SF205,각주항목(09.06월 이후)
37813,202206,0010130,하나증권주식회사,F,환전업무 예치금,0,국내증권사,B,SF205,각주항목(09.06월 이후)
37814,202206,0010130,하나증권주식회사,G,미배당별도예치금, ,국내증권사,B,SF205,각주항목(09.06월 이후)
37815,202206,0010130,하나증권주식회사,H,배서어음매출(종금계정),0,국내증권사,B,SF205,각주항목(09.06월 이후)
37816,202206,0010130,하나증권주식회사,H1,대출채권매매이익_담보부, ,국내증권사,B,SF205,각주항목(09.06월 이후)
37817,202206,0010130,하나증권주식회사,H2,대출채권매매이익_무담보부, ,국내증권사,B,SF205,각주항목(09.06월 이후)
37818,202209,0010130,하나증권주식회사,A,채무보증,3902857427701,국내증권사,B,SF205,각주항목(09.06월 이후)
37819,202209,0010130,하나증권주식회사,A1,채무보증_지급보증,2190000000,국내증권사,B,SF205,각주항목(09.06월 이후)
37820,202209,0010130,하나증권주식회사,A2,채무보증_매입보장약정,0,국내증권사,B,SF205,각주항목(09.06월 이후)
37821,202209,0010130,하나증권주식회사,A3,채무보증_채무인수약정,0,국내증권사,B,SF205,각주항목(09.06월 이후)
37822,202209,0010130,하나증권주식회사,A5,채무보증_매입확약,3900667427701,국내증권사,B,SF205,각주항목(09.06월 이후)
37823,202209,0010130,하나증권주식회사,A6,채무보증_기타,0,국내증권사,B,SF205,각주항목(09.06월 이후)
37824,202209,0010130,하나증권주식회사,B,투자자의 예수증권 등,91039619367243,국내증권사,B,SF205,각주항목(09.06월 이후)
37825,202209,0010130,하나증권주식회사,B1,투자자의 예수증권 등_예수 증권,91039619367243,국내증권사,B,SF205,각주항목(09.06월 이후)
37826,202209,0010130,하나증권주식회사,B2,투자자의 예수증권 등_예수양도성예금증서, ,국내증권사,B,SF205,각주항목(09.06월 이후)
37827,202209,0010130,하나증권주식회사,B3,투자자의 예수증권 등_기타, ,국내증권사,B,SF205,각주항목(09.06월 이후)
37828,202209,0010130,하나증권주식회사,C,파생상품계약,212685339201945,국내증권사,B,SF205,각주항목(09.06월 이후)
37829,202209,0010130,하나증권주식회사,C1,파생상품계약_장내파생상품,11376387467686,국내증권사,B,SF205,각주항목(09.06월 이후)
37830,202209,0010130,하나증권주식회사,C11,파생상품계약_장내파생상품_이자율관련거래,3511176104180,국내증권사,B,SF205,각주항목(09.06월 이후)
37831,202209,0010130,하나증권주식회사,C12,파생상품계약_장내파생상품_통화관련거래,347417220479,국내증권사,B,SF205,각주항목(09.06월 이후)
37832,202209,0010130,하나증권주식회사,C13,파생상품계약_장내파생상품_주식관련거래,6093884263326,국내증권사,B,SF205,각주항목(09.06월 이후)
37833,202209,0010130,하나증권주식회사,C14,파생상품계약_장내파생상품_일반상품관련거래,1423909879701,국내증권사,B,SF205,각주항목(09.06월 이후)
37834,202209,0010130,하나증권주식회사,C15,파생상품계약_장내파생상품_기타,0,국내증권사,B,SF205,각주항목(09.06월 이후)
37835,202209,0010130,하나증권주식회사,C2,파생상품계약_장외파생상품,201308951734259,국내증권사,B,SF205,각주항목(09.06월 이후)
37836,202209,0010130,하나증권주식회사,C21,파생상품계약_장외파생상품_이자율관련거래,110596906838000,국내증권사,B,SF205,각주항목(09.06월 이후)
37837,202209,0010130,하나증권주식회사,C22,파생상품계약_장외파생상품_통화관련거래,46663519444117,국내증권사,B,SF205,각주항목(09.06월 이후)
37838,202209,0010130,하나증권주식회사,C23,파생상품계약_장외파생상품_주식관련거래,5123672904370,국내증권사,B,SF205,각주항목(09.06월 이후)
37839,202209,0010130,하나증권주식회사,C24,파생상품계약_장외파생상품_신용관련거래,25255097256071,국내증권사,B,SF205,각주항목(09.06월 이후)
37840,202209,0010130,하나증권주식회사,C25,파생상품계약_장외파생상품_기타,13669755291701,국내증권사,B,SF205,각주항목(09.06월 이후)
37841,202209,0010130,하나증권주식회사,D,대차 및 대주거래,6312358682837,국내증권사,B,SF205,각주항목(09.06월 이후)
37842,202209,0010130,하나증권주식회사,D1,대차 및 대주거래_대여증권,486537308286,국내증권사,B,SF205,각주항목(09.06월 이후)
37843,202209,0010130,하나증권주식회사,D2,대차 및 대주거래_차입증권,5825821374551,국내증권사,B,SF205,각주항목(09.06월 이후)
37844,202209,0010130,하나증권주식회사,D3,대차 및 대주거래_신용거래대주,0,국내증권사,B,SF205,각주항목(09.06월 이후)
37845,202209,0010130,하나증권주식회사,E,대손상각채권,61129468136,국내증권사,B,SF205,각주항목(09.06월 이후)
37846,202209,0010130,하나증권주식회사,F,환전업무 예치금,0,국내증권사,B,SF205,각주항목(09.06월 이후)
37847,202209,0010130,하나증권주식회사,G,미배당별도예치금, ,국내증권사,B,SF205,각주항목(09.06월 이후)
37848,202209,0010130,하나증권주식회사,H,배서어음매출(종금계정),0,국내증권사,B,SF205,각주항목(09.06월 이후)
37849,202209,0010130,하나증권주식회사,H1,대출채권매매이익_담보부,0,국내증권사,B,SF205,각주항목(09.06월 이후)
37850,202209,0010130,하나증권주식회사,H2,대출채권매매이익_무담보부,0,국내증권사,B,SF205,각주항목(09.06월 이후)
37851,202212,0010130,하나증권주식회사,A,채무보증,3104907139918,국내증권사,B,SF205,각주항목(09.06월 이후)
37852,202212,0010130,하나증권주식회사,A1,채무보증_지급보증,2190000000,국내증권사,B,SF205,각주항목(09.06월 이후)
37853,202212,0010130,하나증권주식회사,A2,채무보증_매입보장약정,0,국내증권사,B,SF205,각주항목(09.06월 이후)
37854,202212,0010130,하나증권주식회사,A3,채무보증_채무인수약정,0,국내증권사,B,SF205,각주항목(09.06월 이후)
37855,202212,0010130,하나증권주식회사,A5,채무보증_매입확약,3102717139918,국내증권사,B,SF205,각주항목(09.06월 이후)
37856,202212,0010130,하나증권주식회사,A6,채무보증_기타,0,국내증권사,B,SF205,각주항목(09.06월 이후)
37857,202212,0010130,하나증권주식회사,B,투자자의 예수증권 등,90818826949014,국내증권사,B,SF205,각주항목(09.06월 이후)
37858,202212,0010130,하나증권주식회사,B1,투자자의 예수증권 등_예수 증권,90818826949014,국내증권사,B,SF205,각주항목(09.06월 이후)
37859,202212,0010130,하나증권주식회사,B2,투자자의 예수증권 등_예수양도성예금증서, ,국내증권사,B,SF205,각주항목(09.06월 이후)
37860,202212,0010130,하나증권주식회사,B3,투자자의 예수증권 등_기타, ,국내증권사,B,SF205,각주항목(09.06월 이후)
37861,202212,0010130,하나증권주식회사,C,파생상품계약,202887572362625,국내증권사,B,SF205,각주항목(09.06월 이후)
37862,202212,0010130,하나증권주식회사,C1,파생상품계약_장내파생상품,11114537656981,국내증권사,B,SF205,각주항목(09.06월 이후)
37863,202212,0010130,하나증권주식회사,C11,파생상품계약_장내파생상품_이자율관련거래,2749988616030,국내증권사,B,SF205,각주항목(09.06월 이후)
37864,202212,0010130,하나증권주식회사,C12,파생상품계약_장내파생상품_통화관련거래,269658729722,국내증권사,B,SF205,각주항목(09.06월 이후)
37865,202212,0010130,하나증권주식회사,C13,파생상품계약_장내파생상품_주식관련거래,6603179415481,국내증권사,B,SF205,각주항목(09.06월 이후)
37866,202212,0010130,하나증권주식회사,C14,파생상품계약_장내파생상품_일반상품관련거래,1491710895748,국내증권사,B,SF205,각주항목(09.06월 이후)
37867,202212,0010130,하나증권주식회사,C15,파생상품계약_장내파생상품_기타,0,국내증권사,B,SF205,각주항목(09.06월 이후)
37868,202212,0010130,하나증권주식회사,C2,파생상품계약_장외파생상품,191773034705644,국내증권사,B,SF205,각주항목(09.06월 이후)
37869,202212,0010130,하나증권주식회사,C21,파생상품계약_장외파생상품_이자율관련거래,112027538888000,국내증권사,B,SF205,각주항목(09.06월 이후)
37870,202212,0010130,하나증권주식회사,C22,파생상품계약_장외파생상품_통화관련거래,40190282275419,국내증권사,B,SF205,각주항목(09.06월 이후)
37871,202212,0010130,하나증권주식회사,C23,파생상품계약_장외파생상품_주식관련거래,4659732303095,국내증권사,B,SF205,각주항목(09.06월 이후)
37872,202212,0010130,하나증권주식회사,C24,파생상품계약_장외파생상품_신용관련거래,23158377823413,국내증권사,B,SF205,각주항목(09.06월 이후)
37873,202212,0010130,하나증권주식회사,C25,파생상품계약_장외파생상품_기타,11737103415717,국내증권사,B,SF205,각주항목(09.06월 이후)
37874,202212,0010130,하나증권주식회사,D,대차 및 대주거래,7178942438602,국내증권사,B,SF205,각주항목(09.06월 이후)
37875,202212,0010130,하나증권주식회사,D1,대차 및 대주거래_대여증권,1103819963277,국내증권사,B,SF205,각주항목(09.06월 이후)
37876,202212,0010130,하나증권주식회사,D2,대차 및 대주거래_차입증권,6075122475325,국내증권사,B,SF205,각주항목(09.06월 이후)
37877,202212,0010130,하나증권주식회사,D3,대차 및 대주거래_신용거래대주,0,국내증권사,B,SF205,각주항목(09.06월 이후)
37878,202212,0010130,하나증권주식회사,E,대손상각채권,62191006875,국내증권사,B,SF205,각주항목(09.06월 이후)
37879,202212,0010130,하나증권주식회사,F,환전업무 예치금,0,국내증권사,B,SF205,각주항목(09.06월 이후)
37880,202212,0010130,하나증권주식회사,G,미배당별도예치금, ,국내증권사,B,SF205,각주항목(09.06월 이후)
37881,202212,0010130,하나증권주식회사,H,배서어음매출(종금계정),0,국내증권사,B,SF205,각주항목(09.06월 이후)
37882,202212,0010130,하나증권주식회사,H1,대출채권매매이익_담보부,0,국내증권사,B,SF205,각주항목(09.06월 이후)
37883,202212,0010130,하나증권주식회사,H2,대출채권매매이익_무담보부,0,국내증권사,B,SF205,각주항목(09.06월 이후)
37884,202303,0010130,하나증권주식회사,A,채무보증,3221191369468,국내증권사,B,SF205,각주항목(09.06월 이후)
37885,202303,0010130,하나증권주식회사,A1,채무보증_지급보증,80190000000,국내증권사,B,SF205,각주항목(09.06월 이후)
37886,202303,0010130,하나증권주식회사,A2,채무보증_매입보장약정,0,국내증권사,B,SF205,각주항목(09.06월 이후)
37887,202303,0010130,하나증권주식회사,A3,채무보증_채무인수약정,0,국내증권사,B,SF205,각주항목(09.06월 이후)
37888,202303,0010130,하나증권주식회사,A5,채무보증_매입확약,3141001369468,국내증권사,B,SF205,각주항목(09.06월 이후)
37889,202303,0010130,하나증권주식회사,A6,채무보증_기타,0,국내증권사,B,SF205,각주항목(09.06월 이후)
37890,202303,0010130,하나증권주식회사,B,투자자의 예수증권 등,99345608180742,국내증권사,B,SF205,각주항목(09.06월 이후)
37891,202303,0010130,하나증권주식회사,B1,투자자의 예수증권 등_예수 증권,99345608180742,국내증권사,B,SF205,각주항목(09.06월 이후)
37892,202303,0010130,하나증권주식회사,B2,투자자의 예수증권 등_예수양도성예금증서, ,국내증권사,B,SF205,각주항목(09.06월 이후)
37893,202303,0010130,하나증권주식회사,B3,투자자의 예수증권 등_기타, ,국내증권사,B,SF205,각주항목(09.06월 이후)
37894,202303,0010130,하나증권주식회사,C,파생상품계약,233001026123406,국내증권사,B,SF205,각주항목(09.06월 이후)
37895,202303,0010130,하나증권주식회사,C1,파생상품계약_장내파생상품,13250021031070,국내증권사,B,SF205,각주항목(09.06월 이후)
37896,202303,0010130,하나증권주식회사,C11,파생상품계약_장내파생상품_이자율관련거래,4129845576136,국내증권사,B,SF205,각주항목(09.06월 이후)
37897,202303,0010130,하나증권주식회사,C12,파생상품계약_장내파생상품_통화관련거래,397614050938,국내증권사,B,SF205,각주항목(09.06월 이후)
37898,202303,0010130,하나증권주식회사,C13,파생상품계약_장내파생상품_주식관련거래,7028998299638,국내증권사,B,SF205,각주항목(09.06월 이후)
37899,202303,0010130,하나증권주식회사,C14,파생상품계약_장내파생상품_일반상품관련거래,1693563104358,국내증권사,B,SF205,각주항목(09.06월 이후)
37900,202303,0010130,하나증권주식회사,C15,파생상품계약_장내파생상품_기타,0,국내증권사,B,SF205,각주항목(09.06월 이후)
37901,202303,0010130,하나증권주식회사,C2,파생상품계약_장외파생상품,219751005092336,국내증권사,B,SF205,각주항목(09.06월 이후)
37902,202303,0010130,하나증권주식회사,C21,파생상품계약_장외파생상품_이자율관련거래,140486725686000,국내증권사,B,SF205,각주항목(09.06월 이후)
37903,202303,0010130,하나증권주식회사,C22,파생상품계약_장외파생상품_통화관련거래,36563695025867,국내증권사,B,SF205,각주항목(09.06월 이후)
37904,202303,0010130,하나증권주식회사,C23,파생상품계약_장외파생상품_주식관련거래,4396660030924,국내증권사,B,SF205,각주항목(09.06월 이후)
37905,202303,0010130,하나증권주식회사,C24,파생상품계약_장외파생상품_신용관련거래,24992678091261,국내증권사,B,SF205,각주항목(09.06월 이후)
37906,202303,0010130,하나증권주식회사,C25,파생상품계약_장외파생상품_기타,13311246258284,국내증권사,B,SF205,각주항목(09.06월 이후)
37907,202303,0010130,하나증권주식회사,D,대차 및 대주거래,8669449004245,국내증권사,B,SF205,각주항목(09.06월 이후)
37908,202303,0010130,하나증권주식회사,D1,대차 및 대주거래_대여증권,1877844557687,국내증권사,B,SF205,각주항목(09.06월 이후)
37909,202303,0010130,하나증권주식회사,D2,대차 및 대주거래_차입증권,6791604446558,국내증권사,B,SF205,각주항목(09.06월 이후)
37910,202303,0010130,하나증권주식회사,D3,대차 및 대주거래_신용거래대주,0,국내증권사,B,SF205,각주항목(09.06월 이후)
37911,202303,0010130,하나증권주식회사,E,대손상각채권,62230455952,국내증권사,B,SF205,각주항목(09.06월 이후)
37912,202303,0010130,하나증권주식회사,F,환전업무 예치금,0,국내증권사,B,SF205,각주항목(09.06월 이후)
37913,202303,0010130,하나증권주식회사,G,미배당별도예치금, ,국내증권사,B,SF205,각주항목(09.06월 이후)
37914,202303,0010130,하나증권주식회사,H,배서어음매출(종금계정),0,국내증권사,B,SF205,각주항목(09.06월 이후)
37915,202303,0010130,하나증권주식회사,H1,대출채권매매이익_담보부,0,국내증권사,B,SF205,각주항목(09.06월 이후)
37916,202303,0010130,하나증권주식회사,H2,대출채권매매이익_무담보부,0,국내증권사,B,SF205,각주항목(09.06월 이후)
37917,202306,0010130,하나증권주식회사,A,채무보증,3242787812899,국내증권사,B,SF205,각주항목(09.06월 이후)
37918,202306,0010130,하나증권주식회사,A1,채무보증_지급보증,78000000000,국내증권사,B,SF205,각주항목(09.06월 이후)
37919,202306,0010130,하나증권주식회사,A2,채무보증_매입보장약정,0,국내증권사,B,SF205,각주항목(09.06월 이후)
37920,202306,0010130,하나증권주식회사,A3,채무보증_채무인수약정,0,국내증권사,B,SF205,각주항목(09.06월 이후)
37921,202306,0010130,하나증권주식회사,A5,채무보증_매입확약,3164787812899,국내증권사,B,SF205,각주항목(09.06월 이후)
37922,202306,0010130,하나증권주식회사,A6,채무보증_기타,0,국내증권사,B,SF205,각주항목(09.06월 이후)
37923,202306,0010130,하나증권주식회사,B,투자자의 예수증권 등,99812204584053,국내증권사,B,SF205,각주항목(09.06월 이후)
37924,202306,0010130,하나증권주식회사,B1,투자자의 예수증권 등_예수 증권,99812204584053,국내증권사,B,SF205,각주항목(09.06월 이후)
37925,202306,0010130,하나증권주식회사,B2,투자자의 예수증권 등_예수양도성예금증서, ,국내증권사,B,SF205,각주항목(09.06월 이후)
37926,202306,0010130,하나증권주식회사,B3,투자자의 예수증권 등_기타, ,국내증권사,B,SF205,각주항목(09.06월 이후)
37927,202306,0010130,하나증권주식회사,C,파생상품계약,234520491368948,국내증권사,B,SF205,각주항목(09.06월 이후)
37928,202306,0010130,하나증권주식회사,C1,파생상품계약_장내파생상품,14147741797268,국내증권사,B,SF205,각주항목(09.06월 이후)
37929,202306,0010130,하나증권주식회사,C11,파생상품계약_장내파생상품_이자율관련거래,4922314701398,국내증권사,B,SF205,각주항목(09.06월 이후)
37930,202306,0010130,하나증권주식회사,C12,파생상품계약_장내파생상품_통화관련거래,315992249563,국내증권사,B,SF205,각주항목(09.06월 이후)
37931,202306,0010130,하나증권주식회사,C13,파생상품계약_장내파생상품_주식관련거래,7306725978460,국내증권사,B,SF205,각주항목(09.06월 이후)
37932,202306,0010130,하나증권주식회사,C14,파생상품계약_장내파생상품_일반상품관련거래,1602708867847,국내증권사,B,SF205,각주항목(09.06월 이후)
37933,202306,0010130,하나증권주식회사,C15,파생상품계약_장내파생상품_기타,0,국내증권사,B,SF205,각주항목(09.06월 이후)
37934,202306,0010130,하나증권주식회사,C2,파생상품계약_장외파생상품,220372749571680,국내증권사,B,SF205,각주항목(09.06월 이후)
37935,202306,0010130,하나증권주식회사,C21,파생상품계약_장외파생상품_이자율관련거래,148697584322000,국내증권사,B,SF205,각주항목(09.06월 이후)
37936,202306,0010130,하나증권주식회사,C22,파생상품계약_장외파생상품_통화관련거래,29936548286680,국내증권사,B,SF205,각주항목(09.06월 이후)
37937,202306,0010130,하나증권주식회사,C23,파생상품계약_장외파생상품_주식관련거래,5045803847799,국내증권사,B,SF205,각주항목(09.06월 이후)
37938,202306,0010130,하나증권주식회사,C24,파생상품계약_장외파생상품_신용관련거래,22890152099859,국내증권사,B,SF205,각주항목(09.06월 이후)
37939,202306,0010130,하나증권주식회사,C25,파생상품계약_장외파생상품_기타,13802661015342,국내증권사,B,SF205,각주항목(09.06월 이후)
37940,202306,0010130,하나증권주식회사,D,대차 및 대주거래,8594131761846,국내증권사,B,SF205,각주항목(09.06월 이후)
37941,202306,0010130,하나증권주식회사,D1,대차 및 대주거래_대여증권,1767771250686,국내증권사,B,SF205,각주항목(09.06월 이후)
37942,202306,0010130,하나증권주식회사,D2,대차 및 대주거래_차입증권,6826360511160,국내증권사,B,SF205,각주항목(09.06월 이후)
37943,202306,0010130,하나증권주식회사,D3,대차 및 대주거래_신용거래대주,0,국내증권사,B,SF205,각주항목(09.06월 이후)
37944,202306,0010130,하나증권주식회사,E,대손상각채권,63324456641,국내증권사,B,SF205,각주항목(09.06월 이후)
37945,202306,0010130,하나증권주식회사,F,환전업무 예치금,0,국내증권사,B,SF205,각주항목(09.06월 이후)
37946,202306,0010130,하나증권주식회사,G,미배당별도예치금, ,국내증권사,B,SF205,각주항목(09.06월 이후)
37947,202306,0010130,하나증권주식회사,H,배서어음매출(종금계정),0,국내증권사,B,SF205,각주항목(09.06월 이후)
37948,202306,0010130,하나증권주식회사,H1,대출채권매매이익_담보부, ,국내증권사,B,SF205,각주항목(09.06월 이후)
37949,202306,0010130,하나증권주식회사,H2,대출채권매매이익_무담보부, ,국내증권사,B,SF205,각주항목(09.06월 이후)
37950,202309,0010130,하나증권주식회사,A,채무보증,3041454739851,국내증권사,B,SF205,각주항목(09.06월 이후)
37951,202309,0010130,하나증권주식회사,A1,채무보증_지급보증,78000000000,국내증권사,B,SF205,각주항목(09.06월 이후)
37952,202309,0010130,하나증권주식회사,A2,채무보증_매입보장약정,0,국내증권사,B,SF205,각주항목(09.06월 이후)
37953,202309,0010130,하나증권주식회사,A3,채무보증_채무인수약정,0,국내증권사,B,SF205,각주항목(09.06월 이후)
37954,202309,0010130,하나증권주식회사,A5,채무보증_매입확약,2963454739851,국내증권사,B,SF205,각주항목(09.06월 이후)
37955,202309,0010130,하나증권주식회사,A6,채무보증_기타,0,국내증권사,B,SF205,각주항목(09.06월 이후)
37956,202309,0010130,하나증권주식회사,B,투자자의 예수증권 등,98364187987133,국내증권사,B,SF205,각주항목(09.06월 이후)
37957,202309,0010130,하나증권주식회사,B1,투자자의 예수증권 등_예수 증권,98364187987133,국내증권사,B,SF205,각주항목(09.06월 이후)
37958,202309,0010130,하나증권주식회사,B2,투자자의 예수증권 등_예수양도성예금증서, ,국내증권사,B,SF205,각주항목(09.06월 이후)
37959,202309,0010130,하나증권주식회사,B3,투자자의 예수증권 등_기타, ,국내증권사,B,SF205,각주항목(09.06월 이후)
37960,202309,0010130,하나증권주식회사,C,파생상품계약,235024674756983,국내증권사,B,SF205,각주항목(09.06월 이후)
37961,202309,0010130,하나증권주식회사,C1,파생상품계약_장내파생상품,11936884942811,국내증권사,B,SF205,각주항목(09.06월 이후)
37962,202309,0010130,하나증권주식회사,C11,파생상품계약_장내파생상품_이자율관련거래,4760989928419,국내증권사,B,SF205,각주항목(09.06월 이후)
37963,202309,0010130,하나증권주식회사,C12,파생상품계약_장내파생상품_통화관련거래,259445539157,국내증권사,B,SF205,각주항목(09.06월 이후)
37964,202309,0010130,하나증권주식회사,C13,파생상품계약_장내파생상품_주식관련거래,5276490430058,국내증권사,B,SF205,각주항목(09.06월 이후)
37965,202309,0010130,하나증권주식회사,C14,파생상품계약_장내파생상품_일반상품관련거래,1639959045177,국내증권사,B,SF205,각주항목(09.06월 이후)
37966,202309,0010130,하나증권주식회사,C15,파생상품계약_장내파생상품_기타,0,국내증권사,B,SF205,각주항목(09.06월 이후)
37967,202309,0010130,하나증권주식회사,C2,파생상품계약_장외파생상품,223087789814172,국내증권사,B,SF205,각주항목(09.06월 이후)
37968,202309,0010130,하나증권주식회사,C21,파생상품계약_장외파생상품_이자율관련거래,147095337912205,국내증권사,B,SF205,각주항목(09.06월 이후)
37969,202309,0010130,하나증권주식회사,C22,파생상품계약_장외파생상품_통화관련거래,34188352909177,국내증권사,B,SF205,각주항목(09.06월 이후)
37970,202309,0010130,하나증권주식회사,C23,파생상품계약_장외파생상품_주식관련거래,4979829371579,국내증권사,B,SF205,각주항목(09.06월 이후)
37971,202309,0010130,하나증권주식회사,C24,파생상품계약_장외파생상품_신용관련거래,22369022602006,국내증권사,B,SF205,각주항목(09.06월 이후)
37972,202309,0010130,하나증권주식회사,C25,파생상품계약_장외파생상품_기타,14455247019205,국내증권사,B,SF205,각주항목(09.06월 이후)
37973,202309,0010130,하나증권주식회사,D,대차 및 대주거래,8130837552897,국내증권사,B,SF205,각주항목(09.06월 이후)
37974,202309,0010130,하나증권주식회사,D1,대차 및 대주거래_대여증권,1471146443871,국내증권사,B,SF205,각주항목(09.06월 이후)
37975,202309,0010130,하나증권주식회사,D2,대차 및 대주거래_차입증권,6659691109026,국내증권사,B,SF205,각주항목(09.06월 이후)
37976,202309,0010130,하나증권주식회사,D3,대차 및 대주거래_신용거래대주,0,국내증권사,B,SF205,각주항목(09.06월 이후)
37977,202309,0010130,하나증권주식회사,E,대손상각채권,178134843404,국내증권사,B,SF205,각주항목(09.06월 이후)
37978,202309,0010130,하나증권주식회사,F,환전업무 예치금,0,국내증권사,B,SF205,각주항목(09.06월 이후)
37979,202309,0010130,하나증권주식회사,G,미배당별도예치금, ,국내증권사,B,SF205,각주항목(09.06월 이후)
37980,202309,0010130,하나증권주식회사,H,배서어음매출(종금계정),0,국내증권사,B,SF205,각주항목(09.06월 이후)
37981,202309,0010130,하나증권주식회사,H1,대출채권매매이익_담보부, ,국내증권사,B,SF205,각주항목(09.06월 이후)
37982,202309,0010130,하나증권주식회사,H2,대출채권매매이익_무담보부, ,국내증권사,B,SF205,각주항목(09.06월 이후)
37983,202312,0010130,하나증권주식회사,A,채무보증,2896820022766,국내증권사,B,SF205,각주항목(09.06월 이후)
37984,202312,0010130,하나증권주식회사,A1,채무보증_지급보증,78000000000,국내증권사,B,SF205,각주항목(09.06월 이후)
37985,202312,0010130,하나증권주식회사,A2,채무보증_매입보장약정,0,국내증권사,B,SF205,각주항목(09.06월 이후)
37986,202312,0010130,하나증권주식회사,A3,채무보증_채무인수약정,0,국내증권사,B,SF205,각주항목(09.06월 이후)
37987,202312,0010130,하나증권주식회사,A5,채무보증_매입확약,2818820022766,국내증권사,B,SF205,각주항목(09.06월 이후)
37988,202312,0010130,하나증권주식회사,A6,채무보증_기타,0,국내증권사,B,SF205,각주항목(09.06월 이후)
37989,202312,0010130,하나증권주식회사,B,투자자의 예수증권 등,97893226256741,국내증권사,B,SF205,각주항목(09.06월 이후)
37990,202312,0010130,하나증권주식회사,B1,투자자의 예수증권 등_예수 증권,97893226256741,국내증권사,B,SF205,각주항목(09.06월 이후)
37991,202312,0010130,하나증권주식회사,B2,투자자의 예수증권 등_예수양도성예금증서, ,국내증권사,B,SF205,각주항목(09.06월 이후)
37992,202312,0010130,하나증권주식회사,B3,투자자의 예수증권 등_기타, ,국내증권사,B,SF205,각주항목(09.06월 이후)
37993,202312,0010130,하나증권주식회사,C,파생상품계약,221252310436347,국내증권사,B,SF205,각주항목(09.06월 이후)
37994,202312,0010130,하나증권주식회사,C1,파생상품계약_장내파생상품,17461883254158,국내증권사,B,SF205,각주항목(09.06월 이후)
37995,202312,0010130,하나증권주식회사,C11,파생상품계약_장내파생상품_이자율관련거래,4789706533471,국내증권사,B,SF205,각주항목(09.06월 이후)
37996,202312,0010130,하나증권주식회사,C12,파생상품계약_장내파생상품_통화관련거래,204173434710,국내증권사,B,SF205,각주항목(09.06월 이후)
37997,202312,0010130,하나증권주식회사,C13,파생상품계약_장내파생상품_주식관련거래,10837539758230,국내증권사,B,SF205,각주항목(09.06월 이후)
37998,202312,0010130,하나증권주식회사,C14,파생상품계약_장내파생상품_일반상품관련거래,1630463527747,국내증권사,B,SF205,각주항목(09.06월 이후)
37999,202312,0010130,하나증권주식회사,C15,파생상품계약_장내파생상품_기타,0,국내증권사,B,SF205,각주항목(09.06월 이후)
38000,202312,0010130,하나증권주식회사,C2,파생상품계약_장외파생상품,203790427182189,국내증권사,B,SF205,각주항목(09.06월 이후)
38001,202312,0010130,하나증권주식회사,C21,파생상품계약_장외파생상품_이자율관련거래,139631210872390,국내증권사,B,SF205,각주항목(09.06월 이후)
38002,202312,0010130,하나증권주식회사,C22,파생상품계약_장외파생상품_통화관련거래,33816703209307,국내증권사,B,SF205,각주항목(09.06월 이후)
38003,202312,0010130,하나증권주식회사,C23,파생상품계약_장외파생상품_주식관련거래,4375847260782,국내증권사,B,SF205,각주항목(09.06월 이후)
38004,202312,0010130,하나증권주식회사,C24,파생상품계약_장외파생상품_신용관련거래,18686923760232,국내증권사,B,SF205,각주항목(09.06월 이후)
38005,202312,0010130,하나증권주식회사,C25,파생상품계약_장외파생상품_기타,7279742079478,국내증권사,B,SF205,각주항목(09.06월 이후)
38006,202312,0010130,하나증권주식회사,D,대차 및 대주거래,8584765902936,국내증권사,B,SF205,각주항목(09.06월 이후)
38007,202312,0010130,하나증권주식회사,D1,대차 및 대주거래_대여증권,1246985071359,국내증권사,B,SF205,각주항목(09.06월 이후)
38008,202312,0010130,하나증권주식회사,D2,대차 및 대주거래_차입증권,7337780831577,국내증권사,B,SF205,각주항목(09.06월 이후)
38009,202312,0010130,하나증권주식회사,D3,대차 및 대주거래_신용거래대주,0,국내증권사,B,SF205,각주항목(09.06월 이후)
38010,202312,0010130,하나증권주식회사,E,대손상각채권,272700174213,국내증권사,B,SF205,각주항목(09.06월 이후)
38011,202312,0010130,하나증권주식회사,F,환전업무 예치금,0,국내증권사,B,SF205,각주항목(09.06월 이후)
38012,202312,0010130,하나증권주식회사,G,미배당별도예치금, ,국내증권사,B,SF205,각주항목(09.06월 이후)
38013,202312,0010130,하나증권주식회사,H,배서어음매출(종금계정),0,국내증권사,B,SF205,각주항목(09.06월 이후)
38014,202312,0010130,하나증권주식회사,H1,대출채권매매이익_담보부, ,국내증권사,B,SF205,각주항목(09.06월 이후)
38015,202312,0010130,하나증권주식회사,H2,대출채권매매이익_무담보부, ,국내증권사,B,SF205,각주항목(09.06월 이후)
38016,202403,0010130,하나증권주식회사,A,채무보증,2720759450738,국내증권사,B,SF205,각주항목(09.06월 이후)
38017,202403,0010130,하나증권주식회사,A1,채무보증_지급보증,78000000000,국내증권사,B,SF205,각주항목(09.06월 이후)
38018,202403,0010130,하나증권주식회사,A2,채무보증_매입보장약정,0,국내증권사,B,SF205,각주항목(09.06월 이후)
38019,202403,0010130,하나증권주식회사,A3,채무보증_채무인수약정,0,국내증권사,B,SF205,각주항목(09.06월 이후)
38020,202403,0010130,하나증권주식회사,A5,채무보증_매입확약,2642759450738,국내증권사,B,SF205,각주항목(09.06월 이후)
38021,202403,0010130,하나증권주식회사,A6,채무보증_기타,0,국내증권사,B,SF205,각주항목(09.06월 이후)
38022,202403,0010130,하나증권주식회사,B,투자자의 예수증권 등,101274604997196,국내증권사,B,SF205,각주항목(09.06월 이후)
38023,202403,0010130,하나증권주식회사,B1,투자자의 예수증권 등_예수 증권,101274604997196,국내증권사,B,SF205,각주항목(09.06월 이후)
38024,202403,0010130,하나증권주식회사,B2,투자자의 예수증권 등_예수양도성예금증서, ,국내증권사,B,SF205,각주항목(09.06월 이후)
38025,202403,0010130,하나증권주식회사,B3,투자자의 예수증권 등_기타, ,국내증권사,B,SF205,각주항목(09.06월 이후)
38026,202403,0010130,하나증권주식회사,C,파생상품계약,242030321724224,국내증권사,B,SF205,각주항목(09.06월 이후)
38027,202403,0010130,하나증권주식회사,C1,파생상품계약_장내파생상품,12314646593990,국내증권사,B,SF205,각주항목(09.06월 이후)
38028,202403,0010130,하나증권주식회사,C11,파생상품계약_장내파생상품_이자율관련거래,3749614618504,국내증권사,B,SF205,각주항목(09.06월 이후)
38029,202403,0010130,하나증권주식회사,C12,파생상품계약_장내파생상품_통화관련거래,131446659958,국내증권사,B,SF205,각주항목(09.06월 이후)
38030,202403,0010130,하나증권주식회사,C13,파생상품계약_장내파생상품_주식관련거래,6833070861042,국내증권사,B,SF205,각주항목(09.06월 이후)
38031,202403,0010130,하나증권주식회사,C14,파생상품계약_장내파생상품_일반상품관련거래,1600514454486,국내증권사,B,SF205,각주항목(09.06월 이후)
38032,202403,0010130,하나증권주식회사,C15,파생상품계약_장내파생상품_기타,0,국내증권사,B,SF205,각주항목(09.06월 이후)
38033,202403,0010130,하나증권주식회사,C2,파생상품계약_장외파생상품,229715675130234,국내증권사,B,SF205,각주항목(09.06월 이후)
38034,202403,0010130,하나증권주식회사,C21,파생상품계약_장외파생상품_이자율관련거래,153442643356390,국내증권사,B,SF205,각주항목(09.06월 이후)
38035,202403,0010130,하나증권주식회사,C22,파생상품계약_장외파생상품_통화관련거래,41191970909462,국내증권사,B,SF205,각주항목(09.06월 이후)
38036,202403,0010130,하나증권주식회사,C23,파생상품계약_장외파생상품_주식관련거래,4437165337776,국내증권사,B,SF205,각주항목(09.06월 이후)
38037,202403,0010130,하나증권주식회사,C24,파생상품계약_장외파생상품_신용관련거래,23131826381196,국내증권사,B,SF205,각주항목(09.06월 이후)
38038,202403,0010130,하나증권주식회사,C25,파생상품계약_장외파생상품_기타,7512069145410,국내증권사,B,SF205,각주항목(09.06월 이후)
38039,202403,0010130,하나증권주식회사,D,대차 및 대주거래,9560230110399,국내증권사,B,SF205,각주항목(09.06월 이후)
38040,202403,0010130,하나증권주식회사,D1,대차 및 대주거래_대여증권,1252051156773,국내증권사,B,SF205,각주항목(09.06월 이후)
38041,202403,0010130,하나증권주식회사,D2,대차 및 대주거래_차입증권,8308178953626,국내증권사,B,SF205,각주항목(09.06월 이후)
38042,202403,0010130,하나증권주식회사,D3,대차 및 대주거래_신용거래대주,0,국내증권사,B,SF205,각주항목(09.06월 이후)
38043,202403,0010130,하나증권주식회사,E,대손상각채권,272700175213,국내증권사,B,SF205,각주항목(09.06월 이후)
38044,202403,0010130,하나증권주식회사,F,환전업무 예치금,0,국내증권사,B,SF205,각주항목(09.06월 이후)
38045,202403,0010130,하나증권주식회사,G,미배당별도예치금, ,국내증권사,B,SF205,각주항목(09.06월 이후)
38046,202403,0010130,하나증권주식회사,H,배서어음매출(종금계정),0,국내증권사,B,SF205,각주항목(09.06월 이후)
38047,202403,0010130,하나증권주식회사,H1,대출채권매매이익_담보부, ,국내증권사,B,SF205,각주항목(09.06월 이후)
38048,202403,0010130,하나증권주식회사,H2,대출채권매매이익_무담보부, ,국내증권사,B,SF205,각주항목(09.06월 이후)
38049,202406,0010130,하나증권주식회사,A,채무보증,2730105678180,국내증권사,B,SF205,각주항목(09.06월 이후)
38050,202406,0010130,하나증권주식회사,A1,채무보증_지급보증,78000000000,국내증권사,B,SF205,각주항목(09.06월 이후)
38051,202406,0010130,하나증권주식회사,A2,채무보증_매입보장약정,0,국내증권사,B,SF205,각주항목(09.06월 이후)
38052,202406,0010130,하나증권주식회사,A3,채무보증_채무인수약정,0,국내증권사,B,SF205,각주항목(09.06월 이후)
38053,202406,0010130,하나증권주식회사,A5,채무보증_매입확약,2652105678180,국내증권사,B,SF205,각주항목(09.06월 이후)
38054,202406,0010130,하나증권주식회사,A6,채무보증_기타,0,국내증권사,B,SF205,각주항목(09.06월 이후)
38055,202406,0010130,하나증권주식회사,B,투자자의 예수증권 등,101390224007110,국내증권사,B,SF205,각주항목(09.06월 이후)
38056,202406,0010130,하나증권주식회사,B1,투자자의 예수증권 등_예수 증권,101390224007110,국내증권사,B,SF205,각주항목(09.06월 이후)
38057,202406,0010130,하나증권주식회사,B2,투자자의 예수증권 등_예수양도성예금증서, ,국내증권사,B,SF205,각주항목(09.06월 이후)
38058,202406,0010130,하나증권주식회사,B3,투자자의 예수증권 등_기타, ,국내증권사,B,SF205,각주항목(09.06월 이후)
38059,202406,0010130,하나증권주식회사,C,파생상품계약,250980146263977,국내증권사,B,SF205,각주항목(09.06월 이후)
38060,202406,0010130,하나증권주식회사,C1,파생상품계약_장내파생상품,15888213791050,국내증권사,B,SF205,각주항목(09.06월 이후)
38061,202406,0010130,하나증권주식회사,C11,파생상품계약_장내파생상품_이자율관련거래,5875773290769,국내증권사,B,SF205,각주항목(09.06월 이후)
38062,202406,0010130,하나증권주식회사,C12,파생상품계약_장내파생상품_통화관련거래,184049662264,국내증권사,B,SF205,각주항목(09.06월 이후)
38063,202406,0010130,하나증권주식회사,C13,파생상품계약_장내파생상품_주식관련거래,7683414131985,국내증권사,B,SF205,각주항목(09.06월 이후)
38064,202406,0010130,하나증권주식회사,C14,파생상품계약_장내파생상품_일반상품관련거래,2144976706032,국내증권사,B,SF205,각주항목(09.06월 이후)
38065,202406,0010130,하나증권주식회사,C15,파생상품계약_장내파생상품_기타,0,국내증권사,B,SF205,각주항목(09.06월 이후)
38066,202406,0010130,하나증권주식회사,C2,파생상품계약_장외파생상품,235091932472927,국내증권사,B,SF205,각주항목(09.06월 이후)
38067,202406,0010130,하나증권주식회사,C21,파생상품계약_장외파생상품_이자율관련거래,142673178123800,국내증권사,B,SF205,각주항목(09.06월 이후)
38068,202406,0010130,하나증권주식회사,C22,파생상품계약_장외파생상품_통화관련거래,54172959916822,국내증권사,B,SF205,각주항목(09.06월 이후)
38069,202406,0010130,하나증권주식회사,C23,파생상품계약_장외파생상품_주식관련거래,4419412175042,국내증권사,B,SF205,각주항목(09.06월 이후)
38070,202406,0010130,하나증권주식회사,C24,파생상품계약_장외파생상품_신용관련거래,23576114961463,국내증권사,B,SF205,각주항목(09.06월 이후)
38071,202406,0010130,하나증권주식회사,C25,파생상품계약_장외파생상품_기타,10250267295800,국내증권사,B,SF205,각주항목(09.06월 이후)
38072,202406,0010130,하나증권주식회사,D,대차 및 대주거래,9391071087886,국내증권사,B,SF205,각주항목(09.06월 이후)
38073,202406,0010130,하나증권주식회사,D1,대차 및 대주거래_대여증권,912153232438,국내증권사,B,SF205,각주항목(09.06월 이후)
38074,202406,0010130,하나증권주식회사,D2,대차 및 대주거래_차입증권,8478917855448,국내증권사,B,SF205,각주항목(09.06월 이후)
38075,202406,0010130,하나증권주식회사,D3,대차 및 대주거래_신용거래대주,0,국내증권사,B,SF205,각주항목(09.06월 이후)
38076,202406,0010130,하나증권주식회사,E,대손상각채권,286862158499,국내증권사,B,SF205,각주항목(09.06월 이후)
38077,202406,0010130,하나증권주식회사,F,환전업무 예치금,0,국내증권사,B,SF205,각주항목(09.06월 이후)
38078,202406,0010130,하나증권주식회사,G,미배당별도예치금, ,국내증권사,B,SF205,각주항목(09.06월 이후)
38079,202406,0010130,하나증권주식회사,H,배서어음매출(종금계정),0,국내증권사,B,SF205,각주항목(09.06월 이후)
38080,202406,0010130,하나증권주식회사,H1,대출채권매매이익_담보부, ,국내증권사,B,SF205,각주항목(09.06월 이후)
38081,202406,0010130,하나증권주식회사,H2,대출채권매매이익_무담보부, ,국내증권사,B,SF205,각주항목(09.06월 이후)
38082,202409,0010130,하나증권주식회사,A,채무보증,2897236272876,국내증권사,B,SF205,각주항목(09.06월 이후)
38083,202409,0010130,하나증권주식회사,A1,채무보증_지급보증,78000000000,국내증권사,B,SF205,각주항목(09.06월 이후)
38084,202409,0010130,하나증권주식회사,A2,채무보증_매입보장약정,0,국내증권사,B,SF205,각주항목(09.06월 이후)
38085,202409,0010130,하나증권주식회사,A3,채무보증_채무인수약정,0,국내증권사,B,SF205,각주항목(09.06월 이후)
38086,202409,0010130,하나증권주식회사,A5,채무보증_매입확약,2819236272876,국내증권사,B,SF205,각주항목(09.06월 이후)
38087,202409,0010130,하나증권주식회사,A6,채무보증_기타,0,국내증권사,B,SF205,각주항목(09.06월 이후)
38088,202409,0010130,하나증권주식회사,B,투자자의 예수증권 등,102337840951186,국내증권사,B,SF205,각주항목(09.06월 이후)
38089,202409,0010130,하나증권주식회사,B1,투자자의 예수증권 등_예수 증권,102337840951186,국내증권사,B,SF205,각주항목(09.06월 이후)
38090,202409,0010130,하나증권주식회사,B2,투자자의 예수증권 등_예수양도성예금증서, ,국내증권사,B,SF205,각주항목(09.06월 이후)
38091,202409,0010130,하나증권주식회사,B3,투자자의 예수증권 등_기타, ,국내증권사,B,SF205,각주항목(09.06월 이후)
38092,202409,0010130,하나증권주식회사,C,파생상품계약,251816613961909,국내증권사,B,SF205,각주항목(09.06월 이후)
38093,202409,0010130,하나증권주식회사,C1,파생상품계약_장내파생상품,19010723937487,국내증권사,B,SF205,각주항목(09.06월 이후)
38094,202409,0010130,하나증권주식회사,C11,파생상품계약_장내파생상품_이자율관련거래,5657690187362,국내증권사,B,SF205,각주항목(09.06월 이후)
38095,202409,0010130,하나증권주식회사,C12,파생상품계약_장내파생상품_통화관련거래,234915831047,국내증권사,B,SF205,각주항목(09.06월 이후)
38096,202409,0010130,하나증권주식회사,C13,파생상품계약_장내파생상품_주식관련거래,10588254847611,국내증권사,B,SF205,각주항목(09.06월 이후)
38097,202409,0010130,하나증권주식회사,C14,파생상품계약_장내파생상품_일반상품관련거래,2529863071467,국내증권사,B,SF205,각주항목(09.06월 이후)
38098,202409,0010130,하나증권주식회사,C15,파생상품계약_장내파생상품_기타,0,국내증권사,B,SF205,각주항목(09.06월 이후)
38099,202409,0010130,하나증권주식회사,C2,파생상품계약_장외파생상품,232805890024422,국내증권사,B,SF205,각주항목(09.06월 이후)
38100,202409,0010130,하나증권주식회사,C21,파생상품계약_장외파생상품_이자율관련거래,147312193772005,국내증권사,B,SF205,각주항목(09.06월 이후)
38101,202409,0010130,하나증권주식회사,C22,파생상품계약_장외파생상품_통화관련거래,46698576437124,국내증권사,B,SF205,각주항목(09.06월 이후)
38102,202409,0010130,하나증권주식회사,C23,파생상품계약_장외파생상품_주식관련거래,3871869025889,국내증권사,B,SF205,각주항목(09.06월 이후)
38103,202409,0010130,하나증권주식회사,C24,파생상품계약_장외파생상품_신용관련거래,22606437383005,국내증권사,B,SF205,각주항목(09.06월 이후)
38104,202409,0010130,하나증권주식회사,C25,파생상품계약_장외파생상품_기타,12316813406399,국내증권사,B,SF205,각주항목(09.06월 이후)
38105,202409,0010130,하나증권주식회사,D,대차 및 대주거래,9430856986273,국내증권사,B,SF205,각주항목(09.06월 이후)
38106,202409,0010130,하나증권주식회사,D1,대차 및 대주거래_대여증권,948520321888,국내증권사,B,SF205,각주항목(09.06월 이후)
38107,202409,0010130,하나증권주식회사,D2,대차 및 대주거래_차입증권,8482336664385,국내증권사,B,SF205,각주항목(09.06월 이후)
38108,202409,0010130,하나증권주식회사,D3,대차 및 대주거래_신용거래대주,0,국내증권사,B,SF205,각주항목(09.06월 이후)
38109,202409,0010130,하나증권주식회사,E,대손상각채권,286862160499,국내증권사,B,SF205,각주항목(09.06월 이후)
38110,202409,0010130,하나증권주식회사,F,환전업무 예치금,0,국내증권사,B,SF205,각주항목(09.06월 이후)
38111,202409,0010130,하나증권주식회사,G,미배당별도예치금, ,국내증권사,B,SF205,각주항목(09.06월 이후)
38112,202409,0010130,하나증권주식회사,H,배서어음매출(종금계정),0,국내증권사,B,SF205,각주항목(09.06월 이후)
38113,202409,0010130,하나증권주식회사,H1,대출채권매매이익_담보부, ,국내증권사,B,SF205,각주항목(09.06월 이후)
38114,202409,0010130,하나증권주식회사,H2,대출채권매매이익_무담보부, ,국내증권사,B,SF205,각주항목(09.06월 이후)
38115,202412,0010130,하나증권주식회사,A,채무보증,3439045626001,국내증권사,B,SF205,각주항목(09.06월 이후)
38116,202412,0010130,하나증권주식회사,A1,채무보증_지급보증,78000000000,국내증권사,B,SF205,각주항목(09.06월 이후)
38117,202412,0010130,하나증권주식회사,A2,채무보증_매입보장약정,0,국내증권사,B,SF205,각주항목(09.06월 이후)
38118,202412,0010130,하나증권주식회사,A3,채무보증_채무인수약정,0,국내증권사,B,SF205,각주항목(09.06월 이후)
38119,202412,0010130,하나증권주식회사,A5,채무보증_매입확약,3361045626001,국내증권사,B,SF205,각주항목(09.06월 이후)
38120,202412,0010130,하나증권주식회사,A6,채무보증_기타,0,국내증권사,B,SF205,각주항목(09.06월 이후)
38121,202412,0010130,하나증권주식회사,B,투자자의 예수증권 등,96568927260252,국내증권사,B,SF205,각주항목(09.06월 이후)
38122,202412,0010130,하나증권주식회사,B1,투자자의 예수증권 등_예수 증권,96568927260252,국내증권사,B,SF205,각주항목(09.06월 이후)
38123,202412,0010130,하나증권주식회사,B2,투자자의 예수증권 등_예수양도성예금증서, ,국내증권사,B,SF205,각주항목(09.06월 이후)
38124,202412,0010130,하나증권주식회사,B3,투자자의 예수증권 등_기타, ,국내증권사,B,SF205,각주항목(09.06월 이후)
38125,202412,0010130,하나증권주식회사,C,파생상품계약,250300958091025,국내증권사,B,SF205,각주항목(09.06월 이후)
38126,202412,0010130,하나증권주식회사,C1,파생상품계약_장내파생상품,17840830690650,국내증권사,B,SF205,각주항목(09.06월 이후)
38127,202412,0010130,하나증권주식회사,C11,파생상품계약_장내파생상품_이자율관련거래,4523324133053,국내증권사,B,SF205,각주항목(09.06월 이후)
38128,202412,0010130,하나증권주식회사,C12,파생상품계약_장내파생상품_통화관련거래,173332809140,국내증권사,B,SF205,각주항목(09.06월 이후)
38129,202412,0010130,하나증권주식회사,C13,파생상품계약_장내파생상품_주식관련거래,11113331156048,국내증권사,B,SF205,각주항목(09.06월 이후)
38130,202412,0010130,하나증권주식회사,C14,파생상품계약_장내파생상품_일반상품관련거래,2030842592409,국내증권사,B,SF205,각주항목(09.06월 이후)
38131,202412,0010130,하나증권주식회사,C15,파생상품계약_장내파생상품_기타,0,국내증권사,B,SF205,각주항목(09.06월 이후)
38132,202412,0010130,하나증권주식회사,C2,파생상품계약_장외파생상품,232460127400375,국내증권사,B,SF205,각주항목(09.06월 이후)
38133,202412,0010130,하나증권주식회사,C21,파생상품계약_장외파생상품_이자율관련거래,141931122818666,국내증권사,B,SF205,각주항목(09.06월 이후)
38134,202412,0010130,하나증권주식회사,C22,파생상품계약_장외파생상품_통화관련거래,52299211324879,국내증권사,B,SF205,각주항목(09.06월 이후)
38135,202412,0010130,하나증권주식회사,C23,파생상품계약_장외파생상품_주식관련거래,4115737979021,국내증권사,B,SF205,각주항목(09.06월 이후)
38136,202412,0010130,하나증권주식회사,C24,파생상품계약_장외파생상품_신용관련거래,22673412631604,국내증권사,B,SF205,각주항목(09.06월 이후)
38137,202412,0010130,하나증권주식회사,C25,파생상품계약_장외파생상품_기타,11440642646205,국내증권사,B,SF205,각주항목(09.06월 이후)
38138,202412,0010130,하나증권주식회사,D,대차 및 대주거래,8768120258021,국내증권사,B,SF205,각주항목(09.06월 이후)
38139,202412,0010130,하나증권주식회사,D1,대차 및 대주거래_대여증권,926710764328,국내증권사,B,SF205,각주항목(09.06월 이후)
38140,202412,0010130,하나증권주식회사,D2,대차 및 대주거래_차입증권,7841409493693,국내증권사,B,SF205,각주항목(09.06월 이후)
38141,202412,0010130,하나증권주식회사,D3,대차 및 대주거래_신용거래대주,0,국내증권사,B,SF205,각주항목(09.06월 이후)
38142,202412,0010130,하나증권주식회사,E,대손상각채권,296965546109,국내증권사,B,SF205,각주항목(09.06월 이후)
38143,202412,0010130,하나증권주식회사,F,환전업무 예치금,0,국내증권사,B,SF205,각주항목(09.06월 이후)
38144,202412,0010130,하나증권주식회사,G,미배당별도예치금, ,국내증권사,B,SF205,각주항목(09.06월 이후)
38145,202412,0010130,하나증권주식회사,H,배서어음매출(종금계정),0,국내증권사,B,SF205,각주항목(09.06월 이후)
38146,202412,0010130,하나증권주식회사,H1,대출채권매매이익_담보부, ,국내증권사,B,SF205,각주항목(09.06월 이후)
38147,202412,0010130,하나증권주식회사,H2,대출채권매매이익_무담보부, ,국내증권사,B,SF205,각주항목(09.06월 이후)
38148,201703,0013414,한국 에스지증권 주식회사,A,채무보증,0,국내증권사,B,SF205,각주항목(09.06월 이후)
38149,201703,0013414,한국 에스지증권 주식회사,A1,채무보증_지급보증,0,국내증권사,B,SF205,각주항목(09.06월 이후)
38150,201703,0013414,한국 에스지증권 주식회사,A2,채무보증_매입보장약정, ,국내증권사,B,SF205,각주항목(09.06월 이후)
38151,201703,0013414,한국 에스지증권 주식회사,A3,채무보증_채무인수약정, ,국내증권사,B,SF205,각주항목(09.06월 이후)
38152,201703,0013414,한국 에스지증권 주식회사,A5,채무보증_매입확약,0,국내증권사,B,SF205,각주항목(09.06월 이후)
38153,201703,0013414,한국 에스지증권 주식회사,A6,채무보증_기타, ,국내증권사,B,SF205,각주항목(09.06월 이후)
38154,201703,0013414,한국 에스지증권 주식회사,B,투자자의 예수증권 등,24036900000,국내증권사,B,SF205,각주항목(09.06월 이후)
38155,201703,0013414,한국 에스지증권 주식회사,B1,투자자의 예수증권 등_예수 증권,24036900000,국내증권사,B,SF205,각주항목(09.06월 이후)
38156,201703,0013414,한국 에스지증권 주식회사,B2,투자자의 예수증권 등_예수양도성예금증서, ,국내증권사,B,SF205,각주항목(09.06월 이후)
38157,201703,0013414,한국 에스지증권 주식회사,B3,투자자의 예수증권 등_기타, ,국내증권사,B,SF205,각주항목(09.06월 이후)
38158,201703,0013414,한국 에스지증권 주식회사,C,파생상품계약,13118710000,국내증권사,B,SF205,각주항목(09.06월 이후)
38159,201703,0013414,한국 에스지증권 주식회사,C1,파생상품계약_장내파생상품,0,국내증권사,B,SF205,각주항목(09.06월 이후)
38160,201703,0013414,한국 에스지증권 주식회사,C11,파생상품계약_장내파생상품_이자율관련거래,0,국내증권사,B,SF205,각주항목(09.06월 이후)
38161,201703,0013414,한국 에스지증권 주식회사,C12,파생상품계약_장내파생상품_통화관련거래,0,국내증권사,B,SF205,각주항목(09.06월 이후)
38162,201703,0013414,한국 에스지증권 주식회사,C13,파생상품계약_장내파생상품_주식관련거래,0,국내증권사,B,SF205,각주항목(09.06월 이후)
38163,201703,0013414,한국 에스지증권 주식회사,C14,파생상품계약_장내파생상품_일반상품관련거래,0,국내증권사,B,SF205,각주항목(09.06월 이후)
38164,201703,0013414,한국 에스지증권 주식회사,C15,파생상품계약_장내파생상품_기타,0,국내증권사,B,SF205,각주항목(09.06월 이후)
38165,201703,0013414,한국 에스지증권 주식회사,C2,파생상품계약_장외파생상품,13118710000,국내증권사,B,SF205,각주항목(09.06월 이후)
38166,201703,0013414,한국 에스지증권 주식회사,C21,파생상품계약_장외파생상품_이자율관련거래,0,국내증권사,B,SF205,각주항목(09.06월 이후)
38167,201703,0013414,한국 에스지증권 주식회사,C22,파생상품계약_장외파생상품_통화관련거래,13118710000,국내증권사,B,SF205,각주항목(09.06월 이후)
38168,201703,0013414,한국 에스지증권 주식회사,C23,파생상품계약_장외파생상품_주식관련거래,0,국내증권사,B,SF205,각주항목(09.06월 이후)
38169,201703,0013414,한국 에스지증권 주식회사,C24,파생상품계약_장외파생상품_신용관련거래,0,국내증권사,B,SF205,각주항목(09.06월 이후)
38170,201703,0013414,한국 에스지증권 주식회사,C25,파생상품계약_장외파생상품_기타,0,국내증권사,B,SF205,각주항목(09.06월 이후)
38171,201703,0013414,한국 에스지증권 주식회사,D,대차 및 대주거래,0,국내증권사,B,SF205,각주항목(09.06월 이후)
38172,201703,0013414,한국 에스지증권 주식회사,D1,대차 및 대주거래_대여증권,0,국내증권사,B,SF205,각주항목(09.06월 이후)
38173,201703,0013414,한국 에스지증권 주식회사,D2,대차 및 대주거래_차입증권,0,국내증권사,B,SF205,각주항목(09.06월 이후)
38174,201703,0013414,한국 에스지증권 주식회사,D3,대차 및 대주거래_신용거래대주, ,국내증권사,B,SF205,각주항목(09.06월 이후)
38175,201703,0013414,한국 에스지증권 주식회사,E,대손상각채권, ,국내증권사,B,SF205,각주항목(09.06월 이후)
38176,201703,0013414,한국 에스지증권 주식회사,F,환전업무 예치금,0,국내증권사,B,SF205,각주항목(09.06월 이후)
38177,201703,0013414,한국 에스지증권 주식회사,G,미배당별도예치금, ,국내증권사,B,SF205,각주항목(09.06월 이후)
38178,201703,0013414,한국 에스지증권 주식회사,H,배서어음매출(종금계정),0,국내증권사,B,SF205,각주항목(09.06월 이후)
38179,201703,0013414,한국 에스지증권 주식회사,H1,대출채권매매이익_담보부, ,국내증권사,B,SF205,각주항목(09.06월 이후)
38180,201703,0013414,한국 에스지증권 주식회사,H2,대출채권매매이익_무담보부, ,국내증권사,B,SF205,각주항목(09.06월 이후)
38181,201706,0013414,한국 에스지증권 주식회사,A,채무보증,0,국내증권사,B,SF205,각주항목(09.06월 이후)
38182,201706,0013414,한국 에스지증권 주식회사,A1,채무보증_지급보증,0,국내증권사,B,SF205,각주항목(09.06월 이후)
38183,201706,0013414,한국 에스지증권 주식회사,A2,채무보증_매입보장약정,0,국내증권사,B,SF205,각주항목(09.06월 이후)
38184,201706,0013414,한국 에스지증권 주식회사,A3,채무보증_채무인수약정,0,국내증권사,B,SF205,각주항목(09.06월 이후)
38185,201706,0013414,한국 에스지증권 주식회사,A5,채무보증_매입확약,0,국내증권사,B,SF205,각주항목(09.06월 이후)
38186,201706,0013414,한국 에스지증권 주식회사,A6,채무보증_기타,0,국내증권사,B,SF205,각주항목(09.06월 이후)
38187,201706,0013414,한국 에스지증권 주식회사,B,투자자의 예수증권 등,24232000000,국내증권사,B,SF205,각주항목(09.06월 이후)
38188,201706,0013414,한국 에스지증권 주식회사,B1,투자자의 예수증권 등_예수 증권,24232000000,국내증권사,B,SF205,각주항목(09.06월 이후)
38189,201706,0013414,한국 에스지증권 주식회사,B2,투자자의 예수증권 등_예수양도성예금증서,0,국내증권사,B,SF205,각주항목(09.06월 이후)
38190,201706,0013414,한국 에스지증권 주식회사,B3,투자자의 예수증권 등_기타,0,국내증권사,B,SF205,각주항목(09.06월 이후)
38191,201706,0013414,한국 에스지증권 주식회사,C,파생상품계약,14343890000,국내증권사,B,SF205,각주항목(09.06월 이후)
38192,201706,0013414,한국 에스지증권 주식회사,C1,파생상품계약_장내파생상품,0,국내증권사,B,SF205,각주항목(09.06월 이후)
38193,201706,0013414,한국 에스지증권 주식회사,C11,파생상품계약_장내파생상품_이자율관련거래,0,국내증권사,B,SF205,각주항목(09.06월 이후)
38194,201706,0013414,한국 에스지증권 주식회사,C12,파생상품계약_장내파생상품_통화관련거래,0,국내증권사,B,SF205,각주항목(09.06월 이후)
38195,201706,0013414,한국 에스지증권 주식회사,C13,파생상품계약_장내파생상품_주식관련거래,0,국내증권사,B,SF205,각주항목(09.06월 이후)
38196,201706,0013414,한국 에스지증권 주식회사,C14,파생상품계약_장내파생상품_일반상품관련거래,0,국내증권사,B,SF205,각주항목(09.06월 이후)
38197,201706,0013414,한국 에스지증권 주식회사,C15,파생상품계약_장내파생상품_기타,0,국내증권사,B,SF205,각주항목(09.06월 이후)
38198,201706,0013414,한국 에스지증권 주식회사,C2,파생상품계약_장외파생상품,14343890000,국내증권사,B,SF205,각주항목(09.06월 이후)
38199,201706,0013414,한국 에스지증권 주식회사,C21,파생상품계약_장외파생상품_이자율관련거래,0,국내증권사,B,SF205,각주항목(09.06월 이후)
38200,201706,0013414,한국 에스지증권 주식회사,C22,파생상품계약_장외파생상품_통화관련거래,14343890000,국내증권사,B,SF205,각주항목(09.06월 이후)
38201,201706,0013414,한국 에스지증권 주식회사,C23,파생상품계약_장외파생상품_주식관련거래,0,국내증권사,B,SF205,각주항목(09.06월 이후)
38202,201706,0013414,한국 에스지증권 주식회사,C24,파생상품계약_장외파생상품_신용관련거래,0,국내증권사,B,SF205,각주항목(09.06월 이후)
38203,201706,0013414,한국 에스지증권 주식회사,C25,파생상품계약_장외파생상품_기타,0,국내증권사,B,SF205,각주항목(09.06월 이후)
38204,201706,0013414,한국 에스지증권 주식회사,D,대차 및 대주거래,0,국내증권사,B,SF205,각주항목(09.06월 이후)
38205,201706,0013414,한국 에스지증권 주식회사,D1,대차 및 대주거래_대여증권,0,국내증권사,B,SF205,각주항목(09.06월 이후)
38206,201706,0013414,한국 에스지증권 주식회사,D2,대차 및 대주거래_차입증권,0,국내증권사,B,SF205,각주항목(09.06월 이후)
38207,201706,0013414,한국 에스지증권 주식회사,D3,대차 및 대주거래_신용거래대주,0,국내증권사,B,SF205,각주항목(09.06월 이후)
38208,201706,0013414,한국 에스지증권 주식회사,E,대손상각채권,0,국내증권사,B,SF205,각주항목(09.06월 이후)
38209,201706,0013414,한국 에스지증권 주식회사,F,환전업무 예치금,0,국내증권사,B,SF205,각주항목(09.06월 이후)
38210,201706,0013414,한국 에스지증권 주식회사,G,미배당별도예치금,0,국내증권사,B,SF205,각주항목(09.06월 이후)
38211,201706,0013414,한국 에스지증권 주식회사,H,배서어음매출(종금계정),0,국내증권사,B,SF205,각주항목(09.06월 이후)
38212,201706,0013414,한국 에스지증권 주식회사,H1,대출채권매매이익_담보부,0,국내증권사,B,SF205,각주항목(09.06월 이후)
38213,201706,0013414,한국 에스지증권 주식회사,H2,대출채권매매이익_무담보부,0,국내증권사,B,SF205,각주항목(09.06월 이후)
38214,201709,0013414,한국 에스지증권 주식회사,A,채무보증,0,국내증권사,B,SF205,각주항목(09.06월 이후)
38215,201709,0013414,한국 에스지증권 주식회사,A1,채무보증_지급보증,0,국내증권사,B,SF205,각주항목(09.06월 이후)
38216,201709,0013414,한국 에스지증권 주식회사,A2,채무보증_매입보장약정,0,국내증권사,B,SF205,각주항목(09.06월 이후)
38217,201709,0013414,한국 에스지증권 주식회사,A3,채무보증_채무인수약정,0,국내증권사,B,SF205,각주항목(09.06월 이후)
38218,201709,0013414,한국 에스지증권 주식회사,A5,채무보증_매입확약,0,국내증권사,B,SF205,각주항목(09.06월 이후)
38219,201709,0013414,한국 에스지증권 주식회사,A6,채무보증_기타,0,국내증권사,B,SF205,각주항목(09.06월 이후)
38220,201709,0013414,한국 에스지증권 주식회사,B,투자자의 예수증권 등,24767300000,국내증권사,B,SF205,각주항목(09.06월 이후)
38221,201709,0013414,한국 에스지증권 주식회사,B1,투자자의 예수증권 등_예수 증권,24767300000,국내증권사,B,SF205,각주항목(09.06월 이후)
38222,201709,0013414,한국 에스지증권 주식회사,B2,투자자의 예수증권 등_예수양도성예금증서,0,국내증권사,B,SF205,각주항목(09.06월 이후)
38223,201709,0013414,한국 에스지증권 주식회사,B3,투자자의 예수증권 등_기타,0,국내증권사,B,SF205,각주항목(09.06월 이후)
38224,201709,0013414,한국 에스지증권 주식회사,C,파생상품계약,0,국내증권사,B,SF205,각주항목(09.06월 이후)
38225,201709,0013414,한국 에스지증권 주식회사,C1,파생상품계약_장내파생상품,0,국내증권사,B,SF205,각주항목(09.06월 이후)
38226,201709,0013414,한국 에스지증권 주식회사,C11,파생상품계약_장내파생상품_이자율관련거래,0,국내증권사,B,SF205,각주항목(09.06월 이후)
38227,201709,0013414,한국 에스지증권 주식회사,C12,파생상품계약_장내파생상품_통화관련거래,0,국내증권사,B,SF205,각주항목(09.06월 이후)
38228,201709,0013414,한국 에스지증권 주식회사,C13,파생상품계약_장내파생상품_주식관련거래,0,국내증권사,B,SF205,각주항목(09.06월 이후)
38229,201709,0013414,한국 에스지증권 주식회사,C14,파생상품계약_장내파생상품_일반상품관련거래,0,국내증권사,B,SF205,각주항목(09.06월 이후)
38230,201709,0013414,한국 에스지증권 주식회사,C15,파생상품계약_장내파생상품_기타,0,국내증권사,B,SF205,각주항목(09.06월 이후)
38231,201709,0013414,한국 에스지증권 주식회사,C2,파생상품계약_장외파생상품,0,국내증권사,B,SF205,각주항목(09.06월 이후)
38232,201709,0013414,한국 에스지증권 주식회사,C21,파생상품계약_장외파생상품_이자율관련거래,0,국내증권사,B,SF205,각주항목(09.06월 이후)
38233,201709,0013414,한국 에스지증권 주식회사,C22,파생상품계약_장외파생상품_통화관련거래,0,국내증권사,B,SF205,각주항목(09.06월 이후)
38234,201709,0013414,한국 에스지증권 주식회사,C23,파생상품계약_장외파생상품_주식관련거래,0,국내증권사,B,SF205,각주항목(09.06월 이후)
38235,201709,0013414,한국 에스지증권 주식회사,C24,파생상품계약_장외파생상품_신용관련거래,0,국내증권사,B,SF205,각주항목(09.06월 이후)
38236,201709,0013414,한국 에스지증권 주식회사,C25,파생상품계약_장외파생상품_기타,0,국내증권사,B,SF205,각주항목(09.06월 이후)
38237,201709,0013414,한국 에스지증권 주식회사,D,대차 및 대주거래,0,국내증권사,B,SF205,각주항목(09.06월 이후)
38238,201709,0013414,한국 에스지증권 주식회사,D1,대차 및 대주거래_대여증권,0,국내증권사,B,SF205,각주항목(09.06월 이후)
38239,201709,0013414,한국 에스지증권 주식회사,D2,대차 및 대주거래_차입증권,0,국내증권사,B,SF205,각주항목(09.06월 이후)
38240,201709,0013414,한국 에스지증권 주식회사,D3,대차 및 대주거래_신용거래대주,0,국내증권사,B,SF205,각주항목(09.06월 이후)
38241,201709,0013414,한국 에스지증권 주식회사,E,대손상각채권,0,국내증권사,B,SF205,각주항목(09.06월 이후)
38242,201709,0013414,한국 에스지증권 주식회사,F,환전업무 예치금,0,국내증권사,B,SF205,각주항목(09.06월 이후)
38243,201709,0013414,한국 에스지증권 주식회사,G,미배당별도예치금,0,국내증권사,B,SF205,각주항목(09.06월 이후)
38244,201709,0013414,한국 에스지증권 주식회사,H,배서어음매출(종금계정),0,국내증권사,B,SF205,각주항목(09.06월 이후)
38245,201709,0013414,한국 에스지증권 주식회사,H1,대출채권매매이익_담보부,0,국내증권사,B,SF205,각주항목(09.06월 이후)
38246,201709,0013414,한국 에스지증권 주식회사,H2,대출채권매매이익_무담보부,0,국내증권사,B,SF205,각주항목(09.06월 이후)
38247,201712,0013414,한국 에스지증권 주식회사,A,채무보증,0,국내증권사,B,SF205,각주항목(09.06월 이후)
38248,201712,0013414,한국 에스지증권 주식회사,A1,채무보증_지급보증,0,국내증권사,B,SF205,각주항목(09.06월 이후)
38249,201712,0013414,한국 에스지증권 주식회사,A2,채무보증_매입보장약정,0,국내증권사,B,SF205,각주항목(09.06월 이후)
38250,201712,0013414,한국 에스지증권 주식회사,A3,채무보증_채무인수약정,0,국내증권사,B,SF205,각주항목(09.06월 이후)
38251,201712,0013414,한국 에스지증권 주식회사,A5,채무보증_매입확약,0,국내증권사,B,SF205,각주항목(09.06월 이후)
38252,201712,0013414,한국 에스지증권 주식회사,A6,채무보증_기타,0,국내증권사,B,SF205,각주항목(09.06월 이후)
38253,201712,0013414,한국 에스지증권 주식회사,B,투자자의 예수증권 등,22731300000,국내증권사,B,SF205,각주항목(09.06월 이후)
38254,201712,0013414,한국 에스지증권 주식회사,B1,투자자의 예수증권 등_예수 증권,22731300000,국내증권사,B,SF205,각주항목(09.06월 이후)
38255,201712,0013414,한국 에스지증권 주식회사,B2,투자자의 예수증권 등_예수양도성예금증서,0,국내증권사,B,SF205,각주항목(09.06월 이후)
38256,201712,0013414,한국 에스지증권 주식회사,B3,투자자의 예수증권 등_기타,0,국내증권사,B,SF205,각주항목(09.06월 이후)
38257,201712,0013414,한국 에스지증권 주식회사,C,파생상품계약,0,국내증권사,B,SF205,각주항목(09.06월 이후)
38258,201712,0013414,한국 에스지증권 주식회사,C1,파생상품계약_장내파생상품,0,국내증권사,B,SF205,각주항목(09.06월 이후)
38259,201712,0013414,한국 에스지증권 주식회사,C11,파생상품계약_장내파생상품_이자율관련거래,0,국내증권사,B,SF205,각주항목(09.06월 이후)
38260,201712,0013414,한국 에스지증권 주식회사,C12,파생상품계약_장내파생상품_통화관련거래,0,국내증권사,B,SF205,각주항목(09.06월 이후)
38261,201712,0013414,한국 에스지증권 주식회사,C13,파생상품계약_장내파생상품_주식관련거래,0,국내증권사,B,SF205,각주항목(09.06월 이후)
38262,201712,0013414,한국 에스지증권 주식회사,C14,파생상품계약_장내파생상품_일반상품관련거래,0,국내증권사,B,SF205,각주항목(09.06월 이후)
38263,201712,0013414,한국 에스지증권 주식회사,C15,파생상품계약_장내파생상품_기타,0,국내증권사,B,SF205,각주항목(09.06월 이후)
38264,201712,0013414,한국 에스지증권 주식회사,C2,파생상품계약_장외파생상품,0,국내증권사,B,SF205,각주항목(09.06월 이후)
38265,201712,0013414,한국 에스지증권 주식회사,C21,파생상품계약_장외파생상품_이자율관련거래,0,국내증권사,B,SF205,각주항목(09.06월 이후)
38266,201712,0013414,한국 에스지증권 주식회사,C22,파생상품계약_장외파생상품_통화관련거래,0,국내증권사,B,SF205,각주항목(09.06월 이후)
38267,201712,0013414,한국 에스지증권 주식회사,C23,파생상품계약_장외파생상품_주식관련거래,0,국내증권사,B,SF205,각주항목(09.06월 이후)
38268,201712,0013414,한국 에스지증권 주식회사,C24,파생상품계약_장외파생상품_신용관련거래,0,국내증권사,B,SF205,각주항목(09.06월 이후)
38269,201712,0013414,한국 에스지증권 주식회사,C25,파생상품계약_장외파생상품_기타,0,국내증권사,B,SF205,각주항목(09.06월 이후)
38270,201712,0013414,한국 에스지증권 주식회사,D,대차 및 대주거래,0,국내증권사,B,SF205,각주항목(09.06월 이후)
38271,201712,0013414,한국 에스지증권 주식회사,D1,대차 및 대주거래_대여증권,0,국내증권사,B,SF205,각주항목(09.06월 이후)
38272,201712,0013414,한국 에스지증권 주식회사,D2,대차 및 대주거래_차입증권,0,국내증권사,B,SF205,각주항목(09.06월 이후)
38273,201712,0013414,한국 에스지증권 주식회사,D3,대차 및 대주거래_신용거래대주,0,국내증권사,B,SF205,각주항목(09.06월 이후)
38274,201712,0013414,한국 에스지증권 주식회사,E,대손상각채권,0,국내증권사,B,SF205,각주항목(09.06월 이후)
38275,201712,0013414,한국 에스지증권 주식회사,F,환전업무 예치금,0,국내증권사,B,SF205,각주항목(09.06월 이후)
38276,201712,0013414,한국 에스지증권 주식회사,G,미배당별도예치금,0,국내증권사,B,SF205,각주항목(09.06월 이후)
38277,201712,0013414,한국 에스지증권 주식회사,H,배서어음매출(종금계정),0,국내증권사,B,SF205,각주항목(09.06월 이후)
38278,201712,0013414,한국 에스지증권 주식회사,H1,대출채권매매이익_담보부,0,국내증권사,B,SF205,각주항목(09.06월 이후)
38279,201712,0013414,한국 에스지증권 주식회사,H2,대출채권매매이익_무담보부,0,국내증권사,B,SF205,각주항목(09.06월 이후)
38280,201803,0013414,한국 에스지증권 주식회사,A,채무보증,0,국내증권사,B,SF205,각주항목(09.06월 이후)
38281,201803,0013414,한국 에스지증권 주식회사,A1,채무보증_지급보증,0,국내증권사,B,SF205,각주항목(09.06월 이후)
38282,201803,0013414,한국 에스지증권 주식회사,A2,채무보증_매입보장약정,0,국내증권사,B,SF205,각주항목(09.06월 이후)
38283,201803,0013414,한국 에스지증권 주식회사,A3,채무보증_채무인수약정,0,국내증권사,B,SF205,각주항목(09.06월 이후)
38284,201803,0013414,한국 에스지증권 주식회사,A5,채무보증_매입확약,0,국내증권사,B,SF205,각주항목(09.06월 이후)
38285,201803,0013414,한국 에스지증권 주식회사,A6,채무보증_기타,0,국내증권사,B,SF205,각주항목(09.06월 이후)
38286,201803,0013414,한국 에스지증권 주식회사,B,투자자의 예수증권 등,12489700000,국내증권사,B,SF205,각주항목(09.06월 이후)
38287,201803,0013414,한국 에스지증권 주식회사,B1,투자자의 예수증권 등_예수 증권,12489700000,국내증권사,B,SF205,각주항목(09.06월 이후)
38288,201803,0013414,한국 에스지증권 주식회사,B2,투자자의 예수증권 등_예수양도성예금증서,0,국내증권사,B,SF205,각주항목(09.06월 이후)
38289,201803,0013414,한국 에스지증권 주식회사,B3,투자자의 예수증권 등_기타,0,국내증권사,B,SF205,각주항목(09.06월 이후)
38290,201803,0013414,한국 에스지증권 주식회사,C,파생상품계약,19679250000,국내증권사,B,SF205,각주항목(09.06월 이후)
38291,201803,0013414,한국 에스지증권 주식회사,C1,파생상품계약_장내파생상품,0,국내증권사,B,SF205,각주항목(09.06월 이후)
38292,201803,0013414,한국 에스지증권 주식회사,C11,파생상품계약_장내파생상품_이자율관련거래,0,국내증권사,B,SF205,각주항목(09.06월 이후)
38293,201803,0013414,한국 에스지증권 주식회사,C12,파생상품계약_장내파생상품_통화관련거래,0,국내증권사,B,SF205,각주항목(09.06월 이후)
38294,201803,0013414,한국 에스지증권 주식회사,C13,파생상품계약_장내파생상품_주식관련거래,0,국내증권사,B,SF205,각주항목(09.06월 이후)
38295,201803,0013414,한국 에스지증권 주식회사,C14,파생상품계약_장내파생상품_일반상품관련거래,0,국내증권사,B,SF205,각주항목(09.06월 이후)
38296,201803,0013414,한국 에스지증권 주식회사,C15,파생상품계약_장내파생상품_기타,0,국내증권사,B,SF205,각주항목(09.06월 이후)
38297,201803,0013414,한국 에스지증권 주식회사,C2,파생상품계약_장외파생상품,19679250000,국내증권사,B,SF205,각주항목(09.06월 이후)
38298,201803,0013414,한국 에스지증권 주식회사,C21,파생상품계약_장외파생상품_이자율관련거래,0,국내증권사,B,SF205,각주항목(09.06월 이후)
38299,201803,0013414,한국 에스지증권 주식회사,C22,파생상품계약_장외파생상품_통화관련거래,19679250000,국내증권사,B,SF205,각주항목(09.06월 이후)
38300,201803,0013414,한국 에스지증권 주식회사,C23,파생상품계약_장외파생상품_주식관련거래,0,국내증권사,B,SF205,각주항목(09.06월 이후)
38301,201803,0013414,한국 에스지증권 주식회사,C24,파생상품계약_장외파생상품_신용관련거래,0,국내증권사,B,SF205,각주항목(09.06월 이후)
38302,201803,0013414,한국 에스지증권 주식회사,C25,파생상품계약_장외파생상품_기타,0,국내증권사,B,SF205,각주항목(09.06월 이후)
38303,201803,0013414,한국 에스지증권 주식회사,D,대차 및 대주거래,0,국내증권사,B,SF205,각주항목(09.06월 이후)
38304,201803,0013414,한국 에스지증권 주식회사,D1,대차 및 대주거래_대여증권,0,국내증권사,B,SF205,각주항목(09.06월 이후)
38305,201803,0013414,한국 에스지증권 주식회사,D2,대차 및 대주거래_차입증권,0,국내증권사,B,SF205,각주항목(09.06월 이후)
38306,201803,0013414,한국 에스지증권 주식회사,D3,대차 및 대주거래_신용거래대주,0,국내증권사,B,SF205,각주항목(09.06월 이후)
38307,201803,0013414,한국 에스지증권 주식회사,E,대손상각채권,0,국내증권사,B,SF205,각주항목(09.06월 이후)
38308,201803,0013414,한국 에스지증권 주식회사,F,환전업무 예치금,0,국내증권사,B,SF205,각주항목(09.06월 이후)
38309,201803,0013414,한국 에스지증권 주식회사,G,미배당별도예치금,0,국내증권사,B,SF205,각주항목(09.06월 이후)
38310,201803,0013414,한국 에스지증권 주식회사,H,배서어음매출(종금계정),0,국내증권사,B,SF205,각주항목(09.06월 이후)
38311,201803,0013414,한국 에스지증권 주식회사,H1,대출채권매매이익_담보부,0,국내증권사,B,SF205,각주항목(09.06월 이후)
38312,201803,0013414,한국 에스지증권 주식회사,H2,대출채권매매이익_무담보부,0,국내증권사,B,SF205,각주항목(09.06월 이후)
38313,201806,0013414,한국 에스지증권 주식회사,A,채무보증,0,국내증권사,B,SF205,각주항목(09.06월 이후)
38314,201806,0013414,한국 에스지증권 주식회사,A1,채무보증_지급보증,0,국내증권사,B,SF205,각주항목(09.06월 이후)
38315,201806,0013414,한국 에스지증권 주식회사,A2,채무보증_매입보장약정,0,국내증권사,B,SF205,각주항목(09.06월 이후)
38316,201806,0013414,한국 에스지증권 주식회사,A3,채무보증_채무인수약정,0,국내증권사,B,SF205,각주항목(09.06월 이후)
38317,201806,0013414,한국 에스지증권 주식회사,A5,채무보증_매입확약,0,국내증권사,B,SF205,각주항목(09.06월 이후)
38318,201806,0013414,한국 에스지증권 주식회사,A6,채무보증_기타,0,국내증권사,B,SF205,각주항목(09.06월 이후)
38319,201806,0013414,한국 에스지증권 주식회사,B,투자자의 예수증권 등,12621400000,국내증권사,B,SF205,각주항목(09.06월 이후)
38320,201806,0013414,한국 에스지증권 주식회사,B1,투자자의 예수증권 등_예수 증권,12621400000,국내증권사,B,SF205,각주항목(09.06월 이후)
38321,201806,0013414,한국 에스지증권 주식회사,B2,투자자의 예수증권 등_예수양도성예금증서,0,국내증권사,B,SF205,각주항목(09.06월 이후)
38322,201806,0013414,한국 에스지증권 주식회사,B3,투자자의 예수증권 등_기타,0,국내증권사,B,SF205,각주항목(09.06월 이후)
38323,201806,0013414,한국 에스지증권 주식회사,C,파생상품계약,19455300000,국내증권사,B,SF205,각주항목(09.06월 이후)
38324,201806,0013414,한국 에스지증권 주식회사,C1,파생상품계약_장내파생상품,0,국내증권사,B,SF205,각주항목(09.06월 이후)
38325,201806,0013414,한국 에스지증권 주식회사,C11,파생상품계약_장내파생상품_이자율관련거래,0,국내증권사,B,SF205,각주항목(09.06월 이후)
38326,201806,0013414,한국 에스지증권 주식회사,C12,파생상품계약_장내파생상품_통화관련거래,0,국내증권사,B,SF205,각주항목(09.06월 이후)
38327,201806,0013414,한국 에스지증권 주식회사,C13,파생상품계약_장내파생상품_주식관련거래,0,국내증권사,B,SF205,각주항목(09.06월 이후)
38328,201806,0013414,한국 에스지증권 주식회사,C14,파생상품계약_장내파생상품_일반상품관련거래,0,국내증권사,B,SF205,각주항목(09.06월 이후)
38329,201806,0013414,한국 에스지증권 주식회사,C15,파생상품계약_장내파생상품_기타,0,국내증권사,B,SF205,각주항목(09.06월 이후)
38330,201806,0013414,한국 에스지증권 주식회사,C2,파생상품계약_장외파생상품,19455300000,국내증권사,B,SF205,각주항목(09.06월 이후)
38331,201806,0013414,한국 에스지증권 주식회사,C21,파생상품계약_장외파생상품_이자율관련거래,0,국내증권사,B,SF205,각주항목(09.06월 이후)
38332,201806,0013414,한국 에스지증권 주식회사,C22,파생상품계약_장외파생상품_통화관련거래,19455300000,국내증권사,B,SF205,각주항목(09.06월 이후)
38333,201806,0013414,한국 에스지증권 주식회사,C23,파생상품계약_장외파생상품_주식관련거래,0,국내증권사,B,SF205,각주항목(09.06월 이후)
38334,201806,0013414,한국 에스지증권 주식회사,C24,파생상품계약_장외파생상품_신용관련거래,0,국내증권사,B,SF205,각주항목(09.06월 이후)
38335,201806,0013414,한국 에스지증권 주식회사,C25,파생상품계약_장외파생상품_기타,0,국내증권사,B,SF205,각주항목(09.06월 이후)
38336,201806,0013414,한국 에스지증권 주식회사,D,대차 및 대주거래,0,국내증권사,B,SF205,각주항목(09.06월 이후)
38337,201806,0013414,한국 에스지증권 주식회사,D1,대차 및 대주거래_대여증권,0,국내증권사,B,SF205,각주항목(09.06월 이후)
38338,201806,0013414,한국 에스지증권 주식회사,D2,대차 및 대주거래_차입증권,0,국내증권사,B,SF205,각주항목(09.06월 이후)
38339,201806,0013414,한국 에스지증권 주식회사,D3,대차 및 대주거래_신용거래대주,0,국내증권사,B,SF205,각주항목(09.06월 이후)
38340,201806,0013414,한국 에스지증권 주식회사,E,대손상각채권,0,국내증권사,B,SF205,각주항목(09.06월 이후)
38341,201806,0013414,한국 에스지증권 주식회사,F,환전업무 예치금,0,국내증권사,B,SF205,각주항목(09.06월 이후)
38342,201806,0013414,한국 에스지증권 주식회사,G,미배당별도예치금,0,국내증권사,B,SF205,각주항목(09.06월 이후)
38343,201806,0013414,한국 에스지증권 주식회사,H,배서어음매출(종금계정),0,국내증권사,B,SF205,각주항목(09.06월 이후)
38344,201806,0013414,한국 에스지증권 주식회사,H1,대출채권매매이익_담보부,0,국내증권사,B,SF205,각주항목(09.06월 이후)
38345,201806,0013414,한국 에스지증권 주식회사,H2,대출채권매매이익_무담보부,0,국내증권사,B,SF205,각주항목(09.06월 이후)
38346,201809,0013414,한국 에스지증권 주식회사,A,채무보증,0,국내증권사,B,SF205,각주항목(09.06월 이후)
38347,201809,0013414,한국 에스지증권 주식회사,A1,채무보증_지급보증,0,국내증권사,B,SF205,각주항목(09.06월 이후)
38348,201809,0013414,한국 에스지증권 주식회사,A2,채무보증_매입보장약정,0,국내증권사,B,SF205,각주항목(09.06월 이후)
38349,201809,0013414,한국 에스지증권 주식회사,A3,채무보증_채무인수약정,0,국내증권사,B,SF205,각주항목(09.06월 이후)
38350,201809,0013414,한국 에스지증권 주식회사,A5,채무보증_매입확약,0,국내증권사,B,SF205,각주항목(09.06월 이후)
38351,201809,0013414,한국 에스지증권 주식회사,A6,채무보증_기타,0,국내증권사,B,SF205,각주항목(09.06월 이후)
38352,201809,0013414,한국 에스지증권 주식회사,B,투자자의 예수증권 등,9587900000,국내증권사,B,SF205,각주항목(09.06월 이후)
38353,201809,0013414,한국 에스지증권 주식회사,B1,투자자의 예수증권 등_예수 증권,9587900000,국내증권사,B,SF205,각주항목(09.06월 이후)
38354,201809,0013414,한국 에스지증권 주식회사,B2,투자자의 예수증권 등_예수양도성예금증서,0,국내증권사,B,SF205,각주항목(09.06월 이후)
38355,201809,0013414,한국 에스지증권 주식회사,B3,투자자의 예수증권 등_기타,0,국내증권사,B,SF205,각주항목(09.06월 이후)
38356,201809,0013414,한국 에스지증권 주식회사,C,파생상품계약,19418550000,국내증권사,B,SF205,각주항목(09.06월 이후)
38357,201809,0013414,한국 에스지증권 주식회사,C1,파생상품계약_장내파생상품,0,국내증권사,B,SF205,각주항목(09.06월 이후)
38358,201809,0013414,한국 에스지증권 주식회사,C11,파생상품계약_장내파생상품_이자율관련거래,0,국내증권사,B,SF205,각주항목(09.06월 이후)
38359,201809,0013414,한국 에스지증권 주식회사,C12,파생상품계약_장내파생상품_통화관련거래,0,국내증권사,B,SF205,각주항목(09.06월 이후)
38360,201809,0013414,한국 에스지증권 주식회사,C13,파생상품계약_장내파생상품_주식관련거래,0,국내증권사,B,SF205,각주항목(09.06월 이후)
38361,201809,0013414,한국 에스지증권 주식회사,C14,파생상품계약_장내파생상품_일반상품관련거래,0,국내증권사,B,SF205,각주항목(09.06월 이후)
38362,201809,0013414,한국 에스지증권 주식회사,C15,파생상품계약_장내파생상품_기타,0,국내증권사,B,SF205,각주항목(09.06월 이후)
38363,201809,0013414,한국 에스지증권 주식회사,C2,파생상품계약_장외파생상품,19418550000,국내증권사,B,SF205,각주항목(09.06월 이후)
38364,201809,0013414,한국 에스지증권 주식회사,C21,파생상품계약_장외파생상품_이자율관련거래,0,국내증권사,B,SF205,각주항목(09.06월 이후)
38365,201809,0013414,한국 에스지증권 주식회사,C22,파생상품계약_장외파생상품_통화관련거래,19418550000,국내증권사,B,SF205,각주항목(09.06월 이후)
38366,201809,0013414,한국 에스지증권 주식회사,C23,파생상품계약_장외파생상품_주식관련거래,0,국내증권사,B,SF205,각주항목(09.06월 이후)
38367,201809,0013414,한국 에스지증권 주식회사,C24,파생상품계약_장외파생상품_신용관련거래,0,국내증권사,B,SF205,각주항목(09.06월 이후)
38368,201809,0013414,한국 에스지증권 주식회사,C25,파생상품계약_장외파생상품_기타,0,국내증권사,B,SF205,각주항목(09.06월 이후)
38369,201809,0013414,한국 에스지증권 주식회사,D,대차 및 대주거래,0,국내증권사,B,SF205,각주항목(09.06월 이후)
38370,201809,0013414,한국 에스지증권 주식회사,D1,대차 및 대주거래_대여증권,0,국내증권사,B,SF205,각주항목(09.06월 이후)
38371,201809,0013414,한국 에스지증권 주식회사,D2,대차 및 대주거래_차입증권,0,국내증권사,B,SF205,각주항목(09.06월 이후)
38372,201809,0013414,한국 에스지증권 주식회사,D3,대차 및 대주거래_신용거래대주,0,국내증권사,B,SF205,각주항목(09.06월 이후)
38373,201809,0013414,한국 에스지증권 주식회사,E,대손상각채권,0,국내증권사,B,SF205,각주항목(09.06월 이후)
38374,201809,0013414,한국 에스지증권 주식회사,F,환전업무 예치금,0,국내증권사,B,SF205,각주항목(09.06월 이후)
38375,201809,0013414,한국 에스지증권 주식회사,G,미배당별도예치금,0,국내증권사,B,SF205,각주항목(09.06월 이후)
38376,201809,0013414,한국 에스지증권 주식회사,H,배서어음매출(종금계정),0,국내증권사,B,SF205,각주항목(09.06월 이후)
38377,201809,0013414,한국 에스지증권 주식회사,H1,대출채권매매이익_담보부,0,국내증권사,B,SF205,각주항목(09.06월 이후)
38378,201809,0013414,한국 에스지증권 주식회사,H2,대출채권매매이익_무담보부,0,국내증권사,B,SF205,각주항목(09.06월 이후)
38379,201812,0013414,한국 에스지증권 주식회사,A,채무보증,0,국내증권사,B,SF205,각주항목(09.06월 이후)
38380,201812,0013414,한국 에스지증권 주식회사,A1,채무보증_지급보증,0,국내증권사,B,SF205,각주항목(09.06월 이후)
38381,201812,0013414,한국 에스지증권 주식회사,A2,채무보증_매입보장약정, ,국내증권사,B,SF205,각주항목(09.06월 이후)
38382,201812,0013414,한국 에스지증권 주식회사,A3,채무보증_채무인수약정, ,국내증권사,B,SF205,각주항목(09.06월 이후)
38383,201812,0013414,한국 에스지증권 주식회사,A5,채무보증_매입확약,0,국내증권사,B,SF205,각주항목(09.06월 이후)
38384,201812,0013414,한국 에스지증권 주식회사,A6,채무보증_기타, ,국내증권사,B,SF205,각주항목(09.06월 이후)
38385,201812,0013414,한국 에스지증권 주식회사,B,투자자의 예수증권 등,7572200000,국내증권사,B,SF205,각주항목(09.06월 이후)
38386,201812,0013414,한국 에스지증권 주식회사,B1,투자자의 예수증권 등_예수 증권,7572200000,국내증권사,B,SF205,각주항목(09.06월 이후)
38387,201812,0013414,한국 에스지증권 주식회사,B2,투자자의 예수증권 등_예수양도성예금증서, ,국내증권사,B,SF205,각주항목(09.06월 이후)
38388,201812,0013414,한국 에스지증권 주식회사,B3,투자자의 예수증권 등_기타, ,국내증권사,B,SF205,각주항목(09.06월 이후)
38389,201812,0013414,한국 에스지증권 주식회사,C,파생상품계약,4604976000,국내증권사,B,SF205,각주항목(09.06월 이후)
38390,201812,0013414,한국 에스지증권 주식회사,C1,파생상품계약_장내파생상품,0,국내증권사,B,SF205,각주항목(09.06월 이후)
38391,201812,0013414,한국 에스지증권 주식회사,C11,파생상품계약_장내파생상품_이자율관련거래,0,국내증권사,B,SF205,각주항목(09.06월 이후)
38392,201812,0013414,한국 에스지증권 주식회사,C12,파생상품계약_장내파생상품_통화관련거래,0,국내증권사,B,SF205,각주항목(09.06월 이후)
38393,201812,0013414,한국 에스지증권 주식회사,C13,파생상품계약_장내파생상품_주식관련거래,0,국내증권사,B,SF205,각주항목(09.06월 이후)
38394,201812,0013414,한국 에스지증권 주식회사,C14,파생상품계약_장내파생상품_일반상품관련거래,0,국내증권사,B,SF205,각주항목(09.06월 이후)
38395,201812,0013414,한국 에스지증권 주식회사,C15,파생상품계약_장내파생상품_기타,0,국내증권사,B,SF205,각주항목(09.06월 이후)
38396,201812,0013414,한국 에스지증권 주식회사,C2,파생상품계약_장외파생상품,4604976000,국내증권사,B,SF205,각주항목(09.06월 이후)
38397,201812,0013414,한국 에스지증권 주식회사,C21,파생상품계약_장외파생상품_이자율관련거래,0,국내증권사,B,SF205,각주항목(09.06월 이후)
38398,201812,0013414,한국 에스지증권 주식회사,C22,파생상품계약_장외파생상품_통화관련거래,4604976000,국내증권사,B,SF205,각주항목(09.06월 이후)
38399,201812,0013414,한국 에스지증권 주식회사,C23,파생상품계약_장외파생상품_주식관련거래,0,국내증권사,B,SF205,각주항목(09.06월 이후)
38400,201812,0013414,한국 에스지증권 주식회사,C24,파생상품계약_장외파생상품_신용관련거래,0,국내증권사,B,SF205,각주항목(09.06월 이후)
38401,201812,0013414,한국 에스지증권 주식회사,C25,파생상품계약_장외파생상품_기타,0,국내증권사,B,SF205,각주항목(09.06월 이후)
38402,201812,0013414,한국 에스지증권 주식회사,D,대차 및 대주거래,0,국내증권사,B,SF205,각주항목(09.06월 이후)
38403,201812,0013414,한국 에스지증권 주식회사,D1,대차 및 대주거래_대여증권,0,국내증권사,B,SF205,각주항목(09.06월 이후)
38404,201812,0013414,한국 에스지증권 주식회사,D2,대차 및 대주거래_차입증권,0,국내증권사,B,SF205,각주항목(09.06월 이후)
38405,201812,0013414,한국 에스지증권 주식회사,D3,대차 및 대주거래_신용거래대주, ,국내증권사,B,SF205,각주항목(09.06월 이후)
38406,201812,0013414,한국 에스지증권 주식회사,E,대손상각채권, ,국내증권사,B,SF205,각주항목(09.06월 이후)
38407,201812,0013414,한국 에스지증권 주식회사,F,환전업무 예치금,0,국내증권사,B,SF205,각주항목(09.06월 이후)
38408,201812,0013414,한국 에스지증권 주식회사,G,미배당별도예치금, ,국내증권사,B,SF205,각주항목(09.06월 이후)
38409,201812,0013414,한국 에스지증권 주식회사,H,배서어음매출(종금계정),0,국내증권사,B,SF205,각주항목(09.06월 이후)
38410,201812,0013414,한국 에스지증권 주식회사,H1,대출채권매매이익_담보부, ,국내증권사,B,SF205,각주항목(09.06월 이후)
38411,201812,0013414,한국 에스지증권 주식회사,H2,대출채권매매이익_무담보부, ,국내증권사,B,SF205,각주항목(09.06월 이후)
38412,201903,0013414,한국 에스지증권 주식회사,A,채무보증,0,국내증권사,B,SF205,각주항목(09.06월 이후)
38413,201903,0013414,한국 에스지증권 주식회사,A1,채무보증_지급보증,0,국내증권사,B,SF205,각주항목(09.06월 이후)
38414,201903,0013414,한국 에스지증권 주식회사,A2,채무보증_매입보장약정, ,국내증권사,B,SF205,각주항목(09.06월 이후)
38415,201903,0013414,한국 에스지증권 주식회사,A3,채무보증_채무인수약정, ,국내증권사,B,SF205,각주항목(09.06월 이후)
38416,201903,0013414,한국 에스지증권 주식회사,A5,채무보증_매입확약,0,국내증권사,B,SF205,각주항목(09.06월 이후)
38417,201903,0013414,한국 에스지증권 주식회사,A6,채무보증_기타, ,국내증권사,B,SF205,각주항목(09.06월 이후)
38418,201903,0013414,한국 에스지증권 주식회사,B,투자자의 예수증권 등,1954000000,국내증권사,B,SF205,각주항목(09.06월 이후)
38419,201903,0013414,한국 에스지증권 주식회사,B1,투자자의 예수증권 등_예수 증권,1954000000,국내증권사,B,SF205,각주항목(09.06월 이후)
38420,201903,0013414,한국 에스지증권 주식회사,B2,투자자의 예수증권 등_예수양도성예금증서, ,국내증권사,B,SF205,각주항목(09.06월 이후)
38421,201903,0013414,한국 에스지증권 주식회사,B3,투자자의 예수증권 등_기타, ,국내증권사,B,SF205,각주항목(09.06월 이후)
38422,201903,0013414,한국 에스지증권 주식회사,C,파생상품계약,2043936000,국내증권사,B,SF205,각주항목(09.06월 이후)
38423,201903,0013414,한국 에스지증권 주식회사,C1,파생상품계약_장내파생상품,0,국내증권사,B,SF205,각주항목(09.06월 이후)
38424,201903,0013414,한국 에스지증권 주식회사,C11,파생상품계약_장내파생상품_이자율관련거래,0,국내증권사,B,SF205,각주항목(09.06월 이후)
38425,201903,0013414,한국 에스지증권 주식회사,C12,파생상품계약_장내파생상품_통화관련거래,0,국내증권사,B,SF205,각주항목(09.06월 이후)
38426,201903,0013414,한국 에스지증권 주식회사,C13,파생상품계약_장내파생상품_주식관련거래,0,국내증권사,B,SF205,각주항목(09.06월 이후)
38427,201903,0013414,한국 에스지증권 주식회사,C14,파생상품계약_장내파생상품_일반상품관련거래,0,국내증권사,B,SF205,각주항목(09.06월 이후)
38428,201903,0013414,한국 에스지증권 주식회사,C15,파생상품계약_장내파생상품_기타,0,국내증권사,B,SF205,각주항목(09.06월 이후)
38429,201903,0013414,한국 에스지증권 주식회사,C2,파생상품계약_장외파생상품,2043936000,국내증권사,B,SF205,각주항목(09.06월 이후)
38430,201903,0013414,한국 에스지증권 주식회사,C21,파생상품계약_장외파생상품_이자율관련거래,0,국내증권사,B,SF205,각주항목(09.06월 이후)
38431,201903,0013414,한국 에스지증권 주식회사,C22,파생상품계약_장외파생상품_통화관련거래,2043936000,국내증권사,B,SF205,각주항목(09.06월 이후)
38432,201903,0013414,한국 에스지증권 주식회사,C23,파생상품계약_장외파생상품_주식관련거래,0,국내증권사,B,SF205,각주항목(09.06월 이후)
38433,201903,0013414,한국 에스지증권 주식회사,C24,파생상품계약_장외파생상품_신용관련거래,0,국내증권사,B,SF205,각주항목(09.06월 이후)
38434,201903,0013414,한국 에스지증권 주식회사,C25,파생상품계약_장외파생상품_기타,0,국내증권사,B,SF205,각주항목(09.06월 이후)
38435,201903,0013414,한국 에스지증권 주식회사,D,대차 및 대주거래,0,국내증권사,B,SF205,각주항목(09.06월 이후)
38436,201903,0013414,한국 에스지증권 주식회사,D1,대차 및 대주거래_대여증권,0,국내증권사,B,SF205,각주항목(09.06월 이후)
38437,201903,0013414,한국 에스지증권 주식회사,D2,대차 및 대주거래_차입증권,0,국내증권사,B,SF205,각주항목(09.06월 이후)
38438,201903,0013414,한국 에스지증권 주식회사,D3,대차 및 대주거래_신용거래대주, ,국내증권사,B,SF205,각주항목(09.06월 이후)
38439,201903,0013414,한국 에스지증권 주식회사,E,대손상각채권, ,국내증권사,B,SF205,각주항목(09.06월 이후)
38440,201903,0013414,한국 에스지증권 주식회사,F,환전업무 예치금,0,국내증권사,B,SF205,각주항목(09.06월 이후)
38441,201903,0013414,한국 에스지증권 주식회사,G,미배당별도예치금, ,국내증권사,B,SF205,각주항목(09.06월 이후)
38442,201903,0013414,한국 에스지증권 주식회사,H,배서어음매출(종금계정),0,국내증권사,B,SF205,각주항목(09.06월 이후)
38443,201903,0013414,한국 에스지증권 주식회사,H1,대출채권매매이익_담보부, ,국내증권사,B,SF205,각주항목(09.06월 이후)
38444,201903,0013414,한국 에스지증권 주식회사,H2,대출채권매매이익_무담보부, ,국내증권사,B,SF205,각주항목(09.06월 이후)
38445,201906,0013414,한국 에스지증권 주식회사,A,채무보증,0,국내증권사,B,SF205,각주항목(09.06월 이후)
38446,201906,0013414,한국 에스지증권 주식회사,A1,채무보증_지급보증,0,국내증권사,B,SF205,각주항목(09.06월 이후)
38447,201906,0013414,한국 에스지증권 주식회사,A2,채무보증_매입보장약정, ,국내증권사,B,SF205,각주항목(09.06월 이후)
38448,201906,0013414,한국 에스지증권 주식회사,A3,채무보증_채무인수약정, ,국내증권사,B,SF205,각주항목(09.06월 이후)
38449,201906,0013414,한국 에스지증권 주식회사,A5,채무보증_매입확약,0,국내증권사,B,SF205,각주항목(09.06월 이후)
38450,201906,0013414,한국 에스지증권 주식회사,A6,채무보증_기타, ,국내증권사,B,SF205,각주항목(09.06월 이후)
38451,201906,0013414,한국 에스지증권 주식회사,B,투자자의 예수증권 등,1990000000,국내증권사,B,SF205,각주항목(09.06월 이후)
38452,201906,0013414,한국 에스지증권 주식회사,B1,투자자의 예수증권 등_예수 증권,1990000000,국내증권사,B,SF205,각주항목(09.06월 이후)
38453,201906,0013414,한국 에스지증권 주식회사,B2,투자자의 예수증권 등_예수양도성예금증서, ,국내증권사,B,SF205,각주항목(09.06월 이후)
38454,201906,0013414,한국 에스지증권 주식회사,B3,투자자의 예수증권 등_기타, ,국내증권사,B,SF205,각주항목(09.06월 이후)
38455,201906,0013414,한국 에스지증권 주식회사,C,파생상품계약,0,국내증권사,B,SF205,각주항목(09.06월 이후)
38456,201906,0013414,한국 에스지증권 주식회사,C1,파생상품계약_장내파생상품,0,국내증권사,B,SF205,각주항목(09.06월 이후)
38457,201906,0013414,한국 에스지증권 주식회사,C11,파생상품계약_장내파생상품_이자율관련거래,0,국내증권사,B,SF205,각주항목(09.06월 이후)
38458,201906,0013414,한국 에스지증권 주식회사,C12,파생상품계약_장내파생상품_통화관련거래,0,국내증권사,B,SF205,각주항목(09.06월 이후)
38459,201906,0013414,한국 에스지증권 주식회사,C13,파생상품계약_장내파생상품_주식관련거래,0,국내증권사,B,SF205,각주항목(09.06월 이후)
38460,201906,0013414,한국 에스지증권 주식회사,C14,파생상품계약_장내파생상품_일반상품관련거래,0,국내증권사,B,SF205,각주항목(09.06월 이후)
38461,201906,0013414,한국 에스지증권 주식회사,C15,파생상품계약_장내파생상품_기타,0,국내증권사,B,SF205,각주항목(09.06월 이후)
38462,201906,0013414,한국 에스지증권 주식회사,C2,파생상품계약_장외파생상품,0,국내증권사,B,SF205,각주항목(09.06월 이후)
38463,201906,0013414,한국 에스지증권 주식회사,C21,파생상품계약_장외파생상품_이자율관련거래,0,국내증권사,B,SF205,각주항목(09.06월 이후)
38464,201906,0013414,한국 에스지증권 주식회사,C22,파생상품계약_장외파생상품_통화관련거래,0,국내증권사,B,SF205,각주항목(09.06월 이후)
38465,201906,0013414,한국 에스지증권 주식회사,C23,파생상품계약_장외파생상품_주식관련거래,0,국내증권사,B,SF205,각주항목(09.06월 이후)
38466,201906,0013414,한국 에스지증권 주식회사,C24,파생상품계약_장외파생상품_신용관련거래,0,국내증권사,B,SF205,각주항목(09.06월 이후)
38467,201906,0013414,한국 에스지증권 주식회사,C25,파생상품계약_장외파생상품_기타,0,국내증권사,B,SF205,각주항목(09.06월 이후)
38468,201906,0013414,한국 에스지증권 주식회사,D,대차 및 대주거래,0,국내증권사,B,SF205,각주항목(09.06월 이후)
38469,201906,0013414,한국 에스지증권 주식회사,D1,대차 및 대주거래_대여증권,0,국내증권사,B,SF205,각주항목(09.06월 이후)
38470,201906,0013414,한국 에스지증권 주식회사,D2,대차 및 대주거래_차입증권,0,국내증권사,B,SF205,각주항목(09.06월 이후)
38471,201906,0013414,한국 에스지증권 주식회사,D3,대차 및 대주거래_신용거래대주, ,국내증권사,B,SF205,각주항목(09.06월 이후)
38472,201906,0013414,한국 에스지증권 주식회사,E,대손상각채권, ,국내증권사,B,SF205,각주항목(09.06월 이후)
38473,201906,0013414,한국 에스지증권 주식회사,F,환전업무 예치금,0,국내증권사,B,SF205,각주항목(09.06월 이후)
38474,201906,0013414,한국 에스지증권 주식회사,G,미배당별도예치금, ,국내증권사,B,SF205,각주항목(09.06월 이후)
38475,201906,0013414,한국 에스지증권 주식회사,H,배서어음매출(종금계정),0,국내증권사,B,SF205,각주항목(09.06월 이후)
38476,201906,0013414,한국 에스지증권 주식회사,H1,대출채권매매이익_담보부, ,국내증권사,B,SF205,각주항목(09.06월 이후)
38477,201906,0013414,한국 에스지증권 주식회사,H2,대출채권매매이익_무담보부, ,국내증권사,B,SF205,각주항목(09.06월 이후)
38478,201909,0013414,한국 에스지증권 주식회사,A,채무보증,0,국내증권사,B,SF205,각주항목(09.06월 이후)
38479,201909,0013414,한국 에스지증권 주식회사,A1,채무보증_지급보증,0,국내증권사,B,SF205,각주항목(09.06월 이후)
38480,201909,0013414,한국 에스지증권 주식회사,A2,채무보증_매입보장약정, ,국내증권사,B,SF205,각주항목(09.06월 이후)
38481,201909,0013414,한국 에스지증권 주식회사,A3,채무보증_채무인수약정, ,국내증권사,B,SF205,각주항목(09.06월 이후)
38482,201909,0013414,한국 에스지증권 주식회사,A5,채무보증_매입확약,0,국내증권사,B,SF205,각주항목(09.06월 이후)
38483,201909,0013414,한국 에스지증권 주식회사,A6,채무보증_기타, ,국내증권사,B,SF205,각주항목(09.06월 이후)
38484,201909,0013414,한국 에스지증권 주식회사,B,투자자의 예수증권 등,0,국내증권사,B,SF205,각주항목(09.06월 이후)
38485,201909,0013414,한국 에스지증권 주식회사,B1,투자자의 예수증권 등_예수 증권,0,국내증권사,B,SF205,각주항목(09.06월 이후)
38486,201909,0013414,한국 에스지증권 주식회사,B2,투자자의 예수증권 등_예수양도성예금증서, ,국내증권사,B,SF205,각주항목(09.06월 이후)
38487,201909,0013414,한국 에스지증권 주식회사,B3,투자자의 예수증권 등_기타, ,국내증권사,B,SF205,각주항목(09.06월 이후)
38488,201909,0013414,한국 에스지증권 주식회사,C,파생상품계약,0,국내증권사,B,SF205,각주항목(09.06월 이후)
38489,201909,0013414,한국 에스지증권 주식회사,C1,파생상품계약_장내파생상품,0,국내증권사,B,SF205,각주항목(09.06월 이후)
38490,201909,0013414,한국 에스지증권 주식회사,C11,파생상품계약_장내파생상품_이자율관련거래,0,국내증권사,B,SF205,각주항목(09.06월 이후)
38491,201909,0013414,한국 에스지증권 주식회사,C12,파생상품계약_장내파생상품_통화관련거래,0,국내증권사,B,SF205,각주항목(09.06월 이후)
38492,201909,0013414,한국 에스지증권 주식회사,C13,파생상품계약_장내파생상품_주식관련거래,0,국내증권사,B,SF205,각주항목(09.06월 이후)
38493,201909,0013414,한국 에스지증권 주식회사,C14,파생상품계약_장내파생상품_일반상품관련거래,0,국내증권사,B,SF205,각주항목(09.06월 이후)
38494,201909,0013414,한국 에스지증권 주식회사,C15,파생상품계약_장내파생상품_기타,0,국내증권사,B,SF205,각주항목(09.06월 이후)
38495,201909,0013414,한국 에스지증권 주식회사,C2,파생상품계약_장외파생상품,0,국내증권사,B,SF205,각주항목(09.06월 이후)
38496,201909,0013414,한국 에스지증권 주식회사,C21,파생상품계약_장외파생상품_이자율관련거래,0,국내증권사,B,SF205,각주항목(09.06월 이후)
38497,201909,0013414,한국 에스지증권 주식회사,C22,파생상품계약_장외파생상품_통화관련거래,0,국내증권사,B,SF205,각주항목(09.06월 이후)
38498,201909,0013414,한국 에스지증권 주식회사,C23,파생상품계약_장외파생상품_주식관련거래,0,국내증권사,B,SF205,각주항목(09.06월 이후)
38499,201909,0013414,한국 에스지증권 주식회사,C24,파생상품계약_장외파생상품_신용관련거래,0,국내증권사,B,SF205,각주항목(09.06월 이후)
38500,201909,0013414,한국 에스지증권 주식회사,C25,파생상품계약_장외파생상품_기타,0,국내증권사,B,SF205,각주항목(09.06월 이후)
38501,201909,0013414,한국 에스지증권 주식회사,D,대차 및 대주거래,0,국내증권사,B,SF205,각주항목(09.06월 이후)
38502,201909,0013414,한국 에스지증권 주식회사,D1,대차 및 대주거래_대여증권,0,국내증권사,B,SF205,각주항목(09.06월 이후)
38503,201909,0013414,한국 에스지증권 주식회사,D2,대차 및 대주거래_차입증권,0,국내증권사,B,SF205,각주항목(09.06월 이후)
38504,201909,0013414,한국 에스지증권 주식회사,D3,대차 및 대주거래_신용거래대주, ,국내증권사,B,SF205,각주항목(09.06월 이후)
38505,201909,0013414,한국 에스지증권 주식회사,E,대손상각채권, ,국내증권사,B,SF205,각주항목(09.06월 이후)
38506,201909,0013414,한국 에스지증권 주식회사,F,환전업무 예치금,0,국내증권사,B,SF205,각주항목(09.06월 이후)
38507,201909,0013414,한국 에스지증권 주식회사,G,미배당별도예치금, ,국내증권사,B,SF205,각주항목(09.06월 이후)
38508,201909,0013414,한국 에스지증권 주식회사,H,배서어음매출(종금계정),0,국내증권사,B,SF205,각주항목(09.06월 이후)
38509,201909,0013414,한국 에스지증권 주식회사,H1,대출채권매매이익_담보부, ,국내증권사,B,SF205,각주항목(09.06월 이후)
38510,201909,0013414,한국 에스지증권 주식회사,H2,대출채권매매이익_무담보부, ,국내증권사,B,SF205,각주항목(09.06월 이후)
38511,201912,0013414,한국 에스지증권 주식회사,A,채무보증,0,국내증권사,B,SF205,각주항목(09.06월 이후)
38512,201912,0013414,한국 에스지증권 주식회사,A1,채무보증_지급보증,0,국내증권사,B,SF205,각주항목(09.06월 이후)
38513,201912,0013414,한국 에스지증권 주식회사,A2,채무보증_매입보장약정, ,국내증권사,B,SF205,각주항목(09.06월 이후)
38514,201912,0013414,한국 에스지증권 주식회사,A3,채무보증_채무인수약정, ,국내증권사,B,SF205,각주항목(09.06월 이후)
38515,201912,0013414,한국 에스지증권 주식회사,A5,채무보증_매입확약,0,국내증권사,B,SF205,각주항목(09.06월 이후)
38516,201912,0013414,한국 에스지증권 주식회사,A6,채무보증_기타, ,국내증권사,B,SF205,각주항목(09.06월 이후)
38517,201912,0013414,한국 에스지증권 주식회사,B,투자자의 예수증권 등,0,국내증권사,B,SF205,각주항목(09.06월 이후)
38518,201912,0013414,한국 에스지증권 주식회사,B1,투자자의 예수증권 등_예수 증권,0,국내증권사,B,SF205,각주항목(09.06월 이후)
38519,201912,0013414,한국 에스지증권 주식회사,B2,투자자의 예수증권 등_예수양도성예금증서, ,국내증권사,B,SF205,각주항목(09.06월 이후)
38520,201912,0013414,한국 에스지증권 주식회사,B3,투자자의 예수증권 등_기타, ,국내증권사,B,SF205,각주항목(09.06월 이후)
38521,201912,0013414,한국 에스지증권 주식회사,C,파생상품계약,0,국내증권사,B,SF205,각주항목(09.06월 이후)
38522,201912,0013414,한국 에스지증권 주식회사,C1,파생상품계약_장내파생상품,0,국내증권사,B,SF205,각주항목(09.06월 이후)
38523,201912,0013414,한국 에스지증권 주식회사,C11,파생상품계약_장내파생상품_이자율관련거래,0,국내증권사,B,SF205,각주항목(09.06월 이후)
38524,201912,0013414,한국 에스지증권 주식회사,C12,파생상품계약_장내파생상품_통화관련거래,0,국내증권사,B,SF205,각주항목(09.06월 이후)
38525,201912,0013414,한국 에스지증권 주식회사,C13,파생상품계약_장내파생상품_주식관련거래,0,국내증권사,B,SF205,각주항목(09.06월 이후)
38526,201912,0013414,한국 에스지증권 주식회사,C14,파생상품계약_장내파생상품_일반상품관련거래,0,국내증권사,B,SF205,각주항목(09.06월 이후)
38527,201912,0013414,한국 에스지증권 주식회사,C15,파생상품계약_장내파생상품_기타,0,국내증권사,B,SF205,각주항목(09.06월 이후)
38528,201912,0013414,한국 에스지증권 주식회사,C2,파생상품계약_장외파생상품,0,국내증권사,B,SF205,각주항목(09.06월 이후)
38529,201912,0013414,한국 에스지증권 주식회사,C21,파생상품계약_장외파생상품_이자율관련거래,0,국내증권사,B,SF205,각주항목(09.06월 이후)
38530,201912,0013414,한국 에스지증권 주식회사,C22,파생상품계약_장외파생상품_통화관련거래,0,국내증권사,B,SF205,각주항목(09.06월 이후)
38531,201912,0013414,한국 에스지증권 주식회사,C23,파생상품계약_장외파생상품_주식관련거래,0,국내증권사,B,SF205,각주항목(09.06월 이후)
38532,201912,0013414,한국 에스지증권 주식회사,C24,파생상품계약_장외파생상품_신용관련거래,0,국내증권사,B,SF205,각주항목(09.06월 이후)
38533,201912,0013414,한국 에스지증권 주식회사,C25,파생상품계약_장외파생상품_기타,0,국내증권사,B,SF205,각주항목(09.06월 이후)
38534,201912,0013414,한국 에스지증권 주식회사,D,대차 및 대주거래,71574085708,국내증권사,B,SF205,각주항목(09.06월 이후)
38535,201912,0013414,한국 에스지증권 주식회사,D1,대차 및 대주거래_대여증권,0,국내증권사,B,SF205,각주항목(09.06월 이후)
38536,201912,0013414,한국 에스지증권 주식회사,D2,대차 및 대주거래_차입증권,71574085708,국내증권사,B,SF205,각주항목(09.06월 이후)
38537,201912,0013414,한국 에스지증권 주식회사,D3,대차 및 대주거래_신용거래대주, ,국내증권사,B,SF205,각주항목(09.06월 이후)
38538,201912,0013414,한국 에스지증권 주식회사,E,대손상각채권, ,국내증권사,B,SF205,각주항목(09.06월 이후)
38539,201912,0013414,한국 에스지증권 주식회사,F,환전업무 예치금,0,국내증권사,B,SF205,각주항목(09.06월 이후)
38540,201912,0013414,한국 에스지증권 주식회사,G,미배당별도예치금, ,국내증권사,B,SF205,각주항목(09.06월 이후)
38541,201912,0013414,한국 에스지증권 주식회사,H,배서어음매출(종금계정),0,국내증권사,B,SF205,각주항목(09.06월 이후)
38542,201912,0013414,한국 에스지증권 주식회사,H1,대출채권매매이익_담보부, ,국내증권사,B,SF205,각주항목(09.06월 이후)
38543,201912,0013414,한국 에스지증권 주식회사,H2,대출채권매매이익_무담보부, ,국내증권사,B,SF205,각주항목(09.06월 이후)
38544,202003,0013414,한국 에스지증권 주식회사,A,채무보증,0,국내증권사,B,SF205,각주항목(09.06월 이후)
38545,202003,0013414,한국 에스지증권 주식회사,A1,채무보증_지급보증,0,국내증권사,B,SF205,각주항목(09.06월 이후)
38546,202003,0013414,한국 에스지증권 주식회사,A2,채무보증_매입보장약정, ,국내증권사,B,SF205,각주항목(09.06월 이후)
38547,202003,0013414,한국 에스지증권 주식회사,A3,채무보증_채무인수약정, ,국내증권사,B,SF205,각주항목(09.06월 이후)
38548,202003,0013414,한국 에스지증권 주식회사,A5,채무보증_매입확약,0,국내증권사,B,SF205,각주항목(09.06월 이후)
38549,202003,0013414,한국 에스지증권 주식회사,A6,채무보증_기타, ,국내증권사,B,SF205,각주항목(09.06월 이후)
38550,202003,0013414,한국 에스지증권 주식회사,B,투자자의 예수증권 등,0,국내증권사,B,SF205,각주항목(09.06월 이후)
38551,202003,0013414,한국 에스지증권 주식회사,B1,투자자의 예수증권 등_예수 증권,0,국내증권사,B,SF205,각주항목(09.06월 이후)
38552,202003,0013414,한국 에스지증권 주식회사,B2,투자자의 예수증권 등_예수양도성예금증서, ,국내증권사,B,SF205,각주항목(09.06월 이후)
38553,202003,0013414,한국 에스지증권 주식회사,B3,투자자의 예수증권 등_기타, ,국내증권사,B,SF205,각주항목(09.06월 이후)
38554,202003,0013414,한국 에스지증권 주식회사,C,파생상품계약,171916000,국내증권사,B,SF205,각주항목(09.06월 이후)
38555,202003,0013414,한국 에스지증권 주식회사,C1,파생상품계약_장내파생상품,171916000,국내증권사,B,SF205,각주항목(09.06월 이후)
38556,202003,0013414,한국 에스지증권 주식회사,C11,파생상품계약_장내파생상품_이자율관련거래,0,국내증권사,B,SF205,각주항목(09.06월 이후)
38557,202003,0013414,한국 에스지증권 주식회사,C12,파생상품계약_장내파생상품_통화관련거래,0,국내증권사,B,SF205,각주항목(09.06월 이후)
38558,202003,0013414,한국 에스지증권 주식회사,C13,파생상품계약_장내파생상품_주식관련거래,171916000,국내증권사,B,SF205,각주항목(09.06월 이후)
38559,202003,0013414,한국 에스지증권 주식회사,C14,파생상품계약_장내파생상품_일반상품관련거래,0,국내증권사,B,SF205,각주항목(09.06월 이후)
38560,202003,0013414,한국 에스지증권 주식회사,C15,파생상품계약_장내파생상품_기타,0,국내증권사,B,SF205,각주항목(09.06월 이후)
38561,202003,0013414,한국 에스지증권 주식회사,C2,파생상품계약_장외파생상품,0,국내증권사,B,SF205,각주항목(09.06월 이후)
38562,202003,0013414,한국 에스지증권 주식회사,C21,파생상품계약_장외파생상품_이자율관련거래,0,국내증권사,B,SF205,각주항목(09.06월 이후)
38563,202003,0013414,한국 에스지증권 주식회사,C22,파생상품계약_장외파생상품_통화관련거래,0,국내증권사,B,SF205,각주항목(09.06월 이후)
38564,202003,0013414,한국 에스지증권 주식회사,C23,파생상품계약_장외파생상품_주식관련거래,0,국내증권사,B,SF205,각주항목(09.06월 이후)
38565,202003,0013414,한국 에스지증권 주식회사,C24,파생상품계약_장외파생상품_신용관련거래,0,국내증권사,B,SF205,각주항목(09.06월 이후)
38566,202003,0013414,한국 에스지증권 주식회사,C25,파생상품계약_장외파생상품_기타,0,국내증권사,B,SF205,각주항목(09.06월 이후)
38567,202003,0013414,한국 에스지증권 주식회사,D,대차 및 대주거래,63672501570,국내증권사,B,SF205,각주항목(09.06월 이후)
38568,202003,0013414,한국 에스지증권 주식회사,D1,대차 및 대주거래_대여증권,0,국내증권사,B,SF205,각주항목(09.06월 이후)
38569,202003,0013414,한국 에스지증권 주식회사,D2,대차 및 대주거래_차입증권,63672501570,국내증권사,B,SF205,각주항목(09.06월 이후)
38570,202003,0013414,한국 에스지증권 주식회사,D3,대차 및 대주거래_신용거래대주, ,국내증권사,B,SF205,각주항목(09.06월 이후)
38571,202003,0013414,한국 에스지증권 주식회사,E,대손상각채권, ,국내증권사,B,SF205,각주항목(09.06월 이후)
38572,202003,0013414,한국 에스지증권 주식회사,F,환전업무 예치금,0,국내증권사,B,SF205,각주항목(09.06월 이후)
38573,202003,0013414,한국 에스지증권 주식회사,G,미배당별도예치금, ,국내증권사,B,SF205,각주항목(09.06월 이후)
38574,202003,0013414,한국 에스지증권 주식회사,H,배서어음매출(종금계정),0,국내증권사,B,SF205,각주항목(09.06월 이후)
38575,202003,0013414,한국 에스지증권 주식회사,H1,대출채권매매이익_담보부, ,국내증권사,B,SF205,각주항목(09.06월 이후)
38576,202003,0013414,한국 에스지증권 주식회사,H2,대출채권매매이익_무담보부, ,국내증권사,B,SF205,각주항목(09.06월 이후)
38577,202006,0013414,한국 에스지증권 주식회사,A,채무보증,0,국내증권사,B,SF205,각주항목(09.06월 이후)
38578,202006,0013414,한국 에스지증권 주식회사,A1,채무보증_지급보증,0,국내증권사,B,SF205,각주항목(09.06월 이후)
38579,202006,0013414,한국 에스지증권 주식회사,A2,채무보증_매입보장약정, ,국내증권사,B,SF205,각주항목(09.06월 이후)
38580,202006,0013414,한국 에스지증권 주식회사,A3,채무보증_채무인수약정, ,국내증권사,B,SF205,각주항목(09.06월 이후)
38581,202006,0013414,한국 에스지증권 주식회사,A5,채무보증_매입확약,0,국내증권사,B,SF205,각주항목(09.06월 이후)
38582,202006,0013414,한국 에스지증권 주식회사,A6,채무보증_기타, ,국내증권사,B,SF205,각주항목(09.06월 이후)
38583,202006,0013414,한국 에스지증권 주식회사,B,투자자의 예수증권 등,104900,국내증권사,B,SF205,각주항목(09.06월 이후)
38584,202006,0013414,한국 에스지증권 주식회사,B1,투자자의 예수증권 등_예수 증권,104900,국내증권사,B,SF205,각주항목(09.06월 이후)
38585,202006,0013414,한국 에스지증권 주식회사,B2,투자자의 예수증권 등_예수양도성예금증서, ,국내증권사,B,SF205,각주항목(09.06월 이후)
38586,202006,0013414,한국 에스지증권 주식회사,B3,투자자의 예수증권 등_기타, ,국내증권사,B,SF205,각주항목(09.06월 이후)
38587,202006,0013414,한국 에스지증권 주식회사,C,파생상품계약,87809746497,국내증권사,B,SF205,각주항목(09.06월 이후)
38588,202006,0013414,한국 에스지증권 주식회사,C1,파생상품계약_장내파생상품,50191705500,국내증권사,B,SF205,각주항목(09.06월 이후)
38589,202006,0013414,한국 에스지증권 주식회사,C11,파생상품계약_장내파생상품_이자율관련거래,0,국내증권사,B,SF205,각주항목(09.06월 이후)
38590,202006,0013414,한국 에스지증권 주식회사,C12,파생상품계약_장내파생상품_통화관련거래,0,국내증권사,B,SF205,각주항목(09.06월 이후)
38591,202006,0013414,한국 에스지증권 주식회사,C13,파생상품계약_장내파생상품_주식관련거래,50191705500,국내증권사,B,SF205,각주항목(09.06월 이후)
38592,202006,0013414,한국 에스지증권 주식회사,C14,파생상품계약_장내파생상품_일반상품관련거래,0,국내증권사,B,SF205,각주항목(09.06월 이후)
38593,202006,0013414,한국 에스지증권 주식회사,C15,파생상품계약_장내파생상품_기타,0,국내증권사,B,SF205,각주항목(09.06월 이후)
38594,202006,0013414,한국 에스지증권 주식회사,C2,파생상품계약_장외파생상품,37618040997,국내증권사,B,SF205,각주항목(09.06월 이후)
38595,202006,0013414,한국 에스지증권 주식회사,C21,파생상품계약_장외파생상품_이자율관련거래,0,국내증권사,B,SF205,각주항목(09.06월 이후)
38596,202006,0013414,한국 에스지증권 주식회사,C22,파생상품계약_장외파생상품_통화관련거래,37618040997,국내증권사,B,SF205,각주항목(09.06월 이후)
38597,202006,0013414,한국 에스지증권 주식회사,C23,파생상품계약_장외파생상품_주식관련거래,0,국내증권사,B,SF205,각주항목(09.06월 이후)
38598,202006,0013414,한국 에스지증권 주식회사,C24,파생상품계약_장외파생상품_신용관련거래,0,국내증권사,B,SF205,각주항목(09.06월 이후)
38599,202006,0013414,한국 에스지증권 주식회사,C25,파생상품계약_장외파생상품_기타,0,국내증권사,B,SF205,각주항목(09.06월 이후)
38600,202006,0013414,한국 에스지증권 주식회사,D,대차 및 대주거래,52965782656,국내증권사,B,SF205,각주항목(09.06월 이후)
38601,202006,0013414,한국 에스지증권 주식회사,D1,대차 및 대주거래_대여증권,0,국내증권사,B,SF205,각주항목(09.06월 이후)
38602,202006,0013414,한국 에스지증권 주식회사,D2,대차 및 대주거래_차입증권,52965782656,국내증권사,B,SF205,각주항목(09.06월 이후)
38603,202006,0013414,한국 에스지증권 주식회사,D3,대차 및 대주거래_신용거래대주, ,국내증권사,B,SF205,각주항목(09.06월 이후)
38604,202006,0013414,한국 에스지증권 주식회사,E,대손상각채권, ,국내증권사,B,SF205,각주항목(09.06월 이후)
38605,202006,0013414,한국 에스지증권 주식회사,F,환전업무 예치금,0,국내증권사,B,SF205,각주항목(09.06월 이후)
38606,202006,0013414,한국 에스지증권 주식회사,G,미배당별도예치금, ,국내증권사,B,SF205,각주항목(09.06월 이후)
38607,202006,0013414,한국 에스지증권 주식회사,H,배서어음매출(종금계정),0,국내증권사,B,SF205,각주항목(09.06월 이후)
38608,202006,0013414,한국 에스지증권 주식회사,H1,대출채권매매이익_담보부, ,국내증권사,B,SF205,각주항목(09.06월 이후)
38609,202006,0013414,한국 에스지증권 주식회사,H2,대출채권매매이익_무담보부, ,국내증권사,B,SF205,각주항목(09.06월 이후)
38610,202009,0013414,한국 에스지증권 주식회사,A,채무보증,0,국내증권사,B,SF205,각주항목(09.06월 이후)
38611,202009,0013414,한국 에스지증권 주식회사,A1,채무보증_지급보증,0,국내증권사,B,SF205,각주항목(09.06월 이후)
38612,202009,0013414,한국 에스지증권 주식회사,A2,채무보증_매입보장약정, ,국내증권사,B,SF205,각주항목(09.06월 이후)
38613,202009,0013414,한국 에스지증권 주식회사,A3,채무보증_채무인수약정, ,국내증권사,B,SF205,각주항목(09.06월 이후)
38614,202009,0013414,한국 에스지증권 주식회사,A5,채무보증_매입확약,0,국내증권사,B,SF205,각주항목(09.06월 이후)
38615,202009,0013414,한국 에스지증권 주식회사,A6,채무보증_기타, ,국내증권사,B,SF205,각주항목(09.06월 이후)
38616,202009,0013414,한국 에스지증권 주식회사,B,투자자의 예수증권 등,0,국내증권사,B,SF205,각주항목(09.06월 이후)
38617,202009,0013414,한국 에스지증권 주식회사,B1,투자자의 예수증권 등_예수 증권,0,국내증권사,B,SF205,각주항목(09.06월 이후)
38618,202009,0013414,한국 에스지증권 주식회사,B2,투자자의 예수증권 등_예수양도성예금증서, ,국내증권사,B,SF205,각주항목(09.06월 이후)
38619,202009,0013414,한국 에스지증권 주식회사,B3,투자자의 예수증권 등_기타, ,국내증권사,B,SF205,각주항목(09.06월 이후)
38620,202009,0013414,한국 에스지증권 주식회사,C,파생상품계약,90452902117,국내증권사,B,SF205,각주항목(09.06월 이후)
38621,202009,0013414,한국 에스지증권 주식회사,C1,파생상품계약_장내파생상품,55138603500,국내증권사,B,SF205,각주항목(09.06월 이후)
38622,202009,0013414,한국 에스지증권 주식회사,C11,파생상품계약_장내파생상품_이자율관련거래,0,국내증권사,B,SF205,각주항목(09.06월 이후)
38623,202009,0013414,한국 에스지증권 주식회사,C12,파생상품계약_장내파생상품_통화관련거래,0,국내증권사,B,SF205,각주항목(09.06월 이후)
38624,202009,0013414,한국 에스지증권 주식회사,C13,파생상품계약_장내파생상품_주식관련거래,55138603500,국내증권사,B,SF205,각주항목(09.06월 이후)
38625,202009,0013414,한국 에스지증권 주식회사,C14,파생상품계약_장내파생상품_일반상품관련거래,0,국내증권사,B,SF205,각주항목(09.06월 이후)
38626,202009,0013414,한국 에스지증권 주식회사,C15,파생상품계약_장내파생상품_기타,0,국내증권사,B,SF205,각주항목(09.06월 이후)
38627,202009,0013414,한국 에스지증권 주식회사,C2,파생상품계약_장외파생상품,35314298617,국내증권사,B,SF205,각주항목(09.06월 이후)
38628,202009,0013414,한국 에스지증권 주식회사,C21,파생상품계약_장외파생상품_이자율관련거래,0,국내증권사,B,SF205,각주항목(09.06월 이후)
38629,202009,0013414,한국 에스지증권 주식회사,C22,파생상품계약_장외파생상품_통화관련거래,35314298617,국내증권사,B,SF205,각주항목(09.06월 이후)
38630,202009,0013414,한국 에스지증권 주식회사,C23,파생상품계약_장외파생상품_주식관련거래,0,국내증권사,B,SF205,각주항목(09.06월 이후)
38631,202009,0013414,한국 에스지증권 주식회사,C24,파생상품계약_장외파생상품_신용관련거래,0,국내증권사,B,SF205,각주항목(09.06월 이후)
38632,202009,0013414,한국 에스지증권 주식회사,C25,파생상품계약_장외파생상품_기타,0,국내증권사,B,SF205,각주항목(09.06월 이후)
38633,202009,0013414,한국 에스지증권 주식회사,D,대차 및 대주거래,43133873215,국내증권사,B,SF205,각주항목(09.06월 이후)
38634,202009,0013414,한국 에스지증권 주식회사,D1,대차 및 대주거래_대여증권,0,국내증권사,B,SF205,각주항목(09.06월 이후)
38635,202009,0013414,한국 에스지증권 주식회사,D2,대차 및 대주거래_차입증권,43133873215,국내증권사,B,SF205,각주항목(09.06월 이후)
38636,202009,0013414,한국 에스지증권 주식회사,D3,대차 및 대주거래_신용거래대주, ,국내증권사,B,SF205,각주항목(09.06월 이후)
38637,202009,0013414,한국 에스지증권 주식회사,E,대손상각채권, ,국내증권사,B,SF205,각주항목(09.06월 이후)
38638,202009,0013414,한국 에스지증권 주식회사,F,환전업무 예치금,0,국내증권사,B,SF205,각주항목(09.06월 이후)
38639,202009,0013414,한국 에스지증권 주식회사,G,미배당별도예치금, ,국내증권사,B,SF205,각주항목(09.06월 이후)
38640,202009,0013414,한국 에스지증권 주식회사,H,배서어음매출(종금계정),0,국내증권사,B,SF205,각주항목(09.06월 이후)
38641,202009,0013414,한국 에스지증권 주식회사,H1,대출채권매매이익_담보부, ,국내증권사,B,SF205,각주항목(09.06월 이후)
38642,202009,0013414,한국 에스지증권 주식회사,H2,대출채권매매이익_무담보부, ,국내증권사,B,SF205,각주항목(09.06월 이후)
38643,202012,0013414,한국 에스지증권 주식회사,A,채무보증,0,국내증권사,B,SF205,각주항목(09.06월 이후)
38644,202012,0013414,한국 에스지증권 주식회사,A1,채무보증_지급보증,0,국내증권사,B,SF205,각주항목(09.06월 이후)
38645,202012,0013414,한국 에스지증권 주식회사,A2,채무보증_매입보장약정, ,국내증권사,B,SF205,각주항목(09.06월 이후)
38646,202012,0013414,한국 에스지증권 주식회사,A3,채무보증_채무인수약정, ,국내증권사,B,SF205,각주항목(09.06월 이후)
38647,202012,0013414,한국 에스지증권 주식회사,A5,채무보증_매입확약,0,국내증권사,B,SF205,각주항목(09.06월 이후)
38648,202012,0013414,한국 에스지증권 주식회사,A6,채무보증_기타, ,국내증권사,B,SF205,각주항목(09.06월 이후)
38649,202012,0013414,한국 에스지증권 주식회사,B,투자자의 예수증권 등,0,국내증권사,B,SF205,각주항목(09.06월 이후)
38650,202012,0013414,한국 에스지증권 주식회사,B1,투자자의 예수증권 등_예수 증권,0,국내증권사,B,SF205,각주항목(09.06월 이후)
38651,202012,0013414,한국 에스지증권 주식회사,B2,투자자의 예수증권 등_예수양도성예금증서, ,국내증권사,B,SF205,각주항목(09.06월 이후)
38652,202012,0013414,한국 에스지증권 주식회사,B3,투자자의 예수증권 등_기타, ,국내증권사,B,SF205,각주항목(09.06월 이후)
38653,202012,0013414,한국 에스지증권 주식회사,C,파생상품계약,351909714788,국내증권사,B,SF205,각주항목(09.06월 이후)
38654,202012,0013414,한국 에스지증권 주식회사,C1,파생상품계약_장내파생상품,63295918000,국내증권사,B,SF205,각주항목(09.06월 이후)
38655,202012,0013414,한국 에스지증권 주식회사,C11,파생상품계약_장내파생상품_이자율관련거래,0,국내증권사,B,SF205,각주항목(09.06월 이후)
38656,202012,0013414,한국 에스지증권 주식회사,C12,파생상품계약_장내파생상품_통화관련거래,0,국내증권사,B,SF205,각주항목(09.06월 이후)
38657,202012,0013414,한국 에스지증권 주식회사,C13,파생상품계약_장내파생상품_주식관련거래,63295918000,국내증권사,B,SF205,각주항목(09.06월 이후)
38658,202012,0013414,한국 에스지증권 주식회사,C14,파생상품계약_장내파생상품_일반상품관련거래,0,국내증권사,B,SF205,각주항목(09.06월 이후)
38659,202012,0013414,한국 에스지증권 주식회사,C15,파생상품계약_장내파생상품_기타,0,국내증권사,B,SF205,각주항목(09.06월 이후)
38660,202012,0013414,한국 에스지증권 주식회사,C2,파생상품계약_장외파생상품,288613796788,국내증권사,B,SF205,각주항목(09.06월 이후)
38661,202012,0013414,한국 에스지증권 주식회사,C21,파생상품계약_장외파생상품_이자율관련거래,0,국내증권사,B,SF205,각주항목(09.06월 이후)
38662,202012,0013414,한국 에스지증권 주식회사,C22,파생상품계약_장외파생상품_통화관련거래,42302400704,국내증권사,B,SF205,각주항목(09.06월 이후)
38663,202012,0013414,한국 에스지증권 주식회사,C23,파생상품계약_장외파생상품_주식관련거래,246311396084,국내증권사,B,SF205,각주항목(09.06월 이후)
38664,202012,0013414,한국 에스지증권 주식회사,C24,파생상품계약_장외파생상품_신용관련거래,0,국내증권사,B,SF205,각주항목(09.06월 이후)
38665,202012,0013414,한국 에스지증권 주식회사,C25,파생상품계약_장외파생상품_기타,0,국내증권사,B,SF205,각주항목(09.06월 이후)
38666,202012,0013414,한국 에스지증권 주식회사,D,대차 및 대주거래,577340773090,국내증권사,B,SF205,각주항목(09.06월 이후)
38667,202012,0013414,한국 에스지증권 주식회사,D1,대차 및 대주거래_대여증권,408816000000,국내증권사,B,SF205,각주항목(09.06월 이후)
38668,202012,0013414,한국 에스지증권 주식회사,D2,대차 및 대주거래_차입증권,168524773090,국내증권사,B,SF205,각주항목(09.06월 이후)
38669,202012,0013414,한국 에스지증권 주식회사,D3,대차 및 대주거래_신용거래대주, ,국내증권사,B,SF205,각주항목(09.06월 이후)
38670,202012,0013414,한국 에스지증권 주식회사,E,대손상각채권, ,국내증권사,B,SF205,각주항목(09.06월 이후)
38671,202012,0013414,한국 에스지증권 주식회사,F,환전업무 예치금,0,국내증권사,B,SF205,각주항목(09.06월 이후)
38672,202012,0013414,한국 에스지증권 주식회사,G,미배당별도예치금, ,국내증권사,B,SF205,각주항목(09.06월 이후)
38673,202012,0013414,한국 에스지증권 주식회사,H,배서어음매출(종금계정),0,국내증권사,B,SF205,각주항목(09.06월 이후)
38674,202012,0013414,한국 에스지증권 주식회사,H1,대출채권매매이익_담보부, ,국내증권사,B,SF205,각주항목(09.06월 이후)
38675,202012,0013414,한국 에스지증권 주식회사,H2,대출채권매매이익_무담보부, ,국내증권사,B,SF205,각주항목(09.06월 이후)
38676,202103,0013414,한국 에스지증권 주식회사,A,채무보증,0,국내증권사,B,SF205,각주항목(09.06월 이후)
38677,202103,0013414,한국 에스지증권 주식회사,A1,채무보증_지급보증,0,국내증권사,B,SF205,각주항목(09.06월 이후)
38678,202103,0013414,한국 에스지증권 주식회사,A2,채무보증_매입보장약정, ,국내증권사,B,SF205,각주항목(09.06월 이후)
38679,202103,0013414,한국 에스지증권 주식회사,A3,채무보증_채무인수약정, ,국내증권사,B,SF205,각주항목(09.06월 이후)
38680,202103,0013414,한국 에스지증권 주식회사,A5,채무보증_매입확약,0,국내증권사,B,SF205,각주항목(09.06월 이후)
38681,202103,0013414,한국 에스지증권 주식회사,A6,채무보증_기타, ,국내증권사,B,SF205,각주항목(09.06월 이후)
38682,202103,0013414,한국 에스지증권 주식회사,B,투자자의 예수증권 등,0,국내증권사,B,SF205,각주항목(09.06월 이후)
38683,202103,0013414,한국 에스지증권 주식회사,B1,투자자의 예수증권 등_예수 증권,0,국내증권사,B,SF205,각주항목(09.06월 이후)
38684,202103,0013414,한국 에스지증권 주식회사,B2,투자자의 예수증권 등_예수양도성예금증서, ,국내증권사,B,SF205,각주항목(09.06월 이후)
38685,202103,0013414,한국 에스지증권 주식회사,B3,투자자의 예수증권 등_기타, ,국내증권사,B,SF205,각주항목(09.06월 이후)
38686,202103,0013414,한국 에스지증권 주식회사,C,파생상품계약,457199362923,국내증권사,B,SF205,각주항목(09.06월 이후)
38687,202103,0013414,한국 에스지증권 주식회사,C1,파생상품계약_장내파생상품,5173662500,국내증권사,B,SF205,각주항목(09.06월 이후)
38688,202103,0013414,한국 에스지증권 주식회사,C11,파생상품계약_장내파생상품_이자율관련거래,0,국내증권사,B,SF205,각주항목(09.06월 이후)
38689,202103,0013414,한국 에스지증권 주식회사,C12,파생상품계약_장내파생상품_통화관련거래,0,국내증권사,B,SF205,각주항목(09.06월 이후)
38690,202103,0013414,한국 에스지증권 주식회사,C13,파생상품계약_장내파생상품_주식관련거래,5173662500,국내증권사,B,SF205,각주항목(09.06월 이후)
38691,202103,0013414,한국 에스지증권 주식회사,C14,파생상품계약_장내파생상품_일반상품관련거래,0,국내증권사,B,SF205,각주항목(09.06월 이후)
38692,202103,0013414,한국 에스지증권 주식회사,C15,파생상품계약_장내파생상품_기타,0,국내증권사,B,SF205,각주항목(09.06월 이후)
38693,202103,0013414,한국 에스지증권 주식회사,C2,파생상품계약_장외파생상품,452025700423,국내증권사,B,SF205,각주항목(09.06월 이후)
38694,202103,0013414,한국 에스지증권 주식회사,C21,파생상품계약_장외파생상품_이자율관련거래,0,국내증권사,B,SF205,각주항목(09.06월 이후)
38695,202103,0013414,한국 에스지증권 주식회사,C22,파생상품계약_장외파생상품_통화관련거래,42281785881,국내증권사,B,SF205,각주항목(09.06월 이후)
38696,202103,0013414,한국 에스지증권 주식회사,C23,파생상품계약_장외파생상품_주식관련거래,409743914542,국내증권사,B,SF205,각주항목(09.06월 이후)
38697,202103,0013414,한국 에스지증권 주식회사,C24,파생상품계약_장외파생상품_신용관련거래,0,국내증권사,B,SF205,각주항목(09.06월 이후)
38698,202103,0013414,한국 에스지증권 주식회사,C25,파생상품계약_장외파생상품_기타,0,국내증권사,B,SF205,각주항목(09.06월 이후)
38699,202103,0013414,한국 에스지증권 주식회사,D,대차 및 대주거래,757065472880,국내증권사,B,SF205,각주항목(09.06월 이후)
38700,202103,0013414,한국 에스지증권 주식회사,D1,대차 및 대주거래_대여증권,555434640000,국내증권사,B,SF205,각주항목(09.06월 이후)
38701,202103,0013414,한국 에스지증권 주식회사,D2,대차 및 대주거래_차입증권,201630832880,국내증권사,B,SF205,각주항목(09.06월 이후)
38702,202103,0013414,한국 에스지증권 주식회사,D3,대차 및 대주거래_신용거래대주, ,국내증권사,B,SF205,각주항목(09.06월 이후)
38703,202103,0013414,한국 에스지증권 주식회사,E,대손상각채권, ,국내증권사,B,SF205,각주항목(09.06월 이후)
38704,202103,0013414,한국 에스지증권 주식회사,F,환전업무 예치금,0,국내증권사,B,SF205,각주항목(09.06월 이후)
38705,202103,0013414,한국 에스지증권 주식회사,G,미배당별도예치금, ,국내증권사,B,SF205,각주항목(09.06월 이후)
38706,202103,0013414,한국 에스지증권 주식회사,H,배서어음매출(종금계정),0,국내증권사,B,SF205,각주항목(09.06월 이후)
38707,202103,0013414,한국 에스지증권 주식회사,H1,대출채권매매이익_담보부, ,국내증권사,B,SF205,각주항목(09.06월 이후)
38708,202103,0013414,한국 에스지증권 주식회사,H2,대출채권매매이익_무담보부, ,국내증권사,B,SF205,각주항목(09.06월 이후)
38709,202106,0013414,한국 에스지증권 주식회사,A,채무보증,0,국내증권사,B,SF205,각주항목(09.06월 이후)
38710,202106,0013414,한국 에스지증권 주식회사,A1,채무보증_지급보증,0,국내증권사,B,SF205,각주항목(09.06월 이후)
38711,202106,0013414,한국 에스지증권 주식회사,A2,채무보증_매입보장약정, ,국내증권사,B,SF205,각주항목(09.06월 이후)
38712,202106,0013414,한국 에스지증권 주식회사,A3,채무보증_채무인수약정, ,국내증권사,B,SF205,각주항목(09.06월 이후)
38713,202106,0013414,한국 에스지증권 주식회사,A5,채무보증_매입확약,0,국내증권사,B,SF205,각주항목(09.06월 이후)
38714,202106,0013414,한국 에스지증권 주식회사,A6,채무보증_기타, ,국내증권사,B,SF205,각주항목(09.06월 이후)
38715,202106,0013414,한국 에스지증권 주식회사,B,투자자의 예수증권 등,47355000000,국내증권사,B,SF205,각주항목(09.06월 이후)
38716,202106,0013414,한국 에스지증권 주식회사,B1,투자자의 예수증권 등_예수 증권,47355000000,국내증권사,B,SF205,각주항목(09.06월 이후)
38717,202106,0013414,한국 에스지증권 주식회사,B2,투자자의 예수증권 등_예수양도성예금증서, ,국내증권사,B,SF205,각주항목(09.06월 이후)
38718,202106,0013414,한국 에스지증권 주식회사,B3,투자자의 예수증권 등_기타, ,국내증권사,B,SF205,각주항목(09.06월 이후)
38719,202106,0013414,한국 에스지증권 주식회사,C,파생상품계약,258349462790,국내증권사,B,SF205,각주항목(09.06월 이후)
38720,202106,0013414,한국 에스지증권 주식회사,C1,파생상품계약_장내파생상품,224143365000,국내증권사,B,SF205,각주항목(09.06월 이후)
38721,202106,0013414,한국 에스지증권 주식회사,C11,파생상품계약_장내파생상품_이자율관련거래,0,국내증권사,B,SF205,각주항목(09.06월 이후)
38722,202106,0013414,한국 에스지증권 주식회사,C12,파생상품계약_장내파생상품_통화관련거래,0,국내증권사,B,SF205,각주항목(09.06월 이후)
38723,202106,0013414,한국 에스지증권 주식회사,C13,파생상품계약_장내파생상품_주식관련거래,224143365000,국내증권사,B,SF205,각주항목(09.06월 이후)
38724,202106,0013414,한국 에스지증권 주식회사,C14,파생상품계약_장내파생상품_일반상품관련거래,0,국내증권사,B,SF205,각주항목(09.06월 이후)
38725,202106,0013414,한국 에스지증권 주식회사,C15,파생상품계약_장내파생상품_기타,0,국내증권사,B,SF205,각주항목(09.06월 이후)
38726,202106,0013414,한국 에스지증권 주식회사,C2,파생상품계약_장외파생상품,34206097790,국내증권사,B,SF205,각주항목(09.06월 이후)
38727,202106,0013414,한국 에스지증권 주식회사,C21,파생상품계약_장외파생상품_이자율관련거래,0,국내증권사,B,SF205,각주항목(09.06월 이후)
38728,202106,0013414,한국 에스지증권 주식회사,C22,파생상품계약_장외파생상품_통화관련거래,34206097790,국내증권사,B,SF205,각주항목(09.06월 이후)
38729,202106,0013414,한국 에스지증권 주식회사,C23,파생상품계약_장외파생상품_주식관련거래,0,국내증권사,B,SF205,각주항목(09.06월 이후)
38730,202106,0013414,한국 에스지증권 주식회사,C24,파생상품계약_장외파생상품_신용관련거래,0,국내증권사,B,SF205,각주항목(09.06월 이후)
38731,202106,0013414,한국 에스지증권 주식회사,C25,파생상품계약_장외파생상품_기타,0,국내증권사,B,SF205,각주항목(09.06월 이후)
38732,202106,0013414,한국 에스지증권 주식회사,D,대차 및 대주거래,417096541600,국내증권사,B,SF205,각주항목(09.06월 이후)
38733,202106,0013414,한국 에스지증권 주식회사,D1,대차 및 대주거래_대여증권,297814805000,국내증권사,B,SF205,각주항목(09.06월 이후)
38734,202106,0013414,한국 에스지증권 주식회사,D2,대차 및 대주거래_차입증권,119281736600,국내증권사,B,SF205,각주항목(09.06월 이후)
38735,202106,0013414,한국 에스지증권 주식회사,D3,대차 및 대주거래_신용거래대주, ,국내증권사,B,SF205,각주항목(09.06월 이후)
38736,202106,0013414,한국 에스지증권 주식회사,E,대손상각채권, ,국내증권사,B,SF205,각주항목(09.06월 이후)
38737,202106,0013414,한국 에스지증권 주식회사,F,환전업무 예치금,0,국내증권사,B,SF205,각주항목(09.06월 이후)
38738,202106,0013414,한국 에스지증권 주식회사,G,미배당별도예치금, ,국내증권사,B,SF205,각주항목(09.06월 이후)
38739,202106,0013414,한국 에스지증권 주식회사,H,배서어음매출(종금계정),0,국내증권사,B,SF205,각주항목(09.06월 이후)
38740,202106,0013414,한국 에스지증권 주식회사,H1,대출채권매매이익_담보부, ,국내증권사,B,SF205,각주항목(09.06월 이후)
38741,202106,0013414,한국 에스지증권 주식회사,H2,대출채권매매이익_무담보부, ,국내증권사,B,SF205,각주항목(09.06월 이후)
38742,202109,0013414,한국 에스지증권 주식회사,A,채무보증,0,국내증권사,B,SF205,각주항목(09.06월 이후)
38743,202109,0013414,한국 에스지증권 주식회사,A1,채무보증_지급보증,0,국내증권사,B,SF205,각주항목(09.06월 이후)
38744,202109,0013414,한국 에스지증권 주식회사,A2,채무보증_매입보장약정, ,국내증권사,B,SF205,각주항목(09.06월 이후)
38745,202109,0013414,한국 에스지증권 주식회사,A3,채무보증_채무인수약정, ,국내증권사,B,SF205,각주항목(09.06월 이후)
38746,202109,0013414,한국 에스지증권 주식회사,A5,채무보증_매입확약,0,국내증권사,B,SF205,각주항목(09.06월 이후)
38747,202109,0013414,한국 에스지증권 주식회사,A6,채무보증_기타, ,국내증권사,B,SF205,각주항목(09.06월 이후)
38748,202109,0013414,한국 에스지증권 주식회사,B,투자자의 예수증권 등,0,국내증권사,B,SF205,각주항목(09.06월 이후)
38749,202109,0013414,한국 에스지증권 주식회사,B1,투자자의 예수증권 등_예수 증권,0,국내증권사,B,SF205,각주항목(09.06월 이후)
38750,202109,0013414,한국 에스지증권 주식회사,B2,투자자의 예수증권 등_예수양도성예금증서, ,국내증권사,B,SF205,각주항목(09.06월 이후)
38751,202109,0013414,한국 에스지증권 주식회사,B3,투자자의 예수증권 등_기타, ,국내증권사,B,SF205,각주항목(09.06월 이후)
38752,202109,0013414,한국 에스지증권 주식회사,C,파생상품계약,165366980293,국내증권사,B,SF205,각주항목(09.06월 이후)
38753,202109,0013414,한국 에스지증권 주식회사,C1,파생상품계약_장내파생상품,129695372500,국내증권사,B,SF205,각주항목(09.06월 이후)
38754,202109,0013414,한국 에스지증권 주식회사,C11,파생상품계약_장내파생상품_이자율관련거래,0,국내증권사,B,SF205,각주항목(09.06월 이후)
38755,202109,0013414,한국 에스지증권 주식회사,C12,파생상품계약_장내파생상품_통화관련거래,0,국내증권사,B,SF205,각주항목(09.06월 이후)
38756,202109,0013414,한국 에스지증권 주식회사,C13,파생상품계약_장내파생상품_주식관련거래,129695372500,국내증권사,B,SF205,각주항목(09.06월 이후)
38757,202109,0013414,한국 에스지증권 주식회사,C14,파생상품계약_장내파생상품_일반상품관련거래,0,국내증권사,B,SF205,각주항목(09.06월 이후)
38758,202109,0013414,한국 에스지증권 주식회사,C15,파생상품계약_장내파생상품_기타,0,국내증권사,B,SF205,각주항목(09.06월 이후)
38759,202109,0013414,한국 에스지증권 주식회사,C2,파생상품계약_장외파생상품,35671607793,국내증권사,B,SF205,각주항목(09.06월 이후)
38760,202109,0013414,한국 에스지증권 주식회사,C21,파생상품계약_장외파생상품_이자율관련거래,0,국내증권사,B,SF205,각주항목(09.06월 이후)
38761,202109,0013414,한국 에스지증권 주식회사,C22,파생상품계약_장외파생상품_통화관련거래,35671607793,국내증권사,B,SF205,각주항목(09.06월 이후)
38762,202109,0013414,한국 에스지증권 주식회사,C23,파생상품계약_장외파생상품_주식관련거래,0,국내증권사,B,SF205,각주항목(09.06월 이후)
38763,202109,0013414,한국 에스지증권 주식회사,C24,파생상품계약_장외파생상품_신용관련거래,0,국내증권사,B,SF205,각주항목(09.06월 이후)
38764,202109,0013414,한국 에스지증권 주식회사,C25,파생상품계약_장외파생상품_기타,0,국내증권사,B,SF205,각주항목(09.06월 이후)
38765,202109,0013414,한국 에스지증권 주식회사,D,대차 및 대주거래,248987495810,국내증권사,B,SF205,각주항목(09.06월 이후)
38766,202109,0013414,한국 에스지증권 주식회사,D1,대차 및 대주거래_대여증권,178515602920,국내증권사,B,SF205,각주항목(09.06월 이후)
38767,202109,0013414,한국 에스지증권 주식회사,D2,대차 및 대주거래_차입증권,70471892890,국내증권사,B,SF205,각주항목(09.06월 이후)
38768,202109,0013414,한국 에스지증권 주식회사,D3,대차 및 대주거래_신용거래대주, ,국내증권사,B,SF205,각주항목(09.06월 이후)
38769,202109,0013414,한국 에스지증권 주식회사,E,대손상각채권, ,국내증권사,B,SF205,각주항목(09.06월 이후)
38770,202109,0013414,한국 에스지증권 주식회사,F,환전업무 예치금,0,국내증권사,B,SF205,각주항목(09.06월 이후)
38771,202109,0013414,한국 에스지증권 주식회사,G,미배당별도예치금, ,국내증권사,B,SF205,각주항목(09.06월 이후)
38772,202109,0013414,한국 에스지증권 주식회사,H,배서어음매출(종금계정),0,국내증권사,B,SF205,각주항목(09.06월 이후)
38773,202109,0013414,한국 에스지증권 주식회사,H1,대출채권매매이익_담보부, ,국내증권사,B,SF205,각주항목(09.06월 이후)
38774,202109,0013414,한국 에스지증권 주식회사,H2,대출채권매매이익_무담보부, ,국내증권사,B,SF205,각주항목(09.06월 이후)
38775,202112,0013414,한국 에스지증권 주식회사,A,채무보증,0,국내증권사,B,SF205,각주항목(09.06월 이후)
38776,202112,0013414,한국 에스지증권 주식회사,A1,채무보증_지급보증,0,국내증권사,B,SF205,각주항목(09.06월 이후)
38777,202112,0013414,한국 에스지증권 주식회사,A2,채무보증_매입보장약정, ,국내증권사,B,SF205,각주항목(09.06월 이후)
38778,202112,0013414,한국 에스지증권 주식회사,A3,채무보증_채무인수약정, ,국내증권사,B,SF205,각주항목(09.06월 이후)
38779,202112,0013414,한국 에스지증권 주식회사,A5,채무보증_매입확약,0,국내증권사,B,SF205,각주항목(09.06월 이후)
38780,202112,0013414,한국 에스지증권 주식회사,A6,채무보증_기타, ,국내증권사,B,SF205,각주항목(09.06월 이후)
38781,202112,0013414,한국 에스지증권 주식회사,B,투자자의 예수증권 등,0,국내증권사,B,SF205,각주항목(09.06월 이후)
38782,202112,0013414,한국 에스지증권 주식회사,B1,투자자의 예수증권 등_예수 증권,0,국내증권사,B,SF205,각주항목(09.06월 이후)
38783,202112,0013414,한국 에스지증권 주식회사,B2,투자자의 예수증권 등_예수양도성예금증서, ,국내증권사,B,SF205,각주항목(09.06월 이후)
38784,202112,0013414,한국 에스지증권 주식회사,B3,투자자의 예수증권 등_기타, ,국내증권사,B,SF205,각주항목(09.06월 이후)
38785,202112,0013414,한국 에스지증권 주식회사,C,파생상품계약,419218658727,국내증권사,B,SF205,각주항목(09.06월 이후)
38786,202112,0013414,한국 에스지증권 주식회사,C1,파생상품계약_장내파생상품,223864487600,국내증권사,B,SF205,각주항목(09.06월 이후)
38787,202112,0013414,한국 에스지증권 주식회사,C11,파생상품계약_장내파생상품_이자율관련거래,0,국내증권사,B,SF205,각주항목(09.06월 이후)
38788,202112,0013414,한국 에스지증권 주식회사,C12,파생상품계약_장내파생상품_통화관련거래,0,국내증권사,B,SF205,각주항목(09.06월 이후)
38789,202112,0013414,한국 에스지증권 주식회사,C13,파생상품계약_장내파생상품_주식관련거래,223864487600,국내증권사,B,SF205,각주항목(09.06월 이후)
38790,202112,0013414,한국 에스지증권 주식회사,C14,파생상품계약_장내파생상품_일반상품관련거래,0,국내증권사,B,SF205,각주항목(09.06월 이후)
38791,202112,0013414,한국 에스지증권 주식회사,C15,파생상품계약_장내파생상품_기타,0,국내증권사,B,SF205,각주항목(09.06월 이후)
38792,202112,0013414,한국 에스지증권 주식회사,C2,파생상품계약_장외파생상품,195354171127,국내증권사,B,SF205,각주항목(09.06월 이후)
38793,202112,0013414,한국 에스지증권 주식회사,C21,파생상품계약_장외파생상품_이자율관련거래,0,국내증권사,B,SF205,각주항목(09.06월 이후)
38794,202112,0013414,한국 에스지증권 주식회사,C22,파생상품계약_장외파생상품_통화관련거래,124602170891,국내증권사,B,SF205,각주항목(09.06월 이후)
38795,202112,0013414,한국 에스지증권 주식회사,C23,파생상품계약_장외파생상품_주식관련거래,70752000236,국내증권사,B,SF205,각주항목(09.06월 이후)
38796,202112,0013414,한국 에스지증권 주식회사,C24,파생상품계약_장외파생상품_신용관련거래,0,국내증권사,B,SF205,각주항목(09.06월 이후)
38797,202112,0013414,한국 에스지증권 주식회사,C25,파생상품계약_장외파생상품_기타,0,국내증권사,B,SF205,각주항목(09.06월 이후)
38798,202112,0013414,한국 에스지증권 주식회사,D,대차 및 대주거래,574483951120,국내증권사,B,SF205,각주항목(09.06월 이후)
38799,202112,0013414,한국 에스지증권 주식회사,D1,대차 및 대주거래_대여증권,270846540350,국내증권사,B,SF205,각주항목(09.06월 이후)
38800,202112,0013414,한국 에스지증권 주식회사,D2,대차 및 대주거래_차입증권,303637410770,국내증권사,B,SF205,각주항목(09.06월 이후)
38801,202112,0013414,한국 에스지증권 주식회사,D3,대차 및 대주거래_신용거래대주, ,국내증권사,B,SF205,각주항목(09.06월 이후)
38802,202112,0013414,한국 에스지증권 주식회사,E,대손상각채권, ,국내증권사,B,SF205,각주항목(09.06월 이후)
38803,202112,0013414,한국 에스지증권 주식회사,F,환전업무 예치금,0,국내증권사,B,SF205,각주항목(09.06월 이후)
38804,202112,0013414,한국 에스지증권 주식회사,G,미배당별도예치금, ,국내증권사,B,SF205,각주항목(09.06월 이후)
38805,202112,0013414,한국 에스지증권 주식회사,H,배서어음매출(종금계정),0,국내증권사,B,SF205,각주항목(09.06월 이후)
38806,202112,0013414,한국 에스지증권 주식회사,H1,대출채권매매이익_담보부, ,국내증권사,B,SF205,각주항목(09.06월 이후)
38807,202112,0013414,한국 에스지증권 주식회사,H2,대출채권매매이익_무담보부, ,국내증권사,B,SF205,각주항목(09.06월 이후)
38808,202203,0013414,한국 에스지증권 주식회사,A,채무보증,0,국내증권사,B,SF205,각주항목(09.06월 이후)
38809,202203,0013414,한국 에스지증권 주식회사,A1,채무보증_지급보증,0,국내증권사,B,SF205,각주항목(09.06월 이후)
38810,202203,0013414,한국 에스지증권 주식회사,A2,채무보증_매입보장약정, ,국내증권사,B,SF205,각주항목(09.06월 이후)
38811,202203,0013414,한국 에스지증권 주식회사,A3,채무보증_채무인수약정, ,국내증권사,B,SF205,각주항목(09.06월 이후)
38812,202203,0013414,한국 에스지증권 주식회사,A5,채무보증_매입확약,0,국내증권사,B,SF205,각주항목(09.06월 이후)
38813,202203,0013414,한국 에스지증권 주식회사,A6,채무보증_기타, ,국내증권사,B,SF205,각주항목(09.06월 이후)
38814,202203,0013414,한국 에스지증권 주식회사,B,투자자의 예수증권 등,0,국내증권사,B,SF205,각주항목(09.06월 이후)
38815,202203,0013414,한국 에스지증권 주식회사,B1,투자자의 예수증권 등_예수 증권,0,국내증권사,B,SF205,각주항목(09.06월 이후)
38816,202203,0013414,한국 에스지증권 주식회사,B2,투자자의 예수증권 등_예수양도성예금증서, ,국내증권사,B,SF205,각주항목(09.06월 이후)
38817,202203,0013414,한국 에스지증권 주식회사,B3,투자자의 예수증권 등_기타, ,국내증권사,B,SF205,각주항목(09.06월 이후)
38818,202203,0013414,한국 에스지증권 주식회사,C,파생상품계약,882606672090,국내증권사,B,SF205,각주항목(09.06월 이후)
38819,202203,0013414,한국 에스지증권 주식회사,C1,파생상품계약_장내파생상품,371849836300,국내증권사,B,SF205,각주항목(09.06월 이후)
38820,202203,0013414,한국 에스지증권 주식회사,C11,파생상품계약_장내파생상품_이자율관련거래,0,국내증권사,B,SF205,각주항목(09.06월 이후)
38821,202203,0013414,한국 에스지증권 주식회사,C12,파생상품계약_장내파생상품_통화관련거래,0,국내증권사,B,SF205,각주항목(09.06월 이후)
38822,202203,0013414,한국 에스지증권 주식회사,C13,파생상품계약_장내파생상품_주식관련거래,371849836300,국내증권사,B,SF205,각주항목(09.06월 이후)
38823,202203,0013414,한국 에스지증권 주식회사,C14,파생상품계약_장내파생상품_일반상품관련거래,0,국내증권사,B,SF205,각주항목(09.06월 이후)
38824,202203,0013414,한국 에스지증권 주식회사,C15,파생상품계약_장내파생상품_기타,0,국내증권사,B,SF205,각주항목(09.06월 이후)
38825,202203,0013414,한국 에스지증권 주식회사,C2,파생상품계약_장외파생상품,510756835790,국내증권사,B,SF205,각주항목(09.06월 이후)
38826,202203,0013414,한국 에스지증권 주식회사,C21,파생상품계약_장외파생상품_이자율관련거래,0,국내증권사,B,SF205,각주항목(09.06월 이후)
38827,202203,0013414,한국 에스지증권 주식회사,C22,파생상품계약_장외파생상품_통화관련거래,334308131518,국내증권사,B,SF205,각주항목(09.06월 이후)
38828,202203,0013414,한국 에스지증권 주식회사,C23,파생상품계약_장외파생상품_주식관련거래,176448704272,국내증권사,B,SF205,각주항목(09.06월 이후)
38829,202203,0013414,한국 에스지증권 주식회사,C24,파생상품계약_장외파생상품_신용관련거래,0,국내증권사,B,SF205,각주항목(09.06월 이후)
38830,202203,0013414,한국 에스지증권 주식회사,C25,파생상품계약_장외파생상품_기타,0,국내증권사,B,SF205,각주항목(09.06월 이후)
38831,202203,0013414,한국 에스지증권 주식회사,D,대차 및 대주거래,823223554325,국내증권사,B,SF205,각주항목(09.06월 이후)
38832,202203,0013414,한국 에스지증권 주식회사,D1,대차 및 대주거래_대여증권,564673351030,국내증권사,B,SF205,각주항목(09.06월 이후)
38833,202203,0013414,한국 에스지증권 주식회사,D2,대차 및 대주거래_차입증권,258550203295,국내증권사,B,SF205,각주항목(09.06월 이후)
38834,202203,0013414,한국 에스지증권 주식회사,D3,대차 및 대주거래_신용거래대주, ,국내증권사,B,SF205,각주항목(09.06월 이후)
38835,202203,0013414,한국 에스지증권 주식회사,E,대손상각채권, ,국내증권사,B,SF205,각주항목(09.06월 이후)
38836,202203,0013414,한국 에스지증권 주식회사,F,환전업무 예치금,0,국내증권사,B,SF205,각주항목(09.06월 이후)
38837,202203,0013414,한국 에스지증권 주식회사,G,미배당별도예치금, ,국내증권사,B,SF205,각주항목(09.06월 이후)
38838,202203,0013414,한국 에스지증권 주식회사,H,배서어음매출(종금계정),0,국내증권사,B,SF205,각주항목(09.06월 이후)
38839,202203,0013414,한국 에스지증권 주식회사,H1,대출채권매매이익_담보부, ,국내증권사,B,SF205,각주항목(09.06월 이후)
38840,202203,0013414,한국 에스지증권 주식회사,H2,대출채권매매이익_무담보부, ,국내증권사,B,SF205,각주항목(09.06월 이후)
38841,202206,0013414,한국 에스지증권 주식회사,A,채무보증,0,국내증권사,B,SF205,각주항목(09.06월 이후)
38842,202206,0013414,한국 에스지증권 주식회사,A1,채무보증_지급보증,0,국내증권사,B,SF205,각주항목(09.06월 이후)
38843,202206,0013414,한국 에스지증권 주식회사,A2,채무보증_매입보장약정, ,국내증권사,B,SF205,각주항목(09.06월 이후)
38844,202206,0013414,한국 에스지증권 주식회사,A3,채무보증_채무인수약정, ,국내증권사,B,SF205,각주항목(09.06월 이후)
38845,202206,0013414,한국 에스지증권 주식회사,A5,채무보증_매입확약,0,국내증권사,B,SF205,각주항목(09.06월 이후)
38846,202206,0013414,한국 에스지증권 주식회사,A6,채무보증_기타, ,국내증권사,B,SF205,각주항목(09.06월 이후)
38847,202206,0013414,한국 에스지증권 주식회사,B,투자자의 예수증권 등,0,국내증권사,B,SF205,각주항목(09.06월 이후)
38848,202206,0013414,한국 에스지증권 주식회사,B1,투자자의 예수증권 등_예수 증권,0,국내증권사,B,SF205,각주항목(09.06월 이후)
38849,202206,0013414,한국 에스지증권 주식회사,B2,투자자의 예수증권 등_예수양도성예금증서, ,국내증권사,B,SF205,각주항목(09.06월 이후)
38850,202206,0013414,한국 에스지증권 주식회사,B3,투자자의 예수증권 등_기타, ,국내증권사,B,SF205,각주항목(09.06월 이후)
38851,202206,0013414,한국 에스지증권 주식회사,C,파생상품계약,438823630078,국내증권사,B,SF205,각주항목(09.06월 이후)
38852,202206,0013414,한국 에스지증권 주식회사,C1,파생상품계약_장내파생상품,277366737000,국내증권사,B,SF205,각주항목(09.06월 이후)
38853,202206,0013414,한국 에스지증권 주식회사,C11,파생상품계약_장내파생상품_이자율관련거래,0,국내증권사,B,SF205,각주항목(09.06월 이후)
38854,202206,0013414,한국 에스지증권 주식회사,C12,파생상품계약_장내파생상품_통화관련거래,0,국내증권사,B,SF205,각주항목(09.06월 이후)
38855,202206,0013414,한국 에스지증권 주식회사,C13,파생상품계약_장내파생상품_주식관련거래,277366737000,국내증권사,B,SF205,각주항목(09.06월 이후)
38856,202206,0013414,한국 에스지증권 주식회사,C14,파생상품계약_장내파생상품_일반상품관련거래,0,국내증권사,B,SF205,각주항목(09.06월 이후)
38857,202206,0013414,한국 에스지증권 주식회사,C15,파생상품계약_장내파생상품_기타,0,국내증권사,B,SF205,각주항목(09.06월 이후)
38858,202206,0013414,한국 에스지증권 주식회사,C2,파생상품계약_장외파생상품,161456893078,국내증권사,B,SF205,각주항목(09.06월 이후)
38859,202206,0013414,한국 에스지증권 주식회사,C21,파생상품계약_장외파생상품_이자율관련거래,0,국내증권사,B,SF205,각주항목(09.06월 이후)
38860,202206,0013414,한국 에스지증권 주식회사,C22,파생상품계약_장외파생상품_통화관련거래,38922965411,국내증권사,B,SF205,각주항목(09.06월 이후)
38861,202206,0013414,한국 에스지증권 주식회사,C23,파생상품계약_장외파생상품_주식관련거래,122533927667,국내증권사,B,SF205,각주항목(09.06월 이후)
38862,202206,0013414,한국 에스지증권 주식회사,C24,파생상품계약_장외파생상품_신용관련거래,0,국내증권사,B,SF205,각주항목(09.06월 이후)
38863,202206,0013414,한국 에스지증권 주식회사,C25,파생상품계약_장외파생상품_기타,0,국내증권사,B,SF205,각주항목(09.06월 이후)
38864,202206,0013414,한국 에스지증권 주식회사,D,대차 및 대주거래,671258463070,국내증권사,B,SF205,각주항목(09.06월 이후)
38865,202206,0013414,한국 에스지증권 주식회사,D1,대차 및 대주거래_대여증권,394689487380,국내증권사,B,SF205,각주항목(09.06월 이후)
38866,202206,0013414,한국 에스지증권 주식회사,D2,대차 및 대주거래_차입증권,276568975690,국내증권사,B,SF205,각주항목(09.06월 이후)
38867,202206,0013414,한국 에스지증권 주식회사,D3,대차 및 대주거래_신용거래대주, ,국내증권사,B,SF205,각주항목(09.06월 이후)
38868,202206,0013414,한국 에스지증권 주식회사,E,대손상각채권, ,국내증권사,B,SF205,각주항목(09.06월 이후)
38869,202206,0013414,한국 에스지증권 주식회사,F,환전업무 예치금,0,국내증권사,B,SF205,각주항목(09.06월 이후)
38870,202206,0013414,한국 에스지증권 주식회사,G,미배당별도예치금, ,국내증권사,B,SF205,각주항목(09.06월 이후)
38871,202206,0013414,한국 에스지증권 주식회사,H,배서어음매출(종금계정),0,국내증권사,B,SF205,각주항목(09.06월 이후)
38872,202206,0013414,한국 에스지증권 주식회사,H1,대출채권매매이익_담보부, ,국내증권사,B,SF205,각주항목(09.06월 이후)
38873,202206,0013414,한국 에스지증권 주식회사,H2,대출채권매매이익_무담보부, ,국내증권사,B,SF205,각주항목(09.06월 이후)
38874,202209,0013414,한국 에스지증권 주식회사,A,채무보증,0,국내증권사,B,SF205,각주항목(09.06월 이후)
38875,202209,0013414,한국 에스지증권 주식회사,A1,채무보증_지급보증,0,국내증권사,B,SF205,각주항목(09.06월 이후)
38876,202209,0013414,한국 에스지증권 주식회사,A2,채무보증_매입보장약정, ,국내증권사,B,SF205,각주항목(09.06월 이후)
38877,202209,0013414,한국 에스지증권 주식회사,A3,채무보증_채무인수약정, ,국내증권사,B,SF205,각주항목(09.06월 이후)
38878,202209,0013414,한국 에스지증권 주식회사,A5,채무보증_매입확약,0,국내증권사,B,SF205,각주항목(09.06월 이후)
38879,202209,0013414,한국 에스지증권 주식회사,A6,채무보증_기타, ,국내증권사,B,SF205,각주항목(09.06월 이후)
38880,202209,0013414,한국 에스지증권 주식회사,B,투자자의 예수증권 등,0,국내증권사,B,SF205,각주항목(09.06월 이후)
38881,202209,0013414,한국 에스지증권 주식회사,B1,투자자의 예수증권 등_예수 증권,0,국내증권사,B,SF205,각주항목(09.06월 이후)
38882,202209,0013414,한국 에스지증권 주식회사,B2,투자자의 예수증권 등_예수양도성예금증서, ,국내증권사,B,SF205,각주항목(09.06월 이후)
38883,202209,0013414,한국 에스지증권 주식회사,B3,투자자의 예수증권 등_기타, ,국내증권사,B,SF205,각주항목(09.06월 이후)
38884,202209,0013414,한국 에스지증권 주식회사,C,파생상품계약,287051459076,국내증권사,B,SF205,각주항목(09.06월 이후)
38885,202209,0013414,한국 에스지증권 주식회사,C1,파생상품계약_장내파생상품,176044873000,국내증권사,B,SF205,각주항목(09.06월 이후)
38886,202209,0013414,한국 에스지증권 주식회사,C11,파생상품계약_장내파생상품_이자율관련거래,0,국내증권사,B,SF205,각주항목(09.06월 이후)
38887,202209,0013414,한국 에스지증권 주식회사,C12,파생상품계약_장내파생상품_통화관련거래,0,국내증권사,B,SF205,각주항목(09.06월 이후)
38888,202209,0013414,한국 에스지증권 주식회사,C13,파생상품계약_장내파생상품_주식관련거래,176044873000,국내증권사,B,SF205,각주항목(09.06월 이후)
38889,202209,0013414,한국 에스지증권 주식회사,C14,파생상품계약_장내파생상품_일반상품관련거래,0,국내증권사,B,SF205,각주항목(09.06월 이후)
38890,202209,0013414,한국 에스지증권 주식회사,C15,파생상품계약_장내파생상품_기타,0,국내증권사,B,SF205,각주항목(09.06월 이후)
38891,202209,0013414,한국 에스지증권 주식회사,C2,파생상품계약_장외파생상품,111006586076,국내증권사,B,SF205,각주항목(09.06월 이후)
38892,202209,0013414,한국 에스지증권 주식회사,C21,파생상품계약_장외파생상품_이자율관련거래,0,국내증권사,B,SF205,각주항목(09.06월 이후)
38893,202209,0013414,한국 에스지증권 주식회사,C22,파생상품계약_장외파생상품_통화관련거래,0,국내증권사,B,SF205,각주항목(09.06월 이후)
38894,202209,0013414,한국 에스지증권 주식회사,C23,파생상품계약_장외파생상품_주식관련거래,111006586076,국내증권사,B,SF205,각주항목(09.06월 이후)
38895,202209,0013414,한국 에스지증권 주식회사,C24,파생상품계약_장외파생상품_신용관련거래,0,국내증권사,B,SF205,각주항목(09.06월 이후)
38896,202209,0013414,한국 에스지증권 주식회사,C25,파생상품계약_장외파생상품_기타,0,국내증권사,B,SF205,각주항목(09.06월 이후)
38897,202209,0013414,한국 에스지증권 주식회사,D,대차 및 대주거래,717852483160,국내증권사,B,SF205,각주항목(09.06월 이후)
38898,202209,0013414,한국 에스지증권 주식회사,D1,대차 및 대주거래_대여증권,523240478265,국내증권사,B,SF205,각주항목(09.06월 이후)
38899,202209,0013414,한국 에스지증권 주식회사,D2,대차 및 대주거래_차입증권,194612004895,국내증권사,B,SF205,각주항목(09.06월 이후)
38900,202209,0013414,한국 에스지증권 주식회사,D3,대차 및 대주거래_신용거래대주, ,국내증권사,B,SF205,각주항목(09.06월 이후)
38901,202209,0013414,한국 에스지증권 주식회사,E,대손상각채권, ,국내증권사,B,SF205,각주항목(09.06월 이후)
38902,202209,0013414,한국 에스지증권 주식회사,F,환전업무 예치금,0,국내증권사,B,SF205,각주항목(09.06월 이후)
38903,202209,0013414,한국 에스지증권 주식회사,G,미배당별도예치금, ,국내증권사,B,SF205,각주항목(09.06월 이후)
38904,202209,0013414,한국 에스지증권 주식회사,H,배서어음매출(종금계정),0,국내증권사,B,SF205,각주항목(09.06월 이후)
38905,202209,0013414,한국 에스지증권 주식회사,H1,대출채권매매이익_담보부, ,국내증권사,B,SF205,각주항목(09.06월 이후)
38906,202209,0013414,한국 에스지증권 주식회사,H2,대출채권매매이익_무담보부, ,국내증권사,B,SF205,각주항목(09.06월 이후)
38907,202212,0013414,한국 에스지증권 주식회사,A,채무보증,0,국내증권사,B,SF205,각주항목(09.06월 이후)
38908,202212,0013414,한국 에스지증권 주식회사,A1,채무보증_지급보증,0,국내증권사,B,SF205,각주항목(09.06월 이후)
38909,202212,0013414,한국 에스지증권 주식회사,A2,채무보증_매입보장약정, ,국내증권사,B,SF205,각주항목(09.06월 이후)
38910,202212,0013414,한국 에스지증권 주식회사,A3,채무보증_채무인수약정, ,국내증권사,B,SF205,각주항목(09.06월 이후)
38911,202212,0013414,한국 에스지증권 주식회사,A5,채무보증_매입확약,0,국내증권사,B,SF205,각주항목(09.06월 이후)
38912,202212,0013414,한국 에스지증권 주식회사,A6,채무보증_기타, ,국내증권사,B,SF205,각주항목(09.06월 이후)
38913,202212,0013414,한국 에스지증권 주식회사,B,투자자의 예수증권 등,0,국내증권사,B,SF205,각주항목(09.06월 이후)
38914,202212,0013414,한국 에스지증권 주식회사,B1,투자자의 예수증권 등_예수 증권,0,국내증권사,B,SF205,각주항목(09.06월 이후)
38915,202212,0013414,한국 에스지증권 주식회사,B2,투자자의 예수증권 등_예수양도성예금증서, ,국내증권사,B,SF205,각주항목(09.06월 이후)
38916,202212,0013414,한국 에스지증권 주식회사,B3,투자자의 예수증권 등_기타, ,국내증권사,B,SF205,각주항목(09.06월 이후)
38917,202212,0013414,한국 에스지증권 주식회사,C,파생상품계약,423832128324,국내증권사,B,SF205,각주항목(09.06월 이후)
38918,202212,0013414,한국 에스지증권 주식회사,C1,파생상품계약_장내파생상품,192572474500,국내증권사,B,SF205,각주항목(09.06월 이후)
38919,202212,0013414,한국 에스지증권 주식회사,C11,파생상품계약_장내파생상품_이자율관련거래,0,국내증권사,B,SF205,각주항목(09.06월 이후)
38920,202212,0013414,한국 에스지증권 주식회사,C12,파생상품계약_장내파생상품_통화관련거래,0,국내증권사,B,SF205,각주항목(09.06월 이후)
38921,202212,0013414,한국 에스지증권 주식회사,C13,파생상품계약_장내파생상품_주식관련거래,192572474500,국내증권사,B,SF205,각주항목(09.06월 이후)
38922,202212,0013414,한국 에스지증권 주식회사,C14,파생상품계약_장내파생상품_일반상품관련거래,0,국내증권사,B,SF205,각주항목(09.06월 이후)
38923,202212,0013414,한국 에스지증권 주식회사,C15,파생상품계약_장내파생상품_기타,0,국내증권사,B,SF205,각주항목(09.06월 이후)
38924,202212,0013414,한국 에스지증권 주식회사,C2,파생상품계약_장외파생상품,231259653824,국내증권사,B,SF205,각주항목(09.06월 이후)
38925,202212,0013414,한국 에스지증권 주식회사,C21,파생상품계약_장외파생상품_이자율관련거래,0,국내증권사,B,SF205,각주항목(09.06월 이후)
38926,202212,0013414,한국 에스지증권 주식회사,C22,파생상품계약_장외파생상품_통화관련거래,140483960000,국내증권사,B,SF205,각주항목(09.06월 이후)
38927,202212,0013414,한국 에스지증권 주식회사,C23,파생상품계약_장외파생상품_주식관련거래,90775693824,국내증권사,B,SF205,각주항목(09.06월 이후)
38928,202212,0013414,한국 에스지증권 주식회사,C24,파생상품계약_장외파생상품_신용관련거래,0,국내증권사,B,SF205,각주항목(09.06월 이후)
38929,202212,0013414,한국 에스지증권 주식회사,C25,파생상품계약_장외파생상품_기타,0,국내증권사,B,SF205,각주항목(09.06월 이후)
38930,202212,0013414,한국 에스지증권 주식회사,D,대차 및 대주거래,1808097424739,국내증권사,B,SF205,각주항목(09.06월 이후)
38931,202212,0013414,한국 에스지증권 주식회사,D1,대차 및 대주거래_대여증권,974331484850,국내증권사,B,SF205,각주항목(09.06월 이후)
38932,202212,0013414,한국 에스지증권 주식회사,D2,대차 및 대주거래_차입증권,833765939889,국내증권사,B,SF205,각주항목(09.06월 이후)
38933,202212,0013414,한국 에스지증권 주식회사,D3,대차 및 대주거래_신용거래대주, ,국내증권사,B,SF205,각주항목(09.06월 이후)
38934,202212,0013414,한국 에스지증권 주식회사,E,대손상각채권, ,국내증권사,B,SF205,각주항목(09.06월 이후)
38935,202212,0013414,한국 에스지증권 주식회사,F,환전업무 예치금,0,국내증권사,B,SF205,각주항목(09.06월 이후)
38936,202212,0013414,한국 에스지증권 주식회사,G,미배당별도예치금, ,국내증권사,B,SF205,각주항목(09.06월 이후)
38937,202212,0013414,한국 에스지증권 주식회사,H,배서어음매출(종금계정),0,국내증권사,B,SF205,각주항목(09.06월 이후)
38938,202212,0013414,한국 에스지증권 주식회사,H1,대출채권매매이익_담보부, ,국내증권사,B,SF205,각주항목(09.06월 이후)
38939,202212,0013414,한국 에스지증권 주식회사,H2,대출채권매매이익_무담보부, ,국내증권사,B,SF205,각주항목(09.06월 이후)
38940,202303,0013414,한국 에스지증권 주식회사,A,채무보증,0,국내증권사,B,SF205,각주항목(09.06월 이후)
38941,202303,0013414,한국 에스지증권 주식회사,A1,채무보증_지급보증,0,국내증권사,B,SF205,각주항목(09.06월 이후)
38942,202303,0013414,한국 에스지증권 주식회사,A2,채무보증_매입보장약정, ,국내증권사,B,SF205,각주항목(09.06월 이후)
38943,202303,0013414,한국 에스지증권 주식회사,A3,채무보증_채무인수약정, ,국내증권사,B,SF205,각주항목(09.06월 이후)
38944,202303,0013414,한국 에스지증권 주식회사,A5,채무보증_매입확약,0,국내증권사,B,SF205,각주항목(09.06월 이후)
38945,202303,0013414,한국 에스지증권 주식회사,A6,채무보증_기타, ,국내증권사,B,SF205,각주항목(09.06월 이후)
38946,202303,0013414,한국 에스지증권 주식회사,B,투자자의 예수증권 등,52026000000,국내증권사,B,SF205,각주항목(09.06월 이후)
38947,202303,0013414,한국 에스지증권 주식회사,B1,투자자의 예수증권 등_예수 증권,52026000000,국내증권사,B,SF205,각주항목(09.06월 이후)
38948,202303,0013414,한국 에스지증권 주식회사,B2,투자자의 예수증권 등_예수양도성예금증서, ,국내증권사,B,SF205,각주항목(09.06월 이후)
38949,202303,0013414,한국 에스지증권 주식회사,B3,투자자의 예수증권 등_기타, ,국내증권사,B,SF205,각주항목(09.06월 이후)
38950,202303,0013414,한국 에스지증권 주식회사,C,파생상품계약,394980037788,국내증권사,B,SF205,각주항목(09.06월 이후)
38951,202303,0013414,한국 에스지증권 주식회사,C1,파생상품계약_장내파생상품,171470045800,국내증권사,B,SF205,각주항목(09.06월 이후)
38952,202303,0013414,한국 에스지증권 주식회사,C11,파생상품계약_장내파생상품_이자율관련거래,0,국내증권사,B,SF205,각주항목(09.06월 이후)
38953,202303,0013414,한국 에스지증권 주식회사,C12,파생상품계약_장내파생상품_통화관련거래,0,국내증권사,B,SF205,각주항목(09.06월 이후)
38954,202303,0013414,한국 에스지증권 주식회사,C13,파생상품계약_장내파생상품_주식관련거래,171470045800,국내증권사,B,SF205,각주항목(09.06월 이후)
38955,202303,0013414,한국 에스지증권 주식회사,C14,파생상품계약_장내파생상품_일반상품관련거래,0,국내증권사,B,SF205,각주항목(09.06월 이후)
38956,202303,0013414,한국 에스지증권 주식회사,C15,파생상품계약_장내파생상품_기타,0,국내증권사,B,SF205,각주항목(09.06월 이후)
38957,202303,0013414,한국 에스지증권 주식회사,C2,파생상품계약_장외파생상품,223509991988,국내증권사,B,SF205,각주항목(09.06월 이후)
38958,202303,0013414,한국 에스지증권 주식회사,C21,파생상품계약_장외파생상품_이자율관련거래,0,국내증권사,B,SF205,각주항목(09.06월 이후)
38959,202303,0013414,한국 에스지증권 주식회사,C22,파생상품계약_장외파생상품_통화관련거래,143418000000,국내증권사,B,SF205,각주항목(09.06월 이후)
38960,202303,0013414,한국 에스지증권 주식회사,C23,파생상품계약_장외파생상품_주식관련거래,80091991988,국내증권사,B,SF205,각주항목(09.06월 이후)
38961,202303,0013414,한국 에스지증권 주식회사,C24,파생상품계약_장외파생상품_신용관련거래,0,국내증권사,B,SF205,각주항목(09.06월 이후)
38962,202303,0013414,한국 에스지증권 주식회사,C25,파생상품계약_장외파생상품_기타,0,국내증권사,B,SF205,각주항목(09.06월 이후)
38963,202303,0013414,한국 에스지증권 주식회사,D,대차 및 대주거래,1476477900067,국내증권사,B,SF205,각주항목(09.06월 이후)
38964,202303,0013414,한국 에스지증권 주식회사,D1,대차 및 대주거래_대여증권,757809865772,국내증권사,B,SF205,각주항목(09.06월 이후)
38965,202303,0013414,한국 에스지증권 주식회사,D2,대차 및 대주거래_차입증권,718668034295,국내증권사,B,SF205,각주항목(09.06월 이후)
38966,202303,0013414,한국 에스지증권 주식회사,D3,대차 및 대주거래_신용거래대주, ,국내증권사,B,SF205,각주항목(09.06월 이후)
38967,202303,0013414,한국 에스지증권 주식회사,E,대손상각채권, ,국내증권사,B,SF205,각주항목(09.06월 이후)
38968,202303,0013414,한국 에스지증권 주식회사,F,환전업무 예치금,0,국내증권사,B,SF205,각주항목(09.06월 이후)
38969,202303,0013414,한국 에스지증권 주식회사,G,미배당별도예치금, ,국내증권사,B,SF205,각주항목(09.06월 이후)
38970,202303,0013414,한국 에스지증권 주식회사,H,배서어음매출(종금계정),0,국내증권사,B,SF205,각주항목(09.06월 이후)
38971,202303,0013414,한국 에스지증권 주식회사,H1,대출채권매매이익_담보부, ,국내증권사,B,SF205,각주항목(09.06월 이후)
38972,202303,0013414,한국 에스지증권 주식회사,H2,대출채권매매이익_무담보부, ,국내증권사,B,SF205,각주항목(09.06월 이후)
38973,202306,0013414,한국 에스지증권 주식회사,A,채무보증,0,국내증권사,B,SF205,각주항목(09.06월 이후)
38974,202306,0013414,한국 에스지증권 주식회사,A1,채무보증_지급보증,0,국내증권사,B,SF205,각주항목(09.06월 이후)
38975,202306,0013414,한국 에스지증권 주식회사,A2,채무보증_매입보장약정, ,국내증권사,B,SF205,각주항목(09.06월 이후)
38976,202306,0013414,한국 에스지증권 주식회사,A3,채무보증_채무인수약정, ,국내증권사,B,SF205,각주항목(09.06월 이후)
38977,202306,0013414,한국 에스지증권 주식회사,A5,채무보증_매입확약,0,국내증권사,B,SF205,각주항목(09.06월 이후)
38978,202306,0013414,한국 에스지증권 주식회사,A6,채무보증_기타, ,국내증권사,B,SF205,각주항목(09.06월 이후)
38979,202306,0013414,한국 에스지증권 주식회사,B,투자자의 예수증권 등,43955000000,국내증권사,B,SF205,각주항목(09.06월 이후)
38980,202306,0013414,한국 에스지증권 주식회사,B1,투자자의 예수증권 등_예수 증권,43955000000,국내증권사,B,SF205,각주항목(09.06월 이후)
38981,202306,0013414,한국 에스지증권 주식회사,B2,투자자의 예수증권 등_예수양도성예금증서, ,국내증권사,B,SF205,각주항목(09.06월 이후)
38982,202306,0013414,한국 에스지증권 주식회사,B3,투자자의 예수증권 등_기타, ,국내증권사,B,SF205,각주항목(09.06월 이후)
38983,202306,0013414,한국 에스지증권 주식회사,C,파생상품계약,440606926536,국내증권사,B,SF205,각주항목(09.06월 이후)
38984,202306,0013414,한국 에스지증권 주식회사,C1,파생상품계약_장내파생상품,60588117300,국내증권사,B,SF205,각주항목(09.06월 이후)
38985,202306,0013414,한국 에스지증권 주식회사,C11,파생상품계약_장내파생상품_이자율관련거래,0,국내증권사,B,SF205,각주항목(09.06월 이후)
38986,202306,0013414,한국 에스지증권 주식회사,C12,파생상품계약_장내파생상품_통화관련거래,0,국내증권사,B,SF205,각주항목(09.06월 이후)
38987,202306,0013414,한국 에스지증권 주식회사,C13,파생상품계약_장내파생상품_주식관련거래,60588117300,국내증권사,B,SF205,각주항목(09.06월 이후)
38988,202306,0013414,한국 에스지증권 주식회사,C14,파생상품계약_장내파생상품_일반상품관련거래,0,국내증권사,B,SF205,각주항목(09.06월 이후)
38989,202306,0013414,한국 에스지증권 주식회사,C15,파생상품계약_장내파생상품_기타,0,국내증권사,B,SF205,각주항목(09.06월 이후)
38990,202306,0013414,한국 에스지증권 주식회사,C2,파생상품계약_장외파생상품,380018809236,국내증권사,B,SF205,각주항목(09.06월 이후)
38991,202306,0013414,한국 에스지증권 주식회사,C21,파생상품계약_장외파생상품_이자율관련거래,0,국내증권사,B,SF205,각주항목(09.06월 이후)
38992,202306,0013414,한국 에스지증권 주식회사,C22,파생상품계약_장외파생상품_통화관련거래,144408000000,국내증권사,B,SF205,각주항목(09.06월 이후)
38993,202306,0013414,한국 에스지증권 주식회사,C23,파생상품계약_장외파생상품_주식관련거래,235610809236,국내증권사,B,SF205,각주항목(09.06월 이후)
38994,202306,0013414,한국 에스지증권 주식회사,C24,파생상품계약_장외파생상품_신용관련거래,0,국내증권사,B,SF205,각주항목(09.06월 이후)
38995,202306,0013414,한국 에스지증권 주식회사,C25,파생상품계약_장외파생상품_기타,0,국내증권사,B,SF205,각주항목(09.06월 이후)
38996,202306,0013414,한국 에스지증권 주식회사,D,대차 및 대주거래,1595987590032,국내증권사,B,SF205,각주항목(09.06월 이후)
38997,202306,0013414,한국 에스지증권 주식회사,D1,대차 및 대주거래_대여증권,857509855100,국내증권사,B,SF205,각주항목(09.06월 이후)
38998,202306,0013414,한국 에스지증권 주식회사,D2,대차 및 대주거래_차입증권,738477734932,국내증권사,B,SF205,각주항목(09.06월 이후)
38999,202306,0013414,한국 에스지증권 주식회사,D3,대차 및 대주거래_신용거래대주, ,국내증권사,B,SF205,각주항목(09.06월 이후)
39000,202306,0013414,한국 에스지증권 주식회사,E,대손상각채권, ,국내증권사,B,SF205,각주항목(09.06월 이후)
39001,202306,0013414,한국 에스지증권 주식회사,F,환전업무 예치금,0,국내증권사,B,SF205,각주항목(09.06월 이후)
39002,202306,0013414,한국 에스지증권 주식회사,G,미배당별도예치금, ,국내증권사,B,SF205,각주항목(09.06월 이후)
39003,202306,0013414,한국 에스지증권 주식회사,H,배서어음매출(종금계정),0,국내증권사,B,SF205,각주항목(09.06월 이후)
39004,202306,0013414,한국 에스지증권 주식회사,H1,대출채권매매이익_담보부, ,국내증권사,B,SF205,각주항목(09.06월 이후)
39005,202306,0013414,한국 에스지증권 주식회사,H2,대출채권매매이익_무담보부, ,국내증권사,B,SF205,각주항목(09.06월 이후)
39006,202309,0013414,한국 에스지증권 주식회사,A,채무보증,0,국내증권사,B,SF205,각주항목(09.06월 이후)
39007,202309,0013414,한국 에스지증권 주식회사,A1,채무보증_지급보증,0,국내증권사,B,SF205,각주항목(09.06월 이후)
39008,202309,0013414,한국 에스지증권 주식회사,A2,채무보증_매입보장약정, ,국내증권사,B,SF205,각주항목(09.06월 이후)
39009,202309,0013414,한국 에스지증권 주식회사,A3,채무보증_채무인수약정, ,국내증권사,B,SF205,각주항목(09.06월 이후)
39010,202309,0013414,한국 에스지증권 주식회사,A5,채무보증_매입확약,0,국내증권사,B,SF205,각주항목(09.06월 이후)
39011,202309,0013414,한국 에스지증권 주식회사,A6,채무보증_기타, ,국내증권사,B,SF205,각주항목(09.06월 이후)
39012,202309,0013414,한국 에스지증권 주식회사,B,투자자의 예수증권 등,42480000000,국내증권사,B,SF205,각주항목(09.06월 이후)
39013,202309,0013414,한국 에스지증권 주식회사,B1,투자자의 예수증권 등_예수 증권,42480000000,국내증권사,B,SF205,각주항목(09.06월 이후)
39014,202309,0013414,한국 에스지증권 주식회사,B2,투자자의 예수증권 등_예수양도성예금증서, ,국내증권사,B,SF205,각주항목(09.06월 이후)
39015,202309,0013414,한국 에스지증권 주식회사,B3,투자자의 예수증권 등_기타, ,국내증권사,B,SF205,각주항목(09.06월 이후)
39016,202309,0013414,한국 에스지증권 주식회사,C,파생상품계약,535219170426,국내증권사,B,SF205,각주항목(09.06월 이후)
39017,202309,0013414,한국 에스지증권 주식회사,C1,파생상품계약_장내파생상품,46714091400,국내증권사,B,SF205,각주항목(09.06월 이후)
39018,202309,0013414,한국 에스지증권 주식회사,C11,파생상품계약_장내파생상품_이자율관련거래,0,국내증권사,B,SF205,각주항목(09.06월 이후)
39019,202309,0013414,한국 에스지증권 주식회사,C12,파생상품계약_장내파생상품_통화관련거래,0,국내증권사,B,SF205,각주항목(09.06월 이후)
39020,202309,0013414,한국 에스지증권 주식회사,C13,파생상품계약_장내파생상품_주식관련거래,46714091400,국내증권사,B,SF205,각주항목(09.06월 이후)
39021,202309,0013414,한국 에스지증권 주식회사,C14,파생상품계약_장내파생상품_일반상품관련거래,0,국내증권사,B,SF205,각주항목(09.06월 이후)
39022,202309,0013414,한국 에스지증권 주식회사,C15,파생상품계약_장내파생상품_기타,0,국내증권사,B,SF205,각주항목(09.06월 이후)
39023,202309,0013414,한국 에스지증권 주식회사,C2,파생상품계약_장외파생상품,488505079026,국내증권사,B,SF205,각주항목(09.06월 이후)
39024,202309,0013414,한국 에스지증권 주식회사,C21,파생상품계약_장외파생상품_이자율관련거래,0,국내증권사,B,SF205,각주항목(09.06월 이후)
39025,202309,0013414,한국 에스지증권 주식회사,C22,파생상품계약_장외파생상품_통화관련거래,77998400000,국내증권사,B,SF205,각주항목(09.06월 이후)
39026,202309,0013414,한국 에스지증권 주식회사,C23,파생상품계약_장외파생상품_주식관련거래,410506679026,국내증권사,B,SF205,각주항목(09.06월 이후)
39027,202309,0013414,한국 에스지증권 주식회사,C24,파생상품계약_장외파생상품_신용관련거래,0,국내증권사,B,SF205,각주항목(09.06월 이후)
39028,202309,0013414,한국 에스지증권 주식회사,C25,파생상품계약_장외파생상품_기타,0,국내증권사,B,SF205,각주항목(09.06월 이후)
39029,202309,0013414,한국 에스지증권 주식회사,D,대차 및 대주거래,1026800229790,국내증권사,B,SF205,각주항목(09.06월 이후)
39030,202309,0013414,한국 에스지증권 주식회사,D1,대차 및 대주거래_대여증권,529702677484,국내증권사,B,SF205,각주항목(09.06월 이후)
39031,202309,0013414,한국 에스지증권 주식회사,D2,대차 및 대주거래_차입증권,497097552306,국내증권사,B,SF205,각주항목(09.06월 이후)
39032,202309,0013414,한국 에스지증권 주식회사,D3,대차 및 대주거래_신용거래대주, ,국내증권사,B,SF205,각주항목(09.06월 이후)
39033,202309,0013414,한국 에스지증권 주식회사,E,대손상각채권, ,국내증권사,B,SF205,각주항목(09.06월 이후)
39034,202309,0013414,한국 에스지증권 주식회사,F,환전업무 예치금,0,국내증권사,B,SF205,각주항목(09.06월 이후)
39035,202309,0013414,한국 에스지증권 주식회사,G,미배당별도예치금, ,국내증권사,B,SF205,각주항목(09.06월 이후)
39036,202309,0013414,한국 에스지증권 주식회사,H,배서어음매출(종금계정),0,국내증권사,B,SF205,각주항목(09.06월 이후)
39037,202309,0013414,한국 에스지증권 주식회사,H1,대출채권매매이익_담보부, ,국내증권사,B,SF205,각주항목(09.06월 이후)
39038,202309,0013414,한국 에스지증권 주식회사,H2,대출채권매매이익_무담보부, ,국내증권사,B,SF205,각주항목(09.06월 이후)
39039,202312,0013414,한국 에스지증권 주식회사,A,채무보증,0,국내증권사,B,SF205,각주항목(09.06월 이후)
39040,202312,0013414,한국 에스지증권 주식회사,A1,채무보증_지급보증,0,국내증권사,B,SF205,각주항목(09.06월 이후)
39041,202312,0013414,한국 에스지증권 주식회사,A2,채무보증_매입보장약정, ,국내증권사,B,SF205,각주항목(09.06월 이후)
39042,202312,0013414,한국 에스지증권 주식회사,A3,채무보증_채무인수약정, ,국내증권사,B,SF205,각주항목(09.06월 이후)
39043,202312,0013414,한국 에스지증권 주식회사,A5,채무보증_매입확약,0,국내증권사,B,SF205,각주항목(09.06월 이후)
39044,202312,0013414,한국 에스지증권 주식회사,A6,채무보증_기타, ,국내증권사,B,SF205,각주항목(09.06월 이후)
39045,202312,0013414,한국 에스지증권 주식회사,B,투자자의 예수증권 등,48203000000,국내증권사,B,SF205,각주항목(09.06월 이후)
39046,202312,0013414,한국 에스지증권 주식회사,B1,투자자의 예수증권 등_예수 증권,48203000000,국내증권사,B,SF205,각주항목(09.06월 이후)
39047,202312,0013414,한국 에스지증권 주식회사,B2,투자자의 예수증권 등_예수양도성예금증서, ,국내증권사,B,SF205,각주항목(09.06월 이후)
39048,202312,0013414,한국 에스지증권 주식회사,B3,투자자의 예수증권 등_기타, ,국내증권사,B,SF205,각주항목(09.06월 이후)
39049,202312,0013414,한국 에스지증권 주식회사,C,파생상품계약,671384438467,국내증권사,B,SF205,각주항목(09.06월 이후)
39050,202312,0013414,한국 에스지증권 주식회사,C1,파생상품계약_장내파생상품,185136898800,국내증권사,B,SF205,각주항목(09.06월 이후)
39051,202312,0013414,한국 에스지증권 주식회사,C11,파생상품계약_장내파생상품_이자율관련거래,0,국내증권사,B,SF205,각주항목(09.06월 이후)
39052,202312,0013414,한국 에스지증권 주식회사,C12,파생상품계약_장내파생상품_통화관련거래,0,국내증권사,B,SF205,각주항목(09.06월 이후)
39053,202312,0013414,한국 에스지증권 주식회사,C13,파생상품계약_장내파생상품_주식관련거래,185136898800,국내증권사,B,SF205,각주항목(09.06월 이후)
39054,202312,0013414,한국 에스지증권 주식회사,C14,파생상품계약_장내파생상품_일반상품관련거래,0,국내증권사,B,SF205,각주항목(09.06월 이후)
39055,202312,0013414,한국 에스지증권 주식회사,C15,파생상품계약_장내파생상품_기타,0,국내증권사,B,SF205,각주항목(09.06월 이후)
39056,202312,0013414,한국 에스지증권 주식회사,C2,파생상품계약_장외파생상품,486247539667,국내증권사,B,SF205,각주항목(09.06월 이후)
39057,202312,0013414,한국 에스지증권 주식회사,C21,파생상품계약_장외파생상품_이자율관련거래,0,국내증권사,B,SF205,각주항목(09.06월 이후)
39058,202312,0013414,한국 에스지증권 주식회사,C22,파생상품계약_장외파생상품_통화관련거래,70917000000,국내증권사,B,SF205,각주항목(09.06월 이후)
39059,202312,0013414,한국 에스지증권 주식회사,C23,파생상품계약_장외파생상품_주식관련거래,415330539667,국내증권사,B,SF205,각주항목(09.06월 이후)
39060,202312,0013414,한국 에스지증권 주식회사,C24,파생상품계약_장외파생상품_신용관련거래,0,국내증권사,B,SF205,각주항목(09.06월 이후)
39061,202312,0013414,한국 에스지증권 주식회사,C25,파생상품계약_장외파생상품_기타,0,국내증권사,B,SF205,각주항목(09.06월 이후)
39062,202312,0013414,한국 에스지증권 주식회사,D,대차 및 대주거래,1389977698436,국내증권사,B,SF205,각주항목(09.06월 이후)
39063,202312,0013414,한국 에스지증권 주식회사,D1,대차 및 대주거래_대여증권,581422335220,국내증권사,B,SF205,각주항목(09.06월 이후)
39064,202312,0013414,한국 에스지증권 주식회사,D2,대차 및 대주거래_차입증권,808555363216,국내증권사,B,SF205,각주항목(09.06월 이후)
39065,202312,0013414,한국 에스지증권 주식회사,D3,대차 및 대주거래_신용거래대주, ,국내증권사,B,SF205,각주항목(09.06월 이후)
39066,202312,0013414,한국 에스지증권 주식회사,E,대손상각채권, ,국내증권사,B,SF205,각주항목(09.06월 이후)
39067,202312,0013414,한국 에스지증권 주식회사,F,환전업무 예치금,0,국내증권사,B,SF205,각주항목(09.06월 이후)
39068,202312,0013414,한국 에스지증권 주식회사,G,미배당별도예치금, ,국내증권사,B,SF205,각주항목(09.06월 이후)
39069,202312,0013414,한국 에스지증권 주식회사,H,배서어음매출(종금계정),0,국내증권사,B,SF205,각주항목(09.06월 이후)
39070,202312,0013414,한국 에스지증권 주식회사,H1,대출채권매매이익_담보부, ,국내증권사,B,SF205,각주항목(09.06월 이후)
39071,202312,0013414,한국 에스지증권 주식회사,H2,대출채권매매이익_무담보부, ,국내증권사,B,SF205,각주항목(09.06월 이후)
39072,202403,0013414,한국 에스지증권 주식회사,A,채무보증,0,국내증권사,B,SF205,각주항목(09.06월 이후)
39073,202403,0013414,한국 에스지증권 주식회사,A1,채무보증_지급보증,0,국내증권사,B,SF205,각주항목(09.06월 이후)
39074,202403,0013414,한국 에스지증권 주식회사,A2,채무보증_매입보장약정, ,국내증권사,B,SF205,각주항목(09.06월 이후)
39075,202403,0013414,한국 에스지증권 주식회사,A3,채무보증_채무인수약정, ,국내증권사,B,SF205,각주항목(09.06월 이후)
39076,202403,0013414,한국 에스지증권 주식회사,A5,채무보증_매입확약,0,국내증권사,B,SF205,각주항목(09.06월 이후)
39077,202403,0013414,한국 에스지증권 주식회사,A6,채무보증_기타, ,국내증권사,B,SF205,각주항목(09.06월 이후)
39078,202403,0013414,한국 에스지증권 주식회사,B,투자자의 예수증권 등,59520000000,국내증권사,B,SF205,각주항목(09.06월 이후)
39079,202403,0013414,한국 에스지증권 주식회사,B1,투자자의 예수증권 등_예수 증권,59520000000,국내증권사,B,SF205,각주항목(09.06월 이후)
39080,202403,0013414,한국 에스지증권 주식회사,B2,투자자의 예수증권 등_예수양도성예금증서, ,국내증권사,B,SF205,각주항목(09.06월 이후)
39081,202403,0013414,한국 에스지증권 주식회사,B3,투자자의 예수증권 등_기타, ,국내증권사,B,SF205,각주항목(09.06월 이후)
39082,202403,0013414,한국 에스지증권 주식회사,C,파생상품계약,752677617989,국내증권사,B,SF205,각주항목(09.06월 이후)
39083,202403,0013414,한국 에스지증권 주식회사,C1,파생상품계약_장내파생상품,179204190940,국내증권사,B,SF205,각주항목(09.06월 이후)
39084,202403,0013414,한국 에스지증권 주식회사,C11,파생상품계약_장내파생상품_이자율관련거래,0,국내증권사,B,SF205,각주항목(09.06월 이후)
39085,202403,0013414,한국 에스지증권 주식회사,C12,파생상품계약_장내파생상품_통화관련거래,0,국내증권사,B,SF205,각주항목(09.06월 이후)
39086,202403,0013414,한국 에스지증권 주식회사,C13,파생상품계약_장내파생상품_주식관련거래,179204190940,국내증권사,B,SF205,각주항목(09.06월 이후)
39087,202403,0013414,한국 에스지증권 주식회사,C14,파생상품계약_장내파생상품_일반상품관련거래,0,국내증권사,B,SF205,각주항목(09.06월 이후)
39088,202403,0013414,한국 에스지증권 주식회사,C15,파생상품계약_장내파생상품_기타,0,국내증권사,B,SF205,각주항목(09.06월 이후)
39089,202403,0013414,한국 에스지증권 주식회사,C2,파생상품계약_장외파생상품,573473427049,국내증권사,B,SF205,각주항목(09.06월 이후)
39090,202403,0013414,한국 에스지증권 주식회사,C21,파생상품계약_장외파생상품_이자율관련거래,0,국내증권사,B,SF205,각주항목(09.06월 이후)
39091,202403,0013414,한국 에스지증권 주식회사,C22,파생상품계약_장외파생상품_통화관련거래,87542000000,국내증권사,B,SF205,각주항목(09.06월 이후)
39092,202403,0013414,한국 에스지증권 주식회사,C23,파생상품계약_장외파생상품_주식관련거래,485931427049,국내증권사,B,SF205,각주항목(09.06월 이후)
39093,202403,0013414,한국 에스지증권 주식회사,C24,파생상품계약_장외파생상품_신용관련거래,0,국내증권사,B,SF205,각주항목(09.06월 이후)
39094,202403,0013414,한국 에스지증권 주식회사,C25,파생상품계약_장외파생상품_기타,0,국내증권사,B,SF205,각주항목(09.06월 이후)
39095,202403,0013414,한국 에스지증권 주식회사,D,대차 및 대주거래,2193790912856,국내증권사,B,SF205,각주항목(09.06월 이후)
39096,202403,0013414,한국 에스지증권 주식회사,D1,대차 및 대주거래_대여증권,685395657183,국내증권사,B,SF205,각주항목(09.06월 이후)
39097,202403,0013414,한국 에스지증권 주식회사,D2,대차 및 대주거래_차입증권,1508395255673,국내증권사,B,SF205,각주항목(09.06월 이후)
39098,202403,0013414,한국 에스지증권 주식회사,D3,대차 및 대주거래_신용거래대주, ,국내증권사,B,SF205,각주항목(09.06월 이후)
39099,202403,0013414,한국 에스지증권 주식회사,E,대손상각채권, ,국내증권사,B,SF205,각주항목(09.06월 이후)
39100,202403,0013414,한국 에스지증권 주식회사,F,환전업무 예치금,0,국내증권사,B,SF205,각주항목(09.06월 이후)
39101,202403,0013414,한국 에스지증권 주식회사,G,미배당별도예치금, ,국내증권사,B,SF205,각주항목(09.06월 이후)
39102,202403,0013414,한국 에스지증권 주식회사,H,배서어음매출(종금계정),0,국내증권사,B,SF205,각주항목(09.06월 이후)
39103,202403,0013414,한국 에스지증권 주식회사,H1,대출채권매매이익_담보부, ,국내증권사,B,SF205,각주항목(09.06월 이후)
39104,202403,0013414,한국 에스지증권 주식회사,H2,대출채권매매이익_무담보부, ,국내증권사,B,SF205,각주항목(09.06월 이후)
39105,202406,0013414,한국 에스지증권 주식회사,A,채무보증,0,국내증권사,B,SF205,각주항목(09.06월 이후)
39106,202406,0013414,한국 에스지증권 주식회사,A1,채무보증_지급보증,0,국내증권사,B,SF205,각주항목(09.06월 이후)
39107,202406,0013414,한국 에스지증권 주식회사,A2,채무보증_매입보장약정, ,국내증권사,B,SF205,각주항목(09.06월 이후)
39108,202406,0013414,한국 에스지증권 주식회사,A3,채무보증_채무인수약정, ,국내증권사,B,SF205,각주항목(09.06월 이후)
39109,202406,0013414,한국 에스지증권 주식회사,A5,채무보증_매입확약,0,국내증권사,B,SF205,각주항목(09.06월 이후)
39110,202406,0013414,한국 에스지증권 주식회사,A6,채무보증_기타, ,국내증권사,B,SF205,각주항목(09.06월 이후)
39111,202406,0013414,한국 에스지증권 주식회사,B,투자자의 예수증권 등,60900000000,국내증권사,B,SF205,각주항목(09.06월 이후)
39112,202406,0013414,한국 에스지증권 주식회사,B1,투자자의 예수증권 등_예수 증권,60900000000,국내증권사,B,SF205,각주항목(09.06월 이후)
39113,202406,0013414,한국 에스지증권 주식회사,B2,투자자의 예수증권 등_예수양도성예금증서, ,국내증권사,B,SF205,각주항목(09.06월 이후)
39114,202406,0013414,한국 에스지증권 주식회사,B3,투자자의 예수증권 등_기타, ,국내증권사,B,SF205,각주항목(09.06월 이후)
39115,202406,0013414,한국 에스지증권 주식회사,C,파생상품계약,1107829183678,국내증권사,B,SF205,각주항목(09.06월 이후)
39116,202406,0013414,한국 에스지증권 주식회사,C1,파생상품계약_장내파생상품,325885950400,국내증권사,B,SF205,각주항목(09.06월 이후)
39117,202406,0013414,한국 에스지증권 주식회사,C11,파생상품계약_장내파생상품_이자율관련거래,0,국내증권사,B,SF205,각주항목(09.06월 이후)
39118,202406,0013414,한국 에스지증권 주식회사,C12,파생상품계약_장내파생상품_통화관련거래,0,국내증권사,B,SF205,각주항목(09.06월 이후)
39119,202406,0013414,한국 에스지증권 주식회사,C13,파생상품계약_장내파생상품_주식관련거래,325885950400,국내증권사,B,SF205,각주항목(09.06월 이후)
39120,202406,0013414,한국 에스지증권 주식회사,C14,파생상품계약_장내파생상품_일반상품관련거래,0,국내증권사,B,SF205,각주항목(09.06월 이후)
39121,202406,0013414,한국 에스지증권 주식회사,C15,파생상품계약_장내파생상품_기타,0,국내증권사,B,SF205,각주항목(09.06월 이후)
39122,202406,0013414,한국 에스지증권 주식회사,C2,파생상품계약_장외파생상품,781943233278,국내증권사,B,SF205,각주항목(09.06월 이후)
39123,202406,0013414,한국 에스지증권 주식회사,C21,파생상품계약_장외파생상품_이자율관련거래,0,국내증권사,B,SF205,각주항목(09.06월 이후)
39124,202406,0013414,한국 에스지증권 주식회사,C22,파생상품계약_장외파생상품_통화관련거래,97244000000,국내증권사,B,SF205,각주항목(09.06월 이후)
39125,202406,0013414,한국 에스지증권 주식회사,C23,파생상품계약_장외파생상품_주식관련거래,684699233278,국내증권사,B,SF205,각주항목(09.06월 이후)
39126,202406,0013414,한국 에스지증권 주식회사,C24,파생상품계약_장외파생상품_신용관련거래,0,국내증권사,B,SF205,각주항목(09.06월 이후)
39127,202406,0013414,한국 에스지증권 주식회사,C25,파생상품계약_장외파생상품_기타,0,국내증권사,B,SF205,각주항목(09.06월 이후)
39128,202406,0013414,한국 에스지증권 주식회사,D,대차 및 대주거래,1889119561199,국내증권사,B,SF205,각주항목(09.06월 이후)
39129,202406,0013414,한국 에스지증권 주식회사,D1,대차 및 대주거래_대여증권,508029357555,국내증권사,B,SF205,각주항목(09.06월 이후)
39130,202406,0013414,한국 에스지증권 주식회사,D2,대차 및 대주거래_차입증권,1381090203644,국내증권사,B,SF205,각주항목(09.06월 이후)
39131,202406,0013414,한국 에스지증권 주식회사,D3,대차 및 대주거래_신용거래대주, ,국내증권사,B,SF205,각주항목(09.06월 이후)
39132,202406,0013414,한국 에스지증권 주식회사,E,대손상각채권, ,국내증권사,B,SF205,각주항목(09.06월 이후)
39133,202406,0013414,한국 에스지증권 주식회사,F,환전업무 예치금,0,국내증권사,B,SF205,각주항목(09.06월 이후)
39134,202406,0013414,한국 에스지증권 주식회사,G,미배당별도예치금, ,국내증권사,B,SF205,각주항목(09.06월 이후)
39135,202406,0013414,한국 에스지증권 주식회사,H,배서어음매출(종금계정),0,국내증권사,B,SF205,각주항목(09.06월 이후)
39136,202406,0013414,한국 에스지증권 주식회사,H1,대출채권매매이익_담보부, ,국내증권사,B,SF205,각주항목(09.06월 이후)
39137,202406,0013414,한국 에스지증권 주식회사,H2,대출채권매매이익_무담보부, ,국내증권사,B,SF205,각주항목(09.06월 이후)
39138,202409,0013414,한국 에스지증권 주식회사,A,채무보증,0,국내증권사,B,SF205,각주항목(09.06월 이후)
39139,202409,0013414,한국 에스지증권 주식회사,A1,채무보증_지급보증,0,국내증권사,B,SF205,각주항목(09.06월 이후)
39140,202409,0013414,한국 에스지증권 주식회사,A2,채무보증_매입보장약정, ,국내증권사,B,SF205,각주항목(09.06월 이후)
39141,202409,0013414,한국 에스지증권 주식회사,A3,채무보증_채무인수약정, ,국내증권사,B,SF205,각주항목(09.06월 이후)
39142,202409,0013414,한국 에스지증권 주식회사,A5,채무보증_매입확약,0,국내증권사,B,SF205,각주항목(09.06월 이후)
39143,202409,0013414,한국 에스지증권 주식회사,A6,채무보증_기타, ,국내증권사,B,SF205,각주항목(09.06월 이후)
39144,202409,0013414,한국 에스지증권 주식회사,B,투자자의 예수증권 등,81312000000,국내증권사,B,SF205,각주항목(09.06월 이후)
39145,202409,0013414,한국 에스지증권 주식회사,B1,투자자의 예수증권 등_예수 증권,81312000000,국내증권사,B,SF205,각주항목(09.06월 이후)
39146,202409,0013414,한국 에스지증권 주식회사,B2,투자자의 예수증권 등_예수양도성예금증서, ,국내증권사,B,SF205,각주항목(09.06월 이후)
39147,202409,0013414,한국 에스지증권 주식회사,B3,투자자의 예수증권 등_기타, ,국내증권사,B,SF205,각주항목(09.06월 이후)
39148,202409,0013414,한국 에스지증권 주식회사,C,파생상품계약,1245726950026,국내증권사,B,SF205,각주항목(09.06월 이후)
39149,202409,0013414,한국 에스지증권 주식회사,C1,파생상품계약_장내파생상품,255639157550,국내증권사,B,SF205,각주항목(09.06월 이후)
39150,202409,0013414,한국 에스지증권 주식회사,C11,파생상품계약_장내파생상품_이자율관련거래,0,국내증권사,B,SF205,각주항목(09.06월 이후)
39151,202409,0013414,한국 에스지증권 주식회사,C12,파생상품계약_장내파생상품_통화관련거래,0,국내증권사,B,SF205,각주항목(09.06월 이후)
39152,202409,0013414,한국 에스지증권 주식회사,C13,파생상품계약_장내파생상품_주식관련거래,255639157550,국내증권사,B,SF205,각주항목(09.06월 이후)
39153,202409,0013414,한국 에스지증권 주식회사,C14,파생상품계약_장내파생상품_일반상품관련거래,0,국내증권사,B,SF205,각주항목(09.06월 이후)
39154,202409,0013414,한국 에스지증권 주식회사,C15,파생상품계약_장내파생상품_기타,0,국내증권사,B,SF205,각주항목(09.06월 이후)
39155,202409,0013414,한국 에스지증권 주식회사,C2,파생상품계약_장외파생상품,990087792476,국내증권사,B,SF205,각주항목(09.06월 이후)
39156,202409,0013414,한국 에스지증권 주식회사,C21,파생상품계약_장외파생상품_이자율관련거래,0,국내증권사,B,SF205,각주항목(09.06월 이후)
39157,202409,0013414,한국 에스지증권 주식회사,C22,파생상품계약_장외파생상품_통화관련거래,98970000000,국내증권사,B,SF205,각주항목(09.06월 이후)
39158,202409,0013414,한국 에스지증권 주식회사,C23,파생상품계약_장외파생상품_주식관련거래,891117792476,국내증권사,B,SF205,각주항목(09.06월 이후)
39159,202409,0013414,한국 에스지증권 주식회사,C24,파생상품계약_장외파생상품_신용관련거래,0,국내증권사,B,SF205,각주항목(09.06월 이후)
39160,202409,0013414,한국 에스지증권 주식회사,C25,파생상품계약_장외파생상품_기타,0,국내증권사,B,SF205,각주항목(09.06월 이후)
39161,202409,0013414,한국 에스지증권 주식회사,D,대차 및 대주거래,1808375496325,국내증권사,B,SF205,각주항목(09.06월 이후)
39162,202409,0013414,한국 에스지증권 주식회사,D1,대차 및 대주거래_대여증권,538007506546,국내증권사,B,SF205,각주항목(09.06월 이후)
39163,202409,0013414,한국 에스지증권 주식회사,D2,대차 및 대주거래_차입증권,1270367989779,국내증권사,B,SF205,각주항목(09.06월 이후)
39164,202409,0013414,한국 에스지증권 주식회사,D3,대차 및 대주거래_신용거래대주, ,국내증권사,B,SF205,각주항목(09.06월 이후)
39165,202409,0013414,한국 에스지증권 주식회사,E,대손상각채권, ,국내증권사,B,SF205,각주항목(09.06월 이후)
39166,202409,0013414,한국 에스지증권 주식회사,F,환전업무 예치금,0,국내증권사,B,SF205,각주항목(09.06월 이후)
39167,202409,0013414,한국 에스지증권 주식회사,G,미배당별도예치금, ,국내증권사,B,SF205,각주항목(09.06월 이후)
39168,202409,0013414,한국 에스지증권 주식회사,H,배서어음매출(종금계정),0,국내증권사,B,SF205,각주항목(09.06월 이후)
39169,202409,0013414,한국 에스지증권 주식회사,H1,대출채권매매이익_담보부, ,국내증권사,B,SF205,각주항목(09.06월 이후)
39170,202409,0013414,한국 에스지증권 주식회사,H2,대출채권매매이익_무담보부, ,국내증권사,B,SF205,각주항목(09.06월 이후)
39171,202412,0013414,한국 에스지증권 주식회사,A,채무보증,0,국내증권사,B,SF205,각주항목(09.06월 이후)
39172,202412,0013414,한국 에스지증권 주식회사,A1,채무보증_지급보증,0,국내증권사,B,SF205,각주항목(09.06월 이후)
39173,202412,0013414,한국 에스지증권 주식회사,A2,채무보증_매입보장약정, ,국내증권사,B,SF205,각주항목(09.06월 이후)
39174,202412,0013414,한국 에스지증권 주식회사,A3,채무보증_채무인수약정, ,국내증권사,B,SF205,각주항목(09.06월 이후)
39175,202412,0013414,한국 에스지증권 주식회사,A5,채무보증_매입확약,0,국내증권사,B,SF205,각주항목(09.06월 이후)
39176,202412,0013414,한국 에스지증권 주식회사,A6,채무보증_기타, ,국내증권사,B,SF205,각주항목(09.06월 이후)
39177,202412,0013414,한국 에스지증권 주식회사,B,투자자의 예수증권 등,83930000000,국내증권사,B,SF205,각주항목(09.06월 이후)
39178,202412,0013414,한국 에스지증권 주식회사,B1,투자자의 예수증권 등_예수 증권,83930000000,국내증권사,B,SF205,각주항목(09.06월 이후)
39179,202412,0013414,한국 에스지증권 주식회사,B2,투자자의 예수증권 등_예수양도성예금증서, ,국내증권사,B,SF205,각주항목(09.06월 이후)
39180,202412,0013414,한국 에스지증권 주식회사,B3,투자자의 예수증권 등_기타, ,국내증권사,B,SF205,각주항목(09.06월 이후)
39181,202412,0013414,한국 에스지증권 주식회사,C,파생상품계약,1282152753426,국내증권사,B,SF205,각주항목(09.06월 이후)
39182,202412,0013414,한국 에스지증권 주식회사,C1,파생상품계약_장내파생상품,190355612700,국내증권사,B,SF205,각주항목(09.06월 이후)
39183,202412,0013414,한국 에스지증권 주식회사,C11,파생상품계약_장내파생상품_이자율관련거래,0,국내증권사,B,SF205,각주항목(09.06월 이후)
39184,202412,0013414,한국 에스지증권 주식회사,C12,파생상품계약_장내파생상품_통화관련거래,0,국내증권사,B,SF205,각주항목(09.06월 이후)
39185,202412,0013414,한국 에스지증권 주식회사,C13,파생상품계약_장내파생상품_주식관련거래,190355612700,국내증권사,B,SF205,각주항목(09.06월 이후)
39186,202412,0013414,한국 에스지증권 주식회사,C14,파생상품계약_장내파생상품_일반상품관련거래,0,국내증권사,B,SF205,각주항목(09.06월 이후)
39187,202412,0013414,한국 에스지증권 주식회사,C15,파생상품계약_장내파생상품_기타,0,국내증권사,B,SF205,각주항목(09.06월 이후)
39188,202412,0013414,한국 에스지증권 주식회사,C2,파생상품계약_장외파생상품,1091797140726,국내증권사,B,SF205,각주항목(09.06월 이후)
39189,202412,0013414,한국 에스지증권 주식회사,C21,파생상품계약_장외파생상품_이자율관련거래,0,국내증권사,B,SF205,각주항목(09.06월 이후)
39190,202412,0013414,한국 에스지증권 주식회사,C22,파생상품계약_장외파생상품_통화관련거래,156490222000,국내증권사,B,SF205,각주항목(09.06월 이후)
39191,202412,0013414,한국 에스지증권 주식회사,C23,파생상품계약_장외파생상품_주식관련거래,935306918726,국내증권사,B,SF205,각주항목(09.06월 이후)
39192,202412,0013414,한국 에스지증권 주식회사,C24,파생상품계약_장외파생상품_신용관련거래,0,국내증권사,B,SF205,각주항목(09.06월 이후)
39193,202412,0013414,한국 에스지증권 주식회사,C25,파생상품계약_장외파생상품_기타,0,국내증권사,B,SF205,각주항목(09.06월 이후)
39194,202412,0013414,한국 에스지증권 주식회사,D,대차 및 대주거래,1774801332625,국내증권사,B,SF205,각주항목(09.06월 이후)
39195,202412,0013414,한국 에스지증권 주식회사,D1,대차 및 대주거래_대여증권,599923464535,국내증권사,B,SF205,각주항목(09.06월 이후)
39196,202412,0013414,한국 에스지증권 주식회사,D2,대차 및 대주거래_차입증권,1174877868090,국내증권사,B,SF205,각주항목(09.06월 이후)
39197,202412,0013414,한국 에스지증권 주식회사,D3,대차 및 대주거래_신용거래대주, ,국내증권사,B,SF205,각주항목(09.06월 이후)
39198,202412,0013414,한국 에스지증권 주식회사,E,대손상각채권, ,국내증권사,B,SF205,각주항목(09.06월 이후)
39199,202412,0013414,한국 에스지증권 주식회사,F,환전업무 예치금,0,국내증권사,B,SF205,각주항목(09.06월 이후)
39200,202412,0013414,한국 에스지증권 주식회사,G,미배당별도예치금, ,국내증권사,B,SF205,각주항목(09.06월 이후)
39201,202412,0013414,한국 에스지증권 주식회사,H,배서어음매출(종금계정),0,국내증권사,B,SF205,각주항목(09.06월 이후)
39202,202412,0013414,한국 에스지증권 주식회사,H1,대출채권매매이익_담보부, ,국내증권사,B,SF205,각주항목(09.06월 이후)
39203,202412,0013414,한국 에스지증권 주식회사,H2,대출채권매매이익_무담보부, ,국내증권사,B,SF205,각주항목(09.06월 이후)
39204,201703,0012002,한국스탠다드차타드증권,A,채무보증,0,국내증권사,B,SF205,각주항목(09.06월 이후)
39205,201703,0012002,한국스탠다드차타드증권,A1,채무보증_지급보증,0,국내증권사,B,SF205,각주항목(09.06월 이후)
39206,201703,0012002,한국스탠다드차타드증권,A2,채무보증_매입보장약정,0,국내증권사,B,SF205,각주항목(09.06월 이후)
39207,201703,0012002,한국스탠다드차타드증권,A3,채무보증_채무인수약정,0,국내증권사,B,SF205,각주항목(09.06월 이후)
39208,201703,0012002,한국스탠다드차타드증권,A5,채무보증_매입확약,0,국내증권사,B,SF205,각주항목(09.06월 이후)
39209,201703,0012002,한국스탠다드차타드증권,A6,채무보증_기타,0,국내증권사,B,SF205,각주항목(09.06월 이후)
39210,201703,0012002,한국스탠다드차타드증권,B,투자자의 예수증권 등,0,국내증권사,B,SF205,각주항목(09.06월 이후)
39211,201703,0012002,한국스탠다드차타드증권,B1,투자자의 예수증권 등_예수 증권,0,국내증권사,B,SF205,각주항목(09.06월 이후)
39212,201703,0012002,한국스탠다드차타드증권,B2,투자자의 예수증권 등_예수양도성예금증서,0,국내증권사,B,SF205,각주항목(09.06월 이후)
39213,201703,0012002,한국스탠다드차타드증권,B3,투자자의 예수증권 등_기타,0,국내증권사,B,SF205,각주항목(09.06월 이후)
39214,201703,0012002,한국스탠다드차타드증권,C,파생상품계약,0,국내증권사,B,SF205,각주항목(09.06월 이후)
39215,201703,0012002,한국스탠다드차타드증권,C1,파생상품계약_장내파생상품,0,국내증권사,B,SF205,각주항목(09.06월 이후)
39216,201703,0012002,한국스탠다드차타드증권,C11,파생상품계약_장내파생상품_이자율관련거래,0,국내증권사,B,SF205,각주항목(09.06월 이후)
39217,201703,0012002,한국스탠다드차타드증권,C12,파생상품계약_장내파생상품_통화관련거래,0,국내증권사,B,SF205,각주항목(09.06월 이후)
39218,201703,0012002,한국스탠다드차타드증권,C13,파생상품계약_장내파생상품_주식관련거래,0,국내증권사,B,SF205,각주항목(09.06월 이후)
39219,201703,0012002,한국스탠다드차타드증권,C14,파생상품계약_장내파생상품_일반상품관련거래,0,국내증권사,B,SF205,각주항목(09.06월 이후)
39220,201703,0012002,한국스탠다드차타드증권,C15,파생상품계약_장내파생상품_기타,0,국내증권사,B,SF205,각주항목(09.06월 이후)
39221,201703,0012002,한국스탠다드차타드증권,C2,파생상품계약_장외파생상품,0,국내증권사,B,SF205,각주항목(09.06월 이후)
39222,201703,0012002,한국스탠다드차타드증권,C21,파생상품계약_장외파생상품_이자율관련거래,0,국내증권사,B,SF205,각주항목(09.06월 이후)
39223,201703,0012002,한국스탠다드차타드증권,C22,파생상품계약_장외파생상품_통화관련거래,0,국내증권사,B,SF205,각주항목(09.06월 이후)
39224,201703,0012002,한국스탠다드차타드증권,C23,파생상품계약_장외파생상품_주식관련거래,0,국내증권사,B,SF205,각주항목(09.06월 이후)
39225,201703,0012002,한국스탠다드차타드증권,C24,파생상품계약_장외파생상품_신용관련거래,0,국내증권사,B,SF205,각주항목(09.06월 이후)
39226,201703,0012002,한국스탠다드차타드증권,C25,파생상품계약_장외파생상품_기타,0,국내증권사,B,SF205,각주항목(09.06월 이후)
39227,201703,0012002,한국스탠다드차타드증권,D,대차 및 대주거래,0,국내증권사,B,SF205,각주항목(09.06월 이후)
39228,201703,0012002,한국스탠다드차타드증권,D1,대차 및 대주거래_대여증권,0,국내증권사,B,SF205,각주항목(09.06월 이후)
39229,201703,0012002,한국스탠다드차타드증권,D2,대차 및 대주거래_차입증권,0,국내증권사,B,SF205,각주항목(09.06월 이후)
39230,201703,0012002,한국스탠다드차타드증권,D3,대차 및 대주거래_신용거래대주,0,국내증권사,B,SF205,각주항목(09.06월 이후)
39231,201703,0012002,한국스탠다드차타드증권,E,대손상각채권,0,국내증권사,B,SF205,각주항목(09.06월 이후)
39232,201703,0012002,한국스탠다드차타드증권,F,환전업무 예치금,0,국내증권사,B,SF205,각주항목(09.06월 이후)
39233,201703,0012002,한국스탠다드차타드증권,G,미배당별도예치금,0,국내증권사,B,SF205,각주항목(09.06월 이후)
39234,201703,0012002,한국스탠다드차타드증권,H,배서어음매출(종금계정),0,국내증권사,B,SF205,각주항목(09.06월 이후)
39235,201703,0012002,한국스탠다드차타드증권,H1,대출채권매매이익_담보부,0,국내증권사,B,SF205,각주항목(09.06월 이후)
39236,201703,0012002,한국스탠다드차타드증권,H2,대출채권매매이익_무담보부,0,국내증권사,B,SF205,각주항목(09.06월 이후)
39237,201706,0012002,한국스탠다드차타드증권,A,채무보증,0,국내증권사,B,SF205,각주항목(09.06월 이후)
39238,201706,0012002,한국스탠다드차타드증권,A1,채무보증_지급보증,0,국내증권사,B,SF205,각주항목(09.06월 이후)
39239,201706,0012002,한국스탠다드차타드증권,A2,채무보증_매입보장약정, ,국내증권사,B,SF205,각주항목(09.06월 이후)
39240,201706,0012002,한국스탠다드차타드증권,A3,채무보증_채무인수약정, ,국내증권사,B,SF205,각주항목(09.06월 이후)
39241,201706,0012002,한국스탠다드차타드증권,A5,채무보증_매입확약,0,국내증권사,B,SF205,각주항목(09.06월 이후)
39242,201706,0012002,한국스탠다드차타드증권,A6,채무보증_기타, ,국내증권사,B,SF205,각주항목(09.06월 이후)
39243,201706,0012002,한국스탠다드차타드증권,B,투자자의 예수증권 등,0,국내증권사,B,SF205,각주항목(09.06월 이후)
39244,201706,0012002,한국스탠다드차타드증권,B1,투자자의 예수증권 등_예수 증권,0,국내증권사,B,SF205,각주항목(09.06월 이후)
39245,201706,0012002,한국스탠다드차타드증권,B2,투자자의 예수증권 등_예수양도성예금증서, ,국내증권사,B,SF205,각주항목(09.06월 이후)
39246,201706,0012002,한국스탠다드차타드증권,B3,투자자의 예수증권 등_기타, ,국내증권사,B,SF205,각주항목(09.06월 이후)
39247,201706,0012002,한국스탠다드차타드증권,C,파생상품계약,0,국내증권사,B,SF205,각주항목(09.06월 이후)
39248,201706,0012002,한국스탠다드차타드증권,C1,파생상품계약_장내파생상품,0,국내증권사,B,SF205,각주항목(09.06월 이후)
39249,201706,0012002,한국스탠다드차타드증권,C11,파생상품계약_장내파생상품_이자율관련거래,0,국내증권사,B,SF205,각주항목(09.06월 이후)
39250,201706,0012002,한국스탠다드차타드증권,C12,파생상품계약_장내파생상품_통화관련거래,0,국내증권사,B,SF205,각주항목(09.06월 이후)
39251,201706,0012002,한국스탠다드차타드증권,C13,파생상품계약_장내파생상품_주식관련거래,0,국내증권사,B,SF205,각주항목(09.06월 이후)
39252,201706,0012002,한국스탠다드차타드증권,C14,파생상품계약_장내파생상품_일반상품관련거래,0,국내증권사,B,SF205,각주항목(09.06월 이후)
39253,201706,0012002,한국스탠다드차타드증권,C15,파생상품계약_장내파생상품_기타,0,국내증권사,B,SF205,각주항목(09.06월 이후)
39254,201706,0012002,한국스탠다드차타드증권,C2,파생상품계약_장외파생상품,0,국내증권사,B,SF205,각주항목(09.06월 이후)
39255,201706,0012002,한국스탠다드차타드증권,C21,파생상품계약_장외파생상품_이자율관련거래,0,국내증권사,B,SF205,각주항목(09.06월 이후)
39256,201706,0012002,한국스탠다드차타드증권,C22,파생상품계약_장외파생상품_통화관련거래,0,국내증권사,B,SF205,각주항목(09.06월 이후)
39257,201706,0012002,한국스탠다드차타드증권,C23,파생상품계약_장외파생상품_주식관련거래,0,국내증권사,B,SF205,각주항목(09.06월 이후)
39258,201706,0012002,한국스탠다드차타드증권,C24,파생상품계약_장외파생상품_신용관련거래,0,국내증권사,B,SF205,각주항목(09.06월 이후)
39259,201706,0012002,한국스탠다드차타드증권,C25,파생상품계약_장외파생상품_기타,0,국내증권사,B,SF205,각주항목(09.06월 이후)
39260,201706,0012002,한국스탠다드차타드증권,D,대차 및 대주거래,0,국내증권사,B,SF205,각주항목(09.06월 이후)
39261,201706,0012002,한국스탠다드차타드증권,D1,대차 및 대주거래_대여증권,0,국내증권사,B,SF205,각주항목(09.06월 이후)
39262,201706,0012002,한국스탠다드차타드증권,D2,대차 및 대주거래_차입증권,0,국내증권사,B,SF205,각주항목(09.06월 이후)
39263,201706,0012002,한국스탠다드차타드증권,D3,대차 및 대주거래_신용거래대주, ,국내증권사,B,SF205,각주항목(09.06월 이후)
39264,201706,0012002,한국스탠다드차타드증권,E,대손상각채권, ,국내증권사,B,SF205,각주항목(09.06월 이후)
39265,201706,0012002,한국스탠다드차타드증권,F,환전업무 예치금,0,국내증권사,B,SF205,각주항목(09.06월 이후)
39266,201706,0012002,한국스탠다드차타드증권,G,미배당별도예치금, ,국내증권사,B,SF205,각주항목(09.06월 이후)
39267,201706,0012002,한국스탠다드차타드증권,H,배서어음매출(종금계정),0,국내증권사,B,SF205,각주항목(09.06월 이후)
39268,201706,0012002,한국스탠다드차타드증권,H1,대출채권매매이익_담보부, ,국내증권사,B,SF205,각주항목(09.06월 이후)
39269,201706,0012002,한국스탠다드차타드증권,H2,대출채권매매이익_무담보부, ,국내증권사,B,SF205,각주항목(09.06월 이후)
39270,201709,0012002,한국스탠다드차타드증권,A,채무보증,0,국내증권사,B,SF205,각주항목(09.06월 이후)
39271,201709,0012002,한국스탠다드차타드증권,A1,채무보증_지급보증,0,국내증권사,B,SF205,각주항목(09.06월 이후)
39272,201709,0012002,한국스탠다드차타드증권,A2,채무보증_매입보장약정, ,국내증권사,B,SF205,각주항목(09.06월 이후)
39273,201709,0012002,한국스탠다드차타드증권,A3,채무보증_채무인수약정, ,국내증권사,B,SF205,각주항목(09.06월 이후)
39274,201709,0012002,한국스탠다드차타드증권,A5,채무보증_매입확약,0,국내증권사,B,SF205,각주항목(09.06월 이후)
39275,201709,0012002,한국스탠다드차타드증권,A6,채무보증_기타, ,국내증권사,B,SF205,각주항목(09.06월 이후)
39276,201709,0012002,한국스탠다드차타드증권,B,투자자의 예수증권 등,0,국내증권사,B,SF205,각주항목(09.06월 이후)
39277,201709,0012002,한국스탠다드차타드증권,B1,투자자의 예수증권 등_예수 증권,0,국내증권사,B,SF205,각주항목(09.06월 이후)
39278,201709,0012002,한국스탠다드차타드증권,B2,투자자의 예수증권 등_예수양도성예금증서, ,국내증권사,B,SF205,각주항목(09.06월 이후)
39279,201709,0012002,한국스탠다드차타드증권,B3,투자자의 예수증권 등_기타, ,국내증권사,B,SF205,각주항목(09.06월 이후)
39280,201709,0012002,한국스탠다드차타드증권,C,파생상품계약,0,국내증권사,B,SF205,각주항목(09.06월 이후)
39281,201709,0012002,한국스탠다드차타드증권,C1,파생상품계약_장내파생상품,0,국내증권사,B,SF205,각주항목(09.06월 이후)
39282,201709,0012002,한국스탠다드차타드증권,C11,파생상품계약_장내파생상품_이자율관련거래,0,국내증권사,B,SF205,각주항목(09.06월 이후)
39283,201709,0012002,한국스탠다드차타드증권,C12,파생상품계약_장내파생상품_통화관련거래,0,국내증권사,B,SF205,각주항목(09.06월 이후)
39284,201709,0012002,한국스탠다드차타드증권,C13,파생상품계약_장내파생상품_주식관련거래,0,국내증권사,B,SF205,각주항목(09.06월 이후)
39285,201709,0012002,한국스탠다드차타드증권,C14,파생상품계약_장내파생상품_일반상품관련거래,0,국내증권사,B,SF205,각주항목(09.06월 이후)
39286,201709,0012002,한국스탠다드차타드증권,C15,파생상품계약_장내파생상품_기타,0,국내증권사,B,SF205,각주항목(09.06월 이후)
39287,201709,0012002,한국스탠다드차타드증권,C2,파생상품계약_장외파생상품,0,국내증권사,B,SF205,각주항목(09.06월 이후)
39288,201709,0012002,한국스탠다드차타드증권,C21,파생상품계약_장외파생상품_이자율관련거래,0,국내증권사,B,SF205,각주항목(09.06월 이후)
39289,201709,0012002,한국스탠다드차타드증권,C22,파생상품계약_장외파생상품_통화관련거래,0,국내증권사,B,SF205,각주항목(09.06월 이후)
39290,201709,0012002,한국스탠다드차타드증권,C23,파생상품계약_장외파생상품_주식관련거래,0,국내증권사,B,SF205,각주항목(09.06월 이후)
39291,201709,0012002,한국스탠다드차타드증권,C24,파생상품계약_장외파생상품_신용관련거래,0,국내증권사,B,SF205,각주항목(09.06월 이후)
39292,201709,0012002,한국스탠다드차타드증권,C25,파생상품계약_장외파생상품_기타,0,국내증권사,B,SF205,각주항목(09.06월 이후)
39293,201709,0012002,한국스탠다드차타드증권,D,대차 및 대주거래,0,국내증권사,B,SF205,각주항목(09.06월 이후)
39294,201709,0012002,한국스탠다드차타드증권,D1,대차 및 대주거래_대여증권,0,국내증권사,B,SF205,각주항목(09.06월 이후)
39295,201709,0012002,한국스탠다드차타드증권,D2,대차 및 대주거래_차입증권,0,국내증권사,B,SF205,각주항목(09.06월 이후)
39296,201709,0012002,한국스탠다드차타드증권,D3,대차 및 대주거래_신용거래대주, ,국내증권사,B,SF205,각주항목(09.06월 이후)
39297,201709,0012002,한국스탠다드차타드증권,E,대손상각채권, ,국내증권사,B,SF205,각주항목(09.06월 이후)
39298,201709,0012002,한국스탠다드차타드증권,F,환전업무 예치금,0,국내증권사,B,SF205,각주항목(09.06월 이후)
39299,201709,0012002,한국스탠다드차타드증권,G,미배당별도예치금, ,국내증권사,B,SF205,각주항목(09.06월 이후)
39300,201709,0012002,한국스탠다드차타드증권,H,배서어음매출(종금계정),0,국내증권사,B,SF205,각주항목(09.06월 이후)
39301,201709,0012002,한국스탠다드차타드증권,H1,대출채권매매이익_담보부, ,국내증권사,B,SF205,각주항목(09.06월 이후)
39302,201709,0012002,한국스탠다드차타드증권,H2,대출채권매매이익_무담보부, ,국내증권사,B,SF205,각주항목(09.06월 이후)
39303,201712,0012002,한국스탠다드차타드증권,A,채무보증,0,국내증권사,B,SF205,각주항목(09.06월 이후)
39304,201712,0012002,한국스탠다드차타드증권,A1,채무보증_지급보증,0,국내증권사,B,SF205,각주항목(09.06월 이후)
39305,201712,0012002,한국스탠다드차타드증권,A2,채무보증_매입보장약정, ,국내증권사,B,SF205,각주항목(09.06월 이후)
39306,201712,0012002,한국스탠다드차타드증권,A3,채무보증_채무인수약정, ,국내증권사,B,SF205,각주항목(09.06월 이후)
39307,201712,0012002,한국스탠다드차타드증권,A5,채무보증_매입확약,0,국내증권사,B,SF205,각주항목(09.06월 이후)
39308,201712,0012002,한국스탠다드차타드증권,A6,채무보증_기타, ,국내증권사,B,SF205,각주항목(09.06월 이후)
39309,201712,0012002,한국스탠다드차타드증권,B,투자자의 예수증권 등,0,국내증권사,B,SF205,각주항목(09.06월 이후)
39310,201712,0012002,한국스탠다드차타드증권,B1,투자자의 예수증권 등_예수 증권,0,국내증권사,B,SF205,각주항목(09.06월 이후)
39311,201712,0012002,한국스탠다드차타드증권,B2,투자자의 예수증권 등_예수양도성예금증서, ,국내증권사,B,SF205,각주항목(09.06월 이후)
39312,201712,0012002,한국스탠다드차타드증권,B3,투자자의 예수증권 등_기타, ,국내증권사,B,SF205,각주항목(09.06월 이후)
39313,201712,0012002,한국스탠다드차타드증권,C,파생상품계약,0,국내증권사,B,SF205,각주항목(09.06월 이후)
39314,201712,0012002,한국스탠다드차타드증권,C1,파생상품계약_장내파생상품,0,국내증권사,B,SF205,각주항목(09.06월 이후)
39315,201712,0012002,한국스탠다드차타드증권,C11,파생상품계약_장내파생상품_이자율관련거래,0,국내증권사,B,SF205,각주항목(09.06월 이후)
39316,201712,0012002,한국스탠다드차타드증권,C12,파생상품계약_장내파생상품_통화관련거래,0,국내증권사,B,SF205,각주항목(09.06월 이후)
39317,201712,0012002,한국스탠다드차타드증권,C13,파생상품계약_장내파생상품_주식관련거래,0,국내증권사,B,SF205,각주항목(09.06월 이후)
39318,201712,0012002,한국스탠다드차타드증권,C14,파생상품계약_장내파생상품_일반상품관련거래,0,국내증권사,B,SF205,각주항목(09.06월 이후)
39319,201712,0012002,한국스탠다드차타드증권,C15,파생상품계약_장내파생상품_기타,0,국내증권사,B,SF205,각주항목(09.06월 이후)
39320,201712,0012002,한국스탠다드차타드증권,C2,파생상품계약_장외파생상품,0,국내증권사,B,SF205,각주항목(09.06월 이후)
39321,201712,0012002,한국스탠다드차타드증권,C21,파생상품계약_장외파생상품_이자율관련거래,0,국내증권사,B,SF205,각주항목(09.06월 이후)
39322,201712,0012002,한국스탠다드차타드증권,C22,파생상품계약_장외파생상품_통화관련거래,0,국내증권사,B,SF205,각주항목(09.06월 이후)
39323,201712,0012002,한국스탠다드차타드증권,C23,파생상품계약_장외파생상품_주식관련거래,0,국내증권사,B,SF205,각주항목(09.06월 이후)
39324,201712,0012002,한국스탠다드차타드증권,C24,파생상품계약_장외파생상품_신용관련거래,0,국내증권사,B,SF205,각주항목(09.06월 이후)
39325,201712,0012002,한국스탠다드차타드증권,C25,파생상품계약_장외파생상품_기타,0,국내증권사,B,SF205,각주항목(09.06월 이후)
39326,201712,0012002,한국스탠다드차타드증권,D,대차 및 대주거래,0,국내증권사,B,SF205,각주항목(09.06월 이후)
39327,201712,0012002,한국스탠다드차타드증권,D1,대차 및 대주거래_대여증권,0,국내증권사,B,SF205,각주항목(09.06월 이후)
39328,201712,0012002,한국스탠다드차타드증권,D2,대차 및 대주거래_차입증권,0,국내증권사,B,SF205,각주항목(09.06월 이후)
39329,201712,0012002,한국스탠다드차타드증권,D3,대차 및 대주거래_신용거래대주, ,국내증권사,B,SF205,각주항목(09.06월 이후)
39330,201712,0012002,한국스탠다드차타드증권,E,대손상각채권, ,국내증권사,B,SF205,각주항목(09.06월 이후)
39331,201712,0012002,한국스탠다드차타드증권,F,환전업무 예치금,0,국내증권사,B,SF205,각주항목(09.06월 이후)
39332,201712,0012002,한국스탠다드차타드증권,G,미배당별도예치금, ,국내증권사,B,SF205,각주항목(09.06월 이후)
39333,201712,0012002,한국스탠다드차타드증권,H,배서어음매출(종금계정),0,국내증권사,B,SF205,각주항목(09.06월 이후)
39334,201712,0012002,한국스탠다드차타드증권,H1,대출채권매매이익_담보부, ,국내증권사,B,SF205,각주항목(09.06월 이후)
39335,201712,0012002,한국스탠다드차타드증권,H2,대출채권매매이익_무담보부, ,국내증권사,B,SF205,각주항목(09.06월 이후)
39336,201803,0012002,한국스탠다드차타드증권,A,채무보증,0,국내증권사,B,SF205,각주항목(09.06월 이후)
39337,201803,0012002,한국스탠다드차타드증권,A1,채무보증_지급보증,0,국내증권사,B,SF205,각주항목(09.06월 이후)
39338,201803,0012002,한국스탠다드차타드증권,A2,채무보증_매입보장약정, ,국내증권사,B,SF205,각주항목(09.06월 이후)
39339,201803,0012002,한국스탠다드차타드증권,A3,채무보증_채무인수약정, ,국내증권사,B,SF205,각주항목(09.06월 이후)
39340,201803,0012002,한국스탠다드차타드증권,A5,채무보증_매입확약,0,국내증권사,B,SF205,각주항목(09.06월 이후)
39341,201803,0012002,한국스탠다드차타드증권,A6,채무보증_기타, ,국내증권사,B,SF205,각주항목(09.06월 이후)
39342,201803,0012002,한국스탠다드차타드증권,B,투자자의 예수증권 등,0,국내증권사,B,SF205,각주항목(09.06월 이후)
39343,201803,0012002,한국스탠다드차타드증권,B1,투자자의 예수증권 등_예수 증권,0,국내증권사,B,SF205,각주항목(09.06월 이후)
39344,201803,0012002,한국스탠다드차타드증권,B2,투자자의 예수증권 등_예수양도성예금증서, ,국내증권사,B,SF205,각주항목(09.06월 이후)
39345,201803,0012002,한국스탠다드차타드증권,B3,투자자의 예수증권 등_기타, ,국내증권사,B,SF205,각주항목(09.06월 이후)
39346,201803,0012002,한국스탠다드차타드증권,C,파생상품계약,0,국내증권사,B,SF205,각주항목(09.06월 이후)
39347,201803,0012002,한국스탠다드차타드증권,C1,파생상품계약_장내파생상품,0,국내증권사,B,SF205,각주항목(09.06월 이후)
39348,201803,0012002,한국스탠다드차타드증권,C11,파생상품계약_장내파생상품_이자율관련거래,0,국내증권사,B,SF205,각주항목(09.06월 이후)
39349,201803,0012002,한국스탠다드차타드증권,C12,파생상품계약_장내파생상품_통화관련거래,0,국내증권사,B,SF205,각주항목(09.06월 이후)
39350,201803,0012002,한국스탠다드차타드증권,C13,파생상품계약_장내파생상품_주식관련거래,0,국내증권사,B,SF205,각주항목(09.06월 이후)
39351,201803,0012002,한국스탠다드차타드증권,C14,파생상품계약_장내파생상품_일반상품관련거래,0,국내증권사,B,SF205,각주항목(09.06월 이후)
39352,201803,0012002,한국스탠다드차타드증권,C15,파생상품계약_장내파생상품_기타,0,국내증권사,B,SF205,각주항목(09.06월 이후)
39353,201803,0012002,한국스탠다드차타드증권,C2,파생상품계약_장외파생상품,0,국내증권사,B,SF205,각주항목(09.06월 이후)
39354,201803,0012002,한국스탠다드차타드증권,C21,파생상품계약_장외파생상품_이자율관련거래,0,국내증권사,B,SF205,각주항목(09.06월 이후)
39355,201803,0012002,한국스탠다드차타드증권,C22,파생상품계약_장외파생상품_통화관련거래,0,국내증권사,B,SF205,각주항목(09.06월 이후)
39356,201803,0012002,한국스탠다드차타드증권,C23,파생상품계약_장외파생상품_주식관련거래,0,국내증권사,B,SF205,각주항목(09.06월 이후)
39357,201803,0012002,한국스탠다드차타드증권,C24,파생상품계약_장외파생상품_신용관련거래,0,국내증권사,B,SF205,각주항목(09.06월 이후)
39358,201803,0012002,한국스탠다드차타드증권,C25,파생상품계약_장외파생상품_기타,0,국내증권사,B,SF205,각주항목(09.06월 이후)
39359,201803,0012002,한국스탠다드차타드증권,D,대차 및 대주거래,0,국내증권사,B,SF205,각주항목(09.06월 이후)
39360,201803,0012002,한국스탠다드차타드증권,D1,대차 및 대주거래_대여증권,0,국내증권사,B,SF205,각주항목(09.06월 이후)
39361,201803,0012002,한국스탠다드차타드증권,D2,대차 및 대주거래_차입증권,0,국내증권사,B,SF205,각주항목(09.06월 이후)
39362,201803,0012002,한국스탠다드차타드증권,D3,대차 및 대주거래_신용거래대주, ,국내증권사,B,SF205,각주항목(09.06월 이후)
39363,201803,0012002,한국스탠다드차타드증권,E,대손상각채권, ,국내증권사,B,SF205,각주항목(09.06월 이후)
39364,201803,0012002,한국스탠다드차타드증권,F,환전업무 예치금,0,국내증권사,B,SF205,각주항목(09.06월 이후)
39365,201803,0012002,한국스탠다드차타드증권,G,미배당별도예치금, ,국내증권사,B,SF205,각주항목(09.06월 이후)
39366,201803,0012002,한국스탠다드차타드증권,H,배서어음매출(종금계정),0,국내증권사,B,SF205,각주항목(09.06월 이후)
39367,201803,0012002,한국스탠다드차타드증권,H1,대출채권매매이익_담보부, ,국내증권사,B,SF205,각주항목(09.06월 이후)
39368,201803,0012002,한국스탠다드차타드증권,H2,대출채권매매이익_무담보부, ,국내증권사,B,SF205,각주항목(09.06월 이후)
39369,201806,0012002,한국스탠다드차타드증권,A,채무보증,0,국내증권사,B,SF205,각주항목(09.06월 이후)
39370,201806,0012002,한국스탠다드차타드증권,A1,채무보증_지급보증,0,국내증권사,B,SF205,각주항목(09.06월 이후)
39371,201806,0012002,한국스탠다드차타드증권,A2,채무보증_매입보장약정, ,국내증권사,B,SF205,각주항목(09.06월 이후)
39372,201806,0012002,한국스탠다드차타드증권,A3,채무보증_채무인수약정, ,국내증권사,B,SF205,각주항목(09.06월 이후)
39373,201806,0012002,한국스탠다드차타드증권,A5,채무보증_매입확약,0,국내증권사,B,SF205,각주항목(09.06월 이후)
39374,201806,0012002,한국스탠다드차타드증권,A6,채무보증_기타, ,국내증권사,B,SF205,각주항목(09.06월 이후)
39375,201806,0012002,한국스탠다드차타드증권,B,투자자의 예수증권 등,0,국내증권사,B,SF205,각주항목(09.06월 이후)
39376,201806,0012002,한국스탠다드차타드증권,B1,투자자의 예수증권 등_예수 증권,0,국내증권사,B,SF205,각주항목(09.06월 이후)
39377,201806,0012002,한국스탠다드차타드증권,B2,투자자의 예수증권 등_예수양도성예금증서, ,국내증권사,B,SF205,각주항목(09.06월 이후)
39378,201806,0012002,한국스탠다드차타드증권,B3,투자자의 예수증권 등_기타, ,국내증권사,B,SF205,각주항목(09.06월 이후)
39379,201806,0012002,한국스탠다드차타드증권,C,파생상품계약,0,국내증권사,B,SF205,각주항목(09.06월 이후)
39380,201806,0012002,한국스탠다드차타드증권,C1,파생상품계약_장내파생상품,0,국내증권사,B,SF205,각주항목(09.06월 이후)
39381,201806,0012002,한국스탠다드차타드증권,C11,파생상품계약_장내파생상품_이자율관련거래,0,국내증권사,B,SF205,각주항목(09.06월 이후)
39382,201806,0012002,한국스탠다드차타드증권,C12,파생상품계약_장내파생상품_통화관련거래,0,국내증권사,B,SF205,각주항목(09.06월 이후)
39383,201806,0012002,한국스탠다드차타드증권,C13,파생상품계약_장내파생상품_주식관련거래,0,국내증권사,B,SF205,각주항목(09.06월 이후)
39384,201806,0012002,한국스탠다드차타드증권,C14,파생상품계약_장내파생상품_일반상품관련거래,0,국내증권사,B,SF205,각주항목(09.06월 이후)
39385,201806,0012002,한국스탠다드차타드증권,C15,파생상품계약_장내파생상품_기타,0,국내증권사,B,SF205,각주항목(09.06월 이후)
39386,201806,0012002,한국스탠다드차타드증권,C2,파생상품계약_장외파생상품,0,국내증권사,B,SF205,각주항목(09.06월 이후)
39387,201806,0012002,한국스탠다드차타드증권,C21,파생상품계약_장외파생상품_이자율관련거래,0,국내증권사,B,SF205,각주항목(09.06월 이후)
39388,201806,0012002,한국스탠다드차타드증권,C22,파생상품계약_장외파생상품_통화관련거래,0,국내증권사,B,SF205,각주항목(09.06월 이후)
39389,201806,0012002,한국스탠다드차타드증권,C23,파생상품계약_장외파생상품_주식관련거래,0,국내증권사,B,SF205,각주항목(09.06월 이후)
39390,201806,0012002,한국스탠다드차타드증권,C24,파생상품계약_장외파생상품_신용관련거래,0,국내증권사,B,SF205,각주항목(09.06월 이후)
39391,201806,0012002,한국스탠다드차타드증권,C25,파생상품계약_장외파생상품_기타,0,국내증권사,B,SF205,각주항목(09.06월 이후)
39392,201806,0012002,한국스탠다드차타드증권,D,대차 및 대주거래,0,국내증권사,B,SF205,각주항목(09.06월 이후)
39393,201806,0012002,한국스탠다드차타드증권,D1,대차 및 대주거래_대여증권,0,국내증권사,B,SF205,각주항목(09.06월 이후)
39394,201806,0012002,한국스탠다드차타드증권,D2,대차 및 대주거래_차입증권,0,국내증권사,B,SF205,각주항목(09.06월 이후)
39395,201806,0012002,한국스탠다드차타드증권,D3,대차 및 대주거래_신용거래대주, ,국내증권사,B,SF205,각주항목(09.06월 이후)
39396,201806,0012002,한국스탠다드차타드증권,E,대손상각채권, ,국내증권사,B,SF205,각주항목(09.06월 이후)
39397,201806,0012002,한국스탠다드차타드증권,F,환전업무 예치금,0,국내증권사,B,SF205,각주항목(09.06월 이후)
39398,201806,0012002,한국스탠다드차타드증권,G,미배당별도예치금, ,국내증권사,B,SF205,각주항목(09.06월 이후)
39399,201806,0012002,한국스탠다드차타드증권,H,배서어음매출(종금계정),0,국내증권사,B,SF205,각주항목(09.06월 이후)
39400,201806,0012002,한국스탠다드차타드증권,H1,대출채권매매이익_담보부, ,국내증권사,B,SF205,각주항목(09.06월 이후)
39401,201806,0012002,한국스탠다드차타드증권,H2,대출채권매매이익_무담보부, ,국내증권사,B,SF205,각주항목(09.06월 이후)
39402,201809,0012002,한국스탠다드차타드증권,A,채무보증,0,국내증권사,B,SF205,각주항목(09.06월 이후)
39403,201809,0012002,한국스탠다드차타드증권,A1,채무보증_지급보증,0,국내증권사,B,SF205,각주항목(09.06월 이후)
39404,201809,0012002,한국스탠다드차타드증권,A2,채무보증_매입보장약정,0,국내증권사,B,SF205,각주항목(09.06월 이후)
39405,201809,0012002,한국스탠다드차타드증권,A3,채무보증_채무인수약정,0,국내증권사,B,SF205,각주항목(09.06월 이후)
39406,201809,0012002,한국스탠다드차타드증권,A5,채무보증_매입확약,0,국내증권사,B,SF205,각주항목(09.06월 이후)
39407,201809,0012002,한국스탠다드차타드증권,A6,채무보증_기타,0,국내증권사,B,SF205,각주항목(09.06월 이후)
39408,201809,0012002,한국스탠다드차타드증권,B,투자자의 예수증권 등,0,국내증권사,B,SF205,각주항목(09.06월 이후)
39409,201809,0012002,한국스탠다드차타드증권,B1,투자자의 예수증권 등_예수 증권,0,국내증권사,B,SF205,각주항목(09.06월 이후)
39410,201809,0012002,한국스탠다드차타드증권,B2,투자자의 예수증권 등_예수양도성예금증서,0,국내증권사,B,SF205,각주항목(09.06월 이후)
39411,201809,0012002,한국스탠다드차타드증권,B3,투자자의 예수증권 등_기타,0,국내증권사,B,SF205,각주항목(09.06월 이후)
39412,201809,0012002,한국스탠다드차타드증권,C,파생상품계약,0,국내증권사,B,SF205,각주항목(09.06월 이후)
39413,201809,0012002,한국스탠다드차타드증권,C1,파생상품계약_장내파생상품,0,국내증권사,B,SF205,각주항목(09.06월 이후)
39414,201809,0012002,한국스탠다드차타드증권,C11,파생상품계약_장내파생상품_이자율관련거래,0,국내증권사,B,SF205,각주항목(09.06월 이후)
39415,201809,0012002,한국스탠다드차타드증권,C12,파생상품계약_장내파생상품_통화관련거래,0,국내증권사,B,SF205,각주항목(09.06월 이후)
39416,201809,0012002,한국스탠다드차타드증권,C13,파생상품계약_장내파생상품_주식관련거래,0,국내증권사,B,SF205,각주항목(09.06월 이후)
39417,201809,0012002,한국스탠다드차타드증권,C14,파생상품계약_장내파생상품_일반상품관련거래,0,국내증권사,B,SF205,각주항목(09.06월 이후)
39418,201809,0012002,한국스탠다드차타드증권,C15,파생상품계약_장내파생상품_기타,0,국내증권사,B,SF205,각주항목(09.06월 이후)
39419,201809,0012002,한국스탠다드차타드증권,C2,파생상품계약_장외파생상품,0,국내증권사,B,SF205,각주항목(09.06월 이후)
39420,201809,0012002,한국스탠다드차타드증권,C21,파생상품계약_장외파생상품_이자율관련거래,0,국내증권사,B,SF205,각주항목(09.06월 이후)
39421,201809,0012002,한국스탠다드차타드증권,C22,파생상품계약_장외파생상품_통화관련거래,0,국내증권사,B,SF205,각주항목(09.06월 이후)
39422,201809,0012002,한국스탠다드차타드증권,C23,파생상품계약_장외파생상품_주식관련거래,0,국내증권사,B,SF205,각주항목(09.06월 이후)
39423,201809,0012002,한국스탠다드차타드증권,C24,파생상품계약_장외파생상품_신용관련거래,0,국내증권사,B,SF205,각주항목(09.06월 이후)
39424,201809,0012002,한국스탠다드차타드증권,C25,파생상품계약_장외파생상품_기타,0,국내증권사,B,SF205,각주항목(09.06월 이후)
39425,201809,0012002,한국스탠다드차타드증권,D,대차 및 대주거래,0,국내증권사,B,SF205,각주항목(09.06월 이후)
39426,201809,0012002,한국스탠다드차타드증권,D1,대차 및 대주거래_대여증권,0,국내증권사,B,SF205,각주항목(09.06월 이후)
39427,201809,0012002,한국스탠다드차타드증권,D2,대차 및 대주거래_차입증권,0,국내증권사,B,SF205,각주항목(09.06월 이후)
39428,201809,0012002,한국스탠다드차타드증권,D3,대차 및 대주거래_신용거래대주,0,국내증권사,B,SF205,각주항목(09.06월 이후)
39429,201809,0012002,한국스탠다드차타드증권,E,대손상각채권,0,국내증권사,B,SF205,각주항목(09.06월 이후)
39430,201809,0012002,한국스탠다드차타드증권,F,환전업무 예치금,0,국내증권사,B,SF205,각주항목(09.06월 이후)
39431,201809,0012002,한국스탠다드차타드증권,G,미배당별도예치금,0,국내증권사,B,SF205,각주항목(09.06월 이후)
39432,201809,0012002,한국스탠다드차타드증권,H,배서어음매출(종금계정),0,국내증권사,B,SF205,각주항목(09.06월 이후)
39433,201809,0012002,한국스탠다드차타드증권,H1,대출채권매매이익_담보부,0,국내증권사,B,SF205,각주항목(09.06월 이후)
39434,201809,0012002,한국스탠다드차타드증권,H2,대출채권매매이익_무담보부,0,국내증권사,B,SF205,각주항목(09.06월 이후)
39435,201812,0012002,한국스탠다드차타드증권,A,채무보증,0,국내증권사,B,SF205,각주항목(09.06월 이후)
39436,201812,0012002,한국스탠다드차타드증권,A1,채무보증_지급보증,0,국내증권사,B,SF205,각주항목(09.06월 이후)
39437,201812,0012002,한국스탠다드차타드증권,A2,채무보증_매입보장약정, ,국내증권사,B,SF205,각주항목(09.06월 이후)
39438,201812,0012002,한국스탠다드차타드증권,A3,채무보증_채무인수약정, ,국내증권사,B,SF205,각주항목(09.06월 이후)
39439,201812,0012002,한국스탠다드차타드증권,A5,채무보증_매입확약,0,국내증권사,B,SF205,각주항목(09.06월 이후)
39440,201812,0012002,한국스탠다드차타드증권,A6,채무보증_기타, ,국내증권사,B,SF205,각주항목(09.06월 이후)
39441,201812,0012002,한국스탠다드차타드증권,B,투자자의 예수증권 등,0,국내증권사,B,SF205,각주항목(09.06월 이후)
39442,201812,0012002,한국스탠다드차타드증권,B1,투자자의 예수증권 등_예수 증권,0,국내증권사,B,SF205,각주항목(09.06월 이후)
39443,201812,0012002,한국스탠다드차타드증권,B2,투자자의 예수증권 등_예수양도성예금증서, ,국내증권사,B,SF205,각주항목(09.06월 이후)
39444,201812,0012002,한국스탠다드차타드증권,B3,투자자의 예수증권 등_기타, ,국내증권사,B,SF205,각주항목(09.06월 이후)
39445,201812,0012002,한국스탠다드차타드증권,C,파생상품계약,0,국내증권사,B,SF205,각주항목(09.06월 이후)
39446,201812,0012002,한국스탠다드차타드증권,C1,파생상품계약_장내파생상품,0,국내증권사,B,SF205,각주항목(09.06월 이후)
39447,201812,0012002,한국스탠다드차타드증권,C11,파생상품계약_장내파생상품_이자율관련거래,0,국내증권사,B,SF205,각주항목(09.06월 이후)
39448,201812,0012002,한국스탠다드차타드증권,C12,파생상품계약_장내파생상품_통화관련거래,0,국내증권사,B,SF205,각주항목(09.06월 이후)
39449,201812,0012002,한국스탠다드차타드증권,C13,파생상품계약_장내파생상품_주식관련거래,0,국내증권사,B,SF205,각주항목(09.06월 이후)
39450,201812,0012002,한국스탠다드차타드증권,C14,파생상품계약_장내파생상품_일반상품관련거래,0,국내증권사,B,SF205,각주항목(09.06월 이후)
39451,201812,0012002,한국스탠다드차타드증권,C15,파생상품계약_장내파생상품_기타,0,국내증권사,B,SF205,각주항목(09.06월 이후)
39452,201812,0012002,한국스탠다드차타드증권,C2,파생상품계약_장외파생상품,0,국내증권사,B,SF205,각주항목(09.06월 이후)
39453,201812,0012002,한국스탠다드차타드증권,C21,파생상품계약_장외파생상품_이자율관련거래,0,국내증권사,B,SF205,각주항목(09.06월 이후)
39454,201812,0012002,한국스탠다드차타드증권,C22,파생상품계약_장외파생상품_통화관련거래,0,국내증권사,B,SF205,각주항목(09.06월 이후)
39455,201812,0012002,한국스탠다드차타드증권,C23,파생상품계약_장외파생상품_주식관련거래,0,국내증권사,B,SF205,각주항목(09.06월 이후)
39456,201812,0012002,한국스탠다드차타드증권,C24,파생상품계약_장외파생상품_신용관련거래,0,국내증권사,B,SF205,각주항목(09.06월 이후)
39457,201812,0012002,한국스탠다드차타드증권,C25,파생상품계약_장외파생상품_기타,0,국내증권사,B,SF205,각주항목(09.06월 이후)
39458,201812,0012002,한국스탠다드차타드증권,D,대차 및 대주거래,0,국내증권사,B,SF205,각주항목(09.06월 이후)
39459,201812,0012002,한국스탠다드차타드증권,D1,대차 및 대주거래_대여증권,0,국내증권사,B,SF205,각주항목(09.06월 이후)
39460,201812,0012002,한국스탠다드차타드증권,D2,대차 및 대주거래_차입증권,0,국내증권사,B,SF205,각주항목(09.06월 이후)
39461,201812,0012002,한국스탠다드차타드증권,D3,대차 및 대주거래_신용거래대주, ,국내증권사,B,SF205,각주항목(09.06월 이후)
39462,201812,0012002,한국스탠다드차타드증권,E,대손상각채권, ,국내증권사,B,SF205,각주항목(09.06월 이후)
39463,201812,0012002,한국스탠다드차타드증권,F,환전업무 예치금,0,국내증권사,B,SF205,각주항목(09.06월 이후)
39464,201812,0012002,한국스탠다드차타드증권,G,미배당별도예치금, ,국내증권사,B,SF205,각주항목(09.06월 이후)
39465,201812,0012002,한국스탠다드차타드증권,H,배서어음매출(종금계정),0,국내증권사,B,SF205,각주항목(09.06월 이후)
39466,201812,0012002,한국스탠다드차타드증권,H1,대출채권매매이익_담보부, ,국내증권사,B,SF205,각주항목(09.06월 이후)
39467,201812,0012002,한국스탠다드차타드증권,H2,대출채권매매이익_무담보부, ,국내증권사,B,SF205,각주항목(09.06월 이후)
39468,201903,0012002,한국스탠다드차타드증권,A,채무보증,0,국내증권사,B,SF205,각주항목(09.06월 이후)
39469,201903,0012002,한국스탠다드차타드증권,A1,채무보증_지급보증,0,국내증권사,B,SF205,각주항목(09.06월 이후)
39470,201903,0012002,한국스탠다드차타드증권,A2,채무보증_매입보장약정,0,국내증권사,B,SF205,각주항목(09.06월 이후)
39471,201903,0012002,한국스탠다드차타드증권,A3,채무보증_채무인수약정,0,국내증권사,B,SF205,각주항목(09.06월 이후)
39472,201903,0012002,한국스탠다드차타드증권,A5,채무보증_매입확약,0,국내증권사,B,SF205,각주항목(09.06월 이후)
39473,201903,0012002,한국스탠다드차타드증권,A6,채무보증_기타,0,국내증권사,B,SF205,각주항목(09.06월 이후)
39474,201903,0012002,한국스탠다드차타드증권,B,투자자의 예수증권 등,0,국내증권사,B,SF205,각주항목(09.06월 이후)
39475,201903,0012002,한국스탠다드차타드증권,B1,투자자의 예수증권 등_예수 증권,0,국내증권사,B,SF205,각주항목(09.06월 이후)
39476,201903,0012002,한국스탠다드차타드증권,B2,투자자의 예수증권 등_예수양도성예금증서,0,국내증권사,B,SF205,각주항목(09.06월 이후)
39477,201903,0012002,한국스탠다드차타드증권,B3,투자자의 예수증권 등_기타,0,국내증권사,B,SF205,각주항목(09.06월 이후)
39478,201903,0012002,한국스탠다드차타드증권,C,파생상품계약,0,국내증권사,B,SF205,각주항목(09.06월 이후)
39479,201903,0012002,한국스탠다드차타드증권,C1,파생상품계약_장내파생상품,0,국내증권사,B,SF205,각주항목(09.06월 이후)
39480,201903,0012002,한국스탠다드차타드증권,C11,파생상품계약_장내파생상품_이자율관련거래,0,국내증권사,B,SF205,각주항목(09.06월 이후)
39481,201903,0012002,한국스탠다드차타드증권,C12,파생상품계약_장내파생상품_통화관련거래,0,국내증권사,B,SF205,각주항목(09.06월 이후)
39482,201903,0012002,한국스탠다드차타드증권,C13,파생상품계약_장내파생상품_주식관련거래,0,국내증권사,B,SF205,각주항목(09.06월 이후)
39483,201903,0012002,한국스탠다드차타드증권,C14,파생상품계약_장내파생상품_일반상품관련거래,0,국내증권사,B,SF205,각주항목(09.06월 이후)
39484,201903,0012002,한국스탠다드차타드증권,C15,파생상품계약_장내파생상품_기타,0,국내증권사,B,SF205,각주항목(09.06월 이후)
39485,201903,0012002,한국스탠다드차타드증권,C2,파생상품계약_장외파생상품,0,국내증권사,B,SF205,각주항목(09.06월 이후)
39486,201903,0012002,한국스탠다드차타드증권,C21,파생상품계약_장외파생상품_이자율관련거래,0,국내증권사,B,SF205,각주항목(09.06월 이후)
39487,201903,0012002,한국스탠다드차타드증권,C22,파생상품계약_장외파생상품_통화관련거래,0,국내증권사,B,SF205,각주항목(09.06월 이후)
39488,201903,0012002,한국스탠다드차타드증권,C23,파생상품계약_장외파생상품_주식관련거래,0,국내증권사,B,SF205,각주항목(09.06월 이후)
39489,201903,0012002,한국스탠다드차타드증권,C24,파생상품계약_장외파생상품_신용관련거래,0,국내증권사,B,SF205,각주항목(09.06월 이후)
39490,201903,0012002,한국스탠다드차타드증권,C25,파생상품계약_장외파생상품_기타,0,국내증권사,B,SF205,각주항목(09.06월 이후)
39491,201903,0012002,한국스탠다드차타드증권,D,대차 및 대주거래,0,국내증권사,B,SF205,각주항목(09.06월 이후)
39492,201903,0012002,한국스탠다드차타드증권,D1,대차 및 대주거래_대여증권,0,국내증권사,B,SF205,각주항목(09.06월 이후)
39493,201903,0012002,한국스탠다드차타드증권,D2,대차 및 대주거래_차입증권,0,국내증권사,B,SF205,각주항목(09.06월 이후)
39494,201903,0012002,한국스탠다드차타드증권,D3,대차 및 대주거래_신용거래대주,0,국내증권사,B,SF205,각주항목(09.06월 이후)
39495,201903,0012002,한국스탠다드차타드증권,E,대손상각채권,0,국내증권사,B,SF205,각주항목(09.06월 이후)
39496,201903,0012002,한국스탠다드차타드증권,F,환전업무 예치금,0,국내증권사,B,SF205,각주항목(09.06월 이후)
39497,201903,0012002,한국스탠다드차타드증권,G,미배당별도예치금,0,국내증권사,B,SF205,각주항목(09.06월 이후)
39498,201903,0012002,한국스탠다드차타드증권,H,배서어음매출(종금계정),0,국내증권사,B,SF205,각주항목(09.06월 이후)
39499,201903,0012002,한국스탠다드차타드증권,H1,대출채권매매이익_담보부,0,국내증권사,B,SF205,각주항목(09.06월 이후)
39500,201903,0012002,한국스탠다드차타드증권,H2,대출채권매매이익_무담보부,0,국내증권사,B,SF205,각주항목(09.06월 이후)
39501,202106,0017993,한국아이엠씨증권 주식회사,A,채무보증,0,국내증권사,B,SF205,각주항목(09.06월 이후)
39502,202106,0017993,한국아이엠씨증권 주식회사,A1,채무보증_지급보증,0,국내증권사,B,SF205,각주항목(09.06월 이후)
39503,202106,0017993,한국아이엠씨증권 주식회사,A2,채무보증_매입보장약정,0,국내증권사,B,SF205,각주항목(09.06월 이후)
39504,202106,0017993,한국아이엠씨증권 주식회사,A3,채무보증_채무인수약정,0,국내증권사,B,SF205,각주항목(09.06월 이후)
39505,202106,0017993,한국아이엠씨증권 주식회사,A5,채무보증_매입확약,0,국내증권사,B,SF205,각주항목(09.06월 이후)
39506,202106,0017993,한국아이엠씨증권 주식회사,A6,채무보증_기타,0,국내증권사,B,SF205,각주항목(09.06월 이후)
39507,202106,0017993,한국아이엠씨증권 주식회사,B,투자자의 예수증권 등,0,국내증권사,B,SF205,각주항목(09.06월 이후)
39508,202106,0017993,한국아이엠씨증권 주식회사,B1,투자자의 예수증권 등_예수 증권,0,국내증권사,B,SF205,각주항목(09.06월 이후)
39509,202106,0017993,한국아이엠씨증권 주식회사,B2,투자자의 예수증권 등_예수양도성예금증서,0,국내증권사,B,SF205,각주항목(09.06월 이후)
39510,202106,0017993,한국아이엠씨증권 주식회사,B3,투자자의 예수증권 등_기타,0,국내증권사,B,SF205,각주항목(09.06월 이후)
39511,202106,0017993,한국아이엠씨증권 주식회사,C,파생상품계약,43410000,국내증권사,B,SF205,각주항목(09.06월 이후)
39512,202106,0017993,한국아이엠씨증권 주식회사,C1,파생상품계약_장내파생상품,43410000,국내증권사,B,SF205,각주항목(09.06월 이후)
39513,202106,0017993,한국아이엠씨증권 주식회사,C11,파생상품계약_장내파생상품_이자율관련거래,0,국내증권사,B,SF205,각주항목(09.06월 이후)
39514,202106,0017993,한국아이엠씨증권 주식회사,C12,파생상품계약_장내파생상품_통화관련거래,0,국내증권사,B,SF205,각주항목(09.06월 이후)
39515,202106,0017993,한국아이엠씨증권 주식회사,C13,파생상품계약_장내파생상품_주식관련거래,43410000,국내증권사,B,SF205,각주항목(09.06월 이후)
39516,202106,0017993,한국아이엠씨증권 주식회사,C14,파생상품계약_장내파생상품_일반상품관련거래,0,국내증권사,B,SF205,각주항목(09.06월 이후)
39517,202106,0017993,한국아이엠씨증권 주식회사,C15,파생상품계약_장내파생상품_기타,0,국내증권사,B,SF205,각주항목(09.06월 이후)
39518,202106,0017993,한국아이엠씨증권 주식회사,C2,파생상품계약_장외파생상품,0,국내증권사,B,SF205,각주항목(09.06월 이후)
39519,202106,0017993,한국아이엠씨증권 주식회사,C21,파생상품계약_장외파생상품_이자율관련거래,0,국내증권사,B,SF205,각주항목(09.06월 이후)
39520,202106,0017993,한국아이엠씨증권 주식회사,C22,파생상품계약_장외파생상품_통화관련거래,0,국내증권사,B,SF205,각주항목(09.06월 이후)
39521,202106,0017993,한국아이엠씨증권 주식회사,C23,파생상품계약_장외파생상품_주식관련거래,0,국내증권사,B,SF205,각주항목(09.06월 이후)
39522,202106,0017993,한국아이엠씨증권 주식회사,C24,파생상품계약_장외파생상품_신용관련거래,0,국내증권사,B,SF205,각주항목(09.06월 이후)
39523,202106,0017993,한국아이엠씨증권 주식회사,C25,파생상품계약_장외파생상품_기타,0,국내증권사,B,SF205,각주항목(09.06월 이후)
39524,202106,0017993,한국아이엠씨증권 주식회사,D,대차 및 대주거래,0,국내증권사,B,SF205,각주항목(09.06월 이후)
39525,202106,0017993,한국아이엠씨증권 주식회사,D1,대차 및 대주거래_대여증권,0,국내증권사,B,SF205,각주항목(09.06월 이후)
39526,202106,0017993,한국아이엠씨증권 주식회사,D2,대차 및 대주거래_차입증권,0,국내증권사,B,SF205,각주항목(09.06월 이후)
39527,202106,0017993,한국아이엠씨증권 주식회사,D3,대차 및 대주거래_신용거래대주,0,국내증권사,B,SF205,각주항목(09.06월 이후)
39528,202106,0017993,한국아이엠씨증권 주식회사,E,대손상각채권,0,국내증권사,B,SF205,각주항목(09.06월 이후)
39529,202106,0017993,한국아이엠씨증권 주식회사,F,환전업무 예치금,0,국내증권사,B,SF205,각주항목(09.06월 이후)
39530,202106,0017993,한국아이엠씨증권 주식회사,G,미배당별도예치금,0,국내증권사,B,SF205,각주항목(09.06월 이후)
39531,202106,0017993,한국아이엠씨증권 주식회사,H,배서어음매출(종금계정),0,국내증권사,B,SF205,각주항목(09.06월 이후)
39532,202106,0017993,한국아이엠씨증권 주식회사,H1,대출채권매매이익_담보부,0,국내증권사,B,SF205,각주항목(09.06월 이후)
39533,202106,0017993,한국아이엠씨증권 주식회사,H2,대출채권매매이익_무담보부,0,국내증권사,B,SF205,각주항목(09.06월 이후)
39534,202109,0017993,한국아이엠씨증권 주식회사,A,채무보증,0,국내증권사,B,SF205,각주항목(09.06월 이후)
39535,202109,0017993,한국아이엠씨증권 주식회사,A1,채무보증_지급보증,0,국내증권사,B,SF205,각주항목(09.06월 이후)
39536,202109,0017993,한국아이엠씨증권 주식회사,A2,채무보증_매입보장약정,0,국내증권사,B,SF205,각주항목(09.06월 이후)
39537,202109,0017993,한국아이엠씨증권 주식회사,A3,채무보증_채무인수약정,0,국내증권사,B,SF205,각주항목(09.06월 이후)
39538,202109,0017993,한국아이엠씨증권 주식회사,A5,채무보증_매입확약,0,국내증권사,B,SF205,각주항목(09.06월 이후)
39539,202109,0017993,한국아이엠씨증권 주식회사,A6,채무보증_기타,0,국내증권사,B,SF205,각주항목(09.06월 이후)
39540,202109,0017993,한국아이엠씨증권 주식회사,B,투자자의 예수증권 등,0,국내증권사,B,SF205,각주항목(09.06월 이후)
39541,202109,0017993,한국아이엠씨증권 주식회사,B1,투자자의 예수증권 등_예수 증권,0,국내증권사,B,SF205,각주항목(09.06월 이후)
39542,202109,0017993,한국아이엠씨증권 주식회사,B2,투자자의 예수증권 등_예수양도성예금증서,0,국내증권사,B,SF205,각주항목(09.06월 이후)
39543,202109,0017993,한국아이엠씨증권 주식회사,B3,투자자의 예수증권 등_기타,0,국내증권사,B,SF205,각주항목(09.06월 이후)
39544,202109,0017993,한국아이엠씨증권 주식회사,C,파생상품계약,0,국내증권사,B,SF205,각주항목(09.06월 이후)
39545,202109,0017993,한국아이엠씨증권 주식회사,C1,파생상품계약_장내파생상품,0,국내증권사,B,SF205,각주항목(09.06월 이후)
39546,202109,0017993,한국아이엠씨증권 주식회사,C11,파생상품계약_장내파생상품_이자율관련거래,0,국내증권사,B,SF205,각주항목(09.06월 이후)
39547,202109,0017993,한국아이엠씨증권 주식회사,C12,파생상품계약_장내파생상품_통화관련거래,0,국내증권사,B,SF205,각주항목(09.06월 이후)
39548,202109,0017993,한국아이엠씨증권 주식회사,C13,파생상품계약_장내파생상품_주식관련거래,0,국내증권사,B,SF205,각주항목(09.06월 이후)
39549,202109,0017993,한국아이엠씨증권 주식회사,C14,파생상품계약_장내파생상품_일반상품관련거래,0,국내증권사,B,SF205,각주항목(09.06월 이후)
39550,202109,0017993,한국아이엠씨증권 주식회사,C15,파생상품계약_장내파생상품_기타,0,국내증권사,B,SF205,각주항목(09.06월 이후)
39551,202109,0017993,한국아이엠씨증권 주식회사,C2,파생상품계약_장외파생상품,0,국내증권사,B,SF205,각주항목(09.06월 이후)
39552,202109,0017993,한국아이엠씨증권 주식회사,C21,파생상품계약_장외파생상품_이자율관련거래,0,국내증권사,B,SF205,각주항목(09.06월 이후)
39553,202109,0017993,한국아이엠씨증권 주식회사,C22,파생상품계약_장외파생상품_통화관련거래,0,국내증권사,B,SF205,각주항목(09.06월 이후)
39554,202109,0017993,한국아이엠씨증권 주식회사,C23,파생상품계약_장외파생상품_주식관련거래,0,국내증권사,B,SF205,각주항목(09.06월 이후)
39555,202109,0017993,한국아이엠씨증권 주식회사,C24,파생상품계약_장외파생상품_신용관련거래,0,국내증권사,B,SF205,각주항목(09.06월 이후)
39556,202109,0017993,한국아이엠씨증권 주식회사,C25,파생상품계약_장외파생상품_기타,0,국내증권사,B,SF205,각주항목(09.06월 이후)
39557,202109,0017993,한국아이엠씨증권 주식회사,D,대차 및 대주거래,0,국내증권사,B,SF205,각주항목(09.06월 이후)
39558,202109,0017993,한국아이엠씨증권 주식회사,D1,대차 및 대주거래_대여증권,0,국내증권사,B,SF205,각주항목(09.06월 이후)
39559,202109,0017993,한국아이엠씨증권 주식회사,D2,대차 및 대주거래_차입증권,0,국내증권사,B,SF205,각주항목(09.06월 이후)
39560,202109,0017993,한국아이엠씨증권 주식회사,D3,대차 및 대주거래_신용거래대주,0,국내증권사,B,SF205,각주항목(09.06월 이후)
39561,202109,0017993,한국아이엠씨증권 주식회사,E,대손상각채권,0,국내증권사,B,SF205,각주항목(09.06월 이후)
39562,202109,0017993,한국아이엠씨증권 주식회사,F,환전업무 예치금,0,국내증권사,B,SF205,각주항목(09.06월 이후)
39563,202109,0017993,한국아이엠씨증권 주식회사,G,미배당별도예치금,0,국내증권사,B,SF205,각주항목(09.06월 이후)
39564,202109,0017993,한국아이엠씨증권 주식회사,H,배서어음매출(종금계정),0,국내증권사,B,SF205,각주항목(09.06월 이후)
39565,202109,0017993,한국아이엠씨증권 주식회사,H1,대출채권매매이익_담보부,0,국내증권사,B,SF205,각주항목(09.06월 이후)
39566,202109,0017993,한국아이엠씨증권 주식회사,H2,대출채권매매이익_무담보부,0,국내증권사,B,SF205,각주항목(09.06월 이후)
39567,202112,0017993,한국아이엠씨증권 주식회사,A,채무보증,0,국내증권사,B,SF205,각주항목(09.06월 이후)
39568,202112,0017993,한국아이엠씨증권 주식회사,A1,채무보증_지급보증,0,국내증권사,B,SF205,각주항목(09.06월 이후)
39569,202112,0017993,한국아이엠씨증권 주식회사,A2,채무보증_매입보장약정,0,국내증권사,B,SF205,각주항목(09.06월 이후)
39570,202112,0017993,한국아이엠씨증권 주식회사,A3,채무보증_채무인수약정,0,국내증권사,B,SF205,각주항목(09.06월 이후)
39571,202112,0017993,한국아이엠씨증권 주식회사,A5,채무보증_매입확약,0,국내증권사,B,SF205,각주항목(09.06월 이후)
39572,202112,0017993,한국아이엠씨증권 주식회사,A6,채무보증_기타,0,국내증권사,B,SF205,각주항목(09.06월 이후)
39573,202112,0017993,한국아이엠씨증권 주식회사,B,투자자의 예수증권 등,0,국내증권사,B,SF205,각주항목(09.06월 이후)
39574,202112,0017993,한국아이엠씨증권 주식회사,B1,투자자의 예수증권 등_예수 증권,0,국내증권사,B,SF205,각주항목(09.06월 이후)
39575,202112,0017993,한국아이엠씨증권 주식회사,B2,투자자의 예수증권 등_예수양도성예금증서,0,국내증권사,B,SF205,각주항목(09.06월 이후)
39576,202112,0017993,한국아이엠씨증권 주식회사,B3,투자자의 예수증권 등_기타,0,국내증권사,B,SF205,각주항목(09.06월 이후)
39577,202112,0017993,한국아이엠씨증권 주식회사,C,파생상품계약,0,국내증권사,B,SF205,각주항목(09.06월 이후)
39578,202112,0017993,한국아이엠씨증권 주식회사,C1,파생상품계약_장내파생상품,0,국내증권사,B,SF205,각주항목(09.06월 이후)
39579,202112,0017993,한국아이엠씨증권 주식회사,C11,파생상품계약_장내파생상품_이자율관련거래,0,국내증권사,B,SF205,각주항목(09.06월 이후)
39580,202112,0017993,한국아이엠씨증권 주식회사,C12,파생상품계약_장내파생상품_통화관련거래,0,국내증권사,B,SF205,각주항목(09.06월 이후)
39581,202112,0017993,한국아이엠씨증권 주식회사,C13,파생상품계약_장내파생상품_주식관련거래,0,국내증권사,B,SF205,각주항목(09.06월 이후)
39582,202112,0017993,한국아이엠씨증권 주식회사,C14,파생상품계약_장내파생상품_일반상품관련거래,0,국내증권사,B,SF205,각주항목(09.06월 이후)
39583,202112,0017993,한국아이엠씨증권 주식회사,C15,파생상품계약_장내파생상품_기타,0,국내증권사,B,SF205,각주항목(09.06월 이후)
39584,202112,0017993,한국아이엠씨증권 주식회사,C2,파생상품계약_장외파생상품,0,국내증권사,B,SF205,각주항목(09.06월 이후)
39585,202112,0017993,한국아이엠씨증권 주식회사,C21,파생상품계약_장외파생상품_이자율관련거래,0,국내증권사,B,SF205,각주항목(09.06월 이후)
39586,202112,0017993,한국아이엠씨증권 주식회사,C22,파생상품계약_장외파생상품_통화관련거래,0,국내증권사,B,SF205,각주항목(09.06월 이후)
39587,202112,0017993,한국아이엠씨증권 주식회사,C23,파생상품계약_장외파생상품_주식관련거래,0,국내증권사,B,SF205,각주항목(09.06월 이후)
39588,202112,0017993,한국아이엠씨증권 주식회사,C24,파생상품계약_장외파생상품_신용관련거래,0,국내증권사,B,SF205,각주항목(09.06월 이후)
39589,202112,0017993,한국아이엠씨증권 주식회사,C25,파생상품계약_장외파생상품_기타,0,국내증권사,B,SF205,각주항목(09.06월 이후)
39590,202112,0017993,한국아이엠씨증권 주식회사,D,대차 및 대주거래,0,국내증권사,B,SF205,각주항목(09.06월 이후)
39591,202112,0017993,한국아이엠씨증권 주식회사,D1,대차 및 대주거래_대여증권,0,국내증권사,B,SF205,각주항목(09.06월 이후)
39592,202112,0017993,한국아이엠씨증권 주식회사,D2,대차 및 대주거래_차입증권,0,국내증권사,B,SF205,각주항목(09.06월 이후)
39593,202112,0017993,한국아이엠씨증권 주식회사,D3,대차 및 대주거래_신용거래대주,0,국내증권사,B,SF205,각주항목(09.06월 이후)
39594,202112,0017993,한국아이엠씨증권 주식회사,E,대손상각채권,0,국내증권사,B,SF205,각주항목(09.06월 이후)
39595,202112,0017993,한국아이엠씨증권 주식회사,F,환전업무 예치금,0,국내증권사,B,SF205,각주항목(09.06월 이후)
39596,202112,0017993,한국아이엠씨증권 주식회사,G,미배당별도예치금,0,국내증권사,B,SF205,각주항목(09.06월 이후)
39597,202112,0017993,한국아이엠씨증권 주식회사,H,배서어음매출(종금계정),0,국내증권사,B,SF205,각주항목(09.06월 이후)
39598,202112,0017993,한국아이엠씨증권 주식회사,H1,대출채권매매이익_담보부,0,국내증권사,B,SF205,각주항목(09.06월 이후)
39599,202112,0017993,한국아이엠씨증권 주식회사,H2,대출채권매매이익_무담보부,0,국내증권사,B,SF205,각주항목(09.06월 이후)
39600,202203,0017993,한국아이엠씨증권 주식회사,A,채무보증,0,국내증권사,B,SF205,각주항목(09.06월 이후)
39601,202203,0017993,한국아이엠씨증권 주식회사,A1,채무보증_지급보증,0,국내증권사,B,SF205,각주항목(09.06월 이후)
39602,202203,0017993,한국아이엠씨증권 주식회사,A2,채무보증_매입보장약정,0,국내증권사,B,SF205,각주항목(09.06월 이후)
39603,202203,0017993,한국아이엠씨증권 주식회사,A3,채무보증_채무인수약정,0,국내증권사,B,SF205,각주항목(09.06월 이후)
39604,202203,0017993,한국아이엠씨증권 주식회사,A5,채무보증_매입확약,0,국내증권사,B,SF205,각주항목(09.06월 이후)
39605,202203,0017993,한국아이엠씨증권 주식회사,A6,채무보증_기타,0,국내증권사,B,SF205,각주항목(09.06월 이후)
39606,202203,0017993,한국아이엠씨증권 주식회사,B,투자자의 예수증권 등,0,국내증권사,B,SF205,각주항목(09.06월 이후)
39607,202203,0017993,한국아이엠씨증권 주식회사,B1,투자자의 예수증권 등_예수 증권,0,국내증권사,B,SF205,각주항목(09.06월 이후)
39608,202203,0017993,한국아이엠씨증권 주식회사,B2,투자자의 예수증권 등_예수양도성예금증서,0,국내증권사,B,SF205,각주항목(09.06월 이후)
39609,202203,0017993,한국아이엠씨증권 주식회사,B3,투자자의 예수증권 등_기타,0,국내증권사,B,SF205,각주항목(09.06월 이후)
39610,202203,0017993,한국아이엠씨증권 주식회사,C,파생상품계약,0,국내증권사,B,SF205,각주항목(09.06월 이후)
39611,202203,0017993,한국아이엠씨증권 주식회사,C1,파생상품계약_장내파생상품,0,국내증권사,B,SF205,각주항목(09.06월 이후)
39612,202203,0017993,한국아이엠씨증권 주식회사,C11,파생상품계약_장내파생상품_이자율관련거래,0,국내증권사,B,SF205,각주항목(09.06월 이후)
39613,202203,0017993,한국아이엠씨증권 주식회사,C12,파생상품계약_장내파생상품_통화관련거래,0,국내증권사,B,SF205,각주항목(09.06월 이후)
39614,202203,0017993,한국아이엠씨증권 주식회사,C13,파생상품계약_장내파생상품_주식관련거래,0,국내증권사,B,SF205,각주항목(09.06월 이후)
39615,202203,0017993,한국아이엠씨증권 주식회사,C14,파생상품계약_장내파생상품_일반상품관련거래,0,국내증권사,B,SF205,각주항목(09.06월 이후)
39616,202203,0017993,한국아이엠씨증권 주식회사,C15,파생상품계약_장내파생상품_기타,0,국내증권사,B,SF205,각주항목(09.06월 이후)
39617,202203,0017993,한국아이엠씨증권 주식회사,C2,파생상품계약_장외파생상품,0,국내증권사,B,SF205,각주항목(09.06월 이후)
39618,202203,0017993,한국아이엠씨증권 주식회사,C21,파생상품계약_장외파생상품_이자율관련거래,0,국내증권사,B,SF205,각주항목(09.06월 이후)
39619,202203,0017993,한국아이엠씨증권 주식회사,C22,파생상품계약_장외파생상품_통화관련거래,0,국내증권사,B,SF205,각주항목(09.06월 이후)
39620,202203,0017993,한국아이엠씨증권 주식회사,C23,파생상품계약_장외파생상품_주식관련거래,0,국내증권사,B,SF205,각주항목(09.06월 이후)
39621,202203,0017993,한국아이엠씨증권 주식회사,C24,파생상품계약_장외파생상품_신용관련거래,0,국내증권사,B,SF205,각주항목(09.06월 이후)
39622,202203,0017993,한국아이엠씨증권 주식회사,C25,파생상품계약_장외파생상품_기타,0,국내증권사,B,SF205,각주항목(09.06월 이후)
39623,202203,0017993,한국아이엠씨증권 주식회사,D,대차 및 대주거래,0,국내증권사,B,SF205,각주항목(09.06월 이후)
39624,202203,0017993,한국아이엠씨증권 주식회사,D1,대차 및 대주거래_대여증권,0,국내증권사,B,SF205,각주항목(09.06월 이후)
39625,202203,0017993,한국아이엠씨증권 주식회사,D2,대차 및 대주거래_차입증권,0,국내증권사,B,SF205,각주항목(09.06월 이후)
39626,202203,0017993,한국아이엠씨증권 주식회사,D3,대차 및 대주거래_신용거래대주,0,국내증권사,B,SF205,각주항목(09.06월 이후)
39627,202203,0017993,한국아이엠씨증권 주식회사,E,대손상각채권,0,국내증권사,B,SF205,각주항목(09.06월 이후)
39628,202203,0017993,한국아이엠씨증권 주식회사,F,환전업무 예치금,0,국내증권사,B,SF205,각주항목(09.06월 이후)
39629,202203,0017993,한국아이엠씨증권 주식회사,G,미배당별도예치금,0,국내증권사,B,SF205,각주항목(09.06월 이후)
39630,202203,0017993,한국아이엠씨증권 주식회사,H,배서어음매출(종금계정),0,국내증권사,B,SF205,각주항목(09.06월 이후)
39631,202203,0017993,한국아이엠씨증권 주식회사,H1,대출채권매매이익_담보부,0,국내증권사,B,SF205,각주항목(09.06월 이후)
39632,202203,0017993,한국아이엠씨증권 주식회사,H2,대출채권매매이익_무담보부,0,국내증권사,B,SF205,각주항목(09.06월 이후)
39633,202206,0017993,한국아이엠씨증권 주식회사,A,채무보증,0,국내증권사,B,SF205,각주항목(09.06월 이후)
39634,202206,0017993,한국아이엠씨증권 주식회사,A1,채무보증_지급보증,0,국내증권사,B,SF205,각주항목(09.06월 이후)
39635,202206,0017993,한국아이엠씨증권 주식회사,A2,채무보증_매입보장약정,0,국내증권사,B,SF205,각주항목(09.06월 이후)
39636,202206,0017993,한국아이엠씨증권 주식회사,A3,채무보증_채무인수약정,0,국내증권사,B,SF205,각주항목(09.06월 이후)
39637,202206,0017993,한국아이엠씨증권 주식회사,A5,채무보증_매입확약,0,국내증권사,B,SF205,각주항목(09.06월 이후)
39638,202206,0017993,한국아이엠씨증권 주식회사,A6,채무보증_기타,0,국내증권사,B,SF205,각주항목(09.06월 이후)
39639,202206,0017993,한국아이엠씨증권 주식회사,B,투자자의 예수증권 등,0,국내증권사,B,SF205,각주항목(09.06월 이후)
39640,202206,0017993,한국아이엠씨증권 주식회사,B1,투자자의 예수증권 등_예수 증권,0,국내증권사,B,SF205,각주항목(09.06월 이후)
39641,202206,0017993,한국아이엠씨증권 주식회사,B2,투자자의 예수증권 등_예수양도성예금증서,0,국내증권사,B,SF205,각주항목(09.06월 이후)
39642,202206,0017993,한국아이엠씨증권 주식회사,B3,투자자의 예수증권 등_기타,0,국내증권사,B,SF205,각주항목(09.06월 이후)
39643,202206,0017993,한국아이엠씨증권 주식회사,C,파생상품계약,0,국내증권사,B,SF205,각주항목(09.06월 이후)
39644,202206,0017993,한국아이엠씨증권 주식회사,C1,파생상품계약_장내파생상품,0,국내증권사,B,SF205,각주항목(09.06월 이후)
39645,202206,0017993,한국아이엠씨증권 주식회사,C11,파생상품계약_장내파생상품_이자율관련거래,0,국내증권사,B,SF205,각주항목(09.06월 이후)
39646,202206,0017993,한국아이엠씨증권 주식회사,C12,파생상품계약_장내파생상품_통화관련거래,0,국내증권사,B,SF205,각주항목(09.06월 이후)
39647,202206,0017993,한국아이엠씨증권 주식회사,C13,파생상품계약_장내파생상품_주식관련거래,0,국내증권사,B,SF205,각주항목(09.06월 이후)
39648,202206,0017993,한국아이엠씨증권 주식회사,C14,파생상품계약_장내파생상품_일반상품관련거래,0,국내증권사,B,SF205,각주항목(09.06월 이후)
39649,202206,0017993,한국아이엠씨증권 주식회사,C15,파생상품계약_장내파생상품_기타,0,국내증권사,B,SF205,각주항목(09.06월 이후)
39650,202206,0017993,한국아이엠씨증권 주식회사,C2,파생상품계약_장외파생상품,0,국내증권사,B,SF205,각주항목(09.06월 이후)
39651,202206,0017993,한국아이엠씨증권 주식회사,C21,파생상품계약_장외파생상품_이자율관련거래,0,국내증권사,B,SF205,각주항목(09.06월 이후)
39652,202206,0017993,한국아이엠씨증권 주식회사,C22,파생상품계약_장외파생상품_통화관련거래,0,국내증권사,B,SF205,각주항목(09.06월 이후)
39653,202206,0017993,한국아이엠씨증권 주식회사,C23,파생상품계약_장외파생상품_주식관련거래,0,국내증권사,B,SF205,각주항목(09.06월 이후)
39654,202206,0017993,한국아이엠씨증권 주식회사,C24,파생상품계약_장외파생상품_신용관련거래,0,국내증권사,B,SF205,각주항목(09.06월 이후)
39655,202206,0017993,한국아이엠씨증권 주식회사,C25,파생상품계약_장외파생상품_기타,0,국내증권사,B,SF205,각주항목(09.06월 이후)
39656,202206,0017993,한국아이엠씨증권 주식회사,D,대차 및 대주거래,0,국내증권사,B,SF205,각주항목(09.06월 이후)
39657,202206,0017993,한국아이엠씨증권 주식회사,D1,대차 및 대주거래_대여증권,0,국내증권사,B,SF205,각주항목(09.06월 이후)
39658,202206,0017993,한국아이엠씨증권 주식회사,D2,대차 및 대주거래_차입증권,0,국내증권사,B,SF205,각주항목(09.06월 이후)
39659,202206,0017993,한국아이엠씨증권 주식회사,D3,대차 및 대주거래_신용거래대주,0,국내증권사,B,SF205,각주항목(09.06월 이후)
39660,202206,0017993,한국아이엠씨증권 주식회사,E,대손상각채권,0,국내증권사,B,SF205,각주항목(09.06월 이후)
39661,202206,0017993,한국아이엠씨증권 주식회사,F,환전업무 예치금,0,국내증권사,B,SF205,각주항목(09.06월 이후)
39662,202206,0017993,한국아이엠씨증권 주식회사,G,미배당별도예치금,0,국내증권사,B,SF205,각주항목(09.06월 이후)
39663,202206,0017993,한국아이엠씨증권 주식회사,H,배서어음매출(종금계정),0,국내증권사,B,SF205,각주항목(09.06월 이후)
39664,202206,0017993,한국아이엠씨증권 주식회사,H1,대출채권매매이익_담보부,0,국내증권사,B,SF205,각주항목(09.06월 이후)
39665,202206,0017993,한국아이엠씨증권 주식회사,H2,대출채권매매이익_무담보부,0,국내증권사,B,SF205,각주항목(09.06월 이후)
39666,202209,0017993,한국아이엠씨증권 주식회사,A,채무보증,0,국내증권사,B,SF205,각주항목(09.06월 이후)
39667,202209,0017993,한국아이엠씨증권 주식회사,A1,채무보증_지급보증,0,국내증권사,B,SF205,각주항목(09.06월 이후)
39668,202209,0017993,한국아이엠씨증권 주식회사,A2,채무보증_매입보장약정,0,국내증권사,B,SF205,각주항목(09.06월 이후)
39669,202209,0017993,한국아이엠씨증권 주식회사,A3,채무보증_채무인수약정,0,국내증권사,B,SF205,각주항목(09.06월 이후)
39670,202209,0017993,한국아이엠씨증권 주식회사,A5,채무보증_매입확약,0,국내증권사,B,SF205,각주항목(09.06월 이후)
39671,202209,0017993,한국아이엠씨증권 주식회사,A6,채무보증_기타,0,국내증권사,B,SF205,각주항목(09.06월 이후)
39672,202209,0017993,한국아이엠씨증권 주식회사,B,투자자의 예수증권 등,0,국내증권사,B,SF205,각주항목(09.06월 이후)
39673,202209,0017993,한국아이엠씨증권 주식회사,B1,투자자의 예수증권 등_예수 증권,0,국내증권사,B,SF205,각주항목(09.06월 이후)
39674,202209,0017993,한국아이엠씨증권 주식회사,B2,투자자의 예수증권 등_예수양도성예금증서,0,국내증권사,B,SF205,각주항목(09.06월 이후)
39675,202209,0017993,한국아이엠씨증권 주식회사,B3,투자자의 예수증권 등_기타,0,국내증권사,B,SF205,각주항목(09.06월 이후)
39676,202209,0017993,한국아이엠씨증권 주식회사,C,파생상품계약,9630000,국내증권사,B,SF205,각주항목(09.06월 이후)
39677,202209,0017993,한국아이엠씨증권 주식회사,C1,파생상품계약_장내파생상품,9630000,국내증권사,B,SF205,각주항목(09.06월 이후)
39678,202209,0017993,한국아이엠씨증권 주식회사,C11,파생상품계약_장내파생상품_이자율관련거래,0,국내증권사,B,SF205,각주항목(09.06월 이후)
39679,202209,0017993,한국아이엠씨증권 주식회사,C12,파생상품계약_장내파생상품_통화관련거래,0,국내증권사,B,SF205,각주항목(09.06월 이후)
39680,202209,0017993,한국아이엠씨증권 주식회사,C13,파생상품계약_장내파생상품_주식관련거래,9630000,국내증권사,B,SF205,각주항목(09.06월 이후)
39681,202209,0017993,한국아이엠씨증권 주식회사,C14,파생상품계약_장내파생상품_일반상품관련거래,0,국내증권사,B,SF205,각주항목(09.06월 이후)
39682,202209,0017993,한국아이엠씨증권 주식회사,C15,파생상품계약_장내파생상품_기타,0,국내증권사,B,SF205,각주항목(09.06월 이후)
39683,202209,0017993,한국아이엠씨증권 주식회사,C2,파생상품계약_장외파생상품,0,국내증권사,B,SF205,각주항목(09.06월 이후)
39684,202209,0017993,한국아이엠씨증권 주식회사,C21,파생상품계약_장외파생상품_이자율관련거래,0,국내증권사,B,SF205,각주항목(09.06월 이후)
39685,202209,0017993,한국아이엠씨증권 주식회사,C22,파생상품계약_장외파생상품_통화관련거래,0,국내증권사,B,SF205,각주항목(09.06월 이후)
39686,202209,0017993,한국아이엠씨증권 주식회사,C23,파생상품계약_장외파생상품_주식관련거래,0,국내증권사,B,SF205,각주항목(09.06월 이후)
39687,202209,0017993,한국아이엠씨증권 주식회사,C24,파생상품계약_장외파생상품_신용관련거래,0,국내증권사,B,SF205,각주항목(09.06월 이후)
39688,202209,0017993,한국아이엠씨증권 주식회사,C25,파생상품계약_장외파생상품_기타,0,국내증권사,B,SF205,각주항목(09.06월 이후)
39689,202209,0017993,한국아이엠씨증권 주식회사,D,대차 및 대주거래,0,국내증권사,B,SF205,각주항목(09.06월 이후)
39690,202209,0017993,한국아이엠씨증권 주식회사,D1,대차 및 대주거래_대여증권,0,국내증권사,B,SF205,각주항목(09.06월 이후)
39691,202209,0017993,한국아이엠씨증권 주식회사,D2,대차 및 대주거래_차입증권,0,국내증권사,B,SF205,각주항목(09.06월 이후)
39692,202209,0017993,한국아이엠씨증권 주식회사,D3,대차 및 대주거래_신용거래대주,0,국내증권사,B,SF205,각주항목(09.06월 이후)
39693,202209,0017993,한국아이엠씨증권 주식회사,E,대손상각채권,0,국내증권사,B,SF205,각주항목(09.06월 이후)
39694,202209,0017993,한국아이엠씨증권 주식회사,F,환전업무 예치금,0,국내증권사,B,SF205,각주항목(09.06월 이후)
39695,202209,0017993,한국아이엠씨증권 주식회사,G,미배당별도예치금,0,국내증권사,B,SF205,각주항목(09.06월 이후)
39696,202209,0017993,한국아이엠씨증권 주식회사,H,배서어음매출(종금계정),0,국내증권사,B,SF205,각주항목(09.06월 이후)
39697,202209,0017993,한국아이엠씨증권 주식회사,H1,대출채권매매이익_담보부,0,국내증권사,B,SF205,각주항목(09.06월 이후)
39698,202209,0017993,한국아이엠씨증권 주식회사,H2,대출채권매매이익_무담보부,0,국내증권사,B,SF205,각주항목(09.06월 이후)
39699,202212,0017993,한국아이엠씨증권 주식회사,A,채무보증,0,국내증권사,B,SF205,각주항목(09.06월 이후)
39700,202212,0017993,한국아이엠씨증권 주식회사,A1,채무보증_지급보증,0,국내증권사,B,SF205,각주항목(09.06월 이후)
39701,202212,0017993,한국아이엠씨증권 주식회사,A2,채무보증_매입보장약정,0,국내증권사,B,SF205,각주항목(09.06월 이후)
39702,202212,0017993,한국아이엠씨증권 주식회사,A3,채무보증_채무인수약정,0,국내증권사,B,SF205,각주항목(09.06월 이후)
39703,202212,0017993,한국아이엠씨증권 주식회사,A5,채무보증_매입확약,0,국내증권사,B,SF205,각주항목(09.06월 이후)
39704,202212,0017993,한국아이엠씨증권 주식회사,A6,채무보증_기타,0,국내증권사,B,SF205,각주항목(09.06월 이후)
39705,202212,0017993,한국아이엠씨증권 주식회사,B,투자자의 예수증권 등,0,국내증권사,B,SF205,각주항목(09.06월 이후)
39706,202212,0017993,한국아이엠씨증권 주식회사,B1,투자자의 예수증권 등_예수 증권,0,국내증권사,B,SF205,각주항목(09.06월 이후)
39707,202212,0017993,한국아이엠씨증권 주식회사,B2,투자자의 예수증권 등_예수양도성예금증서,0,국내증권사,B,SF205,각주항목(09.06월 이후)
39708,202212,0017993,한국아이엠씨증권 주식회사,B3,투자자의 예수증권 등_기타,0,국내증권사,B,SF205,각주항목(09.06월 이후)
39709,202212,0017993,한국아이엠씨증권 주식회사,C,파생상품계약,0,국내증권사,B,SF205,각주항목(09.06월 이후)
39710,202212,0017993,한국아이엠씨증권 주식회사,C1,파생상품계약_장내파생상품,0,국내증권사,B,SF205,각주항목(09.06월 이후)
39711,202212,0017993,한국아이엠씨증권 주식회사,C11,파생상품계약_장내파생상품_이자율관련거래,0,국내증권사,B,SF205,각주항목(09.06월 이후)
39712,202212,0017993,한국아이엠씨증권 주식회사,C12,파생상품계약_장내파생상품_통화관련거래,0,국내증권사,B,SF205,각주항목(09.06월 이후)
39713,202212,0017993,한국아이엠씨증권 주식회사,C13,파생상품계약_장내파생상품_주식관련거래,0,국내증권사,B,SF205,각주항목(09.06월 이후)
39714,202212,0017993,한국아이엠씨증권 주식회사,C14,파생상품계약_장내파생상품_일반상품관련거래,0,국내증권사,B,SF205,각주항목(09.06월 이후)
39715,202212,0017993,한국아이엠씨증권 주식회사,C15,파생상품계약_장내파생상품_기타,0,국내증권사,B,SF205,각주항목(09.06월 이후)
39716,202212,0017993,한국아이엠씨증권 주식회사,C2,파생상품계약_장외파생상품,0,국내증권사,B,SF205,각주항목(09.06월 이후)
39717,202212,0017993,한국아이엠씨증권 주식회사,C21,파생상품계약_장외파생상품_이자율관련거래,0,국내증권사,B,SF205,각주항목(09.06월 이후)
39718,202212,0017993,한국아이엠씨증권 주식회사,C22,파생상품계약_장외파생상품_통화관련거래,0,국내증권사,B,SF205,각주항목(09.06월 이후)
39719,202212,0017993,한국아이엠씨증권 주식회사,C23,파생상품계약_장외파생상품_주식관련거래,0,국내증권사,B,SF205,각주항목(09.06월 이후)
39720,202212,0017993,한국아이엠씨증권 주식회사,C24,파생상품계약_장외파생상품_신용관련거래,0,국내증권사,B,SF205,각주항목(09.06월 이후)
39721,202212,0017993,한국아이엠씨증권 주식회사,C25,파생상품계약_장외파생상품_기타,0,국내증권사,B,SF205,각주항목(09.06월 이후)
39722,202212,0017993,한국아이엠씨증권 주식회사,D,대차 및 대주거래,0,국내증권사,B,SF205,각주항목(09.06월 이후)
39723,202212,0017993,한국아이엠씨증권 주식회사,D1,대차 및 대주거래_대여증권,0,국내증권사,B,SF205,각주항목(09.06월 이후)
39724,202212,0017993,한국아이엠씨증권 주식회사,D2,대차 및 대주거래_차입증권,0,국내증권사,B,SF205,각주항목(09.06월 이후)
39725,202212,0017993,한국아이엠씨증권 주식회사,D3,대차 및 대주거래_신용거래대주,0,국내증권사,B,SF205,각주항목(09.06월 이후)
39726,202212,0017993,한국아이엠씨증권 주식회사,E,대손상각채권,0,국내증권사,B,SF205,각주항목(09.06월 이후)
39727,202212,0017993,한국아이엠씨증권 주식회사,F,환전업무 예치금,0,국내증권사,B,SF205,각주항목(09.06월 이후)
39728,202212,0017993,한국아이엠씨증권 주식회사,G,미배당별도예치금,0,국내증권사,B,SF205,각주항목(09.06월 이후)
39729,202212,0017993,한국아이엠씨증권 주식회사,H,배서어음매출(종금계정),0,국내증권사,B,SF205,각주항목(09.06월 이후)
39730,202212,0017993,한국아이엠씨증권 주식회사,H1,대출채권매매이익_담보부,0,국내증권사,B,SF205,각주항목(09.06월 이후)
39731,202212,0017993,한국아이엠씨증권 주식회사,H2,대출채권매매이익_무담보부,0,국내증권사,B,SF205,각주항목(09.06월 이후)
39732,202303,0017993,한국아이엠씨증권 주식회사,A,채무보증,0,국내증권사,B,SF205,각주항목(09.06월 이후)
39733,202303,0017993,한국아이엠씨증권 주식회사,A1,채무보증_지급보증,0,국내증권사,B,SF205,각주항목(09.06월 이후)
39734,202303,0017993,한국아이엠씨증권 주식회사,A2,채무보증_매입보장약정,0,국내증권사,B,SF205,각주항목(09.06월 이후)
39735,202303,0017993,한국아이엠씨증권 주식회사,A3,채무보증_채무인수약정,0,국내증권사,B,SF205,각주항목(09.06월 이후)
39736,202303,0017993,한국아이엠씨증권 주식회사,A5,채무보증_매입확약,0,국내증권사,B,SF205,각주항목(09.06월 이후)
39737,202303,0017993,한국아이엠씨증권 주식회사,A6,채무보증_기타,0,국내증권사,B,SF205,각주항목(09.06월 이후)
39738,202303,0017993,한국아이엠씨증권 주식회사,B,투자자의 예수증권 등,0,국내증권사,B,SF205,각주항목(09.06월 이후)
39739,202303,0017993,한국아이엠씨증권 주식회사,B1,투자자의 예수증권 등_예수 증권,0,국내증권사,B,SF205,각주항목(09.06월 이후)
39740,202303,0017993,한국아이엠씨증권 주식회사,B2,투자자의 예수증권 등_예수양도성예금증서,0,국내증권사,B,SF205,각주항목(09.06월 이후)
39741,202303,0017993,한국아이엠씨증권 주식회사,B3,투자자의 예수증권 등_기타,0,국내증권사,B,SF205,각주항목(09.06월 이후)
39742,202303,0017993,한국아이엠씨증권 주식회사,C,파생상품계약,112635000,국내증권사,B,SF205,각주항목(09.06월 이후)
39743,202303,0017993,한국아이엠씨증권 주식회사,C1,파생상품계약_장내파생상품,112635000,국내증권사,B,SF205,각주항목(09.06월 이후)
39744,202303,0017993,한국아이엠씨증권 주식회사,C11,파생상품계약_장내파생상품_이자율관련거래,0,국내증권사,B,SF205,각주항목(09.06월 이후)
39745,202303,0017993,한국아이엠씨증권 주식회사,C12,파생상품계약_장내파생상품_통화관련거래,0,국내증권사,B,SF205,각주항목(09.06월 이후)
39746,202303,0017993,한국아이엠씨증권 주식회사,C13,파생상품계약_장내파생상품_주식관련거래,112635000,국내증권사,B,SF205,각주항목(09.06월 이후)
39747,202303,0017993,한국아이엠씨증권 주식회사,C14,파생상품계약_장내파생상품_일반상품관련거래,0,국내증권사,B,SF205,각주항목(09.06월 이후)
39748,202303,0017993,한국아이엠씨증권 주식회사,C15,파생상품계약_장내파생상품_기타,0,국내증권사,B,SF205,각주항목(09.06월 이후)
39749,202303,0017993,한국아이엠씨증권 주식회사,C2,파생상품계약_장외파생상품,0,국내증권사,B,SF205,각주항목(09.06월 이후)
39750,202303,0017993,한국아이엠씨증권 주식회사,C21,파생상품계약_장외파생상품_이자율관련거래,0,국내증권사,B,SF205,각주항목(09.06월 이후)
39751,202303,0017993,한국아이엠씨증권 주식회사,C22,파생상품계약_장외파생상품_통화관련거래,0,국내증권사,B,SF205,각주항목(09.06월 이후)
39752,202303,0017993,한국아이엠씨증권 주식회사,C23,파생상품계약_장외파생상품_주식관련거래,0,국내증권사,B,SF205,각주항목(09.06월 이후)
39753,202303,0017993,한국아이엠씨증권 주식회사,C24,파생상품계약_장외파생상품_신용관련거래,0,국내증권사,B,SF205,각주항목(09.06월 이후)
39754,202303,0017993,한국아이엠씨증권 주식회사,C25,파생상품계약_장외파생상품_기타,0,국내증권사,B,SF205,각주항목(09.06월 이후)
39755,202303,0017993,한국아이엠씨증권 주식회사,D,대차 및 대주거래,0,국내증권사,B,SF205,각주항목(09.06월 이후)
39756,202303,0017993,한국아이엠씨증권 주식회사,D1,대차 및 대주거래_대여증권,0,국내증권사,B,SF205,각주항목(09.06월 이후)
39757,202303,0017993,한국아이엠씨증권 주식회사,D2,대차 및 대주거래_차입증권,0,국내증권사,B,SF205,각주항목(09.06월 이후)
39758,202303,0017993,한국아이엠씨증권 주식회사,D3,대차 및 대주거래_신용거래대주,0,국내증권사,B,SF205,각주항목(09.06월 이후)
39759,202303,0017993,한국아이엠씨증권 주식회사,E,대손상각채권,0,국내증권사,B,SF205,각주항목(09.06월 이후)
39760,202303,0017993,한국아이엠씨증권 주식회사,F,환전업무 예치금,0,국내증권사,B,SF205,각주항목(09.06월 이후)
39761,202303,0017993,한국아이엠씨증권 주식회사,G,미배당별도예치금,0,국내증권사,B,SF205,각주항목(09.06월 이후)
39762,202303,0017993,한국아이엠씨증권 주식회사,H,배서어음매출(종금계정),0,국내증권사,B,SF205,각주항목(09.06월 이후)
39763,202303,0017993,한국아이엠씨증권 주식회사,H1,대출채권매매이익_담보부,0,국내증권사,B,SF205,각주항목(09.06월 이후)
39764,202303,0017993,한국아이엠씨증권 주식회사,H2,대출채권매매이익_무담보부,0,국내증권사,B,SF205,각주항목(09.06월 이후)
39765,202306,0017993,한국아이엠씨증권 주식회사,A,채무보증,0,국내증권사,B,SF205,각주항목(09.06월 이후)
39766,202306,0017993,한국아이엠씨증권 주식회사,A1,채무보증_지급보증,0,국내증권사,B,SF205,각주항목(09.06월 이후)
39767,202306,0017993,한국아이엠씨증권 주식회사,A2,채무보증_매입보장약정,0,국내증권사,B,SF205,각주항목(09.06월 이후)
39768,202306,0017993,한국아이엠씨증권 주식회사,A3,채무보증_채무인수약정,0,국내증권사,B,SF205,각주항목(09.06월 이후)
39769,202306,0017993,한국아이엠씨증권 주식회사,A5,채무보증_매입확약,0,국내증권사,B,SF205,각주항목(09.06월 이후)
39770,202306,0017993,한국아이엠씨증권 주식회사,A6,채무보증_기타,0,국내증권사,B,SF205,각주항목(09.06월 이후)
39771,202306,0017993,한국아이엠씨증권 주식회사,B,투자자의 예수증권 등,0,국내증권사,B,SF205,각주항목(09.06월 이후)
39772,202306,0017993,한국아이엠씨증권 주식회사,B1,투자자의 예수증권 등_예수 증권,0,국내증권사,B,SF205,각주항목(09.06월 이후)
39773,202306,0017993,한국아이엠씨증권 주식회사,B2,투자자의 예수증권 등_예수양도성예금증서,0,국내증권사,B,SF205,각주항목(09.06월 이후)
39774,202306,0017993,한국아이엠씨증권 주식회사,B3,투자자의 예수증권 등_기타,0,국내증권사,B,SF205,각주항목(09.06월 이후)
39775,202306,0017993,한국아이엠씨증권 주식회사,C,파생상품계약,369348000,국내증권사,B,SF205,각주항목(09.06월 이후)
39776,202306,0017993,한국아이엠씨증권 주식회사,C1,파생상품계약_장내파생상품,369348000,국내증권사,B,SF205,각주항목(09.06월 이후)
39777,202306,0017993,한국아이엠씨증권 주식회사,C11,파생상품계약_장내파생상품_이자율관련거래,0,국내증권사,B,SF205,각주항목(09.06월 이후)
39778,202306,0017993,한국아이엠씨증권 주식회사,C12,파생상품계약_장내파생상품_통화관련거래,0,국내증권사,B,SF205,각주항목(09.06월 이후)
39779,202306,0017993,한국아이엠씨증권 주식회사,C13,파생상품계약_장내파생상품_주식관련거래,369348000,국내증권사,B,SF205,각주항목(09.06월 이후)
39780,202306,0017993,한국아이엠씨증권 주식회사,C14,파생상품계약_장내파생상품_일반상품관련거래,0,국내증권사,B,SF205,각주항목(09.06월 이후)
39781,202306,0017993,한국아이엠씨증권 주식회사,C15,파생상품계약_장내파생상품_기타,0,국내증권사,B,SF205,각주항목(09.06월 이후)
39782,202306,0017993,한국아이엠씨증권 주식회사,C2,파생상품계약_장외파생상품,0,국내증권사,B,SF205,각주항목(09.06월 이후)
39783,202306,0017993,한국아이엠씨증권 주식회사,C21,파생상품계약_장외파생상품_이자율관련거래,0,국내증권사,B,SF205,각주항목(09.06월 이후)
39784,202306,0017993,한국아이엠씨증권 주식회사,C22,파생상품계약_장외파생상품_통화관련거래,0,국내증권사,B,SF205,각주항목(09.06월 이후)
39785,202306,0017993,한국아이엠씨증권 주식회사,C23,파생상품계약_장외파생상품_주식관련거래,0,국내증권사,B,SF205,각주항목(09.06월 이후)
39786,202306,0017993,한국아이엠씨증권 주식회사,C24,파생상품계약_장외파생상품_신용관련거래,0,국내증권사,B,SF205,각주항목(09.06월 이후)
39787,202306,0017993,한국아이엠씨증권 주식회사,C25,파생상품계약_장외파생상품_기타,0,국내증권사,B,SF205,각주항목(09.06월 이후)
39788,202306,0017993,한국아이엠씨증권 주식회사,D,대차 및 대주거래,0,국내증권사,B,SF205,각주항목(09.06월 이후)
39789,202306,0017993,한국아이엠씨증권 주식회사,D1,대차 및 대주거래_대여증권,0,국내증권사,B,SF205,각주항목(09.06월 이후)
39790,202306,0017993,한국아이엠씨증권 주식회사,D2,대차 및 대주거래_차입증권,0,국내증권사,B,SF205,각주항목(09.06월 이후)
39791,202306,0017993,한국아이엠씨증권 주식회사,D3,대차 및 대주거래_신용거래대주,0,국내증권사,B,SF205,각주항목(09.06월 이후)
39792,202306,0017993,한국아이엠씨증권 주식회사,E,대손상각채권,0,국내증권사,B,SF205,각주항목(09.06월 이후)
39793,202306,0017993,한국아이엠씨증권 주식회사,F,환전업무 예치금,0,국내증권사,B,SF205,각주항목(09.06월 이후)
39794,202306,0017993,한국아이엠씨증권 주식회사,G,미배당별도예치금,0,국내증권사,B,SF205,각주항목(09.06월 이후)
39795,202306,0017993,한국아이엠씨증권 주식회사,H,배서어음매출(종금계정),0,국내증권사,B,SF205,각주항목(09.06월 이후)
39796,202306,0017993,한국아이엠씨증권 주식회사,H1,대출채권매매이익_담보부,0,국내증권사,B,SF205,각주항목(09.06월 이후)
39797,202306,0017993,한국아이엠씨증권 주식회사,H2,대출채권매매이익_무담보부,0,국내증권사,B,SF205,각주항목(09.06월 이후)
39798,202309,0017993,한국아이엠씨증권 주식회사,A,채무보증,0,국내증권사,B,SF205,각주항목(09.06월 이후)
39799,202309,0017993,한국아이엠씨증권 주식회사,A1,채무보증_지급보증,0,국내증권사,B,SF205,각주항목(09.06월 이후)
39800,202309,0017993,한국아이엠씨증권 주식회사,A2,채무보증_매입보장약정,0,국내증권사,B,SF205,각주항목(09.06월 이후)
39801,202309,0017993,한국아이엠씨증권 주식회사,A3,채무보증_채무인수약정,0,국내증권사,B,SF205,각주항목(09.06월 이후)
39802,202309,0017993,한국아이엠씨증권 주식회사,A5,채무보증_매입확약,0,국내증권사,B,SF205,각주항목(09.06월 이후)
39803,202309,0017993,한국아이엠씨증권 주식회사,A6,채무보증_기타,0,국내증권사,B,SF205,각주항목(09.06월 이후)
39804,202309,0017993,한국아이엠씨증권 주식회사,B,투자자의 예수증권 등,0,국내증권사,B,SF205,각주항목(09.06월 이후)
39805,202309,0017993,한국아이엠씨증권 주식회사,B1,투자자의 예수증권 등_예수 증권,0,국내증권사,B,SF205,각주항목(09.06월 이후)
39806,202309,0017993,한국아이엠씨증권 주식회사,B2,투자자의 예수증권 등_예수양도성예금증서,0,국내증권사,B,SF205,각주항목(09.06월 이후)
39807,202309,0017993,한국아이엠씨증권 주식회사,B3,투자자의 예수증권 등_기타,0,국내증권사,B,SF205,각주항목(09.06월 이후)
39808,202309,0017993,한국아이엠씨증권 주식회사,C,파생상품계약,79800000,국내증권사,B,SF205,각주항목(09.06월 이후)
39809,202309,0017993,한국아이엠씨증권 주식회사,C1,파생상품계약_장내파생상품,79800000,국내증권사,B,SF205,각주항목(09.06월 이후)
39810,202309,0017993,한국아이엠씨증권 주식회사,C11,파생상품계약_장내파생상품_이자율관련거래,0,국내증권사,B,SF205,각주항목(09.06월 이후)
39811,202309,0017993,한국아이엠씨증권 주식회사,C12,파생상품계약_장내파생상품_통화관련거래,0,국내증권사,B,SF205,각주항목(09.06월 이후)
39812,202309,0017993,한국아이엠씨증권 주식회사,C13,파생상품계약_장내파생상품_주식관련거래,79800000,국내증권사,B,SF205,각주항목(09.06월 이후)
39813,202309,0017993,한국아이엠씨증권 주식회사,C14,파생상품계약_장내파생상품_일반상품관련거래,0,국내증권사,B,SF205,각주항목(09.06월 이후)
39814,202309,0017993,한국아이엠씨증권 주식회사,C15,파생상품계약_장내파생상품_기타,0,국내증권사,B,SF205,각주항목(09.06월 이후)
39815,202309,0017993,한국아이엠씨증권 주식회사,C2,파생상품계약_장외파생상품,0,국내증권사,B,SF205,각주항목(09.06월 이후)
39816,202309,0017993,한국아이엠씨증권 주식회사,C21,파생상품계약_장외파생상품_이자율관련거래,0,국내증권사,B,SF205,각주항목(09.06월 이후)
39817,202309,0017993,한국아이엠씨증권 주식회사,C22,파생상품계약_장외파생상품_통화관련거래,0,국내증권사,B,SF205,각주항목(09.06월 이후)
39818,202309,0017993,한국아이엠씨증권 주식회사,C23,파생상품계약_장외파생상품_주식관련거래,0,국내증권사,B,SF205,각주항목(09.06월 이후)
39819,202309,0017993,한국아이엠씨증권 주식회사,C24,파생상품계약_장외파생상품_신용관련거래,0,국내증권사,B,SF205,각주항목(09.06월 이후)
39820,202309,0017993,한국아이엠씨증권 주식회사,C25,파생상품계약_장외파생상품_기타,0,국내증권사,B,SF205,각주항목(09.06월 이후)
39821,202309,0017993,한국아이엠씨증권 주식회사,D,대차 및 대주거래,0,국내증권사,B,SF205,각주항목(09.06월 이후)
39822,202309,0017993,한국아이엠씨증권 주식회사,D1,대차 및 대주거래_대여증권,0,국내증권사,B,SF205,각주항목(09.06월 이후)
39823,202309,0017993,한국아이엠씨증권 주식회사,D2,대차 및 대주거래_차입증권,0,국내증권사,B,SF205,각주항목(09.06월 이후)
39824,202309,0017993,한국아이엠씨증권 주식회사,D3,대차 및 대주거래_신용거래대주,0,국내증권사,B,SF205,각주항목(09.06월 이후)
39825,202309,0017993,한국아이엠씨증권 주식회사,E,대손상각채권,0,국내증권사,B,SF205,각주항목(09.06월 이후)
39826,202309,0017993,한국아이엠씨증권 주식회사,F,환전업무 예치금,0,국내증권사,B,SF205,각주항목(09.06월 이후)
39827,202309,0017993,한국아이엠씨증권 주식회사,G,미배당별도예치금,0,국내증권사,B,SF205,각주항목(09.06월 이후)
39828,202309,0017993,한국아이엠씨증권 주식회사,H,배서어음매출(종금계정),0,국내증권사,B,SF205,각주항목(09.06월 이후)
39829,202309,0017993,한국아이엠씨증권 주식회사,H1,대출채권매매이익_담보부,0,국내증권사,B,SF205,각주항목(09.06월 이후)
39830,202309,0017993,한국아이엠씨증권 주식회사,H2,대출채권매매이익_무담보부,0,국내증권사,B,SF205,각주항목(09.06월 이후)
39831,202312,0017993,한국아이엠씨증권 주식회사,A,채무보증,0,국내증권사,B,SF205,각주항목(09.06월 이후)
39832,202312,0017993,한국아이엠씨증권 주식회사,A1,채무보증_지급보증,0,국내증권사,B,SF205,각주항목(09.06월 이후)
39833,202312,0017993,한국아이엠씨증권 주식회사,A2,채무보증_매입보장약정,0,국내증권사,B,SF205,각주항목(09.06월 이후)
39834,202312,0017993,한국아이엠씨증권 주식회사,A3,채무보증_채무인수약정,0,국내증권사,B,SF205,각주항목(09.06월 이후)
39835,202312,0017993,한국아이엠씨증권 주식회사,A5,채무보증_매입확약,0,국내증권사,B,SF205,각주항목(09.06월 이후)
39836,202312,0017993,한국아이엠씨증권 주식회사,A6,채무보증_기타,0,국내증권사,B,SF205,각주항목(09.06월 이후)
39837,202312,0017993,한국아이엠씨증권 주식회사,B,투자자의 예수증권 등,0,국내증권사,B,SF205,각주항목(09.06월 이후)
39838,202312,0017993,한국아이엠씨증권 주식회사,B1,투자자의 예수증권 등_예수 증권,0,국내증권사,B,SF205,각주항목(09.06월 이후)
39839,202312,0017993,한국아이엠씨증권 주식회사,B2,투자자의 예수증권 등_예수양도성예금증서,0,국내증권사,B,SF205,각주항목(09.06월 이후)
39840,202312,0017993,한국아이엠씨증권 주식회사,B3,투자자의 예수증권 등_기타,0,국내증권사,B,SF205,각주항목(09.06월 이후)
39841,202312,0017993,한국아이엠씨증권 주식회사,C,파생상품계약,0,국내증권사,B,SF205,각주항목(09.06월 이후)
39842,202312,0017993,한국아이엠씨증권 주식회사,C1,파생상품계약_장내파생상품,0,국내증권사,B,SF205,각주항목(09.06월 이후)
39843,202312,0017993,한국아이엠씨증권 주식회사,C11,파생상품계약_장내파생상품_이자율관련거래,0,국내증권사,B,SF205,각주항목(09.06월 이후)
39844,202312,0017993,한국아이엠씨증권 주식회사,C12,파생상품계약_장내파생상품_통화관련거래,0,국내증권사,B,SF205,각주항목(09.06월 이후)
39845,202312,0017993,한국아이엠씨증권 주식회사,C13,파생상품계약_장내파생상품_주식관련거래,0,국내증권사,B,SF205,각주항목(09.06월 이후)
39846,202312,0017993,한국아이엠씨증권 주식회사,C14,파생상품계약_장내파생상품_일반상품관련거래,0,국내증권사,B,SF205,각주항목(09.06월 이후)
39847,202312,0017993,한국아이엠씨증권 주식회사,C15,파생상품계약_장내파생상품_기타,0,국내증권사,B,SF205,각주항목(09.06월 이후)
39848,202312,0017993,한국아이엠씨증권 주식회사,C2,파생상품계약_장외파생상품,0,국내증권사,B,SF205,각주항목(09.06월 이후)
39849,202312,0017993,한국아이엠씨증권 주식회사,C21,파생상품계약_장외파생상품_이자율관련거래,0,국내증권사,B,SF205,각주항목(09.06월 이후)
39850,202312,0017993,한국아이엠씨증권 주식회사,C22,파생상품계약_장외파생상품_통화관련거래,0,국내증권사,B,SF205,각주항목(09.06월 이후)
39851,202312,0017993,한국아이엠씨증권 주식회사,C23,파생상품계약_장외파생상품_주식관련거래,0,국내증권사,B,SF205,각주항목(09.06월 이후)
39852,202312,0017993,한국아이엠씨증권 주식회사,C24,파생상품계약_장외파생상품_신용관련거래,0,국내증권사,B,SF205,각주항목(09.06월 이후)
39853,202312,0017993,한국아이엠씨증권 주식회사,C25,파생상품계약_장외파생상품_기타,0,국내증권사,B,SF205,각주항목(09.06월 이후)
39854,202312,0017993,한국아이엠씨증권 주식회사,D,대차 및 대주거래,0,국내증권사,B,SF205,각주항목(09.06월 이후)
39855,202312,0017993,한국아이엠씨증권 주식회사,D1,대차 및 대주거래_대여증권,0,국내증권사,B,SF205,각주항목(09.06월 이후)
39856,202312,0017993,한국아이엠씨증권 주식회사,D2,대차 및 대주거래_차입증권,0,국내증권사,B,SF205,각주항목(09.06월 이후)
39857,202312,0017993,한국아이엠씨증권 주식회사,D3,대차 및 대주거래_신용거래대주,0,국내증권사,B,SF205,각주항목(09.06월 이후)
39858,202312,0017993,한국아이엠씨증권 주식회사,E,대손상각채권,0,국내증권사,B,SF205,각주항목(09.06월 이후)
39859,202312,0017993,한국아이엠씨증권 주식회사,F,환전업무 예치금,0,국내증권사,B,SF205,각주항목(09.06월 이후)
39860,202312,0017993,한국아이엠씨증권 주식회사,G,미배당별도예치금,0,국내증권사,B,SF205,각주항목(09.06월 이후)
39861,202312,0017993,한국아이엠씨증권 주식회사,H,배서어음매출(종금계정),0,국내증권사,B,SF205,각주항목(09.06월 이후)
39862,202312,0017993,한국아이엠씨증권 주식회사,H1,대출채권매매이익_담보부,0,국내증권사,B,SF205,각주항목(09.06월 이후)
39863,202312,0017993,한국아이엠씨증권 주식회사,H2,대출채권매매이익_무담보부,0,국내증권사,B,SF205,각주항목(09.06월 이후)
39864,202403,0017993,한국아이엠씨증권 주식회사,A,채무보증,0,국내증권사,B,SF205,각주항목(09.06월 이후)
39865,202403,0017993,한국아이엠씨증권 주식회사,A1,채무보증_지급보증,0,국내증권사,B,SF205,각주항목(09.06월 이후)
39866,202403,0017993,한국아이엠씨증권 주식회사,A2,채무보증_매입보장약정,0,국내증권사,B,SF205,각주항목(09.06월 이후)
39867,202403,0017993,한국아이엠씨증권 주식회사,A3,채무보증_채무인수약정,0,국내증권사,B,SF205,각주항목(09.06월 이후)
39868,202403,0017993,한국아이엠씨증권 주식회사,A5,채무보증_매입확약,0,국내증권사,B,SF205,각주항목(09.06월 이후)
39869,202403,0017993,한국아이엠씨증권 주식회사,A6,채무보증_기타,0,국내증권사,B,SF205,각주항목(09.06월 이후)
39870,202403,0017993,한국아이엠씨증권 주식회사,B,투자자의 예수증권 등,0,국내증권사,B,SF205,각주항목(09.06월 이후)
39871,202403,0017993,한국아이엠씨증권 주식회사,B1,투자자의 예수증권 등_예수 증권,0,국내증권사,B,SF205,각주항목(09.06월 이후)
39872,202403,0017993,한국아이엠씨증권 주식회사,B2,투자자의 예수증권 등_예수양도성예금증서,0,국내증권사,B,SF205,각주항목(09.06월 이후)
39873,202403,0017993,한국아이엠씨증권 주식회사,B3,투자자의 예수증권 등_기타,0,국내증권사,B,SF205,각주항목(09.06월 이후)
39874,202403,0017993,한국아이엠씨증권 주식회사,C,파생상품계약,523183000,국내증권사,B,SF205,각주항목(09.06월 이후)
39875,202403,0017993,한국아이엠씨증권 주식회사,C1,파생상품계약_장내파생상품,523183000,국내증권사,B,SF205,각주항목(09.06월 이후)
39876,202403,0017993,한국아이엠씨증권 주식회사,C11,파생상품계약_장내파생상품_이자율관련거래,0,국내증권사,B,SF205,각주항목(09.06월 이후)
39877,202403,0017993,한국아이엠씨증권 주식회사,C12,파생상품계약_장내파생상품_통화관련거래,0,국내증권사,B,SF205,각주항목(09.06월 이후)
39878,202403,0017993,한국아이엠씨증권 주식회사,C13,파생상품계약_장내파생상품_주식관련거래,523183000,국내증권사,B,SF205,각주항목(09.06월 이후)
39879,202403,0017993,한국아이엠씨증권 주식회사,C14,파생상품계약_장내파생상품_일반상품관련거래,0,국내증권사,B,SF205,각주항목(09.06월 이후)
39880,202403,0017993,한국아이엠씨증권 주식회사,C15,파생상품계약_장내파생상품_기타,0,국내증권사,B,SF205,각주항목(09.06월 이후)
39881,202403,0017993,한국아이엠씨증권 주식회사,C2,파생상품계약_장외파생상품,0,국내증권사,B,SF205,각주항목(09.06월 이후)
39882,202403,0017993,한국아이엠씨증권 주식회사,C21,파생상품계약_장외파생상품_이자율관련거래,0,국내증권사,B,SF205,각주항목(09.06월 이후)
39883,202403,0017993,한국아이엠씨증권 주식회사,C22,파생상품계약_장외파생상품_통화관련거래,0,국내증권사,B,SF205,각주항목(09.06월 이후)
39884,202403,0017993,한국아이엠씨증권 주식회사,C23,파생상품계약_장외파생상품_주식관련거래,0,국내증권사,B,SF205,각주항목(09.06월 이후)
39885,202403,0017993,한국아이엠씨증권 주식회사,C24,파생상품계약_장외파생상품_신용관련거래,0,국내증권사,B,SF205,각주항목(09.06월 이후)
39886,202403,0017993,한국아이엠씨증권 주식회사,C25,파생상품계약_장외파생상품_기타,0,국내증권사,B,SF205,각주항목(09.06월 이후)
39887,202403,0017993,한국아이엠씨증권 주식회사,D,대차 및 대주거래,0,국내증권사,B,SF205,각주항목(09.06월 이후)
39888,202403,0017993,한국아이엠씨증권 주식회사,D1,대차 및 대주거래_대여증권,0,국내증권사,B,SF205,각주항목(09.06월 이후)
39889,202403,0017993,한국아이엠씨증권 주식회사,D2,대차 및 대주거래_차입증권,0,국내증권사,B,SF205,각주항목(09.06월 이후)
39890,202403,0017993,한국아이엠씨증권 주식회사,D3,대차 및 대주거래_신용거래대주,0,국내증권사,B,SF205,각주항목(09.06월 이후)
39891,202403,0017993,한국아이엠씨증권 주식회사,E,대손상각채권,0,국내증권사,B,SF205,각주항목(09.06월 이후)
39892,202403,0017993,한국아이엠씨증권 주식회사,F,환전업무 예치금,0,국내증권사,B,SF205,각주항목(09.06월 이후)
39893,202403,0017993,한국아이엠씨증권 주식회사,G,미배당별도예치금,0,국내증권사,B,SF205,각주항목(09.06월 이후)
39894,202403,0017993,한국아이엠씨증권 주식회사,H,배서어음매출(종금계정),0,국내증권사,B,SF205,각주항목(09.06월 이후)
39895,202403,0017993,한국아이엠씨증권 주식회사,H1,대출채권매매이익_담보부,0,국내증권사,B,SF205,각주항목(09.06월 이후)
39896,202403,0017993,한국아이엠씨증권 주식회사,H2,대출채권매매이익_무담보부,0,국내증권사,B,SF205,각주항목(09.06월 이후)
39897,202406,0017993,한국아이엠씨증권 주식회사,A,채무보증,0,국내증권사,B,SF205,각주항목(09.06월 이후)
39898,202406,0017993,한국아이엠씨증권 주식회사,A1,채무보증_지급보증,0,국내증권사,B,SF205,각주항목(09.06월 이후)
39899,202406,0017993,한국아이엠씨증권 주식회사,A2,채무보증_매입보장약정,0,국내증권사,B,SF205,각주항목(09.06월 이후)
39900,202406,0017993,한국아이엠씨증권 주식회사,A3,채무보증_채무인수약정,0,국내증권사,B,SF205,각주항목(09.06월 이후)
39901,202406,0017993,한국아이엠씨증권 주식회사,A5,채무보증_매입확약,0,국내증권사,B,SF205,각주항목(09.06월 이후)
39902,202406,0017993,한국아이엠씨증권 주식회사,A6,채무보증_기타,0,국내증권사,B,SF205,각주항목(09.06월 이후)
39903,202406,0017993,한국아이엠씨증권 주식회사,B,투자자의 예수증권 등,0,국내증권사,B,SF205,각주항목(09.06월 이후)
39904,202406,0017993,한국아이엠씨증권 주식회사,B1,투자자의 예수증권 등_예수 증권,0,국내증권사,B,SF205,각주항목(09.06월 이후)
39905,202406,0017993,한국아이엠씨증권 주식회사,B2,투자자의 예수증권 등_예수양도성예금증서,0,국내증권사,B,SF205,각주항목(09.06월 이후)
39906,202406,0017993,한국아이엠씨증권 주식회사,B3,투자자의 예수증권 등_기타,0,국내증권사,B,SF205,각주항목(09.06월 이후)
39907,202406,0017993,한국아이엠씨증권 주식회사,C,파생상품계약,1098681000,국내증권사,B,SF205,각주항목(09.06월 이후)
39908,202406,0017993,한국아이엠씨증권 주식회사,C1,파생상품계약_장내파생상품,1098681000,국내증권사,B,SF205,각주항목(09.06월 이후)
39909,202406,0017993,한국아이엠씨증권 주식회사,C11,파생상품계약_장내파생상품_이자율관련거래,0,국내증권사,B,SF205,각주항목(09.06월 이후)
39910,202406,0017993,한국아이엠씨증권 주식회사,C12,파생상품계약_장내파생상품_통화관련거래,0,국내증권사,B,SF205,각주항목(09.06월 이후)
39911,202406,0017993,한국아이엠씨증권 주식회사,C13,파생상품계약_장내파생상품_주식관련거래,1098681000,국내증권사,B,SF205,각주항목(09.06월 이후)
39912,202406,0017993,한국아이엠씨증권 주식회사,C14,파생상품계약_장내파생상품_일반상품관련거래,0,국내증권사,B,SF205,각주항목(09.06월 이후)
39913,202406,0017993,한국아이엠씨증권 주식회사,C15,파생상품계약_장내파생상품_기타,0,국내증권사,B,SF205,각주항목(09.06월 이후)
39914,202406,0017993,한국아이엠씨증권 주식회사,C2,파생상품계약_장외파생상품,0,국내증권사,B,SF205,각주항목(09.06월 이후)
39915,202406,0017993,한국아이엠씨증권 주식회사,C21,파생상품계약_장외파생상품_이자율관련거래,0,국내증권사,B,SF205,각주항목(09.06월 이후)
39916,202406,0017993,한국아이엠씨증권 주식회사,C22,파생상품계약_장외파생상품_통화관련거래,0,국내증권사,B,SF205,각주항목(09.06월 이후)
39917,202406,0017993,한국아이엠씨증권 주식회사,C23,파생상품계약_장외파생상품_주식관련거래,0,국내증권사,B,SF205,각주항목(09.06월 이후)
39918,202406,0017993,한국아이엠씨증권 주식회사,C24,파생상품계약_장외파생상품_신용관련거래,0,국내증권사,B,SF205,각주항목(09.06월 이후)
39919,202406,0017993,한국아이엠씨증권 주식회사,C25,파생상품계약_장외파생상품_기타,0,국내증권사,B,SF205,각주항목(09.06월 이후)
39920,202406,0017993,한국아이엠씨증권 주식회사,D,대차 및 대주거래,0,국내증권사,B,SF205,각주항목(09.06월 이후)
39921,202406,0017993,한국아이엠씨증권 주식회사,D1,대차 및 대주거래_대여증권,0,국내증권사,B,SF205,각주항목(09.06월 이후)
39922,202406,0017993,한국아이엠씨증권 주식회사,D2,대차 및 대주거래_차입증권,0,국내증권사,B,SF205,각주항목(09.06월 이후)
39923,202406,0017993,한국아이엠씨증권 주식회사,D3,대차 및 대주거래_신용거래대주,0,국내증권사,B,SF205,각주항목(09.06월 이후)
39924,202406,0017993,한국아이엠씨증권 주식회사,E,대손상각채권,0,국내증권사,B,SF205,각주항목(09.06월 이후)
39925,202406,0017993,한국아이엠씨증권 주식회사,F,환전업무 예치금,0,국내증권사,B,SF205,각주항목(09.06월 이후)
39926,202406,0017993,한국아이엠씨증권 주식회사,G,미배당별도예치금,0,국내증권사,B,SF205,각주항목(09.06월 이후)
39927,202406,0017993,한국아이엠씨증권 주식회사,H,배서어음매출(종금계정),0,국내증권사,B,SF205,각주항목(09.06월 이후)
39928,202406,0017993,한국아이엠씨증권 주식회사,H1,대출채권매매이익_담보부,0,국내증권사,B,SF205,각주항목(09.06월 이후)
39929,202406,0017993,한국아이엠씨증권 주식회사,H2,대출채권매매이익_무담보부,0,국내증권사,B,SF205,각주항목(09.06월 이후)
39930,202409,0017993,한국아이엠씨증권 주식회사,A,채무보증,0,국내증권사,B,SF205,각주항목(09.06월 이후)
39931,202409,0017993,한국아이엠씨증권 주식회사,A1,채무보증_지급보증,0,국내증권사,B,SF205,각주항목(09.06월 이후)
39932,202409,0017993,한국아이엠씨증권 주식회사,A2,채무보증_매입보장약정,0,국내증권사,B,SF205,각주항목(09.06월 이후)
39933,202409,0017993,한국아이엠씨증권 주식회사,A3,채무보증_채무인수약정,0,국내증권사,B,SF205,각주항목(09.06월 이후)
39934,202409,0017993,한국아이엠씨증권 주식회사,A5,채무보증_매입확약,0,국내증권사,B,SF205,각주항목(09.06월 이후)
39935,202409,0017993,한국아이엠씨증권 주식회사,A6,채무보증_기타,0,국내증권사,B,SF205,각주항목(09.06월 이후)
39936,202409,0017993,한국아이엠씨증권 주식회사,B,투자자의 예수증권 등,0,국내증권사,B,SF205,각주항목(09.06월 이후)
39937,202409,0017993,한국아이엠씨증권 주식회사,B1,투자자의 예수증권 등_예수 증권,0,국내증권사,B,SF205,각주항목(09.06월 이후)
39938,202409,0017993,한국아이엠씨증권 주식회사,B2,투자자의 예수증권 등_예수양도성예금증서,0,국내증권사,B,SF205,각주항목(09.06월 이후)
39939,202409,0017993,한국아이엠씨증권 주식회사,B3,투자자의 예수증권 등_기타,0,국내증권사,B,SF205,각주항목(09.06월 이후)
39940,202409,0017993,한국아이엠씨증권 주식회사,C,파생상품계약,436301000,국내증권사,B,SF205,각주항목(09.06월 이후)
39941,202409,0017993,한국아이엠씨증권 주식회사,C1,파생상품계약_장내파생상품,436301000,국내증권사,B,SF205,각주항목(09.06월 이후)
39942,202409,0017993,한국아이엠씨증권 주식회사,C11,파생상품계약_장내파생상품_이자율관련거래,0,국내증권사,B,SF205,각주항목(09.06월 이후)
39943,202409,0017993,한국아이엠씨증권 주식회사,C12,파생상품계약_장내파생상품_통화관련거래,0,국내증권사,B,SF205,각주항목(09.06월 이후)
39944,202409,0017993,한국아이엠씨증권 주식회사,C13,파생상품계약_장내파생상품_주식관련거래,436301000,국내증권사,B,SF205,각주항목(09.06월 이후)
39945,202409,0017993,한국아이엠씨증권 주식회사,C14,파생상품계약_장내파생상품_일반상품관련거래,0,국내증권사,B,SF205,각주항목(09.06월 이후)
39946,202409,0017993,한국아이엠씨증권 주식회사,C15,파생상품계약_장내파생상품_기타,0,국내증권사,B,SF205,각주항목(09.06월 이후)
39947,202409,0017993,한국아이엠씨증권 주식회사,C2,파생상품계약_장외파생상품,0,국내증권사,B,SF205,각주항목(09.06월 이후)
39948,202409,0017993,한국아이엠씨증권 주식회사,C21,파생상품계약_장외파생상품_이자율관련거래,0,국내증권사,B,SF205,각주항목(09.06월 이후)
39949,202409,0017993,한국아이엠씨증권 주식회사,C22,파생상품계약_장외파생상품_통화관련거래,0,국내증권사,B,SF205,각주항목(09.06월 이후)
39950,202409,0017993,한국아이엠씨증권 주식회사,C23,파생상품계약_장외파생상품_주식관련거래,0,국내증권사,B,SF205,각주항목(09.06월 이후)
39951,202409,0017993,한국아이엠씨증권 주식회사,C24,파생상품계약_장외파생상품_신용관련거래,0,국내증권사,B,SF205,각주항목(09.06월 이후)
39952,202409,0017993,한국아이엠씨증권 주식회사,C25,파생상품계약_장외파생상품_기타,0,국내증권사,B,SF205,각주항목(09.06월 이후)
39953,202409,0017993,한국아이엠씨증권 주식회사,D,대차 및 대주거래,0,국내증권사,B,SF205,각주항목(09.06월 이후)
39954,202409,0017993,한국아이엠씨증권 주식회사,D1,대차 및 대주거래_대여증권,0,국내증권사,B,SF205,각주항목(09.06월 이후)
39955,202409,0017993,한국아이엠씨증권 주식회사,D2,대차 및 대주거래_차입증권,0,국내증권사,B,SF205,각주항목(09.06월 이후)
39956,202409,0017993,한국아이엠씨증권 주식회사,D3,대차 및 대주거래_신용거래대주,0,국내증권사,B,SF205,각주항목(09.06월 이후)
39957,202409,0017993,한국아이엠씨증권 주식회사,E,대손상각채권,0,국내증권사,B,SF205,각주항목(09.06월 이후)
39958,202409,0017993,한국아이엠씨증권 주식회사,F,환전업무 예치금,0,국내증권사,B,SF205,각주항목(09.06월 이후)
39959,202409,0017993,한국아이엠씨증권 주식회사,G,미배당별도예치금,0,국내증권사,B,SF205,각주항목(09.06월 이후)
39960,202409,0017993,한국아이엠씨증권 주식회사,H,배서어음매출(종금계정),0,국내증권사,B,SF205,각주항목(09.06월 이후)
39961,202409,0017993,한국아이엠씨증권 주식회사,H1,대출채권매매이익_담보부,0,국내증권사,B,SF205,각주항목(09.06월 이후)
39962,202409,0017993,한국아이엠씨증권 주식회사,H2,대출채권매매이익_무담보부,0,국내증권사,B,SF205,각주항목(09.06월 이후)
39963,202412,0017993,한국아이엠씨증권 주식회사,A,채무보증,0,국내증권사,B,SF205,각주항목(09.06월 이후)
39964,202412,0017993,한국아이엠씨증권 주식회사,A1,채무보증_지급보증,0,국내증권사,B,SF205,각주항목(09.06월 이후)
39965,202412,0017993,한국아이엠씨증권 주식회사,A2,채무보증_매입보장약정,0,국내증권사,B,SF205,각주항목(09.06월 이후)
39966,202412,0017993,한국아이엠씨증권 주식회사,A3,채무보증_채무인수약정,0,국내증권사,B,SF205,각주항목(09.06월 이후)
39967,202412,0017993,한국아이엠씨증권 주식회사,A5,채무보증_매입확약,0,국내증권사,B,SF205,각주항목(09.06월 이후)
39968,202412,0017993,한국아이엠씨증권 주식회사,A6,채무보증_기타,0,국내증권사,B,SF205,각주항목(09.06월 이후)
39969,202412,0017993,한국아이엠씨증권 주식회사,B,투자자의 예수증권 등,0,국내증권사,B,SF205,각주항목(09.06월 이후)
39970,202412,0017993,한국아이엠씨증권 주식회사,B1,투자자의 예수증권 등_예수 증권,0,국내증권사,B,SF205,각주항목(09.06월 이후)
39971,202412,0017993,한국아이엠씨증권 주식회사,B2,투자자의 예수증권 등_예수양도성예금증서,0,국내증권사,B,SF205,각주항목(09.06월 이후)
39972,202412,0017993,한국아이엠씨증권 주식회사,B3,투자자의 예수증권 등_기타,0,국내증권사,B,SF205,각주항목(09.06월 이후)
39973,202412,0017993,한국아이엠씨증권 주식회사,C,파생상품계약,101493000,국내증권사,B,SF205,각주항목(09.06월 이후)
39974,202412,0017993,한국아이엠씨증권 주식회사,C1,파생상품계약_장내파생상품,101493000,국내증권사,B,SF205,각주항목(09.06월 이후)
39975,202412,0017993,한국아이엠씨증권 주식회사,C11,파생상품계약_장내파생상품_이자율관련거래,0,국내증권사,B,SF205,각주항목(09.06월 이후)
39976,202412,0017993,한국아이엠씨증권 주식회사,C12,파생상품계약_장내파생상품_통화관련거래,0,국내증권사,B,SF205,각주항목(09.06월 이후)
39977,202412,0017993,한국아이엠씨증권 주식회사,C13,파생상품계약_장내파생상품_주식관련거래,101493000,국내증권사,B,SF205,각주항목(09.06월 이후)
39978,202412,0017993,한국아이엠씨증권 주식회사,C14,파생상품계약_장내파생상품_일반상품관련거래,0,국내증권사,B,SF205,각주항목(09.06월 이후)
39979,202412,0017993,한국아이엠씨증권 주식회사,C15,파생상품계약_장내파생상품_기타,0,국내증권사,B,SF205,각주항목(09.06월 이후)
39980,202412,0017993,한국아이엠씨증권 주식회사,C2,파생상품계약_장외파생상품,0,국내증권사,B,SF205,각주항목(09.06월 이후)
39981,202412,0017993,한국아이엠씨증권 주식회사,C21,파생상품계약_장외파생상품_이자율관련거래,0,국내증권사,B,SF205,각주항목(09.06월 이후)
39982,202412,0017993,한국아이엠씨증권 주식회사,C22,파생상품계약_장외파생상품_통화관련거래,0,국내증권사,B,SF205,각주항목(09.06월 이후)
39983,202412,0017993,한국아이엠씨증권 주식회사,C23,파생상품계약_장외파생상품_주식관련거래,0,국내증권사,B,SF205,각주항목(09.06월 이후)
39984,202412,0017993,한국아이엠씨증권 주식회사,C24,파생상품계약_장외파생상품_신용관련거래,0,국내증권사,B,SF205,각주항목(09.06월 이후)
39985,202412,0017993,한국아이엠씨증권 주식회사,C25,파생상품계약_장외파생상품_기타,0,국내증권사,B,SF205,각주항목(09.06월 이후)
39986,202412,0017993,한국아이엠씨증권 주식회사,D,대차 및 대주거래,0,국내증권사,B,SF205,각주항목(09.06월 이후)
39987,202412,0017993,한국아이엠씨증권 주식회사,D1,대차 및 대주거래_대여증권,0,국내증권사,B,SF205,각주항목(09.06월 이후)
39988,202412,0017993,한국아이엠씨증권 주식회사,D2,대차 및 대주거래_차입증권,0,국내증권사,B,SF205,각주항목(09.06월 이후)
39989,202412,0017993,한국아이엠씨증권 주식회사,D3,대차 및 대주거래_신용거래대주,0,국내증권사,B,SF205,각주항목(09.06월 이후)
39990,202412,0017993,한국아이엠씨증권 주식회사,E,대손상각채권,0,국내증권사,B,SF205,각주항목(09.06월 이후)
39991,202412,0017993,한국아이엠씨증권 주식회사,F,환전업무 예치금,0,국내증권사,B,SF205,각주항목(09.06월 이후)
39992,202412,0017993,한국아이엠씨증권 주식회사,G,미배당별도예치금,0,국내증권사,B,SF205,각주항목(09.06월 이후)
39993,202412,0017993,한국아이엠씨증권 주식회사,H,배서어음매출(종금계정),0,국내증권사,B,SF205,각주항목(09.06월 이후)
39994,202412,0017993,한국아이엠씨증권 주식회사,H1,대출채권매매이익_담보부,0,국내증권사,B,SF205,각주항목(09.06월 이후)
39995,202412,0017993,한국아이엠씨증권 주식회사,H2,대출채권매매이익_무담보부,0,국내증권사,B,SF205,각주항목(09.06월 이후)
39996,201703,0010129,한국투자증권,A,채무보증,2478067288004,국내증권사,B,SF205,각주항목(09.06월 이후)
39997,201703,0010129,한국투자증권,A1,채무보증_지급보증,0,국내증권사,B,SF205,각주항목(09.06월 이후)
39998,201703,0010129,한국투자증권,A2,채무보증_매입보장약정,1317424057404,국내증권사,B,SF205,각주항목(09.06월 이후)
39999,201703,0010129,한국투자증권,A3,채무보증_채무인수약정, ,국내증권사,B,SF205,각주항목(09.06월 이후)
40000,201703,0010129,한국투자증권,A5,채무보증_매입확약,1160600000000,국내증권사,B,SF205,각주항목(09.06월 이후)
40001,201703,0010129,한국투자증권,A6,채무보증_기타,43230600,국내증권사,B,SF205,각주항목(09.06월 이후)
40002,201703,0010129,한국투자증권,B,투자자의 예수증권 등,123781348311150,국내증권사,B,SF205,각주항목(09.06월 이후)
40003,201703,0010129,한국투자증권,B1,투자자의 예수증권 등_예수 증권,123781348311150,국내증권사,B,SF205,각주항목(09.06월 이후)
40004,201703,0010129,한국투자증권,B2,투자자의 예수증권 등_예수양도성예금증서,0,국내증권사,B,SF205,각주항목(09.06월 이후)
40005,201703,0010129,한국투자증권,B3,투자자의 예수증권 등_기타, ,국내증권사,B,SF205,각주항목(09.06월 이후)
40006,201703,0010129,한국투자증권,C,파생상품계약,41270182404696,국내증권사,B,SF205,각주항목(09.06월 이후)
40007,201703,0010129,한국투자증권,C1,파생상품계약_장내파생상품,29721039571903,국내증권사,B,SF205,각주항목(09.06월 이후)
40008,201703,0010129,한국투자증권,C11,파생상품계약_장내파생상품_이자율관련거래,1980710717925,국내증권사,B,SF205,각주항목(09.06월 이후)
40009,201703,0010129,한국투자증권,C12,파생상품계약_장내파생상품_통화관련거래,496344879419,국내증권사,B,SF205,각주항목(09.06월 이후)
40010,201703,0010129,한국투자증권,C13,파생상품계약_장내파생상품_주식관련거래,27228137988555,국내증권사,B,SF205,각주항목(09.06월 이후)
40011,201703,0010129,한국투자증권,C14,파생상품계약_장내파생상품_일반상품관련거래,15845986004,국내증권사,B,SF205,각주항목(09.06월 이후)
40012,201703,0010129,한국투자증권,C15,파생상품계약_장내파생상품_기타,0,국내증권사,B,SF205,각주항목(09.06월 이후)
40013,201703,0010129,한국투자증권,C2,파생상품계약_장외파생상품,11549142832793,국내증권사,B,SF205,각주항목(09.06월 이후)
40014,201703,0010129,한국투자증권,C21,파생상품계약_장외파생상품_이자율관련거래,2652025438000,국내증권사,B,SF205,각주항목(09.06월 이후)
40015,201703,0010129,한국투자증권,C22,파생상품계약_장외파생상품_통화관련거래,1296399998821,국내증권사,B,SF205,각주항목(09.06월 이후)
40016,201703,0010129,한국투자증권,C23,파생상품계약_장외파생상품_주식관련거래,7450717395972,국내증권사,B,SF205,각주항목(09.06월 이후)
40017,201703,0010129,한국투자증권,C24,파생상품계약_장외파생상품_신용관련거래,150000000000,국내증권사,B,SF205,각주항목(09.06월 이후)
40018,201703,0010129,한국투자증권,C25,파생상품계약_장외파생상품_기타,0,국내증권사,B,SF205,각주항목(09.06월 이후)
40019,201703,0010129,한국투자증권,D,대차 및 대주거래,2854336661652,국내증권사,B,SF205,각주항목(09.06월 이후)
40020,201703,0010129,한국투자증권,D1,대차 및 대주거래_대여증권,1001586295356,국내증권사,B,SF205,각주항목(09.06월 이후)
40021,201703,0010129,한국투자증권,D2,대차 및 대주거래_차입증권,1852750366296,국내증권사,B,SF205,각주항목(09.06월 이후)
40022,201703,0010129,한국투자증권,D3,대차 및 대주거래_신용거래대주, ,국내증권사,B,SF205,각주항목(09.06월 이후)
40023,201703,0010129,한국투자증권,E,대손상각채권,11738510199,국내증권사,B,SF205,각주항목(09.06월 이후)
40024,201703,0010129,한국투자증권,F,환전업무 예치금,0,국내증권사,B,SF205,각주항목(09.06월 이후)
40025,201703,0010129,한국투자증권,G,미배당별도예치금,808326625,국내증권사,B,SF205,각주항목(09.06월 이후)
40026,201703,0010129,한국투자증권,H,배서어음매출(종금계정),0,국내증권사,B,SF205,각주항목(09.06월 이후)
40027,201703,0010129,한국투자증권,H1,대출채권매매이익_담보부,0,국내증권사,B,SF205,각주항목(09.06월 이후)
40028,201703,0010129,한국투자증권,H2,대출채권매매이익_무담보부,0,국내증권사,B,SF205,각주항목(09.06월 이후)
40029,201706,0010129,한국투자증권,A,채무보증,2621665893457,국내증권사,B,SF205,각주항목(09.06월 이후)
40030,201706,0010129,한국투자증권,A1,채무보증_지급보증,0,국내증권사,B,SF205,각주항목(09.06월 이후)
40031,201706,0010129,한국투자증권,A2,채무보증_매입보장약정,1295935166296,국내증권사,B,SF205,각주항목(09.06월 이후)
40032,201706,0010129,한국투자증권,A3,채무보증_채무인수약정, ,국내증권사,B,SF205,각주항목(09.06월 이후)
40033,201706,0010129,한국투자증권,A5,채무보증_매입확약,1325730727161,국내증권사,B,SF205,각주항목(09.06월 이후)
40034,201706,0010129,한국투자증권,A6,채무보증_기타,0,국내증권사,B,SF205,각주항목(09.06월 이후)
40035,201706,0010129,한국투자증권,B,투자자의 예수증권 등,130269601495985,국내증권사,B,SF205,각주항목(09.06월 이후)
40036,201706,0010129,한국투자증권,B1,투자자의 예수증권 등_예수 증권,130269601495985,국내증권사,B,SF205,각주항목(09.06월 이후)
40037,201706,0010129,한국투자증권,B2,투자자의 예수증권 등_예수양도성예금증서,0,국내증권사,B,SF205,각주항목(09.06월 이후)
40038,201706,0010129,한국투자증권,B3,투자자의 예수증권 등_기타, ,국내증권사,B,SF205,각주항목(09.06월 이후)
40039,201706,0010129,한국투자증권,C,파생상품계약,50367552219774,국내증권사,B,SF205,각주항목(09.06월 이후)
40040,201706,0010129,한국투자증권,C1,파생상품계약_장내파생상품,39656578249339,국내증권사,B,SF205,각주항목(09.06월 이후)
40041,201706,0010129,한국투자증권,C11,파생상품계약_장내파생상품_이자율관련거래,1654863275426,국내증권사,B,SF205,각주항목(09.06월 이후)
40042,201706,0010129,한국투자증권,C12,파생상품계약_장내파생상품_통화관련거래,490400496443,국내증권사,B,SF205,각주항목(09.06월 이후)
40043,201706,0010129,한국투자증권,C13,파생상품계약_장내파생상품_주식관련거래,37489086398197,국내증권사,B,SF205,각주항목(09.06월 이후)
40044,201706,0010129,한국투자증권,C14,파생상품계약_장내파생상품_일반상품관련거래,22228079273,국내증권사,B,SF205,각주항목(09.06월 이후)
40045,201706,0010129,한국투자증권,C15,파생상품계약_장내파생상품_기타,0,국내증권사,B,SF205,각주항목(09.06월 이후)
40046,201706,0010129,한국투자증권,C2,파생상품계약_장외파생상품,10710973970435,국내증권사,B,SF205,각주항목(09.06월 이후)
40047,201706,0010129,한국투자증권,C21,파생상품계약_장외파생상품_이자율관련거래,2247536568000,국내증권사,B,SF205,각주항목(09.06월 이후)
40048,201706,0010129,한국투자증권,C22,파생상품계약_장외파생상품_통화관련거래,1867760232516,국내증권사,B,SF205,각주항목(09.06월 이후)
40049,201706,0010129,한국투자증권,C23,파생상품계약_장외파생상품_주식관련거래,6465677169919,국내증권사,B,SF205,각주항목(09.06월 이후)
40050,201706,0010129,한국투자증권,C24,파생상품계약_장외파생상품_신용관련거래,130000000000,국내증권사,B,SF205,각주항목(09.06월 이후)
40051,201706,0010129,한국투자증권,C25,파생상품계약_장외파생상품_기타,0,국내증권사,B,SF205,각주항목(09.06월 이후)
40052,201706,0010129,한국투자증권,D,대차 및 대주거래,2646648083761,국내증권사,B,SF205,각주항목(09.06월 이후)
40053,201706,0010129,한국투자증권,D1,대차 및 대주거래_대여증권,1043627627444,국내증권사,B,SF205,각주항목(09.06월 이후)
40054,201706,0010129,한국투자증권,D2,대차 및 대주거래_차입증권,1603020456317,국내증권사,B,SF205,각주항목(09.06월 이후)
40055,201706,0010129,한국투자증권,D3,대차 및 대주거래_신용거래대주, ,국내증권사,B,SF205,각주항목(09.06월 이후)
40056,201706,0010129,한국투자증권,E,대손상각채권,11738510199,국내증권사,B,SF205,각주항목(09.06월 이후)
40057,201706,0010129,한국투자증권,F,환전업무 예치금,0,국내증권사,B,SF205,각주항목(09.06월 이후)
40058,201706,0010129,한국투자증권,G,미배당별도예치금,1848405940,국내증권사,B,SF205,각주항목(09.06월 이후)
40059,201706,0010129,한국투자증권,H,배서어음매출(종금계정),0,국내증권사,B,SF205,각주항목(09.06월 이후)
40060,201706,0010129,한국투자증권,H1,대출채권매매이익_담보부, ,국내증권사,B,SF205,각주항목(09.06월 이후)
40061,201706,0010129,한국투자증권,H2,대출채권매매이익_무담보부, ,국내증권사,B,SF205,각주항목(09.06월 이후)
40062,201709,0010129,한국투자증권,A,채무보증,2941449049260,국내증권사,B,SF205,각주항목(09.06월 이후)
40063,201709,0010129,한국투자증권,A1,채무보증_지급보증,0,국내증권사,B,SF205,각주항목(09.06월 이후)
40064,201709,0010129,한국투자증권,A2,채무보증_매입보장약정,1282880437106,국내증권사,B,SF205,각주항목(09.06월 이후)
40065,201709,0010129,한국투자증권,A3,채무보증_채무인수약정, ,국내증권사,B,SF205,각주항목(09.06월 이후)
40066,201709,0010129,한국투자증권,A5,채무보증_매입확약,1658568612154,국내증권사,B,SF205,각주항목(09.06월 이후)
40067,201709,0010129,한국투자증권,A6,채무보증_기타,0,국내증권사,B,SF205,각주항목(09.06월 이후)
40068,201709,0010129,한국투자증권,B,투자자의 예수증권 등,129899862624764,국내증권사,B,SF205,각주항목(09.06월 이후)
40069,201709,0010129,한국투자증권,B1,투자자의 예수증권 등_예수 증권,129899862624764,국내증권사,B,SF205,각주항목(09.06월 이후)
40070,201709,0010129,한국투자증권,B2,투자자의 예수증권 등_예수양도성예금증서,0,국내증권사,B,SF205,각주항목(09.06월 이후)
40071,201709,0010129,한국투자증권,B3,투자자의 예수증권 등_기타, ,국내증권사,B,SF205,각주항목(09.06월 이후)
40072,201709,0010129,한국투자증권,C,파생상품계약,59142843539466,국내증권사,B,SF205,각주항목(09.06월 이후)
40073,201709,0010129,한국투자증권,C1,파생상품계약_장내파생상품,48556515587011,국내증권사,B,SF205,각주항목(09.06월 이후)
40074,201709,0010129,한국투자증권,C11,파생상품계약_장내파생상품_이자율관련거래,2028718203819,국내증권사,B,SF205,각주항목(09.06월 이후)
40075,201709,0010129,한국투자증권,C12,파생상품계약_장내파생상품_통화관련거래,584483726500,국내증권사,B,SF205,각주항목(09.06월 이후)
40076,201709,0010129,한국투자증권,C13,파생상품계약_장내파생상품_주식관련거래,45907380854026,국내증권사,B,SF205,각주항목(09.06월 이후)
40077,201709,0010129,한국투자증권,C14,파생상품계약_장내파생상품_일반상품관련거래,35932802666,국내증권사,B,SF205,각주항목(09.06월 이후)
40078,201709,0010129,한국투자증권,C15,파생상품계약_장내파생상품_기타,0,국내증권사,B,SF205,각주항목(09.06월 이후)
40079,201709,0010129,한국투자증권,C2,파생상품계약_장외파생상품,10586327952455,국내증권사,B,SF205,각주항목(09.06월 이후)
40080,201709,0010129,한국투자증권,C21,파생상품계약_장외파생상품_이자율관련거래,2333599329882,국내증권사,B,SF205,각주항목(09.06월 이후)
40081,201709,0010129,한국투자증권,C22,파생상품계약_장외파생상품_통화관련거래,2287915239921,국내증권사,B,SF205,각주항목(09.06월 이후)
40082,201709,0010129,한국투자증권,C23,파생상품계약_장외파생상품_주식관련거래,5834813382652,국내증권사,B,SF205,각주항목(09.06월 이후)
40083,201709,0010129,한국투자증권,C24,파생상품계약_장외파생상품_신용관련거래,130000000000,국내증권사,B,SF205,각주항목(09.06월 이후)
40084,201709,0010129,한국투자증권,C25,파생상품계약_장외파생상품_기타,0,국내증권사,B,SF205,각주항목(09.06월 이후)
40085,201709,0010129,한국투자증권,D,대차 및 대주거래,3171387665515,국내증권사,B,SF205,각주항목(09.06월 이후)
40086,201709,0010129,한국투자증권,D1,대차 및 대주거래_대여증권,950417657973,국내증권사,B,SF205,각주항목(09.06월 이후)
40087,201709,0010129,한국투자증권,D2,대차 및 대주거래_차입증권,2220970007542,국내증권사,B,SF205,각주항목(09.06월 이후)
40088,201709,0010129,한국투자증권,D3,대차 및 대주거래_신용거래대주, ,국내증권사,B,SF205,각주항목(09.06월 이후)
40089,201709,0010129,한국투자증권,E,대손상각채권,11738510199,국내증권사,B,SF205,각주항목(09.06월 이후)
40090,201709,0010129,한국투자증권,F,환전업무 예치금,0,국내증권사,B,SF205,각주항목(09.06월 이후)
40091,201709,0010129,한국투자증권,G,미배당별도예치금,2522790025,국내증권사,B,SF205,각주항목(09.06월 이후)
40092,201709,0010129,한국투자증권,H,배서어음매출(종금계정),0,국내증권사,B,SF205,각주항목(09.06월 이후)
40093,201709,0010129,한국투자증권,H1,대출채권매매이익_담보부, ,국내증권사,B,SF205,각주항목(09.06월 이후)
40094,201709,0010129,한국투자증권,H2,대출채권매매이익_무담보부, ,국내증권사,B,SF205,각주항목(09.06월 이후)
40095,201712,0010129,한국투자증권,A,채무보증,3205112844616,국내증권사,B,SF205,각주항목(09.06월 이후)
40096,201712,0010129,한국투자증권,A1,채무보증_지급보증,0,국내증권사,B,SF205,각주항목(09.06월 이후)
40097,201712,0010129,한국투자증권,A2,채무보증_매입보장약정,1233976683868,국내증권사,B,SF205,각주항목(09.06월 이후)
40098,201712,0010129,한국투자증권,A3,채무보증_채무인수약정, ,국내증권사,B,SF205,각주항목(09.06월 이후)
40099,201712,0010129,한국투자증권,A5,채무보증_매입확약,1971136160748,국내증권사,B,SF205,각주항목(09.06월 이후)
40100,201712,0010129,한국투자증권,A6,채무보증_기타,0,국내증권사,B,SF205,각주항목(09.06월 이후)
40101,201712,0010129,한국투자증권,B,투자자의 예수증권 등,132390449405559,국내증권사,B,SF205,각주항목(09.06월 이후)
40102,201712,0010129,한국투자증권,B1,투자자의 예수증권 등_예수 증권,132390449405559,국내증권사,B,SF205,각주항목(09.06월 이후)
40103,201712,0010129,한국투자증권,B2,투자자의 예수증권 등_예수양도성예금증서,0,국내증권사,B,SF205,각주항목(09.06월 이후)
40104,201712,0010129,한국투자증권,B3,투자자의 예수증권 등_기타, ,국내증권사,B,SF205,각주항목(09.06월 이후)
40105,201712,0010129,한국투자증권,C,파생상품계약,48230135462942,국내증권사,B,SF205,각주항목(09.06월 이후)
40106,201712,0010129,한국투자증권,C1,파생상품계약_장내파생상품,39032671026582,국내증권사,B,SF205,각주항목(09.06월 이후)
40107,201712,0010129,한국투자증권,C11,파생상품계약_장내파생상품_이자율관련거래,1943719660822,국내증권사,B,SF205,각주항목(09.06월 이후)
40108,201712,0010129,한국투자증권,C12,파생상품계약_장내파생상품_통화관련거래,340316490315,국내증권사,B,SF205,각주항목(09.06월 이후)
40109,201712,0010129,한국투자증권,C13,파생상품계약_장내파생상품_주식관련거래,36723227005151,국내증권사,B,SF205,각주항목(09.06월 이후)
40110,201712,0010129,한국투자증권,C14,파생상품계약_장내파생상품_일반상품관련거래,25407870294,국내증권사,B,SF205,각주항목(09.06월 이후)
40111,201712,0010129,한국투자증권,C15,파생상품계약_장내파생상품_기타,0,국내증권사,B,SF205,각주항목(09.06월 이후)
40112,201712,0010129,한국투자증권,C2,파생상품계약_장외파생상품,9197464436360,국내증권사,B,SF205,각주항목(09.06월 이후)
40113,201712,0010129,한국투자증권,C21,파생상품계약_장외파생상품_이자율관련거래,2269673531476,국내증권사,B,SF205,각주항목(09.06월 이후)
40114,201712,0010129,한국투자증권,C22,파생상품계약_장외파생상품_통화관련거래,2728610944231,국내증권사,B,SF205,각주항목(09.06월 이후)
40115,201712,0010129,한국투자증권,C23,파생상품계약_장외파생상품_주식관련거래,3974791954653,국내증권사,B,SF205,각주항목(09.06월 이후)
40116,201712,0010129,한국투자증권,C24,파생상품계약_장외파생상품_신용관련거래,150000000000,국내증권사,B,SF205,각주항목(09.06월 이후)
40117,201712,0010129,한국투자증권,C25,파생상품계약_장외파생상품_기타,74388006000,국내증권사,B,SF205,각주항목(09.06월 이후)
40118,201712,0010129,한국투자증권,D,대차 및 대주거래,3196150323480,국내증권사,B,SF205,각주항목(09.06월 이후)
40119,201712,0010129,한국투자증권,D1,대차 및 대주거래_대여증권,840154324329,국내증권사,B,SF205,각주항목(09.06월 이후)
40120,201712,0010129,한국투자증권,D2,대차 및 대주거래_차입증권,2355995999151,국내증권사,B,SF205,각주항목(09.06월 이후)
40121,201712,0010129,한국투자증권,D3,대차 및 대주거래_신용거래대주, ,국내증권사,B,SF205,각주항목(09.06월 이후)
40122,201712,0010129,한국투자증권,E,대손상각채권,11738510199,국내증권사,B,SF205,각주항목(09.06월 이후)
40123,201712,0010129,한국투자증권,F,환전업무 예치금,0,국내증권사,B,SF205,각주항목(09.06월 이후)
40124,201712,0010129,한국투자증권,G,미배당별도예치금,3483909035,국내증권사,B,SF205,각주항목(09.06월 이후)
40125,201712,0010129,한국투자증권,H,배서어음매출(종금계정),0,국내증권사,B,SF205,각주항목(09.06월 이후)
40126,201712,0010129,한국투자증권,H1,대출채권매매이익_담보부, ,국내증권사,B,SF205,각주항목(09.06월 이후)
40127,201712,0010129,한국투자증권,H2,대출채권매매이익_무담보부, ,국내증권사,B,SF205,각주항목(09.06월 이후)
40128,201803,0010129,한국투자증권,A,채무보증,3528215600630,국내증권사,B,SF205,각주항목(09.06월 이후)
40129,201803,0010129,한국투자증권,A1,채무보증_지급보증,0,국내증권사,B,SF205,각주항목(09.06월 이후)
40130,201803,0010129,한국투자증권,A2,채무보증_매입보장약정,1374350516331,국내증권사,B,SF205,각주항목(09.06월 이후)
40131,201803,0010129,한국투자증권,A3,채무보증_채무인수약정, ,국내증권사,B,SF205,각주항목(09.06월 이후)
40132,201803,0010129,한국투자증권,A5,채무보증_매입확약,2153865084299,국내증권사,B,SF205,각주항목(09.06월 이후)
40133,201803,0010129,한국투자증권,A6,채무보증_기타,0,국내증권사,B,SF205,각주항목(09.06월 이후)
40134,201803,0010129,한국투자증권,B,투자자의 예수증권 등,139109852739189,국내증권사,B,SF205,각주항목(09.06월 이후)
40135,201803,0010129,한국투자증권,B1,투자자의 예수증권 등_예수 증권,139109852739189,국내증권사,B,SF205,각주항목(09.06월 이후)
40136,201803,0010129,한국투자증권,B2,투자자의 예수증권 등_예수양도성예금증서,0,국내증권사,B,SF205,각주항목(09.06월 이후)
40137,201803,0010129,한국투자증권,B3,투자자의 예수증권 등_기타, ,국내증권사,B,SF205,각주항목(09.06월 이후)
40138,201803,0010129,한국투자증권,C,파생상품계약,63899966971666,국내증권사,B,SF205,각주항목(09.06월 이후)
40139,201803,0010129,한국투자증권,C1,파생상품계약_장내파생상품,51110549639065,국내증권사,B,SF205,각주항목(09.06월 이후)
40140,201803,0010129,한국투자증권,C11,파생상품계약_장내파생상품_이자율관련거래,1797345240698,국내증권사,B,SF205,각주항목(09.06월 이후)
40141,201803,0010129,한국투자증권,C12,파생상품계약_장내파생상품_통화관련거래,122916230423,국내증권사,B,SF205,각주항목(09.06월 이후)
40142,201803,0010129,한국투자증권,C13,파생상품계약_장내파생상품_주식관련거래,49157189604403,국내증권사,B,SF205,각주항목(09.06월 이후)
40143,201803,0010129,한국투자증권,C14,파생상품계약_장내파생상품_일반상품관련거래,33098563541,국내증권사,B,SF205,각주항목(09.06월 이후)
40144,201803,0010129,한국투자증권,C15,파생상품계약_장내파생상품_기타,0,국내증권사,B,SF205,각주항목(09.06월 이후)
40145,201803,0010129,한국투자증권,C2,파생상품계약_장외파생상품,12789417332601,국내증권사,B,SF205,각주항목(09.06월 이후)
40146,201803,0010129,한국투자증권,C21,파생상품계약_장외파생상품_이자율관련거래,2586708161058,국내증권사,B,SF205,각주항목(09.06월 이후)
40147,201803,0010129,한국투자증권,C22,파생상품계약_장외파생상품_통화관련거래,3625919458584,국내증권사,B,SF205,각주항목(09.06월 이후)
40148,201803,0010129,한국투자증권,C23,파생상품계약_장외파생상품_주식관련거래,6048092911040,국내증권사,B,SF205,각주항목(09.06월 이후)
40149,201803,0010129,한국투자증권,C24,파생상품계약_장외파생상품_신용관련거래,160665000000,국내증권사,B,SF205,각주항목(09.06월 이후)
40150,201803,0010129,한국투자증권,C25,파생상품계약_장외파생상품_기타,368031801919,국내증권사,B,SF205,각주항목(09.06월 이후)
40151,201803,0010129,한국투자증권,D,대차 및 대주거래,3580605662433,국내증권사,B,SF205,각주항목(09.06월 이후)
40152,201803,0010129,한국투자증권,D1,대차 및 대주거래_대여증권,870333922049,국내증권사,B,SF205,각주항목(09.06월 이후)
40153,201803,0010129,한국투자증권,D2,대차 및 대주거래_차입증권,2710271740384,국내증권사,B,SF205,각주항목(09.06월 이후)
40154,201803,0010129,한국투자증권,D3,대차 및 대주거래_신용거래대주, ,국내증권사,B,SF205,각주항목(09.06월 이후)
40155,201803,0010129,한국투자증권,E,대손상각채권,11738510199,국내증권사,B,SF205,각주항목(09.06월 이후)
40156,201803,0010129,한국투자증권,F,환전업무 예치금,0,국내증권사,B,SF205,각주항목(09.06월 이후)
40157,201803,0010129,한국투자증권,G,미배당별도예치금,887719996,국내증권사,B,SF205,각주항목(09.06월 이후)
40158,201803,0010129,한국투자증권,H,배서어음매출(종금계정),0,국내증권사,B,SF205,각주항목(09.06월 이후)
40159,201803,0010129,한국투자증권,H1,대출채권매매이익_담보부, ,국내증권사,B,SF205,각주항목(09.06월 이후)
40160,201803,0010129,한국투자증권,H2,대출채권매매이익_무담보부, ,국내증권사,B,SF205,각주항목(09.06월 이후)
40161,201806,0010129,한국투자증권,A,채무보증,3574763247354,국내증권사,B,SF205,각주항목(09.06월 이후)
40162,201806,0010129,한국투자증권,A1,채무보증_지급보증,0,국내증권사,B,SF205,각주항목(09.06월 이후)
40163,201806,0010129,한국투자증권,A2,채무보증_매입보장약정,1163692652405,국내증권사,B,SF205,각주항목(09.06월 이후)
40164,201806,0010129,한국투자증권,A3,채무보증_채무인수약정, ,국내증권사,B,SF205,각주항목(09.06월 이후)
40165,201806,0010129,한국투자증권,A5,채무보증_매입확약,2411070594949,국내증권사,B,SF205,각주항목(09.06월 이후)
40166,201806,0010129,한국투자증권,A6,채무보증_기타,0,국내증권사,B,SF205,각주항목(09.06월 이후)
40167,201806,0010129,한국투자증권,B,투자자의 예수증권 등,138364768625415,국내증권사,B,SF205,각주항목(09.06월 이후)
40168,201806,0010129,한국투자증권,B1,투자자의 예수증권 등_예수 증권,138364768625415,국내증권사,B,SF205,각주항목(09.06월 이후)
40169,201806,0010129,한국투자증권,B2,투자자의 예수증권 등_예수양도성예금증서,0,국내증권사,B,SF205,각주항목(09.06월 이후)
40170,201806,0010129,한국투자증권,B3,투자자의 예수증권 등_기타, ,국내증권사,B,SF205,각주항목(09.06월 이후)
40171,201806,0010129,한국투자증권,C,파생상품계약,45286564749363,국내증권사,B,SF205,각주항목(09.06월 이후)
40172,201806,0010129,한국투자증권,C1,파생상품계약_장내파생상품,26034214579049,국내증권사,B,SF205,각주항목(09.06월 이후)
40173,201806,0010129,한국투자증권,C11,파생상품계약_장내파생상품_이자율관련거래,1547832080981,국내증권사,B,SF205,각주항목(09.06월 이후)
40174,201806,0010129,한국투자증권,C12,파생상품계약_장내파생상품_통화관련거래,205200164990,국내증권사,B,SF205,각주항목(09.06월 이후)
40175,201806,0010129,한국투자증권,C13,파생상품계약_장내파생상품_주식관련거래,24258468738138,국내증권사,B,SF205,각주항목(09.06월 이후)
40176,201806,0010129,한국투자증권,C14,파생상품계약_장내파생상품_일반상품관련거래,19589660440,국내증권사,B,SF205,각주항목(09.06월 이후)
40177,201806,0010129,한국투자증권,C15,파생상품계약_장내파생상품_기타,3123934500,국내증권사,B,SF205,각주항목(09.06월 이후)
40178,201806,0010129,한국투자증권,C2,파생상품계약_장외파생상품,19252350170314,국내증권사,B,SF205,각주항목(09.06월 이후)
40179,201806,0010129,한국투자증권,C21,파생상품계약_장외파생상품_이자율관련거래,3790407106000,국내증권사,B,SF205,각주항목(09.06월 이후)
40180,201806,0010129,한국투자증권,C22,파생상품계약_장외파생상품_통화관련거래,5594636004154,국내증권사,B,SF205,각주항목(09.06월 이후)
40181,201806,0010129,한국투자증권,C23,파생상품계약_장외파생상품_주식관련거래,7943376398159,국내증권사,B,SF205,각주항목(09.06월 이후)
40182,201806,0010129,한국투자증권,C24,파생상품계약_장외파생상품_신용관련거래,302152952000,국내증권사,B,SF205,각주항목(09.06월 이후)
40183,201806,0010129,한국투자증권,C25,파생상품계약_장외파생상품_기타,1621777710001,국내증권사,B,SF205,각주항목(09.06월 이후)
40184,201806,0010129,한국투자증권,D,대차 및 대주거래,4320869233803,국내증권사,B,SF205,각주항목(09.06월 이후)
40185,201806,0010129,한국투자증권,D1,대차 및 대주거래_대여증권,930561697526,국내증권사,B,SF205,각주항목(09.06월 이후)
40186,201806,0010129,한국투자증권,D2,대차 및 대주거래_차입증권,3390307536277,국내증권사,B,SF205,각주항목(09.06월 이후)
40187,201806,0010129,한국투자증권,D3,대차 및 대주거래_신용거래대주, ,국내증권사,B,SF205,각주항목(09.06월 이후)
40188,201806,0010129,한국투자증권,E,대손상각채권,11738510199,국내증권사,B,SF205,각주항목(09.06월 이후)
40189,201806,0010129,한국투자증권,F,환전업무 예치금,0,국내증권사,B,SF205,각주항목(09.06월 이후)
40190,201806,0010129,한국투자증권,G,미배당별도예치금,2042154652,국내증권사,B,SF205,각주항목(09.06월 이후)
40191,201806,0010129,한국투자증권,H,배서어음매출(종금계정),0,국내증권사,B,SF205,각주항목(09.06월 이후)
40192,201806,0010129,한국투자증권,H1,대출채권매매이익_담보부, ,국내증권사,B,SF205,각주항목(09.06월 이후)
40193,201806,0010129,한국투자증권,H2,대출채권매매이익_무담보부, ,국내증권사,B,SF205,각주항목(09.06월 이후)
40194,201809,0010129,한국투자증권,A,채무보증,3595854780371,국내증권사,B,SF205,각주항목(09.06월 이후)
40195,201809,0010129,한국투자증권,A1,채무보증_지급보증,0,국내증권사,B,SF205,각주항목(09.06월 이후)
40196,201809,0010129,한국투자증권,A2,채무보증_매입보장약정,1029232266933,국내증권사,B,SF205,각주항목(09.06월 이후)
40197,201809,0010129,한국투자증권,A3,채무보증_채무인수약정, ,국내증권사,B,SF205,각주항목(09.06월 이후)
40198,201809,0010129,한국투자증권,A5,채무보증_매입확약,2566622513438,국내증권사,B,SF205,각주항목(09.06월 이후)
40199,201809,0010129,한국투자증권,A6,채무보증_기타,0,국내증권사,B,SF205,각주항목(09.06월 이후)
40200,201809,0010129,한국투자증권,B,투자자의 예수증권 등,123838783458954,국내증권사,B,SF205,각주항목(09.06월 이후)
40201,201809,0010129,한국투자증권,B1,투자자의 예수증권 등_예수 증권,123838783458954,국내증권사,B,SF205,각주항목(09.06월 이후)
40202,201809,0010129,한국투자증권,B2,투자자의 예수증권 등_예수양도성예금증서,0,국내증권사,B,SF205,각주항목(09.06월 이후)
40203,201809,0010129,한국투자증권,B3,투자자의 예수증권 등_기타, ,국내증권사,B,SF205,각주항목(09.06월 이후)
40204,201809,0010129,한국투자증권,C,파생상품계약,55899346806171,국내증권사,B,SF205,각주항목(09.06월 이후)
40205,201809,0010129,한국투자증권,C1,파생상품계약_장내파생상품,19647865428894,국내증권사,B,SF205,각주항목(09.06월 이후)
40206,201809,0010129,한국투자증권,C11,파생상품계약_장내파생상품_이자율관련거래,3161567042971,국내증권사,B,SF205,각주항목(09.06월 이후)
40207,201809,0010129,한국투자증권,C12,파생상품계약_장내파생상품_통화관련거래,168936033422,국내증권사,B,SF205,각주항목(09.06월 이후)
40208,201809,0010129,한국투자증권,C13,파생상품계약_장내파생상품_주식관련거래,16292299152193,국내증권사,B,SF205,각주항목(09.06월 이후)
40209,201809,0010129,한국투자증권,C14,파생상품계약_장내파생상품_일반상품관련거래,21619004363,국내증권사,B,SF205,각주항목(09.06월 이후)
40210,201809,0010129,한국투자증권,C15,파생상품계약_장내파생상품_기타,3444195945,국내증권사,B,SF205,각주항목(09.06월 이후)
40211,201809,0010129,한국투자증권,C2,파생상품계약_장외파생상품,36251481377277,국내증권사,B,SF205,각주항목(09.06월 이후)
40212,201809,0010129,한국투자증권,C21,파생상품계약_장외파생상품_이자율관련거래,5395362486000,국내증권사,B,SF205,각주항목(09.06월 이후)
40213,201809,0010129,한국투자증권,C22,파생상품계약_장외파생상품_통화관련거래,9384488561625,국내증권사,B,SF205,각주항목(09.06월 이후)
40214,201809,0010129,한국투자증권,C23,파생상품계약_장외파생상품_주식관련거래,18469748610151,국내증권사,B,SF205,각주항목(09.06월 이후)
40215,201809,0010129,한국투자증권,C24,파생상품계약_장외파생상품_신용관련거래,726333309500,국내증권사,B,SF205,각주항목(09.06월 이후)
40216,201809,0010129,한국투자증권,C25,파생상품계약_장외파생상품_기타,2275548410001,국내증권사,B,SF205,각주항목(09.06월 이후)
40217,201809,0010129,한국투자증권,D,대차 및 대주거래,4242911827414,국내증권사,B,SF205,각주항목(09.06월 이후)
40218,201809,0010129,한국투자증권,D1,대차 및 대주거래_대여증권,1062829075299,국내증권사,B,SF205,각주항목(09.06월 이후)
40219,201809,0010129,한국투자증권,D2,대차 및 대주거래_차입증권,3180082752115,국내증권사,B,SF205,각주항목(09.06월 이후)
40220,201809,0010129,한국투자증권,D3,대차 및 대주거래_신용거래대주, ,국내증권사,B,SF205,각주항목(09.06월 이후)
40221,201809,0010129,한국투자증권,E,대손상각채권,11738510199,국내증권사,B,SF205,각주항목(09.06월 이후)
40222,201809,0010129,한국투자증권,F,환전업무 예치금,0,국내증권사,B,SF205,각주항목(09.06월 이후)
40223,201809,0010129,한국투자증권,G,미배당별도예치금,2214969862,국내증권사,B,SF205,각주항목(09.06월 이후)
40224,201809,0010129,한국투자증권,H,배서어음매출(종금계정),0,국내증권사,B,SF205,각주항목(09.06월 이후)
40225,201809,0010129,한국투자증권,H1,대출채권매매이익_담보부, ,국내증권사,B,SF205,각주항목(09.06월 이후)
40226,201809,0010129,한국투자증권,H2,대출채권매매이익_무담보부, ,국내증권사,B,SF205,각주항목(09.06월 이후)
40227,201812,0010129,한국투자증권,A,채무보증,3939012605708,국내증권사,B,SF205,각주항목(09.06월 이후)
40228,201812,0010129,한국투자증권,A1,채무보증_지급보증,0,국내증권사,B,SF205,각주항목(09.06월 이후)
40229,201812,0010129,한국투자증권,A2,채무보증_매입보장약정,1144242544267,국내증권사,B,SF205,각주항목(09.06월 이후)
40230,201812,0010129,한국투자증권,A3,채무보증_채무인수약정, ,국내증권사,B,SF205,각주항목(09.06월 이후)
40231,201812,0010129,한국투자증권,A5,채무보증_매입확약,2794770061441,국내증권사,B,SF205,각주항목(09.06월 이후)
40232,201812,0010129,한국투자증권,A6,채무보증_기타, ,국내증권사,B,SF205,각주항목(09.06월 이후)
40233,201812,0010129,한국투자증권,B,투자자의 예수증권 등,110844054846978,국내증권사,B,SF205,각주항목(09.06월 이후)
40234,201812,0010129,한국투자증권,B1,투자자의 예수증권 등_예수 증권,110844054846978,국내증권사,B,SF205,각주항목(09.06월 이후)
40235,201812,0010129,한국투자증권,B2,투자자의 예수증권 등_예수양도성예금증서, ,국내증권사,B,SF205,각주항목(09.06월 이후)
40236,201812,0010129,한국투자증권,B3,투자자의 예수증권 등_기타, ,국내증권사,B,SF205,각주항목(09.06월 이후)
40237,201812,0010129,한국투자증권,C,파생상품계약,47887220906507,국내증권사,B,SF205,각주항목(09.06월 이후)
40238,201812,0010129,한국투자증권,C1,파생상품계약_장내파생상품,19948096968014,국내증권사,B,SF205,각주항목(09.06월 이후)
40239,201812,0010129,한국투자증권,C11,파생상품계약_장내파생상품_이자율관련거래,3265901120016,국내증권사,B,SF205,각주항목(09.06월 이후)
40240,201812,0010129,한국투자증권,C12,파생상품계약_장내파생상품_통화관련거래,342362166981,국내증권사,B,SF205,각주항목(09.06월 이후)
40241,201812,0010129,한국투자증권,C13,파생상품계약_장내파생상품_주식관련거래,16282479659385,국내증권사,B,SF205,각주항목(09.06월 이후)
40242,201812,0010129,한국투자증권,C14,파생상품계약_장내파생상품_일반상품관련거래,52178921802,국내증권사,B,SF205,각주항목(09.06월 이후)
40243,201812,0010129,한국투자증권,C15,파생상품계약_장내파생상품_기타,5175099830,국내증권사,B,SF205,각주항목(09.06월 이후)
40244,201812,0010129,한국투자증권,C2,파생상품계약_장외파생상품,27939123938493,국내증권사,B,SF205,각주항목(09.06월 이후)
40245,201812,0010129,한국투자증권,C21,파생상품계약_장외파생상품_이자율관련거래,6152006018000,국내증권사,B,SF205,각주항목(09.06월 이후)
40246,201812,0010129,한국투자증권,C22,파생상품계약_장외파생상품_통화관련거래,10073036654288,국내증권사,B,SF205,각주항목(09.06월 이후)
40247,201812,0010129,한국투자증권,C23,파생상품계약_장외파생상품_주식관련거래,8657123684714,국내증권사,B,SF205,각주항목(09.06월 이후)
40248,201812,0010129,한국투자증권,C24,파생상품계약_장외파생상품_신용관련거래,775930528500,국내증권사,B,SF205,각주항목(09.06월 이후)
40249,201812,0010129,한국투자증권,C25,파생상품계약_장외파생상품_기타,2281027052991,국내증권사,B,SF205,각주항목(09.06월 이후)
40250,201812,0010129,한국투자증권,D,대차 및 대주거래,4911036766794,국내증권사,B,SF205,각주항목(09.06월 이후)
40251,201812,0010129,한국투자증권,D1,대차 및 대주거래_대여증권,1156688560325,국내증권사,B,SF205,각주항목(09.06월 이후)
40252,201812,0010129,한국투자증권,D2,대차 및 대주거래_차입증권,3754348206469,국내증권사,B,SF205,각주항목(09.06월 이후)
40253,201812,0010129,한국투자증권,D3,대차 및 대주거래_신용거래대주, ,국내증권사,B,SF205,각주항목(09.06월 이후)
40254,201812,0010129,한국투자증권,E,대손상각채권,11738510199,국내증권사,B,SF205,각주항목(09.06월 이후)
40255,201812,0010129,한국투자증권,F,환전업무 예치금,0,국내증권사,B,SF205,각주항목(09.06월 이후)
40256,201812,0010129,한국투자증권,G,미배당별도예치금,4608238950,국내증권사,B,SF205,각주항목(09.06월 이후)
40257,201812,0010129,한국투자증권,H,배서어음매출(종금계정),0,국내증권사,B,SF205,각주항목(09.06월 이후)
40258,201812,0010129,한국투자증권,H1,대출채권매매이익_담보부, ,국내증권사,B,SF205,각주항목(09.06월 이후)
40259,201812,0010129,한국투자증권,H2,대출채권매매이익_무담보부, ,국내증권사,B,SF205,각주항목(09.06월 이후)
40260,201903,0010129,한국투자증권,A,채무보증,4062192631384,국내증권사,B,SF205,각주항목(09.06월 이후)
40261,201903,0010129,한국투자증권,A1,채무보증_지급보증,0,국내증권사,B,SF205,각주항목(09.06월 이후)
40262,201903,0010129,한국투자증권,A2,채무보증_매입보장약정,1023248020725,국내증권사,B,SF205,각주항목(09.06월 이후)
40263,201903,0010129,한국투자증권,A3,채무보증_채무인수약정, ,국내증권사,B,SF205,각주항목(09.06월 이후)
40264,201903,0010129,한국투자증권,A5,채무보증_매입확약,3038944610659,국내증권사,B,SF205,각주항목(09.06월 이후)
40265,201903,0010129,한국투자증권,A6,채무보증_기타,0,국내증권사,B,SF205,각주항목(09.06월 이후)
40266,201903,0010129,한국투자증권,B,투자자의 예수증권 등,118188084191818,국내증권사,B,SF205,각주항목(09.06월 이후)
40267,201903,0010129,한국투자증권,B1,투자자의 예수증권 등_예수 증권,118188084191818,국내증권사,B,SF205,각주항목(09.06월 이후)
40268,201903,0010129,한국투자증권,B2,투자자의 예수증권 등_예수양도성예금증서,0,국내증권사,B,SF205,각주항목(09.06월 이후)
40269,201903,0010129,한국투자증권,B3,투자자의 예수증권 등_기타, ,국내증권사,B,SF205,각주항목(09.06월 이후)
40270,201903,0010129,한국투자증권,C,파생상품계약,49794307121805,국내증권사,B,SF205,각주항목(09.06월 이후)
40271,201903,0010129,한국투자증권,C1,파생상품계약_장내파생상품,17365906145371,국내증권사,B,SF205,각주항목(09.06월 이후)
40272,201903,0010129,한국투자증권,C11,파생상품계약_장내파생상품_이자율관련거래,1876187117602,국내증권사,B,SF205,각주항목(09.06월 이후)
40273,201903,0010129,한국투자증권,C12,파생상품계약_장내파생상품_통화관련거래,473585084101,국내증권사,B,SF205,각주항목(09.06월 이후)
40274,201903,0010129,한국투자증권,C13,파생상품계약_장내파생상품_주식관련거래,14953034804088,국내증권사,B,SF205,각주항목(09.06월 이후)
40275,201903,0010129,한국투자증권,C14,파생상품계약_장내파생상품_일반상품관련거래,59423192230,국내증권사,B,SF205,각주항목(09.06월 이후)
40276,201903,0010129,한국투자증권,C15,파생상품계약_장내파생상품_기타,3675947350,국내증권사,B,SF205,각주항목(09.06월 이후)
40277,201903,0010129,한국투자증권,C2,파생상품계약_장외파생상품,32428400976434,국내증권사,B,SF205,각주항목(09.06월 이후)
40278,201903,0010129,한국투자증권,C21,파생상품계약_장외파생상품_이자율관련거래,6874693684000,국내증권사,B,SF205,각주항목(09.06월 이후)
40279,201903,0010129,한국투자증권,C22,파생상품계약_장외파생상품_통화관련거래,12715109509034,국내증권사,B,SF205,각주항목(09.06월 이후)
40280,201903,0010129,한국투자증권,C23,파생상품계약_장외파생상품_주식관련거래,9032512275339,국내증권사,B,SF205,각주항목(09.06월 이후)
40281,201903,0010129,한국투자증권,C24,파생상품계약_장외파생상품_신용관련거래,955899333000,국내증권사,B,SF205,각주항목(09.06월 이후)
40282,201903,0010129,한국투자증권,C25,파생상품계약_장외파생상품_기타,2850186175061,국내증권사,B,SF205,각주항목(09.06월 이후)
40283,201903,0010129,한국투자증권,D,대차 및 대주거래,4148052009345,국내증권사,B,SF205,각주항목(09.06월 이후)
40284,201903,0010129,한국투자증권,D1,대차 및 대주거래_대여증권,892480601522,국내증권사,B,SF205,각주항목(09.06월 이후)
40285,201903,0010129,한국투자증권,D2,대차 및 대주거래_차입증권,3255571407823,국내증권사,B,SF205,각주항목(09.06월 이후)
40286,201903,0010129,한국투자증권,D3,대차 및 대주거래_신용거래대주, ,국내증권사,B,SF205,각주항목(09.06월 이후)
40287,201903,0010129,한국투자증권,E,대손상각채권,11738510199,국내증권사,B,SF205,각주항목(09.06월 이후)
40288,201903,0010129,한국투자증권,F,환전업무 예치금,0,국내증권사,B,SF205,각주항목(09.06월 이후)
40289,201903,0010129,한국투자증권,G,미배당별도예치금,755494876,국내증권사,B,SF205,각주항목(09.06월 이후)
40290,201903,0010129,한국투자증권,H,배서어음매출(종금계정),0,국내증권사,B,SF205,각주항목(09.06월 이후)
40291,201903,0010129,한국투자증권,H1,대출채권매매이익_담보부,0,국내증권사,B,SF205,각주항목(09.06월 이후)
40292,201903,0010129,한국투자증권,H2,대출채권매매이익_무담보부,0,국내증권사,B,SF205,각주항목(09.06월 이후)
40293,201906,0010129,한국투자증권,A,채무보증,4322799730347,국내증권사,B,SF205,각주항목(09.06월 이후)
40294,201906,0010129,한국투자증권,A1,채무보증_지급보증,0,국내증권사,B,SF205,각주항목(09.06월 이후)
40295,201906,0010129,한국투자증권,A2,채무보증_매입보장약정,1033565472741,국내증권사,B,SF205,각주항목(09.06월 이후)
40296,201906,0010129,한국투자증권,A3,채무보증_채무인수약정,0,국내증권사,B,SF205,각주항목(09.06월 이후)
40297,201906,0010129,한국투자증권,A5,채무보증_매입확약,3289234257606,국내증권사,B,SF205,각주항목(09.06월 이후)
40298,201906,0010129,한국투자증권,A6,채무보증_기타,0,국내증권사,B,SF205,각주항목(09.06월 이후)
40299,201906,0010129,한국투자증권,B,투자자의 예수증권 등,118940385238827,국내증권사,B,SF205,각주항목(09.06월 이후)
40300,201906,0010129,한국투자증권,B1,투자자의 예수증권 등_예수 증권,118940385238827,국내증권사,B,SF205,각주항목(09.06월 이후)
40301,201906,0010129,한국투자증권,B2,투자자의 예수증권 등_예수양도성예금증서,0,국내증권사,B,SF205,각주항목(09.06월 이후)
40302,201906,0010129,한국투자증권,B3,투자자의 예수증권 등_기타,0,국내증권사,B,SF205,각주항목(09.06월 이후)
40303,201906,0010129,한국투자증권,C,파생상품계약,52309454734894,국내증권사,B,SF205,각주항목(09.06월 이후)
40304,201906,0010129,한국투자증권,C1,파생상품계약_장내파생상품,16867480431895,국내증권사,B,SF205,각주항목(09.06월 이후)
40305,201906,0010129,한국투자증권,C11,파생상품계약_장내파생상품_이자율관련거래,2597104004675,국내증권사,B,SF205,각주항목(09.06월 이후)
40306,201906,0010129,한국투자증권,C12,파생상품계약_장내파생상품_통화관련거래,548988016020,국내증권사,B,SF205,각주항목(09.06월 이후)
40307,201906,0010129,한국투자증권,C13,파생상품계약_장내파생상품_주식관련거래,13649071623140,국내증권사,B,SF205,각주항목(09.06월 이후)
40308,201906,0010129,한국투자증권,C14,파생상품계약_장내파생상품_일반상품관련거래,62894004252,국내증권사,B,SF205,각주항목(09.06월 이후)
40309,201906,0010129,한국투자증권,C15,파생상품계약_장내파생상품_기타,9422783808,국내증권사,B,SF205,각주항목(09.06월 이후)
40310,201906,0010129,한국투자증권,C2,파생상품계약_장외파생상품,35441974302999,국내증권사,B,SF205,각주항목(09.06월 이후)
40311,201906,0010129,한국투자증권,C21,파생상품계약_장외파생상품_이자율관련거래,7362641504000,국내증권사,B,SF205,각주항목(09.06월 이후)
40312,201906,0010129,한국투자증권,C22,파생상품계약_장외파생상품_통화관련거래,13359644576745,국내증권사,B,SF205,각주항목(09.06월 이후)
40313,201906,0010129,한국투자증권,C23,파생상품계약_장외파생상품_주식관련거래,9517284546153,국내증권사,B,SF205,각주항목(09.06월 이후)
40314,201906,0010129,한국투자증권,C24,파생상품계약_장외파생상품_신용관련거래,1235759768000,국내증권사,B,SF205,각주항목(09.06월 이후)
40315,201906,0010129,한국투자증권,C25,파생상품계약_장외파생상품_기타,3966643908101,국내증권사,B,SF205,각주항목(09.06월 이후)
40316,201906,0010129,한국투자증권,D,대차 및 대주거래,5782183478986,국내증권사,B,SF205,각주항목(09.06월 이후)
40317,201906,0010129,한국투자증권,D1,대차 및 대주거래_대여증권,2020008380778,국내증권사,B,SF205,각주항목(09.06월 이후)
40318,201906,0010129,한국투자증권,D2,대차 및 대주거래_차입증권,3762175098208,국내증권사,B,SF205,각주항목(09.06월 이후)
40319,201906,0010129,한국투자증권,D3,대차 및 대주거래_신용거래대주,0,국내증권사,B,SF205,각주항목(09.06월 이후)
40320,201906,0010129,한국투자증권,E,대손상각채권,14339436283,국내증권사,B,SF205,각주항목(09.06월 이후)
40321,201906,0010129,한국투자증권,F,환전업무 예치금,0,국내증권사,B,SF205,각주항목(09.06월 이후)
40322,201906,0010129,한국투자증권,G,미배당별도예치금,1521570812,국내증권사,B,SF205,각주항목(09.06월 이후)
40323,201906,0010129,한국투자증권,H,배서어음매출(종금계정),0,국내증권사,B,SF205,각주항목(09.06월 이후)
40324,201906,0010129,한국투자증권,H1,대출채권매매이익_담보부,0,국내증권사,B,SF205,각주항목(09.06월 이후)
40325,201906,0010129,한국투자증권,H2,대출채권매매이익_무담보부,0,국내증권사,B,SF205,각주항목(09.06월 이후)
40326,201909,0010129,한국투자증권,A,채무보증,4155869516612,국내증권사,B,SF205,각주항목(09.06월 이후)
40327,201909,0010129,한국투자증권,A1,채무보증_지급보증,0,국내증권사,B,SF205,각주항목(09.06월 이후)
40328,201909,0010129,한국투자증권,A2,채무보증_매입보장약정,675971997318,국내증권사,B,SF205,각주항목(09.06월 이후)
40329,201909,0010129,한국투자증권,A3,채무보증_채무인수약정,0,국내증권사,B,SF205,각주항목(09.06월 이후)
40330,201909,0010129,한국투자증권,A5,채무보증_매입확약,3479897519294,국내증권사,B,SF205,각주항목(09.06월 이후)
40331,201909,0010129,한국투자증권,A6,채무보증_기타,0,국내증권사,B,SF205,각주항목(09.06월 이후)
40332,201909,0010129,한국투자증권,B,투자자의 예수증권 등,116598426929414,국내증권사,B,SF205,각주항목(09.06월 이후)
40333,201909,0010129,한국투자증권,B1,투자자의 예수증권 등_예수 증권,116598426929414,국내증권사,B,SF205,각주항목(09.06월 이후)
40334,201909,0010129,한국투자증권,B2,투자자의 예수증권 등_예수양도성예금증서,0,국내증권사,B,SF205,각주항목(09.06월 이후)
40335,201909,0010129,한국투자증권,B3,투자자의 예수증권 등_기타,0,국내증권사,B,SF205,각주항목(09.06월 이후)
40336,201909,0010129,한국투자증권,C,파생상품계약,58717818989871,국내증권사,B,SF205,각주항목(09.06월 이후)
40337,201909,0010129,한국투자증권,C1,파생상품계약_장내파생상품,21935225804583,국내증권사,B,SF205,각주항목(09.06월 이후)
40338,201909,0010129,한국투자증권,C11,파생상품계약_장내파생상품_이자율관련거래,4002383454609,국내증권사,B,SF205,각주항목(09.06월 이후)
40339,201909,0010129,한국투자증권,C12,파생상품계약_장내파생상품_통화관련거래,516529651811,국내증권사,B,SF205,각주항목(09.06월 이후)
40340,201909,0010129,한국투자증권,C13,파생상품계약_장내파생상품_주식관련거래,17283972576846,국내증권사,B,SF205,각주항목(09.06월 이후)
40341,201909,0010129,한국투자증권,C14,파생상품계약_장내파생상품_일반상품관련거래,106312743504,국내증권사,B,SF205,각주항목(09.06월 이후)
40342,201909,0010129,한국투자증권,C15,파생상품계약_장내파생상품_기타,26027377813,국내증권사,B,SF205,각주항목(09.06월 이후)
40343,201909,0010129,한국투자증권,C2,파생상품계약_장외파생상품,36782593185288,국내증권사,B,SF205,각주항목(09.06월 이후)
40344,201909,0010129,한국투자증권,C21,파생상품계약_장외파생상품_이자율관련거래,7381255614000,국내증권사,B,SF205,각주항목(09.06월 이후)
40345,201909,0010129,한국투자증권,C22,파생상품계약_장외파생상품_통화관련거래,14249405737374,국내증권사,B,SF205,각주항목(09.06월 이후)
40346,201909,0010129,한국투자증권,C23,파생상품계약_장외파생상품_주식관련거래,9017504515034,국내증권사,B,SF205,각주항목(09.06월 이후)
40347,201909,0010129,한국투자증권,C24,파생상품계약_장외파생상품_신용관련거래,1447135770500,국내증권사,B,SF205,각주항목(09.06월 이후)
40348,201909,0010129,한국투자증권,C25,파생상품계약_장외파생상품_기타,4687291548380,국내증권사,B,SF205,각주항목(09.06월 이후)
40349,201909,0010129,한국투자증권,D,대차 및 대주거래,5904644696879,국내증권사,B,SF205,각주항목(09.06월 이후)
40350,201909,0010129,한국투자증권,D1,대차 및 대주거래_대여증권,2044419735882,국내증권사,B,SF205,각주항목(09.06월 이후)
40351,201909,0010129,한국투자증권,D2,대차 및 대주거래_차입증권,3860224960997,국내증권사,B,SF205,각주항목(09.06월 이후)
40352,201909,0010129,한국투자증권,D3,대차 및 대주거래_신용거래대주,0,국내증권사,B,SF205,각주항목(09.06월 이후)
40353,201909,0010129,한국투자증권,E,대손상각채권,14344436283,국내증권사,B,SF205,각주항목(09.06월 이후)
40354,201909,0010129,한국투자증권,F,환전업무 예치금,0,국내증권사,B,SF205,각주항목(09.06월 이후)
40355,201909,0010129,한국투자증권,G,미배당별도예치금,2565386465,국내증권사,B,SF205,각주항목(09.06월 이후)
40356,201909,0010129,한국투자증권,H,배서어음매출(종금계정),0,국내증권사,B,SF205,각주항목(09.06월 이후)
40357,201909,0010129,한국투자증권,H1,대출채권매매이익_담보부,0,국내증권사,B,SF205,각주항목(09.06월 이후)
40358,201909,0010129,한국투자증권,H2,대출채권매매이익_무담보부,0,국내증권사,B,SF205,각주항목(09.06월 이후)
40359,201912,0010129,한국투자증권,A,채무보증,3954428436754,국내증권사,B,SF205,각주항목(09.06월 이후)
40360,201912,0010129,한국투자증권,A1,채무보증_지급보증,0,국내증권사,B,SF205,각주항목(09.06월 이후)
40361,201912,0010129,한국투자증권,A2,채무보증_매입보장약정,628404307464,국내증권사,B,SF205,각주항목(09.06월 이후)
40362,201912,0010129,한국투자증권,A3,채무보증_채무인수약정,0,국내증권사,B,SF205,각주항목(09.06월 이후)
40363,201912,0010129,한국투자증권,A5,채무보증_매입확약,3326024129290,국내증권사,B,SF205,각주항목(09.06월 이후)
40364,201912,0010129,한국투자증권,A6,채무보증_기타,0,국내증권사,B,SF205,각주항목(09.06월 이후)
40365,201912,0010129,한국투자증권,B,투자자의 예수증권 등,125206430720535,국내증권사,B,SF205,각주항목(09.06월 이후)
40366,201912,0010129,한국투자증권,B1,투자자의 예수증권 등_예수 증권,125206430720535,국내증권사,B,SF205,각주항목(09.06월 이후)
40367,201912,0010129,한국투자증권,B2,투자자의 예수증권 등_예수양도성예금증서,0,국내증권사,B,SF205,각주항목(09.06월 이후)
40368,201912,0010129,한국투자증권,B3,투자자의 예수증권 등_기타,0,국내증권사,B,SF205,각주항목(09.06월 이후)
40369,201912,0010129,한국투자증권,C,파생상품계약,64852654784321,국내증권사,B,SF205,각주항목(09.06월 이후)
40370,201912,0010129,한국투자증권,C1,파생상품계약_장내파생상품,23817470760405,국내증권사,B,SF205,각주항목(09.06월 이후)
40371,201912,0010129,한국투자증권,C11,파생상품계약_장내파생상품_이자율관련거래,2437967913972,국내증권사,B,SF205,각주항목(09.06월 이후)
40372,201912,0010129,한국투자증권,C12,파생상품계약_장내파생상품_통화관련거래,735706133798,국내증권사,B,SF205,각주항목(09.06월 이후)
40373,201912,0010129,한국투자증권,C13,파생상품계약_장내파생상품_주식관련거래,20563759289582,국내증권사,B,SF205,각주항목(09.06월 이후)
40374,201912,0010129,한국투자증권,C14,파생상품계약_장내파생상품_일반상품관련거래,57653675653,국내증권사,B,SF205,각주항목(09.06월 이후)
40375,201912,0010129,한국투자증권,C15,파생상품계약_장내파생상품_기타,22383747400,국내증권사,B,SF205,각주항목(09.06월 이후)
40376,201912,0010129,한국투자증권,C2,파생상품계약_장외파생상품,41035184023916,국내증권사,B,SF205,각주항목(09.06월 이후)
40377,201912,0010129,한국투자증권,C21,파생상품계약_장외파생상품_이자율관련거래,7685841524000,국내증권사,B,SF205,각주항목(09.06월 이후)
40378,201912,0010129,한국투자증권,C22,파생상품계약_장외파생상품_통화관련거래,17931003810152,국내증권사,B,SF205,각주항목(09.06월 이후)
40379,201912,0010129,한국투자증권,C23,파생상품계약_장외파생상품_주식관련거래,8979362166655,국내증권사,B,SF205,각주항목(09.06월 이후)
40380,201912,0010129,한국투자증권,C24,파생상품계약_장외파생상품_신용관련거래,1349300373000,국내증권사,B,SF205,각주항목(09.06월 이후)
40381,201912,0010129,한국투자증권,C25,파생상품계약_장외파생상품_기타,5089676150109,국내증권사,B,SF205,각주항목(09.06월 이후)
40382,201912,0010129,한국투자증권,D,대차 및 대주거래,5810743660832,국내증권사,B,SF205,각주항목(09.06월 이후)
40383,201912,0010129,한국투자증권,D1,대차 및 대주거래_대여증권,1660450753585,국내증권사,B,SF205,각주항목(09.06월 이후)
40384,201912,0010129,한국투자증권,D2,대차 및 대주거래_차입증권,4150292907247,국내증권사,B,SF205,각주항목(09.06월 이후)
40385,201912,0010129,한국투자증권,D3,대차 및 대주거래_신용거래대주,0,국내증권사,B,SF205,각주항목(09.06월 이후)
40386,201912,0010129,한국투자증권,E,대손상각채권,16950362367,국내증권사,B,SF205,각주항목(09.06월 이후)
40387,201912,0010129,한국투자증권,F,환전업무 예치금,0,국내증권사,B,SF205,각주항목(09.06월 이후)
40388,201912,0010129,한국투자증권,G,미배당별도예치금,3873528407,국내증권사,B,SF205,각주항목(09.06월 이후)
40389,201912,0010129,한국투자증권,H,배서어음매출(종금계정),0,국내증권사,B,SF205,각주항목(09.06월 이후)
40390,201912,0010129,한국투자증권,H1,대출채권매매이익_담보부,0,국내증권사,B,SF205,각주항목(09.06월 이후)
40391,201912,0010129,한국투자증권,H2,대출채권매매이익_무담보부,0,국내증권사,B,SF205,각주항목(09.06월 이후)
40392,202003,0010129,한국투자증권,A,채무보증,3722531303170,국내증권사,B,SF205,각주항목(09.06월 이후)
40393,202003,0010129,한국투자증권,A1,채무보증_지급보증,0,국내증권사,B,SF205,각주항목(09.06월 이후)
40394,202003,0010129,한국투자증권,A2,채무보증_매입보장약정,696803954221,국내증권사,B,SF205,각주항목(09.06월 이후)
40395,202003,0010129,한국투자증권,A3,채무보증_채무인수약정,0,국내증권사,B,SF205,각주항목(09.06월 이후)
40396,202003,0010129,한국투자증권,A5,채무보증_매입확약,3025727348949,국내증권사,B,SF205,각주항목(09.06월 이후)
40397,202003,0010129,한국투자증권,A6,채무보증_기타,0,국내증권사,B,SF205,각주항목(09.06월 이후)
40398,202003,0010129,한국투자증권,B,투자자의 예수증권 등,115596948223522,국내증권사,B,SF205,각주항목(09.06월 이후)
40399,202003,0010129,한국투자증권,B1,투자자의 예수증권 등_예수 증권,115596948223522,국내증권사,B,SF205,각주항목(09.06월 이후)
40400,202003,0010129,한국투자증권,B2,투자자의 예수증권 등_예수양도성예금증서,0,국내증권사,B,SF205,각주항목(09.06월 이후)
40401,202003,0010129,한국투자증권,B3,투자자의 예수증권 등_기타,0,국내증권사,B,SF205,각주항목(09.06월 이후)
40402,202003,0010129,한국투자증권,C,파생상품계약,77497196731475,국내증권사,B,SF205,각주항목(09.06월 이후)
40403,202003,0010129,한국투자증권,C1,파생상품계약_장내파생상품,20660343179511,국내증권사,B,SF205,각주항목(09.06월 이후)
40404,202003,0010129,한국투자증권,C11,파생상품계약_장내파생상품_이자율관련거래,3218374813731,국내증권사,B,SF205,각주항목(09.06월 이후)
40405,202003,0010129,한국투자증권,C12,파생상품계약_장내파생상품_통화관련거래,1355878380191,국내증권사,B,SF205,각주항목(09.06월 이후)
40406,202003,0010129,한국투자증권,C13,파생상품계약_장내파생상품_주식관련거래,15845646607746,국내증권사,B,SF205,각주항목(09.06월 이후)
40407,202003,0010129,한국투자증권,C14,파생상품계약_장내파생상품_일반상품관련거래,218214896011,국내증권사,B,SF205,각주항목(09.06월 이후)
40408,202003,0010129,한국투자증권,C15,파생상품계약_장내파생상품_기타,22228481832,국내증권사,B,SF205,각주항목(09.06월 이후)
40409,202003,0010129,한국투자증권,C2,파생상품계약_장외파생상품,56836853551964,국내증권사,B,SF205,각주항목(09.06월 이후)
40410,202003,0010129,한국투자증권,C21,파생상품계약_장외파생상품_이자율관련거래,7836903108000,국내증권사,B,SF205,각주항목(09.06월 이후)
40411,202003,0010129,한국투자증권,C22,파생상품계약_장외파생상품_통화관련거래,27538595922308,국내증권사,B,SF205,각주항목(09.06월 이후)
40412,202003,0010129,한국투자증권,C23,파생상품계약_장외파생상품_주식관련거래,13738486519689,국내증권사,B,SF205,각주항목(09.06월 이후)
40413,202003,0010129,한국투자증권,C24,파생상품계약_장외파생상품_신용관련거래,1432243241000,국내증권사,B,SF205,각주항목(09.06월 이후)
40414,202003,0010129,한국투자증권,C25,파생상품계약_장외파생상품_기타,6290624760967,국내증권사,B,SF205,각주항목(09.06월 이후)
40415,202003,0010129,한국투자증권,D,대차 및 대주거래,8261531190113,국내증권사,B,SF205,각주항목(09.06월 이후)
40416,202003,0010129,한국투자증권,D1,대차 및 대주거래_대여증권,1673737662497,국내증권사,B,SF205,각주항목(09.06월 이후)
40417,202003,0010129,한국투자증권,D2,대차 및 대주거래_차입증권,6587793527616,국내증권사,B,SF205,각주항목(09.06월 이후)
40418,202003,0010129,한국투자증권,D3,대차 및 대주거래_신용거래대주,0,국내증권사,B,SF205,각주항목(09.06월 이후)
40419,202003,0010129,한국투자증권,E,대손상각채권,16950362367,국내증권사,B,SF205,각주항목(09.06월 이후)
40420,202003,0010129,한국투자증권,F,환전업무 예치금,0,국내증권사,B,SF205,각주항목(09.06월 이후)
40421,202003,0010129,한국투자증권,G,미배당별도예치금,1568945548,국내증권사,B,SF205,각주항목(09.06월 이후)
40422,202003,0010129,한국투자증권,H,배서어음매출(종금계정),0,국내증권사,B,SF205,각주항목(09.06월 이후)
40423,202003,0010129,한국투자증권,H1,대출채권매매이익_담보부,0,국내증권사,B,SF205,각주항목(09.06월 이후)
40424,202003,0010129,한국투자증권,H2,대출채권매매이익_무담보부,0,국내증권사,B,SF205,각주항목(09.06월 이후)
40425,202006,0010129,한국투자증권,A,채무보증,3822945779118,국내증권사,B,SF205,각주항목(09.06월 이후)
40426,202006,0010129,한국투자증권,A1,채무보증_지급보증,0,국내증권사,B,SF205,각주항목(09.06월 이후)
40427,202006,0010129,한국투자증권,A2,채무보증_매입보장약정,412617645242,국내증권사,B,SF205,각주항목(09.06월 이후)
40428,202006,0010129,한국투자증권,A3,채무보증_채무인수약정,0,국내증권사,B,SF205,각주항목(09.06월 이후)
40429,202006,0010129,한국투자증권,A5,채무보증_매입확약,3410328133876,국내증권사,B,SF205,각주항목(09.06월 이후)
40430,202006,0010129,한국투자증권,A6,채무보증_기타,0,국내증권사,B,SF205,각주항목(09.06월 이후)
40431,202006,0010129,한국투자증권,B,투자자의 예수증권 등,138444220432555,국내증권사,B,SF205,각주항목(09.06월 이후)
40432,202006,0010129,한국투자증권,B1,투자자의 예수증권 등_예수 증권,138444220432555,국내증권사,B,SF205,각주항목(09.06월 이후)
40433,202006,0010129,한국투자증권,B2,투자자의 예수증권 등_예수양도성예금증서,0,국내증권사,B,SF205,각주항목(09.06월 이후)
40434,202006,0010129,한국투자증권,B3,투자자의 예수증권 등_기타,0,국내증권사,B,SF205,각주항목(09.06월 이후)
40435,202006,0010129,한국투자증권,C,파생상품계약,64616449140995,국내증권사,B,SF205,각주항목(09.06월 이후)
40436,202006,0010129,한국투자증권,C1,파생상품계약_장내파생상품,16486268893812,국내증권사,B,SF205,각주항목(09.06월 이후)
40437,202006,0010129,한국투자증권,C11,파생상품계약_장내파생상품_이자율관련거래,2444127523855,국내증권사,B,SF205,각주항목(09.06월 이후)
40438,202006,0010129,한국투자증권,C12,파생상품계약_장내파생상품_통화관련거래,672906273327,국내증권사,B,SF205,각주항목(09.06월 이후)
40439,202006,0010129,한국투자증권,C13,파생상품계약_장내파생상품_주식관련거래,13184755916512,국내증권사,B,SF205,각주항목(09.06월 이후)
40440,202006,0010129,한국투자증권,C14,파생상품계약_장내파생상품_일반상품관련거래,165803084080,국내증권사,B,SF205,각주항목(09.06월 이후)
40441,202006,0010129,한국투자증권,C15,파생상품계약_장내파생상품_기타,18676096038,국내증권사,B,SF205,각주항목(09.06월 이후)
40442,202006,0010129,한국투자증권,C2,파생상품계약_장외파생상품,48130180247183,국내증권사,B,SF205,각주항목(09.06월 이후)
40443,202006,0010129,한국투자증권,C21,파생상품계약_장외파생상품_이자율관련거래,8803651406000,국내증권사,B,SF205,각주항목(09.06월 이후)
40444,202006,0010129,한국투자증권,C22,파생상품계약_장외파생상품_통화관련거래,22406288358029,국내증권사,B,SF205,각주항목(09.06월 이후)
40445,202006,0010129,한국투자증권,C23,파생상품계약_장외파생상품_주식관련거래,7997152058361,국내증권사,B,SF205,각주항목(09.06월 이후)
40446,202006,0010129,한국투자증권,C24,파생상품계약_장외파생상품_신용관련거래,1541556799500,국내증권사,B,SF205,각주항목(09.06월 이후)
40447,202006,0010129,한국투자증권,C25,파생상품계약_장외파생상품_기타,7381531625293,국내증권사,B,SF205,각주항목(09.06월 이후)
40448,202006,0010129,한국투자증권,D,대차 및 대주거래,7492068487934,국내증권사,B,SF205,각주항목(09.06월 이후)
40449,202006,0010129,한국투자증권,D1,대차 및 대주거래_대여증권,1427816704249,국내증권사,B,SF205,각주항목(09.06월 이후)
40450,202006,0010129,한국투자증권,D2,대차 및 대주거래_차입증권,6064251783685,국내증권사,B,SF205,각주항목(09.06월 이후)
40451,202006,0010129,한국투자증권,D3,대차 및 대주거래_신용거래대주,0,국내증권사,B,SF205,각주항목(09.06월 이후)
40452,202006,0010129,한국투자증권,E,대손상각채권,16950362367,국내증권사,B,SF205,각주항목(09.06월 이후)
40453,202006,0010129,한국투자증권,F,환전업무 예치금,0,국내증권사,B,SF205,각주항목(09.06월 이후)
40454,202006,0010129,한국투자증권,G,미배당별도예치금,5409071587,국내증권사,B,SF205,각주항목(09.06월 이후)
40455,202006,0010129,한국투자증권,H,배서어음매출(종금계정),0,국내증권사,B,SF205,각주항목(09.06월 이후)
40456,202006,0010129,한국투자증권,H1,대출채권매매이익_담보부,0,국내증권사,B,SF205,각주항목(09.06월 이후)
40457,202006,0010129,한국투자증권,H2,대출채권매매이익_무담보부,0,국내증권사,B,SF205,각주항목(09.06월 이후)
40458,202009,0010129,한국투자증권,A,채무보증,3913262426847,국내증권사,B,SF205,각주항목(09.06월 이후)
40459,202009,0010129,한국투자증권,A1,채무보증_지급보증,0,국내증권사,B,SF205,각주항목(09.06월 이후)
40460,202009,0010129,한국투자증권,A2,채무보증_매입보장약정,455275923092,국내증권사,B,SF205,각주항목(09.06월 이후)
40461,202009,0010129,한국투자증권,A3,채무보증_채무인수약정,0,국내증권사,B,SF205,각주항목(09.06월 이후)
40462,202009,0010129,한국투자증권,A5,채무보증_매입확약,3457986503755,국내증권사,B,SF205,각주항목(09.06월 이후)
40463,202009,0010129,한국투자증권,A6,채무보증_기타,0,국내증권사,B,SF205,각주항목(09.06월 이후)
40464,202009,0010129,한국투자증권,B,투자자의 예수증권 등,162884154294450,국내증권사,B,SF205,각주항목(09.06월 이후)
40465,202009,0010129,한국투자증권,B1,투자자의 예수증권 등_예수 증권,162884154294450,국내증권사,B,SF205,각주항목(09.06월 이후)
40466,202009,0010129,한국투자증권,B2,투자자의 예수증권 등_예수양도성예금증서,0,국내증권사,B,SF205,각주항목(09.06월 이후)
40467,202009,0010129,한국투자증권,B3,투자자의 예수증권 등_기타,0,국내증권사,B,SF205,각주항목(09.06월 이후)
40468,202009,0010129,한국투자증권,C,파생상품계약,72129171759894,국내증권사,B,SF205,각주항목(09.06월 이후)
40469,202009,0010129,한국투자증권,C1,파생상품계약_장내파생상품,24973323675128,국내증권사,B,SF205,각주항목(09.06월 이후)
40470,202009,0010129,한국투자증권,C11,파생상품계약_장내파생상품_이자율관련거래,3300843075974,국내증권사,B,SF205,각주항목(09.06월 이후)
40471,202009,0010129,한국투자증권,C12,파생상품계약_장내파생상품_통화관련거래,540062657662,국내증권사,B,SF205,각주항목(09.06월 이후)
40472,202009,0010129,한국투자증권,C13,파생상품계약_장내파생상품_주식관련거래,20950323784318,국내증권사,B,SF205,각주항목(09.06월 이후)
40473,202009,0010129,한국투자증권,C14,파생상품계약_장내파생상품_일반상품관련거래,165273982684,국내증권사,B,SF205,각주항목(09.06월 이후)
40474,202009,0010129,한국투자증권,C15,파생상품계약_장내파생상품_기타,16820174490,국내증권사,B,SF205,각주항목(09.06월 이후)
40475,202009,0010129,한국투자증권,C2,파생상품계약_장외파생상품,47155848084766,국내증권사,B,SF205,각주항목(09.06월 이후)
40476,202009,0010129,한국투자증권,C21,파생상품계약_장외파생상품_이자율관련거래,8865555630000,국내증권사,B,SF205,각주항목(09.06월 이후)
40477,202009,0010129,한국투자증권,C22,파생상품계약_장외파생상품_통화관련거래,20334495341248,국내증권사,B,SF205,각주항목(09.06월 이후)
40478,202009,0010129,한국투자증권,C23,파생상품계약_장외파생상품_주식관련거래,8156764504314,국내증권사,B,SF205,각주항목(09.06월 이후)
40479,202009,0010129,한국투자증권,C24,파생상품계약_장외파생상품_신용관련거래,1517667447500,국내증권사,B,SF205,각주항목(09.06월 이후)
40480,202009,0010129,한국투자증권,C25,파생상품계약_장외파생상품_기타,8281365161704,국내증권사,B,SF205,각주항목(09.06월 이후)
40481,202009,0010129,한국투자증권,D,대차 및 대주거래,6241493103026,국내증권사,B,SF205,각주항목(09.06월 이후)
40482,202009,0010129,한국투자증권,D1,대차 및 대주거래_대여증권,1050982938842,국내증권사,B,SF205,각주항목(09.06월 이후)
40483,202009,0010129,한국투자증권,D2,대차 및 대주거래_차입증권,5190510164184,국내증권사,B,SF205,각주항목(09.06월 이후)
40484,202009,0010129,한국투자증권,D3,대차 및 대주거래_신용거래대주,0,국내증권사,B,SF205,각주항목(09.06월 이후)
40485,202009,0010129,한국투자증권,E,대손상각채권,16950362367,국내증권사,B,SF205,각주항목(09.06월 이후)
40486,202009,0010129,한국투자증권,F,환전업무 예치금,0,국내증권사,B,SF205,각주항목(09.06월 이후)
40487,202009,0010129,한국투자증권,G,미배당별도예치금,10178965999,국내증권사,B,SF205,각주항목(09.06월 이후)
40488,202009,0010129,한국투자증권,H,배서어음매출(종금계정),0,국내증권사,B,SF205,각주항목(09.06월 이후)
40489,202009,0010129,한국투자증권,H1,대출채권매매이익_담보부,0,국내증권사,B,SF205,각주항목(09.06월 이후)
40490,202009,0010129,한국투자증권,H2,대출채권매매이익_무담보부,0,국내증권사,B,SF205,각주항목(09.06월 이후)
40491,202012,0010129,한국투자증권,A,채무보증,3552871267462,국내증권사,B,SF205,각주항목(09.06월 이후)
40492,202012,0010129,한국투자증권,A1,채무보증_지급보증,0,국내증권사,B,SF205,각주항목(09.06월 이후)
40493,202012,0010129,한국투자증권,A2,채무보증_매입보장약정,299413685197,국내증권사,B,SF205,각주항목(09.06월 이후)
40494,202012,0010129,한국투자증권,A3,채무보증_채무인수약정,0,국내증권사,B,SF205,각주항목(09.06월 이후)
40495,202012,0010129,한국투자증권,A5,채무보증_매입확약,3253457582265,국내증권사,B,SF205,각주항목(09.06월 이후)
40496,202012,0010129,한국투자증권,A6,채무보증_기타,0,국내증권사,B,SF205,각주항목(09.06월 이후)
40497,202012,0010129,한국투자증권,B,투자자의 예수증권 등,189439673473994,국내증권사,B,SF205,각주항목(09.06월 이후)
40498,202012,0010129,한국투자증권,B1,투자자의 예수증권 등_예수 증권,189439673473994,국내증권사,B,SF205,각주항목(09.06월 이후)
40499,202012,0010129,한국투자증권,B2,투자자의 예수증권 등_예수양도성예금증서,0,국내증권사,B,SF205,각주항목(09.06월 이후)
40500,202012,0010129,한국투자증권,B3,투자자의 예수증권 등_기타,0,국내증권사,B,SF205,각주항목(09.06월 이후)
40501,202012,0010129,한국투자증권,C,파생상품계약,56798074797906,국내증권사,B,SF205,각주항목(09.06월 이후)
40502,202012,0010129,한국투자증권,C1,파생상품계약_장내파생상품,15082823632144,국내증권사,B,SF205,각주항목(09.06월 이후)
40503,202012,0010129,한국투자증권,C11,파생상품계약_장내파생상품_이자율관련거래,3128470253500,국내증권사,B,SF205,각주항목(09.06월 이후)
40504,202012,0010129,한국투자증권,C12,파생상품계약_장내파생상품_통화관련거래,736678597248,국내증권사,B,SF205,각주항목(09.06월 이후)
40505,202012,0010129,한국투자증권,C13,파생상품계약_장내파생상품_주식관련거래,11071092273236,국내증권사,B,SF205,각주항목(09.06월 이후)
40506,202012,0010129,한국투자증권,C14,파생상품계약_장내파생상품_일반상품관련거래,140579957760,국내증권사,B,SF205,각주항목(09.06월 이후)
40507,202012,0010129,한국투자증권,C15,파생상품계약_장내파생상품_기타,6002550400,국내증권사,B,SF205,각주항목(09.06월 이후)
40508,202012,0010129,한국투자증권,C2,파생상품계약_장외파생상품,41715251165762,국내증권사,B,SF205,각주항목(09.06월 이후)
40509,202012,0010129,한국투자증권,C21,파생상품계약_장외파생상품_이자율관련거래,8622531040000,국내증권사,B,SF205,각주항목(09.06월 이후)
40510,202012,0010129,한국투자증권,C22,파생상품계약_장외파생상품_통화관련거래,16781149763003,국내증권사,B,SF205,각주항목(09.06월 이후)
40511,202012,0010129,한국투자증권,C23,파생상품계약_장외파생상품_주식관련거래,5588707508219,국내증권사,B,SF205,각주항목(09.06월 이후)
40512,202012,0010129,한국투자증권,C24,파생상품계약_장외파생상품_신용관련거래,1420814080000,국내증권사,B,SF205,각주항목(09.06월 이후)
40513,202012,0010129,한국투자증권,C25,파생상품계약_장외파생상품_기타,9302048774540,국내증권사,B,SF205,각주항목(09.06월 이후)
40514,202012,0010129,한국투자증권,D,대차 및 대주거래,5152686108209,국내증권사,B,SF205,각주항목(09.06월 이후)
40515,202012,0010129,한국투자증권,D1,대차 및 대주거래_대여증권,991666429391,국내증권사,B,SF205,각주항목(09.06월 이후)
40516,202012,0010129,한국투자증권,D2,대차 및 대주거래_차입증권,4161019678818,국내증권사,B,SF205,각주항목(09.06월 이후)
40517,202012,0010129,한국투자증권,D3,대차 및 대주거래_신용거래대주,0,국내증권사,B,SF205,각주항목(09.06월 이후)
40518,202012,0010129,한국투자증권,E,대손상각채권,16950362367,국내증권사,B,SF205,각주항목(09.06월 이후)
40519,202012,0010129,한국투자증권,F,환전업무 예치금,0,국내증권사,B,SF205,각주항목(09.06월 이후)
40520,202012,0010129,한국투자증권,G,미배당별도예치금,14411170212,국내증권사,B,SF205,각주항목(09.06월 이후)
40521,202012,0010129,한국투자증권,H,배서어음매출(종금계정),0,국내증권사,B,SF205,각주항목(09.06월 이후)
40522,202012,0010129,한국투자증권,H1,대출채권매매이익_담보부,0,국내증권사,B,SF205,각주항목(09.06월 이후)
40523,202012,0010129,한국투자증권,H2,대출채권매매이익_무담보부,0,국내증권사,B,SF205,각주항목(09.06월 이후)
40524,202103,0010129,한국투자증권,A,채무보증,3460892674707,국내증권사,B,SF205,각주항목(09.06월 이후)
40525,202103,0010129,한국투자증권,A1,채무보증_지급보증,0,국내증권사,B,SF205,각주항목(09.06월 이후)
40526,202103,0010129,한국투자증권,A2,채무보증_매입보장약정,307028034435,국내증권사,B,SF205,각주항목(09.06월 이후)
40527,202103,0010129,한국투자증권,A3,채무보증_채무인수약정,0,국내증권사,B,SF205,각주항목(09.06월 이후)
40528,202103,0010129,한국투자증권,A5,채무보증_매입확약,3153864640272,국내증권사,B,SF205,각주항목(09.06월 이후)
40529,202103,0010129,한국투자증권,A6,채무보증_기타,0,국내증권사,B,SF205,각주항목(09.06월 이후)
40530,202103,0010129,한국투자증권,B,투자자의 예수증권 등,199264326983105,국내증권사,B,SF205,각주항목(09.06월 이후)
40531,202103,0010129,한국투자증권,B1,투자자의 예수증권 등_예수 증권,199264326983105,국내증권사,B,SF205,각주항목(09.06월 이후)
40532,202103,0010129,한국투자증권,B2,투자자의 예수증권 등_예수양도성예금증서,0,국내증권사,B,SF205,각주항목(09.06월 이후)
40533,202103,0010129,한국투자증권,B3,투자자의 예수증권 등_기타,0,국내증권사,B,SF205,각주항목(09.06월 이후)
40534,202103,0010129,한국투자증권,C,파생상품계약,61280142080953,국내증권사,B,SF205,각주항목(09.06월 이후)
40535,202103,0010129,한국투자증권,C1,파생상품계약_장내파생상품,22092071582414,국내증권사,B,SF205,각주항목(09.06월 이후)
40536,202103,0010129,한국투자증권,C11,파생상품계약_장내파생상품_이자율관련거래,4244166604259,국내증권사,B,SF205,각주항목(09.06월 이후)
40537,202103,0010129,한국투자증권,C12,파생상품계약_장내파생상품_통화관련거래,375819126897,국내증권사,B,SF205,각주항목(09.06월 이후)
40538,202103,0010129,한국투자증권,C13,파생상품계약_장내파생상품_주식관련거래,17418346242204,국내증권사,B,SF205,각주항목(09.06월 이후)
40539,202103,0010129,한국투자증권,C14,파생상품계약_장내파생상품_일반상품관련거래,50494251199,국내증권사,B,SF205,각주항목(09.06월 이후)
40540,202103,0010129,한국투자증권,C15,파생상품계약_장내파생상품_기타,3245357855,국내증권사,B,SF205,각주항목(09.06월 이후)
40541,202103,0010129,한국투자증권,C2,파생상품계약_장외파생상품,39188070498539,국내증권사,B,SF205,각주항목(09.06월 이후)
40542,202103,0010129,한국투자증권,C21,파생상품계약_장외파생상품_이자율관련거래,9305282430000,국내증권사,B,SF205,각주항목(09.06월 이후)
40543,202103,0010129,한국투자증권,C22,파생상품계약_장외파생상품_통화관련거래,14749427151177,국내증권사,B,SF205,각주항목(09.06월 이후)
40544,202103,0010129,한국투자증권,C23,파생상품계약_장외파생상품_주식관련거래,5693798290730,국내증권사,B,SF205,각주항목(09.06월 이후)
40545,202103,0010129,한국투자증권,C24,파생상품계약_장외파생상품_신용관련거래,1459866047500,국내증권사,B,SF205,각주항목(09.06월 이후)
40546,202103,0010129,한국투자증권,C25,파생상품계약_장외파생상품_기타,7979696579132,국내증권사,B,SF205,각주항목(09.06월 이후)
40547,202103,0010129,한국투자증권,D,대차 및 대주거래,5208884393997,국내증권사,B,SF205,각주항목(09.06월 이후)
40548,202103,0010129,한국투자증권,D1,대차 및 대주거래_대여증권,1048321563969,국내증권사,B,SF205,각주항목(09.06월 이후)
40549,202103,0010129,한국투자증권,D2,대차 및 대주거래_차입증권,4160562830028,국내증권사,B,SF205,각주항목(09.06월 이후)
40550,202103,0010129,한국투자증권,D3,대차 및 대주거래_신용거래대주,0,국내증권사,B,SF205,각주항목(09.06월 이후)
40551,202103,0010129,한국투자증권,E,대손상각채권,16950362367,국내증권사,B,SF205,각주항목(09.06월 이후)
40552,202103,0010129,한국투자증권,F,환전업무 예치금,0,국내증권사,B,SF205,각주항목(09.06월 이후)
40553,202103,0010129,한국투자증권,G,미배당별도예치금,3632939596,국내증권사,B,SF205,각주항목(09.06월 이후)
40554,202103,0010129,한국투자증권,H,배서어음매출(종금계정),0,국내증권사,B,SF205,각주항목(09.06월 이후)
40555,202103,0010129,한국투자증권,H1,대출채권매매이익_담보부,0,국내증권사,B,SF205,각주항목(09.06월 이후)
40556,202103,0010129,한국투자증권,H2,대출채권매매이익_무담보부,0,국내증권사,B,SF205,각주항목(09.06월 이후)
40557,202106,0010129,한국투자증권,A,채무보증,3704593331088,국내증권사,B,SF205,각주항목(09.06월 이후)
40558,202106,0010129,한국투자증권,A1,채무보증_지급보증,0,국내증권사,B,SF205,각주항목(09.06월 이후)
40559,202106,0010129,한국투자증권,A2,채무보증_매입보장약정,266618644223,국내증권사,B,SF205,각주항목(09.06월 이후)
40560,202106,0010129,한국투자증권,A3,채무보증_채무인수약정,0,국내증권사,B,SF205,각주항목(09.06월 이후)
40561,202106,0010129,한국투자증권,A5,채무보증_매입확약,3437974686865,국내증권사,B,SF205,각주항목(09.06월 이후)
40562,202106,0010129,한국투자증권,A6,채무보증_기타,0,국내증권사,B,SF205,각주항목(09.06월 이후)
40563,202106,0010129,한국투자증권,B,투자자의 예수증권 등,218631795834990,국내증권사,B,SF205,각주항목(09.06월 이후)
40564,202106,0010129,한국투자증권,B1,투자자의 예수증권 등_예수 증권,218631795834990,국내증권사,B,SF205,각주항목(09.06월 이후)
40565,202106,0010129,한국투자증권,B2,투자자의 예수증권 등_예수양도성예금증서,0,국내증권사,B,SF205,각주항목(09.06월 이후)
40566,202106,0010129,한국투자증권,B3,투자자의 예수증권 등_기타,0,국내증권사,B,SF205,각주항목(09.06월 이후)
40567,202106,0010129,한국투자증권,C,파생상품계약,62714800857432,국내증권사,B,SF205,각주항목(09.06월 이후)
40568,202106,0010129,한국투자증권,C1,파생상품계약_장내파생상품,19809469635924,국내증권사,B,SF205,각주항목(09.06월 이후)
40569,202106,0010129,한국투자증권,C11,파생상품계약_장내파생상품_이자율관련거래,2846742594997,국내증권사,B,SF205,각주항목(09.06월 이후)
40570,202106,0010129,한국투자증권,C12,파생상품계약_장내파생상품_통화관련거래,426702699974,국내증권사,B,SF205,각주항목(09.06월 이후)
40571,202106,0010129,한국투자증권,C13,파생상품계약_장내파생상품_주식관련거래,16475898309378,국내증권사,B,SF205,각주항목(09.06월 이후)
40572,202106,0010129,한국투자증권,C14,파생상품계약_장내파생상품_일반상품관련거래,58057227575,국내증권사,B,SF205,각주항목(09.06월 이후)
40573,202106,0010129,한국투자증권,C15,파생상품계약_장내파생상품_기타,2068804000,국내증권사,B,SF205,각주항목(09.06월 이후)
40574,202106,0010129,한국투자증권,C2,파생상품계약_장외파생상품,42905331221508,국내증권사,B,SF205,각주항목(09.06월 이후)
40575,202106,0010129,한국투자증권,C21,파생상품계약_장외파생상품_이자율관련거래,9388655400000,국내증권사,B,SF205,각주항목(09.06월 이후)
40576,202106,0010129,한국투자증권,C22,파생상품계약_장외파생상품_통화관련거래,17228105930463,국내증권사,B,SF205,각주항목(09.06월 이후)
40577,202106,0010129,한국투자증권,C23,파생상품계약_장외파생상품_주식관련거래,7673725225560,국내증권사,B,SF205,각주항목(09.06월 이후)
40578,202106,0010129,한국투자증권,C24,파생상품계약_장외파생상품_신용관련거래,1456862050000,국내증권사,B,SF205,각주항목(09.06월 이후)
40579,202106,0010129,한국투자증권,C25,파생상품계약_장외파생상품_기타,7157982615485,국내증권사,B,SF205,각주항목(09.06월 이후)
40580,202106,0010129,한국투자증권,D,대차 및 대주거래,5790856687707,국내증권사,B,SF205,각주항목(09.06월 이후)
40581,202106,0010129,한국투자증권,D1,대차 및 대주거래_대여증권,1497308424236,국내증권사,B,SF205,각주항목(09.06월 이후)
40582,202106,0010129,한국투자증권,D2,대차 및 대주거래_차입증권,4293548263471,국내증권사,B,SF205,각주항목(09.06월 이후)
40583,202106,0010129,한국투자증권,D3,대차 및 대주거래_신용거래대주,0,국내증권사,B,SF205,각주항목(09.06월 이후)
40584,202106,0010129,한국투자증권,E,대손상각채권,16950362367,국내증권사,B,SF205,각주항목(09.06월 이후)
40585,202106,0010129,한국투자증권,F,환전업무 예치금,0,국내증권사,B,SF205,각주항목(09.06월 이후)
40586,202106,0010129,한국투자증권,G,미배당별도예치금,6931135411,국내증권사,B,SF205,각주항목(09.06월 이후)
40587,202106,0010129,한국투자증권,H,배서어음매출(종금계정),0,국내증권사,B,SF205,각주항목(09.06월 이후)
40588,202106,0010129,한국투자증권,H1,대출채권매매이익_담보부,0,국내증권사,B,SF205,각주항목(09.06월 이후)
40589,202106,0010129,한국투자증권,H2,대출채권매매이익_무담보부,0,국내증권사,B,SF205,각주항목(09.06월 이후)
40590,202109,0010129,한국투자증권,A,채무보증,3649385067651,국내증권사,B,SF205,각주항목(09.06월 이후)
40591,202109,0010129,한국투자증권,A1,채무보증_지급보증,0,국내증권사,B,SF205,각주항목(09.06월 이후)
40592,202109,0010129,한국투자증권,A2,채무보증_매입보장약정,226714589866,국내증권사,B,SF205,각주항목(09.06월 이후)
40593,202109,0010129,한국투자증권,A3,채무보증_채무인수약정,0,국내증권사,B,SF205,각주항목(09.06월 이후)
40594,202109,0010129,한국투자증권,A5,채무보증_매입확약,3422670477785,국내증권사,B,SF205,각주항목(09.06월 이후)
40595,202109,0010129,한국투자증권,A6,채무보증_기타,0,국내증권사,B,SF205,각주항목(09.06월 이후)
40596,202109,0010129,한국투자증권,B,투자자의 예수증권 등,227575761568568,국내증권사,B,SF205,각주항목(09.06월 이후)
40597,202109,0010129,한국투자증권,B1,투자자의 예수증권 등_예수 증권,227575761568568,국내증권사,B,SF205,각주항목(09.06월 이후)
40598,202109,0010129,한국투자증권,B2,투자자의 예수증권 등_예수양도성예금증서,0,국내증권사,B,SF205,각주항목(09.06월 이후)
40599,202109,0010129,한국투자증권,B3,투자자의 예수증권 등_기타,0,국내증권사,B,SF205,각주항목(09.06월 이후)
40600,202109,0010129,한국투자증권,C,파생상품계약,73198718509243,국내증권사,B,SF205,각주항목(09.06월 이후)
40601,202109,0010129,한국투자증권,C1,파생상품계약_장내파생상품,25188695225044,국내증권사,B,SF205,각주항목(09.06월 이후)
40602,202109,0010129,한국투자증권,C11,파생상품계약_장내파생상품_이자율관련거래,3708390637582,국내증권사,B,SF205,각주항목(09.06월 이후)
40603,202109,0010129,한국투자증권,C12,파생상품계약_장내파생상품_통화관련거래,532822597766,국내증권사,B,SF205,각주항목(09.06월 이후)
40604,202109,0010129,한국투자증권,C13,파생상품계약_장내파생상품_주식관련거래,20859436195514,국내증권사,B,SF205,각주항목(09.06월 이후)
40605,202109,0010129,한국투자증권,C14,파생상품계약_장내파생상품_일반상품관련거래,88045794182,국내증권사,B,SF205,각주항목(09.06월 이후)
40606,202109,0010129,한국투자증권,C15,파생상품계약_장내파생상품_기타,0,국내증권사,B,SF205,각주항목(09.06월 이후)
40607,202109,0010129,한국투자증권,C2,파생상품계약_장외파생상품,48010023284199,국내증권사,B,SF205,각주항목(09.06월 이후)
40608,202109,0010129,한국투자증권,C21,파생상품계약_장외파생상품_이자율관련거래,8964439192000,국내증권사,B,SF205,각주항목(09.06월 이후)
40609,202109,0010129,한국투자증권,C22,파생상품계약_장외파생상품_통화관련거래,21258873563664,국내증권사,B,SF205,각주항목(09.06월 이후)
40610,202109,0010129,한국투자증권,C23,파생상품계약_장외파생상품_주식관련거래,8636366970733,국내증권사,B,SF205,각주항목(09.06월 이후)
40611,202109,0010129,한국투자증권,C24,파생상품계약_장외파생상품_신용관련거래,1752462827500,국내증권사,B,SF205,각주항목(09.06월 이후)
40612,202109,0010129,한국투자증권,C25,파생상품계약_장외파생상품_기타,7397880730302,국내증권사,B,SF205,각주항목(09.06월 이후)
40613,202109,0010129,한국투자증권,D,대차 및 대주거래,6990553194331,국내증권사,B,SF205,각주항목(09.06월 이후)
40614,202109,0010129,한국투자증권,D1,대차 및 대주거래_대여증권,1714213286769,국내증권사,B,SF205,각주항목(09.06월 이후)
40615,202109,0010129,한국투자증권,D2,대차 및 대주거래_차입증권,5276339907562,국내증권사,B,SF205,각주항목(09.06월 이후)
40616,202109,0010129,한국투자증권,D3,대차 및 대주거래_신용거래대주,0,국내증권사,B,SF205,각주항목(09.06월 이후)
40617,202109,0010129,한국투자증권,E,대손상각채권,16950362367,국내증권사,B,SF205,각주항목(09.06월 이후)
40618,202109,0010129,한국투자증권,F,환전업무 예치금,0,국내증권사,B,SF205,각주항목(09.06월 이후)
40619,202109,0010129,한국투자증권,G,미배당별도예치금,9748838322,국내증권사,B,SF205,각주항목(09.06월 이후)
40620,202109,0010129,한국투자증권,H,배서어음매출(종금계정),0,국내증권사,B,SF205,각주항목(09.06월 이후)
40621,202109,0010129,한국투자증권,H1,대출채권매매이익_담보부,0,국내증권사,B,SF205,각주항목(09.06월 이후)
40622,202109,0010129,한국투자증권,H2,대출채권매매이익_무담보부,0,국내증권사,B,SF205,각주항목(09.06월 이후)
40623,202112,0010129,한국투자증권,A,채무보증,4260747925290,국내증권사,B,SF205,각주항목(09.06월 이후)
40624,202112,0010129,한국투자증권,A1,채무보증_지급보증,0,국내증권사,B,SF205,각주항목(09.06월 이후)
40625,202112,0010129,한국투자증권,A2,채무보증_매입보장약정,196152003540,국내증권사,B,SF205,각주항목(09.06월 이후)
40626,202112,0010129,한국투자증권,A3,채무보증_채무인수약정, ,국내증권사,B,SF205,각주항목(09.06월 이후)
40627,202112,0010129,한국투자증권,A5,채무보증_매입확약,4064595921750,국내증권사,B,SF205,각주항목(09.06월 이후)
40628,202112,0010129,한국투자증권,A6,채무보증_기타, ,국내증권사,B,SF205,각주항목(09.06월 이후)
40629,202112,0010129,한국투자증권,B,투자자의 예수증권 등,233566559328712,국내증권사,B,SF205,각주항목(09.06월 이후)
40630,202112,0010129,한국투자증권,B1,투자자의 예수증권 등_예수 증권,233566559328712,국내증권사,B,SF205,각주항목(09.06월 이후)
40631,202112,0010129,한국투자증권,B2,투자자의 예수증권 등_예수양도성예금증서, ,국내증권사,B,SF205,각주항목(09.06월 이후)
40632,202112,0010129,한국투자증권,B3,투자자의 예수증권 등_기타, ,국내증권사,B,SF205,각주항목(09.06월 이후)
40633,202112,0010129,한국투자증권,C,파생상품계약,75881256523328,국내증권사,B,SF205,각주항목(09.06월 이후)
40634,202112,0010129,한국투자증권,C1,파생상품계약_장내파생상품,24209047875287,국내증권사,B,SF205,각주항목(09.06월 이후)
40635,202112,0010129,한국투자증권,C11,파생상품계약_장내파생상품_이자율관련거래,2276306162204,국내증권사,B,SF205,각주항목(09.06월 이후)
40636,202112,0010129,한국투자증권,C12,파생상품계약_장내파생상품_통화관련거래,428379206682,국내증권사,B,SF205,각주항목(09.06월 이후)
40637,202112,0010129,한국투자증권,C13,파생상품계약_장내파생상품_주식관련거래,21440678862353,국내증권사,B,SF205,각주항목(09.06월 이후)
40638,202112,0010129,한국투자증권,C14,파생상품계약_장내파생상품_일반상품관련거래,63683644048,국내증권사,B,SF205,각주항목(09.06월 이후)
40639,202112,0010129,한국투자증권,C15,파생상품계약_장내파생상품_기타,0,국내증권사,B,SF205,각주항목(09.06월 이후)
40640,202112,0010129,한국투자증권,C2,파생상품계약_장외파생상품,51672208648041,국내증권사,B,SF205,각주항목(09.06월 이후)
40641,202112,0010129,한국투자증권,C21,파생상품계약_장외파생상품_이자율관련거래,10314482840000,국내증권사,B,SF205,각주항목(09.06월 이후)
40642,202112,0010129,한국투자증권,C22,파생상품계약_장외파생상품_통화관련거래,18342499731471,국내증권사,B,SF205,각주항목(09.06월 이후)
40643,202112,0010129,한국투자증권,C23,파생상품계약_장외파생상품_주식관련거래,9925328804187,국내증권사,B,SF205,각주항목(09.06월 이후)
40644,202112,0010129,한국투자증권,C24,파생상품계약_장외파생상품_신용관련거래,1788628112500,국내증권사,B,SF205,각주항목(09.06월 이후)
40645,202112,0010129,한국투자증권,C25,파생상품계약_장외파생상품_기타,11301269159883,국내증권사,B,SF205,각주항목(09.06월 이후)
40646,202112,0010129,한국투자증권,D,대차 및 대주거래,9040657694398,국내증권사,B,SF205,각주항목(09.06월 이후)
40647,202112,0010129,한국투자증권,D1,대차 및 대주거래_대여증권,1874105461257,국내증권사,B,SF205,각주항목(09.06월 이후)
40648,202112,0010129,한국투자증권,D2,대차 및 대주거래_차입증권,7166552233141,국내증권사,B,SF205,각주항목(09.06월 이후)
40649,202112,0010129,한국투자증권,D3,대차 및 대주거래_신용거래대주, ,국내증권사,B,SF205,각주항목(09.06월 이후)
40650,202112,0010129,한국투자증권,E,대손상각채권,16950362367,국내증권사,B,SF205,각주항목(09.06월 이후)
40651,202112,0010129,한국투자증권,F,환전업무 예치금,0,국내증권사,B,SF205,각주항목(09.06월 이후)
40652,202112,0010129,한국투자증권,G,미배당별도예치금,11793963517,국내증권사,B,SF205,각주항목(09.06월 이후)
40653,202112,0010129,한국투자증권,H,배서어음매출(종금계정),0,국내증권사,B,SF205,각주항목(09.06월 이후)
40654,202112,0010129,한국투자증권,H1,대출채권매매이익_담보부, ,국내증권사,B,SF205,각주항목(09.06월 이후)
40655,202112,0010129,한국투자증권,H2,대출채권매매이익_무담보부, ,국내증권사,B,SF205,각주항목(09.06월 이후)
40656,202203,0010129,한국투자증권,A,채무보증,4639655875145,국내증권사,B,SF205,각주항목(09.06월 이후)
40657,202203,0010129,한국투자증권,A1,채무보증_지급보증,174871500000,국내증권사,B,SF205,각주항목(09.06월 이후)
40658,202203,0010129,한국투자증권,A2,채무보증_매입보장약정,79498044000,국내증권사,B,SF205,각주항목(09.06월 이후)
40659,202203,0010129,한국투자증권,A3,채무보증_채무인수약정,0,국내증권사,B,SF205,각주항목(09.06월 이후)
40660,202203,0010129,한국투자증권,A5,채무보증_매입확약,4385286331145,국내증권사,B,SF205,각주항목(09.06월 이후)
40661,202203,0010129,한국투자증권,A6,채무보증_기타,0,국내증권사,B,SF205,각주항목(09.06월 이후)
40662,202203,0010129,한국투자증권,B,투자자의 예수증권 등,231414363560779,국내증권사,B,SF205,각주항목(09.06월 이후)
40663,202203,0010129,한국투자증권,B1,투자자의 예수증권 등_예수 증권,231414363560779,국내증권사,B,SF205,각주항목(09.06월 이후)
40664,202203,0010129,한국투자증권,B2,투자자의 예수증권 등_예수양도성예금증서,0,국내증권사,B,SF205,각주항목(09.06월 이후)
40665,202203,0010129,한국투자증권,B3,투자자의 예수증권 등_기타,0,국내증권사,B,SF205,각주항목(09.06월 이후)
40666,202203,0010129,한국투자증권,C,파생상품계약,71682773763996,국내증권사,B,SF205,각주항목(09.06월 이후)
40667,202203,0010129,한국투자증권,C1,파생상품계약_장내파생상품,21917169128990,국내증권사,B,SF205,각주항목(09.06월 이후)
40668,202203,0010129,한국투자증권,C11,파생상품계약_장내파생상품_이자율관련거래,5981561252724,국내증권사,B,SF205,각주항목(09.06월 이후)
40669,202203,0010129,한국투자증권,C12,파생상품계약_장내파생상품_통화관련거래,409220027482,국내증권사,B,SF205,각주항목(09.06월 이후)
40670,202203,0010129,한국투자증권,C13,파생상품계약_장내파생상품_주식관련거래,15379291962117,국내증권사,B,SF205,각주항목(09.06월 이후)
40671,202203,0010129,한국투자증권,C14,파생상품계약_장내파생상품_일반상품관련거래,147095886667,국내증권사,B,SF205,각주항목(09.06월 이후)
40672,202203,0010129,한국투자증권,C15,파생상품계약_장내파생상품_기타,0,국내증권사,B,SF205,각주항목(09.06월 이후)
40673,202203,0010129,한국투자증권,C2,파생상품계약_장외파생상품,49765604635006,국내증권사,B,SF205,각주항목(09.06월 이후)
40674,202203,0010129,한국투자증권,C21,파생상품계약_장외파생상품_이자율관련거래,10538351664000,국내증권사,B,SF205,각주항목(09.06월 이후)
40675,202203,0010129,한국투자증권,C22,파생상품계약_장외파생상품_통화관련거래,7049183699217,국내증권사,B,SF205,각주항목(09.06월 이후)
40676,202203,0010129,한국투자증권,C23,파생상품계약_장외파생상품_주식관련거래,17158363170022,국내증권사,B,SF205,각주항목(09.06월 이후)
40677,202203,0010129,한국투자증권,C24,파생상품계약_장외파생상품_신용관련거래,3351009727200,국내증권사,B,SF205,각주항목(09.06월 이후)
40678,202203,0010129,한국투자증권,C25,파생상품계약_장외파생상품_기타,11668696374567,국내증권사,B,SF205,각주항목(09.06월 이후)
40679,202203,0010129,한국투자증권,D,대차 및 대주거래,9702317224562,국내증권사,B,SF205,각주항목(09.06월 이후)
40680,202203,0010129,한국투자증권,D1,대차 및 대주거래_대여증권,2322339312409,국내증권사,B,SF205,각주항목(09.06월 이후)
40681,202203,0010129,한국투자증권,D2,대차 및 대주거래_차입증권,7379977912153,국내증권사,B,SF205,각주항목(09.06월 이후)
40682,202203,0010129,한국투자증권,D3,대차 및 대주거래_신용거래대주,0,국내증권사,B,SF205,각주항목(09.06월 이후)
40683,202203,0010129,한국투자증권,E,대손상각채권,14344436283,국내증권사,B,SF205,각주항목(09.06월 이후)
40684,202203,0010129,한국투자증권,F,환전업무 예치금,0,국내증권사,B,SF205,각주항목(09.06월 이후)
40685,202203,0010129,한국투자증권,G,미배당별도예치금,443600249,국내증권사,B,SF205,각주항목(09.06월 이후)
40686,202203,0010129,한국투자증권,H,배서어음매출(종금계정),0,국내증권사,B,SF205,각주항목(09.06월 이후)
40687,202203,0010129,한국투자증권,H1,대출채권매매이익_담보부,0,국내증권사,B,SF205,각주항목(09.06월 이후)
40688,202203,0010129,한국투자증권,H2,대출채권매매이익_무담보부,0,국내증권사,B,SF205,각주항목(09.06월 이후)
40689,202206,0010129,한국투자증권,A,채무보증,5848394535393,국내증권사,B,SF205,각주항목(09.06월 이후)
40690,202206,0010129,한국투자증권,A1,채무보증_지급보증,187470500000,국내증권사,B,SF205,각주항목(09.06월 이후)
40691,202206,0010129,한국투자증권,A2,채무보증_매입보장약정,49983405000,국내증권사,B,SF205,각주항목(09.06월 이후)
40692,202206,0010129,한국투자증권,A3,채무보증_채무인수약정,0,국내증권사,B,SF205,각주항목(09.06월 이후)
40693,202206,0010129,한국투자증권,A5,채무보증_매입확약,5610940630393,국내증권사,B,SF205,각주항목(09.06월 이후)
40694,202206,0010129,한국투자증권,A6,채무보증_기타,0,국내증권사,B,SF205,각주항목(09.06월 이후)
40695,202206,0010129,한국투자증권,B,투자자의 예수증권 등,205161713322466,국내증권사,B,SF205,각주항목(09.06월 이후)
40696,202206,0010129,한국투자증권,B1,투자자의 예수증권 등_예수 증권,205161713322466,국내증권사,B,SF205,각주항목(09.06월 이후)
40697,202206,0010129,한국투자증권,B2,투자자의 예수증권 등_예수양도성예금증서,0,국내증권사,B,SF205,각주항목(09.06월 이후)
40698,202206,0010129,한국투자증권,B3,투자자의 예수증권 등_기타,0,국내증권사,B,SF205,각주항목(09.06월 이후)
40699,202206,0010129,한국투자증권,C,파생상품계약,67085844566163,국내증권사,B,SF205,각주항목(09.06월 이후)
40700,202206,0010129,한국투자증권,C1,파생상품계약_장내파생상품,20659088331472,국내증권사,B,SF205,각주항목(09.06월 이후)
40701,202206,0010129,한국투자증권,C11,파생상품계약_장내파생상품_이자율관련거래,5819316378798,국내증권사,B,SF205,각주항목(09.06월 이후)
40702,202206,0010129,한국투자증권,C12,파생상품계약_장내파생상품_통화관련거래,906843705212,국내증권사,B,SF205,각주항목(09.06월 이후)
40703,202206,0010129,한국투자증권,C13,파생상품계약_장내파생상품_주식관련거래,13800662817465,국내증권사,B,SF205,각주항목(09.06월 이후)
40704,202206,0010129,한국투자증권,C14,파생상품계약_장내파생상품_일반상품관련거래,132265429997,국내증권사,B,SF205,각주항목(09.06월 이후)
40705,202206,0010129,한국투자증권,C15,파생상품계약_장내파생상품_기타,0,국내증권사,B,SF205,각주항목(09.06월 이후)
40706,202206,0010129,한국투자증권,C2,파생상품계약_장외파생상품,46426756234691,국내증권사,B,SF205,각주항목(09.06월 이후)
40707,202206,0010129,한국투자증권,C21,파생상품계약_장외파생상품_이자율관련거래,8948435332000,국내증권사,B,SF205,각주항목(09.06월 이후)
40708,202206,0010129,한국투자증권,C22,파생상품계약_장외파생상품_통화관련거래,10401062453113,국내증권사,B,SF205,각주항목(09.06월 이후)
40709,202206,0010129,한국투자증권,C23,파생상품계약_장외파생상품_주식관련거래,12457591167643,국내증권사,B,SF205,각주항목(09.06월 이후)
40710,202206,0010129,한국투자증권,C24,파생상품계약_장외파생상품_신용관련거래,3373596778600,국내증권사,B,SF205,각주항목(09.06월 이후)
40711,202206,0010129,한국투자증권,C25,파생상품계약_장외파생상품_기타,11246070503335,국내증권사,B,SF205,각주항목(09.06월 이후)
40712,202206,0010129,한국투자증권,D,대차 및 대주거래,9096903832455,국내증권사,B,SF205,각주항목(09.06월 이후)
40713,202206,0010129,한국투자증권,D1,대차 및 대주거래_대여증권,2037109145217,국내증권사,B,SF205,각주항목(09.06월 이후)
40714,202206,0010129,한국투자증권,D2,대차 및 대주거래_차입증권,7059794687238,국내증권사,B,SF205,각주항목(09.06월 이후)
40715,202206,0010129,한국투자증권,D3,대차 및 대주거래_신용거래대주,0,국내증권사,B,SF205,각주항목(09.06월 이후)
40716,202206,0010129,한국투자증권,E,대손상각채권,14344436283,국내증권사,B,SF205,각주항목(09.06월 이후)
40717,202206,0010129,한국투자증권,F,환전업무 예치금,0,국내증권사,B,SF205,각주항목(09.06월 이후)
40718,202206,0010129,한국투자증권,G,미배당별도예치금,0,국내증권사,B,SF205,각주항목(09.06월 이후)
40719,202206,0010129,한국투자증권,H,배서어음매출(종금계정),0,국내증권사,B,SF205,각주항목(09.06월 이후)
40720,202206,0010129,한국투자증권,H1,대출채권매매이익_담보부,0,국내증권사,B,SF205,각주항목(09.06월 이후)
40721,202206,0010129,한국투자증권,H2,대출채권매매이익_무담보부,0,국내증권사,B,SF205,각주항목(09.06월 이후)
40722,202209,0010129,한국투자증권,A,채무보증,5538064889010,국내증권사,B,SF205,각주항목(09.06월 이후)
40723,202209,0010129,한국투자증권,A1,채무보증_지급보증,298438400000,국내증권사,B,SF205,각주항목(09.06월 이후)
40724,202209,0010129,한국투자증권,A2,채무보증_매입보장약정,20173730000,국내증권사,B,SF205,각주항목(09.06월 이후)
40725,202209,0010129,한국투자증권,A3,채무보증_채무인수약정,0,국내증권사,B,SF205,각주항목(09.06월 이후)
40726,202209,0010129,한국투자증권,A5,채무보증_매입확약,5219452759010,국내증권사,B,SF205,각주항목(09.06월 이후)
40727,202209,0010129,한국투자증권,A6,채무보증_기타,0,국내증권사,B,SF205,각주항목(09.06월 이후)
40728,202209,0010129,한국투자증권,B,투자자의 예수증권 등,196973983083768,국내증권사,B,SF205,각주항목(09.06월 이후)
40729,202209,0010129,한국투자증권,B1,투자자의 예수증권 등_예수 증권,196973983083768,국내증권사,B,SF205,각주항목(09.06월 이후)
40730,202209,0010129,한국투자증권,B2,투자자의 예수증권 등_예수양도성예금증서,0,국내증권사,B,SF205,각주항목(09.06월 이후)
40731,202209,0010129,한국투자증권,B3,투자자의 예수증권 등_기타,0,국내증권사,B,SF205,각주항목(09.06월 이후)
40732,202209,0010129,한국투자증권,C,파생상품계약,88033524629200,국내증권사,B,SF205,각주항목(09.06월 이후)
40733,202209,0010129,한국투자증권,C1,파생상품계약_장내파생상품,30795314709340,국내증권사,B,SF205,각주항목(09.06월 이후)
40734,202209,0010129,한국투자증권,C11,파생상품계약_장내파생상품_이자율관련거래,6869270334882,국내증권사,B,SF205,각주항목(09.06월 이후)
40735,202209,0010129,한국투자증권,C12,파생상품계약_장내파생상품_통화관련거래,1030027885532,국내증권사,B,SF205,각주항목(09.06월 이후)
40736,202209,0010129,한국투자증권,C13,파생상품계약_장내파생상품_주식관련거래,22754794216747,국내증권사,B,SF205,각주항목(09.06월 이후)
40737,202209,0010129,한국투자증권,C14,파생상품계약_장내파생상품_일반상품관련거래,141222272179,국내증권사,B,SF205,각주항목(09.06월 이후)
40738,202209,0010129,한국투자증권,C15,파생상품계약_장내파생상품_기타,0,국내증권사,B,SF205,각주항목(09.06월 이후)
40739,202209,0010129,한국투자증권,C2,파생상품계약_장외파생상품,57238209919860,국내증권사,B,SF205,각주항목(09.06월 이후)
40740,202209,0010129,한국투자증권,C21,파생상품계약_장외파생상품_이자율관련거래,9436582584000,국내증권사,B,SF205,각주항목(09.06월 이후)
40741,202209,0010129,한국투자증권,C22,파생상품계약_장외파생상품_통화관련거래,15064189890705,국내증권사,B,SF205,각주항목(09.06월 이후)
40742,202209,0010129,한국투자증권,C23,파생상품계약_장외파생상품_주식관련거래,15445746071689,국내증권사,B,SF205,각주항목(09.06월 이후)
40743,202209,0010129,한국투자증권,C24,파생상품계약_장외파생상품_신용관련거래,3553218623200,국내증권사,B,SF205,각주항목(09.06월 이후)
40744,202209,0010129,한국투자증권,C25,파생상품계약_장외파생상품_기타,13738472750266,국내증권사,B,SF205,각주항목(09.06월 이후)
40745,202209,0010129,한국투자증권,D,대차 및 대주거래,9842135710920,국내증권사,B,SF205,각주항목(09.06월 이후)
40746,202209,0010129,한국투자증권,D1,대차 및 대주거래_대여증권,1899938421226,국내증권사,B,SF205,각주항목(09.06월 이후)
40747,202209,0010129,한국투자증권,D2,대차 및 대주거래_차입증권,7942197289694,국내증권사,B,SF205,각주항목(09.06월 이후)
40748,202209,0010129,한국투자증권,D3,대차 및 대주거래_신용거래대주,0,국내증권사,B,SF205,각주항목(09.06월 이후)
40749,202209,0010129,한국투자증권,E,대손상각채권,14344436283,국내증권사,B,SF205,각주항목(09.06월 이후)
40750,202209,0010129,한국투자증권,F,환전업무 예치금,0,국내증권사,B,SF205,각주항목(09.06월 이후)
40751,202209,0010129,한국투자증권,G,미배당별도예치금,28361786,국내증권사,B,SF205,각주항목(09.06월 이후)
40752,202209,0010129,한국투자증권,H,배서어음매출(종금계정),0,국내증권사,B,SF205,각주항목(09.06월 이후)
40753,202209,0010129,한국투자증권,H1,대출채권매매이익_담보부,0,국내증권사,B,SF205,각주항목(09.06월 이후)
40754,202209,0010129,한국투자증권,H2,대출채권매매이익_무담보부,0,국내증권사,B,SF205,각주항목(09.06월 이후)
40755,202212,0010129,한국투자증권,A,채무보증,5264129747577,국내증권사,B,SF205,각주항목(09.06월 이후)
40756,202212,0010129,한국투자증권,A1,채무보증_지급보증,107512900000,국내증권사,B,SF205,각주항목(09.06월 이후)
40757,202212,0010129,한국투자증권,A2,채무보증_매입보장약정,0,국내증권사,B,SF205,각주항목(09.06월 이후)
40758,202212,0010129,한국투자증권,A3,채무보증_채무인수약정,0,국내증권사,B,SF205,각주항목(09.06월 이후)
40759,202212,0010129,한국투자증권,A5,채무보증_매입확약,5156616847577,국내증권사,B,SF205,각주항목(09.06월 이후)
40760,202212,0010129,한국투자증권,A6,채무보증_기타,0,국내증권사,B,SF205,각주항목(09.06월 이후)
40761,202212,0010129,한국투자증권,B,투자자의 예수증권 등,191078764339933,국내증권사,B,SF205,각주항목(09.06월 이후)
40762,202212,0010129,한국투자증권,B1,투자자의 예수증권 등_예수 증권,191078764339933,국내증권사,B,SF205,각주항목(09.06월 이후)
40763,202212,0010129,한국투자증권,B2,투자자의 예수증권 등_예수양도성예금증서,0,국내증권사,B,SF205,각주항목(09.06월 이후)
40764,202212,0010129,한국투자증권,B3,투자자의 예수증권 등_기타,0,국내증권사,B,SF205,각주항목(09.06월 이후)
40765,202212,0010129,한국투자증권,C,파생상품계약,67712209828836,국내증권사,B,SF205,각주항목(09.06월 이후)
40766,202212,0010129,한국투자증권,C1,파생상품계약_장내파생상품,19199902080265,국내증권사,B,SF205,각주항목(09.06월 이후)
40767,202212,0010129,한국투자증권,C11,파생상품계약_장내파생상품_이자율관련거래,3857768315012,국내증권사,B,SF205,각주항목(09.06월 이후)
40768,202212,0010129,한국투자증권,C12,파생상품계약_장내파생상품_통화관련거래,471374471998,국내증권사,B,SF205,각주항목(09.06월 이후)
40769,202212,0010129,한국투자증권,C13,파생상품계약_장내파생상품_주식관련거래,14811932951149,국내증권사,B,SF205,각주항목(09.06월 이후)
40770,202212,0010129,한국투자증권,C14,파생상품계약_장내파생상품_일반상품관련거래,58826342106,국내증권사,B,SF205,각주항목(09.06월 이후)
40771,202212,0010129,한국투자증권,C15,파생상품계약_장내파생상품_기타,0,국내증권사,B,SF205,각주항목(09.06월 이후)
40772,202212,0010129,한국투자증권,C2,파생상품계약_장외파생상품,48512307748571,국내증권사,B,SF205,각주항목(09.06월 이후)
40773,202212,0010129,한국투자증권,C21,파생상품계약_장외파생상품_이자율관련거래,9027480684000,국내증권사,B,SF205,각주항목(09.06월 이후)
40774,202212,0010129,한국투자증권,C22,파생상품계약_장외파생상품_통화관련거래,12093501384905,국내증권사,B,SF205,각주항목(09.06월 이후)
40775,202212,0010129,한국투자증권,C23,파생상품계약_장외파생상품_주식관련거래,12413670820585,국내증권사,B,SF205,각주항목(09.06월 이후)
40776,202212,0010129,한국투자증권,C24,파생상품계약_장외파생상품_신용관련거래,3178518428200,국내증권사,B,SF205,각주항목(09.06월 이후)
40777,202212,0010129,한국투자증권,C25,파생상품계약_장외파생상품_기타,11799136430881,국내증권사,B,SF205,각주항목(09.06월 이후)
40778,202212,0010129,한국투자증권,D,대차 및 대주거래,8381881667432,국내증권사,B,SF205,각주항목(09.06월 이후)
40779,202212,0010129,한국투자증권,D1,대차 및 대주거래_대여증권,1460519772280,국내증권사,B,SF205,각주항목(09.06월 이후)
40780,202212,0010129,한국투자증권,D2,대차 및 대주거래_차입증권,6921361895152,국내증권사,B,SF205,각주항목(09.06월 이후)
40781,202212,0010129,한국투자증권,D3,대차 및 대주거래_신용거래대주,0,국내증권사,B,SF205,각주항목(09.06월 이후)
40782,202212,0010129,한국투자증권,E,대손상각채권,14344436283,국내증권사,B,SF205,각주항목(09.06월 이후)
40783,202212,0010129,한국투자증권,F,환전업무 예치금,0,국내증권사,B,SF205,각주항목(09.06월 이후)
40784,202212,0010129,한국투자증권,G,미배당별도예치금,75804309,국내증권사,B,SF205,각주항목(09.06월 이후)
40785,202212,0010129,한국투자증권,H,배서어음매출(종금계정),0,국내증권사,B,SF205,각주항목(09.06월 이후)
40786,202212,0010129,한국투자증권,H1,대출채권매매이익_담보부,0,국내증권사,B,SF205,각주항목(09.06월 이후)
40787,202212,0010129,한국투자증권,H2,대출채권매매이익_무담보부,0,국내증권사,B,SF205,각주항목(09.06월 이후)
40788,202303,0010129,한국투자증권,A,채무보증,5433197868865,국내증권사,B,SF205,각주항목(09.06월 이후)
40789,202303,0010129,한국투자증권,A1,채무보증_지급보증,95177400000,국내증권사,B,SF205,각주항목(09.06월 이후)
40790,202303,0010129,한국투자증권,A2,채무보증_매입보장약정,0,국내증권사,B,SF205,각주항목(09.06월 이후)
40791,202303,0010129,한국투자증권,A3,채무보증_채무인수약정,0,국내증권사,B,SF205,각주항목(09.06월 이후)
40792,202303,0010129,한국투자증권,A5,채무보증_매입확약,5338020468865,국내증권사,B,SF205,각주항목(09.06월 이후)
40793,202303,0010129,한국투자증권,A6,채무보증_기타,0,국내증권사,B,SF205,각주항목(09.06월 이후)
40794,202303,0010129,한국투자증권,B,투자자의 예수증권 등,204666072181570,국내증권사,B,SF205,각주항목(09.06월 이후)
40795,202303,0010129,한국투자증권,B1,투자자의 예수증권 등_예수 증권,204666072181570,국내증권사,B,SF205,각주항목(09.06월 이후)
40796,202303,0010129,한국투자증권,B2,투자자의 예수증권 등_예수양도성예금증서,0,국내증권사,B,SF205,각주항목(09.06월 이후)
40797,202303,0010129,한국투자증권,B3,투자자의 예수증권 등_기타,0,국내증권사,B,SF205,각주항목(09.06월 이후)
40798,202303,0010129,한국투자증권,C,파생상품계약,101674975457435,국내증권사,B,SF205,각주항목(09.06월 이후)
40799,202303,0010129,한국투자증권,C1,파생상품계약_장내파생상품,19251465875532,국내증권사,B,SF205,각주항목(09.06월 이후)
40800,202303,0010129,한국투자증권,C11,파생상품계약_장내파생상품_이자율관련거래,3676599614978,국내증권사,B,SF205,각주항목(09.06월 이후)
40801,202303,0010129,한국투자증권,C12,파생상품계약_장내파생상품_통화관련거래,614947752303,국내증권사,B,SF205,각주항목(09.06월 이후)
40802,202303,0010129,한국투자증권,C13,파생상품계약_장내파생상품_주식관련거래,14881299431823,국내증권사,B,SF205,각주항목(09.06월 이후)
40803,202303,0010129,한국투자증권,C14,파생상품계약_장내파생상품_일반상품관련거래,78619076428,국내증권사,B,SF205,각주항목(09.06월 이후)
40804,202303,0010129,한국투자증권,C15,파생상품계약_장내파생상품_기타,0,국내증권사,B,SF205,각주항목(09.06월 이후)
40805,202303,0010129,한국투자증권,C2,파생상품계약_장외파생상품,82423509581903,국내증권사,B,SF205,각주항목(09.06월 이후)
40806,202303,0010129,한국투자증권,C21,파생상품계약_장외파생상품_이자율관련거래,10546602104000,국내증권사,B,SF205,각주항목(09.06월 이후)
40807,202303,0010129,한국투자증권,C22,파생상품계약_장외파생상품_통화관련거래,40521633061757,국내증권사,B,SF205,각주항목(09.06월 이후)
40808,202303,0010129,한국투자증권,C23,파생상품계약_장외파생상품_주식관련거래,15484455887856,국내증권사,B,SF205,각주항목(09.06월 이후)
40809,202303,0010129,한국투자증권,C24,파생상품계약_장외파생상품_신용관련거래,3665339329200,국내증권사,B,SF205,각주항목(09.06월 이후)
40810,202303,0010129,한국투자증권,C25,파생상품계약_장외파생상품_기타,12205479199090,국내증권사,B,SF205,각주항목(09.06월 이후)
40811,202303,0010129,한국투자증권,D,대차 및 대주거래,9074520200314,국내증권사,B,SF205,각주항목(09.06월 이후)
40812,202303,0010129,한국투자증권,D1,대차 및 대주거래_대여증권,1626574338540,국내증권사,B,SF205,각주항목(09.06월 이후)
40813,202303,0010129,한국투자증권,D2,대차 및 대주거래_차입증권,7447945861774,국내증권사,B,SF205,각주항목(09.06월 이후)
40814,202303,0010129,한국투자증권,D3,대차 및 대주거래_신용거래대주,0,국내증권사,B,SF205,각주항목(09.06월 이후)
40815,202303,0010129,한국투자증권,E,대손상각채권,14344436283,국내증권사,B,SF205,각주항목(09.06월 이후)
40816,202303,0010129,한국투자증권,F,환전업무 예치금,0,국내증권사,B,SF205,각주항목(09.06월 이후)
40817,202303,0010129,한국투자증권,G,미배당별도예치금,50561275,국내증권사,B,SF205,각주항목(09.06월 이후)
40818,202303,0010129,한국투자증권,H,배서어음매출(종금계정),0,국내증권사,B,SF205,각주항목(09.06월 이후)
40819,202303,0010129,한국투자증권,H1,대출채권매매이익_담보부,0,국내증권사,B,SF205,각주항목(09.06월 이후)
40820,202303,0010129,한국투자증권,H2,대출채권매매이익_무담보부,0,국내증권사,B,SF205,각주항목(09.06월 이후)
40821,202306,0010129,한국투자증권,A,채무보증,5899525998113,국내증권사,B,SF205,각주항목(09.06월 이후)
40822,202306,0010129,한국투자증권,A1,채무보증_지급보증,95834400000,국내증권사,B,SF205,각주항목(09.06월 이후)
40823,202306,0010129,한국투자증권,A2,채무보증_매입보장약정,0,국내증권사,B,SF205,각주항목(09.06월 이후)
40824,202306,0010129,한국투자증권,A3,채무보증_채무인수약정,0,국내증권사,B,SF205,각주항목(09.06월 이후)
40825,202306,0010129,한국투자증권,A5,채무보증_매입확약,5803691598113,국내증권사,B,SF205,각주항목(09.06월 이후)
40826,202306,0010129,한국투자증권,A6,채무보증_기타,0,국내증권사,B,SF205,각주항목(09.06월 이후)
40827,202306,0010129,한국투자증권,B,투자자의 예수증권 등,207313124964188,국내증권사,B,SF205,각주항목(09.06월 이후)
40828,202306,0010129,한국투자증권,B1,투자자의 예수증권 등_예수 증권,207313124964188,국내증권사,B,SF205,각주항목(09.06월 이후)
40829,202306,0010129,한국투자증권,B2,투자자의 예수증권 등_예수양도성예금증서,0,국내증권사,B,SF205,각주항목(09.06월 이후)
40830,202306,0010129,한국투자증권,B3,투자자의 예수증권 등_기타,0,국내증권사,B,SF205,각주항목(09.06월 이후)
40831,202306,0010129,한국투자증권,C,파생상품계약,95275579741742,국내증권사,B,SF205,각주항목(09.06월 이후)
40832,202306,0010129,한국투자증권,C1,파생상품계약_장내파생상품,7979979906346,국내증권사,B,SF205,각주항목(09.06월 이후)
40833,202306,0010129,한국투자증권,C11,파생상품계약_장내파생상품_이자율관련거래,4197481321222,국내증권사,B,SF205,각주항목(09.06월 이후)
40834,202306,0010129,한국투자증권,C12,파생상품계약_장내파생상품_통화관련거래,385148146274,국내증권사,B,SF205,각주항목(09.06월 이후)
40835,202306,0010129,한국투자증권,C13,파생상품계약_장내파생상품_주식관련거래,3362728330321,국내증권사,B,SF205,각주항목(09.06월 이후)
40836,202306,0010129,한국투자증권,C14,파생상품계약_장내파생상품_일반상품관련거래,34622108529,국내증권사,B,SF205,각주항목(09.06월 이후)
40837,202306,0010129,한국투자증권,C15,파생상품계약_장내파생상품_기타,0,국내증권사,B,SF205,각주항목(09.06월 이후)
40838,202306,0010129,한국투자증권,C2,파생상품계약_장외파생상품,87295599835396,국내증권사,B,SF205,각주항목(09.06월 이후)
40839,202306,0010129,한국투자증권,C21,파생상품계약_장외파생상품_이자율관련거래,9817285080000,국내증권사,B,SF205,각주항목(09.06월 이후)
40840,202306,0010129,한국투자증권,C22,파생상품계약_장외파생상품_통화관련거래,44905870818268,국내증권사,B,SF205,각주항목(09.06월 이후)
40841,202306,0010129,한국투자증권,C23,파생상품계약_장외파생상품_주식관련거래,16157305244650,국내증권사,B,SF205,각주항목(09.06월 이후)
40842,202306,0010129,한국투자증권,C24,파생상품계약_장외파생상품_신용관련거래,3679064635189,국내증권사,B,SF205,각주항목(09.06월 이후)
40843,202306,0010129,한국투자증권,C25,파생상품계약_장외파생상품_기타,12736074057289,국내증권사,B,SF205,각주항목(09.06월 이후)
40844,202306,0010129,한국투자증권,D,대차 및 대주거래,9304413839796,국내증권사,B,SF205,각주항목(09.06월 이후)
40845,202306,0010129,한국투자증권,D1,대차 및 대주거래_대여증권,1788100778015,국내증권사,B,SF205,각주항목(09.06월 이후)
40846,202306,0010129,한국투자증권,D2,대차 및 대주거래_차입증권,7516313061781,국내증권사,B,SF205,각주항목(09.06월 이후)
40847,202306,0010129,한국투자증권,D3,대차 및 대주거래_신용거래대주,0,국내증권사,B,SF205,각주항목(09.06월 이후)
40848,202306,0010129,한국투자증권,E,대손상각채권,71385492082,국내증권사,B,SF205,각주항목(09.06월 이후)
40849,202306,0010129,한국투자증권,F,환전업무 예치금,0,국내증권사,B,SF205,각주항목(09.06월 이후)
40850,202306,0010129,한국투자증권,G,미배당별도예치금,1402771137,국내증권사,B,SF205,각주항목(09.06월 이후)
40851,202306,0010129,한국투자증권,H,배서어음매출(종금계정),0,국내증권사,B,SF205,각주항목(09.06월 이후)
40852,202306,0010129,한국투자증권,H1,대출채권매매이익_담보부,0,국내증권사,B,SF205,각주항목(09.06월 이후)
40853,202306,0010129,한국투자증권,H2,대출채권매매이익_무담보부,0,국내증권사,B,SF205,각주항목(09.06월 이후)
40854,202309,0010129,한국투자증권,A,채무보증,5476381134608,국내증권사,B,SF205,각주항목(09.06월 이후)
40855,202309,0010129,한국투자증권,A1,채무보증_지급보증,109309100000,국내증권사,B,SF205,각주항목(09.06월 이후)
40856,202309,0010129,한국투자증권,A2,채무보증_매입보장약정,0,국내증권사,B,SF205,각주항목(09.06월 이후)
40857,202309,0010129,한국투자증권,A3,채무보증_채무인수약정,0,국내증권사,B,SF205,각주항목(09.06월 이후)
40858,202309,0010129,한국투자증권,A5,채무보증_매입확약,5367072034608,국내증권사,B,SF205,각주항목(09.06월 이후)
40859,202309,0010129,한국투자증권,A6,채무보증_기타,0,국내증권사,B,SF205,각주항목(09.06월 이후)
40860,202309,0010129,한국투자증권,B,투자자의 예수증권 등,206058896427272,국내증권사,B,SF205,각주항목(09.06월 이후)
40861,202309,0010129,한국투자증권,B1,투자자의 예수증권 등_예수 증권,206058896427272,국내증권사,B,SF205,각주항목(09.06월 이후)
40862,202309,0010129,한국투자증권,B2,투자자의 예수증권 등_예수양도성예금증서,0,국내증권사,B,SF205,각주항목(09.06월 이후)
40863,202309,0010129,한국투자증권,B3,투자자의 예수증권 등_기타,0,국내증권사,B,SF205,각주항목(09.06월 이후)
40864,202309,0010129,한국투자증권,C,파생상품계약,99583980458988,국내증권사,B,SF205,각주항목(09.06월 이후)
40865,202309,0010129,한국투자증권,C1,파생상품계약_장내파생상품,8319074116397,국내증권사,B,SF205,각주항목(09.06월 이후)
40866,202309,0010129,한국투자증권,C11,파생상품계약_장내파생상품_이자율관련거래,4477480120234,국내증권사,B,SF205,각주항목(09.06월 이후)
40867,202309,0010129,한국투자증권,C12,파생상품계약_장내파생상품_통화관련거래,388152638008,국내증권사,B,SF205,각주항목(09.06월 이후)
40868,202309,0010129,한국투자증권,C13,파생상품계약_장내파생상품_주식관련거래,3420223310450,국내증권사,B,SF205,각주항목(09.06월 이후)
40869,202309,0010129,한국투자증권,C14,파생상품계약_장내파생상품_일반상품관련거래,32803206455,국내증권사,B,SF205,각주항목(09.06월 이후)
40870,202309,0010129,한국투자증권,C15,파생상품계약_장내파생상품_기타,414841250,국내증권사,B,SF205,각주항목(09.06월 이후)
40871,202309,0010129,한국투자증권,C2,파생상품계약_장외파생상품,91264906342591,국내증권사,B,SF205,각주항목(09.06월 이후)
40872,202309,0010129,한국투자증권,C21,파생상품계약_장외파생상품_이자율관련거래,10877967080000,국내증권사,B,SF205,각주항목(09.06월 이후)
40873,202309,0010129,한국투자증권,C22,파생상품계약_장외파생상품_통화관련거래,43308763802230,국내증권사,B,SF205,각주항목(09.06월 이후)
40874,202309,0010129,한국투자증권,C23,파생상품계약_장외파생상품_주식관련거래,20070165700437,국내증권사,B,SF205,각주항목(09.06월 이후)
40875,202309,0010129,한국투자증권,C24,파생상품계약_장외파생상품_신용관련거래,3690865723186,국내증권사,B,SF205,각주항목(09.06월 이후)
40876,202309,0010129,한국투자증권,C25,파생상품계약_장외파생상품_기타,13317144036738,국내증권사,B,SF205,각주항목(09.06월 이후)
40877,202309,0010129,한국투자증권,D,대차 및 대주거래,10105950186587,국내증권사,B,SF205,각주항목(09.06월 이후)
40878,202309,0010129,한국투자증권,D1,대차 및 대주거래_대여증권,1818210477689,국내증권사,B,SF205,각주항목(09.06월 이후)
40879,202309,0010129,한국투자증권,D2,대차 및 대주거래_차입증권,8287739708898,국내증권사,B,SF205,각주항목(09.06월 이후)
40880,202309,0010129,한국투자증권,D3,대차 및 대주거래_신용거래대주,0,국내증권사,B,SF205,각주항목(09.06월 이후)
40881,202309,0010129,한국투자증권,E,대손상각채권,191923395396,국내증권사,B,SF205,각주항목(09.06월 이후)
40882,202309,0010129,한국투자증권,F,환전업무 예치금,0,국내증권사,B,SF205,각주항목(09.06월 이후)
40883,202309,0010129,한국투자증권,G,미배당별도예치금,4051599070,국내증권사,B,SF205,각주항목(09.06월 이후)
40884,202309,0010129,한국투자증권,H,배서어음매출(종금계정),0,국내증권사,B,SF205,각주항목(09.06월 이후)
40885,202309,0010129,한국투자증권,H1,대출채권매매이익_담보부,0,국내증권사,B,SF205,각주항목(09.06월 이후)
40886,202309,0010129,한국투자증권,H2,대출채권매매이익_무담보부,0,국내증권사,B,SF205,각주항목(09.06월 이후)
40887,202312,0010129,한국투자증권,A,채무보증,4915314014940,국내증권사,B,SF205,각주항목(09.06월 이후)
40888,202312,0010129,한국투자증권,A1,채무보증_지급보증,104944000000,국내증권사,B,SF205,각주항목(09.06월 이후)
40889,202312,0010129,한국투자증권,A2,채무보증_매입보장약정,0,국내증권사,B,SF205,각주항목(09.06월 이후)
40890,202312,0010129,한국투자증권,A3,채무보증_채무인수약정,0,국내증권사,B,SF205,각주항목(09.06월 이후)
40891,202312,0010129,한국투자증권,A5,채무보증_매입확약,4810370014940,국내증권사,B,SF205,각주항목(09.06월 이후)
40892,202312,0010129,한국투자증권,A6,채무보증_기타,0,국내증권사,B,SF205,각주항목(09.06월 이후)
40893,202312,0010129,한국투자증권,B,투자자의 예수증권 등,209089030830843,국내증권사,B,SF205,각주항목(09.06월 이후)
40894,202312,0010129,한국투자증권,B1,투자자의 예수증권 등_예수 증권,209089030830843,국내증권사,B,SF205,각주항목(09.06월 이후)
40895,202312,0010129,한국투자증권,B2,투자자의 예수증권 등_예수양도성예금증서,0,국내증권사,B,SF205,각주항목(09.06월 이후)
40896,202312,0010129,한국투자증권,B3,투자자의 예수증권 등_기타,0,국내증권사,B,SF205,각주항목(09.06월 이후)
40897,202312,0010129,한국투자증권,C,파생상품계약,81254611770347,국내증권사,B,SF205,각주항목(09.06월 이후)
40898,202312,0010129,한국투자증권,C1,파생상품계약_장내파생상품,3254869123994,국내증권사,B,SF205,각주항목(09.06월 이후)
40899,202312,0010129,한국투자증권,C11,파생상품계약_장내파생상품_이자율관련거래,1213278197998,국내증권사,B,SF205,각주항목(09.06월 이후)
40900,202312,0010129,한국투자증권,C12,파생상품계약_장내파생상품_통화관련거래,360928253595,국내증권사,B,SF205,각주항목(09.06월 이후)
40901,202312,0010129,한국투자증권,C13,파생상품계약_장내파생상품_주식관련거래,1646056077392,국내증권사,B,SF205,각주항목(09.06월 이후)
40902,202312,0010129,한국투자증권,C14,파생상품계약_장내파생상품_일반상품관련거래,34606595009,국내증권사,B,SF205,각주항목(09.06월 이후)
40903,202312,0010129,한국투자증권,C15,파생상품계약_장내파생상품_기타,0,국내증권사,B,SF205,각주항목(09.06월 이후)
40904,202312,0010129,한국투자증권,C2,파생상품계약_장외파생상품,77999742646353,국내증권사,B,SF205,각주항목(09.06월 이후)
40905,202312,0010129,한국투자증권,C21,파생상품계약_장외파생상품_이자율관련거래,10133102080000,국내증권사,B,SF205,각주항목(09.06월 이후)
40906,202312,0010129,한국투자증권,C22,파생상품계약_장외파생상품_통화관련거래,39706459869005,국내증권사,B,SF205,각주항목(09.06월 이후)
40907,202312,0010129,한국투자증권,C23,파생상품계약_장외파생상품_주식관련거래,13354004850343,국내증권사,B,SF205,각주항목(09.06월 이후)
40908,202312,0010129,한국투자증권,C24,파생상품계약_장외파생상품_신용관련거래,2755953080570,국내증권사,B,SF205,각주항목(09.06월 이후)
40909,202312,0010129,한국투자증권,C25,파생상품계약_장외파생상품_기타,12050222766435,국내증권사,B,SF205,각주항목(09.06월 이후)
40910,202312,0010129,한국투자증권,D,대차 및 대주거래,10043572102364,국내증권사,B,SF205,각주항목(09.06월 이후)
40911,202312,0010129,한국투자증권,D1,대차 및 대주거래_대여증권,1148612979698,국내증권사,B,SF205,각주항목(09.06월 이후)
40912,202312,0010129,한국투자증권,D2,대차 및 대주거래_차입증권,8894959122666,국내증권사,B,SF205,각주항목(09.06월 이후)
40913,202312,0010129,한국투자증권,D3,대차 및 대주거래_신용거래대주,0,국내증권사,B,SF205,각주항목(09.06월 이후)
40914,202312,0010129,한국투자증권,E,대손상각채권,209489052226,국내증권사,B,SF205,각주항목(09.06월 이후)
40915,202312,0010129,한국투자증권,F,환전업무 예치금,0,국내증권사,B,SF205,각주항목(09.06월 이후)
40916,202312,0010129,한국투자증권,G,미배당별도예치금,7228728191,국내증권사,B,SF205,각주항목(09.06월 이후)
40917,202312,0010129,한국투자증권,H,배서어음매출(종금계정),0,국내증권사,B,SF205,각주항목(09.06월 이후)
40918,202312,0010129,한국투자증권,H1,대출채권매매이익_담보부,0,국내증권사,B,SF205,각주항목(09.06월 이후)
40919,202312,0010129,한국투자증권,H2,대출채권매매이익_무담보부,0,국내증권사,B,SF205,각주항목(09.06월 이후)
40920,202403,0010129,한국투자증권,A,채무보증,4847190231435,국내증권사,B,SF205,각주항목(09.06월 이후)
40921,202403,0010129,한국투자증권,A1,채무보증_지급보증,109142700000,국내증권사,B,SF205,각주항목(09.06월 이후)
40922,202403,0010129,한국투자증권,A2,채무보증_매입보장약정,0,국내증권사,B,SF205,각주항목(09.06월 이후)
40923,202403,0010129,한국투자증권,A3,채무보증_채무인수약정,0,국내증권사,B,SF205,각주항목(09.06월 이후)
40924,202403,0010129,한국투자증권,A5,채무보증_매입확약,4738047531435,국내증권사,B,SF205,각주항목(09.06월 이후)
40925,202403,0010129,한국투자증권,A6,채무보증_기타,0,국내증권사,B,SF205,각주항목(09.06월 이후)
40926,202403,0010129,한국투자증권,B,투자자의 예수증권 등,216667893282259,국내증권사,B,SF205,각주항목(09.06월 이후)
40927,202403,0010129,한국투자증권,B1,투자자의 예수증권 등_예수 증권,216637945692259,국내증권사,B,SF205,각주항목(09.06월 이후)
40928,202403,0010129,한국투자증권,B2,투자자의 예수증권 등_예수양도성예금증서,29947590000,국내증권사,B,SF205,각주항목(09.06월 이후)
40929,202403,0010129,한국투자증권,B3,투자자의 예수증권 등_기타,0,국내증권사,B,SF205,각주항목(09.06월 이후)
40930,202403,0010129,한국투자증권,C,파생상품계약,88702107091999,국내증권사,B,SF205,각주항목(09.06월 이후)
40931,202403,0010129,한국투자증권,C1,파생상품계약_장내파생상품,6362430159347,국내증권사,B,SF205,각주항목(09.06월 이후)
40932,202403,0010129,한국투자증권,C11,파생상품계약_장내파생상품_이자율관련거래,3229566367302,국내증권사,B,SF205,각주항목(09.06월 이후)
40933,202403,0010129,한국투자증권,C12,파생상품계약_장내파생상품_통화관련거래,385557277678,국내증권사,B,SF205,각주항목(09.06월 이후)
40934,202403,0010129,한국투자증권,C13,파생상품계약_장내파생상품_주식관련거래,2681308806851,국내증권사,B,SF205,각주항목(09.06월 이후)
40935,202403,0010129,한국투자증권,C14,파생상품계약_장내파생상품_일반상품관련거래,65997707516,국내증권사,B,SF205,각주항목(09.06월 이후)
40936,202403,0010129,한국투자증권,C15,파생상품계약_장내파생상품_기타,0,국내증권사,B,SF205,각주항목(09.06월 이후)
40937,202403,0010129,한국투자증권,C2,파생상품계약_장외파생상품,82339676932652,국내증권사,B,SF205,각주항목(09.06월 이후)
40938,202403,0010129,한국투자증권,C21,파생상품계약_장외파생상품_이자율관련거래,9701552080000,국내증권사,B,SF205,각주항목(09.06월 이후)
40939,202403,0010129,한국투자증권,C22,파생상품계약_장외파생상품_통화관련거래,43986839166011,국내증권사,B,SF205,각주항목(09.06월 이후)
40940,202403,0010129,한국투자증권,C23,파생상품계약_장외파생상품_주식관련거래,13650170637238,국내증권사,B,SF205,각주항목(09.06월 이후)
40941,202403,0010129,한국투자증권,C24,파생상품계약_장외파생상품_신용관련거래,2810973793246,국내증권사,B,SF205,각주항목(09.06월 이후)
40942,202403,0010129,한국투자증권,C25,파생상품계약_장외파생상품_기타,12190141256157,국내증권사,B,SF205,각주항목(09.06월 이후)
40943,202403,0010129,한국투자증권,D,대차 및 대주거래,9467271958468,국내증권사,B,SF205,각주항목(09.06월 이후)
40944,202403,0010129,한국투자증권,D1,대차 및 대주거래_대여증권,1422110818167,국내증권사,B,SF205,각주항목(09.06월 이후)
40945,202403,0010129,한국투자증권,D2,대차 및 대주거래_차입증권,8045161140301,국내증권사,B,SF205,각주항목(09.06월 이후)
40946,202403,0010129,한국투자증권,D3,대차 및 대주거래_신용거래대주,0,국내증권사,B,SF205,각주항목(09.06월 이후)
40947,202403,0010129,한국투자증권,E,대손상각채권,233608892458,국내증권사,B,SF205,각주항목(09.06월 이후)
40948,202403,0010129,한국투자증권,F,환전업무 예치금,0,국내증권사,B,SF205,각주항목(09.06월 이후)
40949,202403,0010129,한국투자증권,G,미배당별도예치금,2481507084,국내증권사,B,SF205,각주항목(09.06월 이후)
40950,202403,0010129,한국투자증권,H,배서어음매출(종금계정),0,국내증권사,B,SF205,각주항목(09.06월 이후)
40951,202403,0010129,한국투자증권,H1,대출채권매매이익_담보부,0,국내증권사,B,SF205,각주항목(09.06월 이후)
40952,202403,0010129,한국투자증권,H2,대출채권매매이익_무담보부,0,국내증권사,B,SF205,각주항목(09.06월 이후)
40953,202406,0010129,한국투자증권,A,채무보증,4750922118009,국내증권사,B,SF205,각주항목(09.06월 이후)
40954,202406,0010129,한국투자증권,A1,채무보증_지급보증,127056360000,국내증권사,B,SF205,각주항목(09.06월 이후)
40955,202406,0010129,한국투자증권,A2,채무보증_매입보장약정,0,국내증권사,B,SF205,각주항목(09.06월 이후)
40956,202406,0010129,한국투자증권,A3,채무보증_채무인수약정,0,국내증권사,B,SF205,각주항목(09.06월 이후)
40957,202406,0010129,한국투자증권,A5,채무보증_매입확약,4623865758009,국내증권사,B,SF205,각주항목(09.06월 이후)
40958,202406,0010129,한국투자증권,A6,채무보증_기타,0,국내증권사,B,SF205,각주항목(09.06월 이후)
40959,202406,0010129,한국투자증권,B,투자자의 예수증권 등,222564274470982,국내증권사,B,SF205,각주항목(09.06월 이후)
40960,202406,0010129,한국투자증권,B1,투자자의 예수증권 등_예수 증권,222564274470982,국내증권사,B,SF205,각주항목(09.06월 이후)
40961,202406,0010129,한국투자증권,B2,투자자의 예수증권 등_예수양도성예금증서,0,국내증권사,B,SF205,각주항목(09.06월 이후)
40962,202406,0010129,한국투자증권,B3,투자자의 예수증권 등_기타,0,국내증권사,B,SF205,각주항목(09.06월 이후)
40963,202406,0010129,한국투자증권,C,파생상품계약,87692315721603,국내증권사,B,SF205,각주항목(09.06월 이후)
40964,202406,0010129,한국투자증권,C1,파생상품계약_장내파생상품,5822647075216,국내증권사,B,SF205,각주항목(09.06월 이후)
40965,202406,0010129,한국투자증권,C11,파생상품계약_장내파생상품_이자율관련거래,2796254169591,국내증권사,B,SF205,각주항목(09.06월 이후)
40966,202406,0010129,한국투자증권,C12,파생상품계약_장내파생상품_통화관련거래,595912809964,국내증권사,B,SF205,각주항목(09.06월 이후)
40967,202406,0010129,한국투자증권,C13,파생상품계약_장내파생상품_주식관련거래,2415922385284,국내증권사,B,SF205,각주항목(09.06월 이후)
40968,202406,0010129,한국투자증권,C14,파생상품계약_장내파생상품_일반상품관련거래,14557710377,국내증권사,B,SF205,각주항목(09.06월 이후)
40969,202406,0010129,한국투자증권,C15,파생상품계약_장내파생상품_기타,0,국내증권사,B,SF205,각주항목(09.06월 이후)
40970,202406,0010129,한국투자증권,C2,파생상품계약_장외파생상품,81869668646387,국내증권사,B,SF205,각주항목(09.06월 이후)
40971,202406,0010129,한국투자증권,C21,파생상품계약_장외파생상품_이자율관련거래,8656218080000,국내증권사,B,SF205,각주항목(09.06월 이후)
40972,202406,0010129,한국투자증권,C22,파생상품계약_장외파생상품_통화관련거래,46154345626950,국내증권사,B,SF205,각주항목(09.06월 이후)
40973,202406,0010129,한국투자증권,C23,파생상품계약_장외파생상품_주식관련거래,11990403600393,국내증권사,B,SF205,각주항목(09.06월 이후)
40974,202406,0010129,한국투자증권,C24,파생상품계약_장외파생상품_신용관련거래,2655750270809,국내증권사,B,SF205,각주항목(09.06월 이후)
40975,202406,0010129,한국투자증권,C25,파생상품계약_장외파생상품_기타,12412951068235,국내증권사,B,SF205,각주항목(09.06월 이후)
40976,202406,0010129,한국투자증권,D,대차 및 대주거래,10598687628518,국내증권사,B,SF205,각주항목(09.06월 이후)
40977,202406,0010129,한국투자증권,D1,대차 및 대주거래_대여증권,1409772119658,국내증권사,B,SF205,각주항목(09.06월 이후)
40978,202406,0010129,한국투자증권,D2,대차 및 대주거래_차입증권,9188915508860,국내증권사,B,SF205,각주항목(09.06월 이후)
40979,202406,0010129,한국투자증권,D3,대차 및 대주거래_신용거래대주,0,국내증권사,B,SF205,각주항목(09.06월 이후)
40980,202406,0010129,한국투자증권,E,대손상각채권,255238451625,국내증권사,B,SF205,각주항목(09.06월 이후)
40981,202406,0010129,한국투자증권,F,환전업무 예치금,0,국내증권사,B,SF205,각주항목(09.06월 이후)
40982,202406,0010129,한국투자증권,G,미배당별도예치금,4595364003,국내증권사,B,SF205,각주항목(09.06월 이후)
40983,202406,0010129,한국투자증권,H,배서어음매출(종금계정),0,국내증권사,B,SF205,각주항목(09.06월 이후)
40984,202406,0010129,한국투자증권,H1,대출채권매매이익_담보부,0,국내증권사,B,SF205,각주항목(09.06월 이후)
40985,202406,0010129,한국투자증권,H2,대출채권매매이익_무담보부,0,국내증권사,B,SF205,각주항목(09.06월 이후)
40986,202409,0010129,한국투자증권,A,채무보증,5145894226488,국내증권사,B,SF205,각주항목(09.06월 이후)
40987,202409,0010129,한국투자증권,A1,채무보증_지급보증,193916080000,국내증권사,B,SF205,각주항목(09.06월 이후)
40988,202409,0010129,한국투자증권,A2,채무보증_매입보장약정,0,국내증권사,B,SF205,각주항목(09.06월 이후)
40989,202409,0010129,한국투자증권,A3,채무보증_채무인수약정,0,국내증권사,B,SF205,각주항목(09.06월 이후)
40990,202409,0010129,한국투자증권,A5,채무보증_매입확약,4951978146488,국내증권사,B,SF205,각주항목(09.06월 이후)
40991,202409,0010129,한국투자증권,A6,채무보증_기타,0,국내증권사,B,SF205,각주항목(09.06월 이후)
40992,202409,0010129,한국투자증권,B,투자자의 예수증권 등,228375118185490,국내증권사,B,SF205,각주항목(09.06월 이후)
40993,202409,0010129,한국투자증권,B1,투자자의 예수증권 등_예수 증권,228375118185490,국내증권사,B,SF205,각주항목(09.06월 이후)
40994,202409,0010129,한국투자증권,B2,투자자의 예수증권 등_예수양도성예금증서,0,국내증권사,B,SF205,각주항목(09.06월 이후)
40995,202409,0010129,한국투자증권,B3,투자자의 예수증권 등_기타,0,국내증권사,B,SF205,각주항목(09.06월 이후)
40996,202409,0010129,한국투자증권,C,파생상품계약,73144609622379,국내증권사,B,SF205,각주항목(09.06월 이후)
40997,202409,0010129,한국투자증권,C1,파생상품계약_장내파생상품,8581122986785,국내증권사,B,SF205,각주항목(09.06월 이후)
40998,202409,0010129,한국투자증권,C11,파생상품계약_장내파생상품_이자율관련거래,6030061778624,국내증권사,B,SF205,각주항목(09.06월 이후)
40999,202409,0010129,한국투자증권,C12,파생상품계약_장내파생상품_통화관련거래,642240527764,국내증권사,B,SF205,각주항목(09.06월 이후)
41000,202409,0010129,한국투자증권,C13,파생상품계약_장내파생상품_주식관련거래,1892645075256,국내증권사,B,SF205,각주항목(09.06월 이후)
41001,202409,0010129,한국투자증권,C14,파생상품계약_장내파생상품_일반상품관련거래,16175605141,국내증권사,B,SF205,각주항목(09.06월 이후)
41002,202409,0010129,한국투자증권,C15,파생상품계약_장내파생상품_기타,0,국내증권사,B,SF205,각주항목(09.06월 이후)
41003,202409,0010129,한국투자증권,C2,파생상품계약_장외파생상품,64563486635594,국내증권사,B,SF205,각주항목(09.06월 이후)
41004,202409,0010129,한국투자증권,C21,파생상품계약_장외파생상품_이자율관련거래,6528411080000,국내증권사,B,SF205,각주항목(09.06월 이후)
41005,202409,0010129,한국투자증권,C22,파생상품계약_장외파생상품_통화관련거래,34632338974883,국내증권사,B,SF205,각주항목(09.06월 이후)
41006,202409,0010129,한국투자증권,C23,파생상품계약_장외파생상품_주식관련거래,10526648058345,국내증권사,B,SF205,각주항목(09.06월 이후)
41007,202409,0010129,한국투자증권,C24,파생상품계약_장외파생상품_신용관련거래,1996343260418,국내증권사,B,SF205,각주항목(09.06월 이후)
41008,202409,0010129,한국투자증권,C25,파생상품계약_장외파생상품_기타,10879745261948,국내증권사,B,SF205,각주항목(09.06월 이후)
41009,202409,0010129,한국투자증권,D,대차 및 대주거래,10536774807588,국내증권사,B,SF205,각주항목(09.06월 이후)
41010,202409,0010129,한국투자증권,D1,대차 및 대주거래_대여증권,1247530433801,국내증권사,B,SF205,각주항목(09.06월 이후)
41011,202409,0010129,한국투자증권,D2,대차 및 대주거래_차입증권,9289244373787,국내증권사,B,SF205,각주항목(09.06월 이후)
41012,202409,0010129,한국투자증권,D3,대차 및 대주거래_신용거래대주,0,국내증권사,B,SF205,각주항목(09.06월 이후)
41013,202409,0010129,한국투자증권,E,대손상각채권,280418838625,국내증권사,B,SF205,각주항목(09.06월 이후)
41014,202409,0010129,한국투자증권,F,환전업무 예치금,0,국내증권사,B,SF205,각주항목(09.06월 이후)
41015,202409,0010129,한국투자증권,G,미배당별도예치금,6327060897,국내증권사,B,SF205,각주항목(09.06월 이후)
41016,202409,0010129,한국투자증권,H,배서어음매출(종금계정),0,국내증권사,B,SF205,각주항목(09.06월 이후)
41017,202409,0010129,한국투자증권,H1,대출채권매매이익_담보부,0,국내증권사,B,SF205,각주항목(09.06월 이후)
41018,202409,0010129,한국투자증권,H2,대출채권매매이익_무담보부,0,국내증권사,B,SF205,각주항목(09.06월 이후)
41019,202412,0010129,한국투자증권,A,채무보증,5426394959721,국내증권사,B,SF205,각주항목(09.06월 이후)
41020,202412,0010129,한국투자증권,A1,채무보증_지급보증,215268100000,국내증권사,B,SF205,각주항목(09.06월 이후)
41021,202412,0010129,한국투자증권,A2,채무보증_매입보장약정,0,국내증권사,B,SF205,각주항목(09.06월 이후)
41022,202412,0010129,한국투자증권,A3,채무보증_채무인수약정,0,국내증권사,B,SF205,각주항목(09.06월 이후)
41023,202412,0010129,한국투자증권,A5,채무보증_매입확약,5211126859721,국내증권사,B,SF205,각주항목(09.06월 이후)
41024,202412,0010129,한국투자증권,A6,채무보증_기타,0,국내증권사,B,SF205,각주항목(09.06월 이후)
41025,202412,0010129,한국투자증권,B,투자자의 예수증권 등,222963125018858,국내증권사,B,SF205,각주항목(09.06월 이후)
41026,202412,0010129,한국투자증권,B1,투자자의 예수증권 등_예수 증권,222963125018858,국내증권사,B,SF205,각주항목(09.06월 이후)
41027,202412,0010129,한국투자증권,B2,투자자의 예수증권 등_예수양도성예금증서,0,국내증권사,B,SF205,각주항목(09.06월 이후)
41028,202412,0010129,한국투자증권,B3,투자자의 예수증권 등_기타,0,국내증권사,B,SF205,각주항목(09.06월 이후)
41029,202412,0010129,한국투자증권,C,파생상품계약,141103173358448,국내증권사,B,SF205,각주항목(09.06월 이후)
41030,202412,0010129,한국투자증권,C1,파생상품계약_장내파생상품,7668218416906,국내증권사,B,SF205,각주항목(09.06월 이후)
41031,202412,0010129,한국투자증권,C11,파생상품계약_장내파생상품_이자율관련거래,4567956114394,국내증권사,B,SF205,각주항목(09.06월 이후)
41032,202412,0010129,한국투자증권,C12,파생상품계약_장내파생상품_통화관련거래,1273561183910,국내증권사,B,SF205,각주항목(09.06월 이후)
41033,202412,0010129,한국투자증권,C13,파생상품계약_장내파생상품_주식관련거래,1730217463756,국내증권사,B,SF205,각주항목(09.06월 이후)
41034,202412,0010129,한국투자증권,C14,파생상품계약_장내파생상품_일반상품관련거래,96483654846,국내증권사,B,SF205,각주항목(09.06월 이후)
41035,202412,0010129,한국투자증권,C15,파생상품계약_장내파생상품_기타,0,국내증권사,B,SF205,각주항목(09.06월 이후)
41036,202412,0010129,한국투자증권,C2,파생상품계약_장외파생상품,133434954941542,국내증권사,B,SF205,각주항목(09.06월 이후)
41037,202412,0010129,한국투자증권,C21,파생상품계약_장외파생상품_이자율관련거래,69268029812133,국내증권사,B,SF205,각주항목(09.06월 이후)
41038,202412,0010129,한국투자증권,C22,파생상품계약_장외파생상품_통화관련거래,42246894643455,국내증권사,B,SF205,각주항목(09.06월 이후)
41039,202412,0010129,한국투자증권,C23,파생상품계약_장외파생상품_주식관련거래,10289740438701,국내증권사,B,SF205,각주항목(09.06월 이후)
41040,202412,0010129,한국투자증권,C24,파생상품계약_장외파생상품_신용관련거래,1616585030002,국내증권사,B,SF205,각주항목(09.06월 이후)
41041,202412,0010129,한국투자증권,C25,파생상품계약_장외파생상품_기타,10013705017251,국내증권사,B,SF205,각주항목(09.06월 이후)
41042,202412,0010129,한국투자증권,D,대차 및 대주거래,11241228862137,국내증권사,B,SF205,각주항목(09.06월 이후)
41043,202412,0010129,한국투자증권,D1,대차 및 대주거래_대여증권,1374101508787,국내증권사,B,SF205,각주항목(09.06월 이후)
41044,202412,0010129,한국투자증권,D2,대차 및 대주거래_차입증권,9867127353350,국내증권사,B,SF205,각주항목(09.06월 이후)
41045,202412,0010129,한국투자증권,D3,대차 및 대주거래_신용거래대주,0,국내증권사,B,SF205,각주항목(09.06월 이후)
41046,202412,0010129,한국투자증권,E,대손상각채권,292918832625,국내증권사,B,SF205,각주항목(09.06월 이후)
41047,202412,0010129,한국투자증권,F,환전업무 예치금,0,국내증권사,B,SF205,각주항목(09.06월 이후)
41048,202412,0010129,한국투자증권,G,미배당별도예치금,9547259154,국내증권사,B,SF205,각주항목(09.06월 이후)
41049,202412,0010129,한국투자증권,H,배서어음매출(종금계정),0,국내증권사,B,SF205,각주항목(09.06월 이후)
41050,202412,0010129,한국투자증권,H1,대출채권매매이익_담보부,0,국내증권사,B,SF205,각주항목(09.06월 이후)
41051,202412,0010129,한국투자증권,H2,대출채권매매이익_무담보부,0,국내증권사,B,SF205,각주항목(09.06월 이후)
41052,201703,0010098,한양증권주식회사,A,채무보증,0,국내증권사,B,SF205,각주항목(09.06월 이후)
41053,201703,0010098,한양증권주식회사,A1,채무보증_지급보증,0,국내증권사,B,SF205,각주항목(09.06월 이후)
41054,201703,0010098,한양증권주식회사,A2,채무보증_매입보장약정,0,국내증권사,B,SF205,각주항목(09.06월 이후)
41055,201703,0010098,한양증권주식회사,A3,채무보증_채무인수약정,0,국내증권사,B,SF205,각주항목(09.06월 이후)
41056,201703,0010098,한양증권주식회사,A5,채무보증_매입확약,0,국내증권사,B,SF205,각주항목(09.06월 이후)
41057,201703,0010098,한양증권주식회사,A6,채무보증_기타,0,국내증권사,B,SF205,각주항목(09.06월 이후)
41058,201703,0010098,한양증권주식회사,B,투자자의 예수증권 등,3507308459652,국내증권사,B,SF205,각주항목(09.06월 이후)
41059,201703,0010098,한양증권주식회사,B1,투자자의 예수증권 등_예수 증권,3507308459652,국내증권사,B,SF205,각주항목(09.06월 이후)
41060,201703,0010098,한양증권주식회사,B2,투자자의 예수증권 등_예수양도성예금증서,0,국내증권사,B,SF205,각주항목(09.06월 이후)
41061,201703,0010098,한양증권주식회사,B3,투자자의 예수증권 등_기타,0,국내증권사,B,SF205,각주항목(09.06월 이후)
41062,201703,0010098,한양증권주식회사,C,파생상품계약,4046918040000,국내증권사,B,SF205,각주항목(09.06월 이후)
41063,201703,0010098,한양증권주식회사,C1,파생상품계약_장내파생상품,4046918040000,국내증권사,B,SF205,각주항목(09.06월 이후)
41064,201703,0010098,한양증권주식회사,C11,파생상품계약_장내파생상품_이자율관련거래,46184360000,국내증권사,B,SF205,각주항목(09.06월 이후)
41065,201703,0010098,한양증권주식회사,C12,파생상품계약_장내파생상품_통화관련거래,0,국내증권사,B,SF205,각주항목(09.06월 이후)
41066,201703,0010098,한양증권주식회사,C13,파생상품계약_장내파생상품_주식관련거래,4000733680000,국내증권사,B,SF205,각주항목(09.06월 이후)
41067,201703,0010098,한양증권주식회사,C14,파생상품계약_장내파생상품_일반상품관련거래,0,국내증권사,B,SF205,각주항목(09.06월 이후)
41068,201703,0010098,한양증권주식회사,C15,파생상품계약_장내파생상품_기타,0,국내증권사,B,SF205,각주항목(09.06월 이후)
41069,201703,0010098,한양증권주식회사,C2,파생상품계약_장외파생상품,0,국내증권사,B,SF205,각주항목(09.06월 이후)
41070,201703,0010098,한양증권주식회사,C21,파생상품계약_장외파생상품_이자율관련거래,0,국내증권사,B,SF205,각주항목(09.06월 이후)
41071,201703,0010098,한양증권주식회사,C22,파생상품계약_장외파생상품_통화관련거래,0,국내증권사,B,SF205,각주항목(09.06월 이후)
41072,201703,0010098,한양증권주식회사,C23,파생상품계약_장외파생상품_주식관련거래,0,국내증권사,B,SF205,각주항목(09.06월 이후)
41073,201703,0010098,한양증권주식회사,C24,파생상품계약_장외파생상품_신용관련거래,0,국내증권사,B,SF205,각주항목(09.06월 이후)
41074,201703,0010098,한양증권주식회사,C25,파생상품계약_장외파생상품_기타,0,국내증권사,B,SF205,각주항목(09.06월 이후)
41075,201703,0010098,한양증권주식회사,D,대차 및 대주거래,59682173650,국내증권사,B,SF205,각주항목(09.06월 이후)
41076,201703,0010098,한양증권주식회사,D1,대차 및 대주거래_대여증권,0,국내증권사,B,SF205,각주항목(09.06월 이후)
41077,201703,0010098,한양증권주식회사,D2,대차 및 대주거래_차입증권,59682173650,국내증권사,B,SF205,각주항목(09.06월 이후)
41078,201703,0010098,한양증권주식회사,D3,대차 및 대주거래_신용거래대주,0,국내증권사,B,SF205,각주항목(09.06월 이후)
41079,201703,0010098,한양증권주식회사,E,대손상각채권,8846022484,국내증권사,B,SF205,각주항목(09.06월 이후)
41080,201703,0010098,한양증권주식회사,F,환전업무 예치금,0,국내증권사,B,SF205,각주항목(09.06월 이후)
41081,201703,0010098,한양증권주식회사,G,미배당별도예치금,0,국내증권사,B,SF205,각주항목(09.06월 이후)
41082,201703,0010098,한양증권주식회사,H,배서어음매출(종금계정),0,국내증권사,B,SF205,각주항목(09.06월 이후)
41083,201703,0010098,한양증권주식회사,H1,대출채권매매이익_담보부,0,국내증권사,B,SF205,각주항목(09.06월 이후)
41084,201703,0010098,한양증권주식회사,H2,대출채권매매이익_무담보부,0,국내증권사,B,SF205,각주항목(09.06월 이후)
41085,201706,0010098,한양증권주식회사,A,채무보증,0,국내증권사,B,SF205,각주항목(09.06월 이후)
41086,201706,0010098,한양증권주식회사,A1,채무보증_지급보증,0,국내증권사,B,SF205,각주항목(09.06월 이후)
41087,201706,0010098,한양증권주식회사,A2,채무보증_매입보장약정,0,국내증권사,B,SF205,각주항목(09.06월 이후)
41088,201706,0010098,한양증권주식회사,A3,채무보증_채무인수약정,0,국내증권사,B,SF205,각주항목(09.06월 이후)
41089,201706,0010098,한양증권주식회사,A5,채무보증_매입확약,0,국내증권사,B,SF205,각주항목(09.06월 이후)
41090,201706,0010098,한양증권주식회사,A6,채무보증_기타,0,국내증권사,B,SF205,각주항목(09.06월 이후)
41091,201706,0010098,한양증권주식회사,B,투자자의 예수증권 등,3496515888218,국내증권사,B,SF205,각주항목(09.06월 이후)
41092,201706,0010098,한양증권주식회사,B1,투자자의 예수증권 등_예수 증권,3496515888218,국내증권사,B,SF205,각주항목(09.06월 이후)
41093,201706,0010098,한양증권주식회사,B2,투자자의 예수증권 등_예수양도성예금증서,0,국내증권사,B,SF205,각주항목(09.06월 이후)
41094,201706,0010098,한양증권주식회사,B3,투자자의 예수증권 등_기타,0,국내증권사,B,SF205,각주항목(09.06월 이후)
41095,201706,0010098,한양증권주식회사,C,파생상품계약,2649359060000,국내증권사,B,SF205,각주항목(09.06월 이후)
41096,201706,0010098,한양증권주식회사,C1,파생상품계약_장내파생상품,2649359060000,국내증권사,B,SF205,각주항목(09.06월 이후)
41097,201706,0010098,한양증권주식회사,C11,파생상품계약_장내파생상품_이자율관련거래,184893410000,국내증권사,B,SF205,각주항목(09.06월 이후)
41098,201706,0010098,한양증권주식회사,C12,파생상품계약_장내파생상품_통화관련거래,0,국내증권사,B,SF205,각주항목(09.06월 이후)
41099,201706,0010098,한양증권주식회사,C13,파생상품계약_장내파생상품_주식관련거래,2464465650000,국내증권사,B,SF205,각주항목(09.06월 이후)
41100,201706,0010098,한양증권주식회사,C14,파생상품계약_장내파생상품_일반상품관련거래,0,국내증권사,B,SF205,각주항목(09.06월 이후)
41101,201706,0010098,한양증권주식회사,C15,파생상품계약_장내파생상품_기타,0,국내증권사,B,SF205,각주항목(09.06월 이후)
41102,201706,0010098,한양증권주식회사,C2,파생상품계약_장외파생상품,0,국내증권사,B,SF205,각주항목(09.06월 이후)
41103,201706,0010098,한양증권주식회사,C21,파생상품계약_장외파생상품_이자율관련거래,0,국내증권사,B,SF205,각주항목(09.06월 이후)
41104,201706,0010098,한양증권주식회사,C22,파생상품계약_장외파생상품_통화관련거래,0,국내증권사,B,SF205,각주항목(09.06월 이후)
41105,201706,0010098,한양증권주식회사,C23,파생상품계약_장외파생상품_주식관련거래,0,국내증권사,B,SF205,각주항목(09.06월 이후)
41106,201706,0010098,한양증권주식회사,C24,파생상품계약_장외파생상품_신용관련거래,0,국내증권사,B,SF205,각주항목(09.06월 이후)
41107,201706,0010098,한양증권주식회사,C25,파생상품계약_장외파생상품_기타,0,국내증권사,B,SF205,각주항목(09.06월 이후)
41108,201706,0010098,한양증권주식회사,D,대차 및 대주거래,61857058340,국내증권사,B,SF205,각주항목(09.06월 이후)
41109,201706,0010098,한양증권주식회사,D1,대차 및 대주거래_대여증권,0,국내증권사,B,SF205,각주항목(09.06월 이후)
41110,201706,0010098,한양증권주식회사,D2,대차 및 대주거래_차입증권,61857058340,국내증권사,B,SF205,각주항목(09.06월 이후)
41111,201706,0010098,한양증권주식회사,D3,대차 및 대주거래_신용거래대주,0,국내증권사,B,SF205,각주항목(09.06월 이후)
41112,201706,0010098,한양증권주식회사,E,대손상각채권,8843146052,국내증권사,B,SF205,각주항목(09.06월 이후)
41113,201706,0010098,한양증권주식회사,F,환전업무 예치금,0,국내증권사,B,SF205,각주항목(09.06월 이후)
41114,201706,0010098,한양증권주식회사,G,미배당별도예치금,0,국내증권사,B,SF205,각주항목(09.06월 이후)
41115,201706,0010098,한양증권주식회사,H,배서어음매출(종금계정),0,국내증권사,B,SF205,각주항목(09.06월 이후)
41116,201706,0010098,한양증권주식회사,H1,대출채권매매이익_담보부,0,국내증권사,B,SF205,각주항목(09.06월 이후)
41117,201706,0010098,한양증권주식회사,H2,대출채권매매이익_무담보부,0,국내증권사,B,SF205,각주항목(09.06월 이후)
41118,201709,0010098,한양증권주식회사,A,채무보증,0,국내증권사,B,SF205,각주항목(09.06월 이후)
41119,201709,0010098,한양증권주식회사,A1,채무보증_지급보증,0,국내증권사,B,SF205,각주항목(09.06월 이후)
41120,201709,0010098,한양증권주식회사,A2,채무보증_매입보장약정,0,국내증권사,B,SF205,각주항목(09.06월 이후)
41121,201709,0010098,한양증권주식회사,A3,채무보증_채무인수약정,0,국내증권사,B,SF205,각주항목(09.06월 이후)
41122,201709,0010098,한양증권주식회사,A5,채무보증_매입확약,0,국내증권사,B,SF205,각주항목(09.06월 이후)
41123,201709,0010098,한양증권주식회사,A6,채무보증_기타,0,국내증권사,B,SF205,각주항목(09.06월 이후)
41124,201709,0010098,한양증권주식회사,B,투자자의 예수증권 등,3110327653271,국내증권사,B,SF205,각주항목(09.06월 이후)
41125,201709,0010098,한양증권주식회사,B1,투자자의 예수증권 등_예수 증권,3110327653271,국내증권사,B,SF205,각주항목(09.06월 이후)
41126,201709,0010098,한양증권주식회사,B2,투자자의 예수증권 등_예수양도성예금증서,0,국내증권사,B,SF205,각주항목(09.06월 이후)
41127,201709,0010098,한양증권주식회사,B3,투자자의 예수증권 등_기타,0,국내증권사,B,SF205,각주항목(09.06월 이후)
41128,201709,0010098,한양증권주식회사,C,파생상품계약,1403216747500,국내증권사,B,SF205,각주항목(09.06월 이후)
41129,201709,0010098,한양증권주식회사,C1,파생상품계약_장내파생상품,1403216747500,국내증권사,B,SF205,각주항목(09.06월 이후)
41130,201709,0010098,한양증권주식회사,C11,파생상품계약_장내파생상품_이자율관련거래,308996440000,국내증권사,B,SF205,각주항목(09.06월 이후)
41131,201709,0010098,한양증권주식회사,C12,파생상품계약_장내파생상품_통화관련거래,0,국내증권사,B,SF205,각주항목(09.06월 이후)
41132,201709,0010098,한양증권주식회사,C13,파생상품계약_장내파생상품_주식관련거래,1094220307500,국내증권사,B,SF205,각주항목(09.06월 이후)
41133,201709,0010098,한양증권주식회사,C14,파생상품계약_장내파생상품_일반상품관련거래,0,국내증권사,B,SF205,각주항목(09.06월 이후)
41134,201709,0010098,한양증권주식회사,C15,파생상품계약_장내파생상품_기타,0,국내증권사,B,SF205,각주항목(09.06월 이후)
41135,201709,0010098,한양증권주식회사,C2,파생상품계약_장외파생상품,0,국내증권사,B,SF205,각주항목(09.06월 이후)
41136,201709,0010098,한양증권주식회사,C21,파생상품계약_장외파생상품_이자율관련거래,0,국내증권사,B,SF205,각주항목(09.06월 이후)
41137,201709,0010098,한양증권주식회사,C22,파생상품계약_장외파생상품_통화관련거래,0,국내증권사,B,SF205,각주항목(09.06월 이후)
41138,201709,0010098,한양증권주식회사,C23,파생상품계약_장외파생상품_주식관련거래,0,국내증권사,B,SF205,각주항목(09.06월 이후)
41139,201709,0010098,한양증권주식회사,C24,파생상품계약_장외파생상품_신용관련거래,0,국내증권사,B,SF205,각주항목(09.06월 이후)
41140,201709,0010098,한양증권주식회사,C25,파생상품계약_장외파생상품_기타,0,국내증권사,B,SF205,각주항목(09.06월 이후)
41141,201709,0010098,한양증권주식회사,D,대차 및 대주거래,154684887700,국내증권사,B,SF205,각주항목(09.06월 이후)
41142,201709,0010098,한양증권주식회사,D1,대차 및 대주거래_대여증권,0,국내증권사,B,SF205,각주항목(09.06월 이후)
41143,201709,0010098,한양증권주식회사,D2,대차 및 대주거래_차입증권,154684887700,국내증권사,B,SF205,각주항목(09.06월 이후)
41144,201709,0010098,한양증권주식회사,D3,대차 및 대주거래_신용거래대주,0,국내증권사,B,SF205,각주항목(09.06월 이후)
41145,201709,0010098,한양증권주식회사,E,대손상각채권,8840988728,국내증권사,B,SF205,각주항목(09.06월 이후)
41146,201709,0010098,한양증권주식회사,F,환전업무 예치금,0,국내증권사,B,SF205,각주항목(09.06월 이후)
41147,201709,0010098,한양증권주식회사,G,미배당별도예치금,0,국내증권사,B,SF205,각주항목(09.06월 이후)
41148,201709,0010098,한양증권주식회사,H,배서어음매출(종금계정),0,국내증권사,B,SF205,각주항목(09.06월 이후)
41149,201709,0010098,한양증권주식회사,H1,대출채권매매이익_담보부,0,국내증권사,B,SF205,각주항목(09.06월 이후)
41150,201709,0010098,한양증권주식회사,H2,대출채권매매이익_무담보부,0,국내증권사,B,SF205,각주항목(09.06월 이후)
41151,201712,0010098,한양증권주식회사,A,채무보증,0,국내증권사,B,SF205,각주항목(09.06월 이후)
41152,201712,0010098,한양증권주식회사,A1,채무보증_지급보증,0,국내증권사,B,SF205,각주항목(09.06월 이후)
41153,201712,0010098,한양증권주식회사,A2,채무보증_매입보장약정,0,국내증권사,B,SF205,각주항목(09.06월 이후)
41154,201712,0010098,한양증권주식회사,A3,채무보증_채무인수약정,0,국내증권사,B,SF205,각주항목(09.06월 이후)
41155,201712,0010098,한양증권주식회사,A5,채무보증_매입확약,0,국내증권사,B,SF205,각주항목(09.06월 이후)
41156,201712,0010098,한양증권주식회사,A6,채무보증_기타,0,국내증권사,B,SF205,각주항목(09.06월 이후)
41157,201712,0010098,한양증권주식회사,B,투자자의 예수증권 등,3222524373514,국내증권사,B,SF205,각주항목(09.06월 이후)
41158,201712,0010098,한양증권주식회사,B1,투자자의 예수증권 등_예수 증권,3222524373514,국내증권사,B,SF205,각주항목(09.06월 이후)
41159,201712,0010098,한양증권주식회사,B2,투자자의 예수증권 등_예수양도성예금증서,0,국내증권사,B,SF205,각주항목(09.06월 이후)
41160,201712,0010098,한양증권주식회사,B3,투자자의 예수증권 등_기타,0,국내증권사,B,SF205,각주항목(09.06월 이후)
41161,201712,0010098,한양증권주식회사,C,파생상품계약,3013110395500,국내증권사,B,SF205,각주항목(09.06월 이후)
41162,201712,0010098,한양증권주식회사,C1,파생상품계약_장내파생상품,3013110395500,국내증권사,B,SF205,각주항목(09.06월 이후)
41163,201712,0010098,한양증권주식회사,C11,파생상품계약_장내파생상품_이자율관련거래,566192590000,국내증권사,B,SF205,각주항목(09.06월 이후)
41164,201712,0010098,한양증권주식회사,C12,파생상품계약_장내파생상품_통화관련거래,0,국내증권사,B,SF205,각주항목(09.06월 이후)
41165,201712,0010098,한양증권주식회사,C13,파생상품계약_장내파생상품_주식관련거래,2446917805500,국내증권사,B,SF205,각주항목(09.06월 이후)
41166,201712,0010098,한양증권주식회사,C14,파생상품계약_장내파생상품_일반상품관련거래,0,국내증권사,B,SF205,각주항목(09.06월 이후)
41167,201712,0010098,한양증권주식회사,C15,파생상품계약_장내파생상품_기타,0,국내증권사,B,SF205,각주항목(09.06월 이후)
41168,201712,0010098,한양증권주식회사,C2,파생상품계약_장외파생상품,0,국내증권사,B,SF205,각주항목(09.06월 이후)
41169,201712,0010098,한양증권주식회사,C21,파생상품계약_장외파생상품_이자율관련거래,0,국내증권사,B,SF205,각주항목(09.06월 이후)
41170,201712,0010098,한양증권주식회사,C22,파생상품계약_장외파생상품_통화관련거래,0,국내증권사,B,SF205,각주항목(09.06월 이후)
41171,201712,0010098,한양증권주식회사,C23,파생상품계약_장외파생상품_주식관련거래,0,국내증권사,B,SF205,각주항목(09.06월 이후)
41172,201712,0010098,한양증권주식회사,C24,파생상품계약_장외파생상품_신용관련거래,0,국내증권사,B,SF205,각주항목(09.06월 이후)
41173,201712,0010098,한양증권주식회사,C25,파생상품계약_장외파생상품_기타,0,국내증권사,B,SF205,각주항목(09.06월 이후)
41174,201712,0010098,한양증권주식회사,D,대차 및 대주거래,59895951120,국내증권사,B,SF205,각주항목(09.06월 이후)
41175,201712,0010098,한양증권주식회사,D1,대차 및 대주거래_대여증권,0,국내증권사,B,SF205,각주항목(09.06월 이후)
41176,201712,0010098,한양증권주식회사,D2,대차 및 대주거래_차입증권,59895951120,국내증권사,B,SF205,각주항목(09.06월 이후)
41177,201712,0010098,한양증권주식회사,D3,대차 및 대주거래_신용거래대주,0,국내증권사,B,SF205,각주항목(09.06월 이후)
41178,201712,0010098,한양증권주식회사,E,대손상각채권,8838831404,국내증권사,B,SF205,각주항목(09.06월 이후)
41179,201712,0010098,한양증권주식회사,F,환전업무 예치금,0,국내증권사,B,SF205,각주항목(09.06월 이후)
41180,201712,0010098,한양증권주식회사,G,미배당별도예치금,0,국내증권사,B,SF205,각주항목(09.06월 이후)
41181,201712,0010098,한양증권주식회사,H,배서어음매출(종금계정),0,국내증권사,B,SF205,각주항목(09.06월 이후)
41182,201712,0010098,한양증권주식회사,H1,대출채권매매이익_담보부,0,국내증권사,B,SF205,각주항목(09.06월 이후)
41183,201712,0010098,한양증권주식회사,H2,대출채권매매이익_무담보부,0,국내증권사,B,SF205,각주항목(09.06월 이후)
41184,201803,0010098,한양증권주식회사,A,채무보증,0,국내증권사,B,SF205,각주항목(09.06월 이후)
41185,201803,0010098,한양증권주식회사,A1,채무보증_지급보증,0,국내증권사,B,SF205,각주항목(09.06월 이후)
41186,201803,0010098,한양증권주식회사,A2,채무보증_매입보장약정,0,국내증권사,B,SF205,각주항목(09.06월 이후)
41187,201803,0010098,한양증권주식회사,A3,채무보증_채무인수약정,0,국내증권사,B,SF205,각주항목(09.06월 이후)
41188,201803,0010098,한양증권주식회사,A5,채무보증_매입확약,0,국내증권사,B,SF205,각주항목(09.06월 이후)
41189,201803,0010098,한양증권주식회사,A6,채무보증_기타,0,국내증권사,B,SF205,각주항목(09.06월 이후)
41190,201803,0010098,한양증권주식회사,B,투자자의 예수증권 등,3529454204609,국내증권사,B,SF205,각주항목(09.06월 이후)
41191,201803,0010098,한양증권주식회사,B1,투자자의 예수증권 등_예수 증권,3529454204609,국내증권사,B,SF205,각주항목(09.06월 이후)
41192,201803,0010098,한양증권주식회사,B2,투자자의 예수증권 등_예수양도성예금증서,0,국내증권사,B,SF205,각주항목(09.06월 이후)
41193,201803,0010098,한양증권주식회사,B3,투자자의 예수증권 등_기타,0,국내증권사,B,SF205,각주항목(09.06월 이후)
41194,201803,0010098,한양증권주식회사,C,파생상품계약,1442205555000,국내증권사,B,SF205,각주항목(09.06월 이후)
41195,201803,0010098,한양증권주식회사,C1,파생상품계약_장내파생상품,1442205555000,국내증권사,B,SF205,각주항목(09.06월 이후)
41196,201803,0010098,한양증권주식회사,C11,파생상품계약_장내파생상품_이자율관련거래,716944040000,국내증권사,B,SF205,각주항목(09.06월 이후)
41197,201803,0010098,한양증권주식회사,C12,파생상품계약_장내파생상품_통화관련거래,0,국내증권사,B,SF205,각주항목(09.06월 이후)
41198,201803,0010098,한양증권주식회사,C13,파생상품계약_장내파생상품_주식관련거래,725261515000,국내증권사,B,SF205,각주항목(09.06월 이후)
41199,201803,0010098,한양증권주식회사,C14,파생상품계약_장내파생상품_일반상품관련거래,0,국내증권사,B,SF205,각주항목(09.06월 이후)
41200,201803,0010098,한양증권주식회사,C15,파생상품계약_장내파생상품_기타,0,국내증권사,B,SF205,각주항목(09.06월 이후)
41201,201803,0010098,한양증권주식회사,C2,파생상품계약_장외파생상품,0,국내증권사,B,SF205,각주항목(09.06월 이후)
41202,201803,0010098,한양증권주식회사,C21,파생상품계약_장외파생상품_이자율관련거래,0,국내증권사,B,SF205,각주항목(09.06월 이후)
41203,201803,0010098,한양증권주식회사,C22,파생상품계약_장외파생상품_통화관련거래,0,국내증권사,B,SF205,각주항목(09.06월 이후)
41204,201803,0010098,한양증권주식회사,C23,파생상품계약_장외파생상품_주식관련거래,0,국내증권사,B,SF205,각주항목(09.06월 이후)
41205,201803,0010098,한양증권주식회사,C24,파생상품계약_장외파생상품_신용관련거래,0,국내증권사,B,SF205,각주항목(09.06월 이후)
41206,201803,0010098,한양증권주식회사,C25,파생상품계약_장외파생상품_기타,0,국내증권사,B,SF205,각주항목(09.06월 이후)
41207,201803,0010098,한양증권주식회사,D,대차 및 대주거래,61043658190,국내증권사,B,SF205,각주항목(09.06월 이후)
41208,201803,0010098,한양증권주식회사,D1,대차 및 대주거래_대여증권,0,국내증권사,B,SF205,각주항목(09.06월 이후)
41209,201803,0010098,한양증권주식회사,D2,대차 및 대주거래_차입증권,61043658190,국내증권사,B,SF205,각주항목(09.06월 이후)
41210,201803,0010098,한양증권주식회사,D3,대차 및 대주거래_신용거래대주,0,국내증권사,B,SF205,각주항목(09.06월 이후)
41211,201803,0010098,한양증권주식회사,E,대손상각채권,8836674080,국내증권사,B,SF205,각주항목(09.06월 이후)
41212,201803,0010098,한양증권주식회사,F,환전업무 예치금,0,국내증권사,B,SF205,각주항목(09.06월 이후)
41213,201803,0010098,한양증권주식회사,G,미배당별도예치금,0,국내증권사,B,SF205,각주항목(09.06월 이후)
41214,201803,0010098,한양증권주식회사,H,배서어음매출(종금계정),0,국내증권사,B,SF205,각주항목(09.06월 이후)
41215,201803,0010098,한양증권주식회사,H1,대출채권매매이익_담보부,0,국내증권사,B,SF205,각주항목(09.06월 이후)
41216,201803,0010098,한양증권주식회사,H2,대출채권매매이익_무담보부,0,국내증권사,B,SF205,각주항목(09.06월 이후)
41217,201806,0010098,한양증권주식회사,A,채무보증,0,국내증권사,B,SF205,각주항목(09.06월 이후)
41218,201806,0010098,한양증권주식회사,A1,채무보증_지급보증,0,국내증권사,B,SF205,각주항목(09.06월 이후)
41219,201806,0010098,한양증권주식회사,A2,채무보증_매입보장약정,0,국내증권사,B,SF205,각주항목(09.06월 이후)
41220,201806,0010098,한양증권주식회사,A3,채무보증_채무인수약정,0,국내증권사,B,SF205,각주항목(09.06월 이후)
41221,201806,0010098,한양증권주식회사,A5,채무보증_매입확약,0,국내증권사,B,SF205,각주항목(09.06월 이후)
41222,201806,0010098,한양증권주식회사,A6,채무보증_기타,0,국내증권사,B,SF205,각주항목(09.06월 이후)
41223,201806,0010098,한양증권주식회사,B,투자자의 예수증권 등,3357627342374,국내증권사,B,SF205,각주항목(09.06월 이후)
41224,201806,0010098,한양증권주식회사,B1,투자자의 예수증권 등_예수 증권,3357627342374,국내증권사,B,SF205,각주항목(09.06월 이후)
41225,201806,0010098,한양증권주식회사,B2,투자자의 예수증권 등_예수양도성예금증서,0,국내증권사,B,SF205,각주항목(09.06월 이후)
41226,201806,0010098,한양증권주식회사,B3,투자자의 예수증권 등_기타,0,국내증권사,B,SF205,각주항목(09.06월 이후)
41227,201806,0010098,한양증권주식회사,C,파생상품계약,2411063516160,국내증권사,B,SF205,각주항목(09.06월 이후)
41228,201806,0010098,한양증권주식회사,C1,파생상품계약_장내파생상품,2410919400000,국내증권사,B,SF205,각주항목(09.06월 이후)
41229,201806,0010098,한양증권주식회사,C11,파생상품계약_장내파생상품_이자율관련거래,694003500000,국내증권사,B,SF205,각주항목(09.06월 이후)
41230,201806,0010098,한양증권주식회사,C12,파생상품계약_장내파생상품_통화관련거래,0,국내증권사,B,SF205,각주항목(09.06월 이후)
41231,201806,0010098,한양증권주식회사,C13,파생상품계약_장내파생상품_주식관련거래,1716915900000,국내증권사,B,SF205,각주항목(09.06월 이후)
41232,201806,0010098,한양증권주식회사,C14,파생상품계약_장내파생상품_일반상품관련거래,0,국내증권사,B,SF205,각주항목(09.06월 이후)
41233,201806,0010098,한양증권주식회사,C15,파생상품계약_장내파생상품_기타,0,국내증권사,B,SF205,각주항목(09.06월 이후)
41234,201806,0010098,한양증권주식회사,C2,파생상품계약_장외파생상품,144116160,국내증권사,B,SF205,각주항목(09.06월 이후)
41235,201806,0010098,한양증권주식회사,C21,파생상품계약_장외파생상품_이자율관련거래,0,국내증권사,B,SF205,각주항목(09.06월 이후)
41236,201806,0010098,한양증권주식회사,C22,파생상품계약_장외파생상품_통화관련거래,0,국내증권사,B,SF205,각주항목(09.06월 이후)
41237,201806,0010098,한양증권주식회사,C23,파생상품계약_장외파생상품_주식관련거래,0,국내증권사,B,SF205,각주항목(09.06월 이후)
41238,201806,0010098,한양증권주식회사,C24,파생상품계약_장외파생상품_신용관련거래,0,국내증권사,B,SF205,각주항목(09.06월 이후)
41239,201806,0010098,한양증권주식회사,C25,파생상품계약_장외파생상품_기타,144116160,국내증권사,B,SF205,각주항목(09.06월 이후)
41240,201806,0010098,한양증권주식회사,D,대차 및 대주거래,66133381080,국내증권사,B,SF205,각주항목(09.06월 이후)
41241,201806,0010098,한양증권주식회사,D1,대차 및 대주거래_대여증권,0,국내증권사,B,SF205,각주항목(09.06월 이후)
41242,201806,0010098,한양증권주식회사,D2,대차 및 대주거래_차입증권,66133381080,국내증권사,B,SF205,각주항목(09.06월 이후)
41243,201806,0010098,한양증권주식회사,D3,대차 및 대주거래_신용거래대주,0,국내증권사,B,SF205,각주항목(09.06월 이후)
41244,201806,0010098,한양증권주식회사,E,대손상각채권,8822494941,국내증권사,B,SF205,각주항목(09.06월 이후)
41245,201806,0010098,한양증권주식회사,F,환전업무 예치금,0,국내증권사,B,SF205,각주항목(09.06월 이후)
41246,201806,0010098,한양증권주식회사,G,미배당별도예치금,0,국내증권사,B,SF205,각주항목(09.06월 이후)
41247,201806,0010098,한양증권주식회사,H,배서어음매출(종금계정),0,국내증권사,B,SF205,각주항목(09.06월 이후)
41248,201806,0010098,한양증권주식회사,H1,대출채권매매이익_담보부,0,국내증권사,B,SF205,각주항목(09.06월 이후)
41249,201806,0010098,한양증권주식회사,H2,대출채권매매이익_무담보부,0,국내증권사,B,SF205,각주항목(09.06월 이후)
41250,201809,0010098,한양증권주식회사,A,채무보증,0,국내증권사,B,SF205,각주항목(09.06월 이후)
41251,201809,0010098,한양증권주식회사,A1,채무보증_지급보증,0,국내증권사,B,SF205,각주항목(09.06월 이후)
41252,201809,0010098,한양증권주식회사,A2,채무보증_매입보장약정,0,국내증권사,B,SF205,각주항목(09.06월 이후)
41253,201809,0010098,한양증권주식회사,A3,채무보증_채무인수약정,0,국내증권사,B,SF205,각주항목(09.06월 이후)
41254,201809,0010098,한양증권주식회사,A5,채무보증_매입확약,0,국내증권사,B,SF205,각주항목(09.06월 이후)
41255,201809,0010098,한양증권주식회사,A6,채무보증_기타,0,국내증권사,B,SF205,각주항목(09.06월 이후)
41256,201809,0010098,한양증권주식회사,B,투자자의 예수증권 등,3041915373387,국내증권사,B,SF205,각주항목(09.06월 이후)
41257,201809,0010098,한양증권주식회사,B1,투자자의 예수증권 등_예수 증권,3041915373387,국내증권사,B,SF205,각주항목(09.06월 이후)
41258,201809,0010098,한양증권주식회사,B2,투자자의 예수증권 등_예수양도성예금증서,0,국내증권사,B,SF205,각주항목(09.06월 이후)
41259,201809,0010098,한양증권주식회사,B3,투자자의 예수증권 등_기타,0,국내증권사,B,SF205,각주항목(09.06월 이후)
41260,201809,0010098,한양증권주식회사,C,파생상품계약,2241918182850,국내증권사,B,SF205,각주항목(09.06월 이후)
41261,201809,0010098,한양증권주식회사,C1,파생상품계약_장내파생상품,2241785251500,국내증권사,B,SF205,각주항목(09.06월 이후)
41262,201809,0010098,한양증권주식회사,C11,파생상품계약_장내파생상품_이자율관련거래,582993660000,국내증권사,B,SF205,각주항목(09.06월 이후)
41263,201809,0010098,한양증권주식회사,C12,파생상품계약_장내파생상품_통화관련거래,0,국내증권사,B,SF205,각주항목(09.06월 이후)
41264,201809,0010098,한양증권주식회사,C13,파생상품계약_장내파생상품_주식관련거래,1658791591500,국내증권사,B,SF205,각주항목(09.06월 이후)
41265,201809,0010098,한양증권주식회사,C14,파생상품계약_장내파생상품_일반상품관련거래,0,국내증권사,B,SF205,각주항목(09.06월 이후)
41266,201809,0010098,한양증권주식회사,C15,파생상품계약_장내파생상품_기타,0,국내증권사,B,SF205,각주항목(09.06월 이후)
41267,201809,0010098,한양증권주식회사,C2,파생상품계약_장외파생상품,132931350,국내증권사,B,SF205,각주항목(09.06월 이후)
41268,201809,0010098,한양증권주식회사,C21,파생상품계약_장외파생상품_이자율관련거래,0,국내증권사,B,SF205,각주항목(09.06월 이후)
41269,201809,0010098,한양증권주식회사,C22,파생상품계약_장외파생상품_통화관련거래,0,국내증권사,B,SF205,각주항목(09.06월 이후)
41270,201809,0010098,한양증권주식회사,C23,파생상품계약_장외파생상품_주식관련거래,0,국내증권사,B,SF205,각주항목(09.06월 이후)
41271,201809,0010098,한양증권주식회사,C24,파생상품계약_장외파생상품_신용관련거래,0,국내증권사,B,SF205,각주항목(09.06월 이후)
41272,201809,0010098,한양증권주식회사,C25,파생상품계약_장외파생상품_기타,132931350,국내증권사,B,SF205,각주항목(09.06월 이후)
41273,201809,0010098,한양증권주식회사,D,대차 및 대주거래,66265423710,국내증권사,B,SF205,각주항목(09.06월 이후)
41274,201809,0010098,한양증권주식회사,D1,대차 및 대주거래_대여증권,0,국내증권사,B,SF205,각주항목(09.06월 이후)
41275,201809,0010098,한양증권주식회사,D2,대차 및 대주거래_차입증권,66265423710,국내증권사,B,SF205,각주항목(09.06월 이후)
41276,201809,0010098,한양증권주식회사,D3,대차 및 대주거래_신용거래대주,0,국내증권사,B,SF205,각주항목(09.06월 이후)
41277,201809,0010098,한양증권주식회사,E,대손상각채권,8820337617,국내증권사,B,SF205,각주항목(09.06월 이후)
41278,201809,0010098,한양증권주식회사,F,환전업무 예치금,0,국내증권사,B,SF205,각주항목(09.06월 이후)
41279,201809,0010098,한양증권주식회사,G,미배당별도예치금,0,국내증권사,B,SF205,각주항목(09.06월 이후)
41280,201809,0010098,한양증권주식회사,H,배서어음매출(종금계정),0,국내증권사,B,SF205,각주항목(09.06월 이후)
41281,201809,0010098,한양증권주식회사,H1,대출채권매매이익_담보부,0,국내증권사,B,SF205,각주항목(09.06월 이후)
41282,201809,0010098,한양증권주식회사,H2,대출채권매매이익_무담보부,0,국내증권사,B,SF205,각주항목(09.06월 이후)
41283,201812,0010098,한양증권주식회사,A,채무보증,30000000000,국내증권사,B,SF205,각주항목(09.06월 이후)
41284,201812,0010098,한양증권주식회사,A1,채무보증_지급보증,0,국내증권사,B,SF205,각주항목(09.06월 이후)
41285,201812,0010098,한양증권주식회사,A2,채무보증_매입보장약정,30000000000,국내증권사,B,SF205,각주항목(09.06월 이후)
41286,201812,0010098,한양증권주식회사,A3,채무보증_채무인수약정,0,국내증권사,B,SF205,각주항목(09.06월 이후)
41287,201812,0010098,한양증권주식회사,A5,채무보증_매입확약,0,국내증권사,B,SF205,각주항목(09.06월 이후)
41288,201812,0010098,한양증권주식회사,A6,채무보증_기타,0,국내증권사,B,SF205,각주항목(09.06월 이후)
41289,201812,0010098,한양증권주식회사,B,투자자의 예수증권 등,2773564873563,국내증권사,B,SF205,각주항목(09.06월 이후)
41290,201812,0010098,한양증권주식회사,B1,투자자의 예수증권 등_예수 증권,2773564873563,국내증권사,B,SF205,각주항목(09.06월 이후)
41291,201812,0010098,한양증권주식회사,B2,투자자의 예수증권 등_예수양도성예금증서,0,국내증권사,B,SF205,각주항목(09.06월 이후)
41292,201812,0010098,한양증권주식회사,B3,투자자의 예수증권 등_기타,0,국내증권사,B,SF205,각주항목(09.06월 이후)
41293,201812,0010098,한양증권주식회사,C,파생상품계약,1194419740000,국내증권사,B,SF205,각주항목(09.06월 이후)
41294,201812,0010098,한양증권주식회사,C1,파생상품계약_장내파생상품,1194419740000,국내증권사,B,SF205,각주항목(09.06월 이후)
41295,201812,0010098,한양증권주식회사,C11,파생상품계약_장내파생상품_이자율관련거래,651179200000,국내증권사,B,SF205,각주항목(09.06월 이후)
41296,201812,0010098,한양증권주식회사,C12,파생상품계약_장내파생상품_통화관련거래,0,국내증권사,B,SF205,각주항목(09.06월 이후)
41297,201812,0010098,한양증권주식회사,C13,파생상품계약_장내파생상품_주식관련거래,543240540000,국내증권사,B,SF205,각주항목(09.06월 이후)
41298,201812,0010098,한양증권주식회사,C14,파생상품계약_장내파생상품_일반상품관련거래,0,국내증권사,B,SF205,각주항목(09.06월 이후)
41299,201812,0010098,한양증권주식회사,C15,파생상품계약_장내파생상품_기타,0,국내증권사,B,SF205,각주항목(09.06월 이후)
41300,201812,0010098,한양증권주식회사,C2,파생상품계약_장외파생상품,0,국내증권사,B,SF205,각주항목(09.06월 이후)
41301,201812,0010098,한양증권주식회사,C21,파생상품계약_장외파생상품_이자율관련거래,0,국내증권사,B,SF205,각주항목(09.06월 이후)
41302,201812,0010098,한양증권주식회사,C22,파생상품계약_장외파생상품_통화관련거래,0,국내증권사,B,SF205,각주항목(09.06월 이후)
41303,201812,0010098,한양증권주식회사,C23,파생상품계약_장외파생상품_주식관련거래,0,국내증권사,B,SF205,각주항목(09.06월 이후)
41304,201812,0010098,한양증권주식회사,C24,파생상품계약_장외파생상품_신용관련거래,0,국내증권사,B,SF205,각주항목(09.06월 이후)
41305,201812,0010098,한양증권주식회사,C25,파생상품계약_장외파생상품_기타,0,국내증권사,B,SF205,각주항목(09.06월 이후)
41306,201812,0010098,한양증권주식회사,D,대차 및 대주거래,67848668550,국내증권사,B,SF205,각주항목(09.06월 이후)
41307,201812,0010098,한양증권주식회사,D1,대차 및 대주거래_대여증권,0,국내증권사,B,SF205,각주항목(09.06월 이후)
41308,201812,0010098,한양증권주식회사,D2,대차 및 대주거래_차입증권,67848668550,국내증권사,B,SF205,각주항목(09.06월 이후)
41309,201812,0010098,한양증권주식회사,D3,대차 및 대주거래_신용거래대주,0,국내증권사,B,SF205,각주항목(09.06월 이후)
41310,201812,0010098,한양증권주식회사,E,대손상각채권,8785552892,국내증권사,B,SF205,각주항목(09.06월 이후)
41311,201812,0010098,한양증권주식회사,F,환전업무 예치금,0,국내증권사,B,SF205,각주항목(09.06월 이후)
41312,201812,0010098,한양증권주식회사,G,미배당별도예치금,0,국내증권사,B,SF205,각주항목(09.06월 이후)
41313,201812,0010098,한양증권주식회사,H,배서어음매출(종금계정),0,국내증권사,B,SF205,각주항목(09.06월 이후)
41314,201812,0010098,한양증권주식회사,H1,대출채권매매이익_담보부,0,국내증권사,B,SF205,각주항목(09.06월 이후)
41315,201812,0010098,한양증권주식회사,H2,대출채권매매이익_무담보부,0,국내증권사,B,SF205,각주항목(09.06월 이후)
41316,201903,0010098,한양증권주식회사,A,채무보증,30000000000,국내증권사,B,SF205,각주항목(09.06월 이후)
41317,201903,0010098,한양증권주식회사,A1,채무보증_지급보증,0,국내증권사,B,SF205,각주항목(09.06월 이후)
41318,201903,0010098,한양증권주식회사,A2,채무보증_매입보장약정,30000000000,국내증권사,B,SF205,각주항목(09.06월 이후)
41319,201903,0010098,한양증권주식회사,A3,채무보증_채무인수약정,0,국내증권사,B,SF205,각주항목(09.06월 이후)
41320,201903,0010098,한양증권주식회사,A5,채무보증_매입확약,0,국내증권사,B,SF205,각주항목(09.06월 이후)
41321,201903,0010098,한양증권주식회사,A6,채무보증_기타,0,국내증권사,B,SF205,각주항목(09.06월 이후)
41322,201903,0010098,한양증권주식회사,B,투자자의 예수증권 등,2873138615785,국내증권사,B,SF205,각주항목(09.06월 이후)
41323,201903,0010098,한양증권주식회사,B1,투자자의 예수증권 등_예수 증권,2873138615785,국내증권사,B,SF205,각주항목(09.06월 이후)
41324,201903,0010098,한양증권주식회사,B2,투자자의 예수증권 등_예수양도성예금증서,0,국내증권사,B,SF205,각주항목(09.06월 이후)
41325,201903,0010098,한양증권주식회사,B3,투자자의 예수증권 등_기타,0,국내증권사,B,SF205,각주항목(09.06월 이후)
41326,201903,0010098,한양증권주식회사,C,파생상품계약,1685154661700,국내증권사,B,SF205,각주항목(09.06월 이후)
41327,201903,0010098,한양증권주식회사,C1,파생상품계약_장내파생상품,1684922885000,국내증권사,B,SF205,각주항목(09.06월 이후)
41328,201903,0010098,한양증권주식회사,C11,파생상품계약_장내파생상품_이자율관련거래,626787630000,국내증권사,B,SF205,각주항목(09.06월 이후)
41329,201903,0010098,한양증권주식회사,C12,파생상품계약_장내파생상품_통화관련거래,0,국내증권사,B,SF205,각주항목(09.06월 이후)
41330,201903,0010098,한양증권주식회사,C13,파생상품계약_장내파생상품_주식관련거래,1058135255000,국내증권사,B,SF205,각주항목(09.06월 이후)
41331,201903,0010098,한양증권주식회사,C14,파생상품계약_장내파생상품_일반상품관련거래,0,국내증권사,B,SF205,각주항목(09.06월 이후)
41332,201903,0010098,한양증권주식회사,C15,파생상품계약_장내파생상품_기타,0,국내증권사,B,SF205,각주항목(09.06월 이후)
41333,201903,0010098,한양증권주식회사,C2,파생상품계약_장외파생상품,231776700,국내증권사,B,SF205,각주항목(09.06월 이후)
41334,201903,0010098,한양증권주식회사,C21,파생상품계약_장외파생상품_이자율관련거래,0,국내증권사,B,SF205,각주항목(09.06월 이후)
41335,201903,0010098,한양증권주식회사,C22,파생상품계약_장외파생상품_통화관련거래,0,국내증권사,B,SF205,각주항목(09.06월 이후)
41336,201903,0010098,한양증권주식회사,C23,파생상품계약_장외파생상품_주식관련거래,0,국내증권사,B,SF205,각주항목(09.06월 이후)
41337,201903,0010098,한양증권주식회사,C24,파생상품계약_장외파생상품_신용관련거래,0,국내증권사,B,SF205,각주항목(09.06월 이후)
41338,201903,0010098,한양증권주식회사,C25,파생상품계약_장외파생상품_기타,231776700,국내증권사,B,SF205,각주항목(09.06월 이후)
41339,201903,0010098,한양증권주식회사,D,대차 및 대주거래,74046309930,국내증권사,B,SF205,각주항목(09.06월 이후)
41340,201903,0010098,한양증권주식회사,D1,대차 및 대주거래_대여증권,0,국내증권사,B,SF205,각주항목(09.06월 이후)
41341,201903,0010098,한양증권주식회사,D2,대차 및 대주거래_차입증권,74046309930,국내증권사,B,SF205,각주항목(09.06월 이후)
41342,201903,0010098,한양증권주식회사,D3,대차 및 대주거래_신용거래대주,0,국내증권사,B,SF205,각주항목(09.06월 이후)
41343,201903,0010098,한양증권주식회사,E,대손상각채권,8783395568,국내증권사,B,SF205,각주항목(09.06월 이후)
41344,201903,0010098,한양증권주식회사,F,환전업무 예치금,0,국내증권사,B,SF205,각주항목(09.06월 이후)
41345,201903,0010098,한양증권주식회사,G,미배당별도예치금,0,국내증권사,B,SF205,각주항목(09.06월 이후)
41346,201903,0010098,한양증권주식회사,H,배서어음매출(종금계정),0,국내증권사,B,SF205,각주항목(09.06월 이후)
41347,201903,0010098,한양증권주식회사,H1,대출채권매매이익_담보부,0,국내증권사,B,SF205,각주항목(09.06월 이후)
41348,201903,0010098,한양증권주식회사,H2,대출채권매매이익_무담보부,0,국내증권사,B,SF205,각주항목(09.06월 이후)
41349,201906,0010098,한양증권주식회사,A,채무보증,217600000000,국내증권사,B,SF205,각주항목(09.06월 이후)
41350,201906,0010098,한양증권주식회사,A1,채무보증_지급보증,0,국내증권사,B,SF205,각주항목(09.06월 이후)
41351,201906,0010098,한양증권주식회사,A2,채무보증_매입보장약정,217600000000,국내증권사,B,SF205,각주항목(09.06월 이후)
41352,201906,0010098,한양증권주식회사,A3,채무보증_채무인수약정,0,국내증권사,B,SF205,각주항목(09.06월 이후)
41353,201906,0010098,한양증권주식회사,A5,채무보증_매입확약,0,국내증권사,B,SF205,각주항목(09.06월 이후)
41354,201906,0010098,한양증권주식회사,A6,채무보증_기타,0,국내증권사,B,SF205,각주항목(09.06월 이후)
41355,201906,0010098,한양증권주식회사,B,투자자의 예수증권 등,3993366401888,국내증권사,B,SF205,각주항목(09.06월 이후)
41356,201906,0010098,한양증권주식회사,B1,투자자의 예수증권 등_예수 증권,3993366401888,국내증권사,B,SF205,각주항목(09.06월 이후)
41357,201906,0010098,한양증권주식회사,B2,투자자의 예수증권 등_예수양도성예금증서,0,국내증권사,B,SF205,각주항목(09.06월 이후)
41358,201906,0010098,한양증권주식회사,B3,투자자의 예수증권 등_기타,0,국내증권사,B,SF205,각주항목(09.06월 이후)
41359,201906,0010098,한양증권주식회사,C,파생상품계약,1073814236330,국내증권사,B,SF205,각주항목(09.06월 이후)
41360,201906,0010098,한양증권주식회사,C1,파생상품계약_장내파생상품,1073490583000,국내증권사,B,SF205,각주항목(09.06월 이후)
41361,201906,0010098,한양증권주식회사,C11,파생상품계약_장내파생상품_이자율관련거래,970211400000,국내증권사,B,SF205,각주항목(09.06월 이후)
41362,201906,0010098,한양증권주식회사,C12,파생상품계약_장내파생상품_통화관련거래,0,국내증권사,B,SF205,각주항목(09.06월 이후)
41363,201906,0010098,한양증권주식회사,C13,파생상품계약_장내파생상품_주식관련거래,103279183000,국내증권사,B,SF205,각주항목(09.06월 이후)
41364,201906,0010098,한양증권주식회사,C14,파생상품계약_장내파생상품_일반상품관련거래,0,국내증권사,B,SF205,각주항목(09.06월 이후)
41365,201906,0010098,한양증권주식회사,C15,파생상품계약_장내파생상품_기타,0,국내증권사,B,SF205,각주항목(09.06월 이후)
41366,201906,0010098,한양증권주식회사,C2,파생상품계약_장외파생상품,323653330,국내증권사,B,SF205,각주항목(09.06월 이후)
41367,201906,0010098,한양증권주식회사,C21,파생상품계약_장외파생상품_이자율관련거래,0,국내증권사,B,SF205,각주항목(09.06월 이후)
41368,201906,0010098,한양증권주식회사,C22,파생상품계약_장외파생상품_통화관련거래,0,국내증권사,B,SF205,각주항목(09.06월 이후)
41369,201906,0010098,한양증권주식회사,C23,파생상품계약_장외파생상품_주식관련거래,0,국내증권사,B,SF205,각주항목(09.06월 이후)
41370,201906,0010098,한양증권주식회사,C24,파생상품계약_장외파생상품_신용관련거래,0,국내증권사,B,SF205,각주항목(09.06월 이후)
41371,201906,0010098,한양증권주식회사,C25,파생상품계약_장외파생상품_기타,323653330,국내증권사,B,SF205,각주항목(09.06월 이후)
41372,201906,0010098,한양증권주식회사,D,대차 및 대주거래,84615875040,국내증권사,B,SF205,각주항목(09.06월 이후)
41373,201906,0010098,한양증권주식회사,D1,대차 및 대주거래_대여증권,0,국내증권사,B,SF205,각주항목(09.06월 이후)
41374,201906,0010098,한양증권주식회사,D2,대차 및 대주거래_차입증권,84615875040,국내증권사,B,SF205,각주항목(09.06월 이후)
41375,201906,0010098,한양증권주식회사,D3,대차 및 대주거래_신용거래대주,0,국내증권사,B,SF205,각주항목(09.06월 이후)
41376,201906,0010098,한양증권주식회사,E,대손상각채권,8761385434,국내증권사,B,SF205,각주항목(09.06월 이후)
41377,201906,0010098,한양증권주식회사,F,환전업무 예치금,0,국내증권사,B,SF205,각주항목(09.06월 이후)
41378,201906,0010098,한양증권주식회사,G,미배당별도예치금,0,국내증권사,B,SF205,각주항목(09.06월 이후)
41379,201906,0010098,한양증권주식회사,H,배서어음매출(종금계정),0,국내증권사,B,SF205,각주항목(09.06월 이후)
41380,201906,0010098,한양증권주식회사,H1,대출채권매매이익_담보부,0,국내증권사,B,SF205,각주항목(09.06월 이후)
41381,201906,0010098,한양증권주식회사,H2,대출채권매매이익_무담보부,0,국내증권사,B,SF205,각주항목(09.06월 이후)
41382,201909,0010098,한양증권주식회사,A,채무보증,167800000000,국내증권사,B,SF205,각주항목(09.06월 이후)
41383,201909,0010098,한양증권주식회사,A1,채무보증_지급보증,0,국내증권사,B,SF205,각주항목(09.06월 이후)
41384,201909,0010098,한양증권주식회사,A2,채무보증_매입보장약정,167800000000,국내증권사,B,SF205,각주항목(09.06월 이후)
41385,201909,0010098,한양증권주식회사,A3,채무보증_채무인수약정,0,국내증권사,B,SF205,각주항목(09.06월 이후)
41386,201909,0010098,한양증권주식회사,A5,채무보증_매입확약,0,국내증권사,B,SF205,각주항목(09.06월 이후)
41387,201909,0010098,한양증권주식회사,A6,채무보증_기타,0,국내증권사,B,SF205,각주항목(09.06월 이후)
41388,201909,0010098,한양증권주식회사,B,투자자의 예수증권 등,3632814579356,국내증권사,B,SF205,각주항목(09.06월 이후)
41389,201909,0010098,한양증권주식회사,B1,투자자의 예수증권 등_예수 증권,3632814579356,국내증권사,B,SF205,각주항목(09.06월 이후)
41390,201909,0010098,한양증권주식회사,B2,투자자의 예수증권 등_예수양도성예금증서,0,국내증권사,B,SF205,각주항목(09.06월 이후)
41391,201909,0010098,한양증권주식회사,B3,투자자의 예수증권 등_기타,0,국내증권사,B,SF205,각주항목(09.06월 이후)
41392,201909,0010098,한양증권주식회사,C,파생상품계약,1419234440390,국내증권사,B,SF205,각주항목(09.06월 이후)
41393,201909,0010098,한양증권주식회사,C1,파생상품계약_장내파생상품,1416639008500,국내증권사,B,SF205,각주항목(09.06월 이후)
41394,201909,0010098,한양증권주식회사,C11,파생상품계약_장내파생상품_이자율관련거래,1040421210000,국내증권사,B,SF205,각주항목(09.06월 이후)
41395,201909,0010098,한양증권주식회사,C12,파생상품계약_장내파생상품_통화관련거래,0,국내증권사,B,SF205,각주항목(09.06월 이후)
41396,201909,0010098,한양증권주식회사,C13,파생상품계약_장내파생상품_주식관련거래,376217798500,국내증권사,B,SF205,각주항목(09.06월 이후)
41397,201909,0010098,한양증권주식회사,C14,파생상품계약_장내파생상품_일반상품관련거래,0,국내증권사,B,SF205,각주항목(09.06월 이후)
41398,201909,0010098,한양증권주식회사,C15,파생상품계약_장내파생상품_기타,0,국내증권사,B,SF205,각주항목(09.06월 이후)
41399,201909,0010098,한양증권주식회사,C2,파생상품계약_장외파생상품,2595431890,국내증권사,B,SF205,각주항목(09.06월 이후)
41400,201909,0010098,한양증권주식회사,C21,파생상품계약_장외파생상품_이자율관련거래,0,국내증권사,B,SF205,각주항목(09.06월 이후)
41401,201909,0010098,한양증권주식회사,C22,파생상품계약_장외파생상품_통화관련거래,0,국내증권사,B,SF205,각주항목(09.06월 이후)
41402,201909,0010098,한양증권주식회사,C23,파생상품계약_장외파생상품_주식관련거래,2595431890,국내증권사,B,SF205,각주항목(09.06월 이후)
41403,201909,0010098,한양증권주식회사,C24,파생상품계약_장외파생상품_신용관련거래,0,국내증권사,B,SF205,각주항목(09.06월 이후)
41404,201909,0010098,한양증권주식회사,C25,파생상품계약_장외파생상품_기타,0,국내증권사,B,SF205,각주항목(09.06월 이후)
41405,201909,0010098,한양증권주식회사,D,대차 및 대주거래,75298666639,국내증권사,B,SF205,각주항목(09.06월 이후)
41406,201909,0010098,한양증권주식회사,D1,대차 및 대주거래_대여증권,1296080000,국내증권사,B,SF205,각주항목(09.06월 이후)
41407,201909,0010098,한양증권주식회사,D2,대차 및 대주거래_차입증권,74002586639,국내증권사,B,SF205,각주항목(09.06월 이후)
41408,201909,0010098,한양증권주식회사,D3,대차 및 대주거래_신용거래대주,0,국내증권사,B,SF205,각주항목(09.06월 이후)
41409,201909,0010098,한양증권주식회사,E,대손상각채권,8759228110,국내증권사,B,SF205,각주항목(09.06월 이후)
41410,201909,0010098,한양증권주식회사,F,환전업무 예치금,0,국내증권사,B,SF205,각주항목(09.06월 이후)
41411,201909,0010098,한양증권주식회사,G,미배당별도예치금,0,국내증권사,B,SF205,각주항목(09.06월 이후)
41412,201909,0010098,한양증권주식회사,H,배서어음매출(종금계정),0,국내증권사,B,SF205,각주항목(09.06월 이후)
41413,201909,0010098,한양증권주식회사,H1,대출채권매매이익_담보부,0,국내증권사,B,SF205,각주항목(09.06월 이후)
41414,201909,0010098,한양증권주식회사,H2,대출채권매매이익_무담보부,0,국내증권사,B,SF205,각주항목(09.06월 이후)
41415,201912,0010098,한양증권주식회사,A,채무보증,149300000000,국내증권사,B,SF205,각주항목(09.06월 이후)
41416,201912,0010098,한양증권주식회사,A1,채무보증_지급보증,0,국내증권사,B,SF205,각주항목(09.06월 이후)
41417,201912,0010098,한양증권주식회사,A2,채무보증_매입보장약정,149300000000,국내증권사,B,SF205,각주항목(09.06월 이후)
41418,201912,0010098,한양증권주식회사,A3,채무보증_채무인수약정,0,국내증권사,B,SF205,각주항목(09.06월 이후)
41419,201912,0010098,한양증권주식회사,A5,채무보증_매입확약,0,국내증권사,B,SF205,각주항목(09.06월 이후)
41420,201912,0010098,한양증권주식회사,A6,채무보증_기타,0,국내증권사,B,SF205,각주항목(09.06월 이후)
41421,201912,0010098,한양증권주식회사,B,투자자의 예수증권 등,4105711664665,국내증권사,B,SF205,각주항목(09.06월 이후)
41422,201912,0010098,한양증권주식회사,B1,투자자의 예수증권 등_예수 증권,4105711664665,국내증권사,B,SF205,각주항목(09.06월 이후)
41423,201912,0010098,한양증권주식회사,B2,투자자의 예수증권 등_예수양도성예금증서,0,국내증권사,B,SF205,각주항목(09.06월 이후)
41424,201912,0010098,한양증권주식회사,B3,투자자의 예수증권 등_기타,0,국내증권사,B,SF205,각주항목(09.06월 이후)
41425,201912,0010098,한양증권주식회사,C,파생상품계약,2531756212391,국내증권사,B,SF205,각주항목(09.06월 이후)
41426,201912,0010098,한양증권주식회사,C1,파생상품계약_장내파생상품,2523950989500,국내증권사,B,SF205,각주항목(09.06월 이후)
41427,201912,0010098,한양증권주식회사,C11,파생상품계약_장내파생상품_이자율관련거래,596199120000,국내증권사,B,SF205,각주항목(09.06월 이후)
41428,201912,0010098,한양증권주식회사,C12,파생상품계약_장내파생상품_통화관련거래,0,국내증권사,B,SF205,각주항목(09.06월 이후)
41429,201912,0010098,한양증권주식회사,C13,파생상품계약_장내파생상품_주식관련거래,1927751869500,국내증권사,B,SF205,각주항목(09.06월 이후)
41430,201912,0010098,한양증권주식회사,C14,파생상품계약_장내파생상품_일반상품관련거래,0,국내증권사,B,SF205,각주항목(09.06월 이후)
41431,201912,0010098,한양증권주식회사,C15,파생상품계약_장내파생상품_기타,0,국내증권사,B,SF205,각주항목(09.06월 이후)
41432,201912,0010098,한양증권주식회사,C2,파생상품계약_장외파생상품,7805222891,국내증권사,B,SF205,각주항목(09.06월 이후)
41433,201912,0010098,한양증권주식회사,C21,파생상품계약_장외파생상품_이자율관련거래,0,국내증권사,B,SF205,각주항목(09.06월 이후)
41434,201912,0010098,한양증권주식회사,C22,파생상품계약_장외파생상품_통화관련거래,0,국내증권사,B,SF205,각주항목(09.06월 이후)
41435,201912,0010098,한양증권주식회사,C23,파생상품계약_장외파생상품_주식관련거래,7805222891,국내증권사,B,SF205,각주항목(09.06월 이후)
41436,201912,0010098,한양증권주식회사,C24,파생상품계약_장외파생상품_신용관련거래,0,국내증권사,B,SF205,각주항목(09.06월 이후)
41437,201912,0010098,한양증권주식회사,C25,파생상품계약_장외파생상품_기타,0,국내증권사,B,SF205,각주항목(09.06월 이후)
41438,201912,0010098,한양증권주식회사,D,대차 및 대주거래,82070784657,국내증권사,B,SF205,각주항목(09.06월 이후)
41439,201912,0010098,한양증권주식회사,D1,대차 및 대주거래_대여증권,224920000,국내증권사,B,SF205,각주항목(09.06월 이후)
41440,201912,0010098,한양증권주식회사,D2,대차 및 대주거래_차입증권,81845864657,국내증권사,B,SF205,각주항목(09.06월 이후)
41441,201912,0010098,한양증권주식회사,D3,대차 및 대주거래_신용거래대주,0,국내증권사,B,SF205,각주항목(09.06월 이후)
41442,201912,0010098,한양증권주식회사,E,대손상각채권,8722290753,국내증권사,B,SF205,각주항목(09.06월 이후)
41443,201912,0010098,한양증권주식회사,F,환전업무 예치금,0,국내증권사,B,SF205,각주항목(09.06월 이후)
41444,201912,0010098,한양증권주식회사,G,미배당별도예치금,0,국내증권사,B,SF205,각주항목(09.06월 이후)
41445,201912,0010098,한양증권주식회사,H,배서어음매출(종금계정),0,국내증권사,B,SF205,각주항목(09.06월 이후)
41446,201912,0010098,한양증권주식회사,H1,대출채권매매이익_담보부,0,국내증권사,B,SF205,각주항목(09.06월 이후)
41447,201912,0010098,한양증권주식회사,H2,대출채권매매이익_무담보부,0,국내증권사,B,SF205,각주항목(09.06월 이후)
41448,202003,0010098,한양증권주식회사,A,채무보증,103500000000,국내증권사,B,SF205,각주항목(09.06월 이후)
41449,202003,0010098,한양증권주식회사,A1,채무보증_지급보증,0,국내증권사,B,SF205,각주항목(09.06월 이후)
41450,202003,0010098,한양증권주식회사,A2,채무보증_매입보장약정,103500000000,국내증권사,B,SF205,각주항목(09.06월 이후)
41451,202003,0010098,한양증권주식회사,A3,채무보증_채무인수약정,0,국내증권사,B,SF205,각주항목(09.06월 이후)
41452,202003,0010098,한양증권주식회사,A5,채무보증_매입확약,0,국내증권사,B,SF205,각주항목(09.06월 이후)
41453,202003,0010098,한양증권주식회사,A6,채무보증_기타,0,국내증권사,B,SF205,각주항목(09.06월 이후)
41454,202003,0010098,한양증권주식회사,B,투자자의 예수증권 등,3744897055731,국내증권사,B,SF205,각주항목(09.06월 이후)
41455,202003,0010098,한양증권주식회사,B1,투자자의 예수증권 등_예수 증권,3744897055731,국내증권사,B,SF205,각주항목(09.06월 이후)
41456,202003,0010098,한양증권주식회사,B2,투자자의 예수증권 등_예수양도성예금증서,0,국내증권사,B,SF205,각주항목(09.06월 이후)
41457,202003,0010098,한양증권주식회사,B3,투자자의 예수증권 등_기타,0,국내증권사,B,SF205,각주항목(09.06월 이후)
41458,202003,0010098,한양증권주식회사,C,파생상품계약,1205592264337,국내증권사,B,SF205,각주항목(09.06월 이후)
41459,202003,0010098,한양증권주식회사,C1,파생상품계약_장내파생상품,1192639573000,국내증권사,B,SF205,각주항목(09.06월 이후)
41460,202003,0010098,한양증권주식회사,C11,파생상품계약_장내파생상품_이자율관련거래,1045180960000,국내증권사,B,SF205,각주항목(09.06월 이후)
41461,202003,0010098,한양증권주식회사,C12,파생상품계약_장내파생상품_통화관련거래,0,국내증권사,B,SF205,각주항목(09.06월 이후)
41462,202003,0010098,한양증권주식회사,C13,파생상품계약_장내파생상품_주식관련거래,147458613000,국내증권사,B,SF205,각주항목(09.06월 이후)
41463,202003,0010098,한양증권주식회사,C14,파생상품계약_장내파생상품_일반상품관련거래,0,국내증권사,B,SF205,각주항목(09.06월 이후)
41464,202003,0010098,한양증권주식회사,C15,파생상품계약_장내파생상품_기타,0,국내증권사,B,SF205,각주항목(09.06월 이후)
41465,202003,0010098,한양증권주식회사,C2,파생상품계약_장외파생상품,12952691337,국내증권사,B,SF205,각주항목(09.06월 이후)
41466,202003,0010098,한양증권주식회사,C21,파생상품계약_장외파생상품_이자율관련거래,0,국내증권사,B,SF205,각주항목(09.06월 이후)
41467,202003,0010098,한양증권주식회사,C22,파생상품계약_장외파생상품_통화관련거래,0,국내증권사,B,SF205,각주항목(09.06월 이후)
41468,202003,0010098,한양증권주식회사,C23,파생상품계약_장외파생상품_주식관련거래,12952691337,국내증권사,B,SF205,각주항목(09.06월 이후)
41469,202003,0010098,한양증권주식회사,C24,파생상품계약_장외파생상품_신용관련거래,0,국내증권사,B,SF205,각주항목(09.06월 이후)
41470,202003,0010098,한양증권주식회사,C25,파생상품계약_장외파생상품_기타,0,국내증권사,B,SF205,각주항목(09.06월 이후)
41471,202003,0010098,한양증권주식회사,D,대차 및 대주거래,81747917000,국내증권사,B,SF205,각주항목(09.06월 이후)
41472,202003,0010098,한양증권주식회사,D1,대차 및 대주거래_대여증권,523635000,국내증권사,B,SF205,각주항목(09.06월 이후)
41473,202003,0010098,한양증권주식회사,D2,대차 및 대주거래_차입증권,81224282000,국내증권사,B,SF205,각주항목(09.06월 이후)
41474,202003,0010098,한양증권주식회사,D3,대차 및 대주거래_신용거래대주,0,국내증권사,B,SF205,각주항목(09.06월 이후)
41475,202003,0010098,한양증권주식회사,E,대손상각채권,8720133429,국내증권사,B,SF205,각주항목(09.06월 이후)
41476,202003,0010098,한양증권주식회사,F,환전업무 예치금,0,국내증권사,B,SF205,각주항목(09.06월 이후)
41477,202003,0010098,한양증권주식회사,G,미배당별도예치금,0,국내증권사,B,SF205,각주항목(09.06월 이후)
41478,202003,0010098,한양증권주식회사,H,배서어음매출(종금계정),0,국내증권사,B,SF205,각주항목(09.06월 이후)
41479,202003,0010098,한양증권주식회사,H1,대출채권매매이익_담보부,0,국내증권사,B,SF205,각주항목(09.06월 이후)
41480,202003,0010098,한양증권주식회사,H2,대출채권매매이익_무담보부,0,국내증권사,B,SF205,각주항목(09.06월 이후)
41481,202006,0010098,한양증권주식회사,A,채무보증,75000000000,국내증권사,B,SF205,각주항목(09.06월 이후)
41482,202006,0010098,한양증권주식회사,A1,채무보증_지급보증,0,국내증권사,B,SF205,각주항목(09.06월 이후)
41483,202006,0010098,한양증권주식회사,A2,채무보증_매입보장약정,75000000000,국내증권사,B,SF205,각주항목(09.06월 이후)
41484,202006,0010098,한양증권주식회사,A3,채무보증_채무인수약정,0,국내증권사,B,SF205,각주항목(09.06월 이후)
41485,202006,0010098,한양증권주식회사,A5,채무보증_매입확약,0,국내증권사,B,SF205,각주항목(09.06월 이후)
41486,202006,0010098,한양증권주식회사,A6,채무보증_기타,0,국내증권사,B,SF205,각주항목(09.06월 이후)
41487,202006,0010098,한양증권주식회사,B,투자자의 예수증권 등,4286873761636,국내증권사,B,SF205,각주항목(09.06월 이후)
41488,202006,0010098,한양증권주식회사,B1,투자자의 예수증권 등_예수 증권,4286873761636,국내증권사,B,SF205,각주항목(09.06월 이후)
41489,202006,0010098,한양증권주식회사,B2,투자자의 예수증권 등_예수양도성예금증서,0,국내증권사,B,SF205,각주항목(09.06월 이후)
41490,202006,0010098,한양증권주식회사,B3,투자자의 예수증권 등_기타,0,국내증권사,B,SF205,각주항목(09.06월 이후)
41491,202006,0010098,한양증권주식회사,C,파생상품계약,1247218877781,국내증권사,B,SF205,각주항목(09.06월 이후)
41492,202006,0010098,한양증권주식회사,C1,파생상품계약_장내파생상품,1233587057792,국내증권사,B,SF205,각주항목(09.06월 이후)
41493,202006,0010098,한양증권주식회사,C11,파생상품계약_장내파생상품_이자율관련거래,1129727650000,국내증권사,B,SF205,각주항목(09.06월 이후)
41494,202006,0010098,한양증권주식회사,C12,파생상품계약_장내파생상품_통화관련거래,0,국내증권사,B,SF205,각주항목(09.06월 이후)
41495,202006,0010098,한양증권주식회사,C13,파생상품계약_장내파생상품_주식관련거래,103859407792,국내증권사,B,SF205,각주항목(09.06월 이후)
41496,202006,0010098,한양증권주식회사,C14,파생상품계약_장내파생상품_일반상품관련거래,0,국내증권사,B,SF205,각주항목(09.06월 이후)
41497,202006,0010098,한양증권주식회사,C15,파생상품계약_장내파생상품_기타,0,국내증권사,B,SF205,각주항목(09.06월 이후)
41498,202006,0010098,한양증권주식회사,C2,파생상품계약_장외파생상품,13631819989,국내증권사,B,SF205,각주항목(09.06월 이후)
41499,202006,0010098,한양증권주식회사,C21,파생상품계약_장외파생상품_이자율관련거래,0,국내증권사,B,SF205,각주항목(09.06월 이후)
41500,202006,0010098,한양증권주식회사,C22,파생상품계약_장외파생상품_통화관련거래,0,국내증권사,B,SF205,각주항목(09.06월 이후)
41501,202006,0010098,한양증권주식회사,C23,파생상품계약_장외파생상품_주식관련거래,13631819989,국내증권사,B,SF205,각주항목(09.06월 이후)
41502,202006,0010098,한양증권주식회사,C24,파생상품계약_장외파생상품_신용관련거래,0,국내증권사,B,SF205,각주항목(09.06월 이후)
41503,202006,0010098,한양증권주식회사,C25,파생상품계약_장외파생상품_기타,0,국내증권사,B,SF205,각주항목(09.06월 이후)
41504,202006,0010098,한양증권주식회사,D,대차 및 대주거래,77725349940,국내증권사,B,SF205,각주항목(09.06월 이후)
41505,202006,0010098,한양증권주식회사,D1,대차 및 대주거래_대여증권,175600000,국내증권사,B,SF205,각주항목(09.06월 이후)
41506,202006,0010098,한양증권주식회사,D2,대차 및 대주거래_차입증권,77549749940,국내증권사,B,SF205,각주항목(09.06월 이후)
41507,202006,0010098,한양증권주식회사,D3,대차 및 대주거래_신용거래대주,0,국내증권사,B,SF205,각주항목(09.06월 이후)
41508,202006,0010098,한양증권주식회사,E,대손상각채권,8676709398,국내증권사,B,SF205,각주항목(09.06월 이후)
41509,202006,0010098,한양증권주식회사,F,환전업무 예치금,0,국내증권사,B,SF205,각주항목(09.06월 이후)
41510,202006,0010098,한양증권주식회사,G,미배당별도예치금,0,국내증권사,B,SF205,각주항목(09.06월 이후)
41511,202006,0010098,한양증권주식회사,H,배서어음매출(종금계정),0,국내증권사,B,SF205,각주항목(09.06월 이후)
41512,202006,0010098,한양증권주식회사,H1,대출채권매매이익_담보부,0,국내증권사,B,SF205,각주항목(09.06월 이후)
41513,202006,0010098,한양증권주식회사,H2,대출채권매매이익_무담보부,0,국내증권사,B,SF205,각주항목(09.06월 이후)
41514,202009,0010098,한양증권주식회사,A,채무보증,55000000000,국내증권사,B,SF205,각주항목(09.06월 이후)
41515,202009,0010098,한양증권주식회사,A1,채무보증_지급보증,0,국내증권사,B,SF205,각주항목(09.06월 이후)
41516,202009,0010098,한양증권주식회사,A2,채무보증_매입보장약정,55000000000,국내증권사,B,SF205,각주항목(09.06월 이후)
41517,202009,0010098,한양증권주식회사,A3,채무보증_채무인수약정,0,국내증권사,B,SF205,각주항목(09.06월 이후)
41518,202009,0010098,한양증권주식회사,A5,채무보증_매입확약,0,국내증권사,B,SF205,각주항목(09.06월 이후)
41519,202009,0010098,한양증권주식회사,A6,채무보증_기타,0,국내증권사,B,SF205,각주항목(09.06월 이후)
41520,202009,0010098,한양증권주식회사,B,투자자의 예수증권 등,4819232922284,국내증권사,B,SF205,각주항목(09.06월 이후)
41521,202009,0010098,한양증권주식회사,B1,투자자의 예수증권 등_예수 증권,4819232922284,국내증권사,B,SF205,각주항목(09.06월 이후)
41522,202009,0010098,한양증권주식회사,B2,투자자의 예수증권 등_예수양도성예금증서,0,국내증권사,B,SF205,각주항목(09.06월 이후)
41523,202009,0010098,한양증권주식회사,B3,투자자의 예수증권 등_기타,0,국내증권사,B,SF205,각주항목(09.06월 이후)
41524,202009,0010098,한양증권주식회사,C,파생상품계약,1178701071468,국내증권사,B,SF205,각주항목(09.06월 이후)
41525,202009,0010098,한양증권주식회사,C1,파생상품계약_장내파생상품,1155328303000,국내증권사,B,SF205,각주항목(09.06월 이후)
41526,202009,0010098,한양증권주식회사,C11,파생상품계약_장내파생상품_이자율관련거래,1076385760000,국내증권사,B,SF205,각주항목(09.06월 이후)
41527,202009,0010098,한양증권주식회사,C12,파생상품계약_장내파생상품_통화관련거래,0,국내증권사,B,SF205,각주항목(09.06월 이후)
41528,202009,0010098,한양증권주식회사,C13,파생상품계약_장내파생상품_주식관련거래,78942543000,국내증권사,B,SF205,각주항목(09.06월 이후)
41529,202009,0010098,한양증권주식회사,C14,파생상품계약_장내파생상품_일반상품관련거래,0,국내증권사,B,SF205,각주항목(09.06월 이후)
41530,202009,0010098,한양증권주식회사,C15,파생상품계약_장내파생상품_기타,0,국내증권사,B,SF205,각주항목(09.06월 이후)
41531,202009,0010098,한양증권주식회사,C2,파생상품계약_장외파생상품,23372768468,국내증권사,B,SF205,각주항목(09.06월 이후)
41532,202009,0010098,한양증권주식회사,C21,파생상품계약_장외파생상품_이자율관련거래,0,국내증권사,B,SF205,각주항목(09.06월 이후)
41533,202009,0010098,한양증권주식회사,C22,파생상품계약_장외파생상품_통화관련거래,0,국내증권사,B,SF205,각주항목(09.06월 이후)
41534,202009,0010098,한양증권주식회사,C23,파생상품계약_장외파생상품_주식관련거래,23372768468,국내증권사,B,SF205,각주항목(09.06월 이후)
41535,202009,0010098,한양증권주식회사,C24,파생상품계약_장외파생상품_신용관련거래,0,국내증권사,B,SF205,각주항목(09.06월 이후)
41536,202009,0010098,한양증권주식회사,C25,파생상품계약_장외파생상품_기타,0,국내증권사,B,SF205,각주항목(09.06월 이후)
41537,202009,0010098,한양증권주식회사,D,대차 및 대주거래,75280756826,국내증권사,B,SF205,각주항목(09.06월 이후)
41538,202009,0010098,한양증권주식회사,D1,대차 및 대주거래_대여증권,172187500,국내증권사,B,SF205,각주항목(09.06월 이후)
41539,202009,0010098,한양증권주식회사,D2,대차 및 대주거래_차입증권,75108569326,국내증권사,B,SF205,각주항목(09.06월 이후)
41540,202009,0010098,한양증권주식회사,D3,대차 및 대주거래_신용거래대주,0,국내증권사,B,SF205,각주항목(09.06월 이후)
41541,202009,0010098,한양증권주식회사,E,대손상각채권,8675990290,국내증권사,B,SF205,각주항목(09.06월 이후)
41542,202009,0010098,한양증권주식회사,F,환전업무 예치금,0,국내증권사,B,SF205,각주항목(09.06월 이후)
41543,202009,0010098,한양증권주식회사,G,미배당별도예치금,0,국내증권사,B,SF205,각주항목(09.06월 이후)
41544,202009,0010098,한양증권주식회사,H,배서어음매출(종금계정),0,국내증권사,B,SF205,각주항목(09.06월 이후)
41545,202009,0010098,한양증권주식회사,H1,대출채권매매이익_담보부,0,국내증권사,B,SF205,각주항목(09.06월 이후)
41546,202009,0010098,한양증권주식회사,H2,대출채권매매이익_무담보부,0,국내증권사,B,SF205,각주항목(09.06월 이후)
41547,202012,0010098,한양증권주식회사,A,채무보증,55000000000,국내증권사,B,SF205,각주항목(09.06월 이후)
41548,202012,0010098,한양증권주식회사,A1,채무보증_지급보증,0,국내증권사,B,SF205,각주항목(09.06월 이후)
41549,202012,0010098,한양증권주식회사,A2,채무보증_매입보장약정,55000000000,국내증권사,B,SF205,각주항목(09.06월 이후)
41550,202012,0010098,한양증권주식회사,A3,채무보증_채무인수약정,0,국내증권사,B,SF205,각주항목(09.06월 이후)
41551,202012,0010098,한양증권주식회사,A5,채무보증_매입확약,0,국내증권사,B,SF205,각주항목(09.06월 이후)
41552,202012,0010098,한양증권주식회사,A6,채무보증_기타,0,국내증권사,B,SF205,각주항목(09.06월 이후)
41553,202012,0010098,한양증권주식회사,B,투자자의 예수증권 등,4578975684671,국내증권사,B,SF205,각주항목(09.06월 이후)
41554,202012,0010098,한양증권주식회사,B1,투자자의 예수증권 등_예수 증권,4578975684671,국내증권사,B,SF205,각주항목(09.06월 이후)
41555,202012,0010098,한양증권주식회사,B2,투자자의 예수증권 등_예수양도성예금증서,0,국내증권사,B,SF205,각주항목(09.06월 이후)
41556,202012,0010098,한양증권주식회사,B3,투자자의 예수증권 등_기타,0,국내증권사,B,SF205,각주항목(09.06월 이후)
41557,202012,0010098,한양증권주식회사,C,파생상품계약,784719038958,국내증권사,B,SF205,각주항목(09.06월 이후)
41558,202012,0010098,한양증권주식회사,C1,파생상품계약_장내파생상품,746455870000,국내증권사,B,SF205,각주항목(09.06월 이후)
41559,202012,0010098,한양증권주식회사,C11,파생상품계약_장내파생상품_이자율관련거래,722351230000,국내증권사,B,SF205,각주항목(09.06월 이후)
41560,202012,0010098,한양증권주식회사,C12,파생상품계약_장내파생상품_통화관련거래,0,국내증권사,B,SF205,각주항목(09.06월 이후)
41561,202012,0010098,한양증권주식회사,C13,파생상품계약_장내파생상품_주식관련거래,24104640000,국내증권사,B,SF205,각주항목(09.06월 이후)
41562,202012,0010098,한양증권주식회사,C14,파생상품계약_장내파생상품_일반상품관련거래,0,국내증권사,B,SF205,각주항목(09.06월 이후)
41563,202012,0010098,한양증권주식회사,C15,파생상품계약_장내파생상품_기타,0,국내증권사,B,SF205,각주항목(09.06월 이후)
41564,202012,0010098,한양증권주식회사,C2,파생상품계약_장외파생상품,38263168958,국내증권사,B,SF205,각주항목(09.06월 이후)
41565,202012,0010098,한양증권주식회사,C21,파생상품계약_장외파생상품_이자율관련거래,0,국내증권사,B,SF205,각주항목(09.06월 이후)
41566,202012,0010098,한양증권주식회사,C22,파생상품계약_장외파생상품_통화관련거래,0,국내증권사,B,SF205,각주항목(09.06월 이후)
41567,202012,0010098,한양증권주식회사,C23,파생상품계약_장외파생상품_주식관련거래,38263168958,국내증권사,B,SF205,각주항목(09.06월 이후)
41568,202012,0010098,한양증권주식회사,C24,파생상품계약_장외파생상품_신용관련거래,0,국내증권사,B,SF205,각주항목(09.06월 이후)
41569,202012,0010098,한양증권주식회사,C25,파생상품계약_장외파생상품_기타,0,국내증권사,B,SF205,각주항목(09.06월 이후)
41570,202012,0010098,한양증권주식회사,D,대차 및 대주거래,64590667695,국내증권사,B,SF205,각주항목(09.06월 이후)
41571,202012,0010098,한양증권주식회사,D1,대차 및 대주거래_대여증권,156755000,국내증권사,B,SF205,각주항목(09.06월 이후)
41572,202012,0010098,한양증권주식회사,D2,대차 및 대주거래_차입증권,64433912695,국내증권사,B,SF205,각주항목(09.06월 이후)
41573,202012,0010098,한양증권주식회사,D3,대차 및 대주거래_신용거래대주,0,국내증권사,B,SF205,각주항목(09.06월 이후)
41574,202012,0010098,한양증권주식회사,E,대손상각채권,8577624133,국내증권사,B,SF205,각주항목(09.06월 이후)
41575,202012,0010098,한양증권주식회사,F,환전업무 예치금,0,국내증권사,B,SF205,각주항목(09.06월 이후)
41576,202012,0010098,한양증권주식회사,G,미배당별도예치금,0,국내증권사,B,SF205,각주항목(09.06월 이후)
41577,202012,0010098,한양증권주식회사,H,배서어음매출(종금계정),0,국내증권사,B,SF205,각주항목(09.06월 이후)
41578,202012,0010098,한양증권주식회사,H1,대출채권매매이익_담보부,0,국내증권사,B,SF205,각주항목(09.06월 이후)
41579,202012,0010098,한양증권주식회사,H2,대출채권매매이익_무담보부,0,국내증권사,B,SF205,각주항목(09.06월 이후)
41580,202103,0010098,한양증권주식회사,A,채무보증,87400000000,국내증권사,B,SF205,각주항목(09.06월 이후)
41581,202103,0010098,한양증권주식회사,A1,채무보증_지급보증,0,국내증권사,B,SF205,각주항목(09.06월 이후)
41582,202103,0010098,한양증권주식회사,A2,채무보증_매입보장약정,87400000000,국내증권사,B,SF205,각주항목(09.06월 이후)
41583,202103,0010098,한양증권주식회사,A3,채무보증_채무인수약정,0,국내증권사,B,SF205,각주항목(09.06월 이후)
41584,202103,0010098,한양증권주식회사,A5,채무보증_매입확약,0,국내증권사,B,SF205,각주항목(09.06월 이후)
41585,202103,0010098,한양증권주식회사,A6,채무보증_기타,0,국내증권사,B,SF205,각주항목(09.06월 이후)
41586,202103,0010098,한양증권주식회사,B,투자자의 예수증권 등,5043140431581,국내증권사,B,SF205,각주항목(09.06월 이후)
41587,202103,0010098,한양증권주식회사,B1,투자자의 예수증권 등_예수 증권,5043140431581,국내증권사,B,SF205,각주항목(09.06월 이후)
41588,202103,0010098,한양증권주식회사,B2,투자자의 예수증권 등_예수양도성예금증서,0,국내증권사,B,SF205,각주항목(09.06월 이후)
41589,202103,0010098,한양증권주식회사,B3,투자자의 예수증권 등_기타,0,국내증권사,B,SF205,각주항목(09.06월 이후)
41590,202103,0010098,한양증권주식회사,C,파생상품계약,2378719646607,국내증권사,B,SF205,각주항목(09.06월 이후)
41591,202103,0010098,한양증권주식회사,C1,파생상품계약_장내파생상품,2325120151558,국내증권사,B,SF205,각주항목(09.06월 이후)
41592,202103,0010098,한양증권주식회사,C11,파생상품계약_장내파생상품_이자율관련거래,1265338370000,국내증권사,B,SF205,각주항목(09.06월 이후)
41593,202103,0010098,한양증권주식회사,C12,파생상품계약_장내파생상품_통화관련거래,0,국내증권사,B,SF205,각주항목(09.06월 이후)
41594,202103,0010098,한양증권주식회사,C13,파생상품계약_장내파생상품_주식관련거래,1059781781558,국내증권사,B,SF205,각주항목(09.06월 이후)
41595,202103,0010098,한양증권주식회사,C14,파생상품계약_장내파생상품_일반상품관련거래,0,국내증권사,B,SF205,각주항목(09.06월 이후)
41596,202103,0010098,한양증권주식회사,C15,파생상품계약_장내파생상품_기타,0,국내증권사,B,SF205,각주항목(09.06월 이후)
41597,202103,0010098,한양증권주식회사,C2,파생상품계약_장외파생상품,53599495049,국내증권사,B,SF205,각주항목(09.06월 이후)
41598,202103,0010098,한양증권주식회사,C21,파생상품계약_장외파생상품_이자율관련거래,0,국내증권사,B,SF205,각주항목(09.06월 이후)
41599,202103,0010098,한양증권주식회사,C22,파생상품계약_장외파생상품_통화관련거래,0,국내증권사,B,SF205,각주항목(09.06월 이후)
41600,202103,0010098,한양증권주식회사,C23,파생상품계약_장외파생상품_주식관련거래,53599495049,국내증권사,B,SF205,각주항목(09.06월 이후)
41601,202103,0010098,한양증권주식회사,C24,파생상품계약_장외파생상품_신용관련거래,0,국내증권사,B,SF205,각주항목(09.06월 이후)
41602,202103,0010098,한양증권주식회사,C25,파생상품계약_장외파생상품_기타,0,국내증권사,B,SF205,각주항목(09.06월 이후)
41603,202103,0010098,한양증권주식회사,D,대차 및 대주거래,153216540630,국내증권사,B,SF205,각주항목(09.06월 이후)
41604,202103,0010098,한양증권주식회사,D1,대차 및 대주거래_대여증권,59425000,국내증권사,B,SF205,각주항목(09.06월 이후)
41605,202103,0010098,한양증권주식회사,D2,대차 및 대주거래_차입증권,153157115630,국내증권사,B,SF205,각주항목(09.06월 이후)
41606,202103,0010098,한양증권주식회사,D3,대차 및 대주거래_신용거래대주,0,국내증권사,B,SF205,각주항목(09.06월 이후)
41607,202103,0010098,한양증권주식회사,E,대손상각채권,8577624133,국내증권사,B,SF205,각주항목(09.06월 이후)
41608,202103,0010098,한양증권주식회사,F,환전업무 예치금,0,국내증권사,B,SF205,각주항목(09.06월 이후)
41609,202103,0010098,한양증권주식회사,G,미배당별도예치금,0,국내증권사,B,SF205,각주항목(09.06월 이후)
41610,202103,0010098,한양증권주식회사,H,배서어음매출(종금계정),0,국내증권사,B,SF205,각주항목(09.06월 이후)
41611,202103,0010098,한양증권주식회사,H1,대출채권매매이익_담보부,0,국내증권사,B,SF205,각주항목(09.06월 이후)
41612,202103,0010098,한양증권주식회사,H2,대출채권매매이익_무담보부,0,국내증권사,B,SF205,각주항목(09.06월 이후)
41613,202106,0010098,한양증권주식회사,A,채무보증,72000000000,국내증권사,B,SF205,각주항목(09.06월 이후)
41614,202106,0010098,한양증권주식회사,A1,채무보증_지급보증,0,국내증권사,B,SF205,각주항목(09.06월 이후)
41615,202106,0010098,한양증권주식회사,A2,채무보증_매입보장약정,72000000000,국내증권사,B,SF205,각주항목(09.06월 이후)
41616,202106,0010098,한양증권주식회사,A3,채무보증_채무인수약정,0,국내증권사,B,SF205,각주항목(09.06월 이후)
41617,202106,0010098,한양증권주식회사,A5,채무보증_매입확약,0,국내증권사,B,SF205,각주항목(09.06월 이후)
41618,202106,0010098,한양증권주식회사,A6,채무보증_기타,0,국내증권사,B,SF205,각주항목(09.06월 이후)
41619,202106,0010098,한양증권주식회사,B,투자자의 예수증권 등,4864678156372,국내증권사,B,SF205,각주항목(09.06월 이후)
41620,202106,0010098,한양증권주식회사,B1,투자자의 예수증권 등_예수 증권,4864678156372,국내증권사,B,SF205,각주항목(09.06월 이후)
41621,202106,0010098,한양증권주식회사,B2,투자자의 예수증권 등_예수양도성예금증서,0,국내증권사,B,SF205,각주항목(09.06월 이후)
41622,202106,0010098,한양증권주식회사,B3,투자자의 예수증권 등_기타,0,국내증권사,B,SF205,각주항목(09.06월 이후)
41623,202106,0010098,한양증권주식회사,C,파생상품계약,1985057129947,국내증권사,B,SF205,각주항목(09.06월 이후)
41624,202106,0010098,한양증권주식회사,C1,파생상품계약_장내파생상품,1673701776500,국내증권사,B,SF205,각주항목(09.06월 이후)
41625,202106,0010098,한양증권주식회사,C11,파생상품계약_장내파생상품_이자율관련거래,1137961440000,국내증권사,B,SF205,각주항목(09.06월 이후)
41626,202106,0010098,한양증권주식회사,C12,파생상품계약_장내파생상품_통화관련거래,0,국내증권사,B,SF205,각주항목(09.06월 이후)
41627,202106,0010098,한양증권주식회사,C13,파생상품계약_장내파생상품_주식관련거래,535740336500,국내증권사,B,SF205,각주항목(09.06월 이후)
41628,202106,0010098,한양증권주식회사,C14,파생상품계약_장내파생상품_일반상품관련거래,0,국내증권사,B,SF205,각주항목(09.06월 이후)
41629,202106,0010098,한양증권주식회사,C15,파생상품계약_장내파생상품_기타,0,국내증권사,B,SF205,각주항목(09.06월 이후)
41630,202106,0010098,한양증권주식회사,C2,파생상품계약_장외파생상품,311355353447,국내증권사,B,SF205,각주항목(09.06월 이후)
41631,202106,0010098,한양증권주식회사,C21,파생상품계약_장외파생상품_이자율관련거래,0,국내증권사,B,SF205,각주항목(09.06월 이후)
41632,202106,0010098,한양증권주식회사,C22,파생상품계약_장외파생상품_통화관련거래,0,국내증권사,B,SF205,각주항목(09.06월 이후)
41633,202106,0010098,한양증권주식회사,C23,파생상품계약_장외파생상품_주식관련거래,311355353447,국내증권사,B,SF205,각주항목(09.06월 이후)
41634,202106,0010098,한양증권주식회사,C24,파생상품계약_장외파생상품_신용관련거래,0,국내증권사,B,SF205,각주항목(09.06월 이후)
41635,202106,0010098,한양증권주식회사,C25,파생상품계약_장외파생상품_기타,0,국내증권사,B,SF205,각주항목(09.06월 이후)
41636,202106,0010098,한양증권주식회사,D,대차 및 대주거래,278327312400,국내증권사,B,SF205,각주항목(09.06월 이후)
41637,202106,0010098,한양증권주식회사,D1,대차 및 대주거래_대여증권,63386928000,국내증권사,B,SF205,각주항목(09.06월 이후)
41638,202106,0010098,한양증권주식회사,D2,대차 및 대주거래_차입증권,214940384400,국내증권사,B,SF205,각주항목(09.06월 이후)
41639,202106,0010098,한양증권주식회사,D3,대차 및 대주거래_신용거래대주,0,국내증권사,B,SF205,각주항목(09.06월 이후)
41640,202106,0010098,한양증권주식회사,E,대손상각채권,8577624133,국내증권사,B,SF205,각주항목(09.06월 이후)
41641,202106,0010098,한양증권주식회사,F,환전업무 예치금,0,국내증권사,B,SF205,각주항목(09.06월 이후)
41642,202106,0010098,한양증권주식회사,G,미배당별도예치금,0,국내증권사,B,SF205,각주항목(09.06월 이후)
41643,202106,0010098,한양증권주식회사,H,배서어음매출(종금계정),0,국내증권사,B,SF205,각주항목(09.06월 이후)
41644,202106,0010098,한양증권주식회사,H1,대출채권매매이익_담보부,0,국내증권사,B,SF205,각주항목(09.06월 이후)
41645,202106,0010098,한양증권주식회사,H2,대출채권매매이익_무담보부,0,국내증권사,B,SF205,각주항목(09.06월 이후)
41646,202109,0010098,한양증권주식회사,A,채무보증,103600000000,국내증권사,B,SF205,각주항목(09.06월 이후)
41647,202109,0010098,한양증권주식회사,A1,채무보증_지급보증,0,국내증권사,B,SF205,각주항목(09.06월 이후)
41648,202109,0010098,한양증권주식회사,A2,채무보증_매입보장약정,103600000000,국내증권사,B,SF205,각주항목(09.06월 이후)
41649,202109,0010098,한양증권주식회사,A3,채무보증_채무인수약정,0,국내증권사,B,SF205,각주항목(09.06월 이후)
41650,202109,0010098,한양증권주식회사,A5,채무보증_매입확약,0,국내증권사,B,SF205,각주항목(09.06월 이후)
41651,202109,0010098,한양증권주식회사,A6,채무보증_기타,0,국내증권사,B,SF205,각주항목(09.06월 이후)
41652,202109,0010098,한양증권주식회사,B,투자자의 예수증권 등,4933483283517,국내증권사,B,SF205,각주항목(09.06월 이후)
41653,202109,0010098,한양증권주식회사,B1,투자자의 예수증권 등_예수 증권,4933483283517,국내증권사,B,SF205,각주항목(09.06월 이후)
41654,202109,0010098,한양증권주식회사,B2,투자자의 예수증권 등_예수양도성예금증서,0,국내증권사,B,SF205,각주항목(09.06월 이후)
41655,202109,0010098,한양증권주식회사,B3,투자자의 예수증권 등_기타,0,국내증권사,B,SF205,각주항목(09.06월 이후)
41656,202109,0010098,한양증권주식회사,C,파생상품계약,1660036619660,국내증권사,B,SF205,각주항목(09.06월 이후)
41657,202109,0010098,한양증권주식회사,C1,파생상품계약_장내파생상품,1414407988000,국내증권사,B,SF205,각주항목(09.06월 이후)
41658,202109,0010098,한양증권주식회사,C11,파생상품계약_장내파생상품_이자율관련거래,760947270000,국내증권사,B,SF205,각주항목(09.06월 이후)
41659,202109,0010098,한양증권주식회사,C12,파생상품계약_장내파생상품_통화관련거래,0,국내증권사,B,SF205,각주항목(09.06월 이후)
41660,202109,0010098,한양증권주식회사,C13,파생상품계약_장내파생상품_주식관련거래,653460718000,국내증권사,B,SF205,각주항목(09.06월 이후)
41661,202109,0010098,한양증권주식회사,C14,파생상품계약_장내파생상품_일반상품관련거래,0,국내증권사,B,SF205,각주항목(09.06월 이후)
41662,202109,0010098,한양증권주식회사,C15,파생상품계약_장내파생상품_기타,0,국내증권사,B,SF205,각주항목(09.06월 이후)
41663,202109,0010098,한양증권주식회사,C2,파생상품계약_장외파생상품,245628631660,국내증권사,B,SF205,각주항목(09.06월 이후)
41664,202109,0010098,한양증권주식회사,C21,파생상품계약_장외파생상품_이자율관련거래,0,국내증권사,B,SF205,각주항목(09.06월 이후)
41665,202109,0010098,한양증권주식회사,C22,파생상품계약_장외파생상품_통화관련거래,0,국내증권사,B,SF205,각주항목(09.06월 이후)
41666,202109,0010098,한양증권주식회사,C23,파생상품계약_장외파생상품_주식관련거래,245628631660,국내증권사,B,SF205,각주항목(09.06월 이후)
41667,202109,0010098,한양증권주식회사,C24,파생상품계약_장외파생상품_신용관련거래,0,국내증권사,B,SF205,각주항목(09.06월 이후)
41668,202109,0010098,한양증권주식회사,C25,파생상품계약_장외파생상품_기타,0,국내증권사,B,SF205,각주항목(09.06월 이후)
41669,202109,0010098,한양증권주식회사,D,대차 및 대주거래,144440455900,국내증권사,B,SF205,각주항목(09.06월 이후)
41670,202109,0010098,한양증권주식회사,D1,대차 및 대주거래_대여증권,13727500000,국내증권사,B,SF205,각주항목(09.06월 이후)
41671,202109,0010098,한양증권주식회사,D2,대차 및 대주거래_차입증권,130712955900,국내증권사,B,SF205,각주항목(09.06월 이후)
41672,202109,0010098,한양증권주식회사,D3,대차 및 대주거래_신용거래대주,0,국내증권사,B,SF205,각주항목(09.06월 이후)
41673,202109,0010098,한양증권주식회사,E,대손상각채권,8537981564,국내증권사,B,SF205,각주항목(09.06월 이후)
41674,202109,0010098,한양증권주식회사,F,환전업무 예치금,0,국내증권사,B,SF205,각주항목(09.06월 이후)
41675,202109,0010098,한양증권주식회사,G,미배당별도예치금,0,국내증권사,B,SF205,각주항목(09.06월 이후)
41676,202109,0010098,한양증권주식회사,H,배서어음매출(종금계정),0,국내증권사,B,SF205,각주항목(09.06월 이후)
41677,202109,0010098,한양증권주식회사,H1,대출채권매매이익_담보부,0,국내증권사,B,SF205,각주항목(09.06월 이후)
41678,202109,0010098,한양증권주식회사,H2,대출채권매매이익_무담보부,0,국내증권사,B,SF205,각주항목(09.06월 이후)
41679,202112,0010098,한양증권주식회사,A,채무보증,76800000000,국내증권사,B,SF205,각주항목(09.06월 이후)
41680,202112,0010098,한양증권주식회사,A1,채무보증_지급보증,0,국내증권사,B,SF205,각주항목(09.06월 이후)
41681,202112,0010098,한양증권주식회사,A2,채무보증_매입보장약정,76800000000,국내증권사,B,SF205,각주항목(09.06월 이후)
41682,202112,0010098,한양증권주식회사,A3,채무보증_채무인수약정,0,국내증권사,B,SF205,각주항목(09.06월 이후)
41683,202112,0010098,한양증권주식회사,A5,채무보증_매입확약,0,국내증권사,B,SF205,각주항목(09.06월 이후)
41684,202112,0010098,한양증권주식회사,A6,채무보증_기타,0,국내증권사,B,SF205,각주항목(09.06월 이후)
41685,202112,0010098,한양증권주식회사,B,투자자의 예수증권 등,5476357089051,국내증권사,B,SF205,각주항목(09.06월 이후)
41686,202112,0010098,한양증권주식회사,B1,투자자의 예수증권 등_예수 증권,5476357089051,국내증권사,B,SF205,각주항목(09.06월 이후)
41687,202112,0010098,한양증권주식회사,B2,투자자의 예수증권 등_예수양도성예금증서,0,국내증권사,B,SF205,각주항목(09.06월 이후)
41688,202112,0010098,한양증권주식회사,B3,투자자의 예수증권 등_기타,0,국내증권사,B,SF205,각주항목(09.06월 이후)
41689,202112,0010098,한양증권주식회사,C,파생상품계약,1602207491969,국내증권사,B,SF205,각주항목(09.06월 이후)
41690,202112,0010098,한양증권주식회사,C1,파생상품계약_장내파생상품,1393617261996,국내증권사,B,SF205,각주항목(09.06월 이후)
41691,202112,0010098,한양증권주식회사,C11,파생상품계약_장내파생상품_이자율관련거래,474024210000,국내증권사,B,SF205,각주항목(09.06월 이후)
41692,202112,0010098,한양증권주식회사,C12,파생상품계약_장내파생상품_통화관련거래,0,국내증권사,B,SF205,각주항목(09.06월 이후)
41693,202112,0010098,한양증권주식회사,C13,파생상품계약_장내파생상품_주식관련거래,919593051996,국내증권사,B,SF205,각주항목(09.06월 이후)
41694,202112,0010098,한양증권주식회사,C14,파생상품계약_장내파생상품_일반상품관련거래,0,국내증권사,B,SF205,각주항목(09.06월 이후)
41695,202112,0010098,한양증권주식회사,C15,파생상품계약_장내파생상품_기타,0,국내증권사,B,SF205,각주항목(09.06월 이후)
41696,202112,0010098,한양증권주식회사,C2,파생상품계약_장외파생상품,208590229973,국내증권사,B,SF205,각주항목(09.06월 이후)
41697,202112,0010098,한양증권주식회사,C21,파생상품계약_장외파생상품_이자율관련거래,0,국내증권사,B,SF205,각주항목(09.06월 이후)
41698,202112,0010098,한양증권주식회사,C22,파생상품계약_장외파생상품_통화관련거래,0,국내증권사,B,SF205,각주항목(09.06월 이후)
41699,202112,0010098,한양증권주식회사,C23,파생상품계약_장외파생상품_주식관련거래,208590229973,국내증권사,B,SF205,각주항목(09.06월 이후)
41700,202112,0010098,한양증권주식회사,C24,파생상품계약_장외파생상품_신용관련거래,0,국내증권사,B,SF205,각주항목(09.06월 이후)
41701,202112,0010098,한양증권주식회사,C25,파생상품계약_장외파생상품_기타,0,국내증권사,B,SF205,각주항목(09.06월 이후)
41702,202112,0010098,한양증권주식회사,D,대차 및 대주거래,165845873960,국내증권사,B,SF205,각주항목(09.06월 이후)
41703,202112,0010098,한양증권주식회사,D1,대차 및 대주거래_대여증권,30542834700,국내증권사,B,SF205,각주항목(09.06월 이후)
41704,202112,0010098,한양증권주식회사,D2,대차 및 대주거래_차입증권,135303039260,국내증권사,B,SF205,각주항목(09.06월 이후)
41705,202112,0010098,한양증권주식회사,D3,대차 및 대주거래_신용거래대주,0,국내증권사,B,SF205,각주항목(09.06월 이후)
41706,202112,0010098,한양증권주식회사,E,대손상각채권,8526381807,국내증권사,B,SF205,각주항목(09.06월 이후)
41707,202112,0010098,한양증권주식회사,F,환전업무 예치금,0,국내증권사,B,SF205,각주항목(09.06월 이후)
41708,202112,0010098,한양증권주식회사,G,미배당별도예치금,0,국내증권사,B,SF205,각주항목(09.06월 이후)
41709,202112,0010098,한양증권주식회사,H,배서어음매출(종금계정),0,국내증권사,B,SF205,각주항목(09.06월 이후)
41710,202112,0010098,한양증권주식회사,H1,대출채권매매이익_담보부,0,국내증권사,B,SF205,각주항목(09.06월 이후)
41711,202112,0010098,한양증권주식회사,H2,대출채권매매이익_무담보부,0,국내증권사,B,SF205,각주항목(09.06월 이후)
41712,202203,0010098,한양증권주식회사,A,채무보증,73000000000,국내증권사,B,SF205,각주항목(09.06월 이후)
41713,202203,0010098,한양증권주식회사,A1,채무보증_지급보증,0,국내증권사,B,SF205,각주항목(09.06월 이후)
41714,202203,0010098,한양증권주식회사,A2,채무보증_매입보장약정,73000000000,국내증권사,B,SF205,각주항목(09.06월 이후)
41715,202203,0010098,한양증권주식회사,A3,채무보증_채무인수약정,0,국내증권사,B,SF205,각주항목(09.06월 이후)
41716,202203,0010098,한양증권주식회사,A5,채무보증_매입확약,0,국내증권사,B,SF205,각주항목(09.06월 이후)
41717,202203,0010098,한양증권주식회사,A6,채무보증_기타,0,국내증권사,B,SF205,각주항목(09.06월 이후)
41718,202203,0010098,한양증권주식회사,B,투자자의 예수증권 등,5869938842721,국내증권사,B,SF205,각주항목(09.06월 이후)
41719,202203,0010098,한양증권주식회사,B1,투자자의 예수증권 등_예수 증권,5869938842721,국내증권사,B,SF205,각주항목(09.06월 이후)
41720,202203,0010098,한양증권주식회사,B2,투자자의 예수증권 등_예수양도성예금증서,0,국내증권사,B,SF205,각주항목(09.06월 이후)
41721,202203,0010098,한양증권주식회사,B3,투자자의 예수증권 등_기타,0,국내증권사,B,SF205,각주항목(09.06월 이후)
41722,202203,0010098,한양증권주식회사,C,파생상품계약,2490631747234,국내증권사,B,SF205,각주항목(09.06월 이후)
41723,202203,0010098,한양증권주식회사,C1,파생상품계약_장내파생상품,2133199306723,국내증권사,B,SF205,각주항목(09.06월 이후)
41724,202203,0010098,한양증권주식회사,C11,파생상품계약_장내파생상품_이자율관련거래,1685880870000,국내증권사,B,SF205,각주항목(09.06월 이후)
41725,202203,0010098,한양증권주식회사,C12,파생상품계약_장내파생상품_통화관련거래,0,국내증권사,B,SF205,각주항목(09.06월 이후)
41726,202203,0010098,한양증권주식회사,C13,파생상품계약_장내파생상품_주식관련거래,447318436723,국내증권사,B,SF205,각주항목(09.06월 이후)
41727,202203,0010098,한양증권주식회사,C14,파생상품계약_장내파생상품_일반상품관련거래,0,국내증권사,B,SF205,각주항목(09.06월 이후)
41728,202203,0010098,한양증권주식회사,C15,파생상품계약_장내파생상품_기타,0,국내증권사,B,SF205,각주항목(09.06월 이후)
41729,202203,0010098,한양증권주식회사,C2,파생상품계약_장외파생상품,357432440511,국내증권사,B,SF205,각주항목(09.06월 이후)
41730,202203,0010098,한양증권주식회사,C21,파생상품계약_장외파생상품_이자율관련거래,0,국내증권사,B,SF205,각주항목(09.06월 이후)
41731,202203,0010098,한양증권주식회사,C22,파생상품계약_장외파생상품_통화관련거래,0,국내증권사,B,SF205,각주항목(09.06월 이후)
41732,202203,0010098,한양증권주식회사,C23,파생상품계약_장외파생상품_주식관련거래,357432440511,국내증권사,B,SF205,각주항목(09.06월 이후)
41733,202203,0010098,한양증권주식회사,C24,파생상품계약_장외파생상품_신용관련거래,0,국내증권사,B,SF205,각주항목(09.06월 이후)
41734,202203,0010098,한양증권주식회사,C25,파생상품계약_장외파생상품_기타,0,국내증권사,B,SF205,각주항목(09.06월 이후)
41735,202203,0010098,한양증권주식회사,D,대차 및 대주거래,493468481800,국내증권사,B,SF205,각주항목(09.06월 이후)
41736,202203,0010098,한양증권주식회사,D1,대차 및 대주거래_대여증권,64010842950,국내증권사,B,SF205,각주항목(09.06월 이후)
41737,202203,0010098,한양증권주식회사,D2,대차 및 대주거래_차입증권,429457638850,국내증권사,B,SF205,각주항목(09.06월 이후)
41738,202203,0010098,한양증권주식회사,D3,대차 및 대주거래_신용거래대주,0,국내증권사,B,SF205,각주항목(09.06월 이후)
41739,202203,0010098,한양증권주식회사,E,대손상각채권,8523381807,국내증권사,B,SF205,각주항목(09.06월 이후)
41740,202203,0010098,한양증권주식회사,F,환전업무 예치금,0,국내증권사,B,SF205,각주항목(09.06월 이후)
41741,202203,0010098,한양증권주식회사,G,미배당별도예치금,0,국내증권사,B,SF205,각주항목(09.06월 이후)
41742,202203,0010098,한양증권주식회사,H,배서어음매출(종금계정),0,국내증권사,B,SF205,각주항목(09.06월 이후)
41743,202203,0010098,한양증권주식회사,H1,대출채권매매이익_담보부,0,국내증권사,B,SF205,각주항목(09.06월 이후)
41744,202203,0010098,한양증권주식회사,H2,대출채권매매이익_무담보부,0,국내증권사,B,SF205,각주항목(09.06월 이후)
41745,202206,0010098,한양증권주식회사,A,채무보증,69500000000,국내증권사,B,SF205,각주항목(09.06월 이후)
41746,202206,0010098,한양증권주식회사,A1,채무보증_지급보증,0,국내증권사,B,SF205,각주항목(09.06월 이후)
41747,202206,0010098,한양증권주식회사,A2,채무보증_매입보장약정,69500000000,국내증권사,B,SF205,각주항목(09.06월 이후)
41748,202206,0010098,한양증권주식회사,A3,채무보증_채무인수약정,0,국내증권사,B,SF205,각주항목(09.06월 이후)
41749,202206,0010098,한양증권주식회사,A5,채무보증_매입확약,0,국내증권사,B,SF205,각주항목(09.06월 이후)
41750,202206,0010098,한양증권주식회사,A6,채무보증_기타,0,국내증권사,B,SF205,각주항목(09.06월 이후)
41751,202206,0010098,한양증권주식회사,B,투자자의 예수증권 등,6338198606714,국내증권사,B,SF205,각주항목(09.06월 이후)
41752,202206,0010098,한양증권주식회사,B1,투자자의 예수증권 등_예수 증권,6338198606714,국내증권사,B,SF205,각주항목(09.06월 이후)
41753,202206,0010098,한양증권주식회사,B2,투자자의 예수증권 등_예수양도성예금증서,0,국내증권사,B,SF205,각주항목(09.06월 이후)
41754,202206,0010098,한양증권주식회사,B3,투자자의 예수증권 등_기타,0,국내증권사,B,SF205,각주항목(09.06월 이후)
41755,202206,0010098,한양증권주식회사,C,파생상품계약,2676588398215,국내증권사,B,SF205,각주항목(09.06월 이후)
41756,202206,0010098,한양증권주식회사,C1,파생상품계약_장내파생상품,2478877595000,국내증권사,B,SF205,각주항목(09.06월 이후)
41757,202206,0010098,한양증권주식회사,C11,파생상품계약_장내파생상품_이자율관련거래,1666487760000,국내증권사,B,SF205,각주항목(09.06월 이후)
41758,202206,0010098,한양증권주식회사,C12,파생상품계약_장내파생상품_통화관련거래,0,국내증권사,B,SF205,각주항목(09.06월 이후)
41759,202206,0010098,한양증권주식회사,C13,파생상품계약_장내파생상품_주식관련거래,812389835000,국내증권사,B,SF205,각주항목(09.06월 이후)
41760,202206,0010098,한양증권주식회사,C14,파생상품계약_장내파생상품_일반상품관련거래,0,국내증권사,B,SF205,각주항목(09.06월 이후)
41761,202206,0010098,한양증권주식회사,C15,파생상품계약_장내파생상품_기타,0,국내증권사,B,SF205,각주항목(09.06월 이후)
41762,202206,0010098,한양증권주식회사,C2,파생상품계약_장외파생상품,197710803215,국내증권사,B,SF205,각주항목(09.06월 이후)
41763,202206,0010098,한양증권주식회사,C21,파생상품계약_장외파생상품_이자율관련거래,0,국내증권사,B,SF205,각주항목(09.06월 이후)
41764,202206,0010098,한양증권주식회사,C22,파생상품계약_장외파생상품_통화관련거래,0,국내증권사,B,SF205,각주항목(09.06월 이후)
41765,202206,0010098,한양증권주식회사,C23,파생상품계약_장외파생상품_주식관련거래,197710803215,국내증권사,B,SF205,각주항목(09.06월 이후)
41766,202206,0010098,한양증권주식회사,C24,파생상품계약_장외파생상품_신용관련거래,0,국내증권사,B,SF205,각주항목(09.06월 이후)
41767,202206,0010098,한양증권주식회사,C25,파생상품계약_장외파생상품_기타,0,국내증권사,B,SF205,각주항목(09.06월 이후)
41768,202206,0010098,한양증권주식회사,D,대차 및 대주거래,419938712400,국내증권사,B,SF205,각주항목(09.06월 이후)
41769,202206,0010098,한양증권주식회사,D1,대차 및 대주거래_대여증권,18394708650,국내증권사,B,SF205,각주항목(09.06월 이후)
41770,202206,0010098,한양증권주식회사,D2,대차 및 대주거래_차입증권,401544003750,국내증권사,B,SF205,각주항목(09.06월 이후)
41771,202206,0010098,한양증권주식회사,D3,대차 및 대주거래_신용거래대주,0,국내증권사,B,SF205,각주항목(09.06월 이후)
41772,202206,0010098,한양증권주식회사,E,대손상각채권,8488148609,국내증권사,B,SF205,각주항목(09.06월 이후)
41773,202206,0010098,한양증권주식회사,F,환전업무 예치금,0,국내증권사,B,SF205,각주항목(09.06월 이후)
41774,202206,0010098,한양증권주식회사,G,미배당별도예치금,0,국내증권사,B,SF205,각주항목(09.06월 이후)
41775,202206,0010098,한양증권주식회사,H,배서어음매출(종금계정),0,국내증권사,B,SF205,각주항목(09.06월 이후)
41776,202206,0010098,한양증권주식회사,H1,대출채권매매이익_담보부,0,국내증권사,B,SF205,각주항목(09.06월 이후)
41777,202206,0010098,한양증권주식회사,H2,대출채권매매이익_무담보부,0,국내증권사,B,SF205,각주항목(09.06월 이후)
41778,202209,0010098,한양증권주식회사,A,채무보증,125700000000,국내증권사,B,SF205,각주항목(09.06월 이후)
41779,202209,0010098,한양증권주식회사,A1,채무보증_지급보증,0,국내증권사,B,SF205,각주항목(09.06월 이후)
41780,202209,0010098,한양증권주식회사,A2,채무보증_매입보장약정,125700000000,국내증권사,B,SF205,각주항목(09.06월 이후)
41781,202209,0010098,한양증권주식회사,A3,채무보증_채무인수약정,0,국내증권사,B,SF205,각주항목(09.06월 이후)
41782,202209,0010098,한양증권주식회사,A5,채무보증_매입확약,0,국내증권사,B,SF205,각주항목(09.06월 이후)
41783,202209,0010098,한양증권주식회사,A6,채무보증_기타,0,국내증권사,B,SF205,각주항목(09.06월 이후)
41784,202209,0010098,한양증권주식회사,B,투자자의 예수증권 등,5997006779268,국내증권사,B,SF205,각주항목(09.06월 이후)
41785,202209,0010098,한양증권주식회사,B1,투자자의 예수증권 등_예수 증권,5997006779268,국내증권사,B,SF205,각주항목(09.06월 이후)
41786,202209,0010098,한양증권주식회사,B2,투자자의 예수증권 등_예수양도성예금증서,0,국내증권사,B,SF205,각주항목(09.06월 이후)
41787,202209,0010098,한양증권주식회사,B3,투자자의 예수증권 등_기타,0,국내증권사,B,SF205,각주항목(09.06월 이후)
41788,202209,0010098,한양증권주식회사,C,파생상품계약,2708957233144,국내증권사,B,SF205,각주항목(09.06월 이후)
41789,202209,0010098,한양증권주식회사,C1,파생상품계약_장내파생상품,2499418462000,국내증권사,B,SF205,각주항목(09.06월 이후)
41790,202209,0010098,한양증권주식회사,C11,파생상품계약_장내파생상품_이자율관련거래,1508111610000,국내증권사,B,SF205,각주항목(09.06월 이후)
41791,202209,0010098,한양증권주식회사,C12,파생상품계약_장내파생상품_통화관련거래,0,국내증권사,B,SF205,각주항목(09.06월 이후)
41792,202209,0010098,한양증권주식회사,C13,파생상품계약_장내파생상품_주식관련거래,991306852000,국내증권사,B,SF205,각주항목(09.06월 이후)
41793,202209,0010098,한양증권주식회사,C14,파생상품계약_장내파생상품_일반상품관련거래,0,국내증권사,B,SF205,각주항목(09.06월 이후)
41794,202209,0010098,한양증권주식회사,C15,파생상품계약_장내파생상품_기타,0,국내증권사,B,SF205,각주항목(09.06월 이후)
41795,202209,0010098,한양증권주식회사,C2,파생상품계약_장외파생상품,209538771144,국내증권사,B,SF205,각주항목(09.06월 이후)
41796,202209,0010098,한양증권주식회사,C21,파생상품계약_장외파생상품_이자율관련거래,0,국내증권사,B,SF205,각주항목(09.06월 이후)
41797,202209,0010098,한양증권주식회사,C22,파생상품계약_장외파생상품_통화관련거래,0,국내증권사,B,SF205,각주항목(09.06월 이후)
41798,202209,0010098,한양증권주식회사,C23,파생상품계약_장외파생상품_주식관련거래,209538771144,국내증권사,B,SF205,각주항목(09.06월 이후)
41799,202209,0010098,한양증권주식회사,C24,파생상품계약_장외파생상품_신용관련거래,0,국내증권사,B,SF205,각주항목(09.06월 이후)
41800,202209,0010098,한양증권주식회사,C25,파생상품계약_장외파생상품_기타,0,국내증권사,B,SF205,각주항목(09.06월 이후)
41801,202209,0010098,한양증권주식회사,D,대차 및 대주거래,419274752120,국내증권사,B,SF205,각주항목(09.06월 이후)
41802,202209,0010098,한양증권주식회사,D1,대차 및 대주거래_대여증권,17033670060,국내증권사,B,SF205,각주항목(09.06월 이후)
41803,202209,0010098,한양증권주식회사,D2,대차 및 대주거래_차입증권,402241082060,국내증권사,B,SF205,각주항목(09.06월 이후)
41804,202209,0010098,한양증권주식회사,D3,대차 및 대주거래_신용거래대주,0,국내증권사,B,SF205,각주항목(09.06월 이후)
41805,202209,0010098,한양증권주식회사,E,대손상각채권,8488148609,국내증권사,B,SF205,각주항목(09.06월 이후)
41806,202209,0010098,한양증권주식회사,F,환전업무 예치금,0,국내증권사,B,SF205,각주항목(09.06월 이후)
41807,202209,0010098,한양증권주식회사,G,미배당별도예치금,0,국내증권사,B,SF205,각주항목(09.06월 이후)
41808,202209,0010098,한양증권주식회사,H,배서어음매출(종금계정),0,국내증권사,B,SF205,각주항목(09.06월 이후)
41809,202209,0010098,한양증권주식회사,H1,대출채권매매이익_담보부,0,국내증권사,B,SF205,각주항목(09.06월 이후)
41810,202209,0010098,한양증권주식회사,H2,대출채권매매이익_무담보부,0,국내증권사,B,SF205,각주항목(09.06월 이후)
41811,202212,0010098,한양증권주식회사,A,채무보증,106500000000,국내증권사,B,SF205,각주항목(09.06월 이후)
41812,202212,0010098,한양증권주식회사,A1,채무보증_지급보증,0,국내증권사,B,SF205,각주항목(09.06월 이후)
41813,202212,0010098,한양증권주식회사,A2,채무보증_매입보장약정,106500000000,국내증권사,B,SF205,각주항목(09.06월 이후)
41814,202212,0010098,한양증권주식회사,A3,채무보증_채무인수약정,0,국내증권사,B,SF205,각주항목(09.06월 이후)
41815,202212,0010098,한양증권주식회사,A5,채무보증_매입확약,0,국내증권사,B,SF205,각주항목(09.06월 이후)
41816,202212,0010098,한양증권주식회사,A6,채무보증_기타,0,국내증권사,B,SF205,각주항목(09.06월 이후)
41817,202212,0010098,한양증권주식회사,B,투자자의 예수증권 등,6050372849479,국내증권사,B,SF205,각주항목(09.06월 이후)
41818,202212,0010098,한양증권주식회사,B1,투자자의 예수증권 등_예수 증권,6050372849479,국내증권사,B,SF205,각주항목(09.06월 이후)
41819,202212,0010098,한양증권주식회사,B2,투자자의 예수증권 등_예수양도성예금증서,0,국내증권사,B,SF205,각주항목(09.06월 이후)
41820,202212,0010098,한양증권주식회사,B3,투자자의 예수증권 등_기타,0,국내증권사,B,SF205,각주항목(09.06월 이후)
41821,202212,0010098,한양증권주식회사,C,파생상품계약,948637447988,국내증권사,B,SF205,각주항목(09.06월 이후)
41822,202212,0010098,한양증권주식회사,C1,파생상품계약_장내파생상품,757079025964,국내증권사,B,SF205,각주항목(09.06월 이후)
41823,202212,0010098,한양증권주식회사,C11,파생상품계약_장내파생상품_이자율관련거래,295272450000,국내증권사,B,SF205,각주항목(09.06월 이후)
41824,202212,0010098,한양증권주식회사,C12,파생상품계약_장내파생상품_통화관련거래,0,국내증권사,B,SF205,각주항목(09.06월 이후)
41825,202212,0010098,한양증권주식회사,C13,파생상품계약_장내파생상품_주식관련거래,461806575964,국내증권사,B,SF205,각주항목(09.06월 이후)
41826,202212,0010098,한양증권주식회사,C14,파생상품계약_장내파생상품_일반상품관련거래,0,국내증권사,B,SF205,각주항목(09.06월 이후)
41827,202212,0010098,한양증권주식회사,C15,파생상품계약_장내파생상품_기타,0,국내증권사,B,SF205,각주항목(09.06월 이후)
41828,202212,0010098,한양증권주식회사,C2,파생상품계약_장외파생상품,191558422024,국내증권사,B,SF205,각주항목(09.06월 이후)
41829,202212,0010098,한양증권주식회사,C21,파생상품계약_장외파생상품_이자율관련거래,0,국내증권사,B,SF205,각주항목(09.06월 이후)
41830,202212,0010098,한양증권주식회사,C22,파생상품계약_장외파생상품_통화관련거래,0,국내증권사,B,SF205,각주항목(09.06월 이후)
41831,202212,0010098,한양증권주식회사,C23,파생상품계약_장외파생상품_주식관련거래,191558422024,국내증권사,B,SF205,각주항목(09.06월 이후)
41832,202212,0010098,한양증권주식회사,C24,파생상품계약_장외파생상품_신용관련거래,0,국내증권사,B,SF205,각주항목(09.06월 이후)
41833,202212,0010098,한양증권주식회사,C25,파생상품계약_장외파생상품_기타,0,국내증권사,B,SF205,각주항목(09.06월 이후)
41834,202212,0010098,한양증권주식회사,D,대차 및 대주거래,172201419093,국내증권사,B,SF205,각주항목(09.06월 이후)
41835,202212,0010098,한양증권주식회사,D1,대차 및 대주거래_대여증권,12897615400,국내증권사,B,SF205,각주항목(09.06월 이후)
41836,202212,0010098,한양증권주식회사,D2,대차 및 대주거래_차입증권,159303803693,국내증권사,B,SF205,각주항목(09.06월 이후)
41837,202212,0010098,한양증권주식회사,D3,대차 및 대주거래_신용거래대주,0,국내증권사,B,SF205,각주항목(09.06월 이후)
41838,202212,0010098,한양증권주식회사,E,대손상각채권,8486955967,국내증권사,B,SF205,각주항목(09.06월 이후)
41839,202212,0010098,한양증권주식회사,F,환전업무 예치금,0,국내증권사,B,SF205,각주항목(09.06월 이후)
41840,202212,0010098,한양증권주식회사,G,미배당별도예치금,0,국내증권사,B,SF205,각주항목(09.06월 이후)
41841,202212,0010098,한양증권주식회사,H,배서어음매출(종금계정),0,국내증권사,B,SF205,각주항목(09.06월 이후)
41842,202212,0010098,한양증권주식회사,H1,대출채권매매이익_담보부,0,국내증권사,B,SF205,각주항목(09.06월 이후)
41843,202212,0010098,한양증권주식회사,H2,대출채권매매이익_무담보부,0,국내증권사,B,SF205,각주항목(09.06월 이후)
41844,202303,0010098,한양증권주식회사,A,채무보증,95900000000,국내증권사,B,SF205,각주항목(09.06월 이후)
41845,202303,0010098,한양증권주식회사,A1,채무보증_지급보증,0,국내증권사,B,SF205,각주항목(09.06월 이후)
41846,202303,0010098,한양증권주식회사,A2,채무보증_매입보장약정,95900000000,국내증권사,B,SF205,각주항목(09.06월 이후)
41847,202303,0010098,한양증권주식회사,A3,채무보증_채무인수약정,0,국내증권사,B,SF205,각주항목(09.06월 이후)
41848,202303,0010098,한양증권주식회사,A5,채무보증_매입확약,0,국내증권사,B,SF205,각주항목(09.06월 이후)
41849,202303,0010098,한양증권주식회사,A6,채무보증_기타,0,국내증권사,B,SF205,각주항목(09.06월 이후)
41850,202303,0010098,한양증권주식회사,B,투자자의 예수증권 등,5300195690286,국내증권사,B,SF205,각주항목(09.06월 이후)
41851,202303,0010098,한양증권주식회사,B1,투자자의 예수증권 등_예수 증권,5300195690286,국내증권사,B,SF205,각주항목(09.06월 이후)
41852,202303,0010098,한양증권주식회사,B2,투자자의 예수증권 등_예수양도성예금증서,0,국내증권사,B,SF205,각주항목(09.06월 이후)
41853,202303,0010098,한양증권주식회사,B3,투자자의 예수증권 등_기타,0,국내증권사,B,SF205,각주항목(09.06월 이후)
41854,202303,0010098,한양증권주식회사,C,파생상품계약,2752009361162,국내증권사,B,SF205,각주항목(09.06월 이후)
41855,202303,0010098,한양증권주식회사,C1,파생상품계약_장내파생상품,2438677823100,국내증권사,B,SF205,각주항목(09.06월 이후)
41856,202303,0010098,한양증권주식회사,C11,파생상품계약_장내파생상품_이자율관련거래,1744565640000,국내증권사,B,SF205,각주항목(09.06월 이후)
41857,202303,0010098,한양증권주식회사,C12,파생상품계약_장내파생상품_통화관련거래,0,국내증권사,B,SF205,각주항목(09.06월 이후)
41858,202303,0010098,한양증권주식회사,C13,파생상품계약_장내파생상품_주식관련거래,694112183100,국내증권사,B,SF205,각주항목(09.06월 이후)
41859,202303,0010098,한양증권주식회사,C14,파생상품계약_장내파생상품_일반상품관련거래,0,국내증권사,B,SF205,각주항목(09.06월 이후)
41860,202303,0010098,한양증권주식회사,C15,파생상품계약_장내파생상품_기타,0,국내증권사,B,SF205,각주항목(09.06월 이후)
41861,202303,0010098,한양증권주식회사,C2,파생상품계약_장외파생상품,313331538062,국내증권사,B,SF205,각주항목(09.06월 이후)
41862,202303,0010098,한양증권주식회사,C21,파생상품계약_장외파생상품_이자율관련거래,0,국내증권사,B,SF205,각주항목(09.06월 이후)
41863,202303,0010098,한양증권주식회사,C22,파생상품계약_장외파생상품_통화관련거래,0,국내증권사,B,SF205,각주항목(09.06월 이후)
41864,202303,0010098,한양증권주식회사,C23,파생상품계약_장외파생상품_주식관련거래,313331538062,국내증권사,B,SF205,각주항목(09.06월 이후)
41865,202303,0010098,한양증권주식회사,C24,파생상품계약_장외파생상품_신용관련거래,0,국내증권사,B,SF205,각주항목(09.06월 이후)
41866,202303,0010098,한양증권주식회사,C25,파생상품계약_장외파생상품_기타,0,국내증권사,B,SF205,각주항목(09.06월 이후)
41867,202303,0010098,한양증권주식회사,D,대차 및 대주거래,287944400686,국내증권사,B,SF205,각주항목(09.06월 이후)
41868,202303,0010098,한양증권주식회사,D1,대차 및 대주거래_대여증권,54975168895,국내증권사,B,SF205,각주항목(09.06월 이후)
41869,202303,0010098,한양증권주식회사,D2,대차 및 대주거래_차입증권,232969231791,국내증권사,B,SF205,각주항목(09.06월 이후)
41870,202303,0010098,한양증권주식회사,D3,대차 및 대주거래_신용거래대주,0,국내증권사,B,SF205,각주항목(09.06월 이후)
41871,202303,0010098,한양증권주식회사,E,대손상각채권,8449968402,국내증권사,B,SF205,각주항목(09.06월 이후)
41872,202303,0010098,한양증권주식회사,F,환전업무 예치금,0,국내증권사,B,SF205,각주항목(09.06월 이후)
41873,202303,0010098,한양증권주식회사,G,미배당별도예치금,0,국내증권사,B,SF205,각주항목(09.06월 이후)
41874,202303,0010098,한양증권주식회사,H,배서어음매출(종금계정),0,국내증권사,B,SF205,각주항목(09.06월 이후)
41875,202303,0010098,한양증권주식회사,H1,대출채권매매이익_담보부,0,국내증권사,B,SF205,각주항목(09.06월 이후)
41876,202303,0010098,한양증권주식회사,H2,대출채권매매이익_무담보부,0,국내증권사,B,SF205,각주항목(09.06월 이후)
41877,202306,0010098,한양증권주식회사,A,채무보증,110900000000,국내증권사,B,SF205,각주항목(09.06월 이후)
41878,202306,0010098,한양증권주식회사,A1,채무보증_지급보증,0,국내증권사,B,SF205,각주항목(09.06월 이후)
41879,202306,0010098,한양증권주식회사,A2,채무보증_매입보장약정,110900000000,국내증권사,B,SF205,각주항목(09.06월 이후)
41880,202306,0010098,한양증권주식회사,A3,채무보증_채무인수약정,0,국내증권사,B,SF205,각주항목(09.06월 이후)
41881,202306,0010098,한양증권주식회사,A5,채무보증_매입확약,0,국내증권사,B,SF205,각주항목(09.06월 이후)
41882,202306,0010098,한양증권주식회사,A6,채무보증_기타,0,국내증권사,B,SF205,각주항목(09.06월 이후)
41883,202306,0010098,한양증권주식회사,B,투자자의 예수증권 등,5148615616714,국내증권사,B,SF205,각주항목(09.06월 이후)
41884,202306,0010098,한양증권주식회사,B1,투자자의 예수증권 등_예수 증권,5148615616714,국내증권사,B,SF205,각주항목(09.06월 이후)
41885,202306,0010098,한양증권주식회사,B2,투자자의 예수증권 등_예수양도성예금증서,0,국내증권사,B,SF205,각주항목(09.06월 이후)
41886,202306,0010098,한양증권주식회사,B3,투자자의 예수증권 등_기타,0,국내증권사,B,SF205,각주항목(09.06월 이후)
41887,202306,0010098,한양증권주식회사,C,파생상품계약,3467119287272,국내증권사,B,SF205,각주항목(09.06월 이후)
41888,202306,0010098,한양증권주식회사,C1,파생상품계약_장내파생상품,3199408265900,국내증권사,B,SF205,각주항목(09.06월 이후)
41889,202306,0010098,한양증권주식회사,C11,파생상품계약_장내파생상품_이자율관련거래,929325570000,국내증권사,B,SF205,각주항목(09.06월 이후)
41890,202306,0010098,한양증권주식회사,C12,파생상품계약_장내파생상품_통화관련거래,0,국내증권사,B,SF205,각주항목(09.06월 이후)
41891,202306,0010098,한양증권주식회사,C13,파생상품계약_장내파생상품_주식관련거래,2270082695900,국내증권사,B,SF205,각주항목(09.06월 이후)
41892,202306,0010098,한양증권주식회사,C14,파생상품계약_장내파생상품_일반상품관련거래,0,국내증권사,B,SF205,각주항목(09.06월 이후)
41893,202306,0010098,한양증권주식회사,C15,파생상품계약_장내파생상품_기타,0,국내증권사,B,SF205,각주항목(09.06월 이후)
41894,202306,0010098,한양증권주식회사,C2,파생상품계약_장외파생상품,267711021372,국내증권사,B,SF205,각주항목(09.06월 이후)
41895,202306,0010098,한양증권주식회사,C21,파생상품계약_장외파생상품_이자율관련거래,0,국내증권사,B,SF205,각주항목(09.06월 이후)
41896,202306,0010098,한양증권주식회사,C22,파생상품계약_장외파생상품_통화관련거래,0,국내증권사,B,SF205,각주항목(09.06월 이후)
41897,202306,0010098,한양증권주식회사,C23,파생상품계약_장외파생상품_주식관련거래,267711021372,국내증권사,B,SF205,각주항목(09.06월 이후)
41898,202306,0010098,한양증권주식회사,C24,파생상품계약_장외파생상품_신용관련거래,0,국내증권사,B,SF205,각주항목(09.06월 이후)
41899,202306,0010098,한양증권주식회사,C25,파생상품계약_장외파생상품_기타,0,국내증권사,B,SF205,각주항목(09.06월 이후)
41900,202306,0010098,한양증권주식회사,D,대차 및 대주거래,152736896564,국내증권사,B,SF205,각주항목(09.06월 이후)
41901,202306,0010098,한양증권주식회사,D1,대차 및 대주거래_대여증권,3278142340,국내증권사,B,SF205,각주항목(09.06월 이후)
41902,202306,0010098,한양증권주식회사,D2,대차 및 대주거래_차입증권,149458754224,국내증권사,B,SF205,각주항목(09.06월 이후)
41903,202306,0010098,한양증권주식회사,D3,대차 및 대주거래_신용거래대주,0,국내증권사,B,SF205,각주항목(09.06월 이후)
41904,202306,0010098,한양증권주식회사,E,대손상각채권,11549968402,국내증권사,B,SF205,각주항목(09.06월 이후)
41905,202306,0010098,한양증권주식회사,F,환전업무 예치금,0,국내증권사,B,SF205,각주항목(09.06월 이후)
41906,202306,0010098,한양증권주식회사,G,미배당별도예치금,0,국내증권사,B,SF205,각주항목(09.06월 이후)
41907,202306,0010098,한양증권주식회사,H,배서어음매출(종금계정),0,국내증권사,B,SF205,각주항목(09.06월 이후)
41908,202306,0010098,한양증권주식회사,H1,대출채권매매이익_담보부,0,국내증권사,B,SF205,각주항목(09.06월 이후)
41909,202306,0010098,한양증권주식회사,H2,대출채권매매이익_무담보부,0,국내증권사,B,SF205,각주항목(09.06월 이후)
41910,202309,0010098,한양증권주식회사,A,채무보증,45200000000,국내증권사,B,SF205,각주항목(09.06월 이후)
41911,202309,0010098,한양증권주식회사,A1,채무보증_지급보증,0,국내증권사,B,SF205,각주항목(09.06월 이후)
41912,202309,0010098,한양증권주식회사,A2,채무보증_매입보장약정,45200000000,국내증권사,B,SF205,각주항목(09.06월 이후)
41913,202309,0010098,한양증권주식회사,A3,채무보증_채무인수약정,0,국내증권사,B,SF205,각주항목(09.06월 이후)
41914,202309,0010098,한양증권주식회사,A5,채무보증_매입확약,0,국내증권사,B,SF205,각주항목(09.06월 이후)
41915,202309,0010098,한양증권주식회사,A6,채무보증_기타,0,국내증권사,B,SF205,각주항목(09.06월 이후)
41916,202309,0010098,한양증권주식회사,B,투자자의 예수증권 등,4726435368026,국내증권사,B,SF205,각주항목(09.06월 이후)
41917,202309,0010098,한양증권주식회사,B1,투자자의 예수증권 등_예수 증권,4726435368026,국내증권사,B,SF205,각주항목(09.06월 이후)
41918,202309,0010098,한양증권주식회사,B2,투자자의 예수증권 등_예수양도성예금증서,0,국내증권사,B,SF205,각주항목(09.06월 이후)
41919,202309,0010098,한양증권주식회사,B3,투자자의 예수증권 등_기타,0,국내증권사,B,SF205,각주항목(09.06월 이후)
41920,202309,0010098,한양증권주식회사,C,파생상품계약,1505665832868,국내증권사,B,SF205,각주항목(09.06월 이후)
41921,202309,0010098,한양증권주식회사,C1,파생상품계약_장내파생상품,1285858907808,국내증권사,B,SF205,각주항목(09.06월 이후)
41922,202309,0010098,한양증권주식회사,C11,파생상품계약_장내파생상품_이자율관련거래,893365500000,국내증권사,B,SF205,각주항목(09.06월 이후)
41923,202309,0010098,한양증권주식회사,C12,파생상품계약_장내파생상품_통화관련거래,0,국내증권사,B,SF205,각주항목(09.06월 이후)
41924,202309,0010098,한양증권주식회사,C13,파생상품계약_장내파생상품_주식관련거래,392493407808,국내증권사,B,SF205,각주항목(09.06월 이후)
41925,202309,0010098,한양증권주식회사,C14,파생상품계약_장내파생상품_일반상품관련거래,0,국내증권사,B,SF205,각주항목(09.06월 이후)
41926,202309,0010098,한양증권주식회사,C15,파생상품계약_장내파생상품_기타,0,국내증권사,B,SF205,각주항목(09.06월 이후)
41927,202309,0010098,한양증권주식회사,C2,파생상품계약_장외파생상품,219806925060,국내증권사,B,SF205,각주항목(09.06월 이후)
41928,202309,0010098,한양증권주식회사,C21,파생상품계약_장외파생상품_이자율관련거래,0,국내증권사,B,SF205,각주항목(09.06월 이후)
41929,202309,0010098,한양증권주식회사,C22,파생상품계약_장외파생상품_통화관련거래,0,국내증권사,B,SF205,각주항목(09.06월 이후)
41930,202309,0010098,한양증권주식회사,C23,파생상품계약_장외파생상품_주식관련거래,219806925060,국내증권사,B,SF205,각주항목(09.06월 이후)
41931,202309,0010098,한양증권주식회사,C24,파생상품계약_장외파생상품_신용관련거래,0,국내증권사,B,SF205,각주항목(09.06월 이후)
41932,202309,0010098,한양증권주식회사,C25,파생상품계약_장외파생상품_기타,0,국내증권사,B,SF205,각주항목(09.06월 이후)
41933,202309,0010098,한양증권주식회사,D,대차 및 대주거래,419623917528,국내증권사,B,SF205,각주항목(09.06월 이후)
41934,202309,0010098,한양증권주식회사,D1,대차 및 대주거래_대여증권,18938660095,국내증권사,B,SF205,각주항목(09.06월 이후)
41935,202309,0010098,한양증권주식회사,D2,대차 및 대주거래_차입증권,400685257433,국내증권사,B,SF205,각주항목(09.06월 이후)
41936,202309,0010098,한양증권주식회사,D3,대차 및 대주거래_신용거래대주,0,국내증권사,B,SF205,각주항목(09.06월 이후)
41937,202309,0010098,한양증권주식회사,E,대손상각채권,11415741927,국내증권사,B,SF205,각주항목(09.06월 이후)
41938,202309,0010098,한양증권주식회사,F,환전업무 예치금,0,국내증권사,B,SF205,각주항목(09.06월 이후)
41939,202309,0010098,한양증권주식회사,G,미배당별도예치금,0,국내증권사,B,SF205,각주항목(09.06월 이후)
41940,202309,0010098,한양증권주식회사,H,배서어음매출(종금계정),0,국내증권사,B,SF205,각주항목(09.06월 이후)
41941,202309,0010098,한양증권주식회사,H1,대출채권매매이익_담보부,0,국내증권사,B,SF205,각주항목(09.06월 이후)
41942,202309,0010098,한양증권주식회사,H2,대출채권매매이익_무담보부,0,국내증권사,B,SF205,각주항목(09.06월 이후)
41943,202312,0010098,한양증권주식회사,A,채무보증,40200000000,국내증권사,B,SF205,각주항목(09.06월 이후)
41944,202312,0010098,한양증권주식회사,A1,채무보증_지급보증,0,국내증권사,B,SF205,각주항목(09.06월 이후)
41945,202312,0010098,한양증권주식회사,A2,채무보증_매입보장약정,40200000000,국내증권사,B,SF205,각주항목(09.06월 이후)
41946,202312,0010098,한양증권주식회사,A3,채무보증_채무인수약정,0,국내증권사,B,SF205,각주항목(09.06월 이후)
41947,202312,0010098,한양증권주식회사,A5,채무보증_매입확약,0,국내증권사,B,SF205,각주항목(09.06월 이후)
41948,202312,0010098,한양증권주식회사,A6,채무보증_기타,0,국내증권사,B,SF205,각주항목(09.06월 이후)
41949,202312,0010098,한양증권주식회사,B,투자자의 예수증권 등,4694815827251,국내증권사,B,SF205,각주항목(09.06월 이후)
41950,202312,0010098,한양증권주식회사,B1,투자자의 예수증권 등_예수 증권,4694815827251,국내증권사,B,SF205,각주항목(09.06월 이후)
41951,202312,0010098,한양증권주식회사,B2,투자자의 예수증권 등_예수양도성예금증서,0,국내증권사,B,SF205,각주항목(09.06월 이후)
41952,202312,0010098,한양증권주식회사,B3,투자자의 예수증권 등_기타,0,국내증권사,B,SF205,각주항목(09.06월 이후)
41953,202312,0010098,한양증권주식회사,C,파생상품계약,1051035953896,국내증권사,B,SF205,각주항목(09.06월 이후)
41954,202312,0010098,한양증권주식회사,C1,파생상품계약_장내파생상품,904750502500,국내증권사,B,SF205,각주항목(09.06월 이후)
41955,202312,0010098,한양증권주식회사,C11,파생상품계약_장내파생상품_이자율관련거래,525074340000,국내증권사,B,SF205,각주항목(09.06월 이후)
41956,202312,0010098,한양증권주식회사,C12,파생상품계약_장내파생상품_통화관련거래,0,국내증권사,B,SF205,각주항목(09.06월 이후)
41957,202312,0010098,한양증권주식회사,C13,파생상품계약_장내파생상품_주식관련거래,379676162500,국내증권사,B,SF205,각주항목(09.06월 이후)
41958,202312,0010098,한양증권주식회사,C14,파생상품계약_장내파생상품_일반상품관련거래,0,국내증권사,B,SF205,각주항목(09.06월 이후)
41959,202312,0010098,한양증권주식회사,C15,파생상품계약_장내파생상품_기타,0,국내증권사,B,SF205,각주항목(09.06월 이후)
41960,202312,0010098,한양증권주식회사,C2,파생상품계약_장외파생상품,146285451396,국내증권사,B,SF205,각주항목(09.06월 이후)
41961,202312,0010098,한양증권주식회사,C21,파생상품계약_장외파생상품_이자율관련거래,0,국내증권사,B,SF205,각주항목(09.06월 이후)
41962,202312,0010098,한양증권주식회사,C22,파생상품계약_장외파생상품_통화관련거래,0,국내증권사,B,SF205,각주항목(09.06월 이후)
41963,202312,0010098,한양증권주식회사,C23,파생상품계약_장외파생상품_주식관련거래,146285451396,국내증권사,B,SF205,각주항목(09.06월 이후)
41964,202312,0010098,한양증권주식회사,C24,파생상품계약_장외파생상품_신용관련거래,0,국내증권사,B,SF205,각주항목(09.06월 이후)
41965,202312,0010098,한양증권주식회사,C25,파생상품계약_장외파생상품_기타,0,국내증권사,B,SF205,각주항목(09.06월 이후)
41966,202312,0010098,한양증권주식회사,D,대차 및 대주거래,247950186327,국내증권사,B,SF205,각주항목(09.06월 이후)
41967,202312,0010098,한양증권주식회사,D1,대차 및 대주거래_대여증권,4485312230,국내증권사,B,SF205,각주항목(09.06월 이후)
41968,202312,0010098,한양증권주식회사,D2,대차 및 대주거래_차입증권,243464874097,국내증권사,B,SF205,각주항목(09.06월 이후)
41969,202312,0010098,한양증권주식회사,D3,대차 및 대주거래_신용거래대주,0,국내증권사,B,SF205,각주항목(09.06월 이후)
41970,202312,0010098,한양증권주식회사,E,대손상각채권,11401165779,국내증권사,B,SF205,각주항목(09.06월 이후)
41971,202312,0010098,한양증권주식회사,F,환전업무 예치금,0,국내증권사,B,SF205,각주항목(09.06월 이후)
41972,202312,0010098,한양증권주식회사,G,미배당별도예치금,0,국내증권사,B,SF205,각주항목(09.06월 이후)
41973,202312,0010098,한양증권주식회사,H,배서어음매출(종금계정),0,국내증권사,B,SF205,각주항목(09.06월 이후)
41974,202312,0010098,한양증권주식회사,H1,대출채권매매이익_담보부,0,국내증권사,B,SF205,각주항목(09.06월 이후)
41975,202312,0010098,한양증권주식회사,H2,대출채권매매이익_무담보부,0,국내증권사,B,SF205,각주항목(09.06월 이후)
41976,202403,0010098,한양증권주식회사,A,채무보증,35200000000,국내증권사,B,SF205,각주항목(09.06월 이후)
41977,202403,0010098,한양증권주식회사,A1,채무보증_지급보증,0,국내증권사,B,SF205,각주항목(09.06월 이후)
41978,202403,0010098,한양증권주식회사,A2,채무보증_매입보장약정,35200000000,국내증권사,B,SF205,각주항목(09.06월 이후)
41979,202403,0010098,한양증권주식회사,A3,채무보증_채무인수약정,0,국내증권사,B,SF205,각주항목(09.06월 이후)
41980,202403,0010098,한양증권주식회사,A5,채무보증_매입확약,0,국내증권사,B,SF205,각주항목(09.06월 이후)
41981,202403,0010098,한양증권주식회사,A6,채무보증_기타,0,국내증권사,B,SF205,각주항목(09.06월 이후)
41982,202403,0010098,한양증권주식회사,B,투자자의 예수증권 등,5571041975441,국내증권사,B,SF205,각주항목(09.06월 이후)
41983,202403,0010098,한양증권주식회사,B1,투자자의 예수증권 등_예수 증권,5571041975441,국내증권사,B,SF205,각주항목(09.06월 이후)
41984,202403,0010098,한양증권주식회사,B2,투자자의 예수증권 등_예수양도성예금증서,0,국내증권사,B,SF205,각주항목(09.06월 이후)
41985,202403,0010098,한양증권주식회사,B3,투자자의 예수증권 등_기타,0,국내증권사,B,SF205,각주항목(09.06월 이후)
41986,202403,0010098,한양증권주식회사,C,파생상품계약,3693872644915,국내증권사,B,SF205,각주항목(09.06월 이후)
41987,202403,0010098,한양증권주식회사,C1,파생상품계약_장내파생상품,3505096011200,국내증권사,B,SF205,각주항목(09.06월 이후)
41988,202403,0010098,한양증권주식회사,C11,파생상품계약_장내파생상품_이자율관련거래,1134661160000,국내증권사,B,SF205,각주항목(09.06월 이후)
41989,202403,0010098,한양증권주식회사,C12,파생상품계약_장내파생상품_통화관련거래,0,국내증권사,B,SF205,각주항목(09.06월 이후)
41990,202403,0010098,한양증권주식회사,C13,파생상품계약_장내파생상품_주식관련거래,2370434851200,국내증권사,B,SF205,각주항목(09.06월 이후)
41991,202403,0010098,한양증권주식회사,C14,파생상품계약_장내파생상품_일반상품관련거래,0,국내증권사,B,SF205,각주항목(09.06월 이후)
41992,202403,0010098,한양증권주식회사,C15,파생상품계약_장내파생상품_기타,0,국내증권사,B,SF205,각주항목(09.06월 이후)
41993,202403,0010098,한양증권주식회사,C2,파생상품계약_장외파생상품,188776633715,국내증권사,B,SF205,각주항목(09.06월 이후)
41994,202403,0010098,한양증권주식회사,C21,파생상품계약_장외파생상품_이자율관련거래,0,국내증권사,B,SF205,각주항목(09.06월 이후)
41995,202403,0010098,한양증권주식회사,C22,파생상품계약_장외파생상품_통화관련거래,0,국내증권사,B,SF205,각주항목(09.06월 이후)
41996,202403,0010098,한양증권주식회사,C23,파생상품계약_장외파생상품_주식관련거래,188776633715,국내증권사,B,SF205,각주항목(09.06월 이후)
41997,202403,0010098,한양증권주식회사,C24,파생상품계약_장외파생상품_신용관련거래,0,국내증권사,B,SF205,각주항목(09.06월 이후)
41998,202403,0010098,한양증권주식회사,C25,파생상품계약_장외파생상품_기타,0,국내증권사,B,SF205,각주항목(09.06월 이후)
41999,202403,0010098,한양증권주식회사,D,대차 및 대주거래,211961726782,국내증권사,B,SF205,각주항목(09.06월 이후)
42000,202403,0010098,한양증권주식회사,D1,대차 및 대주거래_대여증권,4956508250,국내증권사,B,SF205,각주항목(09.06월 이후)
42001,202403,0010098,한양증권주식회사,D2,대차 및 대주거래_차입증권,207005218532,국내증권사,B,SF205,각주항목(09.06월 이후)
42002,202403,0010098,한양증권주식회사,D3,대차 및 대주거래_신용거래대주,0,국내증권사,B,SF205,각주항목(09.06월 이후)
42003,202403,0010098,한양증권주식회사,E,대손상각채권,11380063496,국내증권사,B,SF205,각주항목(09.06월 이후)
42004,202403,0010098,한양증권주식회사,F,환전업무 예치금,0,국내증권사,B,SF205,각주항목(09.06월 이후)
42005,202403,0010098,한양증권주식회사,G,미배당별도예치금,0,국내증권사,B,SF205,각주항목(09.06월 이후)
42006,202403,0010098,한양증권주식회사,H,배서어음매출(종금계정),0,국내증권사,B,SF205,각주항목(09.06월 이후)
42007,202403,0010098,한양증권주식회사,H1,대출채권매매이익_담보부,0,국내증권사,B,SF205,각주항목(09.06월 이후)
42008,202403,0010098,한양증권주식회사,H2,대출채권매매이익_무담보부,0,국내증권사,B,SF205,각주항목(09.06월 이후)
42009,202406,0010098,한양증권주식회사,A,채무보증,50200000000,국내증권사,B,SF205,각주항목(09.06월 이후)
42010,202406,0010098,한양증권주식회사,A1,채무보증_지급보증,0,국내증권사,B,SF205,각주항목(09.06월 이후)
42011,202406,0010098,한양증권주식회사,A2,채무보증_매입보장약정,50200000000,국내증권사,B,SF205,각주항목(09.06월 이후)
42012,202406,0010098,한양증권주식회사,A3,채무보증_채무인수약정,0,국내증권사,B,SF205,각주항목(09.06월 이후)
42013,202406,0010098,한양증권주식회사,A5,채무보증_매입확약,0,국내증권사,B,SF205,각주항목(09.06월 이후)
42014,202406,0010098,한양증권주식회사,A6,채무보증_기타,0,국내증권사,B,SF205,각주항목(09.06월 이후)
42015,202406,0010098,한양증권주식회사,B,투자자의 예수증권 등,5718705437027,국내증권사,B,SF205,각주항목(09.06월 이후)
42016,202406,0010098,한양증권주식회사,B1,투자자의 예수증권 등_예수 증권,5718705437027,국내증권사,B,SF205,각주항목(09.06월 이후)
42017,202406,0010098,한양증권주식회사,B2,투자자의 예수증권 등_예수양도성예금증서,0,국내증권사,B,SF205,각주항목(09.06월 이후)
42018,202406,0010098,한양증권주식회사,B3,투자자의 예수증권 등_기타,0,국내증권사,B,SF205,각주항목(09.06월 이후)
42019,202406,0010098,한양증권주식회사,C,파생상품계약,4163293047855,국내증권사,B,SF205,각주항목(09.06월 이후)
42020,202406,0010098,한양증권주식회사,C1,파생상품계약_장내파생상품,3967119460300,국내증권사,B,SF205,각주항목(09.06월 이후)
42021,202406,0010098,한양증권주식회사,C11,파생상품계약_장내파생상품_이자율관련거래,1580396400000,국내증권사,B,SF205,각주항목(09.06월 이후)
42022,202406,0010098,한양증권주식회사,C12,파생상품계약_장내파생상품_통화관련거래,0,국내증권사,B,SF205,각주항목(09.06월 이후)
42023,202406,0010098,한양증권주식회사,C13,파생상품계약_장내파생상품_주식관련거래,2386723060300,국내증권사,B,SF205,각주항목(09.06월 이후)
42024,202406,0010098,한양증권주식회사,C14,파생상품계약_장내파생상품_일반상품관련거래,0,국내증권사,B,SF205,각주항목(09.06월 이후)
42025,202406,0010098,한양증권주식회사,C15,파생상품계약_장내파생상품_기타,0,국내증권사,B,SF205,각주항목(09.06월 이후)
42026,202406,0010098,한양증권주식회사,C2,파생상품계약_장외파생상품,196173587555,국내증권사,B,SF205,각주항목(09.06월 이후)
42027,202406,0010098,한양증권주식회사,C21,파생상품계약_장외파생상품_이자율관련거래,0,국내증권사,B,SF205,각주항목(09.06월 이후)
42028,202406,0010098,한양증권주식회사,C22,파생상품계약_장외파생상품_통화관련거래,0,국내증권사,B,SF205,각주항목(09.06월 이후)
42029,202406,0010098,한양증권주식회사,C23,파생상품계약_장외파생상품_주식관련거래,196173587555,국내증권사,B,SF205,각주항목(09.06월 이후)
42030,202406,0010098,한양증권주식회사,C24,파생상품계약_장외파생상품_신용관련거래,0,국내증권사,B,SF205,각주항목(09.06월 이후)
42031,202406,0010098,한양증권주식회사,C25,파생상품계약_장외파생상품_기타,0,국내증권사,B,SF205,각주항목(09.06월 이후)
42032,202406,0010098,한양증권주식회사,D,대차 및 대주거래,226516348544,국내증권사,B,SF205,각주항목(09.06월 이후)
42033,202406,0010098,한양증권주식회사,D1,대차 및 대주거래_대여증권,2316960300,국내증권사,B,SF205,각주항목(09.06월 이후)
42034,202406,0010098,한양증권주식회사,D2,대차 및 대주거래_차입증권,224199388244,국내증권사,B,SF205,각주항목(09.06월 이후)
42035,202406,0010098,한양증권주식회사,D3,대차 및 대주거래_신용거래대주,0,국내증권사,B,SF205,각주항목(09.06월 이후)
42036,202406,0010098,한양증권주식회사,E,대손상각채권,11363621469,국내증권사,B,SF205,각주항목(09.06월 이후)
42037,202406,0010098,한양증권주식회사,F,환전업무 예치금,0,국내증권사,B,SF205,각주항목(09.06월 이후)
42038,202406,0010098,한양증권주식회사,G,미배당별도예치금,0,국내증권사,B,SF205,각주항목(09.06월 이후)
42039,202406,0010098,한양증권주식회사,H,배서어음매출(종금계정),0,국내증권사,B,SF205,각주항목(09.06월 이후)
42040,202406,0010098,한양증권주식회사,H1,대출채권매매이익_담보부,0,국내증권사,B,SF205,각주항목(09.06월 이후)
42041,202406,0010098,한양증권주식회사,H2,대출채권매매이익_무담보부,0,국내증권사,B,SF205,각주항목(09.06월 이후)
42042,202409,0010098,한양증권주식회사,A,채무보증,80200000000,국내증권사,B,SF205,각주항목(09.06월 이후)
42043,202409,0010098,한양증권주식회사,A1,채무보증_지급보증,0,국내증권사,B,SF205,각주항목(09.06월 이후)
42044,202409,0010098,한양증권주식회사,A2,채무보증_매입보장약정,80200000000,국내증권사,B,SF205,각주항목(09.06월 이후)
42045,202409,0010098,한양증권주식회사,A3,채무보증_채무인수약정,0,국내증권사,B,SF205,각주항목(09.06월 이후)
42046,202409,0010098,한양증권주식회사,A5,채무보증_매입확약,0,국내증권사,B,SF205,각주항목(09.06월 이후)
42047,202409,0010098,한양증권주식회사,A6,채무보증_기타,0,국내증권사,B,SF205,각주항목(09.06월 이후)
42048,202409,0010098,한양증권주식회사,B,투자자의 예수증권 등,5655392861097,국내증권사,B,SF205,각주항목(09.06월 이후)
42049,202409,0010098,한양증권주식회사,B1,투자자의 예수증권 등_예수 증권,5655392861097,국내증권사,B,SF205,각주항목(09.06월 이후)
42050,202409,0010098,한양증권주식회사,B2,투자자의 예수증권 등_예수양도성예금증서,0,국내증권사,B,SF205,각주항목(09.06월 이후)
42051,202409,0010098,한양증권주식회사,B3,투자자의 예수증권 등_기타,0,국내증권사,B,SF205,각주항목(09.06월 이후)
42052,202409,0010098,한양증권주식회사,C,파생상품계약,3208253264113,국내증권사,B,SF205,각주항목(09.06월 이후)
42053,202409,0010098,한양증권주식회사,C1,파생상품계약_장내파생상품,3074904256647,국내증권사,B,SF205,각주항목(09.06월 이후)
42054,202409,0010098,한양증권주식회사,C11,파생상품계약_장내파생상품_이자율관련거래,2651316804947,국내증권사,B,SF205,각주항목(09.06월 이후)
42055,202409,0010098,한양증권주식회사,C12,파생상품계약_장내파생상품_통화관련거래,0,국내증권사,B,SF205,각주항목(09.06월 이후)
42056,202409,0010098,한양증권주식회사,C13,파생상품계약_장내파생상품_주식관련거래,423587451700,국내증권사,B,SF205,각주항목(09.06월 이후)
42057,202409,0010098,한양증권주식회사,C14,파생상품계약_장내파생상품_일반상품관련거래,0,국내증권사,B,SF205,각주항목(09.06월 이후)
42058,202409,0010098,한양증권주식회사,C15,파생상품계약_장내파생상품_기타,0,국내증권사,B,SF205,각주항목(09.06월 이후)
42059,202409,0010098,한양증권주식회사,C2,파생상품계약_장외파생상품,133349007466,국내증권사,B,SF205,각주항목(09.06월 이후)
42060,202409,0010098,한양증권주식회사,C21,파생상품계약_장외파생상품_이자율관련거래,0,국내증권사,B,SF205,각주항목(09.06월 이후)
42061,202409,0010098,한양증권주식회사,C22,파생상품계약_장외파생상품_통화관련거래,0,국내증권사,B,SF205,각주항목(09.06월 이후)
42062,202409,0010098,한양증권주식회사,C23,파생상품계약_장외파생상품_주식관련거래,133349007466,국내증권사,B,SF205,각주항목(09.06월 이후)
42063,202409,0010098,한양증권주식회사,C24,파생상품계약_장외파생상품_신용관련거래,0,국내증권사,B,SF205,각주항목(09.06월 이후)
42064,202409,0010098,한양증권주식회사,C25,파생상품계약_장외파생상품_기타,0,국내증권사,B,SF205,각주항목(09.06월 이후)
42065,202409,0010098,한양증권주식회사,D,대차 및 대주거래,337164442540,국내증권사,B,SF205,각주항목(09.06월 이후)
42066,202409,0010098,한양증권주식회사,D1,대차 및 대주거래_대여증권,0,국내증권사,B,SF205,각주항목(09.06월 이후)
42067,202409,0010098,한양증권주식회사,D2,대차 및 대주거래_차입증권,337164442540,국내증권사,B,SF205,각주항목(09.06월 이후)
42068,202409,0010098,한양증권주식회사,D3,대차 및 대주거래_신용거래대주,0,국내증권사,B,SF205,각주항목(09.06월 이후)
42069,202409,0010098,한양증권주식회사,E,대손상각채권,11354908260,국내증권사,B,SF205,각주항목(09.06월 이후)
42070,202409,0010098,한양증권주식회사,F,환전업무 예치금,0,국내증권사,B,SF205,각주항목(09.06월 이후)
42071,202409,0010098,한양증권주식회사,G,미배당별도예치금,0,국내증권사,B,SF205,각주항목(09.06월 이후)
42072,202409,0010098,한양증권주식회사,H,배서어음매출(종금계정),0,국내증권사,B,SF205,각주항목(09.06월 이후)
42073,202409,0010098,한양증권주식회사,H1,대출채권매매이익_담보부,0,국내증권사,B,SF205,각주항목(09.06월 이후)
42074,202409,0010098,한양증권주식회사,H2,대출채권매매이익_무담보부,0,국내증권사,B,SF205,각주항목(09.06월 이후)
42075,202412,0010098,한양증권주식회사,A,채무보증,61600000000,국내증권사,B,SF205,각주항목(09.06월 이후)
42076,202412,0010098,한양증권주식회사,A1,채무보증_지급보증,0,국내증권사,B,SF205,각주항목(09.06월 이후)
42077,202412,0010098,한양증권주식회사,A2,채무보증_매입보장약정,61600000000,국내증권사,B,SF205,각주항목(09.06월 이후)
42078,202412,0010098,한양증권주식회사,A3,채무보증_채무인수약정,0,국내증권사,B,SF205,각주항목(09.06월 이후)
42079,202412,0010098,한양증권주식회사,A5,채무보증_매입확약,0,국내증권사,B,SF205,각주항목(09.06월 이후)
42080,202412,0010098,한양증권주식회사,A6,채무보증_기타,0,국내증권사,B,SF205,각주항목(09.06월 이후)
42081,202412,0010098,한양증권주식회사,B,투자자의 예수증권 등,5196275503734,국내증권사,B,SF205,각주항목(09.06월 이후)
42082,202412,0010098,한양증권주식회사,B1,투자자의 예수증권 등_예수 증권,5196275503734,국내증권사,B,SF205,각주항목(09.06월 이후)
42083,202412,0010098,한양증권주식회사,B2,투자자의 예수증권 등_예수양도성예금증서,0,국내증권사,B,SF205,각주항목(09.06월 이후)
42084,202412,0010098,한양증권주식회사,B3,투자자의 예수증권 등_기타,0,국내증권사,B,SF205,각주항목(09.06월 이후)
42085,202412,0010098,한양증권주식회사,C,파생상품계약,991859134413,국내증권사,B,SF205,각주항목(09.06월 이후)
42086,202412,0010098,한양증권주식회사,C1,파생상품계약_장내파생상품,915902746450,국내증권사,B,SF205,각주항목(09.06월 이후)
42087,202412,0010098,한양증권주식회사,C11,파생상품계약_장내파생상품_이자율관련거래,682025076250,국내증권사,B,SF205,각주항목(09.06월 이후)
42088,202412,0010098,한양증권주식회사,C12,파생상품계약_장내파생상품_통화관련거래,0,국내증권사,B,SF205,각주항목(09.06월 이후)
42089,202412,0010098,한양증권주식회사,C13,파생상품계약_장내파생상품_주식관련거래,233877670200,국내증권사,B,SF205,각주항목(09.06월 이후)
42090,202412,0010098,한양증권주식회사,C14,파생상품계약_장내파생상품_일반상품관련거래,0,국내증권사,B,SF205,각주항목(09.06월 이후)
42091,202412,0010098,한양증권주식회사,C15,파생상품계약_장내파생상품_기타,0,국내증권사,B,SF205,각주항목(09.06월 이후)
42092,202412,0010098,한양증권주식회사,C2,파생상품계약_장외파생상품,75956387963,국내증권사,B,SF205,각주항목(09.06월 이후)
42093,202412,0010098,한양증권주식회사,C21,파생상품계약_장외파생상품_이자율관련거래,0,국내증권사,B,SF205,각주항목(09.06월 이후)
42094,202412,0010098,한양증권주식회사,C22,파생상품계약_장외파생상품_통화관련거래,0,국내증권사,B,SF205,각주항목(09.06월 이후)
42095,202412,0010098,한양증권주식회사,C23,파생상품계약_장외파생상품_주식관련거래,75956387963,국내증권사,B,SF205,각주항목(09.06월 이후)
42096,202412,0010098,한양증권주식회사,C24,파생상품계약_장외파생상품_신용관련거래,0,국내증권사,B,SF205,각주항목(09.06월 이후)
42097,202412,0010098,한양증권주식회사,C25,파생상품계약_장외파생상품_기타,0,국내증권사,B,SF205,각주항목(09.06월 이후)
42098,202412,0010098,한양증권주식회사,D,대차 및 대주거래,372782602833,국내증권사,B,SF205,각주항목(09.06월 이후)
42099,202412,0010098,한양증권주식회사,D1,대차 및 대주거래_대여증권,0,국내증권사,B,SF205,각주항목(09.06월 이후)
42100,202412,0010098,한양증권주식회사,D2,대차 및 대주거래_차입증권,372782602833,국내증권사,B,SF205,각주항목(09.06월 이후)
42101,202412,0010098,한양증권주식회사,D3,대차 및 대주거래_신용거래대주,0,국내증권사,B,SF205,각주항목(09.06월 이후)
42102,202412,0010098,한양증권주식회사,E,대손상각채권,11354908260,국내증권사,B,SF205,각주항목(09.06월 이후)
42103,202412,0010098,한양증권주식회사,F,환전업무 예치금,0,국내증권사,B,SF205,각주항목(09.06월 이후)
42104,202412,0010098,한양증권주식회사,G,미배당별도예치금,0,국내증권사,B,SF205,각주항목(09.06월 이후)
42105,202412,0010098,한양증권주식회사,H,배서어음매출(종금계정),0,국내증권사,B,SF205,각주항목(09.06월 이후)
42106,202412,0010098,한양증권주식회사,H1,대출채권매매이익_담보부,0,국내증권사,B,SF205,각주항목(09.06월 이후)
42107,202412,0010098,한양증권주식회사,H2,대출채권매매이익_무담보부,0,국내증권사,B,SF205,각주항목(09.06월 이후)
42108,201703,0010110,한화투자증권주식회사,A,채무보증,649650000000,국내증권사,B,SF205,각주항목(09.06월 이후)
42109,201703,0010110,한화투자증권주식회사,A1,채무보증_지급보증,22500000000,국내증권사,B,SF205,각주항목(09.06월 이후)
42110,201703,0010110,한화투자증권주식회사,A2,채무보증_매입보장약정,190100000000,국내증권사,B,SF205,각주항목(09.06월 이후)
42111,201703,0010110,한화투자증권주식회사,A3,채무보증_채무인수약정,0,국내증권사,B,SF205,각주항목(09.06월 이후)
42112,201703,0010110,한화투자증권주식회사,A5,채무보증_매입확약,437050000000,국내증권사,B,SF205,각주항목(09.06월 이후)
42113,201703,0010110,한화투자증권주식회사,A6,채무보증_기타,0,국내증권사,B,SF205,각주항목(09.06월 이후)
42114,201703,0010110,한화투자증권주식회사,B,투자자의 예수증권 등,27323467155268,국내증권사,B,SF205,각주항목(09.06월 이후)
42115,201703,0010110,한화투자증권주식회사,B1,투자자의 예수증권 등_예수 증권,27323467155268,국내증권사,B,SF205,각주항목(09.06월 이후)
42116,201703,0010110,한화투자증권주식회사,B2,투자자의 예수증권 등_예수양도성예금증서,0,국내증권사,B,SF205,각주항목(09.06월 이후)
42117,201703,0010110,한화투자증권주식회사,B3,투자자의 예수증권 등_기타,0,국내증권사,B,SF205,각주항목(09.06월 이후)
42118,201703,0010110,한화투자증권주식회사,C,파생상품계약,31116304108056,국내증권사,B,SF205,각주항목(09.06월 이후)
42119,201703,0010110,한화투자증권주식회사,C1,파생상품계약_장내파생상품,13704716643046,국내증권사,B,SF205,각주항목(09.06월 이후)
42120,201703,0010110,한화투자증권주식회사,C11,파생상품계약_장내파생상품_이자율관련거래,978431568236,국내증권사,B,SF205,각주항목(09.06월 이후)
42121,201703,0010110,한화투자증권주식회사,C12,파생상품계약_장내파생상품_통화관련거래,30104253588,국내증권사,B,SF205,각주항목(09.06월 이후)
42122,201703,0010110,한화투자증권주식회사,C13,파생상품계약_장내파생상품_주식관련거래,12696180821222,국내증권사,B,SF205,각주항목(09.06월 이후)
42123,201703,0010110,한화투자증권주식회사,C14,파생상품계약_장내파생상품_일반상품관련거래,0,국내증권사,B,SF205,각주항목(09.06월 이후)
42124,201703,0010110,한화투자증권주식회사,C15,파생상품계약_장내파생상품_기타,0,국내증권사,B,SF205,각주항목(09.06월 이후)
42125,201703,0010110,한화투자증권주식회사,C2,파생상품계약_장외파생상품,17411587465010,국내증권사,B,SF205,각주항목(09.06월 이후)
42126,201703,0010110,한화투자증권주식회사,C21,파생상품계약_장외파생상품_이자율관련거래,9467521040000,국내증권사,B,SF205,각주항목(09.06월 이후)
42127,201703,0010110,한화투자증권주식회사,C22,파생상품계약_장외파생상품_통화관련거래,2976657575370,국내증권사,B,SF205,각주항목(09.06월 이후)
42128,201703,0010110,한화투자증권주식회사,C23,파생상품계약_장외파생상품_주식관련거래,2779729699650,국내증권사,B,SF205,각주항목(09.06월 이후)
42129,201703,0010110,한화투자증권주식회사,C24,파생상품계약_장외파생상품_신용관련거래,2138957099990,국내증권사,B,SF205,각주항목(09.06월 이후)
42130,201703,0010110,한화투자증권주식회사,C25,파생상품계약_장외파생상품_기타,48722050000,국내증권사,B,SF205,각주항목(09.06월 이후)
42131,201703,0010110,한화투자증권주식회사,D,대차 및 대주거래,521105307420,국내증권사,B,SF205,각주항목(09.06월 이후)
42132,201703,0010110,한화투자증권주식회사,D1,대차 및 대주거래_대여증권,1225153710,국내증권사,B,SF205,각주항목(09.06월 이후)
42133,201703,0010110,한화투자증권주식회사,D2,대차 및 대주거래_차입증권,519880153710,국내증권사,B,SF205,각주항목(09.06월 이후)
42134,201703,0010110,한화투자증권주식회사,D3,대차 및 대주거래_신용거래대주,0,국내증권사,B,SF205,각주항목(09.06월 이후)
42135,201703,0010110,한화투자증권주식회사,E,대손상각채권,0,국내증권사,B,SF205,각주항목(09.06월 이후)
42136,201703,0010110,한화투자증권주식회사,F,환전업무 예치금,109167199,국내증권사,B,SF205,각주항목(09.06월 이후)
42137,201703,0010110,한화투자증권주식회사,G,미배당별도예치금,0,국내증권사,B,SF205,각주항목(09.06월 이후)
42138,201703,0010110,한화투자증권주식회사,H,배서어음매출(종금계정),0,국내증권사,B,SF205,각주항목(09.06월 이후)
42139,201703,0010110,한화투자증권주식회사,H1,대출채권매매이익_담보부,0,국내증권사,B,SF205,각주항목(09.06월 이후)
42140,201703,0010110,한화투자증권주식회사,H2,대출채권매매이익_무담보부,0,국내증권사,B,SF205,각주항목(09.06월 이후)
42141,201706,0010110,한화투자증권주식회사,A,채무보증,807960000000,국내증권사,B,SF205,각주항목(09.06월 이후)
42142,201706,0010110,한화투자증권주식회사,A1,채무보증_지급보증,22500000000,국내증권사,B,SF205,각주항목(09.06월 이후)
42143,201706,0010110,한화투자증권주식회사,A2,채무보증_매입보장약정,187550000000,국내증권사,B,SF205,각주항목(09.06월 이후)
42144,201706,0010110,한화투자증권주식회사,A3,채무보증_채무인수약정,0,국내증권사,B,SF205,각주항목(09.06월 이후)
42145,201706,0010110,한화투자증권주식회사,A5,채무보증_매입확약,597910000000,국내증권사,B,SF205,각주항목(09.06월 이후)
42146,201706,0010110,한화투자증권주식회사,A6,채무보증_기타,0,국내증권사,B,SF205,각주항목(09.06월 이후)
42147,201706,0010110,한화투자증권주식회사,B,투자자의 예수증권 등,30004250822805,국내증권사,B,SF205,각주항목(09.06월 이후)
42148,201706,0010110,한화투자증권주식회사,B1,투자자의 예수증권 등_예수 증권,30004250822805,국내증권사,B,SF205,각주항목(09.06월 이후)
42149,201706,0010110,한화투자증권주식회사,B2,투자자의 예수증권 등_예수양도성예금증서,0,국내증권사,B,SF205,각주항목(09.06월 이후)
42150,201706,0010110,한화투자증권주식회사,B3,투자자의 예수증권 등_기타,0,국내증권사,B,SF205,각주항목(09.06월 이후)
42151,201706,0010110,한화투자증권주식회사,C,파생상품계약,35195898538436,국내증권사,B,SF205,각주항목(09.06월 이후)
42152,201706,0010110,한화투자증권주식회사,C1,파생상품계약_장내파생상품,15912605320541,국내증권사,B,SF205,각주항목(09.06월 이후)
42153,201706,0010110,한화투자증권주식회사,C11,파생상품계약_장내파생상품_이자율관련거래,855355527081,국내증권사,B,SF205,각주항목(09.06월 이후)
42154,201706,0010110,한화투자증권주식회사,C12,파생상품계약_장내파생상품_통화관련거래,73447300738,국내증권사,B,SF205,각주항목(09.06월 이후)
42155,201706,0010110,한화투자증권주식회사,C13,파생상품계약_장내파생상품_주식관련거래,14957668533101,국내증권사,B,SF205,각주항목(09.06월 이후)
42156,201706,0010110,한화투자증권주식회사,C14,파생상품계약_장내파생상품_일반상품관련거래,734540576,국내증권사,B,SF205,각주항목(09.06월 이후)
42157,201706,0010110,한화투자증권주식회사,C15,파생상품계약_장내파생상품_기타,25399419045,국내증권사,B,SF205,각주항목(09.06월 이후)
42158,201706,0010110,한화투자증권주식회사,C2,파생상품계약_장외파생상품,19283293217895,국내증권사,B,SF205,각주항목(09.06월 이후)
42159,201706,0010110,한화투자증권주식회사,C21,파생상품계약_장외파생상품_이자율관련거래,11390922440000,국내증권사,B,SF205,각주항목(09.06월 이후)
42160,201706,0010110,한화투자증권주식회사,C22,파생상품계약_장외파생상품_통화관련거래,3142715273863,국내증권사,B,SF205,각주항목(09.06월 이후)
42161,201706,0010110,한화투자증권주식회사,C23,파생상품계약_장외파생상품_주식관련거래,2655411754042,국내증권사,B,SF205,각주항목(09.06월 이후)
42162,201706,0010110,한화투자증권주식회사,C24,파생상품계약_장외파생상품_신용관련거래,2036045599990,국내증권사,B,SF205,각주항목(09.06월 이후)
42163,201706,0010110,한화투자증권주식회사,C25,파생상품계약_장외파생상품_기타,58198150000,국내증권사,B,SF205,각주항목(09.06월 이후)
42164,201706,0010110,한화투자증권주식회사,D,대차 및 대주거래,779748112767,국내증권사,B,SF205,각주항목(09.06월 이후)
42165,201706,0010110,한화투자증권주식회사,D1,대차 및 대주거래_대여증권,44534599287,국내증권사,B,SF205,각주항목(09.06월 이후)
42166,201706,0010110,한화투자증권주식회사,D2,대차 및 대주거래_차입증권,735213513480,국내증권사,B,SF205,각주항목(09.06월 이후)
42167,201706,0010110,한화투자증권주식회사,D3,대차 및 대주거래_신용거래대주,0,국내증권사,B,SF205,각주항목(09.06월 이후)
42168,201706,0010110,한화투자증권주식회사,E,대손상각채권,0,국내증권사,B,SF205,각주항목(09.06월 이후)
42169,201706,0010110,한화투자증권주식회사,F,환전업무 예치금,112927918,국내증권사,B,SF205,각주항목(09.06월 이후)
42170,201706,0010110,한화투자증권주식회사,G,미배당별도예치금,0,국내증권사,B,SF205,각주항목(09.06월 이후)
42171,201706,0010110,한화투자증권주식회사,H,배서어음매출(종금계정),0,국내증권사,B,SF205,각주항목(09.06월 이후)
42172,201706,0010110,한화투자증권주식회사,H1,대출채권매매이익_담보부,0,국내증권사,B,SF205,각주항목(09.06월 이후)
42173,201706,0010110,한화투자증권주식회사,H2,대출채권매매이익_무담보부,0,국내증권사,B,SF205,각주항목(09.06월 이후)
42174,201709,0010110,한화투자증권주식회사,A,채무보증,779971600000,국내증권사,B,SF205,각주항목(09.06월 이후)
42175,201709,0010110,한화투자증권주식회사,A1,채무보증_지급보증,0,국내증권사,B,SF205,각주항목(09.06월 이후)
42176,201709,0010110,한화투자증권주식회사,A2,채무보증_매입보장약정,146100000000,국내증권사,B,SF205,각주항목(09.06월 이후)
42177,201709,0010110,한화투자증권주식회사,A3,채무보증_채무인수약정,0,국내증권사,B,SF205,각주항목(09.06월 이후)
42178,201709,0010110,한화투자증권주식회사,A5,채무보증_매입확약,633871600000,국내증권사,B,SF205,각주항목(09.06월 이후)
42179,201709,0010110,한화투자증권주식회사,A6,채무보증_기타,0,국내증권사,B,SF205,각주항목(09.06월 이후)
42180,201709,0010110,한화투자증권주식회사,B,투자자의 예수증권 등,29383872681509,국내증권사,B,SF205,각주항목(09.06월 이후)
42181,201709,0010110,한화투자증권주식회사,B1,투자자의 예수증권 등_예수 증권,29383872681509,국내증권사,B,SF205,각주항목(09.06월 이후)
42182,201709,0010110,한화투자증권주식회사,B2,투자자의 예수증권 등_예수양도성예금증서,0,국내증권사,B,SF205,각주항목(09.06월 이후)
42183,201709,0010110,한화투자증권주식회사,B3,투자자의 예수증권 등_기타,0,국내증권사,B,SF205,각주항목(09.06월 이후)
42184,201709,0010110,한화투자증권주식회사,C,파생상품계약,37001067839558,국내증권사,B,SF205,각주항목(09.06월 이후)
42185,201709,0010110,한화투자증권주식회사,C1,파생상품계약_장내파생상품,16526412609857,국내증권사,B,SF205,각주항목(09.06월 이후)
42186,201709,0010110,한화투자증권주식회사,C11,파생상품계약_장내파생상품_이자율관련거래,817736885100,국내증권사,B,SF205,각주항목(09.06월 이후)
42187,201709,0010110,한화투자증권주식회사,C12,파생상품계약_장내파생상품_통화관련거래,7232539775,국내증권사,B,SF205,각주항목(09.06월 이후)
42188,201709,0010110,한화투자증권주식회사,C13,파생상품계약_장내파생상품_주식관련거래,15680821075519,국내증권사,B,SF205,각주항목(09.06월 이후)
42189,201709,0010110,한화투자증권주식회사,C14,파생상품계약_장내파생상품_일반상품관련거래,18636741750,국내증권사,B,SF205,각주항목(09.06월 이후)
42190,201709,0010110,한화투자증권주식회사,C15,파생상품계약_장내파생상품_기타,1985367713,국내증권사,B,SF205,각주항목(09.06월 이후)
42191,201709,0010110,한화투자증권주식회사,C2,파생상품계약_장외파생상품,20474655229701,국내증권사,B,SF205,각주항목(09.06월 이후)
42192,201709,0010110,한화투자증권주식회사,C21,파생상품계약_장외파생상품_이자율관련거래,13514492880000,국내증권사,B,SF205,각주항목(09.06월 이후)
42193,201709,0010110,한화투자증권주식회사,C22,파생상품계약_장외파생상품_통화관련거래,2688562656274,국내증권사,B,SF205,각주항목(09.06월 이후)
42194,201709,0010110,한화투자증권주식회사,C23,파생상품계약_장외파생상품_주식관련거래,2242553123437,국내증권사,B,SF205,각주항목(09.06월 이후)
42195,201709,0010110,한화투자증권주식회사,C24,파생상품계약_장외파생상품_신용관련거래,1973693699990,국내증권사,B,SF205,각주항목(09.06월 이후)
42196,201709,0010110,한화투자증권주식회사,C25,파생상품계약_장외파생상품_기타,55352870000,국내증권사,B,SF205,각주항목(09.06월 이후)
42197,201709,0010110,한화투자증권주식회사,D,대차 및 대주거래,637726060510,국내증권사,B,SF205,각주항목(09.06월 이후)
42198,201709,0010110,한화투자증권주식회사,D1,대차 및 대주거래_대여증권,58379136313,국내증권사,B,SF205,각주항목(09.06월 이후)
42199,201709,0010110,한화투자증권주식회사,D2,대차 및 대주거래_차입증권,579346924197,국내증권사,B,SF205,각주항목(09.06월 이후)
42200,201709,0010110,한화투자증권주식회사,D3,대차 및 대주거래_신용거래대주,0,국내증권사,B,SF205,각주항목(09.06월 이후)
42201,201709,0010110,한화투자증권주식회사,E,대손상각채권,0,국내증권사,B,SF205,각주항목(09.06월 이후)
42202,201709,0010110,한화투자증권주식회사,F,환전업무 예치금,23267914101,국내증권사,B,SF205,각주항목(09.06월 이후)
42203,201709,0010110,한화투자증권주식회사,G,미배당별도예치금,0,국내증권사,B,SF205,각주항목(09.06월 이후)
42204,201709,0010110,한화투자증권주식회사,H,배서어음매출(종금계정),0,국내증권사,B,SF205,각주항목(09.06월 이후)
42205,201709,0010110,한화투자증권주식회사,H1,대출채권매매이익_담보부,0,국내증권사,B,SF205,각주항목(09.06월 이후)
42206,201709,0010110,한화투자증권주식회사,H2,대출채권매매이익_무담보부,0,국내증권사,B,SF205,각주항목(09.06월 이후)
42207,201712,0010110,한화투자증권주식회사,A,채무보증,745889168000,국내증권사,B,SF205,각주항목(09.06월 이후)
42208,201712,0010110,한화투자증권주식회사,A1,채무보증_지급보증,0,국내증권사,B,SF205,각주항목(09.06월 이후)
42209,201712,0010110,한화투자증권주식회사,A2,채무보증_매입보장약정,138450000000,국내증권사,B,SF205,각주항목(09.06월 이후)
42210,201712,0010110,한화투자증권주식회사,A3,채무보증_채무인수약정,0,국내증권사,B,SF205,각주항목(09.06월 이후)
42211,201712,0010110,한화투자증권주식회사,A5,채무보증_매입확약,607439168000,국내증권사,B,SF205,각주항목(09.06월 이후)
42212,201712,0010110,한화투자증권주식회사,A6,채무보증_기타,0,국내증권사,B,SF205,각주항목(09.06월 이후)
42213,201712,0010110,한화투자증권주식회사,B,투자자의 예수증권 등,29717037129160,국내증권사,B,SF205,각주항목(09.06월 이후)
42214,201712,0010110,한화투자증권주식회사,B1,투자자의 예수증권 등_예수 증권,29717037129160,국내증권사,B,SF205,각주항목(09.06월 이후)
42215,201712,0010110,한화투자증권주식회사,B2,투자자의 예수증권 등_예수양도성예금증서,0,국내증권사,B,SF205,각주항목(09.06월 이후)
42216,201712,0010110,한화투자증권주식회사,B3,투자자의 예수증권 등_기타,0,국내증권사,B,SF205,각주항목(09.06월 이후)
42217,201712,0010110,한화투자증권주식회사,C,파생상품계약,34254917426659,국내증권사,B,SF205,각주항목(09.06월 이후)
42218,201712,0010110,한화투자증권주식회사,C1,파생상품계약_장내파생상품,13532211025617,국내증권사,B,SF205,각주항목(09.06월 이후)
42219,201712,0010110,한화투자증권주식회사,C11,파생상품계약_장내파생상품_이자율관련거래,532488366049,국내증권사,B,SF205,각주항목(09.06월 이후)
42220,201712,0010110,한화투자증권주식회사,C12,파생상품계약_장내파생상품_통화관련거래,25295461080,국내증권사,B,SF205,각주항목(09.06월 이후)
42221,201712,0010110,한화투자증권주식회사,C13,파생상품계약_장내파생상품_주식관련거래,12923038831640,국내증권사,B,SF205,각주항목(09.06월 이후)
42222,201712,0010110,한화투자증권주식회사,C14,파생상품계약_장내파생상품_일반상품관련거래,48449818368,국내증권사,B,SF205,각주항목(09.06월 이후)
42223,201712,0010110,한화투자증권주식회사,C15,파생상품계약_장내파생상품_기타,2938548480,국내증권사,B,SF205,각주항목(09.06월 이후)
42224,201712,0010110,한화투자증권주식회사,C2,파생상품계약_장외파생상품,20722706401042,국내증권사,B,SF205,각주항목(09.06월 이후)
42225,201712,0010110,한화투자증권주식회사,C21,파생상품계약_장외파생상품_이자율관련거래,14728440600000,국내증권사,B,SF205,각주항목(09.06월 이후)
42226,201712,0010110,한화투자증권주식회사,C22,파생상품계약_장외파생상품_통화관련거래,2792700071562,국내증권사,B,SF205,각주항목(09.06월 이후)
42227,201712,0010110,한화투자증권주식회사,C23,파생상품계약_장외파생상품_주식관련거래,1228477629490,국내증권사,B,SF205,각주항목(09.06월 이후)
42228,201712,0010110,한화투자증권주식회사,C24,파생상품계약_장외파생상품_신용관련거래,1944251399990,국내증권사,B,SF205,각주항목(09.06월 이후)
42229,201712,0010110,한화투자증권주식회사,C25,파생상품계약_장외파생상품_기타,28836700000,국내증권사,B,SF205,각주항목(09.06월 이후)
42230,201712,0010110,한화투자증권주식회사,D,대차 및 대주거래,636898990662,국내증권사,B,SF205,각주항목(09.06월 이후)
42231,201712,0010110,한화투자증권주식회사,D1,대차 및 대주거래_대여증권,45219663360,국내증권사,B,SF205,각주항목(09.06월 이후)
42232,201712,0010110,한화투자증권주식회사,D2,대차 및 대주거래_차입증권,591679327302,국내증권사,B,SF205,각주항목(09.06월 이후)
42233,201712,0010110,한화투자증권주식회사,D3,대차 및 대주거래_신용거래대주,0,국내증권사,B,SF205,각주항목(09.06월 이후)
42234,201712,0010110,한화투자증권주식회사,E,대손상각채권,0,국내증권사,B,SF205,각주항목(09.06월 이후)
42235,201712,0010110,한화투자증권주식회사,F,환전업무 예치금,368946912,국내증권사,B,SF205,각주항목(09.06월 이후)
42236,201712,0010110,한화투자증권주식회사,G,미배당별도예치금,0,국내증권사,B,SF205,각주항목(09.06월 이후)
42237,201712,0010110,한화투자증권주식회사,H,배서어음매출(종금계정),0,국내증권사,B,SF205,각주항목(09.06월 이후)
42238,201712,0010110,한화투자증권주식회사,H1,대출채권매매이익_담보부,0,국내증권사,B,SF205,각주항목(09.06월 이후)
42239,201712,0010110,한화투자증권주식회사,H2,대출채권매매이익_무담보부,0,국내증권사,B,SF205,각주항목(09.06월 이후)
42240,201803,0010110,한화투자증권주식회사,A,채무보증,772639168000,국내증권사,B,SF205,각주항목(09.06월 이후)
42241,201803,0010110,한화투자증권주식회사,A1,채무보증_지급보증,0,국내증권사,B,SF205,각주항목(09.06월 이후)
42242,201803,0010110,한화투자증권주식회사,A2,채무보증_매입보장약정,122200000000,국내증권사,B,SF205,각주항목(09.06월 이후)
42243,201803,0010110,한화투자증권주식회사,A3,채무보증_채무인수약정,0,국내증권사,B,SF205,각주항목(09.06월 이후)
42244,201803,0010110,한화투자증권주식회사,A5,채무보증_매입확약,650439168000,국내증권사,B,SF205,각주항목(09.06월 이후)
42245,201803,0010110,한화투자증권주식회사,A6,채무보증_기타,0,국내증권사,B,SF205,각주항목(09.06월 이후)
42246,201803,0010110,한화투자증권주식회사,B,투자자의 예수증권 등,30954270116486,국내증권사,B,SF205,각주항목(09.06월 이후)
42247,201803,0010110,한화투자증권주식회사,B1,투자자의 예수증권 등_예수 증권,30954270116486,국내증권사,B,SF205,각주항목(09.06월 이후)
42248,201803,0010110,한화투자증권주식회사,B2,투자자의 예수증권 등_예수양도성예금증서,0,국내증권사,B,SF205,각주항목(09.06월 이후)
42249,201803,0010110,한화투자증권주식회사,B3,투자자의 예수증권 등_기타,0,국내증권사,B,SF205,각주항목(09.06월 이후)
42250,201803,0010110,한화투자증권주식회사,C,파생상품계약,27736449135435,국내증권사,B,SF205,각주항목(09.06월 이후)
42251,201803,0010110,한화투자증권주식회사,C1,파생상품계약_장내파생상품,9305727257963,국내증권사,B,SF205,각주항목(09.06월 이후)
42252,201803,0010110,한화투자증권주식회사,C11,파생상품계약_장내파생상품_이자율관련거래,808892083633,국내증권사,B,SF205,각주항목(09.06월 이후)
42253,201803,0010110,한화투자증권주식회사,C12,파생상품계약_장내파생상품_통화관련거래,44973177025,국내증권사,B,SF205,각주항목(09.06월 이후)
42254,201803,0010110,한화투자증권주식회사,C13,파생상품계약_장내파생상품_주식관련거래,8265081823769,국내증권사,B,SF205,각주항목(09.06월 이후)
42255,201803,0010110,한화투자증권주식회사,C14,파생상품계약_장내파생상품_일반상품관련거래,0,국내증권사,B,SF205,각주항목(09.06월 이후)
42256,201803,0010110,한화투자증권주식회사,C15,파생상품계약_장내파생상품_기타,186780173536,국내증권사,B,SF205,각주항목(09.06월 이후)
42257,201803,0010110,한화투자증권주식회사,C2,파생상품계약_장외파생상품,18430721877472,국내증권사,B,SF205,각주항목(09.06월 이후)
42258,201803,0010110,한화투자증권주식회사,C21,파생상품계약_장외파생상품_이자율관련거래,13009760000000,국내증권사,B,SF205,각주항목(09.06월 이후)
42259,201803,0010110,한화투자증권주식회사,C22,파생상품계약_장외파생상품_통화관련거래,2739121949383,국내증권사,B,SF205,각주항목(09.06월 이후)
42260,201803,0010110,한화투자증권주식회사,C23,파생상품계약_장외파생상품_주식관련거래,1133503728089,국내증권사,B,SF205,각주항목(09.06월 이후)
42261,201803,0010110,한화투자증권주식회사,C24,파생상품계약_장외파생상품_신용관련거래,1534610000000,국내증권사,B,SF205,각주항목(09.06월 이후)
42262,201803,0010110,한화투자증권주식회사,C25,파생상품계약_장외파생상품_기타,13726200000,국내증권사,B,SF205,각주항목(09.06월 이후)
42263,201803,0010110,한화투자증권주식회사,D,대차 및 대주거래,586148500826,국내증권사,B,SF205,각주항목(09.06월 이후)
42264,201803,0010110,한화투자증권주식회사,D1,대차 및 대주거래_대여증권,108707711528,국내증권사,B,SF205,각주항목(09.06월 이후)
42265,201803,0010110,한화투자증권주식회사,D2,대차 및 대주거래_차입증권,477440789298,국내증권사,B,SF205,각주항목(09.06월 이후)
42266,201803,0010110,한화투자증권주식회사,D3,대차 및 대주거래_신용거래대주,0,국내증권사,B,SF205,각주항목(09.06월 이후)
42267,201803,0010110,한화투자증권주식회사,E,대손상각채권,0,국내증권사,B,SF205,각주항목(09.06월 이후)
42268,201803,0010110,한화투자증권주식회사,F,환전업무 예치금,64957861,국내증권사,B,SF205,각주항목(09.06월 이후)
42269,201803,0010110,한화투자증권주식회사,G,미배당별도예치금,0,국내증권사,B,SF205,각주항목(09.06월 이후)
42270,201803,0010110,한화투자증권주식회사,H,배서어음매출(종금계정),0,국내증권사,B,SF205,각주항목(09.06월 이후)
42271,201803,0010110,한화투자증권주식회사,H1,대출채권매매이익_담보부,0,국내증권사,B,SF205,각주항목(09.06월 이후)
42272,201803,0010110,한화투자증권주식회사,H2,대출채권매매이익_무담보부,0,국내증권사,B,SF205,각주항목(09.06월 이후)
42273,201806,0010110,한화투자증권주식회사,A,채무보증,776289168000,국내증권사,B,SF205,각주항목(09.06월 이후)
42274,201806,0010110,한화투자증권주식회사,A1,채무보증_지급보증,0,국내증권사,B,SF205,각주항목(09.06월 이후)
42275,201806,0010110,한화투자증권주식회사,A2,채무보증_매입보장약정,82200000000,국내증권사,B,SF205,각주항목(09.06월 이후)
42276,201806,0010110,한화투자증권주식회사,A3,채무보증_채무인수약정,0,국내증권사,B,SF205,각주항목(09.06월 이후)
42277,201806,0010110,한화투자증권주식회사,A5,채무보증_매입확약,694089168000,국내증권사,B,SF205,각주항목(09.06월 이후)
42278,201806,0010110,한화투자증권주식회사,A6,채무보증_기타,0,국내증권사,B,SF205,각주항목(09.06월 이후)
42279,201806,0010110,한화투자증권주식회사,B,투자자의 예수증권 등,30402882410397,국내증권사,B,SF205,각주항목(09.06월 이후)
42280,201806,0010110,한화투자증권주식회사,B1,투자자의 예수증권 등_예수 증권,30402882410397,국내증권사,B,SF205,각주항목(09.06월 이후)
42281,201806,0010110,한화투자증권주식회사,B2,투자자의 예수증권 등_예수양도성예금증서,0,국내증권사,B,SF205,각주항목(09.06월 이후)
42282,201806,0010110,한화투자증권주식회사,B3,투자자의 예수증권 등_기타,0,국내증권사,B,SF205,각주항목(09.06월 이후)
42283,201806,0010110,한화투자증권주식회사,C,파생상품계약,27773779367189,국내증권사,B,SF205,각주항목(09.06월 이후)
42284,201806,0010110,한화투자증권주식회사,C1,파생상품계약_장내파생상품,10024216458859,국내증권사,B,SF205,각주항목(09.06월 이후)
42285,201806,0010110,한화투자증권주식회사,C11,파생상품계약_장내파생상품_이자율관련거래,550551574579,국내증권사,B,SF205,각주항목(09.06월 이후)
42286,201806,0010110,한화투자증권주식회사,C12,파생상품계약_장내파생상품_통화관련거래,49797012992,국내증권사,B,SF205,각주항목(09.06월 이후)
42287,201806,0010110,한화투자증권주식회사,C13,파생상품계약_장내파생상품_주식관련거래,9168776511869,국내증권사,B,SF205,각주항목(09.06월 이후)
42288,201806,0010110,한화투자증권주식회사,C14,파생상품계약_장내파생상품_일반상품관련거래,0,국내증권사,B,SF205,각주항목(09.06월 이후)
42289,201806,0010110,한화투자증권주식회사,C15,파생상품계약_장내파생상품_기타,255091359419,국내증권사,B,SF205,각주항목(09.06월 이후)
42290,201806,0010110,한화투자증권주식회사,C2,파생상품계약_장외파생상품,17749562908330,국내증권사,B,SF205,각주항목(09.06월 이후)
42291,201806,0010110,한화투자증권주식회사,C21,파생상품계약_장외파생상품_이자율관련거래,11024936080000,국내증권사,B,SF205,각주항목(09.06월 이후)
42292,201806,0010110,한화투자증권주식회사,C22,파생상품계약_장외파생상품_통화관련거래,3860844590229,국내증권사,B,SF205,각주항목(09.06월 이후)
42293,201806,0010110,한화투자증권주식회사,C23,파생상품계약_장외파생상품_주식관련거래,1087188038101,국내증권사,B,SF205,각주항목(09.06월 이후)
42294,201806,0010110,한화투자증권주식회사,C24,파생상품계약_장외파생상품_신용관련거래,1765730000000,국내증권사,B,SF205,각주항목(09.06월 이후)
42295,201806,0010110,한화투자증권주식회사,C25,파생상품계약_장외파생상품_기타,10864200000,국내증권사,B,SF205,각주항목(09.06월 이후)
42296,201806,0010110,한화투자증권주식회사,D,대차 및 대주거래,651753038761,국내증권사,B,SF205,각주항목(09.06월 이후)
42297,201806,0010110,한화투자증권주식회사,D1,대차 및 대주거래_대여증권,152278383620,국내증권사,B,SF205,각주항목(09.06월 이후)
42298,201806,0010110,한화투자증권주식회사,D2,대차 및 대주거래_차입증권,499474655141,국내증권사,B,SF205,각주항목(09.06월 이후)
42299,201806,0010110,한화투자증권주식회사,D3,대차 및 대주거래_신용거래대주,0,국내증권사,B,SF205,각주항목(09.06월 이후)
42300,201806,0010110,한화투자증권주식회사,E,대손상각채권,0,국내증권사,B,SF205,각주항목(09.06월 이후)
42301,201806,0010110,한화투자증권주식회사,F,환전업무 예치금,12319383596,국내증권사,B,SF205,각주항목(09.06월 이후)
42302,201806,0010110,한화투자증권주식회사,G,미배당별도예치금,0,국내증권사,B,SF205,각주항목(09.06월 이후)
42303,201806,0010110,한화투자증권주식회사,H,배서어음매출(종금계정),0,국내증권사,B,SF205,각주항목(09.06월 이후)
42304,201806,0010110,한화투자증권주식회사,H1,대출채권매매이익_담보부,0,국내증권사,B,SF205,각주항목(09.06월 이후)
42305,201806,0010110,한화투자증권주식회사,H2,대출채권매매이익_무담보부,0,국내증권사,B,SF205,각주항목(09.06월 이후)
42306,201809,0010110,한화투자증권주식회사,A,채무보증,734474168000,국내증권사,B,SF205,각주항목(09.06월 이후)
42307,201809,0010110,한화투자증권주식회사,A1,채무보증_지급보증,0,국내증권사,B,SF205,각주항목(09.06월 이후)
42308,201809,0010110,한화투자증권주식회사,A2,채무보증_매입보장약정,100900000000,국내증권사,B,SF205,각주항목(09.06월 이후)
42309,201809,0010110,한화투자증권주식회사,A3,채무보증_채무인수약정,0,국내증권사,B,SF205,각주항목(09.06월 이후)
42310,201809,0010110,한화투자증권주식회사,A5,채무보증_매입확약,633574168000,국내증권사,B,SF205,각주항목(09.06월 이후)
42311,201809,0010110,한화투자증권주식회사,A6,채무보증_기타,0,국내증권사,B,SF205,각주항목(09.06월 이후)
42312,201809,0010110,한화투자증권주식회사,B,투자자의 예수증권 등,31542121887630,국내증권사,B,SF205,각주항목(09.06월 이후)
42313,201809,0010110,한화투자증권주식회사,B1,투자자의 예수증권 등_예수 증권,31542121887630,국내증권사,B,SF205,각주항목(09.06월 이후)
42314,201809,0010110,한화투자증권주식회사,B2,투자자의 예수증권 등_예수양도성예금증서,0,국내증권사,B,SF205,각주항목(09.06월 이후)
42315,201809,0010110,한화투자증권주식회사,B3,투자자의 예수증권 등_기타,0,국내증권사,B,SF205,각주항목(09.06월 이후)
42316,201809,0010110,한화투자증권주식회사,C,파생상품계약,21548698447251,국내증권사,B,SF205,각주항목(09.06월 이후)
42317,201809,0010110,한화투자증권주식회사,C1,파생상품계약_장내파생상품,7222890506952,국내증권사,B,SF205,각주항목(09.06월 이후)
42318,201809,0010110,한화투자증권주식회사,C11,파생상품계약_장내파생상품_이자율관련거래,609408123425,국내증권사,B,SF205,각주항목(09.06월 이후)
42319,201809,0010110,한화투자증권주식회사,C12,파생상품계약_장내파생상품_통화관련거래,51122821565,국내증권사,B,SF205,각주항목(09.06월 이후)
42320,201809,0010110,한화투자증권주식회사,C13,파생상품계약_장내파생상품_주식관련거래,4805952569790,국내증권사,B,SF205,각주항목(09.06월 이후)
42321,201809,0010110,한화투자증권주식회사,C14,파생상품계약_장내파생상품_일반상품관련거래,1498751265000,국내증권사,B,SF205,각주항목(09.06월 이후)
42322,201809,0010110,한화투자증권주식회사,C15,파생상품계약_장내파생상품_기타,257655727172,국내증권사,B,SF205,각주항목(09.06월 이후)
42323,201809,0010110,한화투자증권주식회사,C2,파생상품계약_장외파생상품,14325807940299,국내증권사,B,SF205,각주항목(09.06월 이후)
42324,201809,0010110,한화투자증권주식회사,C21,파생상품계약_장외파생상품_이자율관련거래,8944498480000,국내증권사,B,SF205,각주항목(09.06월 이후)
42325,201809,0010110,한화투자증권주식회사,C22,파생상품계약_장외파생상품_통화관련거래,3198406104948,국내증권사,B,SF205,각주항목(09.06월 이후)
42326,201809,0010110,한화투자증권주식회사,C23,파생상품계약_장외파생상품_주식관련거래,1109569655351,국내증권사,B,SF205,각주항목(09.06월 이후)
42327,201809,0010110,한화투자증권주식회사,C24,파생상품계약_장외파생상품_신용관련거래,1063030000000,국내증권사,B,SF205,각주항목(09.06월 이후)
42328,201809,0010110,한화투자증권주식회사,C25,파생상품계약_장외파생상품_기타,10303700000,국내증권사,B,SF205,각주항목(09.06월 이후)
42329,201809,0010110,한화투자증권주식회사,D,대차 및 대주거래,724546229707,국내증권사,B,SF205,각주항목(09.06월 이후)
42330,201809,0010110,한화투자증권주식회사,D1,대차 및 대주거래_대여증권,170525953242,국내증권사,B,SF205,각주항목(09.06월 이후)
42331,201809,0010110,한화투자증권주식회사,D2,대차 및 대주거래_차입증권,554020276465,국내증권사,B,SF205,각주항목(09.06월 이후)
42332,201809,0010110,한화투자증권주식회사,D3,대차 및 대주거래_신용거래대주,0,국내증권사,B,SF205,각주항목(09.06월 이후)
42333,201809,0010110,한화투자증권주식회사,E,대손상각채권,0,국내증권사,B,SF205,각주항목(09.06월 이후)
42334,201809,0010110,한화투자증권주식회사,F,환전업무 예치금,2336856970,국내증권사,B,SF205,각주항목(09.06월 이후)
42335,201809,0010110,한화투자증권주식회사,G,미배당별도예치금,0,국내증권사,B,SF205,각주항목(09.06월 이후)
42336,201809,0010110,한화투자증권주식회사,H,배서어음매출(종금계정),0,국내증권사,B,SF205,각주항목(09.06월 이후)
42337,201809,0010110,한화투자증권주식회사,H1,대출채권매매이익_담보부,0,국내증권사,B,SF205,각주항목(09.06월 이후)
42338,201809,0010110,한화투자증권주식회사,H2,대출채권매매이익_무담보부,0,국내증권사,B,SF205,각주항목(09.06월 이후)
42339,201812,0010110,한화투자증권주식회사,A,채무보증,610065000000,국내증권사,B,SF205,각주항목(09.06월 이후)
42340,201812,0010110,한화투자증권주식회사,A1,채무보증_지급보증,0,국내증권사,B,SF205,각주항목(09.06월 이후)
42341,201812,0010110,한화투자증권주식회사,A2,채무보증_매입보장약정,80900000000,국내증권사,B,SF205,각주항목(09.06월 이후)
42342,201812,0010110,한화투자증권주식회사,A3,채무보증_채무인수약정,0,국내증권사,B,SF205,각주항목(09.06월 이후)
42343,201812,0010110,한화투자증권주식회사,A5,채무보증_매입확약,529165000000,국내증권사,B,SF205,각주항목(09.06월 이후)
42344,201812,0010110,한화투자증권주식회사,A6,채무보증_기타,0,국내증권사,B,SF205,각주항목(09.06월 이후)
42345,201812,0010110,한화투자증권주식회사,B,투자자의 예수증권 등,29810117847713,국내증권사,B,SF205,각주항목(09.06월 이후)
42346,201812,0010110,한화투자증권주식회사,B1,투자자의 예수증권 등_예수 증권,29810117847713,국내증권사,B,SF205,각주항목(09.06월 이후)
42347,201812,0010110,한화투자증권주식회사,B2,투자자의 예수증권 등_예수양도성예금증서,0,국내증권사,B,SF205,각주항목(09.06월 이후)
42348,201812,0010110,한화투자증권주식회사,B3,투자자의 예수증권 등_기타,0,국내증권사,B,SF205,각주항목(09.06월 이후)
42349,201812,0010110,한화투자증권주식회사,C,파생상품계약,17735044928896,국내증권사,B,SF205,각주항목(09.06월 이후)
42350,201812,0010110,한화투자증권주식회사,C1,파생상품계약_장내파생상품,5357186754061,국내증권사,B,SF205,각주항목(09.06월 이후)
42351,201812,0010110,한화투자증권주식회사,C11,파생상품계약_장내파생상품_이자율관련거래,379351241845,국내증권사,B,SF205,각주항목(09.06월 이후)
42352,201812,0010110,한화투자증권주식회사,C12,파생상품계약_장내파생상품_통화관련거래,19046007885,국내증권사,B,SF205,각주항목(09.06월 이후)
42353,201812,0010110,한화투자증권주식회사,C13,파생상품계약_장내파생상품_주식관련거래,4492804439331,국내증권사,B,SF205,각주항목(09.06월 이후)
42354,201812,0010110,한화투자증권주식회사,C14,파생상품계약_장내파생상품_일반상품관련거래,0,국내증권사,B,SF205,각주항목(09.06월 이후)
42355,201812,0010110,한화투자증권주식회사,C15,파생상품계약_장내파생상품_기타,465985065000,국내증권사,B,SF205,각주항목(09.06월 이후)
42356,201812,0010110,한화투자증권주식회사,C2,파생상품계약_장외파생상품,12377858174835,국내증권사,B,SF205,각주항목(09.06월 이후)
42357,201812,0010110,한화투자증권주식회사,C21,파생상품계약_장외파생상품_이자율관련거래,7642297140000,국내증권사,B,SF205,각주항목(09.06월 이후)
42358,201812,0010110,한화투자증권주식회사,C22,파생상품계약_장외파생상품_통화관련거래,3453700989996,국내증권사,B,SF205,각주항목(09.06월 이후)
42359,201812,0010110,한화투자증권주식회사,C23,파생상품계약_장외파생상품_주식관련거래,203475944839,국내증권사,B,SF205,각주항목(09.06월 이후)
42360,201812,0010110,한화투자증권주식회사,C24,파생상품계약_장외파생상품_신용관련거래,1064650000000,국내증권사,B,SF205,각주항목(09.06월 이후)
42361,201812,0010110,한화투자증권주식회사,C25,파생상품계약_장외파생상품_기타,13734100000,국내증권사,B,SF205,각주항목(09.06월 이후)
42362,201812,0010110,한화투자증권주식회사,D,대차 및 대주거래,767616104971,국내증권사,B,SF205,각주항목(09.06월 이후)
42363,201812,0010110,한화투자증권주식회사,D1,대차 및 대주거래_대여증권,182387437623,국내증권사,B,SF205,각주항목(09.06월 이후)
42364,201812,0010110,한화투자증권주식회사,D2,대차 및 대주거래_차입증권,585228667348,국내증권사,B,SF205,각주항목(09.06월 이후)
42365,201812,0010110,한화투자증권주식회사,D3,대차 및 대주거래_신용거래대주,0,국내증권사,B,SF205,각주항목(09.06월 이후)
42366,201812,0010110,한화투자증권주식회사,E,대손상각채권,0,국내증권사,B,SF205,각주항목(09.06월 이후)
42367,201812,0010110,한화투자증권주식회사,F,환전업무 예치금,2725996848,국내증권사,B,SF205,각주항목(09.06월 이후)
42368,201812,0010110,한화투자증권주식회사,G,미배당별도예치금,0,국내증권사,B,SF205,각주항목(09.06월 이후)
42369,201812,0010110,한화투자증권주식회사,H,배서어음매출(종금계정),0,국내증권사,B,SF205,각주항목(09.06월 이후)
42370,201812,0010110,한화투자증권주식회사,H1,대출채권매매이익_담보부,0,국내증권사,B,SF205,각주항목(09.06월 이후)
42371,201812,0010110,한화투자증권주식회사,H2,대출채권매매이익_무담보부,0,국내증권사,B,SF205,각주항목(09.06월 이후)
42372,201903,0010110,한화투자증권주식회사,A,채무보증,789703177961,국내증권사,B,SF205,각주항목(09.06월 이후)
42373,201903,0010110,한화투자증권주식회사,A1,채무보증_지급보증,0,국내증권사,B,SF205,각주항목(09.06월 이후)
42374,201903,0010110,한화투자증권주식회사,A2,채무보증_매입보장약정,40200000000,국내증권사,B,SF205,각주항목(09.06월 이후)
42375,201903,0010110,한화투자증권주식회사,A3,채무보증_채무인수약정,0,국내증권사,B,SF205,각주항목(09.06월 이후)
42376,201903,0010110,한화투자증권주식회사,A5,채무보증_매입확약,749503177961,국내증권사,B,SF205,각주항목(09.06월 이후)
42377,201903,0010110,한화투자증권주식회사,A6,채무보증_기타,0,국내증권사,B,SF205,각주항목(09.06월 이후)
42378,201903,0010110,한화투자증권주식회사,B,투자자의 예수증권 등,30618889190080,국내증권사,B,SF205,각주항목(09.06월 이후)
42379,201903,0010110,한화투자증권주식회사,B1,투자자의 예수증권 등_예수 증권,30618889190080,국내증권사,B,SF205,각주항목(09.06월 이후)
42380,201903,0010110,한화투자증권주식회사,B2,투자자의 예수증권 등_예수양도성예금증서,0,국내증권사,B,SF205,각주항목(09.06월 이후)
42381,201903,0010110,한화투자증권주식회사,B3,투자자의 예수증권 등_기타,0,국내증권사,B,SF205,각주항목(09.06월 이후)
42382,201903,0010110,한화투자증권주식회사,C,파생상품계약,16113483091003,국내증권사,B,SF205,각주항목(09.06월 이후)
42383,201903,0010110,한화투자증권주식회사,C1,파생상품계약_장내파생상품,4354444983491,국내증권사,B,SF205,각주항목(09.06월 이후)
42384,201903,0010110,한화투자증권주식회사,C11,파생상품계약_장내파생상품_이자율관련거래,533730422696,국내증권사,B,SF205,각주항목(09.06월 이후)
42385,201903,0010110,한화투자증권주식회사,C12,파생상품계약_장내파생상품_통화관련거래,42915138398,국내증권사,B,SF205,각주항목(09.06월 이후)
42386,201903,0010110,한화투자증권주식회사,C13,파생상품계약_장내파생상품_주식관련거래,3204108602397,국내증권사,B,SF205,각주항목(09.06월 이후)
42387,201903,0010110,한화투자증권주식회사,C14,파생상품계약_장내파생상품_일반상품관련거래,0,국내증권사,B,SF205,각주항목(09.06월 이후)
42388,201903,0010110,한화투자증권주식회사,C15,파생상품계약_장내파생상품_기타,573690820000,국내증권사,B,SF205,각주항목(09.06월 이후)
42389,201903,0010110,한화투자증권주식회사,C2,파생상품계약_장외파생상품,11759038107512,국내증권사,B,SF205,각주항목(09.06월 이후)
42390,201903,0010110,한화투자증권주식회사,C21,파생상품계약_장외파생상품_이자율관련거래,7084901308884,국내증권사,B,SF205,각주항목(09.06월 이후)
42391,201903,0010110,한화투자증권주식회사,C22,파생상품계약_장외파생상품_통화관련거래,3364630447929,국내증권사,B,SF205,각주항목(09.06월 이후)
42392,201903,0010110,한화투자증권주식회사,C23,파생상품계약_장외파생상품_주식관련거래,236596434839,국내증권사,B,SF205,각주항목(09.06월 이후)
42393,201903,0010110,한화투자증권주식회사,C24,파생상품계약_장외파생상품_신용관련거래,1050040000000,국내증권사,B,SF205,각주항목(09.06월 이후)
42394,201903,0010110,한화투자증권주식회사,C25,파생상품계약_장외파생상품_기타,22869915860,국내증권사,B,SF205,각주항목(09.06월 이후)
42395,201903,0010110,한화투자증권주식회사,D,대차 및 대주거래,753992632988,국내증권사,B,SF205,각주항목(09.06월 이후)
42396,201903,0010110,한화투자증권주식회사,D1,대차 및 대주거래_대여증권,223554352649,국내증권사,B,SF205,각주항목(09.06월 이후)
42397,201903,0010110,한화투자증권주식회사,D2,대차 및 대주거래_차입증권,530438280339,국내증권사,B,SF205,각주항목(09.06월 이후)
42398,201903,0010110,한화투자증권주식회사,D3,대차 및 대주거래_신용거래대주,0,국내증권사,B,SF205,각주항목(09.06월 이후)
42399,201903,0010110,한화투자증권주식회사,E,대손상각채권,0,국내증권사,B,SF205,각주항목(09.06월 이후)
42400,201903,0010110,한화투자증권주식회사,F,환전업무 예치금,0,국내증권사,B,SF205,각주항목(09.06월 이후)
42401,201903,0010110,한화투자증권주식회사,G,미배당별도예치금,0,국내증권사,B,SF205,각주항목(09.06월 이후)
42402,201903,0010110,한화투자증권주식회사,H,배서어음매출(종금계정),0,국내증권사,B,SF205,각주항목(09.06월 이후)
42403,201903,0010110,한화투자증권주식회사,H1,대출채권매매이익_담보부,0,국내증권사,B,SF205,각주항목(09.06월 이후)
42404,201903,0010110,한화투자증권주식회사,H2,대출채권매매이익_무담보부,0,국내증권사,B,SF205,각주항목(09.06월 이후)
42405,201906,0010110,한화투자증권주식회사,A,채무보증,810785261596,국내증권사,B,SF205,각주항목(09.06월 이후)
42406,201906,0010110,한화투자증권주식회사,A1,채무보증_지급보증,0,국내증권사,B,SF205,각주항목(09.06월 이후)
42407,201906,0010110,한화투자증권주식회사,A2,채무보증_매입보장약정,40100000000,국내증권사,B,SF205,각주항목(09.06월 이후)
42408,201906,0010110,한화투자증권주식회사,A3,채무보증_채무인수약정,0,국내증권사,B,SF205,각주항목(09.06월 이후)
42409,201906,0010110,한화투자증권주식회사,A5,채무보증_매입확약,770685261596,국내증권사,B,SF205,각주항목(09.06월 이후)
42410,201906,0010110,한화투자증권주식회사,A6,채무보증_기타,0,국내증권사,B,SF205,각주항목(09.06월 이후)
42411,201906,0010110,한화투자증권주식회사,B,투자자의 예수증권 등,32498293169059,국내증권사,B,SF205,각주항목(09.06월 이후)
42412,201906,0010110,한화투자증권주식회사,B1,투자자의 예수증권 등_예수 증권,32498293169059,국내증권사,B,SF205,각주항목(09.06월 이후)
42413,201906,0010110,한화투자증권주식회사,B2,투자자의 예수증권 등_예수양도성예금증서,0,국내증권사,B,SF205,각주항목(09.06월 이후)
42414,201906,0010110,한화투자증권주식회사,B3,투자자의 예수증권 등_기타,0,국내증권사,B,SF205,각주항목(09.06월 이후)
42415,201906,0010110,한화투자증권주식회사,C,파생상품계약,15775449999739,국내증권사,B,SF205,각주항목(09.06월 이후)
42416,201906,0010110,한화투자증권주식회사,C1,파생상품계약_장내파생상품,4433752624565,국내증권사,B,SF205,각주항목(09.06월 이후)
42417,201906,0010110,한화투자증권주식회사,C11,파생상품계약_장내파생상품_이자율관련거래,756095120187,국내증권사,B,SF205,각주항목(09.06월 이후)
42418,201906,0010110,한화투자증권주식회사,C12,파생상품계약_장내파생상품_통화관련거래,40237721500,국내증권사,B,SF205,각주항목(09.06월 이후)
42419,201906,0010110,한화투자증권주식회사,C13,파생상품계약_장내파생상품_주식관련거래,2743921952878,국내증권사,B,SF205,각주항목(09.06월 이후)
42420,201906,0010110,한화투자증권주식회사,C14,파생상품계약_장내파생상품_일반상품관련거래,0,국내증권사,B,SF205,각주항목(09.06월 이후)
42421,201906,0010110,한화투자증권주식회사,C15,파생상품계약_장내파생상품_기타,893497830000,국내증권사,B,SF205,각주항목(09.06월 이후)
42422,201906,0010110,한화투자증권주식회사,C2,파생상품계약_장외파생상품,11341697375174,국내증권사,B,SF205,각주항목(09.06월 이후)
42423,201906,0010110,한화투자증권주식회사,C21,파생상품계약_장외파생상품_이자율관련거래,6453294580000,국내증권사,B,SF205,각주항목(09.06월 이후)
42424,201906,0010110,한화투자증권주식회사,C22,파생상품계약_장외파생상품_통화관련거래,3375241954340,국내증권사,B,SF205,각주항목(09.06월 이후)
42425,201906,0010110,한화투자증권주식회사,C23,파생상품계약_장외파생상품_주식관련거래,284243874674,국내증권사,B,SF205,각주항목(09.06월 이후)
42426,201906,0010110,한화투자증권주식회사,C24,파생상품계약_장외파생상품_신용관련거래,1194786550000,국내증권사,B,SF205,각주항목(09.06월 이후)
42427,201906,0010110,한화투자증권주식회사,C25,파생상품계약_장외파생상품_기타,34130416160,국내증권사,B,SF205,각주항목(09.06월 이후)
42428,201906,0010110,한화투자증권주식회사,D,대차 및 대주거래,645838455801,국내증권사,B,SF205,각주항목(09.06월 이후)
42429,201906,0010110,한화투자증권주식회사,D1,대차 및 대주거래_대여증권,0,국내증권사,B,SF205,각주항목(09.06월 이후)
42430,201906,0010110,한화투자증권주식회사,D2,대차 및 대주거래_차입증권,645838455801,국내증권사,B,SF205,각주항목(09.06월 이후)
42431,201906,0010110,한화투자증권주식회사,D3,대차 및 대주거래_신용거래대주,0,국내증권사,B,SF205,각주항목(09.06월 이후)
42432,201906,0010110,한화투자증권주식회사,E,대손상각채권,0,국내증권사,B,SF205,각주항목(09.06월 이후)
42433,201906,0010110,한화투자증권주식회사,F,환전업무 예치금,0,국내증권사,B,SF205,각주항목(09.06월 이후)
42434,201906,0010110,한화투자증권주식회사,G,미배당별도예치금,0,국내증권사,B,SF205,각주항목(09.06월 이후)
42435,201906,0010110,한화투자증권주식회사,H,배서어음매출(종금계정),0,국내증권사,B,SF205,각주항목(09.06월 이후)
42436,201906,0010110,한화투자증권주식회사,H1,대출채권매매이익_담보부,0,국내증권사,B,SF205,각주항목(09.06월 이후)
42437,201906,0010110,한화투자증권주식회사,H2,대출채권매매이익_무담보부,0,국내증권사,B,SF205,각주항목(09.06월 이후)
42438,201909,0010110,한화투자증권주식회사,A,채무보증,925218762273,국내증권사,B,SF205,각주항목(09.06월 이후)
42439,201909,0010110,한화투자증권주식회사,A1,채무보증_지급보증,0,국내증권사,B,SF205,각주항목(09.06월 이후)
42440,201909,0010110,한화투자증권주식회사,A2,채무보증_매입보장약정,40000000000,국내증권사,B,SF205,각주항목(09.06월 이후)
42441,201909,0010110,한화투자증권주식회사,A3,채무보증_채무인수약정,0,국내증권사,B,SF205,각주항목(09.06월 이후)
42442,201909,0010110,한화투자증권주식회사,A5,채무보증_매입확약,885218762273,국내증권사,B,SF205,각주항목(09.06월 이후)
42443,201909,0010110,한화투자증권주식회사,A6,채무보증_기타,0,국내증권사,B,SF205,각주항목(09.06월 이후)
42444,201909,0010110,한화투자증권주식회사,B,투자자의 예수증권 등,31857191775772,국내증권사,B,SF205,각주항목(09.06월 이후)
42445,201909,0010110,한화투자증권주식회사,B1,투자자의 예수증권 등_예수 증권,31857191775772,국내증권사,B,SF205,각주항목(09.06월 이후)
42446,201909,0010110,한화투자증권주식회사,B2,투자자의 예수증권 등_예수양도성예금증서,0,국내증권사,B,SF205,각주항목(09.06월 이후)
42447,201909,0010110,한화투자증권주식회사,B3,투자자의 예수증권 등_기타,0,국내증권사,B,SF205,각주항목(09.06월 이후)
42448,201909,0010110,한화투자증권주식회사,C,파생상품계약,17062170343537,국내증권사,B,SF205,각주항목(09.06월 이후)
42449,201909,0010110,한화투자증권주식회사,C1,파생상품계약_장내파생상품,4830429997196,국내증권사,B,SF205,각주항목(09.06월 이후)
42450,201909,0010110,한화투자증권주식회사,C11,파생상품계약_장내파생상품_이자율관련거래,567077244731,국내증권사,B,SF205,각주항목(09.06월 이후)
42451,201909,0010110,한화투자증권주식회사,C12,파생상품계약_장내파생상품_통화관련거래,50699170413,국내증권사,B,SF205,각주항목(09.06월 이후)
42452,201909,0010110,한화투자증권주식회사,C13,파생상품계약_장내파생상품_주식관련거래,3064745672652,국내증권사,B,SF205,각주항목(09.06월 이후)
42453,201909,0010110,한화투자증권주식회사,C14,파생상품계약_장내파생상품_일반상품관련거래,0,국내증권사,B,SF205,각주항목(09.06월 이후)
42454,201909,0010110,한화투자증권주식회사,C15,파생상품계약_장내파생상품_기타,1147907909400,국내증권사,B,SF205,각주항목(09.06월 이후)
42455,201909,0010110,한화투자증권주식회사,C2,파생상품계약_장외파생상품,12231740346341,국내증권사,B,SF205,각주항목(09.06월 이후)
42456,201909,0010110,한화투자증권주식회사,C21,파생상품계약_장외파생상품_이자율관련거래,5995238680000,국내증권사,B,SF205,각주항목(09.06월 이후)
42457,201909,0010110,한화투자증권주식회사,C22,파생상품계약_장외파생상품_통화관련거래,4674138968531,국내증권사,B,SF205,각주항목(09.06월 이후)
42458,201909,0010110,한화투자증권주식회사,C23,파생상품계약_장외파생상품_주식관련거래,306255952000,국내증권사,B,SF205,각주항목(09.06월 이후)
42459,201909,0010110,한화투자증권주식회사,C24,파생상품계약_장외파생상품_신용관련거래,1234871000000,국내증권사,B,SF205,각주항목(09.06월 이후)
42460,201909,0010110,한화투자증권주식회사,C25,파생상품계약_장외파생상품_기타,21235745810,국내증권사,B,SF205,각주항목(09.06월 이후)
42461,201909,0010110,한화투자증권주식회사,D,대차 및 대주거래,680038939660,국내증권사,B,SF205,각주항목(09.06월 이후)
42462,201909,0010110,한화투자증권주식회사,D1,대차 및 대주거래_대여증권,235503980476,국내증권사,B,SF205,각주항목(09.06월 이후)
42463,201909,0010110,한화투자증권주식회사,D2,대차 및 대주거래_차입증권,444534959184,국내증권사,B,SF205,각주항목(09.06월 이후)
42464,201909,0010110,한화투자증권주식회사,D3,대차 및 대주거래_신용거래대주,0,국내증권사,B,SF205,각주항목(09.06월 이후)
42465,201909,0010110,한화투자증권주식회사,E,대손상각채권,0,국내증권사,B,SF205,각주항목(09.06월 이후)
42466,201909,0010110,한화투자증권주식회사,F,환전업무 예치금,0,국내증권사,B,SF205,각주항목(09.06월 이후)
42467,201909,0010110,한화투자증권주식회사,G,미배당별도예치금,0,국내증권사,B,SF205,각주항목(09.06월 이후)
42468,201909,0010110,한화투자증권주식회사,H,배서어음매출(종금계정),0,국내증권사,B,SF205,각주항목(09.06월 이후)
42469,201909,0010110,한화투자증권주식회사,H1,대출채권매매이익_담보부,0,국내증권사,B,SF205,각주항목(09.06월 이후)
42470,201909,0010110,한화투자증권주식회사,H2,대출채권매매이익_무담보부,0,국내증권사,B,SF205,각주항목(09.06월 이후)
42471,201912,0010110,한화투자증권주식회사,A,채무보증,792596548388,국내증권사,B,SF205,각주항목(09.06월 이후)
42472,201912,0010110,한화투자증권주식회사,A1,채무보증_지급보증,0,국내증권사,B,SF205,각주항목(09.06월 이후)
42473,201912,0010110,한화투자증권주식회사,A2,채무보증_매입보장약정,40000000000,국내증권사,B,SF205,각주항목(09.06월 이후)
42474,201912,0010110,한화투자증권주식회사,A3,채무보증_채무인수약정,0,국내증권사,B,SF205,각주항목(09.06월 이후)
42475,201912,0010110,한화투자증권주식회사,A5,채무보증_매입확약,752596548388,국내증권사,B,SF205,각주항목(09.06월 이후)
42476,201912,0010110,한화투자증권주식회사,A6,채무보증_기타,0,국내증권사,B,SF205,각주항목(09.06월 이후)
42477,201912,0010110,한화투자증권주식회사,B,투자자의 예수증권 등,33005204256980,국내증권사,B,SF205,각주항목(09.06월 이후)
42478,201912,0010110,한화투자증권주식회사,B1,투자자의 예수증권 등_예수 증권,33005204256980,국내증권사,B,SF205,각주항목(09.06월 이후)
42479,201912,0010110,한화투자증권주식회사,B2,투자자의 예수증권 등_예수양도성예금증서,0,국내증권사,B,SF205,각주항목(09.06월 이후)
42480,201912,0010110,한화투자증권주식회사,B3,투자자의 예수증권 등_기타,0,국내증권사,B,SF205,각주항목(09.06월 이후)
42481,201912,0010110,한화투자증권주식회사,C,파생상품계약,17363306385558,국내증권사,B,SF205,각주항목(09.06월 이후)
42482,201912,0010110,한화투자증권주식회사,C1,파생상품계약_장내파생상품,5549390990390,국내증권사,B,SF205,각주항목(09.06월 이후)
42483,201912,0010110,한화투자증권주식회사,C11,파생상품계약_장내파생상품_이자율관련거래,463649600649,국내증권사,B,SF205,각주항목(09.06월 이후)
42484,201912,0010110,한화투자증권주식회사,C12,파생상품계약_장내파생상품_통화관련거래,21149310000,국내증권사,B,SF205,각주항목(09.06월 이후)
42485,201912,0010110,한화투자증권주식회사,C13,파생상품계약_장내파생상품_주식관련거래,3496481054741,국내증권사,B,SF205,각주항목(09.06월 이후)
42486,201912,0010110,한화투자증권주식회사,C14,파생상품계약_장내파생상품_일반상품관련거래,0,국내증권사,B,SF205,각주항목(09.06월 이후)
42487,201912,0010110,한화투자증권주식회사,C15,파생상품계약_장내파생상품_기타,1568111025000,국내증권사,B,SF205,각주항목(09.06월 이후)
42488,201912,0010110,한화투자증권주식회사,C2,파생상품계약_장외파생상품,11813915395168,국내증권사,B,SF205,각주항목(09.06월 이후)
42489,201912,0010110,한화투자증권주식회사,C21,파생상품계약_장외파생상품_이자율관련거래,5567287580000,국내증권사,B,SF205,각주항목(09.06월 이후)
42490,201912,0010110,한화투자증권주식회사,C22,파생상품계약_장외파생상품_통화관련거래,4621197903308,국내증권사,B,SF205,각주항목(09.06월 이후)
42491,201912,0010110,한화투자증권주식회사,C23,파생상품계약_장외파생상품_주식관련거래,294681972000,국내증권사,B,SF205,각주항목(09.06월 이후)
42492,201912,0010110,한화투자증권주식회사,C24,파생상품계약_장외파생상품_신용관련거래,1303422550000,국내증권사,B,SF205,각주항목(09.06월 이후)
42493,201912,0010110,한화투자증권주식회사,C25,파생상품계약_장외파생상품_기타,27325389860,국내증권사,B,SF205,각주항목(09.06월 이후)
42494,201912,0010110,한화투자증권주식회사,D,대차 및 대주거래,482196273859,국내증권사,B,SF205,각주항목(09.06월 이후)
42495,201912,0010110,한화투자증권주식회사,D1,대차 및 대주거래_대여증권,252196273859,국내증권사,B,SF205,각주항목(09.06월 이후)
42496,201912,0010110,한화투자증권주식회사,D2,대차 및 대주거래_차입증권,230000000000,국내증권사,B,SF205,각주항목(09.06월 이후)
42497,201912,0010110,한화투자증권주식회사,D3,대차 및 대주거래_신용거래대주,0,국내증권사,B,SF205,각주항목(09.06월 이후)
42498,201912,0010110,한화투자증권주식회사,E,대손상각채권,0,국내증권사,B,SF205,각주항목(09.06월 이후)
42499,201912,0010110,한화투자증권주식회사,F,환전업무 예치금,0,국내증권사,B,SF205,각주항목(09.06월 이후)
42500,201912,0010110,한화투자증권주식회사,G,미배당별도예치금,0,국내증권사,B,SF205,각주항목(09.06월 이후)
42501,201912,0010110,한화투자증권주식회사,H,배서어음매출(종금계정),0,국내증권사,B,SF205,각주항목(09.06월 이후)
42502,201912,0010110,한화투자증권주식회사,H1,대출채권매매이익_담보부,0,국내증권사,B,SF205,각주항목(09.06월 이후)
42503,201912,0010110,한화투자증권주식회사,H2,대출채권매매이익_무담보부,0,국내증권사,B,SF205,각주항목(09.06월 이후)
42504,202003,0010110,한화투자증권주식회사,A,채무보증,805433680210,국내증권사,B,SF205,각주항목(09.06월 이후)
42505,202003,0010110,한화투자증권주식회사,A1,채무보증_지급보증,0,국내증권사,B,SF205,각주항목(09.06월 이후)
42506,202003,0010110,한화투자증권주식회사,A2,채무보증_매입보장약정,40000000000,국내증권사,B,SF205,각주항목(09.06월 이후)
42507,202003,0010110,한화투자증권주식회사,A3,채무보증_채무인수약정,0,국내증권사,B,SF205,각주항목(09.06월 이후)
42508,202003,0010110,한화투자증권주식회사,A5,채무보증_매입확약,765433680210,국내증권사,B,SF205,각주항목(09.06월 이후)
42509,202003,0010110,한화투자증권주식회사,A6,채무보증_기타,0,국내증권사,B,SF205,각주항목(09.06월 이후)
42510,202003,0010110,한화투자증권주식회사,B,투자자의 예수증권 등,31643442516672,국내증권사,B,SF205,각주항목(09.06월 이후)
42511,202003,0010110,한화투자증권주식회사,B1,투자자의 예수증권 등_예수 증권,31643442516672,국내증권사,B,SF205,각주항목(09.06월 이후)
42512,202003,0010110,한화투자증권주식회사,B2,투자자의 예수증권 등_예수양도성예금증서,0,국내증권사,B,SF205,각주항목(09.06월 이후)
42513,202003,0010110,한화투자증권주식회사,B3,투자자의 예수증권 등_기타,0,국내증권사,B,SF205,각주항목(09.06월 이후)
42514,202003,0010110,한화투자증권주식회사,C,파생상품계약,18917665534800,국내증권사,B,SF205,각주항목(09.06월 이후)
42515,202003,0010110,한화투자증권주식회사,C1,파생상품계약_장내파생상품,7335138232738,국내증권사,B,SF205,각주항목(09.06월 이후)
42516,202003,0010110,한화투자증권주식회사,C11,파생상품계약_장내파생상품_이자율관련거래,699765348471,국내증권사,B,SF205,각주항목(09.06월 이후)
42517,202003,0010110,한화투자증권주식회사,C12,파생상품계약_장내파생상품_통화관련거래,31478582500,국내증권사,B,SF205,각주항목(09.06월 이후)
42518,202003,0010110,한화투자증권주식회사,C13,파생상품계약_장내파생상품_주식관련거래,4550478976767,국내증권사,B,SF205,각주항목(09.06월 이후)
42519,202003,0010110,한화투자증권주식회사,C14,파생상품계약_장내파생상품_일반상품관련거래,0,국내증권사,B,SF205,각주항목(09.06월 이후)
42520,202003,0010110,한화투자증권주식회사,C15,파생상품계약_장내파생상품_기타,2053415325000,국내증권사,B,SF205,각주항목(09.06월 이후)
42521,202003,0010110,한화투자증권주식회사,C2,파생상품계약_장외파생상품,11582527302062,국내증권사,B,SF205,각주항목(09.06월 이후)
42522,202003,0010110,한화투자증권주식회사,C21,파생상품계약_장외파생상품_이자율관련거래,5018279960000,국내증권사,B,SF205,각주항목(09.06월 이후)
42523,202003,0010110,한화투자증권주식회사,C22,파생상품계약_장외파생상품_통화관련거래,4859098978174,국내증권사,B,SF205,각주항목(09.06월 이후)
42524,202003,0010110,한화투자증권주식회사,C23,파생상품계약_장외파생상품_주식관련거래,354542788268,국내증권사,B,SF205,각주항목(09.06월 이후)
42525,202003,0010110,한화투자증권주식회사,C24,파생상품계약_장외파생상품_신용관련거래,1326899050000,국내증권사,B,SF205,각주항목(09.06월 이후)
42526,202003,0010110,한화투자증권주식회사,C25,파생상품계약_장외파생상품_기타,23706525620,국내증권사,B,SF205,각주항목(09.06월 이후)
42527,202003,0010110,한화투자증권주식회사,D,대차 및 대주거래,499984724640,국내증권사,B,SF205,각주항목(09.06월 이후)
42528,202003,0010110,한화투자증권주식회사,D1,대차 및 대주거래_대여증권,209607920676,국내증권사,B,SF205,각주항목(09.06월 이후)
42529,202003,0010110,한화투자증권주식회사,D2,대차 및 대주거래_차입증권,290376803964,국내증권사,B,SF205,각주항목(09.06월 이후)
42530,202003,0010110,한화투자증권주식회사,D3,대차 및 대주거래_신용거래대주,0,국내증권사,B,SF205,각주항목(09.06월 이후)
42531,202003,0010110,한화투자증권주식회사,E,대손상각채권,0,국내증권사,B,SF205,각주항목(09.06월 이후)
42532,202003,0010110,한화투자증권주식회사,F,환전업무 예치금,0,국내증권사,B,SF205,각주항목(09.06월 이후)
42533,202003,0010110,한화투자증권주식회사,G,미배당별도예치금,0,국내증권사,B,SF205,각주항목(09.06월 이후)
42534,202003,0010110,한화투자증권주식회사,H,배서어음매출(종금계정),0,국내증권사,B,SF205,각주항목(09.06월 이후)
42535,202003,0010110,한화투자증권주식회사,H1,대출채권매매이익_담보부,0,국내증권사,B,SF205,각주항목(09.06월 이후)
42536,202003,0010110,한화투자증권주식회사,H2,대출채권매매이익_무담보부,0,국내증권사,B,SF205,각주항목(09.06월 이후)
42537,202006,0010110,한화투자증권주식회사,A,채무보증,800258924672,국내증권사,B,SF205,각주항목(09.06월 이후)
42538,202006,0010110,한화투자증권주식회사,A1,채무보증_지급보증,0,국내증권사,B,SF205,각주항목(09.06월 이후)
42539,202006,0010110,한화투자증권주식회사,A2,채무보증_매입보장약정,40000000000,국내증권사,B,SF205,각주항목(09.06월 이후)
42540,202006,0010110,한화투자증권주식회사,A3,채무보증_채무인수약정,0,국내증권사,B,SF205,각주항목(09.06월 이후)
42541,202006,0010110,한화투자증권주식회사,A5,채무보증_매입확약,760258924672,국내증권사,B,SF205,각주항목(09.06월 이후)
42542,202006,0010110,한화투자증권주식회사,A6,채무보증_기타,0,국내증권사,B,SF205,각주항목(09.06월 이후)
42543,202006,0010110,한화투자증권주식회사,B,투자자의 예수증권 등,36395041499611,국내증권사,B,SF205,각주항목(09.06월 이후)
42544,202006,0010110,한화투자증권주식회사,B1,투자자의 예수증권 등_예수 증권,36395041499611,국내증권사,B,SF205,각주항목(09.06월 이후)
42545,202006,0010110,한화투자증권주식회사,B2,투자자의 예수증권 등_예수양도성예금증서,0,국내증권사,B,SF205,각주항목(09.06월 이후)
42546,202006,0010110,한화투자증권주식회사,B3,투자자의 예수증권 등_기타,0,국내증권사,B,SF205,각주항목(09.06월 이후)
42547,202006,0010110,한화투자증권주식회사,C,파생상품계약,18236553431062,국내증권사,B,SF205,각주항목(09.06월 이후)
42548,202006,0010110,한화투자증권주식회사,C1,파생상품계약_장내파생상품,6616281845057,국내증권사,B,SF205,각주항목(09.06월 이후)
42549,202006,0010110,한화투자증권주식회사,C11,파생상품계약_장내파생상품_이자율관련거래,816402680963,국내증권사,B,SF205,각주항목(09.06월 이후)
42550,202006,0010110,한화투자증권주식회사,C12,파생상품계약_장내파생상품_통화관련거래,35126412978,국내증권사,B,SF205,각주항목(09.06월 이후)
42551,202006,0010110,한화투자증권주식회사,C13,파생상품계약_장내파생상품_주식관련거래,4170921746116,국내증권사,B,SF205,각주항목(09.06월 이후)
42552,202006,0010110,한화투자증권주식회사,C14,파생상품계약_장내파생상품_일반상품관련거래,0,국내증권사,B,SF205,각주항목(09.06월 이후)
42553,202006,0010110,한화투자증권주식회사,C15,파생상품계약_장내파생상품_기타,1593831005000,국내증권사,B,SF205,각주항목(09.06월 이후)
42554,202006,0010110,한화투자증권주식회사,C2,파생상품계약_장외파생상품,11620271586005,국내증권사,B,SF205,각주항목(09.06월 이후)
42555,202006,0010110,한화투자증권주식회사,C21,파생상품계약_장외파생상품_이자율관련거래,4587988220000,국내증권사,B,SF205,각주항목(09.06월 이후)
42556,202006,0010110,한화투자증권주식회사,C22,파생상품계약_장외파생상품_통화관련거래,4796656597652,국내증권사,B,SF205,각주항목(09.06월 이후)
42557,202006,0010110,한화투자증권주식회사,C23,파생상품계약_장외파생상품_주식관련거래,1037161731763,국내증권사,B,SF205,각주항목(09.06월 이후)
42558,202006,0010110,한화투자증권주식회사,C24,파생상품계약_장외파생상품_신용관련거래,1176110600000,국내증권사,B,SF205,각주항목(09.06월 이후)
42559,202006,0010110,한화투자증권주식회사,C25,파생상품계약_장외파생상품_기타,22354436590,국내증권사,B,SF205,각주항목(09.06월 이후)
42560,202006,0010110,한화투자증권주식회사,D,대차 및 대주거래,573503148134,국내증권사,B,SF205,각주항목(09.06월 이후)
42561,202006,0010110,한화투자증권주식회사,D1,대차 및 대주거래_대여증권,130283299148,국내증권사,B,SF205,각주항목(09.06월 이후)
42562,202006,0010110,한화투자증권주식회사,D2,대차 및 대주거래_차입증권,443219848986,국내증권사,B,SF205,각주항목(09.06월 이후)
42563,202006,0010110,한화투자증권주식회사,D3,대차 및 대주거래_신용거래대주,0,국내증권사,B,SF205,각주항목(09.06월 이후)
42564,202006,0010110,한화투자증권주식회사,E,대손상각채권,0,국내증권사,B,SF205,각주항목(09.06월 이후)
42565,202006,0010110,한화투자증권주식회사,F,환전업무 예치금,0,국내증권사,B,SF205,각주항목(09.06월 이후)
42566,202006,0010110,한화투자증권주식회사,G,미배당별도예치금,0,국내증권사,B,SF205,각주항목(09.06월 이후)
42567,202006,0010110,한화투자증권주식회사,H,배서어음매출(종금계정),0,국내증권사,B,SF205,각주항목(09.06월 이후)
42568,202006,0010110,한화투자증권주식회사,H1,대출채권매매이익_담보부,0,국내증권사,B,SF205,각주항목(09.06월 이후)
42569,202006,0010110,한화투자증권주식회사,H2,대출채권매매이익_무담보부,0,국내증권사,B,SF205,각주항목(09.06월 이후)
42570,202009,0010110,한화투자증권주식회사,A,채무보증,773245246150,국내증권사,B,SF205,각주항목(09.06월 이후)
42571,202009,0010110,한화투자증권주식회사,A1,채무보증_지급보증,0,국내증권사,B,SF205,각주항목(09.06월 이후)
42572,202009,0010110,한화투자증권주식회사,A2,채무보증_매입보장약정,40000000000,국내증권사,B,SF205,각주항목(09.06월 이후)
42573,202009,0010110,한화투자증권주식회사,A3,채무보증_채무인수약정,0,국내증권사,B,SF205,각주항목(09.06월 이후)
42574,202009,0010110,한화투자증권주식회사,A5,채무보증_매입확약,733245246150,국내증권사,B,SF205,각주항목(09.06월 이후)
42575,202009,0010110,한화투자증권주식회사,A6,채무보증_기타,0,국내증권사,B,SF205,각주항목(09.06월 이후)
42576,202009,0010110,한화투자증권주식회사,B,투자자의 예수증권 등,39498361997597,국내증권사,B,SF205,각주항목(09.06월 이후)
42577,202009,0010110,한화투자증권주식회사,B1,투자자의 예수증권 등_예수 증권,39498361997597,국내증권사,B,SF205,각주항목(09.06월 이후)
42578,202009,0010110,한화투자증권주식회사,B2,투자자의 예수증권 등_예수양도성예금증서,0,국내증권사,B,SF205,각주항목(09.06월 이후)
42579,202009,0010110,한화투자증권주식회사,B3,투자자의 예수증권 등_기타,0,국내증권사,B,SF205,각주항목(09.06월 이후)
42580,202009,0010110,한화투자증권주식회사,C,파생상품계약,16067758945571,국내증권사,B,SF205,각주항목(09.06월 이후)
42581,202009,0010110,한화투자증권주식회사,C1,파생상품계약_장내파생상품,6319066780507,국내증권사,B,SF205,각주항목(09.06월 이후)
42582,202009,0010110,한화투자증권주식회사,C11,파생상품계약_장내파생상품_이자율관련거래,754866487845,국내증권사,B,SF205,각주항목(09.06월 이후)
42583,202009,0010110,한화투자증권주식회사,C12,파생상품계약_장내파생상품_통화관련거래,39382200000,국내증권사,B,SF205,각주항목(09.06월 이후)
42584,202009,0010110,한화투자증권주식회사,C13,파생상품계약_장내파생상품_주식관련거래,3514030122762,국내증권사,B,SF205,각주항목(09.06월 이후)
42585,202009,0010110,한화투자증권주식회사,C14,파생상품계약_장내파생상품_일반상품관련거래,0,국내증권사,B,SF205,각주항목(09.06월 이후)
42586,202009,0010110,한화투자증권주식회사,C15,파생상품계약_장내파생상품_기타,2010787969900,국내증권사,B,SF205,각주항목(09.06월 이후)
42587,202009,0010110,한화투자증권주식회사,C2,파생상품계약_장외파생상품,9748692165064,국내증권사,B,SF205,각주항목(09.06월 이후)
42588,202009,0010110,한화투자증권주식회사,C21,파생상품계약_장외파생상품_이자율관련거래,4144657235200,국내증권사,B,SF205,각주항목(09.06월 이후)
42589,202009,0010110,한화투자증권주식회사,C22,파생상품계약_장외파생상품_통화관련거래,3115642306229,국내증권사,B,SF205,각주항목(09.06월 이후)
42590,202009,0010110,한화투자증권주식회사,C23,파생상품계약_장외파생상품_주식관련거래,1298036673635,국내증권사,B,SF205,각주항목(09.06월 이후)
42591,202009,0010110,한화투자증권주식회사,C24,파생상품계약_장외파생상품_신용관련거래,1170533000000,국내증권사,B,SF205,각주항목(09.06월 이후)
42592,202009,0010110,한화투자증권주식회사,C25,파생상품계약_장외파생상품_기타,19822950000,국내증권사,B,SF205,각주항목(09.06월 이후)
42593,202009,0010110,한화투자증권주식회사,D,대차 및 대주거래,461789994335,국내증권사,B,SF205,각주항목(09.06월 이후)
42594,202009,0010110,한화투자증권주식회사,D1,대차 및 대주거래_대여증권,164063022059,국내증권사,B,SF205,각주항목(09.06월 이후)
42595,202009,0010110,한화투자증권주식회사,D2,대차 및 대주거래_차입증권,297726972276,국내증권사,B,SF205,각주항목(09.06월 이후)
42596,202009,0010110,한화투자증권주식회사,D3,대차 및 대주거래_신용거래대주,0,국내증권사,B,SF205,각주항목(09.06월 이후)
42597,202009,0010110,한화투자증권주식회사,E,대손상각채권,0,국내증권사,B,SF205,각주항목(09.06월 이후)
42598,202009,0010110,한화투자증권주식회사,F,환전업무 예치금,0,국내증권사,B,SF205,각주항목(09.06월 이후)
42599,202009,0010110,한화투자증권주식회사,G,미배당별도예치금,0,국내증권사,B,SF205,각주항목(09.06월 이후)
42600,202009,0010110,한화투자증권주식회사,H,배서어음매출(종금계정),0,국내증권사,B,SF205,각주항목(09.06월 이후)
42601,202009,0010110,한화투자증권주식회사,H1,대출채권매매이익_담보부,0,국내증권사,B,SF205,각주항목(09.06월 이후)
42602,202009,0010110,한화투자증권주식회사,H2,대출채권매매이익_무담보부,0,국내증권사,B,SF205,각주항목(09.06월 이후)
42603,202012,0010110,한화투자증권주식회사,A,채무보증,747551571628,국내증권사,B,SF205,각주항목(09.06월 이후)
42604,202012,0010110,한화투자증권주식회사,A1,채무보증_지급보증,0,국내증권사,B,SF205,각주항목(09.06월 이후)
42605,202012,0010110,한화투자증권주식회사,A2,채무보증_매입보장약정,40000000000,국내증권사,B,SF205,각주항목(09.06월 이후)
42606,202012,0010110,한화투자증권주식회사,A3,채무보증_채무인수약정,0,국내증권사,B,SF205,각주항목(09.06월 이후)
42607,202012,0010110,한화투자증권주식회사,A5,채무보증_매입확약,707551571628,국내증권사,B,SF205,각주항목(09.06월 이후)
42608,202012,0010110,한화투자증권주식회사,A6,채무보증_기타,0,국내증권사,B,SF205,각주항목(09.06월 이후)
42609,202012,0010110,한화투자증권주식회사,B,투자자의 예수증권 등,43906184130726,국내증권사,B,SF205,각주항목(09.06월 이후)
42610,202012,0010110,한화투자증권주식회사,B1,투자자의 예수증권 등_예수 증권,43906184130726,국내증권사,B,SF205,각주항목(09.06월 이후)
42611,202012,0010110,한화투자증권주식회사,B2,투자자의 예수증권 등_예수양도성예금증서,0,국내증권사,B,SF205,각주항목(09.06월 이후)
42612,202012,0010110,한화투자증권주식회사,B3,투자자의 예수증권 등_기타,0,국내증권사,B,SF205,각주항목(09.06월 이후)
42613,202012,0010110,한화투자증권주식회사,C,파생상품계약,14659737024249,국내증권사,B,SF205,각주항목(09.06월 이후)
42614,202012,0010110,한화투자증권주식회사,C1,파생상품계약_장내파생상품,5149863202258,국내증권사,B,SF205,각주항목(09.06월 이후)
42615,202012,0010110,한화투자증권주식회사,C11,파생상품계약_장내파생상품_이자율관련거래,677338289757,국내증권사,B,SF205,각주항목(09.06월 이후)
42616,202012,0010110,한화투자증권주식회사,C12,파생상품계약_장내파생상품_통화관련거래,26052000000,국내증권사,B,SF205,각주항목(09.06월 이후)
42617,202012,0010110,한화투자증권주식회사,C13,파생상품계약_장내파생상품_주식관련거래,2124218565661,국내증권사,B,SF205,각주항목(09.06월 이후)
42618,202012,0010110,한화투자증권주식회사,C14,파생상품계약_장내파생상품_일반상품관련거래,0,국내증권사,B,SF205,각주항목(09.06월 이후)
42619,202012,0010110,한화투자증권주식회사,C15,파생상품계약_장내파생상품_기타,2322254346840,국내증권사,B,SF205,각주항목(09.06월 이후)
42620,202012,0010110,한화투자증권주식회사,C2,파생상품계약_장외파생상품,9509873821991,국내증권사,B,SF205,각주항목(09.06월 이후)
42621,202012,0010110,한화투자증권주식회사,C21,파생상품계약_장외파생상품_이자율관련거래,3814070535200,국내증권사,B,SF205,각주항목(09.06월 이후)
42622,202012,0010110,한화투자증권주식회사,C22,파생상품계약_장외파생상품_통화관련거래,3655967847608,국내증권사,B,SF205,각주항목(09.06월 이후)
42623,202012,0010110,한화투자증권주식회사,C23,파생상품계약_장외파생상품_주식관련거래,764050439183,국내증권사,B,SF205,각주항목(09.06월 이후)
42624,202012,0010110,한화투자증권주식회사,C24,파생상품계약_장외파생상품_신용관련거래,1257008000000,국내증권사,B,SF205,각주항목(09.06월 이후)
42625,202012,0010110,한화투자증권주식회사,C25,파생상품계약_장외파생상품_기타,18777000000,국내증권사,B,SF205,각주항목(09.06월 이후)
42626,202012,0010110,한화투자증권주식회사,D,대차 및 대주거래,466390610424,국내증권사,B,SF205,각주항목(09.06월 이후)
42627,202012,0010110,한화투자증권주식회사,D1,대차 및 대주거래_대여증권,149245188613,국내증권사,B,SF205,각주항목(09.06월 이후)
42628,202012,0010110,한화투자증권주식회사,D2,대차 및 대주거래_차입증권,317145421811,국내증권사,B,SF205,각주항목(09.06월 이후)
42629,202012,0010110,한화투자증권주식회사,D3,대차 및 대주거래_신용거래대주,0,국내증권사,B,SF205,각주항목(09.06월 이후)
42630,202012,0010110,한화투자증권주식회사,E,대손상각채권,0,국내증권사,B,SF205,각주항목(09.06월 이후)
42631,202012,0010110,한화투자증권주식회사,F,환전업무 예치금,0,국내증권사,B,SF205,각주항목(09.06월 이후)
42632,202012,0010110,한화투자증권주식회사,G,미배당별도예치금,0,국내증권사,B,SF205,각주항목(09.06월 이후)
42633,202012,0010110,한화투자증권주식회사,H,배서어음매출(종금계정),0,국내증권사,B,SF205,각주항목(09.06월 이후)
42634,202012,0010110,한화투자증권주식회사,H1,대출채권매매이익_담보부,0,국내증권사,B,SF205,각주항목(09.06월 이후)
42635,202012,0010110,한화투자증권주식회사,H2,대출채권매매이익_무담보부,0,국내증권사,B,SF205,각주항목(09.06월 이후)
42636,202103,0010110,한화투자증권주식회사,A,채무보증,786041000000,국내증권사,B,SF205,각주항목(09.06월 이후)
42637,202103,0010110,한화투자증권주식회사,A1,채무보증_지급보증,0,국내증권사,B,SF205,각주항목(09.06월 이후)
42638,202103,0010110,한화투자증권주식회사,A2,채무보증_매입보장약정,40000000000,국내증권사,B,SF205,각주항목(09.06월 이후)
42639,202103,0010110,한화투자증권주식회사,A3,채무보증_채무인수약정,0,국내증권사,B,SF205,각주항목(09.06월 이후)
42640,202103,0010110,한화투자증권주식회사,A5,채무보증_매입확약,746041000000,국내증권사,B,SF205,각주항목(09.06월 이후)
42641,202103,0010110,한화투자증권주식회사,A6,채무보증_기타,0,국내증권사,B,SF205,각주항목(09.06월 이후)
42642,202103,0010110,한화투자증권주식회사,B,투자자의 예수증권 등,47262378104128,국내증권사,B,SF205,각주항목(09.06월 이후)
42643,202103,0010110,한화투자증권주식회사,B1,투자자의 예수증권 등_예수 증권,47262378104128,국내증권사,B,SF205,각주항목(09.06월 이후)
42644,202103,0010110,한화투자증권주식회사,B2,투자자의 예수증권 등_예수양도성예금증서,0,국내증권사,B,SF205,각주항목(09.06월 이후)
42645,202103,0010110,한화투자증권주식회사,B3,투자자의 예수증권 등_기타,0,국내증권사,B,SF205,각주항목(09.06월 이후)
42646,202103,0010110,한화투자증권주식회사,C,파생상품계약,11454300908263,국내증권사,B,SF205,각주항목(09.06월 이후)
42647,202103,0010110,한화투자증권주식회사,C1,파생상품계약_장내파생상품,1962088360268,국내증권사,B,SF205,각주항목(09.06월 이후)
42648,202103,0010110,한화투자증권주식회사,C11,파생상품계약_장내파생상품_이자율관련거래,643973120106,국내증권사,B,SF205,각주항목(09.06월 이후)
42649,202103,0010110,한화투자증권주식회사,C12,파생상품계약_장내파생상품_통화관련거래,145661131075,국내증권사,B,SF205,각주항목(09.06월 이후)
42650,202103,0010110,한화투자증권주식회사,C13,파생상품계약_장내파생상품_주식관련거래,1172454109087,국내증권사,B,SF205,각주항목(09.06월 이후)
42651,202103,0010110,한화투자증권주식회사,C14,파생상품계약_장내파생상품_일반상품관련거래,0,국내증권사,B,SF205,각주항목(09.06월 이후)
42652,202103,0010110,한화투자증권주식회사,C15,파생상품계약_장내파생상품_기타,0,국내증권사,B,SF205,각주항목(09.06월 이후)
42653,202103,0010110,한화투자증권주식회사,C2,파생상품계약_장외파생상품,9492212547995,국내증권사,B,SF205,각주항목(09.06월 이후)
42654,202103,0010110,한화투자증권주식회사,C21,파생상품계약_장외파생상품_이자율관련거래,3417637235200,국내증권사,B,SF205,각주항목(09.06월 이후)
42655,202103,0010110,한화투자증권주식회사,C22,파생상품계약_장외파생상품_통화관련거래,4221280843880,국내증권사,B,SF205,각주항목(09.06월 이후)
42656,202103,0010110,한화투자증권주식회사,C23,파생상품계약_장외파생상품_주식관련거래,453639618915,국내증권사,B,SF205,각주항목(09.06월 이후)
42657,202103,0010110,한화투자증권주식회사,C24,파생상품계약_장외파생상품_신용관련거래,1387893000000,국내증권사,B,SF205,각주항목(09.06월 이후)
42658,202103,0010110,한화투자증권주식회사,C25,파생상품계약_장외파생상품_기타,11761850000,국내증권사,B,SF205,각주항목(09.06월 이후)
42659,202103,0010110,한화투자증권주식회사,D,대차 및 대주거래,591164221357,국내증권사,B,SF205,각주항목(09.06월 이후)
42660,202103,0010110,한화투자증권주식회사,D1,대차 및 대주거래_대여증권,201910174896,국내증권사,B,SF205,각주항목(09.06월 이후)
42661,202103,0010110,한화투자증권주식회사,D2,대차 및 대주거래_차입증권,389254046461,국내증권사,B,SF205,각주항목(09.06월 이후)
42662,202103,0010110,한화투자증권주식회사,D3,대차 및 대주거래_신용거래대주,0,국내증권사,B,SF205,각주항목(09.06월 이후)
42663,202103,0010110,한화투자증권주식회사,E,대손상각채권,0,국내증권사,B,SF205,각주항목(09.06월 이후)
42664,202103,0010110,한화투자증권주식회사,F,환전업무 예치금,0,국내증권사,B,SF205,각주항목(09.06월 이후)
42665,202103,0010110,한화투자증권주식회사,G,미배당별도예치금,0,국내증권사,B,SF205,각주항목(09.06월 이후)
42666,202103,0010110,한화투자증권주식회사,H,배서어음매출(종금계정),0,국내증권사,B,SF205,각주항목(09.06월 이후)
42667,202103,0010110,한화투자증권주식회사,H1,대출채권매매이익_담보부,0,국내증권사,B,SF205,각주항목(09.06월 이후)
42668,202103,0010110,한화투자증권주식회사,H2,대출채권매매이익_무담보부,0,국내증권사,B,SF205,각주항목(09.06월 이후)
42669,202106,0010110,한화투자증권주식회사,A,채무보증,828430000000,국내증권사,B,SF205,각주항목(09.06월 이후)
42670,202106,0010110,한화투자증권주식회사,A1,채무보증_지급보증,22600000000,국내증권사,B,SF205,각주항목(09.06월 이후)
42671,202106,0010110,한화투자증권주식회사,A2,채무보증_매입보장약정,0,국내증권사,B,SF205,각주항목(09.06월 이후)
42672,202106,0010110,한화투자증권주식회사,A3,채무보증_채무인수약정,0,국내증권사,B,SF205,각주항목(09.06월 이후)
42673,202106,0010110,한화투자증권주식회사,A5,채무보증_매입확약,805830000000,국내증권사,B,SF205,각주항목(09.06월 이후)
42674,202106,0010110,한화투자증권주식회사,A6,채무보증_기타,0,국내증권사,B,SF205,각주항목(09.06월 이후)
42675,202106,0010110,한화투자증권주식회사,B,투자자의 예수증권 등,49962997707803,국내증권사,B,SF205,각주항목(09.06월 이후)
42676,202106,0010110,한화투자증권주식회사,B1,투자자의 예수증권 등_예수 증권,49962997707803,국내증권사,B,SF205,각주항목(09.06월 이후)
42677,202106,0010110,한화투자증권주식회사,B2,투자자의 예수증권 등_예수양도성예금증서,0,국내증권사,B,SF205,각주항목(09.06월 이후)
42678,202106,0010110,한화투자증권주식회사,B3,투자자의 예수증권 등_기타,0,국내증권사,B,SF205,각주항목(09.06월 이후)
42679,202106,0010110,한화투자증권주식회사,C,파생상품계약,10171325329534,국내증권사,B,SF205,각주항목(09.06월 이후)
42680,202106,0010110,한화투자증권주식회사,C1,파생상품계약_장내파생상품,1763463147265,국내증권사,B,SF205,각주항목(09.06월 이후)
42681,202106,0010110,한화투자증권주식회사,C11,파생상품계약_장내파생상품_이자율관련거래,627227761065,국내증권사,B,SF205,각주항목(09.06월 이후)
42682,202106,0010110,한화투자증권주식회사,C12,파생상품계약_장내파생상품_통화관련거래,116627456000,국내증권사,B,SF205,각주항목(09.06월 이후)
42683,202106,0010110,한화투자증권주식회사,C13,파생상품계약_장내파생상품_주식관련거래,1019607930200,국내증권사,B,SF205,각주항목(09.06월 이후)
42684,202106,0010110,한화투자증권주식회사,C14,파생상품계약_장내파생상품_일반상품관련거래,0,국내증권사,B,SF205,각주항목(09.06월 이후)
42685,202106,0010110,한화투자증권주식회사,C15,파생상품계약_장내파생상품_기타,0,국내증권사,B,SF205,각주항목(09.06월 이후)
42686,202106,0010110,한화투자증권주식회사,C2,파생상품계약_장외파생상품,8407862182269,국내증권사,B,SF205,각주항목(09.06월 이후)
42687,202106,0010110,한화투자증권주식회사,C21,파생상품계약_장외파생상품_이자율관련거래,3372766135200,국내증권사,B,SF205,각주항목(09.06월 이후)
42688,202106,0010110,한화투자증권주식회사,C22,파생상품계약_장외파생상품_통화관련거래,3295857768874,국내증권사,B,SF205,각주항목(09.06월 이후)
42689,202106,0010110,한화투자증권주식회사,C23,파생상품계약_장외파생상품_주식관련거래,376969278195,국내증권사,B,SF205,각주항목(09.06월 이후)
42690,202106,0010110,한화투자증권주식회사,C24,파생상품계약_장외파생상품_신용관련거래,1342156000000,국내증권사,B,SF205,각주항목(09.06월 이후)
42691,202106,0010110,한화투자증권주식회사,C25,파생상품계약_장외파생상품_기타,20113000000,국내증권사,B,SF205,각주항목(09.06월 이후)
42692,202106,0010110,한화투자증권주식회사,D,대차 및 대주거래,564845466456,국내증권사,B,SF205,각주항목(09.06월 이후)
42693,202106,0010110,한화투자증권주식회사,D1,대차 및 대주거래_대여증권,182001795541,국내증권사,B,SF205,각주항목(09.06월 이후)
42694,202106,0010110,한화투자증권주식회사,D2,대차 및 대주거래_차입증권,382843670915,국내증권사,B,SF205,각주항목(09.06월 이후)
42695,202106,0010110,한화투자증권주식회사,D3,대차 및 대주거래_신용거래대주, ,국내증권사,B,SF205,각주항목(09.06월 이후)
42696,202106,0010110,한화투자증권주식회사,E,대손상각채권,0,국내증권사,B,SF205,각주항목(09.06월 이후)
42697,202106,0010110,한화투자증권주식회사,F,환전업무 예치금,0,국내증권사,B,SF205,각주항목(09.06월 이후)
42698,202106,0010110,한화투자증권주식회사,G,미배당별도예치금, ,국내증권사,B,SF205,각주항목(09.06월 이후)
42699,202106,0010110,한화투자증권주식회사,H,배서어음매출(종금계정),0,국내증권사,B,SF205,각주항목(09.06월 이후)
42700,202106,0010110,한화투자증권주식회사,H1,대출채권매매이익_담보부, ,국내증권사,B,SF205,각주항목(09.06월 이후)
42701,202106,0010110,한화투자증권주식회사,H2,대출채권매매이익_무담보부, ,국내증권사,B,SF205,각주항목(09.06월 이후)
42702,202109,0010110,한화투자증권주식회사,A,채무보증,800223000000,국내증권사,B,SF205,각주항목(09.06월 이후)
42703,202109,0010110,한화투자증권주식회사,A1,채무보증_지급보증,23698000000,국내증권사,B,SF205,각주항목(09.06월 이후)
42704,202109,0010110,한화투자증권주식회사,A2,채무보증_매입보장약정,0,국내증권사,B,SF205,각주항목(09.06월 이후)
42705,202109,0010110,한화투자증권주식회사,A3,채무보증_채무인수약정,0,국내증권사,B,SF205,각주항목(09.06월 이후)
42706,202109,0010110,한화투자증권주식회사,A5,채무보증_매입확약,776525000000,국내증권사,B,SF205,각주항목(09.06월 이후)
42707,202109,0010110,한화투자증권주식회사,A6,채무보증_기타,0,국내증권사,B,SF205,각주항목(09.06월 이후)
42708,202109,0010110,한화투자증권주식회사,B,투자자의 예수증권 등,49787318395111,국내증권사,B,SF205,각주항목(09.06월 이후)
42709,202109,0010110,한화투자증권주식회사,B1,투자자의 예수증권 등_예수 증권,49787318395111,국내증권사,B,SF205,각주항목(09.06월 이후)
42710,202109,0010110,한화투자증권주식회사,B2,투자자의 예수증권 등_예수양도성예금증서,0,국내증권사,B,SF205,각주항목(09.06월 이후)
42711,202109,0010110,한화투자증권주식회사,B3,투자자의 예수증권 등_기타,0,국내증권사,B,SF205,각주항목(09.06월 이후)
42712,202109,0010110,한화투자증권주식회사,C,파생상품계약,10189490511664,국내증권사,B,SF205,각주항목(09.06월 이후)
42713,202109,0010110,한화투자증권주식회사,C1,파생상품계약_장내파생상품,1609899119549,국내증권사,B,SF205,각주항목(09.06월 이후)
42714,202109,0010110,한화투자증권주식회사,C11,파생상품계약_장내파생상품_이자율관련거래,645938304228,국내증권사,B,SF205,각주항목(09.06월 이후)
42715,202109,0010110,한화투자증권주식회사,C12,파생상품계약_장내파생상품_통화관련거래,56327803000,국내증권사,B,SF205,각주항목(09.06월 이후)
42716,202109,0010110,한화투자증권주식회사,C13,파생상품계약_장내파생상품_주식관련거래,907633012321,국내증권사,B,SF205,각주항목(09.06월 이후)
42717,202109,0010110,한화투자증권주식회사,C14,파생상품계약_장내파생상품_일반상품관련거래,0,국내증권사,B,SF205,각주항목(09.06월 이후)
42718,202109,0010110,한화투자증권주식회사,C15,파생상품계약_장내파생상품_기타,0,국내증권사,B,SF205,각주항목(09.06월 이후)
42719,202109,0010110,한화투자증권주식회사,C2,파생상품계약_장외파생상품,8579591392115,국내증권사,B,SF205,각주항목(09.06월 이후)
42720,202109,0010110,한화투자증권주식회사,C21,파생상품계약_장외파생상품_이자율관련거래,3642003060000,국내증권사,B,SF205,각주항목(09.06월 이후)
42721,202109,0010110,한화투자증권주식회사,C22,파생상품계약_장외파생상품_통화관련거래,3050623303630,국내증권사,B,SF205,각주항목(09.06월 이후)
42722,202109,0010110,한화투자증권주식회사,C23,파생상품계약_장외파생상품_주식관련거래,475715338485,국내증권사,B,SF205,각주항목(09.06월 이후)
42723,202109,0010110,한화투자증권주식회사,C24,파생상품계약_장외파생상품_신용관련거래,1391131200000,국내증권사,B,SF205,각주항목(09.06월 이후)
42724,202109,0010110,한화투자증권주식회사,C25,파생상품계약_장외파생상품_기타,20118490000,국내증권사,B,SF205,각주항목(09.06월 이후)
42725,202109,0010110,한화투자증권주식회사,D,대차 및 대주거래,616204048530,국내증권사,B,SF205,각주항목(09.06월 이후)
42726,202109,0010110,한화투자증권주식회사,D1,대차 및 대주거래_대여증권,211157864650,국내증권사,B,SF205,각주항목(09.06월 이후)
42727,202109,0010110,한화투자증권주식회사,D2,대차 및 대주거래_차입증권,405046183880,국내증권사,B,SF205,각주항목(09.06월 이후)
42728,202109,0010110,한화투자증권주식회사,D3,대차 및 대주거래_신용거래대주,0,국내증권사,B,SF205,각주항목(09.06월 이후)
42729,202109,0010110,한화투자증권주식회사,E,대손상각채권,0,국내증권사,B,SF205,각주항목(09.06월 이후)
42730,202109,0010110,한화투자증권주식회사,F,환전업무 예치금,0,국내증권사,B,SF205,각주항목(09.06월 이후)
42731,202109,0010110,한화투자증권주식회사,G,미배당별도예치금,0,국내증권사,B,SF205,각주항목(09.06월 이후)
42732,202109,0010110,한화투자증권주식회사,H,배서어음매출(종금계정),0,국내증권사,B,SF205,각주항목(09.06월 이후)
42733,202109,0010110,한화투자증권주식회사,H1,대출채권매매이익_담보부,0,국내증권사,B,SF205,각주항목(09.06월 이후)
42734,202109,0010110,한화투자증권주식회사,H2,대출채권매매이익_무담보부,0,국내증권사,B,SF205,각주항목(09.06월 이후)
42735,202112,0010110,한화투자증권주식회사,A,채무보증,940583000000,국내증권사,B,SF205,각주항목(09.06월 이후)
42736,202112,0010110,한화투자증권주식회사,A1,채무보증_지급보증,23710000000,국내증권사,B,SF205,각주항목(09.06월 이후)
42737,202112,0010110,한화투자증권주식회사,A2,채무보증_매입보장약정,0,국내증권사,B,SF205,각주항목(09.06월 이후)
42738,202112,0010110,한화투자증권주식회사,A3,채무보증_채무인수약정,0,국내증권사,B,SF205,각주항목(09.06월 이후)
42739,202112,0010110,한화투자증권주식회사,A5,채무보증_매입확약,916873000000,국내증권사,B,SF205,각주항목(09.06월 이후)
42740,202112,0010110,한화투자증권주식회사,A6,채무보증_기타,0,국내증권사,B,SF205,각주항목(09.06월 이후)
42741,202112,0010110,한화투자증권주식회사,B,투자자의 예수증권 등,48883683994431,국내증권사,B,SF205,각주항목(09.06월 이후)
42742,202112,0010110,한화투자증권주식회사,B1,투자자의 예수증권 등_예수 증권,48883683994431,국내증권사,B,SF205,각주항목(09.06월 이후)
42743,202112,0010110,한화투자증권주식회사,B2,투자자의 예수증권 등_예수양도성예금증서,0,국내증권사,B,SF205,각주항목(09.06월 이후)
42744,202112,0010110,한화투자증권주식회사,B3,투자자의 예수증권 등_기타,0,국내증권사,B,SF205,각주항목(09.06월 이후)
42745,202112,0010110,한화투자증권주식회사,C,파생상품계약,10011702101188,국내증권사,B,SF205,각주항목(09.06월 이후)
42746,202112,0010110,한화투자증권주식회사,C1,파생상품계약_장내파생상품,1532236215256,국내증권사,B,SF205,각주항목(09.06월 이후)
42747,202112,0010110,한화투자증권주식회사,C11,파생상품계약_장내파생상품_이자율관련거래,391070945728,국내증권사,B,SF205,각주항목(09.06월 이후)
42748,202112,0010110,한화투자증권주식회사,C12,파생상품계약_장내파생상품_통화관련거래,23621504000,국내증권사,B,SF205,각주항목(09.06월 이후)
42749,202112,0010110,한화투자증권주식회사,C13,파생상품계약_장내파생상품_주식관련거래,1117543765528,국내증권사,B,SF205,각주항목(09.06월 이후)
42750,202112,0010110,한화투자증권주식회사,C14,파생상품계약_장내파생상품_일반상품관련거래,0,국내증권사,B,SF205,각주항목(09.06월 이후)
42751,202112,0010110,한화투자증권주식회사,C15,파생상품계약_장내파생상품_기타,0,국내증권사,B,SF205,각주항목(09.06월 이후)
42752,202112,0010110,한화투자증권주식회사,C2,파생상품계약_장외파생상품,8479465885932,국내증권사,B,SF205,각주항목(09.06월 이후)
42753,202112,0010110,한화투자증권주식회사,C21,파생상품계약_장외파생상품_이자율관련거래,3646915500000,국내증권사,B,SF205,각주항목(09.06월 이후)
42754,202112,0010110,한화투자증권주식회사,C22,파생상품계약_장외파생상품_통화관련거래,2769190831458,국내증권사,B,SF205,각주항목(09.06월 이후)
42755,202112,0010110,한화투자증권주식회사,C23,파생상품계약_장외파생상품_주식관련거래,488164304690,국내증권사,B,SF205,각주항목(09.06월 이후)
42756,202112,0010110,한화투자증권주식회사,C24,파생상품계약_장외파생상품_신용관련거래,1575076699784,국내증권사,B,SF205,각주항목(09.06월 이후)
42757,202112,0010110,한화투자증권주식회사,C25,파생상품계약_장외파생상품_기타,118550000,국내증권사,B,SF205,각주항목(09.06월 이후)
42758,202112,0010110,한화투자증권주식회사,D,대차 및 대주거래,650382797545,국내증권사,B,SF205,각주항목(09.06월 이후)
42759,202112,0010110,한화투자증권주식회사,D1,대차 및 대주거래_대여증권,218875805169,국내증권사,B,SF205,각주항목(09.06월 이후)
42760,202112,0010110,한화투자증권주식회사,D2,대차 및 대주거래_차입증권,431358209776,국내증권사,B,SF205,각주항목(09.06월 이후)
42761,202112,0010110,한화투자증권주식회사,D3,대차 및 대주거래_신용거래대주,148782600,국내증권사,B,SF205,각주항목(09.06월 이후)
42762,202112,0010110,한화투자증권주식회사,E,대손상각채권,0,국내증권사,B,SF205,각주항목(09.06월 이후)
42763,202112,0010110,한화투자증권주식회사,F,환전업무 예치금,0,국내증권사,B,SF205,각주항목(09.06월 이후)
42764,202112,0010110,한화투자증권주식회사,G,미배당별도예치금,0,국내증권사,B,SF205,각주항목(09.06월 이후)
42765,202112,0010110,한화투자증권주식회사,H,배서어음매출(종금계정),0,국내증권사,B,SF205,각주항목(09.06월 이후)
42766,202112,0010110,한화투자증권주식회사,H1,대출채권매매이익_담보부,0,국내증권사,B,SF205,각주항목(09.06월 이후)
42767,202112,0010110,한화투자증권주식회사,H2,대출채권매매이익_무담보부,0,국내증권사,B,SF205,각주항목(09.06월 이후)
42768,202203,0010110,한화투자증권주식회사,A,채무보증,994839000000,국내증권사,B,SF205,각주항목(09.06월 이후)
42769,202203,0010110,한화투자증권주식회사,A1,채무보증_지급보증,24216000000,국내증권사,B,SF205,각주항목(09.06월 이후)
42770,202203,0010110,한화투자증권주식회사,A2,채무보증_매입보장약정, ,국내증권사,B,SF205,각주항목(09.06월 이후)
42771,202203,0010110,한화투자증권주식회사,A3,채무보증_채무인수약정, ,국내증권사,B,SF205,각주항목(09.06월 이후)
42772,202203,0010110,한화투자증권주식회사,A5,채무보증_매입확약,970623000000,국내증권사,B,SF205,각주항목(09.06월 이후)
42773,202203,0010110,한화투자증권주식회사,A6,채무보증_기타,0,국내증권사,B,SF205,각주항목(09.06월 이후)
42774,202203,0010110,한화투자증권주식회사,B,투자자의 예수증권 등,50389348413338,국내증권사,B,SF205,각주항목(09.06월 이후)
42775,202203,0010110,한화투자증권주식회사,B1,투자자의 예수증권 등_예수 증권,50389348413338,국내증권사,B,SF205,각주항목(09.06월 이후)
42776,202203,0010110,한화투자증권주식회사,B2,투자자의 예수증권 등_예수양도성예금증서,0,국내증권사,B,SF205,각주항목(09.06월 이후)
42777,202203,0010110,한화투자증권주식회사,B3,투자자의 예수증권 등_기타,0,국내증권사,B,SF205,각주항목(09.06월 이후)
42778,202203,0010110,한화투자증권주식회사,C,파생상품계약,11775087476695,국내증권사,B,SF205,각주항목(09.06월 이후)
42779,202203,0010110,한화투자증권주식회사,C1,파생상품계약_장내파생상품,1391024179415,국내증권사,B,SF205,각주항목(09.06월 이후)
42780,202203,0010110,한화투자증권주식회사,C11,파생상품계약_장내파생상품_이자율관련거래,321809039815,국내증권사,B,SF205,각주항목(09.06월 이후)
42781,202203,0010110,한화투자증권주식회사,C12,파생상품계약_장내파생상품_통화관련거래,30000324475,국내증권사,B,SF205,각주항목(09.06월 이후)
42782,202203,0010110,한화투자증권주식회사,C13,파생상품계약_장내파생상품_주식관련거래,1039214815125,국내증권사,B,SF205,각주항목(09.06월 이후)
42783,202203,0010110,한화투자증권주식회사,C14,파생상품계약_장내파생상품_일반상품관련거래,0,국내증권사,B,SF205,각주항목(09.06월 이후)
42784,202203,0010110,한화투자증권주식회사,C15,파생상품계약_장내파생상품_기타,0,국내증권사,B,SF205,각주항목(09.06월 이후)
42785,202203,0010110,한화투자증권주식회사,C2,파생상품계약_장외파생상품,10384063297280,국내증권사,B,SF205,각주항목(09.06월 이후)
42786,202203,0010110,한화투자증권주식회사,C21,파생상품계약_장외파생상품_이자율관련거래,4680598320000,국내증권사,B,SF205,각주항목(09.06월 이후)
42787,202203,0010110,한화투자증권주식회사,C22,파생상품계약_장외파생상품_통화관련거래,3370972456566,국내증권사,B,SF205,각주항목(09.06월 이후)
42788,202203,0010110,한화투자증권주식회사,C23,파생상품계약_장외파생상품_주식관련거래,515272188232,국내증권사,B,SF205,각주항목(09.06월 이후)
42789,202203,0010110,한화투자증권주식회사,C24,파생상품계약_장외파생상품_신용관련거래,1755203465482,국내증권사,B,SF205,각주항목(09.06월 이후)
42790,202203,0010110,한화투자증권주식회사,C25,파생상품계약_장외파생상품_기타,62016867000,국내증권사,B,SF205,각주항목(09.06월 이후)
42791,202203,0010110,한화투자증권주식회사,D,대차 및 대주거래,1016552567581,국내증권사,B,SF205,각주항목(09.06월 이후)
42792,202203,0010110,한화투자증권주식회사,D1,대차 및 대주거래_대여증권,355027980060,국내증권사,B,SF205,각주항목(09.06월 이후)
42793,202203,0010110,한화투자증권주식회사,D2,대차 및 대주거래_차입증권,661232646421,국내증권사,B,SF205,각주항목(09.06월 이후)
42794,202203,0010110,한화투자증권주식회사,D3,대차 및 대주거래_신용거래대주,291941100,국내증권사,B,SF205,각주항목(09.06월 이후)
42795,202203,0010110,한화투자증권주식회사,E,대손상각채권,0,국내증권사,B,SF205,각주항목(09.06월 이후)
42796,202203,0010110,한화투자증권주식회사,F,환전업무 예치금,0,국내증권사,B,SF205,각주항목(09.06월 이후)
42797,202203,0010110,한화투자증권주식회사,G,미배당별도예치금,0,국내증권사,B,SF205,각주항목(09.06월 이후)
42798,202203,0010110,한화투자증권주식회사,H,배서어음매출(종금계정),0,국내증권사,B,SF205,각주항목(09.06월 이후)
42799,202203,0010110,한화투자증권주식회사,H1,대출채권매매이익_담보부,0,국내증권사,B,SF205,각주항목(09.06월 이후)
42800,202203,0010110,한화투자증권주식회사,H2,대출채권매매이익_무담보부,0,국내증권사,B,SF205,각주항목(09.06월 이후)
42801,202206,0010110,한화투자증권주식회사,A,채무보증,1086139000000,국내증권사,B,SF205,각주항목(09.06월 이후)
42802,202206,0010110,한화투자증권주식회사,A1,채무보증_지급보증,51716000000,국내증권사,B,SF205,각주항목(09.06월 이후)
42803,202206,0010110,한화투자증권주식회사,A2,채무보증_매입보장약정,0,국내증권사,B,SF205,각주항목(09.06월 이후)
42804,202206,0010110,한화투자증권주식회사,A3,채무보증_채무인수약정,0,국내증권사,B,SF205,각주항목(09.06월 이후)
42805,202206,0010110,한화투자증권주식회사,A5,채무보증_매입확약,1034423000000,국내증권사,B,SF205,각주항목(09.06월 이후)
42806,202206,0010110,한화투자증권주식회사,A6,채무보증_기타,0,국내증권사,B,SF205,각주항목(09.06월 이후)
42807,202206,0010110,한화투자증권주식회사,B,투자자의 예수증권 등,48133915171607,국내증권사,B,SF205,각주항목(09.06월 이후)
42808,202206,0010110,한화투자증권주식회사,B1,투자자의 예수증권 등_예수 증권,48133915171607,국내증권사,B,SF205,각주항목(09.06월 이후)
42809,202206,0010110,한화투자증권주식회사,B2,투자자의 예수증권 등_예수양도성예금증서,0,국내증권사,B,SF205,각주항목(09.06월 이후)
42810,202206,0010110,한화투자증권주식회사,B3,투자자의 예수증권 등_기타,0,국내증권사,B,SF205,각주항목(09.06월 이후)
42811,202206,0010110,한화투자증권주식회사,C,파생상품계약,14008471346492,국내증권사,B,SF205,각주항목(09.06월 이후)
42812,202206,0010110,한화투자증권주식회사,C1,파생상품계약_장내파생상품,1289639925470,국내증권사,B,SF205,각주항목(09.06월 이후)
42813,202206,0010110,한화투자증권주식회사,C11,파생상품계약_장내파생상품_이자율관련거래,307811344950,국내증권사,B,SF205,각주항목(09.06월 이후)
42814,202206,0010110,한화투자증권주식회사,C12,파생상품계약_장내파생상품_통화관련거래,65033888000,국내증권사,B,SF205,각주항목(09.06월 이후)
42815,202206,0010110,한화투자증권주식회사,C13,파생상품계약_장내파생상품_주식관련거래,916794692520,국내증권사,B,SF205,각주항목(09.06월 이후)
42816,202206,0010110,한화투자증권주식회사,C14,파생상품계약_장내파생상품_일반상품관련거래,0,국내증권사,B,SF205,각주항목(09.06월 이후)
42817,202206,0010110,한화투자증권주식회사,C15,파생상품계약_장내파생상품_기타,0,국내증권사,B,SF205,각주항목(09.06월 이후)
42818,202206,0010110,한화투자증권주식회사,C2,파생상품계약_장외파생상품,12718831421022,국내증권사,B,SF205,각주항목(09.06월 이후)
42819,202206,0010110,한화투자증권주식회사,C21,파생상품계약_장외파생상품_이자율관련거래,5205255060000,국내증권사,B,SF205,각주항목(09.06월 이후)
42820,202206,0010110,한화투자증권주식회사,C22,파생상품계약_장외파생상품_통화관련거래,3794765961217,국내증권사,B,SF205,각주항목(09.06월 이후)
42821,202206,0010110,한화투자증권주식회사,C23,파생상품계약_장외파생상품_주식관련거래,1378021232490,국내증권사,B,SF205,각주항목(09.06월 이후)
42822,202206,0010110,한화투자증권주식회사,C24,파생상품계약_장외파생상품_신용관련거래,1818984041915,국내증권사,B,SF205,각주항목(09.06월 이후)
42823,202206,0010110,한화투자증권주식회사,C25,파생상품계약_장외파생상품_기타,521805125400,국내증권사,B,SF205,각주항목(09.06월 이후)
42824,202206,0010110,한화투자증권주식회사,D,대차 및 대주거래,1174020652170,국내증권사,B,SF205,각주항목(09.06월 이후)
42825,202206,0010110,한화투자증권주식회사,D1,대차 및 대주거래_대여증권,370848814569,국내증권사,B,SF205,각주항목(09.06월 이후)
42826,202206,0010110,한화투자증권주식회사,D2,대차 및 대주거래_차입증권,803069106951,국내증권사,B,SF205,각주항목(09.06월 이후)
42827,202206,0010110,한화투자증권주식회사,D3,대차 및 대주거래_신용거래대주,102730650,국내증권사,B,SF205,각주항목(09.06월 이후)
42828,202206,0010110,한화투자증권주식회사,E,대손상각채권,0,국내증권사,B,SF205,각주항목(09.06월 이후)
42829,202206,0010110,한화투자증권주식회사,F,환전업무 예치금,0,국내증권사,B,SF205,각주항목(09.06월 이후)
42830,202206,0010110,한화투자증권주식회사,G,미배당별도예치금,0,국내증권사,B,SF205,각주항목(09.06월 이후)
42831,202206,0010110,한화투자증권주식회사,H,배서어음매출(종금계정),0,국내증권사,B,SF205,각주항목(09.06월 이후)
42832,202206,0010110,한화투자증권주식회사,H1,대출채권매매이익_담보부,0,국내증권사,B,SF205,각주항목(09.06월 이후)
42833,202206,0010110,한화투자증권주식회사,H2,대출채권매매이익_무담보부,0,국내증권사,B,SF205,각주항목(09.06월 이후)
42834,202209,0010110,한화투자증권주식회사,A,채무보증,1129790000000,국내증권사,B,SF205,각주항목(09.06월 이후)
42835,202209,0010110,한화투자증권주식회사,A1,채무보증_지급보증,57392000000,국내증권사,B,SF205,각주항목(09.06월 이후)
42836,202209,0010110,한화투자증권주식회사,A2,채무보증_매입보장약정, ,국내증권사,B,SF205,각주항목(09.06월 이후)
42837,202209,0010110,한화투자증권주식회사,A3,채무보증_채무인수약정, ,국내증권사,B,SF205,각주항목(09.06월 이후)
42838,202209,0010110,한화투자증권주식회사,A5,채무보증_매입확약,1072398000000,국내증권사,B,SF205,각주항목(09.06월 이후)
42839,202209,0010110,한화투자증권주식회사,A6,채무보증_기타,0,국내증권사,B,SF205,각주항목(09.06월 이후)
42840,202209,0010110,한화투자증권주식회사,B,투자자의 예수증권 등,49013614968300,국내증권사,B,SF205,각주항목(09.06월 이후)
42841,202209,0010110,한화투자증권주식회사,B1,투자자의 예수증권 등_예수 증권,49013614968300,국내증권사,B,SF205,각주항목(09.06월 이후)
42842,202209,0010110,한화투자증권주식회사,B2,투자자의 예수증권 등_예수양도성예금증서,0,국내증권사,B,SF205,각주항목(09.06월 이후)
42843,202209,0010110,한화투자증권주식회사,B3,투자자의 예수증권 등_기타,0,국내증권사,B,SF205,각주항목(09.06월 이후)
42844,202209,0010110,한화투자증권주식회사,C,파생상품계약,18425946688822,국내증권사,B,SF205,각주항목(09.06월 이후)
42845,202209,0010110,한화투자증권주식회사,C1,파생상품계약_장내파생상품,1677833186216,국내증권사,B,SF205,각주항목(09.06월 이후)
42846,202209,0010110,한화투자증권주식회사,C11,파생상품계약_장내파생상품_이자율관련거래,368384148326,국내증권사,B,SF205,각주항목(09.06월 이후)
42847,202209,0010110,한화투자증권주식회사,C12,파생상품계약_장내파생상품_통화관련거래,73325778000,국내증권사,B,SF205,각주항목(09.06월 이후)
42848,202209,0010110,한화투자증권주식회사,C13,파생상품계약_장내파생상품_주식관련거래,1236123259890,국내증권사,B,SF205,각주항목(09.06월 이후)
42849,202209,0010110,한화투자증권주식회사,C14,파생상품계약_장내파생상품_일반상품관련거래,0,국내증권사,B,SF205,각주항목(09.06월 이후)
42850,202209,0010110,한화투자증권주식회사,C15,파생상품계약_장내파생상품_기타,0,국내증권사,B,SF205,각주항목(09.06월 이후)
42851,202209,0010110,한화투자증권주식회사,C2,파생상품계약_장외파생상품,16748113502606,국내증권사,B,SF205,각주항목(09.06월 이후)
42852,202209,0010110,한화투자증권주식회사,C21,파생상품계약_장외파생상품_이자율관련거래,6040314615360,국내증권사,B,SF205,각주항목(09.06월 이후)
42853,202209,0010110,한화투자증권주식회사,C22,파생상품계약_장외파생상품_통화관련거래,6002337756730,국내증권사,B,SF205,각주항목(09.06월 이후)
42854,202209,0010110,한화투자증권주식회사,C23,파생상품계약_장외파생상품_주식관련거래,1723379345787,국내증권사,B,SF205,각주항목(09.06월 이후)
42855,202209,0010110,한화투자증권주식회사,C24,파생상품계약_장외파생상품_신용관련거래,2437557719089,국내증권사,B,SF205,각주항목(09.06월 이후)
42856,202209,0010110,한화투자증권주식회사,C25,파생상품계약_장외파생상품_기타,544524065640,국내증권사,B,SF205,각주항목(09.06월 이후)
42857,202209,0010110,한화투자증권주식회사,D,대차 및 대주거래,1291159628320,국내증권사,B,SF205,각주항목(09.06월 이후)
42858,202209,0010110,한화투자증권주식회사,D1,대차 및 대주거래_대여증권,347667039661,국내증권사,B,SF205,각주항목(09.06월 이후)
42859,202209,0010110,한화투자증권주식회사,D2,대차 및 대주거래_차입증권,943386376299,국내증권사,B,SF205,각주항목(09.06월 이후)
42860,202209,0010110,한화투자증권주식회사,D3,대차 및 대주거래_신용거래대주,106212360,국내증권사,B,SF205,각주항목(09.06월 이후)
42861,202209,0010110,한화투자증권주식회사,E,대손상각채권,0,국내증권사,B,SF205,각주항목(09.06월 이후)
42862,202209,0010110,한화투자증권주식회사,F,환전업무 예치금,0,국내증권사,B,SF205,각주항목(09.06월 이후)
42863,202209,0010110,한화투자증권주식회사,G,미배당별도예치금,0,국내증권사,B,SF205,각주항목(09.06월 이후)
42864,202209,0010110,한화투자증권주식회사,H,배서어음매출(종금계정),0,국내증권사,B,SF205,각주항목(09.06월 이후)
42865,202209,0010110,한화투자증권주식회사,H1,대출채권매매이익_담보부,0,국내증권사,B,SF205,각주항목(09.06월 이후)
42866,202209,0010110,한화투자증권주식회사,H2,대출채권매매이익_무담보부,0,국내증권사,B,SF205,각주항목(09.06월 이후)
42867,202212,0010110,한화투자증권주식회사,A,채무보증,1175190000000,국내증권사,B,SF205,각주항목(09.06월 이후)
42868,202212,0010110,한화투자증권주식회사,A1,채무보증_지급보증,50692000000,국내증권사,B,SF205,각주항목(09.06월 이후)
42869,202212,0010110,한화투자증권주식회사,A2,채무보증_매입보장약정,0,국내증권사,B,SF205,각주항목(09.06월 이후)
42870,202212,0010110,한화투자증권주식회사,A3,채무보증_채무인수약정,0,국내증권사,B,SF205,각주항목(09.06월 이후)
42871,202212,0010110,한화투자증권주식회사,A5,채무보증_매입확약,1124498000000,국내증권사,B,SF205,각주항목(09.06월 이후)
42872,202212,0010110,한화투자증권주식회사,A6,채무보증_기타,0,국내증권사,B,SF205,각주항목(09.06월 이후)
42873,202212,0010110,한화투자증권주식회사,B,투자자의 예수증권 등,48531091412736,국내증권사,B,SF205,각주항목(09.06월 이후)
42874,202212,0010110,한화투자증권주식회사,B1,투자자의 예수증권 등_예수 증권,48531091412736,국내증권사,B,SF205,각주항목(09.06월 이후)
42875,202212,0010110,한화투자증권주식회사,B2,투자자의 예수증권 등_예수양도성예금증서,0,국내증권사,B,SF205,각주항목(09.06월 이후)
42876,202212,0010110,한화투자증권주식회사,B3,투자자의 예수증권 등_기타,0,국내증권사,B,SF205,각주항목(09.06월 이후)
42877,202212,0010110,한화투자증권주식회사,C,파생상품계약,15454582739498,국내증권사,B,SF205,각주항목(09.06월 이후)
42878,202212,0010110,한화투자증권주식회사,C1,파생상품계약_장내파생상품,1011414353650,국내증권사,B,SF205,각주항목(09.06월 이후)
42879,202212,0010110,한화투자증권주식회사,C11,파생상품계약_장내파생상품_이자율관련거래,416497781355,국내증권사,B,SF205,각주항목(09.06월 이후)
42880,202212,0010110,한화투자증권주식회사,C12,파생상품계약_장내파생상품_통화관련거래,10112000000,국내증권사,B,SF205,각주항목(09.06월 이후)
42881,202212,0010110,한화투자증권주식회사,C13,파생상품계약_장내파생상품_주식관련거래,584804572295,국내증권사,B,SF205,각주항목(09.06월 이후)
42882,202212,0010110,한화투자증권주식회사,C14,파생상품계약_장내파생상품_일반상품관련거래,0,국내증권사,B,SF205,각주항목(09.06월 이후)
42883,202212,0010110,한화투자증권주식회사,C15,파생상품계약_장내파생상품_기타,0,국내증권사,B,SF205,각주항목(09.06월 이후)
42884,202212,0010110,한화투자증권주식회사,C2,파생상품계약_장외파생상품,14443168385848,국내증권사,B,SF205,각주항목(09.06월 이후)
42885,202212,0010110,한화투자증권주식회사,C21,파생상품계약_장외파생상품_이자율관련거래,6127950820000,국내증권사,B,SF205,각주항목(09.06월 이후)
42886,202212,0010110,한화투자증권주식회사,C22,파생상품계약_장외파생상품_통화관련거래,3842436096329,국내증권사,B,SF205,각주항목(09.06월 이후)
42887,202212,0010110,한화투자증권주식회사,C23,파생상품계약_장외파생상품_주식관련거래,1948832959919,국내증권사,B,SF205,각주항목(09.06월 이후)
42888,202212,0010110,한화투자증권주식회사,C24,파생상품계약_장외파생상품_신용관련거래,2001698900000,국내증권사,B,SF205,각주항목(09.06월 이후)
42889,202212,0010110,한화투자증권주식회사,C25,파생상품계약_장외파생상품_기타,522249609600,국내증권사,B,SF205,각주항목(09.06월 이후)
42890,202212,0010110,한화투자증권주식회사,D,대차 및 대주거래,3581026523674,국내증권사,B,SF205,각주항목(09.06월 이후)
42891,202212,0010110,한화투자증권주식회사,D1,대차 및 대주거래_대여증권,1498058178535,국내증권사,B,SF205,각주항목(09.06월 이후)
42892,202212,0010110,한화투자증권주식회사,D2,대차 및 대주거래_차입증권,2082835636679,국내증권사,B,SF205,각주항목(09.06월 이후)
42893,202212,0010110,한화투자증권주식회사,D3,대차 및 대주거래_신용거래대주,132708460,국내증권사,B,SF205,각주항목(09.06월 이후)
42894,202212,0010110,한화투자증권주식회사,E,대손상각채권,0,국내증권사,B,SF205,각주항목(09.06월 이후)
42895,202212,0010110,한화투자증권주식회사,F,환전업무 예치금,0,국내증권사,B,SF205,각주항목(09.06월 이후)
42896,202212,0010110,한화투자증권주식회사,G,미배당별도예치금,0,국내증권사,B,SF205,각주항목(09.06월 이후)
42897,202212,0010110,한화투자증권주식회사,H,배서어음매출(종금계정),0,국내증권사,B,SF205,각주항목(09.06월 이후)
42898,202212,0010110,한화투자증권주식회사,H1,대출채권매매이익_담보부,0,국내증권사,B,SF205,각주항목(09.06월 이후)
42899,202212,0010110,한화투자증권주식회사,H2,대출채권매매이익_무담보부,0,국내증권사,B,SF205,각주항목(09.06월 이후)
42900,202303,0010110,한화투자증권주식회사,A,채무보증,1123324000000,국내증권사,B,SF205,각주항목(09.06월 이후)
42901,202303,0010110,한화투자증권주식회사,A1,채무보증_지급보증,26076000000,국내증권사,B,SF205,각주항목(09.06월 이후)
42902,202303,0010110,한화투자증권주식회사,A2,채무보증_매입보장약정,0,국내증권사,B,SF205,각주항목(09.06월 이후)
42903,202303,0010110,한화투자증권주식회사,A3,채무보증_채무인수약정,0,국내증권사,B,SF205,각주항목(09.06월 이후)
42904,202303,0010110,한화투자증권주식회사,A5,채무보증_매입확약,1097248000000,국내증권사,B,SF205,각주항목(09.06월 이후)
42905,202303,0010110,한화투자증권주식회사,A6,채무보증_기타,0,국내증권사,B,SF205,각주항목(09.06월 이후)
42906,202303,0010110,한화투자증권주식회사,B,투자자의 예수증권 등,51702669259985,국내증권사,B,SF205,각주항목(09.06월 이후)
42907,202303,0010110,한화투자증권주식회사,B1,투자자의 예수증권 등_예수 증권,51702669259985,국내증권사,B,SF205,각주항목(09.06월 이후)
42908,202303,0010110,한화투자증권주식회사,B2,투자자의 예수증권 등_예수양도성예금증서,0,국내증권사,B,SF205,각주항목(09.06월 이후)
42909,202303,0010110,한화투자증권주식회사,B3,투자자의 예수증권 등_기타,0,국내증권사,B,SF205,각주항목(09.06월 이후)
42910,202303,0010110,한화투자증권주식회사,C,파생상품계약,18776882684017,국내증권사,B,SF205,각주항목(09.06월 이후)
42911,202303,0010110,한화투자증권주식회사,C1,파생상품계약_장내파생상품,1021159115714,국내증권사,B,SF205,각주항목(09.06월 이후)
42912,202303,0010110,한화투자증권주식회사,C11,파생상품계약_장내파생상품_이자율관련거래,403795873433,국내증권사,B,SF205,각주항목(09.06월 이후)
42913,202303,0010110,한화투자증권주식회사,C12,파생상품계약_장내파생상품_통화관련거래,11759570000,국내증권사,B,SF205,각주항목(09.06월 이후)
42914,202303,0010110,한화투자증권주식회사,C13,파생상품계약_장내파생상품_주식관련거래,605603672281,국내증권사,B,SF205,각주항목(09.06월 이후)
42915,202303,0010110,한화투자증권주식회사,C14,파생상품계약_장내파생상품_일반상품관련거래,0,국내증권사,B,SF205,각주항목(09.06월 이후)
42916,202303,0010110,한화투자증권주식회사,C15,파생상품계약_장내파생상품_기타,0,국내증권사,B,SF205,각주항목(09.06월 이후)
42917,202303,0010110,한화투자증권주식회사,C2,파생상품계약_장외파생상품,17755723568303,국내증권사,B,SF205,각주항목(09.06월 이후)
42918,202303,0010110,한화투자증권주식회사,C21,파생상품계약_장외파생상품_이자율관련거래,6626917300000,국내증권사,B,SF205,각주항목(09.06월 이후)
42919,202303,0010110,한화투자증권주식회사,C22,파생상품계약_장외파생상품_통화관련거래,5901883319259,국내증권사,B,SF205,각주항목(09.06월 이후)
42920,202303,0010110,한화투자증권주식회사,C23,파생상품계약_장외파생상품_주식관련거래,1768609531804,국내증권사,B,SF205,각주항목(09.06월 이후)
42921,202303,0010110,한화투자증권주식회사,C24,파생상품계약_장외파생상품_신용관련거래,2908880700000,국내증권사,B,SF205,각주항목(09.06월 이후)
42922,202303,0010110,한화투자증권주식회사,C25,파생상품계약_장외파생상품_기타,549432717240,국내증권사,B,SF205,각주항목(09.06월 이후)
42923,202303,0010110,한화투자증권주식회사,D,대차 및 대주거래,3717319030973,국내증권사,B,SF205,각주항목(09.06월 이후)
42924,202303,0010110,한화투자증권주식회사,D1,대차 및 대주거래_대여증권,1488288115342,국내증권사,B,SF205,각주항목(09.06월 이후)
42925,202303,0010110,한화투자증권주식회사,D2,대차 및 대주거래_차입증권,2228867856781,국내증권사,B,SF205,각주항목(09.06월 이후)
42926,202303,0010110,한화투자증권주식회사,D3,대차 및 대주거래_신용거래대주,163058850,국내증권사,B,SF205,각주항목(09.06월 이후)
42927,202303,0010110,한화투자증권주식회사,E,대손상각채권,0,국내증권사,B,SF205,각주항목(09.06월 이후)
42928,202303,0010110,한화투자증권주식회사,F,환전업무 예치금,0,국내증권사,B,SF205,각주항목(09.06월 이후)
42929,202303,0010110,한화투자증권주식회사,G,미배당별도예치금,0,국내증권사,B,SF205,각주항목(09.06월 이후)
42930,202303,0010110,한화투자증권주식회사,H,배서어음매출(종금계정),0,국내증권사,B,SF205,각주항목(09.06월 이후)
42931,202303,0010110,한화투자증권주식회사,H1,대출채권매매이익_담보부,0,국내증권사,B,SF205,각주항목(09.06월 이후)
42932,202303,0010110,한화투자증권주식회사,H2,대출채권매매이익_무담보부,0,국내증권사,B,SF205,각주항목(09.06월 이후)
42933,202306,0010110,한화투자증권주식회사,A,채무보증,1129004518429,국내증권사,B,SF205,각주항목(09.06월 이후)
42934,202306,0010110,한화투자증권주식회사,A1,채무보증_지급보증,18018950000,국내증권사,B,SF205,각주항목(09.06월 이후)
42935,202306,0010110,한화투자증권주식회사,A2,채무보증_매입보장약정, ,국내증권사,B,SF205,각주항목(09.06월 이후)
42936,202306,0010110,한화투자증권주식회사,A3,채무보증_채무인수약정, ,국내증권사,B,SF205,각주항목(09.06월 이후)
42937,202306,0010110,한화투자증권주식회사,A5,채무보증_매입확약,1095323000000,국내증권사,B,SF205,각주항목(09.06월 이후)
42938,202306,0010110,한화투자증권주식회사,A6,채무보증_기타,15662568429,국내증권사,B,SF205,각주항목(09.06월 이후)
42939,202306,0010110,한화투자증권주식회사,B,투자자의 예수증권 등,54600734597333,국내증권사,B,SF205,각주항목(09.06월 이후)
42940,202306,0010110,한화투자증권주식회사,B1,투자자의 예수증권 등_예수 증권,54600734597333,국내증권사,B,SF205,각주항목(09.06월 이후)
42941,202306,0010110,한화투자증권주식회사,B2,투자자의 예수증권 등_예수양도성예금증서, ,국내증권사,B,SF205,각주항목(09.06월 이후)
42942,202306,0010110,한화투자증권주식회사,B3,투자자의 예수증권 등_기타, ,국내증권사,B,SF205,각주항목(09.06월 이후)
42943,202306,0010110,한화투자증권주식회사,C,파생상품계약,18912571824767,국내증권사,B,SF205,각주항목(09.06월 이후)
42944,202306,0010110,한화투자증권주식회사,C1,파생상품계약_장내파생상품,939549118974,국내증권사,B,SF205,각주항목(09.06월 이후)
42945,202306,0010110,한화투자증권주식회사,C11,파생상품계약_장내파생상품_이자율관련거래,435299204986,국내증권사,B,SF205,각주항목(09.06월 이후)
42946,202306,0010110,한화투자증권주식회사,C12,파생상품계약_장내파생상품_통화관련거래,25534691000,국내증권사,B,SF205,각주항목(09.06월 이후)
42947,202306,0010110,한화투자증권주식회사,C13,파생상품계약_장내파생상품_주식관련거래,478715222988,국내증권사,B,SF205,각주항목(09.06월 이후)
42948,202306,0010110,한화투자증권주식회사,C14,파생상품계약_장내파생상품_일반상품관련거래,0,국내증권사,B,SF205,각주항목(09.06월 이후)
42949,202306,0010110,한화투자증권주식회사,C15,파생상품계약_장내파생상품_기타,0,국내증권사,B,SF205,각주항목(09.06월 이후)
42950,202306,0010110,한화투자증권주식회사,C2,파생상품계약_장외파생상품,17973022705793,국내증권사,B,SF205,각주항목(09.06월 이후)
42951,202306,0010110,한화투자증권주식회사,C21,파생상품계약_장외파생상품_이자율관련거래,6991575160000,국내증권사,B,SF205,각주항목(09.06월 이후)
42952,202306,0010110,한화투자증권주식회사,C22,파생상품계약_장외파생상품_통화관련거래,6184909124538,국내증권사,B,SF205,각주항목(09.06월 이후)
42953,202306,0010110,한화투자증권주식회사,C23,파생상품계약_장외파생상품_주식관련거래,1271495973855,국내증권사,B,SF205,각주항목(09.06월 이후)
42954,202306,0010110,한화투자증권주식회사,C24,파생상품계약_장외파생상품_신용관련거래,2860872960000,국내증권사,B,SF205,각주항목(09.06월 이후)
42955,202306,0010110,한화투자증권주식회사,C25,파생상품계약_장외파생상품_기타,664169487400,국내증권사,B,SF205,각주항목(09.06월 이후)
42956,202306,0010110,한화투자증권주식회사,D,대차 및 대주거래,4140354204816,국내증권사,B,SF205,각주항목(09.06월 이후)
42957,202306,0010110,한화투자증권주식회사,D1,대차 및 대주거래_대여증권,1718546186425,국내증권사,B,SF205,각주항목(09.06월 이후)
42958,202306,0010110,한화투자증권주식회사,D2,대차 및 대주거래_차입증권,2421583295491,국내증권사,B,SF205,각주항목(09.06월 이후)
42959,202306,0010110,한화투자증권주식회사,D3,대차 및 대주거래_신용거래대주,224722900,국내증권사,B,SF205,각주항목(09.06월 이후)
42960,202306,0010110,한화투자증권주식회사,E,대손상각채권, ,국내증권사,B,SF205,각주항목(09.06월 이후)
42961,202306,0010110,한화투자증권주식회사,F,환전업무 예치금,0,국내증권사,B,SF205,각주항목(09.06월 이후)
42962,202306,0010110,한화투자증권주식회사,G,미배당별도예치금, ,국내증권사,B,SF205,각주항목(09.06월 이후)
42963,202306,0010110,한화투자증권주식회사,H,배서어음매출(종금계정),0,국내증권사,B,SF205,각주항목(09.06월 이후)
42964,202306,0010110,한화투자증권주식회사,H1,대출채권매매이익_담보부, ,국내증권사,B,SF205,각주항목(09.06월 이후)
42965,202306,0010110,한화투자증권주식회사,H2,대출채권매매이익_무담보부, ,국내증권사,B,SF205,각주항목(09.06월 이후)
42966,202309,0010110,한화투자증권주식회사,A,채무보증,1125746714667,국내증권사,B,SF205,각주항목(09.06월 이후)
42967,202309,0010110,한화투자증권주식회사,A1,채무보증_지급보증,26640850000,국내증권사,B,SF205,각주항목(09.06월 이후)
42968,202309,0010110,한화투자증권주식회사,A2,채무보증_매입보장약정, ,국내증권사,B,SF205,각주항목(09.06월 이후)
42969,202309,0010110,한화투자증권주식회사,A3,채무보증_채무인수약정, ,국내증권사,B,SF205,각주항목(09.06월 이후)
42970,202309,0010110,한화투자증권주식회사,A5,채무보증_매입확약,1081083000000,국내증권사,B,SF205,각주항목(09.06월 이후)
42971,202309,0010110,한화투자증권주식회사,A6,채무보증_기타,18022864667,국내증권사,B,SF205,각주항목(09.06월 이후)
42972,202309,0010110,한화투자증권주식회사,B,투자자의 예수증권 등,52112819337326,국내증권사,B,SF205,각주항목(09.06월 이후)
42973,202309,0010110,한화투자증권주식회사,B1,투자자의 예수증권 등_예수 증권,52112819337326,국내증권사,B,SF205,각주항목(09.06월 이후)
42974,202309,0010110,한화투자증권주식회사,B2,투자자의 예수증권 등_예수양도성예금증서,0,국내증권사,B,SF205,각주항목(09.06월 이후)
42975,202309,0010110,한화투자증권주식회사,B3,투자자의 예수증권 등_기타,0,국내증권사,B,SF205,각주항목(09.06월 이후)
42976,202309,0010110,한화투자증권주식회사,C,파생상품계약,19451190952424,국내증권사,B,SF205,각주항목(09.06월 이후)
42977,202309,0010110,한화투자증권주식회사,C1,파생상품계약_장내파생상품,1478168246631,국내증권사,B,SF205,각주항목(09.06월 이후)
42978,202309,0010110,한화투자증권주식회사,C11,파생상품계약_장내파생상품_이자율관련거래,259956148085,국내증권사,B,SF205,각주항목(09.06월 이후)
42979,202309,0010110,한화투자증권주식회사,C12,파생상품계약_장내파생상품_통화관련거래,10522200000,국내증권사,B,SF205,각주항목(09.06월 이후)
42980,202309,0010110,한화투자증권주식회사,C13,파생상품계약_장내파생상품_주식관련거래,1207689898546,국내증권사,B,SF205,각주항목(09.06월 이후)
42981,202309,0010110,한화투자증권주식회사,C14,파생상품계약_장내파생상품_일반상품관련거래,0,국내증권사,B,SF205,각주항목(09.06월 이후)
42982,202309,0010110,한화투자증권주식회사,C15,파생상품계약_장내파생상품_기타,0,국내증권사,B,SF205,각주항목(09.06월 이후)
42983,202309,0010110,한화투자증권주식회사,C2,파생상품계약_장외파생상품,17973022705793,국내증권사,B,SF205,각주항목(09.06월 이후)
42984,202309,0010110,한화투자증권주식회사,C21,파생상품계약_장외파생상품_이자율관련거래,6991575160000,국내증권사,B,SF205,각주항목(09.06월 이후)
42985,202309,0010110,한화투자증권주식회사,C22,파생상품계약_장외파생상품_통화관련거래,6184909124538,국내증권사,B,SF205,각주항목(09.06월 이후)
42986,202309,0010110,한화투자증권주식회사,C23,파생상품계약_장외파생상품_주식관련거래,1271495973855,국내증권사,B,SF205,각주항목(09.06월 이후)
42987,202309,0010110,한화투자증권주식회사,C24,파생상품계약_장외파생상품_신용관련거래,2860872960000,국내증권사,B,SF205,각주항목(09.06월 이후)
42988,202309,0010110,한화투자증권주식회사,C25,파생상품계약_장외파생상품_기타,664169487400,국내증권사,B,SF205,각주항목(09.06월 이후)
42989,202309,0010110,한화투자증권주식회사,D,대차 및 대주거래,4176571525935,국내증권사,B,SF205,각주항목(09.06월 이후)
42990,202309,0010110,한화투자증권주식회사,D1,대차 및 대주거래_대여증권,1840147787463,국내증권사,B,SF205,각주항목(09.06월 이후)
42991,202309,0010110,한화투자증권주식회사,D2,대차 및 대주거래_차입증권,2336298344972,국내증권사,B,SF205,각주항목(09.06월 이후)
42992,202309,0010110,한화투자증권주식회사,D3,대차 및 대주거래_신용거래대주,125393500,국내증권사,B,SF205,각주항목(09.06월 이후)
42993,202309,0010110,한화투자증권주식회사,E,대손상각채권,0,국내증권사,B,SF205,각주항목(09.06월 이후)
42994,202309,0010110,한화투자증권주식회사,F,환전업무 예치금,0,국내증권사,B,SF205,각주항목(09.06월 이후)
42995,202309,0010110,한화투자증권주식회사,G,미배당별도예치금,0,국내증권사,B,SF205,각주항목(09.06월 이후)
42996,202309,0010110,한화투자증권주식회사,H,배서어음매출(종금계정),0,국내증권사,B,SF205,각주항목(09.06월 이후)
42997,202309,0010110,한화투자증권주식회사,H1,대출채권매매이익_담보부,0,국내증권사,B,SF205,각주항목(09.06월 이후)
42998,202309,0010110,한화투자증권주식회사,H2,대출채권매매이익_무담보부,0,국내증권사,B,SF205,각주항목(09.06월 이후)
42999,202312,0010110,한화투자증권주식회사,A,채무보증,1037084472181,국내증권사,B,SF205,각주항목(09.06월 이후)
43000,202312,0010110,한화투자증권주식회사,A1,채무보증_지급보증,25722200000,국내증권사,B,SF205,각주항목(09.06월 이후)
43001,202312,0010110,한화투자증권주식회사,A2,채무보증_매입보장약정, ,국내증권사,B,SF205,각주항목(09.06월 이후)
43002,202312,0010110,한화투자증권주식회사,A3,채무보증_채무인수약정, ,국내증권사,B,SF205,각주항목(09.06월 이후)
43003,202312,0010110,한화투자증권주식회사,A5,채무보증_매입확약,1005283000000,국내증권사,B,SF205,각주항목(09.06월 이후)
43004,202312,0010110,한화투자증권주식회사,A6,채무보증_기타,6079272181,국내증권사,B,SF205,각주항목(09.06월 이후)
43005,202312,0010110,한화투자증권주식회사,B,투자자의 예수증권 등,55480377200281,국내증권사,B,SF205,각주항목(09.06월 이후)
43006,202312,0010110,한화투자증권주식회사,B1,투자자의 예수증권 등_예수 증권,55480377200281,국내증권사,B,SF205,각주항목(09.06월 이후)
43007,202312,0010110,한화투자증권주식회사,B2,투자자의 예수증권 등_예수양도성예금증서,0,국내증권사,B,SF205,각주항목(09.06월 이후)
43008,202312,0010110,한화투자증권주식회사,B3,투자자의 예수증권 등_기타,0,국내증권사,B,SF205,각주항목(09.06월 이후)
43009,202312,0010110,한화투자증권주식회사,C,파생상품계약,18920262063930,국내증권사,B,SF205,각주항목(09.06월 이후)
43010,202312,0010110,한화투자증권주식회사,C1,파생상품계약_장내파생상품,1127042244665,국내증권사,B,SF205,각주항목(09.06월 이후)
43011,202312,0010110,한화투자증권주식회사,C11,파생상품계약_장내파생상품_이자율관련거래,213757661604,국내증권사,B,SF205,각주항목(09.06월 이후)
43012,202312,0010110,한화투자증권주식회사,C12,파생상품계약_장내파생상품_통화관련거래,47475624000,국내증권사,B,SF205,각주항목(09.06월 이후)
43013,202312,0010110,한화투자증권주식회사,C13,파생상품계약_장내파생상품_주식관련거래,865808959061,국내증권사,B,SF205,각주항목(09.06월 이후)
43014,202312,0010110,한화투자증권주식회사,C14,파생상품계약_장내파생상품_일반상품관련거래,0,국내증권사,B,SF205,각주항목(09.06월 이후)
43015,202312,0010110,한화투자증권주식회사,C15,파생상품계약_장내파생상품_기타,0,국내증권사,B,SF205,각주항목(09.06월 이후)
43016,202312,0010110,한화투자증권주식회사,C2,파생상품계약_장외파생상품,17793219819265,국내증권사,B,SF205,각주항목(09.06월 이후)
43017,202312,0010110,한화투자증권주식회사,C21,파생상품계약_장외파생상품_이자율관련거래,6524988780000,국내증권사,B,SF205,각주항목(09.06월 이후)
43018,202312,0010110,한화투자증권주식회사,C22,파생상품계약_장외파생상품_통화관련거래,7812748418171,국내증권사,B,SF205,각주항목(09.06월 이후)
43019,202312,0010110,한화투자증권주식회사,C23,파생상품계약_장외파생상품_주식관련거래,1107740821004,국내증권사,B,SF205,각주항목(09.06월 이후)
43020,202312,0010110,한화투자증권주식회사,C24,파생상품계약_장외파생상품_신용관련거래,2034594100000,국내증권사,B,SF205,각주항목(09.06월 이후)
43021,202312,0010110,한화투자증권주식회사,C25,파생상품계약_장외파생상품_기타,313147700090,국내증권사,B,SF205,각주항목(09.06월 이후)
43022,202312,0010110,한화투자증권주식회사,D,대차 및 대주거래,1866434196820,국내증권사,B,SF205,각주항목(09.06월 이후)
43023,202312,0010110,한화투자증권주식회사,D1,대차 및 대주거래_대여증권,742605748418,국내증권사,B,SF205,각주항목(09.06월 이후)
43024,202312,0010110,한화투자증권주식회사,D2,대차 및 대주거래_차입증권,1123792515132,국내증권사,B,SF205,각주항목(09.06월 이후)
43025,202312,0010110,한화투자증권주식회사,D3,대차 및 대주거래_신용거래대주,35933270,국내증권사,B,SF205,각주항목(09.06월 이후)
43026,202312,0010110,한화투자증권주식회사,E,대손상각채권,0,국내증권사,B,SF205,각주항목(09.06월 이후)
43027,202312,0010110,한화투자증권주식회사,F,환전업무 예치금,0,국내증권사,B,SF205,각주항목(09.06월 이후)
43028,202312,0010110,한화투자증권주식회사,G,미배당별도예치금,0,국내증권사,B,SF205,각주항목(09.06월 이후)
43029,202312,0010110,한화투자증권주식회사,H,배서어음매출(종금계정),0,국내증권사,B,SF205,각주항목(09.06월 이후)
43030,202312,0010110,한화투자증권주식회사,H1,대출채권매매이익_담보부,0,국내증권사,B,SF205,각주항목(09.06월 이후)
43031,202312,0010110,한화투자증권주식회사,H2,대출채권매매이익_무담보부,0,국내증권사,B,SF205,각주항목(09.06월 이후)
43032,202403,0010110,한화투자증권주식회사,A,채무보증,1054648479081,국내증권사,B,SF205,각주항목(09.06월 이후)
43033,202403,0010110,한화투자증권주식회사,A1,채무보증_지급보증,26254050000,국내증권사,B,SF205,각주항목(09.06월 이후)
43034,202403,0010110,한화투자증권주식회사,A2,채무보증_매입보장약정, ,국내증권사,B,SF205,각주항목(09.06월 이후)
43035,202403,0010110,한화투자증권주식회사,A3,채무보증_채무인수약정, ,국내증권사,B,SF205,각주항목(09.06월 이후)
43036,202403,0010110,한화투자증권주식회사,A5,채무보증_매입확약,1024483000000,국내증권사,B,SF205,각주항목(09.06월 이후)
43037,202403,0010110,한화투자증권주식회사,A6,채무보증_기타,3911429081,국내증권사,B,SF205,각주항목(09.06월 이후)
43038,202403,0010110,한화투자증권주식회사,B,투자자의 예수증권 등,56798971330835,국내증권사,B,SF205,각주항목(09.06월 이후)
43039,202403,0010110,한화투자증권주식회사,B1,투자자의 예수증권 등_예수 증권,56798971330835,국내증권사,B,SF205,각주항목(09.06월 이후)
43040,202403,0010110,한화투자증권주식회사,B2,투자자의 예수증권 등_예수양도성예금증서,0,국내증권사,B,SF205,각주항목(09.06월 이후)
43041,202403,0010110,한화투자증권주식회사,B3,투자자의 예수증권 등_기타,0,국내증권사,B,SF205,각주항목(09.06월 이후)
43042,202403,0010110,한화투자증권주식회사,C,파생상품계약,19338352172500,국내증권사,B,SF205,각주항목(09.06월 이후)
43043,202403,0010110,한화투자증권주식회사,C1,파생상품계약_장내파생상품,1076237604601,국내증권사,B,SF205,각주항목(09.06월 이후)
43044,202403,0010110,한화투자증권주식회사,C11,파생상품계약_장내파생상품_이자율관련거래,374506528206,국내증권사,B,SF205,각주항목(09.06월 이후)
43045,202403,0010110,한화투자증권주식회사,C12,파생상품계약_장내파생상품_통화관련거래,9094904000,국내증권사,B,SF205,각주항목(09.06월 이후)
43046,202403,0010110,한화투자증권주식회사,C13,파생상품계약_장내파생상품_주식관련거래,692636172395,국내증권사,B,SF205,각주항목(09.06월 이후)
43047,202403,0010110,한화투자증권주식회사,C14,파생상품계약_장내파생상품_일반상품관련거래,0,국내증권사,B,SF205,각주항목(09.06월 이후)
43048,202403,0010110,한화투자증권주식회사,C15,파생상품계약_장내파생상품_기타,0,국내증권사,B,SF205,각주항목(09.06월 이후)
43049,202403,0010110,한화투자증권주식회사,C2,파생상품계약_장외파생상품,18262114567899,국내증권사,B,SF205,각주항목(09.06월 이후)
43050,202403,0010110,한화투자증권주식회사,C21,파생상품계약_장외파생상품_이자율관련거래,6527354380000,국내증권사,B,SF205,각주항목(09.06월 이후)
43051,202403,0010110,한화투자증권주식회사,C22,파생상품계약_장외파생상품_통화관련거래,7823135015974,국내증권사,B,SF205,각주항목(09.06월 이후)
43052,202403,0010110,한화투자증권주식회사,C23,파생상품계약_장외파생상품_주식관련거래,968832221835,국내증권사,B,SF205,각주항목(09.06월 이후)
43053,202403,0010110,한화투자증권주식회사,C24,파생상품계약_장외파생상품_신용관련거래,2678588250000,국내증권사,B,SF205,각주항목(09.06월 이후)
43054,202403,0010110,한화투자증권주식회사,C25,파생상품계약_장외파생상품_기타,264204700090,국내증권사,B,SF205,각주항목(09.06월 이후)
43055,202403,0010110,한화투자증권주식회사,D,대차 및 대주거래,1867445620828,국내증권사,B,SF205,각주항목(09.06월 이후)
43056,202403,0010110,한화투자증권주식회사,D1,대차 및 대주거래_대여증권,731731659989,국내증권사,B,SF205,각주항목(09.06월 이후)
43057,202403,0010110,한화투자증권주식회사,D2,대차 및 대주거래_차입증권,1135713960839,국내증권사,B,SF205,각주항목(09.06월 이후)
43058,202403,0010110,한화투자증권주식회사,D3,대차 및 대주거래_신용거래대주,0,국내증권사,B,SF205,각주항목(09.06월 이후)
43059,202403,0010110,한화투자증권주식회사,E,대손상각채권,0,국내증권사,B,SF205,각주항목(09.06월 이후)
43060,202403,0010110,한화투자증권주식회사,F,환전업무 예치금,0,국내증권사,B,SF205,각주항목(09.06월 이후)
43061,202403,0010110,한화투자증권주식회사,G,미배당별도예치금,0,국내증권사,B,SF205,각주항목(09.06월 이후)
43062,202403,0010110,한화투자증권주식회사,H,배서어음매출(종금계정),0,국내증권사,B,SF205,각주항목(09.06월 이후)
43063,202403,0010110,한화투자증권주식회사,H1,대출채권매매이익_담보부,0,국내증권사,B,SF205,각주항목(09.06월 이후)
43064,202403,0010110,한화투자증권주식회사,H2,대출채권매매이익_무담보부,0,국내증권사,B,SF205,각주항목(09.06월 이후)
43065,202406,0010110,한화투자증권주식회사,A,채무보증,961823759639,국내증권사,B,SF205,각주항목(09.06월 이후)
43066,202406,0010110,한화투자증권주식회사,A1,채무보증_지급보증,27081600000,국내증권사,B,SF205,각주항목(09.06월 이후)
43067,202406,0010110,한화투자증권주식회사,A2,채무보증_매입보장약정, ,국내증권사,B,SF205,각주항목(09.06월 이후)
43068,202406,0010110,한화투자증권주식회사,A3,채무보증_채무인수약정, ,국내증권사,B,SF205,각주항목(09.06월 이후)
43069,202406,0010110,한화투자증권주식회사,A5,채무보증_매입확약,930983000000,국내증권사,B,SF205,각주항목(09.06월 이후)
43070,202406,0010110,한화투자증권주식회사,A6,채무보증_기타,3759159639,국내증권사,B,SF205,각주항목(09.06월 이후)
43071,202406,0010110,한화투자증권주식회사,B,투자자의 예수증권 등,56500623521689,국내증권사,B,SF205,각주항목(09.06월 이후)
43072,202406,0010110,한화투자증권주식회사,B1,투자자의 예수증권 등_예수 증권,56500623521689,국내증권사,B,SF205,각주항목(09.06월 이후)
43073,202406,0010110,한화투자증권주식회사,B2,투자자의 예수증권 등_예수양도성예금증서,0,국내증권사,B,SF205,각주항목(09.06월 이후)
43074,202406,0010110,한화투자증권주식회사,B3,투자자의 예수증권 등_기타,0,국내증권사,B,SF205,각주항목(09.06월 이후)
43075,202406,0010110,한화투자증권주식회사,C,파생상품계약,18388927207460,국내증권사,B,SF205,각주항목(09.06월 이후)
43076,202406,0010110,한화투자증권주식회사,C1,파생상품계약_장내파생상품,1186683869692,국내증권사,B,SF205,각주항목(09.06월 이후)
43077,202406,0010110,한화투자증권주식회사,C11,파생상품계약_장내파생상품_이자율관련거래,840200880718,국내증권사,B,SF205,각주항목(09.06월 이후)
43078,202406,0010110,한화투자증권주식회사,C12,파생상품계약_장내파생상품_통화관련거래,9847864000,국내증권사,B,SF205,각주항목(09.06월 이후)
43079,202406,0010110,한화투자증권주식회사,C13,파생상품계약_장내파생상품_주식관련거래,336635124974,국내증권사,B,SF205,각주항목(09.06월 이후)
43080,202406,0010110,한화투자증권주식회사,C14,파생상품계약_장내파생상품_일반상품관련거래,0,국내증권사,B,SF205,각주항목(09.06월 이후)
43081,202406,0010110,한화투자증권주식회사,C15,파생상품계약_장내파생상품_기타,0,국내증권사,B,SF205,각주항목(09.06월 이후)
43082,202406,0010110,한화투자증권주식회사,C2,파생상품계약_장외파생상품,17202243337768,국내증권사,B,SF205,각주항목(09.06월 이후)
43083,202406,0010110,한화투자증권주식회사,C21,파생상품계약_장외파생상품_이자율관련거래,5180729800000,국내증권사,B,SF205,각주항목(09.06월 이후)
43084,202406,0010110,한화투자증권주식회사,C22,파생상품계약_장외파생상품_통화관련거래,7656882176860,국내증권사,B,SF205,각주항목(09.06월 이후)
43085,202406,0010110,한화투자증권주식회사,C23,파생상품계약_장외파생상품_주식관련거래,878378943690,국내증권사,B,SF205,각주항목(09.06월 이후)
43086,202406,0010110,한화투자증권주식회사,C24,파생상품계약_장외파생상품_신용관련거래,3055074150000,국내증권사,B,SF205,각주항목(09.06월 이후)
43087,202406,0010110,한화투자증권주식회사,C25,파생상품계약_장외파생상품_기타,431178267218,국내증권사,B,SF205,각주항목(09.06월 이후)
43088,202406,0010110,한화투자증권주식회사,D,대차 및 대주거래,1452962061792,국내증권사,B,SF205,각주항목(09.06월 이후)
43089,202406,0010110,한화투자증권주식회사,D1,대차 및 대주거래_대여증권,543769904657,국내증권사,B,SF205,각주항목(09.06월 이후)
43090,202406,0010110,한화투자증권주식회사,D2,대차 및 대주거래_차입증권,909192157135,국내증권사,B,SF205,각주항목(09.06월 이후)
43091,202406,0010110,한화투자증권주식회사,D3,대차 및 대주거래_신용거래대주,0,국내증권사,B,SF205,각주항목(09.06월 이후)
43092,202406,0010110,한화투자증권주식회사,E,대손상각채권,0,국내증권사,B,SF205,각주항목(09.06월 이후)
43093,202406,0010110,한화투자증권주식회사,F,환전업무 예치금,0,국내증권사,B,SF205,각주항목(09.06월 이후)
43094,202406,0010110,한화투자증권주식회사,G,미배당별도예치금,0,국내증권사,B,SF205,각주항목(09.06월 이후)
43095,202406,0010110,한화투자증권주식회사,H,배서어음매출(종금계정),0,국내증권사,B,SF205,각주항목(09.06월 이후)
43096,202406,0010110,한화투자증권주식회사,H1,대출채권매매이익_담보부,0,국내증권사,B,SF205,각주항목(09.06월 이후)
43097,202406,0010110,한화투자증권주식회사,H2,대출채권매매이익_무담보부,0,국내증권사,B,SF205,각주항목(09.06월 이후)
43098,202409,0010110,한화투자증권주식회사,A,채무보증,937082236363,국내증권사,B,SF205,각주항목(09.06월 이후)
43099,202409,0010110,한화투자증권주식회사,A1,채무보증_지급보증,26585600000,국내증권사,B,SF205,각주항목(09.06월 이후)
43100,202409,0010110,한화투자증권주식회사,A2,채무보증_매입보장약정, ,국내증권사,B,SF205,각주항목(09.06월 이후)
43101,202409,0010110,한화투자증권주식회사,A3,채무보증_채무인수약정, ,국내증권사,B,SF205,각주항목(09.06월 이후)
43102,202409,0010110,한화투자증권주식회사,A5,채무보증_매입확약,906746636363,국내증권사,B,SF205,각주항목(09.06월 이후)
43103,202409,0010110,한화투자증권주식회사,A6,채무보증_기타,3750000000,국내증권사,B,SF205,각주항목(09.06월 이후)
43104,202409,0010110,한화투자증권주식회사,B,투자자의 예수증권 등,56962594990728,국내증권사,B,SF205,각주항목(09.06월 이후)
43105,202409,0010110,한화투자증권주식회사,B1,투자자의 예수증권 등_예수 증권,56962594990728,국내증권사,B,SF205,각주항목(09.06월 이후)
43106,202409,0010110,한화투자증권주식회사,B2,투자자의 예수증권 등_예수양도성예금증서,0,국내증권사,B,SF205,각주항목(09.06월 이후)
43107,202409,0010110,한화투자증권주식회사,B3,투자자의 예수증권 등_기타,0,국내증권사,B,SF205,각주항목(09.06월 이후)
43108,202409,0010110,한화투자증권주식회사,C,파생상품계약,19556477149588,국내증권사,B,SF205,각주항목(09.06월 이후)
43109,202409,0010110,한화투자증권주식회사,C1,파생상품계약_장내파생상품,1777861033631,국내증권사,B,SF205,각주항목(09.06월 이후)
43110,202409,0010110,한화투자증권주식회사,C11,파생상품계약_장내파생상품_이자율관련거래,788086298924,국내증권사,B,SF205,각주항목(09.06월 이후)
43111,202409,0010110,한화투자증권주식회사,C12,파생상품계약_장내파생상품_통화관련거래,666315000,국내증권사,B,SF205,각주항목(09.06월 이후)
43112,202409,0010110,한화투자증권주식회사,C13,파생상품계약_장내파생상품_주식관련거래,989108419707,국내증권사,B,SF205,각주항목(09.06월 이후)
43113,202409,0010110,한화투자증권주식회사,C14,파생상품계약_장내파생상품_일반상품관련거래,0,국내증권사,B,SF205,각주항목(09.06월 이후)
43114,202409,0010110,한화투자증권주식회사,C15,파생상품계약_장내파생상품_기타,0,국내증권사,B,SF205,각주항목(09.06월 이후)
43115,202409,0010110,한화투자증권주식회사,C2,파생상품계약_장외파생상품,17778616115957,국내증권사,B,SF205,각주항목(09.06월 이후)
43116,202409,0010110,한화투자증권주식회사,C21,파생상품계약_장외파생상품_이자율관련거래,5302471960000,국내증권사,B,SF205,각주항목(09.06월 이후)
43117,202409,0010110,한화투자증권주식회사,C22,파생상품계약_장외파생상품_통화관련거래,7527685925542,국내증권사,B,SF205,각주항목(09.06월 이후)
43118,202409,0010110,한화투자증권주식회사,C23,파생상품계약_장외파생상품_주식관련거래,743774563811,국내증권사,B,SF205,각주항목(09.06월 이후)
43119,202409,0010110,한화투자증권주식회사,C24,파생상품계약_장외파생상품_신용관련거래,3730014700000,국내증권사,B,SF205,각주항목(09.06월 이후)
43120,202409,0010110,한화투자증권주식회사,C25,파생상품계약_장외파생상품_기타,474668966604,국내증권사,B,SF205,각주항목(09.06월 이후)
43121,202409,0010110,한화투자증권주식회사,D,대차 및 대주거래,1460858148346,국내증권사,B,SF205,각주항목(09.06월 이후)
43122,202409,0010110,한화투자증권주식회사,D1,대차 및 대주거래_대여증권,573957373729,국내증권사,B,SF205,각주항목(09.06월 이후)
43123,202409,0010110,한화투자증권주식회사,D2,대차 및 대주거래_차입증권,886900774617,국내증권사,B,SF205,각주항목(09.06월 이후)
43124,202409,0010110,한화투자증권주식회사,D3,대차 및 대주거래_신용거래대주,0,국내증권사,B,SF205,각주항목(09.06월 이후)
43125,202409,0010110,한화투자증권주식회사,E,대손상각채권,0,국내증권사,B,SF205,각주항목(09.06월 이후)
43126,202409,0010110,한화투자증권주식회사,F,환전업무 예치금,0,국내증권사,B,SF205,각주항목(09.06월 이후)
43127,202409,0010110,한화투자증권주식회사,G,미배당별도예치금,0,국내증권사,B,SF205,각주항목(09.06월 이후)
43128,202409,0010110,한화투자증권주식회사,H,배서어음매출(종금계정),0,국내증권사,B,SF205,각주항목(09.06월 이후)
43129,202409,0010110,한화투자증권주식회사,H1,대출채권매매이익_담보부,0,국내증권사,B,SF205,각주항목(09.06월 이후)
43130,202409,0010110,한화투자증권주식회사,H2,대출채권매매이익_무담보부,0,국내증권사,B,SF205,각주항목(09.06월 이후)
43131,202412,0010110,한화투자증권주식회사,A,채무보증,802414880673,국내증권사,B,SF205,각주항목(09.06월 이후)
43132,202412,0010110,한화투자증권주식회사,A1,채무보증_지급보증,28619200000,국내증권사,B,SF205,각주항목(09.06월 이후)
43133,202412,0010110,한화투자증권주식회사,A2,채무보증_매입보장약정, ,국내증권사,B,SF205,각주항목(09.06월 이후)
43134,202412,0010110,한화투자증권주식회사,A3,채무보증_채무인수약정, ,국내증권사,B,SF205,각주항목(09.06월 이후)
43135,202412,0010110,한화투자증권주식회사,A5,채무보증_매입확약,754511000000,국내증권사,B,SF205,각주항목(09.06월 이후)
43136,202412,0010110,한화투자증권주식회사,A6,채무보증_기타,19284680673,국내증권사,B,SF205,각주항목(09.06월 이후)
43137,202412,0010110,한화투자증권주식회사,B,투자자의 예수증권 등,58306936908098,국내증권사,B,SF205,각주항목(09.06월 이후)
43138,202412,0010110,한화투자증권주식회사,B1,투자자의 예수증권 등_예수 증권,58306936908098,국내증권사,B,SF205,각주항목(09.06월 이후)
43139,202412,0010110,한화투자증권주식회사,B2,투자자의 예수증권 등_예수양도성예금증서,0,국내증권사,B,SF205,각주항목(09.06월 이후)
43140,202412,0010110,한화투자증권주식회사,B3,투자자의 예수증권 등_기타,0,국내증권사,B,SF205,각주항목(09.06월 이후)
43141,202412,0010110,한화투자증권주식회사,C,파생상품계약,21365724749431,국내증권사,B,SF205,각주항목(09.06월 이후)
43142,202412,0010110,한화투자증권주식회사,C1,파생상품계약_장내파생상품,2061811325298,국내증권사,B,SF205,각주항목(09.06월 이후)
43143,202412,0010110,한화투자증권주식회사,C11,파생상품계약_장내파생상품_이자율관련거래,531342121800,국내증권사,B,SF205,각주항목(09.06월 이후)
43144,202412,0010110,한화투자증권주식회사,C12,파생상품계약_장내파생상품_통화관련거래,3840876000,국내증권사,B,SF205,각주항목(09.06월 이후)
43145,202412,0010110,한화투자증권주식회사,C13,파생상품계약_장내파생상품_주식관련거래,1526628327498,국내증권사,B,SF205,각주항목(09.06월 이후)
43146,202412,0010110,한화투자증권주식회사,C14,파생상품계약_장내파생상품_일반상품관련거래,0,국내증권사,B,SF205,각주항목(09.06월 이후)
43147,202412,0010110,한화투자증권주식회사,C15,파생상품계약_장내파생상품_기타,0,국내증권사,B,SF205,각주항목(09.06월 이후)
43148,202412,0010110,한화투자증권주식회사,C2,파생상품계약_장외파생상품,19303913424133,국내증권사,B,SF205,각주항목(09.06월 이후)
43149,202412,0010110,한화투자증권주식회사,C21,파생상품계약_장외파생상품_이자율관련거래,7033636260000,국내증권사,B,SF205,각주항목(09.06월 이후)
43150,202412,0010110,한화투자증권주식회사,C22,파생상품계약_장외파생상품_통화관련거래,7442942116172,국내증권사,B,SF205,각주항목(09.06월 이후)
43151,202412,0010110,한화투자증권주식회사,C23,파생상품계약_장외파생상품_주식관련거래,666428981357,국내증권사,B,SF205,각주항목(09.06월 이후)
43152,202412,0010110,한화투자증권주식회사,C24,파생상품계약_장외파생상품_신용관련거래,3770224100000,국내증권사,B,SF205,각주항목(09.06월 이후)
43153,202412,0010110,한화투자증권주식회사,C25,파생상품계약_장외파생상품_기타,390681966604,국내증권사,B,SF205,각주항목(09.06월 이후)
43154,202412,0010110,한화투자증권주식회사,D,대차 및 대주거래,3139203228758,국내증권사,B,SF205,각주항목(09.06월 이후)
43155,202412,0010110,한화투자증권주식회사,D1,대차 및 대주거래_대여증권,1300976754688,국내증권사,B,SF205,각주항목(09.06월 이후)
43156,202412,0010110,한화투자증권주식회사,D2,대차 및 대주거래_차입증권,1838226474070,국내증권사,B,SF205,각주항목(09.06월 이후)
43157,202412,0010110,한화투자증권주식회사,D3,대차 및 대주거래_신용거래대주,0,국내증권사,B,SF205,각주항목(09.06월 이후)
43158,202412,0010110,한화투자증권주식회사,E,대손상각채권,0,국내증권사,B,SF205,각주항목(09.06월 이후)
43159,202412,0010110,한화투자증권주식회사,F,환전업무 예치금,0,국내증권사,B,SF205,각주항목(09.06월 이후)
43160,202412,0010110,한화투자증권주식회사,G,미배당별도예치금,0,국내증권사,B,SF205,각주항목(09.06월 이후)
43161,202412,0010110,한화투자증권주식회사,H,배서어음매출(종금계정),0,국내증권사,B,SF205,각주항목(09.06월 이후)
43162,202412,0010110,한화투자증권주식회사,H1,대출채권매매이익_담보부,0,국내증권사,B,SF205,각주항목(09.06월 이후)
43163,202412,0010110,한화투자증권주식회사,H2,대출채권매매이익_무담보부,0,국내증권사,B,SF205,각주항목(09.06월 이후)
43164,201703,0010111,현대차증권주식회사,A,채무보증,659000000000,국내증권사,B,SF205,각주항목(09.06월 이후)
43165,201703,0010111,현대차증권주식회사,A1,채무보증_지급보증,1500000000,국내증권사,B,SF205,각주항목(09.06월 이후)
43166,201703,0010111,현대차증권주식회사,A2,채무보증_매입보장약정,50500000000,국내증권사,B,SF205,각주항목(09.06월 이후)
43167,201703,0010111,현대차증권주식회사,A3,채무보증_채무인수약정,0,국내증권사,B,SF205,각주항목(09.06월 이후)
43168,201703,0010111,현대차증권주식회사,A5,채무보증_매입확약,607000000000,국내증권사,B,SF205,각주항목(09.06월 이후)
43169,201703,0010111,현대차증권주식회사,A6,채무보증_기타,0,국내증권사,B,SF205,각주항목(09.06월 이후)
43170,201703,0010111,현대차증권주식회사,B,투자자의 예수증권 등,45201966779612,국내증권사,B,SF205,각주항목(09.06월 이후)
43171,201703,0010111,현대차증권주식회사,B1,투자자의 예수증권 등_예수 증권,45201966779612,국내증권사,B,SF205,각주항목(09.06월 이후)
43172,201703,0010111,현대차증권주식회사,B2,투자자의 예수증권 등_예수양도성예금증서, ,국내증권사,B,SF205,각주항목(09.06월 이후)
43173,201703,0010111,현대차증권주식회사,B3,투자자의 예수증권 등_기타, ,국내증권사,B,SF205,각주항목(09.06월 이후)
43174,201703,0010111,현대차증권주식회사,C,파생상품계약,3516525229974,국내증권사,B,SF205,각주항목(09.06월 이후)
43175,201703,0010111,현대차증권주식회사,C1,파생상품계약_장내파생상품,1064006597158,국내증권사,B,SF205,각주항목(09.06월 이후)
43176,201703,0010111,현대차증권주식회사,C11,파생상품계약_장내파생상품_이자율관련거래,441340406404,국내증권사,B,SF205,각주항목(09.06월 이후)
43177,201703,0010111,현대차증권주식회사,C12,파생상품계약_장내파생상품_통화관련거래,0,국내증권사,B,SF205,각주항목(09.06월 이후)
43178,201703,0010111,현대차증권주식회사,C13,파생상품계약_장내파생상품_주식관련거래,622666190754,국내증권사,B,SF205,각주항목(09.06월 이후)
43179,201703,0010111,현대차증권주식회사,C14,파생상품계약_장내파생상품_일반상품관련거래,0,국내증권사,B,SF205,각주항목(09.06월 이후)
43180,201703,0010111,현대차증권주식회사,C15,파생상품계약_장내파생상품_기타,0,국내증권사,B,SF205,각주항목(09.06월 이후)
43181,201703,0010111,현대차증권주식회사,C2,파생상품계약_장외파생상품,2452518632816,국내증권사,B,SF205,각주항목(09.06월 이후)
43182,201703,0010111,현대차증권주식회사,C21,파생상품계약_장외파생상품_이자율관련거래,1850600000000,국내증권사,B,SF205,각주항목(09.06월 이후)
43183,201703,0010111,현대차증권주식회사,C22,파생상품계약_장외파생상품_통화관련거래,178167683236,국내증권사,B,SF205,각주항목(09.06월 이후)
43184,201703,0010111,현대차증권주식회사,C23,파생상품계약_장외파생상품_주식관련거래,362904499780,국내증권사,B,SF205,각주항목(09.06월 이후)
43185,201703,0010111,현대차증권주식회사,C24,파생상품계약_장외파생상품_신용관련거래,60000449800,국내증권사,B,SF205,각주항목(09.06월 이후)
43186,201703,0010111,현대차증권주식회사,C25,파생상품계약_장외파생상품_기타,846000000,국내증권사,B,SF205,각주항목(09.06월 이후)
43187,201703,0010111,현대차증권주식회사,D,대차 및 대주거래,697542946919,국내증권사,B,SF205,각주항목(09.06월 이후)
43188,201703,0010111,현대차증권주식회사,D1,대차 및 대주거래_대여증권,52192867502,국내증권사,B,SF205,각주항목(09.06월 이후)
43189,201703,0010111,현대차증권주식회사,D2,대차 및 대주거래_차입증권,645350079417,국내증권사,B,SF205,각주항목(09.06월 이후)
43190,201703,0010111,현대차증권주식회사,D3,대차 및 대주거래_신용거래대주, ,국내증권사,B,SF205,각주항목(09.06월 이후)
43191,201703,0010111,현대차증권주식회사,E,대손상각채권,18169619288,국내증권사,B,SF205,각주항목(09.06월 이후)
43192,201703,0010111,현대차증권주식회사,F,환전업무 예치금,0,국내증권사,B,SF205,각주항목(09.06월 이후)
43193,201703,0010111,현대차증권주식회사,G,미배당별도예치금, ,국내증권사,B,SF205,각주항목(09.06월 이후)
43194,201703,0010111,현대차증권주식회사,H,배서어음매출(종금계정),0,국내증권사,B,SF205,각주항목(09.06월 이후)
43195,201703,0010111,현대차증권주식회사,H1,대출채권매매이익_담보부, ,국내증권사,B,SF205,각주항목(09.06월 이후)
43196,201703,0010111,현대차증권주식회사,H2,대출채권매매이익_무담보부, ,국내증권사,B,SF205,각주항목(09.06월 이후)
43197,201706,0010111,현대차증권주식회사,A,채무보증,549342807018,국내증권사,B,SF205,각주항목(09.06월 이후)
43198,201706,0010111,현대차증권주식회사,A1,채무보증_지급보증,1500000000,국내증권사,B,SF205,각주항목(09.06월 이후)
43199,201706,0010111,현대차증권주식회사,A2,채무보증_매입보장약정,50500000000,국내증권사,B,SF205,각주항목(09.06월 이후)
43200,201706,0010111,현대차증권주식회사,A3,채무보증_채무인수약정,0,국내증권사,B,SF205,각주항목(09.06월 이후)
43201,201706,0010111,현대차증권주식회사,A5,채무보증_매입확약,497342807018,국내증권사,B,SF205,각주항목(09.06월 이후)
43202,201706,0010111,현대차증권주식회사,A6,채무보증_기타,0,국내증권사,B,SF205,각주항목(09.06월 이후)
43203,201706,0010111,현대차증권주식회사,B,투자자의 예수증권 등,47183395487994,국내증권사,B,SF205,각주항목(09.06월 이후)
43204,201706,0010111,현대차증권주식회사,B1,투자자의 예수증권 등_예수 증권,47183395487994,국내증권사,B,SF205,각주항목(09.06월 이후)
43205,201706,0010111,현대차증권주식회사,B2,투자자의 예수증권 등_예수양도성예금증서, ,국내증권사,B,SF205,각주항목(09.06월 이후)
43206,201706,0010111,현대차증권주식회사,B3,투자자의 예수증권 등_기타, ,국내증권사,B,SF205,각주항목(09.06월 이후)
43207,201706,0010111,현대차증권주식회사,C,파생상품계약,4098888530949,국내증권사,B,SF205,각주항목(09.06월 이후)
43208,201706,0010111,현대차증권주식회사,C1,파생상품계약_장내파생상품,795765621867,국내증권사,B,SF205,각주항목(09.06월 이후)
43209,201706,0010111,현대차증권주식회사,C11,파생상품계약_장내파생상품_이자율관련거래,396259640000,국내증권사,B,SF205,각주항목(09.06월 이후)
43210,201706,0010111,현대차증권주식회사,C12,파생상품계약_장내파생상품_통화관련거래,572050000,국내증권사,B,SF205,각주항목(09.06월 이후)
43211,201706,0010111,현대차증권주식회사,C13,파생상품계약_장내파생상품_주식관련거래,398933931867,국내증권사,B,SF205,각주항목(09.06월 이후)
43212,201706,0010111,현대차증권주식회사,C14,파생상품계약_장내파생상품_일반상품관련거래,0,국내증권사,B,SF205,각주항목(09.06월 이후)
43213,201706,0010111,현대차증권주식회사,C15,파생상품계약_장내파생상품_기타,0,국내증권사,B,SF205,각주항목(09.06월 이후)
43214,201706,0010111,현대차증권주식회사,C2,파생상품계약_장외파생상품,3303122909082,국내증권사,B,SF205,각주항목(09.06월 이후)
43215,201706,0010111,현대차증권주식회사,C21,파생상품계약_장외파생상품_이자율관련거래,2122600000000,국내증권사,B,SF205,각주항목(09.06월 이후)
43216,201706,0010111,현대차증권주식회사,C22,파생상품계약_장외파생상품_통화관련거래,180030485421,국내증권사,B,SF205,각주항목(09.06월 이후)
43217,201706,0010111,현대차증권주식회사,C23,파생상품계약_장외파생상품_주식관련거래,537605975555,국내증권사,B,SF205,각주항목(09.06월 이후)
43218,201706,0010111,현대차증권주식회사,C24,파생상품계약_장외파생상품_신용관련거래,460000448106,국내증권사,B,SF205,각주항목(09.06월 이후)
43219,201706,0010111,현대차증권주식회사,C25,파생상품계약_장외파생상품_기타,2886000000,국내증권사,B,SF205,각주항목(09.06월 이후)
43220,201706,0010111,현대차증권주식회사,D,대차 및 대주거래,797983783014,국내증권사,B,SF205,각주항목(09.06월 이후)
43221,201706,0010111,현대차증권주식회사,D1,대차 및 대주거래_대여증권,66787129167,국내증권사,B,SF205,각주항목(09.06월 이후)
43222,201706,0010111,현대차증권주식회사,D2,대차 및 대주거래_차입증권,731196653847,국내증권사,B,SF205,각주항목(09.06월 이후)
43223,201706,0010111,현대차증권주식회사,D3,대차 및 대주거래_신용거래대주, ,국내증권사,B,SF205,각주항목(09.06월 이후)
43224,201706,0010111,현대차증권주식회사,E,대손상각채권,18169619288,국내증권사,B,SF205,각주항목(09.06월 이후)
43225,201706,0010111,현대차증권주식회사,F,환전업무 예치금,0,국내증권사,B,SF205,각주항목(09.06월 이후)
43226,201706,0010111,현대차증권주식회사,G,미배당별도예치금, ,국내증권사,B,SF205,각주항목(09.06월 이후)
43227,201706,0010111,현대차증권주식회사,H,배서어음매출(종금계정),0,국내증권사,B,SF205,각주항목(09.06월 이후)
43228,201706,0010111,현대차증권주식회사,H1,대출채권매매이익_담보부, ,국내증권사,B,SF205,각주항목(09.06월 이후)
43229,201706,0010111,현대차증권주식회사,H2,대출채권매매이익_무담보부, ,국내증권사,B,SF205,각주항목(09.06월 이후)
43230,201709,0010111,현대차증권주식회사,A,채무보증,607400000000,국내증권사,B,SF205,각주항목(09.06월 이후)
43231,201709,0010111,현대차증권주식회사,A1,채무보증_지급보증,0,국내증권사,B,SF205,각주항목(09.06월 이후)
43232,201709,0010111,현대차증권주식회사,A2,채무보증_매입보장약정,50500000000,국내증권사,B,SF205,각주항목(09.06월 이후)
43233,201709,0010111,현대차증권주식회사,A3,채무보증_채무인수약정,0,국내증권사,B,SF205,각주항목(09.06월 이후)
43234,201709,0010111,현대차증권주식회사,A5,채무보증_매입확약,556900000000,국내증권사,B,SF205,각주항목(09.06월 이후)
43235,201709,0010111,현대차증권주식회사,A6,채무보증_기타,0,국내증권사,B,SF205,각주항목(09.06월 이후)
43236,201709,0010111,현대차증권주식회사,B,투자자의 예수증권 등,43475270751730,국내증권사,B,SF205,각주항목(09.06월 이후)
43237,201709,0010111,현대차증권주식회사,B1,투자자의 예수증권 등_예수 증권,43475270751730,국내증권사,B,SF205,각주항목(09.06월 이후)
43238,201709,0010111,현대차증권주식회사,B2,투자자의 예수증권 등_예수양도성예금증서, ,국내증권사,B,SF205,각주항목(09.06월 이후)
43239,201709,0010111,현대차증권주식회사,B3,투자자의 예수증권 등_기타, ,국내증권사,B,SF205,각주항목(09.06월 이후)
43240,201709,0010111,현대차증권주식회사,C,파생상품계약,3993498465352,국내증권사,B,SF205,각주항목(09.06월 이후)
43241,201709,0010111,현대차증권주식회사,C1,파생상품계약_장내파생상품,785059503533,국내증권사,B,SF205,각주항목(09.06월 이후)
43242,201709,0010111,현대차증권주식회사,C11,파생상품계약_장내파생상품_이자율관련거래,452062805890,국내증권사,B,SF205,각주항목(09.06월 이후)
43243,201709,0010111,현대차증권주식회사,C12,파생상품계약_장내파생상품_통화관련거래,0,국내증권사,B,SF205,각주항목(09.06월 이후)
43244,201709,0010111,현대차증권주식회사,C13,파생상품계약_장내파생상품_주식관련거래,332996697643,국내증권사,B,SF205,각주항목(09.06월 이후)
43245,201709,0010111,현대차증권주식회사,C14,파생상품계약_장내파생상품_일반상품관련거래,0,국내증권사,B,SF205,각주항목(09.06월 이후)
43246,201709,0010111,현대차증권주식회사,C15,파생상품계약_장내파생상품_기타,0,국내증권사,B,SF205,각주항목(09.06월 이후)
43247,201709,0010111,현대차증권주식회사,C2,파생상품계약_장외파생상품,3208438961819,국내증권사,B,SF205,각주항목(09.06월 이후)
43248,201709,0010111,현대차증권주식회사,C21,파생상품계약_장외파생상품_이자율관련거래,2036600000000,국내증권사,B,SF205,각주항목(09.06월 이후)
43249,201709,0010111,현대차증권주식회사,C22,파생상품계약_장외파생상품_통화관련거래,180101392658,국내증권사,B,SF205,각주항목(09.06월 이후)
43250,201709,0010111,현대차증권주식회사,C23,파생상품계약_장외파생상품_주식관련거래,528851121055,국내증권사,B,SF205,각주항목(09.06월 이후)
43251,201709,0010111,현대차증권주식회사,C24,파생상품계약_장외파생상품_신용관련거래,460000448106,국내증권사,B,SF205,각주항목(09.06월 이후)
43252,201709,0010111,현대차증권주식회사,C25,파생상품계약_장외파생상품_기타,2886000000,국내증권사,B,SF205,각주항목(09.06월 이후)
43253,201709,0010111,현대차증권주식회사,D,대차 및 대주거래,869968637102,국내증권사,B,SF205,각주항목(09.06월 이후)
43254,201709,0010111,현대차증권주식회사,D1,대차 및 대주거래_대여증권,47414356205,국내증권사,B,SF205,각주항목(09.06월 이후)
43255,201709,0010111,현대차증권주식회사,D2,대차 및 대주거래_차입증권,822554280897,국내증권사,B,SF205,각주항목(09.06월 이후)
43256,201709,0010111,현대차증권주식회사,D3,대차 및 대주거래_신용거래대주, ,국내증권사,B,SF205,각주항목(09.06월 이후)
43257,201709,0010111,현대차증권주식회사,E,대손상각채권,18169619288,국내증권사,B,SF205,각주항목(09.06월 이후)
43258,201709,0010111,현대차증권주식회사,F,환전업무 예치금,0,국내증권사,B,SF205,각주항목(09.06월 이후)
43259,201709,0010111,현대차증권주식회사,G,미배당별도예치금, ,국내증권사,B,SF205,각주항목(09.06월 이후)
43260,201709,0010111,현대차증권주식회사,H,배서어음매출(종금계정),0,국내증권사,B,SF205,각주항목(09.06월 이후)
43261,201709,0010111,현대차증권주식회사,H1,대출채권매매이익_담보부, ,국내증권사,B,SF205,각주항목(09.06월 이후)
43262,201709,0010111,현대차증권주식회사,H2,대출채권매매이익_무담보부, ,국내증권사,B,SF205,각주항목(09.06월 이후)
43263,201712,0010111,현대차증권주식회사,A,채무보증,607000000000,국내증권사,B,SF205,각주항목(09.06월 이후)
43264,201712,0010111,현대차증권주식회사,A1,채무보증_지급보증,0,국내증권사,B,SF205,각주항목(09.06월 이후)
43265,201712,0010111,현대차증권주식회사,A2,채무보증_매입보장약정,50500000000,국내증권사,B,SF205,각주항목(09.06월 이후)
43266,201712,0010111,현대차증권주식회사,A3,채무보증_채무인수약정,0,국내증권사,B,SF205,각주항목(09.06월 이후)
43267,201712,0010111,현대차증권주식회사,A5,채무보증_매입확약,556500000000,국내증권사,B,SF205,각주항목(09.06월 이후)
43268,201712,0010111,현대차증권주식회사,A6,채무보증_기타,0,국내증권사,B,SF205,각주항목(09.06월 이후)
43269,201712,0010111,현대차증권주식회사,B,투자자의 예수증권 등,44412715736420,국내증권사,B,SF205,각주항목(09.06월 이후)
43270,201712,0010111,현대차증권주식회사,B1,투자자의 예수증권 등_예수 증권,44412715736420,국내증권사,B,SF205,각주항목(09.06월 이후)
43271,201712,0010111,현대차증권주식회사,B2,투자자의 예수증권 등_예수양도성예금증서, ,국내증권사,B,SF205,각주항목(09.06월 이후)
43272,201712,0010111,현대차증권주식회사,B3,투자자의 예수증권 등_기타, ,국내증권사,B,SF205,각주항목(09.06월 이후)
43273,201712,0010111,현대차증권주식회사,C,파생상품계약,4287243608333,국내증권사,B,SF205,각주항목(09.06월 이후)
43274,201712,0010111,현대차증권주식회사,C1,파생상품계약_장내파생상품,637347979298,국내증권사,B,SF205,각주항목(09.06월 이후)
43275,201712,0010111,현대차증권주식회사,C11,파생상품계약_장내파생상품_이자율관련거래,482976581044,국내증권사,B,SF205,각주항목(09.06월 이후)
43276,201712,0010111,현대차증권주식회사,C12,파생상품계약_장내파생상품_통화관련거래,0,국내증권사,B,SF205,각주항목(09.06월 이후)
43277,201712,0010111,현대차증권주식회사,C13,파생상품계약_장내파생상품_주식관련거래,154371398254,국내증권사,B,SF205,각주항목(09.06월 이후)
43278,201712,0010111,현대차증권주식회사,C14,파생상품계약_장내파생상품_일반상품관련거래,0,국내증권사,B,SF205,각주항목(09.06월 이후)
43279,201712,0010111,현대차증권주식회사,C15,파생상품계약_장내파생상품_기타,0,국내증권사,B,SF205,각주항목(09.06월 이후)
43280,201712,0010111,현대차증권주식회사,C2,파생상품계약_장외파생상품,3649895629035,국내증권사,B,SF205,각주항목(09.06월 이후)
43281,201712,0010111,현대차증권주식회사,C21,파생상품계약_장외파생상품_이자율관련거래,2416600000000,국내증권사,B,SF205,각주항목(09.06월 이후)
43282,201712,0010111,현대차증권주식회사,C22,파생상품계약_장외파생상품_통화관련거래,117786198271,국내증권사,B,SF205,각주항목(09.06월 이후)
43283,201712,0010111,현대차증권주식회사,C23,파생상품계약_장외파생상품_주식관련거래,655508982658,국내증권사,B,SF205,각주항목(09.06월 이후)
43284,201712,0010111,현대차증권주식회사,C24,파생상품계약_장외파생상품_신용관련거래,460000448106,국내증권사,B,SF205,각주항목(09.06월 이후)
43285,201712,0010111,현대차증권주식회사,C25,파생상품계약_장외파생상품_기타,0,국내증권사,B,SF205,각주항목(09.06월 이후)
43286,201712,0010111,현대차증권주식회사,D,대차 및 대주거래,653978148026,국내증권사,B,SF205,각주항목(09.06월 이후)
43287,201712,0010111,현대차증권주식회사,D1,대차 및 대주거래_대여증권,43611019741,국내증권사,B,SF205,각주항목(09.06월 이후)
43288,201712,0010111,현대차증권주식회사,D2,대차 및 대주거래_차입증권,610367128285,국내증권사,B,SF205,각주항목(09.06월 이후)
43289,201712,0010111,현대차증권주식회사,D3,대차 및 대주거래_신용거래대주, ,국내증권사,B,SF205,각주항목(09.06월 이후)
43290,201712,0010111,현대차증권주식회사,E,대손상각채권,18169619288,국내증권사,B,SF205,각주항목(09.06월 이후)
43291,201712,0010111,현대차증권주식회사,F,환전업무 예치금,0,국내증권사,B,SF205,각주항목(09.06월 이후)
43292,201712,0010111,현대차증권주식회사,G,미배당별도예치금, ,국내증권사,B,SF205,각주항목(09.06월 이후)
43293,201712,0010111,현대차증권주식회사,H,배서어음매출(종금계정),0,국내증권사,B,SF205,각주항목(09.06월 이후)
43294,201712,0010111,현대차증권주식회사,H1,대출채권매매이익_담보부, ,국내증권사,B,SF205,각주항목(09.06월 이후)
43295,201712,0010111,현대차증권주식회사,H2,대출채권매매이익_무담보부, ,국내증권사,B,SF205,각주항목(09.06월 이후)
43296,201803,0010111,현대차증권주식회사,A,채무보증,612100000000,국내증권사,B,SF205,각주항목(09.06월 이후)
43297,201803,0010111,현대차증권주식회사,A1,채무보증_지급보증,0,국내증권사,B,SF205,각주항목(09.06월 이후)
43298,201803,0010111,현대차증권주식회사,A2,채무보증_매입보장약정,50500000000,국내증권사,B,SF205,각주항목(09.06월 이후)
43299,201803,0010111,현대차증권주식회사,A3,채무보증_채무인수약정,0,국내증권사,B,SF205,각주항목(09.06월 이후)
43300,201803,0010111,현대차증권주식회사,A5,채무보증_매입확약,561600000000,국내증권사,B,SF205,각주항목(09.06월 이후)
43301,201803,0010111,현대차증권주식회사,A6,채무보증_기타,0,국내증권사,B,SF205,각주항목(09.06월 이후)
43302,201803,0010111,현대차증권주식회사,B,투자자의 예수증권 등,44907252723967,국내증권사,B,SF205,각주항목(09.06월 이후)
43303,201803,0010111,현대차증권주식회사,B1,투자자의 예수증권 등_예수 증권,44907252723967,국내증권사,B,SF205,각주항목(09.06월 이후)
43304,201803,0010111,현대차증권주식회사,B2,투자자의 예수증권 등_예수양도성예금증서, ,국내증권사,B,SF205,각주항목(09.06월 이후)
43305,201803,0010111,현대차증권주식회사,B3,투자자의 예수증권 등_기타, ,국내증권사,B,SF205,각주항목(09.06월 이후)
43306,201803,0010111,현대차증권주식회사,C,파생상품계약,5561176280436,국내증권사,B,SF205,각주항목(09.06월 이후)
43307,201803,0010111,현대차증권주식회사,C1,파생상품계약_장내파생상품,827442907028,국내증권사,B,SF205,각주항목(09.06월 이후)
43308,201803,0010111,현대차증권주식회사,C11,파생상품계약_장내파생상품_이자율관련거래,700156795016,국내증권사,B,SF205,각주항목(09.06월 이후)
43309,201803,0010111,현대차증권주식회사,C12,파생상품계약_장내파생상품_통화관련거래,0,국내증권사,B,SF205,각주항목(09.06월 이후)
43310,201803,0010111,현대차증권주식회사,C13,파생상품계약_장내파생상품_주식관련거래,127286112012,국내증권사,B,SF205,각주항목(09.06월 이후)
43311,201803,0010111,현대차증권주식회사,C14,파생상품계약_장내파생상품_일반상품관련거래,0,국내증권사,B,SF205,각주항목(09.06월 이후)
43312,201803,0010111,현대차증권주식회사,C15,파생상품계약_장내파생상품_기타,0,국내증권사,B,SF205,각주항목(09.06월 이후)
43313,201803,0010111,현대차증권주식회사,C2,파생상품계약_장외파생상품,4733733373408,국내증권사,B,SF205,각주항목(09.06월 이후)
43314,201803,0010111,현대차증권주식회사,C21,파생상품계약_장외파생상품_이자율관련거래,3236600000000,국내증권사,B,SF205,각주항목(09.06월 이후)
43315,201803,0010111,현대차증권주식회사,C22,파생상품계약_장외파생상품_통화관련거래,119987855474,국내증권사,B,SF205,각주항목(09.06월 이후)
43316,201803,0010111,현대차증권주식회사,C23,파생상품계약_장외파생상품_주식관련거래,717145069828,국내증권사,B,SF205,각주항목(09.06월 이후)
43317,201803,0010111,현대차증권주식회사,C24,파생상품계약_장외파생상품_신용관련거래,660000448106,국내증권사,B,SF205,각주항목(09.06월 이후)
43318,201803,0010111,현대차증권주식회사,C25,파생상품계약_장외파생상품_기타,0,국내증권사,B,SF205,각주항목(09.06월 이후)
43319,201803,0010111,현대차증권주식회사,D,대차 및 대주거래,705259437527,국내증권사,B,SF205,각주항목(09.06월 이후)
43320,201803,0010111,현대차증권주식회사,D1,대차 및 대주거래_대여증권,66419035041,국내증권사,B,SF205,각주항목(09.06월 이후)
43321,201803,0010111,현대차증권주식회사,D2,대차 및 대주거래_차입증권,638840402486,국내증권사,B,SF205,각주항목(09.06월 이후)
43322,201803,0010111,현대차증권주식회사,D3,대차 및 대주거래_신용거래대주, ,국내증권사,B,SF205,각주항목(09.06월 이후)
43323,201803,0010111,현대차증권주식회사,E,대손상각채권,18169619288,국내증권사,B,SF205,각주항목(09.06월 이후)
43324,201803,0010111,현대차증권주식회사,F,환전업무 예치금,0,국내증권사,B,SF205,각주항목(09.06월 이후)
43325,201803,0010111,현대차증권주식회사,G,미배당별도예치금, ,국내증권사,B,SF205,각주항목(09.06월 이후)
43326,201803,0010111,현대차증권주식회사,H,배서어음매출(종금계정),0,국내증권사,B,SF205,각주항목(09.06월 이후)
43327,201803,0010111,현대차증권주식회사,H1,대출채권매매이익_담보부, ,국내증권사,B,SF205,각주항목(09.06월 이후)
43328,201803,0010111,현대차증권주식회사,H2,대출채권매매이익_무담보부, ,국내증권사,B,SF205,각주항목(09.06월 이후)
43329,201806,0010111,현대차증권주식회사,A,채무보증,568000000000,국내증권사,B,SF205,각주항목(09.06월 이후)
43330,201806,0010111,현대차증권주식회사,A1,채무보증_지급보증,0,국내증권사,B,SF205,각주항목(09.06월 이후)
43331,201806,0010111,현대차증권주식회사,A2,채무보증_매입보장약정,50500000000,국내증권사,B,SF205,각주항목(09.06월 이후)
43332,201806,0010111,현대차증권주식회사,A3,채무보증_채무인수약정,0,국내증권사,B,SF205,각주항목(09.06월 이후)
43333,201806,0010111,현대차증권주식회사,A5,채무보증_매입확약,517500000000,국내증권사,B,SF205,각주항목(09.06월 이후)
43334,201806,0010111,현대차증권주식회사,A6,채무보증_기타,0,국내증권사,B,SF205,각주항목(09.06월 이후)
43335,201806,0010111,현대차증권주식회사,B,투자자의 예수증권 등,43675200803688,국내증권사,B,SF205,각주항목(09.06월 이후)
43336,201806,0010111,현대차증권주식회사,B1,투자자의 예수증권 등_예수 증권,43675200803688,국내증권사,B,SF205,각주항목(09.06월 이후)
43337,201806,0010111,현대차증권주식회사,B2,투자자의 예수증권 등_예수양도성예금증서, ,국내증권사,B,SF205,각주항목(09.06월 이후)
43338,201806,0010111,현대차증권주식회사,B3,투자자의 예수증권 등_기타, ,국내증권사,B,SF205,각주항목(09.06월 이후)
43339,201806,0010111,현대차증권주식회사,C,파생상품계약,6997491403267,국내증권사,B,SF205,각주항목(09.06월 이후)
43340,201806,0010111,현대차증권주식회사,C1,파생상품계약_장내파생상품,753140381641,국내증권사,B,SF205,각주항목(09.06월 이후)
43341,201806,0010111,현대차증권주식회사,C11,파생상품계약_장내파생상품_이자율관련거래,753140381641,국내증권사,B,SF205,각주항목(09.06월 이후)
43342,201806,0010111,현대차증권주식회사,C12,파생상품계약_장내파생상품_통화관련거래,0,국내증권사,B,SF205,각주항목(09.06월 이후)
43343,201806,0010111,현대차증권주식회사,C13,파생상품계약_장내파생상품_주식관련거래,0,국내증권사,B,SF205,각주항목(09.06월 이후)
43344,201806,0010111,현대차증권주식회사,C14,파생상품계약_장내파생상품_일반상품관련거래,0,국내증권사,B,SF205,각주항목(09.06월 이후)
43345,201806,0010111,현대차증권주식회사,C15,파생상품계약_장내파생상품_기타,0,국내증권사,B,SF205,각주항목(09.06월 이후)
43346,201806,0010111,현대차증권주식회사,C2,파생상품계약_장외파생상품,6244351021626,국내증권사,B,SF205,각주항목(09.06월 이후)
43347,201806,0010111,현대차증권주식회사,C21,파생상품계약_장외파생상품_이자율관련거래,4566600000000,국내증권사,B,SF205,각주항목(09.06월 이후)
43348,201806,0010111,현대차증권주식회사,C22,파생상품계약_장외파생상품_통화관련거래,117093408542,국내증권사,B,SF205,각주항목(09.06월 이후)
43349,201806,0010111,현대차증권주식회사,C23,파생상품계약_장외파생상품_주식관련거래,900657164978,국내증권사,B,SF205,각주항목(09.06월 이후)
43350,201806,0010111,현대차증권주식회사,C24,파생상품계약_장외파생상품_신용관련거래,660000448106,국내증권사,B,SF205,각주항목(09.06월 이후)
43351,201806,0010111,현대차증권주식회사,C25,파생상품계약_장외파생상품_기타,0,국내증권사,B,SF205,각주항목(09.06월 이후)
43352,201806,0010111,현대차증권주식회사,D,대차 및 대주거래,572943766274,국내증권사,B,SF205,각주항목(09.06월 이후)
43353,201806,0010111,현대차증권주식회사,D1,대차 및 대주거래_대여증권,59430611497,국내증권사,B,SF205,각주항목(09.06월 이후)
43354,201806,0010111,현대차증권주식회사,D2,대차 및 대주거래_차입증권,513513154777,국내증권사,B,SF205,각주항목(09.06월 이후)
43355,201806,0010111,현대차증권주식회사,D3,대차 및 대주거래_신용거래대주, ,국내증권사,B,SF205,각주항목(09.06월 이후)
43356,201806,0010111,현대차증권주식회사,E,대손상각채권, ,국내증권사,B,SF205,각주항목(09.06월 이후)
43357,201806,0010111,현대차증권주식회사,F,환전업무 예치금,0,국내증권사,B,SF205,각주항목(09.06월 이후)
43358,201806,0010111,현대차증권주식회사,G,미배당별도예치금, ,국내증권사,B,SF205,각주항목(09.06월 이후)
43359,201806,0010111,현대차증권주식회사,H,배서어음매출(종금계정),0,국내증권사,B,SF205,각주항목(09.06월 이후)
43360,201806,0010111,현대차증권주식회사,H1,대출채권매매이익_담보부, ,국내증권사,B,SF205,각주항목(09.06월 이후)
43361,201806,0010111,현대차증권주식회사,H2,대출채권매매이익_무담보부, ,국내증권사,B,SF205,각주항목(09.06월 이후)
43362,201809,0010111,현대차증권주식회사,A,채무보증,550200000000,국내증권사,B,SF205,각주항목(09.06월 이후)
43363,201809,0010111,현대차증권주식회사,A1,채무보증_지급보증,0,국내증권사,B,SF205,각주항목(09.06월 이후)
43364,201809,0010111,현대차증권주식회사,A2,채무보증_매입보장약정,0,국내증권사,B,SF205,각주항목(09.06월 이후)
43365,201809,0010111,현대차증권주식회사,A3,채무보증_채무인수약정,0,국내증권사,B,SF205,각주항목(09.06월 이후)
43366,201809,0010111,현대차증권주식회사,A5,채무보증_매입확약,550200000000,국내증권사,B,SF205,각주항목(09.06월 이후)
43367,201809,0010111,현대차증권주식회사,A6,채무보증_기타,0,국내증권사,B,SF205,각주항목(09.06월 이후)
43368,201809,0010111,현대차증권주식회사,B,투자자의 예수증권 등,45683671771667,국내증권사,B,SF205,각주항목(09.06월 이후)
43369,201809,0010111,현대차증권주식회사,B1,투자자의 예수증권 등_예수 증권,45683671771667,국내증권사,B,SF205,각주항목(09.06월 이후)
43370,201809,0010111,현대차증권주식회사,B2,투자자의 예수증권 등_예수양도성예금증서, ,국내증권사,B,SF205,각주항목(09.06월 이후)
43371,201809,0010111,현대차증권주식회사,B3,투자자의 예수증권 등_기타, ,국내증권사,B,SF205,각주항목(09.06월 이후)
43372,201809,0010111,현대차증권주식회사,C,파생상품계약,6457300183384,국내증권사,B,SF205,각주항목(09.06월 이후)
43373,201809,0010111,현대차증권주식회사,C1,파생상품계약_장내파생상품,547642680617,국내증권사,B,SF205,각주항목(09.06월 이후)
43374,201809,0010111,현대차증권주식회사,C11,파생상품계약_장내파생상품_이자율관련거래,547642680617,국내증권사,B,SF205,각주항목(09.06월 이후)
43375,201809,0010111,현대차증권주식회사,C12,파생상품계약_장내파생상품_통화관련거래,0,국내증권사,B,SF205,각주항목(09.06월 이후)
43376,201809,0010111,현대차증권주식회사,C13,파생상품계약_장내파생상품_주식관련거래,0,국내증권사,B,SF205,각주항목(09.06월 이후)
43377,201809,0010111,현대차증권주식회사,C14,파생상품계약_장내파생상품_일반상품관련거래,0,국내증권사,B,SF205,각주항목(09.06월 이후)
43378,201809,0010111,현대차증권주식회사,C15,파생상품계약_장내파생상품_기타,0,국내증권사,B,SF205,각주항목(09.06월 이후)
43379,201809,0010111,현대차증권주식회사,C2,파생상품계약_장외파생상품,5909657502767,국내증권사,B,SF205,각주항목(09.06월 이후)
43380,201809,0010111,현대차증권주식회사,C21,파생상품계약_장외파생상품_이자율관련거래,4473600000000,국내증권사,B,SF205,각주항목(09.06월 이후)
43381,201809,0010111,현대차증권주식회사,C22,파생상품계약_장외파생상품_통화관련거래,132694477974,국내증권사,B,SF205,각주항목(09.06월 이후)
43382,201809,0010111,현대차증권주식회사,C23,파생상품계약_장외파생상품_주식관련거래,643362576687,국내증권사,B,SF205,각주항목(09.06월 이후)
43383,201809,0010111,현대차증권주식회사,C24,파생상품계약_장외파생상품_신용관련거래,660000448106,국내증권사,B,SF205,각주항목(09.06월 이후)
43384,201809,0010111,현대차증권주식회사,C25,파생상품계약_장외파생상품_기타,0,국내증권사,B,SF205,각주항목(09.06월 이후)
43385,201809,0010111,현대차증권주식회사,D,대차 및 대주거래,815251534643,국내증권사,B,SF205,각주항목(09.06월 이후)
43386,201809,0010111,현대차증권주식회사,D1,대차 및 대주거래_대여증권,68715995944,국내증권사,B,SF205,각주항목(09.06월 이후)
43387,201809,0010111,현대차증권주식회사,D2,대차 및 대주거래_차입증권,746535538699,국내증권사,B,SF205,각주항목(09.06월 이후)
43388,201809,0010111,현대차증권주식회사,D3,대차 및 대주거래_신용거래대주, ,국내증권사,B,SF205,각주항목(09.06월 이후)
43389,201809,0010111,현대차증권주식회사,E,대손상각채권, ,국내증권사,B,SF205,각주항목(09.06월 이후)
43390,201809,0010111,현대차증권주식회사,F,환전업무 예치금,0,국내증권사,B,SF205,각주항목(09.06월 이후)
43391,201809,0010111,현대차증권주식회사,G,미배당별도예치금, ,국내증권사,B,SF205,각주항목(09.06월 이후)
43392,201809,0010111,현대차증권주식회사,H,배서어음매출(종금계정),0,국내증권사,B,SF205,각주항목(09.06월 이후)
43393,201809,0010111,현대차증권주식회사,H1,대출채권매매이익_담보부, ,국내증권사,B,SF205,각주항목(09.06월 이후)
43394,201809,0010111,현대차증권주식회사,H2,대출채권매매이익_무담보부, ,국내증권사,B,SF205,각주항목(09.06월 이후)
43395,201812,0010111,현대차증권주식회사,A,채무보증,634200000000,국내증권사,B,SF205,각주항목(09.06월 이후)
43396,201812,0010111,현대차증권주식회사,A1,채무보증_지급보증,0,국내증권사,B,SF205,각주항목(09.06월 이후)
43397,201812,0010111,현대차증권주식회사,A2,채무보증_매입보장약정,0,국내증권사,B,SF205,각주항목(09.06월 이후)
43398,201812,0010111,현대차증권주식회사,A3,채무보증_채무인수약정,0,국내증권사,B,SF205,각주항목(09.06월 이후)
43399,201812,0010111,현대차증권주식회사,A5,채무보증_매입확약,634200000000,국내증권사,B,SF205,각주항목(09.06월 이후)
43400,201812,0010111,현대차증권주식회사,A6,채무보증_기타,0,국내증권사,B,SF205,각주항목(09.06월 이후)
43401,201812,0010111,현대차증권주식회사,B,투자자의 예수증권 등,42205121990683,국내증권사,B,SF205,각주항목(09.06월 이후)
43402,201812,0010111,현대차증권주식회사,B1,투자자의 예수증권 등_예수 증권,42205121990683,국내증권사,B,SF205,각주항목(09.06월 이후)
43403,201812,0010111,현대차증권주식회사,B2,투자자의 예수증권 등_예수양도성예금증서, ,국내증권사,B,SF205,각주항목(09.06월 이후)
43404,201812,0010111,현대차증권주식회사,B3,투자자의 예수증권 등_기타, ,국내증권사,B,SF205,각주항목(09.06월 이후)
43405,201812,0010111,현대차증권주식회사,C,파생상품계약,6529112657174,국내증권사,B,SF205,각주항목(09.06월 이후)
43406,201812,0010111,현대차증권주식회사,C1,파생상품계약_장내파생상품,1017146685149,국내증권사,B,SF205,각주항목(09.06월 이후)
43407,201812,0010111,현대차증권주식회사,C11,파생상품계약_장내파생상품_이자율관련거래,1017146685149,국내증권사,B,SF205,각주항목(09.06월 이후)
43408,201812,0010111,현대차증권주식회사,C12,파생상품계약_장내파생상품_통화관련거래,0,국내증권사,B,SF205,각주항목(09.06월 이후)
43409,201812,0010111,현대차증권주식회사,C13,파생상품계약_장내파생상품_주식관련거래,0,국내증권사,B,SF205,각주항목(09.06월 이후)
43410,201812,0010111,현대차증권주식회사,C14,파생상품계약_장내파생상품_일반상품관련거래,0,국내증권사,B,SF205,각주항목(09.06월 이후)
43411,201812,0010111,현대차증권주식회사,C15,파생상품계약_장내파생상품_기타,0,국내증권사,B,SF205,각주항목(09.06월 이후)
43412,201812,0010111,현대차증권주식회사,C2,파생상품계약_장외파생상품,5511965972025,국내증권사,B,SF205,각주항목(09.06월 이후)
43413,201812,0010111,현대차증권주식회사,C21,파생상품계약_장외파생상품_이자율관련거래,4108600000000,국내증권사,B,SF205,각주항목(09.06월 이후)
43414,201812,0010111,현대차증권주식회사,C22,파생상품계약_장외파생상품_통화관련거래,106916890919,국내증권사,B,SF205,각주항목(09.06월 이후)
43415,201812,0010111,현대차증권주식회사,C23,파생상품계약_장외파생상품_주식관련거래,436466793000,국내증권사,B,SF205,각주항목(09.06월 이후)
43416,201812,0010111,현대차증권주식회사,C24,파생상품계약_장외파생상품_신용관련거래,859982288106,국내증권사,B,SF205,각주항목(09.06월 이후)
43417,201812,0010111,현대차증권주식회사,C25,파생상품계약_장외파생상품_기타,0,국내증권사,B,SF205,각주항목(09.06월 이후)
43418,201812,0010111,현대차증권주식회사,D,대차 및 대주거래,646945784000,국내증권사,B,SF205,각주항목(09.06월 이후)
43419,201812,0010111,현대차증권주식회사,D1,대차 및 대주거래_대여증권,51435708655,국내증권사,B,SF205,각주항목(09.06월 이후)
43420,201812,0010111,현대차증권주식회사,D2,대차 및 대주거래_차입증권,595510075345,국내증권사,B,SF205,각주항목(09.06월 이후)
43421,201812,0010111,현대차증권주식회사,D3,대차 및 대주거래_신용거래대주, ,국내증권사,B,SF205,각주항목(09.06월 이후)
43422,201812,0010111,현대차증권주식회사,E,대손상각채권, ,국내증권사,B,SF205,각주항목(09.06월 이후)
43423,201812,0010111,현대차증권주식회사,F,환전업무 예치금,0,국내증권사,B,SF205,각주항목(09.06월 이후)
43424,201812,0010111,현대차증권주식회사,G,미배당별도예치금, ,국내증권사,B,SF205,각주항목(09.06월 이후)
43425,201812,0010111,현대차증권주식회사,H,배서어음매출(종금계정),0,국내증권사,B,SF205,각주항목(09.06월 이후)
43426,201812,0010111,현대차증권주식회사,H1,대출채권매매이익_담보부, ,국내증권사,B,SF205,각주항목(09.06월 이후)
43427,201812,0010111,현대차증권주식회사,H2,대출채권매매이익_무담보부, ,국내증권사,B,SF205,각주항목(09.06월 이후)
43428,201903,0010111,현대차증권주식회사,A,채무보증,574900000000,국내증권사,B,SF205,각주항목(09.06월 이후)
43429,201903,0010111,현대차증권주식회사,A1,채무보증_지급보증,0,국내증권사,B,SF205,각주항목(09.06월 이후)
43430,201903,0010111,현대차증권주식회사,A2,채무보증_매입보장약정,0,국내증권사,B,SF205,각주항목(09.06월 이후)
43431,201903,0010111,현대차증권주식회사,A3,채무보증_채무인수약정,0,국내증권사,B,SF205,각주항목(09.06월 이후)
43432,201903,0010111,현대차증권주식회사,A5,채무보증_매입확약,574900000000,국내증권사,B,SF205,각주항목(09.06월 이후)
43433,201903,0010111,현대차증권주식회사,A6,채무보증_기타,0,국내증권사,B,SF205,각주항목(09.06월 이후)
43434,201903,0010111,현대차증권주식회사,B,투자자의 예수증권 등,44525979809917,국내증권사,B,SF205,각주항목(09.06월 이후)
43435,201903,0010111,현대차증권주식회사,B1,투자자의 예수증권 등_예수 증권,44525979809917,국내증권사,B,SF205,각주항목(09.06월 이후)
43436,201903,0010111,현대차증권주식회사,B2,투자자의 예수증권 등_예수양도성예금증서, ,국내증권사,B,SF205,각주항목(09.06월 이후)
43437,201903,0010111,현대차증권주식회사,B3,투자자의 예수증권 등_기타, ,국내증권사,B,SF205,각주항목(09.06월 이후)
43438,201903,0010111,현대차증권주식회사,C,파생상품계약,6276883887216,국내증권사,B,SF205,각주항목(09.06월 이후)
43439,201903,0010111,현대차증권주식회사,C1,파생상품계약_장내파생상품,1341363487057,국내증권사,B,SF205,각주항목(09.06월 이후)
43440,201903,0010111,현대차증권주식회사,C11,파생상품계약_장내파생상품_이자율관련거래,1341363487057,국내증권사,B,SF205,각주항목(09.06월 이후)
43441,201903,0010111,현대차증권주식회사,C12,파생상품계약_장내파생상품_통화관련거래,0,국내증권사,B,SF205,각주항목(09.06월 이후)
43442,201903,0010111,현대차증권주식회사,C13,파생상품계약_장내파생상품_주식관련거래,0,국내증권사,B,SF205,각주항목(09.06월 이후)
43443,201903,0010111,현대차증권주식회사,C14,파생상품계약_장내파생상품_일반상품관련거래,0,국내증권사,B,SF205,각주항목(09.06월 이후)
43444,201903,0010111,현대차증권주식회사,C15,파생상품계약_장내파생상품_기타,0,국내증권사,B,SF205,각주항목(09.06월 이후)
43445,201903,0010111,현대차증권주식회사,C2,파생상품계약_장외파생상품,4935520400159,국내증권사,B,SF205,각주항목(09.06월 이후)
43446,201903,0010111,현대차증권주식회사,C21,파생상품계약_장외파생상품_이자율관련거래,3555200000000,국내증권사,B,SF205,각주항목(09.06월 이후)
43447,201903,0010111,현대차증권주식회사,C22,파생상품계약_장외파생상품_통화관련거래,117979587053,국내증권사,B,SF205,각주항목(09.06월 이후)
43448,201903,0010111,현대차증권주식회사,C23,파생상품계약_장외파생상품_주식관련거래,397358525000,국내증권사,B,SF205,각주항목(09.06월 이후)
43449,201903,0010111,현대차증권주식회사,C24,파생상품계약_장외파생상품_신용관련거래,864982288106,국내증권사,B,SF205,각주항목(09.06월 이후)
43450,201903,0010111,현대차증권주식회사,C25,파생상품계약_장외파생상품_기타,0,국내증권사,B,SF205,각주항목(09.06월 이후)
43451,201903,0010111,현대차증권주식회사,D,대차 및 대주거래,683173007174,국내증권사,B,SF205,각주항목(09.06월 이후)
43452,201903,0010111,현대차증권주식회사,D1,대차 및 대주거래_대여증권,49073537012,국내증권사,B,SF205,각주항목(09.06월 이후)
43453,201903,0010111,현대차증권주식회사,D2,대차 및 대주거래_차입증권,634099470162,국내증권사,B,SF205,각주항목(09.06월 이후)
43454,201903,0010111,현대차증권주식회사,D3,대차 및 대주거래_신용거래대주, ,국내증권사,B,SF205,각주항목(09.06월 이후)
43455,201903,0010111,현대차증권주식회사,E,대손상각채권, ,국내증권사,B,SF205,각주항목(09.06월 이후)
43456,201903,0010111,현대차증권주식회사,F,환전업무 예치금,0,국내증권사,B,SF205,각주항목(09.06월 이후)
43457,201903,0010111,현대차증권주식회사,G,미배당별도예치금, ,국내증권사,B,SF205,각주항목(09.06월 이후)
43458,201903,0010111,현대차증권주식회사,H,배서어음매출(종금계정),0,국내증권사,B,SF205,각주항목(09.06월 이후)
43459,201903,0010111,현대차증권주식회사,H1,대출채권매매이익_담보부, ,국내증권사,B,SF205,각주항목(09.06월 이후)
43460,201903,0010111,현대차증권주식회사,H2,대출채권매매이익_무담보부, ,국내증권사,B,SF205,각주항목(09.06월 이후)
43461,201906,0010111,현대차증권주식회사,A,채무보증,478233000000,국내증권사,B,SF205,각주항목(09.06월 이후)
43462,201906,0010111,현대차증권주식회사,A1,채무보증_지급보증,0,국내증권사,B,SF205,각주항목(09.06월 이후)
43463,201906,0010111,현대차증권주식회사,A2,채무보증_매입보장약정,0,국내증권사,B,SF205,각주항목(09.06월 이후)
43464,201906,0010111,현대차증권주식회사,A3,채무보증_채무인수약정,0,국내증권사,B,SF205,각주항목(09.06월 이후)
43465,201906,0010111,현대차증권주식회사,A5,채무보증_매입확약,478233000000,국내증권사,B,SF205,각주항목(09.06월 이후)
43466,201906,0010111,현대차증권주식회사,A6,채무보증_기타,0,국내증권사,B,SF205,각주항목(09.06월 이후)
43467,201906,0010111,현대차증권주식회사,B,투자자의 예수증권 등,50103038815974,국내증권사,B,SF205,각주항목(09.06월 이후)
43468,201906,0010111,현대차증권주식회사,B1,투자자의 예수증권 등_예수 증권,50103038815974,국내증권사,B,SF205,각주항목(09.06월 이후)
43469,201906,0010111,현대차증권주식회사,B2,투자자의 예수증권 등_예수양도성예금증서, ,국내증권사,B,SF205,각주항목(09.06월 이후)
43470,201906,0010111,현대차증권주식회사,B3,투자자의 예수증권 등_기타, ,국내증권사,B,SF205,각주항목(09.06월 이후)
43471,201906,0010111,현대차증권주식회사,C,파생상품계약,6408478906998,국내증권사,B,SF205,각주항목(09.06월 이후)
43472,201906,0010111,현대차증권주식회사,C1,파생상품계약_장내파생상품,1569206362095,국내증권사,B,SF205,각주항목(09.06월 이후)
43473,201906,0010111,현대차증권주식회사,C11,파생상품계약_장내파생상품_이자율관련거래,1569206362095,국내증권사,B,SF205,각주항목(09.06월 이후)
43474,201906,0010111,현대차증권주식회사,C12,파생상품계약_장내파생상품_통화관련거래,0,국내증권사,B,SF205,각주항목(09.06월 이후)
43475,201906,0010111,현대차증권주식회사,C13,파생상품계약_장내파생상품_주식관련거래,0,국내증권사,B,SF205,각주항목(09.06월 이후)
43476,201906,0010111,현대차증권주식회사,C14,파생상품계약_장내파생상품_일반상품관련거래,0,국내증권사,B,SF205,각주항목(09.06월 이후)
43477,201906,0010111,현대차증권주식회사,C15,파생상품계약_장내파생상품_기타,0,국내증권사,B,SF205,각주항목(09.06월 이후)
43478,201906,0010111,현대차증권주식회사,C2,파생상품계약_장외파생상품,4839272544903,국내증권사,B,SF205,각주항목(09.06월 이후)
43479,201906,0010111,현대차증권주식회사,C21,파생상품계약_장외파생상품_이자율관련거래,3546939300000,국내증권사,B,SF205,각주항목(09.06월 이후)
43480,201906,0010111,현대차증권주식회사,C22,파생상품계약_장외파생상품_통화관련거래,120072651547,국내증권사,B,SF205,각주항목(09.06월 이후)
43481,201906,0010111,현대차증권주식회사,C23,파생상품계약_장외파생상품_주식관련거래,307278305250,국내증권사,B,SF205,각주항목(09.06월 이후)
43482,201906,0010111,현대차증권주식회사,C24,파생상품계약_장외파생상품_신용관련거래,864982288106,국내증권사,B,SF205,각주항목(09.06월 이후)
43483,201906,0010111,현대차증권주식회사,C25,파생상품계약_장외파생상품_기타,0,국내증권사,B,SF205,각주항목(09.06월 이후)
43484,201906,0010111,현대차증권주식회사,D,대차 및 대주거래,588378777997,국내증권사,B,SF205,각주항목(09.06월 이후)
43485,201906,0010111,현대차증권주식회사,D1,대차 및 대주거래_대여증권,43449160289,국내증권사,B,SF205,각주항목(09.06월 이후)
43486,201906,0010111,현대차증권주식회사,D2,대차 및 대주거래_차입증권,544929617708,국내증권사,B,SF205,각주항목(09.06월 이후)
43487,201906,0010111,현대차증권주식회사,D3,대차 및 대주거래_신용거래대주, ,국내증권사,B,SF205,각주항목(09.06월 이후)
43488,201906,0010111,현대차증권주식회사,E,대손상각채권,29396521014,국내증권사,B,SF205,각주항목(09.06월 이후)
43489,201906,0010111,현대차증권주식회사,F,환전업무 예치금,0,국내증권사,B,SF205,각주항목(09.06월 이후)
43490,201906,0010111,현대차증권주식회사,G,미배당별도예치금, ,국내증권사,B,SF205,각주항목(09.06월 이후)
43491,201906,0010111,현대차증권주식회사,H,배서어음매출(종금계정),0,국내증권사,B,SF205,각주항목(09.06월 이후)
43492,201906,0010111,현대차증권주식회사,H1,대출채권매매이익_담보부, ,국내증권사,B,SF205,각주항목(09.06월 이후)
43493,201906,0010111,현대차증권주식회사,H2,대출채권매매이익_무담보부, ,국내증권사,B,SF205,각주항목(09.06월 이후)
43494,201909,0010111,현대차증권주식회사,A,채무보증,590900000000,국내증권사,B,SF205,각주항목(09.06월 이후)
43495,201909,0010111,현대차증권주식회사,A1,채무보증_지급보증,0,국내증권사,B,SF205,각주항목(09.06월 이후)
43496,201909,0010111,현대차증권주식회사,A2,채무보증_매입보장약정,0,국내증권사,B,SF205,각주항목(09.06월 이후)
43497,201909,0010111,현대차증권주식회사,A3,채무보증_채무인수약정,0,국내증권사,B,SF205,각주항목(09.06월 이후)
43498,201909,0010111,현대차증권주식회사,A5,채무보증_매입확약,590900000000,국내증권사,B,SF205,각주항목(09.06월 이후)
43499,201909,0010111,현대차증권주식회사,A6,채무보증_기타,0,국내증권사,B,SF205,각주항목(09.06월 이후)
43500,201909,0010111,현대차증권주식회사,B,투자자의 예수증권 등,50133670183148,국내증권사,B,SF205,각주항목(09.06월 이후)
43501,201909,0010111,현대차증권주식회사,B1,투자자의 예수증권 등_예수 증권,50133670183148,국내증권사,B,SF205,각주항목(09.06월 이후)
43502,201909,0010111,현대차증권주식회사,B2,투자자의 예수증권 등_예수양도성예금증서, ,국내증권사,B,SF205,각주항목(09.06월 이후)
43503,201909,0010111,현대차증권주식회사,B3,투자자의 예수증권 등_기타, ,국내증권사,B,SF205,각주항목(09.06월 이후)
43504,201909,0010111,현대차증권주식회사,C,파생상품계약,6012386371423,국내증권사,B,SF205,각주항목(09.06월 이후)
43505,201909,0010111,현대차증권주식회사,C1,파생상품계약_장내파생상품,1135422089262,국내증권사,B,SF205,각주항목(09.06월 이후)
43506,201909,0010111,현대차증권주식회사,C11,파생상품계약_장내파생상품_이자율관련거래,1135422089262,국내증권사,B,SF205,각주항목(09.06월 이후)
43507,201909,0010111,현대차증권주식회사,C12,파생상품계약_장내파생상품_통화관련거래,0,국내증권사,B,SF205,각주항목(09.06월 이후)
43508,201909,0010111,현대차증권주식회사,C13,파생상품계약_장내파생상품_주식관련거래,0,국내증권사,B,SF205,각주항목(09.06월 이후)
43509,201909,0010111,현대차증권주식회사,C14,파생상품계약_장내파생상품_일반상품관련거래,0,국내증권사,B,SF205,각주항목(09.06월 이후)
43510,201909,0010111,현대차증권주식회사,C15,파생상품계약_장내파생상품_기타,0,국내증권사,B,SF205,각주항목(09.06월 이후)
43511,201909,0010111,현대차증권주식회사,C2,파생상품계약_장외파생상품,4876964282161,국내증권사,B,SF205,각주항목(09.06월 이후)
43512,201909,0010111,현대차증권주식회사,C21,파생상품계약_장외파생상품_이자율관련거래,3595786800000,국내증권사,B,SF205,각주항목(09.06월 이후)
43513,201909,0010111,현대차증권주식회사,C22,파생상품계약_장외파생상품_통화관련거래,105935967605,국내증권사,B,SF205,각주항목(09.06월 이후)
43514,201909,0010111,현대차증권주식회사,C23,파생상품계약_장외파생상품_주식관련거래,310259226450,국내증권사,B,SF205,각주항목(09.06월 이후)
43515,201909,0010111,현대차증권주식회사,C24,파생상품계약_장외파생상품_신용관련거래,864982288106,국내증권사,B,SF205,각주항목(09.06월 이후)
43516,201909,0010111,현대차증권주식회사,C25,파생상품계약_장외파생상품_기타,0,국내증권사,B,SF205,각주항목(09.06월 이후)
43517,201909,0010111,현대차증권주식회사,D,대차 및 대주거래,589893954098,국내증권사,B,SF205,각주항목(09.06월 이후)
43518,201909,0010111,현대차증권주식회사,D1,대차 및 대주거래_대여증권,41320412759,국내증권사,B,SF205,각주항목(09.06월 이후)
43519,201909,0010111,현대차증권주식회사,D2,대차 및 대주거래_차입증권,548573541339,국내증권사,B,SF205,각주항목(09.06월 이후)
43520,201909,0010111,현대차증권주식회사,D3,대차 및 대주거래_신용거래대주,0,국내증권사,B,SF205,각주항목(09.06월 이후)
43521,201909,0010111,현대차증권주식회사,E,대손상각채권,29396521014,국내증권사,B,SF205,각주항목(09.06월 이후)
43522,201909,0010111,현대차증권주식회사,F,환전업무 예치금,0,국내증권사,B,SF205,각주항목(09.06월 이후)
43523,201909,0010111,현대차증권주식회사,G,미배당별도예치금,0,국내증권사,B,SF205,각주항목(09.06월 이후)
43524,201909,0010111,현대차증권주식회사,H,배서어음매출(종금계정),0,국내증권사,B,SF205,각주항목(09.06월 이후)
43525,201909,0010111,현대차증권주식회사,H1,대출채권매매이익_담보부,0,국내증권사,B,SF205,각주항목(09.06월 이후)
43526,201909,0010111,현대차증권주식회사,H2,대출채권매매이익_무담보부,0,국내증권사,B,SF205,각주항목(09.06월 이후)
43527,201912,0010111,현대차증권주식회사,A,채무보증,641100000000,국내증권사,B,SF205,각주항목(09.06월 이후)
43528,201912,0010111,현대차증권주식회사,A1,채무보증_지급보증,0,국내증권사,B,SF205,각주항목(09.06월 이후)
43529,201912,0010111,현대차증권주식회사,A2,채무보증_매입보장약정,0,국내증권사,B,SF205,각주항목(09.06월 이후)
43530,201912,0010111,현대차증권주식회사,A3,채무보증_채무인수약정,0,국내증권사,B,SF205,각주항목(09.06월 이후)
43531,201912,0010111,현대차증권주식회사,A5,채무보증_매입확약,641100000000,국내증권사,B,SF205,각주항목(09.06월 이후)
43532,201912,0010111,현대차증권주식회사,A6,채무보증_기타,0,국내증권사,B,SF205,각주항목(09.06월 이후)
43533,201912,0010111,현대차증권주식회사,B,투자자의 예수증권 등,50425155616429,국내증권사,B,SF205,각주항목(09.06월 이후)
43534,201912,0010111,현대차증권주식회사,B1,투자자의 예수증권 등_예수 증권,50425155616429,국내증권사,B,SF205,각주항목(09.06월 이후)
43535,201912,0010111,현대차증권주식회사,B2,투자자의 예수증권 등_예수양도성예금증서, ,국내증권사,B,SF205,각주항목(09.06월 이후)
43536,201912,0010111,현대차증권주식회사,B3,투자자의 예수증권 등_기타, ,국내증권사,B,SF205,각주항목(09.06월 이후)
43537,201912,0010111,현대차증권주식회사,C,파생상품계약,5061839284410,국내증권사,B,SF205,각주항목(09.06월 이후)
43538,201912,0010111,현대차증권주식회사,C1,파생상품계약_장내파생상품,583064342647,국내증권사,B,SF205,각주항목(09.06월 이후)
43539,201912,0010111,현대차증권주식회사,C11,파생상품계약_장내파생상품_이자율관련거래,583064342647,국내증권사,B,SF205,각주항목(09.06월 이후)
43540,201912,0010111,현대차증권주식회사,C12,파생상품계약_장내파생상품_통화관련거래,0,국내증권사,B,SF205,각주항목(09.06월 이후)
43541,201912,0010111,현대차증권주식회사,C13,파생상품계약_장내파생상품_주식관련거래,0,국내증권사,B,SF205,각주항목(09.06월 이후)
43542,201912,0010111,현대차증권주식회사,C14,파생상품계약_장내파생상품_일반상품관련거래,0,국내증권사,B,SF205,각주항목(09.06월 이후)
43543,201912,0010111,현대차증권주식회사,C15,파생상품계약_장내파생상품_기타,0,국내증권사,B,SF205,각주항목(09.06월 이후)
43544,201912,0010111,현대차증권주식회사,C2,파생상품계약_장외파생상품,4478774941763,국내증권사,B,SF205,각주항목(09.06월 이후)
43545,201912,0010111,현대차증권주식회사,C21,파생상품계약_장외파생상품_이자율관련거래,2939198300000,국내증권사,B,SF205,각주항목(09.06월 이후)
43546,201912,0010111,현대차증권주식회사,C22,파생상품계약_장외파생상품_통화관련거래,387521004207,국내증권사,B,SF205,각주항목(09.06월 이후)
43547,201912,0010111,현대차증권주식회사,C23,파생상품계약_장외파생상품_주식관련거래,287073349450,국내증권사,B,SF205,각주항목(09.06월 이후)
43548,201912,0010111,현대차증권주식회사,C24,파생상품계약_장외파생상품_신용관련거래,864982288106,국내증권사,B,SF205,각주항목(09.06월 이후)
43549,201912,0010111,현대차증권주식회사,C25,파생상품계약_장외파생상품_기타,0,국내증권사,B,SF205,각주항목(09.06월 이후)
43550,201912,0010111,현대차증권주식회사,D,대차 및 대주거래,666966860370,국내증권사,B,SF205,각주항목(09.06월 이후)
43551,201912,0010111,현대차증권주식회사,D1,대차 및 대주거래_대여증권,30758964435,국내증권사,B,SF205,각주항목(09.06월 이후)
43552,201912,0010111,현대차증권주식회사,D2,대차 및 대주거래_차입증권,636207895935,국내증권사,B,SF205,각주항목(09.06월 이후)
43553,201912,0010111,현대차증권주식회사,D3,대차 및 대주거래_신용거래대주,0,국내증권사,B,SF205,각주항목(09.06월 이후)
43554,201912,0010111,현대차증권주식회사,E,대손상각채권,29396521014,국내증권사,B,SF205,각주항목(09.06월 이후)
43555,201912,0010111,현대차증권주식회사,F,환전업무 예치금,0,국내증권사,B,SF205,각주항목(09.06월 이후)
43556,201912,0010111,현대차증권주식회사,G,미배당별도예치금,0,국내증권사,B,SF205,각주항목(09.06월 이후)
43557,201912,0010111,현대차증권주식회사,H,배서어음매출(종금계정),0,국내증권사,B,SF205,각주항목(09.06월 이후)
43558,201912,0010111,현대차증권주식회사,H1,대출채권매매이익_담보부,0,국내증권사,B,SF205,각주항목(09.06월 이후)
43559,201912,0010111,현대차증권주식회사,H2,대출채권매매이익_무담보부,0,국내증권사,B,SF205,각주항목(09.06월 이후)
43560,202003,0010111,현대차증권주식회사,A,채무보증,638500000000,국내증권사,B,SF205,각주항목(09.06월 이후)
43561,202003,0010111,현대차증권주식회사,A1,채무보증_지급보증,0,국내증권사,B,SF205,각주항목(09.06월 이후)
43562,202003,0010111,현대차증권주식회사,A2,채무보증_매입보장약정,0,국내증권사,B,SF205,각주항목(09.06월 이후)
43563,202003,0010111,현대차증권주식회사,A3,채무보증_채무인수약정,0,국내증권사,B,SF205,각주항목(09.06월 이후)
43564,202003,0010111,현대차증권주식회사,A5,채무보증_매입확약,638500000000,국내증권사,B,SF205,각주항목(09.06월 이후)
43565,202003,0010111,현대차증권주식회사,A6,채무보증_기타,0,국내증권사,B,SF205,각주항목(09.06월 이후)
43566,202003,0010111,현대차증권주식회사,B,투자자의 예수증권 등,41566325053213,국내증권사,B,SF205,각주항목(09.06월 이후)
43567,202003,0010111,현대차증권주식회사,B1,투자자의 예수증권 등_예수 증권,41566325053213,국내증권사,B,SF205,각주항목(09.06월 이후)
43568,202003,0010111,현대차증권주식회사,B2,투자자의 예수증권 등_예수양도성예금증서, ,국내증권사,B,SF205,각주항목(09.06월 이후)
43569,202003,0010111,현대차증권주식회사,B3,투자자의 예수증권 등_기타, ,국내증권사,B,SF205,각주항목(09.06월 이후)
43570,202003,0010111,현대차증권주식회사,C,파생상품계약,5866327538793,국내증권사,B,SF205,각주항목(09.06월 이후)
43571,202003,0010111,현대차증권주식회사,C1,파생상품계약_장내파생상품,1025998550876,국내증권사,B,SF205,각주항목(09.06월 이후)
43572,202003,0010111,현대차증권주식회사,C11,파생상품계약_장내파생상품_이자율관련거래,1025998550876,국내증권사,B,SF205,각주항목(09.06월 이후)
43573,202003,0010111,현대차증권주식회사,C12,파생상품계약_장내파생상품_통화관련거래,0,국내증권사,B,SF205,각주항목(09.06월 이후)
43574,202003,0010111,현대차증권주식회사,C13,파생상품계약_장내파생상품_주식관련거래,0,국내증권사,B,SF205,각주항목(09.06월 이후)
43575,202003,0010111,현대차증권주식회사,C14,파생상품계약_장내파생상품_일반상품관련거래,0,국내증권사,B,SF205,각주항목(09.06월 이후)
43576,202003,0010111,현대차증권주식회사,C15,파생상품계약_장내파생상품_기타,0,국내증권사,B,SF205,각주항목(09.06월 이후)
43577,202003,0010111,현대차증권주식회사,C2,파생상품계약_장외파생상품,4840328987917,국내증권사,B,SF205,각주항목(09.06월 이후)
43578,202003,0010111,현대차증권주식회사,C21,파생상품계약_장외파생상품_이자율관련거래,2668786300000,국내증권사,B,SF205,각주항목(09.06월 이후)
43579,202003,0010111,현대차증권주식회사,C22,파생상품계약_장외파생상품_통화관련거래,921229475161,국내증권사,B,SF205,각주항목(09.06월 이후)
43580,202003,0010111,현대차증권주식회사,C23,파생상품계약_장외파생상품_주식관련거래,385330924650,국내증권사,B,SF205,각주항목(09.06월 이후)
43581,202003,0010111,현대차증권주식회사,C24,파생상품계약_장외파생상품_신용관련거래,864982288106,국내증권사,B,SF205,각주항목(09.06월 이후)
43582,202003,0010111,현대차증권주식회사,C25,파생상품계약_장외파생상품_기타,0,국내증권사,B,SF205,각주항목(09.06월 이후)
43583,202003,0010111,현대차증권주식회사,D,대차 및 대주거래,516779056650,국내증권사,B,SF205,각주항목(09.06월 이후)
43584,202003,0010111,현대차증권주식회사,D1,대차 및 대주거래_대여증권,12909075,국내증권사,B,SF205,각주항목(09.06월 이후)
43585,202003,0010111,현대차증권주식회사,D2,대차 및 대주거래_차입증권,516766147575,국내증권사,B,SF205,각주항목(09.06월 이후)
43586,202003,0010111,현대차증권주식회사,D3,대차 및 대주거래_신용거래대주,0,국내증권사,B,SF205,각주항목(09.06월 이후)
43587,202003,0010111,현대차증권주식회사,E,대손상각채권,29396521014,국내증권사,B,SF205,각주항목(09.06월 이후)
43588,202003,0010111,현대차증권주식회사,F,환전업무 예치금,0,국내증권사,B,SF205,각주항목(09.06월 이후)
43589,202003,0010111,현대차증권주식회사,G,미배당별도예치금,0,국내증권사,B,SF205,각주항목(09.06월 이후)
43590,202003,0010111,현대차증권주식회사,H,배서어음매출(종금계정),0,국내증권사,B,SF205,각주항목(09.06월 이후)
43591,202003,0010111,현대차증권주식회사,H1,대출채권매매이익_담보부,0,국내증권사,B,SF205,각주항목(09.06월 이후)
43592,202003,0010111,현대차증권주식회사,H2,대출채권매매이익_무담보부,0,국내증권사,B,SF205,각주항목(09.06월 이후)
43593,202006,0010111,현대차증권주식회사,A,채무보증,694600000000,국내증권사,B,SF205,각주항목(09.06월 이후)
43594,202006,0010111,현대차증권주식회사,A1,채무보증_지급보증,0,국내증권사,B,SF205,각주항목(09.06월 이후)
43595,202006,0010111,현대차증권주식회사,A2,채무보증_매입보장약정,0,국내증권사,B,SF205,각주항목(09.06월 이후)
43596,202006,0010111,현대차증권주식회사,A3,채무보증_채무인수약정,0,국내증권사,B,SF205,각주항목(09.06월 이후)
43597,202006,0010111,현대차증권주식회사,A5,채무보증_매입확약,694600000000,국내증권사,B,SF205,각주항목(09.06월 이후)
43598,202006,0010111,현대차증권주식회사,A6,채무보증_기타,0,국내증권사,B,SF205,각주항목(09.06월 이후)
43599,202006,0010111,현대차증권주식회사,B,투자자의 예수증권 등,46946464888258,국내증권사,B,SF205,각주항목(09.06월 이후)
43600,202006,0010111,현대차증권주식회사,B1,투자자의 예수증권 등_예수 증권,46946464888258,국내증권사,B,SF205,각주항목(09.06월 이후)
43601,202006,0010111,현대차증권주식회사,B2,투자자의 예수증권 등_예수양도성예금증서, ,국내증권사,B,SF205,각주항목(09.06월 이후)
43602,202006,0010111,현대차증권주식회사,B3,투자자의 예수증권 등_기타, ,국내증권사,B,SF205,각주항목(09.06월 이후)
43603,202006,0010111,현대차증권주식회사,C,파생상품계약,6123462761889,국내증권사,B,SF205,각주항목(09.06월 이후)
43604,202006,0010111,현대차증권주식회사,C1,파생상품계약_장내파생상품,1115874330500,국내증권사,B,SF205,각주항목(09.06월 이후)
43605,202006,0010111,현대차증권주식회사,C11,파생상품계약_장내파생상품_이자율관련거래,1115874330500,국내증권사,B,SF205,각주항목(09.06월 이후)
43606,202006,0010111,현대차증권주식회사,C12,파생상품계약_장내파생상품_통화관련거래,0,국내증권사,B,SF205,각주항목(09.06월 이후)
43607,202006,0010111,현대차증권주식회사,C13,파생상품계약_장내파생상품_주식관련거래,0,국내증권사,B,SF205,각주항목(09.06월 이후)
43608,202006,0010111,현대차증권주식회사,C14,파생상품계약_장내파생상품_일반상품관련거래,0,국내증권사,B,SF205,각주항목(09.06월 이후)
43609,202006,0010111,현대차증권주식회사,C15,파생상품계약_장내파생상품_기타,0,국내증권사,B,SF205,각주항목(09.06월 이후)
43610,202006,0010111,현대차증권주식회사,C2,파생상품계약_장외파생상품,5007588431389,국내증권사,B,SF205,각주항목(09.06월 이후)
43611,202006,0010111,현대차증권주식회사,C21,파생상품계약_장외파생상품_이자율관련거래,2658494300000,국내증권사,B,SF205,각주항목(09.06월 이후)
43612,202006,0010111,현대차증권주식회사,C22,파생상품계약_장외파생상품_통화관련거래,1045963363883,국내증권사,B,SF205,각주항목(09.06월 이후)
43613,202006,0010111,현대차증권주식회사,C23,파생상품계약_장외파생상품_주식관련거래,443148479400,국내증권사,B,SF205,각주항목(09.06월 이후)
43614,202006,0010111,현대차증권주식회사,C24,파생상품계약_장외파생상품_신용관련거래,859982288106,국내증권사,B,SF205,각주항목(09.06월 이후)
43615,202006,0010111,현대차증권주식회사,C25,파생상품계약_장외파생상품_기타,0,국내증권사,B,SF205,각주항목(09.06월 이후)
43616,202006,0010111,현대차증권주식회사,D,대차 및 대주거래,293074628180,국내증권사,B,SF205,각주항목(09.06월 이후)
43617,202006,0010111,현대차증권주식회사,D1,대차 및 대주거래_대여증권,10673590,국내증권사,B,SF205,각주항목(09.06월 이후)
43618,202006,0010111,현대차증권주식회사,D2,대차 및 대주거래_차입증권,293063954590,국내증권사,B,SF205,각주항목(09.06월 이후)
43619,202006,0010111,현대차증권주식회사,D3,대차 및 대주거래_신용거래대주,0,국내증권사,B,SF205,각주항목(09.06월 이후)
43620,202006,0010111,현대차증권주식회사,E,대손상각채권,29396521014,국내증권사,B,SF205,각주항목(09.06월 이후)
43621,202006,0010111,현대차증권주식회사,F,환전업무 예치금,0,국내증권사,B,SF205,각주항목(09.06월 이후)
43622,202006,0010111,현대차증권주식회사,G,미배당별도예치금,0,국내증권사,B,SF205,각주항목(09.06월 이후)
43623,202006,0010111,현대차증권주식회사,H,배서어음매출(종금계정),0,국내증권사,B,SF205,각주항목(09.06월 이후)
43624,202006,0010111,현대차증권주식회사,H1,대출채권매매이익_담보부,0,국내증권사,B,SF205,각주항목(09.06월 이후)
43625,202006,0010111,현대차증권주식회사,H2,대출채권매매이익_무담보부,0,국내증권사,B,SF205,각주항목(09.06월 이후)
43626,202009,0010111,현대차증권주식회사,A,채무보증,606400000000,국내증권사,B,SF205,각주항목(09.06월 이후)
43627,202009,0010111,현대차증권주식회사,A1,채무보증_지급보증,0,국내증권사,B,SF205,각주항목(09.06월 이후)
43628,202009,0010111,현대차증권주식회사,A2,채무보증_매입보장약정,0,국내증권사,B,SF205,각주항목(09.06월 이후)
43629,202009,0010111,현대차증권주식회사,A3,채무보증_채무인수약정,0,국내증권사,B,SF205,각주항목(09.06월 이후)
43630,202009,0010111,현대차증권주식회사,A5,채무보증_매입확약,606400000000,국내증권사,B,SF205,각주항목(09.06월 이후)
43631,202009,0010111,현대차증권주식회사,A6,채무보증_기타,0,국내증권사,B,SF205,각주항목(09.06월 이후)
43632,202009,0010111,현대차증권주식회사,B,투자자의 예수증권 등,58333211375470,국내증권사,B,SF205,각주항목(09.06월 이후)
43633,202009,0010111,현대차증권주식회사,B1,투자자의 예수증권 등_예수 증권,58333211375470,국내증권사,B,SF205,각주항목(09.06월 이후)
43634,202009,0010111,현대차증권주식회사,B2,투자자의 예수증권 등_예수양도성예금증서, ,국내증권사,B,SF205,각주항목(09.06월 이후)
43635,202009,0010111,현대차증권주식회사,B3,투자자의 예수증권 등_기타, ,국내증권사,B,SF205,각주항목(09.06월 이후)
43636,202009,0010111,현대차증권주식회사,C,파생상품계약,6011293281000,국내증권사,B,SF205,각주항목(09.06월 이후)
43637,202009,0010111,현대차증권주식회사,C1,파생상품계약_장내파생상품,1229794899883,국내증권사,B,SF205,각주항목(09.06월 이후)
43638,202009,0010111,현대차증권주식회사,C11,파생상품계약_장내파생상품_이자율관련거래,1229794899883,국내증권사,B,SF205,각주항목(09.06월 이후)
43639,202009,0010111,현대차증권주식회사,C12,파생상품계약_장내파생상품_통화관련거래,0,국내증권사,B,SF205,각주항목(09.06월 이후)
43640,202009,0010111,현대차증권주식회사,C13,파생상품계약_장내파생상품_주식관련거래,0,국내증권사,B,SF205,각주항목(09.06월 이후)
43641,202009,0010111,현대차증권주식회사,C14,파생상품계약_장내파생상품_일반상품관련거래,0,국내증권사,B,SF205,각주항목(09.06월 이후)
43642,202009,0010111,현대차증권주식회사,C15,파생상품계약_장내파생상품_기타,0,국내증권사,B,SF205,각주항목(09.06월 이후)
43643,202009,0010111,현대차증권주식회사,C2,파생상품계약_장외파생상품,4781498381117,국내증권사,B,SF205,각주항목(09.06월 이후)
43644,202009,0010111,현대차증권주식회사,C21,파생상품계약_장외파생상품_이자율관련거래,2386194300000,국내증권사,B,SF205,각주항목(09.06월 이후)
43645,202009,0010111,현대차증권주식회사,C22,파생상품계약_장외파생상품_통화관련거래,1199556114611,국내증권사,B,SF205,각주항목(09.06월 이후)
43646,202009,0010111,현대차증권주식회사,C23,파생상품계약_장외파생상품_주식관련거래,383918628200,국내증권사,B,SF205,각주항목(09.06월 이후)
43647,202009,0010111,현대차증권주식회사,C24,파생상품계약_장외파생상품_신용관련거래,811829338306,국내증권사,B,SF205,각주항목(09.06월 이후)
43648,202009,0010111,현대차증권주식회사,C25,파생상품계약_장외파생상품_기타,0,국내증권사,B,SF205,각주항목(09.06월 이후)
43649,202009,0010111,현대차증권주식회사,D,대차 및 대주거래,275636263080,국내증권사,B,SF205,각주항목(09.06월 이후)
43650,202009,0010111,현대차증권주식회사,D1,대차 및 대주거래_대여증권,10630080,국내증권사,B,SF205,각주항목(09.06월 이후)
43651,202009,0010111,현대차증권주식회사,D2,대차 및 대주거래_차입증권,275625633000,국내증권사,B,SF205,각주항목(09.06월 이후)
43652,202009,0010111,현대차증권주식회사,D3,대차 및 대주거래_신용거래대주, ,국내증권사,B,SF205,각주항목(09.06월 이후)
43653,202009,0010111,현대차증권주식회사,E,대손상각채권,29396521014,국내증권사,B,SF205,각주항목(09.06월 이후)
43654,202009,0010111,현대차증권주식회사,F,환전업무 예치금,0,국내증권사,B,SF205,각주항목(09.06월 이후)
43655,202009,0010111,현대차증권주식회사,G,미배당별도예치금, ,국내증권사,B,SF205,각주항목(09.06월 이후)
43656,202009,0010111,현대차증권주식회사,H,배서어음매출(종금계정),0,국내증권사,B,SF205,각주항목(09.06월 이후)
43657,202009,0010111,현대차증권주식회사,H1,대출채권매매이익_담보부, ,국내증권사,B,SF205,각주항목(09.06월 이후)
43658,202009,0010111,현대차증권주식회사,H2,대출채권매매이익_무담보부, ,국내증권사,B,SF205,각주항목(09.06월 이후)
43659,202012,0010111,현대차증권주식회사,A,채무보증,615300000000,국내증권사,B,SF205,각주항목(09.06월 이후)
43660,202012,0010111,현대차증권주식회사,A1,채무보증_지급보증,0,국내증권사,B,SF205,각주항목(09.06월 이후)
43661,202012,0010111,현대차증권주식회사,A2,채무보증_매입보장약정,0,국내증권사,B,SF205,각주항목(09.06월 이후)
43662,202012,0010111,현대차증권주식회사,A3,채무보증_채무인수약정,0,국내증권사,B,SF205,각주항목(09.06월 이후)
43663,202012,0010111,현대차증권주식회사,A5,채무보증_매입확약,615300000000,국내증권사,B,SF205,각주항목(09.06월 이후)
43664,202012,0010111,현대차증권주식회사,A6,채무보증_기타,0,국내증권사,B,SF205,각주항목(09.06월 이후)
43665,202012,0010111,현대차증권주식회사,B,투자자의 예수증권 등,66781124622560,국내증권사,B,SF205,각주항목(09.06월 이후)
43666,202012,0010111,현대차증권주식회사,B1,투자자의 예수증권 등_예수 증권,66781124622560,국내증권사,B,SF205,각주항목(09.06월 이후)
43667,202012,0010111,현대차증권주식회사,B2,투자자의 예수증권 등_예수양도성예금증서, ,국내증권사,B,SF205,각주항목(09.06월 이후)
43668,202012,0010111,현대차증권주식회사,B3,투자자의 예수증권 등_기타, ,국내증권사,B,SF205,각주항목(09.06월 이후)
43669,202012,0010111,현대차증권주식회사,C,파생상품계약,5376846847866,국내증권사,B,SF205,각주항목(09.06월 이후)
43670,202012,0010111,현대차증권주식회사,C1,파생상품계약_장내파생상품,838902468690,국내증권사,B,SF205,각주항목(09.06월 이후)
43671,202012,0010111,현대차증권주식회사,C11,파생상품계약_장내파생상품_이자율관련거래,830207808690,국내증권사,B,SF205,각주항목(09.06월 이후)
43672,202012,0010111,현대차증권주식회사,C12,파생상품계약_장내파생상품_통화관련거래,8694660000,국내증권사,B,SF205,각주항목(09.06월 이후)
43673,202012,0010111,현대차증권주식회사,C13,파생상품계약_장내파생상품_주식관련거래,0,국내증권사,B,SF205,각주항목(09.06월 이후)
43674,202012,0010111,현대차증권주식회사,C14,파생상품계약_장내파생상품_일반상품관련거래,0,국내증권사,B,SF205,각주항목(09.06월 이후)
43675,202012,0010111,현대차증권주식회사,C15,파생상품계약_장내파생상품_기타,0,국내증권사,B,SF205,각주항목(09.06월 이후)
43676,202012,0010111,현대차증권주식회사,C2,파생상품계약_장외파생상품,4537944379176,국내증권사,B,SF205,각주항목(09.06월 이후)
43677,202012,0010111,현대차증권주식회사,C21,파생상품계약_장외파생상품_이자율관련거래,2318194300000,국내증권사,B,SF205,각주항목(09.06월 이후)
43678,202012,0010111,현대차증권주식회사,C22,파생상품계약_장외파생상품_통화관련거래,1133281362670,국내증권사,B,SF205,각주항목(09.06월 이후)
43679,202012,0010111,현대차증권주식회사,C23,파생상품계약_장외파생상품_주식관련거래,274639378200,국내증권사,B,SF205,각주항목(09.06월 이후)
43680,202012,0010111,현대차증권주식회사,C24,파생상품계약_장외파생상품_신용관련거래,811829338306,국내증권사,B,SF205,각주항목(09.06월 이후)
43681,202012,0010111,현대차증권주식회사,C25,파생상품계약_장외파생상품_기타,0,국내증권사,B,SF205,각주항목(09.06월 이후)
43682,202012,0010111,현대차증권주식회사,D,대차 및 대주거래,593221117550,국내증권사,B,SF205,각주항목(09.06월 이후)
43683,202012,0010111,현대차증권주식회사,D1,대차 및 대주거래_대여증권,9944025,국내증권사,B,SF205,각주항목(09.06월 이후)
43684,202012,0010111,현대차증권주식회사,D2,대차 및 대주거래_차입증권,593211173525,국내증권사,B,SF205,각주항목(09.06월 이후)
43685,202012,0010111,현대차증권주식회사,D3,대차 및 대주거래_신용거래대주, ,국내증권사,B,SF205,각주항목(09.06월 이후)
43686,202012,0010111,현대차증권주식회사,E,대손상각채권,29396521014,국내증권사,B,SF205,각주항목(09.06월 이후)
43687,202012,0010111,현대차증권주식회사,F,환전업무 예치금,0,국내증권사,B,SF205,각주항목(09.06월 이후)
43688,202012,0010111,현대차증권주식회사,G,미배당별도예치금, ,국내증권사,B,SF205,각주항목(09.06월 이후)
43689,202012,0010111,현대차증권주식회사,H,배서어음매출(종금계정),0,국내증권사,B,SF205,각주항목(09.06월 이후)
43690,202012,0010111,현대차증권주식회사,H1,대출채권매매이익_담보부, ,국내증권사,B,SF205,각주항목(09.06월 이후)
43691,202012,0010111,현대차증권주식회사,H2,대출채권매매이익_무담보부, ,국내증권사,B,SF205,각주항목(09.06월 이후)
43692,202103,0010111,현대차증권주식회사,A,채무보증,688100000000,국내증권사,B,SF205,각주항목(09.06월 이후)
43693,202103,0010111,현대차증권주식회사,A1,채무보증_지급보증,0,국내증권사,B,SF205,각주항목(09.06월 이후)
43694,202103,0010111,현대차증권주식회사,A2,채무보증_매입보장약정,0,국내증권사,B,SF205,각주항목(09.06월 이후)
43695,202103,0010111,현대차증권주식회사,A3,채무보증_채무인수약정,0,국내증권사,B,SF205,각주항목(09.06월 이후)
43696,202103,0010111,현대차증권주식회사,A5,채무보증_매입확약,688100000000,국내증권사,B,SF205,각주항목(09.06월 이후)
43697,202103,0010111,현대차증권주식회사,A6,채무보증_기타,0,국내증권사,B,SF205,각주항목(09.06월 이후)
43698,202103,0010111,현대차증권주식회사,B,투자자의 예수증권 등,75066187540670,국내증권사,B,SF205,각주항목(09.06월 이후)
43699,202103,0010111,현대차증권주식회사,B1,투자자의 예수증권 등_예수 증권,75066187540670,국내증권사,B,SF205,각주항목(09.06월 이후)
43700,202103,0010111,현대차증권주식회사,B2,투자자의 예수증권 등_예수양도성예금증서, ,국내증권사,B,SF205,각주항목(09.06월 이후)
43701,202103,0010111,현대차증권주식회사,B3,투자자의 예수증권 등_기타,0,국내증권사,B,SF205,각주항목(09.06월 이후)
43702,202103,0010111,현대차증권주식회사,C,파생상품계약,4992149219919,국내증권사,B,SF205,각주항목(09.06월 이후)
43703,202103,0010111,현대차증권주식회사,C1,파생상품계약_장내파생상품,740114608446,국내증권사,B,SF205,각주항목(09.06월 이후)
43704,202103,0010111,현대차증권주식회사,C11,파생상품계약_장내파생상품_이자율관련거래,739888228446,국내증권사,B,SF205,각주항목(09.06월 이후)
43705,202103,0010111,현대차증권주식회사,C12,파생상품계약_장내파생상품_통화관련거래,226380000,국내증권사,B,SF205,각주항목(09.06월 이후)
43706,202103,0010111,현대차증권주식회사,C13,파생상품계약_장내파생상품_주식관련거래,0,국내증권사,B,SF205,각주항목(09.06월 이후)
43707,202103,0010111,현대차증권주식회사,C14,파생상품계약_장내파생상품_일반상품관련거래,0,국내증권사,B,SF205,각주항목(09.06월 이후)
43708,202103,0010111,현대차증권주식회사,C15,파생상품계약_장내파생상품_기타,0,국내증권사,B,SF205,각주항목(09.06월 이후)
43709,202103,0010111,현대차증권주식회사,C2,파생상품계약_장외파생상품,4252034611473,국내증권사,B,SF205,각주항목(09.06월 이후)
43710,202103,0010111,현대차증권주식회사,C21,파생상품계약_장외파생상품_이자율관련거래,2038094300000,국내증권사,B,SF205,각주항목(09.06월 이후)
43711,202103,0010111,현대차증권주식회사,C22,파생상품계약_장외파생상품_통화관련거래,1173255520167,국내증권사,B,SF205,각주항목(09.06월 이후)
43712,202103,0010111,현대차증권주식회사,C23,파생상품계약_장외파생상품_주식관련거래,228855453000,국내증권사,B,SF205,각주항목(09.06월 이후)
43713,202103,0010111,현대차증권주식회사,C24,파생상품계약_장외파생상품_신용관련거래,811829338306,국내증권사,B,SF205,각주항목(09.06월 이후)
43714,202103,0010111,현대차증권주식회사,C25,파생상품계약_장외파생상품_기타,0,국내증권사,B,SF205,각주항목(09.06월 이후)
43715,202103,0010111,현대차증권주식회사,D,대차 및 대주거래,890924123130,국내증권사,B,SF205,각주항목(09.06월 이후)
43716,202103,0010111,현대차증권주식회사,D1,대차 및 대주거래_대여증권,9899565,국내증권사,B,SF205,각주항목(09.06월 이후)
43717,202103,0010111,현대차증권주식회사,D2,대차 및 대주거래_차입증권,890914223565,국내증권사,B,SF205,각주항목(09.06월 이후)
43718,202103,0010111,현대차증권주식회사,D3,대차 및 대주거래_신용거래대주,0,국내증권사,B,SF205,각주항목(09.06월 이후)
43719,202103,0010111,현대차증권주식회사,E,대손상각채권,29396521014,국내증권사,B,SF205,각주항목(09.06월 이후)
43720,202103,0010111,현대차증권주식회사,F,환전업무 예치금,0,국내증권사,B,SF205,각주항목(09.06월 이후)
43721,202103,0010111,현대차증권주식회사,G,미배당별도예치금,0,국내증권사,B,SF205,각주항목(09.06월 이후)
43722,202103,0010111,현대차증권주식회사,H,배서어음매출(종금계정),0,국내증권사,B,SF205,각주항목(09.06월 이후)
43723,202103,0010111,현대차증권주식회사,H1,대출채권매매이익_담보부,0,국내증권사,B,SF205,각주항목(09.06월 이후)
43724,202103,0010111,현대차증권주식회사,H2,대출채권매매이익_무담보부,0,국내증권사,B,SF205,각주항목(09.06월 이후)
43725,202106,0010111,현대차증권주식회사,A,채무보증,766400000000,국내증권사,B,SF205,각주항목(09.06월 이후)
43726,202106,0010111,현대차증권주식회사,A1,채무보증_지급보증,0,국내증권사,B,SF205,각주항목(09.06월 이후)
43727,202106,0010111,현대차증권주식회사,A2,채무보증_매입보장약정,0,국내증권사,B,SF205,각주항목(09.06월 이후)
43728,202106,0010111,현대차증권주식회사,A3,채무보증_채무인수약정,0,국내증권사,B,SF205,각주항목(09.06월 이후)
43729,202106,0010111,현대차증권주식회사,A5,채무보증_매입확약,766400000000,국내증권사,B,SF205,각주항목(09.06월 이후)
43730,202106,0010111,현대차증권주식회사,A6,채무보증_기타,0,국내증권사,B,SF205,각주항목(09.06월 이후)
43731,202106,0010111,현대차증권주식회사,B,투자자의 예수증권 등,80843629242984,국내증권사,B,SF205,각주항목(09.06월 이후)
43732,202106,0010111,현대차증권주식회사,B1,투자자의 예수증권 등_예수 증권,80843629242984,국내증권사,B,SF205,각주항목(09.06월 이후)
43733,202106,0010111,현대차증권주식회사,B2,투자자의 예수증권 등_예수양도성예금증서,0,국내증권사,B,SF205,각주항목(09.06월 이후)
43734,202106,0010111,현대차증권주식회사,B3,투자자의 예수증권 등_기타,0,국내증권사,B,SF205,각주항목(09.06월 이후)
43735,202106,0010111,현대차증권주식회사,C,파생상품계약,5422004114890,국내증권사,B,SF205,각주항목(09.06월 이후)
43736,202106,0010111,현대차증권주식회사,C1,파생상품계약_장내파생상품,870559316877,국내증권사,B,SF205,각주항목(09.06월 이후)
43737,202106,0010111,현대차증권주식회사,C11,파생상품계약_장내파생상품_이자율관련거래,869992426877,국내증권사,B,SF205,각주항목(09.06월 이후)
43738,202106,0010111,현대차증권주식회사,C12,파생상품계약_장내파생상품_통화관련거래,566890000,국내증권사,B,SF205,각주항목(09.06월 이후)
43739,202106,0010111,현대차증권주식회사,C13,파생상품계약_장내파생상품_주식관련거래,0,국내증권사,B,SF205,각주항목(09.06월 이후)
43740,202106,0010111,현대차증권주식회사,C14,파생상품계약_장내파생상품_일반상품관련거래,0,국내증권사,B,SF205,각주항목(09.06월 이후)
43741,202106,0010111,현대차증권주식회사,C15,파생상품계약_장내파생상품_기타,0,국내증권사,B,SF205,각주항목(09.06월 이후)
43742,202106,0010111,현대차증권주식회사,C2,파생상품계약_장외파생상품,4551444798013,국내증권사,B,SF205,각주항목(09.06월 이후)
43743,202106,0010111,현대차증권주식회사,C21,파생상품계약_장외파생상품_이자율관련거래,2179561800000,국내증권사,B,SF205,각주항목(09.06월 이후)
43744,202106,0010111,현대차증권주식회사,C22,파생상품계약_장외파생상품_통화관련거래,1197522519707,국내증권사,B,SF205,각주항목(09.06월 이후)
43745,202106,0010111,현대차증권주식회사,C23,파생상품계약_장외파생상품_주식관련거래,282531140000,국내증권사,B,SF205,각주항목(09.06월 이후)
43746,202106,0010111,현대차증권주식회사,C24,파생상품계약_장외파생상품_신용관련거래,891829338306,국내증권사,B,SF205,각주항목(09.06월 이후)
43747,202106,0010111,현대차증권주식회사,C25,파생상품계약_장외파생상품_기타,0,국내증권사,B,SF205,각주항목(09.06월 이후)
43748,202106,0010111,현대차증권주식회사,D,대차 및 대주거래,582789708560,국내증권사,B,SF205,각주항목(09.06월 이후)
43749,202106,0010111,현대차증권주식회사,D1,대차 및 대주거래_대여증권,5900280,국내증권사,B,SF205,각주항목(09.06월 이후)
43750,202106,0010111,현대차증권주식회사,D2,대차 및 대주거래_차입증권,582783808280,국내증권사,B,SF205,각주항목(09.06월 이후)
43751,202106,0010111,현대차증권주식회사,D3,대차 및 대주거래_신용거래대주,0,국내증권사,B,SF205,각주항목(09.06월 이후)
43752,202106,0010111,현대차증권주식회사,E,대손상각채권,29396521014,국내증권사,B,SF205,각주항목(09.06월 이후)
43753,202106,0010111,현대차증권주식회사,F,환전업무 예치금,0,국내증권사,B,SF205,각주항목(09.06월 이후)
43754,202106,0010111,현대차증권주식회사,G,미배당별도예치금,0,국내증권사,B,SF205,각주항목(09.06월 이후)
43755,202106,0010111,현대차증권주식회사,H,배서어음매출(종금계정),0,국내증권사,B,SF205,각주항목(09.06월 이후)
43756,202106,0010111,현대차증권주식회사,H1,대출채권매매이익_담보부,0,국내증권사,B,SF205,각주항목(09.06월 이후)
43757,202106,0010111,현대차증권주식회사,H2,대출채권매매이익_무담보부,0,국내증권사,B,SF205,각주항목(09.06월 이후)
43758,202109,0010111,현대차증권주식회사,A,채무보증,798900000000,국내증권사,B,SF205,각주항목(09.06월 이후)
43759,202109,0010111,현대차증권주식회사,A1,채무보증_지급보증,0,국내증권사,B,SF205,각주항목(09.06월 이후)
43760,202109,0010111,현대차증권주식회사,A2,채무보증_매입보장약정,0,국내증권사,B,SF205,각주항목(09.06월 이후)
43761,202109,0010111,현대차증권주식회사,A3,채무보증_채무인수약정,0,국내증권사,B,SF205,각주항목(09.06월 이후)
43762,202109,0010111,현대차증권주식회사,A5,채무보증_매입확약,798900000000,국내증권사,B,SF205,각주항목(09.06월 이후)
43763,202109,0010111,현대차증권주식회사,A6,채무보증_기타,0,국내증권사,B,SF205,각주항목(09.06월 이후)
43764,202109,0010111,현대차증권주식회사,B,투자자의 예수증권 등,78108423751231,국내증권사,B,SF205,각주항목(09.06월 이후)
43765,202109,0010111,현대차증권주식회사,B1,투자자의 예수증권 등_예수 증권,78108423751231,국내증권사,B,SF205,각주항목(09.06월 이후)
43766,202109,0010111,현대차증권주식회사,B2,투자자의 예수증권 등_예수양도성예금증서,0,국내증권사,B,SF205,각주항목(09.06월 이후)
43767,202109,0010111,현대차증권주식회사,B3,투자자의 예수증권 등_기타,0,국내증권사,B,SF205,각주항목(09.06월 이후)
43768,202109,0010111,현대차증권주식회사,C,파생상품계약,5231585190851,국내증권사,B,SF205,각주항목(09.06월 이후)
43769,202109,0010111,현대차증권주식회사,C1,파생상품계약_장내파생상품,508965964238,국내증권사,B,SF205,각주항목(09.06월 이후)
43770,202109,0010111,현대차증권주식회사,C11,파생상품계약_장내파생상품_이자율관련거래,508380214238,국내증권사,B,SF205,각주항목(09.06월 이후)
43771,202109,0010111,현대차증권주식회사,C12,파생상품계약_장내파생상품_통화관련거래,585750000,국내증권사,B,SF205,각주항목(09.06월 이후)
43772,202109,0010111,현대차증권주식회사,C13,파생상품계약_장내파생상품_주식관련거래,0,국내증권사,B,SF205,각주항목(09.06월 이후)
43773,202109,0010111,현대차증권주식회사,C14,파생상품계약_장내파생상품_일반상품관련거래,0,국내증권사,B,SF205,각주항목(09.06월 이후)
43774,202109,0010111,현대차증권주식회사,C15,파생상품계약_장내파생상품_기타,0,국내증권사,B,SF205,각주항목(09.06월 이후)
43775,202109,0010111,현대차증권주식회사,C2,파생상품계약_장외파생상품,4722619226613,국내증권사,B,SF205,각주항목(09.06월 이후)
43776,202109,0010111,현대차증권주식회사,C21,파생상품계약_장외파생상품_이자율관련거래,2186411800000,국내증권사,B,SF205,각주항목(09.06월 이후)
43777,202109,0010111,현대차증권주식회사,C22,파생상품계약_장외파생상품_통화관련거래,1314155476063,국내증권사,B,SF205,각주항목(09.06월 이후)
43778,202109,0010111,현대차증권주식회사,C23,파생상품계약_장외파생상품_주식관련거래,318764612244,국내증권사,B,SF205,각주항목(09.06월 이후)
43779,202109,0010111,현대차증권주식회사,C24,파생상품계약_장외파생상품_신용관련거래,903287338306,국내증권사,B,SF205,각주항목(09.06월 이후)
43780,202109,0010111,현대차증권주식회사,C25,파생상품계약_장외파생상품_기타,0,국내증권사,B,SF205,각주항목(09.06월 이후)
43781,202109,0010111,현대차증권주식회사,D,대차 및 대주거래,682791248880,국내증권사,B,SF205,각주항목(09.06월 이후)
43782,202109,0010111,현대차증권주식회사,D1,대차 및 대주거래_대여증권,5897940,국내증권사,B,SF205,각주항목(09.06월 이후)
43783,202109,0010111,현대차증권주식회사,D2,대차 및 대주거래_차입증권,682785350940,국내증권사,B,SF205,각주항목(09.06월 이후)
43784,202109,0010111,현대차증권주식회사,D3,대차 및 대주거래_신용거래대주,0,국내증권사,B,SF205,각주항목(09.06월 이후)
43785,202109,0010111,현대차증권주식회사,E,대손상각채권,29396521014,국내증권사,B,SF205,각주항목(09.06월 이후)
43786,202109,0010111,현대차증권주식회사,F,환전업무 예치금,0,국내증권사,B,SF205,각주항목(09.06월 이후)
43787,202109,0010111,현대차증권주식회사,G,미배당별도예치금,0,국내증권사,B,SF205,각주항목(09.06월 이후)
43788,202109,0010111,현대차증권주식회사,H,배서어음매출(종금계정),0,국내증권사,B,SF205,각주항목(09.06월 이후)
43789,202109,0010111,현대차증권주식회사,H1,대출채권매매이익_담보부,0,국내증권사,B,SF205,각주항목(09.06월 이후)
43790,202109,0010111,현대차증권주식회사,H2,대출채권매매이익_무담보부,0,국내증권사,B,SF205,각주항목(09.06월 이후)
43791,202112,0010111,현대차증권주식회사,A,채무보증,847700000000,국내증권사,B,SF205,각주항목(09.06월 이후)
43792,202112,0010111,현대차증권주식회사,A1,채무보증_지급보증,0,국내증권사,B,SF205,각주항목(09.06월 이후)
43793,202112,0010111,현대차증권주식회사,A2,채무보증_매입보장약정,0,국내증권사,B,SF205,각주항목(09.06월 이후)
43794,202112,0010111,현대차증권주식회사,A3,채무보증_채무인수약정,0,국내증권사,B,SF205,각주항목(09.06월 이후)
43795,202112,0010111,현대차증권주식회사,A5,채무보증_매입확약,847700000000,국내증권사,B,SF205,각주항목(09.06월 이후)
43796,202112,0010111,현대차증권주식회사,A6,채무보증_기타,0,국내증권사,B,SF205,각주항목(09.06월 이후)
43797,202112,0010111,현대차증권주식회사,B,투자자의 예수증권 등,81270869770388,국내증권사,B,SF205,각주항목(09.06월 이후)
43798,202112,0010111,현대차증권주식회사,B1,투자자의 예수증권 등_예수 증권,81270869770388,국내증권사,B,SF205,각주항목(09.06월 이후)
43799,202112,0010111,현대차증권주식회사,B2,투자자의 예수증권 등_예수양도성예금증서,0,국내증권사,B,SF205,각주항목(09.06월 이후)
43800,202112,0010111,현대차증권주식회사,B3,투자자의 예수증권 등_기타,0,국내증권사,B,SF205,각주항목(09.06월 이후)
43801,202112,0010111,현대차증권주식회사,C,파생상품계약,5156192838762,국내증권사,B,SF205,각주항목(09.06월 이후)
43802,202112,0010111,현대차증권주식회사,C1,파생상품계약_장내파생상품,714206961768,국내증권사,B,SF205,각주항목(09.06월 이후)
43803,202112,0010111,현대차증권주식회사,C11,파생상품계약_장내파생상품_이자율관련거래,713969911768,국내증권사,B,SF205,각주항목(09.06월 이후)
43804,202112,0010111,현대차증권주식회사,C12,파생상품계약_장내파생상품_통화관련거래,237050000,국내증권사,B,SF205,각주항목(09.06월 이후)
43805,202112,0010111,현대차증권주식회사,C13,파생상품계약_장내파생상품_주식관련거래,0,국내증권사,B,SF205,각주항목(09.06월 이후)
43806,202112,0010111,현대차증권주식회사,C14,파생상품계약_장내파생상품_일반상품관련거래,0,국내증권사,B,SF205,각주항목(09.06월 이후)
43807,202112,0010111,현대차증권주식회사,C15,파생상품계약_장내파생상품_기타,0,국내증권사,B,SF205,각주항목(09.06월 이후)
43808,202112,0010111,현대차증권주식회사,C2,파생상품계약_장외파생상품,4441985876994,국내증권사,B,SF205,각주항목(09.06월 이후)
43809,202112,0010111,현대차증권주식회사,C21,파생상품계약_장외파생상품_이자율관련거래,2126433800000,국내증권사,B,SF205,각주항목(09.06월 이후)
43810,202112,0010111,현대차증권주식회사,C22,파생상품계약_장외파생상품_통화관련거래,1101450940244,국내증권사,B,SF205,각주항목(09.06월 이후)
43811,202112,0010111,현대차증권주식회사,C23,파생상품계약_장외파생상품_주식관련거래,310813798444,국내증권사,B,SF205,각주항목(09.06월 이후)
43812,202112,0010111,현대차증권주식회사,C24,파생상품계약_장외파생상품_신용관련거래,903287338306,국내증권사,B,SF205,각주항목(09.06월 이후)
43813,202112,0010111,현대차증권주식회사,C25,파생상품계약_장외파생상품_기타,0,국내증권사,B,SF205,각주항목(09.06월 이후)
43814,202112,0010111,현대차증권주식회사,D,대차 및 대주거래,569519522820,국내증권사,B,SF205,각주항목(09.06월 이후)
43815,202112,0010111,현대차증권주식회사,D1,대차 및 대주거래_대여증권,4229910,국내증권사,B,SF205,각주항목(09.06월 이후)
43816,202112,0010111,현대차증권주식회사,D2,대차 및 대주거래_차입증권,569515292910,국내증권사,B,SF205,각주항목(09.06월 이후)
43817,202112,0010111,현대차증권주식회사,D3,대차 및 대주거래_신용거래대주,0,국내증권사,B,SF205,각주항목(09.06월 이후)
43818,202112,0010111,현대차증권주식회사,E,대손상각채권,55743061385,국내증권사,B,SF205,각주항목(09.06월 이후)
43819,202112,0010111,현대차증권주식회사,F,환전업무 예치금,0,국내증권사,B,SF205,각주항목(09.06월 이후)
43820,202112,0010111,현대차증권주식회사,G,미배당별도예치금,0,국내증권사,B,SF205,각주항목(09.06월 이후)
43821,202112,0010111,현대차증권주식회사,H,배서어음매출(종금계정),0,국내증권사,B,SF205,각주항목(09.06월 이후)
43822,202112,0010111,현대차증권주식회사,H1,대출채권매매이익_담보부,0,국내증권사,B,SF205,각주항목(09.06월 이후)
43823,202112,0010111,현대차증권주식회사,H2,대출채권매매이익_무담보부,0,국내증권사,B,SF205,각주항목(09.06월 이후)
43824,202203,0010111,현대차증권주식회사,A,채무보증,834700000000,국내증권사,B,SF205,각주항목(09.06월 이후)
43825,202203,0010111,현대차증권주식회사,A1,채무보증_지급보증,0,국내증권사,B,SF205,각주항목(09.06월 이후)
43826,202203,0010111,현대차증권주식회사,A2,채무보증_매입보장약정,0,국내증권사,B,SF205,각주항목(09.06월 이후)
43827,202203,0010111,현대차증권주식회사,A3,채무보증_채무인수약정,0,국내증권사,B,SF205,각주항목(09.06월 이후)
43828,202203,0010111,현대차증권주식회사,A5,채무보증_매입확약,834700000000,국내증권사,B,SF205,각주항목(09.06월 이후)
43829,202203,0010111,현대차증권주식회사,A6,채무보증_기타,0,국내증권사,B,SF205,각주항목(09.06월 이후)
43830,202203,0010111,현대차증권주식회사,B,투자자의 예수증권 등,78412307098089,국내증권사,B,SF205,각주항목(09.06월 이후)
43831,202203,0010111,현대차증권주식회사,B1,투자자의 예수증권 등_예수 증권,78412307098089,국내증권사,B,SF205,각주항목(09.06월 이후)
43832,202203,0010111,현대차증권주식회사,B2,투자자의 예수증권 등_예수양도성예금증서,0,국내증권사,B,SF205,각주항목(09.06월 이후)
43833,202203,0010111,현대차증권주식회사,B3,투자자의 예수증권 등_기타,0,국내증권사,B,SF205,각주항목(09.06월 이후)
43834,202203,0010111,현대차증권주식회사,C,파생상품계약,5600448311598,국내증권사,B,SF205,각주항목(09.06월 이후)
43835,202203,0010111,현대차증권주식회사,C1,파생상품계약_장내파생상품,665168209574,국내증권사,B,SF205,각주항목(09.06월 이후)
43836,202203,0010111,현대차증권주식회사,C11,파생상품계약_장내파생상품_이자율관련거래,664802819574,국내증권사,B,SF205,각주항목(09.06월 이후)
43837,202203,0010111,현대차증권주식회사,C12,파생상품계약_장내파생상품_통화관련거래,365390000,국내증권사,B,SF205,각주항목(09.06월 이후)
43838,202203,0010111,현대차증권주식회사,C13,파생상품계약_장내파생상품_주식관련거래,0,국내증권사,B,SF205,각주항목(09.06월 이후)
43839,202203,0010111,현대차증권주식회사,C14,파생상품계약_장내파생상품_일반상품관련거래,0,국내증권사,B,SF205,각주항목(09.06월 이후)
43840,202203,0010111,현대차증권주식회사,C15,파생상품계약_장내파생상품_기타,0,국내증권사,B,SF205,각주항목(09.06월 이후)
43841,202203,0010111,현대차증권주식회사,C2,파생상품계약_장외파생상품,4935280102024,국내증권사,B,SF205,각주항목(09.06월 이후)
43842,202203,0010111,현대차증권주식회사,C21,파생상품계약_장외파생상품_이자율관련거래,2541133800000,국내증권사,B,SF205,각주항목(09.06월 이후)
43843,202203,0010111,현대차증권주식회사,C22,파생상품계약_장외파생상품_통화관련거래,1127312995274,국내증권사,B,SF205,각주항목(09.06월 이후)
43844,202203,0010111,현대차증권주식회사,C23,파생상품계약_장외파생상품_주식관련거래,345373468444,국내증권사,B,SF205,각주항목(09.06월 이후)
43845,202203,0010111,현대차증권주식회사,C24,파생상품계약_장외파생상품_신용관련거래,921459838306,국내증권사,B,SF205,각주항목(09.06월 이후)
43846,202203,0010111,현대차증권주식회사,C25,파생상품계약_장외파생상품_기타,0,국내증권사,B,SF205,각주항목(09.06월 이후)
43847,202203,0010111,현대차증권주식회사,D,대차 및 대주거래,792466511260,국내증권사,B,SF205,각주항목(09.06월 이후)
43848,202203,0010111,현대차증권주식회사,D1,대차 및 대주거래_대여증권,5025932580,국내증권사,B,SF205,각주항목(09.06월 이후)
43849,202203,0010111,현대차증권주식회사,D2,대차 및 대주거래_차입증권,787440578680,국내증권사,B,SF205,각주항목(09.06월 이후)
43850,202203,0010111,현대차증권주식회사,D3,대차 및 대주거래_신용거래대주,0,국내증권사,B,SF205,각주항목(09.06월 이후)
43851,202203,0010111,현대차증권주식회사,E,대손상각채권,55743061385,국내증권사,B,SF205,각주항목(09.06월 이후)
43852,202203,0010111,현대차증권주식회사,F,환전업무 예치금,0,국내증권사,B,SF205,각주항목(09.06월 이후)
43853,202203,0010111,현대차증권주식회사,G,미배당별도예치금,0,국내증권사,B,SF205,각주항목(09.06월 이후)
43854,202203,0010111,현대차증권주식회사,H,배서어음매출(종금계정),0,국내증권사,B,SF205,각주항목(09.06월 이후)
43855,202203,0010111,현대차증권주식회사,H1,대출채권매매이익_담보부,0,국내증권사,B,SF205,각주항목(09.06월 이후)
43856,202203,0010111,현대차증권주식회사,H2,대출채권매매이익_무담보부,0,국내증권사,B,SF205,각주항목(09.06월 이후)
43857,202206,0010111,현대차증권주식회사,A,채무보증,830600000000,국내증권사,B,SF205,각주항목(09.06월 이후)
43858,202206,0010111,현대차증권주식회사,A1,채무보증_지급보증,0,국내증권사,B,SF205,각주항목(09.06월 이후)
43859,202206,0010111,현대차증권주식회사,A2,채무보증_매입보장약정,0,국내증권사,B,SF205,각주항목(09.06월 이후)
43860,202206,0010111,현대차증권주식회사,A3,채무보증_채무인수약정,0,국내증권사,B,SF205,각주항목(09.06월 이후)
43861,202206,0010111,현대차증권주식회사,A5,채무보증_매입확약,830600000000,국내증권사,B,SF205,각주항목(09.06월 이후)
43862,202206,0010111,현대차증권주식회사,A6,채무보증_기타,0,국내증권사,B,SF205,각주항목(09.06월 이후)
43863,202206,0010111,현대차증권주식회사,B,투자자의 예수증권 등,76184945850357,국내증권사,B,SF205,각주항목(09.06월 이후)
43864,202206,0010111,현대차증권주식회사,B1,투자자의 예수증권 등_예수 증권,76184945850357,국내증권사,B,SF205,각주항목(09.06월 이후)
43865,202206,0010111,현대차증권주식회사,B2,투자자의 예수증권 등_예수양도성예금증서,0,국내증권사,B,SF205,각주항목(09.06월 이후)
43866,202206,0010111,현대차증권주식회사,B3,투자자의 예수증권 등_기타,0,국내증권사,B,SF205,각주항목(09.06월 이후)
43867,202206,0010111,현대차증권주식회사,C,파생상품계약,7097064512778,국내증권사,B,SF205,각주항목(09.06월 이후)
43868,202206,0010111,현대차증권주식회사,C1,파생상품계약_장내파생상품,741164006177,국내증권사,B,SF205,각주항목(09.06월 이후)
43869,202206,0010111,현대차증권주식회사,C11,파생상품계약_장내파생상품_이자율관련거래,740488923177,국내증권사,B,SF205,각주항목(09.06월 이후)
43870,202206,0010111,현대차증권주식회사,C12,파생상품계약_장내파생상품_통화관련거래,675083000,국내증권사,B,SF205,각주항목(09.06월 이후)
43871,202206,0010111,현대차증권주식회사,C13,파생상품계약_장내파생상품_주식관련거래,0,국내증권사,B,SF205,각주항목(09.06월 이후)
43872,202206,0010111,현대차증권주식회사,C14,파생상품계약_장내파생상품_일반상품관련거래,0,국내증권사,B,SF205,각주항목(09.06월 이후)
43873,202206,0010111,현대차증권주식회사,C15,파생상품계약_장내파생상품_기타,0,국내증권사,B,SF205,각주항목(09.06월 이후)
43874,202206,0010111,현대차증권주식회사,C2,파생상품계약_장외파생상품,6355900506601,국내증권사,B,SF205,각주항목(09.06월 이후)
43875,202206,0010111,현대차증권주식회사,C21,파생상품계약_장외파생상품_이자율관련거래,5000779405056,국내증권사,B,SF205,각주항목(09.06월 이후)
43876,202206,0010111,현대차증권주식회사,C22,파생상품계약_장외파생상품_통화관련거래,0,국내증권사,B,SF205,각주항목(09.06월 이후)
43877,202206,0010111,현대차증권주식회사,C23,파생상품계약_장외파생상품_주식관련거래,433661262199,국내증권사,B,SF205,각주항목(09.06월 이후)
43878,202206,0010111,현대차증권주식회사,C24,파생상품계약_장외파생상품_신용관련거래,921459839346,국내증권사,B,SF205,각주항목(09.06월 이후)
43879,202206,0010111,현대차증권주식회사,C25,파생상품계약_장외파생상품_기타,0,국내증권사,B,SF205,각주항목(09.06월 이후)
43880,202206,0010111,현대차증권주식회사,D,대차 및 대주거래,689899740720,국내증권사,B,SF205,각주항목(09.06월 이후)
43881,202206,0010111,현대차증권주식회사,D1,대차 및 대주거래_대여증권,6700782580,국내증권사,B,SF205,각주항목(09.06월 이후)
43882,202206,0010111,현대차증권주식회사,D2,대차 및 대주거래_차입증권,683198958140,국내증권사,B,SF205,각주항목(09.06월 이후)
43883,202206,0010111,현대차증권주식회사,D3,대차 및 대주거래_신용거래대주,0,국내증권사,B,SF205,각주항목(09.06월 이후)
43884,202206,0010111,현대차증권주식회사,E,대손상각채권,55743061385,국내증권사,B,SF205,각주항목(09.06월 이후)
43885,202206,0010111,현대차증권주식회사,F,환전업무 예치금,0,국내증권사,B,SF205,각주항목(09.06월 이후)
43886,202206,0010111,현대차증권주식회사,G,미배당별도예치금,0,국내증권사,B,SF205,각주항목(09.06월 이후)
43887,202206,0010111,현대차증권주식회사,H,배서어음매출(종금계정),0,국내증권사,B,SF205,각주항목(09.06월 이후)
43888,202206,0010111,현대차증권주식회사,H1,대출채권매매이익_담보부,0,국내증권사,B,SF205,각주항목(09.06월 이후)
43889,202206,0010111,현대차증권주식회사,H2,대출채권매매이익_무담보부,0,국내증권사,B,SF205,각주항목(09.06월 이후)
43890,202209,0010111,현대차증권주식회사,A,채무보증,855900000000,국내증권사,B,SF205,각주항목(09.06월 이후)
43891,202209,0010111,현대차증권주식회사,A1,채무보증_지급보증,0,국내증권사,B,SF205,각주항목(09.06월 이후)
43892,202209,0010111,현대차증권주식회사,A2,채무보증_매입보장약정,0,국내증권사,B,SF205,각주항목(09.06월 이후)
43893,202209,0010111,현대차증권주식회사,A3,채무보증_채무인수약정,0,국내증권사,B,SF205,각주항목(09.06월 이후)
43894,202209,0010111,현대차증권주식회사,A5,채무보증_매입확약,855900000000,국내증권사,B,SF205,각주항목(09.06월 이후)
43895,202209,0010111,현대차증권주식회사,A6,채무보증_기타,0,국내증권사,B,SF205,각주항목(09.06월 이후)
43896,202209,0010111,현대차증권주식회사,B,투자자의 예수증권 등,74672672873381,국내증권사,B,SF205,각주항목(09.06월 이후)
43897,202209,0010111,현대차증권주식회사,B1,투자자의 예수증권 등_예수 증권,74672672873381,국내증권사,B,SF205,각주항목(09.06월 이후)
43898,202209,0010111,현대차증권주식회사,B2,투자자의 예수증권 등_예수양도성예금증서,0,국내증권사,B,SF205,각주항목(09.06월 이후)
43899,202209,0010111,현대차증권주식회사,B3,투자자의 예수증권 등_기타,0,국내증권사,B,SF205,각주항목(09.06월 이후)
43900,202209,0010111,현대차증권주식회사,C,파생상품계약,9670103387751,국내증권사,B,SF205,각주항목(09.06월 이후)
43901,202209,0010111,현대차증권주식회사,C1,파생상품계약_장내파생상품,725368528956,국내증권사,B,SF205,각주항목(09.06월 이후)
43902,202209,0010111,현대차증권주식회사,C11,파생상품계약_장내파생상품_이자율관련거래,715484073956,국내증권사,B,SF205,각주항목(09.06월 이후)
43903,202209,0010111,현대차증권주식회사,C12,파생상품계약_장내파생상품_통화관련거래,9884455000,국내증권사,B,SF205,각주항목(09.06월 이후)
43904,202209,0010111,현대차증권주식회사,C13,파생상품계약_장내파생상품_주식관련거래,0,국내증권사,B,SF205,각주항목(09.06월 이후)
43905,202209,0010111,현대차증권주식회사,C14,파생상품계약_장내파생상품_일반상품관련거래,0,국내증권사,B,SF205,각주항목(09.06월 이후)
43906,202209,0010111,현대차증권주식회사,C15,파생상품계약_장내파생상품_기타,0,국내증권사,B,SF205,각주항목(09.06월 이후)
43907,202209,0010111,현대차증권주식회사,C2,파생상품계약_장외파생상품,8944734858795,국내증권사,B,SF205,각주항목(09.06월 이후)
43908,202209,0010111,현대차증권주식회사,C21,파생상품계약_장외파생상품_이자율관련거래,4855259800000,국내증권사,B,SF205,각주항목(09.06월 이후)
43909,202209,0010111,현대차증권주식회사,C22,파생상품계약_장외파생상품_통화관련거래,2331292823665,국내증권사,B,SF205,각주항목(09.06월 이후)
43910,202209,0010111,현대차증권주식회사,C23,파생상품계약_장외파생상품_주식관련거래,769347395784,국내증권사,B,SF205,각주항목(09.06월 이후)
43911,202209,0010111,현대차증권주식회사,C24,파생상품계약_장외파생상품_신용관련거래,988834839346,국내증권사,B,SF205,각주항목(09.06월 이후)
43912,202209,0010111,현대차증권주식회사,C25,파생상품계약_장외파생상품_기타,0,국내증권사,B,SF205,각주항목(09.06월 이후)
43913,202209,0010111,현대차증권주식회사,D,대차 및 대주거래,1048576442615,국내증권사,B,SF205,각주항목(09.06월 이후)
43914,202209,0010111,현대차증권주식회사,D1,대차 및 대주거래_대여증권,2074007580,국내증권사,B,SF205,각주항목(09.06월 이후)
43915,202209,0010111,현대차증권주식회사,D2,대차 및 대주거래_차입증권,1046502435035,국내증권사,B,SF205,각주항목(09.06월 이후)
43916,202209,0010111,현대차증권주식회사,D3,대차 및 대주거래_신용거래대주,0,국내증권사,B,SF205,각주항목(09.06월 이후)
43917,202209,0010111,현대차증권주식회사,E,대손상각채권,55743061385,국내증권사,B,SF205,각주항목(09.06월 이후)
43918,202209,0010111,현대차증권주식회사,F,환전업무 예치금,0,국내증권사,B,SF205,각주항목(09.06월 이후)
43919,202209,0010111,현대차증권주식회사,G,미배당별도예치금,0,국내증권사,B,SF205,각주항목(09.06월 이후)
43920,202209,0010111,현대차증권주식회사,H,배서어음매출(종금계정),0,국내증권사,B,SF205,각주항목(09.06월 이후)
43921,202209,0010111,현대차증권주식회사,H1,대출채권매매이익_담보부,0,국내증권사,B,SF205,각주항목(09.06월 이후)
43922,202209,0010111,현대차증권주식회사,H2,대출채권매매이익_무담보부,0,국내증권사,B,SF205,각주항목(09.06월 이후)
43923,202212,0010111,현대차증권주식회사,A,채무보증,789200000000,국내증권사,B,SF205,각주항목(09.06월 이후)
43924,202212,0010111,현대차증권주식회사,A1,채무보증_지급보증,0,국내증권사,B,SF205,각주항목(09.06월 이후)
43925,202212,0010111,현대차증권주식회사,A2,채무보증_매입보장약정,0,국내증권사,B,SF205,각주항목(09.06월 이후)
43926,202212,0010111,현대차증권주식회사,A3,채무보증_채무인수약정,0,국내증권사,B,SF205,각주항목(09.06월 이후)
43927,202212,0010111,현대차증권주식회사,A5,채무보증_매입확약,789200000000,국내증권사,B,SF205,각주항목(09.06월 이후)
43928,202212,0010111,현대차증권주식회사,A6,채무보증_기타,0,국내증권사,B,SF205,각주항목(09.06월 이후)
43929,202212,0010111,현대차증권주식회사,B,투자자의 예수증권 등,72211890169905,국내증권사,B,SF205,각주항목(09.06월 이후)
43930,202212,0010111,현대차증권주식회사,B1,투자자의 예수증권 등_예수 증권,72211890169905,국내증권사,B,SF205,각주항목(09.06월 이후)
43931,202212,0010111,현대차증권주식회사,B2,투자자의 예수증권 등_예수양도성예금증서,0,국내증권사,B,SF205,각주항목(09.06월 이후)
43932,202212,0010111,현대차증권주식회사,B3,투자자의 예수증권 등_기타,0,국내증권사,B,SF205,각주항목(09.06월 이후)
43933,202212,0010111,현대차증권주식회사,C,파생상품계약,9840277775572,국내증권사,B,SF205,각주항목(09.06월 이후)
43934,202212,0010111,현대차증권주식회사,C1,파생상품계약_장내파생상품,703696165189,국내증권사,B,SF205,각주항목(09.06월 이후)
43935,202212,0010111,현대차증권주식회사,C11,파생상품계약_장내파생상품_이자율관련거래,699411117189,국내증권사,B,SF205,각주항목(09.06월 이후)
43936,202212,0010111,현대차증권주식회사,C12,파생상품계약_장내파생상품_통화관련거래,4285048000,국내증권사,B,SF205,각주항목(09.06월 이후)
43937,202212,0010111,현대차증권주식회사,C13,파생상품계약_장내파생상품_주식관련거래,0,국내증권사,B,SF205,각주항목(09.06월 이후)
43938,202212,0010111,현대차증권주식회사,C14,파생상품계약_장내파생상품_일반상품관련거래,0,국내증권사,B,SF205,각주항목(09.06월 이후)
43939,202212,0010111,현대차증권주식회사,C15,파생상품계약_장내파생상품_기타,0,국내증권사,B,SF205,각주항목(09.06월 이후)
43940,202212,0010111,현대차증권주식회사,C2,파생상품계약_장외파생상품,9136581610383,국내증권사,B,SF205,각주항목(09.06월 이후)
43941,202212,0010111,현대차증권주식회사,C21,파생상품계약_장외파생상품_이자율관련거래,4558259800000,국내증권사,B,SF205,각주항목(09.06월 이후)
43942,202212,0010111,현대차증권주식회사,C22,파생상품계약_장외파생상품_통화관련거래,2682384522716,국내증권사,B,SF205,각주항목(09.06월 이후)
43943,202212,0010111,현대차증권주식회사,C23,파생상품계약_장외파생상품_주식관련거래,907102448321,국내증권사,B,SF205,각주항목(09.06월 이후)
43944,202212,0010111,현대차증권주식회사,C24,파생상품계약_장외파생상품_신용관련거래,988834839346,국내증권사,B,SF205,각주항목(09.06월 이후)
43945,202212,0010111,현대차증권주식회사,C25,파생상품계약_장외파생상품_기타,0,국내증권사,B,SF205,각주항목(09.06월 이후)
43946,202212,0010111,현대차증권주식회사,D,대차 및 대주거래,1077208840390,국내증권사,B,SF205,각주항목(09.06월 이후)
43947,202212,0010111,현대차증권주식회사,D1,대차 및 대주거래_대여증권,2121860000,국내증권사,B,SF205,각주항목(09.06월 이후)
43948,202212,0010111,현대차증권주식회사,D2,대차 및 대주거래_차입증권,1075086980390,국내증권사,B,SF205,각주항목(09.06월 이후)
43949,202212,0010111,현대차증권주식회사,D3,대차 및 대주거래_신용거래대주,0,국내증권사,B,SF205,각주항목(09.06월 이후)
43950,202212,0010111,현대차증권주식회사,E,대손상각채권,55743061385,국내증권사,B,SF205,각주항목(09.06월 이후)
43951,202212,0010111,현대차증권주식회사,F,환전업무 예치금,0,국내증권사,B,SF205,각주항목(09.06월 이후)
43952,202212,0010111,현대차증권주식회사,G,미배당별도예치금,0,국내증권사,B,SF205,각주항목(09.06월 이후)
43953,202212,0010111,현대차증권주식회사,H,배서어음매출(종금계정),0,국내증권사,B,SF205,각주항목(09.06월 이후)
43954,202212,0010111,현대차증권주식회사,H1,대출채권매매이익_담보부,0,국내증권사,B,SF205,각주항목(09.06월 이후)
43955,202212,0010111,현대차증권주식회사,H2,대출채권매매이익_무담보부,0,국내증권사,B,SF205,각주항목(09.06월 이후)
43956,202303,0010111,현대차증권주식회사,A,채무보증,758600000000,국내증권사,B,SF205,각주항목(09.06월 이후)
43957,202303,0010111,현대차증권주식회사,A1,채무보증_지급보증,0,국내증권사,B,SF205,각주항목(09.06월 이후)
43958,202303,0010111,현대차증권주식회사,A2,채무보증_매입보장약정,0,국내증권사,B,SF205,각주항목(09.06월 이후)
43959,202303,0010111,현대차증권주식회사,A3,채무보증_채무인수약정,0,국내증권사,B,SF205,각주항목(09.06월 이후)
43960,202303,0010111,현대차증권주식회사,A5,채무보증_매입확약,758600000000,국내증권사,B,SF205,각주항목(09.06월 이후)
43961,202303,0010111,현대차증권주식회사,A6,채무보증_기타,0,국내증권사,B,SF205,각주항목(09.06월 이후)
43962,202303,0010111,현대차증권주식회사,B,투자자의 예수증권 등,82765723442623,국내증권사,B,SF205,각주항목(09.06월 이후)
43963,202303,0010111,현대차증권주식회사,B1,투자자의 예수증권 등_예수 증권,82765723442623,국내증권사,B,SF205,각주항목(09.06월 이후)
43964,202303,0010111,현대차증권주식회사,B2,투자자의 예수증권 등_예수양도성예금증서,0,국내증권사,B,SF205,각주항목(09.06월 이후)
43965,202303,0010111,현대차증권주식회사,B3,투자자의 예수증권 등_기타,0,국내증권사,B,SF205,각주항목(09.06월 이후)
43966,202303,0010111,현대차증권주식회사,C,파생상품계약,12034501017240,국내증권사,B,SF205,각주항목(09.06월 이후)
43967,202303,0010111,현대차증권주식회사,C1,파생상품계약_장내파생상품,842766238071,국내증권사,B,SF205,각주항목(09.06월 이후)
43968,202303,0010111,현대차증권주식회사,C11,파생상품계약_장내파생상품_이자율관련거래,823030179071,국내증권사,B,SF205,각주항목(09.06월 이후)
43969,202303,0010111,현대차증권주식회사,C12,파생상품계약_장내파생상품_통화관련거래,19736059000,국내증권사,B,SF205,각주항목(09.06월 이후)
43970,202303,0010111,현대차증권주식회사,C13,파생상품계약_장내파생상품_주식관련거래,0,국내증권사,B,SF205,각주항목(09.06월 이후)
43971,202303,0010111,현대차증권주식회사,C14,파생상품계약_장내파생상품_일반상품관련거래,0,국내증권사,B,SF205,각주항목(09.06월 이후)
43972,202303,0010111,현대차증권주식회사,C15,파생상품계약_장내파생상품_기타,0,국내증권사,B,SF205,각주항목(09.06월 이후)
43973,202303,0010111,현대차증권주식회사,C2,파생상품계약_장외파생상품,11191734779169,국내증권사,B,SF205,각주항목(09.06월 이후)
43974,202303,0010111,현대차증권주식회사,C21,파생상품계약_장외파생상품_이자율관련거래,6072845800000,국내증권사,B,SF205,각주항목(09.06월 이후)
43975,202303,0010111,현대차증권주식회사,C22,파생상품계약_장외파생상품_통화관련거래,3239948999888,국내증권사,B,SF205,각주항목(09.06월 이후)
43976,202303,0010111,현대차증권주식회사,C23,파생상품계약_장외파생상품_주식관련거래,890105139935,국내증권사,B,SF205,각주항목(09.06월 이후)
43977,202303,0010111,현대차증권주식회사,C24,파생상품계약_장외파생상품_신용관련거래,988834839346,국내증권사,B,SF205,각주항목(09.06월 이후)
43978,202303,0010111,현대차증권주식회사,C25,파생상품계약_장외파생상품_기타,0,국내증권사,B,SF205,각주항목(09.06월 이후)
43979,202303,0010111,현대차증권주식회사,D,대차 및 대주거래,1254833626565,국내증권사,B,SF205,각주항목(09.06월 이후)
43980,202303,0010111,현대차증권주식회사,D1,대차 및 대주거래_대여증권,2992090000,국내증권사,B,SF205,각주항목(09.06월 이후)
43981,202303,0010111,현대차증권주식회사,D2,대차 및 대주거래_차입증권,1251841536565,국내증권사,B,SF205,각주항목(09.06월 이후)
43982,202303,0010111,현대차증권주식회사,D3,대차 및 대주거래_신용거래대주,0,국내증권사,B,SF205,각주항목(09.06월 이후)
43983,202303,0010111,현대차증권주식회사,E,대손상각채권,55743061385,국내증권사,B,SF205,각주항목(09.06월 이후)
43984,202303,0010111,현대차증권주식회사,F,환전업무 예치금,0,국내증권사,B,SF205,각주항목(09.06월 이후)
43985,202303,0010111,현대차증권주식회사,G,미배당별도예치금,0,국내증권사,B,SF205,각주항목(09.06월 이후)
43986,202303,0010111,현대차증권주식회사,H,배서어음매출(종금계정),0,국내증권사,B,SF205,각주항목(09.06월 이후)
43987,202303,0010111,현대차증권주식회사,H1,대출채권매매이익_담보부,0,국내증권사,B,SF205,각주항목(09.06월 이후)
43988,202303,0010111,현대차증권주식회사,H2,대출채권매매이익_무담보부,0,국내증권사,B,SF205,각주항목(09.06월 이후)
43989,202306,0010111,현대차증권주식회사,A,채무보증,747900000000,국내증권사,B,SF205,각주항목(09.06월 이후)
43990,202306,0010111,현대차증권주식회사,A1,채무보증_지급보증,0,국내증권사,B,SF205,각주항목(09.06월 이후)
43991,202306,0010111,현대차증권주식회사,A2,채무보증_매입보장약정,0,국내증권사,B,SF205,각주항목(09.06월 이후)
43992,202306,0010111,현대차증권주식회사,A3,채무보증_채무인수약정,0,국내증권사,B,SF205,각주항목(09.06월 이후)
43993,202306,0010111,현대차증권주식회사,A5,채무보증_매입확약,747900000000,국내증권사,B,SF205,각주항목(09.06월 이후)
43994,202306,0010111,현대차증권주식회사,A6,채무보증_기타,0,국내증권사,B,SF205,각주항목(09.06월 이후)
43995,202306,0010111,현대차증권주식회사,B,투자자의 예수증권 등,87169090267240,국내증권사,B,SF205,각주항목(09.06월 이후)
43996,202306,0010111,현대차증권주식회사,B1,투자자의 예수증권 등_예수 증권,87169090267240,국내증권사,B,SF205,각주항목(09.06월 이후)
43997,202306,0010111,현대차증권주식회사,B2,투자자의 예수증권 등_예수양도성예금증서, ,국내증권사,B,SF205,각주항목(09.06월 이후)
43998,202306,0010111,현대차증권주식회사,B3,투자자의 예수증권 등_기타, ,국내증권사,B,SF205,각주항목(09.06월 이후)
43999,202306,0010111,현대차증권주식회사,C,파생상품계약,12180871073563,국내증권사,B,SF205,각주항목(09.06월 이후)
44000,202306,0010111,현대차증권주식회사,C1,파생상품계약_장내파생상품,1021603515078,국내증권사,B,SF205,각주항목(09.06월 이후)
44001,202306,0010111,현대차증권주식회사,C11,파생상품계약_장내파생상품_이자율관련거래,1003416667078,국내증권사,B,SF205,각주항목(09.06월 이후)
44002,202306,0010111,현대차증권주식회사,C12,파생상품계약_장내파생상품_통화관련거래,18186848000,국내증권사,B,SF205,각주항목(09.06월 이후)
44003,202306,0010111,현대차증권주식회사,C13,파생상품계약_장내파생상품_주식관련거래,0,국내증권사,B,SF205,각주항목(09.06월 이후)
44004,202306,0010111,현대차증권주식회사,C14,파생상품계약_장내파생상품_일반상품관련거래,0,국내증권사,B,SF205,각주항목(09.06월 이후)
44005,202306,0010111,현대차증권주식회사,C15,파생상품계약_장내파생상품_기타,0,국내증권사,B,SF205,각주항목(09.06월 이후)
44006,202306,0010111,현대차증권주식회사,C2,파생상품계약_장외파생상품,11159267558485,국내증권사,B,SF205,각주항목(09.06월 이후)
44007,202306,0010111,현대차증권주식회사,C21,파생상품계약_장외파생상품_이자율관련거래,6076345800000,국내증권사,B,SF205,각주항목(09.06월 이후)
44008,202306,0010111,현대차증권주식회사,C22,파생상품계약_장외파생상품_통화관련거래,3369912309018,국내증권사,B,SF205,각주항목(09.06월 이후)
44009,202306,0010111,현대차증권주식회사,C23,파생상품계약_장외파생상품_주식관련거래,924174610121,국내증권사,B,SF205,각주항목(09.06월 이후)
44010,202306,0010111,현대차증권주식회사,C24,파생상품계약_장외파생상품_신용관련거래,788834839346,국내증권사,B,SF205,각주항목(09.06월 이후)
44011,202306,0010111,현대차증권주식회사,C25,파생상품계약_장외파생상품_기타,0,국내증권사,B,SF205,각주항목(09.06월 이후)
44012,202306,0010111,현대차증권주식회사,D,대차 및 대주거래,1059422143045,국내증권사,B,SF205,각주항목(09.06월 이후)
44013,202306,0010111,현대차증권주식회사,D1,대차 및 대주거래_대여증권,2992090000,국내증권사,B,SF205,각주항목(09.06월 이후)
44014,202306,0010111,현대차증권주식회사,D2,대차 및 대주거래_차입증권,1056430053045,국내증권사,B,SF205,각주항목(09.06월 이후)
44015,202306,0010111,현대차증권주식회사,D3,대차 및 대주거래_신용거래대주, ,국내증권사,B,SF205,각주항목(09.06월 이후)
44016,202306,0010111,현대차증권주식회사,E,대손상각채권,55743061385,국내증권사,B,SF205,각주항목(09.06월 이후)
44017,202306,0010111,현대차증권주식회사,F,환전업무 예치금,0,국내증권사,B,SF205,각주항목(09.06월 이후)
44018,202306,0010111,현대차증권주식회사,G,미배당별도예치금, ,국내증권사,B,SF205,각주항목(09.06월 이후)
44019,202306,0010111,현대차증권주식회사,H,배서어음매출(종금계정),0,국내증권사,B,SF205,각주항목(09.06월 이후)
44020,202306,0010111,현대차증권주식회사,H1,대출채권매매이익_담보부, ,국내증권사,B,SF205,각주항목(09.06월 이후)
44021,202306,0010111,현대차증권주식회사,H2,대출채권매매이익_무담보부, ,국내증권사,B,SF205,각주항목(09.06월 이후)
44022,202309,0010111,현대차증권주식회사,A,채무보증,625000000000,국내증권사,B,SF205,각주항목(09.06월 이후)
44023,202309,0010111,현대차증권주식회사,A1,채무보증_지급보증,0,국내증권사,B,SF205,각주항목(09.06월 이후)
44024,202309,0010111,현대차증권주식회사,A2,채무보증_매입보장약정,0,국내증권사,B,SF205,각주항목(09.06월 이후)
44025,202309,0010111,현대차증권주식회사,A3,채무보증_채무인수약정,0,국내증권사,B,SF205,각주항목(09.06월 이후)
44026,202309,0010111,현대차증권주식회사,A5,채무보증_매입확약,625000000000,국내증권사,B,SF205,각주항목(09.06월 이후)
44027,202309,0010111,현대차증권주식회사,A6,채무보증_기타,0,국내증권사,B,SF205,각주항목(09.06월 이후)
44028,202309,0010111,현대차증권주식회사,B,투자자의 예수증권 등,84760563511555,국내증권사,B,SF205,각주항목(09.06월 이후)
44029,202309,0010111,현대차증권주식회사,B1,투자자의 예수증권 등_예수 증권,84760563511555,국내증권사,B,SF205,각주항목(09.06월 이후)
44030,202309,0010111,현대차증권주식회사,B2,투자자의 예수증권 등_예수양도성예금증서,0,국내증권사,B,SF205,각주항목(09.06월 이후)
44031,202309,0010111,현대차증권주식회사,B3,투자자의 예수증권 등_기타,0,국내증권사,B,SF205,각주항목(09.06월 이후)
44032,202309,0010111,현대차증권주식회사,C,파생상품계약,13654458188181,국내증권사,B,SF205,각주항목(09.06월 이후)
44033,202309,0010111,현대차증권주식회사,C1,파생상품계약_장내파생상품,866139104314,국내증권사,B,SF205,각주항목(09.06월 이후)
44034,202309,0010111,현대차증권주식회사,C11,파생상품계약_장내파생상품_이자율관련거래,852284684314,국내증권사,B,SF205,각주항목(09.06월 이후)
44035,202309,0010111,현대차증권주식회사,C12,파생상품계약_장내파생상품_통화관련거래,13854420000,국내증권사,B,SF205,각주항목(09.06월 이후)
44036,202309,0010111,현대차증권주식회사,C13,파생상품계약_장내파생상품_주식관련거래,0,국내증권사,B,SF205,각주항목(09.06월 이후)
44037,202309,0010111,현대차증권주식회사,C14,파생상품계약_장내파생상품_일반상품관련거래,0,국내증권사,B,SF205,각주항목(09.06월 이후)
44038,202309,0010111,현대차증권주식회사,C15,파생상품계약_장내파생상품_기타,0,국내증권사,B,SF205,각주항목(09.06월 이후)
44039,202309,0010111,현대차증권주식회사,C2,파생상품계약_장외파생상품,12788319083867,국내증권사,B,SF205,각주항목(09.06월 이후)
44040,202309,0010111,현대차증권주식회사,C21,파생상품계약_장외파생상품_이자율관련거래,6656683800000,국내증권사,B,SF205,각주항목(09.06월 이후)
44041,202309,0010111,현대차증권주식회사,C22,파생상품계약_장외파생상품_통화관련거래,4276567527616,국내증권사,B,SF205,각주항목(09.06월 이후)
44042,202309,0010111,현대차증권주식회사,C23,파생상품계약_장외파생상품_주식관련거래,1066232916905,국내증권사,B,SF205,각주항목(09.06월 이후)
44043,202309,0010111,현대차증권주식회사,C24,파생상품계약_장외파생상품_신용관련거래,788834839346,국내증권사,B,SF205,각주항목(09.06월 이후)
44044,202309,0010111,현대차증권주식회사,C25,파생상품계약_장외파생상품_기타,0,국내증권사,B,SF205,각주항목(09.06월 이후)
44045,202309,0010111,현대차증권주식회사,D,대차 및 대주거래,1385261579665,국내증권사,B,SF205,각주항목(09.06월 이후)
44046,202309,0010111,현대차증권주식회사,D1,대차 및 대주거래_대여증권,4907606560,국내증권사,B,SF205,각주항목(09.06월 이후)
44047,202309,0010111,현대차증권주식회사,D2,대차 및 대주거래_차입증권,1380353973105,국내증권사,B,SF205,각주항목(09.06월 이후)
44048,202309,0010111,현대차증권주식회사,D3,대차 및 대주거래_신용거래대주,0,국내증권사,B,SF205,각주항목(09.06월 이후)
44049,202309,0010111,현대차증권주식회사,E,대손상각채권,55743061385,국내증권사,B,SF205,각주항목(09.06월 이후)
44050,202309,0010111,현대차증권주식회사,F,환전업무 예치금,0,국내증권사,B,SF205,각주항목(09.06월 이후)
44051,202309,0010111,현대차증권주식회사,G,미배당별도예치금,0,국내증권사,B,SF205,각주항목(09.06월 이후)
44052,202309,0010111,현대차증권주식회사,H,배서어음매출(종금계정),0,국내증권사,B,SF205,각주항목(09.06월 이후)
44053,202309,0010111,현대차증권주식회사,H1,대출채권매매이익_담보부,0,국내증권사,B,SF205,각주항목(09.06월 이후)
44054,202309,0010111,현대차증권주식회사,H2,대출채권매매이익_무담보부,0,국내증권사,B,SF205,각주항목(09.06월 이후)
44055,202312,0010111,현대차증권주식회사,A,채무보증,612500000000,국내증권사,B,SF205,각주항목(09.06월 이후)
44056,202312,0010111,현대차증권주식회사,A1,채무보증_지급보증,0,국내증권사,B,SF205,각주항목(09.06월 이후)
44057,202312,0010111,현대차증권주식회사,A2,채무보증_매입보장약정,0,국내증권사,B,SF205,각주항목(09.06월 이후)
44058,202312,0010111,현대차증권주식회사,A3,채무보증_채무인수약정,0,국내증권사,B,SF205,각주항목(09.06월 이후)
44059,202312,0010111,현대차증권주식회사,A5,채무보증_매입확약,612500000000,국내증권사,B,SF205,각주항목(09.06월 이후)
44060,202312,0010111,현대차증권주식회사,A6,채무보증_기타,0,국내증권사,B,SF205,각주항목(09.06월 이후)
44061,202312,0010111,현대차증권주식회사,B,투자자의 예수증권 등,88705887455834,국내증권사,B,SF205,각주항목(09.06월 이후)
44062,202312,0010111,현대차증권주식회사,B1,투자자의 예수증권 등_예수 증권,88705887455834,국내증권사,B,SF205,각주항목(09.06월 이후)
44063,202312,0010111,현대차증권주식회사,B2,투자자의 예수증권 등_예수양도성예금증서,0,국내증권사,B,SF205,각주항목(09.06월 이후)
44064,202312,0010111,현대차증권주식회사,B3,투자자의 예수증권 등_기타,0,국내증권사,B,SF205,각주항목(09.06월 이후)
44065,202312,0010111,현대차증권주식회사,C,파생상품계약,14368610869517,국내증권사,B,SF205,각주항목(09.06월 이후)
44066,202312,0010111,현대차증권주식회사,C1,파생상품계약_장내파생상품,1072958662829,국내증권사,B,SF205,각주항목(09.06월 이후)
44067,202312,0010111,현대차증권주식회사,C11,파생상품계약_장내파생상품_이자율관련거래,1063931539829,국내증권사,B,SF205,각주항목(09.06월 이후)
44068,202312,0010111,현대차증권주식회사,C12,파생상품계약_장내파생상품_통화관련거래,9027123000,국내증권사,B,SF205,각주항목(09.06월 이후)
44069,202312,0010111,현대차증권주식회사,C13,파생상품계약_장내파생상품_주식관련거래,0,국내증권사,B,SF205,각주항목(09.06월 이후)
44070,202312,0010111,현대차증권주식회사,C14,파생상품계약_장내파생상품_일반상품관련거래,0,국내증권사,B,SF205,각주항목(09.06월 이후)
44071,202312,0010111,현대차증권주식회사,C15,파생상품계약_장내파생상품_기타,0,국내증권사,B,SF205,각주항목(09.06월 이후)
44072,202312,0010111,현대차증권주식회사,C2,파생상품계약_장외파생상품,13295652206688,국내증권사,B,SF205,각주항목(09.06월 이후)
44073,202312,0010111,현대차증권주식회사,C21,파생상품계약_장외파생상품_이자율관련거래,7399483800000,국내증권사,B,SF205,각주항목(09.06월 이후)
44074,202312,0010111,현대차증권주식회사,C22,파생상품계약_장외파생상품_통화관련거래,4233002865294,국내증권사,B,SF205,각주항목(09.06월 이후)
44075,202312,0010111,현대차증권주식회사,C23,파생상품계약_장외파생상품_주식관련거래,1074312542048,국내증권사,B,SF205,각주항목(09.06월 이후)
44076,202312,0010111,현대차증권주식회사,C24,파생상품계약_장외파생상품_신용관련거래,588852999346,국내증권사,B,SF205,각주항목(09.06월 이후)
44077,202312,0010111,현대차증권주식회사,C25,파생상품계약_장외파생상품_기타,0,국내증권사,B,SF205,각주항목(09.06월 이후)
44078,202312,0010111,현대차증권주식회사,D,대차 및 대주거래,1336463631863,국내증권사,B,SF205,각주항목(09.06월 이후)
44079,202312,0010111,현대차증권주식회사,D1,대차 및 대주거래_대여증권,11358216440,국내증권사,B,SF205,각주항목(09.06월 이후)
44080,202312,0010111,현대차증권주식회사,D2,대차 및 대주거래_차입증권,1325105415423,국내증권사,B,SF205,각주항목(09.06월 이후)
44081,202312,0010111,현대차증권주식회사,D3,대차 및 대주거래_신용거래대주,0,국내증권사,B,SF205,각주항목(09.06월 이후)
44082,202312,0010111,현대차증권주식회사,E,대손상각채권,55743061385,국내증권사,B,SF205,각주항목(09.06월 이후)
44083,202312,0010111,현대차증권주식회사,F,환전업무 예치금,0,국내증권사,B,SF205,각주항목(09.06월 이후)
44084,202312,0010111,현대차증권주식회사,G,미배당별도예치금,0,국내증권사,B,SF205,각주항목(09.06월 이후)
44085,202312,0010111,현대차증권주식회사,H,배서어음매출(종금계정),0,국내증권사,B,SF205,각주항목(09.06월 이후)
44086,202312,0010111,현대차증권주식회사,H1,대출채권매매이익_담보부,0,국내증권사,B,SF205,각주항목(09.06월 이후)
44087,202312,0010111,현대차증권주식회사,H2,대출채권매매이익_무담보부,0,국내증권사,B,SF205,각주항목(09.06월 이후)
44088,202403,0010111,현대차증권주식회사,A,채무보증,438170000000,국내증권사,B,SF205,각주항목(09.06월 이후)
44089,202403,0010111,현대차증권주식회사,A1,채무보증_지급보증,0,국내증권사,B,SF205,각주항목(09.06월 이후)
44090,202403,0010111,현대차증권주식회사,A2,채무보증_매입보장약정,0,국내증권사,B,SF205,각주항목(09.06월 이후)
44091,202403,0010111,현대차증권주식회사,A3,채무보증_채무인수약정,0,국내증권사,B,SF205,각주항목(09.06월 이후)
44092,202403,0010111,현대차증권주식회사,A5,채무보증_매입확약,438170000000,국내증권사,B,SF205,각주항목(09.06월 이후)
44093,202403,0010111,현대차증권주식회사,A6,채무보증_기타,0,국내증권사,B,SF205,각주항목(09.06월 이후)
44094,202403,0010111,현대차증권주식회사,B,투자자의 예수증권 등,93500834502619,국내증권사,B,SF205,각주항목(09.06월 이후)
44095,202403,0010111,현대차증권주식회사,B1,투자자의 예수증권 등_예수 증권,93500834502619,국내증권사,B,SF205,각주항목(09.06월 이후)
44096,202403,0010111,현대차증권주식회사,B2,투자자의 예수증권 등_예수양도성예금증서,0,국내증권사,B,SF205,각주항목(09.06월 이후)
44097,202403,0010111,현대차증권주식회사,B3,투자자의 예수증권 등_기타,0,국내증권사,B,SF205,각주항목(09.06월 이후)
44098,202403,0010111,현대차증권주식회사,C,파생상품계약,15990247845690,국내증권사,B,SF205,각주항목(09.06월 이후)
44099,202403,0010111,현대차증권주식회사,C1,파생상품계약_장내파생상품,1051510939844,국내증권사,B,SF205,각주항목(09.06월 이후)
44100,202403,0010111,현대차증권주식회사,C11,파생상품계약_장내파생상품_이자율관련거래,1036748567844,국내증권사,B,SF205,각주항목(09.06월 이후)
44101,202403,0010111,현대차증권주식회사,C12,파생상품계약_장내파생상품_통화관련거래,14762372000,국내증권사,B,SF205,각주항목(09.06월 이후)
44102,202403,0010111,현대차증권주식회사,C13,파생상품계약_장내파생상품_주식관련거래,0,국내증권사,B,SF205,각주항목(09.06월 이후)
44103,202403,0010111,현대차증권주식회사,C14,파생상품계약_장내파생상품_일반상품관련거래,0,국내증권사,B,SF205,각주항목(09.06월 이후)
44104,202403,0010111,현대차증권주식회사,C15,파생상품계약_장내파생상품_기타,0,국내증권사,B,SF205,각주항목(09.06월 이후)
44105,202403,0010111,현대차증권주식회사,C2,파생상품계약_장외파생상품,14938736905846,국내증권사,B,SF205,각주항목(09.06월 이후)
44106,202403,0010111,현대차증권주식회사,C21,파생상품계약_장외파생상품_이자율관련거래,8009595800000,국내증권사,B,SF205,각주항목(09.06월 이후)
44107,202403,0010111,현대차증권주식회사,C22,파생상품계약_장외파생상품_통화관련거래,5228043470627,국내증권사,B,SF205,각주항목(09.06월 이후)
44108,202403,0010111,현대차증권주식회사,C23,파생상품계약_장외파생상품_주식관련거래,1112244635873,국내증권사,B,SF205,각주항목(09.06월 이후)
44109,202403,0010111,현대차증권주식회사,C24,파생상품계약_장외파생상품_신용관련거래,588852999346,국내증권사,B,SF205,각주항목(09.06월 이후)
44110,202403,0010111,현대차증권주식회사,C25,파생상품계약_장외파생상품_기타,0,국내증권사,B,SF205,각주항목(09.06월 이후)
44111,202403,0010111,현대차증권주식회사,D,대차 및 대주거래,1602475963817,국내증권사,B,SF205,각주항목(09.06월 이후)
44112,202403,0010111,현대차증권주식회사,D1,대차 및 대주거래_대여증권,18076239429,국내증권사,B,SF205,각주항목(09.06월 이후)
44113,202403,0010111,현대차증권주식회사,D2,대차 및 대주거래_차입증권,1584399724388,국내증권사,B,SF205,각주항목(09.06월 이후)
44114,202403,0010111,현대차증권주식회사,D3,대차 및 대주거래_신용거래대주,0,국내증권사,B,SF205,각주항목(09.06월 이후)
44115,202403,0010111,현대차증권주식회사,E,대손상각채권,55743061385,국내증권사,B,SF205,각주항목(09.06월 이후)
44116,202403,0010111,현대차증권주식회사,F,환전업무 예치금,0,국내증권사,B,SF205,각주항목(09.06월 이후)
44117,202403,0010111,현대차증권주식회사,G,미배당별도예치금,0,국내증권사,B,SF205,각주항목(09.06월 이후)
44118,202403,0010111,현대차증권주식회사,H,배서어음매출(종금계정),0,국내증권사,B,SF205,각주항목(09.06월 이후)
44119,202403,0010111,현대차증권주식회사,H1,대출채권매매이익_담보부,0,국내증권사,B,SF205,각주항목(09.06월 이후)
44120,202403,0010111,현대차증권주식회사,H2,대출채권매매이익_무담보부,0,국내증권사,B,SF205,각주항목(09.06월 이후)
44121,202406,0010111,현대차증권주식회사,A,채무보증,489485000000,국내증권사,B,SF205,각주항목(09.06월 이후)
44122,202406,0010111,현대차증권주식회사,A1,채무보증_지급보증,0,국내증권사,B,SF205,각주항목(09.06월 이후)
44123,202406,0010111,현대차증권주식회사,A2,채무보증_매입보장약정,0,국내증권사,B,SF205,각주항목(09.06월 이후)
44124,202406,0010111,현대차증권주식회사,A3,채무보증_채무인수약정,0,국내증권사,B,SF205,각주항목(09.06월 이후)
44125,202406,0010111,현대차증권주식회사,A5,채무보증_매입확약,489485000000,국내증권사,B,SF205,각주항목(09.06월 이후)
44126,202406,0010111,현대차증권주식회사,A6,채무보증_기타,0,국내증권사,B,SF205,각주항목(09.06월 이후)
44127,202406,0010111,현대차증권주식회사,B,투자자의 예수증권 등,102262119576019,국내증권사,B,SF205,각주항목(09.06월 이후)
44128,202406,0010111,현대차증권주식회사,B1,투자자의 예수증권 등_예수 증권,102262119576019,국내증권사,B,SF205,각주항목(09.06월 이후)
44129,202406,0010111,현대차증권주식회사,B2,투자자의 예수증권 등_예수양도성예금증서,0,국내증권사,B,SF205,각주항목(09.06월 이후)
44130,202406,0010111,현대차증권주식회사,B3,투자자의 예수증권 등_기타,0,국내증권사,B,SF205,각주항목(09.06월 이후)
44131,202406,0010111,현대차증권주식회사,C,파생상품계약,18543744541703,국내증권사,B,SF205,각주항목(09.06월 이후)
44132,202406,0010111,현대차증권주식회사,C1,파생상품계약_장내파생상품,1154710143910,국내증권사,B,SF205,각주항목(09.06월 이후)
44133,202406,0010111,현대차증권주식회사,C11,파생상품계약_장내파생상품_이자율관련거래,1139248029910,국내증권사,B,SF205,각주항목(09.06월 이후)
44134,202406,0010111,현대차증권주식회사,C12,파생상품계약_장내파생상품_통화관련거래,15462114000,국내증권사,B,SF205,각주항목(09.06월 이후)
44135,202406,0010111,현대차증권주식회사,C13,파생상품계약_장내파생상품_주식관련거래,0,국내증권사,B,SF205,각주항목(09.06월 이후)
44136,202406,0010111,현대차증권주식회사,C14,파생상품계약_장내파생상품_일반상품관련거래,0,국내증권사,B,SF205,각주항목(09.06월 이후)
44137,202406,0010111,현대차증권주식회사,C15,파생상품계약_장내파생상품_기타,0,국내증권사,B,SF205,각주항목(09.06월 이후)
44138,202406,0010111,현대차증권주식회사,C2,파생상품계약_장외파생상품,17389034397793,국내증권사,B,SF205,각주항목(09.06월 이후)
44139,202406,0010111,현대차증권주식회사,C21,파생상품계약_장외파생상품_이자율관련거래,8920133000000,국내증권사,B,SF205,각주항목(09.06월 이후)
44140,202406,0010111,현대차증권주식회사,C22,파생상품계약_장외파생상품_통화관련거래,6637709072755,국내증권사,B,SF205,각주항목(09.06월 이후)
44141,202406,0010111,현대차증권주식회사,C23,파생상품계약_장외파생상품_주식관련거래,1042324837144,국내증권사,B,SF205,각주항목(09.06월 이후)
44142,202406,0010111,현대차증권주식회사,C24,파생상품계약_장외파생상품_신용관련거래,788867487894,국내증권사,B,SF205,각주항목(09.06월 이후)
44143,202406,0010111,현대차증권주식회사,C25,파생상품계약_장외파생상품_기타,0,국내증권사,B,SF205,각주항목(09.06월 이후)
44144,202406,0010111,현대차증권주식회사,D,대차 및 대주거래,1602475963817,국내증권사,B,SF205,각주항목(09.06월 이후)
44145,202406,0010111,현대차증권주식회사,D1,대차 및 대주거래_대여증권,18076239429,국내증권사,B,SF205,각주항목(09.06월 이후)
44146,202406,0010111,현대차증권주식회사,D2,대차 및 대주거래_차입증권,1584399724388,국내증권사,B,SF205,각주항목(09.06월 이후)
44147,202406,0010111,현대차증권주식회사,D3,대차 및 대주거래_신용거래대주,0,국내증권사,B,SF205,각주항목(09.06월 이후)
44148,202406,0010111,현대차증권주식회사,E,대손상각채권,89743061385,국내증권사,B,SF205,각주항목(09.06월 이후)
44149,202406,0010111,현대차증권주식회사,F,환전업무 예치금,0,국내증권사,B,SF205,각주항목(09.06월 이후)
44150,202406,0010111,현대차증권주식회사,G,미배당별도예치금,0,국내증권사,B,SF205,각주항목(09.06월 이후)
44151,202406,0010111,현대차증권주식회사,H,배서어음매출(종금계정),0,국내증권사,B,SF205,각주항목(09.06월 이후)
44152,202406,0010111,현대차증권주식회사,H1,대출채권매매이익_담보부,0,국내증권사,B,SF205,각주항목(09.06월 이후)
44153,202406,0010111,현대차증권주식회사,H2,대출채권매매이익_무담보부,0,국내증권사,B,SF205,각주항목(09.06월 이후)
44154,202409,0010111,현대차증권주식회사,A,채무보증,557688000000,국내증권사,B,SF205,각주항목(09.06월 이후)
44155,202409,0010111,현대차증권주식회사,A1,채무보증_지급보증,0,국내증권사,B,SF205,각주항목(09.06월 이후)
44156,202409,0010111,현대차증권주식회사,A2,채무보증_매입보장약정,0,국내증권사,B,SF205,각주항목(09.06월 이후)
44157,202409,0010111,현대차증권주식회사,A3,채무보증_채무인수약정,0,국내증권사,B,SF205,각주항목(09.06월 이후)
44158,202409,0010111,현대차증권주식회사,A5,채무보증_매입확약,557688000000,국내증권사,B,SF205,각주항목(09.06월 이후)
44159,202409,0010111,현대차증권주식회사,A6,채무보증_기타,0,국내증권사,B,SF205,각주항목(09.06월 이후)
44160,202409,0010111,현대차증권주식회사,B,투자자의 예수증권 등,94855943985597,국내증권사,B,SF205,각주항목(09.06월 이후)
44161,202409,0010111,현대차증권주식회사,B1,투자자의 예수증권 등_예수 증권,94855943985597,국내증권사,B,SF205,각주항목(09.06월 이후)
44162,202409,0010111,현대차증권주식회사,B2,투자자의 예수증권 등_예수양도성예금증서,0,국내증권사,B,SF205,각주항목(09.06월 이후)
44163,202409,0010111,현대차증권주식회사,B3,투자자의 예수증권 등_기타,0,국내증권사,B,SF205,각주항목(09.06월 이후)
44164,202409,0010111,현대차증권주식회사,C,파생상품계약,20769873052332,국내증권사,B,SF205,각주항목(09.06월 이후)
44165,202409,0010111,현대차증권주식회사,C1,파생상품계약_장내파생상품,1725401901090,국내증권사,B,SF205,각주항목(09.06월 이후)
44166,202409,0010111,현대차증권주식회사,C11,파생상품계약_장내파생상품_이자율관련거래,1628425898990,국내증권사,B,SF205,각주항목(09.06월 이후)
44167,202409,0010111,현대차증권주식회사,C12,파생상품계약_장내파생상품_통화관련거래,9994725000,국내증권사,B,SF205,각주항목(09.06월 이후)
44168,202409,0010111,현대차증권주식회사,C13,파생상품계약_장내파생상품_주식관련거래,86981277100,국내증권사,B,SF205,각주항목(09.06월 이후)
44169,202409,0010111,현대차증권주식회사,C14,파생상품계약_장내파생상품_일반상품관련거래,0,국내증권사,B,SF205,각주항목(09.06월 이후)
44170,202409,0010111,현대차증권주식회사,C15,파생상품계약_장내파생상품_기타,0,국내증권사,B,SF205,각주항목(09.06월 이후)
44171,202409,0010111,현대차증권주식회사,C2,파생상품계약_장외파생상품,19044471151242,국내증권사,B,SF205,각주항목(09.06월 이후)
44172,202409,0010111,현대차증권주식회사,C21,파생상품계약_장외파생상품_이자율관련거래,10074235500000,국내증권사,B,SF205,각주항목(09.06월 이후)
44173,202409,0010111,현대차증권주식회사,C22,파생상품계약_장외파생상품_통화관련거래,7497457191262,국내증권사,B,SF205,각주항목(09.06월 이후)
44174,202409,0010111,현대차증권주식회사,C23,파생상품계약_장외파생상품_주식관련거래,455048365200,국내증권사,B,SF205,각주항목(09.06월 이후)
44175,202409,0010111,현대차증권주식회사,C24,파생상품계약_장외파생상품_신용관련거래,1017730094780,국내증권사,B,SF205,각주항목(09.06월 이후)
44176,202409,0010111,현대차증권주식회사,C25,파생상품계약_장외파생상품_기타,0,국내증권사,B,SF205,각주항목(09.06월 이후)
44177,202409,0010111,현대차증권주식회사,D,대차 및 대주거래,1221572935361,국내증권사,B,SF205,각주항목(09.06월 이후)
44178,202409,0010111,현대차증권주식회사,D1,대차 및 대주거래_대여증권,16877541466,국내증권사,B,SF205,각주항목(09.06월 이후)
44179,202409,0010111,현대차증권주식회사,D2,대차 및 대주거래_차입증권,1204695393895,국내증권사,B,SF205,각주항목(09.06월 이후)
44180,202409,0010111,현대차증권주식회사,D3,대차 및 대주거래_신용거래대주,0,국내증권사,B,SF205,각주항목(09.06월 이후)
44181,202409,0010111,현대차증권주식회사,E,대손상각채권,89743061385,국내증권사,B,SF205,각주항목(09.06월 이후)
44182,202409,0010111,현대차증권주식회사,F,환전업무 예치금,0,국내증권사,B,SF205,각주항목(09.06월 이후)
44183,202409,0010111,현대차증권주식회사,G,미배당별도예치금,0,국내증권사,B,SF205,각주항목(09.06월 이후)
44184,202409,0010111,현대차증권주식회사,H,배서어음매출(종금계정),0,국내증권사,B,SF205,각주항목(09.06월 이후)
44185,202409,0010111,현대차증권주식회사,H1,대출채권매매이익_담보부,0,국내증권사,B,SF205,각주항목(09.06월 이후)
44186,202409,0010111,현대차증권주식회사,H2,대출채권매매이익_무담보부,0,국내증권사,B,SF205,각주항목(09.06월 이후)
44187,202412,0010111,현대차증권주식회사,A,채무보증,563176000000,국내증권사,B,SF205,각주항목(09.06월 이후)
44188,202412,0010111,현대차증권주식회사,A1,채무보증_지급보증,0,국내증권사,B,SF205,각주항목(09.06월 이후)
44189,202412,0010111,현대차증권주식회사,A2,채무보증_매입보장약정,0,국내증권사,B,SF205,각주항목(09.06월 이후)
44190,202412,0010111,현대차증권주식회사,A3,채무보증_채무인수약정,0,국내증권사,B,SF205,각주항목(09.06월 이후)
44191,202412,0010111,현대차증권주식회사,A5,채무보증_매입확약,563176000000,국내증권사,B,SF205,각주항목(09.06월 이후)
44192,202412,0010111,현대차증권주식회사,A6,채무보증_기타,0,국내증권사,B,SF205,각주항목(09.06월 이후)
44193,202412,0010111,현대차증권주식회사,B,투자자의 예수증권 등,90334133347022,국내증권사,B,SF205,각주항목(09.06월 이후)
44194,202412,0010111,현대차증권주식회사,B1,투자자의 예수증권 등_예수 증권,90334133347022,국내증권사,B,SF205,각주항목(09.06월 이후)
44195,202412,0010111,현대차증권주식회사,B2,투자자의 예수증권 등_예수양도성예금증서,0,국내증권사,B,SF205,각주항목(09.06월 이후)
44196,202412,0010111,현대차증권주식회사,B3,투자자의 예수증권 등_기타,0,국내증권사,B,SF205,각주항목(09.06월 이후)
44197,202412,0010111,현대차증권주식회사,C,파생상품계약,20449877548123,국내증권사,B,SF205,각주항목(09.06월 이후)
44198,202412,0010111,현대차증권주식회사,C1,파생상품계약_장내파생상품,1089604372711,국내증권사,B,SF205,각주항목(09.06월 이후)
44199,202412,0010111,현대차증권주식회사,C11,파생상품계약_장내파생상품_이자율관련거래,977787221011,국내증권사,B,SF205,각주항목(09.06월 이후)
44200,202412,0010111,현대차증권주식회사,C12,파생상품계약_장내파생상품_통화관련거래,17718064000,국내증권사,B,SF205,각주항목(09.06월 이후)
44201,202412,0010111,현대차증권주식회사,C13,파생상품계약_장내파생상품_주식관련거래,94099087700,국내증권사,B,SF205,각주항목(09.06월 이후)
44202,202412,0010111,현대차증권주식회사,C14,파생상품계약_장내파생상품_일반상품관련거래,0,국내증권사,B,SF205,각주항목(09.06월 이후)
44203,202412,0010111,현대차증권주식회사,C15,파생상품계약_장내파생상품_기타,0,국내증권사,B,SF205,각주항목(09.06월 이후)
44204,202412,0010111,현대차증권주식회사,C2,파생상품계약_장외파생상품,19360273175412,국내증권사,B,SF205,각주항목(09.06월 이후)
44205,202412,0010111,현대차증권주식회사,C21,파생상품계약_장외파생상품_이자율관련거래,10374195000000,국내증권사,B,SF205,각주항목(09.06월 이후)
44206,202412,0010111,현대차증권주식회사,C22,파생상품계약_장외파생상품_통화관련거래,7756605469557,국내증권사,B,SF205,각주항목(09.06월 이후)
44207,202412,0010111,현대차증권주식회사,C23,파생상품계약_장외파생상품_주식관련거래,317980195500,국내증권사,B,SF205,각주항목(09.06월 이후)
44208,202412,0010111,현대차증권주식회사,C24,파생상품계약_장외파생상품_신용관련거래,911492510355,국내증권사,B,SF205,각주항목(09.06월 이후)
44209,202412,0010111,현대차증권주식회사,C25,파생상품계약_장외파생상품_기타,0,국내증권사,B,SF205,각주항목(09.06월 이후)
44210,202412,0010111,현대차증권주식회사,D,대차 및 대주거래,1744802010037,국내증권사,B,SF205,각주항목(09.06월 이후)
44211,202412,0010111,현대차증권주식회사,D1,대차 및 대주거래_대여증권,116100138880,국내증권사,B,SF205,각주항목(09.06월 이후)
44212,202412,0010111,현대차증권주식회사,D2,대차 및 대주거래_차입증권,1628701871157,국내증권사,B,SF205,각주항목(09.06월 이후)
44213,202412,0010111,현대차증권주식회사,D3,대차 및 대주거래_신용거래대주,0,국내증권사,B,SF205,각주항목(09.06월 이후)
44214,202412,0010111,현대차증권주식회사,E,대손상각채권,89743061385,국내증권사,B,SF205,각주항목(09.06월 이후)
44215,202412,0010111,현대차증권주식회사,F,환전업무 예치금,0,국내증권사,B,SF205,각주항목(09.06월 이후)
44216,202412,0010111,현대차증권주식회사,G,미배당별도예치금,0,국내증권사,B,SF205,각주항목(09.06월 이후)
44217,202412,0010111,현대차증권주식회사,H,배서어음매출(종금계정),0,국내증권사,B,SF205,각주항목(09.06월 이후)
44218,202412,0010111,현대차증권주식회사,H1,대출채권매매이익_담보부,0,국내증권사,B,SF205,각주항목(09.06월 이후)
44219,202412,0010111,현대차증권주식회사,H2,대출채권매매이익_무담보부,0,국내증권사,B,SF205,각주항목(09.06월 이후)
44220,201703,0010139,흥국증권주식회사,A,채무보증,0,국내증권사,B,SF205,각주항목(09.06월 이후)
44221,201703,0010139,흥국증권주식회사,A1,채무보증_지급보증,0,국내증권사,B,SF205,각주항목(09.06월 이후)
44222,201703,0010139,흥국증권주식회사,A2,채무보증_매입보장약정,0,국내증권사,B,SF205,각주항목(09.06월 이후)
44223,201703,0010139,흥국증권주식회사,A3,채무보증_채무인수약정,0,국내증권사,B,SF205,각주항목(09.06월 이후)
44224,201703,0010139,흥국증권주식회사,A5,채무보증_매입확약,0,국내증권사,B,SF205,각주항목(09.06월 이후)
44225,201703,0010139,흥국증권주식회사,A6,채무보증_기타,0,국내증권사,B,SF205,각주항목(09.06월 이후)
44226,201703,0010139,흥국증권주식회사,B,투자자의 예수증권 등,3057162331624,국내증권사,B,SF205,각주항목(09.06월 이후)
44227,201703,0010139,흥국증권주식회사,B1,투자자의 예수증권 등_예수 증권,3057162331624,국내증권사,B,SF205,각주항목(09.06월 이후)
44228,201703,0010139,흥국증권주식회사,B2,투자자의 예수증권 등_예수양도성예금증서,0,국내증권사,B,SF205,각주항목(09.06월 이후)
44229,201703,0010139,흥국증권주식회사,B3,투자자의 예수증권 등_기타,0,국내증권사,B,SF205,각주항목(09.06월 이후)
44230,201703,0010139,흥국증권주식회사,C,파생상품계약,0,국내증권사,B,SF205,각주항목(09.06월 이후)
44231,201703,0010139,흥국증권주식회사,C1,파생상품계약_장내파생상품,0,국내증권사,B,SF205,각주항목(09.06월 이후)
44232,201703,0010139,흥국증권주식회사,C11,파생상품계약_장내파생상품_이자율관련거래,0,국내증권사,B,SF205,각주항목(09.06월 이후)
44233,201703,0010139,흥국증권주식회사,C12,파생상품계약_장내파생상품_통화관련거래,0,국내증권사,B,SF205,각주항목(09.06월 이후)
44234,201703,0010139,흥국증권주식회사,C13,파생상품계약_장내파생상품_주식관련거래,0,국내증권사,B,SF205,각주항목(09.06월 이후)
44235,201703,0010139,흥국증권주식회사,C14,파생상품계약_장내파생상품_일반상품관련거래,0,국내증권사,B,SF205,각주항목(09.06월 이후)
44236,201703,0010139,흥국증권주식회사,C15,파생상품계약_장내파생상품_기타,0,국내증권사,B,SF205,각주항목(09.06월 이후)
44237,201703,0010139,흥국증권주식회사,C2,파생상품계약_장외파생상품,0,국내증권사,B,SF205,각주항목(09.06월 이후)
44238,201703,0010139,흥국증권주식회사,C21,파생상품계약_장외파생상품_이자율관련거래,0,국내증권사,B,SF205,각주항목(09.06월 이후)
44239,201703,0010139,흥국증권주식회사,C22,파생상품계약_장외파생상품_통화관련거래,0,국내증권사,B,SF205,각주항목(09.06월 이후)
44240,201703,0010139,흥국증권주식회사,C23,파생상품계약_장외파생상품_주식관련거래,0,국내증권사,B,SF205,각주항목(09.06월 이후)
44241,201703,0010139,흥국증권주식회사,C24,파생상품계약_장외파생상품_신용관련거래,0,국내증권사,B,SF205,각주항목(09.06월 이후)
44242,201703,0010139,흥국증권주식회사,C25,파생상품계약_장외파생상품_기타,0,국내증권사,B,SF205,각주항목(09.06월 이후)
44243,201703,0010139,흥국증권주식회사,D,대차 및 대주거래,0,국내증권사,B,SF205,각주항목(09.06월 이후)
44244,201703,0010139,흥국증권주식회사,D1,대차 및 대주거래_대여증권,0,국내증권사,B,SF205,각주항목(09.06월 이후)
44245,201703,0010139,흥국증권주식회사,D2,대차 및 대주거래_차입증권,0,국내증권사,B,SF205,각주항목(09.06월 이후)
44246,201703,0010139,흥국증권주식회사,D3,대차 및 대주거래_신용거래대주,0,국내증권사,B,SF205,각주항목(09.06월 이후)
44247,201703,0010139,흥국증권주식회사,E,대손상각채권,0,국내증권사,B,SF205,각주항목(09.06월 이후)
44248,201703,0010139,흥국증권주식회사,F,환전업무 예치금,0,국내증권사,B,SF205,각주항목(09.06월 이후)
44249,201703,0010139,흥국증권주식회사,G,미배당별도예치금,0,국내증권사,B,SF205,각주항목(09.06월 이후)
44250,201703,0010139,흥국증권주식회사,H,배서어음매출(종금계정),0,국내증권사,B,SF205,각주항목(09.06월 이후)
44251,201703,0010139,흥국증권주식회사,H1,대출채권매매이익_담보부,0,국내증권사,B,SF205,각주항목(09.06월 이후)
44252,201703,0010139,흥국증권주식회사,H2,대출채권매매이익_무담보부,0,국내증권사,B,SF205,각주항목(09.06월 이후)
44253,201706,0010139,흥국증권주식회사,A,채무보증,0,국내증권사,B,SF205,각주항목(09.06월 이후)
44254,201706,0010139,흥국증권주식회사,A1,채무보증_지급보증,0,국내증권사,B,SF205,각주항목(09.06월 이후)
44255,201706,0010139,흥국증권주식회사,A2,채무보증_매입보장약정,0,국내증권사,B,SF205,각주항목(09.06월 이후)
44256,201706,0010139,흥국증권주식회사,A3,채무보증_채무인수약정,0,국내증권사,B,SF205,각주항목(09.06월 이후)
44257,201706,0010139,흥국증권주식회사,A5,채무보증_매입확약,0,국내증권사,B,SF205,각주항목(09.06월 이후)
44258,201706,0010139,흥국증권주식회사,A6,채무보증_기타,0,국내증권사,B,SF205,각주항목(09.06월 이후)
44259,201706,0010139,흥국증권주식회사,B,투자자의 예수증권 등,3467916127633,국내증권사,B,SF205,각주항목(09.06월 이후)
44260,201706,0010139,흥국증권주식회사,B1,투자자의 예수증권 등_예수 증권,3467916127633,국내증권사,B,SF205,각주항목(09.06월 이후)
44261,201706,0010139,흥국증권주식회사,B2,투자자의 예수증권 등_예수양도성예금증서,0,국내증권사,B,SF205,각주항목(09.06월 이후)
44262,201706,0010139,흥국증권주식회사,B3,투자자의 예수증권 등_기타,0,국내증권사,B,SF205,각주항목(09.06월 이후)
44263,201706,0010139,흥국증권주식회사,C,파생상품계약,0,국내증권사,B,SF205,각주항목(09.06월 이후)
44264,201706,0010139,흥국증권주식회사,C1,파생상품계약_장내파생상품,0,국내증권사,B,SF205,각주항목(09.06월 이후)
44265,201706,0010139,흥국증권주식회사,C11,파생상품계약_장내파생상품_이자율관련거래,0,국내증권사,B,SF205,각주항목(09.06월 이후)
44266,201706,0010139,흥국증권주식회사,C12,파생상품계약_장내파생상품_통화관련거래,0,국내증권사,B,SF205,각주항목(09.06월 이후)
44267,201706,0010139,흥국증권주식회사,C13,파생상품계약_장내파생상품_주식관련거래,0,국내증권사,B,SF205,각주항목(09.06월 이후)
44268,201706,0010139,흥국증권주식회사,C14,파생상품계약_장내파생상품_일반상품관련거래,0,국내증권사,B,SF205,각주항목(09.06월 이후)
44269,201706,0010139,흥국증권주식회사,C15,파생상품계약_장내파생상품_기타,0,국내증권사,B,SF205,각주항목(09.06월 이후)
44270,201706,0010139,흥국증권주식회사,C2,파생상품계약_장외파생상품,0,국내증권사,B,SF205,각주항목(09.06월 이후)
44271,201706,0010139,흥국증권주식회사,C21,파생상품계약_장외파생상품_이자율관련거래,0,국내증권사,B,SF205,각주항목(09.06월 이후)
44272,201706,0010139,흥국증권주식회사,C22,파생상품계약_장외파생상품_통화관련거래,0,국내증권사,B,SF205,각주항목(09.06월 이후)
44273,201706,0010139,흥국증권주식회사,C23,파생상품계약_장외파생상품_주식관련거래,0,국내증권사,B,SF205,각주항목(09.06월 이후)
44274,201706,0010139,흥국증권주식회사,C24,파생상품계약_장외파생상품_신용관련거래,0,국내증권사,B,SF205,각주항목(09.06월 이후)
44275,201706,0010139,흥국증권주식회사,C25,파생상품계약_장외파생상품_기타,0,국내증권사,B,SF205,각주항목(09.06월 이후)
44276,201706,0010139,흥국증권주식회사,D,대차 및 대주거래,0,국내증권사,B,SF205,각주항목(09.06월 이후)
44277,201706,0010139,흥국증권주식회사,D1,대차 및 대주거래_대여증권,0,국내증권사,B,SF205,각주항목(09.06월 이후)
44278,201706,0010139,흥국증권주식회사,D2,대차 및 대주거래_차입증권,0,국내증권사,B,SF205,각주항목(09.06월 이후)
44279,201706,0010139,흥국증권주식회사,D3,대차 및 대주거래_신용거래대주,0,국내증권사,B,SF205,각주항목(09.06월 이후)
44280,201706,0010139,흥국증권주식회사,E,대손상각채권,0,국내증권사,B,SF205,각주항목(09.06월 이후)
44281,201706,0010139,흥국증권주식회사,F,환전업무 예치금,0,국내증권사,B,SF205,각주항목(09.06월 이후)
44282,201706,0010139,흥국증권주식회사,G,미배당별도예치금,0,국내증권사,B,SF205,각주항목(09.06월 이후)
44283,201706,0010139,흥국증권주식회사,H,배서어음매출(종금계정),0,국내증권사,B,SF205,각주항목(09.06월 이후)
44284,201706,0010139,흥국증권주식회사,H1,대출채권매매이익_담보부,0,국내증권사,B,SF205,각주항목(09.06월 이후)
44285,201706,0010139,흥국증권주식회사,H2,대출채권매매이익_무담보부,0,국내증권사,B,SF205,각주항목(09.06월 이후)
44286,201709,0010139,흥국증권주식회사,A,채무보증,0,국내증권사,B,SF205,각주항목(09.06월 이후)
44287,201709,0010139,흥국증권주식회사,A1,채무보증_지급보증,0,국내증권사,B,SF205,각주항목(09.06월 이후)
44288,201709,0010139,흥국증권주식회사,A2,채무보증_매입보장약정,0,국내증권사,B,SF205,각주항목(09.06월 이후)
44289,201709,0010139,흥국증권주식회사,A3,채무보증_채무인수약정,0,국내증권사,B,SF205,각주항목(09.06월 이후)
44290,201709,0010139,흥국증권주식회사,A5,채무보증_매입확약,0,국내증권사,B,SF205,각주항목(09.06월 이후)
44291,201709,0010139,흥국증권주식회사,A6,채무보증_기타,0,국내증권사,B,SF205,각주항목(09.06월 이후)
44292,201709,0010139,흥국증권주식회사,B,투자자의 예수증권 등,3261123903156,국내증권사,B,SF205,각주항목(09.06월 이후)
44293,201709,0010139,흥국증권주식회사,B1,투자자의 예수증권 등_예수 증권,3261123903156,국내증권사,B,SF205,각주항목(09.06월 이후)
44294,201709,0010139,흥국증권주식회사,B2,투자자의 예수증권 등_예수양도성예금증서,0,국내증권사,B,SF205,각주항목(09.06월 이후)
44295,201709,0010139,흥국증권주식회사,B3,투자자의 예수증권 등_기타,0,국내증권사,B,SF205,각주항목(09.06월 이후)
44296,201709,0010139,흥국증권주식회사,C,파생상품계약,0,국내증권사,B,SF205,각주항목(09.06월 이후)
44297,201709,0010139,흥국증권주식회사,C1,파생상품계약_장내파생상품,0,국내증권사,B,SF205,각주항목(09.06월 이후)
44298,201709,0010139,흥국증권주식회사,C11,파생상품계약_장내파생상품_이자율관련거래,0,국내증권사,B,SF205,각주항목(09.06월 이후)
44299,201709,0010139,흥국증권주식회사,C12,파생상품계약_장내파생상품_통화관련거래,0,국내증권사,B,SF205,각주항목(09.06월 이후)
44300,201709,0010139,흥국증권주식회사,C13,파생상품계약_장내파생상품_주식관련거래,0,국내증권사,B,SF205,각주항목(09.06월 이후)
44301,201709,0010139,흥국증권주식회사,C14,파생상품계약_장내파생상품_일반상품관련거래,0,국내증권사,B,SF205,각주항목(09.06월 이후)
44302,201709,0010139,흥국증권주식회사,C15,파생상품계약_장내파생상품_기타,0,국내증권사,B,SF205,각주항목(09.06월 이후)
44303,201709,0010139,흥국증권주식회사,C2,파생상품계약_장외파생상품,0,국내증권사,B,SF205,각주항목(09.06월 이후)
44304,201709,0010139,흥국증권주식회사,C21,파생상품계약_장외파생상품_이자율관련거래,0,국내증권사,B,SF205,각주항목(09.06월 이후)
44305,201709,0010139,흥국증권주식회사,C22,파생상품계약_장외파생상품_통화관련거래,0,국내증권사,B,SF205,각주항목(09.06월 이후)
44306,201709,0010139,흥국증권주식회사,C23,파생상품계약_장외파생상품_주식관련거래,0,국내증권사,B,SF205,각주항목(09.06월 이후)
44307,201709,0010139,흥국증권주식회사,C24,파생상품계약_장외파생상품_신용관련거래,0,국내증권사,B,SF205,각주항목(09.06월 이후)
44308,201709,0010139,흥국증권주식회사,C25,파생상품계약_장외파생상품_기타,0,국내증권사,B,SF205,각주항목(09.06월 이후)
44309,201709,0010139,흥국증권주식회사,D,대차 및 대주거래,0,국내증권사,B,SF205,각주항목(09.06월 이후)
44310,201709,0010139,흥국증권주식회사,D1,대차 및 대주거래_대여증권,0,국내증권사,B,SF205,각주항목(09.06월 이후)
44311,201709,0010139,흥국증권주식회사,D2,대차 및 대주거래_차입증권,0,국내증권사,B,SF205,각주항목(09.06월 이후)
44312,201709,0010139,흥국증권주식회사,D3,대차 및 대주거래_신용거래대주,0,국내증권사,B,SF205,각주항목(09.06월 이후)
44313,201709,0010139,흥국증권주식회사,E,대손상각채권,0,국내증권사,B,SF205,각주항목(09.06월 이후)
44314,201709,0010139,흥국증권주식회사,F,환전업무 예치금,0,국내증권사,B,SF205,각주항목(09.06월 이후)
44315,201709,0010139,흥국증권주식회사,G,미배당별도예치금,0,국내증권사,B,SF205,각주항목(09.06월 이후)
44316,201709,0010139,흥국증권주식회사,H,배서어음매출(종금계정),0,국내증권사,B,SF205,각주항목(09.06월 이후)
44317,201709,0010139,흥국증권주식회사,H1,대출채권매매이익_담보부,0,국내증권사,B,SF205,각주항목(09.06월 이후)
44318,201709,0010139,흥국증권주식회사,H2,대출채권매매이익_무담보부,0,국내증권사,B,SF205,각주항목(09.06월 이후)
44319,201712,0010139,흥국증권주식회사,A,채무보증,0,국내증권사,B,SF205,각주항목(09.06월 이후)
44320,201712,0010139,흥국증권주식회사,A1,채무보증_지급보증,0,국내증권사,B,SF205,각주항목(09.06월 이후)
44321,201712,0010139,흥국증권주식회사,A2,채무보증_매입보장약정,0,국내증권사,B,SF205,각주항목(09.06월 이후)
44322,201712,0010139,흥국증권주식회사,A3,채무보증_채무인수약정,0,국내증권사,B,SF205,각주항목(09.06월 이후)
44323,201712,0010139,흥국증권주식회사,A5,채무보증_매입확약,0,국내증권사,B,SF205,각주항목(09.06월 이후)
44324,201712,0010139,흥국증권주식회사,A6,채무보증_기타,0,국내증권사,B,SF205,각주항목(09.06월 이후)
44325,201712,0010139,흥국증권주식회사,B,투자자의 예수증권 등,3328462222581,국내증권사,B,SF205,각주항목(09.06월 이후)
44326,201712,0010139,흥국증권주식회사,B1,투자자의 예수증권 등_예수 증권,3328462222581,국내증권사,B,SF205,각주항목(09.06월 이후)
44327,201712,0010139,흥국증권주식회사,B2,투자자의 예수증권 등_예수양도성예금증서,0,국내증권사,B,SF205,각주항목(09.06월 이후)
44328,201712,0010139,흥국증권주식회사,B3,투자자의 예수증권 등_기타,0,국내증권사,B,SF205,각주항목(09.06월 이후)
44329,201712,0010139,흥국증권주식회사,C,파생상품계약,0,국내증권사,B,SF205,각주항목(09.06월 이후)
44330,201712,0010139,흥국증권주식회사,C1,파생상품계약_장내파생상품,0,국내증권사,B,SF205,각주항목(09.06월 이후)
44331,201712,0010139,흥국증권주식회사,C11,파생상품계약_장내파생상품_이자율관련거래,0,국내증권사,B,SF205,각주항목(09.06월 이후)
44332,201712,0010139,흥국증권주식회사,C12,파생상품계약_장내파생상품_통화관련거래,0,국내증권사,B,SF205,각주항목(09.06월 이후)
44333,201712,0010139,흥국증권주식회사,C13,파생상품계약_장내파생상품_주식관련거래,0,국내증권사,B,SF205,각주항목(09.06월 이후)
44334,201712,0010139,흥국증권주식회사,C14,파생상품계약_장내파생상품_일반상품관련거래,0,국내증권사,B,SF205,각주항목(09.06월 이후)
44335,201712,0010139,흥국증권주식회사,C15,파생상품계약_장내파생상품_기타,0,국내증권사,B,SF205,각주항목(09.06월 이후)
44336,201712,0010139,흥국증권주식회사,C2,파생상품계약_장외파생상품,0,국내증권사,B,SF205,각주항목(09.06월 이후)
44337,201712,0010139,흥국증권주식회사,C21,파생상품계약_장외파생상품_이자율관련거래,0,국내증권사,B,SF205,각주항목(09.06월 이후)
44338,201712,0010139,흥국증권주식회사,C22,파생상품계약_장외파생상품_통화관련거래,0,국내증권사,B,SF205,각주항목(09.06월 이후)
44339,201712,0010139,흥국증권주식회사,C23,파생상품계약_장외파생상품_주식관련거래,0,국내증권사,B,SF205,각주항목(09.06월 이후)
44340,201712,0010139,흥국증권주식회사,C24,파생상품계약_장외파생상품_신용관련거래,0,국내증권사,B,SF205,각주항목(09.06월 이후)
44341,201712,0010139,흥국증권주식회사,C25,파생상품계약_장외파생상품_기타,0,국내증권사,B,SF205,각주항목(09.06월 이후)
44342,201712,0010139,흥국증권주식회사,D,대차 및 대주거래,0,국내증권사,B,SF205,각주항목(09.06월 이후)
44343,201712,0010139,흥국증권주식회사,D1,대차 및 대주거래_대여증권,0,국내증권사,B,SF205,각주항목(09.06월 이후)
44344,201712,0010139,흥국증권주식회사,D2,대차 및 대주거래_차입증권,0,국내증권사,B,SF205,각주항목(09.06월 이후)
44345,201712,0010139,흥국증권주식회사,D3,대차 및 대주거래_신용거래대주,0,국내증권사,B,SF205,각주항목(09.06월 이후)
44346,201712,0010139,흥국증권주식회사,E,대손상각채권,0,국내증권사,B,SF205,각주항목(09.06월 이후)
44347,201712,0010139,흥국증권주식회사,F,환전업무 예치금,0,국내증권사,B,SF205,각주항목(09.06월 이후)
44348,201712,0010139,흥국증권주식회사,G,미배당별도예치금,0,국내증권사,B,SF205,각주항목(09.06월 이후)
44349,201712,0010139,흥국증권주식회사,H,배서어음매출(종금계정),0,국내증권사,B,SF205,각주항목(09.06월 이후)
44350,201712,0010139,흥국증권주식회사,H1,대출채권매매이익_담보부,0,국내증권사,B,SF205,각주항목(09.06월 이후)
44351,201712,0010139,흥국증권주식회사,H2,대출채권매매이익_무담보부,0,국내증권사,B,SF205,각주항목(09.06월 이후)
44352,201803,0010139,흥국증권주식회사,A,채무보증,0,국내증권사,B,SF205,각주항목(09.06월 이후)
44353,201803,0010139,흥국증권주식회사,A1,채무보증_지급보증,0,국내증권사,B,SF205,각주항목(09.06월 이후)
44354,201803,0010139,흥국증권주식회사,A2,채무보증_매입보장약정,0,국내증권사,B,SF205,각주항목(09.06월 이후)
44355,201803,0010139,흥국증권주식회사,A3,채무보증_채무인수약정,0,국내증권사,B,SF205,각주항목(09.06월 이후)
44356,201803,0010139,흥국증권주식회사,A5,채무보증_매입확약,0,국내증권사,B,SF205,각주항목(09.06월 이후)
44357,201803,0010139,흥국증권주식회사,A6,채무보증_기타,0,국내증권사,B,SF205,각주항목(09.06월 이후)
44358,201803,0010139,흥국증권주식회사,B,투자자의 예수증권 등,4109927619933,국내증권사,B,SF205,각주항목(09.06월 이후)
44359,201803,0010139,흥국증권주식회사,B1,투자자의 예수증권 등_예수 증권,4109927619933,국내증권사,B,SF205,각주항목(09.06월 이후)
44360,201803,0010139,흥국증권주식회사,B2,투자자의 예수증권 등_예수양도성예금증서,0,국내증권사,B,SF205,각주항목(09.06월 이후)
44361,201803,0010139,흥국증권주식회사,B3,투자자의 예수증권 등_기타,0,국내증권사,B,SF205,각주항목(09.06월 이후)
44362,201803,0010139,흥국증권주식회사,C,파생상품계약,0,국내증권사,B,SF205,각주항목(09.06월 이후)
44363,201803,0010139,흥국증권주식회사,C1,파생상품계약_장내파생상품,0,국내증권사,B,SF205,각주항목(09.06월 이후)
44364,201803,0010139,흥국증권주식회사,C11,파생상품계약_장내파생상품_이자율관련거래,0,국내증권사,B,SF205,각주항목(09.06월 이후)
44365,201803,0010139,흥국증권주식회사,C12,파생상품계약_장내파생상품_통화관련거래,0,국내증권사,B,SF205,각주항목(09.06월 이후)
44366,201803,0010139,흥국증권주식회사,C13,파생상품계약_장내파생상품_주식관련거래,0,국내증권사,B,SF205,각주항목(09.06월 이후)
44367,201803,0010139,흥국증권주식회사,C14,파생상품계약_장내파생상품_일반상품관련거래,0,국내증권사,B,SF205,각주항목(09.06월 이후)
44368,201803,0010139,흥국증권주식회사,C15,파생상품계약_장내파생상품_기타,0,국내증권사,B,SF205,각주항목(09.06월 이후)
44369,201803,0010139,흥국증권주식회사,C2,파생상품계약_장외파생상품,0,국내증권사,B,SF205,각주항목(09.06월 이후)
44370,201803,0010139,흥국증권주식회사,C21,파생상품계약_장외파생상품_이자율관련거래,0,국내증권사,B,SF205,각주항목(09.06월 이후)
44371,201803,0010139,흥국증권주식회사,C22,파생상품계약_장외파생상품_통화관련거래,0,국내증권사,B,SF205,각주항목(09.06월 이후)
44372,201803,0010139,흥국증권주식회사,C23,파생상품계약_장외파생상품_주식관련거래,0,국내증권사,B,SF205,각주항목(09.06월 이후)
44373,201803,0010139,흥국증권주식회사,C24,파생상품계약_장외파생상품_신용관련거래,0,국내증권사,B,SF205,각주항목(09.06월 이후)
44374,201803,0010139,흥국증권주식회사,C25,파생상품계약_장외파생상품_기타,0,국내증권사,B,SF205,각주항목(09.06월 이후)
44375,201803,0010139,흥국증권주식회사,D,대차 및 대주거래,20000000000,국내증권사,B,SF205,각주항목(09.06월 이후)
44376,201803,0010139,흥국증권주식회사,D1,대차 및 대주거래_대여증권,0,국내증권사,B,SF205,각주항목(09.06월 이후)
44377,201803,0010139,흥국증권주식회사,D2,대차 및 대주거래_차입증권,20000000000,국내증권사,B,SF205,각주항목(09.06월 이후)
44378,201803,0010139,흥국증권주식회사,D3,대차 및 대주거래_신용거래대주,0,국내증권사,B,SF205,각주항목(09.06월 이후)
44379,201803,0010139,흥국증권주식회사,E,대손상각채권,0,국내증권사,B,SF205,각주항목(09.06월 이후)
44380,201803,0010139,흥국증권주식회사,F,환전업무 예치금,0,국내증권사,B,SF205,각주항목(09.06월 이후)
44381,201803,0010139,흥국증권주식회사,G,미배당별도예치금,0,국내증권사,B,SF205,각주항목(09.06월 이후)
44382,201803,0010139,흥국증권주식회사,H,배서어음매출(종금계정),0,국내증권사,B,SF205,각주항목(09.06월 이후)
44383,201803,0010139,흥국증권주식회사,H1,대출채권매매이익_담보부,0,국내증권사,B,SF205,각주항목(09.06월 이후)
44384,201803,0010139,흥국증권주식회사,H2,대출채권매매이익_무담보부,0,국내증권사,B,SF205,각주항목(09.06월 이후)
44385,201806,0010139,흥국증권주식회사,A,채무보증,0,국내증권사,B,SF205,각주항목(09.06월 이후)
44386,201806,0010139,흥국증권주식회사,A1,채무보증_지급보증,0,국내증권사,B,SF205,각주항목(09.06월 이후)
44387,201806,0010139,흥국증권주식회사,A2,채무보증_매입보장약정,0,국내증권사,B,SF205,각주항목(09.06월 이후)
44388,201806,0010139,흥국증권주식회사,A3,채무보증_채무인수약정,0,국내증권사,B,SF205,각주항목(09.06월 이후)
44389,201806,0010139,흥국증권주식회사,A5,채무보증_매입확약,0,국내증권사,B,SF205,각주항목(09.06월 이후)
44390,201806,0010139,흥국증권주식회사,A6,채무보증_기타,0,국내증권사,B,SF205,각주항목(09.06월 이후)
44391,201806,0010139,흥국증권주식회사,B,투자자의 예수증권 등,4568600972924,국내증권사,B,SF205,각주항목(09.06월 이후)
44392,201806,0010139,흥국증권주식회사,B1,투자자의 예수증권 등_예수 증권,4568600972924,국내증권사,B,SF205,각주항목(09.06월 이후)
44393,201806,0010139,흥국증권주식회사,B2,투자자의 예수증권 등_예수양도성예금증서,0,국내증권사,B,SF205,각주항목(09.06월 이후)
44394,201806,0010139,흥국증권주식회사,B3,투자자의 예수증권 등_기타,0,국내증권사,B,SF205,각주항목(09.06월 이후)
44395,201806,0010139,흥국증권주식회사,C,파생상품계약,0,국내증권사,B,SF205,각주항목(09.06월 이후)
44396,201806,0010139,흥국증권주식회사,C1,파생상품계약_장내파생상품,0,국내증권사,B,SF205,각주항목(09.06월 이후)
44397,201806,0010139,흥국증권주식회사,C11,파생상품계약_장내파생상품_이자율관련거래,0,국내증권사,B,SF205,각주항목(09.06월 이후)
44398,201806,0010139,흥국증권주식회사,C12,파생상품계약_장내파생상품_통화관련거래,0,국내증권사,B,SF205,각주항목(09.06월 이후)
44399,201806,0010139,흥국증권주식회사,C13,파생상품계약_장내파생상품_주식관련거래,0,국내증권사,B,SF205,각주항목(09.06월 이후)
44400,201806,0010139,흥국증권주식회사,C14,파생상품계약_장내파생상품_일반상품관련거래,0,국내증권사,B,SF205,각주항목(09.06월 이후)
44401,201806,0010139,흥국증권주식회사,C15,파생상품계약_장내파생상품_기타,0,국내증권사,B,SF205,각주항목(09.06월 이후)
44402,201806,0010139,흥국증권주식회사,C2,파생상품계약_장외파생상품,0,국내증권사,B,SF205,각주항목(09.06월 이후)
44403,201806,0010139,흥국증권주식회사,C21,파생상품계약_장외파생상품_이자율관련거래,0,국내증권사,B,SF205,각주항목(09.06월 이후)
44404,201806,0010139,흥국증권주식회사,C22,파생상품계약_장외파생상품_통화관련거래,0,국내증권사,B,SF205,각주항목(09.06월 이후)
44405,201806,0010139,흥국증권주식회사,C23,파생상품계약_장외파생상품_주식관련거래,0,국내증권사,B,SF205,각주항목(09.06월 이후)
44406,201806,0010139,흥국증권주식회사,C24,파생상품계약_장외파생상품_신용관련거래,0,국내증권사,B,SF205,각주항목(09.06월 이후)
44407,201806,0010139,흥국증권주식회사,C25,파생상품계약_장외파생상품_기타,0,국내증권사,B,SF205,각주항목(09.06월 이후)
44408,201806,0010139,흥국증권주식회사,D,대차 및 대주거래,80000000000,국내증권사,B,SF205,각주항목(09.06월 이후)
44409,201806,0010139,흥국증권주식회사,D1,대차 및 대주거래_대여증권,0,국내증권사,B,SF205,각주항목(09.06월 이후)
44410,201806,0010139,흥국증권주식회사,D2,대차 및 대주거래_차입증권,80000000000,국내증권사,B,SF205,각주항목(09.06월 이후)
44411,201806,0010139,흥국증권주식회사,D3,대차 및 대주거래_신용거래대주,0,국내증권사,B,SF205,각주항목(09.06월 이후)
44412,201806,0010139,흥국증권주식회사,E,대손상각채권,0,국내증권사,B,SF205,각주항목(09.06월 이후)
44413,201806,0010139,흥국증권주식회사,F,환전업무 예치금,0,국내증권사,B,SF205,각주항목(09.06월 이후)
44414,201806,0010139,흥국증권주식회사,G,미배당별도예치금,0,국내증권사,B,SF205,각주항목(09.06월 이후)
44415,201806,0010139,흥국증권주식회사,H,배서어음매출(종금계정),0,국내증권사,B,SF205,각주항목(09.06월 이후)
44416,201806,0010139,흥국증권주식회사,H1,대출채권매매이익_담보부,0,국내증권사,B,SF205,각주항목(09.06월 이후)
44417,201806,0010139,흥국증권주식회사,H2,대출채권매매이익_무담보부,0,국내증권사,B,SF205,각주항목(09.06월 이후)
44418,201809,0010139,흥국증권주식회사,A,채무보증,0,국내증권사,B,SF205,각주항목(09.06월 이후)
44419,201809,0010139,흥국증권주식회사,A1,채무보증_지급보증,0,국내증권사,B,SF205,각주항목(09.06월 이후)
44420,201809,0010139,흥국증권주식회사,A2,채무보증_매입보장약정,0,국내증권사,B,SF205,각주항목(09.06월 이후)
44421,201809,0010139,흥국증권주식회사,A3,채무보증_채무인수약정,0,국내증권사,B,SF205,각주항목(09.06월 이후)
44422,201809,0010139,흥국증권주식회사,A5,채무보증_매입확약,0,국내증권사,B,SF205,각주항목(09.06월 이후)
44423,201809,0010139,흥국증권주식회사,A6,채무보증_기타,0,국내증권사,B,SF205,각주항목(09.06월 이후)
44424,201809,0010139,흥국증권주식회사,B,투자자의 예수증권 등,4282212717749,국내증권사,B,SF205,각주항목(09.06월 이후)
44425,201809,0010139,흥국증권주식회사,B1,투자자의 예수증권 등_예수 증권,4282212717749,국내증권사,B,SF205,각주항목(09.06월 이후)
44426,201809,0010139,흥국증권주식회사,B2,투자자의 예수증권 등_예수양도성예금증서,0,국내증권사,B,SF205,각주항목(09.06월 이후)
44427,201809,0010139,흥국증권주식회사,B3,투자자의 예수증권 등_기타,0,국내증권사,B,SF205,각주항목(09.06월 이후)
44428,201809,0010139,흥국증권주식회사,C,파생상품계약,0,국내증권사,B,SF205,각주항목(09.06월 이후)
44429,201809,0010139,흥국증권주식회사,C1,파생상품계약_장내파생상품,0,국내증권사,B,SF205,각주항목(09.06월 이후)
44430,201809,0010139,흥국증권주식회사,C11,파생상품계약_장내파생상품_이자율관련거래,0,국내증권사,B,SF205,각주항목(09.06월 이후)
44431,201809,0010139,흥국증권주식회사,C12,파생상품계약_장내파생상품_통화관련거래,0,국내증권사,B,SF205,각주항목(09.06월 이후)
44432,201809,0010139,흥국증권주식회사,C13,파생상품계약_장내파생상품_주식관련거래,0,국내증권사,B,SF205,각주항목(09.06월 이후)
44433,201809,0010139,흥국증권주식회사,C14,파생상품계약_장내파생상품_일반상품관련거래,0,국내증권사,B,SF205,각주항목(09.06월 이후)
44434,201809,0010139,흥국증권주식회사,C15,파생상품계약_장내파생상품_기타,0,국내증권사,B,SF205,각주항목(09.06월 이후)
44435,201809,0010139,흥국증권주식회사,C2,파생상품계약_장외파생상품,0,국내증권사,B,SF205,각주항목(09.06월 이후)
44436,201809,0010139,흥국증권주식회사,C21,파생상품계약_장외파생상품_이자율관련거래,0,국내증권사,B,SF205,각주항목(09.06월 이후)
44437,201809,0010139,흥국증권주식회사,C22,파생상품계약_장외파생상품_통화관련거래,0,국내증권사,B,SF205,각주항목(09.06월 이후)
44438,201809,0010139,흥국증권주식회사,C23,파생상품계약_장외파생상품_주식관련거래,0,국내증권사,B,SF205,각주항목(09.06월 이후)
44439,201809,0010139,흥국증권주식회사,C24,파생상품계약_장외파생상품_신용관련거래,0,국내증권사,B,SF205,각주항목(09.06월 이후)
44440,201809,0010139,흥국증권주식회사,C25,파생상품계약_장외파생상품_기타,0,국내증권사,B,SF205,각주항목(09.06월 이후)
44441,201809,0010139,흥국증권주식회사,D,대차 및 대주거래,108700000000,국내증권사,B,SF205,각주항목(09.06월 이후)
44442,201809,0010139,흥국증권주식회사,D1,대차 및 대주거래_대여증권,0,국내증권사,B,SF205,각주항목(09.06월 이후)
44443,201809,0010139,흥국증권주식회사,D2,대차 및 대주거래_차입증권,108700000000,국내증권사,B,SF205,각주항목(09.06월 이후)
44444,201809,0010139,흥국증권주식회사,D3,대차 및 대주거래_신용거래대주,0,국내증권사,B,SF205,각주항목(09.06월 이후)
44445,201809,0010139,흥국증권주식회사,E,대손상각채권,0,국내증권사,B,SF205,각주항목(09.06월 이후)
44446,201809,0010139,흥국증권주식회사,F,환전업무 예치금,0,국내증권사,B,SF205,각주항목(09.06월 이후)
44447,201809,0010139,흥국증권주식회사,G,미배당별도예치금,0,국내증권사,B,SF205,각주항목(09.06월 이후)
44448,201809,0010139,흥국증권주식회사,H,배서어음매출(종금계정),0,국내증권사,B,SF205,각주항목(09.06월 이후)
44449,201809,0010139,흥국증권주식회사,H1,대출채권매매이익_담보부,0,국내증권사,B,SF205,각주항목(09.06월 이후)
44450,201809,0010139,흥국증권주식회사,H2,대출채권매매이익_무담보부,0,국내증권사,B,SF205,각주항목(09.06월 이후)
44451,201812,0010139,흥국증권주식회사,A,채무보증,0,국내증권사,B,SF205,각주항목(09.06월 이후)
44452,201812,0010139,흥국증권주식회사,A1,채무보증_지급보증,0,국내증권사,B,SF205,각주항목(09.06월 이후)
44453,201812,0010139,흥국증권주식회사,A2,채무보증_매입보장약정,0,국내증권사,B,SF205,각주항목(09.06월 이후)
44454,201812,0010139,흥국증권주식회사,A3,채무보증_채무인수약정,0,국내증권사,B,SF205,각주항목(09.06월 이후)
44455,201812,0010139,흥국증권주식회사,A5,채무보증_매입확약,0,국내증권사,B,SF205,각주항목(09.06월 이후)
44456,201812,0010139,흥국증권주식회사,A6,채무보증_기타,0,국내증권사,B,SF205,각주항목(09.06월 이후)
44457,201812,0010139,흥국증권주식회사,B,투자자의 예수증권 등,4529051720863,국내증권사,B,SF205,각주항목(09.06월 이후)
44458,201812,0010139,흥국증권주식회사,B1,투자자의 예수증권 등_예수 증권,4529051720863,국내증권사,B,SF205,각주항목(09.06월 이후)
44459,201812,0010139,흥국증권주식회사,B2,투자자의 예수증권 등_예수양도성예금증서,0,국내증권사,B,SF205,각주항목(09.06월 이후)
44460,201812,0010139,흥국증권주식회사,B3,투자자의 예수증권 등_기타,0,국내증권사,B,SF205,각주항목(09.06월 이후)
44461,201812,0010139,흥국증권주식회사,C,파생상품계약,0,국내증권사,B,SF205,각주항목(09.06월 이후)
44462,201812,0010139,흥국증권주식회사,C1,파생상품계약_장내파생상품,0,국내증권사,B,SF205,각주항목(09.06월 이후)
44463,201812,0010139,흥국증권주식회사,C11,파생상품계약_장내파생상품_이자율관련거래,0,국내증권사,B,SF205,각주항목(09.06월 이후)
44464,201812,0010139,흥국증권주식회사,C12,파생상품계약_장내파생상품_통화관련거래,0,국내증권사,B,SF205,각주항목(09.06월 이후)
44465,201812,0010139,흥국증권주식회사,C13,파생상품계약_장내파생상품_주식관련거래,0,국내증권사,B,SF205,각주항목(09.06월 이후)
44466,201812,0010139,흥국증권주식회사,C14,파생상품계약_장내파생상품_일반상품관련거래,0,국내증권사,B,SF205,각주항목(09.06월 이후)
44467,201812,0010139,흥국증권주식회사,C15,파생상품계약_장내파생상품_기타,0,국내증권사,B,SF205,각주항목(09.06월 이후)
44468,201812,0010139,흥국증권주식회사,C2,파생상품계약_장외파생상품,0,국내증권사,B,SF205,각주항목(09.06월 이후)
44469,201812,0010139,흥국증권주식회사,C21,파생상품계약_장외파생상품_이자율관련거래,0,국내증권사,B,SF205,각주항목(09.06월 이후)
44470,201812,0010139,흥국증권주식회사,C22,파생상품계약_장외파생상품_통화관련거래,0,국내증권사,B,SF205,각주항목(09.06월 이후)
44471,201812,0010139,흥국증권주식회사,C23,파생상품계약_장외파생상품_주식관련거래,0,국내증권사,B,SF205,각주항목(09.06월 이후)
44472,201812,0010139,흥국증권주식회사,C24,파생상품계약_장외파생상품_신용관련거래,0,국내증권사,B,SF205,각주항목(09.06월 이후)
44473,201812,0010139,흥국증권주식회사,C25,파생상품계약_장외파생상품_기타,0,국내증권사,B,SF205,각주항목(09.06월 이후)
44474,201812,0010139,흥국증권주식회사,D,대차 및 대주거래,0,국내증권사,B,SF205,각주항목(09.06월 이후)
44475,201812,0010139,흥국증권주식회사,D1,대차 및 대주거래_대여증권,0,국내증권사,B,SF205,각주항목(09.06월 이후)
44476,201812,0010139,흥국증권주식회사,D2,대차 및 대주거래_차입증권,0,국내증권사,B,SF205,각주항목(09.06월 이후)
44477,201812,0010139,흥국증권주식회사,D3,대차 및 대주거래_신용거래대주,0,국내증권사,B,SF205,각주항목(09.06월 이후)
44478,201812,0010139,흥국증권주식회사,E,대손상각채권,0,국내증권사,B,SF205,각주항목(09.06월 이후)
44479,201812,0010139,흥국증권주식회사,F,환전업무 예치금,0,국내증권사,B,SF205,각주항목(09.06월 이후)
44480,201812,0010139,흥국증권주식회사,G,미배당별도예치금,0,국내증권사,B,SF205,각주항목(09.06월 이후)
44481,201812,0010139,흥국증권주식회사,H,배서어음매출(종금계정),0,국내증권사,B,SF205,각주항목(09.06월 이후)
44482,201812,0010139,흥국증권주식회사,H1,대출채권매매이익_담보부,0,국내증권사,B,SF205,각주항목(09.06월 이후)
44483,201812,0010139,흥국증권주식회사,H2,대출채권매매이익_무담보부,0,국내증권사,B,SF205,각주항목(09.06월 이후)
44484,201903,0010139,흥국증권주식회사,A,채무보증,0,국내증권사,B,SF205,각주항목(09.06월 이후)
44485,201903,0010139,흥국증권주식회사,A1,채무보증_지급보증,0,국내증권사,B,SF205,각주항목(09.06월 이후)
44486,201903,0010139,흥국증권주식회사,A2,채무보증_매입보장약정,0,국내증권사,B,SF205,각주항목(09.06월 이후)
44487,201903,0010139,흥국증권주식회사,A3,채무보증_채무인수약정,0,국내증권사,B,SF205,각주항목(09.06월 이후)
44488,201903,0010139,흥국증권주식회사,A5,채무보증_매입확약,0,국내증권사,B,SF205,각주항목(09.06월 이후)
44489,201903,0010139,흥국증권주식회사,A6,채무보증_기타,0,국내증권사,B,SF205,각주항목(09.06월 이후)
44490,201903,0010139,흥국증권주식회사,B,투자자의 예수증권 등,4858974077871,국내증권사,B,SF205,각주항목(09.06월 이후)
44491,201903,0010139,흥국증권주식회사,B1,투자자의 예수증권 등_예수 증권,4858974077871,국내증권사,B,SF205,각주항목(09.06월 이후)
44492,201903,0010139,흥국증권주식회사,B2,투자자의 예수증권 등_예수양도성예금증서,0,국내증권사,B,SF205,각주항목(09.06월 이후)
44493,201903,0010139,흥국증권주식회사,B3,투자자의 예수증권 등_기타,0,국내증권사,B,SF205,각주항목(09.06월 이후)
44494,201903,0010139,흥국증권주식회사,C,파생상품계약,0,국내증권사,B,SF205,각주항목(09.06월 이후)
44495,201903,0010139,흥국증권주식회사,C1,파생상품계약_장내파생상품,0,국내증권사,B,SF205,각주항목(09.06월 이후)
44496,201903,0010139,흥국증권주식회사,C11,파생상품계약_장내파생상품_이자율관련거래,0,국내증권사,B,SF205,각주항목(09.06월 이후)
44497,201903,0010139,흥국증권주식회사,C12,파생상품계약_장내파생상품_통화관련거래,0,국내증권사,B,SF205,각주항목(09.06월 이후)
44498,201903,0010139,흥국증권주식회사,C13,파생상품계약_장내파생상품_주식관련거래,0,국내증권사,B,SF205,각주항목(09.06월 이후)
44499,201903,0010139,흥국증권주식회사,C14,파생상품계약_장내파생상품_일반상품관련거래,0,국내증권사,B,SF205,각주항목(09.06월 이후)
44500,201903,0010139,흥국증권주식회사,C15,파생상품계약_장내파생상품_기타,0,국내증권사,B,SF205,각주항목(09.06월 이후)
44501,201903,0010139,흥국증권주식회사,C2,파생상품계약_장외파생상품,0,국내증권사,B,SF205,각주항목(09.06월 이후)
44502,201903,0010139,흥국증권주식회사,C21,파생상품계약_장외파생상품_이자율관련거래,0,국내증권사,B,SF205,각주항목(09.06월 이후)
44503,201903,0010139,흥국증권주식회사,C22,파생상품계약_장외파생상품_통화관련거래,0,국내증권사,B,SF205,각주항목(09.06월 이후)
44504,201903,0010139,흥국증권주식회사,C23,파생상품계약_장외파생상품_주식관련거래,0,국내증권사,B,SF205,각주항목(09.06월 이후)
44505,201903,0010139,흥국증권주식회사,C24,파생상품계약_장외파생상품_신용관련거래,0,국내증권사,B,SF205,각주항목(09.06월 이후)
44506,201903,0010139,흥국증권주식회사,C25,파생상품계약_장외파생상품_기타,0,국내증권사,B,SF205,각주항목(09.06월 이후)
44507,201903,0010139,흥국증권주식회사,D,대차 및 대주거래,0,국내증권사,B,SF205,각주항목(09.06월 이후)
44508,201903,0010139,흥국증권주식회사,D1,대차 및 대주거래_대여증권,0,국내증권사,B,SF205,각주항목(09.06월 이후)
44509,201903,0010139,흥국증권주식회사,D2,대차 및 대주거래_차입증권,0,국내증권사,B,SF205,각주항목(09.06월 이후)
44510,201903,0010139,흥국증권주식회사,D3,대차 및 대주거래_신용거래대주,0,국내증권사,B,SF205,각주항목(09.06월 이후)
44511,201903,0010139,흥국증권주식회사,E,대손상각채권,0,국내증권사,B,SF205,각주항목(09.06월 이후)
44512,201903,0010139,흥국증권주식회사,F,환전업무 예치금,0,국내증권사,B,SF205,각주항목(09.06월 이후)
44513,201903,0010139,흥국증권주식회사,G,미배당별도예치금,0,국내증권사,B,SF205,각주항목(09.06월 이후)
44514,201903,0010139,흥국증권주식회사,H,배서어음매출(종금계정),0,국내증권사,B,SF205,각주항목(09.06월 이후)
44515,201903,0010139,흥국증권주식회사,H1,대출채권매매이익_담보부,0,국내증권사,B,SF205,각주항목(09.06월 이후)
44516,201903,0010139,흥국증권주식회사,H2,대출채권매매이익_무담보부,0,국내증권사,B,SF205,각주항목(09.06월 이후)
44517,201906,0010139,흥국증권주식회사,A,채무보증,0,국내증권사,B,SF205,각주항목(09.06월 이후)
44518,201906,0010139,흥국증권주식회사,A1,채무보증_지급보증,0,국내증권사,B,SF205,각주항목(09.06월 이후)
44519,201906,0010139,흥국증권주식회사,A2,채무보증_매입보장약정,0,국내증권사,B,SF205,각주항목(09.06월 이후)
44520,201906,0010139,흥국증권주식회사,A3,채무보증_채무인수약정,0,국내증권사,B,SF205,각주항목(09.06월 이후)
44521,201906,0010139,흥국증권주식회사,A5,채무보증_매입확약,0,국내증권사,B,SF205,각주항목(09.06월 이후)
44522,201906,0010139,흥국증권주식회사,A6,채무보증_기타,0,국내증권사,B,SF205,각주항목(09.06월 이후)
44523,201906,0010139,흥국증권주식회사,B,투자자의 예수증권 등,6232736196687,국내증권사,B,SF205,각주항목(09.06월 이후)
44524,201906,0010139,흥국증권주식회사,B1,투자자의 예수증권 등_예수 증권,6232736196687,국내증권사,B,SF205,각주항목(09.06월 이후)
44525,201906,0010139,흥국증권주식회사,B2,투자자의 예수증권 등_예수양도성예금증서,0,국내증권사,B,SF205,각주항목(09.06월 이후)
44526,201906,0010139,흥국증권주식회사,B3,투자자의 예수증권 등_기타,0,국내증권사,B,SF205,각주항목(09.06월 이후)
44527,201906,0010139,흥국증권주식회사,C,파생상품계약,0,국내증권사,B,SF205,각주항목(09.06월 이후)
44528,201906,0010139,흥국증권주식회사,C1,파생상품계약_장내파생상품,0,국내증권사,B,SF205,각주항목(09.06월 이후)
44529,201906,0010139,흥국증권주식회사,C11,파생상품계약_장내파생상품_이자율관련거래,0,국내증권사,B,SF205,각주항목(09.06월 이후)
44530,201906,0010139,흥국증권주식회사,C12,파생상품계약_장내파생상품_통화관련거래,0,국내증권사,B,SF205,각주항목(09.06월 이후)
44531,201906,0010139,흥국증권주식회사,C13,파생상품계약_장내파생상품_주식관련거래,0,국내증권사,B,SF205,각주항목(09.06월 이후)
44532,201906,0010139,흥국증권주식회사,C14,파생상품계약_장내파생상품_일반상품관련거래,0,국내증권사,B,SF205,각주항목(09.06월 이후)
44533,201906,0010139,흥국증권주식회사,C15,파생상품계약_장내파생상품_기타,0,국내증권사,B,SF205,각주항목(09.06월 이후)
44534,201906,0010139,흥국증권주식회사,C2,파생상품계약_장외파생상품,0,국내증권사,B,SF205,각주항목(09.06월 이후)
44535,201906,0010139,흥국증권주식회사,C21,파생상품계약_장외파생상품_이자율관련거래,0,국내증권사,B,SF205,각주항목(09.06월 이후)
44536,201906,0010139,흥국증권주식회사,C22,파생상품계약_장외파생상품_통화관련거래,0,국내증권사,B,SF205,각주항목(09.06월 이후)
44537,201906,0010139,흥국증권주식회사,C23,파생상품계약_장외파생상품_주식관련거래,0,국내증권사,B,SF205,각주항목(09.06월 이후)
44538,201906,0010139,흥국증권주식회사,C24,파생상품계약_장외파생상품_신용관련거래,0,국내증권사,B,SF205,각주항목(09.06월 이후)
44539,201906,0010139,흥국증권주식회사,C25,파생상품계약_장외파생상품_기타,0,국내증권사,B,SF205,각주항목(09.06월 이후)
44540,201906,0010139,흥국증권주식회사,D,대차 및 대주거래,0,국내증권사,B,SF205,각주항목(09.06월 이후)
44541,201906,0010139,흥국증권주식회사,D1,대차 및 대주거래_대여증권,0,국내증권사,B,SF205,각주항목(09.06월 이후)
44542,201906,0010139,흥국증권주식회사,D2,대차 및 대주거래_차입증권,0,국내증권사,B,SF205,각주항목(09.06월 이후)
44543,201906,0010139,흥국증권주식회사,D3,대차 및 대주거래_신용거래대주,0,국내증권사,B,SF205,각주항목(09.06월 이후)
44544,201906,0010139,흥국증권주식회사,E,대손상각채권,0,국내증권사,B,SF205,각주항목(09.06월 이후)
44545,201906,0010139,흥국증권주식회사,F,환전업무 예치금,0,국내증권사,B,SF205,각주항목(09.06월 이후)
44546,201906,0010139,흥국증권주식회사,G,미배당별도예치금,0,국내증권사,B,SF205,각주항목(09.06월 이후)
44547,201906,0010139,흥국증권주식회사,H,배서어음매출(종금계정),0,국내증권사,B,SF205,각주항목(09.06월 이후)
44548,201906,0010139,흥국증권주식회사,H1,대출채권매매이익_담보부,0,국내증권사,B,SF205,각주항목(09.06월 이후)
44549,201906,0010139,흥국증권주식회사,H2,대출채권매매이익_무담보부,0,국내증권사,B,SF205,각주항목(09.06월 이후)
44550,201909,0010139,흥국증권주식회사,A,채무보증,0,국내증권사,B,SF205,각주항목(09.06월 이후)
44551,201909,0010139,흥국증권주식회사,A1,채무보증_지급보증,0,국내증권사,B,SF205,각주항목(09.06월 이후)
44552,201909,0010139,흥국증권주식회사,A2,채무보증_매입보장약정,0,국내증권사,B,SF205,각주항목(09.06월 이후)
44553,201909,0010139,흥국증권주식회사,A3,채무보증_채무인수약정,0,국내증권사,B,SF205,각주항목(09.06월 이후)
44554,201909,0010139,흥국증권주식회사,A5,채무보증_매입확약,0,국내증권사,B,SF205,각주항목(09.06월 이후)
44555,201909,0010139,흥국증권주식회사,A6,채무보증_기타,0,국내증권사,B,SF205,각주항목(09.06월 이후)
44556,201909,0010139,흥국증권주식회사,B,투자자의 예수증권 등,6199958583452,국내증권사,B,SF205,각주항목(09.06월 이후)
44557,201909,0010139,흥국증권주식회사,B1,투자자의 예수증권 등_예수 증권,6199958583452,국내증권사,B,SF205,각주항목(09.06월 이후)
44558,201909,0010139,흥국증권주식회사,B2,투자자의 예수증권 등_예수양도성예금증서,0,국내증권사,B,SF205,각주항목(09.06월 이후)
44559,201909,0010139,흥국증권주식회사,B3,투자자의 예수증권 등_기타,0,국내증권사,B,SF205,각주항목(09.06월 이후)
44560,201909,0010139,흥국증권주식회사,C,파생상품계약,0,국내증권사,B,SF205,각주항목(09.06월 이후)
44561,201909,0010139,흥국증권주식회사,C1,파생상품계약_장내파생상품,0,국내증권사,B,SF205,각주항목(09.06월 이후)
44562,201909,0010139,흥국증권주식회사,C11,파생상품계약_장내파생상품_이자율관련거래,0,국내증권사,B,SF205,각주항목(09.06월 이후)
44563,201909,0010139,흥국증권주식회사,C12,파생상품계약_장내파생상품_통화관련거래,0,국내증권사,B,SF205,각주항목(09.06월 이후)
44564,201909,0010139,흥국증권주식회사,C13,파생상품계약_장내파생상품_주식관련거래,0,국내증권사,B,SF205,각주항목(09.06월 이후)
44565,201909,0010139,흥국증권주식회사,C14,파생상품계약_장내파생상품_일반상품관련거래,0,국내증권사,B,SF205,각주항목(09.06월 이후)
44566,201909,0010139,흥국증권주식회사,C15,파생상품계약_장내파생상품_기타,0,국내증권사,B,SF205,각주항목(09.06월 이후)
44567,201909,0010139,흥국증권주식회사,C2,파생상품계약_장외파생상품,0,국내증권사,B,SF205,각주항목(09.06월 이후)
44568,201909,0010139,흥국증권주식회사,C21,파생상품계약_장외파생상품_이자율관련거래,0,국내증권사,B,SF205,각주항목(09.06월 이후)
44569,201909,0010139,흥국증권주식회사,C22,파생상품계약_장외파생상품_통화관련거래,0,국내증권사,B,SF205,각주항목(09.06월 이후)
44570,201909,0010139,흥국증권주식회사,C23,파생상품계약_장외파생상품_주식관련거래,0,국내증권사,B,SF205,각주항목(09.06월 이후)
44571,201909,0010139,흥국증권주식회사,C24,파생상품계약_장외파생상품_신용관련거래,0,국내증권사,B,SF205,각주항목(09.06월 이후)
44572,201909,0010139,흥국증권주식회사,C25,파생상품계약_장외파생상품_기타,0,국내증권사,B,SF205,각주항목(09.06월 이후)
44573,201909,0010139,흥국증권주식회사,D,대차 및 대주거래,0,국내증권사,B,SF205,각주항목(09.06월 이후)
44574,201909,0010139,흥국증권주식회사,D1,대차 및 대주거래_대여증권,0,국내증권사,B,SF205,각주항목(09.06월 이후)
44575,201909,0010139,흥국증권주식회사,D2,대차 및 대주거래_차입증권,0,국내증권사,B,SF205,각주항목(09.06월 이후)
44576,201909,0010139,흥국증권주식회사,D3,대차 및 대주거래_신용거래대주,0,국내증권사,B,SF205,각주항목(09.06월 이후)
44577,201909,0010139,흥국증권주식회사,E,대손상각채권,0,국내증권사,B,SF205,각주항목(09.06월 이후)
44578,201909,0010139,흥국증권주식회사,F,환전업무 예치금,0,국내증권사,B,SF205,각주항목(09.06월 이후)
44579,201909,0010139,흥국증권주식회사,G,미배당별도예치금,0,국내증권사,B,SF205,각주항목(09.06월 이후)
44580,201909,0010139,흥국증권주식회사,H,배서어음매출(종금계정),0,국내증권사,B,SF205,각주항목(09.06월 이후)
44581,201909,0010139,흥국증권주식회사,H1,대출채권매매이익_담보부,0,국내증권사,B,SF205,각주항목(09.06월 이후)
44582,201909,0010139,흥국증권주식회사,H2,대출채권매매이익_무담보부,0,국내증권사,B,SF205,각주항목(09.06월 이후)
44583,201912,0010139,흥국증권주식회사,A,채무보증,0,국내증권사,B,SF205,각주항목(09.06월 이후)
44584,201912,0010139,흥국증권주식회사,A1,채무보증_지급보증,0,국내증권사,B,SF205,각주항목(09.06월 이후)
44585,201912,0010139,흥국증권주식회사,A2,채무보증_매입보장약정,0,국내증권사,B,SF205,각주항목(09.06월 이후)
44586,201912,0010139,흥국증권주식회사,A3,채무보증_채무인수약정,0,국내증권사,B,SF205,각주항목(09.06월 이후)
44587,201912,0010139,흥국증권주식회사,A5,채무보증_매입확약,0,국내증권사,B,SF205,각주항목(09.06월 이후)
44588,201912,0010139,흥국증권주식회사,A6,채무보증_기타,0,국내증권사,B,SF205,각주항목(09.06월 이후)
44589,201912,0010139,흥국증권주식회사,B,투자자의 예수증권 등,6800508204054,국내증권사,B,SF205,각주항목(09.06월 이후)
44590,201912,0010139,흥국증권주식회사,B1,투자자의 예수증권 등_예수 증권,6800508204054,국내증권사,B,SF205,각주항목(09.06월 이후)
44591,201912,0010139,흥국증권주식회사,B2,투자자의 예수증권 등_예수양도성예금증서,0,국내증권사,B,SF205,각주항목(09.06월 이후)
44592,201912,0010139,흥국증권주식회사,B3,투자자의 예수증권 등_기타,0,국내증권사,B,SF205,각주항목(09.06월 이후)
44593,201912,0010139,흥국증권주식회사,C,파생상품계약,0,국내증권사,B,SF205,각주항목(09.06월 이후)
44594,201912,0010139,흥국증권주식회사,C1,파생상품계약_장내파생상품,0,국내증권사,B,SF205,각주항목(09.06월 이후)
44595,201912,0010139,흥국증권주식회사,C11,파생상품계약_장내파생상품_이자율관련거래,0,국내증권사,B,SF205,각주항목(09.06월 이후)
44596,201912,0010139,흥국증권주식회사,C12,파생상품계약_장내파생상품_통화관련거래,0,국내증권사,B,SF205,각주항목(09.06월 이후)
44597,201912,0010139,흥국증권주식회사,C13,파생상품계약_장내파생상품_주식관련거래,0,국내증권사,B,SF205,각주항목(09.06월 이후)
44598,201912,0010139,흥국증권주식회사,C14,파생상품계약_장내파생상품_일반상품관련거래,0,국내증권사,B,SF205,각주항목(09.06월 이후)
44599,201912,0010139,흥국증권주식회사,C15,파생상품계약_장내파생상품_기타,0,국내증권사,B,SF205,각주항목(09.06월 이후)
44600,201912,0010139,흥국증권주식회사,C2,파생상품계약_장외파생상품,0,국내증권사,B,SF205,각주항목(09.06월 이후)
44601,201912,0010139,흥국증권주식회사,C21,파생상품계약_장외파생상품_이자율관련거래,0,국내증권사,B,SF205,각주항목(09.06월 이후)
44602,201912,0010139,흥국증권주식회사,C22,파생상품계약_장외파생상품_통화관련거래,0,국내증권사,B,SF205,각주항목(09.06월 이후)
44603,201912,0010139,흥국증권주식회사,C23,파생상품계약_장외파생상품_주식관련거래,0,국내증권사,B,SF205,각주항목(09.06월 이후)
44604,201912,0010139,흥국증권주식회사,C24,파생상품계약_장외파생상품_신용관련거래,0,국내증권사,B,SF205,각주항목(09.06월 이후)
44605,201912,0010139,흥국증권주식회사,C25,파생상품계약_장외파생상품_기타,0,국내증권사,B,SF205,각주항목(09.06월 이후)
44606,201912,0010139,흥국증권주식회사,D,대차 및 대주거래,0,국내증권사,B,SF205,각주항목(09.06월 이후)
44607,201912,0010139,흥국증권주식회사,D1,대차 및 대주거래_대여증권,0,국내증권사,B,SF205,각주항목(09.06월 이후)
44608,201912,0010139,흥국증권주식회사,D2,대차 및 대주거래_차입증권,0,국내증권사,B,SF205,각주항목(09.06월 이후)
44609,201912,0010139,흥국증권주식회사,D3,대차 및 대주거래_신용거래대주,0,국내증권사,B,SF205,각주항목(09.06월 이후)
44610,201912,0010139,흥국증권주식회사,E,대손상각채권,0,국내증권사,B,SF205,각주항목(09.06월 이후)
44611,201912,0010139,흥국증권주식회사,F,환전업무 예치금,0,국내증권사,B,SF205,각주항목(09.06월 이후)
44612,201912,0010139,흥국증권주식회사,G,미배당별도예치금,0,국내증권사,B,SF205,각주항목(09.06월 이후)
44613,201912,0010139,흥국증권주식회사,H,배서어음매출(종금계정),0,국내증권사,B,SF205,각주항목(09.06월 이후)
44614,201912,0010139,흥국증권주식회사,H1,대출채권매매이익_담보부,0,국내증권사,B,SF205,각주항목(09.06월 이후)
44615,201912,0010139,흥국증권주식회사,H2,대출채권매매이익_무담보부,0,국내증권사,B,SF205,각주항목(09.06월 이후)
44616,202003,0010139,흥국증권주식회사,A,채무보증,0,국내증권사,B,SF205,각주항목(09.06월 이후)
44617,202003,0010139,흥국증권주식회사,A1,채무보증_지급보증,0,국내증권사,B,SF205,각주항목(09.06월 이후)
44618,202003,0010139,흥국증권주식회사,A2,채무보증_매입보장약정,0,국내증권사,B,SF205,각주항목(09.06월 이후)
44619,202003,0010139,흥국증권주식회사,A3,채무보증_채무인수약정,0,국내증권사,B,SF205,각주항목(09.06월 이후)
44620,202003,0010139,흥국증권주식회사,A5,채무보증_매입확약,0,국내증권사,B,SF205,각주항목(09.06월 이후)
44621,202003,0010139,흥국증권주식회사,A6,채무보증_기타,0,국내증권사,B,SF205,각주항목(09.06월 이후)
44622,202003,0010139,흥국증권주식회사,B,투자자의 예수증권 등,6560755101053,국내증권사,B,SF205,각주항목(09.06월 이후)
44623,202003,0010139,흥국증권주식회사,B1,투자자의 예수증권 등_예수 증권,6560755101053,국내증권사,B,SF205,각주항목(09.06월 이후)
44624,202003,0010139,흥국증권주식회사,B2,투자자의 예수증권 등_예수양도성예금증서,0,국내증권사,B,SF205,각주항목(09.06월 이후)
44625,202003,0010139,흥국증권주식회사,B3,투자자의 예수증권 등_기타,0,국내증권사,B,SF205,각주항목(09.06월 이후)
44626,202003,0010139,흥국증권주식회사,C,파생상품계약,0,국내증권사,B,SF205,각주항목(09.06월 이후)
44627,202003,0010139,흥국증권주식회사,C1,파생상품계약_장내파생상품,0,국내증권사,B,SF205,각주항목(09.06월 이후)
44628,202003,0010139,흥국증권주식회사,C11,파생상품계약_장내파생상품_이자율관련거래,0,국내증권사,B,SF205,각주항목(09.06월 이후)
44629,202003,0010139,흥국증권주식회사,C12,파생상품계약_장내파생상품_통화관련거래,0,국내증권사,B,SF205,각주항목(09.06월 이후)
44630,202003,0010139,흥국증권주식회사,C13,파생상품계약_장내파생상품_주식관련거래,0,국내증권사,B,SF205,각주항목(09.06월 이후)
44631,202003,0010139,흥국증권주식회사,C14,파생상품계약_장내파생상품_일반상품관련거래,0,국내증권사,B,SF205,각주항목(09.06월 이후)
44632,202003,0010139,흥국증권주식회사,C15,파생상품계약_장내파생상품_기타,0,국내증권사,B,SF205,각주항목(09.06월 이후)
44633,202003,0010139,흥국증권주식회사,C2,파생상품계약_장외파생상품,0,국내증권사,B,SF205,각주항목(09.06월 이후)
44634,202003,0010139,흥국증권주식회사,C21,파생상품계약_장외파생상품_이자율관련거래,0,국내증권사,B,SF205,각주항목(09.06월 이후)
44635,202003,0010139,흥국증권주식회사,C22,파생상품계약_장외파생상품_통화관련거래,0,국내증권사,B,SF205,각주항목(09.06월 이후)
44636,202003,0010139,흥국증권주식회사,C23,파생상품계약_장외파생상품_주식관련거래,0,국내증권사,B,SF205,각주항목(09.06월 이후)
44637,202003,0010139,흥국증권주식회사,C24,파생상품계약_장외파생상품_신용관련거래,0,국내증권사,B,SF205,각주항목(09.06월 이후)
44638,202003,0010139,흥국증권주식회사,C25,파생상품계약_장외파생상품_기타,0,국내증권사,B,SF205,각주항목(09.06월 이후)
44639,202003,0010139,흥국증권주식회사,D,대차 및 대주거래,9883630000,국내증권사,B,SF205,각주항목(09.06월 이후)
44640,202003,0010139,흥국증권주식회사,D1,대차 및 대주거래_대여증권,9883630000,국내증권사,B,SF205,각주항목(09.06월 이후)
44641,202003,0010139,흥국증권주식회사,D2,대차 및 대주거래_차입증권,0,국내증권사,B,SF205,각주항목(09.06월 이후)
44642,202003,0010139,흥국증권주식회사,D3,대차 및 대주거래_신용거래대주,0,국내증권사,B,SF205,각주항목(09.06월 이후)
44643,202003,0010139,흥국증권주식회사,E,대손상각채권,0,국내증권사,B,SF205,각주항목(09.06월 이후)
44644,202003,0010139,흥국증권주식회사,F,환전업무 예치금,0,국내증권사,B,SF205,각주항목(09.06월 이후)
44645,202003,0010139,흥국증권주식회사,G,미배당별도예치금,0,국내증권사,B,SF205,각주항목(09.06월 이후)
44646,202003,0010139,흥국증권주식회사,H,배서어음매출(종금계정),0,국내증권사,B,SF205,각주항목(09.06월 이후)
44647,202003,0010139,흥국증권주식회사,H1,대출채권매매이익_담보부,0,국내증권사,B,SF205,각주항목(09.06월 이후)
44648,202003,0010139,흥국증권주식회사,H2,대출채권매매이익_무담보부,0,국내증권사,B,SF205,각주항목(09.06월 이후)
44649,202006,0010139,흥국증권주식회사,A,채무보증,0,국내증권사,B,SF205,각주항목(09.06월 이후)
44650,202006,0010139,흥국증권주식회사,A1,채무보증_지급보증,0,국내증권사,B,SF205,각주항목(09.06월 이후)
44651,202006,0010139,흥국증권주식회사,A2,채무보증_매입보장약정,0,국내증권사,B,SF205,각주항목(09.06월 이후)
44652,202006,0010139,흥국증권주식회사,A3,채무보증_채무인수약정,0,국내증권사,B,SF205,각주항목(09.06월 이후)
44653,202006,0010139,흥국증권주식회사,A5,채무보증_매입확약,0,국내증권사,B,SF205,각주항목(09.06월 이후)
44654,202006,0010139,흥국증권주식회사,A6,채무보증_기타,0,국내증권사,B,SF205,각주항목(09.06월 이후)
44655,202006,0010139,흥국증권주식회사,B,투자자의 예수증권 등,7066378505314,국내증권사,B,SF205,각주항목(09.06월 이후)
44656,202006,0010139,흥국증권주식회사,B1,투자자의 예수증권 등_예수 증권,7066378505314,국내증권사,B,SF205,각주항목(09.06월 이후)
44657,202006,0010139,흥국증권주식회사,B2,투자자의 예수증권 등_예수양도성예금증서,0,국내증권사,B,SF205,각주항목(09.06월 이후)
44658,202006,0010139,흥국증권주식회사,B3,투자자의 예수증권 등_기타,0,국내증권사,B,SF205,각주항목(09.06월 이후)
44659,202006,0010139,흥국증권주식회사,C,파생상품계약,0,국내증권사,B,SF205,각주항목(09.06월 이후)
44660,202006,0010139,흥국증권주식회사,C1,파생상품계약_장내파생상품,0,국내증권사,B,SF205,각주항목(09.06월 이후)
44661,202006,0010139,흥국증권주식회사,C11,파생상품계약_장내파생상품_이자율관련거래,0,국내증권사,B,SF205,각주항목(09.06월 이후)
44662,202006,0010139,흥국증권주식회사,C12,파생상품계약_장내파생상품_통화관련거래,0,국내증권사,B,SF205,각주항목(09.06월 이후)
44663,202006,0010139,흥국증권주식회사,C13,파생상품계약_장내파생상품_주식관련거래,0,국내증권사,B,SF205,각주항목(09.06월 이후)
44664,202006,0010139,흥국증권주식회사,C14,파생상품계약_장내파생상품_일반상품관련거래,0,국내증권사,B,SF205,각주항목(09.06월 이후)
44665,202006,0010139,흥국증권주식회사,C15,파생상품계약_장내파생상품_기타,0,국내증권사,B,SF205,각주항목(09.06월 이후)
44666,202006,0010139,흥국증권주식회사,C2,파생상품계약_장외파생상품,0,국내증권사,B,SF205,각주항목(09.06월 이후)
44667,202006,0010139,흥국증권주식회사,C21,파생상품계약_장외파생상품_이자율관련거래,0,국내증권사,B,SF205,각주항목(09.06월 이후)
44668,202006,0010139,흥국증권주식회사,C22,파생상품계약_장외파생상품_통화관련거래,0,국내증권사,B,SF205,각주항목(09.06월 이후)
44669,202006,0010139,흥국증권주식회사,C23,파생상품계약_장외파생상품_주식관련거래,0,국내증권사,B,SF205,각주항목(09.06월 이후)
44670,202006,0010139,흥국증권주식회사,C24,파생상품계약_장외파생상품_신용관련거래,0,국내증권사,B,SF205,각주항목(09.06월 이후)
44671,202006,0010139,흥국증권주식회사,C25,파생상품계약_장외파생상품_기타,0,국내증권사,B,SF205,각주항목(09.06월 이후)
44672,202006,0010139,흥국증권주식회사,D,대차 및 대주거래,0,국내증권사,B,SF205,각주항목(09.06월 이후)
44673,202006,0010139,흥국증권주식회사,D1,대차 및 대주거래_대여증권,0,국내증권사,B,SF205,각주항목(09.06월 이후)
44674,202006,0010139,흥국증권주식회사,D2,대차 및 대주거래_차입증권,0,국내증권사,B,SF205,각주항목(09.06월 이후)
44675,202006,0010139,흥국증권주식회사,D3,대차 및 대주거래_신용거래대주,0,국내증권사,B,SF205,각주항목(09.06월 이후)
44676,202006,0010139,흥국증권주식회사,E,대손상각채권,0,국내증권사,B,SF205,각주항목(09.06월 이후)
44677,202006,0010139,흥국증권주식회사,F,환전업무 예치금,0,국내증권사,B,SF205,각주항목(09.06월 이후)
44678,202006,0010139,흥국증권주식회사,G,미배당별도예치금,0,국내증권사,B,SF205,각주항목(09.06월 이후)
44679,202006,0010139,흥국증권주식회사,H,배서어음매출(종금계정),0,국내증권사,B,SF205,각주항목(09.06월 이후)
44680,202006,0010139,흥국증권주식회사,H1,대출채권매매이익_담보부,0,국내증권사,B,SF205,각주항목(09.06월 이후)
44681,202006,0010139,흥국증권주식회사,H2,대출채권매매이익_무담보부,0,국내증권사,B,SF205,각주항목(09.06월 이후)
44682,202009,0010139,흥국증권주식회사,A,채무보증,0,국내증권사,B,SF205,각주항목(09.06월 이후)
44683,202009,0010139,흥국증권주식회사,A1,채무보증_지급보증,0,국내증권사,B,SF205,각주항목(09.06월 이후)
44684,202009,0010139,흥국증권주식회사,A2,채무보증_매입보장약정,0,국내증권사,B,SF205,각주항목(09.06월 이후)
44685,202009,0010139,흥국증권주식회사,A3,채무보증_채무인수약정,0,국내증권사,B,SF205,각주항목(09.06월 이후)
44686,202009,0010139,흥국증권주식회사,A5,채무보증_매입확약,0,국내증권사,B,SF205,각주항목(09.06월 이후)
44687,202009,0010139,흥국증권주식회사,A6,채무보증_기타,0,국내증권사,B,SF205,각주항목(09.06월 이후)
44688,202009,0010139,흥국증권주식회사,B,투자자의 예수증권 등,7452245763278,국내증권사,B,SF205,각주항목(09.06월 이후)
44689,202009,0010139,흥국증권주식회사,B1,투자자의 예수증권 등_예수 증권,7452245763278,국내증권사,B,SF205,각주항목(09.06월 이후)
44690,202009,0010139,흥국증권주식회사,B2,투자자의 예수증권 등_예수양도성예금증서,0,국내증권사,B,SF205,각주항목(09.06월 이후)
44691,202009,0010139,흥국증권주식회사,B3,투자자의 예수증권 등_기타,0,국내증권사,B,SF205,각주항목(09.06월 이후)
44692,202009,0010139,흥국증권주식회사,C,파생상품계약,0,국내증권사,B,SF205,각주항목(09.06월 이후)
44693,202009,0010139,흥국증권주식회사,C1,파생상품계약_장내파생상품,0,국내증권사,B,SF205,각주항목(09.06월 이후)
44694,202009,0010139,흥국증권주식회사,C11,파생상품계약_장내파생상품_이자율관련거래,0,국내증권사,B,SF205,각주항목(09.06월 이후)
44695,202009,0010139,흥국증권주식회사,C12,파생상품계약_장내파생상품_통화관련거래,0,국내증권사,B,SF205,각주항목(09.06월 이후)
44696,202009,0010139,흥국증권주식회사,C13,파생상품계약_장내파생상품_주식관련거래,0,국내증권사,B,SF205,각주항목(09.06월 이후)
44697,202009,0010139,흥국증권주식회사,C14,파생상품계약_장내파생상품_일반상품관련거래,0,국내증권사,B,SF205,각주항목(09.06월 이후)
44698,202009,0010139,흥국증권주식회사,C15,파생상품계약_장내파생상품_기타,0,국내증권사,B,SF205,각주항목(09.06월 이후)
44699,202009,0010139,흥국증권주식회사,C2,파생상품계약_장외파생상품,0,국내증권사,B,SF205,각주항목(09.06월 이후)
44700,202009,0010139,흥국증권주식회사,C21,파생상품계약_장외파생상품_이자율관련거래,0,국내증권사,B,SF205,각주항목(09.06월 이후)
44701,202009,0010139,흥국증권주식회사,C22,파생상품계약_장외파생상품_통화관련거래,0,국내증권사,B,SF205,각주항목(09.06월 이후)
44702,202009,0010139,흥국증권주식회사,C23,파생상품계약_장외파생상품_주식관련거래,0,국내증권사,B,SF205,각주항목(09.06월 이후)
44703,202009,0010139,흥국증권주식회사,C24,파생상품계약_장외파생상품_신용관련거래,0,국내증권사,B,SF205,각주항목(09.06월 이후)
44704,202009,0010139,흥국증권주식회사,C25,파생상품계약_장외파생상품_기타,0,국내증권사,B,SF205,각주항목(09.06월 이후)
44705,202009,0010139,흥국증권주식회사,D,대차 및 대주거래,0,국내증권사,B,SF205,각주항목(09.06월 이후)
44706,202009,0010139,흥국증권주식회사,D1,대차 및 대주거래_대여증권,0,국내증권사,B,SF205,각주항목(09.06월 이후)
44707,202009,0010139,흥국증권주식회사,D2,대차 및 대주거래_차입증권,0,국내증권사,B,SF205,각주항목(09.06월 이후)
44708,202009,0010139,흥국증권주식회사,D3,대차 및 대주거래_신용거래대주,0,국내증권사,B,SF205,각주항목(09.06월 이후)
44709,202009,0010139,흥국증권주식회사,E,대손상각채권,0,국내증권사,B,SF205,각주항목(09.06월 이후)
44710,202009,0010139,흥국증권주식회사,F,환전업무 예치금,0,국내증권사,B,SF205,각주항목(09.06월 이후)
44711,202009,0010139,흥국증권주식회사,G,미배당별도예치금,0,국내증권사,B,SF205,각주항목(09.06월 이후)
44712,202009,0010139,흥국증권주식회사,H,배서어음매출(종금계정),0,국내증권사,B,SF205,각주항목(09.06월 이후)
44713,202009,0010139,흥국증권주식회사,H1,대출채권매매이익_담보부,0,국내증권사,B,SF205,각주항목(09.06월 이후)
44714,202009,0010139,흥국증권주식회사,H2,대출채권매매이익_무담보부,0,국내증권사,B,SF205,각주항목(09.06월 이후)
44715,202012,0010139,흥국증권주식회사,A,채무보증,0,국내증권사,B,SF205,각주항목(09.06월 이후)
44716,202012,0010139,흥국증권주식회사,A1,채무보증_지급보증,0,국내증권사,B,SF205,각주항목(09.06월 이후)
44717,202012,0010139,흥국증권주식회사,A2,채무보증_매입보장약정,0,국내증권사,B,SF205,각주항목(09.06월 이후)
44718,202012,0010139,흥국증권주식회사,A3,채무보증_채무인수약정,0,국내증권사,B,SF205,각주항목(09.06월 이후)
44719,202012,0010139,흥국증권주식회사,A5,채무보증_매입확약,0,국내증권사,B,SF205,각주항목(09.06월 이후)
44720,202012,0010139,흥국증권주식회사,A6,채무보증_기타,0,국내증권사,B,SF205,각주항목(09.06월 이후)
44721,202012,0010139,흥국증권주식회사,B,투자자의 예수증권 등,8000361789984,국내증권사,B,SF205,각주항목(09.06월 이후)
44722,202012,0010139,흥국증권주식회사,B1,투자자의 예수증권 등_예수 증권,8000361789984,국내증권사,B,SF205,각주항목(09.06월 이후)
44723,202012,0010139,흥국증권주식회사,B2,투자자의 예수증권 등_예수양도성예금증서,0,국내증권사,B,SF205,각주항목(09.06월 이후)
44724,202012,0010139,흥국증권주식회사,B3,투자자의 예수증권 등_기타,0,국내증권사,B,SF205,각주항목(09.06월 이후)
44725,202012,0010139,흥국증권주식회사,C,파생상품계약,0,국내증권사,B,SF205,각주항목(09.06월 이후)
44726,202012,0010139,흥국증권주식회사,C1,파생상품계약_장내파생상품,0,국내증권사,B,SF205,각주항목(09.06월 이후)
44727,202012,0010139,흥국증권주식회사,C11,파생상품계약_장내파생상품_이자율관련거래,0,국내증권사,B,SF205,각주항목(09.06월 이후)
44728,202012,0010139,흥국증권주식회사,C12,파생상품계약_장내파생상품_통화관련거래,0,국내증권사,B,SF205,각주항목(09.06월 이후)
44729,202012,0010139,흥국증권주식회사,C13,파생상품계약_장내파생상품_주식관련거래,0,국내증권사,B,SF205,각주항목(09.06월 이후)
44730,202012,0010139,흥국증권주식회사,C14,파생상품계약_장내파생상품_일반상품관련거래,0,국내증권사,B,SF205,각주항목(09.06월 이후)
44731,202012,0010139,흥국증권주식회사,C15,파생상품계약_장내파생상품_기타,0,국내증권사,B,SF205,각주항목(09.06월 이후)
44732,202012,0010139,흥국증권주식회사,C2,파생상품계약_장외파생상품,0,국내증권사,B,SF205,각주항목(09.06월 이후)
44733,202012,0010139,흥국증권주식회사,C21,파생상품계약_장외파생상품_이자율관련거래,0,국내증권사,B,SF205,각주항목(09.06월 이후)
44734,202012,0010139,흥국증권주식회사,C22,파생상품계약_장외파생상품_통화관련거래,0,국내증권사,B,SF205,각주항목(09.06월 이후)
44735,202012,0010139,흥국증권주식회사,C23,파생상품계약_장외파생상품_주식관련거래,0,국내증권사,B,SF205,각주항목(09.06월 이후)
44736,202012,0010139,흥국증권주식회사,C24,파생상품계약_장외파생상품_신용관련거래,0,국내증권사,B,SF205,각주항목(09.06월 이후)
44737,202012,0010139,흥국증권주식회사,C25,파생상품계약_장외파생상품_기타,0,국내증권사,B,SF205,각주항목(09.06월 이후)
44738,202012,0010139,흥국증권주식회사,D,대차 및 대주거래,0,국내증권사,B,SF205,각주항목(09.06월 이후)
44739,202012,0010139,흥국증권주식회사,D1,대차 및 대주거래_대여증권,0,국내증권사,B,SF205,각주항목(09.06월 이후)
44740,202012,0010139,흥국증권주식회사,D2,대차 및 대주거래_차입증권,0,국내증권사,B,SF205,각주항목(09.06월 이후)
44741,202012,0010139,흥국증권주식회사,D3,대차 및 대주거래_신용거래대주,0,국내증권사,B,SF205,각주항목(09.06월 이후)
44742,202012,0010139,흥국증권주식회사,E,대손상각채권,0,국내증권사,B,SF205,각주항목(09.06월 이후)
44743,202012,0010139,흥국증권주식회사,F,환전업무 예치금,0,국내증권사,B,SF205,각주항목(09.06월 이후)
44744,202012,0010139,흥국증권주식회사,G,미배당별도예치금,0,국내증권사,B,SF205,각주항목(09.06월 이후)
44745,202012,0010139,흥국증권주식회사,H,배서어음매출(종금계정),0,국내증권사,B,SF205,각주항목(09.06월 이후)
44746,202012,0010139,흥국증권주식회사,H1,대출채권매매이익_담보부,0,국내증권사,B,SF205,각주항목(09.06월 이후)
44747,202012,0010139,흥국증권주식회사,H2,대출채권매매이익_무담보부,0,국내증권사,B,SF205,각주항목(09.06월 이후)
44748,202103,0010139,흥국증권주식회사,A,채무보증,0,국내증권사,B,SF205,각주항목(09.06월 이후)
44749,202103,0010139,흥국증권주식회사,A1,채무보증_지급보증,0,국내증권사,B,SF205,각주항목(09.06월 이후)
44750,202103,0010139,흥국증권주식회사,A2,채무보증_매입보장약정,0,국내증권사,B,SF205,각주항목(09.06월 이후)
44751,202103,0010139,흥국증권주식회사,A3,채무보증_채무인수약정,0,국내증권사,B,SF205,각주항목(09.06월 이후)
44752,202103,0010139,흥국증권주식회사,A5,채무보증_매입확약,0,국내증권사,B,SF205,각주항목(09.06월 이후)
44753,202103,0010139,흥국증권주식회사,A6,채무보증_기타,0,국내증권사,B,SF205,각주항목(09.06월 이후)
44754,202103,0010139,흥국증권주식회사,B,투자자의 예수증권 등,8282556616685,국내증권사,B,SF205,각주항목(09.06월 이후)
44755,202103,0010139,흥국증권주식회사,B1,투자자의 예수증권 등_예수 증권,8282556616685,국내증권사,B,SF205,각주항목(09.06월 이후)
44756,202103,0010139,흥국증권주식회사,B2,투자자의 예수증권 등_예수양도성예금증서,0,국내증권사,B,SF205,각주항목(09.06월 이후)
44757,202103,0010139,흥국증권주식회사,B3,투자자의 예수증권 등_기타,0,국내증권사,B,SF205,각주항목(09.06월 이후)
44758,202103,0010139,흥국증권주식회사,C,파생상품계약,47639700000,국내증권사,B,SF205,각주항목(09.06월 이후)
44759,202103,0010139,흥국증권주식회사,C1,파생상품계약_장내파생상품,47639700000,국내증권사,B,SF205,각주항목(09.06월 이후)
44760,202103,0010139,흥국증권주식회사,C11,파생상품계약_장내파생상품_이자율관련거래,47639700000,국내증권사,B,SF205,각주항목(09.06월 이후)
44761,202103,0010139,흥국증권주식회사,C12,파생상품계약_장내파생상품_통화관련거래,0,국내증권사,B,SF205,각주항목(09.06월 이후)
44762,202103,0010139,흥국증권주식회사,C13,파생상품계약_장내파생상품_주식관련거래,0,국내증권사,B,SF205,각주항목(09.06월 이후)
44763,202103,0010139,흥국증권주식회사,C14,파생상품계약_장내파생상품_일반상품관련거래,0,국내증권사,B,SF205,각주항목(09.06월 이후)
44764,202103,0010139,흥국증권주식회사,C15,파생상품계약_장내파생상품_기타,0,국내증권사,B,SF205,각주항목(09.06월 이후)
44765,202103,0010139,흥국증권주식회사,C2,파생상품계약_장외파생상품,0,국내증권사,B,SF205,각주항목(09.06월 이후)
44766,202103,0010139,흥국증권주식회사,C21,파생상품계약_장외파생상품_이자율관련거래,0,국내증권사,B,SF205,각주항목(09.06월 이후)
44767,202103,0010139,흥국증권주식회사,C22,파생상품계약_장외파생상품_통화관련거래,0,국내증권사,B,SF205,각주항목(09.06월 이후)
44768,202103,0010139,흥국증권주식회사,C23,파생상품계약_장외파생상품_주식관련거래,0,국내증권사,B,SF205,각주항목(09.06월 이후)
44769,202103,0010139,흥국증권주식회사,C24,파생상품계약_장외파생상품_신용관련거래,0,국내증권사,B,SF205,각주항목(09.06월 이후)
44770,202103,0010139,흥국증권주식회사,C25,파생상품계약_장외파생상품_기타,0,국내증권사,B,SF205,각주항목(09.06월 이후)
44771,202103,0010139,흥국증권주식회사,D,대차 및 대주거래,101164370000,국내증권사,B,SF205,각주항목(09.06월 이후)
44772,202103,0010139,흥국증권주식회사,D1,대차 및 대주거래_대여증권,0,국내증권사,B,SF205,각주항목(09.06월 이후)
44773,202103,0010139,흥국증권주식회사,D2,대차 및 대주거래_차입증권,101164370000,국내증권사,B,SF205,각주항목(09.06월 이후)
44774,202103,0010139,흥국증권주식회사,D3,대차 및 대주거래_신용거래대주,0,국내증권사,B,SF205,각주항목(09.06월 이후)
44775,202103,0010139,흥국증권주식회사,E,대손상각채권,0,국내증권사,B,SF205,각주항목(09.06월 이후)
44776,202103,0010139,흥국증권주식회사,F,환전업무 예치금,0,국내증권사,B,SF205,각주항목(09.06월 이후)
44777,202103,0010139,흥국증권주식회사,G,미배당별도예치금,0,국내증권사,B,SF205,각주항목(09.06월 이후)
44778,202103,0010139,흥국증권주식회사,H,배서어음매출(종금계정),0,국내증권사,B,SF205,각주항목(09.06월 이후)
44779,202103,0010139,흥국증권주식회사,H1,대출채권매매이익_담보부,0,국내증권사,B,SF205,각주항목(09.06월 이후)
44780,202103,0010139,흥국증권주식회사,H2,대출채권매매이익_무담보부,0,국내증권사,B,SF205,각주항목(09.06월 이후)
44781,202106,0010139,흥국증권주식회사,A,채무보증,0,국내증권사,B,SF205,각주항목(09.06월 이후)
44782,202106,0010139,흥국증권주식회사,A1,채무보증_지급보증,0,국내증권사,B,SF205,각주항목(09.06월 이후)
44783,202106,0010139,흥국증권주식회사,A2,채무보증_매입보장약정,0,국내증권사,B,SF205,각주항목(09.06월 이후)
44784,202106,0010139,흥국증권주식회사,A3,채무보증_채무인수약정,0,국내증권사,B,SF205,각주항목(09.06월 이후)
44785,202106,0010139,흥국증권주식회사,A5,채무보증_매입확약,0,국내증권사,B,SF205,각주항목(09.06월 이후)
44786,202106,0010139,흥국증권주식회사,A6,채무보증_기타,0,국내증권사,B,SF205,각주항목(09.06월 이후)
44787,202106,0010139,흥국증권주식회사,B,투자자의 예수증권 등,8874083180893,국내증권사,B,SF205,각주항목(09.06월 이후)
44788,202106,0010139,흥국증권주식회사,B1,투자자의 예수증권 등_예수 증권,8874083180893,국내증권사,B,SF205,각주항목(09.06월 이후)
44789,202106,0010139,흥국증권주식회사,B2,투자자의 예수증권 등_예수양도성예금증서,0,국내증권사,B,SF205,각주항목(09.06월 이후)
44790,202106,0010139,흥국증권주식회사,B3,투자자의 예수증권 등_기타,0,국내증권사,B,SF205,각주항목(09.06월 이후)
44791,202106,0010139,흥국증권주식회사,C,파생상품계약,0,국내증권사,B,SF205,각주항목(09.06월 이후)
44792,202106,0010139,흥국증권주식회사,C1,파생상품계약_장내파생상품,0,국내증권사,B,SF205,각주항목(09.06월 이후)
44793,202106,0010139,흥국증권주식회사,C11,파생상품계약_장내파생상품_이자율관련거래,0,국내증권사,B,SF205,각주항목(09.06월 이후)
44794,202106,0010139,흥국증권주식회사,C12,파생상품계약_장내파생상품_통화관련거래,0,국내증권사,B,SF205,각주항목(09.06월 이후)
44795,202106,0010139,흥국증권주식회사,C13,파생상품계약_장내파생상품_주식관련거래,0,국내증권사,B,SF205,각주항목(09.06월 이후)
44796,202106,0010139,흥국증권주식회사,C14,파생상품계약_장내파생상품_일반상품관련거래,0,국내증권사,B,SF205,각주항목(09.06월 이후)
44797,202106,0010139,흥국증권주식회사,C15,파생상품계약_장내파생상품_기타,0,국내증권사,B,SF205,각주항목(09.06월 이후)
44798,202106,0010139,흥국증권주식회사,C2,파생상품계약_장외파생상품,0,국내증권사,B,SF205,각주항목(09.06월 이후)
44799,202106,0010139,흥국증권주식회사,C21,파생상품계약_장외파생상품_이자율관련거래,0,국내증권사,B,SF205,각주항목(09.06월 이후)
44800,202106,0010139,흥국증권주식회사,C22,파생상품계약_장외파생상품_통화관련거래,0,국내증권사,B,SF205,각주항목(09.06월 이후)
44801,202106,0010139,흥국증권주식회사,C23,파생상품계약_장외파생상품_주식관련거래,0,국내증권사,B,SF205,각주항목(09.06월 이후)
44802,202106,0010139,흥국증권주식회사,C24,파생상품계약_장외파생상품_신용관련거래,0,국내증권사,B,SF205,각주항목(09.06월 이후)
44803,202106,0010139,흥국증권주식회사,C25,파생상품계약_장외파생상품_기타,0,국내증권사,B,SF205,각주항목(09.06월 이후)
44804,202106,0010139,흥국증권주식회사,D,대차 및 대주거래,49615370000,국내증권사,B,SF205,각주항목(09.06월 이후)
44805,202106,0010139,흥국증권주식회사,D1,대차 및 대주거래_대여증권,0,국내증권사,B,SF205,각주항목(09.06월 이후)
44806,202106,0010139,흥국증권주식회사,D2,대차 및 대주거래_차입증권,49615370000,국내증권사,B,SF205,각주항목(09.06월 이후)
44807,202106,0010139,흥국증권주식회사,D3,대차 및 대주거래_신용거래대주,0,국내증권사,B,SF205,각주항목(09.06월 이후)
44808,202106,0010139,흥국증권주식회사,E,대손상각채권,0,국내증권사,B,SF205,각주항목(09.06월 이후)
44809,202106,0010139,흥국증권주식회사,F,환전업무 예치금,0,국내증권사,B,SF205,각주항목(09.06월 이후)
44810,202106,0010139,흥국증권주식회사,G,미배당별도예치금,0,국내증권사,B,SF205,각주항목(09.06월 이후)
44811,202106,0010139,흥국증권주식회사,H,배서어음매출(종금계정),0,국내증권사,B,SF205,각주항목(09.06월 이후)
44812,202106,0010139,흥국증권주식회사,H1,대출채권매매이익_담보부,0,국내증권사,B,SF205,각주항목(09.06월 이후)
44813,202106,0010139,흥국증권주식회사,H2,대출채권매매이익_무담보부,0,국내증권사,B,SF205,각주항목(09.06월 이후)
44814,202109,0010139,흥국증권주식회사,A,채무보증,0,국내증권사,B,SF205,각주항목(09.06월 이후)
44815,202109,0010139,흥국증권주식회사,A1,채무보증_지급보증,0,국내증권사,B,SF205,각주항목(09.06월 이후)
44816,202109,0010139,흥국증권주식회사,A2,채무보증_매입보장약정,0,국내증권사,B,SF205,각주항목(09.06월 이후)
44817,202109,0010139,흥국증권주식회사,A3,채무보증_채무인수약정,0,국내증권사,B,SF205,각주항목(09.06월 이후)
44818,202109,0010139,흥국증권주식회사,A5,채무보증_매입확약,0,국내증권사,B,SF205,각주항목(09.06월 이후)
44819,202109,0010139,흥국증권주식회사,A6,채무보증_기타,0,국내증권사,B,SF205,각주항목(09.06월 이후)
44820,202109,0010139,흥국증권주식회사,B,투자자의 예수증권 등,9073997345313,국내증권사,B,SF205,각주항목(09.06월 이후)
44821,202109,0010139,흥국증권주식회사,B1,투자자의 예수증권 등_예수 증권,9073997345313,국내증권사,B,SF205,각주항목(09.06월 이후)
44822,202109,0010139,흥국증권주식회사,B2,투자자의 예수증권 등_예수양도성예금증서,0,국내증권사,B,SF205,각주항목(09.06월 이후)
44823,202109,0010139,흥국증권주식회사,B3,투자자의 예수증권 등_기타,0,국내증권사,B,SF205,각주항목(09.06월 이후)
44824,202109,0010139,흥국증권주식회사,C,파생상품계약,21333000000,국내증권사,B,SF205,각주항목(09.06월 이후)
44825,202109,0010139,흥국증권주식회사,C1,파생상품계약_장내파생상품,21333000000,국내증권사,B,SF205,각주항목(09.06월 이후)
44826,202109,0010139,흥국증권주식회사,C11,파생상품계약_장내파생상품_이자율관련거래,21333000000,국내증권사,B,SF205,각주항목(09.06월 이후)
44827,202109,0010139,흥국증권주식회사,C12,파생상품계약_장내파생상품_통화관련거래,0,국내증권사,B,SF205,각주항목(09.06월 이후)
44828,202109,0010139,흥국증권주식회사,C13,파생상품계약_장내파생상품_주식관련거래,0,국내증권사,B,SF205,각주항목(09.06월 이후)
44829,202109,0010139,흥국증권주식회사,C14,파생상품계약_장내파생상품_일반상품관련거래,0,국내증권사,B,SF205,각주항목(09.06월 이후)
44830,202109,0010139,흥국증권주식회사,C15,파생상품계약_장내파생상품_기타,0,국내증권사,B,SF205,각주항목(09.06월 이후)
44831,202109,0010139,흥국증권주식회사,C2,파생상품계약_장외파생상품,0,국내증권사,B,SF205,각주항목(09.06월 이후)
44832,202109,0010139,흥국증권주식회사,C21,파생상품계약_장외파생상품_이자율관련거래,0,국내증권사,B,SF205,각주항목(09.06월 이후)
44833,202109,0010139,흥국증권주식회사,C22,파생상품계약_장외파생상품_통화관련거래,0,국내증권사,B,SF205,각주항목(09.06월 이후)
44834,202109,0010139,흥국증권주식회사,C23,파생상품계약_장외파생상품_주식관련거래,0,국내증권사,B,SF205,각주항목(09.06월 이후)
44835,202109,0010139,흥국증권주식회사,C24,파생상품계약_장외파생상품_신용관련거래,0,국내증권사,B,SF205,각주항목(09.06월 이후)
44836,202109,0010139,흥국증권주식회사,C25,파생상품계약_장외파생상품_기타,0,국내증권사,B,SF205,각주항목(09.06월 이후)
44837,202109,0010139,흥국증권주식회사,D,대차 및 대주거래,22670196000,국내증권사,B,SF205,각주항목(09.06월 이후)
44838,202109,0010139,흥국증권주식회사,D1,대차 및 대주거래_대여증권,0,국내증권사,B,SF205,각주항목(09.06월 이후)
44839,202109,0010139,흥국증권주식회사,D2,대차 및 대주거래_차입증권,22670196000,국내증권사,B,SF205,각주항목(09.06월 이후)
44840,202109,0010139,흥국증권주식회사,D3,대차 및 대주거래_신용거래대주,0,국내증권사,B,SF205,각주항목(09.06월 이후)
44841,202109,0010139,흥국증권주식회사,E,대손상각채권,0,국내증권사,B,SF205,각주항목(09.06월 이후)
44842,202109,0010139,흥국증권주식회사,F,환전업무 예치금,0,국내증권사,B,SF205,각주항목(09.06월 이후)
44843,202109,0010139,흥국증권주식회사,G,미배당별도예치금,0,국내증권사,B,SF205,각주항목(09.06월 이후)
44844,202109,0010139,흥국증권주식회사,H,배서어음매출(종금계정),0,국내증권사,B,SF205,각주항목(09.06월 이후)
44845,202109,0010139,흥국증권주식회사,H1,대출채권매매이익_담보부,0,국내증권사,B,SF205,각주항목(09.06월 이후)
44846,202109,0010139,흥국증권주식회사,H2,대출채권매매이익_무담보부,0,국내증권사,B,SF205,각주항목(09.06월 이후)
44847,202112,0010139,흥국증권주식회사,A,채무보증,0,국내증권사,B,SF205,각주항목(09.06월 이후)
44848,202112,0010139,흥국증권주식회사,A1,채무보증_지급보증,0,국내증권사,B,SF205,각주항목(09.06월 이후)
44849,202112,0010139,흥국증권주식회사,A2,채무보증_매입보장약정,0,국내증권사,B,SF205,각주항목(09.06월 이후)
44850,202112,0010139,흥국증권주식회사,A3,채무보증_채무인수약정,0,국내증권사,B,SF205,각주항목(09.06월 이후)
44851,202112,0010139,흥국증권주식회사,A5,채무보증_매입확약,0,국내증권사,B,SF205,각주항목(09.06월 이후)
44852,202112,0010139,흥국증권주식회사,A6,채무보증_기타,0,국내증권사,B,SF205,각주항목(09.06월 이후)
44853,202112,0010139,흥국증권주식회사,B,투자자의 예수증권 등,10063626902425,국내증권사,B,SF205,각주항목(09.06월 이후)
44854,202112,0010139,흥국증권주식회사,B1,투자자의 예수증권 등_예수 증권,10063626902425,국내증권사,B,SF205,각주항목(09.06월 이후)
44855,202112,0010139,흥국증권주식회사,B2,투자자의 예수증권 등_예수양도성예금증서,0,국내증권사,B,SF205,각주항목(09.06월 이후)
44856,202112,0010139,흥국증권주식회사,B3,투자자의 예수증권 등_기타,0,국내증권사,B,SF205,각주항목(09.06월 이후)
44857,202112,0010139,흥국증권주식회사,C,파생상품계약,0,국내증권사,B,SF205,각주항목(09.06월 이후)
44858,202112,0010139,흥국증권주식회사,C1,파생상품계약_장내파생상품,0,국내증권사,B,SF205,각주항목(09.06월 이후)
44859,202112,0010139,흥국증권주식회사,C11,파생상품계약_장내파생상품_이자율관련거래,0,국내증권사,B,SF205,각주항목(09.06월 이후)
44860,202112,0010139,흥국증권주식회사,C12,파생상품계약_장내파생상품_통화관련거래,0,국내증권사,B,SF205,각주항목(09.06월 이후)
44861,202112,0010139,흥국증권주식회사,C13,파생상품계약_장내파생상품_주식관련거래,0,국내증권사,B,SF205,각주항목(09.06월 이후)
44862,202112,0010139,흥국증권주식회사,C14,파생상품계약_장내파생상품_일반상품관련거래,0,국내증권사,B,SF205,각주항목(09.06월 이후)
44863,202112,0010139,흥국증권주식회사,C15,파생상품계약_장내파생상품_기타,0,국내증권사,B,SF205,각주항목(09.06월 이후)
44864,202112,0010139,흥국증권주식회사,C2,파생상품계약_장외파생상품,0,국내증권사,B,SF205,각주항목(09.06월 이후)
44865,202112,0010139,흥국증권주식회사,C21,파생상품계약_장외파생상품_이자율관련거래,0,국내증권사,B,SF205,각주항목(09.06월 이후)
44866,202112,0010139,흥국증권주식회사,C22,파생상품계약_장외파생상품_통화관련거래,0,국내증권사,B,SF205,각주항목(09.06월 이후)
44867,202112,0010139,흥국증권주식회사,C23,파생상품계약_장외파생상품_주식관련거래,0,국내증권사,B,SF205,각주항목(09.06월 이후)
44868,202112,0010139,흥국증권주식회사,C24,파생상품계약_장외파생상품_신용관련거래,0,국내증권사,B,SF205,각주항목(09.06월 이후)
44869,202112,0010139,흥국증권주식회사,C25,파생상품계약_장외파생상품_기타,0,국내증권사,B,SF205,각주항목(09.06월 이후)
44870,202112,0010139,흥국증권주식회사,D,대차 및 대주거래,9930440000,국내증권사,B,SF205,각주항목(09.06월 이후)
44871,202112,0010139,흥국증권주식회사,D1,대차 및 대주거래_대여증권,0,국내증권사,B,SF205,각주항목(09.06월 이후)
44872,202112,0010139,흥국증권주식회사,D2,대차 및 대주거래_차입증권,9930440000,국내증권사,B,SF205,각주항목(09.06월 이후)
44873,202112,0010139,흥국증권주식회사,D3,대차 및 대주거래_신용거래대주,0,국내증권사,B,SF205,각주항목(09.06월 이후)
44874,202112,0010139,흥국증권주식회사,E,대손상각채권,0,국내증권사,B,SF205,각주항목(09.06월 이후)
44875,202112,0010139,흥국증권주식회사,F,환전업무 예치금,0,국내증권사,B,SF205,각주항목(09.06월 이후)
44876,202112,0010139,흥국증권주식회사,G,미배당별도예치금,0,국내증권사,B,SF205,각주항목(09.06월 이후)
44877,202112,0010139,흥국증권주식회사,H,배서어음매출(종금계정),0,국내증권사,B,SF205,각주항목(09.06월 이후)
44878,202112,0010139,흥국증권주식회사,H1,대출채권매매이익_담보부,0,국내증권사,B,SF205,각주항목(09.06월 이후)
44879,202112,0010139,흥국증권주식회사,H2,대출채권매매이익_무담보부,0,국내증권사,B,SF205,각주항목(09.06월 이후)
44880,202203,0010139,흥국증권주식회사,A,채무보증,0,국내증권사,B,SF205,각주항목(09.06월 이후)
44881,202203,0010139,흥국증권주식회사,A1,채무보증_지급보증,0,국내증권사,B,SF205,각주항목(09.06월 이후)
44882,202203,0010139,흥국증권주식회사,A2,채무보증_매입보장약정,0,국내증권사,B,SF205,각주항목(09.06월 이후)
44883,202203,0010139,흥국증권주식회사,A3,채무보증_채무인수약정,0,국내증권사,B,SF205,각주항목(09.06월 이후)
44884,202203,0010139,흥국증권주식회사,A5,채무보증_매입확약,0,국내증권사,B,SF205,각주항목(09.06월 이후)
44885,202203,0010139,흥국증권주식회사,A6,채무보증_기타,0,국내증권사,B,SF205,각주항목(09.06월 이후)
44886,202203,0010139,흥국증권주식회사,B,투자자의 예수증권 등,11013299858710,국내증권사,B,SF205,각주항목(09.06월 이후)
44887,202203,0010139,흥국증권주식회사,B1,투자자의 예수증권 등_예수 증권,11013299858710,국내증권사,B,SF205,각주항목(09.06월 이후)
44888,202203,0010139,흥국증권주식회사,B2,투자자의 예수증권 등_예수양도성예금증서,0,국내증권사,B,SF205,각주항목(09.06월 이후)
44889,202203,0010139,흥국증권주식회사,B3,투자자의 예수증권 등_기타,0,국내증권사,B,SF205,각주항목(09.06월 이후)
44890,202203,0010139,흥국증권주식회사,C,파생상품계약,54708450000,국내증권사,B,SF205,각주항목(09.06월 이후)
44891,202203,0010139,흥국증권주식회사,C1,파생상품계약_장내파생상품,54708450000,국내증권사,B,SF205,각주항목(09.06월 이후)
44892,202203,0010139,흥국증권주식회사,C11,파생상품계약_장내파생상품_이자율관련거래,54708450000,국내증권사,B,SF205,각주항목(09.06월 이후)
44893,202203,0010139,흥국증권주식회사,C12,파생상품계약_장내파생상품_통화관련거래,0,국내증권사,B,SF205,각주항목(09.06월 이후)
44894,202203,0010139,흥국증권주식회사,C13,파생상품계약_장내파생상품_주식관련거래,0,국내증권사,B,SF205,각주항목(09.06월 이후)
44895,202203,0010139,흥국증권주식회사,C14,파생상품계약_장내파생상품_일반상품관련거래,0,국내증권사,B,SF205,각주항목(09.06월 이후)
44896,202203,0010139,흥국증권주식회사,C15,파생상품계약_장내파생상품_기타,0,국내증권사,B,SF205,각주항목(09.06월 이후)
44897,202203,0010139,흥국증권주식회사,C2,파생상품계약_장외파생상품,0,국내증권사,B,SF205,각주항목(09.06월 이후)
44898,202203,0010139,흥국증권주식회사,C21,파생상품계약_장외파생상품_이자율관련거래,0,국내증권사,B,SF205,각주항목(09.06월 이후)
44899,202203,0010139,흥국증권주식회사,C22,파생상품계약_장외파생상품_통화관련거래,0,국내증권사,B,SF205,각주항목(09.06월 이후)
44900,202203,0010139,흥국증권주식회사,C23,파생상품계약_장외파생상품_주식관련거래,0,국내증권사,B,SF205,각주항목(09.06월 이후)
44901,202203,0010139,흥국증권주식회사,C24,파생상품계약_장외파생상품_신용관련거래,0,국내증권사,B,SF205,각주항목(09.06월 이후)
44902,202203,0010139,흥국증권주식회사,C25,파생상품계약_장외파생상품_기타,0,국내증권사,B,SF205,각주항목(09.06월 이후)
44903,202203,0010139,흥국증권주식회사,D,대차 및 대주거래,107465910000,국내증권사,B,SF205,각주항목(09.06월 이후)
44904,202203,0010139,흥국증권주식회사,D1,대차 및 대주거래_대여증권,0,국내증권사,B,SF205,각주항목(09.06월 이후)
44905,202203,0010139,흥국증권주식회사,D2,대차 및 대주거래_차입증권,107465910000,국내증권사,B,SF205,각주항목(09.06월 이후)
44906,202203,0010139,흥국증권주식회사,D3,대차 및 대주거래_신용거래대주,0,국내증권사,B,SF205,각주항목(09.06월 이후)
44907,202203,0010139,흥국증권주식회사,E,대손상각채권,0,국내증권사,B,SF205,각주항목(09.06월 이후)
44908,202203,0010139,흥국증권주식회사,F,환전업무 예치금,0,국내증권사,B,SF205,각주항목(09.06월 이후)
44909,202203,0010139,흥국증권주식회사,G,미배당별도예치금,0,국내증권사,B,SF205,각주항목(09.06월 이후)
44910,202203,0010139,흥국증권주식회사,H,배서어음매출(종금계정),0,국내증권사,B,SF205,각주항목(09.06월 이후)
44911,202203,0010139,흥국증권주식회사,H1,대출채권매매이익_담보부,0,국내증권사,B,SF205,각주항목(09.06월 이후)
44912,202203,0010139,흥국증권주식회사,H2,대출채권매매이익_무담보부,0,국내증권사,B,SF205,각주항목(09.06월 이후)
44913,202206,0010139,흥국증권주식회사,A,채무보증,0,국내증권사,B,SF205,각주항목(09.06월 이후)
44914,202206,0010139,흥국증권주식회사,A1,채무보증_지급보증,0,국내증권사,B,SF205,각주항목(09.06월 이후)
44915,202206,0010139,흥국증권주식회사,A2,채무보증_매입보장약정,0,국내증권사,B,SF205,각주항목(09.06월 이후)
44916,202206,0010139,흥국증권주식회사,A3,채무보증_채무인수약정,0,국내증권사,B,SF205,각주항목(09.06월 이후)
44917,202206,0010139,흥국증권주식회사,A5,채무보증_매입확약,0,국내증권사,B,SF205,각주항목(09.06월 이후)
44918,202206,0010139,흥국증권주식회사,A6,채무보증_기타,0,국내증권사,B,SF205,각주항목(09.06월 이후)
44919,202206,0010139,흥국증권주식회사,B,투자자의 예수증권 등,10738325192547,국내증권사,B,SF205,각주항목(09.06월 이후)
44920,202206,0010139,흥국증권주식회사,B1,투자자의 예수증권 등_예수 증권,10738325192547,국내증권사,B,SF205,각주항목(09.06월 이후)
44921,202206,0010139,흥국증권주식회사,B2,투자자의 예수증권 등_예수양도성예금증서,0,국내증권사,B,SF205,각주항목(09.06월 이후)
44922,202206,0010139,흥국증권주식회사,B3,투자자의 예수증권 등_기타,0,국내증권사,B,SF205,각주항목(09.06월 이후)
44923,202206,0010139,흥국증권주식회사,C,파생상품계약,55356450000,국내증권사,B,SF205,각주항목(09.06월 이후)
44924,202206,0010139,흥국증권주식회사,C1,파생상품계약_장내파생상품,55356450000,국내증권사,B,SF205,각주항목(09.06월 이후)
44925,202206,0010139,흥국증권주식회사,C11,파생상품계약_장내파생상품_이자율관련거래,55356450000,국내증권사,B,SF205,각주항목(09.06월 이후)
44926,202206,0010139,흥국증권주식회사,C12,파생상품계약_장내파생상품_통화관련거래,0,국내증권사,B,SF205,각주항목(09.06월 이후)
44927,202206,0010139,흥국증권주식회사,C13,파생상품계약_장내파생상품_주식관련거래,0,국내증권사,B,SF205,각주항목(09.06월 이후)
44928,202206,0010139,흥국증권주식회사,C14,파생상품계약_장내파생상품_일반상품관련거래,0,국내증권사,B,SF205,각주항목(09.06월 이후)
44929,202206,0010139,흥국증권주식회사,C15,파생상품계약_장내파생상품_기타,0,국내증권사,B,SF205,각주항목(09.06월 이후)
44930,202206,0010139,흥국증권주식회사,C2,파생상품계약_장외파생상품,0,국내증권사,B,SF205,각주항목(09.06월 이후)
44931,202206,0010139,흥국증권주식회사,C21,파생상품계약_장외파생상품_이자율관련거래,0,국내증권사,B,SF205,각주항목(09.06월 이후)
44932,202206,0010139,흥국증권주식회사,C22,파생상품계약_장외파생상품_통화관련거래,0,국내증권사,B,SF205,각주항목(09.06월 이후)
44933,202206,0010139,흥국증권주식회사,C23,파생상품계약_장외파생상품_주식관련거래,0,국내증권사,B,SF205,각주항목(09.06월 이후)
44934,202206,0010139,흥국증권주식회사,C24,파생상품계약_장외파생상품_신용관련거래,0,국내증권사,B,SF205,각주항목(09.06월 이후)
44935,202206,0010139,흥국증권주식회사,C25,파생상품계약_장외파생상품_기타,0,국내증권사,B,SF205,각주항목(09.06월 이후)
44936,202206,0010139,흥국증권주식회사,D,대차 및 대주거래,124811230000,국내증권사,B,SF205,각주항목(09.06월 이후)
44937,202206,0010139,흥국증권주식회사,D1,대차 및 대주거래_대여증권,0,국내증권사,B,SF205,각주항목(09.06월 이후)
44938,202206,0010139,흥국증권주식회사,D2,대차 및 대주거래_차입증권,124811230000,국내증권사,B,SF205,각주항목(09.06월 이후)
44939,202206,0010139,흥국증권주식회사,D3,대차 및 대주거래_신용거래대주,0,국내증권사,B,SF205,각주항목(09.06월 이후)
44940,202206,0010139,흥국증권주식회사,E,대손상각채권,0,국내증권사,B,SF205,각주항목(09.06월 이후)
44941,202206,0010139,흥국증권주식회사,F,환전업무 예치금,0,국내증권사,B,SF205,각주항목(09.06월 이후)
44942,202206,0010139,흥국증권주식회사,G,미배당별도예치금,0,국내증권사,B,SF205,각주항목(09.06월 이후)
44943,202206,0010139,흥국증권주식회사,H,배서어음매출(종금계정),0,국내증권사,B,SF205,각주항목(09.06월 이후)
44944,202206,0010139,흥국증권주식회사,H1,대출채권매매이익_담보부,0,국내증권사,B,SF205,각주항목(09.06월 이후)
44945,202206,0010139,흥국증권주식회사,H2,대출채권매매이익_무담보부,0,국내증권사,B,SF205,각주항목(09.06월 이후)
44946,202209,0010139,흥국증권주식회사,A,채무보증,0,국내증권사,B,SF205,각주항목(09.06월 이후)
44947,202209,0010139,흥국증권주식회사,A1,채무보증_지급보증,0,국내증권사,B,SF205,각주항목(09.06월 이후)
44948,202209,0010139,흥국증권주식회사,A2,채무보증_매입보장약정,0,국내증권사,B,SF205,각주항목(09.06월 이후)
44949,202209,0010139,흥국증권주식회사,A3,채무보증_채무인수약정,0,국내증권사,B,SF205,각주항목(09.06월 이후)
44950,202209,0010139,흥국증권주식회사,A5,채무보증_매입확약,0,국내증권사,B,SF205,각주항목(09.06월 이후)
44951,202209,0010139,흥국증권주식회사,A6,채무보증_기타,0,국내증권사,B,SF205,각주항목(09.06월 이후)
44952,202209,0010139,흥국증권주식회사,B,투자자의 예수증권 등,11118122148744,국내증권사,B,SF205,각주항목(09.06월 이후)
44953,202209,0010139,흥국증권주식회사,B1,투자자의 예수증권 등_예수 증권,11118122148744,국내증권사,B,SF205,각주항목(09.06월 이후)
44954,202209,0010139,흥국증권주식회사,B2,투자자의 예수증권 등_예수양도성예금증서,0,국내증권사,B,SF205,각주항목(09.06월 이후)
44955,202209,0010139,흥국증권주식회사,B3,투자자의 예수증권 등_기타,0,국내증권사,B,SF205,각주항목(09.06월 이후)
44956,202209,0010139,흥국증권주식회사,C,파생상품계약,4075200000,국내증권사,B,SF205,각주항목(09.06월 이후)
44957,202209,0010139,흥국증권주식회사,C1,파생상품계약_장내파생상품,4075200000,국내증권사,B,SF205,각주항목(09.06월 이후)
44958,202209,0010139,흥국증권주식회사,C11,파생상품계약_장내파생상품_이자율관련거래,4075200000,국내증권사,B,SF205,각주항목(09.06월 이후)
44959,202209,0010139,흥국증권주식회사,C12,파생상품계약_장내파생상품_통화관련거래,0,국내증권사,B,SF205,각주항목(09.06월 이후)
44960,202209,0010139,흥국증권주식회사,C13,파생상품계약_장내파생상품_주식관련거래,0,국내증권사,B,SF205,각주항목(09.06월 이후)
44961,202209,0010139,흥국증권주식회사,C14,파생상품계약_장내파생상품_일반상품관련거래,0,국내증권사,B,SF205,각주항목(09.06월 이후)
44962,202209,0010139,흥국증권주식회사,C15,파생상품계약_장내파생상품_기타,0,국내증권사,B,SF205,각주항목(09.06월 이후)
44963,202209,0010139,흥국증권주식회사,C2,파생상품계약_장외파생상품,0,국내증권사,B,SF205,각주항목(09.06월 이후)
44964,202209,0010139,흥국증권주식회사,C21,파생상품계약_장외파생상품_이자율관련거래,0,국내증권사,B,SF205,각주항목(09.06월 이후)
44965,202209,0010139,흥국증권주식회사,C22,파생상품계약_장외파생상품_통화관련거래,0,국내증권사,B,SF205,각주항목(09.06월 이후)
44966,202209,0010139,흥국증권주식회사,C23,파생상품계약_장외파생상품_주식관련거래,0,국내증권사,B,SF205,각주항목(09.06월 이후)
44967,202209,0010139,흥국증권주식회사,C24,파생상품계약_장외파생상품_신용관련거래,0,국내증권사,B,SF205,각주항목(09.06월 이후)
44968,202209,0010139,흥국증권주식회사,C25,파생상품계약_장외파생상품_기타,0,국내증권사,B,SF205,각주항목(09.06월 이후)
44969,202209,0010139,흥국증권주식회사,D,대차 및 대주거래,61182688000,국내증권사,B,SF205,각주항목(09.06월 이후)
44970,202209,0010139,흥국증권주식회사,D1,대차 및 대주거래_대여증권,0,국내증권사,B,SF205,각주항목(09.06월 이후)
44971,202209,0010139,흥국증권주식회사,D2,대차 및 대주거래_차입증권,61182688000,국내증권사,B,SF205,각주항목(09.06월 이후)
44972,202209,0010139,흥국증권주식회사,D3,대차 및 대주거래_신용거래대주,0,국내증권사,B,SF205,각주항목(09.06월 이후)
44973,202209,0010139,흥국증권주식회사,E,대손상각채권,0,국내증권사,B,SF205,각주항목(09.06월 이후)
44974,202209,0010139,흥국증권주식회사,F,환전업무 예치금,0,국내증권사,B,SF205,각주항목(09.06월 이후)
44975,202209,0010139,흥국증권주식회사,G,미배당별도예치금,0,국내증권사,B,SF205,각주항목(09.06월 이후)
44976,202209,0010139,흥국증권주식회사,H,배서어음매출(종금계정),0,국내증권사,B,SF205,각주항목(09.06월 이후)
44977,202209,0010139,흥국증권주식회사,H1,대출채권매매이익_담보부,0,국내증권사,B,SF205,각주항목(09.06월 이후)
44978,202209,0010139,흥국증권주식회사,H2,대출채권매매이익_무담보부,0,국내증권사,B,SF205,각주항목(09.06월 이후)
44979,202212,0010139,흥국증권주식회사,A,채무보증,0,국내증권사,B,SF205,각주항목(09.06월 이후)
44980,202212,0010139,흥국증권주식회사,A1,채무보증_지급보증,0,국내증권사,B,SF205,각주항목(09.06월 이후)
44981,202212,0010139,흥국증권주식회사,A2,채무보증_매입보장약정,0,국내증권사,B,SF205,각주항목(09.06월 이후)
44982,202212,0010139,흥국증권주식회사,A3,채무보증_채무인수약정,0,국내증권사,B,SF205,각주항목(09.06월 이후)
44983,202212,0010139,흥국증권주식회사,A5,채무보증_매입확약,0,국내증권사,B,SF205,각주항목(09.06월 이후)
44984,202212,0010139,흥국증권주식회사,A6,채무보증_기타,0,국내증권사,B,SF205,각주항목(09.06월 이후)
44985,202212,0010139,흥국증권주식회사,B,투자자의 예수증권 등,12284118301809,국내증권사,B,SF205,각주항목(09.06월 이후)
44986,202212,0010139,흥국증권주식회사,B1,투자자의 예수증권 등_예수 증권,12284118301809,국내증권사,B,SF205,각주항목(09.06월 이후)
44987,202212,0010139,흥국증권주식회사,B2,투자자의 예수증권 등_예수양도성예금증서,0,국내증권사,B,SF205,각주항목(09.06월 이후)
44988,202212,0010139,흥국증권주식회사,B3,투자자의 예수증권 등_기타,0,국내증권사,B,SF205,각주항목(09.06월 이후)
44989,202212,0010139,흥국증권주식회사,C,파생상품계약,0,국내증권사,B,SF205,각주항목(09.06월 이후)
44990,202212,0010139,흥국증권주식회사,C1,파생상품계약_장내파생상품,0,국내증권사,B,SF205,각주항목(09.06월 이후)
44991,202212,0010139,흥국증권주식회사,C11,파생상품계약_장내파생상품_이자율관련거래,0,국내증권사,B,SF205,각주항목(09.06월 이후)
44992,202212,0010139,흥국증권주식회사,C12,파생상품계약_장내파생상품_통화관련거래,0,국내증권사,B,SF205,각주항목(09.06월 이후)
44993,202212,0010139,흥국증권주식회사,C13,파생상품계약_장내파생상품_주식관련거래,0,국내증권사,B,SF205,각주항목(09.06월 이후)
44994,202212,0010139,흥국증권주식회사,C14,파생상품계약_장내파생상품_일반상품관련거래,0,국내증권사,B,SF205,각주항목(09.06월 이후)
44995,202212,0010139,흥국증권주식회사,C15,파생상품계약_장내파생상품_기타,0,국내증권사,B,SF205,각주항목(09.06월 이후)
44996,202212,0010139,흥국증권주식회사,C2,파생상품계약_장외파생상품,0,국내증권사,B,SF205,각주항목(09.06월 이후)
44997,202212,0010139,흥국증권주식회사,C21,파생상품계약_장외파생상품_이자율관련거래,0,국내증권사,B,SF205,각주항목(09.06월 이후)
44998,202212,0010139,흥국증권주식회사,C22,파생상품계약_장외파생상품_통화관련거래,0,국내증권사,B,SF205,각주항목(09.06월 이후)
44999,202212,0010139,흥국증권주식회사,C23,파생상품계약_장외파생상품_주식관련거래,0,국내증권사,B,SF205,각주항목(09.06월 이후)
45000,202212,0010139,흥국증권주식회사,C24,파생상품계약_장외파생상품_신용관련거래,0,국내증권사,B,SF205,각주항목(09.06월 이후)
45001,202212,0010139,흥국증권주식회사,C25,파생상품계약_장외파생상품_기타,0,국내증권사,B,SF205,각주항목(09.06월 이후)
45002,202212,0010139,흥국증권주식회사,D,대차 및 대주거래,23251455000,국내증권사,B,SF205,각주항목(09.06월 이후)
45003,202212,0010139,흥국증권주식회사,D1,대차 및 대주거래_대여증권,0,국내증권사,B,SF205,각주항목(09.06월 이후)
45004,202212,0010139,흥국증권주식회사,D2,대차 및 대주거래_차입증권,23251455000,국내증권사,B,SF205,각주항목(09.06월 이후)
45005,202212,0010139,흥국증권주식회사,D3,대차 및 대주거래_신용거래대주,0,국내증권사,B,SF205,각주항목(09.06월 이후)
45006,202212,0010139,흥국증권주식회사,E,대손상각채권,0,국내증권사,B,SF205,각주항목(09.06월 이후)
45007,202212,0010139,흥국증권주식회사,F,환전업무 예치금,0,국내증권사,B,SF205,각주항목(09.06월 이후)
45008,202212,0010139,흥국증권주식회사,G,미배당별도예치금,0,국내증권사,B,SF205,각주항목(09.06월 이후)
45009,202212,0010139,흥국증권주식회사,H,배서어음매출(종금계정),0,국내증권사,B,SF205,각주항목(09.06월 이후)
45010,202212,0010139,흥국증권주식회사,H1,대출채권매매이익_담보부,0,국내증권사,B,SF205,각주항목(09.06월 이후)
45011,202212,0010139,흥국증권주식회사,H2,대출채권매매이익_무담보부,0,국내증권사,B,SF205,각주항목(09.06월 이후)
45012,202303,0010139,흥국증권주식회사,A,채무보증,0,국내증권사,B,SF205,각주항목(09.06월 이후)
45013,202303,0010139,흥국증권주식회사,A1,채무보증_지급보증,0,국내증권사,B,SF205,각주항목(09.06월 이후)
45014,202303,0010139,흥국증권주식회사,A2,채무보증_매입보장약정,0,국내증권사,B,SF205,각주항목(09.06월 이후)
45015,202303,0010139,흥국증권주식회사,A3,채무보증_채무인수약정,0,국내증권사,B,SF205,각주항목(09.06월 이후)
45016,202303,0010139,흥국증권주식회사,A5,채무보증_매입확약,0,국내증권사,B,SF205,각주항목(09.06월 이후)
45017,202303,0010139,흥국증권주식회사,A6,채무보증_기타,0,국내증권사,B,SF205,각주항목(09.06월 이후)
45018,202303,0010139,흥국증권주식회사,B,투자자의 예수증권 등,13890859076098,국내증권사,B,SF205,각주항목(09.06월 이후)
45019,202303,0010139,흥국증권주식회사,B1,투자자의 예수증권 등_예수 증권,13890859076098,국내증권사,B,SF205,각주항목(09.06월 이후)
45020,202303,0010139,흥국증권주식회사,B2,투자자의 예수증권 등_예수양도성예금증서,0,국내증권사,B,SF205,각주항목(09.06월 이후)
45021,202303,0010139,흥국증권주식회사,B3,투자자의 예수증권 등_기타,0,국내증권사,B,SF205,각주항목(09.06월 이후)
45022,202303,0010139,흥국증권주식회사,C,파생상품계약,569250000,국내증권사,B,SF205,각주항목(09.06월 이후)
45023,202303,0010139,흥국증권주식회사,C1,파생상품계약_장내파생상품,569250000,국내증권사,B,SF205,각주항목(09.06월 이후)
45024,202303,0010139,흥국증권주식회사,C11,파생상품계약_장내파생상품_이자율관련거래,569250000,국내증권사,B,SF205,각주항목(09.06월 이후)
45025,202303,0010139,흥국증권주식회사,C12,파생상품계약_장내파생상품_통화관련거래,0,국내증권사,B,SF205,각주항목(09.06월 이후)
45026,202303,0010139,흥국증권주식회사,C13,파생상품계약_장내파생상품_주식관련거래,0,국내증권사,B,SF205,각주항목(09.06월 이후)
45027,202303,0010139,흥국증권주식회사,C14,파생상품계약_장내파생상품_일반상품관련거래,0,국내증권사,B,SF205,각주항목(09.06월 이후)
45028,202303,0010139,흥국증권주식회사,C15,파생상품계약_장내파생상품_기타,0,국내증권사,B,SF205,각주항목(09.06월 이후)
45029,202303,0010139,흥국증권주식회사,C2,파생상품계약_장외파생상품,0,국내증권사,B,SF205,각주항목(09.06월 이후)
45030,202303,0010139,흥국증권주식회사,C21,파생상품계약_장외파생상품_이자율관련거래,0,국내증권사,B,SF205,각주항목(09.06월 이후)
45031,202303,0010139,흥국증권주식회사,C22,파생상품계약_장외파생상품_통화관련거래,0,국내증권사,B,SF205,각주항목(09.06월 이후)
45032,202303,0010139,흥국증권주식회사,C23,파생상품계약_장외파생상품_주식관련거래,0,국내증권사,B,SF205,각주항목(09.06월 이후)
45033,202303,0010139,흥국증권주식회사,C24,파생상품계약_장외파생상품_신용관련거래,0,국내증권사,B,SF205,각주항목(09.06월 이후)
45034,202303,0010139,흥국증권주식회사,C25,파생상품계약_장외파생상품_기타,0,국내증권사,B,SF205,각주항목(09.06월 이후)
45035,202303,0010139,흥국증권주식회사,D,대차 및 대주거래,55143275000,국내증권사,B,SF205,각주항목(09.06월 이후)
45036,202303,0010139,흥국증권주식회사,D1,대차 및 대주거래_대여증권,0,국내증권사,B,SF205,각주항목(09.06월 이후)
45037,202303,0010139,흥국증권주식회사,D2,대차 및 대주거래_차입증권,55143275000,국내증권사,B,SF205,각주항목(09.06월 이후)
45038,202303,0010139,흥국증권주식회사,D3,대차 및 대주거래_신용거래대주,0,국내증권사,B,SF205,각주항목(09.06월 이후)
45039,202303,0010139,흥국증권주식회사,E,대손상각채권,0,국내증권사,B,SF205,각주항목(09.06월 이후)
45040,202303,0010139,흥국증권주식회사,F,환전업무 예치금,0,국내증권사,B,SF205,각주항목(09.06월 이후)
45041,202303,0010139,흥국증권주식회사,G,미배당별도예치금,0,국내증권사,B,SF205,각주항목(09.06월 이후)
45042,202303,0010139,흥국증권주식회사,H,배서어음매출(종금계정),0,국내증권사,B,SF205,각주항목(09.06월 이후)
45043,202303,0010139,흥국증권주식회사,H1,대출채권매매이익_담보부,0,국내증권사,B,SF205,각주항목(09.06월 이후)
45044,202303,0010139,흥국증권주식회사,H2,대출채권매매이익_무담보부,0,국내증권사,B,SF205,각주항목(09.06월 이후)
45045,202306,0010139,흥국증권주식회사,A,채무보증,0,국내증권사,B,SF205,각주항목(09.06월 이후)
45046,202306,0010139,흥국증권주식회사,A1,채무보증_지급보증,0,국내증권사,B,SF205,각주항목(09.06월 이후)
45047,202306,0010139,흥국증권주식회사,A2,채무보증_매입보장약정,0,국내증권사,B,SF205,각주항목(09.06월 이후)
45048,202306,0010139,흥국증권주식회사,A3,채무보증_채무인수약정,0,국내증권사,B,SF205,각주항목(09.06월 이후)
45049,202306,0010139,흥국증권주식회사,A5,채무보증_매입확약,0,국내증권사,B,SF205,각주항목(09.06월 이후)
45050,202306,0010139,흥국증권주식회사,A6,채무보증_기타,0,국내증권사,B,SF205,각주항목(09.06월 이후)
45051,202306,0010139,흥국증권주식회사,B,투자자의 예수증권 등,14332123867764,국내증권사,B,SF205,각주항목(09.06월 이후)
45052,202306,0010139,흥국증권주식회사,B1,투자자의 예수증권 등_예수 증권,14332123867764,국내증권사,B,SF205,각주항목(09.06월 이후)
45053,202306,0010139,흥국증권주식회사,B2,투자자의 예수증권 등_예수양도성예금증서,0,국내증권사,B,SF205,각주항목(09.06월 이후)
45054,202306,0010139,흥국증권주식회사,B3,투자자의 예수증권 등_기타,0,국내증권사,B,SF205,각주항목(09.06월 이후)
45055,202306,0010139,흥국증권주식회사,C,파생상품계약,22302100000,국내증권사,B,SF205,각주항목(09.06월 이후)
45056,202306,0010139,흥국증권주식회사,C1,파생상품계약_장내파생상품,22302100000,국내증권사,B,SF205,각주항목(09.06월 이후)
45057,202306,0010139,흥국증권주식회사,C11,파생상품계약_장내파생상품_이자율관련거래,22302100000,국내증권사,B,SF205,각주항목(09.06월 이후)
45058,202306,0010139,흥국증권주식회사,C12,파생상품계약_장내파생상품_통화관련거래,0,국내증권사,B,SF205,각주항목(09.06월 이후)
45059,202306,0010139,흥국증권주식회사,C13,파생상품계약_장내파생상품_주식관련거래,0,국내증권사,B,SF205,각주항목(09.06월 이후)
45060,202306,0010139,흥국증권주식회사,C14,파생상품계약_장내파생상품_일반상품관련거래,0,국내증권사,B,SF205,각주항목(09.06월 이후)
45061,202306,0010139,흥국증권주식회사,C15,파생상품계약_장내파생상품_기타,0,국내증권사,B,SF205,각주항목(09.06월 이후)
45062,202306,0010139,흥국증권주식회사,C2,파생상품계약_장외파생상품,0,국내증권사,B,SF205,각주항목(09.06월 이후)
45063,202306,0010139,흥국증권주식회사,C21,파생상품계약_장외파생상품_이자율관련거래,0,국내증권사,B,SF205,각주항목(09.06월 이후)
45064,202306,0010139,흥국증권주식회사,C22,파생상품계약_장외파생상품_통화관련거래,0,국내증권사,B,SF205,각주항목(09.06월 이후)
45065,202306,0010139,흥국증권주식회사,C23,파생상품계약_장외파생상품_주식관련거래,0,국내증권사,B,SF205,각주항목(09.06월 이후)
45066,202306,0010139,흥국증권주식회사,C24,파생상품계약_장외파생상품_신용관련거래,0,국내증권사,B,SF205,각주항목(09.06월 이후)
45067,202306,0010139,흥국증권주식회사,C25,파생상품계약_장외파생상품_기타,0,국내증권사,B,SF205,각주항목(09.06월 이후)
45068,202306,0010139,흥국증권주식회사,D,대차 및 대주거래,41742816000,국내증권사,B,SF205,각주항목(09.06월 이후)
45069,202306,0010139,흥국증권주식회사,D1,대차 및 대주거래_대여증권,0,국내증권사,B,SF205,각주항목(09.06월 이후)
45070,202306,0010139,흥국증권주식회사,D2,대차 및 대주거래_차입증권,41742816000,국내증권사,B,SF205,각주항목(09.06월 이후)
45071,202306,0010139,흥국증권주식회사,D3,대차 및 대주거래_신용거래대주,0,국내증권사,B,SF205,각주항목(09.06월 이후)
45072,202306,0010139,흥국증권주식회사,E,대손상각채권,443700000,국내증권사,B,SF205,각주항목(09.06월 이후)
45073,202306,0010139,흥국증권주식회사,F,환전업무 예치금,0,국내증권사,B,SF205,각주항목(09.06월 이후)
45074,202306,0010139,흥국증권주식회사,G,미배당별도예치금,0,국내증권사,B,SF205,각주항목(09.06월 이후)
45075,202306,0010139,흥국증권주식회사,H,배서어음매출(종금계정),0,국내증권사,B,SF205,각주항목(09.06월 이후)
45076,202306,0010139,흥국증권주식회사,H1,대출채권매매이익_담보부,0,국내증권사,B,SF205,각주항목(09.06월 이후)
45077,202306,0010139,흥국증권주식회사,H2,대출채권매매이익_무담보부,0,국내증권사,B,SF205,각주항목(09.06월 이후)
45078,202309,0010139,흥국증권주식회사,A,채무보증,0,국내증권사,B,SF205,각주항목(09.06월 이후)
45079,202309,0010139,흥국증권주식회사,A1,채무보증_지급보증,0,국내증권사,B,SF205,각주항목(09.06월 이후)
45080,202309,0010139,흥국증권주식회사,A2,채무보증_매입보장약정,0,국내증권사,B,SF205,각주항목(09.06월 이후)
45081,202309,0010139,흥국증권주식회사,A3,채무보증_채무인수약정,0,국내증권사,B,SF205,각주항목(09.06월 이후)
45082,202309,0010139,흥국증권주식회사,A5,채무보증_매입확약,0,국내증권사,B,SF205,각주항목(09.06월 이후)
45083,202309,0010139,흥국증권주식회사,A6,채무보증_기타,0,국내증권사,B,SF205,각주항목(09.06월 이후)
45084,202309,0010139,흥국증권주식회사,B,투자자의 예수증권 등,15333527816085,국내증권사,B,SF205,각주항목(09.06월 이후)
45085,202309,0010139,흥국증권주식회사,B1,투자자의 예수증권 등_예수 증권,15333527816085,국내증권사,B,SF205,각주항목(09.06월 이후)
45086,202309,0010139,흥국증권주식회사,B2,투자자의 예수증권 등_예수양도성예금증서,0,국내증권사,B,SF205,각주항목(09.06월 이후)
45087,202309,0010139,흥국증권주식회사,B3,투자자의 예수증권 등_기타,0,국내증권사,B,SF205,각주항목(09.06월 이후)
45088,202309,0010139,흥국증권주식회사,C,파생상품계약,0,국내증권사,B,SF205,각주항목(09.06월 이후)
45089,202309,0010139,흥국증권주식회사,C1,파생상품계약_장내파생상품,0,국내증권사,B,SF205,각주항목(09.06월 이후)
45090,202309,0010139,흥국증권주식회사,C11,파생상품계약_장내파생상품_이자율관련거래,0,국내증권사,B,SF205,각주항목(09.06월 이후)
45091,202309,0010139,흥국증권주식회사,C12,파생상품계약_장내파생상품_통화관련거래,0,국내증권사,B,SF205,각주항목(09.06월 이후)
45092,202309,0010139,흥국증권주식회사,C13,파생상품계약_장내파생상품_주식관련거래,0,국내증권사,B,SF205,각주항목(09.06월 이후)
45093,202309,0010139,흥국증권주식회사,C14,파생상품계약_장내파생상품_일반상품관련거래,0,국내증권사,B,SF205,각주항목(09.06월 이후)
45094,202309,0010139,흥국증권주식회사,C15,파생상품계약_장내파생상품_기타,0,국내증권사,B,SF205,각주항목(09.06월 이후)
45095,202309,0010139,흥국증권주식회사,C2,파생상품계약_장외파생상품,0,국내증권사,B,SF205,각주항목(09.06월 이후)
45096,202309,0010139,흥국증권주식회사,C21,파생상품계약_장외파생상품_이자율관련거래,0,국내증권사,B,SF205,각주항목(09.06월 이후)
45097,202309,0010139,흥국증권주식회사,C22,파생상품계약_장외파생상품_통화관련거래,0,국내증권사,B,SF205,각주항목(09.06월 이후)
45098,202309,0010139,흥국증권주식회사,C23,파생상품계약_장외파생상품_주식관련거래,0,국내증권사,B,SF205,각주항목(09.06월 이후)
45099,202309,0010139,흥국증권주식회사,C24,파생상품계약_장외파생상품_신용관련거래,0,국내증권사,B,SF205,각주항목(09.06월 이후)
45100,202309,0010139,흥국증권주식회사,C25,파생상품계약_장외파생상품_기타,0,국내증권사,B,SF205,각주항목(09.06월 이후)
45101,202309,0010139,흥국증권주식회사,D,대차 및 대주거래,140871090000,국내증권사,B,SF205,각주항목(09.06월 이후)
45102,202309,0010139,흥국증권주식회사,D1,대차 및 대주거래_대여증권,0,국내증권사,B,SF205,각주항목(09.06월 이후)
45103,202309,0010139,흥국증권주식회사,D2,대차 및 대주거래_차입증권,140871090000,국내증권사,B,SF205,각주항목(09.06월 이후)
45104,202309,0010139,흥국증권주식회사,D3,대차 및 대주거래_신용거래대주,0,국내증권사,B,SF205,각주항목(09.06월 이후)
45105,202309,0010139,흥국증권주식회사,E,대손상각채권,443700000,국내증권사,B,SF205,각주항목(09.06월 이후)
45106,202309,0010139,흥국증권주식회사,F,환전업무 예치금,0,국내증권사,B,SF205,각주항목(09.06월 이후)
45107,202309,0010139,흥국증권주식회사,G,미배당별도예치금,0,국내증권사,B,SF205,각주항목(09.06월 이후)
45108,202309,0010139,흥국증권주식회사,H,배서어음매출(종금계정),0,국내증권사,B,SF205,각주항목(09.06월 이후)
45109,202309,0010139,흥국증권주식회사,H1,대출채권매매이익_담보부,0,국내증권사,B,SF205,각주항목(09.06월 이후)
45110,202309,0010139,흥국증권주식회사,H2,대출채권매매이익_무담보부,0,국내증권사,B,SF205,각주항목(09.06월 이후)
45111,202312,0010139,흥국증권주식회사,A,채무보증,0,국내증권사,B,SF205,각주항목(09.06월 이후)
45112,202312,0010139,흥국증권주식회사,A1,채무보증_지급보증,0,국내증권사,B,SF205,각주항목(09.06월 이후)
45113,202312,0010139,흥국증권주식회사,A2,채무보증_매입보장약정,0,국내증권사,B,SF205,각주항목(09.06월 이후)
45114,202312,0010139,흥국증권주식회사,A3,채무보증_채무인수약정,0,국내증권사,B,SF205,각주항목(09.06월 이후)
45115,202312,0010139,흥국증권주식회사,A5,채무보증_매입확약,0,국내증권사,B,SF205,각주항목(09.06월 이후)
45116,202312,0010139,흥국증권주식회사,A6,채무보증_기타,0,국내증권사,B,SF205,각주항목(09.06월 이후)
45117,202312,0010139,흥국증권주식회사,B,투자자의 예수증권 등,15851906376133,국내증권사,B,SF205,각주항목(09.06월 이후)
45118,202312,0010139,흥국증권주식회사,B1,투자자의 예수증권 등_예수 증권,15851906376133,국내증권사,B,SF205,각주항목(09.06월 이후)
45119,202312,0010139,흥국증권주식회사,B2,투자자의 예수증권 등_예수양도성예금증서,0,국내증권사,B,SF205,각주항목(09.06월 이후)
45120,202312,0010139,흥국증권주식회사,B3,투자자의 예수증권 등_기타,0,국내증권사,B,SF205,각주항목(09.06월 이후)
45121,202312,0010139,흥국증권주식회사,C,파생상품계약,47966100000,국내증권사,B,SF205,각주항목(09.06월 이후)
45122,202312,0010139,흥국증권주식회사,C1,파생상품계약_장내파생상품,47966100000,국내증권사,B,SF205,각주항목(09.06월 이후)
45123,202312,0010139,흥국증권주식회사,C11,파생상품계약_장내파생상품_이자율관련거래,47966100000,국내증권사,B,SF205,각주항목(09.06월 이후)
45124,202312,0010139,흥국증권주식회사,C12,파생상품계약_장내파생상품_통화관련거래,0,국내증권사,B,SF205,각주항목(09.06월 이후)
45125,202312,0010139,흥국증권주식회사,C13,파생상품계약_장내파생상품_주식관련거래,0,국내증권사,B,SF205,각주항목(09.06월 이후)
45126,202312,0010139,흥국증권주식회사,C14,파생상품계약_장내파생상품_일반상품관련거래,0,국내증권사,B,SF205,각주항목(09.06월 이후)
45127,202312,0010139,흥국증권주식회사,C15,파생상품계약_장내파생상품_기타,0,국내증권사,B,SF205,각주항목(09.06월 이후)
45128,202312,0010139,흥국증권주식회사,C2,파생상품계약_장외파생상품,0,국내증권사,B,SF205,각주항목(09.06월 이후)
45129,202312,0010139,흥국증권주식회사,C21,파생상품계약_장외파생상품_이자율관련거래,0,국내증권사,B,SF205,각주항목(09.06월 이후)
45130,202312,0010139,흥국증권주식회사,C22,파생상품계약_장외파생상품_통화관련거래,0,국내증권사,B,SF205,각주항목(09.06월 이후)
45131,202312,0010139,흥국증권주식회사,C23,파생상품계약_장외파생상품_주식관련거래,0,국내증권사,B,SF205,각주항목(09.06월 이후)
45132,202312,0010139,흥국증권주식회사,C24,파생상품계약_장외파생상품_신용관련거래,0,국내증권사,B,SF205,각주항목(09.06월 이후)
45133,202312,0010139,흥국증권주식회사,C25,파생상품계약_장외파생상품_기타,0,국내증권사,B,SF205,각주항목(09.06월 이후)
45134,202312,0010139,흥국증권주식회사,D,대차 및 대주거래,148397205000,국내증권사,B,SF205,각주항목(09.06월 이후)
45135,202312,0010139,흥국증권주식회사,D1,대차 및 대주거래_대여증권,0,국내증권사,B,SF205,각주항목(09.06월 이후)
45136,202312,0010139,흥국증권주식회사,D2,대차 및 대주거래_차입증권,148397205000,국내증권사,B,SF205,각주항목(09.06월 이후)
45137,202312,0010139,흥국증권주식회사,D3,대차 및 대주거래_신용거래대주,0,국내증권사,B,SF205,각주항목(09.06월 이후)
45138,202312,0010139,흥국증권주식회사,E,대손상각채권,443700000,국내증권사,B,SF205,각주항목(09.06월 이후)
45139,202312,0010139,흥국증권주식회사,F,환전업무 예치금,0,국내증권사,B,SF205,각주항목(09.06월 이후)
45140,202312,0010139,흥국증권주식회사,G,미배당별도예치금,0,국내증권사,B,SF205,각주항목(09.06월 이후)
45141,202312,0010139,흥국증권주식회사,H,배서어음매출(종금계정),0,국내증권사,B,SF205,각주항목(09.06월 이후)
45142,202312,0010139,흥국증권주식회사,H1,대출채권매매이익_담보부,0,국내증권사,B,SF205,각주항목(09.06월 이후)
45143,202312,0010139,흥국증권주식회사,H2,대출채권매매이익_무담보부,0,국내증권사,B,SF205,각주항목(09.06월 이후)
45144,202403,0010139,흥국증권주식회사,A,채무보증,0,국내증권사,B,SF205,각주항목(09.06월 이후)
45145,202403,0010139,흥국증권주식회사,A1,채무보증_지급보증,0,국내증권사,B,SF205,각주항목(09.06월 이후)
45146,202403,0010139,흥국증권주식회사,A2,채무보증_매입보장약정,0,국내증권사,B,SF205,각주항목(09.06월 이후)
45147,202403,0010139,흥국증권주식회사,A3,채무보증_채무인수약정,0,국내증권사,B,SF205,각주항목(09.06월 이후)
45148,202403,0010139,흥국증권주식회사,A5,채무보증_매입확약,0,국내증권사,B,SF205,각주항목(09.06월 이후)
45149,202403,0010139,흥국증권주식회사,A6,채무보증_기타,0,국내증권사,B,SF205,각주항목(09.06월 이후)
45150,202403,0010139,흥국증권주식회사,B,투자자의 예수증권 등,16922566353528,국내증권사,B,SF205,각주항목(09.06월 이후)
45151,202403,0010139,흥국증권주식회사,B1,투자자의 예수증권 등_예수 증권,16922566353528,국내증권사,B,SF205,각주항목(09.06월 이후)
45152,202403,0010139,흥국증권주식회사,B2,투자자의 예수증권 등_예수양도성예금증서,0,국내증권사,B,SF205,각주항목(09.06월 이후)
45153,202403,0010139,흥국증권주식회사,B3,투자자의 예수증권 등_기타,0,국내증권사,B,SF205,각주항목(09.06월 이후)
45154,202403,0010139,흥국증권주식회사,C,파생상품계약,4191200000,국내증권사,B,SF205,각주항목(09.06월 이후)
45155,202403,0010139,흥국증권주식회사,C1,파생상품계약_장내파생상품,4191200000,국내증권사,B,SF205,각주항목(09.06월 이후)
45156,202403,0010139,흥국증권주식회사,C11,파생상품계약_장내파생상품_이자율관련거래,4191200000,국내증권사,B,SF205,각주항목(09.06월 이후)
45157,202403,0010139,흥국증권주식회사,C12,파생상품계약_장내파생상품_통화관련거래,0,국내증권사,B,SF205,각주항목(09.06월 이후)
45158,202403,0010139,흥국증권주식회사,C13,파생상품계약_장내파생상품_주식관련거래,0,국내증권사,B,SF205,각주항목(09.06월 이후)
45159,202403,0010139,흥국증권주식회사,C14,파생상품계약_장내파생상품_일반상품관련거래,0,국내증권사,B,SF205,각주항목(09.06월 이후)
45160,202403,0010139,흥국증권주식회사,C15,파생상품계약_장내파생상품_기타,0,국내증권사,B,SF205,각주항목(09.06월 이후)
45161,202403,0010139,흥국증권주식회사,C2,파생상품계약_장외파생상품,0,국내증권사,B,SF205,각주항목(09.06월 이후)
45162,202403,0010139,흥국증권주식회사,C21,파생상품계약_장외파생상품_이자율관련거래,0,국내증권사,B,SF205,각주항목(09.06월 이후)
45163,202403,0010139,흥국증권주식회사,C22,파생상품계약_장외파생상품_통화관련거래,0,국내증권사,B,SF205,각주항목(09.06월 이후)
45164,202403,0010139,흥국증권주식회사,C23,파생상품계약_장외파생상품_주식관련거래,0,국내증권사,B,SF205,각주항목(09.06월 이후)
45165,202403,0010139,흥국증권주식회사,C24,파생상품계약_장외파생상품_신용관련거래,0,국내증권사,B,SF205,각주항목(09.06월 이후)
45166,202403,0010139,흥국증권주식회사,C25,파생상품계약_장외파생상품_기타,0,국내증권사,B,SF205,각주항목(09.06월 이후)
45167,202403,0010139,흥국증권주식회사,D,대차 및 대주거래,212129423000,국내증권사,B,SF205,각주항목(09.06월 이후)
45168,202403,0010139,흥국증권주식회사,D1,대차 및 대주거래_대여증권,0,국내증권사,B,SF205,각주항목(09.06월 이후)
45169,202403,0010139,흥국증권주식회사,D2,대차 및 대주거래_차입증권,212129423000,국내증권사,B,SF205,각주항목(09.06월 이후)
45170,202403,0010139,흥국증권주식회사,D3,대차 및 대주거래_신용거래대주,0,국내증권사,B,SF205,각주항목(09.06월 이후)
45171,202403,0010139,흥국증권주식회사,E,대손상각채권,443700000,국내증권사,B,SF205,각주항목(09.06월 이후)
45172,202403,0010139,흥국증권주식회사,F,환전업무 예치금,0,국내증권사,B,SF205,각주항목(09.06월 이후)
45173,202403,0010139,흥국증권주식회사,G,미배당별도예치금,0,국내증권사,B,SF205,각주항목(09.06월 이후)
45174,202403,0010139,흥국증권주식회사,H,배서어음매출(종금계정),0,국내증권사,B,SF205,각주항목(09.06월 이후)
45175,202403,0010139,흥국증권주식회사,H1,대출채권매매이익_담보부,0,국내증권사,B,SF205,각주항목(09.06월 이후)
45176,202403,0010139,흥국증권주식회사,H2,대출채권매매이익_무담보부,0,국내증권사,B,SF205,각주항목(09.06월 이후)
45177,202406,0010139,흥국증권주식회사,A,채무보증,0,국내증권사,B,SF205,각주항목(09.06월 이후)
45178,202406,0010139,흥국증권주식회사,A1,채무보증_지급보증,0,국내증권사,B,SF205,각주항목(09.06월 이후)
45179,202406,0010139,흥국증권주식회사,A2,채무보증_매입보장약정,0,국내증권사,B,SF205,각주항목(09.06월 이후)
45180,202406,0010139,흥국증권주식회사,A3,채무보증_채무인수약정,0,국내증권사,B,SF205,각주항목(09.06월 이후)
45181,202406,0010139,흥국증권주식회사,A5,채무보증_매입확약,0,국내증권사,B,SF205,각주항목(09.06월 이후)
45182,202406,0010139,흥국증권주식회사,A6,채무보증_기타,0,국내증권사,B,SF205,각주항목(09.06월 이후)
45183,202406,0010139,흥국증권주식회사,B,투자자의 예수증권 등,16572397098664,국내증권사,B,SF205,각주항목(09.06월 이후)
45184,202406,0010139,흥국증권주식회사,B1,투자자의 예수증권 등_예수 증권,16572397098664,국내증권사,B,SF205,각주항목(09.06월 이후)
45185,202406,0010139,흥국증권주식회사,B2,투자자의 예수증권 등_예수양도성예금증서,0,국내증권사,B,SF205,각주항목(09.06월 이후)
45186,202406,0010139,흥국증권주식회사,B3,투자자의 예수증권 등_기타,0,국내증권사,B,SF205,각주항목(09.06월 이후)
45187,202406,0010139,흥국증권주식회사,C,파생상품계약,30508000000,국내증권사,B,SF205,각주항목(09.06월 이후)
45188,202406,0010139,흥국증권주식회사,C1,파생상품계약_장내파생상품,30508000000,국내증권사,B,SF205,각주항목(09.06월 이후)
45189,202406,0010139,흥국증권주식회사,C11,파생상품계약_장내파생상품_이자율관련거래,30508000000,국내증권사,B,SF205,각주항목(09.06월 이후)
45190,202406,0010139,흥국증권주식회사,C12,파생상품계약_장내파생상품_통화관련거래,0,국내증권사,B,SF205,각주항목(09.06월 이후)
45191,202406,0010139,흥국증권주식회사,C13,파생상품계약_장내파생상품_주식관련거래,0,국내증권사,B,SF205,각주항목(09.06월 이후)
45192,202406,0010139,흥국증권주식회사,C14,파생상품계약_장내파생상품_일반상품관련거래,0,국내증권사,B,SF205,각주항목(09.06월 이후)
45193,202406,0010139,흥국증권주식회사,C15,파생상품계약_장내파생상품_기타,0,국내증권사,B,SF205,각주항목(09.06월 이후)
45194,202406,0010139,흥국증권주식회사,C2,파생상품계약_장외파생상품,0,국내증권사,B,SF205,각주항목(09.06월 이후)
45195,202406,0010139,흥국증권주식회사,C21,파생상품계약_장외파생상품_이자율관련거래,0,국내증권사,B,SF205,각주항목(09.06월 이후)
45196,202406,0010139,흥국증권주식회사,C22,파생상품계약_장외파생상품_통화관련거래,0,국내증권사,B,SF205,각주항목(09.06월 이후)
45197,202406,0010139,흥국증권주식회사,C23,파생상품계약_장외파생상품_주식관련거래,0,국내증권사,B,SF205,각주항목(09.06월 이후)
45198,202406,0010139,흥국증권주식회사,C24,파생상품계약_장외파생상품_신용관련거래,0,국내증권사,B,SF205,각주항목(09.06월 이후)
45199,202406,0010139,흥국증권주식회사,C25,파생상품계약_장외파생상품_기타,0,국내증권사,B,SF205,각주항목(09.06월 이후)
45200,202406,0010139,흥국증권주식회사,D,대차 및 대주거래,181461366000,국내증권사,B,SF205,각주항목(09.06월 이후)
45201,202406,0010139,흥국증권주식회사,D1,대차 및 대주거래_대여증권,0,국내증권사,B,SF205,각주항목(09.06월 이후)
45202,202406,0010139,흥국증권주식회사,D2,대차 및 대주거래_차입증권,181461366000,국내증권사,B,SF205,각주항목(09.06월 이후)
45203,202406,0010139,흥국증권주식회사,D3,대차 및 대주거래_신용거래대주,0,국내증권사,B,SF205,각주항목(09.06월 이후)
45204,202406,0010139,흥국증권주식회사,E,대손상각채권,443700000,국내증권사,B,SF205,각주항목(09.06월 이후)
45205,202406,0010139,흥국증권주식회사,F,환전업무 예치금,0,국내증권사,B,SF205,각주항목(09.06월 이후)
45206,202406,0010139,흥국증권주식회사,G,미배당별도예치금,0,국내증권사,B,SF205,각주항목(09.06월 이후)
45207,202406,0010139,흥국증권주식회사,H,배서어음매출(종금계정),0,국내증권사,B,SF205,각주항목(09.06월 이후)
45208,202406,0010139,흥국증권주식회사,H1,대출채권매매이익_담보부,0,국내증권사,B,SF205,각주항목(09.06월 이후)
45209,202406,0010139,흥국증권주식회사,H2,대출채권매매이익_무담보부,0,국내증권사,B,SF205,각주항목(09.06월 이후)
45210,202409,0010139,흥국증권주식회사,A,채무보증,0,국내증권사,B,SF205,각주항목(09.06월 이후)
45211,202409,0010139,흥국증권주식회사,A1,채무보증_지급보증,0,국내증권사,B,SF205,각주항목(09.06월 이후)
45212,202409,0010139,흥국증권주식회사,A2,채무보증_매입보장약정,0,국내증권사,B,SF205,각주항목(09.06월 이후)
45213,202409,0010139,흥국증권주식회사,A3,채무보증_채무인수약정,0,국내증권사,B,SF205,각주항목(09.06월 이후)
45214,202409,0010139,흥국증권주식회사,A5,채무보증_매입확약,0,국내증권사,B,SF205,각주항목(09.06월 이후)
45215,202409,0010139,흥국증권주식회사,A6,채무보증_기타,0,국내증권사,B,SF205,각주항목(09.06월 이후)
45216,202409,0010139,흥국증권주식회사,B,투자자의 예수증권 등,17203825140944,국내증권사,B,SF205,각주항목(09.06월 이후)
45217,202409,0010139,흥국증권주식회사,B1,투자자의 예수증권 등_예수 증권,17203825140944,국내증권사,B,SF205,각주항목(09.06월 이후)
45218,202409,0010139,흥국증권주식회사,B2,투자자의 예수증권 등_예수양도성예금증서,0,국내증권사,B,SF205,각주항목(09.06월 이후)
45219,202409,0010139,흥국증권주식회사,B3,투자자의 예수증권 등_기타,0,국내증권사,B,SF205,각주항목(09.06월 이후)
45220,202409,0010139,흥국증권주식회사,C,파생상품계약,12762000000,국내증권사,B,SF205,각주항목(09.06월 이후)
45221,202409,0010139,흥국증권주식회사,C1,파생상품계약_장내파생상품,12762000000,국내증권사,B,SF205,각주항목(09.06월 이후)
45222,202409,0010139,흥국증권주식회사,C11,파생상품계약_장내파생상품_이자율관련거래,12762000000,국내증권사,B,SF205,각주항목(09.06월 이후)
45223,202409,0010139,흥국증권주식회사,C12,파생상품계약_장내파생상품_통화관련거래,0,국내증권사,B,SF205,각주항목(09.06월 이후)
45224,202409,0010139,흥국증권주식회사,C13,파생상품계약_장내파생상품_주식관련거래,0,국내증권사,B,SF205,각주항목(09.06월 이후)
45225,202409,0010139,흥국증권주식회사,C14,파생상품계약_장내파생상품_일반상품관련거래,0,국내증권사,B,SF205,각주항목(09.06월 이후)
45226,202409,0010139,흥국증권주식회사,C15,파생상품계약_장내파생상품_기타,0,국내증권사,B,SF205,각주항목(09.06월 이후)
45227,202409,0010139,흥국증권주식회사,C2,파생상품계약_장외파생상품,0,국내증권사,B,SF205,각주항목(09.06월 이후)
45228,202409,0010139,흥국증권주식회사,C21,파생상품계약_장외파생상품_이자율관련거래,0,국내증권사,B,SF205,각주항목(09.06월 이후)
45229,202409,0010139,흥국증권주식회사,C22,파생상품계약_장외파생상품_통화관련거래,0,국내증권사,B,SF205,각주항목(09.06월 이후)
45230,202409,0010139,흥국증권주식회사,C23,파생상품계약_장외파생상품_주식관련거래,0,국내증권사,B,SF205,각주항목(09.06월 이후)
45231,202409,0010139,흥국증권주식회사,C24,파생상품계약_장외파생상품_신용관련거래,0,국내증권사,B,SF205,각주항목(09.06월 이후)
45232,202409,0010139,흥국증권주식회사,C25,파생상품계약_장외파생상품_기타,0,국내증권사,B,SF205,각주항목(09.06월 이후)
45233,202409,0010139,흥국증권주식회사,D,대차 및 대주거래,175493377000,국내증권사,B,SF205,각주항목(09.06월 이후)
45234,202409,0010139,흥국증권주식회사,D1,대차 및 대주거래_대여증권,0,국내증권사,B,SF205,각주항목(09.06월 이후)
45235,202409,0010139,흥국증권주식회사,D2,대차 및 대주거래_차입증권,175493377000,국내증권사,B,SF205,각주항목(09.06월 이후)
45236,202409,0010139,흥국증권주식회사,D3,대차 및 대주거래_신용거래대주,0,국내증권사,B,SF205,각주항목(09.06월 이후)
45237,202409,0010139,흥국증권주식회사,E,대손상각채권,443700000,국내증권사,B,SF205,각주항목(09.06월 이후)
45238,202409,0010139,흥국증권주식회사,F,환전업무 예치금,0,국내증권사,B,SF205,각주항목(09.06월 이후)
45239,202409,0010139,흥국증권주식회사,G,미배당별도예치금,0,국내증권사,B,SF205,각주항목(09.06월 이후)
45240,202409,0010139,흥국증권주식회사,H,배서어음매출(종금계정),0,국내증권사,B,SF205,각주항목(09.06월 이후)
45241,202409,0010139,흥국증권주식회사,H1,대출채권매매이익_담보부,0,국내증권사,B,SF205,각주항목(09.06월 이후)
45242,202409,0010139,흥국증권주식회사,H2,대출채권매매이익_무담보부,0,국내증권사,B,SF205,각주항목(09.06월 이후)
45243,202412,0010139,흥국증권주식회사,A,채무보증,0,국내증권사,B,SF205,각주항목(09.06월 이후)
45244,202412,0010139,흥국증권주식회사,A1,채무보증_지급보증,0,국내증권사,B,SF205,각주항목(09.06월 이후)
45245,202412,0010139,흥국증권주식회사,A2,채무보증_매입보장약정,0,국내증권사,B,SF205,각주항목(09.06월 이후)
45246,202412,0010139,흥국증권주식회사,A3,채무보증_채무인수약정,0,국내증권사,B,SF205,각주항목(09.06월 이후)
45247,202412,0010139,흥국증권주식회사,A5,채무보증_매입확약,0,국내증권사,B,SF205,각주항목(09.06월 이후)
45248,202412,0010139,흥국증권주식회사,A6,채무보증_기타,0,국내증권사,B,SF205,각주항목(09.06월 이후)
45249,202412,0010139,흥국증권주식회사,B,투자자의 예수증권 등,17719401638323,국내증권사,B,SF205,각주항목(09.06월 이후)
45250,202412,0010139,흥국증권주식회사,B1,투자자의 예수증권 등_예수 증권,17719401638323,국내증권사,B,SF205,각주항목(09.06월 이후)
45251,202412,0010139,흥국증권주식회사,B2,투자자의 예수증권 등_예수양도성예금증서,0,국내증권사,B,SF205,각주항목(09.06월 이후)
45252,202412,0010139,흥국증권주식회사,B3,투자자의 예수증권 등_기타,0,국내증권사,B,SF205,각주항목(09.06월 이후)
45253,202412,0010139,흥국증권주식회사,C,파생상품계약,47992500000,국내증권사,B,SF205,각주항목(09.06월 이후)
45254,202412,0010139,흥국증권주식회사,C1,파생상품계약_장내파생상품,47992500000,국내증권사,B,SF205,각주항목(09.06월 이후)
45255,202412,0010139,흥국증권주식회사,C11,파생상품계약_장내파생상품_이자율관련거래,47992500000,국내증권사,B,SF205,각주항목(09.06월 이후)
45256,202412,0010139,흥국증권주식회사,C12,파생상품계약_장내파생상품_통화관련거래,0,국내증권사,B,SF205,각주항목(09.06월 이후)
45257,202412,0010139,흥국증권주식회사,C13,파생상품계약_장내파생상품_주식관련거래,0,국내증권사,B,SF205,각주항목(09.06월 이후)
45258,202412,0010139,흥국증권주식회사,C14,파생상품계약_장내파생상품_일반상품관련거래,0,국내증권사,B,SF205,각주항목(09.06월 이후)
45259,202412,0010139,흥국증권주식회사,C15,파생상품계약_장내파생상품_기타,0,국내증권사,B,SF205,각주항목(09.06월 이후)
45260,202412,0010139,흥국증권주식회사,C2,파생상품계약_장외파생상품,0,국내증권사,B,SF205,각주항목(09.06월 이후)
45261,202412,0010139,흥국증권주식회사,C21,파생상품계약_장외파생상품_이자율관련거래,0,국내증권사,B,SF205,각주항목(09.06월 이후)
45262,202412,0010139,흥국증권주식회사,C22,파생상품계약_장외파생상품_통화관련거래,0,국내증권사,B,SF205,각주항목(09.06월 이후)
45263,202412,0010139,흥국증권주식회사,C23,파생상품계약_장외파생상품_주식관련거래,0,국내증권사,B,SF205,각주항목(09.06월 이후)
45264,202412,0010139,흥국증권주식회사,C24,파생상품계약_장외파생상품_신용관련거래,0,국내증권사,B,SF205,각주항목(09.06월 이후)
45265,202412,0010139,흥국증권주식회사,C25,파생상품계약_장외파생상품_기타,0,국내증권사,B,SF205,각주항목(09.06월 이후)
45266,202412,0010139,흥국증권주식회사,D,대차 및 대주거래,57392346000,국내증권사,B,SF205,각주항목(09.06월 이후)
45267,202412,0010139,흥국증권주식회사,D1,대차 및 대주거래_대여증권,0,국내증권사,B,SF205,각주항목(09.06월 이후)
45268,202412,0010139,흥국증권주식회사,D2,대차 및 대주거래_차입증권,57392346000,국내증권사,B,SF205,각주항목(09.06월 이후)
45269,202412,0010139,흥국증권주식회사,D3,대차 및 대주거래_신용거래대주,0,국내증권사,B,SF205,각주항목(09.06월 이후)
45270,202412,0010139,흥국증권주식회사,E,대손상각채권,443700000,국내증권사,B,SF205,각주항목(09.06월 이후)
45271,202412,0010139,흥국증권주식회사,F,환전업무 예치금,0,국내증권사,B,SF205,각주항목(09.06월 이후)
45272,202412,0010139,흥국증권주식회사,G,미배당별도예치금,0,국내증권사,B,SF205,각주항목(09.06월 이후)
45273,202412,0010139,흥국증권주식회사,H,배서어음매출(종금계정),0,국내증권사,B,SF205,각주항목(09.06월 이후)
45274,202412,0010139,흥국증권주식회사,H1,대출채권매매이익_담보부,0,국내증권사,B,SF205,각주항목(09.06월 이후)
45275,202412,0010139,흥국증권주식회사,H2,대출채권매매이익_무담보부,0,국내증권사,B,SF205,각주항목(09.06월 이후)
45276,201703,0010149,골드만삭스증권회사서울지점,A,채무보증,0,외국계증권사,B,SF205,각주항목(09.06월 이후)
45277,201703,0010149,골드만삭스증권회사서울지점,A1,채무보증_지급보증,0,외국계증권사,B,SF205,각주항목(09.06월 이후)
45278,201703,0010149,골드만삭스증권회사서울지점,A2,채무보증_매입보장약정,0,외국계증권사,B,SF205,각주항목(09.06월 이후)
45279,201703,0010149,골드만삭스증권회사서울지점,A3,채무보증_채무인수약정,0,외국계증권사,B,SF205,각주항목(09.06월 이후)
45280,201703,0010149,골드만삭스증권회사서울지점,A5,채무보증_매입확약,0,외국계증권사,B,SF205,각주항목(09.06월 이후)
45281,201703,0010149,골드만삭스증권회사서울지점,A6,채무보증_기타,0,외국계증권사,B,SF205,각주항목(09.06월 이후)
45282,201703,0010149,골드만삭스증권회사서울지점,B,투자자의 예수증권 등,0,외국계증권사,B,SF205,각주항목(09.06월 이후)
45283,201703,0010149,골드만삭스증권회사서울지점,B1,투자자의 예수증권 등_예수 증권,0,외국계증권사,B,SF205,각주항목(09.06월 이후)
45284,201703,0010149,골드만삭스증권회사서울지점,B2,투자자의 예수증권 등_예수양도성예금증서,0,외국계증권사,B,SF205,각주항목(09.06월 이후)
45285,201703,0010149,골드만삭스증권회사서울지점,B3,투자자의 예수증권 등_기타,0,외국계증권사,B,SF205,각주항목(09.06월 이후)
45286,201703,0010149,골드만삭스증권회사서울지점,C,파생상품계약,0,외국계증권사,B,SF205,각주항목(09.06월 이후)
45287,201703,0010149,골드만삭스증권회사서울지점,C1,파생상품계약_장내파생상품,0,외국계증권사,B,SF205,각주항목(09.06월 이후)
45288,201703,0010149,골드만삭스증권회사서울지점,C11,파생상품계약_장내파생상품_이자율관련거래,0,외국계증권사,B,SF205,각주항목(09.06월 이후)
45289,201703,0010149,골드만삭스증권회사서울지점,C12,파생상품계약_장내파생상품_통화관련거래,0,외국계증권사,B,SF205,각주항목(09.06월 이후)
45290,201703,0010149,골드만삭스증권회사서울지점,C13,파생상품계약_장내파생상품_주식관련거래,0,외국계증권사,B,SF205,각주항목(09.06월 이후)
45291,201703,0010149,골드만삭스증권회사서울지점,C14,파생상품계약_장내파생상품_일반상품관련거래,0,외국계증권사,B,SF205,각주항목(09.06월 이후)
45292,201703,0010149,골드만삭스증권회사서울지점,C15,파생상품계약_장내파생상품_기타,0,외국계증권사,B,SF205,각주항목(09.06월 이후)
45293,201703,0010149,골드만삭스증권회사서울지점,C2,파생상품계약_장외파생상품,0,외국계증권사,B,SF205,각주항목(09.06월 이후)
45294,201703,0010149,골드만삭스증권회사서울지점,C21,파생상품계약_장외파생상품_이자율관련거래,0,외국계증권사,B,SF205,각주항목(09.06월 이후)
45295,201703,0010149,골드만삭스증권회사서울지점,C22,파생상품계약_장외파생상품_통화관련거래,0,외국계증권사,B,SF205,각주항목(09.06월 이후)
45296,201703,0010149,골드만삭스증권회사서울지점,C23,파생상품계약_장외파생상품_주식관련거래,0,외국계증권사,B,SF205,각주항목(09.06월 이후)
45297,201703,0010149,골드만삭스증권회사서울지점,C24,파생상품계약_장외파생상품_신용관련거래,0,외국계증권사,B,SF205,각주항목(09.06월 이후)
45298,201703,0010149,골드만삭스증권회사서울지점,C25,파생상품계약_장외파생상품_기타,0,외국계증권사,B,SF205,각주항목(09.06월 이후)
45299,201703,0010149,골드만삭스증권회사서울지점,D,대차 및 대주거래,0,외국계증권사,B,SF205,각주항목(09.06월 이후)
45300,201703,0010149,골드만삭스증권회사서울지점,D1,대차 및 대주거래_대여증권,0,외국계증권사,B,SF205,각주항목(09.06월 이후)
45301,201703,0010149,골드만삭스증권회사서울지점,D2,대차 및 대주거래_차입증권,0,외국계증권사,B,SF205,각주항목(09.06월 이후)
45302,201703,0010149,골드만삭스증권회사서울지점,D3,대차 및 대주거래_신용거래대주,0,외국계증권사,B,SF205,각주항목(09.06월 이후)
45303,201703,0010149,골드만삭스증권회사서울지점,E,대손상각채권,0,외국계증권사,B,SF205,각주항목(09.06월 이후)
45304,201703,0010149,골드만삭스증권회사서울지점,F,환전업무 예치금,0,외국계증권사,B,SF205,각주항목(09.06월 이후)
45305,201703,0010149,골드만삭스증권회사서울지점,G,미배당별도예치금,204984723,외국계증권사,B,SF205,각주항목(09.06월 이후)
45306,201703,0010149,골드만삭스증권회사서울지점,H,배서어음매출(종금계정),0,외국계증권사,B,SF205,각주항목(09.06월 이후)
45307,201703,0010149,골드만삭스증권회사서울지점,H1,대출채권매매이익_담보부,0,외국계증권사,B,SF205,각주항목(09.06월 이후)
45308,201703,0010149,골드만삭스증권회사서울지점,H2,대출채권매매이익_무담보부,0,외국계증권사,B,SF205,각주항목(09.06월 이후)
45309,201706,0010149,골드만삭스증권회사서울지점,A,채무보증,0,외국계증권사,B,SF205,각주항목(09.06월 이후)
45310,201706,0010149,골드만삭스증권회사서울지점,A1,채무보증_지급보증,0,외국계증권사,B,SF205,각주항목(09.06월 이후)
45311,201706,0010149,골드만삭스증권회사서울지점,A2,채무보증_매입보장약정,0,외국계증권사,B,SF205,각주항목(09.06월 이후)
45312,201706,0010149,골드만삭스증권회사서울지점,A3,채무보증_채무인수약정,0,외국계증권사,B,SF205,각주항목(09.06월 이후)
45313,201706,0010149,골드만삭스증권회사서울지점,A5,채무보증_매입확약,0,외국계증권사,B,SF205,각주항목(09.06월 이후)
45314,201706,0010149,골드만삭스증권회사서울지점,A6,채무보증_기타,0,외국계증권사,B,SF205,각주항목(09.06월 이후)
45315,201706,0010149,골드만삭스증권회사서울지점,B,투자자의 예수증권 등,0,외국계증권사,B,SF205,각주항목(09.06월 이후)
45316,201706,0010149,골드만삭스증권회사서울지점,B1,투자자의 예수증권 등_예수 증권,0,외국계증권사,B,SF205,각주항목(09.06월 이후)
45317,201706,0010149,골드만삭스증권회사서울지점,B2,투자자의 예수증권 등_예수양도성예금증서,0,외국계증권사,B,SF205,각주항목(09.06월 이후)
45318,201706,0010149,골드만삭스증권회사서울지점,B3,투자자의 예수증권 등_기타,0,외국계증권사,B,SF205,각주항목(09.06월 이후)
45319,201706,0010149,골드만삭스증권회사서울지점,C,파생상품계약,0,외국계증권사,B,SF205,각주항목(09.06월 이후)
45320,201706,0010149,골드만삭스증권회사서울지점,C1,파생상품계약_장내파생상품,0,외국계증권사,B,SF205,각주항목(09.06월 이후)
45321,201706,0010149,골드만삭스증권회사서울지점,C11,파생상품계약_장내파생상품_이자율관련거래,0,외국계증권사,B,SF205,각주항목(09.06월 이후)
45322,201706,0010149,골드만삭스증권회사서울지점,C12,파생상품계약_장내파생상품_통화관련거래,0,외국계증권사,B,SF205,각주항목(09.06월 이후)
45323,201706,0010149,골드만삭스증권회사서울지점,C13,파생상품계약_장내파생상품_주식관련거래,0,외국계증권사,B,SF205,각주항목(09.06월 이후)
45324,201706,0010149,골드만삭스증권회사서울지점,C14,파생상품계약_장내파생상품_일반상품관련거래,0,외국계증권사,B,SF205,각주항목(09.06월 이후)
45325,201706,0010149,골드만삭스증권회사서울지점,C15,파생상품계약_장내파생상품_기타,0,외국계증권사,B,SF205,각주항목(09.06월 이후)
45326,201706,0010149,골드만삭스증권회사서울지점,C2,파생상품계약_장외파생상품,0,외국계증권사,B,SF205,각주항목(09.06월 이후)
45327,201706,0010149,골드만삭스증권회사서울지점,C21,파생상품계약_장외파생상품_이자율관련거래,0,외국계증권사,B,SF205,각주항목(09.06월 이후)
45328,201706,0010149,골드만삭스증권회사서울지점,C22,파생상품계약_장외파생상품_통화관련거래,0,외국계증권사,B,SF205,각주항목(09.06월 이후)
45329,201706,0010149,골드만삭스증권회사서울지점,C23,파생상품계약_장외파생상품_주식관련거래,0,외국계증권사,B,SF205,각주항목(09.06월 이후)
45330,201706,0010149,골드만삭스증권회사서울지점,C24,파생상품계약_장외파생상품_신용관련거래,0,외국계증권사,B,SF205,각주항목(09.06월 이후)
45331,201706,0010149,골드만삭스증권회사서울지점,C25,파생상품계약_장외파생상품_기타,0,외국계증권사,B,SF205,각주항목(09.06월 이후)
45332,201706,0010149,골드만삭스증권회사서울지점,D,대차 및 대주거래,0,외국계증권사,B,SF205,각주항목(09.06월 이후)
45333,201706,0010149,골드만삭스증권회사서울지점,D1,대차 및 대주거래_대여증권,0,외국계증권사,B,SF205,각주항목(09.06월 이후)
45334,201706,0010149,골드만삭스증권회사서울지점,D2,대차 및 대주거래_차입증권,0,외국계증권사,B,SF205,각주항목(09.06월 이후)
45335,201706,0010149,골드만삭스증권회사서울지점,D3,대차 및 대주거래_신용거래대주,0,외국계증권사,B,SF205,각주항목(09.06월 이후)
45336,201706,0010149,골드만삭스증권회사서울지점,E,대손상각채권,0,외국계증권사,B,SF205,각주항목(09.06월 이후)
45337,201706,0010149,골드만삭스증권회사서울지점,F,환전업무 예치금,0,외국계증권사,B,SF205,각주항목(09.06월 이후)
45338,201706,0010149,골드만삭스증권회사서울지점,G,미배당별도예치금,408017216,외국계증권사,B,SF205,각주항목(09.06월 이후)
45339,201706,0010149,골드만삭스증권회사서울지점,H,배서어음매출(종금계정),0,외국계증권사,B,SF205,각주항목(09.06월 이후)
45340,201706,0010149,골드만삭스증권회사서울지점,H1,대출채권매매이익_담보부,0,외국계증권사,B,SF205,각주항목(09.06월 이후)
45341,201706,0010149,골드만삭스증권회사서울지점,H2,대출채권매매이익_무담보부,0,외국계증권사,B,SF205,각주항목(09.06월 이후)
45342,201709,0010149,골드만삭스증권회사서울지점,A,채무보증,0,외국계증권사,B,SF205,각주항목(09.06월 이후)
45343,201709,0010149,골드만삭스증권회사서울지점,A1,채무보증_지급보증,0,외국계증권사,B,SF205,각주항목(09.06월 이후)
45344,201709,0010149,골드만삭스증권회사서울지점,A2,채무보증_매입보장약정,0,외국계증권사,B,SF205,각주항목(09.06월 이후)
45345,201709,0010149,골드만삭스증권회사서울지점,A3,채무보증_채무인수약정,0,외국계증권사,B,SF205,각주항목(09.06월 이후)
45346,201709,0010149,골드만삭스증권회사서울지점,A5,채무보증_매입확약,0,외국계증권사,B,SF205,각주항목(09.06월 이후)
45347,201709,0010149,골드만삭스증권회사서울지점,A6,채무보증_기타,0,외국계증권사,B,SF205,각주항목(09.06월 이후)
45348,201709,0010149,골드만삭스증권회사서울지점,B,투자자의 예수증권 등,0,외국계증권사,B,SF205,각주항목(09.06월 이후)
45349,201709,0010149,골드만삭스증권회사서울지점,B1,투자자의 예수증권 등_예수 증권,0,외국계증권사,B,SF205,각주항목(09.06월 이후)
45350,201709,0010149,골드만삭스증권회사서울지점,B2,투자자의 예수증권 등_예수양도성예금증서,0,외국계증권사,B,SF205,각주항목(09.06월 이후)
45351,201709,0010149,골드만삭스증권회사서울지점,B3,투자자의 예수증권 등_기타,0,외국계증권사,B,SF205,각주항목(09.06월 이후)
45352,201709,0010149,골드만삭스증권회사서울지점,C,파생상품계약,0,외국계증권사,B,SF205,각주항목(09.06월 이후)
45353,201709,0010149,골드만삭스증권회사서울지점,C1,파생상품계약_장내파생상품,0,외국계증권사,B,SF205,각주항목(09.06월 이후)
45354,201709,0010149,골드만삭스증권회사서울지점,C11,파생상품계약_장내파생상품_이자율관련거래,0,외국계증권사,B,SF205,각주항목(09.06월 이후)
45355,201709,0010149,골드만삭스증권회사서울지점,C12,파생상품계약_장내파생상품_통화관련거래,0,외국계증권사,B,SF205,각주항목(09.06월 이후)
45356,201709,0010149,골드만삭스증권회사서울지점,C13,파생상품계약_장내파생상품_주식관련거래,0,외국계증권사,B,SF205,각주항목(09.06월 이후)
45357,201709,0010149,골드만삭스증권회사서울지점,C14,파생상품계약_장내파생상품_일반상품관련거래,0,외국계증권사,B,SF205,각주항목(09.06월 이후)
45358,201709,0010149,골드만삭스증권회사서울지점,C15,파생상품계약_장내파생상품_기타,0,외국계증권사,B,SF205,각주항목(09.06월 이후)
45359,201709,0010149,골드만삭스증권회사서울지점,C2,파생상품계약_장외파생상품,0,외국계증권사,B,SF205,각주항목(09.06월 이후)
45360,201709,0010149,골드만삭스증권회사서울지점,C21,파생상품계약_장외파생상품_이자율관련거래,0,외국계증권사,B,SF205,각주항목(09.06월 이후)
45361,201709,0010149,골드만삭스증권회사서울지점,C22,파생상품계약_장외파생상품_통화관련거래,0,외국계증권사,B,SF205,각주항목(09.06월 이후)
45362,201709,0010149,골드만삭스증권회사서울지점,C23,파생상품계약_장외파생상품_주식관련거래,0,외국계증권사,B,SF205,각주항목(09.06월 이후)
45363,201709,0010149,골드만삭스증권회사서울지점,C24,파생상품계약_장외파생상품_신용관련거래,0,외국계증권사,B,SF205,각주항목(09.06월 이후)
45364,201709,0010149,골드만삭스증권회사서울지점,C25,파생상품계약_장외파생상품_기타,0,외국계증권사,B,SF205,각주항목(09.06월 이후)
45365,201709,0010149,골드만삭스증권회사서울지점,D,대차 및 대주거래,0,외국계증권사,B,SF205,각주항목(09.06월 이후)
45366,201709,0010149,골드만삭스증권회사서울지점,D1,대차 및 대주거래_대여증권,0,외국계증권사,B,SF205,각주항목(09.06월 이후)
45367,201709,0010149,골드만삭스증권회사서울지점,D2,대차 및 대주거래_차입증권,0,외국계증권사,B,SF205,각주항목(09.06월 이후)
45368,201709,0010149,골드만삭스증권회사서울지점,D3,대차 및 대주거래_신용거래대주,0,외국계증권사,B,SF205,각주항목(09.06월 이후)
45369,201709,0010149,골드만삭스증권회사서울지점,E,대손상각채권,0,외국계증권사,B,SF205,각주항목(09.06월 이후)
45370,201709,0010149,골드만삭스증권회사서울지점,F,환전업무 예치금,0,외국계증권사,B,SF205,각주항목(09.06월 이후)
45371,201709,0010149,골드만삭스증권회사서울지점,G,미배당별도예치금,656397003,외국계증권사,B,SF205,각주항목(09.06월 이후)
45372,201709,0010149,골드만삭스증권회사서울지점,H,배서어음매출(종금계정),0,외국계증권사,B,SF205,각주항목(09.06월 이후)
45373,201709,0010149,골드만삭스증권회사서울지점,H1,대출채권매매이익_담보부,0,외국계증권사,B,SF205,각주항목(09.06월 이후)
45374,201709,0010149,골드만삭스증권회사서울지점,H2,대출채권매매이익_무담보부,0,외국계증권사,B,SF205,각주항목(09.06월 이후)
45375,201712,0010149,골드만삭스증권회사서울지점,A,채무보증,0,외국계증권사,B,SF205,각주항목(09.06월 이후)
45376,201712,0010149,골드만삭스증권회사서울지점,A1,채무보증_지급보증,0,외국계증권사,B,SF205,각주항목(09.06월 이후)
45377,201712,0010149,골드만삭스증권회사서울지점,A2,채무보증_매입보장약정,0,외국계증권사,B,SF205,각주항목(09.06월 이후)
45378,201712,0010149,골드만삭스증권회사서울지점,A3,채무보증_채무인수약정,0,외국계증권사,B,SF205,각주항목(09.06월 이후)
45379,201712,0010149,골드만삭스증권회사서울지점,A5,채무보증_매입확약,0,외국계증권사,B,SF205,각주항목(09.06월 이후)
45380,201712,0010149,골드만삭스증권회사서울지점,A6,채무보증_기타,0,외국계증권사,B,SF205,각주항목(09.06월 이후)
45381,201712,0010149,골드만삭스증권회사서울지점,B,투자자의 예수증권 등,0,외국계증권사,B,SF205,각주항목(09.06월 이후)
45382,201712,0010149,골드만삭스증권회사서울지점,B1,투자자의 예수증권 등_예수 증권,0,외국계증권사,B,SF205,각주항목(09.06월 이후)
45383,201712,0010149,골드만삭스증권회사서울지점,B2,투자자의 예수증권 등_예수양도성예금증서,0,외국계증권사,B,SF205,각주항목(09.06월 이후)
45384,201712,0010149,골드만삭스증권회사서울지점,B3,투자자의 예수증권 등_기타,0,외국계증권사,B,SF205,각주항목(09.06월 이후)
45385,201712,0010149,골드만삭스증권회사서울지점,C,파생상품계약,0,외국계증권사,B,SF205,각주항목(09.06월 이후)
45386,201712,0010149,골드만삭스증권회사서울지점,C1,파생상품계약_장내파생상품,0,외국계증권사,B,SF205,각주항목(09.06월 이후)
45387,201712,0010149,골드만삭스증권회사서울지점,C11,파생상품계약_장내파생상품_이자율관련거래,0,외국계증권사,B,SF205,각주항목(09.06월 이후)
45388,201712,0010149,골드만삭스증권회사서울지점,C12,파생상품계약_장내파생상품_통화관련거래,0,외국계증권사,B,SF205,각주항목(09.06월 이후)
45389,201712,0010149,골드만삭스증권회사서울지점,C13,파생상품계약_장내파생상품_주식관련거래,0,외국계증권사,B,SF205,각주항목(09.06월 이후)
45390,201712,0010149,골드만삭스증권회사서울지점,C14,파생상품계약_장내파생상품_일반상품관련거래,0,외국계증권사,B,SF205,각주항목(09.06월 이후)
45391,201712,0010149,골드만삭스증권회사서울지점,C15,파생상품계약_장내파생상품_기타,0,외국계증권사,B,SF205,각주항목(09.06월 이후)
45392,201712,0010149,골드만삭스증권회사서울지점,C2,파생상품계약_장외파생상품,0,외국계증권사,B,SF205,각주항목(09.06월 이후)
45393,201712,0010149,골드만삭스증권회사서울지점,C21,파생상품계약_장외파생상품_이자율관련거래,0,외국계증권사,B,SF205,각주항목(09.06월 이후)
45394,201712,0010149,골드만삭스증권회사서울지점,C22,파생상품계약_장외파생상품_통화관련거래,0,외국계증권사,B,SF205,각주항목(09.06월 이후)
45395,201712,0010149,골드만삭스증권회사서울지점,C23,파생상품계약_장외파생상품_주식관련거래,0,외국계증권사,B,SF205,각주항목(09.06월 이후)
45396,201712,0010149,골드만삭스증권회사서울지점,C24,파생상품계약_장외파생상품_신용관련거래,0,외국계증권사,B,SF205,각주항목(09.06월 이후)
45397,201712,0010149,골드만삭스증권회사서울지점,C25,파생상품계약_장외파생상품_기타,0,외국계증권사,B,SF205,각주항목(09.06월 이후)
45398,201712,0010149,골드만삭스증권회사서울지점,D,대차 및 대주거래,0,외국계증권사,B,SF205,각주항목(09.06월 이후)
45399,201712,0010149,골드만삭스증권회사서울지점,D1,대차 및 대주거래_대여증권,0,외국계증권사,B,SF205,각주항목(09.06월 이후)
45400,201712,0010149,골드만삭스증권회사서울지점,D2,대차 및 대주거래_차입증권,0,외국계증권사,B,SF205,각주항목(09.06월 이후)
45401,201712,0010149,골드만삭스증권회사서울지점,D3,대차 및 대주거래_신용거래대주,0,외국계증권사,B,SF205,각주항목(09.06월 이후)
45402,201712,0010149,골드만삭스증권회사서울지점,E,대손상각채권,0,외국계증권사,B,SF205,각주항목(09.06월 이후)
45403,201712,0010149,골드만삭스증권회사서울지점,F,환전업무 예치금,0,외국계증권사,B,SF205,각주항목(09.06월 이후)
45404,201712,0010149,골드만삭스증권회사서울지점,G,미배당별도예치금,949579708,외국계증권사,B,SF205,각주항목(09.06월 이후)
45405,201712,0010149,골드만삭스증권회사서울지점,H,배서어음매출(종금계정),0,외국계증권사,B,SF205,각주항목(09.06월 이후)
45406,201712,0010149,골드만삭스증권회사서울지점,H1,대출채권매매이익_담보부,0,외국계증권사,B,SF205,각주항목(09.06월 이후)
45407,201712,0010149,골드만삭스증권회사서울지점,H2,대출채권매매이익_무담보부,0,외국계증권사,B,SF205,각주항목(09.06월 이후)
45408,201803,0010149,골드만삭스증권회사서울지점,A,채무보증,0,외국계증권사,B,SF205,각주항목(09.06월 이후)
45409,201803,0010149,골드만삭스증권회사서울지점,A1,채무보증_지급보증,0,외국계증권사,B,SF205,각주항목(09.06월 이후)
45410,201803,0010149,골드만삭스증권회사서울지점,A2,채무보증_매입보장약정, ,외국계증권사,B,SF205,각주항목(09.06월 이후)
45411,201803,0010149,골드만삭스증권회사서울지점,A3,채무보증_채무인수약정, ,외국계증권사,B,SF205,각주항목(09.06월 이후)
45412,201803,0010149,골드만삭스증권회사서울지점,A5,채무보증_매입확약,0,외국계증권사,B,SF205,각주항목(09.06월 이후)
45413,201803,0010149,골드만삭스증권회사서울지점,A6,채무보증_기타, ,외국계증권사,B,SF205,각주항목(09.06월 이후)
45414,201803,0010149,골드만삭스증권회사서울지점,B,투자자의 예수증권 등,0,외국계증권사,B,SF205,각주항목(09.06월 이후)
45415,201803,0010149,골드만삭스증권회사서울지점,B1,투자자의 예수증권 등_예수 증권,0,외국계증권사,B,SF205,각주항목(09.06월 이후)
45416,201803,0010149,골드만삭스증권회사서울지점,B2,투자자의 예수증권 등_예수양도성예금증서, ,외국계증권사,B,SF205,각주항목(09.06월 이후)
45417,201803,0010149,골드만삭스증권회사서울지점,B3,투자자의 예수증권 등_기타, ,외국계증권사,B,SF205,각주항목(09.06월 이후)
45418,201803,0010149,골드만삭스증권회사서울지점,C,파생상품계약,0,외국계증권사,B,SF205,각주항목(09.06월 이후)
45419,201803,0010149,골드만삭스증권회사서울지점,C1,파생상품계약_장내파생상품,0,외국계증권사,B,SF205,각주항목(09.06월 이후)
45420,201803,0010149,골드만삭스증권회사서울지점,C11,파생상품계약_장내파생상품_이자율관련거래,0,외국계증권사,B,SF205,각주항목(09.06월 이후)
45421,201803,0010149,골드만삭스증권회사서울지점,C12,파생상품계약_장내파생상품_통화관련거래,0,외국계증권사,B,SF205,각주항목(09.06월 이후)
45422,201803,0010149,골드만삭스증권회사서울지점,C13,파생상품계약_장내파생상품_주식관련거래,0,외국계증권사,B,SF205,각주항목(09.06월 이후)
45423,201803,0010149,골드만삭스증권회사서울지점,C14,파생상품계약_장내파생상품_일반상품관련거래,0,외국계증권사,B,SF205,각주항목(09.06월 이후)
45424,201803,0010149,골드만삭스증권회사서울지점,C15,파생상품계약_장내파생상품_기타,0,외국계증권사,B,SF205,각주항목(09.06월 이후)
45425,201803,0010149,골드만삭스증권회사서울지점,C2,파생상품계약_장외파생상품,0,외국계증권사,B,SF205,각주항목(09.06월 이후)
45426,201803,0010149,골드만삭스증권회사서울지점,C21,파생상품계약_장외파생상품_이자율관련거래,0,외국계증권사,B,SF205,각주항목(09.06월 이후)
45427,201803,0010149,골드만삭스증권회사서울지점,C22,파생상품계약_장외파생상품_통화관련거래,0,외국계증권사,B,SF205,각주항목(09.06월 이후)
45428,201803,0010149,골드만삭스증권회사서울지점,C23,파생상품계약_장외파생상품_주식관련거래,0,외국계증권사,B,SF205,각주항목(09.06월 이후)
45429,201803,0010149,골드만삭스증권회사서울지점,C24,파생상품계약_장외파생상품_신용관련거래,0,외국계증권사,B,SF205,각주항목(09.06월 이후)
45430,201803,0010149,골드만삭스증권회사서울지점,C25,파생상품계약_장외파생상품_기타,0,외국계증권사,B,SF205,각주항목(09.06월 이후)
45431,201803,0010149,골드만삭스증권회사서울지점,D,대차 및 대주거래,0,외국계증권사,B,SF205,각주항목(09.06월 이후)
45432,201803,0010149,골드만삭스증권회사서울지점,D1,대차 및 대주거래_대여증권,0,외국계증권사,B,SF205,각주항목(09.06월 이후)
45433,201803,0010149,골드만삭스증권회사서울지점,D2,대차 및 대주거래_차입증권,0,외국계증권사,B,SF205,각주항목(09.06월 이후)
45434,201803,0010149,골드만삭스증권회사서울지점,D3,대차 및 대주거래_신용거래대주, ,외국계증권사,B,SF205,각주항목(09.06월 이후)
45435,201803,0010149,골드만삭스증권회사서울지점,E,대손상각채권, ,외국계증권사,B,SF205,각주항목(09.06월 이후)
45436,201803,0010149,골드만삭스증권회사서울지점,F,환전업무 예치금,0,외국계증권사,B,SF205,각주항목(09.06월 이후)
45437,201803,0010149,골드만삭스증권회사서울지점,G,미배당별도예치금,200260664,외국계증권사,B,SF205,각주항목(09.06월 이후)
45438,201803,0010149,골드만삭스증권회사서울지점,H,배서어음매출(종금계정),0,외국계증권사,B,SF205,각주항목(09.06월 이후)
45439,201803,0010149,골드만삭스증권회사서울지점,H1,대출채권매매이익_담보부, ,외국계증권사,B,SF205,각주항목(09.06월 이후)
45440,201803,0010149,골드만삭스증권회사서울지점,H2,대출채권매매이익_무담보부, ,외국계증권사,B,SF205,각주항목(09.06월 이후)
45441,201806,0010149,골드만삭스증권회사서울지점,A,채무보증,0,외국계증권사,B,SF205,각주항목(09.06월 이후)
45442,201806,0010149,골드만삭스증권회사서울지점,A1,채무보증_지급보증,0,외국계증권사,B,SF205,각주항목(09.06월 이후)
45443,201806,0010149,골드만삭스증권회사서울지점,A2,채무보증_매입보장약정, ,외국계증권사,B,SF205,각주항목(09.06월 이후)
45444,201806,0010149,골드만삭스증권회사서울지점,A3,채무보증_채무인수약정, ,외국계증권사,B,SF205,각주항목(09.06월 이후)
45445,201806,0010149,골드만삭스증권회사서울지점,A5,채무보증_매입확약,0,외국계증권사,B,SF205,각주항목(09.06월 이후)
45446,201806,0010149,골드만삭스증권회사서울지점,A6,채무보증_기타, ,외국계증권사,B,SF205,각주항목(09.06월 이후)
45447,201806,0010149,골드만삭스증권회사서울지점,B,투자자의 예수증권 등,1891856460152,외국계증권사,B,SF205,각주항목(09.06월 이후)
45448,201806,0010149,골드만삭스증권회사서울지점,B1,투자자의 예수증권 등_예수 증권,1891856460152,외국계증권사,B,SF205,각주항목(09.06월 이후)
45449,201806,0010149,골드만삭스증권회사서울지점,B2,투자자의 예수증권 등_예수양도성예금증서, ,외국계증권사,B,SF205,각주항목(09.06월 이후)
45450,201806,0010149,골드만삭스증권회사서울지점,B3,투자자의 예수증권 등_기타, ,외국계증권사,B,SF205,각주항목(09.06월 이후)
45451,201806,0010149,골드만삭스증권회사서울지점,C,파생상품계약,0,외국계증권사,B,SF205,각주항목(09.06월 이후)
45452,201806,0010149,골드만삭스증권회사서울지점,C1,파생상품계약_장내파생상품,0,외국계증권사,B,SF205,각주항목(09.06월 이후)
45453,201806,0010149,골드만삭스증권회사서울지점,C11,파생상품계약_장내파생상품_이자율관련거래,0,외국계증권사,B,SF205,각주항목(09.06월 이후)
45454,201806,0010149,골드만삭스증권회사서울지점,C12,파생상품계약_장내파생상품_통화관련거래,0,외국계증권사,B,SF205,각주항목(09.06월 이후)
45455,201806,0010149,골드만삭스증권회사서울지점,C13,파생상품계약_장내파생상품_주식관련거래,0,외국계증권사,B,SF205,각주항목(09.06월 이후)
45456,201806,0010149,골드만삭스증권회사서울지점,C14,파생상품계약_장내파생상품_일반상품관련거래,0,외국계증권사,B,SF205,각주항목(09.06월 이후)
45457,201806,0010149,골드만삭스증권회사서울지점,C15,파생상품계약_장내파생상품_기타,0,외국계증권사,B,SF205,각주항목(09.06월 이후)
45458,201806,0010149,골드만삭스증권회사서울지점,C2,파생상품계약_장외파생상품,0,외국계증권사,B,SF205,각주항목(09.06월 이후)
45459,201806,0010149,골드만삭스증권회사서울지점,C21,파생상품계약_장외파생상품_이자율관련거래,0,외국계증권사,B,SF205,각주항목(09.06월 이후)
45460,201806,0010149,골드만삭스증권회사서울지점,C22,파생상품계약_장외파생상품_통화관련거래,0,외국계증권사,B,SF205,각주항목(09.06월 이후)
45461,201806,0010149,골드만삭스증권회사서울지점,C23,파생상품계약_장외파생상품_주식관련거래,0,외국계증권사,B,SF205,각주항목(09.06월 이후)
45462,201806,0010149,골드만삭스증권회사서울지점,C24,파생상품계약_장외파생상품_신용관련거래,0,외국계증권사,B,SF205,각주항목(09.06월 이후)
45463,201806,0010149,골드만삭스증권회사서울지점,C25,파생상품계약_장외파생상품_기타,0,외국계증권사,B,SF205,각주항목(09.06월 이후)
45464,201806,0010149,골드만삭스증권회사서울지점,D,대차 및 대주거래,0,외국계증권사,B,SF205,각주항목(09.06월 이후)
45465,201806,0010149,골드만삭스증권회사서울지점,D1,대차 및 대주거래_대여증권,0,외국계증권사,B,SF205,각주항목(09.06월 이후)
45466,201806,0010149,골드만삭스증권회사서울지점,D2,대차 및 대주거래_차입증권,0,외국계증권사,B,SF205,각주항목(09.06월 이후)
45467,201806,0010149,골드만삭스증권회사서울지점,D3,대차 및 대주거래_신용거래대주, ,외국계증권사,B,SF205,각주항목(09.06월 이후)
45468,201806,0010149,골드만삭스증권회사서울지점,E,대손상각채권, ,외국계증권사,B,SF205,각주항목(09.06월 이후)
45469,201806,0010149,골드만삭스증권회사서울지점,F,환전업무 예치금,0,외국계증권사,B,SF205,각주항목(09.06월 이후)
45470,201806,0010149,골드만삭스증권회사서울지점,G,미배당별도예치금,417367748,외국계증권사,B,SF205,각주항목(09.06월 이후)
45471,201806,0010149,골드만삭스증권회사서울지점,H,배서어음매출(종금계정),0,외국계증권사,B,SF205,각주항목(09.06월 이후)
45472,201806,0010149,골드만삭스증권회사서울지점,H1,대출채권매매이익_담보부, ,외국계증권사,B,SF205,각주항목(09.06월 이후)
45473,201806,0010149,골드만삭스증권회사서울지점,H2,대출채권매매이익_무담보부, ,외국계증권사,B,SF205,각주항목(09.06월 이후)
45474,201809,0010149,골드만삭스증권회사서울지점,A,채무보증,0,외국계증권사,B,SF205,각주항목(09.06월 이후)
45475,201809,0010149,골드만삭스증권회사서울지점,A1,채무보증_지급보증,0,외국계증권사,B,SF205,각주항목(09.06월 이후)
45476,201809,0010149,골드만삭스증권회사서울지점,A2,채무보증_매입보장약정, ,외국계증권사,B,SF205,각주항목(09.06월 이후)
45477,201809,0010149,골드만삭스증권회사서울지점,A3,채무보증_채무인수약정, ,외국계증권사,B,SF205,각주항목(09.06월 이후)
45478,201809,0010149,골드만삭스증권회사서울지점,A5,채무보증_매입확약,0,외국계증권사,B,SF205,각주항목(09.06월 이후)
45479,201809,0010149,골드만삭스증권회사서울지점,A6,채무보증_기타, ,외국계증권사,B,SF205,각주항목(09.06월 이후)
45480,201809,0010149,골드만삭스증권회사서울지점,B,투자자의 예수증권 등,2560407482246,외국계증권사,B,SF205,각주항목(09.06월 이후)
45481,201809,0010149,골드만삭스증권회사서울지점,B1,투자자의 예수증권 등_예수 증권,2560407482246,외국계증권사,B,SF205,각주항목(09.06월 이후)
45482,201809,0010149,골드만삭스증권회사서울지점,B2,투자자의 예수증권 등_예수양도성예금증서, ,외국계증권사,B,SF205,각주항목(09.06월 이후)
45483,201809,0010149,골드만삭스증권회사서울지점,B3,투자자의 예수증권 등_기타, ,외국계증권사,B,SF205,각주항목(09.06월 이후)
45484,201809,0010149,골드만삭스증권회사서울지점,C,파생상품계약,0,외국계증권사,B,SF205,각주항목(09.06월 이후)
45485,201809,0010149,골드만삭스증권회사서울지점,C1,파생상품계약_장내파생상품,0,외국계증권사,B,SF205,각주항목(09.06월 이후)
45486,201809,0010149,골드만삭스증권회사서울지점,C11,파생상품계약_장내파생상품_이자율관련거래,0,외국계증권사,B,SF205,각주항목(09.06월 이후)
45487,201809,0010149,골드만삭스증권회사서울지점,C12,파생상품계약_장내파생상품_통화관련거래,0,외국계증권사,B,SF205,각주항목(09.06월 이후)
45488,201809,0010149,골드만삭스증권회사서울지점,C13,파생상품계약_장내파생상품_주식관련거래,0,외국계증권사,B,SF205,각주항목(09.06월 이후)
45489,201809,0010149,골드만삭스증권회사서울지점,C14,파생상품계약_장내파생상품_일반상품관련거래,0,외국계증권사,B,SF205,각주항목(09.06월 이후)
45490,201809,0010149,골드만삭스증권회사서울지점,C15,파생상품계약_장내파생상품_기타,0,외국계증권사,B,SF205,각주항목(09.06월 이후)
45491,201809,0010149,골드만삭스증권회사서울지점,C2,파생상품계약_장외파생상품,0,외국계증권사,B,SF205,각주항목(09.06월 이후)
45492,201809,0010149,골드만삭스증권회사서울지점,C21,파생상품계약_장외파생상품_이자율관련거래,0,외국계증권사,B,SF205,각주항목(09.06월 이후)
45493,201809,0010149,골드만삭스증권회사서울지점,C22,파생상품계약_장외파생상품_통화관련거래,0,외국계증권사,B,SF205,각주항목(09.06월 이후)
45494,201809,0010149,골드만삭스증권회사서울지점,C23,파생상품계약_장외파생상품_주식관련거래,0,외국계증권사,B,SF205,각주항목(09.06월 이후)
45495,201809,0010149,골드만삭스증권회사서울지점,C24,파생상품계약_장외파생상품_신용관련거래,0,외국계증권사,B,SF205,각주항목(09.06월 이후)
45496,201809,0010149,골드만삭스증권회사서울지점,C25,파생상품계약_장외파생상품_기타,0,외국계증권사,B,SF205,각주항목(09.06월 이후)
45497,201809,0010149,골드만삭스증권회사서울지점,D,대차 및 대주거래,0,외국계증권사,B,SF205,각주항목(09.06월 이후)
45498,201809,0010149,골드만삭스증권회사서울지점,D1,대차 및 대주거래_대여증권,0,외국계증권사,B,SF205,각주항목(09.06월 이후)
45499,201809,0010149,골드만삭스증권회사서울지점,D2,대차 및 대주거래_차입증권,0,외국계증권사,B,SF205,각주항목(09.06월 이후)
45500,201809,0010149,골드만삭스증권회사서울지점,D3,대차 및 대주거래_신용거래대주, ,외국계증권사,B,SF205,각주항목(09.06월 이후)
45501,201809,0010149,골드만삭스증권회사서울지점,E,대손상각채권, ,외국계증권사,B,SF205,각주항목(09.06월 이후)
45502,201809,0010149,골드만삭스증권회사서울지점,F,환전업무 예치금,0,외국계증권사,B,SF205,각주항목(09.06월 이후)
45503,201809,0010149,골드만삭스증권회사서울지점,G,미배당별도예치금,760250265,외국계증권사,B,SF205,각주항목(09.06월 이후)
45504,201809,0010149,골드만삭스증권회사서울지점,H,배서어음매출(종금계정),0,외국계증권사,B,SF205,각주항목(09.06월 이후)
45505,201809,0010149,골드만삭스증권회사서울지점,H1,대출채권매매이익_담보부, ,외국계증권사,B,SF205,각주항목(09.06월 이후)
45506,201809,0010149,골드만삭스증권회사서울지점,H2,대출채권매매이익_무담보부, ,외국계증권사,B,SF205,각주항목(09.06월 이후)
45507,201812,0010149,골드만삭스증권회사서울지점,A,채무보증,0,외국계증권사,B,SF205,각주항목(09.06월 이후)
45508,201812,0010149,골드만삭스증권회사서울지점,A1,채무보증_지급보증,0,외국계증권사,B,SF205,각주항목(09.06월 이후)
45509,201812,0010149,골드만삭스증권회사서울지점,A2,채무보증_매입보장약정, ,외국계증권사,B,SF205,각주항목(09.06월 이후)
45510,201812,0010149,골드만삭스증권회사서울지점,A3,채무보증_채무인수약정, ,외국계증권사,B,SF205,각주항목(09.06월 이후)
45511,201812,0010149,골드만삭스증권회사서울지점,A5,채무보증_매입확약,0,외국계증권사,B,SF205,각주항목(09.06월 이후)
45512,201812,0010149,골드만삭스증권회사서울지점,A6,채무보증_기타, ,외국계증권사,B,SF205,각주항목(09.06월 이후)
45513,201812,0010149,골드만삭스증권회사서울지점,B,투자자의 예수증권 등,1802498990549,외국계증권사,B,SF205,각주항목(09.06월 이후)
45514,201812,0010149,골드만삭스증권회사서울지점,B1,투자자의 예수증권 등_예수 증권,1802498990549,외국계증권사,B,SF205,각주항목(09.06월 이후)
45515,201812,0010149,골드만삭스증권회사서울지점,B2,투자자의 예수증권 등_예수양도성예금증서, ,외국계증권사,B,SF205,각주항목(09.06월 이후)
45516,201812,0010149,골드만삭스증권회사서울지점,B3,투자자의 예수증권 등_기타, ,외국계증권사,B,SF205,각주항목(09.06월 이후)
45517,201812,0010149,골드만삭스증권회사서울지점,C,파생상품계약,0,외국계증권사,B,SF205,각주항목(09.06월 이후)
45518,201812,0010149,골드만삭스증권회사서울지점,C1,파생상품계약_장내파생상품,0,외국계증권사,B,SF205,각주항목(09.06월 이후)
45519,201812,0010149,골드만삭스증권회사서울지점,C11,파생상품계약_장내파생상품_이자율관련거래,0,외국계증권사,B,SF205,각주항목(09.06월 이후)
45520,201812,0010149,골드만삭스증권회사서울지점,C12,파생상품계약_장내파생상품_통화관련거래,0,외국계증권사,B,SF205,각주항목(09.06월 이후)
45521,201812,0010149,골드만삭스증권회사서울지점,C13,파생상품계약_장내파생상품_주식관련거래,0,외국계증권사,B,SF205,각주항목(09.06월 이후)
45522,201812,0010149,골드만삭스증권회사서울지점,C14,파생상품계약_장내파생상품_일반상품관련거래,0,외국계증권사,B,SF205,각주항목(09.06월 이후)
45523,201812,0010149,골드만삭스증권회사서울지점,C15,파생상품계약_장내파생상품_기타,0,외국계증권사,B,SF205,각주항목(09.06월 이후)
45524,201812,0010149,골드만삭스증권회사서울지점,C2,파생상품계약_장외파생상품,0,외국계증권사,B,SF205,각주항목(09.06월 이후)
45525,201812,0010149,골드만삭스증권회사서울지점,C21,파생상품계약_장외파생상품_이자율관련거래,0,외국계증권사,B,SF205,각주항목(09.06월 이후)
45526,201812,0010149,골드만삭스증권회사서울지점,C22,파생상품계약_장외파생상품_통화관련거래,0,외국계증권사,B,SF205,각주항목(09.06월 이후)
45527,201812,0010149,골드만삭스증권회사서울지점,C23,파생상품계약_장외파생상품_주식관련거래,0,외국계증권사,B,SF205,각주항목(09.06월 이후)
45528,201812,0010149,골드만삭스증권회사서울지점,C24,파생상품계약_장외파생상품_신용관련거래,0,외국계증권사,B,SF205,각주항목(09.06월 이후)
45529,201812,0010149,골드만삭스증권회사서울지점,C25,파생상품계약_장외파생상품_기타,0,외국계증권사,B,SF205,각주항목(09.06월 이후)
45530,201812,0010149,골드만삭스증권회사서울지점,D,대차 및 대주거래,0,외국계증권사,B,SF205,각주항목(09.06월 이후)
45531,201812,0010149,골드만삭스증권회사서울지점,D1,대차 및 대주거래_대여증권,0,외국계증권사,B,SF205,각주항목(09.06월 이후)
45532,201812,0010149,골드만삭스증권회사서울지점,D2,대차 및 대주거래_차입증권,0,외국계증권사,B,SF205,각주항목(09.06월 이후)
45533,201812,0010149,골드만삭스증권회사서울지점,D3,대차 및 대주거래_신용거래대주, ,외국계증권사,B,SF205,각주항목(09.06월 이후)
45534,201812,0010149,골드만삭스증권회사서울지점,E,대손상각채권, ,외국계증권사,B,SF205,각주항목(09.06월 이후)
45535,201812,0010149,골드만삭스증권회사서울지점,F,환전업무 예치금,0,외국계증권사,B,SF205,각주항목(09.06월 이후)
45536,201812,0010149,골드만삭스증권회사서울지점,G,미배당별도예치금,1092515347,외국계증권사,B,SF205,각주항목(09.06월 이후)
45537,201812,0010149,골드만삭스증권회사서울지점,H,배서어음매출(종금계정),0,외국계증권사,B,SF205,각주항목(09.06월 이후)
45538,201812,0010149,골드만삭스증권회사서울지점,H1,대출채권매매이익_담보부, ,외국계증권사,B,SF205,각주항목(09.06월 이후)
45539,201812,0010149,골드만삭스증권회사서울지점,H2,대출채권매매이익_무담보부, ,외국계증권사,B,SF205,각주항목(09.06월 이후)
45540,201903,0010149,골드만삭스증권회사서울지점,A,채무보증,0,외국계증권사,B,SF205,각주항목(09.06월 이후)
45541,201903,0010149,골드만삭스증권회사서울지점,A1,채무보증_지급보증,0,외국계증권사,B,SF205,각주항목(09.06월 이후)
45542,201903,0010149,골드만삭스증권회사서울지점,A2,채무보증_매입보장약정, ,외국계증권사,B,SF205,각주항목(09.06월 이후)
45543,201903,0010149,골드만삭스증권회사서울지점,A3,채무보증_채무인수약정, ,외국계증권사,B,SF205,각주항목(09.06월 이후)
45544,201903,0010149,골드만삭스증권회사서울지점,A5,채무보증_매입확약,0,외국계증권사,B,SF205,각주항목(09.06월 이후)
45545,201903,0010149,골드만삭스증권회사서울지점,A6,채무보증_기타, ,외국계증권사,B,SF205,각주항목(09.06월 이후)
45546,201903,0010149,골드만삭스증권회사서울지점,B,투자자의 예수증권 등,2231616114641,외국계증권사,B,SF205,각주항목(09.06월 이후)
45547,201903,0010149,골드만삭스증권회사서울지점,B1,투자자의 예수증권 등_예수 증권,2231616114641,외국계증권사,B,SF205,각주항목(09.06월 이후)
45548,201903,0010149,골드만삭스증권회사서울지점,B2,투자자의 예수증권 등_예수양도성예금증서, ,외국계증권사,B,SF205,각주항목(09.06월 이후)
45549,201903,0010149,골드만삭스증권회사서울지점,B3,투자자의 예수증권 등_기타, ,외국계증권사,B,SF205,각주항목(09.06월 이후)
45550,201903,0010149,골드만삭스증권회사서울지점,C,파생상품계약,0,외국계증권사,B,SF205,각주항목(09.06월 이후)
45551,201903,0010149,골드만삭스증권회사서울지점,C1,파생상품계약_장내파생상품,0,외국계증권사,B,SF205,각주항목(09.06월 이후)
45552,201903,0010149,골드만삭스증권회사서울지점,C11,파생상품계약_장내파생상품_이자율관련거래,0,외국계증권사,B,SF205,각주항목(09.06월 이후)
45553,201903,0010149,골드만삭스증권회사서울지점,C12,파생상품계약_장내파생상품_통화관련거래,0,외국계증권사,B,SF205,각주항목(09.06월 이후)
45554,201903,0010149,골드만삭스증권회사서울지점,C13,파생상품계약_장내파생상품_주식관련거래,0,외국계증권사,B,SF205,각주항목(09.06월 이후)
45555,201903,0010149,골드만삭스증권회사서울지점,C14,파생상품계약_장내파생상품_일반상품관련거래,0,외국계증권사,B,SF205,각주항목(09.06월 이후)
45556,201903,0010149,골드만삭스증권회사서울지점,C15,파생상품계약_장내파생상품_기타,0,외국계증권사,B,SF205,각주항목(09.06월 이후)
45557,201903,0010149,골드만삭스증권회사서울지점,C2,파생상품계약_장외파생상품,0,외국계증권사,B,SF205,각주항목(09.06월 이후)
45558,201903,0010149,골드만삭스증권회사서울지점,C21,파생상품계약_장외파생상품_이자율관련거래,0,외국계증권사,B,SF205,각주항목(09.06월 이후)
45559,201903,0010149,골드만삭스증권회사서울지점,C22,파생상품계약_장외파생상품_통화관련거래,0,외국계증권사,B,SF205,각주항목(09.06월 이후)
45560,201903,0010149,골드만삭스증권회사서울지점,C23,파생상품계약_장외파생상품_주식관련거래,0,외국계증권사,B,SF205,각주항목(09.06월 이후)
45561,201903,0010149,골드만삭스증권회사서울지점,C24,파생상품계약_장외파생상품_신용관련거래,0,외국계증권사,B,SF205,각주항목(09.06월 이후)
45562,201903,0010149,골드만삭스증권회사서울지점,C25,파생상품계약_장외파생상품_기타,0,외국계증권사,B,SF205,각주항목(09.06월 이후)
45563,201903,0010149,골드만삭스증권회사서울지점,D,대차 및 대주거래,0,외국계증권사,B,SF205,각주항목(09.06월 이후)
45564,201903,0010149,골드만삭스증권회사서울지점,D1,대차 및 대주거래_대여증권,0,외국계증권사,B,SF205,각주항목(09.06월 이후)
45565,201903,0010149,골드만삭스증권회사서울지점,D2,대차 및 대주거래_차입증권,0,외국계증권사,B,SF205,각주항목(09.06월 이후)
45566,201903,0010149,골드만삭스증권회사서울지점,D3,대차 및 대주거래_신용거래대주, ,외국계증권사,B,SF205,각주항목(09.06월 이후)
45567,201903,0010149,골드만삭스증권회사서울지점,E,대손상각채권, ,외국계증권사,B,SF205,각주항목(09.06월 이후)
45568,201903,0010149,골드만삭스증권회사서울지점,F,환전업무 예치금,0,외국계증권사,B,SF205,각주항목(09.06월 이후)
45569,201903,0010149,골드만삭스증권회사서울지점,G,미배당별도예치금,210203207,외국계증권사,B,SF205,각주항목(09.06월 이후)
45570,201903,0010149,골드만삭스증권회사서울지점,H,배서어음매출(종금계정),0,외국계증권사,B,SF205,각주항목(09.06월 이후)
45571,201903,0010149,골드만삭스증권회사서울지점,H1,대출채권매매이익_담보부, ,외국계증권사,B,SF205,각주항목(09.06월 이후)
45572,201903,0010149,골드만삭스증권회사서울지점,H2,대출채권매매이익_무담보부, ,외국계증권사,B,SF205,각주항목(09.06월 이후)
45573,201906,0010149,골드만삭스증권회사서울지점,A,채무보증,0,외국계증권사,B,SF205,각주항목(09.06월 이후)
45574,201906,0010149,골드만삭스증권회사서울지점,A1,채무보증_지급보증,0,외국계증권사,B,SF205,각주항목(09.06월 이후)
45575,201906,0010149,골드만삭스증권회사서울지점,A2,채무보증_매입보장약정, ,외국계증권사,B,SF205,각주항목(09.06월 이후)
45576,201906,0010149,골드만삭스증권회사서울지점,A3,채무보증_채무인수약정, ,외국계증권사,B,SF205,각주항목(09.06월 이후)
45577,201906,0010149,골드만삭스증권회사서울지점,A5,채무보증_매입확약,0,외국계증권사,B,SF205,각주항목(09.06월 이후)
45578,201906,0010149,골드만삭스증권회사서울지점,A6,채무보증_기타, ,외국계증권사,B,SF205,각주항목(09.06월 이후)
45579,201906,0010149,골드만삭스증권회사서울지점,B,투자자의 예수증권 등,0,외국계증권사,B,SF205,각주항목(09.06월 이후)
45580,201906,0010149,골드만삭스증권회사서울지점,B1,투자자의 예수증권 등_예수 증권,0,외국계증권사,B,SF205,각주항목(09.06월 이후)
45581,201906,0010149,골드만삭스증권회사서울지점,B2,투자자의 예수증권 등_예수양도성예금증서, ,외국계증권사,B,SF205,각주항목(09.06월 이후)
45582,201906,0010149,골드만삭스증권회사서울지점,B3,투자자의 예수증권 등_기타, ,외국계증권사,B,SF205,각주항목(09.06월 이후)
45583,201906,0010149,골드만삭스증권회사서울지점,C,파생상품계약,23455200000,외국계증권사,B,SF205,각주항목(09.06월 이후)
45584,201906,0010149,골드만삭스증권회사서울지점,C1,파생상품계약_장내파생상품,23455200000,외국계증권사,B,SF205,각주항목(09.06월 이후)
45585,201906,0010149,골드만삭스증권회사서울지점,C11,파생상품계약_장내파생상품_이자율관련거래,0,외국계증권사,B,SF205,각주항목(09.06월 이후)
45586,201906,0010149,골드만삭스증권회사서울지점,C12,파생상품계약_장내파생상품_통화관련거래,0,외국계증권사,B,SF205,각주항목(09.06월 이후)
45587,201906,0010149,골드만삭스증권회사서울지점,C13,파생상품계약_장내파생상품_주식관련거래,23455200000,외국계증권사,B,SF205,각주항목(09.06월 이후)
45588,201906,0010149,골드만삭스증권회사서울지점,C14,파생상품계약_장내파생상품_일반상품관련거래,0,외국계증권사,B,SF205,각주항목(09.06월 이후)
45589,201906,0010149,골드만삭스증권회사서울지점,C15,파생상품계약_장내파생상품_기타,0,외국계증권사,B,SF205,각주항목(09.06월 이후)
45590,201906,0010149,골드만삭스증권회사서울지점,C2,파생상품계약_장외파생상품,0,외국계증권사,B,SF205,각주항목(09.06월 이후)
45591,201906,0010149,골드만삭스증권회사서울지점,C21,파생상품계약_장외파생상품_이자율관련거래,0,외국계증권사,B,SF205,각주항목(09.06월 이후)
45592,201906,0010149,골드만삭스증권회사서울지점,C22,파생상품계약_장외파생상품_통화관련거래,0,외국계증권사,B,SF205,각주항목(09.06월 이후)
45593,201906,0010149,골드만삭스증권회사서울지점,C23,파생상품계약_장외파생상품_주식관련거래,0,외국계증권사,B,SF205,각주항목(09.06월 이후)
45594,201906,0010149,골드만삭스증권회사서울지점,C24,파생상품계약_장외파생상품_신용관련거래,0,외국계증권사,B,SF205,각주항목(09.06월 이후)
45595,201906,0010149,골드만삭스증권회사서울지점,C25,파생상품계약_장외파생상품_기타,0,외국계증권사,B,SF205,각주항목(09.06월 이후)
45596,201906,0010149,골드만삭스증권회사서울지점,D,대차 및 대주거래,0,외국계증권사,B,SF205,각주항목(09.06월 이후)
45597,201906,0010149,골드만삭스증권회사서울지점,D1,대차 및 대주거래_대여증권,0,외국계증권사,B,SF205,각주항목(09.06월 이후)
45598,201906,0010149,골드만삭스증권회사서울지점,D2,대차 및 대주거래_차입증권,0,외국계증권사,B,SF205,각주항목(09.06월 이후)
45599,201906,0010149,골드만삭스증권회사서울지점,D3,대차 및 대주거래_신용거래대주, ,외국계증권사,B,SF205,각주항목(09.06월 이후)
45600,201906,0010149,골드만삭스증권회사서울지점,E,대손상각채권, ,외국계증권사,B,SF205,각주항목(09.06월 이후)
45601,201906,0010149,골드만삭스증권회사서울지점,F,환전업무 예치금,0,외국계증권사,B,SF205,각주항목(09.06월 이후)
45602,201906,0010149,골드만삭스증권회사서울지점,G,미배당별도예치금,440887134,외국계증권사,B,SF205,각주항목(09.06월 이후)
45603,201906,0010149,골드만삭스증권회사서울지점,H,배서어음매출(종금계정),0,외국계증권사,B,SF205,각주항목(09.06월 이후)
45604,201906,0010149,골드만삭스증권회사서울지점,H1,대출채권매매이익_담보부, ,외국계증권사,B,SF205,각주항목(09.06월 이후)
45605,201906,0010149,골드만삭스증권회사서울지점,H2,대출채권매매이익_무담보부, ,외국계증권사,B,SF205,각주항목(09.06월 이후)
45606,201909,0010149,골드만삭스증권회사서울지점,A,채무보증,0,외국계증권사,B,SF205,각주항목(09.06월 이후)
45607,201909,0010149,골드만삭스증권회사서울지점,A1,채무보증_지급보증,0,외국계증권사,B,SF205,각주항목(09.06월 이후)
45608,201909,0010149,골드만삭스증권회사서울지점,A2,채무보증_매입보장약정, ,외국계증권사,B,SF205,각주항목(09.06월 이후)
45609,201909,0010149,골드만삭스증권회사서울지점,A3,채무보증_채무인수약정, ,외국계증권사,B,SF205,각주항목(09.06월 이후)
45610,201909,0010149,골드만삭스증권회사서울지점,A5,채무보증_매입확약,0,외국계증권사,B,SF205,각주항목(09.06월 이후)
45611,201909,0010149,골드만삭스증권회사서울지점,A6,채무보증_기타, ,외국계증권사,B,SF205,각주항목(09.06월 이후)
45612,201909,0010149,골드만삭스증권회사서울지점,B,투자자의 예수증권 등,0,외국계증권사,B,SF205,각주항목(09.06월 이후)
45613,201909,0010149,골드만삭스증권회사서울지점,B1,투자자의 예수증권 등_예수 증권,0,외국계증권사,B,SF205,각주항목(09.06월 이후)
45614,201909,0010149,골드만삭스증권회사서울지점,B2,투자자의 예수증권 등_예수양도성예금증서, ,외국계증권사,B,SF205,각주항목(09.06월 이후)
45615,201909,0010149,골드만삭스증권회사서울지점,B3,투자자의 예수증권 등_기타, ,외국계증권사,B,SF205,각주항목(09.06월 이후)
45616,201909,0010149,골드만삭스증권회사서울지점,C,파생상품계약,48524550000,외국계증권사,B,SF205,각주항목(09.06월 이후)
45617,201909,0010149,골드만삭스증권회사서울지점,C1,파생상품계약_장내파생상품,48524550000,외국계증권사,B,SF205,각주항목(09.06월 이후)
45618,201909,0010149,골드만삭스증권회사서울지점,C11,파생상품계약_장내파생상품_이자율관련거래,0,외국계증권사,B,SF205,각주항목(09.06월 이후)
45619,201909,0010149,골드만삭스증권회사서울지점,C12,파생상품계약_장내파생상품_통화관련거래,0,외국계증권사,B,SF205,각주항목(09.06월 이후)
45620,201909,0010149,골드만삭스증권회사서울지점,C13,파생상품계약_장내파생상품_주식관련거래,48524550000,외국계증권사,B,SF205,각주항목(09.06월 이후)
45621,201909,0010149,골드만삭스증권회사서울지점,C14,파생상품계약_장내파생상품_일반상품관련거래,0,외국계증권사,B,SF205,각주항목(09.06월 이후)
45622,201909,0010149,골드만삭스증권회사서울지점,C15,파생상품계약_장내파생상품_기타,0,외국계증권사,B,SF205,각주항목(09.06월 이후)
45623,201909,0010149,골드만삭스증권회사서울지점,C2,파생상품계약_장외파생상품,0,외국계증권사,B,SF205,각주항목(09.06월 이후)
45624,201909,0010149,골드만삭스증권회사서울지점,C21,파생상품계약_장외파생상품_이자율관련거래,0,외국계증권사,B,SF205,각주항목(09.06월 이후)
45625,201909,0010149,골드만삭스증권회사서울지점,C22,파생상품계약_장외파생상품_통화관련거래,0,외국계증권사,B,SF205,각주항목(09.06월 이후)
45626,201909,0010149,골드만삭스증권회사서울지점,C23,파생상품계약_장외파생상품_주식관련거래,0,외국계증권사,B,SF205,각주항목(09.06월 이후)
45627,201909,0010149,골드만삭스증권회사서울지점,C24,파생상품계약_장외파생상품_신용관련거래,0,외국계증권사,B,SF205,각주항목(09.06월 이후)
45628,201909,0010149,골드만삭스증권회사서울지점,C25,파생상품계약_장외파생상품_기타,0,외국계증권사,B,SF205,각주항목(09.06월 이후)
45629,201909,0010149,골드만삭스증권회사서울지점,D,대차 및 대주거래,0,외국계증권사,B,SF205,각주항목(09.06월 이후)
45630,201909,0010149,골드만삭스증권회사서울지점,D1,대차 및 대주거래_대여증권,0,외국계증권사,B,SF205,각주항목(09.06월 이후)
45631,201909,0010149,골드만삭스증권회사서울지점,D2,대차 및 대주거래_차입증권,0,외국계증권사,B,SF205,각주항목(09.06월 이후)
45632,201909,0010149,골드만삭스증권회사서울지점,D3,대차 및 대주거래_신용거래대주, ,외국계증권사,B,SF205,각주항목(09.06월 이후)
45633,201909,0010149,골드만삭스증권회사서울지점,E,대손상각채권, ,외국계증권사,B,SF205,각주항목(09.06월 이후)
45634,201909,0010149,골드만삭스증권회사서울지점,F,환전업무 예치금,0,외국계증권사,B,SF205,각주항목(09.06월 이후)
45635,201909,0010149,골드만삭스증권회사서울지점,G,미배당별도예치금,713996972,외국계증권사,B,SF205,각주항목(09.06월 이후)
45636,201909,0010149,골드만삭스증권회사서울지점,H,배서어음매출(종금계정),0,외국계증권사,B,SF205,각주항목(09.06월 이후)
45637,201909,0010149,골드만삭스증권회사서울지점,H1,대출채권매매이익_담보부, ,외국계증권사,B,SF205,각주항목(09.06월 이후)
45638,201909,0010149,골드만삭스증권회사서울지점,H2,대출채권매매이익_무담보부, ,외국계증권사,B,SF205,각주항목(09.06월 이후)
45639,201912,0010149,골드만삭스증권회사서울지점,A,채무보증,0,외국계증권사,B,SF205,각주항목(09.06월 이후)
45640,201912,0010149,골드만삭스증권회사서울지점,A1,채무보증_지급보증,0,외국계증권사,B,SF205,각주항목(09.06월 이후)
45641,201912,0010149,골드만삭스증권회사서울지점,A2,채무보증_매입보장약정, ,외국계증권사,B,SF205,각주항목(09.06월 이후)
45642,201912,0010149,골드만삭스증권회사서울지점,A3,채무보증_채무인수약정, ,외국계증권사,B,SF205,각주항목(09.06월 이후)
45643,201912,0010149,골드만삭스증권회사서울지점,A5,채무보증_매입확약,0,외국계증권사,B,SF205,각주항목(09.06월 이후)
45644,201912,0010149,골드만삭스증권회사서울지점,A6,채무보증_기타, ,외국계증권사,B,SF205,각주항목(09.06월 이후)
45645,201912,0010149,골드만삭스증권회사서울지점,B,투자자의 예수증권 등,0,외국계증권사,B,SF205,각주항목(09.06월 이후)
45646,201912,0010149,골드만삭스증권회사서울지점,B1,투자자의 예수증권 등_예수 증권,0,외국계증권사,B,SF205,각주항목(09.06월 이후)
45647,201912,0010149,골드만삭스증권회사서울지점,B2,투자자의 예수증권 등_예수양도성예금증서, ,외국계증권사,B,SF205,각주항목(09.06월 이후)
45648,201912,0010149,골드만삭스증권회사서울지점,B3,투자자의 예수증권 등_기타, ,외국계증권사,B,SF205,각주항목(09.06월 이후)
45649,201912,0010149,골드만삭스증권회사서울지점,C,파생상품계약,121327600000,외국계증권사,B,SF205,각주항목(09.06월 이후)
45650,201912,0010149,골드만삭스증권회사서울지점,C1,파생상품계약_장내파생상품,81327600000,외국계증권사,B,SF205,각주항목(09.06월 이후)
45651,201912,0010149,골드만삭스증권회사서울지점,C11,파생상품계약_장내파생상품_이자율관련거래,0,외국계증권사,B,SF205,각주항목(09.06월 이후)
45652,201912,0010149,골드만삭스증권회사서울지점,C12,파생상품계약_장내파생상품_통화관련거래,0,외국계증권사,B,SF205,각주항목(09.06월 이후)
45653,201912,0010149,골드만삭스증권회사서울지점,C13,파생상품계약_장내파생상품_주식관련거래,81327600000,외국계증권사,B,SF205,각주항목(09.06월 이후)
45654,201912,0010149,골드만삭스증권회사서울지점,C14,파생상품계약_장내파생상품_일반상품관련거래,0,외국계증권사,B,SF205,각주항목(09.06월 이후)
45655,201912,0010149,골드만삭스증권회사서울지점,C15,파생상품계약_장내파생상품_기타,0,외국계증권사,B,SF205,각주항목(09.06월 이후)
45656,201912,0010149,골드만삭스증권회사서울지점,C2,파생상품계약_장외파생상품,40000000000,외국계증권사,B,SF205,각주항목(09.06월 이후)
45657,201912,0010149,골드만삭스증권회사서울지점,C21,파생상품계약_장외파생상품_이자율관련거래,40000000000,외국계증권사,B,SF205,각주항목(09.06월 이후)
45658,201912,0010149,골드만삭스증권회사서울지점,C22,파생상품계약_장외파생상품_통화관련거래,0,외국계증권사,B,SF205,각주항목(09.06월 이후)
45659,201912,0010149,골드만삭스증권회사서울지점,C23,파생상품계약_장외파생상품_주식관련거래,0,외국계증권사,B,SF205,각주항목(09.06월 이후)
45660,201912,0010149,골드만삭스증권회사서울지점,C24,파생상품계약_장외파생상품_신용관련거래,0,외국계증권사,B,SF205,각주항목(09.06월 이후)
45661,201912,0010149,골드만삭스증권회사서울지점,C25,파생상품계약_장외파생상품_기타,0,외국계증권사,B,SF205,각주항목(09.06월 이후)
45662,201912,0010149,골드만삭스증권회사서울지점,D,대차 및 대주거래,0,외국계증권사,B,SF205,각주항목(09.06월 이후)
45663,201912,0010149,골드만삭스증권회사서울지점,D1,대차 및 대주거래_대여증권,0,외국계증권사,B,SF205,각주항목(09.06월 이후)
45664,201912,0010149,골드만삭스증권회사서울지점,D2,대차 및 대주거래_차입증권,0,외국계증권사,B,SF205,각주항목(09.06월 이후)
45665,201912,0010149,골드만삭스증권회사서울지점,D3,대차 및 대주거래_신용거래대주, ,외국계증권사,B,SF205,각주항목(09.06월 이후)
45666,201912,0010149,골드만삭스증권회사서울지점,E,대손상각채권, ,외국계증권사,B,SF205,각주항목(09.06월 이후)
45667,201912,0010149,골드만삭스증권회사서울지점,F,환전업무 예치금,0,외국계증권사,B,SF205,각주항목(09.06월 이후)
45668,201912,0010149,골드만삭스증권회사서울지점,G,미배당별도예치금,1008583818,외국계증권사,B,SF205,각주항목(09.06월 이후)
45669,201912,0010149,골드만삭스증권회사서울지점,H,배서어음매출(종금계정),0,외국계증권사,B,SF205,각주항목(09.06월 이후)
45670,201912,0010149,골드만삭스증권회사서울지점,H1,대출채권매매이익_담보부, ,외국계증권사,B,SF205,각주항목(09.06월 이후)
45671,201912,0010149,골드만삭스증권회사서울지점,H2,대출채권매매이익_무담보부, ,외국계증권사,B,SF205,각주항목(09.06월 이후)
45672,202003,0010149,골드만삭스증권회사서울지점,A,채무보증,0,외국계증권사,B,SF205,각주항목(09.06월 이후)
45673,202003,0010149,골드만삭스증권회사서울지점,A1,채무보증_지급보증,0,외국계증권사,B,SF205,각주항목(09.06월 이후)
45674,202003,0010149,골드만삭스증권회사서울지점,A2,채무보증_매입보장약정, ,외국계증권사,B,SF205,각주항목(09.06월 이후)
45675,202003,0010149,골드만삭스증권회사서울지점,A3,채무보증_채무인수약정, ,외국계증권사,B,SF205,각주항목(09.06월 이후)
45676,202003,0010149,골드만삭스증권회사서울지점,A5,채무보증_매입확약,0,외국계증권사,B,SF205,각주항목(09.06월 이후)
45677,202003,0010149,골드만삭스증권회사서울지점,A6,채무보증_기타, ,외국계증권사,B,SF205,각주항목(09.06월 이후)
45678,202003,0010149,골드만삭스증권회사서울지점,B,투자자의 예수증권 등,0,외국계증권사,B,SF205,각주항목(09.06월 이후)
45679,202003,0010149,골드만삭스증권회사서울지점,B1,투자자의 예수증권 등_예수 증권,0,외국계증권사,B,SF205,각주항목(09.06월 이후)
45680,202003,0010149,골드만삭스증권회사서울지점,B2,투자자의 예수증권 등_예수양도성예금증서, ,외국계증권사,B,SF205,각주항목(09.06월 이후)
45681,202003,0010149,골드만삭스증권회사서울지점,B3,투자자의 예수증권 등_기타, ,외국계증권사,B,SF205,각주항목(09.06월 이후)
45682,202003,0010149,골드만삭스증권회사서울지점,C,파생상품계약,170562000000,외국계증권사,B,SF205,각주항목(09.06월 이후)
45683,202003,0010149,골드만삭스증권회사서울지점,C1,파생상품계약_장내파생상품,30562000000,외국계증권사,B,SF205,각주항목(09.06월 이후)
45684,202003,0010149,골드만삭스증권회사서울지점,C11,파생상품계약_장내파생상품_이자율관련거래,0,외국계증권사,B,SF205,각주항목(09.06월 이후)
45685,202003,0010149,골드만삭스증권회사서울지점,C12,파생상품계약_장내파생상품_통화관련거래,0,외국계증권사,B,SF205,각주항목(09.06월 이후)
45686,202003,0010149,골드만삭스증권회사서울지점,C13,파생상품계약_장내파생상품_주식관련거래,30562000000,외국계증권사,B,SF205,각주항목(09.06월 이후)
45687,202003,0010149,골드만삭스증권회사서울지점,C14,파생상품계약_장내파생상품_일반상품관련거래,0,외국계증권사,B,SF205,각주항목(09.06월 이후)
45688,202003,0010149,골드만삭스증권회사서울지점,C15,파생상품계약_장내파생상품_기타,0,외국계증권사,B,SF205,각주항목(09.06월 이후)
45689,202003,0010149,골드만삭스증권회사서울지점,C2,파생상품계약_장외파생상품,140000000000,외국계증권사,B,SF205,각주항목(09.06월 이후)
45690,202003,0010149,골드만삭스증권회사서울지점,C21,파생상품계약_장외파생상품_이자율관련거래,140000000000,외국계증권사,B,SF205,각주항목(09.06월 이후)
45691,202003,0010149,골드만삭스증권회사서울지점,C22,파생상품계약_장외파생상품_통화관련거래,0,외국계증권사,B,SF205,각주항목(09.06월 이후)
45692,202003,0010149,골드만삭스증권회사서울지점,C23,파생상품계약_장외파생상품_주식관련거래,0,외국계증권사,B,SF205,각주항목(09.06월 이후)
45693,202003,0010149,골드만삭스증권회사서울지점,C24,파생상품계약_장외파생상품_신용관련거래,0,외국계증권사,B,SF205,각주항목(09.06월 이후)
45694,202003,0010149,골드만삭스증권회사서울지점,C25,파생상품계약_장외파생상품_기타,0,외국계증권사,B,SF205,각주항목(09.06월 이후)
45695,202003,0010149,골드만삭스증권회사서울지점,D,대차 및 대주거래,0,외국계증권사,B,SF205,각주항목(09.06월 이후)
45696,202003,0010149,골드만삭스증권회사서울지점,D1,대차 및 대주거래_대여증권,0,외국계증권사,B,SF205,각주항목(09.06월 이후)
45697,202003,0010149,골드만삭스증권회사서울지점,D2,대차 및 대주거래_차입증권,0,외국계증권사,B,SF205,각주항목(09.06월 이후)
45698,202003,0010149,골드만삭스증권회사서울지점,D3,대차 및 대주거래_신용거래대주, ,외국계증권사,B,SF205,각주항목(09.06월 이후)
45699,202003,0010149,골드만삭스증권회사서울지점,E,대손상각채권, ,외국계증권사,B,SF205,각주항목(09.06월 이후)
45700,202003,0010149,골드만삭스증권회사서울지점,F,환전업무 예치금,0,외국계증권사,B,SF205,각주항목(09.06월 이후)
45701,202003,0010149,골드만삭스증권회사서울지점,G,미배당별도예치금,440753821,외국계증권사,B,SF205,각주항목(09.06월 이후)
45702,202003,0010149,골드만삭스증권회사서울지점,H,배서어음매출(종금계정),0,외국계증권사,B,SF205,각주항목(09.06월 이후)
45703,202003,0010149,골드만삭스증권회사서울지점,H1,대출채권매매이익_담보부, ,외국계증권사,B,SF205,각주항목(09.06월 이후)
45704,202003,0010149,골드만삭스증권회사서울지점,H2,대출채권매매이익_무담보부, ,외국계증권사,B,SF205,각주항목(09.06월 이후)
45705,202006,0010149,골드만삭스증권회사서울지점,A,채무보증,0,외국계증권사,B,SF205,각주항목(09.06월 이후)
45706,202006,0010149,골드만삭스증권회사서울지점,A1,채무보증_지급보증,0,외국계증권사,B,SF205,각주항목(09.06월 이후)
45707,202006,0010149,골드만삭스증권회사서울지점,A2,채무보증_매입보장약정,0,외국계증권사,B,SF205,각주항목(09.06월 이후)
45708,202006,0010149,골드만삭스증권회사서울지점,A3,채무보증_채무인수약정,0,외국계증권사,B,SF205,각주항목(09.06월 이후)
45709,202006,0010149,골드만삭스증권회사서울지점,A5,채무보증_매입확약,0,외국계증권사,B,SF205,각주항목(09.06월 이후)
45710,202006,0010149,골드만삭스증권회사서울지점,A6,채무보증_기타,0,외국계증권사,B,SF205,각주항목(09.06월 이후)
45711,202006,0010149,골드만삭스증권회사서울지점,B,투자자의 예수증권 등,0,외국계증권사,B,SF205,각주항목(09.06월 이후)
45712,202006,0010149,골드만삭스증권회사서울지점,B1,투자자의 예수증권 등_예수 증권,0,외국계증권사,B,SF205,각주항목(09.06월 이후)
45713,202006,0010149,골드만삭스증권회사서울지점,B2,투자자의 예수증권 등_예수양도성예금증서,0,외국계증권사,B,SF205,각주항목(09.06월 이후)
45714,202006,0010149,골드만삭스증권회사서울지점,B3,투자자의 예수증권 등_기타,0,외국계증권사,B,SF205,각주항목(09.06월 이후)
45715,202006,0010149,골드만삭스증권회사서울지점,C,파생상품계약,192299000000,외국계증권사,B,SF205,각주항목(09.06월 이후)
45716,202006,0010149,골드만삭스증권회사서울지점,C1,파생상품계약_장내파생상품,52299000000,외국계증권사,B,SF205,각주항목(09.06월 이후)
45717,202006,0010149,골드만삭스증권회사서울지점,C11,파생상품계약_장내파생상품_이자율관련거래,0,외국계증권사,B,SF205,각주항목(09.06월 이후)
45718,202006,0010149,골드만삭스증권회사서울지점,C12,파생상품계약_장내파생상품_통화관련거래,0,외국계증권사,B,SF205,각주항목(09.06월 이후)
45719,202006,0010149,골드만삭스증권회사서울지점,C13,파생상품계약_장내파생상품_주식관련거래,52299000000,외국계증권사,B,SF205,각주항목(09.06월 이후)
45720,202006,0010149,골드만삭스증권회사서울지점,C14,파생상품계약_장내파생상품_일반상품관련거래,0,외국계증권사,B,SF205,각주항목(09.06월 이후)
45721,202006,0010149,골드만삭스증권회사서울지점,C15,파생상품계약_장내파생상품_기타,0,외국계증권사,B,SF205,각주항목(09.06월 이후)
45722,202006,0010149,골드만삭스증권회사서울지점,C2,파생상품계약_장외파생상품,140000000000,외국계증권사,B,SF205,각주항목(09.06월 이후)
45723,202006,0010149,골드만삭스증권회사서울지점,C21,파생상품계약_장외파생상품_이자율관련거래,140000000000,외국계증권사,B,SF205,각주항목(09.06월 이후)
45724,202006,0010149,골드만삭스증권회사서울지점,C22,파생상품계약_장외파생상품_통화관련거래,0,외국계증권사,B,SF205,각주항목(09.06월 이후)
45725,202006,0010149,골드만삭스증권회사서울지점,C23,파생상품계약_장외파생상품_주식관련거래,0,외국계증권사,B,SF205,각주항목(09.06월 이후)
45726,202006,0010149,골드만삭스증권회사서울지점,C24,파생상품계약_장외파생상품_신용관련거래,0,외국계증권사,B,SF205,각주항목(09.06월 이후)
45727,202006,0010149,골드만삭스증권회사서울지점,C25,파생상품계약_장외파생상품_기타,0,외국계증권사,B,SF205,각주항목(09.06월 이후)
45728,202006,0010149,골드만삭스증권회사서울지점,D,대차 및 대주거래,0,외국계증권사,B,SF205,각주항목(09.06월 이후)
45729,202006,0010149,골드만삭스증권회사서울지점,D1,대차 및 대주거래_대여증권,0,외국계증권사,B,SF205,각주항목(09.06월 이후)
45730,202006,0010149,골드만삭스증권회사서울지점,D2,대차 및 대주거래_차입증권,0,외국계증권사,B,SF205,각주항목(09.06월 이후)
45731,202006,0010149,골드만삭스증권회사서울지점,D3,대차 및 대주거래_신용거래대주, ,외국계증권사,B,SF205,각주항목(09.06월 이후)
45732,202006,0010149,골드만삭스증권회사서울지점,E,대손상각채권, ,외국계증권사,B,SF205,각주항목(09.06월 이후)
45733,202006,0010149,골드만삭스증권회사서울지점,F,환전업무 예치금,0,외국계증권사,B,SF205,각주항목(09.06월 이후)
45734,202006,0010149,골드만삭스증권회사서울지점,G,미배당별도예치금,1487639761,외국계증권사,B,SF205,각주항목(09.06월 이후)
45735,202006,0010149,골드만삭스증권회사서울지점,H,배서어음매출(종금계정),0,외국계증권사,B,SF205,각주항목(09.06월 이후)
45736,202006,0010149,골드만삭스증권회사서울지점,H1,대출채권매매이익_담보부,0,외국계증권사,B,SF205,각주항목(09.06월 이후)
45737,202006,0010149,골드만삭스증권회사서울지점,H2,대출채권매매이익_무담보부,0,외국계증권사,B,SF205,각주항목(09.06월 이후)
45738,202009,0010149,골드만삭스증권회사서울지점,A,채무보증,0,외국계증권사,B,SF205,각주항목(09.06월 이후)
45739,202009,0010149,골드만삭스증권회사서울지점,A1,채무보증_지급보증,0,외국계증권사,B,SF205,각주항목(09.06월 이후)
45740,202009,0010149,골드만삭스증권회사서울지점,A2,채무보증_매입보장약정,0,외국계증권사,B,SF205,각주항목(09.06월 이후)
45741,202009,0010149,골드만삭스증권회사서울지점,A3,채무보증_채무인수약정,0,외국계증권사,B,SF205,각주항목(09.06월 이후)
45742,202009,0010149,골드만삭스증권회사서울지점,A5,채무보증_매입확약,0,외국계증권사,B,SF205,각주항목(09.06월 이후)
45743,202009,0010149,골드만삭스증권회사서울지점,A6,채무보증_기타,0,외국계증권사,B,SF205,각주항목(09.06월 이후)
45744,202009,0010149,골드만삭스증권회사서울지점,B,투자자의 예수증권 등,0,외국계증권사,B,SF205,각주항목(09.06월 이후)
45745,202009,0010149,골드만삭스증권회사서울지점,B1,투자자의 예수증권 등_예수 증권,0,외국계증권사,B,SF205,각주항목(09.06월 이후)
45746,202009,0010149,골드만삭스증권회사서울지점,B2,투자자의 예수증권 등_예수양도성예금증서,0,외국계증권사,B,SF205,각주항목(09.06월 이후)
45747,202009,0010149,골드만삭스증권회사서울지점,B3,투자자의 예수증권 등_기타,0,외국계증권사,B,SF205,각주항목(09.06월 이후)
45748,202009,0010149,골드만삭스증권회사서울지점,C,파생상품계약,235328615000,외국계증권사,B,SF205,각주항목(09.06월 이후)
45749,202009,0010149,골드만삭스증권회사서울지점,C1,파생상품계약_장내파생상품,83593615000,외국계증권사,B,SF205,각주항목(09.06월 이후)
45750,202009,0010149,골드만삭스증권회사서울지점,C11,파생상품계약_장내파생상품_이자율관련거래,0,외국계증권사,B,SF205,각주항목(09.06월 이후)
45751,202009,0010149,골드만삭스증권회사서울지점,C12,파생상품계약_장내파생상품_통화관련거래,0,외국계증권사,B,SF205,각주항목(09.06월 이후)
45752,202009,0010149,골드만삭스증권회사서울지점,C13,파생상품계약_장내파생상품_주식관련거래,83593615000,외국계증권사,B,SF205,각주항목(09.06월 이후)
45753,202009,0010149,골드만삭스증권회사서울지점,C14,파생상품계약_장내파생상품_일반상품관련거래,0,외국계증권사,B,SF205,각주항목(09.06월 이후)
45754,202009,0010149,골드만삭스증권회사서울지점,C15,파생상품계약_장내파생상품_기타,0,외국계증권사,B,SF205,각주항목(09.06월 이후)
45755,202009,0010149,골드만삭스증권회사서울지점,C2,파생상품계약_장외파생상품,151735000000,외국계증권사,B,SF205,각주항목(09.06월 이후)
45756,202009,0010149,골드만삭스증권회사서울지점,C21,파생상품계약_장외파생상품_이자율관련거래,140000000000,외국계증권사,B,SF205,각주항목(09.06월 이후)
45757,202009,0010149,골드만삭스증권회사서울지점,C22,파생상품계약_장외파생상품_통화관련거래,11735000000,외국계증권사,B,SF205,각주항목(09.06월 이후)
45758,202009,0010149,골드만삭스증권회사서울지점,C23,파생상품계약_장외파생상품_주식관련거래,0,외국계증권사,B,SF205,각주항목(09.06월 이후)
45759,202009,0010149,골드만삭스증권회사서울지점,C24,파생상품계약_장외파생상품_신용관련거래,0,외국계증권사,B,SF205,각주항목(09.06월 이후)
45760,202009,0010149,골드만삭스증권회사서울지점,C25,파생상품계약_장외파생상품_기타,0,외국계증권사,B,SF205,각주항목(09.06월 이후)
45761,202009,0010149,골드만삭스증권회사서울지점,D,대차 및 대주거래,332937520,외국계증권사,B,SF205,각주항목(09.06월 이후)
45762,202009,0010149,골드만삭스증권회사서울지점,D1,대차 및 대주거래_대여증권,0,외국계증권사,B,SF205,각주항목(09.06월 이후)
45763,202009,0010149,골드만삭스증권회사서울지점,D2,대차 및 대주거래_차입증권,332937520,외국계증권사,B,SF205,각주항목(09.06월 이후)
45764,202009,0010149,골드만삭스증권회사서울지점,D3,대차 및 대주거래_신용거래대주,0,외국계증권사,B,SF205,각주항목(09.06월 이후)
45765,202009,0010149,골드만삭스증권회사서울지점,E,대손상각채권,0,외국계증권사,B,SF205,각주항목(09.06월 이후)
45766,202009,0010149,골드만삭스증권회사서울지점,F,환전업무 예치금,0,외국계증권사,B,SF205,각주항목(09.06월 이후)
45767,202009,0010149,골드만삭스증권회사서울지점,G,미배당별도예치금,2430563396,외국계증권사,B,SF205,각주항목(09.06월 이후)
45768,202009,0010149,골드만삭스증권회사서울지점,H,배서어음매출(종금계정),0,외국계증권사,B,SF205,각주항목(09.06월 이후)
45769,202009,0010149,골드만삭스증권회사서울지점,H1,대출채권매매이익_담보부,0,외국계증권사,B,SF205,각주항목(09.06월 이후)
45770,202009,0010149,골드만삭스증권회사서울지점,H2,대출채권매매이익_무담보부,0,외국계증권사,B,SF205,각주항목(09.06월 이후)
45771,202012,0010149,골드만삭스증권회사서울지점,A,채무보증,0,외국계증권사,B,SF205,각주항목(09.06월 이후)
45772,202012,0010149,골드만삭스증권회사서울지점,A1,채무보증_지급보증,0,외국계증권사,B,SF205,각주항목(09.06월 이후)
45773,202012,0010149,골드만삭스증권회사서울지점,A2,채무보증_매입보장약정, ,외국계증권사,B,SF205,각주항목(09.06월 이후)
45774,202012,0010149,골드만삭스증권회사서울지점,A3,채무보증_채무인수약정, ,외국계증권사,B,SF205,각주항목(09.06월 이후)
45775,202012,0010149,골드만삭스증권회사서울지점,A5,채무보증_매입확약,0,외국계증권사,B,SF205,각주항목(09.06월 이후)
45776,202012,0010149,골드만삭스증권회사서울지점,A6,채무보증_기타, ,외국계증권사,B,SF205,각주항목(09.06월 이후)
45777,202012,0010149,골드만삭스증권회사서울지점,B,투자자의 예수증권 등,0,외국계증권사,B,SF205,각주항목(09.06월 이후)
45778,202012,0010149,골드만삭스증권회사서울지점,B1,투자자의 예수증권 등_예수 증권,0,외국계증권사,B,SF205,각주항목(09.06월 이후)
45779,202012,0010149,골드만삭스증권회사서울지점,B2,투자자의 예수증권 등_예수양도성예금증서, ,외국계증권사,B,SF205,각주항목(09.06월 이후)
45780,202012,0010149,골드만삭스증권회사서울지점,B3,투자자의 예수증권 등_기타, ,외국계증권사,B,SF205,각주항목(09.06월 이후)
45781,202012,0010149,골드만삭스증권회사서울지점,C,파생상품계약,196648900000,외국계증권사,B,SF205,각주항목(09.06월 이후)
45782,202012,0010149,골드만삭스증권회사서울지점,C1,파생상품계약_장내파생상품,56648900000,외국계증권사,B,SF205,각주항목(09.06월 이후)
45783,202012,0010149,골드만삭스증권회사서울지점,C11,파생상품계약_장내파생상품_이자율관련거래,0,외국계증권사,B,SF205,각주항목(09.06월 이후)
45784,202012,0010149,골드만삭스증권회사서울지점,C12,파생상품계약_장내파생상품_통화관련거래,0,외국계증권사,B,SF205,각주항목(09.06월 이후)
45785,202012,0010149,골드만삭스증권회사서울지점,C13,파생상품계약_장내파생상품_주식관련거래,56648900000,외국계증권사,B,SF205,각주항목(09.06월 이후)
45786,202012,0010149,골드만삭스증권회사서울지점,C14,파생상품계약_장내파생상품_일반상품관련거래,0,외국계증권사,B,SF205,각주항목(09.06월 이후)
45787,202012,0010149,골드만삭스증권회사서울지점,C15,파생상품계약_장내파생상품_기타,0,외국계증권사,B,SF205,각주항목(09.06월 이후)
45788,202012,0010149,골드만삭스증권회사서울지점,C2,파생상품계약_장외파생상품,140000000000,외국계증권사,B,SF205,각주항목(09.06월 이후)
45789,202012,0010149,골드만삭스증권회사서울지점,C21,파생상품계약_장외파생상품_이자율관련거래,140000000000,외국계증권사,B,SF205,각주항목(09.06월 이후)
45790,202012,0010149,골드만삭스증권회사서울지점,C22,파생상품계약_장외파생상품_통화관련거래,0,외국계증권사,B,SF205,각주항목(09.06월 이후)
45791,202012,0010149,골드만삭스증권회사서울지점,C23,파생상품계약_장외파생상품_주식관련거래,0,외국계증권사,B,SF205,각주항목(09.06월 이후)
45792,202012,0010149,골드만삭스증권회사서울지점,C24,파생상품계약_장외파생상품_신용관련거래,0,외국계증권사,B,SF205,각주항목(09.06월 이후)
45793,202012,0010149,골드만삭스증권회사서울지점,C25,파생상품계약_장외파생상품_기타,0,외국계증권사,B,SF205,각주항목(09.06월 이후)
45794,202012,0010149,골드만삭스증권회사서울지점,D,대차 및 대주거래,0,외국계증권사,B,SF205,각주항목(09.06월 이후)
45795,202012,0010149,골드만삭스증권회사서울지점,D1,대차 및 대주거래_대여증권,0,외국계증권사,B,SF205,각주항목(09.06월 이후)
45796,202012,0010149,골드만삭스증권회사서울지점,D2,대차 및 대주거래_차입증권,0,외국계증권사,B,SF205,각주항목(09.06월 이후)
45797,202012,0010149,골드만삭스증권회사서울지점,D3,대차 및 대주거래_신용거래대주, ,외국계증권사,B,SF205,각주항목(09.06월 이후)
45798,202012,0010149,골드만삭스증권회사서울지점,E,대손상각채권, ,외국계증권사,B,SF205,각주항목(09.06월 이후)
45799,202012,0010149,골드만삭스증권회사서울지점,F,환전업무 예치금,0,외국계증권사,B,SF205,각주항목(09.06월 이후)
45800,202012,0010149,골드만삭스증권회사서울지점,G,미배당별도예치금,3072556488,외국계증권사,B,SF205,각주항목(09.06월 이후)
45801,202012,0010149,골드만삭스증권회사서울지점,H,배서어음매출(종금계정),0,외국계증권사,B,SF205,각주항목(09.06월 이후)
45802,202012,0010149,골드만삭스증권회사서울지점,H1,대출채권매매이익_담보부, ,외국계증권사,B,SF205,각주항목(09.06월 이후)
45803,202012,0010149,골드만삭스증권회사서울지점,H2,대출채권매매이익_무담보부, ,외국계증권사,B,SF205,각주항목(09.06월 이후)
45804,202103,0010149,골드만삭스증권회사서울지점,A,채무보증,0,외국계증권사,B,SF205,각주항목(09.06월 이후)
45805,202103,0010149,골드만삭스증권회사서울지점,A1,채무보증_지급보증,0,외국계증권사,B,SF205,각주항목(09.06월 이후)
45806,202103,0010149,골드만삭스증권회사서울지점,A2,채무보증_매입보장약정, ,외국계증권사,B,SF205,각주항목(09.06월 이후)
45807,202103,0010149,골드만삭스증권회사서울지점,A3,채무보증_채무인수약정, ,외국계증권사,B,SF205,각주항목(09.06월 이후)
45808,202103,0010149,골드만삭스증권회사서울지점,A5,채무보증_매입확약,0,외국계증권사,B,SF205,각주항목(09.06월 이후)
45809,202103,0010149,골드만삭스증권회사서울지점,A6,채무보증_기타, ,외국계증권사,B,SF205,각주항목(09.06월 이후)
45810,202103,0010149,골드만삭스증권회사서울지점,B,투자자의 예수증권 등,0,외국계증권사,B,SF205,각주항목(09.06월 이후)
45811,202103,0010149,골드만삭스증권회사서울지점,B1,투자자의 예수증권 등_예수 증권,0,외국계증권사,B,SF205,각주항목(09.06월 이후)
45812,202103,0010149,골드만삭스증권회사서울지점,B2,투자자의 예수증권 등_예수양도성예금증서, ,외국계증권사,B,SF205,각주항목(09.06월 이후)
45813,202103,0010149,골드만삭스증권회사서울지점,B3,투자자의 예수증권 등_기타, ,외국계증권사,B,SF205,각주항목(09.06월 이후)
45814,202103,0010149,골드만삭스증권회사서울지점,C,파생상품계약,187830916500,외국계증권사,B,SF205,각주항목(09.06월 이후)
45815,202103,0010149,골드만삭스증권회사서울지점,C1,파생상품계약_장내파생상품,45167191500,외국계증권사,B,SF205,각주항목(09.06월 이후)
45816,202103,0010149,골드만삭스증권회사서울지점,C11,파생상품계약_장내파생상품_이자율관련거래,0,외국계증권사,B,SF205,각주항목(09.06월 이후)
45817,202103,0010149,골드만삭스증권회사서울지점,C12,파생상품계약_장내파생상품_통화관련거래,0,외국계증권사,B,SF205,각주항목(09.06월 이후)
45818,202103,0010149,골드만삭스증권회사서울지점,C13,파생상품계약_장내파생상품_주식관련거래,45167191500,외국계증권사,B,SF205,각주항목(09.06월 이후)
45819,202103,0010149,골드만삭스증권회사서울지점,C14,파생상품계약_장내파생상품_일반상품관련거래,0,외국계증권사,B,SF205,각주항목(09.06월 이후)
45820,202103,0010149,골드만삭스증권회사서울지점,C15,파생상품계약_장내파생상품_기타,0,외국계증권사,B,SF205,각주항목(09.06월 이후)
45821,202103,0010149,골드만삭스증권회사서울지점,C2,파생상품계약_장외파생상품,142663725000,외국계증권사,B,SF205,각주항목(09.06월 이후)
45822,202103,0010149,골드만삭스증권회사서울지점,C21,파생상품계약_장외파생상품_이자율관련거래,140000000000,외국계증권사,B,SF205,각주항목(09.06월 이후)
45823,202103,0010149,골드만삭스증권회사서울지점,C22,파생상품계약_장외파생상품_통화관련거래,2663725000,외국계증권사,B,SF205,각주항목(09.06월 이후)
45824,202103,0010149,골드만삭스증권회사서울지점,C23,파생상품계약_장외파생상품_주식관련거래,0,외국계증권사,B,SF205,각주항목(09.06월 이후)
45825,202103,0010149,골드만삭스증권회사서울지점,C24,파생상품계약_장외파생상품_신용관련거래,0,외국계증권사,B,SF205,각주항목(09.06월 이후)
45826,202103,0010149,골드만삭스증권회사서울지점,C25,파생상품계약_장외파생상품_기타,0,외국계증권사,B,SF205,각주항목(09.06월 이후)
45827,202103,0010149,골드만삭스증권회사서울지점,D,대차 및 대주거래,0,외국계증권사,B,SF205,각주항목(09.06월 이후)
45828,202103,0010149,골드만삭스증권회사서울지점,D1,대차 및 대주거래_대여증권,0,외국계증권사,B,SF205,각주항목(09.06월 이후)
45829,202103,0010149,골드만삭스증권회사서울지점,D2,대차 및 대주거래_차입증권,0,외국계증권사,B,SF205,각주항목(09.06월 이후)
45830,202103,0010149,골드만삭스증권회사서울지점,D3,대차 및 대주거래_신용거래대주, ,외국계증권사,B,SF205,각주항목(09.06월 이후)
45831,202103,0010149,골드만삭스증권회사서울지점,E,대손상각채권, ,외국계증권사,B,SF205,각주항목(09.06월 이후)
45832,202103,0010149,골드만삭스증권회사서울지점,F,환전업무 예치금,0,외국계증권사,B,SF205,각주항목(09.06월 이후)
45833,202103,0010149,골드만삭스증권회사서울지점,G,미배당별도예치금,532608749,외국계증권사,B,SF205,각주항목(09.06월 이후)
45834,202103,0010149,골드만삭스증권회사서울지점,H,배서어음매출(종금계정),0,외국계증권사,B,SF205,각주항목(09.06월 이후)
45835,202103,0010149,골드만삭스증권회사서울지점,H1,대출채권매매이익_담보부, ,외국계증권사,B,SF205,각주항목(09.06월 이후)
45836,202103,0010149,골드만삭스증권회사서울지점,H2,대출채권매매이익_무담보부, ,외국계증권사,B,SF205,각주항목(09.06월 이후)
45837,202106,0010149,골드만삭스증권회사서울지점,A,채무보증,0,외국계증권사,B,SF205,각주항목(09.06월 이후)
45838,202106,0010149,골드만삭스증권회사서울지점,A1,채무보증_지급보증,0,외국계증권사,B,SF205,각주항목(09.06월 이후)
45839,202106,0010149,골드만삭스증권회사서울지점,A2,채무보증_매입보장약정, ,외국계증권사,B,SF205,각주항목(09.06월 이후)
45840,202106,0010149,골드만삭스증권회사서울지점,A3,채무보증_채무인수약정, ,외국계증권사,B,SF205,각주항목(09.06월 이후)
45841,202106,0010149,골드만삭스증권회사서울지점,A5,채무보증_매입확약,0,외국계증권사,B,SF205,각주항목(09.06월 이후)
45842,202106,0010149,골드만삭스증권회사서울지점,A6,채무보증_기타, ,외국계증권사,B,SF205,각주항목(09.06월 이후)
45843,202106,0010149,골드만삭스증권회사서울지점,B,투자자의 예수증권 등,0,외국계증권사,B,SF205,각주항목(09.06월 이후)
45844,202106,0010149,골드만삭스증권회사서울지점,B1,투자자의 예수증권 등_예수 증권,0,외국계증권사,B,SF205,각주항목(09.06월 이후)
45845,202106,0010149,골드만삭스증권회사서울지점,B2,투자자의 예수증권 등_예수양도성예금증서, ,외국계증권사,B,SF205,각주항목(09.06월 이후)
45846,202106,0010149,골드만삭스증권회사서울지점,B3,투자자의 예수증권 등_기타, ,외국계증권사,B,SF205,각주항목(09.06월 이후)
45847,202106,0010149,골드만삭스증권회사서울지점,C,파생상품계약,250686177500,외국계증권사,B,SF205,각주항목(09.06월 이후)
45848,202106,0010149,골드만삭스증권회사서울지점,C1,파생상품계약_장내파생상품,66900677500,외국계증권사,B,SF205,각주항목(09.06월 이후)
45849,202106,0010149,골드만삭스증권회사서울지점,C11,파생상품계약_장내파생상품_이자율관련거래,0,외국계증권사,B,SF205,각주항목(09.06월 이후)
45850,202106,0010149,골드만삭스증권회사서울지점,C12,파생상품계약_장내파생상품_통화관련거래,0,외국계증권사,B,SF205,각주항목(09.06월 이후)
45851,202106,0010149,골드만삭스증권회사서울지점,C13,파생상품계약_장내파생상품_주식관련거래,66900677500,외국계증권사,B,SF205,각주항목(09.06월 이후)
45852,202106,0010149,골드만삭스증권회사서울지점,C14,파생상품계약_장내파생상품_일반상품관련거래,0,외국계증권사,B,SF205,각주항목(09.06월 이후)
45853,202106,0010149,골드만삭스증권회사서울지점,C15,파생상품계약_장내파생상품_기타,0,외국계증권사,B,SF205,각주항목(09.06월 이후)
45854,202106,0010149,골드만삭스증권회사서울지점,C2,파생상품계약_장외파생상품,183785500000,외국계증권사,B,SF205,각주항목(09.06월 이후)
45855,202106,0010149,골드만삭스증권회사서울지점,C21,파생상품계약_장외파생상품_이자율관련거래,180000000000,외국계증권사,B,SF205,각주항목(09.06월 이후)
45856,202106,0010149,골드만삭스증권회사서울지점,C22,파생상품계약_장외파생상품_통화관련거래,3785500000,외국계증권사,B,SF205,각주항목(09.06월 이후)
45857,202106,0010149,골드만삭스증권회사서울지점,C23,파생상품계약_장외파생상품_주식관련거래,0,외국계증권사,B,SF205,각주항목(09.06월 이후)
45858,202106,0010149,골드만삭스증권회사서울지점,C24,파생상품계약_장외파생상품_신용관련거래,0,외국계증권사,B,SF205,각주항목(09.06월 이후)
45859,202106,0010149,골드만삭스증권회사서울지점,C25,파생상품계약_장외파생상품_기타,0,외국계증권사,B,SF205,각주항목(09.06월 이후)
45860,202106,0010149,골드만삭스증권회사서울지점,D,대차 및 대주거래,0,외국계증권사,B,SF205,각주항목(09.06월 이후)
45861,202106,0010149,골드만삭스증권회사서울지점,D1,대차 및 대주거래_대여증권,0,외국계증권사,B,SF205,각주항목(09.06월 이후)
45862,202106,0010149,골드만삭스증권회사서울지점,D2,대차 및 대주거래_차입증권,0,외국계증권사,B,SF205,각주항목(09.06월 이후)
45863,202106,0010149,골드만삭스증권회사서울지점,D3,대차 및 대주거래_신용거래대주, ,외국계증권사,B,SF205,각주항목(09.06월 이후)
45864,202106,0010149,골드만삭스증권회사서울지점,E,대손상각채권, ,외국계증권사,B,SF205,각주항목(09.06월 이후)
45865,202106,0010149,골드만삭스증권회사서울지점,F,환전업무 예치금,0,외국계증권사,B,SF205,각주항목(09.06월 이후)
45866,202106,0010149,골드만삭스증권회사서울지점,G,미배당별도예치금,974052355,외국계증권사,B,SF205,각주항목(09.06월 이후)
45867,202106,0010149,골드만삭스증권회사서울지점,H,배서어음매출(종금계정),0,외국계증권사,B,SF205,각주항목(09.06월 이후)
45868,202106,0010149,골드만삭스증권회사서울지점,H1,대출채권매매이익_담보부, ,외국계증권사,B,SF205,각주항목(09.06월 이후)
45869,202106,0010149,골드만삭스증권회사서울지점,H2,대출채권매매이익_무담보부, ,외국계증권사,B,SF205,각주항목(09.06월 이후)
45870,202109,0010149,골드만삭스증권회사서울지점,A,채무보증,0,외국계증권사,B,SF205,각주항목(09.06월 이후)
45871,202109,0010149,골드만삭스증권회사서울지점,A1,채무보증_지급보증,0,외국계증권사,B,SF205,각주항목(09.06월 이후)
45872,202109,0010149,골드만삭스증권회사서울지점,A2,채무보증_매입보장약정, ,외국계증권사,B,SF205,각주항목(09.06월 이후)
45873,202109,0010149,골드만삭스증권회사서울지점,A3,채무보증_채무인수약정, ,외국계증권사,B,SF205,각주항목(09.06월 이후)
45874,202109,0010149,골드만삭스증권회사서울지점,A5,채무보증_매입확약,0,외국계증권사,B,SF205,각주항목(09.06월 이후)
45875,202109,0010149,골드만삭스증권회사서울지점,A6,채무보증_기타, ,외국계증권사,B,SF205,각주항목(09.06월 이후)
45876,202109,0010149,골드만삭스증권회사서울지점,B,투자자의 예수증권 등,0,외국계증권사,B,SF205,각주항목(09.06월 이후)
45877,202109,0010149,골드만삭스증권회사서울지점,B1,투자자의 예수증권 등_예수 증권,0,외국계증권사,B,SF205,각주항목(09.06월 이후)
45878,202109,0010149,골드만삭스증권회사서울지점,B2,투자자의 예수증권 등_예수양도성예금증서, ,외국계증권사,B,SF205,각주항목(09.06월 이후)
45879,202109,0010149,골드만삭스증권회사서울지점,B3,투자자의 예수증권 등_기타, ,외국계증권사,B,SF205,각주항목(09.06월 이후)
45880,202109,0010149,골드만삭스증권회사서울지점,C,파생상품계약,239570052000,외국계증권사,B,SF205,각주항목(09.06월 이후)
45881,202109,0010149,골드만삭스증권회사서울지점,C1,파생상품계약_장내파생상품,56785537000,외국계증권사,B,SF205,각주항목(09.06월 이후)
45882,202109,0010149,골드만삭스증권회사서울지점,C11,파생상품계약_장내파생상품_이자율관련거래,0,외국계증권사,B,SF205,각주항목(09.06월 이후)
45883,202109,0010149,골드만삭스증권회사서울지점,C12,파생상품계약_장내파생상품_통화관련거래,0,외국계증권사,B,SF205,각주항목(09.06월 이후)
45884,202109,0010149,골드만삭스증권회사서울지점,C13,파생상품계약_장내파생상품_주식관련거래,56785537000,외국계증권사,B,SF205,각주항목(09.06월 이후)
45885,202109,0010149,골드만삭스증권회사서울지점,C14,파생상품계약_장내파생상품_일반상품관련거래,0,외국계증권사,B,SF205,각주항목(09.06월 이후)
45886,202109,0010149,골드만삭스증권회사서울지점,C15,파생상품계약_장내파생상품_기타,0,외국계증권사,B,SF205,각주항목(09.06월 이후)
45887,202109,0010149,골드만삭스증권회사서울지점,C2,파생상품계약_장외파생상품,182784515000,외국계증권사,B,SF205,각주항목(09.06월 이후)
45888,202109,0010149,골드만삭스증권회사서울지점,C21,파생상품계약_장외파생상품_이자율관련거래,180000000000,외국계증권사,B,SF205,각주항목(09.06월 이후)
45889,202109,0010149,골드만삭스증권회사서울지점,C22,파생상품계약_장외파생상품_통화관련거래,2784515000,외국계증권사,B,SF205,각주항목(09.06월 이후)
45890,202109,0010149,골드만삭스증권회사서울지점,C23,파생상품계약_장외파생상품_주식관련거래,0,외국계증권사,B,SF205,각주항목(09.06월 이후)
45891,202109,0010149,골드만삭스증권회사서울지점,C24,파생상품계약_장외파생상품_신용관련거래,0,외국계증권사,B,SF205,각주항목(09.06월 이후)
45892,202109,0010149,골드만삭스증권회사서울지점,C25,파생상품계약_장외파생상품_기타,0,외국계증권사,B,SF205,각주항목(09.06월 이후)
45893,202109,0010149,골드만삭스증권회사서울지점,D,대차 및 대주거래,0,외국계증권사,B,SF205,각주항목(09.06월 이후)
45894,202109,0010149,골드만삭스증권회사서울지점,D1,대차 및 대주거래_대여증권,0,외국계증권사,B,SF205,각주항목(09.06월 이후)
45895,202109,0010149,골드만삭스증권회사서울지점,D2,대차 및 대주거래_차입증권,0,외국계증권사,B,SF205,각주항목(09.06월 이후)
45896,202109,0010149,골드만삭스증권회사서울지점,D3,대차 및 대주거래_신용거래대주, ,외국계증권사,B,SF205,각주항목(09.06월 이후)
45897,202109,0010149,골드만삭스증권회사서울지점,E,대손상각채권, ,외국계증권사,B,SF205,각주항목(09.06월 이후)
45898,202109,0010149,골드만삭스증권회사서울지점,F,환전업무 예치금,0,외국계증권사,B,SF205,각주항목(09.06월 이후)
45899,202109,0010149,골드만삭스증권회사서울지점,G,미배당별도예치금,1344312265,외국계증권사,B,SF205,각주항목(09.06월 이후)
45900,202109,0010149,골드만삭스증권회사서울지점,H,배서어음매출(종금계정),0,외국계증권사,B,SF205,각주항목(09.06월 이후)
45901,202109,0010149,골드만삭스증권회사서울지점,H1,대출채권매매이익_담보부, ,외국계증권사,B,SF205,각주항목(09.06월 이후)
45902,202109,0010149,골드만삭스증권회사서울지점,H2,대출채권매매이익_무담보부, ,외국계증권사,B,SF205,각주항목(09.06월 이후)
45903,202112,0010149,골드만삭스증권회사서울지점,A,채무보증,0,외국계증권사,B,SF205,각주항목(09.06월 이후)
45904,202112,0010149,골드만삭스증권회사서울지점,A1,채무보증_지급보증,0,외국계증권사,B,SF205,각주항목(09.06월 이후)
45905,202112,0010149,골드만삭스증권회사서울지점,A2,채무보증_매입보장약정, ,외국계증권사,B,SF205,각주항목(09.06월 이후)
45906,202112,0010149,골드만삭스증권회사서울지점,A3,채무보증_채무인수약정, ,외국계증권사,B,SF205,각주항목(09.06월 이후)
45907,202112,0010149,골드만삭스증권회사서울지점,A5,채무보증_매입확약,0,외국계증권사,B,SF205,각주항목(09.06월 이후)
45908,202112,0010149,골드만삭스증권회사서울지점,A6,채무보증_기타, ,외국계증권사,B,SF205,각주항목(09.06월 이후)
45909,202112,0010149,골드만삭스증권회사서울지점,B,투자자의 예수증권 등,0,외국계증권사,B,SF205,각주항목(09.06월 이후)
45910,202112,0010149,골드만삭스증권회사서울지점,B1,투자자의 예수증권 등_예수 증권,0,외국계증권사,B,SF205,각주항목(09.06월 이후)
45911,202112,0010149,골드만삭스증권회사서울지점,B2,투자자의 예수증권 등_예수양도성예금증서, ,외국계증권사,B,SF205,각주항목(09.06월 이후)
45912,202112,0010149,골드만삭스증권회사서울지점,B3,투자자의 예수증권 등_기타, ,외국계증권사,B,SF205,각주항목(09.06월 이후)
45913,202112,0010149,골드만삭스증권회사서울지점,C,파생상품계약,219835642500,외국계증권사,B,SF205,각주항목(09.06월 이후)
45914,202112,0010149,골드만삭스증권회사서울지점,C1,파생상품계약_장내파생상품,37464642500,외국계증권사,B,SF205,각주항목(09.06월 이후)
45915,202112,0010149,골드만삭스증권회사서울지점,C11,파생상품계약_장내파생상품_이자율관련거래,0,외국계증권사,B,SF205,각주항목(09.06월 이후)
45916,202112,0010149,골드만삭스증권회사서울지점,C12,파생상품계약_장내파생상품_통화관련거래,0,외국계증권사,B,SF205,각주항목(09.06월 이후)
45917,202112,0010149,골드만삭스증권회사서울지점,C13,파생상품계약_장내파생상품_주식관련거래,37464642500,외국계증권사,B,SF205,각주항목(09.06월 이후)
45918,202112,0010149,골드만삭스증권회사서울지점,C14,파생상품계약_장내파생상품_일반상품관련거래,0,외국계증권사,B,SF205,각주항목(09.06월 이후)
45919,202112,0010149,골드만삭스증권회사서울지점,C15,파생상품계약_장내파생상품_기타,0,외국계증권사,B,SF205,각주항목(09.06월 이후)
45920,202112,0010149,골드만삭스증권회사서울지점,C2,파생상품계약_장외파생상품,182371000000,외국계증권사,B,SF205,각주항목(09.06월 이후)
45921,202112,0010149,골드만삭스증권회사서울지점,C21,파생상품계약_장외파생상품_이자율관련거래,180000000000,외국계증권사,B,SF205,각주항목(09.06월 이후)
45922,202112,0010149,골드만삭스증권회사서울지점,C22,파생상품계약_장외파생상품_통화관련거래,2371000000,외국계증권사,B,SF205,각주항목(09.06월 이후)
45923,202112,0010149,골드만삭스증권회사서울지점,C23,파생상품계약_장외파생상품_주식관련거래,0,외국계증권사,B,SF205,각주항목(09.06월 이후)
45924,202112,0010149,골드만삭스증권회사서울지점,C24,파생상품계약_장외파생상품_신용관련거래,0,외국계증권사,B,SF205,각주항목(09.06월 이후)
45925,202112,0010149,골드만삭스증권회사서울지점,C25,파생상품계약_장외파생상품_기타,0,외국계증권사,B,SF205,각주항목(09.06월 이후)
45926,202112,0010149,골드만삭스증권회사서울지점,D,대차 및 대주거래,0,외국계증권사,B,SF205,각주항목(09.06월 이후)
45927,202112,0010149,골드만삭스증권회사서울지점,D1,대차 및 대주거래_대여증권,0,외국계증권사,B,SF205,각주항목(09.06월 이후)
45928,202112,0010149,골드만삭스증권회사서울지점,D2,대차 및 대주거래_차입증권,0,외국계증권사,B,SF205,각주항목(09.06월 이후)
45929,202112,0010149,골드만삭스증권회사서울지점,D3,대차 및 대주거래_신용거래대주, ,외국계증권사,B,SF205,각주항목(09.06월 이후)
45930,202112,0010149,골드만삭스증권회사서울지점,E,대손상각채권, ,외국계증권사,B,SF205,각주항목(09.06월 이후)
45931,202112,0010149,골드만삭스증권회사서울지점,F,환전업무 예치금,0,외국계증권사,B,SF205,각주항목(09.06월 이후)
45932,202112,0010149,골드만삭스증권회사서울지점,G,미배당별도예치금,1638399050,외국계증권사,B,SF205,각주항목(09.06월 이후)
45933,202112,0010149,골드만삭스증권회사서울지점,H,배서어음매출(종금계정),0,외국계증권사,B,SF205,각주항목(09.06월 이후)
45934,202112,0010149,골드만삭스증권회사서울지점,H1,대출채권매매이익_담보부, ,외국계증권사,B,SF205,각주항목(09.06월 이후)
45935,202112,0010149,골드만삭스증권회사서울지점,H2,대출채권매매이익_무담보부, ,외국계증권사,B,SF205,각주항목(09.06월 이후)
45936,202203,0010149,골드만삭스증권회사서울지점,A,채무보증,0,외국계증권사,B,SF205,각주항목(09.06월 이후)
45937,202203,0010149,골드만삭스증권회사서울지점,A1,채무보증_지급보증,0,외국계증권사,B,SF205,각주항목(09.06월 이후)
45938,202203,0010149,골드만삭스증권회사서울지점,A2,채무보증_매입보장약정, ,외국계증권사,B,SF205,각주항목(09.06월 이후)
45939,202203,0010149,골드만삭스증권회사서울지점,A3,채무보증_채무인수약정, ,외국계증권사,B,SF205,각주항목(09.06월 이후)
45940,202203,0010149,골드만삭스증권회사서울지점,A5,채무보증_매입확약,0,외국계증권사,B,SF205,각주항목(09.06월 이후)
45941,202203,0010149,골드만삭스증권회사서울지점,A6,채무보증_기타, ,외국계증권사,B,SF205,각주항목(09.06월 이후)
45942,202203,0010149,골드만삭스증권회사서울지점,B,투자자의 예수증권 등,0,외국계증권사,B,SF205,각주항목(09.06월 이후)
45943,202203,0010149,골드만삭스증권회사서울지점,B1,투자자의 예수증권 등_예수 증권,0,외국계증권사,B,SF205,각주항목(09.06월 이후)
45944,202203,0010149,골드만삭스증권회사서울지점,B2,투자자의 예수증권 등_예수양도성예금증서, ,외국계증권사,B,SF205,각주항목(09.06월 이후)
45945,202203,0010149,골드만삭스증권회사서울지점,B3,투자자의 예수증권 등_기타, ,외국계증권사,B,SF205,각주항목(09.06월 이후)
45946,202203,0010149,골드만삭스증권회사서울지점,C,파생상품계약,203918467000,외국계증권사,B,SF205,각주항목(09.06월 이후)
45947,202203,0010149,골드만삭스증권회사서울지점,C1,파생상품계약_장내파생상품,9388867000,외국계증권사,B,SF205,각주항목(09.06월 이후)
45948,202203,0010149,골드만삭스증권회사서울지점,C11,파생상품계약_장내파생상품_이자율관련거래,0,외국계증권사,B,SF205,각주항목(09.06월 이후)
45949,202203,0010149,골드만삭스증권회사서울지점,C12,파생상품계약_장내파생상품_통화관련거래,0,외국계증권사,B,SF205,각주항목(09.06월 이후)
45950,202203,0010149,골드만삭스증권회사서울지점,C13,파생상품계약_장내파생상품_주식관련거래,9388867000,외국계증권사,B,SF205,각주항목(09.06월 이후)
45951,202203,0010149,골드만삭스증권회사서울지점,C14,파생상품계약_장내파생상품_일반상품관련거래,0,외국계증권사,B,SF205,각주항목(09.06월 이후)
45952,202203,0010149,골드만삭스증권회사서울지점,C15,파생상품계약_장내파생상품_기타,0,외국계증권사,B,SF205,각주항목(09.06월 이후)
45953,202203,0010149,골드만삭스증권회사서울지점,C2,파생상품계약_장외파생상품,194529600000,외국계증권사,B,SF205,각주항목(09.06월 이후)
45954,202203,0010149,골드만삭스증권회사서울지점,C21,파생상품계약_장외파생상품_이자율관련거래,180000000000,외국계증권사,B,SF205,각주항목(09.06월 이후)
45955,202203,0010149,골드만삭스증권회사서울지점,C22,파생상품계약_장외파생상품_통화관련거래,14529600000,외국계증권사,B,SF205,각주항목(09.06월 이후)
45956,202203,0010149,골드만삭스증권회사서울지점,C23,파생상품계약_장외파생상품_주식관련거래,0,외국계증권사,B,SF205,각주항목(09.06월 이후)
45957,202203,0010149,골드만삭스증권회사서울지점,C24,파생상품계약_장외파생상품_신용관련거래,0,외국계증권사,B,SF205,각주항목(09.06월 이후)
45958,202203,0010149,골드만삭스증권회사서울지점,C25,파생상품계약_장외파생상품_기타,0,외국계증권사,B,SF205,각주항목(09.06월 이후)
45959,202203,0010149,골드만삭스증권회사서울지점,D,대차 및 대주거래,0,외국계증권사,B,SF205,각주항목(09.06월 이후)
45960,202203,0010149,골드만삭스증권회사서울지점,D1,대차 및 대주거래_대여증권,0,외국계증권사,B,SF205,각주항목(09.06월 이후)
45961,202203,0010149,골드만삭스증권회사서울지점,D2,대차 및 대주거래_차입증권,0,외국계증권사,B,SF205,각주항목(09.06월 이후)
45962,202203,0010149,골드만삭스증권회사서울지점,D3,대차 및 대주거래_신용거래대주, ,외국계증권사,B,SF205,각주항목(09.06월 이후)
45963,202203,0010149,골드만삭스증권회사서울지점,E,대손상각채권, ,외국계증권사,B,SF205,각주항목(09.06월 이후)
45964,202203,0010149,골드만삭스증권회사서울지점,F,환전업무 예치금,0,외국계증권사,B,SF205,각주항목(09.06월 이후)
45965,202203,0010149,골드만삭스증권회사서울지점,G,미배당별도예치금,126949918,외국계증권사,B,SF205,각주항목(09.06월 이후)
45966,202203,0010149,골드만삭스증권회사서울지점,H,배서어음매출(종금계정),0,외국계증권사,B,SF205,각주항목(09.06월 이후)
45967,202203,0010149,골드만삭스증권회사서울지점,H1,대출채권매매이익_담보부, ,외국계증권사,B,SF205,각주항목(09.06월 이후)
45968,202203,0010149,골드만삭스증권회사서울지점,H2,대출채권매매이익_무담보부, ,외국계증권사,B,SF205,각주항목(09.06월 이후)
45969,202206,0010149,골드만삭스증권회사서울지점,A,채무보증,0,외국계증권사,B,SF205,각주항목(09.06월 이후)
45970,202206,0010149,골드만삭스증권회사서울지점,A1,채무보증_지급보증,0,외국계증권사,B,SF205,각주항목(09.06월 이후)
45971,202206,0010149,골드만삭스증권회사서울지점,A2,채무보증_매입보장약정,0,외국계증권사,B,SF205,각주항목(09.06월 이후)
45972,202206,0010149,골드만삭스증권회사서울지점,A3,채무보증_채무인수약정,0,외국계증권사,B,SF205,각주항목(09.06월 이후)
45973,202206,0010149,골드만삭스증권회사서울지점,A5,채무보증_매입확약,0,외국계증권사,B,SF205,각주항목(09.06월 이후)
45974,202206,0010149,골드만삭스증권회사서울지점,A6,채무보증_기타,0,외국계증권사,B,SF205,각주항목(09.06월 이후)
45975,202206,0010149,골드만삭스증권회사서울지점,B,투자자의 예수증권 등,0,외국계증권사,B,SF205,각주항목(09.06월 이후)
45976,202206,0010149,골드만삭스증권회사서울지점,B1,투자자의 예수증권 등_예수 증권,0,외국계증권사,B,SF205,각주항목(09.06월 이후)
45977,202206,0010149,골드만삭스증권회사서울지점,B2,투자자의 예수증권 등_예수양도성예금증서,0,외국계증권사,B,SF205,각주항목(09.06월 이후)
45978,202206,0010149,골드만삭스증권회사서울지점,B3,투자자의 예수증권 등_기타,0,외국계증권사,B,SF205,각주항목(09.06월 이후)
45979,202206,0010149,골드만삭스증권회사서울지점,C,파생상품계약,186925675000,외국계증권사,B,SF205,각주항목(09.06월 이후)
45980,202206,0010149,골드만삭스증권회사서울지점,C1,파생상품계약_장내파생상품,461175000,외국계증권사,B,SF205,각주항목(09.06월 이후)
45981,202206,0010149,골드만삭스증권회사서울지점,C11,파생상품계약_장내파생상품_이자율관련거래,0,외국계증권사,B,SF205,각주항목(09.06월 이후)
45982,202206,0010149,골드만삭스증권회사서울지점,C12,파생상품계약_장내파생상품_통화관련거래,0,외국계증권사,B,SF205,각주항목(09.06월 이후)
45983,202206,0010149,골드만삭스증권회사서울지점,C13,파생상품계약_장내파생상품_주식관련거래,461175000,외국계증권사,B,SF205,각주항목(09.06월 이후)
45984,202206,0010149,골드만삭스증권회사서울지점,C14,파생상품계약_장내파생상품_일반상품관련거래,0,외국계증권사,B,SF205,각주항목(09.06월 이후)
45985,202206,0010149,골드만삭스증권회사서울지점,C15,파생상품계약_장내파생상품_기타,0,외국계증권사,B,SF205,각주항목(09.06월 이후)
45986,202206,0010149,골드만삭스증권회사서울지점,C2,파생상품계약_장외파생상품,186464500000,외국계증권사,B,SF205,각주항목(09.06월 이후)
45987,202206,0010149,골드만삭스증권회사서울지점,C21,파생상품계약_장외파생상품_이자율관련거래,180000000000,외국계증권사,B,SF205,각주항목(09.06월 이후)
45988,202206,0010149,골드만삭스증권회사서울지점,C22,파생상품계약_장외파생상품_통화관련거래,6464500000,외국계증권사,B,SF205,각주항목(09.06월 이후)
45989,202206,0010149,골드만삭스증권회사서울지점,C23,파생상품계약_장외파생상품_주식관련거래,0,외국계증권사,B,SF205,각주항목(09.06월 이후)
45990,202206,0010149,골드만삭스증권회사서울지점,C24,파생상품계약_장외파생상품_신용관련거래,0,외국계증권사,B,SF205,각주항목(09.06월 이후)
45991,202206,0010149,골드만삭스증권회사서울지점,C25,파생상품계약_장외파생상품_기타,0,외국계증권사,B,SF205,각주항목(09.06월 이후)
45992,202206,0010149,골드만삭스증권회사서울지점,D,대차 및 대주거래,0,외국계증권사,B,SF205,각주항목(09.06월 이후)
45993,202206,0010149,골드만삭스증권회사서울지점,D1,대차 및 대주거래_대여증권,0,외국계증권사,B,SF205,각주항목(09.06월 이후)
45994,202206,0010149,골드만삭스증권회사서울지점,D2,대차 및 대주거래_차입증권,0,외국계증권사,B,SF205,각주항목(09.06월 이후)
45995,202206,0010149,골드만삭스증권회사서울지점,D3,대차 및 대주거래_신용거래대주,0,외국계증권사,B,SF205,각주항목(09.06월 이후)
45996,202206,0010149,골드만삭스증권회사서울지점,E,대손상각채권,0,외국계증권사,B,SF205,각주항목(09.06월 이후)
45997,202206,0010149,골드만삭스증권회사서울지점,F,환전업무 예치금,0,외국계증권사,B,SF205,각주항목(09.06월 이후)
45998,202206,0010149,골드만삭스증권회사서울지점,G,미배당별도예치금,342140219,외국계증권사,B,SF205,각주항목(09.06월 이후)
45999,202206,0010149,골드만삭스증권회사서울지점,H,배서어음매출(종금계정),0,외국계증권사,B,SF205,각주항목(09.06월 이후)
46000,202206,0010149,골드만삭스증권회사서울지점,H1,대출채권매매이익_담보부,0,외국계증권사,B,SF205,각주항목(09.06월 이후)
46001,202206,0010149,골드만삭스증권회사서울지점,H2,대출채권매매이익_무담보부,0,외국계증권사,B,SF205,각주항목(09.06월 이후)
46002,202209,0010149,골드만삭스증권회사서울지점,A,채무보증,0,외국계증권사,B,SF205,각주항목(09.06월 이후)
46003,202209,0010149,골드만삭스증권회사서울지점,A1,채무보증_지급보증,0,외국계증권사,B,SF205,각주항목(09.06월 이후)
46004,202209,0010149,골드만삭스증권회사서울지점,A2,채무보증_매입보장약정,0,외국계증권사,B,SF205,각주항목(09.06월 이후)
46005,202209,0010149,골드만삭스증권회사서울지점,A3,채무보증_채무인수약정,0,외국계증권사,B,SF205,각주항목(09.06월 이후)
46006,202209,0010149,골드만삭스증권회사서울지점,A5,채무보증_매입확약,0,외국계증권사,B,SF205,각주항목(09.06월 이후)
46007,202209,0010149,골드만삭스증권회사서울지점,A6,채무보증_기타,0,외국계증권사,B,SF205,각주항목(09.06월 이후)
46008,202209,0010149,골드만삭스증권회사서울지점,B,투자자의 예수증권 등,0,외국계증권사,B,SF205,각주항목(09.06월 이후)
46009,202209,0010149,골드만삭스증권회사서울지점,B1,투자자의 예수증권 등_예수 증권,0,외국계증권사,B,SF205,각주항목(09.06월 이후)
46010,202209,0010149,골드만삭스증권회사서울지점,B2,투자자의 예수증권 등_예수양도성예금증서,0,외국계증권사,B,SF205,각주항목(09.06월 이후)
46011,202209,0010149,골드만삭스증권회사서울지점,B3,투자자의 예수증권 등_기타,0,외국계증권사,B,SF205,각주항목(09.06월 이후)
46012,202209,0010149,골드만삭스증권회사서울지점,C,파생상품계약,188608800000,외국계증권사,B,SF205,각주항목(09.06월 이후)
46013,202209,0010149,골드만삭스증권회사서울지점,C1,파생상품계약_장내파생상품,0,외국계증권사,B,SF205,각주항목(09.06월 이후)
46014,202209,0010149,골드만삭스증권회사서울지점,C11,파생상품계약_장내파생상품_이자율관련거래,0,외국계증권사,B,SF205,각주항목(09.06월 이후)
46015,202209,0010149,골드만삭스증권회사서울지점,C12,파생상품계약_장내파생상품_통화관련거래,0,외국계증권사,B,SF205,각주항목(09.06월 이후)
46016,202209,0010149,골드만삭스증권회사서울지점,C13,파생상품계약_장내파생상품_주식관련거래,0,외국계증권사,B,SF205,각주항목(09.06월 이후)
46017,202209,0010149,골드만삭스증권회사서울지점,C14,파생상품계약_장내파생상품_일반상품관련거래,0,외국계증권사,B,SF205,각주항목(09.06월 이후)
46018,202209,0010149,골드만삭스증권회사서울지점,C15,파생상품계약_장내파생상품_기타,0,외국계증권사,B,SF205,각주항목(09.06월 이후)
46019,202209,0010149,골드만삭스증권회사서울지점,C2,파생상품계약_장외파생상품,188608800000,외국계증권사,B,SF205,각주항목(09.06월 이후)
46020,202209,0010149,골드만삭스증권회사서울지점,C21,파생상품계약_장외파생상품_이자율관련거래,180000000000,외국계증권사,B,SF205,각주항목(09.06월 이후)
46021,202209,0010149,골드만삭스증권회사서울지점,C22,파생상품계약_장외파생상품_통화관련거래,8608800000,외국계증권사,B,SF205,각주항목(09.06월 이후)
46022,202209,0010149,골드만삭스증권회사서울지점,C23,파생상품계약_장외파생상품_주식관련거래,0,외국계증권사,B,SF205,각주항목(09.06월 이후)
46023,202209,0010149,골드만삭스증권회사서울지점,C24,파생상품계약_장외파생상품_신용관련거래,0,외국계증권사,B,SF205,각주항목(09.06월 이후)
46024,202209,0010149,골드만삭스증권회사서울지점,C25,파생상품계약_장외파생상품_기타,0,외국계증권사,B,SF205,각주항목(09.06월 이후)
46025,202209,0010149,골드만삭스증권회사서울지점,D,대차 및 대주거래,0,외국계증권사,B,SF205,각주항목(09.06월 이후)
46026,202209,0010149,골드만삭스증권회사서울지점,D1,대차 및 대주거래_대여증권,0,외국계증권사,B,SF205,각주항목(09.06월 이후)
46027,202209,0010149,골드만삭스증권회사서울지점,D2,대차 및 대주거래_차입증권,0,외국계증권사,B,SF205,각주항목(09.06월 이후)
46028,202209,0010149,골드만삭스증권회사서울지점,D3,대차 및 대주거래_신용거래대주,0,외국계증권사,B,SF205,각주항목(09.06월 이후)
46029,202209,0010149,골드만삭스증권회사서울지점,E,대손상각채권,0,외국계증권사,B,SF205,각주항목(09.06월 이후)
46030,202209,0010149,골드만삭스증권회사서울지점,F,환전업무 예치금,0,외국계증권사,B,SF205,각주항목(09.06월 이후)
46031,202209,0010149,골드만삭스증권회사서울지점,G,미배당별도예치금,0,외국계증권사,B,SF205,각주항목(09.06월 이후)
46032,202209,0010149,골드만삭스증권회사서울지점,H,배서어음매출(종금계정),0,외국계증권사,B,SF205,각주항목(09.06월 이후)
46033,202209,0010149,골드만삭스증권회사서울지점,H1,대출채권매매이익_담보부,0,외국계증권사,B,SF205,각주항목(09.06월 이후)
46034,202209,0010149,골드만삭스증권회사서울지점,H2,대출채권매매이익_무담보부,0,외국계증권사,B,SF205,각주항목(09.06월 이후)
46035,202212,0010149,골드만삭스증권회사서울지점,A,채무보증,0,외국계증권사,B,SF205,각주항목(09.06월 이후)
46036,202212,0010149,골드만삭스증권회사서울지점,A1,채무보증_지급보증,0,외국계증권사,B,SF205,각주항목(09.06월 이후)
46037,202212,0010149,골드만삭스증권회사서울지점,A2,채무보증_매입보장약정,0,외국계증권사,B,SF205,각주항목(09.06월 이후)
46038,202212,0010149,골드만삭스증권회사서울지점,A3,채무보증_채무인수약정,0,외국계증권사,B,SF205,각주항목(09.06월 이후)
46039,202212,0010149,골드만삭스증권회사서울지점,A5,채무보증_매입확약,0,외국계증권사,B,SF205,각주항목(09.06월 이후)
46040,202212,0010149,골드만삭스증권회사서울지점,A6,채무보증_기타,0,외국계증권사,B,SF205,각주항목(09.06월 이후)
46041,202212,0010149,골드만삭스증권회사서울지점,B,투자자의 예수증권 등,0,외국계증권사,B,SF205,각주항목(09.06월 이후)
46042,202212,0010149,골드만삭스증권회사서울지점,B1,투자자의 예수증권 등_예수 증권,0,외국계증권사,B,SF205,각주항목(09.06월 이후)
46043,202212,0010149,골드만삭스증권회사서울지점,B2,투자자의 예수증권 등_예수양도성예금증서,0,외국계증권사,B,SF205,각주항목(09.06월 이후)
46044,202212,0010149,골드만삭스증권회사서울지점,B3,투자자의 예수증권 등_기타,0,외국계증권사,B,SF205,각주항목(09.06월 이후)
46045,202212,0010149,골드만삭스증권회사서울지점,C,파생상품계약,183801900000,외국계증권사,B,SF205,각주항목(09.06월 이후)
46046,202212,0010149,골드만삭스증권회사서울지점,C1,파생상품계약_장내파생상품,0,외국계증권사,B,SF205,각주항목(09.06월 이후)
46047,202212,0010149,골드만삭스증권회사서울지점,C11,파생상품계약_장내파생상품_이자율관련거래,0,외국계증권사,B,SF205,각주항목(09.06월 이후)
46048,202212,0010149,골드만삭스증권회사서울지점,C12,파생상품계약_장내파생상품_통화관련거래,0,외국계증권사,B,SF205,각주항목(09.06월 이후)
46049,202212,0010149,골드만삭스증권회사서울지점,C13,파생상품계약_장내파생상품_주식관련거래,0,외국계증권사,B,SF205,각주항목(09.06월 이후)
46050,202212,0010149,골드만삭스증권회사서울지점,C14,파생상품계약_장내파생상품_일반상품관련거래,0,외국계증권사,B,SF205,각주항목(09.06월 이후)
46051,202212,0010149,골드만삭스증권회사서울지점,C15,파생상품계약_장내파생상품_기타,0,외국계증권사,B,SF205,각주항목(09.06월 이후)
46052,202212,0010149,골드만삭스증권회사서울지점,C2,파생상품계약_장외파생상품,183801900000,외국계증권사,B,SF205,각주항목(09.06월 이후)
46053,202212,0010149,골드만삭스증권회사서울지점,C21,파생상품계약_장외파생상품_이자율관련거래,180000000000,외국계증권사,B,SF205,각주항목(09.06월 이후)
46054,202212,0010149,골드만삭스증권회사서울지점,C22,파생상품계약_장외파생상품_통화관련거래,3801900000,외국계증권사,B,SF205,각주항목(09.06월 이후)
46055,202212,0010149,골드만삭스증권회사서울지점,C23,파생상품계약_장외파생상품_주식관련거래,0,외국계증권사,B,SF205,각주항목(09.06월 이후)
46056,202212,0010149,골드만삭스증권회사서울지점,C24,파생상품계약_장외파생상품_신용관련거래,0,외국계증권사,B,SF205,각주항목(09.06월 이후)
46057,202212,0010149,골드만삭스증권회사서울지점,C25,파생상품계약_장외파생상품_기타,0,외국계증권사,B,SF205,각주항목(09.06월 이후)
46058,202212,0010149,골드만삭스증권회사서울지점,D,대차 및 대주거래,0,외국계증권사,B,SF205,각주항목(09.06월 이후)
46059,202212,0010149,골드만삭스증권회사서울지점,D1,대차 및 대주거래_대여증권,0,외국계증권사,B,SF205,각주항목(09.06월 이후)
46060,202212,0010149,골드만삭스증권회사서울지점,D2,대차 및 대주거래_차입증권,0,외국계증권사,B,SF205,각주항목(09.06월 이후)
46061,202212,0010149,골드만삭스증권회사서울지점,D3,대차 및 대주거래_신용거래대주,0,외국계증권사,B,SF205,각주항목(09.06월 이후)
46062,202212,0010149,골드만삭스증권회사서울지점,E,대손상각채권,0,외국계증권사,B,SF205,각주항목(09.06월 이후)
46063,202212,0010149,골드만삭스증권회사서울지점,F,환전업무 예치금,0,외국계증권사,B,SF205,각주항목(09.06월 이후)
46064,202212,0010149,골드만삭스증권회사서울지점,G,미배당별도예치금,0,외국계증권사,B,SF205,각주항목(09.06월 이후)
46065,202212,0010149,골드만삭스증권회사서울지점,H,배서어음매출(종금계정),0,외국계증권사,B,SF205,각주항목(09.06월 이후)
46066,202212,0010149,골드만삭스증권회사서울지점,H1,대출채권매매이익_담보부,0,외국계증권사,B,SF205,각주항목(09.06월 이후)
46067,202212,0010149,골드만삭스증권회사서울지점,H2,대출채권매매이익_무담보부,0,외국계증권사,B,SF205,각주항목(09.06월 이후)
46068,202303,0010149,골드만삭스증권회사서울지점,A,채무보증,0,외국계증권사,B,SF205,각주항목(09.06월 이후)
46069,202303,0010149,골드만삭스증권회사서울지점,A1,채무보증_지급보증,0,외국계증권사,B,SF205,각주항목(09.06월 이후)
46070,202303,0010149,골드만삭스증권회사서울지점,A2,채무보증_매입보장약정,0,외국계증권사,B,SF205,각주항목(09.06월 이후)
46071,202303,0010149,골드만삭스증권회사서울지점,A3,채무보증_채무인수약정,0,외국계증권사,B,SF205,각주항목(09.06월 이후)
46072,202303,0010149,골드만삭스증권회사서울지점,A5,채무보증_매입확약,0,외국계증권사,B,SF205,각주항목(09.06월 이후)
46073,202303,0010149,골드만삭스증권회사서울지점,A6,채무보증_기타,0,외국계증권사,B,SF205,각주항목(09.06월 이후)
46074,202303,0010149,골드만삭스증권회사서울지점,B,투자자의 예수증권 등,0,외국계증권사,B,SF205,각주항목(09.06월 이후)
46075,202303,0010149,골드만삭스증권회사서울지점,B1,투자자의 예수증권 등_예수 증권,0,외국계증권사,B,SF205,각주항목(09.06월 이후)
46076,202303,0010149,골드만삭스증권회사서울지점,B2,투자자의 예수증권 등_예수양도성예금증서,0,외국계증권사,B,SF205,각주항목(09.06월 이후)
46077,202303,0010149,골드만삭스증권회사서울지점,B3,투자자의 예수증권 등_기타,0,외국계증권사,B,SF205,각주항목(09.06월 이후)
46078,202303,0010149,골드만삭스증권회사서울지점,C,파생상품계약,183911400000,외국계증권사,B,SF205,각주항목(09.06월 이후)
46079,202303,0010149,골드만삭스증권회사서울지점,C1,파생상품계약_장내파생상품,0,외국계증권사,B,SF205,각주항목(09.06월 이후)
46080,202303,0010149,골드만삭스증권회사서울지점,C11,파생상품계약_장내파생상품_이자율관련거래,0,외국계증권사,B,SF205,각주항목(09.06월 이후)
46081,202303,0010149,골드만삭스증권회사서울지점,C12,파생상품계약_장내파생상품_통화관련거래,0,외국계증권사,B,SF205,각주항목(09.06월 이후)
46082,202303,0010149,골드만삭스증권회사서울지점,C13,파생상품계약_장내파생상품_주식관련거래,0,외국계증권사,B,SF205,각주항목(09.06월 이후)
46083,202303,0010149,골드만삭스증권회사서울지점,C14,파생상품계약_장내파생상품_일반상품관련거래,0,외국계증권사,B,SF205,각주항목(09.06월 이후)
46084,202303,0010149,골드만삭스증권회사서울지점,C15,파생상품계약_장내파생상품_기타,0,외국계증권사,B,SF205,각주항목(09.06월 이후)
46085,202303,0010149,골드만삭스증권회사서울지점,C2,파생상품계약_장외파생상품,183911400000,외국계증권사,B,SF205,각주항목(09.06월 이후)
46086,202303,0010149,골드만삭스증권회사서울지점,C21,파생상품계약_장외파생상품_이자율관련거래,180000000000,외국계증권사,B,SF205,각주항목(09.06월 이후)
46087,202303,0010149,골드만삭스증권회사서울지점,C22,파생상품계약_장외파생상품_통화관련거래,3911400000,외국계증권사,B,SF205,각주항목(09.06월 이후)
46088,202303,0010149,골드만삭스증권회사서울지점,C23,파생상품계약_장외파생상품_주식관련거래,0,외국계증권사,B,SF205,각주항목(09.06월 이후)
46089,202303,0010149,골드만삭스증권회사서울지점,C24,파생상품계약_장외파생상품_신용관련거래,0,외국계증권사,B,SF205,각주항목(09.06월 이후)
46090,202303,0010149,골드만삭스증권회사서울지점,C25,파생상품계약_장외파생상품_기타,0,외국계증권사,B,SF205,각주항목(09.06월 이후)
46091,202303,0010149,골드만삭스증권회사서울지점,D,대차 및 대주거래,0,외국계증권사,B,SF205,각주항목(09.06월 이후)
46092,202303,0010149,골드만삭스증권회사서울지점,D1,대차 및 대주거래_대여증권,0,외국계증권사,B,SF205,각주항목(09.06월 이후)
46093,202303,0010149,골드만삭스증권회사서울지점,D2,대차 및 대주거래_차입증권,0,외국계증권사,B,SF205,각주항목(09.06월 이후)
46094,202303,0010149,골드만삭스증권회사서울지점,D3,대차 및 대주거래_신용거래대주,0,외국계증권사,B,SF205,각주항목(09.06월 이후)
46095,202303,0010149,골드만삭스증권회사서울지점,E,대손상각채권,0,외국계증권사,B,SF205,각주항목(09.06월 이후)
46096,202303,0010149,골드만삭스증권회사서울지점,F,환전업무 예치금,0,외국계증권사,B,SF205,각주항목(09.06월 이후)
46097,202303,0010149,골드만삭스증권회사서울지점,G,미배당별도예치금,0,외국계증권사,B,SF205,각주항목(09.06월 이후)
46098,202303,0010149,골드만삭스증권회사서울지점,H,배서어음매출(종금계정),0,외국계증권사,B,SF205,각주항목(09.06월 이후)
46099,202303,0010149,골드만삭스증권회사서울지점,H1,대출채권매매이익_담보부,0,외국계증권사,B,SF205,각주항목(09.06월 이후)
46100,202303,0010149,골드만삭스증권회사서울지점,H2,대출채권매매이익_무담보부,0,외국계증권사,B,SF205,각주항목(09.06월 이후)
46101,202306,0010149,골드만삭스증권회사서울지점,A,채무보증,0,외국계증권사,B,SF205,각주항목(09.06월 이후)
46102,202306,0010149,골드만삭스증권회사서울지점,A1,채무보증_지급보증,0,외국계증권사,B,SF205,각주항목(09.06월 이후)
46103,202306,0010149,골드만삭스증권회사서울지점,A2,채무보증_매입보장약정,0,외국계증권사,B,SF205,각주항목(09.06월 이후)
46104,202306,0010149,골드만삭스증권회사서울지점,A3,채무보증_채무인수약정,0,외국계증권사,B,SF205,각주항목(09.06월 이후)
46105,202306,0010149,골드만삭스증권회사서울지점,A5,채무보증_매입확약,0,외국계증권사,B,SF205,각주항목(09.06월 이후)
46106,202306,0010149,골드만삭스증권회사서울지점,A6,채무보증_기타,0,외국계증권사,B,SF205,각주항목(09.06월 이후)
46107,202306,0010149,골드만삭스증권회사서울지점,B,투자자의 예수증권 등,0,외국계증권사,B,SF205,각주항목(09.06월 이후)
46108,202306,0010149,골드만삭스증권회사서울지점,B1,투자자의 예수증권 등_예수 증권,0,외국계증권사,B,SF205,각주항목(09.06월 이후)
46109,202306,0010149,골드만삭스증권회사서울지점,B2,투자자의 예수증권 등_예수양도성예금증서,0,외국계증권사,B,SF205,각주항목(09.06월 이후)
46110,202306,0010149,골드만삭스증권회사서울지점,B3,투자자의 예수증권 등_기타,0,외국계증권사,B,SF205,각주항목(09.06월 이후)
46111,202306,0010149,골드만삭스증권회사서울지점,C,파생상품계약,187876800000,외국계증권사,B,SF205,각주항목(09.06월 이후)
46112,202306,0010149,골드만삭스증권회사서울지점,C1,파생상품계약_장내파생상품,0,외국계증권사,B,SF205,각주항목(09.06월 이후)
46113,202306,0010149,골드만삭스증권회사서울지점,C11,파생상품계약_장내파생상품_이자율관련거래,0,외국계증권사,B,SF205,각주항목(09.06월 이후)
46114,202306,0010149,골드만삭스증권회사서울지점,C12,파생상품계약_장내파생상품_통화관련거래,0,외국계증권사,B,SF205,각주항목(09.06월 이후)
46115,202306,0010149,골드만삭스증권회사서울지점,C13,파생상품계약_장내파생상품_주식관련거래,0,외국계증권사,B,SF205,각주항목(09.06월 이후)
46116,202306,0010149,골드만삭스증권회사서울지점,C14,파생상품계약_장내파생상품_일반상품관련거래,0,외국계증권사,B,SF205,각주항목(09.06월 이후)
46117,202306,0010149,골드만삭스증권회사서울지점,C15,파생상품계약_장내파생상품_기타,0,외국계증권사,B,SF205,각주항목(09.06월 이후)
46118,202306,0010149,골드만삭스증권회사서울지점,C2,파생상품계약_장외파생상품,187876800000,외국계증권사,B,SF205,각주항목(09.06월 이후)
46119,202306,0010149,골드만삭스증권회사서울지점,C21,파생상품계약_장외파생상품_이자율관련거래,180000000000,외국계증권사,B,SF205,각주항목(09.06월 이후)
46120,202306,0010149,골드만삭스증권회사서울지점,C22,파생상품계약_장외파생상품_통화관련거래,7876800000,외국계증권사,B,SF205,각주항목(09.06월 이후)
46121,202306,0010149,골드만삭스증권회사서울지점,C23,파생상품계약_장외파생상품_주식관련거래,0,외국계증권사,B,SF205,각주항목(09.06월 이후)
46122,202306,0010149,골드만삭스증권회사서울지점,C24,파생상품계약_장외파생상품_신용관련거래,0,외국계증권사,B,SF205,각주항목(09.06월 이후)
46123,202306,0010149,골드만삭스증권회사서울지점,C25,파생상품계약_장외파생상품_기타,0,외국계증권사,B,SF205,각주항목(09.06월 이후)
46124,202306,0010149,골드만삭스증권회사서울지점,D,대차 및 대주거래,0,외국계증권사,B,SF205,각주항목(09.06월 이후)
46125,202306,0010149,골드만삭스증권회사서울지점,D1,대차 및 대주거래_대여증권,0,외국계증권사,B,SF205,각주항목(09.06월 이후)
46126,202306,0010149,골드만삭스증권회사서울지점,D2,대차 및 대주거래_차입증권,0,외국계증권사,B,SF205,각주항목(09.06월 이후)
46127,202306,0010149,골드만삭스증권회사서울지점,D3,대차 및 대주거래_신용거래대주,0,외국계증권사,B,SF205,각주항목(09.06월 이후)
46128,202306,0010149,골드만삭스증권회사서울지점,E,대손상각채권,0,외국계증권사,B,SF205,각주항목(09.06월 이후)
46129,202306,0010149,골드만삭스증권회사서울지점,F,환전업무 예치금,0,외국계증권사,B,SF205,각주항목(09.06월 이후)
46130,202306,0010149,골드만삭스증권회사서울지점,G,미배당별도예치금,0,외국계증권사,B,SF205,각주항목(09.06월 이후)
46131,202306,0010149,골드만삭스증권회사서울지점,H,배서어음매출(종금계정),0,외국계증권사,B,SF205,각주항목(09.06월 이후)
46132,202306,0010149,골드만삭스증권회사서울지점,H1,대출채권매매이익_담보부,0,외국계증권사,B,SF205,각주항목(09.06월 이후)
46133,202306,0010149,골드만삭스증권회사서울지점,H2,대출채권매매이익_무담보부,0,외국계증권사,B,SF205,각주항목(09.06월 이후)
46134,202309,0010149,골드만삭스증권회사서울지점,A,채무보증,0,외국계증권사,B,SF205,각주항목(09.06월 이후)
46135,202309,0010149,골드만삭스증권회사서울지점,A1,채무보증_지급보증,0,외국계증권사,B,SF205,각주항목(09.06월 이후)
46136,202309,0010149,골드만삭스증권회사서울지점,A2,채무보증_매입보장약정,0,외국계증권사,B,SF205,각주항목(09.06월 이후)
46137,202309,0010149,골드만삭스증권회사서울지점,A3,채무보증_채무인수약정,0,외국계증권사,B,SF205,각주항목(09.06월 이후)
46138,202309,0010149,골드만삭스증권회사서울지점,A5,채무보증_매입확약,0,외국계증권사,B,SF205,각주항목(09.06월 이후)
46139,202309,0010149,골드만삭스증권회사서울지점,A6,채무보증_기타,0,외국계증권사,B,SF205,각주항목(09.06월 이후)
46140,202309,0010149,골드만삭스증권회사서울지점,B,투자자의 예수증권 등,0,외국계증권사,B,SF205,각주항목(09.06월 이후)
46141,202309,0010149,골드만삭스증권회사서울지점,B1,투자자의 예수증권 등_예수 증권,0,외국계증권사,B,SF205,각주항목(09.06월 이후)
46142,202309,0010149,골드만삭스증권회사서울지점,B2,투자자의 예수증권 등_예수양도성예금증서,0,외국계증권사,B,SF205,각주항목(09.06월 이후)
46143,202309,0010149,골드만삭스증권회사서울지점,B3,투자자의 예수증권 등_기타,0,외국계증권사,B,SF205,각주항목(09.06월 이후)
46144,202309,0010149,골드만삭스증권회사서울지점,C,파생상품계약,185379200000,외국계증권사,B,SF205,각주항목(09.06월 이후)
46145,202309,0010149,골드만삭스증권회사서울지점,C1,파생상품계약_장내파생상품,0,외국계증권사,B,SF205,각주항목(09.06월 이후)
46146,202309,0010149,골드만삭스증권회사서울지점,C11,파생상품계약_장내파생상품_이자율관련거래,0,외국계증권사,B,SF205,각주항목(09.06월 이후)
46147,202309,0010149,골드만삭스증권회사서울지점,C12,파생상품계약_장내파생상품_통화관련거래,0,외국계증권사,B,SF205,각주항목(09.06월 이후)
46148,202309,0010149,골드만삭스증권회사서울지점,C13,파생상품계약_장내파생상품_주식관련거래,0,외국계증권사,B,SF205,각주항목(09.06월 이후)
46149,202309,0010149,골드만삭스증권회사서울지점,C14,파생상품계약_장내파생상품_일반상품관련거래,0,외국계증권사,B,SF205,각주항목(09.06월 이후)
46150,202309,0010149,골드만삭스증권회사서울지점,C15,파생상품계약_장내파생상품_기타,0,외국계증권사,B,SF205,각주항목(09.06월 이후)
46151,202309,0010149,골드만삭스증권회사서울지점,C2,파생상품계약_장외파생상품,185379200000,외국계증권사,B,SF205,각주항목(09.06월 이후)
46152,202309,0010149,골드만삭스증권회사서울지점,C21,파생상품계약_장외파생상품_이자율관련거래,180000000000,외국계증권사,B,SF205,각주항목(09.06월 이후)
46153,202309,0010149,골드만삭스증권회사서울지점,C22,파생상품계약_장외파생상품_통화관련거래,5379200000,외국계증권사,B,SF205,각주항목(09.06월 이후)
46154,202309,0010149,골드만삭스증권회사서울지점,C23,파생상품계약_장외파생상품_주식관련거래,0,외국계증권사,B,SF205,각주항목(09.06월 이후)
46155,202309,0010149,골드만삭스증권회사서울지점,C24,파생상품계약_장외파생상품_신용관련거래,0,외국계증권사,B,SF205,각주항목(09.06월 이후)
46156,202309,0010149,골드만삭스증권회사서울지점,C25,파생상품계약_장외파생상품_기타,0,외국계증권사,B,SF205,각주항목(09.06월 이후)
46157,202309,0010149,골드만삭스증권회사서울지점,D,대차 및 대주거래,0,외국계증권사,B,SF205,각주항목(09.06월 이후)
46158,202309,0010149,골드만삭스증권회사서울지점,D1,대차 및 대주거래_대여증권,0,외국계증권사,B,SF205,각주항목(09.06월 이후)
46159,202309,0010149,골드만삭스증권회사서울지점,D2,대차 및 대주거래_차입증권,0,외국계증권사,B,SF205,각주항목(09.06월 이후)
46160,202309,0010149,골드만삭스증권회사서울지점,D3,대차 및 대주거래_신용거래대주,0,외국계증권사,B,SF205,각주항목(09.06월 이후)
46161,202309,0010149,골드만삭스증권회사서울지점,E,대손상각채권,0,외국계증권사,B,SF205,각주항목(09.06월 이후)
46162,202309,0010149,골드만삭스증권회사서울지점,F,환전업무 예치금,0,외국계증권사,B,SF205,각주항목(09.06월 이후)
46163,202309,0010149,골드만삭스증권회사서울지점,G,미배당별도예치금,0,외국계증권사,B,SF205,각주항목(09.06월 이후)
46164,202309,0010149,골드만삭스증권회사서울지점,H,배서어음매출(종금계정),0,외국계증권사,B,SF205,각주항목(09.06월 이후)
46165,202309,0010149,골드만삭스증권회사서울지점,H1,대출채권매매이익_담보부,0,외국계증권사,B,SF205,각주항목(09.06월 이후)
46166,202309,0010149,골드만삭스증권회사서울지점,H2,대출채권매매이익_무담보부,0,외국계증권사,B,SF205,각주항목(09.06월 이후)
46167,202312,0010149,골드만삭스증권회사서울지점,A,채무보증,0,외국계증권사,B,SF205,각주항목(09.06월 이후)
46168,202312,0010149,골드만삭스증권회사서울지점,A1,채무보증_지급보증,0,외국계증권사,B,SF205,각주항목(09.06월 이후)
46169,202312,0010149,골드만삭스증권회사서울지점,A2,채무보증_매입보장약정,0,외국계증권사,B,SF205,각주항목(09.06월 이후)
46170,202312,0010149,골드만삭스증권회사서울지점,A3,채무보증_채무인수약정,0,외국계증권사,B,SF205,각주항목(09.06월 이후)
46171,202312,0010149,골드만삭스증권회사서울지점,A5,채무보증_매입확약,0,외국계증권사,B,SF205,각주항목(09.06월 이후)
46172,202312,0010149,골드만삭스증권회사서울지점,A6,채무보증_기타,0,외국계증권사,B,SF205,각주항목(09.06월 이후)
46173,202312,0010149,골드만삭스증권회사서울지점,B,투자자의 예수증권 등,0,외국계증권사,B,SF205,각주항목(09.06월 이후)
46174,202312,0010149,골드만삭스증권회사서울지점,B1,투자자의 예수증권 등_예수 증권,0,외국계증권사,B,SF205,각주항목(09.06월 이후)
46175,202312,0010149,골드만삭스증권회사서울지점,B2,투자자의 예수증권 등_예수양도성예금증서,0,외국계증권사,B,SF205,각주항목(09.06월 이후)
46176,202312,0010149,골드만삭스증권회사서울지점,B3,투자자의 예수증권 등_기타,0,외국계증권사,B,SF205,각주항목(09.06월 이후)
46177,202312,0010149,골드만삭스증권회사서울지점,C,파생상품계약,182578800000,외국계증권사,B,SF205,각주항목(09.06월 이후)
46178,202312,0010149,골드만삭스증권회사서울지점,C1,파생상품계약_장내파생상품,0,외국계증권사,B,SF205,각주항목(09.06월 이후)
46179,202312,0010149,골드만삭스증권회사서울지점,C11,파생상품계약_장내파생상품_이자율관련거래,0,외국계증권사,B,SF205,각주항목(09.06월 이후)
46180,202312,0010149,골드만삭스증권회사서울지점,C12,파생상품계약_장내파생상품_통화관련거래,0,외국계증권사,B,SF205,각주항목(09.06월 이후)
46181,202312,0010149,골드만삭스증권회사서울지점,C13,파생상품계약_장내파생상품_주식관련거래,0,외국계증권사,B,SF205,각주항목(09.06월 이후)
46182,202312,0010149,골드만삭스증권회사서울지점,C14,파생상품계약_장내파생상품_일반상품관련거래,0,외국계증권사,B,SF205,각주항목(09.06월 이후)
46183,202312,0010149,골드만삭스증권회사서울지점,C15,파생상품계약_장내파생상품_기타,0,외국계증권사,B,SF205,각주항목(09.06월 이후)
46184,202312,0010149,골드만삭스증권회사서울지점,C2,파생상품계약_장외파생상품,182578800000,외국계증권사,B,SF205,각주항목(09.06월 이후)
46185,202312,0010149,골드만삭스증권회사서울지점,C21,파생상품계약_장외파생상품_이자율관련거래,180000000000,외국계증권사,B,SF205,각주항목(09.06월 이후)
46186,202312,0010149,골드만삭스증권회사서울지점,C22,파생상품계약_장외파생상품_통화관련거래,2578800000,외국계증권사,B,SF205,각주항목(09.06월 이후)
46187,202312,0010149,골드만삭스증권회사서울지점,C23,파생상품계약_장외파생상품_주식관련거래,0,외국계증권사,B,SF205,각주항목(09.06월 이후)
46188,202312,0010149,골드만삭스증권회사서울지점,C24,파생상품계약_장외파생상품_신용관련거래,0,외국계증권사,B,SF205,각주항목(09.06월 이후)
46189,202312,0010149,골드만삭스증권회사서울지점,C25,파생상품계약_장외파생상품_기타,0,외국계증권사,B,SF205,각주항목(09.06월 이후)
46190,202312,0010149,골드만삭스증권회사서울지점,D,대차 및 대주거래,0,외국계증권사,B,SF205,각주항목(09.06월 이후)
46191,202312,0010149,골드만삭스증권회사서울지점,D1,대차 및 대주거래_대여증권,0,외국계증권사,B,SF205,각주항목(09.06월 이후)
46192,202312,0010149,골드만삭스증권회사서울지점,D2,대차 및 대주거래_차입증권,0,외국계증권사,B,SF205,각주항목(09.06월 이후)
46193,202312,0010149,골드만삭스증권회사서울지점,D3,대차 및 대주거래_신용거래대주,0,외국계증권사,B,SF205,각주항목(09.06월 이후)
46194,202312,0010149,골드만삭스증권회사서울지점,E,대손상각채권,0,외국계증권사,B,SF205,각주항목(09.06월 이후)
46195,202312,0010149,골드만삭스증권회사서울지점,F,환전업무 예치금,0,외국계증권사,B,SF205,각주항목(09.06월 이후)
46196,202312,0010149,골드만삭스증권회사서울지점,G,미배당별도예치금,0,외국계증권사,B,SF205,각주항목(09.06월 이후)
46197,202312,0010149,골드만삭스증권회사서울지점,H,배서어음매출(종금계정),0,외국계증권사,B,SF205,각주항목(09.06월 이후)
46198,202312,0010149,골드만삭스증권회사서울지점,H1,대출채권매매이익_담보부,0,외국계증권사,B,SF205,각주항목(09.06월 이후)
46199,202312,0010149,골드만삭스증권회사서울지점,H2,대출채권매매이익_무담보부,0,외국계증권사,B,SF205,각주항목(09.06월 이후)
46200,202403,0010149,골드만삭스증권회사서울지점,A,채무보증,0,외국계증권사,B,SF205,각주항목(09.06월 이후)
46201,202403,0010149,골드만삭스증권회사서울지점,A1,채무보증_지급보증,0,외국계증권사,B,SF205,각주항목(09.06월 이후)
46202,202403,0010149,골드만삭스증권회사서울지점,A2,채무보증_매입보장약정,0,외국계증권사,B,SF205,각주항목(09.06월 이후)
46203,202403,0010149,골드만삭스증권회사서울지점,A3,채무보증_채무인수약정,0,외국계증권사,B,SF205,각주항목(09.06월 이후)
46204,202403,0010149,골드만삭스증권회사서울지점,A5,채무보증_매입확약,0,외국계증권사,B,SF205,각주항목(09.06월 이후)
46205,202403,0010149,골드만삭스증권회사서울지점,A6,채무보증_기타,0,외국계증권사,B,SF205,각주항목(09.06월 이후)
46206,202403,0010149,골드만삭스증권회사서울지점,B,투자자의 예수증권 등,0,외국계증권사,B,SF205,각주항목(09.06월 이후)
46207,202403,0010149,골드만삭스증권회사서울지점,B1,투자자의 예수증권 등_예수 증권,0,외국계증권사,B,SF205,각주항목(09.06월 이후)
46208,202403,0010149,골드만삭스증권회사서울지점,B2,투자자의 예수증권 등_예수양도성예금증서,0,외국계증권사,B,SF205,각주항목(09.06월 이후)
46209,202403,0010149,골드만삭스증권회사서울지점,B3,투자자의 예수증권 등_기타,0,외국계증권사,B,SF205,각주항목(09.06월 이후)
46210,202403,0010149,골드만삭스증권회사서울지점,C,파생상품계약,181750840000,외국계증권사,B,SF205,각주항목(09.06월 이후)
46211,202403,0010149,골드만삭스증권회사서울지점,C1,파생상품계약_장내파생상품,0,외국계증권사,B,SF205,각주항목(09.06월 이후)
46212,202403,0010149,골드만삭스증권회사서울지점,C11,파생상품계약_장내파생상품_이자율관련거래,0,외국계증권사,B,SF205,각주항목(09.06월 이후)
46213,202403,0010149,골드만삭스증권회사서울지점,C12,파생상품계약_장내파생상품_통화관련거래,0,외국계증권사,B,SF205,각주항목(09.06월 이후)
46214,202403,0010149,골드만삭스증권회사서울지점,C13,파생상품계약_장내파생상품_주식관련거래,0,외국계증권사,B,SF205,각주항목(09.06월 이후)
46215,202403,0010149,골드만삭스증권회사서울지점,C14,파생상품계약_장내파생상품_일반상품관련거래,0,외국계증권사,B,SF205,각주항목(09.06월 이후)
46216,202403,0010149,골드만삭스증권회사서울지점,C15,파생상품계약_장내파생상품_기타,0,외국계증권사,B,SF205,각주항목(09.06월 이후)
46217,202403,0010149,골드만삭스증권회사서울지점,C2,파생상품계약_장외파생상품,181750840000,외국계증권사,B,SF205,각주항목(09.06월 이후)
46218,202403,0010149,골드만삭스증권회사서울지점,C21,파생상품계약_장외파생상품_이자율관련거래,180000000000,외국계증권사,B,SF205,각주항목(09.06월 이후)
46219,202403,0010149,골드만삭스증권회사서울지점,C22,파생상품계약_장외파생상품_통화관련거래,1750840000,외국계증권사,B,SF205,각주항목(09.06월 이후)
46220,202403,0010149,골드만삭스증권회사서울지점,C23,파생상품계약_장외파생상품_주식관련거래,0,외국계증권사,B,SF205,각주항목(09.06월 이후)
46221,202403,0010149,골드만삭스증권회사서울지점,C24,파생상품계약_장외파생상품_신용관련거래,0,외국계증권사,B,SF205,각주항목(09.06월 이후)
46222,202403,0010149,골드만삭스증권회사서울지점,C25,파생상품계약_장외파생상품_기타,0,외국계증권사,B,SF205,각주항목(09.06월 이후)
46223,202403,0010149,골드만삭스증권회사서울지점,D,대차 및 대주거래,0,외국계증권사,B,SF205,각주항목(09.06월 이후)
46224,202403,0010149,골드만삭스증권회사서울지점,D1,대차 및 대주거래_대여증권,0,외국계증권사,B,SF205,각주항목(09.06월 이후)
46225,202403,0010149,골드만삭스증권회사서울지점,D2,대차 및 대주거래_차입증권,0,외국계증권사,B,SF205,각주항목(09.06월 이후)
46226,202403,0010149,골드만삭스증권회사서울지점,D3,대차 및 대주거래_신용거래대주,0,외국계증권사,B,SF205,각주항목(09.06월 이후)
46227,202403,0010149,골드만삭스증권회사서울지점,E,대손상각채권,0,외국계증권사,B,SF205,각주항목(09.06월 이후)
46228,202403,0010149,골드만삭스증권회사서울지점,F,환전업무 예치금,0,외국계증권사,B,SF205,각주항목(09.06월 이후)
46229,202403,0010149,골드만삭스증권회사서울지점,G,미배당별도예치금,0,외국계증권사,B,SF205,각주항목(09.06월 이후)
46230,202403,0010149,골드만삭스증권회사서울지점,H,배서어음매출(종금계정),0,외국계증권사,B,SF205,각주항목(09.06월 이후)
46231,202403,0010149,골드만삭스증권회사서울지점,H1,대출채권매매이익_담보부,0,외국계증권사,B,SF205,각주항목(09.06월 이후)
46232,202403,0010149,골드만삭스증권회사서울지점,H2,대출채권매매이익_무담보부,0,외국계증권사,B,SF205,각주항목(09.06월 이후)
46233,202406,0010149,골드만삭스증권회사서울지점,A,채무보증,0,외국계증권사,B,SF205,각주항목(09.06월 이후)
46234,202406,0010149,골드만삭스증권회사서울지점,A1,채무보증_지급보증,0,외국계증권사,B,SF205,각주항목(09.06월 이후)
46235,202406,0010149,골드만삭스증권회사서울지점,A2,채무보증_매입보장약정,0,외국계증권사,B,SF205,각주항목(09.06월 이후)
46236,202406,0010149,골드만삭스증권회사서울지점,A3,채무보증_채무인수약정,0,외국계증권사,B,SF205,각주항목(09.06월 이후)
46237,202406,0010149,골드만삭스증권회사서울지점,A5,채무보증_매입확약,0,외국계증권사,B,SF205,각주항목(09.06월 이후)
46238,202406,0010149,골드만삭스증권회사서울지점,A6,채무보증_기타,0,외국계증권사,B,SF205,각주항목(09.06월 이후)
46239,202406,0010149,골드만삭스증권회사서울지점,B,투자자의 예수증권 등,0,외국계증권사,B,SF205,각주항목(09.06월 이후)
46240,202406,0010149,골드만삭스증권회사서울지점,B1,투자자의 예수증권 등_예수 증권,0,외국계증권사,B,SF205,각주항목(09.06월 이후)
46241,202406,0010149,골드만삭스증권회사서울지점,B2,투자자의 예수증권 등_예수양도성예금증서,0,외국계증권사,B,SF205,각주항목(09.06월 이후)
46242,202406,0010149,골드만삭스증권회사서울지점,B3,투자자의 예수증권 등_기타,0,외국계증권사,B,SF205,각주항목(09.06월 이후)
46243,202406,0010149,골드만삭스증권회사서울지점,C,파생상품계약,181250280000,외국계증권사,B,SF205,각주항목(09.06월 이후)
46244,202406,0010149,골드만삭스증권회사서울지점,C1,파생상품계약_장내파생상품,0,외국계증권사,B,SF205,각주항목(09.06월 이후)
46245,202406,0010149,골드만삭스증권회사서울지점,C11,파생상품계약_장내파생상품_이자율관련거래,0,외국계증권사,B,SF205,각주항목(09.06월 이후)
46246,202406,0010149,골드만삭스증권회사서울지점,C12,파생상품계약_장내파생상품_통화관련거래,0,외국계증권사,B,SF205,각주항목(09.06월 이후)
46247,202406,0010149,골드만삭스증권회사서울지점,C13,파생상품계약_장내파생상품_주식관련거래,0,외국계증권사,B,SF205,각주항목(09.06월 이후)
46248,202406,0010149,골드만삭스증권회사서울지점,C14,파생상품계약_장내파생상품_일반상품관련거래,0,외국계증권사,B,SF205,각주항목(09.06월 이후)
46249,202406,0010149,골드만삭스증권회사서울지점,C15,파생상품계약_장내파생상품_기타,0,외국계증권사,B,SF205,각주항목(09.06월 이후)
46250,202406,0010149,골드만삭스증권회사서울지점,C2,파생상품계약_장외파생상품,181250280000,외국계증권사,B,SF205,각주항목(09.06월 이후)
46251,202406,0010149,골드만삭스증권회사서울지점,C21,파생상품계약_장외파생상품_이자율관련거래,180000000000,외국계증권사,B,SF205,각주항목(09.06월 이후)
46252,202406,0010149,골드만삭스증권회사서울지점,C22,파생상품계약_장외파생상품_통화관련거래,1250280000,외국계증권사,B,SF205,각주항목(09.06월 이후)
46253,202406,0010149,골드만삭스증권회사서울지점,C23,파생상품계약_장외파생상품_주식관련거래,0,외국계증권사,B,SF205,각주항목(09.06월 이후)
46254,202406,0010149,골드만삭스증권회사서울지점,C24,파생상품계약_장외파생상품_신용관련거래,0,외국계증권사,B,SF205,각주항목(09.06월 이후)
46255,202406,0010149,골드만삭스증권회사서울지점,C25,파생상품계약_장외파생상품_기타,0,외국계증권사,B,SF205,각주항목(09.06월 이후)
46256,202406,0010149,골드만삭스증권회사서울지점,D,대차 및 대주거래,0,외국계증권사,B,SF205,각주항목(09.06월 이후)
46257,202406,0010149,골드만삭스증권회사서울지점,D1,대차 및 대주거래_대여증권,0,외국계증권사,B,SF205,각주항목(09.06월 이후)
46258,202406,0010149,골드만삭스증권회사서울지점,D2,대차 및 대주거래_차입증권,0,외국계증권사,B,SF205,각주항목(09.06월 이후)
46259,202406,0010149,골드만삭스증권회사서울지점,D3,대차 및 대주거래_신용거래대주,0,외국계증권사,B,SF205,각주항목(09.06월 이후)
46260,202406,0010149,골드만삭스증권회사서울지점,E,대손상각채권,0,외국계증권사,B,SF205,각주항목(09.06월 이후)
46261,202406,0010149,골드만삭스증권회사서울지점,F,환전업무 예치금,0,외국계증권사,B,SF205,각주항목(09.06월 이후)
46262,202406,0010149,골드만삭스증권회사서울지점,G,미배당별도예치금,0,외국계증권사,B,SF205,각주항목(09.06월 이후)
46263,202406,0010149,골드만삭스증권회사서울지점,H,배서어음매출(종금계정),0,외국계증권사,B,SF205,각주항목(09.06월 이후)
46264,202406,0010149,골드만삭스증권회사서울지점,H1,대출채권매매이익_담보부,0,외국계증권사,B,SF205,각주항목(09.06월 이후)
46265,202406,0010149,골드만삭스증권회사서울지점,H2,대출채권매매이익_무담보부,0,외국계증권사,B,SF205,각주항목(09.06월 이후)
46266,202409,0010149,골드만삭스증권회사서울지점,A,채무보증,0,외국계증권사,B,SF205,각주항목(09.06월 이후)
46267,202409,0010149,골드만삭스증권회사서울지점,A1,채무보증_지급보증,0,외국계증권사,B,SF205,각주항목(09.06월 이후)
46268,202409,0010149,골드만삭스증권회사서울지점,A2,채무보증_매입보장약정,0,외국계증권사,B,SF205,각주항목(09.06월 이후)
46269,202409,0010149,골드만삭스증권회사서울지점,A3,채무보증_채무인수약정,0,외국계증권사,B,SF205,각주항목(09.06월 이후)
46270,202409,0010149,골드만삭스증권회사서울지점,A5,채무보증_매입확약,0,외국계증권사,B,SF205,각주항목(09.06월 이후)
46271,202409,0010149,골드만삭스증권회사서울지점,A6,채무보증_기타,0,외국계증권사,B,SF205,각주항목(09.06월 이후)
46272,202409,0010149,골드만삭스증권회사서울지점,B,투자자의 예수증권 등,0,외국계증권사,B,SF205,각주항목(09.06월 이후)
46273,202409,0010149,골드만삭스증권회사서울지점,B1,투자자의 예수증권 등_예수 증권,0,외국계증권사,B,SF205,각주항목(09.06월 이후)
46274,202409,0010149,골드만삭스증권회사서울지점,B2,투자자의 예수증권 등_예수양도성예금증서,0,외국계증권사,B,SF205,각주항목(09.06월 이후)
46275,202409,0010149,골드만삭스증권회사서울지점,B3,투자자의 예수증권 등_기타,0,외국계증권사,B,SF205,각주항목(09.06월 이후)
46276,202409,0010149,골드만삭스증권회사서울지점,C,파생상품계약,180000000000,외국계증권사,B,SF205,각주항목(09.06월 이후)
46277,202409,0010149,골드만삭스증권회사서울지점,C1,파생상품계약_장내파생상품,0,외국계증권사,B,SF205,각주항목(09.06월 이후)
46278,202409,0010149,골드만삭스증권회사서울지점,C11,파생상품계약_장내파생상품_이자율관련거래,0,외국계증권사,B,SF205,각주항목(09.06월 이후)
46279,202409,0010149,골드만삭스증권회사서울지점,C12,파생상품계약_장내파생상품_통화관련거래,0,외국계증권사,B,SF205,각주항목(09.06월 이후)
46280,202409,0010149,골드만삭스증권회사서울지점,C13,파생상품계약_장내파생상품_주식관련거래,0,외국계증권사,B,SF205,각주항목(09.06월 이후)
46281,202409,0010149,골드만삭스증권회사서울지점,C14,파생상품계약_장내파생상품_일반상품관련거래,0,외국계증권사,B,SF205,각주항목(09.06월 이후)
46282,202409,0010149,골드만삭스증권회사서울지점,C15,파생상품계약_장내파생상품_기타,0,외국계증권사,B,SF205,각주항목(09.06월 이후)
46283,202409,0010149,골드만삭스증권회사서울지점,C2,파생상품계약_장외파생상품,180000000000,외국계증권사,B,SF205,각주항목(09.06월 이후)
46284,202409,0010149,골드만삭스증권회사서울지점,C21,파생상품계약_장외파생상품_이자율관련거래,180000000000,외국계증권사,B,SF205,각주항목(09.06월 이후)
46285,202409,0010149,골드만삭스증권회사서울지점,C22,파생상품계약_장외파생상품_통화관련거래,0,외국계증권사,B,SF205,각주항목(09.06월 이후)
46286,202409,0010149,골드만삭스증권회사서울지점,C23,파생상품계약_장외파생상품_주식관련거래,0,외국계증권사,B,SF205,각주항목(09.06월 이후)
46287,202409,0010149,골드만삭스증권회사서울지점,C24,파생상품계약_장외파생상품_신용관련거래,0,외국계증권사,B,SF205,각주항목(09.06월 이후)
46288,202409,0010149,골드만삭스증권회사서울지점,C25,파생상품계약_장외파생상품_기타,0,외국계증권사,B,SF205,각주항목(09.06월 이후)
46289,202409,0010149,골드만삭스증권회사서울지점,D,대차 및 대주거래,0,외국계증권사,B,SF205,각주항목(09.06월 이후)
46290,202409,0010149,골드만삭스증권회사서울지점,D1,대차 및 대주거래_대여증권,0,외국계증권사,B,SF205,각주항목(09.06월 이후)
46291,202409,0010149,골드만삭스증권회사서울지점,D2,대차 및 대주거래_차입증권,0,외국계증권사,B,SF205,각주항목(09.06월 이후)
46292,202409,0010149,골드만삭스증권회사서울지점,D3,대차 및 대주거래_신용거래대주,0,외국계증권사,B,SF205,각주항목(09.06월 이후)
46293,202409,0010149,골드만삭스증권회사서울지점,E,대손상각채권,0,외국계증권사,B,SF205,각주항목(09.06월 이후)
46294,202409,0010149,골드만삭스증권회사서울지점,F,환전업무 예치금,0,외국계증권사,B,SF205,각주항목(09.06월 이후)
46295,202409,0010149,골드만삭스증권회사서울지점,G,미배당별도예치금,0,외국계증권사,B,SF205,각주항목(09.06월 이후)
46296,202409,0010149,골드만삭스증권회사서울지점,H,배서어음매출(종금계정),0,외국계증권사,B,SF205,각주항목(09.06월 이후)
46297,202409,0010149,골드만삭스증권회사서울지점,H1,대출채권매매이익_담보부,0,외국계증권사,B,SF205,각주항목(09.06월 이후)
46298,202409,0010149,골드만삭스증권회사서울지점,H2,대출채권매매이익_무담보부,0,외국계증권사,B,SF205,각주항목(09.06월 이후)
46299,202412,0010149,골드만삭스증권회사서울지점,A,채무보증,0,외국계증권사,B,SF205,각주항목(09.06월 이후)
46300,202412,0010149,골드만삭스증권회사서울지점,A1,채무보증_지급보증,0,외국계증권사,B,SF205,각주항목(09.06월 이후)
46301,202412,0010149,골드만삭스증권회사서울지점,A2,채무보증_매입보장약정,0,외국계증권사,B,SF205,각주항목(09.06월 이후)
46302,202412,0010149,골드만삭스증권회사서울지점,A3,채무보증_채무인수약정,0,외국계증권사,B,SF205,각주항목(09.06월 이후)
46303,202412,0010149,골드만삭스증권회사서울지점,A5,채무보증_매입확약,0,외국계증권사,B,SF205,각주항목(09.06월 이후)
46304,202412,0010149,골드만삭스증권회사서울지점,A6,채무보증_기타,0,외국계증권사,B,SF205,각주항목(09.06월 이후)
46305,202412,0010149,골드만삭스증권회사서울지점,B,투자자의 예수증권 등,0,외국계증권사,B,SF205,각주항목(09.06월 이후)
46306,202412,0010149,골드만삭스증권회사서울지점,B1,투자자의 예수증권 등_예수 증권,0,외국계증권사,B,SF205,각주항목(09.06월 이후)
46307,202412,0010149,골드만삭스증권회사서울지점,B2,투자자의 예수증권 등_예수양도성예금증서,0,외국계증권사,B,SF205,각주항목(09.06월 이후)
46308,202412,0010149,골드만삭스증권회사서울지점,B3,투자자의 예수증권 등_기타,0,외국계증권사,B,SF205,각주항목(09.06월 이후)
46309,202412,0010149,골드만삭스증권회사서울지점,C,파생상품계약,182940000000,외국계증권사,B,SF205,각주항목(09.06월 이후)
46310,202412,0010149,골드만삭스증권회사서울지점,C1,파생상품계약_장내파생상품,0,외국계증권사,B,SF205,각주항목(09.06월 이후)
46311,202412,0010149,골드만삭스증권회사서울지점,C11,파생상품계약_장내파생상품_이자율관련거래,0,외국계증권사,B,SF205,각주항목(09.06월 이후)
46312,202412,0010149,골드만삭스증권회사서울지점,C12,파생상품계약_장내파생상품_통화관련거래,0,외국계증권사,B,SF205,각주항목(09.06월 이후)
46313,202412,0010149,골드만삭스증권회사서울지점,C13,파생상품계약_장내파생상품_주식관련거래,0,외국계증권사,B,SF205,각주항목(09.06월 이후)
46314,202412,0010149,골드만삭스증권회사서울지점,C14,파생상품계약_장내파생상품_일반상품관련거래,0,외국계증권사,B,SF205,각주항목(09.06월 이후)
46315,202412,0010149,골드만삭스증권회사서울지점,C15,파생상품계약_장내파생상품_기타,0,외국계증권사,B,SF205,각주항목(09.06월 이후)
46316,202412,0010149,골드만삭스증권회사서울지점,C2,파생상품계약_장외파생상품,182940000000,외국계증권사,B,SF205,각주항목(09.06월 이후)
46317,202412,0010149,골드만삭스증권회사서울지점,C21,파생상품계약_장외파생상품_이자율관련거래,180000000000,외국계증권사,B,SF205,각주항목(09.06월 이후)
46318,202412,0010149,골드만삭스증권회사서울지점,C22,파생상품계약_장외파생상품_통화관련거래,2940000000,외국계증권사,B,SF205,각주항목(09.06월 이후)
46319,202412,0010149,골드만삭스증권회사서울지점,C23,파생상품계약_장외파생상품_주식관련거래,0,외국계증권사,B,SF205,각주항목(09.06월 이후)
46320,202412,0010149,골드만삭스증권회사서울지점,C24,파생상품계약_장외파생상품_신용관련거래,0,외국계증권사,B,SF205,각주항목(09.06월 이후)
46321,202412,0010149,골드만삭스증권회사서울지점,C25,파생상품계약_장외파생상품_기타,0,외국계증권사,B,SF205,각주항목(09.06월 이후)
46322,202412,0010149,골드만삭스증권회사서울지점,D,대차 및 대주거래,6363828262,외국계증권사,B,SF205,각주항목(09.06월 이후)
46323,202412,0010149,골드만삭스증권회사서울지점,D1,대차 및 대주거래_대여증권,0,외국계증권사,B,SF205,각주항목(09.06월 이후)
46324,202412,0010149,골드만삭스증권회사서울지점,D2,대차 및 대주거래_차입증권,6363828262,외국계증권사,B,SF205,각주항목(09.06월 이후)
46325,202412,0010149,골드만삭스증권회사서울지점,D3,대차 및 대주거래_신용거래대주,0,외국계증권사,B,SF205,각주항목(09.06월 이후)
46326,202412,0010149,골드만삭스증권회사서울지점,E,대손상각채권,0,외국계증권사,B,SF205,각주항목(09.06월 이후)
46327,202412,0010149,골드만삭스증권회사서울지점,F,환전업무 예치금,0,외국계증권사,B,SF205,각주항목(09.06월 이후)
46328,202412,0010149,골드만삭스증권회사서울지점,G,미배당별도예치금,0,외국계증권사,B,SF205,각주항목(09.06월 이후)
46329,202412,0010149,골드만삭스증권회사서울지점,H,배서어음매출(종금계정),0,외국계증권사,B,SF205,각주항목(09.06월 이후)
46330,202412,0010149,골드만삭스증권회사서울지점,H1,대출채권매매이익_담보부,0,외국계증권사,B,SF205,각주항목(09.06월 이후)
46331,202412,0010149,골드만삭스증권회사서울지점,H2,대출채권매매이익_무담보부,0,외국계증권사,B,SF205,각주항목(09.06월 이후)
46332,201709,0010153,메릴린치인터내셔날엘엘씨증권 서울지점,A,채무보증,0,외국계증권사,B,SF205,각주항목(09.06월 이후)
46333,201709,0010153,메릴린치인터내셔날엘엘씨증권 서울지점,A1,채무보증_지급보증,0,외국계증권사,B,SF205,각주항목(09.06월 이후)
46334,201709,0010153,메릴린치인터내셔날엘엘씨증권 서울지점,A2,채무보증_매입보장약정,0,외국계증권사,B,SF205,각주항목(09.06월 이후)
46335,201709,0010153,메릴린치인터내셔날엘엘씨증권 서울지점,A3,채무보증_채무인수약정,0,외국계증권사,B,SF205,각주항목(09.06월 이후)
46336,201709,0010153,메릴린치인터내셔날엘엘씨증권 서울지점,A5,채무보증_매입확약,0,외국계증권사,B,SF205,각주항목(09.06월 이후)
46337,201709,0010153,메릴린치인터내셔날엘엘씨증권 서울지점,A6,채무보증_기타,0,외국계증권사,B,SF205,각주항목(09.06월 이후)
46338,201709,0010153,메릴린치인터내셔날엘엘씨증권 서울지점,B,투자자의 예수증권 등,0,외국계증권사,B,SF205,각주항목(09.06월 이후)
46339,201709,0010153,메릴린치인터내셔날엘엘씨증권 서울지점,B1,투자자의 예수증권 등_예수 증권,0,외국계증권사,B,SF205,각주항목(09.06월 이후)
46340,201709,0010153,메릴린치인터내셔날엘엘씨증권 서울지점,B2,투자자의 예수증권 등_예수양도성예금증서,0,외국계증권사,B,SF205,각주항목(09.06월 이후)
46341,201709,0010153,메릴린치인터내셔날엘엘씨증권 서울지점,B3,투자자의 예수증권 등_기타,0,외국계증권사,B,SF205,각주항목(09.06월 이후)
46342,201709,0010153,메릴린치인터내셔날엘엘씨증권 서울지점,C,파생상품계약,0,외국계증권사,B,SF205,각주항목(09.06월 이후)
46343,201709,0010153,메릴린치인터내셔날엘엘씨증권 서울지점,C1,파생상품계약_장내파생상품,0,외국계증권사,B,SF205,각주항목(09.06월 이후)
46344,201709,0010153,메릴린치인터내셔날엘엘씨증권 서울지점,C11,파생상품계약_장내파생상품_이자율관련거래,0,외국계증권사,B,SF205,각주항목(09.06월 이후)
46345,201709,0010153,메릴린치인터내셔날엘엘씨증권 서울지점,C12,파생상품계약_장내파생상품_통화관련거래,0,외국계증권사,B,SF205,각주항목(09.06월 이후)
46346,201709,0010153,메릴린치인터내셔날엘엘씨증권 서울지점,C13,파생상품계약_장내파생상품_주식관련거래,0,외국계증권사,B,SF205,각주항목(09.06월 이후)
46347,201709,0010153,메릴린치인터내셔날엘엘씨증권 서울지점,C14,파생상품계약_장내파생상품_일반상품관련거래,0,외국계증권사,B,SF205,각주항목(09.06월 이후)
46348,201709,0010153,메릴린치인터내셔날엘엘씨증권 서울지점,C15,파생상품계약_장내파생상품_기타,0,외국계증권사,B,SF205,각주항목(09.06월 이후)
46349,201709,0010153,메릴린치인터내셔날엘엘씨증권 서울지점,C2,파생상품계약_장외파생상품,0,외국계증권사,B,SF205,각주항목(09.06월 이후)
46350,201709,0010153,메릴린치인터내셔날엘엘씨증권 서울지점,C21,파생상품계약_장외파생상품_이자율관련거래,0,외국계증권사,B,SF205,각주항목(09.06월 이후)
46351,201709,0010153,메릴린치인터내셔날엘엘씨증권 서울지점,C22,파생상품계약_장외파생상품_통화관련거래,0,외국계증권사,B,SF205,각주항목(09.06월 이후)
46352,201709,0010153,메릴린치인터내셔날엘엘씨증권 서울지점,C23,파생상품계약_장외파생상품_주식관련거래,0,외국계증권사,B,SF205,각주항목(09.06월 이후)
46353,201709,0010153,메릴린치인터내셔날엘엘씨증권 서울지점,C24,파생상품계약_장외파생상품_신용관련거래,0,외국계증권사,B,SF205,각주항목(09.06월 이후)
46354,201709,0010153,메릴린치인터내셔날엘엘씨증권 서울지점,C25,파생상품계약_장외파생상품_기타,0,외국계증권사,B,SF205,각주항목(09.06월 이후)
46355,201709,0010153,메릴린치인터내셔날엘엘씨증권 서울지점,D,대차 및 대주거래,0,외국계증권사,B,SF205,각주항목(09.06월 이후)
46356,201709,0010153,메릴린치인터내셔날엘엘씨증권 서울지점,D1,대차 및 대주거래_대여증권,0,외국계증권사,B,SF205,각주항목(09.06월 이후)
46357,201709,0010153,메릴린치인터내셔날엘엘씨증권 서울지점,D2,대차 및 대주거래_차입증권,0,외국계증권사,B,SF205,각주항목(09.06월 이후)
46358,201709,0010153,메릴린치인터내셔날엘엘씨증권 서울지점,D3,대차 및 대주거래_신용거래대주,0,외국계증권사,B,SF205,각주항목(09.06월 이후)
46359,201709,0010153,메릴린치인터내셔날엘엘씨증권 서울지점,E,대손상각채권,0,외국계증권사,B,SF205,각주항목(09.06월 이후)
46360,201709,0010153,메릴린치인터내셔날엘엘씨증권 서울지점,F,환전업무 예치금,0,외국계증권사,B,SF205,각주항목(09.06월 이후)
46361,201709,0010153,메릴린치인터내셔날엘엘씨증권 서울지점,G,미배당별도예치금,0,외국계증권사,B,SF205,각주항목(09.06월 이후)
46362,201709,0010153,메릴린치인터내셔날엘엘씨증권 서울지점,H,배서어음매출(종금계정),0,외국계증권사,B,SF205,각주항목(09.06월 이후)
46363,201709,0010153,메릴린치인터내셔날엘엘씨증권 서울지점,H1,대출채권매매이익_담보부,0,외국계증권사,B,SF205,각주항목(09.06월 이후)
46364,201709,0010153,메릴린치인터내셔날엘엘씨증권 서울지점,H2,대출채권매매이익_무담보부,0,외국계증권사,B,SF205,각주항목(09.06월 이후)
46365,201712,0010153,메릴린치인터내셔날엘엘씨증권 서울지점,A,채무보증,0,외국계증권사,B,SF205,각주항목(09.06월 이후)
46366,201712,0010153,메릴린치인터내셔날엘엘씨증권 서울지점,A1,채무보증_지급보증,0,외국계증권사,B,SF205,각주항목(09.06월 이후)
46367,201712,0010153,메릴린치인터내셔날엘엘씨증권 서울지점,A2,채무보증_매입보장약정,0,외국계증권사,B,SF205,각주항목(09.06월 이후)
46368,201712,0010153,메릴린치인터내셔날엘엘씨증권 서울지점,A3,채무보증_채무인수약정,0,외국계증권사,B,SF205,각주항목(09.06월 이후)
46369,201712,0010153,메릴린치인터내셔날엘엘씨증권 서울지점,A5,채무보증_매입확약,0,외국계증권사,B,SF205,각주항목(09.06월 이후)
46370,201712,0010153,메릴린치인터내셔날엘엘씨증권 서울지점,A6,채무보증_기타,0,외국계증권사,B,SF205,각주항목(09.06월 이후)
46371,201712,0010153,메릴린치인터내셔날엘엘씨증권 서울지점,B,투자자의 예수증권 등,0,외국계증권사,B,SF205,각주항목(09.06월 이후)
46372,201712,0010153,메릴린치인터내셔날엘엘씨증권 서울지점,B1,투자자의 예수증권 등_예수 증권,0,외국계증권사,B,SF205,각주항목(09.06월 이후)
46373,201712,0010153,메릴린치인터내셔날엘엘씨증권 서울지점,B2,투자자의 예수증권 등_예수양도성예금증서,0,외국계증권사,B,SF205,각주항목(09.06월 이후)
46374,201712,0010153,메릴린치인터내셔날엘엘씨증권 서울지점,B3,투자자의 예수증권 등_기타,0,외국계증권사,B,SF205,각주항목(09.06월 이후)
46375,201712,0010153,메릴린치인터내셔날엘엘씨증권 서울지점,C,파생상품계약,0,외국계증권사,B,SF205,각주항목(09.06월 이후)
46376,201712,0010153,메릴린치인터내셔날엘엘씨증권 서울지점,C1,파생상품계약_장내파생상품,0,외국계증권사,B,SF205,각주항목(09.06월 이후)
46377,201712,0010153,메릴린치인터내셔날엘엘씨증권 서울지점,C11,파생상품계약_장내파생상품_이자율관련거래,0,외국계증권사,B,SF205,각주항목(09.06월 이후)
46378,201712,0010153,메릴린치인터내셔날엘엘씨증권 서울지점,C12,파생상품계약_장내파생상품_통화관련거래,0,외국계증권사,B,SF205,각주항목(09.06월 이후)
46379,201712,0010153,메릴린치인터내셔날엘엘씨증권 서울지점,C13,파생상품계약_장내파생상품_주식관련거래,0,외국계증권사,B,SF205,각주항목(09.06월 이후)
46380,201712,0010153,메릴린치인터내셔날엘엘씨증권 서울지점,C14,파생상품계약_장내파생상품_일반상품관련거래,0,외국계증권사,B,SF205,각주항목(09.06월 이후)
46381,201712,0010153,메릴린치인터내셔날엘엘씨증권 서울지점,C15,파생상품계약_장내파생상품_기타,0,외국계증권사,B,SF205,각주항목(09.06월 이후)
46382,201712,0010153,메릴린치인터내셔날엘엘씨증권 서울지점,C2,파생상품계약_장외파생상품,0,외국계증권사,B,SF205,각주항목(09.06월 이후)
46383,201712,0010153,메릴린치인터내셔날엘엘씨증권 서울지점,C21,파생상품계약_장외파생상품_이자율관련거래,0,외국계증권사,B,SF205,각주항목(09.06월 이후)
46384,201712,0010153,메릴린치인터내셔날엘엘씨증권 서울지점,C22,파생상품계약_장외파생상품_통화관련거래,0,외국계증권사,B,SF205,각주항목(09.06월 이후)
46385,201712,0010153,메릴린치인터내셔날엘엘씨증권 서울지점,C23,파생상품계약_장외파생상품_주식관련거래,0,외국계증권사,B,SF205,각주항목(09.06월 이후)
46386,201712,0010153,메릴린치인터내셔날엘엘씨증권 서울지점,C24,파생상품계약_장외파생상품_신용관련거래,0,외국계증권사,B,SF205,각주항목(09.06월 이후)
46387,201712,0010153,메릴린치인터내셔날엘엘씨증권 서울지점,C25,파생상품계약_장외파생상품_기타,0,외국계증권사,B,SF205,각주항목(09.06월 이후)
46388,201712,0010153,메릴린치인터내셔날엘엘씨증권 서울지점,D,대차 및 대주거래,0,외국계증권사,B,SF205,각주항목(09.06월 이후)
46389,201712,0010153,메릴린치인터내셔날엘엘씨증권 서울지점,D1,대차 및 대주거래_대여증권,0,외국계증권사,B,SF205,각주항목(09.06월 이후)
46390,201712,0010153,메릴린치인터내셔날엘엘씨증권 서울지점,D2,대차 및 대주거래_차입증권,0,외국계증권사,B,SF205,각주항목(09.06월 이후)
46391,201712,0010153,메릴린치인터내셔날엘엘씨증권 서울지점,D3,대차 및 대주거래_신용거래대주,0,외국계증권사,B,SF205,각주항목(09.06월 이후)
46392,201712,0010153,메릴린치인터내셔날엘엘씨증권 서울지점,E,대손상각채권,0,외국계증권사,B,SF205,각주항목(09.06월 이후)
46393,201712,0010153,메릴린치인터내셔날엘엘씨증권 서울지점,F,환전업무 예치금,0,외국계증권사,B,SF205,각주항목(09.06월 이후)
46394,201712,0010153,메릴린치인터내셔날엘엘씨증권 서울지점,G,미배당별도예치금,0,외국계증권사,B,SF205,각주항목(09.06월 이후)
46395,201712,0010153,메릴린치인터내셔날엘엘씨증권 서울지점,H,배서어음매출(종금계정),0,외국계증권사,B,SF205,각주항목(09.06월 이후)
46396,201712,0010153,메릴린치인터내셔날엘엘씨증권 서울지점,H1,대출채권매매이익_담보부,0,외국계증권사,B,SF205,각주항목(09.06월 이후)
46397,201712,0010153,메릴린치인터내셔날엘엘씨증권 서울지점,H2,대출채권매매이익_무담보부,0,외국계증권사,B,SF205,각주항목(09.06월 이후)
46398,201803,0010153,메릴린치인터내셔날엘엘씨증권 서울지점,A,채무보증,0,외국계증권사,B,SF205,각주항목(09.06월 이후)
46399,201803,0010153,메릴린치인터내셔날엘엘씨증권 서울지점,A1,채무보증_지급보증,0,외국계증권사,B,SF205,각주항목(09.06월 이후)
46400,201803,0010153,메릴린치인터내셔날엘엘씨증권 서울지점,A2,채무보증_매입보장약정,0,외국계증권사,B,SF205,각주항목(09.06월 이후)
46401,201803,0010153,메릴린치인터내셔날엘엘씨증권 서울지점,A3,채무보증_채무인수약정,0,외국계증권사,B,SF205,각주항목(09.06월 이후)
46402,201803,0010153,메릴린치인터내셔날엘엘씨증권 서울지점,A5,채무보증_매입확약,0,외국계증권사,B,SF205,각주항목(09.06월 이후)
46403,201803,0010153,메릴린치인터내셔날엘엘씨증권 서울지점,A6,채무보증_기타,0,외국계증권사,B,SF205,각주항목(09.06월 이후)
46404,201803,0010153,메릴린치인터내셔날엘엘씨증권 서울지점,B,투자자의 예수증권 등,0,외국계증권사,B,SF205,각주항목(09.06월 이후)
46405,201803,0010153,메릴린치인터내셔날엘엘씨증권 서울지점,B1,투자자의 예수증권 등_예수 증권,0,외국계증권사,B,SF205,각주항목(09.06월 이후)
46406,201803,0010153,메릴린치인터내셔날엘엘씨증권 서울지점,B2,투자자의 예수증권 등_예수양도성예금증서,0,외국계증권사,B,SF205,각주항목(09.06월 이후)
46407,201803,0010153,메릴린치인터내셔날엘엘씨증권 서울지점,B3,투자자의 예수증권 등_기타,0,외국계증권사,B,SF205,각주항목(09.06월 이후)
46408,201803,0010153,메릴린치인터내셔날엘엘씨증권 서울지점,C,파생상품계약,0,외국계증권사,B,SF205,각주항목(09.06월 이후)
46409,201803,0010153,메릴린치인터내셔날엘엘씨증권 서울지점,C1,파생상품계약_장내파생상품,0,외국계증권사,B,SF205,각주항목(09.06월 이후)
46410,201803,0010153,메릴린치인터내셔날엘엘씨증권 서울지점,C11,파생상품계약_장내파생상품_이자율관련거래,0,외국계증권사,B,SF205,각주항목(09.06월 이후)
46411,201803,0010153,메릴린치인터내셔날엘엘씨증권 서울지점,C12,파생상품계약_장내파생상품_통화관련거래,0,외국계증권사,B,SF205,각주항목(09.06월 이후)
46412,201803,0010153,메릴린치인터내셔날엘엘씨증권 서울지점,C13,파생상품계약_장내파생상품_주식관련거래,0,외국계증권사,B,SF205,각주항목(09.06월 이후)
46413,201803,0010153,메릴린치인터내셔날엘엘씨증권 서울지점,C14,파생상품계약_장내파생상품_일반상품관련거래,0,외국계증권사,B,SF205,각주항목(09.06월 이후)
46414,201803,0010153,메릴린치인터내셔날엘엘씨증권 서울지점,C15,파생상품계약_장내파생상품_기타,0,외국계증권사,B,SF205,각주항목(09.06월 이후)
46415,201803,0010153,메릴린치인터내셔날엘엘씨증권 서울지점,C2,파생상품계약_장외파생상품,0,외국계증권사,B,SF205,각주항목(09.06월 이후)
46416,201803,0010153,메릴린치인터내셔날엘엘씨증권 서울지점,C21,파생상품계약_장외파생상품_이자율관련거래,0,외국계증권사,B,SF205,각주항목(09.06월 이후)
46417,201803,0010153,메릴린치인터내셔날엘엘씨증권 서울지점,C22,파생상품계약_장외파생상품_통화관련거래,0,외국계증권사,B,SF205,각주항목(09.06월 이후)
46418,201803,0010153,메릴린치인터내셔날엘엘씨증권 서울지점,C23,파생상품계약_장외파생상품_주식관련거래,0,외국계증권사,B,SF205,각주항목(09.06월 이후)
46419,201803,0010153,메릴린치인터내셔날엘엘씨증권 서울지점,C24,파생상품계약_장외파생상품_신용관련거래,0,외국계증권사,B,SF205,각주항목(09.06월 이후)
46420,201803,0010153,메릴린치인터내셔날엘엘씨증권 서울지점,C25,파생상품계약_장외파생상품_기타,0,외국계증권사,B,SF205,각주항목(09.06월 이후)
46421,201803,0010153,메릴린치인터내셔날엘엘씨증권 서울지점,D,대차 및 대주거래,0,외국계증권사,B,SF205,각주항목(09.06월 이후)
46422,201803,0010153,메릴린치인터내셔날엘엘씨증권 서울지점,D1,대차 및 대주거래_대여증권,0,외국계증권사,B,SF205,각주항목(09.06월 이후)
46423,201803,0010153,메릴린치인터내셔날엘엘씨증권 서울지점,D2,대차 및 대주거래_차입증권,0,외국계증권사,B,SF205,각주항목(09.06월 이후)
46424,201803,0010153,메릴린치인터내셔날엘엘씨증권 서울지점,D3,대차 및 대주거래_신용거래대주,0,외국계증권사,B,SF205,각주항목(09.06월 이후)
46425,201803,0010153,메릴린치인터내셔날엘엘씨증권 서울지점,E,대손상각채권,0,외국계증권사,B,SF205,각주항목(09.06월 이후)
46426,201803,0010153,메릴린치인터내셔날엘엘씨증권 서울지점,F,환전업무 예치금,0,외국계증권사,B,SF205,각주항목(09.06월 이후)
46427,201803,0010153,메릴린치인터내셔날엘엘씨증권 서울지점,G,미배당별도예치금,0,외국계증권사,B,SF205,각주항목(09.06월 이후)
46428,201803,0010153,메릴린치인터내셔날엘엘씨증권 서울지점,H,배서어음매출(종금계정),0,외국계증권사,B,SF205,각주항목(09.06월 이후)
46429,201803,0010153,메릴린치인터내셔날엘엘씨증권 서울지점,H1,대출채권매매이익_담보부,0,외국계증권사,B,SF205,각주항목(09.06월 이후)
46430,201803,0010153,메릴린치인터내셔날엘엘씨증권 서울지점,H2,대출채권매매이익_무담보부,0,외국계증권사,B,SF205,각주항목(09.06월 이후)
46431,201806,0010153,메릴린치인터내셔날엘엘씨증권 서울지점,A,채무보증,0,외국계증권사,B,SF205,각주항목(09.06월 이후)
46432,201806,0010153,메릴린치인터내셔날엘엘씨증권 서울지점,A1,채무보증_지급보증,0,외국계증권사,B,SF205,각주항목(09.06월 이후)
46433,201806,0010153,메릴린치인터내셔날엘엘씨증권 서울지점,A2,채무보증_매입보장약정,0,외국계증권사,B,SF205,각주항목(09.06월 이후)
46434,201806,0010153,메릴린치인터내셔날엘엘씨증권 서울지점,A3,채무보증_채무인수약정,0,외국계증권사,B,SF205,각주항목(09.06월 이후)
46435,201806,0010153,메릴린치인터내셔날엘엘씨증권 서울지점,A5,채무보증_매입확약,0,외국계증권사,B,SF205,각주항목(09.06월 이후)
46436,201806,0010153,메릴린치인터내셔날엘엘씨증권 서울지점,A6,채무보증_기타,0,외국계증권사,B,SF205,각주항목(09.06월 이후)
46437,201806,0010153,메릴린치인터내셔날엘엘씨증권 서울지점,B,투자자의 예수증권 등,0,외국계증권사,B,SF205,각주항목(09.06월 이후)
46438,201806,0010153,메릴린치인터내셔날엘엘씨증권 서울지점,B1,투자자의 예수증권 등_예수 증권,0,외국계증권사,B,SF205,각주항목(09.06월 이후)
46439,201806,0010153,메릴린치인터내셔날엘엘씨증권 서울지점,B2,투자자의 예수증권 등_예수양도성예금증서,0,외국계증권사,B,SF205,각주항목(09.06월 이후)
46440,201806,0010153,메릴린치인터내셔날엘엘씨증권 서울지점,B3,투자자의 예수증권 등_기타,0,외국계증권사,B,SF205,각주항목(09.06월 이후)
46441,201806,0010153,메릴린치인터내셔날엘엘씨증권 서울지점,C,파생상품계약,0,외국계증권사,B,SF205,각주항목(09.06월 이후)
46442,201806,0010153,메릴린치인터내셔날엘엘씨증권 서울지점,C1,파생상품계약_장내파생상품,0,외국계증권사,B,SF205,각주항목(09.06월 이후)
46443,201806,0010153,메릴린치인터내셔날엘엘씨증권 서울지점,C11,파생상품계약_장내파생상품_이자율관련거래,0,외국계증권사,B,SF205,각주항목(09.06월 이후)
46444,201806,0010153,메릴린치인터내셔날엘엘씨증권 서울지점,C12,파생상품계약_장내파생상품_통화관련거래,0,외국계증권사,B,SF205,각주항목(09.06월 이후)
46445,201806,0010153,메릴린치인터내셔날엘엘씨증권 서울지점,C13,파생상품계약_장내파생상품_주식관련거래,0,외국계증권사,B,SF205,각주항목(09.06월 이후)
46446,201806,0010153,메릴린치인터내셔날엘엘씨증권 서울지점,C14,파생상품계약_장내파생상품_일반상품관련거래,0,외국계증권사,B,SF205,각주항목(09.06월 이후)
46447,201806,0010153,메릴린치인터내셔날엘엘씨증권 서울지점,C15,파생상품계약_장내파생상품_기타,0,외국계증권사,B,SF205,각주항목(09.06월 이후)
46448,201806,0010153,메릴린치인터내셔날엘엘씨증권 서울지점,C2,파생상품계약_장외파생상품,0,외국계증권사,B,SF205,각주항목(09.06월 이후)
46449,201806,0010153,메릴린치인터내셔날엘엘씨증권 서울지점,C21,파생상품계약_장외파생상품_이자율관련거래,0,외국계증권사,B,SF205,각주항목(09.06월 이후)
46450,201806,0010153,메릴린치인터내셔날엘엘씨증권 서울지점,C22,파생상품계약_장외파생상품_통화관련거래,0,외국계증권사,B,SF205,각주항목(09.06월 이후)
46451,201806,0010153,메릴린치인터내셔날엘엘씨증권 서울지점,C23,파생상품계약_장외파생상품_주식관련거래,0,외국계증권사,B,SF205,각주항목(09.06월 이후)
46452,201806,0010153,메릴린치인터내셔날엘엘씨증권 서울지점,C24,파생상품계약_장외파생상품_신용관련거래,0,외국계증권사,B,SF205,각주항목(09.06월 이후)
46453,201806,0010153,메릴린치인터내셔날엘엘씨증권 서울지점,C25,파생상품계약_장외파생상품_기타,0,외국계증권사,B,SF205,각주항목(09.06월 이후)
46454,201806,0010153,메릴린치인터내셔날엘엘씨증권 서울지점,D,대차 및 대주거래,0,외국계증권사,B,SF205,각주항목(09.06월 이후)
46455,201806,0010153,메릴린치인터내셔날엘엘씨증권 서울지점,D1,대차 및 대주거래_대여증권,0,외국계증권사,B,SF205,각주항목(09.06월 이후)
46456,201806,0010153,메릴린치인터내셔날엘엘씨증권 서울지점,D2,대차 및 대주거래_차입증권,0,외국계증권사,B,SF205,각주항목(09.06월 이후)
46457,201806,0010153,메릴린치인터내셔날엘엘씨증권 서울지점,D3,대차 및 대주거래_신용거래대주,0,외국계증권사,B,SF205,각주항목(09.06월 이후)
46458,201806,0010153,메릴린치인터내셔날엘엘씨증권 서울지점,E,대손상각채권,0,외국계증권사,B,SF205,각주항목(09.06월 이후)
46459,201806,0010153,메릴린치인터내셔날엘엘씨증권 서울지점,F,환전업무 예치금,0,외국계증권사,B,SF205,각주항목(09.06월 이후)
46460,201806,0010153,메릴린치인터내셔날엘엘씨증권 서울지점,G,미배당별도예치금,0,외국계증권사,B,SF205,각주항목(09.06월 이후)
46461,201806,0010153,메릴린치인터내셔날엘엘씨증권 서울지점,H,배서어음매출(종금계정),0,외국계증권사,B,SF205,각주항목(09.06월 이후)
46462,201806,0010153,메릴린치인터내셔날엘엘씨증권 서울지점,H1,대출채권매매이익_담보부,0,외국계증권사,B,SF205,각주항목(09.06월 이후)
46463,201806,0010153,메릴린치인터내셔날엘엘씨증권 서울지점,H2,대출채권매매이익_무담보부,0,외국계증권사,B,SF205,각주항목(09.06월 이후)
46464,201809,0010153,메릴린치인터내셔날엘엘씨증권 서울지점,A,채무보증,0,외국계증권사,B,SF205,각주항목(09.06월 이후)
46465,201809,0010153,메릴린치인터내셔날엘엘씨증권 서울지점,A1,채무보증_지급보증,0,외국계증권사,B,SF205,각주항목(09.06월 이후)
46466,201809,0010153,메릴린치인터내셔날엘엘씨증권 서울지점,A2,채무보증_매입보장약정,0,외국계증권사,B,SF205,각주항목(09.06월 이후)
46467,201809,0010153,메릴린치인터내셔날엘엘씨증권 서울지점,A3,채무보증_채무인수약정,0,외국계증권사,B,SF205,각주항목(09.06월 이후)
46468,201809,0010153,메릴린치인터내셔날엘엘씨증권 서울지점,A5,채무보증_매입확약,0,외국계증권사,B,SF205,각주항목(09.06월 이후)
46469,201809,0010153,메릴린치인터내셔날엘엘씨증권 서울지점,A6,채무보증_기타,0,외국계증권사,B,SF205,각주항목(09.06월 이후)
46470,201809,0010153,메릴린치인터내셔날엘엘씨증권 서울지점,B,투자자의 예수증권 등,0,외국계증권사,B,SF205,각주항목(09.06월 이후)
46471,201809,0010153,메릴린치인터내셔날엘엘씨증권 서울지점,B1,투자자의 예수증권 등_예수 증권,0,외국계증권사,B,SF205,각주항목(09.06월 이후)
46472,201809,0010153,메릴린치인터내셔날엘엘씨증권 서울지점,B2,투자자의 예수증권 등_예수양도성예금증서,0,외국계증권사,B,SF205,각주항목(09.06월 이후)
46473,201809,0010153,메릴린치인터내셔날엘엘씨증권 서울지점,B3,투자자의 예수증권 등_기타,0,외국계증권사,B,SF205,각주항목(09.06월 이후)
46474,201809,0010153,메릴린치인터내셔날엘엘씨증권 서울지점,C,파생상품계약,0,외국계증권사,B,SF205,각주항목(09.06월 이후)
46475,201809,0010153,메릴린치인터내셔날엘엘씨증권 서울지점,C1,파생상품계약_장내파생상품,0,외국계증권사,B,SF205,각주항목(09.06월 이후)
46476,201809,0010153,메릴린치인터내셔날엘엘씨증권 서울지점,C11,파생상품계약_장내파생상품_이자율관련거래,0,외국계증권사,B,SF205,각주항목(09.06월 이후)
46477,201809,0010153,메릴린치인터내셔날엘엘씨증권 서울지점,C12,파생상품계약_장내파생상품_통화관련거래,0,외국계증권사,B,SF205,각주항목(09.06월 이후)
46478,201809,0010153,메릴린치인터내셔날엘엘씨증권 서울지점,C13,파생상품계약_장내파생상품_주식관련거래,0,외국계증권사,B,SF205,각주항목(09.06월 이후)
46479,201809,0010153,메릴린치인터내셔날엘엘씨증권 서울지점,C14,파생상품계약_장내파생상품_일반상품관련거래,0,외국계증권사,B,SF205,각주항목(09.06월 이후)
46480,201809,0010153,메릴린치인터내셔날엘엘씨증권 서울지점,C15,파생상품계약_장내파생상품_기타,0,외국계증권사,B,SF205,각주항목(09.06월 이후)
46481,201809,0010153,메릴린치인터내셔날엘엘씨증권 서울지점,C2,파생상품계약_장외파생상품,0,외국계증권사,B,SF205,각주항목(09.06월 이후)
46482,201809,0010153,메릴린치인터내셔날엘엘씨증권 서울지점,C21,파생상품계약_장외파생상품_이자율관련거래,0,외국계증권사,B,SF205,각주항목(09.06월 이후)
46483,201809,0010153,메릴린치인터내셔날엘엘씨증권 서울지점,C22,파생상품계약_장외파생상품_통화관련거래,0,외국계증권사,B,SF205,각주항목(09.06월 이후)
46484,201809,0010153,메릴린치인터내셔날엘엘씨증권 서울지점,C23,파생상품계약_장외파생상품_주식관련거래,0,외국계증권사,B,SF205,각주항목(09.06월 이후)
46485,201809,0010153,메릴린치인터내셔날엘엘씨증권 서울지점,C24,파생상품계약_장외파생상품_신용관련거래,0,외국계증권사,B,SF205,각주항목(09.06월 이후)
46486,201809,0010153,메릴린치인터내셔날엘엘씨증권 서울지점,C25,파생상품계약_장외파생상품_기타,0,외국계증권사,B,SF205,각주항목(09.06월 이후)
46487,201809,0010153,메릴린치인터내셔날엘엘씨증권 서울지점,D,대차 및 대주거래,0,외국계증권사,B,SF205,각주항목(09.06월 이후)
46488,201809,0010153,메릴린치인터내셔날엘엘씨증권 서울지점,D1,대차 및 대주거래_대여증권,0,외국계증권사,B,SF205,각주항목(09.06월 이후)
46489,201809,0010153,메릴린치인터내셔날엘엘씨증권 서울지점,D2,대차 및 대주거래_차입증권,0,외국계증권사,B,SF205,각주항목(09.06월 이후)
46490,201809,0010153,메릴린치인터내셔날엘엘씨증권 서울지점,D3,대차 및 대주거래_신용거래대주,0,외국계증권사,B,SF205,각주항목(09.06월 이후)
46491,201809,0010153,메릴린치인터내셔날엘엘씨증권 서울지점,E,대손상각채권,0,외국계증권사,B,SF205,각주항목(09.06월 이후)
46492,201809,0010153,메릴린치인터내셔날엘엘씨증권 서울지점,F,환전업무 예치금,0,외국계증권사,B,SF205,각주항목(09.06월 이후)
46493,201809,0010153,메릴린치인터내셔날엘엘씨증권 서울지점,G,미배당별도예치금,0,외국계증권사,B,SF205,각주항목(09.06월 이후)
46494,201809,0010153,메릴린치인터내셔날엘엘씨증권 서울지점,H,배서어음매출(종금계정),0,외국계증권사,B,SF205,각주항목(09.06월 이후)
46495,201809,0010153,메릴린치인터내셔날엘엘씨증권 서울지점,H1,대출채권매매이익_담보부,0,외국계증권사,B,SF205,각주항목(09.06월 이후)
46496,201809,0010153,메릴린치인터내셔날엘엘씨증권 서울지점,H2,대출채권매매이익_무담보부,0,외국계증권사,B,SF205,각주항목(09.06월 이후)
46497,201812,0010153,메릴린치인터내셔날엘엘씨증권 서울지점,A,채무보증,0,외국계증권사,B,SF205,각주항목(09.06월 이후)
46498,201812,0010153,메릴린치인터내셔날엘엘씨증권 서울지점,A1,채무보증_지급보증,0,외국계증권사,B,SF205,각주항목(09.06월 이후)
46499,201812,0010153,메릴린치인터내셔날엘엘씨증권 서울지점,A2,채무보증_매입보장약정,0,외국계증권사,B,SF205,각주항목(09.06월 이후)
46500,201812,0010153,메릴린치인터내셔날엘엘씨증권 서울지점,A3,채무보증_채무인수약정,0,외국계증권사,B,SF205,각주항목(09.06월 이후)
46501,201812,0010153,메릴린치인터내셔날엘엘씨증권 서울지점,A5,채무보증_매입확약,0,외국계증권사,B,SF205,각주항목(09.06월 이후)
46502,201812,0010153,메릴린치인터내셔날엘엘씨증권 서울지점,A6,채무보증_기타,0,외국계증권사,B,SF205,각주항목(09.06월 이후)
46503,201812,0010153,메릴린치인터내셔날엘엘씨증권 서울지점,B,투자자의 예수증권 등,0,외국계증권사,B,SF205,각주항목(09.06월 이후)
46504,201812,0010153,메릴린치인터내셔날엘엘씨증권 서울지점,B1,투자자의 예수증권 등_예수 증권,0,외국계증권사,B,SF205,각주항목(09.06월 이후)
46505,201812,0010153,메릴린치인터내셔날엘엘씨증권 서울지점,B2,투자자의 예수증권 등_예수양도성예금증서,0,외국계증권사,B,SF205,각주항목(09.06월 이후)
46506,201812,0010153,메릴린치인터내셔날엘엘씨증권 서울지점,B3,투자자의 예수증권 등_기타,0,외국계증권사,B,SF205,각주항목(09.06월 이후)
46507,201812,0010153,메릴린치인터내셔날엘엘씨증권 서울지점,C,파생상품계약,0,외국계증권사,B,SF205,각주항목(09.06월 이후)
46508,201812,0010153,메릴린치인터내셔날엘엘씨증권 서울지점,C1,파생상품계약_장내파생상품,0,외국계증권사,B,SF205,각주항목(09.06월 이후)
46509,201812,0010153,메릴린치인터내셔날엘엘씨증권 서울지점,C11,파생상품계약_장내파생상품_이자율관련거래,0,외국계증권사,B,SF205,각주항목(09.06월 이후)
46510,201812,0010153,메릴린치인터내셔날엘엘씨증권 서울지점,C12,파생상품계약_장내파생상품_통화관련거래,0,외국계증권사,B,SF205,각주항목(09.06월 이후)
46511,201812,0010153,메릴린치인터내셔날엘엘씨증권 서울지점,C13,파생상품계약_장내파생상품_주식관련거래,0,외국계증권사,B,SF205,각주항목(09.06월 이후)
46512,201812,0010153,메릴린치인터내셔날엘엘씨증권 서울지점,C14,파생상품계약_장내파생상품_일반상품관련거래,0,외국계증권사,B,SF205,각주항목(09.06월 이후)
46513,201812,0010153,메릴린치인터내셔날엘엘씨증권 서울지점,C15,파생상품계약_장내파생상품_기타,0,외국계증권사,B,SF205,각주항목(09.06월 이후)
46514,201812,0010153,메릴린치인터내셔날엘엘씨증권 서울지점,C2,파생상품계약_장외파생상품,0,외국계증권사,B,SF205,각주항목(09.06월 이후)
46515,201812,0010153,메릴린치인터내셔날엘엘씨증권 서울지점,C21,파생상품계약_장외파생상품_이자율관련거래,0,외국계증권사,B,SF205,각주항목(09.06월 이후)
46516,201812,0010153,메릴린치인터내셔날엘엘씨증권 서울지점,C22,파생상품계약_장외파생상품_통화관련거래,0,외국계증권사,B,SF205,각주항목(09.06월 이후)
46517,201812,0010153,메릴린치인터내셔날엘엘씨증권 서울지점,C23,파생상품계약_장외파생상품_주식관련거래,0,외국계증권사,B,SF205,각주항목(09.06월 이후)
46518,201812,0010153,메릴린치인터내셔날엘엘씨증권 서울지점,C24,파생상품계약_장외파생상품_신용관련거래,0,외국계증권사,B,SF205,각주항목(09.06월 이후)
46519,201812,0010153,메릴린치인터내셔날엘엘씨증권 서울지점,C25,파생상품계약_장외파생상품_기타,0,외국계증권사,B,SF205,각주항목(09.06월 이후)
46520,201812,0010153,메릴린치인터내셔날엘엘씨증권 서울지점,D,대차 및 대주거래,0,외국계증권사,B,SF205,각주항목(09.06월 이후)
46521,201812,0010153,메릴린치인터내셔날엘엘씨증권 서울지점,D1,대차 및 대주거래_대여증권,0,외국계증권사,B,SF205,각주항목(09.06월 이후)
46522,201812,0010153,메릴린치인터내셔날엘엘씨증권 서울지점,D2,대차 및 대주거래_차입증권,0,외국계증권사,B,SF205,각주항목(09.06월 이후)
46523,201812,0010153,메릴린치인터내셔날엘엘씨증권 서울지점,D3,대차 및 대주거래_신용거래대주,0,외국계증권사,B,SF205,각주항목(09.06월 이후)
46524,201812,0010153,메릴린치인터내셔날엘엘씨증권 서울지점,E,대손상각채권,0,외국계증권사,B,SF205,각주항목(09.06월 이후)
46525,201812,0010153,메릴린치인터내셔날엘엘씨증권 서울지점,F,환전업무 예치금,0,외국계증권사,B,SF205,각주항목(09.06월 이후)
46526,201812,0010153,메릴린치인터내셔날엘엘씨증권 서울지점,G,미배당별도예치금,0,외국계증권사,B,SF205,각주항목(09.06월 이후)
46527,201812,0010153,메릴린치인터내셔날엘엘씨증권 서울지점,H,배서어음매출(종금계정),0,외국계증권사,B,SF205,각주항목(09.06월 이후)
46528,201812,0010153,메릴린치인터내셔날엘엘씨증권 서울지점,H1,대출채권매매이익_담보부,0,외국계증권사,B,SF205,각주항목(09.06월 이후)
46529,201812,0010153,메릴린치인터내셔날엘엘씨증권 서울지점,H2,대출채권매매이익_무담보부,0,외국계증권사,B,SF205,각주항목(09.06월 이후)
46530,201903,0010153,메릴린치인터내셔날엘엘씨증권 서울지점,A,채무보증,0,외국계증권사,B,SF205,각주항목(09.06월 이후)
46531,201903,0010153,메릴린치인터내셔날엘엘씨증권 서울지점,A1,채무보증_지급보증,0,외국계증권사,B,SF205,각주항목(09.06월 이후)
46532,201903,0010153,메릴린치인터내셔날엘엘씨증권 서울지점,A2,채무보증_매입보장약정,0,외국계증권사,B,SF205,각주항목(09.06월 이후)
46533,201903,0010153,메릴린치인터내셔날엘엘씨증권 서울지점,A3,채무보증_채무인수약정,0,외국계증권사,B,SF205,각주항목(09.06월 이후)
46534,201903,0010153,메릴린치인터내셔날엘엘씨증권 서울지점,A5,채무보증_매입확약,0,외국계증권사,B,SF205,각주항목(09.06월 이후)
46535,201903,0010153,메릴린치인터내셔날엘엘씨증권 서울지점,A6,채무보증_기타,0,외국계증권사,B,SF205,각주항목(09.06월 이후)
46536,201903,0010153,메릴린치인터내셔날엘엘씨증권 서울지점,B,투자자의 예수증권 등,0,외국계증권사,B,SF205,각주항목(09.06월 이후)
46537,201903,0010153,메릴린치인터내셔날엘엘씨증권 서울지점,B1,투자자의 예수증권 등_예수 증권,0,외국계증권사,B,SF205,각주항목(09.06월 이후)
46538,201903,0010153,메릴린치인터내셔날엘엘씨증권 서울지점,B2,투자자의 예수증권 등_예수양도성예금증서,0,외국계증권사,B,SF205,각주항목(09.06월 이후)
46539,201903,0010153,메릴린치인터내셔날엘엘씨증권 서울지점,B3,투자자의 예수증권 등_기타,0,외국계증권사,B,SF205,각주항목(09.06월 이후)
46540,201903,0010153,메릴린치인터내셔날엘엘씨증권 서울지점,C,파생상품계약,0,외국계증권사,B,SF205,각주항목(09.06월 이후)
46541,201903,0010153,메릴린치인터내셔날엘엘씨증권 서울지점,C1,파생상품계약_장내파생상품,0,외국계증권사,B,SF205,각주항목(09.06월 이후)
46542,201903,0010153,메릴린치인터내셔날엘엘씨증권 서울지점,C11,파생상품계약_장내파생상품_이자율관련거래,0,외국계증권사,B,SF205,각주항목(09.06월 이후)
46543,201903,0010153,메릴린치인터내셔날엘엘씨증권 서울지점,C12,파생상품계약_장내파생상품_통화관련거래,0,외국계증권사,B,SF205,각주항목(09.06월 이후)
46544,201903,0010153,메릴린치인터내셔날엘엘씨증권 서울지점,C13,파생상품계약_장내파생상품_주식관련거래,0,외국계증권사,B,SF205,각주항목(09.06월 이후)
46545,201903,0010153,메릴린치인터내셔날엘엘씨증권 서울지점,C14,파생상품계약_장내파생상품_일반상품관련거래,0,외국계증권사,B,SF205,각주항목(09.06월 이후)
46546,201903,0010153,메릴린치인터내셔날엘엘씨증권 서울지점,C15,파생상품계약_장내파생상품_기타,0,외국계증권사,B,SF205,각주항목(09.06월 이후)
46547,201903,0010153,메릴린치인터내셔날엘엘씨증권 서울지점,C2,파생상품계약_장외파생상품,0,외국계증권사,B,SF205,각주항목(09.06월 이후)
46548,201903,0010153,메릴린치인터내셔날엘엘씨증권 서울지점,C21,파생상품계약_장외파생상품_이자율관련거래,0,외국계증권사,B,SF205,각주항목(09.06월 이후)
46549,201903,0010153,메릴린치인터내셔날엘엘씨증권 서울지점,C22,파생상품계약_장외파생상품_통화관련거래,0,외국계증권사,B,SF205,각주항목(09.06월 이후)
46550,201903,0010153,메릴린치인터내셔날엘엘씨증권 서울지점,C23,파생상품계약_장외파생상품_주식관련거래,0,외국계증권사,B,SF205,각주항목(09.06월 이후)
46551,201903,0010153,메릴린치인터내셔날엘엘씨증권 서울지점,C24,파생상품계약_장외파생상품_신용관련거래,0,외국계증권사,B,SF205,각주항목(09.06월 이후)
46552,201903,0010153,메릴린치인터내셔날엘엘씨증권 서울지점,C25,파생상품계약_장외파생상품_기타,0,외국계증권사,B,SF205,각주항목(09.06월 이후)
46553,201903,0010153,메릴린치인터내셔날엘엘씨증권 서울지점,D,대차 및 대주거래,0,외국계증권사,B,SF205,각주항목(09.06월 이후)
46554,201903,0010153,메릴린치인터내셔날엘엘씨증권 서울지점,D1,대차 및 대주거래_대여증권,0,외국계증권사,B,SF205,각주항목(09.06월 이후)
46555,201903,0010153,메릴린치인터내셔날엘엘씨증권 서울지점,D2,대차 및 대주거래_차입증권,0,외국계증권사,B,SF205,각주항목(09.06월 이후)
46556,201903,0010153,메릴린치인터내셔날엘엘씨증권 서울지점,D3,대차 및 대주거래_신용거래대주,0,외국계증권사,B,SF205,각주항목(09.06월 이후)
46557,201903,0010153,메릴린치인터내셔날엘엘씨증권 서울지점,E,대손상각채권,0,외국계증권사,B,SF205,각주항목(09.06월 이후)
46558,201903,0010153,메릴린치인터내셔날엘엘씨증권 서울지점,F,환전업무 예치금,0,외국계증권사,B,SF205,각주항목(09.06월 이후)
46559,201903,0010153,메릴린치인터내셔날엘엘씨증권 서울지점,G,미배당별도예치금,0,외국계증권사,B,SF205,각주항목(09.06월 이후)
46560,201903,0010153,메릴린치인터내셔날엘엘씨증권 서울지점,H,배서어음매출(종금계정),0,외국계증권사,B,SF205,각주항목(09.06월 이후)
46561,201903,0010153,메릴린치인터내셔날엘엘씨증권 서울지점,H1,대출채권매매이익_담보부,0,외국계증권사,B,SF205,각주항목(09.06월 이후)
46562,201903,0010153,메릴린치인터내셔날엘엘씨증권 서울지점,H2,대출채권매매이익_무담보부,0,외국계증권사,B,SF205,각주항목(09.06월 이후)
46563,201906,0010153,메릴린치인터내셔날엘엘씨증권 서울지점,A,채무보증,0,외국계증권사,B,SF205,각주항목(09.06월 이후)
46564,201906,0010153,메릴린치인터내셔날엘엘씨증권 서울지점,A1,채무보증_지급보증,0,외국계증권사,B,SF205,각주항목(09.06월 이후)
46565,201906,0010153,메릴린치인터내셔날엘엘씨증권 서울지점,A2,채무보증_매입보장약정,0,외국계증권사,B,SF205,각주항목(09.06월 이후)
46566,201906,0010153,메릴린치인터내셔날엘엘씨증권 서울지점,A3,채무보증_채무인수약정,0,외국계증권사,B,SF205,각주항목(09.06월 이후)
46567,201906,0010153,메릴린치인터내셔날엘엘씨증권 서울지점,A5,채무보증_매입확약,0,외국계증권사,B,SF205,각주항목(09.06월 이후)
46568,201906,0010153,메릴린치인터내셔날엘엘씨증권 서울지점,A6,채무보증_기타,0,외국계증권사,B,SF205,각주항목(09.06월 이후)
46569,201906,0010153,메릴린치인터내셔날엘엘씨증권 서울지점,B,투자자의 예수증권 등,0,외국계증권사,B,SF205,각주항목(09.06월 이후)
46570,201906,0010153,메릴린치인터내셔날엘엘씨증권 서울지점,B1,투자자의 예수증권 등_예수 증권,0,외국계증권사,B,SF205,각주항목(09.06월 이후)
46571,201906,0010153,메릴린치인터내셔날엘엘씨증권 서울지점,B2,투자자의 예수증권 등_예수양도성예금증서,0,외국계증권사,B,SF205,각주항목(09.06월 이후)
46572,201906,0010153,메릴린치인터내셔날엘엘씨증권 서울지점,B3,투자자의 예수증권 등_기타,0,외국계증권사,B,SF205,각주항목(09.06월 이후)
46573,201906,0010153,메릴린치인터내셔날엘엘씨증권 서울지점,C,파생상품계약,0,외국계증권사,B,SF205,각주항목(09.06월 이후)
46574,201906,0010153,메릴린치인터내셔날엘엘씨증권 서울지점,C1,파생상품계약_장내파생상품,0,외국계증권사,B,SF205,각주항목(09.06월 이후)
46575,201906,0010153,메릴린치인터내셔날엘엘씨증권 서울지점,C11,파생상품계약_장내파생상품_이자율관련거래,0,외국계증권사,B,SF205,각주항목(09.06월 이후)
46576,201906,0010153,메릴린치인터내셔날엘엘씨증권 서울지점,C12,파생상품계약_장내파생상품_통화관련거래,0,외국계증권사,B,SF205,각주항목(09.06월 이후)
46577,201906,0010153,메릴린치인터내셔날엘엘씨증권 서울지점,C13,파생상품계약_장내파생상품_주식관련거래,0,외국계증권사,B,SF205,각주항목(09.06월 이후)
46578,201906,0010153,메릴린치인터내셔날엘엘씨증권 서울지점,C14,파생상품계약_장내파생상품_일반상품관련거래,0,외국계증권사,B,SF205,각주항목(09.06월 이후)
46579,201906,0010153,메릴린치인터내셔날엘엘씨증권 서울지점,C15,파생상품계약_장내파생상품_기타,0,외국계증권사,B,SF205,각주항목(09.06월 이후)
46580,201906,0010153,메릴린치인터내셔날엘엘씨증권 서울지점,C2,파생상품계약_장외파생상품,0,외국계증권사,B,SF205,각주항목(09.06월 이후)
46581,201906,0010153,메릴린치인터내셔날엘엘씨증권 서울지점,C21,파생상품계약_장외파생상품_이자율관련거래,0,외국계증권사,B,SF205,각주항목(09.06월 이후)
46582,201906,0010153,메릴린치인터내셔날엘엘씨증권 서울지점,C22,파생상품계약_장외파생상품_통화관련거래,0,외국계증권사,B,SF205,각주항목(09.06월 이후)
46583,201906,0010153,메릴린치인터내셔날엘엘씨증권 서울지점,C23,파생상품계약_장외파생상품_주식관련거래,0,외국계증권사,B,SF205,각주항목(09.06월 이후)
46584,201906,0010153,메릴린치인터내셔날엘엘씨증권 서울지점,C24,파생상품계약_장외파생상품_신용관련거래,0,외국계증권사,B,SF205,각주항목(09.06월 이후)
46585,201906,0010153,메릴린치인터내셔날엘엘씨증권 서울지점,C25,파생상품계약_장외파생상품_기타,0,외국계증권사,B,SF205,각주항목(09.06월 이후)
46586,201906,0010153,메릴린치인터내셔날엘엘씨증권 서울지점,D,대차 및 대주거래,0,외국계증권사,B,SF205,각주항목(09.06월 이후)
46587,201906,0010153,메릴린치인터내셔날엘엘씨증권 서울지점,D1,대차 및 대주거래_대여증권,0,외국계증권사,B,SF205,각주항목(09.06월 이후)
46588,201906,0010153,메릴린치인터내셔날엘엘씨증권 서울지점,D2,대차 및 대주거래_차입증권,0,외국계증권사,B,SF205,각주항목(09.06월 이후)
46589,201906,0010153,메릴린치인터내셔날엘엘씨증권 서울지점,D3,대차 및 대주거래_신용거래대주,0,외국계증권사,B,SF205,각주항목(09.06월 이후)
46590,201906,0010153,메릴린치인터내셔날엘엘씨증권 서울지점,E,대손상각채권,0,외국계증권사,B,SF205,각주항목(09.06월 이후)
46591,201906,0010153,메릴린치인터내셔날엘엘씨증권 서울지점,F,환전업무 예치금,0,외국계증권사,B,SF205,각주항목(09.06월 이후)
46592,201906,0010153,메릴린치인터내셔날엘엘씨증권 서울지점,G,미배당별도예치금,0,외국계증권사,B,SF205,각주항목(09.06월 이후)
46593,201906,0010153,메릴린치인터내셔날엘엘씨증권 서울지점,H,배서어음매출(종금계정),0,외국계증권사,B,SF205,각주항목(09.06월 이후)
46594,201906,0010153,메릴린치인터내셔날엘엘씨증권 서울지점,H1,대출채권매매이익_담보부,0,외국계증권사,B,SF205,각주항목(09.06월 이후)
46595,201906,0010153,메릴린치인터내셔날엘엘씨증권 서울지점,H2,대출채권매매이익_무담보부,0,외국계증권사,B,SF205,각주항목(09.06월 이후)
46596,201909,0010153,메릴린치인터내셔날엘엘씨증권 서울지점,A,채무보증,0,외국계증권사,B,SF205,각주항목(09.06월 이후)
46597,201909,0010153,메릴린치인터내셔날엘엘씨증권 서울지점,A1,채무보증_지급보증,0,외국계증권사,B,SF205,각주항목(09.06월 이후)
46598,201909,0010153,메릴린치인터내셔날엘엘씨증권 서울지점,A2,채무보증_매입보장약정,0,외국계증권사,B,SF205,각주항목(09.06월 이후)
46599,201909,0010153,메릴린치인터내셔날엘엘씨증권 서울지점,A3,채무보증_채무인수약정,0,외국계증권사,B,SF205,각주항목(09.06월 이후)
46600,201909,0010153,메릴린치인터내셔날엘엘씨증권 서울지점,A5,채무보증_매입확약,0,외국계증권사,B,SF205,각주항목(09.06월 이후)
46601,201909,0010153,메릴린치인터내셔날엘엘씨증권 서울지점,A6,채무보증_기타,0,외국계증권사,B,SF205,각주항목(09.06월 이후)
46602,201909,0010153,메릴린치인터내셔날엘엘씨증권 서울지점,B,투자자의 예수증권 등,0,외국계증권사,B,SF205,각주항목(09.06월 이후)
46603,201909,0010153,메릴린치인터내셔날엘엘씨증권 서울지점,B1,투자자의 예수증권 등_예수 증권,0,외국계증권사,B,SF205,각주항목(09.06월 이후)
46604,201909,0010153,메릴린치인터내셔날엘엘씨증권 서울지점,B2,투자자의 예수증권 등_예수양도성예금증서,0,외국계증권사,B,SF205,각주항목(09.06월 이후)
46605,201909,0010153,메릴린치인터내셔날엘엘씨증권 서울지점,B3,투자자의 예수증권 등_기타,0,외국계증권사,B,SF205,각주항목(09.06월 이후)
46606,201909,0010153,메릴린치인터내셔날엘엘씨증권 서울지점,C,파생상품계약,0,외국계증권사,B,SF205,각주항목(09.06월 이후)
46607,201909,0010153,메릴린치인터내셔날엘엘씨증권 서울지점,C1,파생상품계약_장내파생상품,0,외국계증권사,B,SF205,각주항목(09.06월 이후)
46608,201909,0010153,메릴린치인터내셔날엘엘씨증권 서울지점,C11,파생상품계약_장내파생상품_이자율관련거래,0,외국계증권사,B,SF205,각주항목(09.06월 이후)
46609,201909,0010153,메릴린치인터내셔날엘엘씨증권 서울지점,C12,파생상품계약_장내파생상품_통화관련거래,0,외국계증권사,B,SF205,각주항목(09.06월 이후)
46610,201909,0010153,메릴린치인터내셔날엘엘씨증권 서울지점,C13,파생상품계약_장내파생상품_주식관련거래,0,외국계증권사,B,SF205,각주항목(09.06월 이후)
46611,201909,0010153,메릴린치인터내셔날엘엘씨증권 서울지점,C14,파생상품계약_장내파생상품_일반상품관련거래,0,외국계증권사,B,SF205,각주항목(09.06월 이후)
46612,201909,0010153,메릴린치인터내셔날엘엘씨증권 서울지점,C15,파생상품계약_장내파생상품_기타,0,외국계증권사,B,SF205,각주항목(09.06월 이후)
46613,201909,0010153,메릴린치인터내셔날엘엘씨증권 서울지점,C2,파생상품계약_장외파생상품,0,외국계증권사,B,SF205,각주항목(09.06월 이후)
46614,201909,0010153,메릴린치인터내셔날엘엘씨증권 서울지점,C21,파생상품계약_장외파생상품_이자율관련거래,0,외국계증권사,B,SF205,각주항목(09.06월 이후)
46615,201909,0010153,메릴린치인터내셔날엘엘씨증권 서울지점,C22,파생상품계약_장외파생상품_통화관련거래,0,외국계증권사,B,SF205,각주항목(09.06월 이후)
46616,201909,0010153,메릴린치인터내셔날엘엘씨증권 서울지점,C23,파생상품계약_장외파생상품_주식관련거래,0,외국계증권사,B,SF205,각주항목(09.06월 이후)
46617,201909,0010153,메릴린치인터내셔날엘엘씨증권 서울지점,C24,파생상품계약_장외파생상품_신용관련거래,0,외국계증권사,B,SF205,각주항목(09.06월 이후)
46618,201909,0010153,메릴린치인터내셔날엘엘씨증권 서울지점,C25,파생상품계약_장외파생상품_기타,0,외국계증권사,B,SF205,각주항목(09.06월 이후)
46619,201909,0010153,메릴린치인터내셔날엘엘씨증권 서울지점,D,대차 및 대주거래,0,외국계증권사,B,SF205,각주항목(09.06월 이후)
46620,201909,0010153,메릴린치인터내셔날엘엘씨증권 서울지점,D1,대차 및 대주거래_대여증권,0,외국계증권사,B,SF205,각주항목(09.06월 이후)
46621,201909,0010153,메릴린치인터내셔날엘엘씨증권 서울지점,D2,대차 및 대주거래_차입증권,0,외국계증권사,B,SF205,각주항목(09.06월 이후)
46622,201909,0010153,메릴린치인터내셔날엘엘씨증권 서울지점,D3,대차 및 대주거래_신용거래대주,0,외국계증권사,B,SF205,각주항목(09.06월 이후)
46623,201909,0010153,메릴린치인터내셔날엘엘씨증권 서울지점,E,대손상각채권,0,외국계증권사,B,SF205,각주항목(09.06월 이후)
46624,201909,0010153,메릴린치인터내셔날엘엘씨증권 서울지점,F,환전업무 예치금,0,외국계증권사,B,SF205,각주항목(09.06월 이후)
46625,201909,0010153,메릴린치인터내셔날엘엘씨증권 서울지점,G,미배당별도예치금,0,외국계증권사,B,SF205,각주항목(09.06월 이후)
46626,201909,0010153,메릴린치인터내셔날엘엘씨증권 서울지점,H,배서어음매출(종금계정),0,외국계증권사,B,SF205,각주항목(09.06월 이후)
46627,201909,0010153,메릴린치인터내셔날엘엘씨증권 서울지점,H1,대출채권매매이익_담보부,0,외국계증권사,B,SF205,각주항목(09.06월 이후)
46628,201909,0010153,메릴린치인터내셔날엘엘씨증권 서울지점,H2,대출채권매매이익_무담보부,0,외국계증권사,B,SF205,각주항목(09.06월 이후)
46629,201912,0010153,메릴린치인터내셔날엘엘씨증권 서울지점,A,채무보증,0,외국계증권사,B,SF205,각주항목(09.06월 이후)
46630,201912,0010153,메릴린치인터내셔날엘엘씨증권 서울지점,A1,채무보증_지급보증,0,외국계증권사,B,SF205,각주항목(09.06월 이후)
46631,201912,0010153,메릴린치인터내셔날엘엘씨증권 서울지점,A2,채무보증_매입보장약정,0,외국계증권사,B,SF205,각주항목(09.06월 이후)
46632,201912,0010153,메릴린치인터내셔날엘엘씨증권 서울지점,A3,채무보증_채무인수약정,0,외국계증권사,B,SF205,각주항목(09.06월 이후)
46633,201912,0010153,메릴린치인터내셔날엘엘씨증권 서울지점,A5,채무보증_매입확약,0,외국계증권사,B,SF205,각주항목(09.06월 이후)
46634,201912,0010153,메릴린치인터내셔날엘엘씨증권 서울지점,A6,채무보증_기타,0,외국계증권사,B,SF205,각주항목(09.06월 이후)
46635,201912,0010153,메릴린치인터내셔날엘엘씨증권 서울지점,B,투자자의 예수증권 등,0,외국계증권사,B,SF205,각주항목(09.06월 이후)
46636,201912,0010153,메릴린치인터내셔날엘엘씨증권 서울지점,B1,투자자의 예수증권 등_예수 증권,0,외국계증권사,B,SF205,각주항목(09.06월 이후)
46637,201912,0010153,메릴린치인터내셔날엘엘씨증권 서울지점,B2,투자자의 예수증권 등_예수양도성예금증서,0,외국계증권사,B,SF205,각주항목(09.06월 이후)
46638,201912,0010153,메릴린치인터내셔날엘엘씨증권 서울지점,B3,투자자의 예수증권 등_기타,0,외국계증권사,B,SF205,각주항목(09.06월 이후)
46639,201912,0010153,메릴린치인터내셔날엘엘씨증권 서울지점,C,파생상품계약,0,외국계증권사,B,SF205,각주항목(09.06월 이후)
46640,201912,0010153,메릴린치인터내셔날엘엘씨증권 서울지점,C1,파생상품계약_장내파생상품,0,외국계증권사,B,SF205,각주항목(09.06월 이후)
46641,201912,0010153,메릴린치인터내셔날엘엘씨증권 서울지점,C11,파생상품계약_장내파생상품_이자율관련거래,0,외국계증권사,B,SF205,각주항목(09.06월 이후)
46642,201912,0010153,메릴린치인터내셔날엘엘씨증권 서울지점,C12,파생상품계약_장내파생상품_통화관련거래,0,외국계증권사,B,SF205,각주항목(09.06월 이후)
46643,201912,0010153,메릴린치인터내셔날엘엘씨증권 서울지점,C13,파생상품계약_장내파생상품_주식관련거래,0,외국계증권사,B,SF205,각주항목(09.06월 이후)
46644,201912,0010153,메릴린치인터내셔날엘엘씨증권 서울지점,C14,파생상품계약_장내파생상품_일반상품관련거래,0,외국계증권사,B,SF205,각주항목(09.06월 이후)
46645,201912,0010153,메릴린치인터내셔날엘엘씨증권 서울지점,C15,파생상품계약_장내파생상품_기타,0,외국계증권사,B,SF205,각주항목(09.06월 이후)
46646,201912,0010153,메릴린치인터내셔날엘엘씨증권 서울지점,C2,파생상품계약_장외파생상품,0,외국계증권사,B,SF205,각주항목(09.06월 이후)
46647,201912,0010153,메릴린치인터내셔날엘엘씨증권 서울지점,C21,파생상품계약_장외파생상품_이자율관련거래,0,외국계증권사,B,SF205,각주항목(09.06월 이후)
46648,201912,0010153,메릴린치인터내셔날엘엘씨증권 서울지점,C22,파생상품계약_장외파생상품_통화관련거래,0,외국계증권사,B,SF205,각주항목(09.06월 이후)
46649,201912,0010153,메릴린치인터내셔날엘엘씨증권 서울지점,C23,파생상품계약_장외파생상품_주식관련거래,0,외국계증권사,B,SF205,각주항목(09.06월 이후)
46650,201912,0010153,메릴린치인터내셔날엘엘씨증권 서울지점,C24,파생상품계약_장외파생상품_신용관련거래,0,외국계증권사,B,SF205,각주항목(09.06월 이후)
46651,201912,0010153,메릴린치인터내셔날엘엘씨증권 서울지점,C25,파생상품계약_장외파생상품_기타,0,외국계증권사,B,SF205,각주항목(09.06월 이후)
46652,201912,0010153,메릴린치인터내셔날엘엘씨증권 서울지점,D,대차 및 대주거래,0,외국계증권사,B,SF205,각주항목(09.06월 이후)
46653,201912,0010153,메릴린치인터내셔날엘엘씨증권 서울지점,D1,대차 및 대주거래_대여증권,0,외국계증권사,B,SF205,각주항목(09.06월 이후)
46654,201912,0010153,메릴린치인터내셔날엘엘씨증권 서울지점,D2,대차 및 대주거래_차입증권,0,외국계증권사,B,SF205,각주항목(09.06월 이후)
46655,201912,0010153,메릴린치인터내셔날엘엘씨증권 서울지점,D3,대차 및 대주거래_신용거래대주,0,외국계증권사,B,SF205,각주항목(09.06월 이후)
46656,201912,0010153,메릴린치인터내셔날엘엘씨증권 서울지점,E,대손상각채권,0,외국계증권사,B,SF205,각주항목(09.06월 이후)
46657,201912,0010153,메릴린치인터내셔날엘엘씨증권 서울지점,F,환전업무 예치금,0,외국계증권사,B,SF205,각주항목(09.06월 이후)
46658,201912,0010153,메릴린치인터내셔날엘엘씨증권 서울지점,G,미배당별도예치금,0,외국계증권사,B,SF205,각주항목(09.06월 이후)
46659,201912,0010153,메릴린치인터내셔날엘엘씨증권 서울지점,H,배서어음매출(종금계정),0,외국계증권사,B,SF205,각주항목(09.06월 이후)
46660,201912,0010153,메릴린치인터내셔날엘엘씨증권 서울지점,H1,대출채권매매이익_담보부,0,외국계증권사,B,SF205,각주항목(09.06월 이후)
46661,201912,0010153,메릴린치인터내셔날엘엘씨증권 서울지점,H2,대출채권매매이익_무담보부,0,외국계증권사,B,SF205,각주항목(09.06월 이후)
46662,202003,0010153,메릴린치인터내셔날엘엘씨증권 서울지점,A,채무보증,0,외국계증권사,B,SF205,각주항목(09.06월 이후)
46663,202003,0010153,메릴린치인터내셔날엘엘씨증권 서울지점,A1,채무보증_지급보증,0,외국계증권사,B,SF205,각주항목(09.06월 이후)
46664,202003,0010153,메릴린치인터내셔날엘엘씨증권 서울지점,A2,채무보증_매입보장약정,0,외국계증권사,B,SF205,각주항목(09.06월 이후)
46665,202003,0010153,메릴린치인터내셔날엘엘씨증권 서울지점,A3,채무보증_채무인수약정,0,외국계증권사,B,SF205,각주항목(09.06월 이후)
46666,202003,0010153,메릴린치인터내셔날엘엘씨증권 서울지점,A5,채무보증_매입확약,0,외국계증권사,B,SF205,각주항목(09.06월 이후)
46667,202003,0010153,메릴린치인터내셔날엘엘씨증권 서울지점,A6,채무보증_기타,0,외국계증권사,B,SF205,각주항목(09.06월 이후)
46668,202003,0010153,메릴린치인터내셔날엘엘씨증권 서울지점,B,투자자의 예수증권 등,0,외국계증권사,B,SF205,각주항목(09.06월 이후)
46669,202003,0010153,메릴린치인터내셔날엘엘씨증권 서울지점,B1,투자자의 예수증권 등_예수 증권,0,외국계증권사,B,SF205,각주항목(09.06월 이후)
46670,202003,0010153,메릴린치인터내셔날엘엘씨증권 서울지점,B2,투자자의 예수증권 등_예수양도성예금증서,0,외국계증권사,B,SF205,각주항목(09.06월 이후)
46671,202003,0010153,메릴린치인터내셔날엘엘씨증권 서울지점,B3,투자자의 예수증권 등_기타,0,외국계증권사,B,SF205,각주항목(09.06월 이후)
46672,202003,0010153,메릴린치인터내셔날엘엘씨증권 서울지점,C,파생상품계약,0,외국계증권사,B,SF205,각주항목(09.06월 이후)
46673,202003,0010153,메릴린치인터내셔날엘엘씨증권 서울지점,C1,파생상품계약_장내파생상품,0,외국계증권사,B,SF205,각주항목(09.06월 이후)
46674,202003,0010153,메릴린치인터내셔날엘엘씨증권 서울지점,C11,파생상품계약_장내파생상품_이자율관련거래,0,외국계증권사,B,SF205,각주항목(09.06월 이후)
46675,202003,0010153,메릴린치인터내셔날엘엘씨증권 서울지점,C12,파생상품계약_장내파생상품_통화관련거래,0,외국계증권사,B,SF205,각주항목(09.06월 이후)
46676,202003,0010153,메릴린치인터내셔날엘엘씨증권 서울지점,C13,파생상품계약_장내파생상품_주식관련거래,0,외국계증권사,B,SF205,각주항목(09.06월 이후)
46677,202003,0010153,메릴린치인터내셔날엘엘씨증권 서울지점,C14,파생상품계약_장내파생상품_일반상품관련거래,0,외국계증권사,B,SF205,각주항목(09.06월 이후)
46678,202003,0010153,메릴린치인터내셔날엘엘씨증권 서울지점,C15,파생상품계약_장내파생상품_기타,0,외국계증권사,B,SF205,각주항목(09.06월 이후)
46679,202003,0010153,메릴린치인터내셔날엘엘씨증권 서울지점,C2,파생상품계약_장외파생상품,0,외국계증권사,B,SF205,각주항목(09.06월 이후)
46680,202003,0010153,메릴린치인터내셔날엘엘씨증권 서울지점,C21,파생상품계약_장외파생상품_이자율관련거래,0,외국계증권사,B,SF205,각주항목(09.06월 이후)
46681,202003,0010153,메릴린치인터내셔날엘엘씨증권 서울지점,C22,파생상품계약_장외파생상품_통화관련거래,0,외국계증권사,B,SF205,각주항목(09.06월 이후)
46682,202003,0010153,메릴린치인터내셔날엘엘씨증권 서울지점,C23,파생상품계약_장외파생상품_주식관련거래,0,외국계증권사,B,SF205,각주항목(09.06월 이후)
46683,202003,0010153,메릴린치인터내셔날엘엘씨증권 서울지점,C24,파생상품계약_장외파생상품_신용관련거래,0,외국계증권사,B,SF205,각주항목(09.06월 이후)
46684,202003,0010153,메릴린치인터내셔날엘엘씨증권 서울지점,C25,파생상품계약_장외파생상품_기타,0,외국계증권사,B,SF205,각주항목(09.06월 이후)
46685,202003,0010153,메릴린치인터내셔날엘엘씨증권 서울지점,D,대차 및 대주거래,44787100,외국계증권사,B,SF205,각주항목(09.06월 이후)
46686,202003,0010153,메릴린치인터내셔날엘엘씨증권 서울지점,D1,대차 및 대주거래_대여증권,0,외국계증권사,B,SF205,각주항목(09.06월 이후)
46687,202003,0010153,메릴린치인터내셔날엘엘씨증권 서울지점,D2,대차 및 대주거래_차입증권,44787100,외국계증권사,B,SF205,각주항목(09.06월 이후)
46688,202003,0010153,메릴린치인터내셔날엘엘씨증권 서울지점,D3,대차 및 대주거래_신용거래대주,0,외국계증권사,B,SF205,각주항목(09.06월 이후)
46689,202003,0010153,메릴린치인터내셔날엘엘씨증권 서울지점,E,대손상각채권,0,외국계증권사,B,SF205,각주항목(09.06월 이후)
46690,202003,0010153,메릴린치인터내셔날엘엘씨증권 서울지점,F,환전업무 예치금,0,외국계증권사,B,SF205,각주항목(09.06월 이후)
46691,202003,0010153,메릴린치인터내셔날엘엘씨증권 서울지점,G,미배당별도예치금,0,외국계증권사,B,SF205,각주항목(09.06월 이후)
46692,202003,0010153,메릴린치인터내셔날엘엘씨증권 서울지점,H,배서어음매출(종금계정),0,외국계증권사,B,SF205,각주항목(09.06월 이후)
46693,202003,0010153,메릴린치인터내셔날엘엘씨증권 서울지점,H1,대출채권매매이익_담보부,0,외국계증권사,B,SF205,각주항목(09.06월 이후)
46694,202003,0010153,메릴린치인터내셔날엘엘씨증권 서울지점,H2,대출채권매매이익_무담보부,0,외국계증권사,B,SF205,각주항목(09.06월 이후)
46695,202006,0010153,메릴린치인터내셔날엘엘씨증권 서울지점,A,채무보증,0,외국계증권사,B,SF205,각주항목(09.06월 이후)
46696,202006,0010153,메릴린치인터내셔날엘엘씨증권 서울지점,A1,채무보증_지급보증,0,외국계증권사,B,SF205,각주항목(09.06월 이후)
46697,202006,0010153,메릴린치인터내셔날엘엘씨증권 서울지점,A2,채무보증_매입보장약정,0,외국계증권사,B,SF205,각주항목(09.06월 이후)
46698,202006,0010153,메릴린치인터내셔날엘엘씨증권 서울지점,A3,채무보증_채무인수약정,0,외국계증권사,B,SF205,각주항목(09.06월 이후)
46699,202006,0010153,메릴린치인터내셔날엘엘씨증권 서울지점,A5,채무보증_매입확약,0,외국계증권사,B,SF205,각주항목(09.06월 이후)
46700,202006,0010153,메릴린치인터내셔날엘엘씨증권 서울지점,A6,채무보증_기타,0,외국계증권사,B,SF205,각주항목(09.06월 이후)
46701,202006,0010153,메릴린치인터내셔날엘엘씨증권 서울지점,B,투자자의 예수증권 등,0,외국계증권사,B,SF205,각주항목(09.06월 이후)
46702,202006,0010153,메릴린치인터내셔날엘엘씨증권 서울지점,B1,투자자의 예수증권 등_예수 증권,0,외국계증권사,B,SF205,각주항목(09.06월 이후)
46703,202006,0010153,메릴린치인터내셔날엘엘씨증권 서울지점,B2,투자자의 예수증권 등_예수양도성예금증서,0,외국계증권사,B,SF205,각주항목(09.06월 이후)
46704,202006,0010153,메릴린치인터내셔날엘엘씨증권 서울지점,B3,투자자의 예수증권 등_기타,0,외국계증권사,B,SF205,각주항목(09.06월 이후)
46705,202006,0010153,메릴린치인터내셔날엘엘씨증권 서울지점,C,파생상품계약,0,외국계증권사,B,SF205,각주항목(09.06월 이후)
46706,202006,0010153,메릴린치인터내셔날엘엘씨증권 서울지점,C1,파생상품계약_장내파생상품,0,외국계증권사,B,SF205,각주항목(09.06월 이후)
46707,202006,0010153,메릴린치인터내셔날엘엘씨증권 서울지점,C11,파생상품계약_장내파생상품_이자율관련거래,0,외국계증권사,B,SF205,각주항목(09.06월 이후)
46708,202006,0010153,메릴린치인터내셔날엘엘씨증권 서울지점,C12,파생상품계약_장내파생상품_통화관련거래,0,외국계증권사,B,SF205,각주항목(09.06월 이후)
46709,202006,0010153,메릴린치인터내셔날엘엘씨증권 서울지점,C13,파생상품계약_장내파생상품_주식관련거래,0,외국계증권사,B,SF205,각주항목(09.06월 이후)
46710,202006,0010153,메릴린치인터내셔날엘엘씨증권 서울지점,C14,파생상품계약_장내파생상품_일반상품관련거래,0,외국계증권사,B,SF205,각주항목(09.06월 이후)
46711,202006,0010153,메릴린치인터내셔날엘엘씨증권 서울지점,C15,파생상품계약_장내파생상품_기타,0,외국계증권사,B,SF205,각주항목(09.06월 이후)
46712,202006,0010153,메릴린치인터내셔날엘엘씨증권 서울지점,C2,파생상품계약_장외파생상품,0,외국계증권사,B,SF205,각주항목(09.06월 이후)
46713,202006,0010153,메릴린치인터내셔날엘엘씨증권 서울지점,C21,파생상품계약_장외파생상품_이자율관련거래,0,외국계증권사,B,SF205,각주항목(09.06월 이후)
46714,202006,0010153,메릴린치인터내셔날엘엘씨증권 서울지점,C22,파생상품계약_장외파생상품_통화관련거래,0,외국계증권사,B,SF205,각주항목(09.06월 이후)
46715,202006,0010153,메릴린치인터내셔날엘엘씨증권 서울지점,C23,파생상품계약_장외파생상품_주식관련거래,0,외국계증권사,B,SF205,각주항목(09.06월 이후)
46716,202006,0010153,메릴린치인터내셔날엘엘씨증권 서울지점,C24,파생상품계약_장외파생상품_신용관련거래,0,외국계증권사,B,SF205,각주항목(09.06월 이후)
46717,202006,0010153,메릴린치인터내셔날엘엘씨증권 서울지점,C25,파생상품계약_장외파생상품_기타,0,외국계증권사,B,SF205,각주항목(09.06월 이후)
46718,202006,0010153,메릴린치인터내셔날엘엘씨증권 서울지점,D,대차 및 대주거래,0,외국계증권사,B,SF205,각주항목(09.06월 이후)
46719,202006,0010153,메릴린치인터내셔날엘엘씨증권 서울지점,D1,대차 및 대주거래_대여증권,0,외국계증권사,B,SF205,각주항목(09.06월 이후)
46720,202006,0010153,메릴린치인터내셔날엘엘씨증권 서울지점,D2,대차 및 대주거래_차입증권,0,외국계증권사,B,SF205,각주항목(09.06월 이후)
46721,202006,0010153,메릴린치인터내셔날엘엘씨증권 서울지점,D3,대차 및 대주거래_신용거래대주,0,외국계증권사,B,SF205,각주항목(09.06월 이후)
46722,202006,0010153,메릴린치인터내셔날엘엘씨증권 서울지점,E,대손상각채권,0,외국계증권사,B,SF205,각주항목(09.06월 이후)
46723,202006,0010153,메릴린치인터내셔날엘엘씨증권 서울지점,F,환전업무 예치금,0,외국계증권사,B,SF205,각주항목(09.06월 이후)
46724,202006,0010153,메릴린치인터내셔날엘엘씨증권 서울지점,G,미배당별도예치금,0,외국계증권사,B,SF205,각주항목(09.06월 이후)
46725,202006,0010153,메릴린치인터내셔날엘엘씨증권 서울지점,H,배서어음매출(종금계정),0,외국계증권사,B,SF205,각주항목(09.06월 이후)
46726,202006,0010153,메릴린치인터내셔날엘엘씨증권 서울지점,H1,대출채권매매이익_담보부,0,외국계증권사,B,SF205,각주항목(09.06월 이후)
46727,202006,0010153,메릴린치인터내셔날엘엘씨증권 서울지점,H2,대출채권매매이익_무담보부,0,외국계증권사,B,SF205,각주항목(09.06월 이후)
46728,202009,0010153,메릴린치인터내셔날엘엘씨증권 서울지점,A,채무보증,0,외국계증권사,B,SF205,각주항목(09.06월 이후)
46729,202009,0010153,메릴린치인터내셔날엘엘씨증권 서울지점,A1,채무보증_지급보증,0,외국계증권사,B,SF205,각주항목(09.06월 이후)
46730,202009,0010153,메릴린치인터내셔날엘엘씨증권 서울지점,A2,채무보증_매입보장약정,0,외국계증권사,B,SF205,각주항목(09.06월 이후)
46731,202009,0010153,메릴린치인터내셔날엘엘씨증권 서울지점,A3,채무보증_채무인수약정,0,외국계증권사,B,SF205,각주항목(09.06월 이후)
46732,202009,0010153,메릴린치인터내셔날엘엘씨증권 서울지점,A5,채무보증_매입확약,0,외국계증권사,B,SF205,각주항목(09.06월 이후)
46733,202009,0010153,메릴린치인터내셔날엘엘씨증권 서울지점,A6,채무보증_기타,0,외국계증권사,B,SF205,각주항목(09.06월 이후)
46734,202009,0010153,메릴린치인터내셔날엘엘씨증권 서울지점,B,투자자의 예수증권 등,0,외국계증권사,B,SF205,각주항목(09.06월 이후)
46735,202009,0010153,메릴린치인터내셔날엘엘씨증권 서울지점,B1,투자자의 예수증권 등_예수 증권,0,외국계증권사,B,SF205,각주항목(09.06월 이후)
46736,202009,0010153,메릴린치인터내셔날엘엘씨증권 서울지점,B2,투자자의 예수증권 등_예수양도성예금증서,0,외국계증권사,B,SF205,각주항목(09.06월 이후)
46737,202009,0010153,메릴린치인터내셔날엘엘씨증권 서울지점,B3,투자자의 예수증권 등_기타,0,외국계증권사,B,SF205,각주항목(09.06월 이후)
46738,202009,0010153,메릴린치인터내셔날엘엘씨증권 서울지점,C,파생상품계약,0,외국계증권사,B,SF205,각주항목(09.06월 이후)
46739,202009,0010153,메릴린치인터내셔날엘엘씨증권 서울지점,C1,파생상품계약_장내파생상품,0,외국계증권사,B,SF205,각주항목(09.06월 이후)
46740,202009,0010153,메릴린치인터내셔날엘엘씨증권 서울지점,C11,파생상품계약_장내파생상품_이자율관련거래,0,외국계증권사,B,SF205,각주항목(09.06월 이후)
46741,202009,0010153,메릴린치인터내셔날엘엘씨증권 서울지점,C12,파생상품계약_장내파생상품_통화관련거래,0,외국계증권사,B,SF205,각주항목(09.06월 이후)
46742,202009,0010153,메릴린치인터내셔날엘엘씨증권 서울지점,C13,파생상품계약_장내파생상품_주식관련거래,0,외국계증권사,B,SF205,각주항목(09.06월 이후)
46743,202009,0010153,메릴린치인터내셔날엘엘씨증권 서울지점,C14,파생상품계약_장내파생상품_일반상품관련거래,0,외국계증권사,B,SF205,각주항목(09.06월 이후)
46744,202009,0010153,메릴린치인터내셔날엘엘씨증권 서울지점,C15,파생상품계약_장내파생상품_기타,0,외국계증권사,B,SF205,각주항목(09.06월 이후)
46745,202009,0010153,메릴린치인터내셔날엘엘씨증권 서울지점,C2,파생상품계약_장외파생상품,0,외국계증권사,B,SF205,각주항목(09.06월 이후)
46746,202009,0010153,메릴린치인터내셔날엘엘씨증권 서울지점,C21,파생상품계약_장외파생상품_이자율관련거래,0,외국계증권사,B,SF205,각주항목(09.06월 이후)
46747,202009,0010153,메릴린치인터내셔날엘엘씨증권 서울지점,C22,파생상품계약_장외파생상품_통화관련거래,0,외국계증권사,B,SF205,각주항목(09.06월 이후)
46748,202009,0010153,메릴린치인터내셔날엘엘씨증권 서울지점,C23,파생상품계약_장외파생상품_주식관련거래,0,외국계증권사,B,SF205,각주항목(09.06월 이후)
46749,202009,0010153,메릴린치인터내셔날엘엘씨증권 서울지점,C24,파생상품계약_장외파생상품_신용관련거래,0,외국계증권사,B,SF205,각주항목(09.06월 이후)
46750,202009,0010153,메릴린치인터내셔날엘엘씨증권 서울지점,C25,파생상품계약_장외파생상품_기타,0,외국계증권사,B,SF205,각주항목(09.06월 이후)
46751,202009,0010153,메릴린치인터내셔날엘엘씨증권 서울지점,D,대차 및 대주거래,0,외국계증권사,B,SF205,각주항목(09.06월 이후)
46752,202009,0010153,메릴린치인터내셔날엘엘씨증권 서울지점,D1,대차 및 대주거래_대여증권,0,외국계증권사,B,SF205,각주항목(09.06월 이후)
46753,202009,0010153,메릴린치인터내셔날엘엘씨증권 서울지점,D2,대차 및 대주거래_차입증권,0,외국계증권사,B,SF205,각주항목(09.06월 이후)
46754,202009,0010153,메릴린치인터내셔날엘엘씨증권 서울지점,D3,대차 및 대주거래_신용거래대주,0,외국계증권사,B,SF205,각주항목(09.06월 이후)
46755,202009,0010153,메릴린치인터내셔날엘엘씨증권 서울지점,E,대손상각채권,0,외국계증권사,B,SF205,각주항목(09.06월 이후)
46756,202009,0010153,메릴린치인터내셔날엘엘씨증권 서울지점,F,환전업무 예치금,0,외국계증권사,B,SF205,각주항목(09.06월 이후)
46757,202009,0010153,메릴린치인터내셔날엘엘씨증권 서울지점,G,미배당별도예치금,0,외국계증권사,B,SF205,각주항목(09.06월 이후)
46758,202009,0010153,메릴린치인터내셔날엘엘씨증권 서울지점,H,배서어음매출(종금계정),0,외국계증권사,B,SF205,각주항목(09.06월 이후)
46759,202009,0010153,메릴린치인터내셔날엘엘씨증권 서울지점,H1,대출채권매매이익_담보부,0,외국계증권사,B,SF205,각주항목(09.06월 이후)
46760,202009,0010153,메릴린치인터내셔날엘엘씨증권 서울지점,H2,대출채권매매이익_무담보부,0,외국계증권사,B,SF205,각주항목(09.06월 이후)
46761,202012,0010153,메릴린치인터내셔날엘엘씨증권 서울지점,A,채무보증,0,외국계증권사,B,SF205,각주항목(09.06월 이후)
46762,202012,0010153,메릴린치인터내셔날엘엘씨증권 서울지점,A1,채무보증_지급보증,0,외국계증권사,B,SF205,각주항목(09.06월 이후)
46763,202012,0010153,메릴린치인터내셔날엘엘씨증권 서울지점,A2,채무보증_매입보장약정,0,외국계증권사,B,SF205,각주항목(09.06월 이후)
46764,202012,0010153,메릴린치인터내셔날엘엘씨증권 서울지점,A3,채무보증_채무인수약정,0,외국계증권사,B,SF205,각주항목(09.06월 이후)
46765,202012,0010153,메릴린치인터내셔날엘엘씨증권 서울지점,A5,채무보증_매입확약,0,외국계증권사,B,SF205,각주항목(09.06월 이후)
46766,202012,0010153,메릴린치인터내셔날엘엘씨증권 서울지점,A6,채무보증_기타,0,외국계증권사,B,SF205,각주항목(09.06월 이후)
46767,202012,0010153,메릴린치인터내셔날엘엘씨증권 서울지점,B,투자자의 예수증권 등,0,외국계증권사,B,SF205,각주항목(09.06월 이후)
46768,202012,0010153,메릴린치인터내셔날엘엘씨증권 서울지점,B1,투자자의 예수증권 등_예수 증권,0,외국계증권사,B,SF205,각주항목(09.06월 이후)
46769,202012,0010153,메릴린치인터내셔날엘엘씨증권 서울지점,B2,투자자의 예수증권 등_예수양도성예금증서,0,외국계증권사,B,SF205,각주항목(09.06월 이후)
46770,202012,0010153,메릴린치인터내셔날엘엘씨증권 서울지점,B3,투자자의 예수증권 등_기타,0,외국계증권사,B,SF205,각주항목(09.06월 이후)
46771,202012,0010153,메릴린치인터내셔날엘엘씨증권 서울지점,C,파생상품계약,0,외국계증권사,B,SF205,각주항목(09.06월 이후)
46772,202012,0010153,메릴린치인터내셔날엘엘씨증권 서울지점,C1,파생상품계약_장내파생상품,0,외국계증권사,B,SF205,각주항목(09.06월 이후)
46773,202012,0010153,메릴린치인터내셔날엘엘씨증권 서울지점,C11,파생상품계약_장내파생상품_이자율관련거래,0,외국계증권사,B,SF205,각주항목(09.06월 이후)
46774,202012,0010153,메릴린치인터내셔날엘엘씨증권 서울지점,C12,파생상품계약_장내파생상품_통화관련거래,0,외국계증권사,B,SF205,각주항목(09.06월 이후)
46775,202012,0010153,메릴린치인터내셔날엘엘씨증권 서울지점,C13,파생상품계약_장내파생상품_주식관련거래,0,외국계증권사,B,SF205,각주항목(09.06월 이후)
46776,202012,0010153,메릴린치인터내셔날엘엘씨증권 서울지점,C14,파생상품계약_장내파생상품_일반상품관련거래,0,외국계증권사,B,SF205,각주항목(09.06월 이후)
46777,202012,0010153,메릴린치인터내셔날엘엘씨증권 서울지점,C15,파생상품계약_장내파생상품_기타,0,외국계증권사,B,SF205,각주항목(09.06월 이후)
46778,202012,0010153,메릴린치인터내셔날엘엘씨증권 서울지점,C2,파생상품계약_장외파생상품,0,외국계증권사,B,SF205,각주항목(09.06월 이후)
46779,202012,0010153,메릴린치인터내셔날엘엘씨증권 서울지점,C21,파생상품계약_장외파생상품_이자율관련거래,0,외국계증권사,B,SF205,각주항목(09.06월 이후)
46780,202012,0010153,메릴린치인터내셔날엘엘씨증권 서울지점,C22,파생상품계약_장외파생상품_통화관련거래,0,외국계증권사,B,SF205,각주항목(09.06월 이후)
46781,202012,0010153,메릴린치인터내셔날엘엘씨증권 서울지점,C23,파생상품계약_장외파생상품_주식관련거래,0,외국계증권사,B,SF205,각주항목(09.06월 이후)
46782,202012,0010153,메릴린치인터내셔날엘엘씨증권 서울지점,C24,파생상품계약_장외파생상품_신용관련거래,0,외국계증권사,B,SF205,각주항목(09.06월 이후)
46783,202012,0010153,메릴린치인터내셔날엘엘씨증권 서울지점,C25,파생상품계약_장외파생상품_기타,0,외국계증권사,B,SF205,각주항목(09.06월 이후)
46784,202012,0010153,메릴린치인터내셔날엘엘씨증권 서울지점,D,대차 및 대주거래,0,외국계증권사,B,SF205,각주항목(09.06월 이후)
46785,202012,0010153,메릴린치인터내셔날엘엘씨증권 서울지점,D1,대차 및 대주거래_대여증권,0,외국계증권사,B,SF205,각주항목(09.06월 이후)
46786,202012,0010153,메릴린치인터내셔날엘엘씨증권 서울지점,D2,대차 및 대주거래_차입증권,0,외국계증권사,B,SF205,각주항목(09.06월 이후)
46787,202012,0010153,메릴린치인터내셔날엘엘씨증권 서울지점,D3,대차 및 대주거래_신용거래대주,0,외국계증권사,B,SF205,각주항목(09.06월 이후)
46788,202012,0010153,메릴린치인터내셔날엘엘씨증권 서울지점,E,대손상각채권,0,외국계증권사,B,SF205,각주항목(09.06월 이후)
46789,202012,0010153,메릴린치인터내셔날엘엘씨증권 서울지점,F,환전업무 예치금,0,외국계증권사,B,SF205,각주항목(09.06월 이후)
46790,202012,0010153,메릴린치인터내셔날엘엘씨증권 서울지점,G,미배당별도예치금,0,외국계증권사,B,SF205,각주항목(09.06월 이후)
46791,202012,0010153,메릴린치인터내셔날엘엘씨증권 서울지점,H,배서어음매출(종금계정),0,외국계증권사,B,SF205,각주항목(09.06월 이후)
46792,202012,0010153,메릴린치인터내셔날엘엘씨증권 서울지점,H1,대출채권매매이익_담보부,0,외국계증권사,B,SF205,각주항목(09.06월 이후)
46793,202012,0010153,메릴린치인터내셔날엘엘씨증권 서울지점,H2,대출채권매매이익_무담보부,0,외국계증권사,B,SF205,각주항목(09.06월 이후)
46794,202103,0010153,메릴린치인터내셔날엘엘씨증권 서울지점,A,채무보증,0,외국계증권사,B,SF205,각주항목(09.06월 이후)
46795,202103,0010153,메릴린치인터내셔날엘엘씨증권 서울지점,A1,채무보증_지급보증,0,외국계증권사,B,SF205,각주항목(09.06월 이후)
46796,202103,0010153,메릴린치인터내셔날엘엘씨증권 서울지점,A2,채무보증_매입보장약정,0,외국계증권사,B,SF205,각주항목(09.06월 이후)
46797,202103,0010153,메릴린치인터내셔날엘엘씨증권 서울지점,A3,채무보증_채무인수약정,0,외국계증권사,B,SF205,각주항목(09.06월 이후)
46798,202103,0010153,메릴린치인터내셔날엘엘씨증권 서울지점,A5,채무보증_매입확약,0,외국계증권사,B,SF205,각주항목(09.06월 이후)
46799,202103,0010153,메릴린치인터내셔날엘엘씨증권 서울지점,A6,채무보증_기타,0,외국계증권사,B,SF205,각주항목(09.06월 이후)
46800,202103,0010153,메릴린치인터내셔날엘엘씨증권 서울지점,B,투자자의 예수증권 등,0,외국계증권사,B,SF205,각주항목(09.06월 이후)
46801,202103,0010153,메릴린치인터내셔날엘엘씨증권 서울지점,B1,투자자의 예수증권 등_예수 증권,0,외국계증권사,B,SF205,각주항목(09.06월 이후)
46802,202103,0010153,메릴린치인터내셔날엘엘씨증권 서울지점,B2,투자자의 예수증권 등_예수양도성예금증서,0,외국계증권사,B,SF205,각주항목(09.06월 이후)
46803,202103,0010153,메릴린치인터내셔날엘엘씨증권 서울지점,B3,투자자의 예수증권 등_기타,0,외국계증권사,B,SF205,각주항목(09.06월 이후)
46804,202103,0010153,메릴린치인터내셔날엘엘씨증권 서울지점,C,파생상품계약,0,외국계증권사,B,SF205,각주항목(09.06월 이후)
46805,202103,0010153,메릴린치인터내셔날엘엘씨증권 서울지점,C1,파생상품계약_장내파생상품,0,외국계증권사,B,SF205,각주항목(09.06월 이후)
46806,202103,0010153,메릴린치인터내셔날엘엘씨증권 서울지점,C11,파생상품계약_장내파생상품_이자율관련거래,0,외국계증권사,B,SF205,각주항목(09.06월 이후)
46807,202103,0010153,메릴린치인터내셔날엘엘씨증권 서울지점,C12,파생상품계약_장내파생상품_통화관련거래,0,외국계증권사,B,SF205,각주항목(09.06월 이후)
46808,202103,0010153,메릴린치인터내셔날엘엘씨증권 서울지점,C13,파생상품계약_장내파생상품_주식관련거래,0,외국계증권사,B,SF205,각주항목(09.06월 이후)
46809,202103,0010153,메릴린치인터내셔날엘엘씨증권 서울지점,C14,파생상품계약_장내파생상품_일반상품관련거래,0,외국계증권사,B,SF205,각주항목(09.06월 이후)
46810,202103,0010153,메릴린치인터내셔날엘엘씨증권 서울지점,C15,파생상품계약_장내파생상품_기타,0,외국계증권사,B,SF205,각주항목(09.06월 이후)
46811,202103,0010153,메릴린치인터내셔날엘엘씨증권 서울지점,C2,파생상품계약_장외파생상품,0,외국계증권사,B,SF205,각주항목(09.06월 이후)
46812,202103,0010153,메릴린치인터내셔날엘엘씨증권 서울지점,C21,파생상품계약_장외파생상품_이자율관련거래,0,외국계증권사,B,SF205,각주항목(09.06월 이후)
46813,202103,0010153,메릴린치인터내셔날엘엘씨증권 서울지점,C22,파생상품계약_장외파생상품_통화관련거래,0,외국계증권사,B,SF205,각주항목(09.06월 이후)
46814,202103,0010153,메릴린치인터내셔날엘엘씨증권 서울지점,C23,파생상품계약_장외파생상품_주식관련거래,0,외국계증권사,B,SF205,각주항목(09.06월 이후)
46815,202103,0010153,메릴린치인터내셔날엘엘씨증권 서울지점,C24,파생상품계약_장외파생상품_신용관련거래,0,외국계증권사,B,SF205,각주항목(09.06월 이후)
46816,202103,0010153,메릴린치인터내셔날엘엘씨증권 서울지점,C25,파생상품계약_장외파생상품_기타,0,외국계증권사,B,SF205,각주항목(09.06월 이후)
46817,202103,0010153,메릴린치인터내셔날엘엘씨증권 서울지점,D,대차 및 대주거래,0,외국계증권사,B,SF205,각주항목(09.06월 이후)
46818,202103,0010153,메릴린치인터내셔날엘엘씨증권 서울지점,D1,대차 및 대주거래_대여증권,0,외국계증권사,B,SF205,각주항목(09.06월 이후)
46819,202103,0010153,메릴린치인터내셔날엘엘씨증권 서울지점,D2,대차 및 대주거래_차입증권,0,외국계증권사,B,SF205,각주항목(09.06월 이후)
46820,202103,0010153,메릴린치인터내셔날엘엘씨증권 서울지점,D3,대차 및 대주거래_신용거래대주,0,외국계증권사,B,SF205,각주항목(09.06월 이후)
46821,202103,0010153,메릴린치인터내셔날엘엘씨증권 서울지점,E,대손상각채권,0,외국계증권사,B,SF205,각주항목(09.06월 이후)
46822,202103,0010153,메릴린치인터내셔날엘엘씨증권 서울지점,F,환전업무 예치금,0,외국계증권사,B,SF205,각주항목(09.06월 이후)
46823,202103,0010153,메릴린치인터내셔날엘엘씨증권 서울지점,G,미배당별도예치금,0,외국계증권사,B,SF205,각주항목(09.06월 이후)
46824,202103,0010153,메릴린치인터내셔날엘엘씨증권 서울지점,H,배서어음매출(종금계정),0,외국계증권사,B,SF205,각주항목(09.06월 이후)
46825,202103,0010153,메릴린치인터내셔날엘엘씨증권 서울지점,H1,대출채권매매이익_담보부,0,외국계증권사,B,SF205,각주항목(09.06월 이후)
46826,202103,0010153,메릴린치인터내셔날엘엘씨증권 서울지점,H2,대출채권매매이익_무담보부,0,외국계증권사,B,SF205,각주항목(09.06월 이후)
46827,202106,0010153,메릴린치인터내셔날엘엘씨증권 서울지점,A,채무보증,0,외국계증권사,B,SF205,각주항목(09.06월 이후)
46828,202106,0010153,메릴린치인터내셔날엘엘씨증권 서울지점,A1,채무보증_지급보증,0,외국계증권사,B,SF205,각주항목(09.06월 이후)
46829,202106,0010153,메릴린치인터내셔날엘엘씨증권 서울지점,A2,채무보증_매입보장약정,0,외국계증권사,B,SF205,각주항목(09.06월 이후)
46830,202106,0010153,메릴린치인터내셔날엘엘씨증권 서울지점,A3,채무보증_채무인수약정,0,외국계증권사,B,SF205,각주항목(09.06월 이후)
46831,202106,0010153,메릴린치인터내셔날엘엘씨증권 서울지점,A5,채무보증_매입확약,0,외국계증권사,B,SF205,각주항목(09.06월 이후)
46832,202106,0010153,메릴린치인터내셔날엘엘씨증권 서울지점,A6,채무보증_기타,0,외국계증권사,B,SF205,각주항목(09.06월 이후)
46833,202106,0010153,메릴린치인터내셔날엘엘씨증권 서울지점,B,투자자의 예수증권 등,0,외국계증권사,B,SF205,각주항목(09.06월 이후)
46834,202106,0010153,메릴린치인터내셔날엘엘씨증권 서울지점,B1,투자자의 예수증권 등_예수 증권,0,외국계증권사,B,SF205,각주항목(09.06월 이후)
46835,202106,0010153,메릴린치인터내셔날엘엘씨증권 서울지점,B2,투자자의 예수증권 등_예수양도성예금증서,0,외국계증권사,B,SF205,각주항목(09.06월 이후)
46836,202106,0010153,메릴린치인터내셔날엘엘씨증권 서울지점,B3,투자자의 예수증권 등_기타,0,외국계증권사,B,SF205,각주항목(09.06월 이후)
46837,202106,0010153,메릴린치인터내셔날엘엘씨증권 서울지점,C,파생상품계약,0,외국계증권사,B,SF205,각주항목(09.06월 이후)
46838,202106,0010153,메릴린치인터내셔날엘엘씨증권 서울지점,C1,파생상품계약_장내파생상품,0,외국계증권사,B,SF205,각주항목(09.06월 이후)
46839,202106,0010153,메릴린치인터내셔날엘엘씨증권 서울지점,C11,파생상품계약_장내파생상품_이자율관련거래,0,외국계증권사,B,SF205,각주항목(09.06월 이후)
46840,202106,0010153,메릴린치인터내셔날엘엘씨증권 서울지점,C12,파생상품계약_장내파생상품_통화관련거래,0,외국계증권사,B,SF205,각주항목(09.06월 이후)
46841,202106,0010153,메릴린치인터내셔날엘엘씨증권 서울지점,C13,파생상품계약_장내파생상품_주식관련거래,0,외국계증권사,B,SF205,각주항목(09.06월 이후)
46842,202106,0010153,메릴린치인터내셔날엘엘씨증권 서울지점,C14,파생상품계약_장내파생상품_일반상품관련거래,0,외국계증권사,B,SF205,각주항목(09.06월 이후)
46843,202106,0010153,메릴린치인터내셔날엘엘씨증권 서울지점,C15,파생상품계약_장내파생상품_기타,0,외국계증권사,B,SF205,각주항목(09.06월 이후)
46844,202106,0010153,메릴린치인터내셔날엘엘씨증권 서울지점,C2,파생상품계약_장외파생상품,0,외국계증권사,B,SF205,각주항목(09.06월 이후)
46845,202106,0010153,메릴린치인터내셔날엘엘씨증권 서울지점,C21,파생상품계약_장외파생상품_이자율관련거래,0,외국계증권사,B,SF205,각주항목(09.06월 이후)
46846,202106,0010153,메릴린치인터내셔날엘엘씨증권 서울지점,C22,파생상품계약_장외파생상품_통화관련거래,0,외국계증권사,B,SF205,각주항목(09.06월 이후)
46847,202106,0010153,메릴린치인터내셔날엘엘씨증권 서울지점,C23,파생상품계약_장외파생상품_주식관련거래,0,외국계증권사,B,SF205,각주항목(09.06월 이후)
46848,202106,0010153,메릴린치인터내셔날엘엘씨증권 서울지점,C24,파생상품계약_장외파생상품_신용관련거래,0,외국계증권사,B,SF205,각주항목(09.06월 이후)
46849,202106,0010153,메릴린치인터내셔날엘엘씨증권 서울지점,C25,파생상품계약_장외파생상품_기타,0,외국계증권사,B,SF205,각주항목(09.06월 이후)
46850,202106,0010153,메릴린치인터내셔날엘엘씨증권 서울지점,D,대차 및 대주거래,0,외국계증권사,B,SF205,각주항목(09.06월 이후)
46851,202106,0010153,메릴린치인터내셔날엘엘씨증권 서울지점,D1,대차 및 대주거래_대여증권,0,외국계증권사,B,SF205,각주항목(09.06월 이후)
46852,202106,0010153,메릴린치인터내셔날엘엘씨증권 서울지점,D2,대차 및 대주거래_차입증권,0,외국계증권사,B,SF205,각주항목(09.06월 이후)
46853,202106,0010153,메릴린치인터내셔날엘엘씨증권 서울지점,D3,대차 및 대주거래_신용거래대주,0,외국계증권사,B,SF205,각주항목(09.06월 이후)
46854,202106,0010153,메릴린치인터내셔날엘엘씨증권 서울지점,E,대손상각채권,0,외국계증권사,B,SF205,각주항목(09.06월 이후)
46855,202106,0010153,메릴린치인터내셔날엘엘씨증권 서울지점,F,환전업무 예치금,0,외국계증권사,B,SF205,각주항목(09.06월 이후)
46856,202106,0010153,메릴린치인터내셔날엘엘씨증권 서울지점,G,미배당별도예치금,0,외국계증권사,B,SF205,각주항목(09.06월 이후)
46857,202106,0010153,메릴린치인터내셔날엘엘씨증권 서울지점,H,배서어음매출(종금계정),0,외국계증권사,B,SF205,각주항목(09.06월 이후)
46858,202106,0010153,메릴린치인터내셔날엘엘씨증권 서울지점,H1,대출채권매매이익_담보부,0,외국계증권사,B,SF205,각주항목(09.06월 이후)
46859,202106,0010153,메릴린치인터내셔날엘엘씨증권 서울지점,H2,대출채권매매이익_무담보부,0,외국계증권사,B,SF205,각주항목(09.06월 이후)
46860,202109,0010153,메릴린치인터내셔날엘엘씨증권 서울지점,A,채무보증,0,외국계증권사,B,SF205,각주항목(09.06월 이후)
46861,202109,0010153,메릴린치인터내셔날엘엘씨증권 서울지점,A1,채무보증_지급보증,0,외국계증권사,B,SF205,각주항목(09.06월 이후)
46862,202109,0010153,메릴린치인터내셔날엘엘씨증권 서울지점,A2,채무보증_매입보장약정,0,외국계증권사,B,SF205,각주항목(09.06월 이후)
46863,202109,0010153,메릴린치인터내셔날엘엘씨증권 서울지점,A3,채무보증_채무인수약정,0,외국계증권사,B,SF205,각주항목(09.06월 이후)
46864,202109,0010153,메릴린치인터내셔날엘엘씨증권 서울지점,A5,채무보증_매입확약,0,외국계증권사,B,SF205,각주항목(09.06월 이후)
46865,202109,0010153,메릴린치인터내셔날엘엘씨증권 서울지점,A6,채무보증_기타,0,외국계증권사,B,SF205,각주항목(09.06월 이후)
46866,202109,0010153,메릴린치인터내셔날엘엘씨증권 서울지점,B,투자자의 예수증권 등,0,외국계증권사,B,SF205,각주항목(09.06월 이후)
46867,202109,0010153,메릴린치인터내셔날엘엘씨증권 서울지점,B1,투자자의 예수증권 등_예수 증권,0,외국계증권사,B,SF205,각주항목(09.06월 이후)
46868,202109,0010153,메릴린치인터내셔날엘엘씨증권 서울지점,B2,투자자의 예수증권 등_예수양도성예금증서,0,외국계증권사,B,SF205,각주항목(09.06월 이후)
46869,202109,0010153,메릴린치인터내셔날엘엘씨증권 서울지점,B3,투자자의 예수증권 등_기타,0,외국계증권사,B,SF205,각주항목(09.06월 이후)
46870,202109,0010153,메릴린치인터내셔날엘엘씨증권 서울지점,C,파생상품계약,0,외국계증권사,B,SF205,각주항목(09.06월 이후)
46871,202109,0010153,메릴린치인터내셔날엘엘씨증권 서울지점,C1,파생상품계약_장내파생상품,0,외국계증권사,B,SF205,각주항목(09.06월 이후)
46872,202109,0010153,메릴린치인터내셔날엘엘씨증권 서울지점,C11,파생상품계약_장내파생상품_이자율관련거래,0,외국계증권사,B,SF205,각주항목(09.06월 이후)
46873,202109,0010153,메릴린치인터내셔날엘엘씨증권 서울지점,C12,파생상품계약_장내파생상품_통화관련거래,0,외국계증권사,B,SF205,각주항목(09.06월 이후)
46874,202109,0010153,메릴린치인터내셔날엘엘씨증권 서울지점,C13,파생상품계약_장내파생상품_주식관련거래,0,외국계증권사,B,SF205,각주항목(09.06월 이후)
46875,202109,0010153,메릴린치인터내셔날엘엘씨증권 서울지점,C14,파생상품계약_장내파생상품_일반상품관련거래,0,외국계증권사,B,SF205,각주항목(09.06월 이후)
46876,202109,0010153,메릴린치인터내셔날엘엘씨증권 서울지점,C15,파생상품계약_장내파생상품_기타,0,외국계증권사,B,SF205,각주항목(09.06월 이후)
46877,202109,0010153,메릴린치인터내셔날엘엘씨증권 서울지점,C2,파생상품계약_장외파생상품,0,외국계증권사,B,SF205,각주항목(09.06월 이후)
46878,202109,0010153,메릴린치인터내셔날엘엘씨증권 서울지점,C21,파생상품계약_장외파생상품_이자율관련거래,0,외국계증권사,B,SF205,각주항목(09.06월 이후)
46879,202109,0010153,메릴린치인터내셔날엘엘씨증권 서울지점,C22,파생상품계약_장외파생상품_통화관련거래,0,외국계증권사,B,SF205,각주항목(09.06월 이후)
46880,202109,0010153,메릴린치인터내셔날엘엘씨증권 서울지점,C23,파생상품계약_장외파생상품_주식관련거래,0,외국계증권사,B,SF205,각주항목(09.06월 이후)
46881,202109,0010153,메릴린치인터내셔날엘엘씨증권 서울지점,C24,파생상품계약_장외파생상품_신용관련거래,0,외국계증권사,B,SF205,각주항목(09.06월 이후)
46882,202109,0010153,메릴린치인터내셔날엘엘씨증권 서울지점,C25,파생상품계약_장외파생상품_기타,0,외국계증권사,B,SF205,각주항목(09.06월 이후)
46883,202109,0010153,메릴린치인터내셔날엘엘씨증권 서울지점,D,대차 및 대주거래,0,외국계증권사,B,SF205,각주항목(09.06월 이후)
46884,202109,0010153,메릴린치인터내셔날엘엘씨증권 서울지점,D1,대차 및 대주거래_대여증권,0,외국계증권사,B,SF205,각주항목(09.06월 이후)
46885,202109,0010153,메릴린치인터내셔날엘엘씨증권 서울지점,D2,대차 및 대주거래_차입증권,0,외국계증권사,B,SF205,각주항목(09.06월 이후)
46886,202109,0010153,메릴린치인터내셔날엘엘씨증권 서울지점,D3,대차 및 대주거래_신용거래대주,0,외국계증권사,B,SF205,각주항목(09.06월 이후)
46887,202109,0010153,메릴린치인터내셔날엘엘씨증권 서울지점,E,대손상각채권,0,외국계증권사,B,SF205,각주항목(09.06월 이후)
46888,202109,0010153,메릴린치인터내셔날엘엘씨증권 서울지점,F,환전업무 예치금,0,외국계증권사,B,SF205,각주항목(09.06월 이후)
46889,202109,0010153,메릴린치인터내셔날엘엘씨증권 서울지점,G,미배당별도예치금,0,외국계증권사,B,SF205,각주항목(09.06월 이후)
46890,202109,0010153,메릴린치인터내셔날엘엘씨증권 서울지점,H,배서어음매출(종금계정),0,외국계증권사,B,SF205,각주항목(09.06월 이후)
46891,202109,0010153,메릴린치인터내셔날엘엘씨증권 서울지점,H1,대출채권매매이익_담보부,0,외국계증권사,B,SF205,각주항목(09.06월 이후)
46892,202109,0010153,메릴린치인터내셔날엘엘씨증권 서울지점,H2,대출채권매매이익_무담보부,0,외국계증권사,B,SF205,각주항목(09.06월 이후)
46893,202112,0010153,메릴린치인터내셔날엘엘씨증권 서울지점,A,채무보증,0,외국계증권사,B,SF205,각주항목(09.06월 이후)
46894,202112,0010153,메릴린치인터내셔날엘엘씨증권 서울지점,A1,채무보증_지급보증,0,외국계증권사,B,SF205,각주항목(09.06월 이후)
46895,202112,0010153,메릴린치인터내셔날엘엘씨증권 서울지점,A2,채무보증_매입보장약정,0,외국계증권사,B,SF205,각주항목(09.06월 이후)
46896,202112,0010153,메릴린치인터내셔날엘엘씨증권 서울지점,A3,채무보증_채무인수약정,0,외국계증권사,B,SF205,각주항목(09.06월 이후)
46897,202112,0010153,메릴린치인터내셔날엘엘씨증권 서울지점,A5,채무보증_매입확약,0,외국계증권사,B,SF205,각주항목(09.06월 이후)
46898,202112,0010153,메릴린치인터내셔날엘엘씨증권 서울지점,A6,채무보증_기타,0,외국계증권사,B,SF205,각주항목(09.06월 이후)
46899,202112,0010153,메릴린치인터내셔날엘엘씨증권 서울지점,B,투자자의 예수증권 등,0,외국계증권사,B,SF205,각주항목(09.06월 이후)
46900,202112,0010153,메릴린치인터내셔날엘엘씨증권 서울지점,B1,투자자의 예수증권 등_예수 증권,0,외국계증권사,B,SF205,각주항목(09.06월 이후)
46901,202112,0010153,메릴린치인터내셔날엘엘씨증권 서울지점,B2,투자자의 예수증권 등_예수양도성예금증서,0,외국계증권사,B,SF205,각주항목(09.06월 이후)
46902,202112,0010153,메릴린치인터내셔날엘엘씨증권 서울지점,B3,투자자의 예수증권 등_기타,0,외국계증권사,B,SF205,각주항목(09.06월 이후)
46903,202112,0010153,메릴린치인터내셔날엘엘씨증권 서울지점,C,파생상품계약,0,외국계증권사,B,SF205,각주항목(09.06월 이후)
46904,202112,0010153,메릴린치인터내셔날엘엘씨증권 서울지점,C1,파생상품계약_장내파생상품,0,외국계증권사,B,SF205,각주항목(09.06월 이후)
46905,202112,0010153,메릴린치인터내셔날엘엘씨증권 서울지점,C11,파생상품계약_장내파생상품_이자율관련거래,0,외국계증권사,B,SF205,각주항목(09.06월 이후)
46906,202112,0010153,메릴린치인터내셔날엘엘씨증권 서울지점,C12,파생상품계약_장내파생상품_통화관련거래,0,외국계증권사,B,SF205,각주항목(09.06월 이후)
46907,202112,0010153,메릴린치인터내셔날엘엘씨증권 서울지점,C13,파생상품계약_장내파생상품_주식관련거래,0,외국계증권사,B,SF205,각주항목(09.06월 이후)
46908,202112,0010153,메릴린치인터내셔날엘엘씨증권 서울지점,C14,파생상품계약_장내파생상품_일반상품관련거래,0,외국계증권사,B,SF205,각주항목(09.06월 이후)
46909,202112,0010153,메릴린치인터내셔날엘엘씨증권 서울지점,C15,파생상품계약_장내파생상품_기타,0,외국계증권사,B,SF205,각주항목(09.06월 이후)
46910,202112,0010153,메릴린치인터내셔날엘엘씨증권 서울지점,C2,파생상품계약_장외파생상품,0,외국계증권사,B,SF205,각주항목(09.06월 이후)
46911,202112,0010153,메릴린치인터내셔날엘엘씨증권 서울지점,C21,파생상품계약_장외파생상품_이자율관련거래,0,외국계증권사,B,SF205,각주항목(09.06월 이후)
46912,202112,0010153,메릴린치인터내셔날엘엘씨증권 서울지점,C22,파생상품계약_장외파생상품_통화관련거래,0,외국계증권사,B,SF205,각주항목(09.06월 이후)
46913,202112,0010153,메릴린치인터내셔날엘엘씨증권 서울지점,C23,파생상품계약_장외파생상품_주식관련거래,0,외국계증권사,B,SF205,각주항목(09.06월 이후)
46914,202112,0010153,메릴린치인터내셔날엘엘씨증권 서울지점,C24,파생상품계약_장외파생상품_신용관련거래,0,외국계증권사,B,SF205,각주항목(09.06월 이후)
46915,202112,0010153,메릴린치인터내셔날엘엘씨증권 서울지점,C25,파생상품계약_장외파생상품_기타,0,외국계증권사,B,SF205,각주항목(09.06월 이후)
46916,202112,0010153,메릴린치인터내셔날엘엘씨증권 서울지점,D,대차 및 대주거래,0,외국계증권사,B,SF205,각주항목(09.06월 이후)
46917,202112,0010153,메릴린치인터내셔날엘엘씨증권 서울지점,D1,대차 및 대주거래_대여증권,0,외국계증권사,B,SF205,각주항목(09.06월 이후)
46918,202112,0010153,메릴린치인터내셔날엘엘씨증권 서울지점,D2,대차 및 대주거래_차입증권,0,외국계증권사,B,SF205,각주항목(09.06월 이후)
46919,202112,0010153,메릴린치인터내셔날엘엘씨증권 서울지점,D3,대차 및 대주거래_신용거래대주,0,외국계증권사,B,SF205,각주항목(09.06월 이후)
46920,202112,0010153,메릴린치인터내셔날엘엘씨증권 서울지점,E,대손상각채권,0,외국계증권사,B,SF205,각주항목(09.06월 이후)
46921,202112,0010153,메릴린치인터내셔날엘엘씨증권 서울지점,F,환전업무 예치금,0,외국계증권사,B,SF205,각주항목(09.06월 이후)
46922,202112,0010153,메릴린치인터내셔날엘엘씨증권 서울지점,G,미배당별도예치금,0,외국계증권사,B,SF205,각주항목(09.06월 이후)
46923,202112,0010153,메릴린치인터내셔날엘엘씨증권 서울지점,H,배서어음매출(종금계정),0,외국계증권사,B,SF205,각주항목(09.06월 이후)
46924,202112,0010153,메릴린치인터내셔날엘엘씨증권 서울지점,H1,대출채권매매이익_담보부,0,외국계증권사,B,SF205,각주항목(09.06월 이후)
46925,202112,0010153,메릴린치인터내셔날엘엘씨증권 서울지점,H2,대출채권매매이익_무담보부,0,외국계증권사,B,SF205,각주항목(09.06월 이후)
46926,202203,0010153,메릴린치인터내셔날엘엘씨증권 서울지점,A,채무보증,0,외국계증권사,B,SF205,각주항목(09.06월 이후)
46927,202203,0010153,메릴린치인터내셔날엘엘씨증권 서울지점,A1,채무보증_지급보증,0,외국계증권사,B,SF205,각주항목(09.06월 이후)
46928,202203,0010153,메릴린치인터내셔날엘엘씨증권 서울지점,A2,채무보증_매입보장약정,0,외국계증권사,B,SF205,각주항목(09.06월 이후)
46929,202203,0010153,메릴린치인터내셔날엘엘씨증권 서울지점,A3,채무보증_채무인수약정,0,외국계증권사,B,SF205,각주항목(09.06월 이후)
46930,202203,0010153,메릴린치인터내셔날엘엘씨증권 서울지점,A5,채무보증_매입확약,0,외국계증권사,B,SF205,각주항목(09.06월 이후)
46931,202203,0010153,메릴린치인터내셔날엘엘씨증권 서울지점,A6,채무보증_기타,0,외국계증권사,B,SF205,각주항목(09.06월 이후)
46932,202203,0010153,메릴린치인터내셔날엘엘씨증권 서울지점,B,투자자의 예수증권 등,0,외국계증권사,B,SF205,각주항목(09.06월 이후)
46933,202203,0010153,메릴린치인터내셔날엘엘씨증권 서울지점,B1,투자자의 예수증권 등_예수 증권,0,외국계증권사,B,SF205,각주항목(09.06월 이후)
46934,202203,0010153,메릴린치인터내셔날엘엘씨증권 서울지점,B2,투자자의 예수증권 등_예수양도성예금증서,0,외국계증권사,B,SF205,각주항목(09.06월 이후)
46935,202203,0010153,메릴린치인터내셔날엘엘씨증권 서울지점,B3,투자자의 예수증권 등_기타,0,외국계증권사,B,SF205,각주항목(09.06월 이후)
46936,202203,0010153,메릴린치인터내셔날엘엘씨증권 서울지점,C,파생상품계약,0,외국계증권사,B,SF205,각주항목(09.06월 이후)
46937,202203,0010153,메릴린치인터내셔날엘엘씨증권 서울지점,C1,파생상품계약_장내파생상품,0,외국계증권사,B,SF205,각주항목(09.06월 이후)
46938,202203,0010153,메릴린치인터내셔날엘엘씨증권 서울지점,C11,파생상품계약_장내파생상품_이자율관련거래,0,외국계증권사,B,SF205,각주항목(09.06월 이후)
46939,202203,0010153,메릴린치인터내셔날엘엘씨증권 서울지점,C12,파생상품계약_장내파생상품_통화관련거래,0,외국계증권사,B,SF205,각주항목(09.06월 이후)
46940,202203,0010153,메릴린치인터내셔날엘엘씨증권 서울지점,C13,파생상품계약_장내파생상품_주식관련거래,0,외국계증권사,B,SF205,각주항목(09.06월 이후)
46941,202203,0010153,메릴린치인터내셔날엘엘씨증권 서울지점,C14,파생상품계약_장내파생상품_일반상품관련거래,0,외국계증권사,B,SF205,각주항목(09.06월 이후)
46942,202203,0010153,메릴린치인터내셔날엘엘씨증권 서울지점,C15,파생상품계약_장내파생상품_기타,0,외국계증권사,B,SF205,각주항목(09.06월 이후)
46943,202203,0010153,메릴린치인터내셔날엘엘씨증권 서울지점,C2,파생상품계약_장외파생상품,0,외국계증권사,B,SF205,각주항목(09.06월 이후)
46944,202203,0010153,메릴린치인터내셔날엘엘씨증권 서울지점,C21,파생상품계약_장외파생상품_이자율관련거래,0,외국계증권사,B,SF205,각주항목(09.06월 이후)
46945,202203,0010153,메릴린치인터내셔날엘엘씨증권 서울지점,C22,파생상품계약_장외파생상품_통화관련거래,0,외국계증권사,B,SF205,각주항목(09.06월 이후)
46946,202203,0010153,메릴린치인터내셔날엘엘씨증권 서울지점,C23,파생상품계약_장외파생상품_주식관련거래,0,외국계증권사,B,SF205,각주항목(09.06월 이후)
46947,202203,0010153,메릴린치인터내셔날엘엘씨증권 서울지점,C24,파생상품계약_장외파생상품_신용관련거래,0,외국계증권사,B,SF205,각주항목(09.06월 이후)
46948,202203,0010153,메릴린치인터내셔날엘엘씨증권 서울지점,C25,파생상품계약_장외파생상품_기타,0,외국계증권사,B,SF205,각주항목(09.06월 이후)
46949,202203,0010153,메릴린치인터내셔날엘엘씨증권 서울지점,D,대차 및 대주거래,0,외국계증권사,B,SF205,각주항목(09.06월 이후)
46950,202203,0010153,메릴린치인터내셔날엘엘씨증권 서울지점,D1,대차 및 대주거래_대여증권,0,외국계증권사,B,SF205,각주항목(09.06월 이후)
46951,202203,0010153,메릴린치인터내셔날엘엘씨증권 서울지점,D2,대차 및 대주거래_차입증권,0,외국계증권사,B,SF205,각주항목(09.06월 이후)
46952,202203,0010153,메릴린치인터내셔날엘엘씨증권 서울지점,D3,대차 및 대주거래_신용거래대주,0,외국계증권사,B,SF205,각주항목(09.06월 이후)
46953,202203,0010153,메릴린치인터내셔날엘엘씨증권 서울지점,E,대손상각채권,0,외국계증권사,B,SF205,각주항목(09.06월 이후)
46954,202203,0010153,메릴린치인터내셔날엘엘씨증권 서울지점,F,환전업무 예치금,0,외국계증권사,B,SF205,각주항목(09.06월 이후)
46955,202203,0010153,메릴린치인터내셔날엘엘씨증권 서울지점,G,미배당별도예치금,0,외국계증권사,B,SF205,각주항목(09.06월 이후)
46956,202203,0010153,메릴린치인터내셔날엘엘씨증권 서울지점,H,배서어음매출(종금계정),0,외국계증권사,B,SF205,각주항목(09.06월 이후)
46957,202203,0010153,메릴린치인터내셔날엘엘씨증권 서울지점,H1,대출채권매매이익_담보부,0,외국계증권사,B,SF205,각주항목(09.06월 이후)
46958,202203,0010153,메릴린치인터내셔날엘엘씨증권 서울지점,H2,대출채권매매이익_무담보부,0,외국계증권사,B,SF205,각주항목(09.06월 이후)
46959,202206,0010153,메릴린치인터내셔날엘엘씨증권 서울지점,A,채무보증,0,외국계증권사,B,SF205,각주항목(09.06월 이후)
46960,202206,0010153,메릴린치인터내셔날엘엘씨증권 서울지점,A1,채무보증_지급보증,0,외국계증권사,B,SF205,각주항목(09.06월 이후)
46961,202206,0010153,메릴린치인터내셔날엘엘씨증권 서울지점,A2,채무보증_매입보장약정,0,외국계증권사,B,SF205,각주항목(09.06월 이후)
46962,202206,0010153,메릴린치인터내셔날엘엘씨증권 서울지점,A3,채무보증_채무인수약정,0,외국계증권사,B,SF205,각주항목(09.06월 이후)
46963,202206,0010153,메릴린치인터내셔날엘엘씨증권 서울지점,A5,채무보증_매입확약,0,외국계증권사,B,SF205,각주항목(09.06월 이후)
46964,202206,0010153,메릴린치인터내셔날엘엘씨증권 서울지점,A6,채무보증_기타,0,외국계증권사,B,SF205,각주항목(09.06월 이후)
46965,202206,0010153,메릴린치인터내셔날엘엘씨증권 서울지점,B,투자자의 예수증권 등,0,외국계증권사,B,SF205,각주항목(09.06월 이후)
46966,202206,0010153,메릴린치인터내셔날엘엘씨증권 서울지점,B1,투자자의 예수증권 등_예수 증권,0,외국계증권사,B,SF205,각주항목(09.06월 이후)
46967,202206,0010153,메릴린치인터내셔날엘엘씨증권 서울지점,B2,투자자의 예수증권 등_예수양도성예금증서,0,외국계증권사,B,SF205,각주항목(09.06월 이후)
46968,202206,0010153,메릴린치인터내셔날엘엘씨증권 서울지점,B3,투자자의 예수증권 등_기타,0,외국계증권사,B,SF205,각주항목(09.06월 이후)
46969,202206,0010153,메릴린치인터내셔날엘엘씨증권 서울지점,C,파생상품계약,0,외국계증권사,B,SF205,각주항목(09.06월 이후)
46970,202206,0010153,메릴린치인터내셔날엘엘씨증권 서울지점,C1,파생상품계약_장내파생상품,0,외국계증권사,B,SF205,각주항목(09.06월 이후)
46971,202206,0010153,메릴린치인터내셔날엘엘씨증권 서울지점,C11,파생상품계약_장내파생상품_이자율관련거래,0,외국계증권사,B,SF205,각주항목(09.06월 이후)
46972,202206,0010153,메릴린치인터내셔날엘엘씨증권 서울지점,C12,파생상품계약_장내파생상품_통화관련거래,0,외국계증권사,B,SF205,각주항목(09.06월 이후)
46973,202206,0010153,메릴린치인터내셔날엘엘씨증권 서울지점,C13,파생상품계약_장내파생상품_주식관련거래,0,외국계증권사,B,SF205,각주항목(09.06월 이후)
46974,202206,0010153,메릴린치인터내셔날엘엘씨증권 서울지점,C14,파생상품계약_장내파생상품_일반상품관련거래,0,외국계증권사,B,SF205,각주항목(09.06월 이후)
46975,202206,0010153,메릴린치인터내셔날엘엘씨증권 서울지점,C15,파생상품계약_장내파생상품_기타,0,외국계증권사,B,SF205,각주항목(09.06월 이후)
46976,202206,0010153,메릴린치인터내셔날엘엘씨증권 서울지점,C2,파생상품계약_장외파생상품,0,외국계증권사,B,SF205,각주항목(09.06월 이후)
46977,202206,0010153,메릴린치인터내셔날엘엘씨증권 서울지점,C21,파생상품계약_장외파생상품_이자율관련거래,0,외국계증권사,B,SF205,각주항목(09.06월 이후)
46978,202206,0010153,메릴린치인터내셔날엘엘씨증권 서울지점,C22,파생상품계약_장외파생상품_통화관련거래,0,외국계증권사,B,SF205,각주항목(09.06월 이후)
46979,202206,0010153,메릴린치인터내셔날엘엘씨증권 서울지점,C23,파생상품계약_장외파생상품_주식관련거래,0,외국계증권사,B,SF205,각주항목(09.06월 이후)
46980,202206,0010153,메릴린치인터내셔날엘엘씨증권 서울지점,C24,파생상품계약_장외파생상품_신용관련거래,0,외국계증권사,B,SF205,각주항목(09.06월 이후)
46981,202206,0010153,메릴린치인터내셔날엘엘씨증권 서울지점,C25,파생상품계약_장외파생상품_기타,0,외국계증권사,B,SF205,각주항목(09.06월 이후)
46982,202206,0010153,메릴린치인터내셔날엘엘씨증권 서울지점,D,대차 및 대주거래,0,외국계증권사,B,SF205,각주항목(09.06월 이후)
46983,202206,0010153,메릴린치인터내셔날엘엘씨증권 서울지점,D1,대차 및 대주거래_대여증권,0,외국계증권사,B,SF205,각주항목(09.06월 이후)
46984,202206,0010153,메릴린치인터내셔날엘엘씨증권 서울지점,D2,대차 및 대주거래_차입증권,0,외국계증권사,B,SF205,각주항목(09.06월 이후)
46985,202206,0010153,메릴린치인터내셔날엘엘씨증권 서울지점,D3,대차 및 대주거래_신용거래대주,0,외국계증권사,B,SF205,각주항목(09.06월 이후)
46986,202206,0010153,메릴린치인터내셔날엘엘씨증권 서울지점,E,대손상각채권,0,외국계증권사,B,SF205,각주항목(09.06월 이후)
46987,202206,0010153,메릴린치인터내셔날엘엘씨증권 서울지점,F,환전업무 예치금,0,외국계증권사,B,SF205,각주항목(09.06월 이후)
46988,202206,0010153,메릴린치인터내셔날엘엘씨증권 서울지점,G,미배당별도예치금,0,외국계증권사,B,SF205,각주항목(09.06월 이후)
46989,202206,0010153,메릴린치인터내셔날엘엘씨증권 서울지점,H,배서어음매출(종금계정),0,외국계증권사,B,SF205,각주항목(09.06월 이후)
46990,202206,0010153,메릴린치인터내셔날엘엘씨증권 서울지점,H1,대출채권매매이익_담보부,0,외국계증권사,B,SF205,각주항목(09.06월 이후)
46991,202206,0010153,메릴린치인터내셔날엘엘씨증권 서울지점,H2,대출채권매매이익_무담보부,0,외국계증권사,B,SF205,각주항목(09.06월 이후)
46992,202209,0010153,메릴린치인터내셔날엘엘씨증권 서울지점,A,채무보증,0,외국계증권사,B,SF205,각주항목(09.06월 이후)
46993,202209,0010153,메릴린치인터내셔날엘엘씨증권 서울지점,A1,채무보증_지급보증,0,외국계증권사,B,SF205,각주항목(09.06월 이후)
46994,202209,0010153,메릴린치인터내셔날엘엘씨증권 서울지점,A2,채무보증_매입보장약정,0,외국계증권사,B,SF205,각주항목(09.06월 이후)
46995,202209,0010153,메릴린치인터내셔날엘엘씨증권 서울지점,A3,채무보증_채무인수약정,0,외국계증권사,B,SF205,각주항목(09.06월 이후)
46996,202209,0010153,메릴린치인터내셔날엘엘씨증권 서울지점,A5,채무보증_매입확약,0,외국계증권사,B,SF205,각주항목(09.06월 이후)
46997,202209,0010153,메릴린치인터내셔날엘엘씨증권 서울지점,A6,채무보증_기타,0,외국계증권사,B,SF205,각주항목(09.06월 이후)
46998,202209,0010153,메릴린치인터내셔날엘엘씨증권 서울지점,B,투자자의 예수증권 등,0,외국계증권사,B,SF205,각주항목(09.06월 이후)
46999,202209,0010153,메릴린치인터내셔날엘엘씨증권 서울지점,B1,투자자의 예수증권 등_예수 증권,0,외국계증권사,B,SF205,각주항목(09.06월 이후)
47000,202209,0010153,메릴린치인터내셔날엘엘씨증권 서울지점,B2,투자자의 예수증권 등_예수양도성예금증서,0,외국계증권사,B,SF205,각주항목(09.06월 이후)
47001,202209,0010153,메릴린치인터내셔날엘엘씨증권 서울지점,B3,투자자의 예수증권 등_기타,0,외국계증권사,B,SF205,각주항목(09.06월 이후)
47002,202209,0010153,메릴린치인터내셔날엘엘씨증권 서울지점,C,파생상품계약,0,외국계증권사,B,SF205,각주항목(09.06월 이후)
47003,202209,0010153,메릴린치인터내셔날엘엘씨증권 서울지점,C1,파생상품계약_장내파생상품,0,외국계증권사,B,SF205,각주항목(09.06월 이후)
47004,202209,0010153,메릴린치인터내셔날엘엘씨증권 서울지점,C11,파생상품계약_장내파생상품_이자율관련거래,0,외국계증권사,B,SF205,각주항목(09.06월 이후)
47005,202209,0010153,메릴린치인터내셔날엘엘씨증권 서울지점,C12,파생상품계약_장내파생상품_통화관련거래,0,외국계증권사,B,SF205,각주항목(09.06월 이후)
47006,202209,0010153,메릴린치인터내셔날엘엘씨증권 서울지점,C13,파생상품계약_장내파생상품_주식관련거래,0,외국계증권사,B,SF205,각주항목(09.06월 이후)
47007,202209,0010153,메릴린치인터내셔날엘엘씨증권 서울지점,C14,파생상품계약_장내파생상품_일반상품관련거래,0,외국계증권사,B,SF205,각주항목(09.06월 이후)
47008,202209,0010153,메릴린치인터내셔날엘엘씨증권 서울지점,C15,파생상품계약_장내파생상품_기타,0,외국계증권사,B,SF205,각주항목(09.06월 이후)
47009,202209,0010153,메릴린치인터내셔날엘엘씨증권 서울지점,C2,파생상품계약_장외파생상품,0,외국계증권사,B,SF205,각주항목(09.06월 이후)
47010,202209,0010153,메릴린치인터내셔날엘엘씨증권 서울지점,C21,파생상품계약_장외파생상품_이자율관련거래,0,외국계증권사,B,SF205,각주항목(09.06월 이후)
47011,202209,0010153,메릴린치인터내셔날엘엘씨증권 서울지점,C22,파생상품계약_장외파생상품_통화관련거래,0,외국계증권사,B,SF205,각주항목(09.06월 이후)
47012,202209,0010153,메릴린치인터내셔날엘엘씨증권 서울지점,C23,파생상품계약_장외파생상품_주식관련거래,0,외국계증권사,B,SF205,각주항목(09.06월 이후)
47013,202209,0010153,메릴린치인터내셔날엘엘씨증권 서울지점,C24,파생상품계약_장외파생상품_신용관련거래,0,외국계증권사,B,SF205,각주항목(09.06월 이후)
47014,202209,0010153,메릴린치인터내셔날엘엘씨증권 서울지점,C25,파생상품계약_장외파생상품_기타,0,외국계증권사,B,SF205,각주항목(09.06월 이후)
47015,202209,0010153,메릴린치인터내셔날엘엘씨증권 서울지점,D,대차 및 대주거래,0,외국계증권사,B,SF205,각주항목(09.06월 이후)
47016,202209,0010153,메릴린치인터내셔날엘엘씨증권 서울지점,D1,대차 및 대주거래_대여증권,0,외국계증권사,B,SF205,각주항목(09.06월 이후)
47017,202209,0010153,메릴린치인터내셔날엘엘씨증권 서울지점,D2,대차 및 대주거래_차입증권,0,외국계증권사,B,SF205,각주항목(09.06월 이후)
47018,202209,0010153,메릴린치인터내셔날엘엘씨증권 서울지점,D3,대차 및 대주거래_신용거래대주,0,외국계증권사,B,SF205,각주항목(09.06월 이후)
47019,202209,0010153,메릴린치인터내셔날엘엘씨증권 서울지점,E,대손상각채권,0,외국계증권사,B,SF205,각주항목(09.06월 이후)
47020,202209,0010153,메릴린치인터내셔날엘엘씨증권 서울지점,F,환전업무 예치금,0,외국계증권사,B,SF205,각주항목(09.06월 이후)
47021,202209,0010153,메릴린치인터내셔날엘엘씨증권 서울지점,G,미배당별도예치금,0,외국계증권사,B,SF205,각주항목(09.06월 이후)
47022,202209,0010153,메릴린치인터내셔날엘엘씨증권 서울지점,H,배서어음매출(종금계정),0,외국계증권사,B,SF205,각주항목(09.06월 이후)
47023,202209,0010153,메릴린치인터내셔날엘엘씨증권 서울지점,H1,대출채권매매이익_담보부,0,외국계증권사,B,SF205,각주항목(09.06월 이후)
47024,202209,0010153,메릴린치인터내셔날엘엘씨증권 서울지점,H2,대출채권매매이익_무담보부,0,외국계증권사,B,SF205,각주항목(09.06월 이후)
47025,202212,0010153,메릴린치인터내셔날엘엘씨증권 서울지점,A,채무보증,0,외국계증권사,B,SF205,각주항목(09.06월 이후)
47026,202212,0010153,메릴린치인터내셔날엘엘씨증권 서울지점,A1,채무보증_지급보증,0,외국계증권사,B,SF205,각주항목(09.06월 이후)
47027,202212,0010153,메릴린치인터내셔날엘엘씨증권 서울지점,A2,채무보증_매입보장약정,0,외국계증권사,B,SF205,각주항목(09.06월 이후)
47028,202212,0010153,메릴린치인터내셔날엘엘씨증권 서울지점,A3,채무보증_채무인수약정,0,외국계증권사,B,SF205,각주항목(09.06월 이후)
47029,202212,0010153,메릴린치인터내셔날엘엘씨증권 서울지점,A5,채무보증_매입확약,0,외국계증권사,B,SF205,각주항목(09.06월 이후)
47030,202212,0010153,메릴린치인터내셔날엘엘씨증권 서울지점,A6,채무보증_기타,0,외국계증권사,B,SF205,각주항목(09.06월 이후)
47031,202212,0010153,메릴린치인터내셔날엘엘씨증권 서울지점,B,투자자의 예수증권 등,0,외국계증권사,B,SF205,각주항목(09.06월 이후)
47032,202212,0010153,메릴린치인터내셔날엘엘씨증권 서울지점,B1,투자자의 예수증권 등_예수 증권,0,외국계증권사,B,SF205,각주항목(09.06월 이후)
47033,202212,0010153,메릴린치인터내셔날엘엘씨증권 서울지점,B2,투자자의 예수증권 등_예수양도성예금증서,0,외국계증권사,B,SF205,각주항목(09.06월 이후)
47034,202212,0010153,메릴린치인터내셔날엘엘씨증권 서울지점,B3,투자자의 예수증권 등_기타,0,외국계증권사,B,SF205,각주항목(09.06월 이후)
47035,202212,0010153,메릴린치인터내셔날엘엘씨증권 서울지점,C,파생상품계약,0,외국계증권사,B,SF205,각주항목(09.06월 이후)
47036,202212,0010153,메릴린치인터내셔날엘엘씨증권 서울지점,C1,파생상품계약_장내파생상품,0,외국계증권사,B,SF205,각주항목(09.06월 이후)
47037,202212,0010153,메릴린치인터내셔날엘엘씨증권 서울지점,C11,파생상품계약_장내파생상품_이자율관련거래,0,외국계증권사,B,SF205,각주항목(09.06월 이후)
47038,202212,0010153,메릴린치인터내셔날엘엘씨증권 서울지점,C12,파생상품계약_장내파생상품_통화관련거래,0,외국계증권사,B,SF205,각주항목(09.06월 이후)
47039,202212,0010153,메릴린치인터내셔날엘엘씨증권 서울지점,C13,파생상품계약_장내파생상품_주식관련거래,0,외국계증권사,B,SF205,각주항목(09.06월 이후)
47040,202212,0010153,메릴린치인터내셔날엘엘씨증권 서울지점,C14,파생상품계약_장내파생상품_일반상품관련거래,0,외국계증권사,B,SF205,각주항목(09.06월 이후)
47041,202212,0010153,메릴린치인터내셔날엘엘씨증권 서울지점,C15,파생상품계약_장내파생상품_기타,0,외국계증권사,B,SF205,각주항목(09.06월 이후)
47042,202212,0010153,메릴린치인터내셔날엘엘씨증권 서울지점,C2,파생상품계약_장외파생상품,0,외국계증권사,B,SF205,각주항목(09.06월 이후)
47043,202212,0010153,메릴린치인터내셔날엘엘씨증권 서울지점,C21,파생상품계약_장외파생상품_이자율관련거래,0,외국계증권사,B,SF205,각주항목(09.06월 이후)
47044,202212,0010153,메릴린치인터내셔날엘엘씨증권 서울지점,C22,파생상품계약_장외파생상품_통화관련거래,0,외국계증권사,B,SF205,각주항목(09.06월 이후)
47045,202212,0010153,메릴린치인터내셔날엘엘씨증권 서울지점,C23,파생상품계약_장외파생상품_주식관련거래,0,외국계증권사,B,SF205,각주항목(09.06월 이후)
47046,202212,0010153,메릴린치인터내셔날엘엘씨증권 서울지점,C24,파생상품계약_장외파생상품_신용관련거래,0,외국계증권사,B,SF205,각주항목(09.06월 이후)
47047,202212,0010153,메릴린치인터내셔날엘엘씨증권 서울지점,C25,파생상품계약_장외파생상품_기타,0,외국계증권사,B,SF205,각주항목(09.06월 이후)
47048,202212,0010153,메릴린치인터내셔날엘엘씨증권 서울지점,D,대차 및 대주거래,0,외국계증권사,B,SF205,각주항목(09.06월 이후)
47049,202212,0010153,메릴린치인터내셔날엘엘씨증권 서울지점,D1,대차 및 대주거래_대여증권,0,외국계증권사,B,SF205,각주항목(09.06월 이후)
47050,202212,0010153,메릴린치인터내셔날엘엘씨증권 서울지점,D2,대차 및 대주거래_차입증권,0,외국계증권사,B,SF205,각주항목(09.06월 이후)
47051,202212,0010153,메릴린치인터내셔날엘엘씨증권 서울지점,D3,대차 및 대주거래_신용거래대주,0,외국계증권사,B,SF205,각주항목(09.06월 이후)
47052,202212,0010153,메릴린치인터내셔날엘엘씨증권 서울지점,E,대손상각채권,0,외국계증권사,B,SF205,각주항목(09.06월 이후)
47053,202212,0010153,메릴린치인터내셔날엘엘씨증권 서울지점,F,환전업무 예치금,0,외국계증권사,B,SF205,각주항목(09.06월 이후)
47054,202212,0010153,메릴린치인터내셔날엘엘씨증권 서울지점,G,미배당별도예치금,0,외국계증권사,B,SF205,각주항목(09.06월 이후)
47055,202212,0010153,메릴린치인터내셔날엘엘씨증권 서울지점,H,배서어음매출(종금계정),0,외국계증권사,B,SF205,각주항목(09.06월 이후)
47056,202212,0010153,메릴린치인터내셔날엘엘씨증권 서울지점,H1,대출채권매매이익_담보부,0,외국계증권사,B,SF205,각주항목(09.06월 이후)
47057,202212,0010153,메릴린치인터내셔날엘엘씨증권 서울지점,H2,대출채권매매이익_무담보부,0,외국계증권사,B,SF205,각주항목(09.06월 이후)
47058,202303,0010153,메릴린치인터내셔날엘엘씨증권 서울지점,A,채무보증,0,외국계증권사,B,SF205,각주항목(09.06월 이후)
47059,202303,0010153,메릴린치인터내셔날엘엘씨증권 서울지점,A1,채무보증_지급보증,0,외국계증권사,B,SF205,각주항목(09.06월 이후)
47060,202303,0010153,메릴린치인터내셔날엘엘씨증권 서울지점,A2,채무보증_매입보장약정,0,외국계증권사,B,SF205,각주항목(09.06월 이후)
47061,202303,0010153,메릴린치인터내셔날엘엘씨증권 서울지점,A3,채무보증_채무인수약정,0,외국계증권사,B,SF205,각주항목(09.06월 이후)
47062,202303,0010153,메릴린치인터내셔날엘엘씨증권 서울지점,A5,채무보증_매입확약,0,외국계증권사,B,SF205,각주항목(09.06월 이후)
47063,202303,0010153,메릴린치인터내셔날엘엘씨증권 서울지점,A6,채무보증_기타,0,외국계증권사,B,SF205,각주항목(09.06월 이후)
47064,202303,0010153,메릴린치인터내셔날엘엘씨증권 서울지점,B,투자자의 예수증권 등,0,외국계증권사,B,SF205,각주항목(09.06월 이후)
47065,202303,0010153,메릴린치인터내셔날엘엘씨증권 서울지점,B1,투자자의 예수증권 등_예수 증권,0,외국계증권사,B,SF205,각주항목(09.06월 이후)
47066,202303,0010153,메릴린치인터내셔날엘엘씨증권 서울지점,B2,투자자의 예수증권 등_예수양도성예금증서,0,외국계증권사,B,SF205,각주항목(09.06월 이후)
47067,202303,0010153,메릴린치인터내셔날엘엘씨증권 서울지점,B3,투자자의 예수증권 등_기타,0,외국계증권사,B,SF205,각주항목(09.06월 이후)
47068,202303,0010153,메릴린치인터내셔날엘엘씨증권 서울지점,C,파생상품계약,0,외국계증권사,B,SF205,각주항목(09.06월 이후)
47069,202303,0010153,메릴린치인터내셔날엘엘씨증권 서울지점,C1,파생상품계약_장내파생상품,0,외국계증권사,B,SF205,각주항목(09.06월 이후)
47070,202303,0010153,메릴린치인터내셔날엘엘씨증권 서울지점,C11,파생상품계약_장내파생상품_이자율관련거래,0,외국계증권사,B,SF205,각주항목(09.06월 이후)
47071,202303,0010153,메릴린치인터내셔날엘엘씨증권 서울지점,C12,파생상품계약_장내파생상품_통화관련거래,0,외국계증권사,B,SF205,각주항목(09.06월 이후)
47072,202303,0010153,메릴린치인터내셔날엘엘씨증권 서울지점,C13,파생상품계약_장내파생상품_주식관련거래,0,외국계증권사,B,SF205,각주항목(09.06월 이후)
47073,202303,0010153,메릴린치인터내셔날엘엘씨증권 서울지점,C14,파생상품계약_장내파생상품_일반상품관련거래,0,외국계증권사,B,SF205,각주항목(09.06월 이후)
47074,202303,0010153,메릴린치인터내셔날엘엘씨증권 서울지점,C15,파생상품계약_장내파생상품_기타,0,외국계증권사,B,SF205,각주항목(09.06월 이후)
47075,202303,0010153,메릴린치인터내셔날엘엘씨증권 서울지점,C2,파생상품계약_장외파생상품,0,외국계증권사,B,SF205,각주항목(09.06월 이후)
47076,202303,0010153,메릴린치인터내셔날엘엘씨증권 서울지점,C21,파생상품계약_장외파생상품_이자율관련거래,0,외국계증권사,B,SF205,각주항목(09.06월 이후)
47077,202303,0010153,메릴린치인터내셔날엘엘씨증권 서울지점,C22,파생상품계약_장외파생상품_통화관련거래,0,외국계증권사,B,SF205,각주항목(09.06월 이후)
47078,202303,0010153,메릴린치인터내셔날엘엘씨증권 서울지점,C23,파생상품계약_장외파생상품_주식관련거래,0,외국계증권사,B,SF205,각주항목(09.06월 이후)
47079,202303,0010153,메릴린치인터내셔날엘엘씨증권 서울지점,C24,파생상품계약_장외파생상품_신용관련거래,0,외국계증권사,B,SF205,각주항목(09.06월 이후)
47080,202303,0010153,메릴린치인터내셔날엘엘씨증권 서울지점,C25,파생상품계약_장외파생상품_기타,0,외국계증권사,B,SF205,각주항목(09.06월 이후)
47081,202303,0010153,메릴린치인터내셔날엘엘씨증권 서울지점,D,대차 및 대주거래,0,외국계증권사,B,SF205,각주항목(09.06월 이후)
47082,202303,0010153,메릴린치인터내셔날엘엘씨증권 서울지점,D1,대차 및 대주거래_대여증권,0,외국계증권사,B,SF205,각주항목(09.06월 이후)
47083,202303,0010153,메릴린치인터내셔날엘엘씨증권 서울지점,D2,대차 및 대주거래_차입증권,0,외국계증권사,B,SF205,각주항목(09.06월 이후)
47084,202303,0010153,메릴린치인터내셔날엘엘씨증권 서울지점,D3,대차 및 대주거래_신용거래대주,0,외국계증권사,B,SF205,각주항목(09.06월 이후)
47085,202303,0010153,메릴린치인터내셔날엘엘씨증권 서울지점,E,대손상각채권,0,외국계증권사,B,SF205,각주항목(09.06월 이후)
47086,202303,0010153,메릴린치인터내셔날엘엘씨증권 서울지점,F,환전업무 예치금,0,외국계증권사,B,SF205,각주항목(09.06월 이후)
47087,202303,0010153,메릴린치인터내셔날엘엘씨증권 서울지점,G,미배당별도예치금,0,외국계증권사,B,SF205,각주항목(09.06월 이후)
47088,202303,0010153,메릴린치인터내셔날엘엘씨증권 서울지점,H,배서어음매출(종금계정),0,외국계증권사,B,SF205,각주항목(09.06월 이후)
47089,202303,0010153,메릴린치인터내셔날엘엘씨증권 서울지점,H1,대출채권매매이익_담보부,0,외국계증권사,B,SF205,각주항목(09.06월 이후)
47090,202303,0010153,메릴린치인터내셔날엘엘씨증권 서울지점,H2,대출채권매매이익_무담보부,0,외국계증권사,B,SF205,각주항목(09.06월 이후)
47091,202306,0010153,메릴린치인터내셔날엘엘씨증권 서울지점,A,채무보증,0,외국계증권사,B,SF205,각주항목(09.06월 이후)
47092,202306,0010153,메릴린치인터내셔날엘엘씨증권 서울지점,A1,채무보증_지급보증,0,외국계증권사,B,SF205,각주항목(09.06월 이후)
47093,202306,0010153,메릴린치인터내셔날엘엘씨증권 서울지점,A2,채무보증_매입보장약정,0,외국계증권사,B,SF205,각주항목(09.06월 이후)
47094,202306,0010153,메릴린치인터내셔날엘엘씨증권 서울지점,A3,채무보증_채무인수약정,0,외국계증권사,B,SF205,각주항목(09.06월 이후)
47095,202306,0010153,메릴린치인터내셔날엘엘씨증권 서울지점,A5,채무보증_매입확약,0,외국계증권사,B,SF205,각주항목(09.06월 이후)
47096,202306,0010153,메릴린치인터내셔날엘엘씨증권 서울지점,A6,채무보증_기타,0,외국계증권사,B,SF205,각주항목(09.06월 이후)
47097,202306,0010153,메릴린치인터내셔날엘엘씨증권 서울지점,B,투자자의 예수증권 등,0,외국계증권사,B,SF205,각주항목(09.06월 이후)
47098,202306,0010153,메릴린치인터내셔날엘엘씨증권 서울지점,B1,투자자의 예수증권 등_예수 증권,0,외국계증권사,B,SF205,각주항목(09.06월 이후)
47099,202306,0010153,메릴린치인터내셔날엘엘씨증권 서울지점,B2,투자자의 예수증권 등_예수양도성예금증서,0,외국계증권사,B,SF205,각주항목(09.06월 이후)
47100,202306,0010153,메릴린치인터내셔날엘엘씨증권 서울지점,B3,투자자의 예수증권 등_기타,0,외국계증권사,B,SF205,각주항목(09.06월 이후)
47101,202306,0010153,메릴린치인터내셔날엘엘씨증권 서울지점,C,파생상품계약,0,외국계증권사,B,SF205,각주항목(09.06월 이후)
47102,202306,0010153,메릴린치인터내셔날엘엘씨증권 서울지점,C1,파생상품계약_장내파생상품,0,외국계증권사,B,SF205,각주항목(09.06월 이후)
47103,202306,0010153,메릴린치인터내셔날엘엘씨증권 서울지점,C11,파생상품계약_장내파생상품_이자율관련거래,0,외국계증권사,B,SF205,각주항목(09.06월 이후)
47104,202306,0010153,메릴린치인터내셔날엘엘씨증권 서울지점,C12,파생상품계약_장내파생상품_통화관련거래,0,외국계증권사,B,SF205,각주항목(09.06월 이후)
47105,202306,0010153,메릴린치인터내셔날엘엘씨증권 서울지점,C13,파생상품계약_장내파생상품_주식관련거래,0,외국계증권사,B,SF205,각주항목(09.06월 이후)
47106,202306,0010153,메릴린치인터내셔날엘엘씨증권 서울지점,C14,파생상품계약_장내파생상품_일반상품관련거래,0,외국계증권사,B,SF205,각주항목(09.06월 이후)
47107,202306,0010153,메릴린치인터내셔날엘엘씨증권 서울지점,C15,파생상품계약_장내파생상품_기타,0,외국계증권사,B,SF205,각주항목(09.06월 이후)
47108,202306,0010153,메릴린치인터내셔날엘엘씨증권 서울지점,C2,파생상품계약_장외파생상품,0,외국계증권사,B,SF205,각주항목(09.06월 이후)
47109,202306,0010153,메릴린치인터내셔날엘엘씨증권 서울지점,C21,파생상품계약_장외파생상품_이자율관련거래,0,외국계증권사,B,SF205,각주항목(09.06월 이후)
47110,202306,0010153,메릴린치인터내셔날엘엘씨증권 서울지점,C22,파생상품계약_장외파생상품_통화관련거래,0,외국계증권사,B,SF205,각주항목(09.06월 이후)
47111,202306,0010153,메릴린치인터내셔날엘엘씨증권 서울지점,C23,파생상품계약_장외파생상품_주식관련거래,0,외국계증권사,B,SF205,각주항목(09.06월 이후)
47112,202306,0010153,메릴린치인터내셔날엘엘씨증권 서울지점,C24,파생상품계약_장외파생상품_신용관련거래,0,외국계증권사,B,SF205,각주항목(09.06월 이후)
47113,202306,0010153,메릴린치인터내셔날엘엘씨증권 서울지점,C25,파생상품계약_장외파생상품_기타,0,외국계증권사,B,SF205,각주항목(09.06월 이후)
47114,202306,0010153,메릴린치인터내셔날엘엘씨증권 서울지점,D,대차 및 대주거래,0,외국계증권사,B,SF205,각주항목(09.06월 이후)
47115,202306,0010153,메릴린치인터내셔날엘엘씨증권 서울지점,D1,대차 및 대주거래_대여증권,0,외국계증권사,B,SF205,각주항목(09.06월 이후)
47116,202306,0010153,메릴린치인터내셔날엘엘씨증권 서울지점,D2,대차 및 대주거래_차입증권,0,외국계증권사,B,SF205,각주항목(09.06월 이후)
47117,202306,0010153,메릴린치인터내셔날엘엘씨증권 서울지점,D3,대차 및 대주거래_신용거래대주,0,외국계증권사,B,SF205,각주항목(09.06월 이후)
47118,202306,0010153,메릴린치인터내셔날엘엘씨증권 서울지점,E,대손상각채권,0,외국계증권사,B,SF205,각주항목(09.06월 이후)
47119,202306,0010153,메릴린치인터내셔날엘엘씨증권 서울지점,F,환전업무 예치금,0,외국계증권사,B,SF205,각주항목(09.06월 이후)
47120,202306,0010153,메릴린치인터내셔날엘엘씨증권 서울지점,G,미배당별도예치금,0,외국계증권사,B,SF205,각주항목(09.06월 이후)
47121,202306,0010153,메릴린치인터내셔날엘엘씨증권 서울지점,H,배서어음매출(종금계정),0,외국계증권사,B,SF205,각주항목(09.06월 이후)
47122,202306,0010153,메릴린치인터내셔날엘엘씨증권 서울지점,H1,대출채권매매이익_담보부,0,외국계증권사,B,SF205,각주항목(09.06월 이후)
47123,202306,0010153,메릴린치인터내셔날엘엘씨증권 서울지점,H2,대출채권매매이익_무담보부,0,외국계증권사,B,SF205,각주항목(09.06월 이후)
47124,202309,0010153,메릴린치인터내셔날엘엘씨증권 서울지점,A,채무보증,0,외국계증권사,B,SF205,각주항목(09.06월 이후)
47125,202309,0010153,메릴린치인터내셔날엘엘씨증권 서울지점,A1,채무보증_지급보증,0,외국계증권사,B,SF205,각주항목(09.06월 이후)
47126,202309,0010153,메릴린치인터내셔날엘엘씨증권 서울지점,A2,채무보증_매입보장약정,0,외국계증권사,B,SF205,각주항목(09.06월 이후)
47127,202309,0010153,메릴린치인터내셔날엘엘씨증권 서울지점,A3,채무보증_채무인수약정,0,외국계증권사,B,SF205,각주항목(09.06월 이후)
47128,202309,0010153,메릴린치인터내셔날엘엘씨증권 서울지점,A5,채무보증_매입확약,0,외국계증권사,B,SF205,각주항목(09.06월 이후)
47129,202309,0010153,메릴린치인터내셔날엘엘씨증권 서울지점,A6,채무보증_기타,0,외국계증권사,B,SF205,각주항목(09.06월 이후)
47130,202309,0010153,메릴린치인터내셔날엘엘씨증권 서울지점,B,투자자의 예수증권 등,0,외국계증권사,B,SF205,각주항목(09.06월 이후)
47131,202309,0010153,메릴린치인터내셔날엘엘씨증권 서울지점,B1,투자자의 예수증권 등_예수 증권,0,외국계증권사,B,SF205,각주항목(09.06월 이후)
47132,202309,0010153,메릴린치인터내셔날엘엘씨증권 서울지점,B2,투자자의 예수증권 등_예수양도성예금증서,0,외국계증권사,B,SF205,각주항목(09.06월 이후)
47133,202309,0010153,메릴린치인터내셔날엘엘씨증권 서울지점,B3,투자자의 예수증권 등_기타,0,외국계증권사,B,SF205,각주항목(09.06월 이후)
47134,202309,0010153,메릴린치인터내셔날엘엘씨증권 서울지점,C,파생상품계약,0,외국계증권사,B,SF205,각주항목(09.06월 이후)
47135,202309,0010153,메릴린치인터내셔날엘엘씨증권 서울지점,C1,파생상품계약_장내파생상품,0,외국계증권사,B,SF205,각주항목(09.06월 이후)
47136,202309,0010153,메릴린치인터내셔날엘엘씨증권 서울지점,C11,파생상품계약_장내파생상품_이자율관련거래,0,외국계증권사,B,SF205,각주항목(09.06월 이후)
47137,202309,0010153,메릴린치인터내셔날엘엘씨증권 서울지점,C12,파생상품계약_장내파생상품_통화관련거래,0,외국계증권사,B,SF205,각주항목(09.06월 이후)
47138,202309,0010153,메릴린치인터내셔날엘엘씨증권 서울지점,C13,파생상품계약_장내파생상품_주식관련거래,0,외국계증권사,B,SF205,각주항목(09.06월 이후)
47139,202309,0010153,메릴린치인터내셔날엘엘씨증권 서울지점,C14,파생상품계약_장내파생상품_일반상품관련거래,0,외국계증권사,B,SF205,각주항목(09.06월 이후)
47140,202309,0010153,메릴린치인터내셔날엘엘씨증권 서울지점,C15,파생상품계약_장내파생상품_기타,0,외국계증권사,B,SF205,각주항목(09.06월 이후)
47141,202309,0010153,메릴린치인터내셔날엘엘씨증권 서울지점,C2,파생상품계약_장외파생상품,0,외국계증권사,B,SF205,각주항목(09.06월 이후)
47142,202309,0010153,메릴린치인터내셔날엘엘씨증권 서울지점,C21,파생상품계약_장외파생상품_이자율관련거래,0,외국계증권사,B,SF205,각주항목(09.06월 이후)
47143,202309,0010153,메릴린치인터내셔날엘엘씨증권 서울지점,C22,파생상품계약_장외파생상품_통화관련거래,0,외국계증권사,B,SF205,각주항목(09.06월 이후)
47144,202309,0010153,메릴린치인터내셔날엘엘씨증권 서울지점,C23,파생상품계약_장외파생상품_주식관련거래,0,외국계증권사,B,SF205,각주항목(09.06월 이후)
47145,202309,0010153,메릴린치인터내셔날엘엘씨증권 서울지점,C24,파생상품계약_장외파생상품_신용관련거래,0,외국계증권사,B,SF205,각주항목(09.06월 이후)
47146,202309,0010153,메릴린치인터내셔날엘엘씨증권 서울지점,C25,파생상품계약_장외파생상품_기타,0,외국계증권사,B,SF205,각주항목(09.06월 이후)
47147,202309,0010153,메릴린치인터내셔날엘엘씨증권 서울지점,D,대차 및 대주거래,0,외국계증권사,B,SF205,각주항목(09.06월 이후)
47148,202309,0010153,메릴린치인터내셔날엘엘씨증권 서울지점,D1,대차 및 대주거래_대여증권,0,외국계증권사,B,SF205,각주항목(09.06월 이후)
47149,202309,0010153,메릴린치인터내셔날엘엘씨증권 서울지점,D2,대차 및 대주거래_차입증권,0,외국계증권사,B,SF205,각주항목(09.06월 이후)
47150,202309,0010153,메릴린치인터내셔날엘엘씨증권 서울지점,D3,대차 및 대주거래_신용거래대주,0,외국계증권사,B,SF205,각주항목(09.06월 이후)
47151,202309,0010153,메릴린치인터내셔날엘엘씨증권 서울지점,E,대손상각채권,0,외국계증권사,B,SF205,각주항목(09.06월 이후)
47152,202309,0010153,메릴린치인터내셔날엘엘씨증권 서울지점,F,환전업무 예치금,0,외국계증권사,B,SF205,각주항목(09.06월 이후)
47153,202309,0010153,메릴린치인터내셔날엘엘씨증권 서울지점,G,미배당별도예치금,0,외국계증권사,B,SF205,각주항목(09.06월 이후)
47154,202309,0010153,메릴린치인터내셔날엘엘씨증권 서울지점,H,배서어음매출(종금계정),0,외국계증권사,B,SF205,각주항목(09.06월 이후)
47155,202309,0010153,메릴린치인터내셔날엘엘씨증권 서울지점,H1,대출채권매매이익_담보부,0,외국계증권사,B,SF205,각주항목(09.06월 이후)
47156,202309,0010153,메릴린치인터내셔날엘엘씨증권 서울지점,H2,대출채권매매이익_무담보부,0,외국계증권사,B,SF205,각주항목(09.06월 이후)
47157,202312,0010153,메릴린치인터내셔날엘엘씨증권 서울지점,A,채무보증,0,외국계증권사,B,SF205,각주항목(09.06월 이후)
47158,202312,0010153,메릴린치인터내셔날엘엘씨증권 서울지점,A1,채무보증_지급보증,0,외국계증권사,B,SF205,각주항목(09.06월 이후)
47159,202312,0010153,메릴린치인터내셔날엘엘씨증권 서울지점,A2,채무보증_매입보장약정,0,외국계증권사,B,SF205,각주항목(09.06월 이후)
47160,202312,0010153,메릴린치인터내셔날엘엘씨증권 서울지점,A3,채무보증_채무인수약정,0,외국계증권사,B,SF205,각주항목(09.06월 이후)
47161,202312,0010153,메릴린치인터내셔날엘엘씨증권 서울지점,A5,채무보증_매입확약,0,외국계증권사,B,SF205,각주항목(09.06월 이후)
47162,202312,0010153,메릴린치인터내셔날엘엘씨증권 서울지점,A6,채무보증_기타,0,외국계증권사,B,SF205,각주항목(09.06월 이후)
47163,202312,0010153,메릴린치인터내셔날엘엘씨증권 서울지점,B,투자자의 예수증권 등,0,외국계증권사,B,SF205,각주항목(09.06월 이후)
47164,202312,0010153,메릴린치인터내셔날엘엘씨증권 서울지점,B1,투자자의 예수증권 등_예수 증권,0,외국계증권사,B,SF205,각주항목(09.06월 이후)
47165,202312,0010153,메릴린치인터내셔날엘엘씨증권 서울지점,B2,투자자의 예수증권 등_예수양도성예금증서,0,외국계증권사,B,SF205,각주항목(09.06월 이후)
47166,202312,0010153,메릴린치인터내셔날엘엘씨증권 서울지점,B3,투자자의 예수증권 등_기타,0,외국계증권사,B,SF205,각주항목(09.06월 이후)
47167,202312,0010153,메릴린치인터내셔날엘엘씨증권 서울지점,C,파생상품계약,0,외국계증권사,B,SF205,각주항목(09.06월 이후)
47168,202312,0010153,메릴린치인터내셔날엘엘씨증권 서울지점,C1,파생상품계약_장내파생상품,0,외국계증권사,B,SF205,각주항목(09.06월 이후)
47169,202312,0010153,메릴린치인터내셔날엘엘씨증권 서울지점,C11,파생상품계약_장내파생상품_이자율관련거래,0,외국계증권사,B,SF205,각주항목(09.06월 이후)
47170,202312,0010153,메릴린치인터내셔날엘엘씨증권 서울지점,C12,파생상품계약_장내파생상품_통화관련거래,0,외국계증권사,B,SF205,각주항목(09.06월 이후)
47171,202312,0010153,메릴린치인터내셔날엘엘씨증권 서울지점,C13,파생상품계약_장내파생상품_주식관련거래,0,외국계증권사,B,SF205,각주항목(09.06월 이후)
47172,202312,0010153,메릴린치인터내셔날엘엘씨증권 서울지점,C14,파생상품계약_장내파생상품_일반상품관련거래,0,외국계증권사,B,SF205,각주항목(09.06월 이후)
47173,202312,0010153,메릴린치인터내셔날엘엘씨증권 서울지점,C15,파생상품계약_장내파생상품_기타,0,외국계증권사,B,SF205,각주항목(09.06월 이후)
47174,202312,0010153,메릴린치인터내셔날엘엘씨증권 서울지점,C2,파생상품계약_장외파생상품,0,외국계증권사,B,SF205,각주항목(09.06월 이후)
47175,202312,0010153,메릴린치인터내셔날엘엘씨증권 서울지점,C21,파생상품계약_장외파생상품_이자율관련거래,0,외국계증권사,B,SF205,각주항목(09.06월 이후)
47176,202312,0010153,메릴린치인터내셔날엘엘씨증권 서울지점,C22,파생상품계약_장외파생상품_통화관련거래,0,외국계증권사,B,SF205,각주항목(09.06월 이후)
47177,202312,0010153,메릴린치인터내셔날엘엘씨증권 서울지점,C23,파생상품계약_장외파생상품_주식관련거래,0,외국계증권사,B,SF205,각주항목(09.06월 이후)
47178,202312,0010153,메릴린치인터내셔날엘엘씨증권 서울지점,C24,파생상품계약_장외파생상품_신용관련거래,0,외국계증권사,B,SF205,각주항목(09.06월 이후)
47179,202312,0010153,메릴린치인터내셔날엘엘씨증권 서울지점,C25,파생상품계약_장외파생상품_기타,0,외국계증권사,B,SF205,각주항목(09.06월 이후)
47180,202312,0010153,메릴린치인터내셔날엘엘씨증권 서울지점,D,대차 및 대주거래,0,외국계증권사,B,SF205,각주항목(09.06월 이후)
47181,202312,0010153,메릴린치인터내셔날엘엘씨증권 서울지점,D1,대차 및 대주거래_대여증권,0,외국계증권사,B,SF205,각주항목(09.06월 이후)
47182,202312,0010153,메릴린치인터내셔날엘엘씨증권 서울지점,D2,대차 및 대주거래_차입증권,0,외국계증권사,B,SF205,각주항목(09.06월 이후)
47183,202312,0010153,메릴린치인터내셔날엘엘씨증권 서울지점,D3,대차 및 대주거래_신용거래대주,0,외국계증권사,B,SF205,각주항목(09.06월 이후)
47184,202312,0010153,메릴린치인터내셔날엘엘씨증권 서울지점,E,대손상각채권,0,외국계증권사,B,SF205,각주항목(09.06월 이후)
47185,202312,0010153,메릴린치인터내셔날엘엘씨증권 서울지점,F,환전업무 예치금,0,외국계증권사,B,SF205,각주항목(09.06월 이후)
47186,202312,0010153,메릴린치인터내셔날엘엘씨증권 서울지점,G,미배당별도예치금,0,외국계증권사,B,SF205,각주항목(09.06월 이후)
47187,202312,0010153,메릴린치인터내셔날엘엘씨증권 서울지점,H,배서어음매출(종금계정),0,외국계증권사,B,SF205,각주항목(09.06월 이후)
47188,202312,0010153,메릴린치인터내셔날엘엘씨증권 서울지점,H1,대출채권매매이익_담보부,0,외국계증권사,B,SF205,각주항목(09.06월 이후)
47189,202312,0010153,메릴린치인터내셔날엘엘씨증권 서울지점,H2,대출채권매매이익_무담보부,0,외국계증권사,B,SF205,각주항목(09.06월 이후)
47190,202403,0010153,메릴린치인터내셔날엘엘씨증권 서울지점,A,채무보증,0,외국계증권사,B,SF205,각주항목(09.06월 이후)
47191,202403,0010153,메릴린치인터내셔날엘엘씨증권 서울지점,A1,채무보증_지급보증,0,외국계증권사,B,SF205,각주항목(09.06월 이후)
47192,202403,0010153,메릴린치인터내셔날엘엘씨증권 서울지점,A2,채무보증_매입보장약정,0,외국계증권사,B,SF205,각주항목(09.06월 이후)
47193,202403,0010153,메릴린치인터내셔날엘엘씨증권 서울지점,A3,채무보증_채무인수약정,0,외국계증권사,B,SF205,각주항목(09.06월 이후)
47194,202403,0010153,메릴린치인터내셔날엘엘씨증권 서울지점,A5,채무보증_매입확약,0,외국계증권사,B,SF205,각주항목(09.06월 이후)
47195,202403,0010153,메릴린치인터내셔날엘엘씨증권 서울지점,A6,채무보증_기타,0,외국계증권사,B,SF205,각주항목(09.06월 이후)
47196,202403,0010153,메릴린치인터내셔날엘엘씨증권 서울지점,B,투자자의 예수증권 등,0,외국계증권사,B,SF205,각주항목(09.06월 이후)
47197,202403,0010153,메릴린치인터내셔날엘엘씨증권 서울지점,B1,투자자의 예수증권 등_예수 증권,0,외국계증권사,B,SF205,각주항목(09.06월 이후)
47198,202403,0010153,메릴린치인터내셔날엘엘씨증권 서울지점,B2,투자자의 예수증권 등_예수양도성예금증서,0,외국계증권사,B,SF205,각주항목(09.06월 이후)
47199,202403,0010153,메릴린치인터내셔날엘엘씨증권 서울지점,B3,투자자의 예수증권 등_기타,0,외국계증권사,B,SF205,각주항목(09.06월 이후)
47200,202403,0010153,메릴린치인터내셔날엘엘씨증권 서울지점,C,파생상품계약,0,외국계증권사,B,SF205,각주항목(09.06월 이후)
47201,202403,0010153,메릴린치인터내셔날엘엘씨증권 서울지점,C1,파생상품계약_장내파생상품,0,외국계증권사,B,SF205,각주항목(09.06월 이후)
47202,202403,0010153,메릴린치인터내셔날엘엘씨증권 서울지점,C11,파생상품계약_장내파생상품_이자율관련거래,0,외국계증권사,B,SF205,각주항목(09.06월 이후)
47203,202403,0010153,메릴린치인터내셔날엘엘씨증권 서울지점,C12,파생상품계약_장내파생상품_통화관련거래,0,외국계증권사,B,SF205,각주항목(09.06월 이후)
47204,202403,0010153,메릴린치인터내셔날엘엘씨증권 서울지점,C13,파생상품계약_장내파생상품_주식관련거래,0,외국계증권사,B,SF205,각주항목(09.06월 이후)
47205,202403,0010153,메릴린치인터내셔날엘엘씨증권 서울지점,C14,파생상품계약_장내파생상품_일반상품관련거래,0,외국계증권사,B,SF205,각주항목(09.06월 이후)
47206,202403,0010153,메릴린치인터내셔날엘엘씨증권 서울지점,C15,파생상품계약_장내파생상품_기타,0,외국계증권사,B,SF205,각주항목(09.06월 이후)
47207,202403,0010153,메릴린치인터내셔날엘엘씨증권 서울지점,C2,파생상품계약_장외파생상품,0,외국계증권사,B,SF205,각주항목(09.06월 이후)
47208,202403,0010153,메릴린치인터내셔날엘엘씨증권 서울지점,C21,파생상품계약_장외파생상품_이자율관련거래,0,외국계증권사,B,SF205,각주항목(09.06월 이후)
47209,202403,0010153,메릴린치인터내셔날엘엘씨증권 서울지점,C22,파생상품계약_장외파생상품_통화관련거래,0,외국계증권사,B,SF205,각주항목(09.06월 이후)
47210,202403,0010153,메릴린치인터내셔날엘엘씨증권 서울지점,C23,파생상품계약_장외파생상품_주식관련거래,0,외국계증권사,B,SF205,각주항목(09.06월 이후)
47211,202403,0010153,메릴린치인터내셔날엘엘씨증권 서울지점,C24,파생상품계약_장외파생상품_신용관련거래,0,외국계증권사,B,SF205,각주항목(09.06월 이후)
47212,202403,0010153,메릴린치인터내셔날엘엘씨증권 서울지점,C25,파생상품계약_장외파생상품_기타,0,외국계증권사,B,SF205,각주항목(09.06월 이후)
47213,202403,0010153,메릴린치인터내셔날엘엘씨증권 서울지점,D,대차 및 대주거래,0,외국계증권사,B,SF205,각주항목(09.06월 이후)
47214,202403,0010153,메릴린치인터내셔날엘엘씨증권 서울지점,D1,대차 및 대주거래_대여증권,0,외국계증권사,B,SF205,각주항목(09.06월 이후)
47215,202403,0010153,메릴린치인터내셔날엘엘씨증권 서울지점,D2,대차 및 대주거래_차입증권,0,외국계증권사,B,SF205,각주항목(09.06월 이후)
47216,202403,0010153,메릴린치인터내셔날엘엘씨증권 서울지점,D3,대차 및 대주거래_신용거래대주,0,외국계증권사,B,SF205,각주항목(09.06월 이후)
47217,202403,0010153,메릴린치인터내셔날엘엘씨증권 서울지점,E,대손상각채권,0,외국계증권사,B,SF205,각주항목(09.06월 이후)
47218,202403,0010153,메릴린치인터내셔날엘엘씨증권 서울지점,F,환전업무 예치금,0,외국계증권사,B,SF205,각주항목(09.06월 이후)
47219,202403,0010153,메릴린치인터내셔날엘엘씨증권 서울지점,G,미배당별도예치금,0,외국계증권사,B,SF205,각주항목(09.06월 이후)
47220,202403,0010153,메릴린치인터내셔날엘엘씨증권 서울지점,H,배서어음매출(종금계정),0,외국계증권사,B,SF205,각주항목(09.06월 이후)
47221,202403,0010153,메릴린치인터내셔날엘엘씨증권 서울지점,H1,대출채권매매이익_담보부,0,외국계증권사,B,SF205,각주항목(09.06월 이후)
47222,202403,0010153,메릴린치인터내셔날엘엘씨증권 서울지점,H2,대출채권매매이익_무담보부,0,외국계증권사,B,SF205,각주항목(09.06월 이후)
47223,202406,0010153,메릴린치인터내셔날엘엘씨증권 서울지점,A,채무보증,0,외국계증권사,B,SF205,각주항목(09.06월 이후)
47224,202406,0010153,메릴린치인터내셔날엘엘씨증권 서울지점,A1,채무보증_지급보증,0,외국계증권사,B,SF205,각주항목(09.06월 이후)
47225,202406,0010153,메릴린치인터내셔날엘엘씨증권 서울지점,A2,채무보증_매입보장약정,0,외국계증권사,B,SF205,각주항목(09.06월 이후)
47226,202406,0010153,메릴린치인터내셔날엘엘씨증권 서울지점,A3,채무보증_채무인수약정,0,외국계증권사,B,SF205,각주항목(09.06월 이후)
47227,202406,0010153,메릴린치인터내셔날엘엘씨증권 서울지점,A5,채무보증_매입확약,0,외국계증권사,B,SF205,각주항목(09.06월 이후)
47228,202406,0010153,메릴린치인터내셔날엘엘씨증권 서울지점,A6,채무보증_기타,0,외국계증권사,B,SF205,각주항목(09.06월 이후)
47229,202406,0010153,메릴린치인터내셔날엘엘씨증권 서울지점,B,투자자의 예수증권 등,0,외국계증권사,B,SF205,각주항목(09.06월 이후)
47230,202406,0010153,메릴린치인터내셔날엘엘씨증권 서울지점,B1,투자자의 예수증권 등_예수 증권,0,외국계증권사,B,SF205,각주항목(09.06월 이후)
47231,202406,0010153,메릴린치인터내셔날엘엘씨증권 서울지점,B2,투자자의 예수증권 등_예수양도성예금증서,0,외국계증권사,B,SF205,각주항목(09.06월 이후)
47232,202406,0010153,메릴린치인터내셔날엘엘씨증권 서울지점,B3,투자자의 예수증권 등_기타,0,외국계증권사,B,SF205,각주항목(09.06월 이후)
47233,202406,0010153,메릴린치인터내셔날엘엘씨증권 서울지점,C,파생상품계약,0,외국계증권사,B,SF205,각주항목(09.06월 이후)
47234,202406,0010153,메릴린치인터내셔날엘엘씨증권 서울지점,C1,파생상품계약_장내파생상품,0,외국계증권사,B,SF205,각주항목(09.06월 이후)
47235,202406,0010153,메릴린치인터내셔날엘엘씨증권 서울지점,C11,파생상품계약_장내파생상품_이자율관련거래,0,외국계증권사,B,SF205,각주항목(09.06월 이후)
47236,202406,0010153,메릴린치인터내셔날엘엘씨증권 서울지점,C12,파생상품계약_장내파생상품_통화관련거래,0,외국계증권사,B,SF205,각주항목(09.06월 이후)
47237,202406,0010153,메릴린치인터내셔날엘엘씨증권 서울지점,C13,파생상품계약_장내파생상품_주식관련거래,0,외국계증권사,B,SF205,각주항목(09.06월 이후)
47238,202406,0010153,메릴린치인터내셔날엘엘씨증권 서울지점,C14,파생상품계약_장내파생상품_일반상품관련거래,0,외국계증권사,B,SF205,각주항목(09.06월 이후)
47239,202406,0010153,메릴린치인터내셔날엘엘씨증권 서울지점,C15,파생상품계약_장내파생상품_기타,0,외국계증권사,B,SF205,각주항목(09.06월 이후)
47240,202406,0010153,메릴린치인터내셔날엘엘씨증권 서울지점,C2,파생상품계약_장외파생상품,0,외국계증권사,B,SF205,각주항목(09.06월 이후)
47241,202406,0010153,메릴린치인터내셔날엘엘씨증권 서울지점,C21,파생상품계약_장외파생상품_이자율관련거래,0,외국계증권사,B,SF205,각주항목(09.06월 이후)
47242,202406,0010153,메릴린치인터내셔날엘엘씨증권 서울지점,C22,파생상품계약_장외파생상품_통화관련거래,0,외국계증권사,B,SF205,각주항목(09.06월 이후)
47243,202406,0010153,메릴린치인터내셔날엘엘씨증권 서울지점,C23,파생상품계약_장외파생상품_주식관련거래,0,외국계증권사,B,SF205,각주항목(09.06월 이후)
47244,202406,0010153,메릴린치인터내셔날엘엘씨증권 서울지점,C24,파생상품계약_장외파생상품_신용관련거래,0,외국계증권사,B,SF205,각주항목(09.06월 이후)
47245,202406,0010153,메릴린치인터내셔날엘엘씨증권 서울지점,C25,파생상품계약_장외파생상품_기타,0,외국계증권사,B,SF205,각주항목(09.06월 이후)
47246,202406,0010153,메릴린치인터내셔날엘엘씨증권 서울지점,D,대차 및 대주거래,0,외국계증권사,B,SF205,각주항목(09.06월 이후)
47247,202406,0010153,메릴린치인터내셔날엘엘씨증권 서울지점,D1,대차 및 대주거래_대여증권,0,외국계증권사,B,SF205,각주항목(09.06월 이후)
47248,202406,0010153,메릴린치인터내셔날엘엘씨증권 서울지점,D2,대차 및 대주거래_차입증권,0,외국계증권사,B,SF205,각주항목(09.06월 이후)
47249,202406,0010153,메릴린치인터내셔날엘엘씨증권 서울지점,D3,대차 및 대주거래_신용거래대주,0,외국계증권사,B,SF205,각주항목(09.06월 이후)
47250,202406,0010153,메릴린치인터내셔날엘엘씨증권 서울지점,E,대손상각채권,0,외국계증권사,B,SF205,각주항목(09.06월 이후)
47251,202406,0010153,메릴린치인터내셔날엘엘씨증권 서울지점,F,환전업무 예치금,0,외국계증권사,B,SF205,각주항목(09.06월 이후)
47252,202406,0010153,메릴린치인터내셔날엘엘씨증권 서울지점,G,미배당별도예치금,0,외국계증권사,B,SF205,각주항목(09.06월 이후)
47253,202406,0010153,메릴린치인터내셔날엘엘씨증권 서울지점,H,배서어음매출(종금계정),0,외국계증권사,B,SF205,각주항목(09.06월 이후)
47254,202406,0010153,메릴린치인터내셔날엘엘씨증권 서울지점,H1,대출채권매매이익_담보부,0,외국계증권사,B,SF205,각주항목(09.06월 이후)
47255,202406,0010153,메릴린치인터내셔날엘엘씨증권 서울지점,H2,대출채권매매이익_무담보부,0,외국계증권사,B,SF205,각주항목(09.06월 이후)
47256,202409,0010153,메릴린치인터내셔날엘엘씨증권 서울지점,A,채무보증,0,외국계증권사,B,SF205,각주항목(09.06월 이후)
47257,202409,0010153,메릴린치인터내셔날엘엘씨증권 서울지점,A1,채무보증_지급보증,0,외국계증권사,B,SF205,각주항목(09.06월 이후)
47258,202409,0010153,메릴린치인터내셔날엘엘씨증권 서울지점,A2,채무보증_매입보장약정,0,외국계증권사,B,SF205,각주항목(09.06월 이후)
47259,202409,0010153,메릴린치인터내셔날엘엘씨증권 서울지점,A3,채무보증_채무인수약정,0,외국계증권사,B,SF205,각주항목(09.06월 이후)
47260,202409,0010153,메릴린치인터내셔날엘엘씨증권 서울지점,A5,채무보증_매입확약,0,외국계증권사,B,SF205,각주항목(09.06월 이후)
47261,202409,0010153,메릴린치인터내셔날엘엘씨증권 서울지점,A6,채무보증_기타,0,외국계증권사,B,SF205,각주항목(09.06월 이후)
47262,202409,0010153,메릴린치인터내셔날엘엘씨증권 서울지점,B,투자자의 예수증권 등,0,외국계증권사,B,SF205,각주항목(09.06월 이후)
47263,202409,0010153,메릴린치인터내셔날엘엘씨증권 서울지점,B1,투자자의 예수증권 등_예수 증권,0,외국계증권사,B,SF205,각주항목(09.06월 이후)
47264,202409,0010153,메릴린치인터내셔날엘엘씨증권 서울지점,B2,투자자의 예수증권 등_예수양도성예금증서,0,외국계증권사,B,SF205,각주항목(09.06월 이후)
47265,202409,0010153,메릴린치인터내셔날엘엘씨증권 서울지점,B3,투자자의 예수증권 등_기타,0,외국계증권사,B,SF205,각주항목(09.06월 이후)
47266,202409,0010153,메릴린치인터내셔날엘엘씨증권 서울지점,C,파생상품계약,0,외국계증권사,B,SF205,각주항목(09.06월 이후)
47267,202409,0010153,메릴린치인터내셔날엘엘씨증권 서울지점,C1,파생상품계약_장내파생상품,0,외국계증권사,B,SF205,각주항목(09.06월 이후)
47268,202409,0010153,메릴린치인터내셔날엘엘씨증권 서울지점,C11,파생상품계약_장내파생상품_이자율관련거래,0,외국계증권사,B,SF205,각주항목(09.06월 이후)
47269,202409,0010153,메릴린치인터내셔날엘엘씨증권 서울지점,C12,파생상품계약_장내파생상품_통화관련거래,0,외국계증권사,B,SF205,각주항목(09.06월 이후)
47270,202409,0010153,메릴린치인터내셔날엘엘씨증권 서울지점,C13,파생상품계약_장내파생상품_주식관련거래,0,외국계증권사,B,SF205,각주항목(09.06월 이후)
47271,202409,0010153,메릴린치인터내셔날엘엘씨증권 서울지점,C14,파생상품계약_장내파생상품_일반상품관련거래,0,외국계증권사,B,SF205,각주항목(09.06월 이후)
47272,202409,0010153,메릴린치인터내셔날엘엘씨증권 서울지점,C15,파생상품계약_장내파생상품_기타,0,외국계증권사,B,SF205,각주항목(09.06월 이후)
47273,202409,0010153,메릴린치인터내셔날엘엘씨증권 서울지점,C2,파생상품계약_장외파생상품,0,외국계증권사,B,SF205,각주항목(09.06월 이후)
47274,202409,0010153,메릴린치인터내셔날엘엘씨증권 서울지점,C21,파생상품계약_장외파생상품_이자율관련거래,0,외국계증권사,B,SF205,각주항목(09.06월 이후)
47275,202409,0010153,메릴린치인터내셔날엘엘씨증권 서울지점,C22,파생상품계약_장외파생상품_통화관련거래,0,외국계증권사,B,SF205,각주항목(09.06월 이후)
47276,202409,0010153,메릴린치인터내셔날엘엘씨증권 서울지점,C23,파생상품계약_장외파생상품_주식관련거래,0,외국계증권사,B,SF205,각주항목(09.06월 이후)
47277,202409,0010153,메릴린치인터내셔날엘엘씨증권 서울지점,C24,파생상품계약_장외파생상품_신용관련거래,0,외국계증권사,B,SF205,각주항목(09.06월 이후)
47278,202409,0010153,메릴린치인터내셔날엘엘씨증권 서울지점,C25,파생상품계약_장외파생상품_기타,0,외국계증권사,B,SF205,각주항목(09.06월 이후)
47279,202409,0010153,메릴린치인터내셔날엘엘씨증권 서울지점,D,대차 및 대주거래,0,외국계증권사,B,SF205,각주항목(09.06월 이후)
47280,202409,0010153,메릴린치인터내셔날엘엘씨증권 서울지점,D1,대차 및 대주거래_대여증권,0,외국계증권사,B,SF205,각주항목(09.06월 이후)
47281,202409,0010153,메릴린치인터내셔날엘엘씨증권 서울지점,D2,대차 및 대주거래_차입증권,0,외국계증권사,B,SF205,각주항목(09.06월 이후)
47282,202409,0010153,메릴린치인터내셔날엘엘씨증권 서울지점,D3,대차 및 대주거래_신용거래대주,0,외국계증권사,B,SF205,각주항목(09.06월 이후)
47283,202409,0010153,메릴린치인터내셔날엘엘씨증권 서울지점,E,대손상각채권,0,외국계증권사,B,SF205,각주항목(09.06월 이후)
47284,202409,0010153,메릴린치인터내셔날엘엘씨증권 서울지점,F,환전업무 예치금,0,외국계증권사,B,SF205,각주항목(09.06월 이후)
47285,202409,0010153,메릴린치인터내셔날엘엘씨증권 서울지점,G,미배당별도예치금,0,외국계증권사,B,SF205,각주항목(09.06월 이후)
47286,202409,0010153,메릴린치인터내셔날엘엘씨증권 서울지점,H,배서어음매출(종금계정),0,외국계증권사,B,SF205,각주항목(09.06월 이후)
47287,202409,0010153,메릴린치인터내셔날엘엘씨증권 서울지점,H1,대출채권매매이익_담보부,0,외국계증권사,B,SF205,각주항목(09.06월 이후)
47288,202409,0010153,메릴린치인터내셔날엘엘씨증권 서울지점,H2,대출채권매매이익_무담보부,0,외국계증권사,B,SF205,각주항목(09.06월 이후)
47289,202412,0010153,메릴린치인터내셔날엘엘씨증권 서울지점,A,채무보증,0,외국계증권사,B,SF205,각주항목(09.06월 이후)
47290,202412,0010153,메릴린치인터내셔날엘엘씨증권 서울지점,A1,채무보증_지급보증,0,외국계증권사,B,SF205,각주항목(09.06월 이후)
47291,202412,0010153,메릴린치인터내셔날엘엘씨증권 서울지점,A2,채무보증_매입보장약정,0,외국계증권사,B,SF205,각주항목(09.06월 이후)
47292,202412,0010153,메릴린치인터내셔날엘엘씨증권 서울지점,A3,채무보증_채무인수약정,0,외국계증권사,B,SF205,각주항목(09.06월 이후)
47293,202412,0010153,메릴린치인터내셔날엘엘씨증권 서울지점,A5,채무보증_매입확약,0,외국계증권사,B,SF205,각주항목(09.06월 이후)
47294,202412,0010153,메릴린치인터내셔날엘엘씨증권 서울지점,A6,채무보증_기타,0,외국계증권사,B,SF205,각주항목(09.06월 이후)
47295,202412,0010153,메릴린치인터내셔날엘엘씨증권 서울지점,B,투자자의 예수증권 등,0,외국계증권사,B,SF205,각주항목(09.06월 이후)
47296,202412,0010153,메릴린치인터내셔날엘엘씨증권 서울지점,B1,투자자의 예수증권 등_예수 증권,0,외국계증권사,B,SF205,각주항목(09.06월 이후)
47297,202412,0010153,메릴린치인터내셔날엘엘씨증권 서울지점,B2,투자자의 예수증권 등_예수양도성예금증서,0,외국계증권사,B,SF205,각주항목(09.06월 이후)
47298,202412,0010153,메릴린치인터내셔날엘엘씨증권 서울지점,B3,투자자의 예수증권 등_기타,0,외국계증권사,B,SF205,각주항목(09.06월 이후)
47299,202412,0010153,메릴린치인터내셔날엘엘씨증권 서울지점,C,파생상품계약,0,외국계증권사,B,SF205,각주항목(09.06월 이후)
47300,202412,0010153,메릴린치인터내셔날엘엘씨증권 서울지점,C1,파생상품계약_장내파생상품,0,외국계증권사,B,SF205,각주항목(09.06월 이후)
47301,202412,0010153,메릴린치인터내셔날엘엘씨증권 서울지점,C11,파생상품계약_장내파생상품_이자율관련거래,0,외국계증권사,B,SF205,각주항목(09.06월 이후)
47302,202412,0010153,메릴린치인터내셔날엘엘씨증권 서울지점,C12,파생상품계약_장내파생상품_통화관련거래,0,외국계증권사,B,SF205,각주항목(09.06월 이후)
47303,202412,0010153,메릴린치인터내셔날엘엘씨증권 서울지점,C13,파생상품계약_장내파생상품_주식관련거래,0,외국계증권사,B,SF205,각주항목(09.06월 이후)
47304,202412,0010153,메릴린치인터내셔날엘엘씨증권 서울지점,C14,파생상품계약_장내파생상품_일반상품관련거래,0,외국계증권사,B,SF205,각주항목(09.06월 이후)
47305,202412,0010153,메릴린치인터내셔날엘엘씨증권 서울지점,C15,파생상품계약_장내파생상품_기타,0,외국계증권사,B,SF205,각주항목(09.06월 이후)
47306,202412,0010153,메릴린치인터내셔날엘엘씨증권 서울지점,C2,파생상품계약_장외파생상품,0,외국계증권사,B,SF205,각주항목(09.06월 이후)
47307,202412,0010153,메릴린치인터내셔날엘엘씨증권 서울지점,C21,파생상품계약_장외파생상품_이자율관련거래,0,외국계증권사,B,SF205,각주항목(09.06월 이후)
47308,202412,0010153,메릴린치인터내셔날엘엘씨증권 서울지점,C22,파생상품계약_장외파생상품_통화관련거래,0,외국계증권사,B,SF205,각주항목(09.06월 이후)
47309,202412,0010153,메릴린치인터내셔날엘엘씨증권 서울지점,C23,파생상품계약_장외파생상품_주식관련거래,0,외국계증권사,B,SF205,각주항목(09.06월 이후)
47310,202412,0010153,메릴린치인터내셔날엘엘씨증권 서울지점,C24,파생상품계약_장외파생상품_신용관련거래,0,외국계증권사,B,SF205,각주항목(09.06월 이후)
47311,202412,0010153,메릴린치인터내셔날엘엘씨증권 서울지점,C25,파생상품계약_장외파생상품_기타,0,외국계증권사,B,SF205,각주항목(09.06월 이후)
47312,202412,0010153,메릴린치인터내셔날엘엘씨증권 서울지점,D,대차 및 대주거래,0,외국계증권사,B,SF205,각주항목(09.06월 이후)
47313,202412,0010153,메릴린치인터내셔날엘엘씨증권 서울지점,D1,대차 및 대주거래_대여증권,0,외국계증권사,B,SF205,각주항목(09.06월 이후)
47314,202412,0010153,메릴린치인터내셔날엘엘씨증권 서울지점,D2,대차 및 대주거래_차입증권,0,외국계증권사,B,SF205,각주항목(09.06월 이후)
47315,202412,0010153,메릴린치인터내셔날엘엘씨증권 서울지점,D3,대차 및 대주거래_신용거래대주,0,외국계증권사,B,SF205,각주항목(09.06월 이후)
47316,202412,0010153,메릴린치인터내셔날엘엘씨증권 서울지점,E,대손상각채권,0,외국계증권사,B,SF205,각주항목(09.06월 이후)
47317,202412,0010153,메릴린치인터내셔날엘엘씨증권 서울지점,F,환전업무 예치금,0,외국계증권사,B,SF205,각주항목(09.06월 이후)
47318,202412,0010153,메릴린치인터내셔날엘엘씨증권 서울지점,G,미배당별도예치금,0,외국계증권사,B,SF205,각주항목(09.06월 이후)
47319,202412,0010153,메릴린치인터내셔날엘엘씨증권 서울지점,H,배서어음매출(종금계정),0,외국계증권사,B,SF205,각주항목(09.06월 이후)
47320,202412,0010153,메릴린치인터내셔날엘엘씨증권 서울지점,H1,대출채권매매이익_담보부,0,외국계증권사,B,SF205,각주항목(09.06월 이후)
47321,202412,0010153,메릴린치인터내셔날엘엘씨증권 서울지점,H2,대출채권매매이익_무담보부,0,외국계증권사,B,SF205,각주항목(09.06월 이후)
47322,201703,0010154,모간스탠리인터내셔날증권회사서울지점,A,채무보증,0,외국계증권사,B,SF205,각주항목(09.06월 이후)
47323,201703,0010154,모간스탠리인터내셔날증권회사서울지점,A1,채무보증_지급보증,0,외국계증권사,B,SF205,각주항목(09.06월 이후)
47324,201703,0010154,모간스탠리인터내셔날증권회사서울지점,A2,채무보증_매입보장약정,0,외국계증권사,B,SF205,각주항목(09.06월 이후)
47325,201703,0010154,모간스탠리인터내셔날증권회사서울지점,A3,채무보증_채무인수약정,0,외국계증권사,B,SF205,각주항목(09.06월 이후)
47326,201703,0010154,모간스탠리인터내셔날증권회사서울지점,A5,채무보증_매입확약,0,외국계증권사,B,SF205,각주항목(09.06월 이후)
47327,201703,0010154,모간스탠리인터내셔날증권회사서울지점,A6,채무보증_기타,0,외국계증권사,B,SF205,각주항목(09.06월 이후)
47328,201703,0010154,모간스탠리인터내셔날증권회사서울지점,B,투자자의 예수증권 등,3447502500,외국계증권사,B,SF205,각주항목(09.06월 이후)
47329,201703,0010154,모간스탠리인터내셔날증권회사서울지점,B1,투자자의 예수증권 등_예수 증권,3447502500,외국계증권사,B,SF205,각주항목(09.06월 이후)
47330,201703,0010154,모간스탠리인터내셔날증권회사서울지점,B2,투자자의 예수증권 등_예수양도성예금증서,0,외국계증권사,B,SF205,각주항목(09.06월 이후)
47331,201703,0010154,모간스탠리인터내셔날증권회사서울지점,B3,투자자의 예수증권 등_기타,0,외국계증권사,B,SF205,각주항목(09.06월 이후)
47332,201703,0010154,모간스탠리인터내셔날증권회사서울지점,C,파생상품계약,0,외국계증권사,B,SF205,각주항목(09.06월 이후)
47333,201703,0010154,모간스탠리인터내셔날증권회사서울지점,C1,파생상품계약_장내파생상품,0,외국계증권사,B,SF205,각주항목(09.06월 이후)
47334,201703,0010154,모간스탠리인터내셔날증권회사서울지점,C11,파생상품계약_장내파생상품_이자율관련거래,0,외국계증권사,B,SF205,각주항목(09.06월 이후)
47335,201703,0010154,모간스탠리인터내셔날증권회사서울지점,C12,파생상품계약_장내파생상품_통화관련거래,0,외국계증권사,B,SF205,각주항목(09.06월 이후)
47336,201703,0010154,모간스탠리인터내셔날증권회사서울지점,C13,파생상품계약_장내파생상품_주식관련거래,0,외국계증권사,B,SF205,각주항목(09.06월 이후)
47337,201703,0010154,모간스탠리인터내셔날증권회사서울지점,C14,파생상품계약_장내파생상품_일반상품관련거래,0,외국계증권사,B,SF205,각주항목(09.06월 이후)
47338,201703,0010154,모간스탠리인터내셔날증권회사서울지점,C15,파생상품계약_장내파생상품_기타,0,외국계증권사,B,SF205,각주항목(09.06월 이후)
47339,201703,0010154,모간스탠리인터내셔날증권회사서울지점,C2,파생상품계약_장외파생상품,0,외국계증권사,B,SF205,각주항목(09.06월 이후)
47340,201703,0010154,모간스탠리인터내셔날증권회사서울지점,C21,파생상품계약_장외파생상품_이자율관련거래,0,외국계증권사,B,SF205,각주항목(09.06월 이후)
47341,201703,0010154,모간스탠리인터내셔날증권회사서울지점,C22,파생상품계약_장외파생상품_통화관련거래,0,외국계증권사,B,SF205,각주항목(09.06월 이후)
47342,201703,0010154,모간스탠리인터내셔날증권회사서울지점,C23,파생상품계약_장외파생상품_주식관련거래,0,외국계증권사,B,SF205,각주항목(09.06월 이후)
47343,201703,0010154,모간스탠리인터내셔날증권회사서울지점,C24,파생상품계약_장외파생상품_신용관련거래,0,외국계증권사,B,SF205,각주항목(09.06월 이후)
47344,201703,0010154,모간스탠리인터내셔날증권회사서울지점,C25,파생상품계약_장외파생상품_기타,0,외국계증권사,B,SF205,각주항목(09.06월 이후)
47345,201703,0010154,모간스탠리인터내셔날증권회사서울지점,D,대차 및 대주거래,0,외국계증권사,B,SF205,각주항목(09.06월 이후)
47346,201703,0010154,모간스탠리인터내셔날증권회사서울지점,D1,대차 및 대주거래_대여증권,0,외국계증권사,B,SF205,각주항목(09.06월 이후)
47347,201703,0010154,모간스탠리인터내셔날증권회사서울지점,D2,대차 및 대주거래_차입증권,0,외국계증권사,B,SF205,각주항목(09.06월 이후)
47348,201703,0010154,모간스탠리인터내셔날증권회사서울지점,D3,대차 및 대주거래_신용거래대주,0,외국계증권사,B,SF205,각주항목(09.06월 이후)
47349,201703,0010154,모간스탠리인터내셔날증권회사서울지점,E,대손상각채권,0,외국계증권사,B,SF205,각주항목(09.06월 이후)
47350,201703,0010154,모간스탠리인터내셔날증권회사서울지점,F,환전업무 예치금,0,외국계증권사,B,SF205,각주항목(09.06월 이후)
47351,201703,0010154,모간스탠리인터내셔날증권회사서울지점,G,미배당별도예치금,0,외국계증권사,B,SF205,각주항목(09.06월 이후)
47352,201703,0010154,모간스탠리인터내셔날증권회사서울지점,H,배서어음매출(종금계정),0,외국계증권사,B,SF205,각주항목(09.06월 이후)
47353,201703,0010154,모간스탠리인터내셔날증권회사서울지점,H1,대출채권매매이익_담보부,0,외국계증권사,B,SF205,각주항목(09.06월 이후)
47354,201703,0010154,모간스탠리인터내셔날증권회사서울지점,H2,대출채권매매이익_무담보부,0,외국계증권사,B,SF205,각주항목(09.06월 이후)
47355,201706,0010154,모간스탠리인터내셔날증권회사서울지점,A,채무보증,0,외국계증권사,B,SF205,각주항목(09.06월 이후)
47356,201706,0010154,모간스탠리인터내셔날증권회사서울지점,A1,채무보증_지급보증,0,외국계증권사,B,SF205,각주항목(09.06월 이후)
47357,201706,0010154,모간스탠리인터내셔날증권회사서울지점,A2,채무보증_매입보장약정,0,외국계증권사,B,SF205,각주항목(09.06월 이후)
47358,201706,0010154,모간스탠리인터내셔날증권회사서울지점,A3,채무보증_채무인수약정,0,외국계증권사,B,SF205,각주항목(09.06월 이후)
47359,201706,0010154,모간스탠리인터내셔날증권회사서울지점,A5,채무보증_매입확약,0,외국계증권사,B,SF205,각주항목(09.06월 이후)
47360,201706,0010154,모간스탠리인터내셔날증권회사서울지점,A6,채무보증_기타,0,외국계증권사,B,SF205,각주항목(09.06월 이후)
47361,201706,0010154,모간스탠리인터내셔날증권회사서울지점,B,투자자의 예수증권 등,14600000000,외국계증권사,B,SF205,각주항목(09.06월 이후)
47362,201706,0010154,모간스탠리인터내셔날증권회사서울지점,B1,투자자의 예수증권 등_예수 증권,14600000000,외국계증권사,B,SF205,각주항목(09.06월 이후)
47363,201706,0010154,모간스탠리인터내셔날증권회사서울지점,B2,투자자의 예수증권 등_예수양도성예금증서,0,외국계증권사,B,SF205,각주항목(09.06월 이후)
47364,201706,0010154,모간스탠리인터내셔날증권회사서울지점,B3,투자자의 예수증권 등_기타,0,외국계증권사,B,SF205,각주항목(09.06월 이후)
47365,201706,0010154,모간스탠리인터내셔날증권회사서울지점,C,파생상품계약,0,외국계증권사,B,SF205,각주항목(09.06월 이후)
47366,201706,0010154,모간스탠리인터내셔날증권회사서울지점,C1,파생상품계약_장내파생상품,0,외국계증권사,B,SF205,각주항목(09.06월 이후)
47367,201706,0010154,모간스탠리인터내셔날증권회사서울지점,C11,파생상품계약_장내파생상품_이자율관련거래,0,외국계증권사,B,SF205,각주항목(09.06월 이후)
47368,201706,0010154,모간스탠리인터내셔날증권회사서울지점,C12,파생상품계약_장내파생상품_통화관련거래,0,외국계증권사,B,SF205,각주항목(09.06월 이후)
47369,201706,0010154,모간스탠리인터내셔날증권회사서울지점,C13,파생상품계약_장내파생상품_주식관련거래,0,외국계증권사,B,SF205,각주항목(09.06월 이후)
47370,201706,0010154,모간스탠리인터내셔날증권회사서울지점,C14,파생상품계약_장내파생상품_일반상품관련거래,0,외국계증권사,B,SF205,각주항목(09.06월 이후)
47371,201706,0010154,모간스탠리인터내셔날증권회사서울지점,C15,파생상품계약_장내파생상품_기타,0,외국계증권사,B,SF205,각주항목(09.06월 이후)
47372,201706,0010154,모간스탠리인터내셔날증권회사서울지점,C2,파생상품계약_장외파생상품,0,외국계증권사,B,SF205,각주항목(09.06월 이후)
47373,201706,0010154,모간스탠리인터내셔날증권회사서울지점,C21,파생상품계약_장외파생상품_이자율관련거래,0,외국계증권사,B,SF205,각주항목(09.06월 이후)
47374,201706,0010154,모간스탠리인터내셔날증권회사서울지점,C22,파생상품계약_장외파생상품_통화관련거래,0,외국계증권사,B,SF205,각주항목(09.06월 이후)
47375,201706,0010154,모간스탠리인터내셔날증권회사서울지점,C23,파생상품계약_장외파생상품_주식관련거래,0,외국계증권사,B,SF205,각주항목(09.06월 이후)
47376,201706,0010154,모간스탠리인터내셔날증권회사서울지점,C24,파생상품계약_장외파생상품_신용관련거래,0,외국계증권사,B,SF205,각주항목(09.06월 이후)
47377,201706,0010154,모간스탠리인터내셔날증권회사서울지점,C25,파생상품계약_장외파생상품_기타,0,외국계증권사,B,SF205,각주항목(09.06월 이후)
47378,201706,0010154,모간스탠리인터내셔날증권회사서울지점,D,대차 및 대주거래,0,외국계증권사,B,SF205,각주항목(09.06월 이후)
47379,201706,0010154,모간스탠리인터내셔날증권회사서울지점,D1,대차 및 대주거래_대여증권,0,외국계증권사,B,SF205,각주항목(09.06월 이후)
47380,201706,0010154,모간스탠리인터내셔날증권회사서울지점,D2,대차 및 대주거래_차입증권,0,외국계증권사,B,SF205,각주항목(09.06월 이후)
47381,201706,0010154,모간스탠리인터내셔날증권회사서울지점,D3,대차 및 대주거래_신용거래대주,0,외국계증권사,B,SF205,각주항목(09.06월 이후)
47382,201706,0010154,모간스탠리인터내셔날증권회사서울지점,E,대손상각채권,0,외국계증권사,B,SF205,각주항목(09.06월 이후)
47383,201706,0010154,모간스탠리인터내셔날증권회사서울지점,F,환전업무 예치금,0,외국계증권사,B,SF205,각주항목(09.06월 이후)
47384,201706,0010154,모간스탠리인터내셔날증권회사서울지점,G,미배당별도예치금,0,외국계증권사,B,SF205,각주항목(09.06월 이후)
47385,201706,0010154,모간스탠리인터내셔날증권회사서울지점,H,배서어음매출(종금계정),0,외국계증권사,B,SF205,각주항목(09.06월 이후)
47386,201706,0010154,모간스탠리인터내셔날증권회사서울지점,H1,대출채권매매이익_담보부,0,외국계증권사,B,SF205,각주항목(09.06월 이후)
47387,201706,0010154,모간스탠리인터내셔날증권회사서울지점,H2,대출채권매매이익_무담보부,0,외국계증권사,B,SF205,각주항목(09.06월 이후)
47388,201709,0010154,모간스탠리인터내셔날증권회사서울지점,A,채무보증,0,외국계증권사,B,SF205,각주항목(09.06월 이후)
47389,201709,0010154,모간스탠리인터내셔날증권회사서울지점,A1,채무보증_지급보증,0,외국계증권사,B,SF205,각주항목(09.06월 이후)
47390,201709,0010154,모간스탠리인터내셔날증권회사서울지점,A2,채무보증_매입보장약정,0,외국계증권사,B,SF205,각주항목(09.06월 이후)
47391,201709,0010154,모간스탠리인터내셔날증권회사서울지점,A3,채무보증_채무인수약정,0,외국계증권사,B,SF205,각주항목(09.06월 이후)
47392,201709,0010154,모간스탠리인터내셔날증권회사서울지점,A5,채무보증_매입확약,0,외국계증권사,B,SF205,각주항목(09.06월 이후)
47393,201709,0010154,모간스탠리인터내셔날증권회사서울지점,A6,채무보증_기타,0,외국계증권사,B,SF205,각주항목(09.06월 이후)
47394,201709,0010154,모간스탠리인터내셔날증권회사서울지점,B,투자자의 예수증권 등,19600000000,외국계증권사,B,SF205,각주항목(09.06월 이후)
47395,201709,0010154,모간스탠리인터내셔날증권회사서울지점,B1,투자자의 예수증권 등_예수 증권,19600000000,외국계증권사,B,SF205,각주항목(09.06월 이후)
47396,201709,0010154,모간스탠리인터내셔날증권회사서울지점,B2,투자자의 예수증권 등_예수양도성예금증서,0,외국계증권사,B,SF205,각주항목(09.06월 이후)
47397,201709,0010154,모간스탠리인터내셔날증권회사서울지점,B3,투자자의 예수증권 등_기타,0,외국계증권사,B,SF205,각주항목(09.06월 이후)
47398,201709,0010154,모간스탠리인터내셔날증권회사서울지점,C,파생상품계약,0,외국계증권사,B,SF205,각주항목(09.06월 이후)
47399,201709,0010154,모간스탠리인터내셔날증권회사서울지점,C1,파생상품계약_장내파생상품,0,외국계증권사,B,SF205,각주항목(09.06월 이후)
47400,201709,0010154,모간스탠리인터내셔날증권회사서울지점,C11,파생상품계약_장내파생상품_이자율관련거래,0,외국계증권사,B,SF205,각주항목(09.06월 이후)
47401,201709,0010154,모간스탠리인터내셔날증권회사서울지점,C12,파생상품계약_장내파생상품_통화관련거래,0,외국계증권사,B,SF205,각주항목(09.06월 이후)
47402,201709,0010154,모간스탠리인터내셔날증권회사서울지점,C13,파생상품계약_장내파생상품_주식관련거래,0,외국계증권사,B,SF205,각주항목(09.06월 이후)
47403,201709,0010154,모간스탠리인터내셔날증권회사서울지점,C14,파생상품계약_장내파생상품_일반상품관련거래,0,외국계증권사,B,SF205,각주항목(09.06월 이후)
47404,201709,0010154,모간스탠리인터내셔날증권회사서울지점,C15,파생상품계약_장내파생상품_기타,0,외국계증권사,B,SF205,각주항목(09.06월 이후)
47405,201709,0010154,모간스탠리인터내셔날증권회사서울지점,C2,파생상품계약_장외파생상품,0,외국계증권사,B,SF205,각주항목(09.06월 이후)
47406,201709,0010154,모간스탠리인터내셔날증권회사서울지점,C21,파생상품계약_장외파생상품_이자율관련거래,0,외국계증권사,B,SF205,각주항목(09.06월 이후)
47407,201709,0010154,모간스탠리인터내셔날증권회사서울지점,C22,파생상품계약_장외파생상품_통화관련거래,0,외국계증권사,B,SF205,각주항목(09.06월 이후)
47408,201709,0010154,모간스탠리인터내셔날증권회사서울지점,C23,파생상품계약_장외파생상품_주식관련거래,0,외국계증권사,B,SF205,각주항목(09.06월 이후)
47409,201709,0010154,모간스탠리인터내셔날증권회사서울지점,C24,파생상품계약_장외파생상품_신용관련거래,0,외국계증권사,B,SF205,각주항목(09.06월 이후)
47410,201709,0010154,모간스탠리인터내셔날증권회사서울지점,C25,파생상품계약_장외파생상품_기타,0,외국계증권사,B,SF205,각주항목(09.06월 이후)
47411,201709,0010154,모간스탠리인터내셔날증권회사서울지점,D,대차 및 대주거래,0,외국계증권사,B,SF205,각주항목(09.06월 이후)
47412,201709,0010154,모간스탠리인터내셔날증권회사서울지점,D1,대차 및 대주거래_대여증권,0,외국계증권사,B,SF205,각주항목(09.06월 이후)
47413,201709,0010154,모간스탠리인터내셔날증권회사서울지점,D2,대차 및 대주거래_차입증권,0,외국계증권사,B,SF205,각주항목(09.06월 이후)
47414,201709,0010154,모간스탠리인터내셔날증권회사서울지점,D3,대차 및 대주거래_신용거래대주,0,외국계증권사,B,SF205,각주항목(09.06월 이후)
47415,201709,0010154,모간스탠리인터내셔날증권회사서울지점,E,대손상각채권,0,외국계증권사,B,SF205,각주항목(09.06월 이후)
47416,201709,0010154,모간스탠리인터내셔날증권회사서울지점,F,환전업무 예치금,0,외국계증권사,B,SF205,각주항목(09.06월 이후)
47417,201709,0010154,모간스탠리인터내셔날증권회사서울지점,G,미배당별도예치금,0,외국계증권사,B,SF205,각주항목(09.06월 이후)
47418,201709,0010154,모간스탠리인터내셔날증권회사서울지점,H,배서어음매출(종금계정),0,외국계증권사,B,SF205,각주항목(09.06월 이후)
47419,201709,0010154,모간스탠리인터내셔날증권회사서울지점,H1,대출채권매매이익_담보부,0,외국계증권사,B,SF205,각주항목(09.06월 이후)
47420,201709,0010154,모간스탠리인터내셔날증권회사서울지점,H2,대출채권매매이익_무담보부,0,외국계증권사,B,SF205,각주항목(09.06월 이후)
47421,201712,0010154,모간스탠리인터내셔날증권회사서울지점,A,채무보증,0,외국계증권사,B,SF205,각주항목(09.06월 이후)
47422,201712,0010154,모간스탠리인터내셔날증권회사서울지점,A1,채무보증_지급보증,0,외국계증권사,B,SF205,각주항목(09.06월 이후)
47423,201712,0010154,모간스탠리인터내셔날증권회사서울지점,A2,채무보증_매입보장약정,0,외국계증권사,B,SF205,각주항목(09.06월 이후)
47424,201712,0010154,모간스탠리인터내셔날증권회사서울지점,A3,채무보증_채무인수약정,0,외국계증권사,B,SF205,각주항목(09.06월 이후)
47425,201712,0010154,모간스탠리인터내셔날증권회사서울지점,A5,채무보증_매입확약,0,외국계증권사,B,SF205,각주항목(09.06월 이후)
47426,201712,0010154,모간스탠리인터내셔날증권회사서울지점,A6,채무보증_기타,0,외국계증권사,B,SF205,각주항목(09.06월 이후)
47427,201712,0010154,모간스탠리인터내셔날증권회사서울지점,B,투자자의 예수증권 등,0,외국계증권사,B,SF205,각주항목(09.06월 이후)
47428,201712,0010154,모간스탠리인터내셔날증권회사서울지점,B1,투자자의 예수증권 등_예수 증권,0,외국계증권사,B,SF205,각주항목(09.06월 이후)
47429,201712,0010154,모간스탠리인터내셔날증권회사서울지점,B2,투자자의 예수증권 등_예수양도성예금증서,0,외국계증권사,B,SF205,각주항목(09.06월 이후)
47430,201712,0010154,모간스탠리인터내셔날증권회사서울지점,B3,투자자의 예수증권 등_기타,0,외국계증권사,B,SF205,각주항목(09.06월 이후)
47431,201712,0010154,모간스탠리인터내셔날증권회사서울지점,C,파생상품계약,0,외국계증권사,B,SF205,각주항목(09.06월 이후)
47432,201712,0010154,모간스탠리인터내셔날증권회사서울지점,C1,파생상품계약_장내파생상품,0,외국계증권사,B,SF205,각주항목(09.06월 이후)
47433,201712,0010154,모간스탠리인터내셔날증권회사서울지점,C11,파생상품계약_장내파생상품_이자율관련거래,0,외국계증권사,B,SF205,각주항목(09.06월 이후)
47434,201712,0010154,모간스탠리인터내셔날증권회사서울지점,C12,파생상품계약_장내파생상품_통화관련거래,0,외국계증권사,B,SF205,각주항목(09.06월 이후)
47435,201712,0010154,모간스탠리인터내셔날증권회사서울지점,C13,파생상품계약_장내파생상품_주식관련거래,0,외국계증권사,B,SF205,각주항목(09.06월 이후)
47436,201712,0010154,모간스탠리인터내셔날증권회사서울지점,C14,파생상품계약_장내파생상품_일반상품관련거래,0,외국계증권사,B,SF205,각주항목(09.06월 이후)
47437,201712,0010154,모간스탠리인터내셔날증권회사서울지점,C15,파생상품계약_장내파생상품_기타,0,외국계증권사,B,SF205,각주항목(09.06월 이후)
47438,201712,0010154,모간스탠리인터내셔날증권회사서울지점,C2,파생상품계약_장외파생상품,0,외국계증권사,B,SF205,각주항목(09.06월 이후)
47439,201712,0010154,모간스탠리인터내셔날증권회사서울지점,C21,파생상품계약_장외파생상품_이자율관련거래,0,외국계증권사,B,SF205,각주항목(09.06월 이후)
47440,201712,0010154,모간스탠리인터내셔날증권회사서울지점,C22,파생상품계약_장외파생상품_통화관련거래,0,외국계증권사,B,SF205,각주항목(09.06월 이후)
47441,201712,0010154,모간스탠리인터내셔날증권회사서울지점,C23,파생상품계약_장외파생상품_주식관련거래,0,외국계증권사,B,SF205,각주항목(09.06월 이후)
47442,201712,0010154,모간스탠리인터내셔날증권회사서울지점,C24,파생상품계약_장외파생상품_신용관련거래,0,외국계증권사,B,SF205,각주항목(09.06월 이후)
47443,201712,0010154,모간스탠리인터내셔날증권회사서울지점,C25,파생상품계약_장외파생상품_기타,0,외국계증권사,B,SF205,각주항목(09.06월 이후)
47444,201712,0010154,모간스탠리인터내셔날증권회사서울지점,D,대차 및 대주거래,0,외국계증권사,B,SF205,각주항목(09.06월 이후)
47445,201712,0010154,모간스탠리인터내셔날증권회사서울지점,D1,대차 및 대주거래_대여증권,0,외국계증권사,B,SF205,각주항목(09.06월 이후)
47446,201712,0010154,모간스탠리인터내셔날증권회사서울지점,D2,대차 및 대주거래_차입증권,0,외국계증권사,B,SF205,각주항목(09.06월 이후)
47447,201712,0010154,모간스탠리인터내셔날증권회사서울지점,D3,대차 및 대주거래_신용거래대주,0,외국계증권사,B,SF205,각주항목(09.06월 이후)
47448,201712,0010154,모간스탠리인터내셔날증권회사서울지점,E,대손상각채권,0,외국계증권사,B,SF205,각주항목(09.06월 이후)
47449,201712,0010154,모간스탠리인터내셔날증권회사서울지점,F,환전업무 예치금,0,외국계증권사,B,SF205,각주항목(09.06월 이후)
47450,201712,0010154,모간스탠리인터내셔날증권회사서울지점,G,미배당별도예치금,0,외국계증권사,B,SF205,각주항목(09.06월 이후)
47451,201712,0010154,모간스탠리인터내셔날증권회사서울지점,H,배서어음매출(종금계정),0,외국계증권사,B,SF205,각주항목(09.06월 이후)
47452,201712,0010154,모간스탠리인터내셔날증권회사서울지점,H1,대출채권매매이익_담보부,0,외국계증권사,B,SF205,각주항목(09.06월 이후)
47453,201712,0010154,모간스탠리인터내셔날증권회사서울지점,H2,대출채권매매이익_무담보부,0,외국계증권사,B,SF205,각주항목(09.06월 이후)
47454,201803,0010154,모간스탠리인터내셔날증권회사서울지점,A,채무보증,0,외국계증권사,B,SF205,각주항목(09.06월 이후)
47455,201803,0010154,모간스탠리인터내셔날증권회사서울지점,A1,채무보증_지급보증,0,외국계증권사,B,SF205,각주항목(09.06월 이후)
47456,201803,0010154,모간스탠리인터내셔날증권회사서울지점,A2,채무보증_매입보장약정,0,외국계증권사,B,SF205,각주항목(09.06월 이후)
47457,201803,0010154,모간스탠리인터내셔날증권회사서울지점,A3,채무보증_채무인수약정,0,외국계증권사,B,SF205,각주항목(09.06월 이후)
47458,201803,0010154,모간스탠리인터내셔날증권회사서울지점,A5,채무보증_매입확약,0,외국계증권사,B,SF205,각주항목(09.06월 이후)
47459,201803,0010154,모간스탠리인터내셔날증권회사서울지점,A6,채무보증_기타,0,외국계증권사,B,SF205,각주항목(09.06월 이후)
47460,201803,0010154,모간스탠리인터내셔날증권회사서울지점,B,투자자의 예수증권 등,175090316750,외국계증권사,B,SF205,각주항목(09.06월 이후)
47461,201803,0010154,모간스탠리인터내셔날증권회사서울지점,B1,투자자의 예수증권 등_예수 증권,175090316750,외국계증권사,B,SF205,각주항목(09.06월 이후)
47462,201803,0010154,모간스탠리인터내셔날증권회사서울지점,B2,투자자의 예수증권 등_예수양도성예금증서,0,외국계증권사,B,SF205,각주항목(09.06월 이후)
47463,201803,0010154,모간스탠리인터내셔날증권회사서울지점,B3,투자자의 예수증권 등_기타,0,외국계증권사,B,SF205,각주항목(09.06월 이후)
47464,201803,0010154,모간스탠리인터내셔날증권회사서울지점,C,파생상품계약,0,외국계증권사,B,SF205,각주항목(09.06월 이후)
47465,201803,0010154,모간스탠리인터내셔날증권회사서울지점,C1,파생상품계약_장내파생상품,0,외국계증권사,B,SF205,각주항목(09.06월 이후)
47466,201803,0010154,모간스탠리인터내셔날증권회사서울지점,C11,파생상품계약_장내파생상품_이자율관련거래,0,외국계증권사,B,SF205,각주항목(09.06월 이후)
47467,201803,0010154,모간스탠리인터내셔날증권회사서울지점,C12,파생상품계약_장내파생상품_통화관련거래,0,외국계증권사,B,SF205,각주항목(09.06월 이후)
47468,201803,0010154,모간스탠리인터내셔날증권회사서울지점,C13,파생상품계약_장내파생상품_주식관련거래,0,외국계증권사,B,SF205,각주항목(09.06월 이후)
47469,201803,0010154,모간스탠리인터내셔날증권회사서울지점,C14,파생상품계약_장내파생상품_일반상품관련거래,0,외국계증권사,B,SF205,각주항목(09.06월 이후)
47470,201803,0010154,모간스탠리인터내셔날증권회사서울지점,C15,파생상품계약_장내파생상품_기타,0,외국계증권사,B,SF205,각주항목(09.06월 이후)
47471,201803,0010154,모간스탠리인터내셔날증권회사서울지점,C2,파생상품계약_장외파생상품,0,외국계증권사,B,SF205,각주항목(09.06월 이후)
47472,201803,0010154,모간스탠리인터내셔날증권회사서울지점,C21,파생상품계약_장외파생상품_이자율관련거래,0,외국계증권사,B,SF205,각주항목(09.06월 이후)
47473,201803,0010154,모간스탠리인터내셔날증권회사서울지점,C22,파생상품계약_장외파생상품_통화관련거래,0,외국계증권사,B,SF205,각주항목(09.06월 이후)
47474,201803,0010154,모간스탠리인터내셔날증권회사서울지점,C23,파생상품계약_장외파생상품_주식관련거래,0,외국계증권사,B,SF205,각주항목(09.06월 이후)
47475,201803,0010154,모간스탠리인터내셔날증권회사서울지점,C24,파생상품계약_장외파생상품_신용관련거래,0,외국계증권사,B,SF205,각주항목(09.06월 이후)
47476,201803,0010154,모간스탠리인터내셔날증권회사서울지점,C25,파생상품계약_장외파생상품_기타,0,외국계증권사,B,SF205,각주항목(09.06월 이후)
47477,201803,0010154,모간스탠리인터내셔날증권회사서울지점,D,대차 및 대주거래,0,외국계증권사,B,SF205,각주항목(09.06월 이후)
47478,201803,0010154,모간스탠리인터내셔날증권회사서울지점,D1,대차 및 대주거래_대여증권,0,외국계증권사,B,SF205,각주항목(09.06월 이후)
47479,201803,0010154,모간스탠리인터내셔날증권회사서울지점,D2,대차 및 대주거래_차입증권,0,외국계증권사,B,SF205,각주항목(09.06월 이후)
47480,201803,0010154,모간스탠리인터내셔날증권회사서울지점,D3,대차 및 대주거래_신용거래대주,0,외국계증권사,B,SF205,각주항목(09.06월 이후)
47481,201803,0010154,모간스탠리인터내셔날증권회사서울지점,E,대손상각채권,0,외국계증권사,B,SF205,각주항목(09.06월 이후)
47482,201803,0010154,모간스탠리인터내셔날증권회사서울지점,F,환전업무 예치금,0,외국계증권사,B,SF205,각주항목(09.06월 이후)
47483,201803,0010154,모간스탠리인터내셔날증권회사서울지점,G,미배당별도예치금,0,외국계증권사,B,SF205,각주항목(09.06월 이후)
47484,201803,0010154,모간스탠리인터내셔날증권회사서울지점,H,배서어음매출(종금계정),0,외국계증권사,B,SF205,각주항목(09.06월 이후)
47485,201803,0010154,모간스탠리인터내셔날증권회사서울지점,H1,대출채권매매이익_담보부,0,외국계증권사,B,SF205,각주항목(09.06월 이후)
47486,201803,0010154,모간스탠리인터내셔날증권회사서울지점,H2,대출채권매매이익_무담보부,0,외국계증권사,B,SF205,각주항목(09.06월 이후)
47487,201806,0010154,모간스탠리인터내셔날증권회사서울지점,A,채무보증,0,외국계증권사,B,SF205,각주항목(09.06월 이후)
47488,201806,0010154,모간스탠리인터내셔날증권회사서울지점,A1,채무보증_지급보증,0,외국계증권사,B,SF205,각주항목(09.06월 이후)
47489,201806,0010154,모간스탠리인터내셔날증권회사서울지점,A2,채무보증_매입보장약정,0,외국계증권사,B,SF205,각주항목(09.06월 이후)
47490,201806,0010154,모간스탠리인터내셔날증권회사서울지점,A3,채무보증_채무인수약정,0,외국계증권사,B,SF205,각주항목(09.06월 이후)
47491,201806,0010154,모간스탠리인터내셔날증권회사서울지점,A5,채무보증_매입확약,0,외국계증권사,B,SF205,각주항목(09.06월 이후)
47492,201806,0010154,모간스탠리인터내셔날증권회사서울지점,A6,채무보증_기타,0,외국계증권사,B,SF205,각주항목(09.06월 이후)
47493,201806,0010154,모간스탠리인터내셔날증권회사서울지점,B,투자자의 예수증권 등,184052210700,외국계증권사,B,SF205,각주항목(09.06월 이후)
47494,201806,0010154,모간스탠리인터내셔날증권회사서울지점,B1,투자자의 예수증권 등_예수 증권,184052210700,외국계증권사,B,SF205,각주항목(09.06월 이후)
47495,201806,0010154,모간스탠리인터내셔날증권회사서울지점,B2,투자자의 예수증권 등_예수양도성예금증서,0,외국계증권사,B,SF205,각주항목(09.06월 이후)
47496,201806,0010154,모간스탠리인터내셔날증권회사서울지점,B3,투자자의 예수증권 등_기타,0,외국계증권사,B,SF205,각주항목(09.06월 이후)
47497,201806,0010154,모간스탠리인터내셔날증권회사서울지점,C,파생상품계약,0,외국계증권사,B,SF205,각주항목(09.06월 이후)
47498,201806,0010154,모간스탠리인터내셔날증권회사서울지점,C1,파생상품계약_장내파생상품,0,외국계증권사,B,SF205,각주항목(09.06월 이후)
47499,201806,0010154,모간스탠리인터내셔날증권회사서울지점,C11,파생상품계약_장내파생상품_이자율관련거래,0,외국계증권사,B,SF205,각주항목(09.06월 이후)
47500,201806,0010154,모간스탠리인터내셔날증권회사서울지점,C12,파생상품계약_장내파생상품_통화관련거래,0,외국계증권사,B,SF205,각주항목(09.06월 이후)
47501,201806,0010154,모간스탠리인터내셔날증권회사서울지점,C13,파생상품계약_장내파생상품_주식관련거래,0,외국계증권사,B,SF205,각주항목(09.06월 이후)
47502,201806,0010154,모간스탠리인터내셔날증권회사서울지점,C14,파생상품계약_장내파생상품_일반상품관련거래,0,외국계증권사,B,SF205,각주항목(09.06월 이후)
47503,201806,0010154,모간스탠리인터내셔날증권회사서울지점,C15,파생상품계약_장내파생상품_기타,0,외국계증권사,B,SF205,각주항목(09.06월 이후)
47504,201806,0010154,모간스탠리인터내셔날증권회사서울지점,C2,파생상품계약_장외파생상품,0,외국계증권사,B,SF205,각주항목(09.06월 이후)
47505,201806,0010154,모간스탠리인터내셔날증권회사서울지점,C21,파생상품계약_장외파생상품_이자율관련거래,0,외국계증권사,B,SF205,각주항목(09.06월 이후)
47506,201806,0010154,모간스탠리인터내셔날증권회사서울지점,C22,파생상품계약_장외파생상품_통화관련거래,0,외국계증권사,B,SF205,각주항목(09.06월 이후)
47507,201806,0010154,모간스탠리인터내셔날증권회사서울지점,C23,파생상품계약_장외파생상품_주식관련거래,0,외국계증권사,B,SF205,각주항목(09.06월 이후)
47508,201806,0010154,모간스탠리인터내셔날증권회사서울지점,C24,파생상품계약_장외파생상품_신용관련거래,0,외국계증권사,B,SF205,각주항목(09.06월 이후)
47509,201806,0010154,모간스탠리인터내셔날증권회사서울지점,C25,파생상품계약_장외파생상품_기타,0,외국계증권사,B,SF205,각주항목(09.06월 이후)
47510,201806,0010154,모간스탠리인터내셔날증권회사서울지점,D,대차 및 대주거래,0,외국계증권사,B,SF205,각주항목(09.06월 이후)
47511,201806,0010154,모간스탠리인터내셔날증권회사서울지점,D1,대차 및 대주거래_대여증권,0,외국계증권사,B,SF205,각주항목(09.06월 이후)
47512,201806,0010154,모간스탠리인터내셔날증권회사서울지점,D2,대차 및 대주거래_차입증권,0,외국계증권사,B,SF205,각주항목(09.06월 이후)
47513,201806,0010154,모간스탠리인터내셔날증권회사서울지점,D3,대차 및 대주거래_신용거래대주,0,외국계증권사,B,SF205,각주항목(09.06월 이후)
47514,201806,0010154,모간스탠리인터내셔날증권회사서울지점,E,대손상각채권,0,외국계증권사,B,SF205,각주항목(09.06월 이후)
47515,201806,0010154,모간스탠리인터내셔날증권회사서울지점,F,환전업무 예치금,0,외국계증권사,B,SF205,각주항목(09.06월 이후)
47516,201806,0010154,모간스탠리인터내셔날증권회사서울지점,G,미배당별도예치금,0,외국계증권사,B,SF205,각주항목(09.06월 이후)
47517,201806,0010154,모간스탠리인터내셔날증권회사서울지점,H,배서어음매출(종금계정),0,외국계증권사,B,SF205,각주항목(09.06월 이후)
47518,201806,0010154,모간스탠리인터내셔날증권회사서울지점,H1,대출채권매매이익_담보부,0,외국계증권사,B,SF205,각주항목(09.06월 이후)
47519,201806,0010154,모간스탠리인터내셔날증권회사서울지점,H2,대출채권매매이익_무담보부,0,외국계증권사,B,SF205,각주항목(09.06월 이후)
47520,201809,0010154,모간스탠리인터내셔날증권회사서울지점,A,채무보증,0,외국계증권사,B,SF205,각주항목(09.06월 이후)
47521,201809,0010154,모간스탠리인터내셔날증권회사서울지점,A1,채무보증_지급보증,0,외국계증권사,B,SF205,각주항목(09.06월 이후)
47522,201809,0010154,모간스탠리인터내셔날증권회사서울지점,A2,채무보증_매입보장약정,0,외국계증권사,B,SF205,각주항목(09.06월 이후)
47523,201809,0010154,모간스탠리인터내셔날증권회사서울지점,A3,채무보증_채무인수약정,0,외국계증권사,B,SF205,각주항목(09.06월 이후)
47524,201809,0010154,모간스탠리인터내셔날증권회사서울지점,A5,채무보증_매입확약,0,외국계증권사,B,SF205,각주항목(09.06월 이후)
47525,201809,0010154,모간스탠리인터내셔날증권회사서울지점,A6,채무보증_기타,0,외국계증권사,B,SF205,각주항목(09.06월 이후)
47526,201809,0010154,모간스탠리인터내셔날증권회사서울지점,B,투자자의 예수증권 등,173777634700,외국계증권사,B,SF205,각주항목(09.06월 이후)
47527,201809,0010154,모간스탠리인터내셔날증권회사서울지점,B1,투자자의 예수증권 등_예수 증권,173777634700,외국계증권사,B,SF205,각주항목(09.06월 이후)
47528,201809,0010154,모간스탠리인터내셔날증권회사서울지점,B2,투자자의 예수증권 등_예수양도성예금증서,0,외국계증권사,B,SF205,각주항목(09.06월 이후)
47529,201809,0010154,모간스탠리인터내셔날증권회사서울지점,B3,투자자의 예수증권 등_기타,0,외국계증권사,B,SF205,각주항목(09.06월 이후)
47530,201809,0010154,모간스탠리인터내셔날증권회사서울지점,C,파생상품계약,0,외국계증권사,B,SF205,각주항목(09.06월 이후)
47531,201809,0010154,모간스탠리인터내셔날증권회사서울지점,C1,파생상품계약_장내파생상품,0,외국계증권사,B,SF205,각주항목(09.06월 이후)
47532,201809,0010154,모간스탠리인터내셔날증권회사서울지점,C11,파생상품계약_장내파생상품_이자율관련거래,0,외국계증권사,B,SF205,각주항목(09.06월 이후)
47533,201809,0010154,모간스탠리인터내셔날증권회사서울지점,C12,파생상품계약_장내파생상품_통화관련거래,0,외국계증권사,B,SF205,각주항목(09.06월 이후)
47534,201809,0010154,모간스탠리인터내셔날증권회사서울지점,C13,파생상품계약_장내파생상품_주식관련거래,0,외국계증권사,B,SF205,각주항목(09.06월 이후)
47535,201809,0010154,모간스탠리인터내셔날증권회사서울지점,C14,파생상품계약_장내파생상품_일반상품관련거래,0,외국계증권사,B,SF205,각주항목(09.06월 이후)
47536,201809,0010154,모간스탠리인터내셔날증권회사서울지점,C15,파생상품계약_장내파생상품_기타,0,외국계증권사,B,SF205,각주항목(09.06월 이후)
47537,201809,0010154,모간스탠리인터내셔날증권회사서울지점,C2,파생상품계약_장외파생상품,0,외국계증권사,B,SF205,각주항목(09.06월 이후)
47538,201809,0010154,모간스탠리인터내셔날증권회사서울지점,C21,파생상품계약_장외파생상품_이자율관련거래,0,외국계증권사,B,SF205,각주항목(09.06월 이후)
47539,201809,0010154,모간스탠리인터내셔날증권회사서울지점,C22,파생상품계약_장외파생상품_통화관련거래,0,외국계증권사,B,SF205,각주항목(09.06월 이후)
47540,201809,0010154,모간스탠리인터내셔날증권회사서울지점,C23,파생상품계약_장외파생상품_주식관련거래,0,외국계증권사,B,SF205,각주항목(09.06월 이후)
47541,201809,0010154,모간스탠리인터내셔날증권회사서울지점,C24,파생상품계약_장외파생상품_신용관련거래,0,외국계증권사,B,SF205,각주항목(09.06월 이후)
47542,201809,0010154,모간스탠리인터내셔날증권회사서울지점,C25,파생상품계약_장외파생상품_기타,0,외국계증권사,B,SF205,각주항목(09.06월 이후)
47543,201809,0010154,모간스탠리인터내셔날증권회사서울지점,D,대차 및 대주거래,0,외국계증권사,B,SF205,각주항목(09.06월 이후)
47544,201809,0010154,모간스탠리인터내셔날증권회사서울지점,D1,대차 및 대주거래_대여증권,0,외국계증권사,B,SF205,각주항목(09.06월 이후)
47545,201809,0010154,모간스탠리인터내셔날증권회사서울지점,D2,대차 및 대주거래_차입증권,0,외국계증권사,B,SF205,각주항목(09.06월 이후)
47546,201809,0010154,모간스탠리인터내셔날증권회사서울지점,D3,대차 및 대주거래_신용거래대주,0,외국계증권사,B,SF205,각주항목(09.06월 이후)
47547,201809,0010154,모간스탠리인터내셔날증권회사서울지점,E,대손상각채권,0,외국계증권사,B,SF205,각주항목(09.06월 이후)
47548,201809,0010154,모간스탠리인터내셔날증권회사서울지점,F,환전업무 예치금,0,외국계증권사,B,SF205,각주항목(09.06월 이후)
47549,201809,0010154,모간스탠리인터내셔날증권회사서울지점,G,미배당별도예치금,0,외국계증권사,B,SF205,각주항목(09.06월 이후)
47550,201809,0010154,모간스탠리인터내셔날증권회사서울지점,H,배서어음매출(종금계정),0,외국계증권사,B,SF205,각주항목(09.06월 이후)
47551,201809,0010154,모간스탠리인터내셔날증권회사서울지점,H1,대출채권매매이익_담보부,0,외국계증권사,B,SF205,각주항목(09.06월 이후)
47552,201809,0010154,모간스탠리인터내셔날증권회사서울지점,H2,대출채권매매이익_무담보부,0,외국계증권사,B,SF205,각주항목(09.06월 이후)
47553,201812,0010154,모간스탠리인터내셔날증권회사서울지점,A,채무보증,0,외국계증권사,B,SF205,각주항목(09.06월 이후)
47554,201812,0010154,모간스탠리인터내셔날증권회사서울지점,A1,채무보증_지급보증,0,외국계증권사,B,SF205,각주항목(09.06월 이후)
47555,201812,0010154,모간스탠리인터내셔날증권회사서울지점,A2,채무보증_매입보장약정,0,외국계증권사,B,SF205,각주항목(09.06월 이후)
47556,201812,0010154,모간스탠리인터내셔날증권회사서울지점,A3,채무보증_채무인수약정,0,외국계증권사,B,SF205,각주항목(09.06월 이후)
47557,201812,0010154,모간스탠리인터내셔날증권회사서울지점,A5,채무보증_매입확약,0,외국계증권사,B,SF205,각주항목(09.06월 이후)
47558,201812,0010154,모간스탠리인터내셔날증권회사서울지점,A6,채무보증_기타,0,외국계증권사,B,SF205,각주항목(09.06월 이후)
47559,201812,0010154,모간스탠리인터내셔날증권회사서울지점,B,투자자의 예수증권 등,0,외국계증권사,B,SF205,각주항목(09.06월 이후)
47560,201812,0010154,모간스탠리인터내셔날증권회사서울지점,B1,투자자의 예수증권 등_예수 증권,0,외국계증권사,B,SF205,각주항목(09.06월 이후)
47561,201812,0010154,모간스탠리인터내셔날증권회사서울지점,B2,투자자의 예수증권 등_예수양도성예금증서,0,외국계증권사,B,SF205,각주항목(09.06월 이후)
47562,201812,0010154,모간스탠리인터내셔날증권회사서울지점,B3,투자자의 예수증권 등_기타,0,외국계증권사,B,SF205,각주항목(09.06월 이후)
47563,201812,0010154,모간스탠리인터내셔날증권회사서울지점,C,파생상품계약,0,외국계증권사,B,SF205,각주항목(09.06월 이후)
47564,201812,0010154,모간스탠리인터내셔날증권회사서울지점,C1,파생상품계약_장내파생상품,0,외국계증권사,B,SF205,각주항목(09.06월 이후)
47565,201812,0010154,모간스탠리인터내셔날증권회사서울지점,C11,파생상품계약_장내파생상품_이자율관련거래,0,외국계증권사,B,SF205,각주항목(09.06월 이후)
47566,201812,0010154,모간스탠리인터내셔날증권회사서울지점,C12,파생상품계약_장내파생상품_통화관련거래,0,외국계증권사,B,SF205,각주항목(09.06월 이후)
47567,201812,0010154,모간스탠리인터내셔날증권회사서울지점,C13,파생상품계약_장내파생상품_주식관련거래,0,외국계증권사,B,SF205,각주항목(09.06월 이후)
47568,201812,0010154,모간스탠리인터내셔날증권회사서울지점,C14,파생상품계약_장내파생상품_일반상품관련거래,0,외국계증권사,B,SF205,각주항목(09.06월 이후)
47569,201812,0010154,모간스탠리인터내셔날증권회사서울지점,C15,파생상품계약_장내파생상품_기타,0,외국계증권사,B,SF205,각주항목(09.06월 이후)
47570,201812,0010154,모간스탠리인터내셔날증권회사서울지점,C2,파생상품계약_장외파생상품,0,외국계증권사,B,SF205,각주항목(09.06월 이후)
47571,201812,0010154,모간스탠리인터내셔날증권회사서울지점,C21,파생상품계약_장외파생상품_이자율관련거래,0,외국계증권사,B,SF205,각주항목(09.06월 이후)
47572,201812,0010154,모간스탠리인터내셔날증권회사서울지점,C22,파생상품계약_장외파생상품_통화관련거래,0,외국계증권사,B,SF205,각주항목(09.06월 이후)
47573,201812,0010154,모간스탠리인터내셔날증권회사서울지점,C23,파생상품계약_장외파생상품_주식관련거래,0,외국계증권사,B,SF205,각주항목(09.06월 이후)
47574,201812,0010154,모간스탠리인터내셔날증권회사서울지점,C24,파생상품계약_장외파생상품_신용관련거래,0,외국계증권사,B,SF205,각주항목(09.06월 이후)
47575,201812,0010154,모간스탠리인터내셔날증권회사서울지점,C25,파생상품계약_장외파생상품_기타,0,외국계증권사,B,SF205,각주항목(09.06월 이후)
47576,201812,0010154,모간스탠리인터내셔날증권회사서울지점,D,대차 및 대주거래,0,외국계증권사,B,SF205,각주항목(09.06월 이후)
47577,201812,0010154,모간스탠리인터내셔날증권회사서울지점,D1,대차 및 대주거래_대여증권,0,외국계증권사,B,SF205,각주항목(09.06월 이후)
47578,201812,0010154,모간스탠리인터내셔날증권회사서울지점,D2,대차 및 대주거래_차입증권,0,외국계증권사,B,SF205,각주항목(09.06월 이후)
47579,201812,0010154,모간스탠리인터내셔날증권회사서울지점,D3,대차 및 대주거래_신용거래대주,0,외국계증권사,B,SF205,각주항목(09.06월 이후)
47580,201812,0010154,모간스탠리인터내셔날증권회사서울지점,E,대손상각채권,0,외국계증권사,B,SF205,각주항목(09.06월 이후)
47581,201812,0010154,모간스탠리인터내셔날증권회사서울지점,F,환전업무 예치금,0,외국계증권사,B,SF205,각주항목(09.06월 이후)
47582,201812,0010154,모간스탠리인터내셔날증권회사서울지점,G,미배당별도예치금,0,외국계증권사,B,SF205,각주항목(09.06월 이후)
47583,201812,0010154,모간스탠리인터내셔날증권회사서울지점,H,배서어음매출(종금계정),0,외국계증권사,B,SF205,각주항목(09.06월 이후)
47584,201812,0010154,모간스탠리인터내셔날증권회사서울지점,H1,대출채권매매이익_담보부,0,외국계증권사,B,SF205,각주항목(09.06월 이후)
47585,201812,0010154,모간스탠리인터내셔날증권회사서울지점,H2,대출채권매매이익_무담보부,0,외국계증권사,B,SF205,각주항목(09.06월 이후)
47586,201903,0010154,모간스탠리인터내셔날증권회사서울지점,A,채무보증,0,외국계증권사,B,SF205,각주항목(09.06월 이후)
47587,201903,0010154,모간스탠리인터내셔날증권회사서울지점,A1,채무보증_지급보증,0,외국계증권사,B,SF205,각주항목(09.06월 이후)
47588,201903,0010154,모간스탠리인터내셔날증권회사서울지점,A2,채무보증_매입보장약정,0,외국계증권사,B,SF205,각주항목(09.06월 이후)
47589,201903,0010154,모간스탠리인터내셔날증권회사서울지점,A3,채무보증_채무인수약정,0,외국계증권사,B,SF205,각주항목(09.06월 이후)
47590,201903,0010154,모간스탠리인터내셔날증권회사서울지점,A5,채무보증_매입확약,0,외국계증권사,B,SF205,각주항목(09.06월 이후)
47591,201903,0010154,모간스탠리인터내셔날증권회사서울지점,A6,채무보증_기타,0,외국계증권사,B,SF205,각주항목(09.06월 이후)
47592,201903,0010154,모간스탠리인터내셔날증권회사서울지점,B,투자자의 예수증권 등,200973357550,외국계증권사,B,SF205,각주항목(09.06월 이후)
47593,201903,0010154,모간스탠리인터내셔날증권회사서울지점,B1,투자자의 예수증권 등_예수 증권,200973357550,외국계증권사,B,SF205,각주항목(09.06월 이후)
47594,201903,0010154,모간스탠리인터내셔날증권회사서울지점,B2,투자자의 예수증권 등_예수양도성예금증서,0,외국계증권사,B,SF205,각주항목(09.06월 이후)
47595,201903,0010154,모간스탠리인터내셔날증권회사서울지점,B3,투자자의 예수증권 등_기타,0,외국계증권사,B,SF205,각주항목(09.06월 이후)
47596,201903,0010154,모간스탠리인터내셔날증권회사서울지점,C,파생상품계약,0,외국계증권사,B,SF205,각주항목(09.06월 이후)
47597,201903,0010154,모간스탠리인터내셔날증권회사서울지점,C1,파생상품계약_장내파생상품,0,외국계증권사,B,SF205,각주항목(09.06월 이후)
47598,201903,0010154,모간스탠리인터내셔날증권회사서울지점,C11,파생상품계약_장내파생상품_이자율관련거래,0,외국계증권사,B,SF205,각주항목(09.06월 이후)
47599,201903,0010154,모간스탠리인터내셔날증권회사서울지점,C12,파생상품계약_장내파생상품_통화관련거래,0,외국계증권사,B,SF205,각주항목(09.06월 이후)
47600,201903,0010154,모간스탠리인터내셔날증권회사서울지점,C13,파생상품계약_장내파생상품_주식관련거래,0,외국계증권사,B,SF205,각주항목(09.06월 이후)
47601,201903,0010154,모간스탠리인터내셔날증권회사서울지점,C14,파생상품계약_장내파생상품_일반상품관련거래,0,외국계증권사,B,SF205,각주항목(09.06월 이후)
47602,201903,0010154,모간스탠리인터내셔날증권회사서울지점,C15,파생상품계약_장내파생상품_기타,0,외국계증권사,B,SF205,각주항목(09.06월 이후)
47603,201903,0010154,모간스탠리인터내셔날증권회사서울지점,C2,파생상품계약_장외파생상품,0,외국계증권사,B,SF205,각주항목(09.06월 이후)
47604,201903,0010154,모간스탠리인터내셔날증권회사서울지점,C21,파생상품계약_장외파생상품_이자율관련거래,0,외국계증권사,B,SF205,각주항목(09.06월 이후)
47605,201903,0010154,모간스탠리인터내셔날증권회사서울지점,C22,파생상품계약_장외파생상품_통화관련거래,0,외국계증권사,B,SF205,각주항목(09.06월 이후)
47606,201903,0010154,모간스탠리인터내셔날증권회사서울지점,C23,파생상품계약_장외파생상품_주식관련거래,0,외국계증권사,B,SF205,각주항목(09.06월 이후)
47607,201903,0010154,모간스탠리인터내셔날증권회사서울지점,C24,파생상품계약_장외파생상품_신용관련거래,0,외국계증권사,B,SF205,각주항목(09.06월 이후)
47608,201903,0010154,모간스탠리인터내셔날증권회사서울지점,C25,파생상품계약_장외파생상품_기타,0,외국계증권사,B,SF205,각주항목(09.06월 이후)
47609,201903,0010154,모간스탠리인터내셔날증권회사서울지점,D,대차 및 대주거래,0,외국계증권사,B,SF205,각주항목(09.06월 이후)
47610,201903,0010154,모간스탠리인터내셔날증권회사서울지점,D1,대차 및 대주거래_대여증권,0,외국계증권사,B,SF205,각주항목(09.06월 이후)
47611,201903,0010154,모간스탠리인터내셔날증권회사서울지점,D2,대차 및 대주거래_차입증권,0,외국계증권사,B,SF205,각주항목(09.06월 이후)
47612,201903,0010154,모간스탠리인터내셔날증권회사서울지점,D3,대차 및 대주거래_신용거래대주,0,외국계증권사,B,SF205,각주항목(09.06월 이후)
47613,201903,0010154,모간스탠리인터내셔날증권회사서울지점,E,대손상각채권,0,외국계증권사,B,SF205,각주항목(09.06월 이후)
47614,201903,0010154,모간스탠리인터내셔날증권회사서울지점,F,환전업무 예치금,0,외국계증권사,B,SF205,각주항목(09.06월 이후)
47615,201903,0010154,모간스탠리인터내셔날증권회사서울지점,G,미배당별도예치금,0,외국계증권사,B,SF205,각주항목(09.06월 이후)
47616,201903,0010154,모간스탠리인터내셔날증권회사서울지점,H,배서어음매출(종금계정),0,외국계증권사,B,SF205,각주항목(09.06월 이후)
47617,201903,0010154,모간스탠리인터내셔날증권회사서울지점,H1,대출채권매매이익_담보부,0,외국계증권사,B,SF205,각주항목(09.06월 이후)
47618,201903,0010154,모간스탠리인터내셔날증권회사서울지점,H2,대출채권매매이익_무담보부,0,외국계증권사,B,SF205,각주항목(09.06월 이후)
47619,201906,0010154,모간스탠리인터내셔날증권회사서울지점,A,채무보증,0,외국계증권사,B,SF205,각주항목(09.06월 이후)
47620,201906,0010154,모간스탠리인터내셔날증권회사서울지점,A1,채무보증_지급보증,0,외국계증권사,B,SF205,각주항목(09.06월 이후)
47621,201906,0010154,모간스탠리인터내셔날증권회사서울지점,A2,채무보증_매입보장약정,0,외국계증권사,B,SF205,각주항목(09.06월 이후)
47622,201906,0010154,모간스탠리인터내셔날증권회사서울지점,A3,채무보증_채무인수약정,0,외국계증권사,B,SF205,각주항목(09.06월 이후)
47623,201906,0010154,모간스탠리인터내셔날증권회사서울지점,A5,채무보증_매입확약,0,외국계증권사,B,SF205,각주항목(09.06월 이후)
47624,201906,0010154,모간스탠리인터내셔날증권회사서울지점,A6,채무보증_기타,0,외국계증권사,B,SF205,각주항목(09.06월 이후)
47625,201906,0010154,모간스탠리인터내셔날증권회사서울지점,B,투자자의 예수증권 등,125839449440,외국계증권사,B,SF205,각주항목(09.06월 이후)
47626,201906,0010154,모간스탠리인터내셔날증권회사서울지점,B1,투자자의 예수증권 등_예수 증권,125839449440,외국계증권사,B,SF205,각주항목(09.06월 이후)
47627,201906,0010154,모간스탠리인터내셔날증권회사서울지점,B2,투자자의 예수증권 등_예수양도성예금증서,0,외국계증권사,B,SF205,각주항목(09.06월 이후)
47628,201906,0010154,모간스탠리인터내셔날증권회사서울지점,B3,투자자의 예수증권 등_기타,0,외국계증권사,B,SF205,각주항목(09.06월 이후)
47629,201906,0010154,모간스탠리인터내셔날증권회사서울지점,C,파생상품계약,0,외국계증권사,B,SF205,각주항목(09.06월 이후)
47630,201906,0010154,모간스탠리인터내셔날증권회사서울지점,C1,파생상품계약_장내파생상품,0,외국계증권사,B,SF205,각주항목(09.06월 이후)
47631,201906,0010154,모간스탠리인터내셔날증권회사서울지점,C11,파생상품계약_장내파생상품_이자율관련거래,0,외국계증권사,B,SF205,각주항목(09.06월 이후)
47632,201906,0010154,모간스탠리인터내셔날증권회사서울지점,C12,파생상품계약_장내파생상품_통화관련거래,0,외국계증권사,B,SF205,각주항목(09.06월 이후)
47633,201906,0010154,모간스탠리인터내셔날증권회사서울지점,C13,파생상품계약_장내파생상품_주식관련거래,0,외국계증권사,B,SF205,각주항목(09.06월 이후)
47634,201906,0010154,모간스탠리인터내셔날증권회사서울지점,C14,파생상품계약_장내파생상품_일반상품관련거래,0,외국계증권사,B,SF205,각주항목(09.06월 이후)
47635,201906,0010154,모간스탠리인터내셔날증권회사서울지점,C15,파생상품계약_장내파생상품_기타,0,외국계증권사,B,SF205,각주항목(09.06월 이후)
47636,201906,0010154,모간스탠리인터내셔날증권회사서울지점,C2,파생상품계약_장외파생상품,0,외국계증권사,B,SF205,각주항목(09.06월 이후)
47637,201906,0010154,모간스탠리인터내셔날증권회사서울지점,C21,파생상품계약_장외파생상품_이자율관련거래,0,외국계증권사,B,SF205,각주항목(09.06월 이후)
47638,201906,0010154,모간스탠리인터내셔날증권회사서울지점,C22,파생상품계약_장외파생상품_통화관련거래,0,외국계증권사,B,SF205,각주항목(09.06월 이후)
47639,201906,0010154,모간스탠리인터내셔날증권회사서울지점,C23,파생상품계약_장외파생상품_주식관련거래,0,외국계증권사,B,SF205,각주항목(09.06월 이후)
47640,201906,0010154,모간스탠리인터내셔날증권회사서울지점,C24,파생상품계약_장외파생상품_신용관련거래,0,외국계증권사,B,SF205,각주항목(09.06월 이후)
47641,201906,0010154,모간스탠리인터내셔날증권회사서울지점,C25,파생상품계약_장외파생상품_기타,0,외국계증권사,B,SF205,각주항목(09.06월 이후)
47642,201906,0010154,모간스탠리인터내셔날증권회사서울지점,D,대차 및 대주거래,0,외국계증권사,B,SF205,각주항목(09.06월 이후)
47643,201906,0010154,모간스탠리인터내셔날증권회사서울지점,D1,대차 및 대주거래_대여증권,0,외국계증권사,B,SF205,각주항목(09.06월 이후)
47644,201906,0010154,모간스탠리인터내셔날증권회사서울지점,D2,대차 및 대주거래_차입증권,0,외국계증권사,B,SF205,각주항목(09.06월 이후)
47645,201906,0010154,모간스탠리인터내셔날증권회사서울지점,D3,대차 및 대주거래_신용거래대주,0,외국계증권사,B,SF205,각주항목(09.06월 이후)
47646,201906,0010154,모간스탠리인터내셔날증권회사서울지점,E,대손상각채권,0,외국계증권사,B,SF205,각주항목(09.06월 이후)
47647,201906,0010154,모간스탠리인터내셔날증권회사서울지점,F,환전업무 예치금,0,외국계증권사,B,SF205,각주항목(09.06월 이후)
47648,201906,0010154,모간스탠리인터내셔날증권회사서울지점,G,미배당별도예치금,0,외국계증권사,B,SF205,각주항목(09.06월 이후)
47649,201906,0010154,모간스탠리인터내셔날증권회사서울지점,H,배서어음매출(종금계정),0,외국계증권사,B,SF205,각주항목(09.06월 이후)
47650,201906,0010154,모간스탠리인터내셔날증권회사서울지점,H1,대출채권매매이익_담보부,0,외국계증권사,B,SF205,각주항목(09.06월 이후)
47651,201906,0010154,모간스탠리인터내셔날증권회사서울지점,H2,대출채권매매이익_무담보부,0,외국계증권사,B,SF205,각주항목(09.06월 이후)
47652,201909,0010154,모간스탠리인터내셔날증권회사서울지점,A,채무보증,0,외국계증권사,B,SF205,각주항목(09.06월 이후)
47653,201909,0010154,모간스탠리인터내셔날증권회사서울지점,A1,채무보증_지급보증,0,외국계증권사,B,SF205,각주항목(09.06월 이후)
47654,201909,0010154,모간스탠리인터내셔날증권회사서울지점,A2,채무보증_매입보장약정,0,외국계증권사,B,SF205,각주항목(09.06월 이후)
47655,201909,0010154,모간스탠리인터내셔날증권회사서울지점,A3,채무보증_채무인수약정,0,외국계증권사,B,SF205,각주항목(09.06월 이후)
47656,201909,0010154,모간스탠리인터내셔날증권회사서울지점,A5,채무보증_매입확약,0,외국계증권사,B,SF205,각주항목(09.06월 이후)
47657,201909,0010154,모간스탠리인터내셔날증권회사서울지점,A6,채무보증_기타,0,외국계증권사,B,SF205,각주항목(09.06월 이후)
47658,201909,0010154,모간스탠리인터내셔날증권회사서울지점,B,투자자의 예수증권 등,149095229715,외국계증권사,B,SF205,각주항목(09.06월 이후)
47659,201909,0010154,모간스탠리인터내셔날증권회사서울지점,B1,투자자의 예수증권 등_예수 증권,149095229715,외국계증권사,B,SF205,각주항목(09.06월 이후)
47660,201909,0010154,모간스탠리인터내셔날증권회사서울지점,B2,투자자의 예수증권 등_예수양도성예금증서,0,외국계증권사,B,SF205,각주항목(09.06월 이후)
47661,201909,0010154,모간스탠리인터내셔날증권회사서울지점,B3,투자자의 예수증권 등_기타,0,외국계증권사,B,SF205,각주항목(09.06월 이후)
47662,201909,0010154,모간스탠리인터내셔날증권회사서울지점,C,파생상품계약,0,외국계증권사,B,SF205,각주항목(09.06월 이후)
47663,201909,0010154,모간스탠리인터내셔날증권회사서울지점,C1,파생상품계약_장내파생상품,0,외국계증권사,B,SF205,각주항목(09.06월 이후)
47664,201909,0010154,모간스탠리인터내셔날증권회사서울지점,C11,파생상품계약_장내파생상품_이자율관련거래,0,외국계증권사,B,SF205,각주항목(09.06월 이후)
47665,201909,0010154,모간스탠리인터내셔날증권회사서울지점,C12,파생상품계약_장내파생상품_통화관련거래,0,외국계증권사,B,SF205,각주항목(09.06월 이후)
47666,201909,0010154,모간스탠리인터내셔날증권회사서울지점,C13,파생상품계약_장내파생상품_주식관련거래,0,외국계증권사,B,SF205,각주항목(09.06월 이후)
47667,201909,0010154,모간스탠리인터내셔날증권회사서울지점,C14,파생상품계약_장내파생상품_일반상품관련거래,0,외국계증권사,B,SF205,각주항목(09.06월 이후)
47668,201909,0010154,모간스탠리인터내셔날증권회사서울지점,C15,파생상품계약_장내파생상품_기타,0,외국계증권사,B,SF205,각주항목(09.06월 이후)
47669,201909,0010154,모간스탠리인터내셔날증권회사서울지점,C2,파생상품계약_장외파생상품,0,외국계증권사,B,SF205,각주항목(09.06월 이후)
47670,201909,0010154,모간스탠리인터내셔날증권회사서울지점,C21,파생상품계약_장외파생상품_이자율관련거래,0,외국계증권사,B,SF205,각주항목(09.06월 이후)
47671,201909,0010154,모간스탠리인터내셔날증권회사서울지점,C22,파생상품계약_장외파생상품_통화관련거래,0,외국계증권사,B,SF205,각주항목(09.06월 이후)
47672,201909,0010154,모간스탠리인터내셔날증권회사서울지점,C23,파생상품계약_장외파생상품_주식관련거래,0,외국계증권사,B,SF205,각주항목(09.06월 이후)
47673,201909,0010154,모간스탠리인터내셔날증권회사서울지점,C24,파생상품계약_장외파생상품_신용관련거래,0,외국계증권사,B,SF205,각주항목(09.06월 이후)
47674,201909,0010154,모간스탠리인터내셔날증권회사서울지점,C25,파생상품계약_장외파생상품_기타,0,외국계증권사,B,SF205,각주항목(09.06월 이후)
47675,201909,0010154,모간스탠리인터내셔날증권회사서울지점,D,대차 및 대주거래,0,외국계증권사,B,SF205,각주항목(09.06월 이후)
47676,201909,0010154,모간스탠리인터내셔날증권회사서울지점,D1,대차 및 대주거래_대여증권,0,외국계증권사,B,SF205,각주항목(09.06월 이후)
47677,201909,0010154,모간스탠리인터내셔날증권회사서울지점,D2,대차 및 대주거래_차입증권,0,외국계증권사,B,SF205,각주항목(09.06월 이후)
47678,201909,0010154,모간스탠리인터내셔날증권회사서울지점,D3,대차 및 대주거래_신용거래대주,0,외국계증권사,B,SF205,각주항목(09.06월 이후)
47679,201909,0010154,모간스탠리인터내셔날증권회사서울지점,E,대손상각채권,0,외국계증권사,B,SF205,각주항목(09.06월 이후)
47680,201909,0010154,모간스탠리인터내셔날증권회사서울지점,F,환전업무 예치금,0,외국계증권사,B,SF205,각주항목(09.06월 이후)
47681,201909,0010154,모간스탠리인터내셔날증권회사서울지점,G,미배당별도예치금,0,외국계증권사,B,SF205,각주항목(09.06월 이후)
47682,201909,0010154,모간스탠리인터내셔날증권회사서울지점,H,배서어음매출(종금계정),0,외국계증권사,B,SF205,각주항목(09.06월 이후)
47683,201909,0010154,모간스탠리인터내셔날증권회사서울지점,H1,대출채권매매이익_담보부,0,외국계증권사,B,SF205,각주항목(09.06월 이후)
47684,201909,0010154,모간스탠리인터내셔날증권회사서울지점,H2,대출채권매매이익_무담보부,0,외국계증권사,B,SF205,각주항목(09.06월 이후)
47685,201912,0010154,모간스탠리인터내셔날증권회사서울지점,A,채무보증,0,외국계증권사,B,SF205,각주항목(09.06월 이후)
47686,201912,0010154,모간스탠리인터내셔날증권회사서울지점,A1,채무보증_지급보증,0,외국계증권사,B,SF205,각주항목(09.06월 이후)
47687,201912,0010154,모간스탠리인터내셔날증권회사서울지점,A2,채무보증_매입보장약정,0,외국계증권사,B,SF205,각주항목(09.06월 이후)
47688,201912,0010154,모간스탠리인터내셔날증권회사서울지점,A3,채무보증_채무인수약정,0,외국계증권사,B,SF205,각주항목(09.06월 이후)
47689,201912,0010154,모간스탠리인터내셔날증권회사서울지점,A5,채무보증_매입확약,0,외국계증권사,B,SF205,각주항목(09.06월 이후)
47690,201912,0010154,모간스탠리인터내셔날증권회사서울지점,A6,채무보증_기타,0,외국계증권사,B,SF205,각주항목(09.06월 이후)
47691,201912,0010154,모간스탠리인터내셔날증권회사서울지점,B,투자자의 예수증권 등,0,외국계증권사,B,SF205,각주항목(09.06월 이후)
47692,201912,0010154,모간스탠리인터내셔날증권회사서울지점,B1,투자자의 예수증권 등_예수 증권,0,외국계증권사,B,SF205,각주항목(09.06월 이후)
47693,201912,0010154,모간스탠리인터내셔날증권회사서울지점,B2,투자자의 예수증권 등_예수양도성예금증서,0,외국계증권사,B,SF205,각주항목(09.06월 이후)
47694,201912,0010154,모간스탠리인터내셔날증권회사서울지점,B3,투자자의 예수증권 등_기타,0,외국계증권사,B,SF205,각주항목(09.06월 이후)
47695,201912,0010154,모간스탠리인터내셔날증권회사서울지점,C,파생상품계약,0,외국계증권사,B,SF205,각주항목(09.06월 이후)
47696,201912,0010154,모간스탠리인터내셔날증권회사서울지점,C1,파생상품계약_장내파생상품,0,외국계증권사,B,SF205,각주항목(09.06월 이후)
47697,201912,0010154,모간스탠리인터내셔날증권회사서울지점,C11,파생상품계약_장내파생상품_이자율관련거래,0,외국계증권사,B,SF205,각주항목(09.06월 이후)
47698,201912,0010154,모간스탠리인터내셔날증권회사서울지점,C12,파생상품계약_장내파생상품_통화관련거래,0,외국계증권사,B,SF205,각주항목(09.06월 이후)
47699,201912,0010154,모간스탠리인터내셔날증권회사서울지점,C13,파생상품계약_장내파생상품_주식관련거래,0,외국계증권사,B,SF205,각주항목(09.06월 이후)
47700,201912,0010154,모간스탠리인터내셔날증권회사서울지점,C14,파생상품계약_장내파생상품_일반상품관련거래,0,외국계증권사,B,SF205,각주항목(09.06월 이후)
47701,201912,0010154,모간스탠리인터내셔날증권회사서울지점,C15,파생상품계약_장내파생상품_기타,0,외국계증권사,B,SF205,각주항목(09.06월 이후)
47702,201912,0010154,모간스탠리인터내셔날증권회사서울지점,C2,파생상품계약_장외파생상품,0,외국계증권사,B,SF205,각주항목(09.06월 이후)
47703,201912,0010154,모간스탠리인터내셔날증권회사서울지점,C21,파생상품계약_장외파생상품_이자율관련거래,0,외국계증권사,B,SF205,각주항목(09.06월 이후)
47704,201912,0010154,모간스탠리인터내셔날증권회사서울지점,C22,파생상품계약_장외파생상품_통화관련거래,0,외국계증권사,B,SF205,각주항목(09.06월 이후)
47705,201912,0010154,모간스탠리인터내셔날증권회사서울지점,C23,파생상품계약_장외파생상품_주식관련거래,0,외국계증권사,B,SF205,각주항목(09.06월 이후)
47706,201912,0010154,모간스탠리인터내셔날증권회사서울지점,C24,파생상품계약_장외파생상품_신용관련거래,0,외국계증권사,B,SF205,각주항목(09.06월 이후)
47707,201912,0010154,모간스탠리인터내셔날증권회사서울지점,C25,파생상품계약_장외파생상품_기타,0,외국계증권사,B,SF205,각주항목(09.06월 이후)
47708,201912,0010154,모간스탠리인터내셔날증권회사서울지점,D,대차 및 대주거래,0,외국계증권사,B,SF205,각주항목(09.06월 이후)
47709,201912,0010154,모간스탠리인터내셔날증권회사서울지점,D1,대차 및 대주거래_대여증권,0,외국계증권사,B,SF205,각주항목(09.06월 이후)
47710,201912,0010154,모간스탠리인터내셔날증권회사서울지점,D2,대차 및 대주거래_차입증권,0,외국계증권사,B,SF205,각주항목(09.06월 이후)
47711,201912,0010154,모간스탠리인터내셔날증권회사서울지점,D3,대차 및 대주거래_신용거래대주,0,외국계증권사,B,SF205,각주항목(09.06월 이후)
47712,201912,0010154,모간스탠리인터내셔날증권회사서울지점,E,대손상각채권,0,외국계증권사,B,SF205,각주항목(09.06월 이후)
47713,201912,0010154,모간스탠리인터내셔날증권회사서울지점,F,환전업무 예치금,0,외국계증권사,B,SF205,각주항목(09.06월 이후)
47714,201912,0010154,모간스탠리인터내셔날증권회사서울지점,G,미배당별도예치금,0,외국계증권사,B,SF205,각주항목(09.06월 이후)
47715,201912,0010154,모간스탠리인터내셔날증권회사서울지점,H,배서어음매출(종금계정),0,외국계증권사,B,SF205,각주항목(09.06월 이후)
47716,201912,0010154,모간스탠리인터내셔날증권회사서울지점,H1,대출채권매매이익_담보부,0,외국계증권사,B,SF205,각주항목(09.06월 이후)
47717,201912,0010154,모간스탠리인터내셔날증권회사서울지점,H2,대출채권매매이익_무담보부,0,외국계증권사,B,SF205,각주항목(09.06월 이후)
47718,202003,0010154,모간스탠리인터내셔날증권회사서울지점,A,채무보증,0,외국계증권사,B,SF205,각주항목(09.06월 이후)
47719,202003,0010154,모간스탠리인터내셔날증권회사서울지점,A1,채무보증_지급보증,0,외국계증권사,B,SF205,각주항목(09.06월 이후)
47720,202003,0010154,모간스탠리인터내셔날증권회사서울지점,A2,채무보증_매입보장약정,0,외국계증권사,B,SF205,각주항목(09.06월 이후)
47721,202003,0010154,모간스탠리인터내셔날증권회사서울지점,A3,채무보증_채무인수약정,0,외국계증권사,B,SF205,각주항목(09.06월 이후)
47722,202003,0010154,모간스탠리인터내셔날증권회사서울지점,A5,채무보증_매입확약,0,외국계증권사,B,SF205,각주항목(09.06월 이후)
47723,202003,0010154,모간스탠리인터내셔날증권회사서울지점,A6,채무보증_기타,0,외국계증권사,B,SF205,각주항목(09.06월 이후)
47724,202003,0010154,모간스탠리인터내셔날증권회사서울지점,B,투자자의 예수증권 등,23473408370,외국계증권사,B,SF205,각주항목(09.06월 이후)
47725,202003,0010154,모간스탠리인터내셔날증권회사서울지점,B1,투자자의 예수증권 등_예수 증권,23473408370,외국계증권사,B,SF205,각주항목(09.06월 이후)
47726,202003,0010154,모간스탠리인터내셔날증권회사서울지점,B2,투자자의 예수증권 등_예수양도성예금증서,0,외국계증권사,B,SF205,각주항목(09.06월 이후)
47727,202003,0010154,모간스탠리인터내셔날증권회사서울지점,B3,투자자의 예수증권 등_기타,0,외국계증권사,B,SF205,각주항목(09.06월 이후)
47728,202003,0010154,모간스탠리인터내셔날증권회사서울지점,C,파생상품계약,0,외국계증권사,B,SF205,각주항목(09.06월 이후)
47729,202003,0010154,모간스탠리인터내셔날증권회사서울지점,C1,파생상품계약_장내파생상품,0,외국계증권사,B,SF205,각주항목(09.06월 이후)
47730,202003,0010154,모간스탠리인터내셔날증권회사서울지점,C11,파생상품계약_장내파생상품_이자율관련거래,0,외국계증권사,B,SF205,각주항목(09.06월 이후)
47731,202003,0010154,모간스탠리인터내셔날증권회사서울지점,C12,파생상품계약_장내파생상품_통화관련거래,0,외국계증권사,B,SF205,각주항목(09.06월 이후)
47732,202003,0010154,모간스탠리인터내셔날증권회사서울지점,C13,파생상품계약_장내파생상품_주식관련거래,0,외국계증권사,B,SF205,각주항목(09.06월 이후)
47733,202003,0010154,모간스탠리인터내셔날증권회사서울지점,C14,파생상품계약_장내파생상품_일반상품관련거래,0,외국계증권사,B,SF205,각주항목(09.06월 이후)
47734,202003,0010154,모간스탠리인터내셔날증권회사서울지점,C15,파생상품계약_장내파생상품_기타,0,외국계증권사,B,SF205,각주항목(09.06월 이후)
47735,202003,0010154,모간스탠리인터내셔날증권회사서울지점,C2,파생상품계약_장외파생상품,0,외국계증권사,B,SF205,각주항목(09.06월 이후)
47736,202003,0010154,모간스탠리인터내셔날증권회사서울지점,C21,파생상품계약_장외파생상품_이자율관련거래,0,외국계증권사,B,SF205,각주항목(09.06월 이후)
47737,202003,0010154,모간스탠리인터내셔날증권회사서울지점,C22,파생상품계약_장외파생상품_통화관련거래,0,외국계증권사,B,SF205,각주항목(09.06월 이후)
47738,202003,0010154,모간스탠리인터내셔날증권회사서울지점,C23,파생상품계약_장외파생상품_주식관련거래,0,외국계증권사,B,SF205,각주항목(09.06월 이후)
47739,202003,0010154,모간스탠리인터내셔날증권회사서울지점,C24,파생상품계약_장외파생상품_신용관련거래,0,외국계증권사,B,SF205,각주항목(09.06월 이후)
47740,202003,0010154,모간스탠리인터내셔날증권회사서울지점,C25,파생상품계약_장외파생상품_기타,0,외국계증권사,B,SF205,각주항목(09.06월 이후)
47741,202003,0010154,모간스탠리인터내셔날증권회사서울지점,D,대차 및 대주거래,0,외국계증권사,B,SF205,각주항목(09.06월 이후)
47742,202003,0010154,모간스탠리인터내셔날증권회사서울지점,D1,대차 및 대주거래_대여증권,0,외국계증권사,B,SF205,각주항목(09.06월 이후)
47743,202003,0010154,모간스탠리인터내셔날증권회사서울지점,D2,대차 및 대주거래_차입증권,0,외국계증권사,B,SF205,각주항목(09.06월 이후)
47744,202003,0010154,모간스탠리인터내셔날증권회사서울지점,D3,대차 및 대주거래_신용거래대주,0,외국계증권사,B,SF205,각주항목(09.06월 이후)
47745,202003,0010154,모간스탠리인터내셔날증권회사서울지점,E,대손상각채권,0,외국계증권사,B,SF205,각주항목(09.06월 이후)
47746,202003,0010154,모간스탠리인터내셔날증권회사서울지점,F,환전업무 예치금,0,외국계증권사,B,SF205,각주항목(09.06월 이후)
47747,202003,0010154,모간스탠리인터내셔날증권회사서울지점,G,미배당별도예치금,0,외국계증권사,B,SF205,각주항목(09.06월 이후)
47748,202003,0010154,모간스탠리인터내셔날증권회사서울지점,H,배서어음매출(종금계정),0,외국계증권사,B,SF205,각주항목(09.06월 이후)
47749,202003,0010154,모간스탠리인터내셔날증권회사서울지점,H1,대출채권매매이익_담보부,0,외국계증권사,B,SF205,각주항목(09.06월 이후)
47750,202003,0010154,모간스탠리인터내셔날증권회사서울지점,H2,대출채권매매이익_무담보부,0,외국계증권사,B,SF205,각주항목(09.06월 이후)
47751,202006,0010154,모간스탠리인터내셔날증권회사서울지점,A,채무보증,0,외국계증권사,B,SF205,각주항목(09.06월 이후)
47752,202006,0010154,모간스탠리인터내셔날증권회사서울지점,A1,채무보증_지급보증,0,외국계증권사,B,SF205,각주항목(09.06월 이후)
47753,202006,0010154,모간스탠리인터내셔날증권회사서울지점,A2,채무보증_매입보장약정,0,외국계증권사,B,SF205,각주항목(09.06월 이후)
47754,202006,0010154,모간스탠리인터내셔날증권회사서울지점,A3,채무보증_채무인수약정,0,외국계증권사,B,SF205,각주항목(09.06월 이후)
47755,202006,0010154,모간스탠리인터내셔날증권회사서울지점,A5,채무보증_매입확약,0,외국계증권사,B,SF205,각주항목(09.06월 이후)
47756,202006,0010154,모간스탠리인터내셔날증권회사서울지점,A6,채무보증_기타,0,외국계증권사,B,SF205,각주항목(09.06월 이후)
47757,202006,0010154,모간스탠리인터내셔날증권회사서울지점,B,투자자의 예수증권 등,8462958570,외국계증권사,B,SF205,각주항목(09.06월 이후)
47758,202006,0010154,모간스탠리인터내셔날증권회사서울지점,B1,투자자의 예수증권 등_예수 증권,8462958570,외국계증권사,B,SF205,각주항목(09.06월 이후)
47759,202006,0010154,모간스탠리인터내셔날증권회사서울지점,B2,투자자의 예수증권 등_예수양도성예금증서,0,외국계증권사,B,SF205,각주항목(09.06월 이후)
47760,202006,0010154,모간스탠리인터내셔날증권회사서울지점,B3,투자자의 예수증권 등_기타,0,외국계증권사,B,SF205,각주항목(09.06월 이후)
47761,202006,0010154,모간스탠리인터내셔날증권회사서울지점,C,파생상품계약,0,외국계증권사,B,SF205,각주항목(09.06월 이후)
47762,202006,0010154,모간스탠리인터내셔날증권회사서울지점,C1,파생상품계약_장내파생상품,0,외국계증권사,B,SF205,각주항목(09.06월 이후)
47763,202006,0010154,모간스탠리인터내셔날증권회사서울지점,C11,파생상품계약_장내파생상품_이자율관련거래,0,외국계증권사,B,SF205,각주항목(09.06월 이후)
47764,202006,0010154,모간스탠리인터내셔날증권회사서울지점,C12,파생상품계약_장내파생상품_통화관련거래,0,외국계증권사,B,SF205,각주항목(09.06월 이후)
47765,202006,0010154,모간스탠리인터내셔날증권회사서울지점,C13,파생상품계약_장내파생상품_주식관련거래,0,외국계증권사,B,SF205,각주항목(09.06월 이후)
47766,202006,0010154,모간스탠리인터내셔날증권회사서울지점,C14,파생상품계약_장내파생상품_일반상품관련거래,0,외국계증권사,B,SF205,각주항목(09.06월 이후)
47767,202006,0010154,모간스탠리인터내셔날증권회사서울지점,C15,파생상품계약_장내파생상품_기타,0,외국계증권사,B,SF205,각주항목(09.06월 이후)
47768,202006,0010154,모간스탠리인터내셔날증권회사서울지점,C2,파생상품계약_장외파생상품,0,외국계증권사,B,SF205,각주항목(09.06월 이후)
47769,202006,0010154,모간스탠리인터내셔날증권회사서울지점,C21,파생상품계약_장외파생상품_이자율관련거래,0,외국계증권사,B,SF205,각주항목(09.06월 이후)
47770,202006,0010154,모간스탠리인터내셔날증권회사서울지점,C22,파생상품계약_장외파생상품_통화관련거래,0,외국계증권사,B,SF205,각주항목(09.06월 이후)
47771,202006,0010154,모간스탠리인터내셔날증권회사서울지점,C23,파생상품계약_장외파생상품_주식관련거래,0,외국계증권사,B,SF205,각주항목(09.06월 이후)
47772,202006,0010154,모간스탠리인터내셔날증권회사서울지점,C24,파생상품계약_장외파생상품_신용관련거래,0,외국계증권사,B,SF205,각주항목(09.06월 이후)
47773,202006,0010154,모간스탠리인터내셔날증권회사서울지점,C25,파생상품계약_장외파생상품_기타,0,외국계증권사,B,SF205,각주항목(09.06월 이후)
47774,202006,0010154,모간스탠리인터내셔날증권회사서울지점,D,대차 및 대주거래,0,외국계증권사,B,SF205,각주항목(09.06월 이후)
47775,202006,0010154,모간스탠리인터내셔날증권회사서울지점,D1,대차 및 대주거래_대여증권,0,외국계증권사,B,SF205,각주항목(09.06월 이후)
47776,202006,0010154,모간스탠리인터내셔날증권회사서울지점,D2,대차 및 대주거래_차입증권,0,외국계증권사,B,SF205,각주항목(09.06월 이후)
47777,202006,0010154,모간스탠리인터내셔날증권회사서울지점,D3,대차 및 대주거래_신용거래대주,0,외국계증권사,B,SF205,각주항목(09.06월 이후)
47778,202006,0010154,모간스탠리인터내셔날증권회사서울지점,E,대손상각채권,0,외국계증권사,B,SF205,각주항목(09.06월 이후)
47779,202006,0010154,모간스탠리인터내셔날증권회사서울지점,F,환전업무 예치금,0,외국계증권사,B,SF205,각주항목(09.06월 이후)
47780,202006,0010154,모간스탠리인터내셔날증권회사서울지점,G,미배당별도예치금,0,외국계증권사,B,SF205,각주항목(09.06월 이후)
47781,202006,0010154,모간스탠리인터내셔날증권회사서울지점,H,배서어음매출(종금계정),0,외국계증권사,B,SF205,각주항목(09.06월 이후)
47782,202006,0010154,모간스탠리인터내셔날증권회사서울지점,H1,대출채권매매이익_담보부,0,외국계증권사,B,SF205,각주항목(09.06월 이후)
47783,202006,0010154,모간스탠리인터내셔날증권회사서울지점,H2,대출채권매매이익_무담보부,0,외국계증권사,B,SF205,각주항목(09.06월 이후)
47784,202009,0010154,모간스탠리인터내셔날증권회사서울지점,A,채무보증,0,외국계증권사,B,SF205,각주항목(09.06월 이후)
47785,202009,0010154,모간스탠리인터내셔날증권회사서울지점,A1,채무보증_지급보증,0,외국계증권사,B,SF205,각주항목(09.06월 이후)
47786,202009,0010154,모간스탠리인터내셔날증권회사서울지점,A2,채무보증_매입보장약정,0,외국계증권사,B,SF205,각주항목(09.06월 이후)
47787,202009,0010154,모간스탠리인터내셔날증권회사서울지점,A3,채무보증_채무인수약정,0,외국계증권사,B,SF205,각주항목(09.06월 이후)
47788,202009,0010154,모간스탠리인터내셔날증권회사서울지점,A5,채무보증_매입확약,0,외국계증권사,B,SF205,각주항목(09.06월 이후)
47789,202009,0010154,모간스탠리인터내셔날증권회사서울지점,A6,채무보증_기타,0,외국계증권사,B,SF205,각주항목(09.06월 이후)
47790,202009,0010154,모간스탠리인터내셔날증권회사서울지점,B,투자자의 예수증권 등,28833770500,외국계증권사,B,SF205,각주항목(09.06월 이후)
47791,202009,0010154,모간스탠리인터내셔날증권회사서울지점,B1,투자자의 예수증권 등_예수 증권,28833770500,외국계증권사,B,SF205,각주항목(09.06월 이후)
47792,202009,0010154,모간스탠리인터내셔날증권회사서울지점,B2,투자자의 예수증권 등_예수양도성예금증서,0,외국계증권사,B,SF205,각주항목(09.06월 이후)
47793,202009,0010154,모간스탠리인터내셔날증권회사서울지점,B3,투자자의 예수증권 등_기타,0,외국계증권사,B,SF205,각주항목(09.06월 이후)
47794,202009,0010154,모간스탠리인터내셔날증권회사서울지점,C,파생상품계약,0,외국계증권사,B,SF205,각주항목(09.06월 이후)
47795,202009,0010154,모간스탠리인터내셔날증권회사서울지점,C1,파생상품계약_장내파생상품,0,외국계증권사,B,SF205,각주항목(09.06월 이후)
47796,202009,0010154,모간스탠리인터내셔날증권회사서울지점,C11,파생상품계약_장내파생상품_이자율관련거래,0,외국계증권사,B,SF205,각주항목(09.06월 이후)
47797,202009,0010154,모간스탠리인터내셔날증권회사서울지점,C12,파생상품계약_장내파생상품_통화관련거래,0,외국계증권사,B,SF205,각주항목(09.06월 이후)
47798,202009,0010154,모간스탠리인터내셔날증권회사서울지점,C13,파생상품계약_장내파생상품_주식관련거래,0,외국계증권사,B,SF205,각주항목(09.06월 이후)
47799,202009,0010154,모간스탠리인터내셔날증권회사서울지점,C14,파생상품계약_장내파생상품_일반상품관련거래,0,외국계증권사,B,SF205,각주항목(09.06월 이후)
47800,202009,0010154,모간스탠리인터내셔날증권회사서울지점,C15,파생상품계약_장내파생상품_기타,0,외국계증권사,B,SF205,각주항목(09.06월 이후)
47801,202009,0010154,모간스탠리인터내셔날증권회사서울지점,C2,파생상품계약_장외파생상품,0,외국계증권사,B,SF205,각주항목(09.06월 이후)
47802,202009,0010154,모간스탠리인터내셔날증권회사서울지점,C21,파생상품계약_장외파생상품_이자율관련거래,0,외국계증권사,B,SF205,각주항목(09.06월 이후)
47803,202009,0010154,모간스탠리인터내셔날증권회사서울지점,C22,파생상품계약_장외파생상품_통화관련거래,0,외국계증권사,B,SF205,각주항목(09.06월 이후)
47804,202009,0010154,모간스탠리인터내셔날증권회사서울지점,C23,파생상품계약_장외파생상품_주식관련거래,0,외국계증권사,B,SF205,각주항목(09.06월 이후)
47805,202009,0010154,모간스탠리인터내셔날증권회사서울지점,C24,파생상품계약_장외파생상품_신용관련거래,0,외국계증권사,B,SF205,각주항목(09.06월 이후)
47806,202009,0010154,모간스탠리인터내셔날증권회사서울지점,C25,파생상품계약_장외파생상품_기타,0,외국계증권사,B,SF205,각주항목(09.06월 이후)
47807,202009,0010154,모간스탠리인터내셔날증권회사서울지점,D,대차 및 대주거래,0,외국계증권사,B,SF205,각주항목(09.06월 이후)
47808,202009,0010154,모간스탠리인터내셔날증권회사서울지점,D1,대차 및 대주거래_대여증권,0,외국계증권사,B,SF205,각주항목(09.06월 이후)
47809,202009,0010154,모간스탠리인터내셔날증권회사서울지점,D2,대차 및 대주거래_차입증권,0,외국계증권사,B,SF205,각주항목(09.06월 이후)
47810,202009,0010154,모간스탠리인터내셔날증권회사서울지점,D3,대차 및 대주거래_신용거래대주,0,외국계증권사,B,SF205,각주항목(09.06월 이후)
47811,202009,0010154,모간스탠리인터내셔날증권회사서울지점,E,대손상각채권,0,외국계증권사,B,SF205,각주항목(09.06월 이후)
47812,202009,0010154,모간스탠리인터내셔날증권회사서울지점,F,환전업무 예치금,0,외국계증권사,B,SF205,각주항목(09.06월 이후)
47813,202009,0010154,모간스탠리인터내셔날증권회사서울지점,G,미배당별도예치금,0,외국계증권사,B,SF205,각주항목(09.06월 이후)
47814,202009,0010154,모간스탠리인터내셔날증권회사서울지점,H,배서어음매출(종금계정),0,외국계증권사,B,SF205,각주항목(09.06월 이후)
47815,202009,0010154,모간스탠리인터내셔날증권회사서울지점,H1,대출채권매매이익_담보부,0,외국계증권사,B,SF205,각주항목(09.06월 이후)
47816,202009,0010154,모간스탠리인터내셔날증권회사서울지점,H2,대출채권매매이익_무담보부,0,외국계증권사,B,SF205,각주항목(09.06월 이후)
47817,202012,0010154,모간스탠리인터내셔날증권회사서울지점,A,채무보증,0,외국계증권사,B,SF205,각주항목(09.06월 이후)
47818,202012,0010154,모간스탠리인터내셔날증권회사서울지점,A1,채무보증_지급보증,0,외국계증권사,B,SF205,각주항목(09.06월 이후)
47819,202012,0010154,모간스탠리인터내셔날증권회사서울지점,A2,채무보증_매입보장약정,0,외국계증권사,B,SF205,각주항목(09.06월 이후)
47820,202012,0010154,모간스탠리인터내셔날증권회사서울지점,A3,채무보증_채무인수약정,0,외국계증권사,B,SF205,각주항목(09.06월 이후)
47821,202012,0010154,모간스탠리인터내셔날증권회사서울지점,A5,채무보증_매입확약,0,외국계증권사,B,SF205,각주항목(09.06월 이후)
47822,202012,0010154,모간스탠리인터내셔날증권회사서울지점,A6,채무보증_기타,0,외국계증권사,B,SF205,각주항목(09.06월 이후)
47823,202012,0010154,모간스탠리인터내셔날증권회사서울지점,B,투자자의 예수증권 등,0,외국계증권사,B,SF205,각주항목(09.06월 이후)
47824,202012,0010154,모간스탠리인터내셔날증권회사서울지점,B1,투자자의 예수증권 등_예수 증권,0,외국계증권사,B,SF205,각주항목(09.06월 이후)
47825,202012,0010154,모간스탠리인터내셔날증권회사서울지점,B2,투자자의 예수증권 등_예수양도성예금증서,0,외국계증권사,B,SF205,각주항목(09.06월 이후)
47826,202012,0010154,모간스탠리인터내셔날증권회사서울지점,B3,투자자의 예수증권 등_기타,0,외국계증권사,B,SF205,각주항목(09.06월 이후)
47827,202012,0010154,모간스탠리인터내셔날증권회사서울지점,C,파생상품계약,0,외국계증권사,B,SF205,각주항목(09.06월 이후)
47828,202012,0010154,모간스탠리인터내셔날증권회사서울지점,C1,파생상품계약_장내파생상품,0,외국계증권사,B,SF205,각주항목(09.06월 이후)
47829,202012,0010154,모간스탠리인터내셔날증권회사서울지점,C11,파생상품계약_장내파생상품_이자율관련거래,0,외국계증권사,B,SF205,각주항목(09.06월 이후)
47830,202012,0010154,모간스탠리인터내셔날증권회사서울지점,C12,파생상품계약_장내파생상품_통화관련거래,0,외국계증권사,B,SF205,각주항목(09.06월 이후)
47831,202012,0010154,모간스탠리인터내셔날증권회사서울지점,C13,파생상품계약_장내파생상품_주식관련거래,0,외국계증권사,B,SF205,각주항목(09.06월 이후)
47832,202012,0010154,모간스탠리인터내셔날증권회사서울지점,C14,파생상품계약_장내파생상품_일반상품관련거래,0,외국계증권사,B,SF205,각주항목(09.06월 이후)
47833,202012,0010154,모간스탠리인터내셔날증권회사서울지점,C15,파생상품계약_장내파생상품_기타,0,외국계증권사,B,SF205,각주항목(09.06월 이후)
47834,202012,0010154,모간스탠리인터내셔날증권회사서울지점,C2,파생상품계약_장외파생상품,0,외국계증권사,B,SF205,각주항목(09.06월 이후)
47835,202012,0010154,모간스탠리인터내셔날증권회사서울지점,C21,파생상품계약_장외파생상품_이자율관련거래,0,외국계증권사,B,SF205,각주항목(09.06월 이후)
47836,202012,0010154,모간스탠리인터내셔날증권회사서울지점,C22,파생상품계약_장외파생상품_통화관련거래,0,외국계증권사,B,SF205,각주항목(09.06월 이후)
47837,202012,0010154,모간스탠리인터내셔날증권회사서울지점,C23,파생상품계약_장외파생상품_주식관련거래,0,외국계증권사,B,SF205,각주항목(09.06월 이후)
47838,202012,0010154,모간스탠리인터내셔날증권회사서울지점,C24,파생상품계약_장외파생상품_신용관련거래,0,외국계증권사,B,SF205,각주항목(09.06월 이후)
47839,202012,0010154,모간스탠리인터내셔날증권회사서울지점,C25,파생상품계약_장외파생상품_기타,0,외국계증권사,B,SF205,각주항목(09.06월 이후)
47840,202012,0010154,모간스탠리인터내셔날증권회사서울지점,D,대차 및 대주거래,0,외국계증권사,B,SF205,각주항목(09.06월 이후)
47841,202012,0010154,모간스탠리인터내셔날증권회사서울지점,D1,대차 및 대주거래_대여증권,0,외국계증권사,B,SF205,각주항목(09.06월 이후)
47842,202012,0010154,모간스탠리인터내셔날증권회사서울지점,D2,대차 및 대주거래_차입증권,0,외국계증권사,B,SF205,각주항목(09.06월 이후)
47843,202012,0010154,모간스탠리인터내셔날증권회사서울지점,D3,대차 및 대주거래_신용거래대주,0,외국계증권사,B,SF205,각주항목(09.06월 이후)
47844,202012,0010154,모간스탠리인터내셔날증권회사서울지점,E,대손상각채권,0,외국계증권사,B,SF205,각주항목(09.06월 이후)
47845,202012,0010154,모간스탠리인터내셔날증권회사서울지점,F,환전업무 예치금,0,외국계증권사,B,SF205,각주항목(09.06월 이후)
47846,202012,0010154,모간스탠리인터내셔날증권회사서울지점,G,미배당별도예치금,0,외국계증권사,B,SF205,각주항목(09.06월 이후)
47847,202012,0010154,모간스탠리인터내셔날증권회사서울지점,H,배서어음매출(종금계정),0,외국계증권사,B,SF205,각주항목(09.06월 이후)
47848,202012,0010154,모간스탠리인터내셔날증권회사서울지점,H1,대출채권매매이익_담보부,0,외국계증권사,B,SF205,각주항목(09.06월 이후)
47849,202012,0010154,모간스탠리인터내셔날증권회사서울지점,H2,대출채권매매이익_무담보부,0,외국계증권사,B,SF205,각주항목(09.06월 이후)
47850,202103,0010154,모간스탠리인터내셔날증권회사서울지점,A,채무보증,0,외국계증권사,B,SF205,각주항목(09.06월 이후)
47851,202103,0010154,모간스탠리인터내셔날증권회사서울지점,A1,채무보증_지급보증,0,외국계증권사,B,SF205,각주항목(09.06월 이후)
47852,202103,0010154,모간스탠리인터내셔날증권회사서울지점,A2,채무보증_매입보장약정,0,외국계증권사,B,SF205,각주항목(09.06월 이후)
47853,202103,0010154,모간스탠리인터내셔날증권회사서울지점,A3,채무보증_채무인수약정,0,외국계증권사,B,SF205,각주항목(09.06월 이후)
47854,202103,0010154,모간스탠리인터내셔날증권회사서울지점,A5,채무보증_매입확약,0,외국계증권사,B,SF205,각주항목(09.06월 이후)
47855,202103,0010154,모간스탠리인터내셔날증권회사서울지점,A6,채무보증_기타,0,외국계증권사,B,SF205,각주항목(09.06월 이후)
47856,202103,0010154,모간스탠리인터내셔날증권회사서울지점,B,투자자의 예수증권 등,219061297050,외국계증권사,B,SF205,각주항목(09.06월 이후)
47857,202103,0010154,모간스탠리인터내셔날증권회사서울지점,B1,투자자의 예수증권 등_예수 증권,219061297050,외국계증권사,B,SF205,각주항목(09.06월 이후)
47858,202103,0010154,모간스탠리인터내셔날증권회사서울지점,B2,투자자의 예수증권 등_예수양도성예금증서,0,외국계증권사,B,SF205,각주항목(09.06월 이후)
47859,202103,0010154,모간스탠리인터내셔날증권회사서울지점,B3,투자자의 예수증권 등_기타,0,외국계증권사,B,SF205,각주항목(09.06월 이후)
47860,202103,0010154,모간스탠리인터내셔날증권회사서울지점,C,파생상품계약,0,외국계증권사,B,SF205,각주항목(09.06월 이후)
47861,202103,0010154,모간스탠리인터내셔날증권회사서울지점,C1,파생상품계약_장내파생상품,0,외국계증권사,B,SF205,각주항목(09.06월 이후)
47862,202103,0010154,모간스탠리인터내셔날증권회사서울지점,C11,파생상품계약_장내파생상품_이자율관련거래,0,외국계증권사,B,SF205,각주항목(09.06월 이후)
47863,202103,0010154,모간스탠리인터내셔날증권회사서울지점,C12,파생상품계약_장내파생상품_통화관련거래,0,외국계증권사,B,SF205,각주항목(09.06월 이후)
47864,202103,0010154,모간스탠리인터내셔날증권회사서울지점,C13,파생상품계약_장내파생상품_주식관련거래,0,외국계증권사,B,SF205,각주항목(09.06월 이후)
47865,202103,0010154,모간스탠리인터내셔날증권회사서울지점,C14,파생상품계약_장내파생상품_일반상품관련거래,0,외국계증권사,B,SF205,각주항목(09.06월 이후)
47866,202103,0010154,모간스탠리인터내셔날증권회사서울지점,C15,파생상품계약_장내파생상품_기타,0,외국계증권사,B,SF205,각주항목(09.06월 이후)
47867,202103,0010154,모간스탠리인터내셔날증권회사서울지점,C2,파생상품계약_장외파생상품,0,외국계증권사,B,SF205,각주항목(09.06월 이후)
47868,202103,0010154,모간스탠리인터내셔날증권회사서울지점,C21,파생상품계약_장외파생상품_이자율관련거래,0,외국계증권사,B,SF205,각주항목(09.06월 이후)
47869,202103,0010154,모간스탠리인터내셔날증권회사서울지점,C22,파생상품계약_장외파생상품_통화관련거래,0,외국계증권사,B,SF205,각주항목(09.06월 이후)
47870,202103,0010154,모간스탠리인터내셔날증권회사서울지점,C23,파생상품계약_장외파생상품_주식관련거래,0,외국계증권사,B,SF205,각주항목(09.06월 이후)
47871,202103,0010154,모간스탠리인터내셔날증권회사서울지점,C24,파생상품계약_장외파생상품_신용관련거래,0,외국계증권사,B,SF205,각주항목(09.06월 이후)
47872,202103,0010154,모간스탠리인터내셔날증권회사서울지점,C25,파생상품계약_장외파생상품_기타,0,외국계증권사,B,SF205,각주항목(09.06월 이후)
47873,202103,0010154,모간스탠리인터내셔날증권회사서울지점,D,대차 및 대주거래,0,외국계증권사,B,SF205,각주항목(09.06월 이후)
47874,202103,0010154,모간스탠리인터내셔날증권회사서울지점,D1,대차 및 대주거래_대여증권,0,외국계증권사,B,SF205,각주항목(09.06월 이후)
47875,202103,0010154,모간스탠리인터내셔날증권회사서울지점,D2,대차 및 대주거래_차입증권,0,외국계증권사,B,SF205,각주항목(09.06월 이후)
47876,202103,0010154,모간스탠리인터내셔날증권회사서울지점,D3,대차 및 대주거래_신용거래대주,0,외국계증권사,B,SF205,각주항목(09.06월 이후)
47877,202103,0010154,모간스탠리인터내셔날증권회사서울지점,E,대손상각채권,0,외국계증권사,B,SF205,각주항목(09.06월 이후)
47878,202103,0010154,모간스탠리인터내셔날증권회사서울지점,F,환전업무 예치금,0,외국계증권사,B,SF205,각주항목(09.06월 이후)
47879,202103,0010154,모간스탠리인터내셔날증권회사서울지점,G,미배당별도예치금,0,외국계증권사,B,SF205,각주항목(09.06월 이후)
47880,202103,0010154,모간스탠리인터내셔날증권회사서울지점,H,배서어음매출(종금계정),0,외국계증권사,B,SF205,각주항목(09.06월 이후)
47881,202103,0010154,모간스탠리인터내셔날증권회사서울지점,H1,대출채권매매이익_담보부,0,외국계증권사,B,SF205,각주항목(09.06월 이후)
47882,202103,0010154,모간스탠리인터내셔날증권회사서울지점,H2,대출채권매매이익_무담보부,0,외국계증권사,B,SF205,각주항목(09.06월 이후)
47883,202106,0010154,모간스탠리인터내셔날증권회사서울지점,A,채무보증,0,외국계증권사,B,SF205,각주항목(09.06월 이후)
47884,202106,0010154,모간스탠리인터내셔날증권회사서울지점,A1,채무보증_지급보증,0,외국계증권사,B,SF205,각주항목(09.06월 이후)
47885,202106,0010154,모간스탠리인터내셔날증권회사서울지점,A2,채무보증_매입보장약정,0,외국계증권사,B,SF205,각주항목(09.06월 이후)
47886,202106,0010154,모간스탠리인터내셔날증권회사서울지점,A3,채무보증_채무인수약정,0,외국계증권사,B,SF205,각주항목(09.06월 이후)
47887,202106,0010154,모간스탠리인터내셔날증권회사서울지점,A5,채무보증_매입확약,0,외국계증권사,B,SF205,각주항목(09.06월 이후)
47888,202106,0010154,모간스탠리인터내셔날증권회사서울지점,A6,채무보증_기타,0,외국계증권사,B,SF205,각주항목(09.06월 이후)
47889,202106,0010154,모간스탠리인터내셔날증권회사서울지점,B,투자자의 예수증권 등,185185245400,외국계증권사,B,SF205,각주항목(09.06월 이후)
47890,202106,0010154,모간스탠리인터내셔날증권회사서울지점,B1,투자자의 예수증권 등_예수 증권,185185245400,외국계증권사,B,SF205,각주항목(09.06월 이후)
47891,202106,0010154,모간스탠리인터내셔날증권회사서울지점,B2,투자자의 예수증권 등_예수양도성예금증서,0,외국계증권사,B,SF205,각주항목(09.06월 이후)
47892,202106,0010154,모간스탠리인터내셔날증권회사서울지점,B3,투자자의 예수증권 등_기타,0,외국계증권사,B,SF205,각주항목(09.06월 이후)
47893,202106,0010154,모간스탠리인터내셔날증권회사서울지점,C,파생상품계약,0,외국계증권사,B,SF205,각주항목(09.06월 이후)
47894,202106,0010154,모간스탠리인터내셔날증권회사서울지점,C1,파생상품계약_장내파생상품,0,외국계증권사,B,SF205,각주항목(09.06월 이후)
47895,202106,0010154,모간스탠리인터내셔날증권회사서울지점,C11,파생상품계약_장내파생상품_이자율관련거래,0,외국계증권사,B,SF205,각주항목(09.06월 이후)
47896,202106,0010154,모간스탠리인터내셔날증권회사서울지점,C12,파생상품계약_장내파생상품_통화관련거래,0,외국계증권사,B,SF205,각주항목(09.06월 이후)
47897,202106,0010154,모간스탠리인터내셔날증권회사서울지점,C13,파생상품계약_장내파생상품_주식관련거래,0,외국계증권사,B,SF205,각주항목(09.06월 이후)
47898,202106,0010154,모간스탠리인터내셔날증권회사서울지점,C14,파생상품계약_장내파생상품_일반상품관련거래,0,외국계증권사,B,SF205,각주항목(09.06월 이후)
47899,202106,0010154,모간스탠리인터내셔날증권회사서울지점,C15,파생상품계약_장내파생상품_기타,0,외국계증권사,B,SF205,각주항목(09.06월 이후)
47900,202106,0010154,모간스탠리인터내셔날증권회사서울지점,C2,파생상품계약_장외파생상품,0,외국계증권사,B,SF205,각주항목(09.06월 이후)
47901,202106,0010154,모간스탠리인터내셔날증권회사서울지점,C21,파생상품계약_장외파생상품_이자율관련거래,0,외국계증권사,B,SF205,각주항목(09.06월 이후)
47902,202106,0010154,모간스탠리인터내셔날증권회사서울지점,C22,파생상품계약_장외파생상품_통화관련거래,0,외국계증권사,B,SF205,각주항목(09.06월 이후)
47903,202106,0010154,모간스탠리인터내셔날증권회사서울지점,C23,파생상품계약_장외파생상품_주식관련거래,0,외국계증권사,B,SF205,각주항목(09.06월 이후)
47904,202106,0010154,모간스탠리인터내셔날증권회사서울지점,C24,파생상품계약_장외파생상품_신용관련거래,0,외국계증권사,B,SF205,각주항목(09.06월 이후)
47905,202106,0010154,모간스탠리인터내셔날증권회사서울지점,C25,파생상품계약_장외파생상품_기타,0,외국계증권사,B,SF205,각주항목(09.06월 이후)
47906,202106,0010154,모간스탠리인터내셔날증권회사서울지점,D,대차 및 대주거래,0,외국계증권사,B,SF205,각주항목(09.06월 이후)
47907,202106,0010154,모간스탠리인터내셔날증권회사서울지점,D1,대차 및 대주거래_대여증권,0,외국계증권사,B,SF205,각주항목(09.06월 이후)
47908,202106,0010154,모간스탠리인터내셔날증권회사서울지점,D2,대차 및 대주거래_차입증권,0,외국계증권사,B,SF205,각주항목(09.06월 이후)
47909,202106,0010154,모간스탠리인터내셔날증권회사서울지점,D3,대차 및 대주거래_신용거래대주,0,외국계증권사,B,SF205,각주항목(09.06월 이후)
47910,202106,0010154,모간스탠리인터내셔날증권회사서울지점,E,대손상각채권,0,외국계증권사,B,SF205,각주항목(09.06월 이후)
47911,202106,0010154,모간스탠리인터내셔날증권회사서울지점,F,환전업무 예치금,0,외국계증권사,B,SF205,각주항목(09.06월 이후)
47912,202106,0010154,모간스탠리인터내셔날증권회사서울지점,G,미배당별도예치금,0,외국계증권사,B,SF205,각주항목(09.06월 이후)
47913,202106,0010154,모간스탠리인터내셔날증권회사서울지점,H,배서어음매출(종금계정),0,외국계증권사,B,SF205,각주항목(09.06월 이후)
47914,202106,0010154,모간스탠리인터내셔날증권회사서울지점,H1,대출채권매매이익_담보부,0,외국계증권사,B,SF205,각주항목(09.06월 이후)
47915,202106,0010154,모간스탠리인터내셔날증권회사서울지점,H2,대출채권매매이익_무담보부,0,외국계증권사,B,SF205,각주항목(09.06월 이후)
47916,202109,0010154,모간스탠리인터내셔날증권회사서울지점,A,채무보증,0,외국계증권사,B,SF205,각주항목(09.06월 이후)
47917,202109,0010154,모간스탠리인터내셔날증권회사서울지점,A1,채무보증_지급보증,0,외국계증권사,B,SF205,각주항목(09.06월 이후)
47918,202109,0010154,모간스탠리인터내셔날증권회사서울지점,A2,채무보증_매입보장약정,0,외국계증권사,B,SF205,각주항목(09.06월 이후)
47919,202109,0010154,모간스탠리인터내셔날증권회사서울지점,A3,채무보증_채무인수약정,0,외국계증권사,B,SF205,각주항목(09.06월 이후)
47920,202109,0010154,모간스탠리인터내셔날증권회사서울지점,A5,채무보증_매입확약,0,외국계증권사,B,SF205,각주항목(09.06월 이후)
47921,202109,0010154,모간스탠리인터내셔날증권회사서울지점,A6,채무보증_기타,0,외국계증권사,B,SF205,각주항목(09.06월 이후)
47922,202109,0010154,모간스탠리인터내셔날증권회사서울지점,B,투자자의 예수증권 등,119376794750,외국계증권사,B,SF205,각주항목(09.06월 이후)
47923,202109,0010154,모간스탠리인터내셔날증권회사서울지점,B1,투자자의 예수증권 등_예수 증권,119376794750,외국계증권사,B,SF205,각주항목(09.06월 이후)
47924,202109,0010154,모간스탠리인터내셔날증권회사서울지점,B2,투자자의 예수증권 등_예수양도성예금증서,0,외국계증권사,B,SF205,각주항목(09.06월 이후)
47925,202109,0010154,모간스탠리인터내셔날증권회사서울지점,B3,투자자의 예수증권 등_기타,0,외국계증권사,B,SF205,각주항목(09.06월 이후)
47926,202109,0010154,모간스탠리인터내셔날증권회사서울지점,C,파생상품계약,0,외국계증권사,B,SF205,각주항목(09.06월 이후)
47927,202109,0010154,모간스탠리인터내셔날증권회사서울지점,C1,파생상품계약_장내파생상품,0,외국계증권사,B,SF205,각주항목(09.06월 이후)
47928,202109,0010154,모간스탠리인터내셔날증권회사서울지점,C11,파생상품계약_장내파생상품_이자율관련거래,0,외국계증권사,B,SF205,각주항목(09.06월 이후)
47929,202109,0010154,모간스탠리인터내셔날증권회사서울지점,C12,파생상품계약_장내파생상품_통화관련거래,0,외국계증권사,B,SF205,각주항목(09.06월 이후)
47930,202109,0010154,모간스탠리인터내셔날증권회사서울지점,C13,파생상품계약_장내파생상품_주식관련거래,0,외국계증권사,B,SF205,각주항목(09.06월 이후)
47931,202109,0010154,모간스탠리인터내셔날증권회사서울지점,C14,파생상품계약_장내파생상품_일반상품관련거래,0,외국계증권사,B,SF205,각주항목(09.06월 이후)
47932,202109,0010154,모간스탠리인터내셔날증권회사서울지점,C15,파생상품계약_장내파생상품_기타,0,외국계증권사,B,SF205,각주항목(09.06월 이후)
47933,202109,0010154,모간스탠리인터내셔날증권회사서울지점,C2,파생상품계약_장외파생상품,0,외국계증권사,B,SF205,각주항목(09.06월 이후)
47934,202109,0010154,모간스탠리인터내셔날증권회사서울지점,C21,파생상품계약_장외파생상품_이자율관련거래,0,외국계증권사,B,SF205,각주항목(09.06월 이후)
47935,202109,0010154,모간스탠리인터내셔날증권회사서울지점,C22,파생상품계약_장외파생상품_통화관련거래,0,외국계증권사,B,SF205,각주항목(09.06월 이후)
47936,202109,0010154,모간스탠리인터내셔날증권회사서울지점,C23,파생상품계약_장외파생상품_주식관련거래,0,외국계증권사,B,SF205,각주항목(09.06월 이후)
47937,202109,0010154,모간스탠리인터내셔날증권회사서울지점,C24,파생상품계약_장외파생상품_신용관련거래,0,외국계증권사,B,SF205,각주항목(09.06월 이후)
47938,202109,0010154,모간스탠리인터내셔날증권회사서울지점,C25,파생상품계약_장외파생상품_기타,0,외국계증권사,B,SF205,각주항목(09.06월 이후)
47939,202109,0010154,모간스탠리인터내셔날증권회사서울지점,D,대차 및 대주거래,0,외국계증권사,B,SF205,각주항목(09.06월 이후)
47940,202109,0010154,모간스탠리인터내셔날증권회사서울지점,D1,대차 및 대주거래_대여증권,0,외국계증권사,B,SF205,각주항목(09.06월 이후)
47941,202109,0010154,모간스탠리인터내셔날증권회사서울지점,D2,대차 및 대주거래_차입증권,0,외국계증권사,B,SF205,각주항목(09.06월 이후)
47942,202109,0010154,모간스탠리인터내셔날증권회사서울지점,D3,대차 및 대주거래_신용거래대주,0,외국계증권사,B,SF205,각주항목(09.06월 이후)
47943,202109,0010154,모간스탠리인터내셔날증권회사서울지점,E,대손상각채권,0,외국계증권사,B,SF205,각주항목(09.06월 이후)
47944,202109,0010154,모간스탠리인터내셔날증권회사서울지점,F,환전업무 예치금,0,외국계증권사,B,SF205,각주항목(09.06월 이후)
47945,202109,0010154,모간스탠리인터내셔날증권회사서울지점,G,미배당별도예치금,0,외국계증권사,B,SF205,각주항목(09.06월 이후)
47946,202109,0010154,모간스탠리인터내셔날증권회사서울지점,H,배서어음매출(종금계정),0,외국계증권사,B,SF205,각주항목(09.06월 이후)
47947,202109,0010154,모간스탠리인터내셔날증권회사서울지점,H1,대출채권매매이익_담보부,0,외국계증권사,B,SF205,각주항목(09.06월 이후)
47948,202109,0010154,모간스탠리인터내셔날증권회사서울지점,H2,대출채권매매이익_무담보부,0,외국계증권사,B,SF205,각주항목(09.06월 이후)
47949,202112,0010154,모간스탠리인터내셔날증권회사서울지점,A,채무보증,0,외국계증권사,B,SF205,각주항목(09.06월 이후)
47950,202112,0010154,모간스탠리인터내셔날증권회사서울지점,A1,채무보증_지급보증,0,외국계증권사,B,SF205,각주항목(09.06월 이후)
47951,202112,0010154,모간스탠리인터내셔날증권회사서울지점,A2,채무보증_매입보장약정,0,외국계증권사,B,SF205,각주항목(09.06월 이후)
47952,202112,0010154,모간스탠리인터내셔날증권회사서울지점,A3,채무보증_채무인수약정,0,외국계증권사,B,SF205,각주항목(09.06월 이후)
47953,202112,0010154,모간스탠리인터내셔날증권회사서울지점,A5,채무보증_매입확약,0,외국계증권사,B,SF205,각주항목(09.06월 이후)
47954,202112,0010154,모간스탠리인터내셔날증권회사서울지점,A6,채무보증_기타,0,외국계증권사,B,SF205,각주항목(09.06월 이후)
47955,202112,0010154,모간스탠리인터내셔날증권회사서울지점,B,투자자의 예수증권 등,0,외국계증권사,B,SF205,각주항목(09.06월 이후)
47956,202112,0010154,모간스탠리인터내셔날증권회사서울지점,B1,투자자의 예수증권 등_예수 증권,0,외국계증권사,B,SF205,각주항목(09.06월 이후)
47957,202112,0010154,모간스탠리인터내셔날증권회사서울지점,B2,투자자의 예수증권 등_예수양도성예금증서,0,외국계증권사,B,SF205,각주항목(09.06월 이후)
47958,202112,0010154,모간스탠리인터내셔날증권회사서울지점,B3,투자자의 예수증권 등_기타,0,외국계증권사,B,SF205,각주항목(09.06월 이후)
47959,202112,0010154,모간스탠리인터내셔날증권회사서울지점,C,파생상품계약,0,외국계증권사,B,SF205,각주항목(09.06월 이후)
47960,202112,0010154,모간스탠리인터내셔날증권회사서울지점,C1,파생상품계약_장내파생상품,0,외국계증권사,B,SF205,각주항목(09.06월 이후)
47961,202112,0010154,모간스탠리인터내셔날증권회사서울지점,C11,파생상품계약_장내파생상품_이자율관련거래,0,외국계증권사,B,SF205,각주항목(09.06월 이후)
47962,202112,0010154,모간스탠리인터내셔날증권회사서울지점,C12,파생상품계약_장내파생상품_통화관련거래,0,외국계증권사,B,SF205,각주항목(09.06월 이후)
47963,202112,0010154,모간스탠리인터내셔날증권회사서울지점,C13,파생상품계약_장내파생상품_주식관련거래,0,외국계증권사,B,SF205,각주항목(09.06월 이후)
47964,202112,0010154,모간스탠리인터내셔날증권회사서울지점,C14,파생상품계약_장내파생상품_일반상품관련거래,0,외국계증권사,B,SF205,각주항목(09.06월 이후)
47965,202112,0010154,모간스탠리인터내셔날증권회사서울지점,C15,파생상품계약_장내파생상품_기타,0,외국계증권사,B,SF205,각주항목(09.06월 이후)
47966,202112,0010154,모간스탠리인터내셔날증권회사서울지점,C2,파생상품계약_장외파생상품,0,외국계증권사,B,SF205,각주항목(09.06월 이후)
47967,202112,0010154,모간스탠리인터내셔날증권회사서울지점,C21,파생상품계약_장외파생상품_이자율관련거래,0,외국계증권사,B,SF205,각주항목(09.06월 이후)
47968,202112,0010154,모간스탠리인터내셔날증권회사서울지점,C22,파생상품계약_장외파생상품_통화관련거래,0,외국계증권사,B,SF205,각주항목(09.06월 이후)
47969,202112,0010154,모간스탠리인터내셔날증권회사서울지점,C23,파생상품계약_장외파생상품_주식관련거래,0,외국계증권사,B,SF205,각주항목(09.06월 이후)
47970,202112,0010154,모간스탠리인터내셔날증권회사서울지점,C24,파생상품계약_장외파생상품_신용관련거래,0,외국계증권사,B,SF205,각주항목(09.06월 이후)
47971,202112,0010154,모간스탠리인터내셔날증권회사서울지점,C25,파생상품계약_장외파생상품_기타,0,외국계증권사,B,SF205,각주항목(09.06월 이후)
47972,202112,0010154,모간스탠리인터내셔날증권회사서울지점,D,대차 및 대주거래,0,외국계증권사,B,SF205,각주항목(09.06월 이후)
47973,202112,0010154,모간스탠리인터내셔날증권회사서울지점,D1,대차 및 대주거래_대여증권,0,외국계증권사,B,SF205,각주항목(09.06월 이후)
47974,202112,0010154,모간스탠리인터내셔날증권회사서울지점,D2,대차 및 대주거래_차입증권,0,외국계증권사,B,SF205,각주항목(09.06월 이후)
47975,202112,0010154,모간스탠리인터내셔날증권회사서울지점,D3,대차 및 대주거래_신용거래대주,0,외국계증권사,B,SF205,각주항목(09.06월 이후)
47976,202112,0010154,모간스탠리인터내셔날증권회사서울지점,E,대손상각채권,0,외국계증권사,B,SF205,각주항목(09.06월 이후)
47977,202112,0010154,모간스탠리인터내셔날증권회사서울지점,F,환전업무 예치금,0,외국계증권사,B,SF205,각주항목(09.06월 이후)
47978,202112,0010154,모간스탠리인터내셔날증권회사서울지점,G,미배당별도예치금,0,외국계증권사,B,SF205,각주항목(09.06월 이후)
47979,202112,0010154,모간스탠리인터내셔날증권회사서울지점,H,배서어음매출(종금계정),0,외국계증권사,B,SF205,각주항목(09.06월 이후)
47980,202112,0010154,모간스탠리인터내셔날증권회사서울지점,H1,대출채권매매이익_담보부,0,외국계증권사,B,SF205,각주항목(09.06월 이후)
47981,202112,0010154,모간스탠리인터내셔날증권회사서울지점,H2,대출채권매매이익_무담보부,0,외국계증권사,B,SF205,각주항목(09.06월 이후)
47982,202203,0010154,모간스탠리인터내셔날증권회사서울지점,A,채무보증,0,외국계증권사,B,SF205,각주항목(09.06월 이후)
47983,202203,0010154,모간스탠리인터내셔날증권회사서울지점,A1,채무보증_지급보증,0,외국계증권사,B,SF205,각주항목(09.06월 이후)
47984,202203,0010154,모간스탠리인터내셔날증권회사서울지점,A2,채무보증_매입보장약정,0,외국계증권사,B,SF205,각주항목(09.06월 이후)
47985,202203,0010154,모간스탠리인터내셔날증권회사서울지점,A3,채무보증_채무인수약정,0,외국계증권사,B,SF205,각주항목(09.06월 이후)
47986,202203,0010154,모간스탠리인터내셔날증권회사서울지점,A5,채무보증_매입확약,0,외국계증권사,B,SF205,각주항목(09.06월 이후)
47987,202203,0010154,모간스탠리인터내셔날증권회사서울지점,A6,채무보증_기타,0,외국계증권사,B,SF205,각주항목(09.06월 이후)
47988,202203,0010154,모간스탠리인터내셔날증권회사서울지점,B,투자자의 예수증권 등,87595167000,외국계증권사,B,SF205,각주항목(09.06월 이후)
47989,202203,0010154,모간스탠리인터내셔날증권회사서울지점,B1,투자자의 예수증권 등_예수 증권,87595167000,외국계증권사,B,SF205,각주항목(09.06월 이후)
47990,202203,0010154,모간스탠리인터내셔날증권회사서울지점,B2,투자자의 예수증권 등_예수양도성예금증서,0,외국계증권사,B,SF205,각주항목(09.06월 이후)
47991,202203,0010154,모간스탠리인터내셔날증권회사서울지점,B3,투자자의 예수증권 등_기타,0,외국계증권사,B,SF205,각주항목(09.06월 이후)
47992,202203,0010154,모간스탠리인터내셔날증권회사서울지점,C,파생상품계약,0,외국계증권사,B,SF205,각주항목(09.06월 이후)
47993,202203,0010154,모간스탠리인터내셔날증권회사서울지점,C1,파생상품계약_장내파생상품,0,외국계증권사,B,SF205,각주항목(09.06월 이후)
47994,202203,0010154,모간스탠리인터내셔날증권회사서울지점,C11,파생상품계약_장내파생상품_이자율관련거래,0,외국계증권사,B,SF205,각주항목(09.06월 이후)
47995,202203,0010154,모간스탠리인터내셔날증권회사서울지점,C12,파생상품계약_장내파생상품_통화관련거래,0,외국계증권사,B,SF205,각주항목(09.06월 이후)
47996,202203,0010154,모간스탠리인터내셔날증권회사서울지점,C13,파생상품계약_장내파생상품_주식관련거래,0,외국계증권사,B,SF205,각주항목(09.06월 이후)
47997,202203,0010154,모간스탠리인터내셔날증권회사서울지점,C14,파생상품계약_장내파생상품_일반상품관련거래,0,외국계증권사,B,SF205,각주항목(09.06월 이후)
47998,202203,0010154,모간스탠리인터내셔날증권회사서울지점,C15,파생상품계약_장내파생상품_기타,0,외국계증권사,B,SF205,각주항목(09.06월 이후)
47999,202203,0010154,모간스탠리인터내셔날증권회사서울지점,C2,파생상품계약_장외파생상품,0,외국계증권사,B,SF205,각주항목(09.06월 이후)
48000,202203,0010154,모간스탠리인터내셔날증권회사서울지점,C21,파생상품계약_장외파생상품_이자율관련거래,0,외국계증권사,B,SF205,각주항목(09.06월 이후)
48001,202203,0010154,모간스탠리인터내셔날증권회사서울지점,C22,파생상품계약_장외파생상품_통화관련거래,0,외국계증권사,B,SF205,각주항목(09.06월 이후)
48002,202203,0010154,모간스탠리인터내셔날증권회사서울지점,C23,파생상품계약_장외파생상품_주식관련거래,0,외국계증권사,B,SF205,각주항목(09.06월 이후)
48003,202203,0010154,모간스탠리인터내셔날증권회사서울지점,C24,파생상품계약_장외파생상품_신용관련거래,0,외국계증권사,B,SF205,각주항목(09.06월 이후)
48004,202203,0010154,모간스탠리인터내셔날증권회사서울지점,C25,파생상품계약_장외파생상품_기타,0,외국계증권사,B,SF205,각주항목(09.06월 이후)
48005,202203,0010154,모간스탠리인터내셔날증권회사서울지점,D,대차 및 대주거래,0,외국계증권사,B,SF205,각주항목(09.06월 이후)
48006,202203,0010154,모간스탠리인터내셔날증권회사서울지점,D1,대차 및 대주거래_대여증권,0,외국계증권사,B,SF205,각주항목(09.06월 이후)
48007,202203,0010154,모간스탠리인터내셔날증권회사서울지점,D2,대차 및 대주거래_차입증권,0,외국계증권사,B,SF205,각주항목(09.06월 이후)
48008,202203,0010154,모간스탠리인터내셔날증권회사서울지점,D3,대차 및 대주거래_신용거래대주,0,외국계증권사,B,SF205,각주항목(09.06월 이후)
48009,202203,0010154,모간스탠리인터내셔날증권회사서울지점,E,대손상각채권,0,외국계증권사,B,SF205,각주항목(09.06월 이후)
48010,202203,0010154,모간스탠리인터내셔날증권회사서울지점,F,환전업무 예치금,0,외국계증권사,B,SF205,각주항목(09.06월 이후)
48011,202203,0010154,모간스탠리인터내셔날증권회사서울지점,G,미배당별도예치금,0,외국계증권사,B,SF205,각주항목(09.06월 이후)
48012,202203,0010154,모간스탠리인터내셔날증권회사서울지점,H,배서어음매출(종금계정),0,외국계증권사,B,SF205,각주항목(09.06월 이후)
48013,202203,0010154,모간스탠리인터내셔날증권회사서울지점,H1,대출채권매매이익_담보부,0,외국계증권사,B,SF205,각주항목(09.06월 이후)
48014,202203,0010154,모간스탠리인터내셔날증권회사서울지점,H2,대출채권매매이익_무담보부,0,외국계증권사,B,SF205,각주항목(09.06월 이후)
48015,202206,0010154,모간스탠리인터내셔날증권회사서울지점,A,채무보증,0,외국계증권사,B,SF205,각주항목(09.06월 이후)
48016,202206,0010154,모간스탠리인터내셔날증권회사서울지점,A1,채무보증_지급보증,0,외국계증권사,B,SF205,각주항목(09.06월 이후)
48017,202206,0010154,모간스탠리인터내셔날증권회사서울지점,A2,채무보증_매입보장약정,0,외국계증권사,B,SF205,각주항목(09.06월 이후)
48018,202206,0010154,모간스탠리인터내셔날증권회사서울지점,A3,채무보증_채무인수약정,0,외국계증권사,B,SF205,각주항목(09.06월 이후)
48019,202206,0010154,모간스탠리인터내셔날증권회사서울지점,A5,채무보증_매입확약,0,외국계증권사,B,SF205,각주항목(09.06월 이후)
48020,202206,0010154,모간스탠리인터내셔날증권회사서울지점,A6,채무보증_기타,0,외국계증권사,B,SF205,각주항목(09.06월 이후)
48021,202206,0010154,모간스탠리인터내셔날증권회사서울지점,B,투자자의 예수증권 등,17533077150,외국계증권사,B,SF205,각주항목(09.06월 이후)
48022,202206,0010154,모간스탠리인터내셔날증권회사서울지점,B1,투자자의 예수증권 등_예수 증권,17533077150,외국계증권사,B,SF205,각주항목(09.06월 이후)
48023,202206,0010154,모간스탠리인터내셔날증권회사서울지점,B2,투자자의 예수증권 등_예수양도성예금증서,0,외국계증권사,B,SF205,각주항목(09.06월 이후)
48024,202206,0010154,모간스탠리인터내셔날증권회사서울지점,B3,투자자의 예수증권 등_기타,0,외국계증권사,B,SF205,각주항목(09.06월 이후)
48025,202206,0010154,모간스탠리인터내셔날증권회사서울지점,C,파생상품계약,0,외국계증권사,B,SF205,각주항목(09.06월 이후)
48026,202206,0010154,모간스탠리인터내셔날증권회사서울지점,C1,파생상품계약_장내파생상품,0,외국계증권사,B,SF205,각주항목(09.06월 이후)
48027,202206,0010154,모간스탠리인터내셔날증권회사서울지점,C11,파생상품계약_장내파생상품_이자율관련거래,0,외국계증권사,B,SF205,각주항목(09.06월 이후)
48028,202206,0010154,모간스탠리인터내셔날증권회사서울지점,C12,파생상품계약_장내파생상품_통화관련거래,0,외국계증권사,B,SF205,각주항목(09.06월 이후)
48029,202206,0010154,모간스탠리인터내셔날증권회사서울지점,C13,파생상품계약_장내파생상품_주식관련거래,0,외국계증권사,B,SF205,각주항목(09.06월 이후)
48030,202206,0010154,모간스탠리인터내셔날증권회사서울지점,C14,파생상품계약_장내파생상품_일반상품관련거래,0,외국계증권사,B,SF205,각주항목(09.06월 이후)
48031,202206,0010154,모간스탠리인터내셔날증권회사서울지점,C15,파생상품계약_장내파생상품_기타,0,외국계증권사,B,SF205,각주항목(09.06월 이후)
48032,202206,0010154,모간스탠리인터내셔날증권회사서울지점,C2,파생상품계약_장외파생상품,0,외국계증권사,B,SF205,각주항목(09.06월 이후)
48033,202206,0010154,모간스탠리인터내셔날증권회사서울지점,C21,파생상품계약_장외파생상품_이자율관련거래,0,외국계증권사,B,SF205,각주항목(09.06월 이후)
48034,202206,0010154,모간스탠리인터내셔날증권회사서울지점,C22,파생상품계약_장외파생상품_통화관련거래,0,외국계증권사,B,SF205,각주항목(09.06월 이후)
48035,202206,0010154,모간스탠리인터내셔날증권회사서울지점,C23,파생상품계약_장외파생상품_주식관련거래,0,외국계증권사,B,SF205,각주항목(09.06월 이후)
48036,202206,0010154,모간스탠리인터내셔날증권회사서울지점,C24,파생상품계약_장외파생상품_신용관련거래,0,외국계증권사,B,SF205,각주항목(09.06월 이후)
48037,202206,0010154,모간스탠리인터내셔날증권회사서울지점,C25,파생상품계약_장외파생상품_기타,0,외국계증권사,B,SF205,각주항목(09.06월 이후)
48038,202206,0010154,모간스탠리인터내셔날증권회사서울지점,D,대차 및 대주거래,0,외국계증권사,B,SF205,각주항목(09.06월 이후)
48039,202206,0010154,모간스탠리인터내셔날증권회사서울지점,D1,대차 및 대주거래_대여증권,0,외국계증권사,B,SF205,각주항목(09.06월 이후)
48040,202206,0010154,모간스탠리인터내셔날증권회사서울지점,D2,대차 및 대주거래_차입증권,0,외국계증권사,B,SF205,각주항목(09.06월 이후)
48041,202206,0010154,모간스탠리인터내셔날증권회사서울지점,D3,대차 및 대주거래_신용거래대주,0,외국계증권사,B,SF205,각주항목(09.06월 이후)
48042,202206,0010154,모간스탠리인터내셔날증권회사서울지점,E,대손상각채권,0,외국계증권사,B,SF205,각주항목(09.06월 이후)
48043,202206,0010154,모간스탠리인터내셔날증권회사서울지점,F,환전업무 예치금,0,외국계증권사,B,SF205,각주항목(09.06월 이후)
48044,202206,0010154,모간스탠리인터내셔날증권회사서울지점,G,미배당별도예치금,0,외국계증권사,B,SF205,각주항목(09.06월 이후)
48045,202206,0010154,모간스탠리인터내셔날증권회사서울지점,H,배서어음매출(종금계정),0,외국계증권사,B,SF205,각주항목(09.06월 이후)
48046,202206,0010154,모간스탠리인터내셔날증권회사서울지점,H1,대출채권매매이익_담보부,0,외국계증권사,B,SF205,각주항목(09.06월 이후)
48047,202206,0010154,모간스탠리인터내셔날증권회사서울지점,H2,대출채권매매이익_무담보부,0,외국계증권사,B,SF205,각주항목(09.06월 이후)
48048,202209,0010154,모간스탠리인터내셔날증권회사서울지점,A,채무보증,0,외국계증권사,B,SF205,각주항목(09.06월 이후)
48049,202209,0010154,모간스탠리인터내셔날증권회사서울지점,A1,채무보증_지급보증,0,외국계증권사,B,SF205,각주항목(09.06월 이후)
48050,202209,0010154,모간스탠리인터내셔날증권회사서울지점,A2,채무보증_매입보장약정,0,외국계증권사,B,SF205,각주항목(09.06월 이후)
48051,202209,0010154,모간스탠리인터내셔날증권회사서울지점,A3,채무보증_채무인수약정,0,외국계증권사,B,SF205,각주항목(09.06월 이후)
48052,202209,0010154,모간스탠리인터내셔날증권회사서울지점,A5,채무보증_매입확약,0,외국계증권사,B,SF205,각주항목(09.06월 이후)
48053,202209,0010154,모간스탠리인터내셔날증권회사서울지점,A6,채무보증_기타,0,외국계증권사,B,SF205,각주항목(09.06월 이후)
48054,202209,0010154,모간스탠리인터내셔날증권회사서울지점,B,투자자의 예수증권 등,10395251350,외국계증권사,B,SF205,각주항목(09.06월 이후)
48055,202209,0010154,모간스탠리인터내셔날증권회사서울지점,B1,투자자의 예수증권 등_예수 증권,10395251350,외국계증권사,B,SF205,각주항목(09.06월 이후)
48056,202209,0010154,모간스탠리인터내셔날증권회사서울지점,B2,투자자의 예수증권 등_예수양도성예금증서,0,외국계증권사,B,SF205,각주항목(09.06월 이후)
48057,202209,0010154,모간스탠리인터내셔날증권회사서울지점,B3,투자자의 예수증권 등_기타,0,외국계증권사,B,SF205,각주항목(09.06월 이후)
48058,202209,0010154,모간스탠리인터내셔날증권회사서울지점,C,파생상품계약,0,외국계증권사,B,SF205,각주항목(09.06월 이후)
48059,202209,0010154,모간스탠리인터내셔날증권회사서울지점,C1,파생상품계약_장내파생상품,0,외국계증권사,B,SF205,각주항목(09.06월 이후)
48060,202209,0010154,모간스탠리인터내셔날증권회사서울지점,C11,파생상품계약_장내파생상품_이자율관련거래,0,외국계증권사,B,SF205,각주항목(09.06월 이후)
48061,202209,0010154,모간스탠리인터내셔날증권회사서울지점,C12,파생상품계약_장내파생상품_통화관련거래,0,외국계증권사,B,SF205,각주항목(09.06월 이후)
48062,202209,0010154,모간스탠리인터내셔날증권회사서울지점,C13,파생상품계약_장내파생상품_주식관련거래,0,외국계증권사,B,SF205,각주항목(09.06월 이후)
48063,202209,0010154,모간스탠리인터내셔날증권회사서울지점,C14,파생상품계약_장내파생상품_일반상품관련거래,0,외국계증권사,B,SF205,각주항목(09.06월 이후)
48064,202209,0010154,모간스탠리인터내셔날증권회사서울지점,C15,파생상품계약_장내파생상품_기타,0,외국계증권사,B,SF205,각주항목(09.06월 이후)
48065,202209,0010154,모간스탠리인터내셔날증권회사서울지점,C2,파생상품계약_장외파생상품,0,외국계증권사,B,SF205,각주항목(09.06월 이후)
48066,202209,0010154,모간스탠리인터내셔날증권회사서울지점,C21,파생상품계약_장외파생상품_이자율관련거래,0,외국계증권사,B,SF205,각주항목(09.06월 이후)
48067,202209,0010154,모간스탠리인터내셔날증권회사서울지점,C22,파생상품계약_장외파생상품_통화관련거래,0,외국계증권사,B,SF205,각주항목(09.06월 이후)
48068,202209,0010154,모간스탠리인터내셔날증권회사서울지점,C23,파생상품계약_장외파생상품_주식관련거래,0,외국계증권사,B,SF205,각주항목(09.06월 이후)
48069,202209,0010154,모간스탠리인터내셔날증권회사서울지점,C24,파생상품계약_장외파생상품_신용관련거래,0,외국계증권사,B,SF205,각주항목(09.06월 이후)
48070,202209,0010154,모간스탠리인터내셔날증권회사서울지점,C25,파생상품계약_장외파생상품_기타,0,외국계증권사,B,SF205,각주항목(09.06월 이후)
48071,202209,0010154,모간스탠리인터내셔날증권회사서울지점,D,대차 및 대주거래,0,외국계증권사,B,SF205,각주항목(09.06월 이후)
48072,202209,0010154,모간스탠리인터내셔날증권회사서울지점,D1,대차 및 대주거래_대여증권,0,외국계증권사,B,SF205,각주항목(09.06월 이후)
48073,202209,0010154,모간스탠리인터내셔날증권회사서울지점,D2,대차 및 대주거래_차입증권,0,외국계증권사,B,SF205,각주항목(09.06월 이후)
48074,202209,0010154,모간스탠리인터내셔날증권회사서울지점,D3,대차 및 대주거래_신용거래대주,0,외국계증권사,B,SF205,각주항목(09.06월 이후)
48075,202209,0010154,모간스탠리인터내셔날증권회사서울지점,E,대손상각채권,0,외국계증권사,B,SF205,각주항목(09.06월 이후)
48076,202209,0010154,모간스탠리인터내셔날증권회사서울지점,F,환전업무 예치금,0,외국계증권사,B,SF205,각주항목(09.06월 이후)
48077,202209,0010154,모간스탠리인터내셔날증권회사서울지점,G,미배당별도예치금,0,외국계증권사,B,SF205,각주항목(09.06월 이후)
48078,202209,0010154,모간스탠리인터내셔날증권회사서울지점,H,배서어음매출(종금계정),0,외국계증권사,B,SF205,각주항목(09.06월 이후)
48079,202209,0010154,모간스탠리인터내셔날증권회사서울지점,H1,대출채권매매이익_담보부,0,외국계증권사,B,SF205,각주항목(09.06월 이후)
48080,202209,0010154,모간스탠리인터내셔날증권회사서울지점,H2,대출채권매매이익_무담보부,0,외국계증권사,B,SF205,각주항목(09.06월 이후)
48081,202212,0010154,모간스탠리인터내셔날증권회사서울지점,A,채무보증,0,외국계증권사,B,SF205,각주항목(09.06월 이후)
48082,202212,0010154,모간스탠리인터내셔날증권회사서울지점,A1,채무보증_지급보증,0,외국계증권사,B,SF205,각주항목(09.06월 이후)
48083,202212,0010154,모간스탠리인터내셔날증권회사서울지점,A2,채무보증_매입보장약정,0,외국계증권사,B,SF205,각주항목(09.06월 이후)
48084,202212,0010154,모간스탠리인터내셔날증권회사서울지점,A3,채무보증_채무인수약정,0,외국계증권사,B,SF205,각주항목(09.06월 이후)
48085,202212,0010154,모간스탠리인터내셔날증권회사서울지점,A5,채무보증_매입확약,0,외국계증권사,B,SF205,각주항목(09.06월 이후)
48086,202212,0010154,모간스탠리인터내셔날증권회사서울지점,A6,채무보증_기타,0,외국계증권사,B,SF205,각주항목(09.06월 이후)
48087,202212,0010154,모간스탠리인터내셔날증권회사서울지점,B,투자자의 예수증권 등,0,외국계증권사,B,SF205,각주항목(09.06월 이후)
48088,202212,0010154,모간스탠리인터내셔날증권회사서울지점,B1,투자자의 예수증권 등_예수 증권,0,외국계증권사,B,SF205,각주항목(09.06월 이후)
48089,202212,0010154,모간스탠리인터내셔날증권회사서울지점,B2,투자자의 예수증권 등_예수양도성예금증서,0,외국계증권사,B,SF205,각주항목(09.06월 이후)
48090,202212,0010154,모간스탠리인터내셔날증권회사서울지점,B3,투자자의 예수증권 등_기타,0,외국계증권사,B,SF205,각주항목(09.06월 이후)
48091,202212,0010154,모간스탠리인터내셔날증권회사서울지점,C,파생상품계약,0,외국계증권사,B,SF205,각주항목(09.06월 이후)
48092,202212,0010154,모간스탠리인터내셔날증권회사서울지점,C1,파생상품계약_장내파생상품,0,외국계증권사,B,SF205,각주항목(09.06월 이후)
48093,202212,0010154,모간스탠리인터내셔날증권회사서울지점,C11,파생상품계약_장내파생상품_이자율관련거래,0,외국계증권사,B,SF205,각주항목(09.06월 이후)
48094,202212,0010154,모간스탠리인터내셔날증권회사서울지점,C12,파생상품계약_장내파생상품_통화관련거래,0,외국계증권사,B,SF205,각주항목(09.06월 이후)
48095,202212,0010154,모간스탠리인터내셔날증권회사서울지점,C13,파생상품계약_장내파생상품_주식관련거래,0,외국계증권사,B,SF205,각주항목(09.06월 이후)
48096,202212,0010154,모간스탠리인터내셔날증권회사서울지점,C14,파생상품계약_장내파생상품_일반상품관련거래,0,외국계증권사,B,SF205,각주항목(09.06월 이후)
48097,202212,0010154,모간스탠리인터내셔날증권회사서울지점,C15,파생상품계약_장내파생상품_기타,0,외국계증권사,B,SF205,각주항목(09.06월 이후)
48098,202212,0010154,모간스탠리인터내셔날증권회사서울지점,C2,파생상품계약_장외파생상품,0,외국계증권사,B,SF205,각주항목(09.06월 이후)
48099,202212,0010154,모간스탠리인터내셔날증권회사서울지점,C21,파생상품계약_장외파생상품_이자율관련거래,0,외국계증권사,B,SF205,각주항목(09.06월 이후)
48100,202212,0010154,모간스탠리인터내셔날증권회사서울지점,C22,파생상품계약_장외파생상품_통화관련거래,0,외국계증권사,B,SF205,각주항목(09.06월 이후)
48101,202212,0010154,모간스탠리인터내셔날증권회사서울지점,C23,파생상품계약_장외파생상품_주식관련거래,0,외국계증권사,B,SF205,각주항목(09.06월 이후)
48102,202212,0010154,모간스탠리인터내셔날증권회사서울지점,C24,파생상품계약_장외파생상품_신용관련거래,0,외국계증권사,B,SF205,각주항목(09.06월 이후)
48103,202212,0010154,모간스탠리인터내셔날증권회사서울지점,C25,파생상품계약_장외파생상품_기타,0,외국계증권사,B,SF205,각주항목(09.06월 이후)
48104,202212,0010154,모간스탠리인터내셔날증권회사서울지점,D,대차 및 대주거래,0,외국계증권사,B,SF205,각주항목(09.06월 이후)
48105,202212,0010154,모간스탠리인터내셔날증권회사서울지점,D1,대차 및 대주거래_대여증권,0,외국계증권사,B,SF205,각주항목(09.06월 이후)
48106,202212,0010154,모간스탠리인터내셔날증권회사서울지점,D2,대차 및 대주거래_차입증권,0,외국계증권사,B,SF205,각주항목(09.06월 이후)
48107,202212,0010154,모간스탠리인터내셔날증권회사서울지점,D3,대차 및 대주거래_신용거래대주,0,외국계증권사,B,SF205,각주항목(09.06월 이후)
48108,202212,0010154,모간스탠리인터내셔날증권회사서울지점,E,대손상각채권,0,외국계증권사,B,SF205,각주항목(09.06월 이후)
48109,202212,0010154,모간스탠리인터내셔날증권회사서울지점,F,환전업무 예치금,0,외국계증권사,B,SF205,각주항목(09.06월 이후)
48110,202212,0010154,모간스탠리인터내셔날증권회사서울지점,G,미배당별도예치금,0,외국계증권사,B,SF205,각주항목(09.06월 이후)
48111,202212,0010154,모간스탠리인터내셔날증권회사서울지점,H,배서어음매출(종금계정),0,외국계증권사,B,SF205,각주항목(09.06월 이후)
48112,202212,0010154,모간스탠리인터내셔날증권회사서울지점,H1,대출채권매매이익_담보부,0,외국계증권사,B,SF205,각주항목(09.06월 이후)
48113,202212,0010154,모간스탠리인터내셔날증권회사서울지점,H2,대출채권매매이익_무담보부,0,외국계증권사,B,SF205,각주항목(09.06월 이후)
48114,202303,0010154,모간스탠리인터내셔날증권회사서울지점,A,채무보증,0,외국계증권사,B,SF205,각주항목(09.06월 이후)
48115,202303,0010154,모간스탠리인터내셔날증권회사서울지점,A1,채무보증_지급보증,0,외국계증권사,B,SF205,각주항목(09.06월 이후)
48116,202303,0010154,모간스탠리인터내셔날증권회사서울지점,A2,채무보증_매입보장약정,0,외국계증권사,B,SF205,각주항목(09.06월 이후)
48117,202303,0010154,모간스탠리인터내셔날증권회사서울지점,A3,채무보증_채무인수약정,0,외국계증권사,B,SF205,각주항목(09.06월 이후)
48118,202303,0010154,모간스탠리인터내셔날증권회사서울지점,A5,채무보증_매입확약,0,외국계증권사,B,SF205,각주항목(09.06월 이후)
48119,202303,0010154,모간스탠리인터내셔날증권회사서울지점,A6,채무보증_기타,0,외국계증권사,B,SF205,각주항목(09.06월 이후)
48120,202303,0010154,모간스탠리인터내셔날증권회사서울지점,B,투자자의 예수증권 등,90451969140,외국계증권사,B,SF205,각주항목(09.06월 이후)
48121,202303,0010154,모간스탠리인터내셔날증권회사서울지점,B1,투자자의 예수증권 등_예수 증권,90451969140,외국계증권사,B,SF205,각주항목(09.06월 이후)
48122,202303,0010154,모간스탠리인터내셔날증권회사서울지점,B2,투자자의 예수증권 등_예수양도성예금증서,0,외국계증권사,B,SF205,각주항목(09.06월 이후)
48123,202303,0010154,모간스탠리인터내셔날증권회사서울지점,B3,투자자의 예수증권 등_기타,0,외국계증권사,B,SF205,각주항목(09.06월 이후)
48124,202303,0010154,모간스탠리인터내셔날증권회사서울지점,C,파생상품계약,0,외국계증권사,B,SF205,각주항목(09.06월 이후)
48125,202303,0010154,모간스탠리인터내셔날증권회사서울지점,C1,파생상품계약_장내파생상품,0,외국계증권사,B,SF205,각주항목(09.06월 이후)
48126,202303,0010154,모간스탠리인터내셔날증권회사서울지점,C11,파생상품계약_장내파생상품_이자율관련거래,0,외국계증권사,B,SF205,각주항목(09.06월 이후)
48127,202303,0010154,모간스탠리인터내셔날증권회사서울지점,C12,파생상품계약_장내파생상품_통화관련거래,0,외국계증권사,B,SF205,각주항목(09.06월 이후)
48128,202303,0010154,모간스탠리인터내셔날증권회사서울지점,C13,파생상품계약_장내파생상품_주식관련거래,0,외국계증권사,B,SF205,각주항목(09.06월 이후)
48129,202303,0010154,모간스탠리인터내셔날증권회사서울지점,C14,파생상품계약_장내파생상품_일반상품관련거래,0,외국계증권사,B,SF205,각주항목(09.06월 이후)
48130,202303,0010154,모간스탠리인터내셔날증권회사서울지점,C15,파생상품계약_장내파생상품_기타,0,외국계증권사,B,SF205,각주항목(09.06월 이후)
48131,202303,0010154,모간스탠리인터내셔날증권회사서울지점,C2,파생상품계약_장외파생상품,0,외국계증권사,B,SF205,각주항목(09.06월 이후)
48132,202303,0010154,모간스탠리인터내셔날증권회사서울지점,C21,파생상품계약_장외파생상품_이자율관련거래,0,외국계증권사,B,SF205,각주항목(09.06월 이후)
48133,202303,0010154,모간스탠리인터내셔날증권회사서울지점,C22,파생상품계약_장외파생상품_통화관련거래,0,외국계증권사,B,SF205,각주항목(09.06월 이후)
48134,202303,0010154,모간스탠리인터내셔날증권회사서울지점,C23,파생상품계약_장외파생상품_주식관련거래,0,외국계증권사,B,SF205,각주항목(09.06월 이후)
48135,202303,0010154,모간스탠리인터내셔날증권회사서울지점,C24,파생상품계약_장외파생상품_신용관련거래,0,외국계증권사,B,SF205,각주항목(09.06월 이후)
48136,202303,0010154,모간스탠리인터내셔날증권회사서울지점,C25,파생상품계약_장외파생상품_기타,0,외국계증권사,B,SF205,각주항목(09.06월 이후)
48137,202303,0010154,모간스탠리인터내셔날증권회사서울지점,D,대차 및 대주거래,0,외국계증권사,B,SF205,각주항목(09.06월 이후)
48138,202303,0010154,모간스탠리인터내셔날증권회사서울지점,D1,대차 및 대주거래_대여증권,0,외국계증권사,B,SF205,각주항목(09.06월 이후)
48139,202303,0010154,모간스탠리인터내셔날증권회사서울지점,D2,대차 및 대주거래_차입증권,0,외국계증권사,B,SF205,각주항목(09.06월 이후)
48140,202303,0010154,모간스탠리인터내셔날증권회사서울지점,D3,대차 및 대주거래_신용거래대주,0,외국계증권사,B,SF205,각주항목(09.06월 이후)
48141,202303,0010154,모간스탠리인터내셔날증권회사서울지점,E,대손상각채권,0,외국계증권사,B,SF205,각주항목(09.06월 이후)
48142,202303,0010154,모간스탠리인터내셔날증권회사서울지점,F,환전업무 예치금,0,외국계증권사,B,SF205,각주항목(09.06월 이후)
48143,202303,0010154,모간스탠리인터내셔날증권회사서울지점,G,미배당별도예치금,0,외국계증권사,B,SF205,각주항목(09.06월 이후)
48144,202303,0010154,모간스탠리인터내셔날증권회사서울지점,H,배서어음매출(종금계정),0,외국계증권사,B,SF205,각주항목(09.06월 이후)
48145,202303,0010154,모간스탠리인터내셔날증권회사서울지점,H1,대출채권매매이익_담보부,0,외국계증권사,B,SF205,각주항목(09.06월 이후)
48146,202303,0010154,모간스탠리인터내셔날증권회사서울지점,H2,대출채권매매이익_무담보부,0,외국계증권사,B,SF205,각주항목(09.06월 이후)
48147,202306,0010154,모간스탠리인터내셔날증권회사서울지점,A,채무보증,0,외국계증권사,B,SF205,각주항목(09.06월 이후)
48148,202306,0010154,모간스탠리인터내셔날증권회사서울지점,A1,채무보증_지급보증,0,외국계증권사,B,SF205,각주항목(09.06월 이후)
48149,202306,0010154,모간스탠리인터내셔날증권회사서울지점,A2,채무보증_매입보장약정,0,외국계증권사,B,SF205,각주항목(09.06월 이후)
48150,202306,0010154,모간스탠리인터내셔날증권회사서울지점,A3,채무보증_채무인수약정,0,외국계증권사,B,SF205,각주항목(09.06월 이후)
48151,202306,0010154,모간스탠리인터내셔날증권회사서울지점,A5,채무보증_매입확약,0,외국계증권사,B,SF205,각주항목(09.06월 이후)
48152,202306,0010154,모간스탠리인터내셔날증권회사서울지점,A6,채무보증_기타,0,외국계증권사,B,SF205,각주항목(09.06월 이후)
48153,202306,0010154,모간스탠리인터내셔날증권회사서울지점,B,투자자의 예수증권 등,68333468950,외국계증권사,B,SF205,각주항목(09.06월 이후)
48154,202306,0010154,모간스탠리인터내셔날증권회사서울지점,B1,투자자의 예수증권 등_예수 증권,68333468950,외국계증권사,B,SF205,각주항목(09.06월 이후)
48155,202306,0010154,모간스탠리인터내셔날증권회사서울지점,B2,투자자의 예수증권 등_예수양도성예금증서,0,외국계증권사,B,SF205,각주항목(09.06월 이후)
48156,202306,0010154,모간스탠리인터내셔날증권회사서울지점,B3,투자자의 예수증권 등_기타,0,외국계증권사,B,SF205,각주항목(09.06월 이후)
48157,202306,0010154,모간스탠리인터내셔날증권회사서울지점,C,파생상품계약,0,외국계증권사,B,SF205,각주항목(09.06월 이후)
48158,202306,0010154,모간스탠리인터내셔날증권회사서울지점,C1,파생상품계약_장내파생상품,0,외국계증권사,B,SF205,각주항목(09.06월 이후)
48159,202306,0010154,모간스탠리인터내셔날증권회사서울지점,C11,파생상품계약_장내파생상품_이자율관련거래,0,외국계증권사,B,SF205,각주항목(09.06월 이후)
48160,202306,0010154,모간스탠리인터내셔날증권회사서울지점,C12,파생상품계약_장내파생상품_통화관련거래,0,외국계증권사,B,SF205,각주항목(09.06월 이후)
48161,202306,0010154,모간스탠리인터내셔날증권회사서울지점,C13,파생상품계약_장내파생상품_주식관련거래,0,외국계증권사,B,SF205,각주항목(09.06월 이후)
48162,202306,0010154,모간스탠리인터내셔날증권회사서울지점,C14,파생상품계약_장내파생상품_일반상품관련거래,0,외국계증권사,B,SF205,각주항목(09.06월 이후)
48163,202306,0010154,모간스탠리인터내셔날증권회사서울지점,C15,파생상품계약_장내파생상품_기타,0,외국계증권사,B,SF205,각주항목(09.06월 이후)
48164,202306,0010154,모간스탠리인터내셔날증권회사서울지점,C2,파생상품계약_장외파생상품,0,외국계증권사,B,SF205,각주항목(09.06월 이후)
48165,202306,0010154,모간스탠리인터내셔날증권회사서울지점,C21,파생상품계약_장외파생상품_이자율관련거래,0,외국계증권사,B,SF205,각주항목(09.06월 이후)
48166,202306,0010154,모간스탠리인터내셔날증권회사서울지점,C22,파생상품계약_장외파생상품_통화관련거래,0,외국계증권사,B,SF205,각주항목(09.06월 이후)
48167,202306,0010154,모간스탠리인터내셔날증권회사서울지점,C23,파생상품계약_장외파생상품_주식관련거래,0,외국계증권사,B,SF205,각주항목(09.06월 이후)
48168,202306,0010154,모간스탠리인터내셔날증권회사서울지점,C24,파생상품계약_장외파생상품_신용관련거래,0,외국계증권사,B,SF205,각주항목(09.06월 이후)
48169,202306,0010154,모간스탠리인터내셔날증권회사서울지점,C25,파생상품계약_장외파생상품_기타,0,외국계증권사,B,SF205,각주항목(09.06월 이후)
48170,202306,0010154,모간스탠리인터내셔날증권회사서울지점,D,대차 및 대주거래,0,외국계증권사,B,SF205,각주항목(09.06월 이후)
48171,202306,0010154,모간스탠리인터내셔날증권회사서울지점,D1,대차 및 대주거래_대여증권,0,외국계증권사,B,SF205,각주항목(09.06월 이후)
48172,202306,0010154,모간스탠리인터내셔날증권회사서울지점,D2,대차 및 대주거래_차입증권,0,외국계증권사,B,SF205,각주항목(09.06월 이후)
48173,202306,0010154,모간스탠리인터내셔날증권회사서울지점,D3,대차 및 대주거래_신용거래대주,0,외국계증권사,B,SF205,각주항목(09.06월 이후)
48174,202306,0010154,모간스탠리인터내셔날증권회사서울지점,E,대손상각채권,0,외국계증권사,B,SF205,각주항목(09.06월 이후)
48175,202306,0010154,모간스탠리인터내셔날증권회사서울지점,F,환전업무 예치금,0,외국계증권사,B,SF205,각주항목(09.06월 이후)
48176,202306,0010154,모간스탠리인터내셔날증권회사서울지점,G,미배당별도예치금,0,외국계증권사,B,SF205,각주항목(09.06월 이후)
48177,202306,0010154,모간스탠리인터내셔날증권회사서울지점,H,배서어음매출(종금계정),0,외국계증권사,B,SF205,각주항목(09.06월 이후)
48178,202306,0010154,모간스탠리인터내셔날증권회사서울지점,H1,대출채권매매이익_담보부,0,외국계증권사,B,SF205,각주항목(09.06월 이후)
48179,202306,0010154,모간스탠리인터내셔날증권회사서울지점,H2,대출채권매매이익_무담보부,0,외국계증권사,B,SF205,각주항목(09.06월 이후)
48180,202309,0010154,모간스탠리인터내셔날증권회사서울지점,A,채무보증,0,외국계증권사,B,SF205,각주항목(09.06월 이후)
48181,202309,0010154,모간스탠리인터내셔날증권회사서울지점,A1,채무보증_지급보증,0,외국계증권사,B,SF205,각주항목(09.06월 이후)
48182,202309,0010154,모간스탠리인터내셔날증권회사서울지점,A2,채무보증_매입보장약정,0,외국계증권사,B,SF205,각주항목(09.06월 이후)
48183,202309,0010154,모간스탠리인터내셔날증권회사서울지점,A3,채무보증_채무인수약정,0,외국계증권사,B,SF205,각주항목(09.06월 이후)
48184,202309,0010154,모간스탠리인터내셔날증권회사서울지점,A5,채무보증_매입확약,0,외국계증권사,B,SF205,각주항목(09.06월 이후)
48185,202309,0010154,모간스탠리인터내셔날증권회사서울지점,A6,채무보증_기타,0,외국계증권사,B,SF205,각주항목(09.06월 이후)
48186,202309,0010154,모간스탠리인터내셔날증권회사서울지점,B,투자자의 예수증권 등,12309170820,외국계증권사,B,SF205,각주항목(09.06월 이후)
48187,202309,0010154,모간스탠리인터내셔날증권회사서울지점,B1,투자자의 예수증권 등_예수 증권,12309170820,외국계증권사,B,SF205,각주항목(09.06월 이후)
48188,202309,0010154,모간스탠리인터내셔날증권회사서울지점,B2,투자자의 예수증권 등_예수양도성예금증서,0,외국계증권사,B,SF205,각주항목(09.06월 이후)
48189,202309,0010154,모간스탠리인터내셔날증권회사서울지점,B3,투자자의 예수증권 등_기타,0,외국계증권사,B,SF205,각주항목(09.06월 이후)
48190,202309,0010154,모간스탠리인터내셔날증권회사서울지점,C,파생상품계약,0,외국계증권사,B,SF205,각주항목(09.06월 이후)
48191,202309,0010154,모간스탠리인터내셔날증권회사서울지점,C1,파생상품계약_장내파생상품,0,외국계증권사,B,SF205,각주항목(09.06월 이후)
48192,202309,0010154,모간스탠리인터내셔날증권회사서울지점,C11,파생상품계약_장내파생상품_이자율관련거래,0,외국계증권사,B,SF205,각주항목(09.06월 이후)
48193,202309,0010154,모간스탠리인터내셔날증권회사서울지점,C12,파생상품계약_장내파생상품_통화관련거래,0,외국계증권사,B,SF205,각주항목(09.06월 이후)
48194,202309,0010154,모간스탠리인터내셔날증권회사서울지점,C13,파생상품계약_장내파생상품_주식관련거래,0,외국계증권사,B,SF205,각주항목(09.06월 이후)
48195,202309,0010154,모간스탠리인터내셔날증권회사서울지점,C14,파생상품계약_장내파생상품_일반상품관련거래,0,외국계증권사,B,SF205,각주항목(09.06월 이후)
48196,202309,0010154,모간스탠리인터내셔날증권회사서울지점,C15,파생상품계약_장내파생상품_기타,0,외국계증권사,B,SF205,각주항목(09.06월 이후)
48197,202309,0010154,모간스탠리인터내셔날증권회사서울지점,C2,파생상품계약_장외파생상품,0,외국계증권사,B,SF205,각주항목(09.06월 이후)
48198,202309,0010154,모간스탠리인터내셔날증권회사서울지점,C21,파생상품계약_장외파생상품_이자율관련거래,0,외국계증권사,B,SF205,각주항목(09.06월 이후)
48199,202309,0010154,모간스탠리인터내셔날증권회사서울지점,C22,파생상품계약_장외파생상품_통화관련거래,0,외국계증권사,B,SF205,각주항목(09.06월 이후)
48200,202309,0010154,모간스탠리인터내셔날증권회사서울지점,C23,파생상품계약_장외파생상품_주식관련거래,0,외국계증권사,B,SF205,각주항목(09.06월 이후)
48201,202309,0010154,모간스탠리인터내셔날증권회사서울지점,C24,파생상품계약_장외파생상품_신용관련거래,0,외국계증권사,B,SF205,각주항목(09.06월 이후)
48202,202309,0010154,모간스탠리인터내셔날증권회사서울지점,C25,파생상품계약_장외파생상품_기타,0,외국계증권사,B,SF205,각주항목(09.06월 이후)
48203,202309,0010154,모간스탠리인터내셔날증권회사서울지점,D,대차 및 대주거래,0,외국계증권사,B,SF205,각주항목(09.06월 이후)
48204,202309,0010154,모간스탠리인터내셔날증권회사서울지점,D1,대차 및 대주거래_대여증권,0,외국계증권사,B,SF205,각주항목(09.06월 이후)
48205,202309,0010154,모간스탠리인터내셔날증권회사서울지점,D2,대차 및 대주거래_차입증권,0,외국계증권사,B,SF205,각주항목(09.06월 이후)
48206,202309,0010154,모간스탠리인터내셔날증권회사서울지점,D3,대차 및 대주거래_신용거래대주,0,외국계증권사,B,SF205,각주항목(09.06월 이후)
48207,202309,0010154,모간스탠리인터내셔날증권회사서울지점,E,대손상각채권,0,외국계증권사,B,SF205,각주항목(09.06월 이후)
48208,202309,0010154,모간스탠리인터내셔날증권회사서울지점,F,환전업무 예치금,0,외국계증권사,B,SF205,각주항목(09.06월 이후)
48209,202309,0010154,모간스탠리인터내셔날증권회사서울지점,G,미배당별도예치금,0,외국계증권사,B,SF205,각주항목(09.06월 이후)
48210,202309,0010154,모간스탠리인터내셔날증권회사서울지점,H,배서어음매출(종금계정),0,외국계증권사,B,SF205,각주항목(09.06월 이후)
48211,202309,0010154,모간스탠리인터내셔날증권회사서울지점,H1,대출채권매매이익_담보부,0,외국계증권사,B,SF205,각주항목(09.06월 이후)
48212,202309,0010154,모간스탠리인터내셔날증권회사서울지점,H2,대출채권매매이익_무담보부,0,외국계증권사,B,SF205,각주항목(09.06월 이후)
48213,202312,0010154,모간스탠리인터내셔날증권회사서울지점,A,채무보증,0,외국계증권사,B,SF205,각주항목(09.06월 이후)
48214,202312,0010154,모간스탠리인터내셔날증권회사서울지점,A1,채무보증_지급보증,0,외국계증권사,B,SF205,각주항목(09.06월 이후)
48215,202312,0010154,모간스탠리인터내셔날증권회사서울지점,A2,채무보증_매입보장약정,0,외국계증권사,B,SF205,각주항목(09.06월 이후)
48216,202312,0010154,모간스탠리인터내셔날증권회사서울지점,A3,채무보증_채무인수약정,0,외국계증권사,B,SF205,각주항목(09.06월 이후)
48217,202312,0010154,모간스탠리인터내셔날증권회사서울지점,A5,채무보증_매입확약,0,외국계증권사,B,SF205,각주항목(09.06월 이후)
48218,202312,0010154,모간스탠리인터내셔날증권회사서울지점,A6,채무보증_기타,0,외국계증권사,B,SF205,각주항목(09.06월 이후)
48219,202312,0010154,모간스탠리인터내셔날증권회사서울지점,B,투자자의 예수증권 등,0,외국계증권사,B,SF205,각주항목(09.06월 이후)
48220,202312,0010154,모간스탠리인터내셔날증권회사서울지점,B1,투자자의 예수증권 등_예수 증권,0,외국계증권사,B,SF205,각주항목(09.06월 이후)
48221,202312,0010154,모간스탠리인터내셔날증권회사서울지점,B2,투자자의 예수증권 등_예수양도성예금증서,0,외국계증권사,B,SF205,각주항목(09.06월 이후)
48222,202312,0010154,모간스탠리인터내셔날증권회사서울지점,B3,투자자의 예수증권 등_기타,0,외국계증권사,B,SF205,각주항목(09.06월 이후)
48223,202312,0010154,모간스탠리인터내셔날증권회사서울지점,C,파생상품계약,0,외국계증권사,B,SF205,각주항목(09.06월 이후)
48224,202312,0010154,모간스탠리인터내셔날증권회사서울지점,C1,파생상품계약_장내파생상품,0,외국계증권사,B,SF205,각주항목(09.06월 이후)
48225,202312,0010154,모간스탠리인터내셔날증권회사서울지점,C11,파생상품계약_장내파생상품_이자율관련거래,0,외국계증권사,B,SF205,각주항목(09.06월 이후)
48226,202312,0010154,모간스탠리인터내셔날증권회사서울지점,C12,파생상품계약_장내파생상품_통화관련거래,0,외국계증권사,B,SF205,각주항목(09.06월 이후)
48227,202312,0010154,모간스탠리인터내셔날증권회사서울지점,C13,파생상품계약_장내파생상품_주식관련거래,0,외국계증권사,B,SF205,각주항목(09.06월 이후)
48228,202312,0010154,모간스탠리인터내셔날증권회사서울지점,C14,파생상품계약_장내파생상품_일반상품관련거래,0,외국계증권사,B,SF205,각주항목(09.06월 이후)
48229,202312,0010154,모간스탠리인터내셔날증권회사서울지점,C15,파생상품계약_장내파생상품_기타,0,외국계증권사,B,SF205,각주항목(09.06월 이후)
48230,202312,0010154,모간스탠리인터내셔날증권회사서울지점,C2,파생상품계약_장외파생상품,0,외국계증권사,B,SF205,각주항목(09.06월 이후)
48231,202312,0010154,모간스탠리인터내셔날증권회사서울지점,C21,파생상품계약_장외파생상품_이자율관련거래,0,외국계증권사,B,SF205,각주항목(09.06월 이후)
48232,202312,0010154,모간스탠리인터내셔날증권회사서울지점,C22,파생상품계약_장외파생상품_통화관련거래,0,외국계증권사,B,SF205,각주항목(09.06월 이후)
48233,202312,0010154,모간스탠리인터내셔날증권회사서울지점,C23,파생상품계약_장외파생상품_주식관련거래,0,외국계증권사,B,SF205,각주항목(09.06월 이후)
48234,202312,0010154,모간스탠리인터내셔날증권회사서울지점,C24,파생상품계약_장외파생상품_신용관련거래,0,외국계증권사,B,SF205,각주항목(09.06월 이후)
48235,202312,0010154,모간스탠리인터내셔날증권회사서울지점,C25,파생상품계약_장외파생상품_기타,0,외국계증권사,B,SF205,각주항목(09.06월 이후)
48236,202312,0010154,모간스탠리인터내셔날증권회사서울지점,D,대차 및 대주거래,0,외국계증권사,B,SF205,각주항목(09.06월 이후)
48237,202312,0010154,모간스탠리인터내셔날증권회사서울지점,D1,대차 및 대주거래_대여증권,0,외국계증권사,B,SF205,각주항목(09.06월 이후)
48238,202312,0010154,모간스탠리인터내셔날증권회사서울지점,D2,대차 및 대주거래_차입증권,0,외국계증권사,B,SF205,각주항목(09.06월 이후)
48239,202312,0010154,모간스탠리인터내셔날증권회사서울지점,D3,대차 및 대주거래_신용거래대주,0,외국계증권사,B,SF205,각주항목(09.06월 이후)
48240,202312,0010154,모간스탠리인터내셔날증권회사서울지점,E,대손상각채권,0,외국계증권사,B,SF205,각주항목(09.06월 이후)
48241,202312,0010154,모간스탠리인터내셔날증권회사서울지점,F,환전업무 예치금,0,외국계증권사,B,SF205,각주항목(09.06월 이후)
48242,202312,0010154,모간스탠리인터내셔날증권회사서울지점,G,미배당별도예치금,0,외국계증권사,B,SF205,각주항목(09.06월 이후)
48243,202312,0010154,모간스탠리인터내셔날증권회사서울지점,H,배서어음매출(종금계정),0,외국계증권사,B,SF205,각주항목(09.06월 이후)
48244,202312,0010154,모간스탠리인터내셔날증권회사서울지점,H1,대출채권매매이익_담보부,0,외국계증권사,B,SF205,각주항목(09.06월 이후)
48245,202312,0010154,모간스탠리인터내셔날증권회사서울지점,H2,대출채권매매이익_무담보부,0,외국계증권사,B,SF205,각주항목(09.06월 이후)
48246,202403,0010154,모간스탠리인터내셔날증권회사서울지점,A,채무보증,0,외국계증권사,B,SF205,각주항목(09.06월 이후)
48247,202403,0010154,모간스탠리인터내셔날증권회사서울지점,A1,채무보증_지급보증,0,외국계증권사,B,SF205,각주항목(09.06월 이후)
48248,202403,0010154,모간스탠리인터내셔날증권회사서울지점,A2,채무보증_매입보장약정,0,외국계증권사,B,SF205,각주항목(09.06월 이후)
48249,202403,0010154,모간스탠리인터내셔날증권회사서울지점,A3,채무보증_채무인수약정,0,외국계증권사,B,SF205,각주항목(09.06월 이후)
48250,202403,0010154,모간스탠리인터내셔날증권회사서울지점,A5,채무보증_매입확약,0,외국계증권사,B,SF205,각주항목(09.06월 이후)
48251,202403,0010154,모간스탠리인터내셔날증권회사서울지점,A6,채무보증_기타,0,외국계증권사,B,SF205,각주항목(09.06월 이후)
48252,202403,0010154,모간스탠리인터내셔날증권회사서울지점,B,투자자의 예수증권 등,0,외국계증권사,B,SF205,각주항목(09.06월 이후)
48253,202403,0010154,모간스탠리인터내셔날증권회사서울지점,B1,투자자의 예수증권 등_예수 증권,0,외국계증권사,B,SF205,각주항목(09.06월 이후)
48254,202403,0010154,모간스탠리인터내셔날증권회사서울지점,B2,투자자의 예수증권 등_예수양도성예금증서,0,외국계증권사,B,SF205,각주항목(09.06월 이후)
48255,202403,0010154,모간스탠리인터내셔날증권회사서울지점,B3,투자자의 예수증권 등_기타,0,외국계증권사,B,SF205,각주항목(09.06월 이후)
48256,202403,0010154,모간스탠리인터내셔날증권회사서울지점,C,파생상품계약,0,외국계증권사,B,SF205,각주항목(09.06월 이후)
48257,202403,0010154,모간스탠리인터내셔날증권회사서울지점,C1,파생상품계약_장내파생상품,0,외국계증권사,B,SF205,각주항목(09.06월 이후)
48258,202403,0010154,모간스탠리인터내셔날증권회사서울지점,C11,파생상품계약_장내파생상품_이자율관련거래,0,외국계증권사,B,SF205,각주항목(09.06월 이후)
48259,202403,0010154,모간스탠리인터내셔날증권회사서울지점,C12,파생상품계약_장내파생상품_통화관련거래,0,외국계증권사,B,SF205,각주항목(09.06월 이후)
48260,202403,0010154,모간스탠리인터내셔날증권회사서울지점,C13,파생상품계약_장내파생상품_주식관련거래,0,외국계증권사,B,SF205,각주항목(09.06월 이후)
48261,202403,0010154,모간스탠리인터내셔날증권회사서울지점,C14,파생상품계약_장내파생상품_일반상품관련거래,0,외국계증권사,B,SF205,각주항목(09.06월 이후)
48262,202403,0010154,모간스탠리인터내셔날증권회사서울지점,C15,파생상품계약_장내파생상품_기타,0,외국계증권사,B,SF205,각주항목(09.06월 이후)
48263,202403,0010154,모간스탠리인터내셔날증권회사서울지점,C2,파생상품계약_장외파생상품,0,외국계증권사,B,SF205,각주항목(09.06월 이후)
48264,202403,0010154,모간스탠리인터내셔날증권회사서울지점,C21,파생상품계약_장외파생상품_이자율관련거래,0,외국계증권사,B,SF205,각주항목(09.06월 이후)
48265,202403,0010154,모간스탠리인터내셔날증권회사서울지점,C22,파생상품계약_장외파생상품_통화관련거래,0,외국계증권사,B,SF205,각주항목(09.06월 이후)
48266,202403,0010154,모간스탠리인터내셔날증권회사서울지점,C23,파생상품계약_장외파생상품_주식관련거래,0,외국계증권사,B,SF205,각주항목(09.06월 이후)
48267,202403,0010154,모간스탠리인터내셔날증권회사서울지점,C24,파생상품계약_장외파생상품_신용관련거래,0,외국계증권사,B,SF205,각주항목(09.06월 이후)
48268,202403,0010154,모간스탠리인터내셔날증권회사서울지점,C25,파생상품계약_장외파생상품_기타,0,외국계증권사,B,SF205,각주항목(09.06월 이후)
48269,202403,0010154,모간스탠리인터내셔날증권회사서울지점,D,대차 및 대주거래,0,외국계증권사,B,SF205,각주항목(09.06월 이후)
48270,202403,0010154,모간스탠리인터내셔날증권회사서울지점,D1,대차 및 대주거래_대여증권,0,외국계증권사,B,SF205,각주항목(09.06월 이후)
48271,202403,0010154,모간스탠리인터내셔날증권회사서울지점,D2,대차 및 대주거래_차입증권,0,외국계증권사,B,SF205,각주항목(09.06월 이후)
48272,202403,0010154,모간스탠리인터내셔날증권회사서울지점,D3,대차 및 대주거래_신용거래대주,0,외국계증권사,B,SF205,각주항목(09.06월 이후)
48273,202403,0010154,모간스탠리인터내셔날증권회사서울지점,E,대손상각채권,0,외국계증권사,B,SF205,각주항목(09.06월 이후)
48274,202403,0010154,모간스탠리인터내셔날증권회사서울지점,F,환전업무 예치금,0,외국계증권사,B,SF205,각주항목(09.06월 이후)
48275,202403,0010154,모간스탠리인터내셔날증권회사서울지점,G,미배당별도예치금,0,외국계증권사,B,SF205,각주항목(09.06월 이후)
48276,202403,0010154,모간스탠리인터내셔날증권회사서울지점,H,배서어음매출(종금계정),0,외국계증권사,B,SF205,각주항목(09.06월 이후)
48277,202403,0010154,모간스탠리인터내셔날증권회사서울지점,H1,대출채권매매이익_담보부,0,외국계증권사,B,SF205,각주항목(09.06월 이후)
48278,202403,0010154,모간스탠리인터내셔날증권회사서울지점,H2,대출채권매매이익_무담보부,0,외국계증권사,B,SF205,각주항목(09.06월 이후)
48279,202406,0010154,모간스탠리인터내셔날증권회사서울지점,A,채무보증,0,외국계증권사,B,SF205,각주항목(09.06월 이후)
48280,202406,0010154,모간스탠리인터내셔날증권회사서울지점,A1,채무보증_지급보증,0,외국계증권사,B,SF205,각주항목(09.06월 이후)
48281,202406,0010154,모간스탠리인터내셔날증권회사서울지점,A2,채무보증_매입보장약정, ,외국계증권사,B,SF205,각주항목(09.06월 이후)
48282,202406,0010154,모간스탠리인터내셔날증권회사서울지점,A3,채무보증_채무인수약정, ,외국계증권사,B,SF205,각주항목(09.06월 이후)
48283,202406,0010154,모간스탠리인터내셔날증권회사서울지점,A5,채무보증_매입확약,0,외국계증권사,B,SF205,각주항목(09.06월 이후)
48284,202406,0010154,모간스탠리인터내셔날증권회사서울지점,A6,채무보증_기타, ,외국계증권사,B,SF205,각주항목(09.06월 이후)
48285,202406,0010154,모간스탠리인터내셔날증권회사서울지점,B,투자자의 예수증권 등,60218475800,외국계증권사,B,SF205,각주항목(09.06월 이후)
48286,202406,0010154,모간스탠리인터내셔날증권회사서울지점,B1,투자자의 예수증권 등_예수 증권,60218475800,외국계증권사,B,SF205,각주항목(09.06월 이후)
48287,202406,0010154,모간스탠리인터내셔날증권회사서울지점,B2,투자자의 예수증권 등_예수양도성예금증서,0,외국계증권사,B,SF205,각주항목(09.06월 이후)
48288,202406,0010154,모간스탠리인터내셔날증권회사서울지점,B3,투자자의 예수증권 등_기타,0,외국계증권사,B,SF205,각주항목(09.06월 이후)
48289,202406,0010154,모간스탠리인터내셔날증권회사서울지점,C,파생상품계약,0,외국계증권사,B,SF205,각주항목(09.06월 이후)
48290,202406,0010154,모간스탠리인터내셔날증권회사서울지점,C1,파생상품계약_장내파생상품,0,외국계증권사,B,SF205,각주항목(09.06월 이후)
48291,202406,0010154,모간스탠리인터내셔날증권회사서울지점,C11,파생상품계약_장내파생상품_이자율관련거래,0,외국계증권사,B,SF205,각주항목(09.06월 이후)
48292,202406,0010154,모간스탠리인터내셔날증권회사서울지점,C12,파생상품계약_장내파생상품_통화관련거래,0,외국계증권사,B,SF205,각주항목(09.06월 이후)
48293,202406,0010154,모간스탠리인터내셔날증권회사서울지점,C13,파생상품계약_장내파생상품_주식관련거래,0,외국계증권사,B,SF205,각주항목(09.06월 이후)
48294,202406,0010154,모간스탠리인터내셔날증권회사서울지점,C14,파생상품계약_장내파생상품_일반상품관련거래,0,외국계증권사,B,SF205,각주항목(09.06월 이후)
48295,202406,0010154,모간스탠리인터내셔날증권회사서울지점,C15,파생상품계약_장내파생상품_기타,0,외국계증권사,B,SF205,각주항목(09.06월 이후)
48296,202406,0010154,모간스탠리인터내셔날증권회사서울지점,C2,파생상품계약_장외파생상품,0,외국계증권사,B,SF205,각주항목(09.06월 이후)
48297,202406,0010154,모간스탠리인터내셔날증권회사서울지점,C21,파생상품계약_장외파생상품_이자율관련거래,0,외국계증권사,B,SF205,각주항목(09.06월 이후)
48298,202406,0010154,모간스탠리인터내셔날증권회사서울지점,C22,파생상품계약_장외파생상품_통화관련거래,0,외국계증권사,B,SF205,각주항목(09.06월 이후)
48299,202406,0010154,모간스탠리인터내셔날증권회사서울지점,C23,파생상품계약_장외파생상품_주식관련거래,0,외국계증권사,B,SF205,각주항목(09.06월 이후)
48300,202406,0010154,모간스탠리인터내셔날증권회사서울지점,C24,파생상품계약_장외파생상품_신용관련거래,0,외국계증권사,B,SF205,각주항목(09.06월 이후)
48301,202406,0010154,모간스탠리인터내셔날증권회사서울지점,C25,파생상품계약_장외파생상품_기타,0,외국계증권사,B,SF205,각주항목(09.06월 이후)
48302,202406,0010154,모간스탠리인터내셔날증권회사서울지점,D,대차 및 대주거래,0,외국계증권사,B,SF205,각주항목(09.06월 이후)
48303,202406,0010154,모간스탠리인터내셔날증권회사서울지점,D1,대차 및 대주거래_대여증권,0,외국계증권사,B,SF205,각주항목(09.06월 이후)
48304,202406,0010154,모간스탠리인터내셔날증권회사서울지점,D2,대차 및 대주거래_차입증권,0,외국계증권사,B,SF205,각주항목(09.06월 이후)
48305,202406,0010154,모간스탠리인터내셔날증권회사서울지점,D3,대차 및 대주거래_신용거래대주,0,외국계증권사,B,SF205,각주항목(09.06월 이후)
48306,202406,0010154,모간스탠리인터내셔날증권회사서울지점,E,대손상각채권,0,외국계증권사,B,SF205,각주항목(09.06월 이후)
48307,202406,0010154,모간스탠리인터내셔날증권회사서울지점,F,환전업무 예치금,0,외국계증권사,B,SF205,각주항목(09.06월 이후)
48308,202406,0010154,모간스탠리인터내셔날증권회사서울지점,G,미배당별도예치금,0,외국계증권사,B,SF205,각주항목(09.06월 이후)
48309,202406,0010154,모간스탠리인터내셔날증권회사서울지점,H,배서어음매출(종금계정),0,외국계증권사,B,SF205,각주항목(09.06월 이후)
48310,202406,0010154,모간스탠리인터내셔날증권회사서울지점,H1,대출채권매매이익_담보부,0,외국계증권사,B,SF205,각주항목(09.06월 이후)
48311,202406,0010154,모간스탠리인터내셔날증권회사서울지점,H2,대출채권매매이익_무담보부,0,외국계증권사,B,SF205,각주항목(09.06월 이후)
48312,202409,0010154,모간스탠리인터내셔날증권회사서울지점,A,채무보증,0,외국계증권사,B,SF205,각주항목(09.06월 이후)
48313,202409,0010154,모간스탠리인터내셔날증권회사서울지점,A1,채무보증_지급보증,0,외국계증권사,B,SF205,각주항목(09.06월 이후)
48314,202409,0010154,모간스탠리인터내셔날증권회사서울지점,A2,채무보증_매입보장약정,0,외국계증권사,B,SF205,각주항목(09.06월 이후)
48315,202409,0010154,모간스탠리인터내셔날증권회사서울지점,A3,채무보증_채무인수약정,0,외국계증권사,B,SF205,각주항목(09.06월 이후)
48316,202409,0010154,모간스탠리인터내셔날증권회사서울지점,A5,채무보증_매입확약,0,외국계증권사,B,SF205,각주항목(09.06월 이후)
48317,202409,0010154,모간스탠리인터내셔날증권회사서울지점,A6,채무보증_기타,0,외국계증권사,B,SF205,각주항목(09.06월 이후)
48318,202409,0010154,모간스탠리인터내셔날증권회사서울지점,B,투자자의 예수증권 등,50428507265,외국계증권사,B,SF205,각주항목(09.06월 이후)
48319,202409,0010154,모간스탠리인터내셔날증권회사서울지점,B1,투자자의 예수증권 등_예수 증권,50428507265,외국계증권사,B,SF205,각주항목(09.06월 이후)
48320,202409,0010154,모간스탠리인터내셔날증권회사서울지점,B2,투자자의 예수증권 등_예수양도성예금증서,0,외국계증권사,B,SF205,각주항목(09.06월 이후)
48321,202409,0010154,모간스탠리인터내셔날증권회사서울지점,B3,투자자의 예수증권 등_기타,0,외국계증권사,B,SF205,각주항목(09.06월 이후)
48322,202409,0010154,모간스탠리인터내셔날증권회사서울지점,C,파생상품계약,0,외국계증권사,B,SF205,각주항목(09.06월 이후)
48323,202409,0010154,모간스탠리인터내셔날증권회사서울지점,C1,파생상품계약_장내파생상품,0,외국계증권사,B,SF205,각주항목(09.06월 이후)
48324,202409,0010154,모간스탠리인터내셔날증권회사서울지점,C11,파생상품계약_장내파생상품_이자율관련거래,0,외국계증권사,B,SF205,각주항목(09.06월 이후)
48325,202409,0010154,모간스탠리인터내셔날증권회사서울지점,C12,파생상품계약_장내파생상품_통화관련거래,0,외국계증권사,B,SF205,각주항목(09.06월 이후)
48326,202409,0010154,모간스탠리인터내셔날증권회사서울지점,C13,파생상품계약_장내파생상품_주식관련거래,0,외국계증권사,B,SF205,각주항목(09.06월 이후)
48327,202409,0010154,모간스탠리인터내셔날증권회사서울지점,C14,파생상품계약_장내파생상품_일반상품관련거래,0,외국계증권사,B,SF205,각주항목(09.06월 이후)
48328,202409,0010154,모간스탠리인터내셔날증권회사서울지점,C15,파생상품계약_장내파생상품_기타,0,외국계증권사,B,SF205,각주항목(09.06월 이후)
48329,202409,0010154,모간스탠리인터내셔날증권회사서울지점,C2,파생상품계약_장외파생상품,0,외국계증권사,B,SF205,각주항목(09.06월 이후)
48330,202409,0010154,모간스탠리인터내셔날증권회사서울지점,C21,파생상품계약_장외파생상품_이자율관련거래,0,외국계증권사,B,SF205,각주항목(09.06월 이후)
48331,202409,0010154,모간스탠리인터내셔날증권회사서울지점,C22,파생상품계약_장외파생상품_통화관련거래,0,외국계증권사,B,SF205,각주항목(09.06월 이후)
48332,202409,0010154,모간스탠리인터내셔날증권회사서울지점,C23,파생상품계약_장외파생상품_주식관련거래,0,외국계증권사,B,SF205,각주항목(09.06월 이후)
48333,202409,0010154,모간스탠리인터내셔날증권회사서울지점,C24,파생상품계약_장외파생상품_신용관련거래,0,외국계증권사,B,SF205,각주항목(09.06월 이후)
48334,202409,0010154,모간스탠리인터내셔날증권회사서울지점,C25,파생상품계약_장외파생상품_기타,0,외국계증권사,B,SF205,각주항목(09.06월 이후)
48335,202409,0010154,모간스탠리인터내셔날증권회사서울지점,D,대차 및 대주거래,0,외국계증권사,B,SF205,각주항목(09.06월 이후)
48336,202409,0010154,모간스탠리인터내셔날증권회사서울지점,D1,대차 및 대주거래_대여증권,0,외국계증권사,B,SF205,각주항목(09.06월 이후)
48337,202409,0010154,모간스탠리인터내셔날증권회사서울지점,D2,대차 및 대주거래_차입증권,0,외국계증권사,B,SF205,각주항목(09.06월 이후)
48338,202409,0010154,모간스탠리인터내셔날증권회사서울지점,D3,대차 및 대주거래_신용거래대주,0,외국계증권사,B,SF205,각주항목(09.06월 이후)
48339,202409,0010154,모간스탠리인터내셔날증권회사서울지점,E,대손상각채권,0,외국계증권사,B,SF205,각주항목(09.06월 이후)
48340,202409,0010154,모간스탠리인터내셔날증권회사서울지점,F,환전업무 예치금,0,외국계증권사,B,SF205,각주항목(09.06월 이후)
48341,202409,0010154,모간스탠리인터내셔날증권회사서울지점,G,미배당별도예치금,0,외국계증권사,B,SF205,각주항목(09.06월 이후)
48342,202409,0010154,모간스탠리인터내셔날증권회사서울지점,H,배서어음매출(종금계정),0,외국계증권사,B,SF205,각주항목(09.06월 이후)
48343,202409,0010154,모간스탠리인터내셔날증권회사서울지점,H1,대출채권매매이익_담보부,0,외국계증권사,B,SF205,각주항목(09.06월 이후)
48344,202409,0010154,모간스탠리인터내셔날증권회사서울지점,H2,대출채권매매이익_무담보부,0,외국계증권사,B,SF205,각주항목(09.06월 이후)
48345,202412,0010154,모간스탠리인터내셔날증권회사서울지점,A,채무보증,0,외국계증권사,B,SF205,각주항목(09.06월 이후)
48346,202412,0010154,모간스탠리인터내셔날증권회사서울지점,A1,채무보증_지급보증,0,외국계증권사,B,SF205,각주항목(09.06월 이후)
48347,202412,0010154,모간스탠리인터내셔날증권회사서울지점,A2,채무보증_매입보장약정,0,외국계증권사,B,SF205,각주항목(09.06월 이후)
48348,202412,0010154,모간스탠리인터내셔날증권회사서울지점,A3,채무보증_채무인수약정,0,외국계증권사,B,SF205,각주항목(09.06월 이후)
48349,202412,0010154,모간스탠리인터내셔날증권회사서울지점,A5,채무보증_매입확약,0,외국계증권사,B,SF205,각주항목(09.06월 이후)
48350,202412,0010154,모간스탠리인터내셔날증권회사서울지점,A6,채무보증_기타,0,외국계증권사,B,SF205,각주항목(09.06월 이후)
48351,202412,0010154,모간스탠리인터내셔날증권회사서울지점,B,투자자의 예수증권 등,0,외국계증권사,B,SF205,각주항목(09.06월 이후)
48352,202412,0010154,모간스탠리인터내셔날증권회사서울지점,B1,투자자의 예수증권 등_예수 증권,0,외국계증권사,B,SF205,각주항목(09.06월 이후)
48353,202412,0010154,모간스탠리인터내셔날증권회사서울지점,B2,투자자의 예수증권 등_예수양도성예금증서,0,외국계증권사,B,SF205,각주항목(09.06월 이후)
48354,202412,0010154,모간스탠리인터내셔날증권회사서울지점,B3,투자자의 예수증권 등_기타,0,외국계증권사,B,SF205,각주항목(09.06월 이후)
48355,202412,0010154,모간스탠리인터내셔날증권회사서울지점,C,파생상품계약,0,외국계증권사,B,SF205,각주항목(09.06월 이후)
48356,202412,0010154,모간스탠리인터내셔날증권회사서울지점,C1,파생상품계약_장내파생상품,0,외국계증권사,B,SF205,각주항목(09.06월 이후)
48357,202412,0010154,모간스탠리인터내셔날증권회사서울지점,C11,파생상품계약_장내파생상품_이자율관련거래,0,외국계증권사,B,SF205,각주항목(09.06월 이후)
48358,202412,0010154,모간스탠리인터내셔날증권회사서울지점,C12,파생상품계약_장내파생상품_통화관련거래,0,외국계증권사,B,SF205,각주항목(09.06월 이후)
48359,202412,0010154,모간스탠리인터내셔날증권회사서울지점,C13,파생상품계약_장내파생상품_주식관련거래,0,외국계증권사,B,SF205,각주항목(09.06월 이후)
48360,202412,0010154,모간스탠리인터내셔날증권회사서울지점,C14,파생상품계약_장내파생상품_일반상품관련거래,0,외국계증권사,B,SF205,각주항목(09.06월 이후)
48361,202412,0010154,모간스탠리인터내셔날증권회사서울지점,C15,파생상품계약_장내파생상품_기타,0,외국계증권사,B,SF205,각주항목(09.06월 이후)
48362,202412,0010154,모간스탠리인터내셔날증권회사서울지점,C2,파생상품계약_장외파생상품,0,외국계증권사,B,SF205,각주항목(09.06월 이후)
48363,202412,0010154,모간스탠리인터내셔날증권회사서울지점,C21,파생상품계약_장외파생상품_이자율관련거래,0,외국계증권사,B,SF205,각주항목(09.06월 이후)
48364,202412,0010154,모간스탠리인터내셔날증권회사서울지점,C22,파생상품계약_장외파생상품_통화관련거래,0,외국계증권사,B,SF205,각주항목(09.06월 이후)
48365,202412,0010154,모간스탠리인터내셔날증권회사서울지점,C23,파생상품계약_장외파생상품_주식관련거래,0,외국계증권사,B,SF205,각주항목(09.06월 이후)
48366,202412,0010154,모간스탠리인터내셔날증권회사서울지점,C24,파생상품계약_장외파생상품_신용관련거래,0,외국계증권사,B,SF205,각주항목(09.06월 이후)
48367,202412,0010154,모간스탠리인터내셔날증권회사서울지점,C25,파생상품계약_장외파생상품_기타,0,외국계증권사,B,SF205,각주항목(09.06월 이후)
48368,202412,0010154,모간스탠리인터내셔날증권회사서울지점,D,대차 및 대주거래,0,외국계증권사,B,SF205,각주항목(09.06월 이후)
48369,202412,0010154,모간스탠리인터내셔날증권회사서울지점,D1,대차 및 대주거래_대여증권,0,외국계증권사,B,SF205,각주항목(09.06월 이후)
48370,202412,0010154,모간스탠리인터내셔날증권회사서울지점,D2,대차 및 대주거래_차입증권,0,외국계증권사,B,SF205,각주항목(09.06월 이후)
48371,202412,0010154,모간스탠리인터내셔날증권회사서울지점,D3,대차 및 대주거래_신용거래대주,0,외국계증권사,B,SF205,각주항목(09.06월 이후)
48372,202412,0010154,모간스탠리인터내셔날증권회사서울지점,E,대손상각채권,0,외국계증권사,B,SF205,각주항목(09.06월 이후)
48373,202412,0010154,모간스탠리인터내셔날증권회사서울지점,F,환전업무 예치금,0,외국계증권사,B,SF205,각주항목(09.06월 이후)
48374,202412,0010154,모간스탠리인터내셔날증권회사서울지점,G,미배당별도예치금,0,외국계증권사,B,SF205,각주항목(09.06월 이후)
48375,202412,0010154,모간스탠리인터내셔날증권회사서울지점,H,배서어음매출(종금계정),0,외국계증권사,B,SF205,각주항목(09.06월 이후)
48376,202412,0010154,모간스탠리인터내셔날증권회사서울지점,H1,대출채권매매이익_담보부,0,외국계증권사,B,SF205,각주항목(09.06월 이후)
48377,202412,0010154,모간스탠리인터내셔날증권회사서울지점,H2,대출채권매매이익_무담보부,0,외국계증권사,B,SF205,각주항목(09.06월 이후)
48378,201703,0013352,씨지에스 인터내셔널증권 홍콩 한국지점,A,채무보증,0,외국계증권사,B,SF205,각주항목(09.06월 이후)
48379,201703,0013352,씨지에스 인터내셔널증권 홍콩 한국지점,A1,채무보증_지급보증,0,외국계증권사,B,SF205,각주항목(09.06월 이후)
48380,201703,0013352,씨지에스 인터내셔널증권 홍콩 한국지점,A2,채무보증_매입보장약정,0,외국계증권사,B,SF205,각주항목(09.06월 이후)
48381,201703,0013352,씨지에스 인터내셔널증권 홍콩 한국지점,A3,채무보증_채무인수약정,0,외국계증권사,B,SF205,각주항목(09.06월 이후)
48382,201703,0013352,씨지에스 인터내셔널증권 홍콩 한국지점,A5,채무보증_매입확약,0,외국계증권사,B,SF205,각주항목(09.06월 이후)
48383,201703,0013352,씨지에스 인터내셔널증권 홍콩 한국지점,A6,채무보증_기타,0,외국계증권사,B,SF205,각주항목(09.06월 이후)
48384,201703,0013352,씨지에스 인터내셔널증권 홍콩 한국지점,B,투자자의 예수증권 등,0,외국계증권사,B,SF205,각주항목(09.06월 이후)
48385,201703,0013352,씨지에스 인터내셔널증권 홍콩 한국지점,B1,투자자의 예수증권 등_예수 증권,0,외국계증권사,B,SF205,각주항목(09.06월 이후)
48386,201703,0013352,씨지에스 인터내셔널증권 홍콩 한국지점,B2,투자자의 예수증권 등_예수양도성예금증서,0,외국계증권사,B,SF205,각주항목(09.06월 이후)
48387,201703,0013352,씨지에스 인터내셔널증권 홍콩 한국지점,B3,투자자의 예수증권 등_기타,0,외국계증권사,B,SF205,각주항목(09.06월 이후)
48388,201703,0013352,씨지에스 인터내셔널증권 홍콩 한국지점,C,파생상품계약,0,외국계증권사,B,SF205,각주항목(09.06월 이후)
48389,201703,0013352,씨지에스 인터내셔널증권 홍콩 한국지점,C1,파생상품계약_장내파생상품,0,외국계증권사,B,SF205,각주항목(09.06월 이후)
48390,201703,0013352,씨지에스 인터내셔널증권 홍콩 한국지점,C11,파생상품계약_장내파생상품_이자율관련거래,0,외국계증권사,B,SF205,각주항목(09.06월 이후)
48391,201703,0013352,씨지에스 인터내셔널증권 홍콩 한국지점,C12,파생상품계약_장내파생상품_통화관련거래,0,외국계증권사,B,SF205,각주항목(09.06월 이후)
48392,201703,0013352,씨지에스 인터내셔널증권 홍콩 한국지점,C13,파생상품계약_장내파생상품_주식관련거래,0,외국계증권사,B,SF205,각주항목(09.06월 이후)
48393,201703,0013352,씨지에스 인터내셔널증권 홍콩 한국지점,C14,파생상품계약_장내파생상품_일반상품관련거래,0,외국계증권사,B,SF205,각주항목(09.06월 이후)
48394,201703,0013352,씨지에스 인터내셔널증권 홍콩 한국지점,C15,파생상품계약_장내파생상품_기타,0,외국계증권사,B,SF205,각주항목(09.06월 이후)
48395,201703,0013352,씨지에스 인터내셔널증권 홍콩 한국지점,C2,파생상품계약_장외파생상품,0,외국계증권사,B,SF205,각주항목(09.06월 이후)
48396,201703,0013352,씨지에스 인터내셔널증권 홍콩 한국지점,C21,파생상품계약_장외파생상품_이자율관련거래,0,외국계증권사,B,SF205,각주항목(09.06월 이후)
48397,201703,0013352,씨지에스 인터내셔널증권 홍콩 한국지점,C22,파생상품계약_장외파생상품_통화관련거래,0,외국계증권사,B,SF205,각주항목(09.06월 이후)
48398,201703,0013352,씨지에스 인터내셔널증권 홍콩 한국지점,C23,파생상품계약_장외파생상품_주식관련거래,0,외국계증권사,B,SF205,각주항목(09.06월 이후)
48399,201703,0013352,씨지에스 인터내셔널증권 홍콩 한국지점,C24,파생상품계약_장외파생상품_신용관련거래,0,외국계증권사,B,SF205,각주항목(09.06월 이후)
48400,201703,0013352,씨지에스 인터내셔널증권 홍콩 한국지점,C25,파생상품계약_장외파생상품_기타,0,외국계증권사,B,SF205,각주항목(09.06월 이후)
48401,201703,0013352,씨지에스 인터내셔널증권 홍콩 한국지점,D,대차 및 대주거래,0,외국계증권사,B,SF205,각주항목(09.06월 이후)
48402,201703,0013352,씨지에스 인터내셔널증권 홍콩 한국지점,D1,대차 및 대주거래_대여증권,0,외국계증권사,B,SF205,각주항목(09.06월 이후)
48403,201703,0013352,씨지에스 인터내셔널증권 홍콩 한국지점,D2,대차 및 대주거래_차입증권,0,외국계증권사,B,SF205,각주항목(09.06월 이후)
48404,201703,0013352,씨지에스 인터내셔널증권 홍콩 한국지점,D3,대차 및 대주거래_신용거래대주,0,외국계증권사,B,SF205,각주항목(09.06월 이후)
48405,201703,0013352,씨지에스 인터내셔널증권 홍콩 한국지점,E,대손상각채권,0,외국계증권사,B,SF205,각주항목(09.06월 이후)
48406,201703,0013352,씨지에스 인터내셔널증권 홍콩 한국지점,F,환전업무 예치금,0,외국계증권사,B,SF205,각주항목(09.06월 이후)
48407,201703,0013352,씨지에스 인터내셔널증권 홍콩 한국지점,G,미배당별도예치금,0,외국계증권사,B,SF205,각주항목(09.06월 이후)
48408,201703,0013352,씨지에스 인터내셔널증권 홍콩 한국지점,H,배서어음매출(종금계정),0,외국계증권사,B,SF205,각주항목(09.06월 이후)
48409,201703,0013352,씨지에스 인터내셔널증권 홍콩 한국지점,H1,대출채권매매이익_담보부,0,외국계증권사,B,SF205,각주항목(09.06월 이후)
48410,201703,0013352,씨지에스 인터내셔널증권 홍콩 한국지점,H2,대출채권매매이익_무담보부,0,외국계증권사,B,SF205,각주항목(09.06월 이후)
48411,201706,0013352,씨지에스 인터내셔널증권 홍콩 한국지점,A,채무보증,0,외국계증권사,B,SF205,각주항목(09.06월 이후)
48412,201706,0013352,씨지에스 인터내셔널증권 홍콩 한국지점,A1,채무보증_지급보증,0,외국계증권사,B,SF205,각주항목(09.06월 이후)
48413,201706,0013352,씨지에스 인터내셔널증권 홍콩 한국지점,A2,채무보증_매입보장약정,0,외국계증권사,B,SF205,각주항목(09.06월 이후)
48414,201706,0013352,씨지에스 인터내셔널증권 홍콩 한국지점,A3,채무보증_채무인수약정,0,외국계증권사,B,SF205,각주항목(09.06월 이후)
48415,201706,0013352,씨지에스 인터내셔널증권 홍콩 한국지점,A5,채무보증_매입확약,0,외국계증권사,B,SF205,각주항목(09.06월 이후)
48416,201706,0013352,씨지에스 인터내셔널증권 홍콩 한국지점,A6,채무보증_기타,0,외국계증권사,B,SF205,각주항목(09.06월 이후)
48417,201706,0013352,씨지에스 인터내셔널증권 홍콩 한국지점,B,투자자의 예수증권 등,0,외국계증권사,B,SF205,각주항목(09.06월 이후)
48418,201706,0013352,씨지에스 인터내셔널증권 홍콩 한국지점,B1,투자자의 예수증권 등_예수 증권,0,외국계증권사,B,SF205,각주항목(09.06월 이후)
48419,201706,0013352,씨지에스 인터내셔널증권 홍콩 한국지점,B2,투자자의 예수증권 등_예수양도성예금증서,0,외국계증권사,B,SF205,각주항목(09.06월 이후)
48420,201706,0013352,씨지에스 인터내셔널증권 홍콩 한국지점,B3,투자자의 예수증권 등_기타,0,외국계증권사,B,SF205,각주항목(09.06월 이후)
48421,201706,0013352,씨지에스 인터내셔널증권 홍콩 한국지점,C,파생상품계약,0,외국계증권사,B,SF205,각주항목(09.06월 이후)
48422,201706,0013352,씨지에스 인터내셔널증권 홍콩 한국지점,C1,파생상품계약_장내파생상품,0,외국계증권사,B,SF205,각주항목(09.06월 이후)
48423,201706,0013352,씨지에스 인터내셔널증권 홍콩 한국지점,C11,파생상품계약_장내파생상품_이자율관련거래,0,외국계증권사,B,SF205,각주항목(09.06월 이후)
48424,201706,0013352,씨지에스 인터내셔널증권 홍콩 한국지점,C12,파생상품계약_장내파생상품_통화관련거래,0,외국계증권사,B,SF205,각주항목(09.06월 이후)
48425,201706,0013352,씨지에스 인터내셔널증권 홍콩 한국지점,C13,파생상품계약_장내파생상품_주식관련거래,0,외국계증권사,B,SF205,각주항목(09.06월 이후)
48426,201706,0013352,씨지에스 인터내셔널증권 홍콩 한국지점,C14,파생상품계약_장내파생상품_일반상품관련거래,0,외국계증권사,B,SF205,각주항목(09.06월 이후)
48427,201706,0013352,씨지에스 인터내셔널증권 홍콩 한국지점,C15,파생상품계약_장내파생상품_기타,0,외국계증권사,B,SF205,각주항목(09.06월 이후)
48428,201706,0013352,씨지에스 인터내셔널증권 홍콩 한국지점,C2,파생상품계약_장외파생상품,0,외국계증권사,B,SF205,각주항목(09.06월 이후)
48429,201706,0013352,씨지에스 인터내셔널증권 홍콩 한국지점,C21,파생상품계약_장외파생상품_이자율관련거래,0,외국계증권사,B,SF205,각주항목(09.06월 이후)
48430,201706,0013352,씨지에스 인터내셔널증권 홍콩 한국지점,C22,파생상품계약_장외파생상품_통화관련거래,0,외국계증권사,B,SF205,각주항목(09.06월 이후)
48431,201706,0013352,씨지에스 인터내셔널증권 홍콩 한국지점,C23,파생상품계약_장외파생상품_주식관련거래,0,외국계증권사,B,SF205,각주항목(09.06월 이후)
48432,201706,0013352,씨지에스 인터내셔널증권 홍콩 한국지점,C24,파생상품계약_장외파생상품_신용관련거래,0,외국계증권사,B,SF205,각주항목(09.06월 이후)
48433,201706,0013352,씨지에스 인터내셔널증권 홍콩 한국지점,C25,파생상품계약_장외파생상품_기타,0,외국계증권사,B,SF205,각주항목(09.06월 이후)
48434,201706,0013352,씨지에스 인터내셔널증권 홍콩 한국지점,D,대차 및 대주거래,0,외국계증권사,B,SF205,각주항목(09.06월 이후)
48435,201706,0013352,씨지에스 인터내셔널증권 홍콩 한국지점,D1,대차 및 대주거래_대여증권,0,외국계증권사,B,SF205,각주항목(09.06월 이후)
48436,201706,0013352,씨지에스 인터내셔널증권 홍콩 한국지점,D2,대차 및 대주거래_차입증권,0,외국계증권사,B,SF205,각주항목(09.06월 이후)
48437,201706,0013352,씨지에스 인터내셔널증권 홍콩 한국지점,D3,대차 및 대주거래_신용거래대주,0,외국계증권사,B,SF205,각주항목(09.06월 이후)
48438,201706,0013352,씨지에스 인터내셔널증권 홍콩 한국지점,E,대손상각채권,0,외국계증권사,B,SF205,각주항목(09.06월 이후)
48439,201706,0013352,씨지에스 인터내셔널증권 홍콩 한국지점,F,환전업무 예치금,0,외국계증권사,B,SF205,각주항목(09.06월 이후)
48440,201706,0013352,씨지에스 인터내셔널증권 홍콩 한국지점,G,미배당별도예치금,0,외국계증권사,B,SF205,각주항목(09.06월 이후)
48441,201706,0013352,씨지에스 인터내셔널증권 홍콩 한국지점,H,배서어음매출(종금계정),0,외국계증권사,B,SF205,각주항목(09.06월 이후)
48442,201706,0013352,씨지에스 인터내셔널증권 홍콩 한국지점,H1,대출채권매매이익_담보부,0,외국계증권사,B,SF205,각주항목(09.06월 이후)
48443,201706,0013352,씨지에스 인터내셔널증권 홍콩 한국지점,H2,대출채권매매이익_무담보부,0,외국계증권사,B,SF205,각주항목(09.06월 이후)
48444,201709,0013352,씨지에스 인터내셔널증권 홍콩 한국지점,A,채무보증,0,외국계증권사,B,SF205,각주항목(09.06월 이후)
48445,201709,0013352,씨지에스 인터내셔널증권 홍콩 한국지점,A1,채무보증_지급보증,0,외국계증권사,B,SF205,각주항목(09.06월 이후)
48446,201709,0013352,씨지에스 인터내셔널증권 홍콩 한국지점,A2,채무보증_매입보장약정,0,외국계증권사,B,SF205,각주항목(09.06월 이후)
48447,201709,0013352,씨지에스 인터내셔널증권 홍콩 한국지점,A3,채무보증_채무인수약정,0,외국계증권사,B,SF205,각주항목(09.06월 이후)
48448,201709,0013352,씨지에스 인터내셔널증권 홍콩 한국지점,A5,채무보증_매입확약,0,외국계증권사,B,SF205,각주항목(09.06월 이후)
48449,201709,0013352,씨지에스 인터내셔널증권 홍콩 한국지점,A6,채무보증_기타,0,외국계증권사,B,SF205,각주항목(09.06월 이후)
48450,201709,0013352,씨지에스 인터내셔널증권 홍콩 한국지점,B,투자자의 예수증권 등,0,외국계증권사,B,SF205,각주항목(09.06월 이후)
48451,201709,0013352,씨지에스 인터내셔널증권 홍콩 한국지점,B1,투자자의 예수증권 등_예수 증권,0,외국계증권사,B,SF205,각주항목(09.06월 이후)
48452,201709,0013352,씨지에스 인터내셔널증권 홍콩 한국지점,B2,투자자의 예수증권 등_예수양도성예금증서,0,외국계증권사,B,SF205,각주항목(09.06월 이후)
48453,201709,0013352,씨지에스 인터내셔널증권 홍콩 한국지점,B3,투자자의 예수증권 등_기타,0,외국계증권사,B,SF205,각주항목(09.06월 이후)
48454,201709,0013352,씨지에스 인터내셔널증권 홍콩 한국지점,C,파생상품계약,0,외국계증권사,B,SF205,각주항목(09.06월 이후)
48455,201709,0013352,씨지에스 인터내셔널증권 홍콩 한국지점,C1,파생상품계약_장내파생상품,0,외국계증권사,B,SF205,각주항목(09.06월 이후)
48456,201709,0013352,씨지에스 인터내셔널증권 홍콩 한국지점,C11,파생상품계약_장내파생상품_이자율관련거래,0,외국계증권사,B,SF205,각주항목(09.06월 이후)
48457,201709,0013352,씨지에스 인터내셔널증권 홍콩 한국지점,C12,파생상품계약_장내파생상품_통화관련거래,0,외국계증권사,B,SF205,각주항목(09.06월 이후)
48458,201709,0013352,씨지에스 인터내셔널증권 홍콩 한국지점,C13,파생상품계약_장내파생상품_주식관련거래,0,외국계증권사,B,SF205,각주항목(09.06월 이후)
48459,201709,0013352,씨지에스 인터내셔널증권 홍콩 한국지점,C14,파생상품계약_장내파생상품_일반상품관련거래,0,외국계증권사,B,SF205,각주항목(09.06월 이후)
48460,201709,0013352,씨지에스 인터내셔널증권 홍콩 한국지점,C15,파생상품계약_장내파생상품_기타,0,외국계증권사,B,SF205,각주항목(09.06월 이후)
48461,201709,0013352,씨지에스 인터내셔널증권 홍콩 한국지점,C2,파생상품계약_장외파생상품,0,외국계증권사,B,SF205,각주항목(09.06월 이후)
48462,201709,0013352,씨지에스 인터내셔널증권 홍콩 한국지점,C21,파생상품계약_장외파생상품_이자율관련거래,0,외국계증권사,B,SF205,각주항목(09.06월 이후)
48463,201709,0013352,씨지에스 인터내셔널증권 홍콩 한국지점,C22,파생상품계약_장외파생상품_통화관련거래,0,외국계증권사,B,SF205,각주항목(09.06월 이후)
48464,201709,0013352,씨지에스 인터내셔널증권 홍콩 한국지점,C23,파생상품계약_장외파생상품_주식관련거래,0,외국계증권사,B,SF205,각주항목(09.06월 이후)
48465,201709,0013352,씨지에스 인터내셔널증권 홍콩 한국지점,C24,파생상품계약_장외파생상품_신용관련거래,0,외국계증권사,B,SF205,각주항목(09.06월 이후)
48466,201709,0013352,씨지에스 인터내셔널증권 홍콩 한국지점,C25,파생상품계약_장외파생상품_기타,0,외국계증권사,B,SF205,각주항목(09.06월 이후)
48467,201709,0013352,씨지에스 인터내셔널증권 홍콩 한국지점,D,대차 및 대주거래,0,외국계증권사,B,SF205,각주항목(09.06월 이후)
48468,201709,0013352,씨지에스 인터내셔널증권 홍콩 한국지점,D1,대차 및 대주거래_대여증권,0,외국계증권사,B,SF205,각주항목(09.06월 이후)
48469,201709,0013352,씨지에스 인터내셔널증권 홍콩 한국지점,D2,대차 및 대주거래_차입증권,0,외국계증권사,B,SF205,각주항목(09.06월 이후)
48470,201709,0013352,씨지에스 인터내셔널증권 홍콩 한국지점,D3,대차 및 대주거래_신용거래대주,0,외국계증권사,B,SF205,각주항목(09.06월 이후)
48471,201709,0013352,씨지에스 인터내셔널증권 홍콩 한국지점,E,대손상각채권,0,외국계증권사,B,SF205,각주항목(09.06월 이후)
48472,201709,0013352,씨지에스 인터내셔널증권 홍콩 한국지점,F,환전업무 예치금,0,외국계증권사,B,SF205,각주항목(09.06월 이후)
48473,201709,0013352,씨지에스 인터내셔널증권 홍콩 한국지점,G,미배당별도예치금,0,외국계증권사,B,SF205,각주항목(09.06월 이후)
48474,201709,0013352,씨지에스 인터내셔널증권 홍콩 한국지점,H,배서어음매출(종금계정),0,외국계증권사,B,SF205,각주항목(09.06월 이후)
48475,201709,0013352,씨지에스 인터내셔널증권 홍콩 한국지점,H1,대출채권매매이익_담보부,0,외국계증권사,B,SF205,각주항목(09.06월 이후)
48476,201709,0013352,씨지에스 인터내셔널증권 홍콩 한국지점,H2,대출채권매매이익_무담보부,0,외국계증권사,B,SF205,각주항목(09.06월 이후)
48477,201712,0013352,씨지에스 인터내셔널증권 홍콩 한국지점,A,채무보증,0,외국계증권사,B,SF205,각주항목(09.06월 이후)
48478,201712,0013352,씨지에스 인터내셔널증권 홍콩 한국지점,A1,채무보증_지급보증,0,외국계증권사,B,SF205,각주항목(09.06월 이후)
48479,201712,0013352,씨지에스 인터내셔널증권 홍콩 한국지점,A2,채무보증_매입보장약정,0,외국계증권사,B,SF205,각주항목(09.06월 이후)
48480,201712,0013352,씨지에스 인터내셔널증권 홍콩 한국지점,A3,채무보증_채무인수약정,0,외국계증권사,B,SF205,각주항목(09.06월 이후)
48481,201712,0013352,씨지에스 인터내셔널증권 홍콩 한국지점,A5,채무보증_매입확약,0,외국계증권사,B,SF205,각주항목(09.06월 이후)
48482,201712,0013352,씨지에스 인터내셔널증권 홍콩 한국지점,A6,채무보증_기타,0,외국계증권사,B,SF205,각주항목(09.06월 이후)
48483,201712,0013352,씨지에스 인터내셔널증권 홍콩 한국지점,B,투자자의 예수증권 등,0,외국계증권사,B,SF205,각주항목(09.06월 이후)
48484,201712,0013352,씨지에스 인터내셔널증권 홍콩 한국지점,B1,투자자의 예수증권 등_예수 증권,0,외국계증권사,B,SF205,각주항목(09.06월 이후)
48485,201712,0013352,씨지에스 인터내셔널증권 홍콩 한국지점,B2,투자자의 예수증권 등_예수양도성예금증서,0,외국계증권사,B,SF205,각주항목(09.06월 이후)
48486,201712,0013352,씨지에스 인터내셔널증권 홍콩 한국지점,B3,투자자의 예수증권 등_기타,0,외국계증권사,B,SF205,각주항목(09.06월 이후)
48487,201712,0013352,씨지에스 인터내셔널증권 홍콩 한국지점,C,파생상품계약,0,외국계증권사,B,SF205,각주항목(09.06월 이후)
48488,201712,0013352,씨지에스 인터내셔널증권 홍콩 한국지점,C1,파생상품계약_장내파생상품,0,외국계증권사,B,SF205,각주항목(09.06월 이후)
48489,201712,0013352,씨지에스 인터내셔널증권 홍콩 한국지점,C11,파생상품계약_장내파생상품_이자율관련거래,0,외국계증권사,B,SF205,각주항목(09.06월 이후)
48490,201712,0013352,씨지에스 인터내셔널증권 홍콩 한국지점,C12,파생상품계약_장내파생상품_통화관련거래,0,외국계증권사,B,SF205,각주항목(09.06월 이후)
48491,201712,0013352,씨지에스 인터내셔널증권 홍콩 한국지점,C13,파생상품계약_장내파생상품_주식관련거래,0,외국계증권사,B,SF205,각주항목(09.06월 이후)
48492,201712,0013352,씨지에스 인터내셔널증권 홍콩 한국지점,C14,파생상품계약_장내파생상품_일반상품관련거래,0,외국계증권사,B,SF205,각주항목(09.06월 이후)
48493,201712,0013352,씨지에스 인터내셔널증권 홍콩 한국지점,C15,파생상품계약_장내파생상품_기타,0,외국계증권사,B,SF205,각주항목(09.06월 이후)
48494,201712,0013352,씨지에스 인터내셔널증권 홍콩 한국지점,C2,파생상품계약_장외파생상품,0,외국계증권사,B,SF205,각주항목(09.06월 이후)
48495,201712,0013352,씨지에스 인터내셔널증권 홍콩 한국지점,C21,파생상품계약_장외파생상품_이자율관련거래,0,외국계증권사,B,SF205,각주항목(09.06월 이후)
48496,201712,0013352,씨지에스 인터내셔널증권 홍콩 한국지점,C22,파생상품계약_장외파생상품_통화관련거래,0,외국계증권사,B,SF205,각주항목(09.06월 이후)
48497,201712,0013352,씨지에스 인터내셔널증권 홍콩 한국지점,C23,파생상품계약_장외파생상품_주식관련거래,0,외국계증권사,B,SF205,각주항목(09.06월 이후)
48498,201712,0013352,씨지에스 인터내셔널증권 홍콩 한국지점,C24,파생상품계약_장외파생상품_신용관련거래,0,외국계증권사,B,SF205,각주항목(09.06월 이후)
48499,201712,0013352,씨지에스 인터내셔널증권 홍콩 한국지점,C25,파생상품계약_장외파생상품_기타,0,외국계증권사,B,SF205,각주항목(09.06월 이후)
48500,201712,0013352,씨지에스 인터내셔널증권 홍콩 한국지점,D,대차 및 대주거래,0,외국계증권사,B,SF205,각주항목(09.06월 이후)
48501,201712,0013352,씨지에스 인터내셔널증권 홍콩 한국지점,D1,대차 및 대주거래_대여증권,0,외국계증권사,B,SF205,각주항목(09.06월 이후)
48502,201712,0013352,씨지에스 인터내셔널증권 홍콩 한국지점,D2,대차 및 대주거래_차입증권,0,외국계증권사,B,SF205,각주항목(09.06월 이후)
48503,201712,0013352,씨지에스 인터내셔널증권 홍콩 한국지점,D3,대차 및 대주거래_신용거래대주,0,외국계증권사,B,SF205,각주항목(09.06월 이후)
48504,201712,0013352,씨지에스 인터내셔널증권 홍콩 한국지점,E,대손상각채권,0,외국계증권사,B,SF205,각주항목(09.06월 이후)
48505,201712,0013352,씨지에스 인터내셔널증권 홍콩 한국지점,F,환전업무 예치금,0,외국계증권사,B,SF205,각주항목(09.06월 이후)
48506,201712,0013352,씨지에스 인터내셔널증권 홍콩 한국지점,G,미배당별도예치금,0,외국계증권사,B,SF205,각주항목(09.06월 이후)
48507,201712,0013352,씨지에스 인터내셔널증권 홍콩 한국지점,H,배서어음매출(종금계정),0,외국계증권사,B,SF205,각주항목(09.06월 이후)
48508,201712,0013352,씨지에스 인터내셔널증권 홍콩 한국지점,H1,대출채권매매이익_담보부,0,외국계증권사,B,SF205,각주항목(09.06월 이후)
48509,201712,0013352,씨지에스 인터내셔널증권 홍콩 한국지점,H2,대출채권매매이익_무담보부,0,외국계증권사,B,SF205,각주항목(09.06월 이후)
48510,201803,0013352,씨지에스 인터내셔널증권 홍콩 한국지점,A,채무보증,0,외국계증권사,B,SF205,각주항목(09.06월 이후)
48511,201803,0013352,씨지에스 인터내셔널증권 홍콩 한국지점,A1,채무보증_지급보증,0,외국계증권사,B,SF205,각주항목(09.06월 이후)
48512,201803,0013352,씨지에스 인터내셔널증권 홍콩 한국지점,A2,채무보증_매입보장약정,0,외국계증권사,B,SF205,각주항목(09.06월 이후)
48513,201803,0013352,씨지에스 인터내셔널증권 홍콩 한국지점,A3,채무보증_채무인수약정,0,외국계증권사,B,SF205,각주항목(09.06월 이후)
48514,201803,0013352,씨지에스 인터내셔널증권 홍콩 한국지점,A5,채무보증_매입확약,0,외국계증권사,B,SF205,각주항목(09.06월 이후)
48515,201803,0013352,씨지에스 인터내셔널증권 홍콩 한국지점,A6,채무보증_기타,0,외국계증권사,B,SF205,각주항목(09.06월 이후)
48516,201803,0013352,씨지에스 인터내셔널증권 홍콩 한국지점,B,투자자의 예수증권 등,0,외국계증권사,B,SF205,각주항목(09.06월 이후)
48517,201803,0013352,씨지에스 인터내셔널증권 홍콩 한국지점,B1,투자자의 예수증권 등_예수 증권,0,외국계증권사,B,SF205,각주항목(09.06월 이후)
48518,201803,0013352,씨지에스 인터내셔널증권 홍콩 한국지점,B2,투자자의 예수증권 등_예수양도성예금증서,0,외국계증권사,B,SF205,각주항목(09.06월 이후)
48519,201803,0013352,씨지에스 인터내셔널증권 홍콩 한국지점,B3,투자자의 예수증권 등_기타,0,외국계증권사,B,SF205,각주항목(09.06월 이후)
48520,201803,0013352,씨지에스 인터내셔널증권 홍콩 한국지점,C,파생상품계약,0,외국계증권사,B,SF205,각주항목(09.06월 이후)
48521,201803,0013352,씨지에스 인터내셔널증권 홍콩 한국지점,C1,파생상품계약_장내파생상품,0,외국계증권사,B,SF205,각주항목(09.06월 이후)
48522,201803,0013352,씨지에스 인터내셔널증권 홍콩 한국지점,C11,파생상품계약_장내파생상품_이자율관련거래,0,외국계증권사,B,SF205,각주항목(09.06월 이후)
48523,201803,0013352,씨지에스 인터내셔널증권 홍콩 한국지점,C12,파생상품계약_장내파생상품_통화관련거래,0,외국계증권사,B,SF205,각주항목(09.06월 이후)
48524,201803,0013352,씨지에스 인터내셔널증권 홍콩 한국지점,C13,파생상품계약_장내파생상품_주식관련거래,0,외국계증권사,B,SF205,각주항목(09.06월 이후)
48525,201803,0013352,씨지에스 인터내셔널증권 홍콩 한국지점,C14,파생상품계약_장내파생상품_일반상품관련거래,0,외국계증권사,B,SF205,각주항목(09.06월 이후)
48526,201803,0013352,씨지에스 인터내셔널증권 홍콩 한국지점,C15,파생상품계약_장내파생상품_기타,0,외국계증권사,B,SF205,각주항목(09.06월 이후)
48527,201803,0013352,씨지에스 인터내셔널증권 홍콩 한국지점,C2,파생상품계약_장외파생상품,0,외국계증권사,B,SF205,각주항목(09.06월 이후)
48528,201803,0013352,씨지에스 인터내셔널증권 홍콩 한국지점,C21,파생상품계약_장외파생상품_이자율관련거래,0,외국계증권사,B,SF205,각주항목(09.06월 이후)
48529,201803,0013352,씨지에스 인터내셔널증권 홍콩 한국지점,C22,파생상품계약_장외파생상품_통화관련거래,0,외국계증권사,B,SF205,각주항목(09.06월 이후)
48530,201803,0013352,씨지에스 인터내셔널증권 홍콩 한국지점,C23,파생상품계약_장외파생상품_주식관련거래,0,외국계증권사,B,SF205,각주항목(09.06월 이후)
48531,201803,0013352,씨지에스 인터내셔널증권 홍콩 한국지점,C24,파생상품계약_장외파생상품_신용관련거래,0,외국계증권사,B,SF205,각주항목(09.06월 이후)
48532,201803,0013352,씨지에스 인터내셔널증권 홍콩 한국지점,C25,파생상품계약_장외파생상품_기타,0,외국계증권사,B,SF205,각주항목(09.06월 이후)
48533,201803,0013352,씨지에스 인터내셔널증권 홍콩 한국지점,D,대차 및 대주거래,0,외국계증권사,B,SF205,각주항목(09.06월 이후)
48534,201803,0013352,씨지에스 인터내셔널증권 홍콩 한국지점,D1,대차 및 대주거래_대여증권,0,외국계증권사,B,SF205,각주항목(09.06월 이후)
48535,201803,0013352,씨지에스 인터내셔널증권 홍콩 한국지점,D2,대차 및 대주거래_차입증권,0,외국계증권사,B,SF205,각주항목(09.06월 이후)
48536,201803,0013352,씨지에스 인터내셔널증권 홍콩 한국지점,D3,대차 및 대주거래_신용거래대주,0,외국계증권사,B,SF205,각주항목(09.06월 이후)
48537,201803,0013352,씨지에스 인터내셔널증권 홍콩 한국지점,E,대손상각채권,0,외국계증권사,B,SF205,각주항목(09.06월 이후)
48538,201803,0013352,씨지에스 인터내셔널증권 홍콩 한국지점,F,환전업무 예치금,0,외국계증권사,B,SF205,각주항목(09.06월 이후)
48539,201803,0013352,씨지에스 인터내셔널증권 홍콩 한국지점,G,미배당별도예치금,0,외국계증권사,B,SF205,각주항목(09.06월 이후)
48540,201803,0013352,씨지에스 인터내셔널증권 홍콩 한국지점,H,배서어음매출(종금계정),0,외국계증권사,B,SF205,각주항목(09.06월 이후)
48541,201803,0013352,씨지에스 인터내셔널증권 홍콩 한국지점,H1,대출채권매매이익_담보부,0,외국계증권사,B,SF205,각주항목(09.06월 이후)
48542,201803,0013352,씨지에스 인터내셔널증권 홍콩 한국지점,H2,대출채권매매이익_무담보부,0,외국계증권사,B,SF205,각주항목(09.06월 이후)
48543,201806,0013352,씨지에스 인터내셔널증권 홍콩 한국지점,A,채무보증,0,외국계증권사,B,SF205,각주항목(09.06월 이후)
48544,201806,0013352,씨지에스 인터내셔널증권 홍콩 한국지점,A1,채무보증_지급보증,0,외국계증권사,B,SF205,각주항목(09.06월 이후)
48545,201806,0013352,씨지에스 인터내셔널증권 홍콩 한국지점,A2,채무보증_매입보장약정,0,외국계증권사,B,SF205,각주항목(09.06월 이후)
48546,201806,0013352,씨지에스 인터내셔널증권 홍콩 한국지점,A3,채무보증_채무인수약정,0,외국계증권사,B,SF205,각주항목(09.06월 이후)
48547,201806,0013352,씨지에스 인터내셔널증권 홍콩 한국지점,A5,채무보증_매입확약,0,외국계증권사,B,SF205,각주항목(09.06월 이후)
48548,201806,0013352,씨지에스 인터내셔널증권 홍콩 한국지점,A6,채무보증_기타,0,외국계증권사,B,SF205,각주항목(09.06월 이후)
48549,201806,0013352,씨지에스 인터내셔널증권 홍콩 한국지점,B,투자자의 예수증권 등,0,외국계증권사,B,SF205,각주항목(09.06월 이후)
48550,201806,0013352,씨지에스 인터내셔널증권 홍콩 한국지점,B1,투자자의 예수증권 등_예수 증권,0,외국계증권사,B,SF205,각주항목(09.06월 이후)
48551,201806,0013352,씨지에스 인터내셔널증권 홍콩 한국지점,B2,투자자의 예수증권 등_예수양도성예금증서,0,외국계증권사,B,SF205,각주항목(09.06월 이후)
48552,201806,0013352,씨지에스 인터내셔널증권 홍콩 한국지점,B3,투자자의 예수증권 등_기타,0,외국계증권사,B,SF205,각주항목(09.06월 이후)
48553,201806,0013352,씨지에스 인터내셔널증권 홍콩 한국지점,C,파생상품계약,0,외국계증권사,B,SF205,각주항목(09.06월 이후)
48554,201806,0013352,씨지에스 인터내셔널증권 홍콩 한국지점,C1,파생상품계약_장내파생상품,0,외국계증권사,B,SF205,각주항목(09.06월 이후)
48555,201806,0013352,씨지에스 인터내셔널증권 홍콩 한국지점,C11,파생상품계약_장내파생상품_이자율관련거래,0,외국계증권사,B,SF205,각주항목(09.06월 이후)
48556,201806,0013352,씨지에스 인터내셔널증권 홍콩 한국지점,C12,파생상품계약_장내파생상품_통화관련거래,0,외국계증권사,B,SF205,각주항목(09.06월 이후)
48557,201806,0013352,씨지에스 인터내셔널증권 홍콩 한국지점,C13,파생상품계약_장내파생상품_주식관련거래,0,외국계증권사,B,SF205,각주항목(09.06월 이후)
48558,201806,0013352,씨지에스 인터내셔널증권 홍콩 한국지점,C14,파생상품계약_장내파생상품_일반상품관련거래,0,외국계증권사,B,SF205,각주항목(09.06월 이후)
48559,201806,0013352,씨지에스 인터내셔널증권 홍콩 한국지점,C15,파생상품계약_장내파생상품_기타,0,외국계증권사,B,SF205,각주항목(09.06월 이후)
48560,201806,0013352,씨지에스 인터내셔널증권 홍콩 한국지점,C2,파생상품계약_장외파생상품,0,외국계증권사,B,SF205,각주항목(09.06월 이후)
48561,201806,0013352,씨지에스 인터내셔널증권 홍콩 한국지점,C21,파생상품계약_장외파생상품_이자율관련거래,0,외국계증권사,B,SF205,각주항목(09.06월 이후)
48562,201806,0013352,씨지에스 인터내셔널증권 홍콩 한국지점,C22,파생상품계약_장외파생상품_통화관련거래,0,외국계증권사,B,SF205,각주항목(09.06월 이후)
48563,201806,0013352,씨지에스 인터내셔널증권 홍콩 한국지점,C23,파생상품계약_장외파생상품_주식관련거래,0,외국계증권사,B,SF205,각주항목(09.06월 이후)
48564,201806,0013352,씨지에스 인터내셔널증권 홍콩 한국지점,C24,파생상품계약_장외파생상품_신용관련거래,0,외국계증권사,B,SF205,각주항목(09.06월 이후)
48565,201806,0013352,씨지에스 인터내셔널증권 홍콩 한국지점,C25,파생상품계약_장외파생상품_기타,0,외국계증권사,B,SF205,각주항목(09.06월 이후)
48566,201806,0013352,씨지에스 인터내셔널증권 홍콩 한국지점,D,대차 및 대주거래,0,외국계증권사,B,SF205,각주항목(09.06월 이후)
48567,201806,0013352,씨지에스 인터내셔널증권 홍콩 한국지점,D1,대차 및 대주거래_대여증권,0,외국계증권사,B,SF205,각주항목(09.06월 이후)
48568,201806,0013352,씨지에스 인터내셔널증권 홍콩 한국지점,D2,대차 및 대주거래_차입증권,0,외국계증권사,B,SF205,각주항목(09.06월 이후)
48569,201806,0013352,씨지에스 인터내셔널증권 홍콩 한국지점,D3,대차 및 대주거래_신용거래대주,0,외국계증권사,B,SF205,각주항목(09.06월 이후)
48570,201806,0013352,씨지에스 인터내셔널증권 홍콩 한국지점,E,대손상각채권,0,외국계증권사,B,SF205,각주항목(09.06월 이후)
48571,201806,0013352,씨지에스 인터내셔널증권 홍콩 한국지점,F,환전업무 예치금,0,외국계증권사,B,SF205,각주항목(09.06월 이후)
48572,201806,0013352,씨지에스 인터내셔널증권 홍콩 한국지점,G,미배당별도예치금,0,외국계증권사,B,SF205,각주항목(09.06월 이후)
48573,201806,0013352,씨지에스 인터내셔널증권 홍콩 한국지점,H,배서어음매출(종금계정),0,외국계증권사,B,SF205,각주항목(09.06월 이후)
48574,201806,0013352,씨지에스 인터내셔널증권 홍콩 한국지점,H1,대출채권매매이익_담보부,0,외국계증권사,B,SF205,각주항목(09.06월 이후)
48575,201806,0013352,씨지에스 인터내셔널증권 홍콩 한국지점,H2,대출채권매매이익_무담보부,0,외국계증권사,B,SF205,각주항목(09.06월 이후)
48576,201809,0013352,씨지에스 인터내셔널증권 홍콩 한국지점,A,채무보증,0,외국계증권사,B,SF205,각주항목(09.06월 이후)
48577,201809,0013352,씨지에스 인터내셔널증권 홍콩 한국지점,A1,채무보증_지급보증,0,외국계증권사,B,SF205,각주항목(09.06월 이후)
48578,201809,0013352,씨지에스 인터내셔널증권 홍콩 한국지점,A2,채무보증_매입보장약정,0,외국계증권사,B,SF205,각주항목(09.06월 이후)
48579,201809,0013352,씨지에스 인터내셔널증권 홍콩 한국지점,A3,채무보증_채무인수약정,0,외국계증권사,B,SF205,각주항목(09.06월 이후)
48580,201809,0013352,씨지에스 인터내셔널증권 홍콩 한국지점,A5,채무보증_매입확약,0,외국계증권사,B,SF205,각주항목(09.06월 이후)
48581,201809,0013352,씨지에스 인터내셔널증권 홍콩 한국지점,A6,채무보증_기타,0,외국계증권사,B,SF205,각주항목(09.06월 이후)
48582,201809,0013352,씨지에스 인터내셔널증권 홍콩 한국지점,B,투자자의 예수증권 등,0,외국계증권사,B,SF205,각주항목(09.06월 이후)
48583,201809,0013352,씨지에스 인터내셔널증권 홍콩 한국지점,B1,투자자의 예수증권 등_예수 증권,0,외국계증권사,B,SF205,각주항목(09.06월 이후)
48584,201809,0013352,씨지에스 인터내셔널증권 홍콩 한국지점,B2,투자자의 예수증권 등_예수양도성예금증서,0,외국계증권사,B,SF205,각주항목(09.06월 이후)
48585,201809,0013352,씨지에스 인터내셔널증권 홍콩 한국지점,B3,투자자의 예수증권 등_기타,0,외국계증권사,B,SF205,각주항목(09.06월 이후)
48586,201809,0013352,씨지에스 인터내셔널증권 홍콩 한국지점,C,파생상품계약,0,외국계증권사,B,SF205,각주항목(09.06월 이후)
48587,201809,0013352,씨지에스 인터내셔널증권 홍콩 한국지점,C1,파생상품계약_장내파생상품,0,외국계증권사,B,SF205,각주항목(09.06월 이후)
48588,201809,0013352,씨지에스 인터내셔널증권 홍콩 한국지점,C11,파생상품계약_장내파생상품_이자율관련거래,0,외국계증권사,B,SF205,각주항목(09.06월 이후)
48589,201809,0013352,씨지에스 인터내셔널증권 홍콩 한국지점,C12,파생상품계약_장내파생상품_통화관련거래,0,외국계증권사,B,SF205,각주항목(09.06월 이후)
48590,201809,0013352,씨지에스 인터내셔널증권 홍콩 한국지점,C13,파생상품계약_장내파생상품_주식관련거래,0,외국계증권사,B,SF205,각주항목(09.06월 이후)
48591,201809,0013352,씨지에스 인터내셔널증권 홍콩 한국지점,C14,파생상품계약_장내파생상품_일반상품관련거래,0,외국계증권사,B,SF205,각주항목(09.06월 이후)
48592,201809,0013352,씨지에스 인터내셔널증권 홍콩 한국지점,C15,파생상품계약_장내파생상품_기타,0,외국계증권사,B,SF205,각주항목(09.06월 이후)
48593,201809,0013352,씨지에스 인터내셔널증권 홍콩 한국지점,C2,파생상품계약_장외파생상품,0,외국계증권사,B,SF205,각주항목(09.06월 이후)
48594,201809,0013352,씨지에스 인터내셔널증권 홍콩 한국지점,C21,파생상품계약_장외파생상품_이자율관련거래,0,외국계증권사,B,SF205,각주항목(09.06월 이후)
48595,201809,0013352,씨지에스 인터내셔널증권 홍콩 한국지점,C22,파생상품계약_장외파생상품_통화관련거래,0,외국계증권사,B,SF205,각주항목(09.06월 이후)
48596,201809,0013352,씨지에스 인터내셔널증권 홍콩 한국지점,C23,파생상품계약_장외파생상품_주식관련거래,0,외국계증권사,B,SF205,각주항목(09.06월 이후)
48597,201809,0013352,씨지에스 인터내셔널증권 홍콩 한국지점,C24,파생상품계약_장외파생상품_신용관련거래,0,외국계증권사,B,SF205,각주항목(09.06월 이후)
48598,201809,0013352,씨지에스 인터내셔널증권 홍콩 한국지점,C25,파생상품계약_장외파생상품_기타,0,외국계증권사,B,SF205,각주항목(09.06월 이후)
48599,201809,0013352,씨지에스 인터내셔널증권 홍콩 한국지점,D,대차 및 대주거래,0,외국계증권사,B,SF205,각주항목(09.06월 이후)
48600,201809,0013352,씨지에스 인터내셔널증권 홍콩 한국지점,D1,대차 및 대주거래_대여증권,0,외국계증권사,B,SF205,각주항목(09.06월 이후)
48601,201809,0013352,씨지에스 인터내셔널증권 홍콩 한국지점,D2,대차 및 대주거래_차입증권,0,외국계증권사,B,SF205,각주항목(09.06월 이후)
48602,201809,0013352,씨지에스 인터내셔널증권 홍콩 한국지점,D3,대차 및 대주거래_신용거래대주,0,외국계증권사,B,SF205,각주항목(09.06월 이후)
48603,201809,0013352,씨지에스 인터내셔널증권 홍콩 한국지점,E,대손상각채권,0,외국계증권사,B,SF205,각주항목(09.06월 이후)
48604,201809,0013352,씨지에스 인터내셔널증권 홍콩 한국지점,F,환전업무 예치금,0,외국계증권사,B,SF205,각주항목(09.06월 이후)
48605,201809,0013352,씨지에스 인터내셔널증권 홍콩 한국지점,G,미배당별도예치금,0,외국계증권사,B,SF205,각주항목(09.06월 이후)
48606,201809,0013352,씨지에스 인터내셔널증권 홍콩 한국지점,H,배서어음매출(종금계정),0,외국계증권사,B,SF205,각주항목(09.06월 이후)
48607,201809,0013352,씨지에스 인터내셔널증권 홍콩 한국지점,H1,대출채권매매이익_담보부,0,외국계증권사,B,SF205,각주항목(09.06월 이후)
48608,201809,0013352,씨지에스 인터내셔널증권 홍콩 한국지점,H2,대출채권매매이익_무담보부,0,외국계증권사,B,SF205,각주항목(09.06월 이후)
48609,201812,0013352,씨지에스 인터내셔널증권 홍콩 한국지점,A,채무보증,0,외국계증권사,B,SF205,각주항목(09.06월 이후)
48610,201812,0013352,씨지에스 인터내셔널증권 홍콩 한국지점,A1,채무보증_지급보증,0,외국계증권사,B,SF205,각주항목(09.06월 이후)
48611,201812,0013352,씨지에스 인터내셔널증권 홍콩 한국지점,A2,채무보증_매입보장약정,0,외국계증권사,B,SF205,각주항목(09.06월 이후)
48612,201812,0013352,씨지에스 인터내셔널증권 홍콩 한국지점,A3,채무보증_채무인수약정,0,외국계증권사,B,SF205,각주항목(09.06월 이후)
48613,201812,0013352,씨지에스 인터내셔널증권 홍콩 한국지점,A5,채무보증_매입확약,0,외국계증권사,B,SF205,각주항목(09.06월 이후)
48614,201812,0013352,씨지에스 인터내셔널증권 홍콩 한국지점,A6,채무보증_기타,0,외국계증권사,B,SF205,각주항목(09.06월 이후)
48615,201812,0013352,씨지에스 인터내셔널증권 홍콩 한국지점,B,투자자의 예수증권 등,0,외국계증권사,B,SF205,각주항목(09.06월 이후)
48616,201812,0013352,씨지에스 인터내셔널증권 홍콩 한국지점,B1,투자자의 예수증권 등_예수 증권,0,외국계증권사,B,SF205,각주항목(09.06월 이후)
48617,201812,0013352,씨지에스 인터내셔널증권 홍콩 한국지점,B2,투자자의 예수증권 등_예수양도성예금증서,0,외국계증권사,B,SF205,각주항목(09.06월 이후)
48618,201812,0013352,씨지에스 인터내셔널증권 홍콩 한국지점,B3,투자자의 예수증권 등_기타,0,외국계증권사,B,SF205,각주항목(09.06월 이후)
48619,201812,0013352,씨지에스 인터내셔널증권 홍콩 한국지점,C,파생상품계약,0,외국계증권사,B,SF205,각주항목(09.06월 이후)
48620,201812,0013352,씨지에스 인터내셔널증권 홍콩 한국지점,C1,파생상품계약_장내파생상품,0,외국계증권사,B,SF205,각주항목(09.06월 이후)
48621,201812,0013352,씨지에스 인터내셔널증권 홍콩 한국지점,C11,파생상품계약_장내파생상품_이자율관련거래,0,외국계증권사,B,SF205,각주항목(09.06월 이후)
48622,201812,0013352,씨지에스 인터내셔널증권 홍콩 한국지점,C12,파생상품계약_장내파생상품_통화관련거래,0,외국계증권사,B,SF205,각주항목(09.06월 이후)
48623,201812,0013352,씨지에스 인터내셔널증권 홍콩 한국지점,C13,파생상품계약_장내파생상품_주식관련거래,0,외국계증권사,B,SF205,각주항목(09.06월 이후)
48624,201812,0013352,씨지에스 인터내셔널증권 홍콩 한국지점,C14,파생상품계약_장내파생상품_일반상품관련거래,0,외국계증권사,B,SF205,각주항목(09.06월 이후)
48625,201812,0013352,씨지에스 인터내셔널증권 홍콩 한국지점,C15,파생상품계약_장내파생상품_기타,0,외국계증권사,B,SF205,각주항목(09.06월 이후)
48626,201812,0013352,씨지에스 인터내셔널증권 홍콩 한국지점,C2,파생상품계약_장외파생상품,0,외국계증권사,B,SF205,각주항목(09.06월 이후)
48627,201812,0013352,씨지에스 인터내셔널증권 홍콩 한국지점,C21,파생상품계약_장외파생상품_이자율관련거래,0,외국계증권사,B,SF205,각주항목(09.06월 이후)
48628,201812,0013352,씨지에스 인터내셔널증권 홍콩 한국지점,C22,파생상품계약_장외파생상품_통화관련거래,0,외국계증권사,B,SF205,각주항목(09.06월 이후)
48629,201812,0013352,씨지에스 인터내셔널증권 홍콩 한국지점,C23,파생상품계약_장외파생상품_주식관련거래,0,외국계증권사,B,SF205,각주항목(09.06월 이후)
48630,201812,0013352,씨지에스 인터내셔널증권 홍콩 한국지점,C24,파생상품계약_장외파생상품_신용관련거래,0,외국계증권사,B,SF205,각주항목(09.06월 이후)
48631,201812,0013352,씨지에스 인터내셔널증권 홍콩 한국지점,C25,파생상품계약_장외파생상품_기타,0,외국계증권사,B,SF205,각주항목(09.06월 이후)
48632,201812,0013352,씨지에스 인터내셔널증권 홍콩 한국지점,D,대차 및 대주거래,0,외국계증권사,B,SF205,각주항목(09.06월 이후)
48633,201812,0013352,씨지에스 인터내셔널증권 홍콩 한국지점,D1,대차 및 대주거래_대여증권,0,외국계증권사,B,SF205,각주항목(09.06월 이후)
48634,201812,0013352,씨지에스 인터내셔널증권 홍콩 한국지점,D2,대차 및 대주거래_차입증권,0,외국계증권사,B,SF205,각주항목(09.06월 이후)
48635,201812,0013352,씨지에스 인터내셔널증권 홍콩 한국지점,D3,대차 및 대주거래_신용거래대주,0,외국계증권사,B,SF205,각주항목(09.06월 이후)
48636,201812,0013352,씨지에스 인터내셔널증권 홍콩 한국지점,E,대손상각채권,0,외국계증권사,B,SF205,각주항목(09.06월 이후)
48637,201812,0013352,씨지에스 인터내셔널증권 홍콩 한국지점,F,환전업무 예치금,0,외국계증권사,B,SF205,각주항목(09.06월 이후)
48638,201812,0013352,씨지에스 인터내셔널증권 홍콩 한국지점,G,미배당별도예치금,0,외국계증권사,B,SF205,각주항목(09.06월 이후)
48639,201812,0013352,씨지에스 인터내셔널증권 홍콩 한국지점,H,배서어음매출(종금계정),0,외국계증권사,B,SF205,각주항목(09.06월 이후)
48640,201812,0013352,씨지에스 인터내셔널증권 홍콩 한국지점,H1,대출채권매매이익_담보부,0,외국계증권사,B,SF205,각주항목(09.06월 이후)
48641,201812,0013352,씨지에스 인터내셔널증권 홍콩 한국지점,H2,대출채권매매이익_무담보부,0,외국계증권사,B,SF205,각주항목(09.06월 이후)
48642,201903,0013352,씨지에스 인터내셔널증권 홍콩 한국지점,A,채무보증,0,외국계증권사,B,SF205,각주항목(09.06월 이후)
48643,201903,0013352,씨지에스 인터내셔널증권 홍콩 한국지점,A1,채무보증_지급보증,0,외국계증권사,B,SF205,각주항목(09.06월 이후)
48644,201903,0013352,씨지에스 인터내셔널증권 홍콩 한국지점,A2,채무보증_매입보장약정,0,외국계증권사,B,SF205,각주항목(09.06월 이후)
48645,201903,0013352,씨지에스 인터내셔널증권 홍콩 한국지점,A3,채무보증_채무인수약정,0,외국계증권사,B,SF205,각주항목(09.06월 이후)
48646,201903,0013352,씨지에스 인터내셔널증권 홍콩 한국지점,A5,채무보증_매입확약,0,외국계증권사,B,SF205,각주항목(09.06월 이후)
48647,201903,0013352,씨지에스 인터내셔널증권 홍콩 한국지점,A6,채무보증_기타,0,외국계증권사,B,SF205,각주항목(09.06월 이후)
48648,201903,0013352,씨지에스 인터내셔널증권 홍콩 한국지점,B,투자자의 예수증권 등,0,외국계증권사,B,SF205,각주항목(09.06월 이후)
48649,201903,0013352,씨지에스 인터내셔널증권 홍콩 한국지점,B1,투자자의 예수증권 등_예수 증권,0,외국계증권사,B,SF205,각주항목(09.06월 이후)
48650,201903,0013352,씨지에스 인터내셔널증권 홍콩 한국지점,B2,투자자의 예수증권 등_예수양도성예금증서,0,외국계증권사,B,SF205,각주항목(09.06월 이후)
48651,201903,0013352,씨지에스 인터내셔널증권 홍콩 한국지점,B3,투자자의 예수증권 등_기타,0,외국계증권사,B,SF205,각주항목(09.06월 이후)
48652,201903,0013352,씨지에스 인터내셔널증권 홍콩 한국지점,C,파생상품계약,0,외국계증권사,B,SF205,각주항목(09.06월 이후)
48653,201903,0013352,씨지에스 인터내셔널증권 홍콩 한국지점,C1,파생상품계약_장내파생상품,0,외국계증권사,B,SF205,각주항목(09.06월 이후)
48654,201903,0013352,씨지에스 인터내셔널증권 홍콩 한국지점,C11,파생상품계약_장내파생상품_이자율관련거래,0,외국계증권사,B,SF205,각주항목(09.06월 이후)
48655,201903,0013352,씨지에스 인터내셔널증권 홍콩 한국지점,C12,파생상품계약_장내파생상품_통화관련거래,0,외국계증권사,B,SF205,각주항목(09.06월 이후)
48656,201903,0013352,씨지에스 인터내셔널증권 홍콩 한국지점,C13,파생상품계약_장내파생상품_주식관련거래,0,외국계증권사,B,SF205,각주항목(09.06월 이후)
48657,201903,0013352,씨지에스 인터내셔널증권 홍콩 한국지점,C14,파생상품계약_장내파생상품_일반상품관련거래,0,외국계증권사,B,SF205,각주항목(09.06월 이후)
48658,201903,0013352,씨지에스 인터내셔널증권 홍콩 한국지점,C15,파생상품계약_장내파생상품_기타,0,외국계증권사,B,SF205,각주항목(09.06월 이후)
48659,201903,0013352,씨지에스 인터내셔널증권 홍콩 한국지점,C2,파생상품계약_장외파생상품,0,외국계증권사,B,SF205,각주항목(09.06월 이후)
48660,201903,0013352,씨지에스 인터내셔널증권 홍콩 한국지점,C21,파생상품계약_장외파생상품_이자율관련거래,0,외국계증권사,B,SF205,각주항목(09.06월 이후)
48661,201903,0013352,씨지에스 인터내셔널증권 홍콩 한국지점,C22,파생상품계약_장외파생상품_통화관련거래,0,외국계증권사,B,SF205,각주항목(09.06월 이후)
48662,201903,0013352,씨지에스 인터내셔널증권 홍콩 한국지점,C23,파생상품계약_장외파생상품_주식관련거래,0,외국계증권사,B,SF205,각주항목(09.06월 이후)
48663,201903,0013352,씨지에스 인터내셔널증권 홍콩 한국지점,C24,파생상품계약_장외파생상품_신용관련거래,0,외국계증권사,B,SF205,각주항목(09.06월 이후)
48664,201903,0013352,씨지에스 인터내셔널증권 홍콩 한국지점,C25,파생상품계약_장외파생상품_기타,0,외국계증권사,B,SF205,각주항목(09.06월 이후)
48665,201903,0013352,씨지에스 인터내셔널증권 홍콩 한국지점,D,대차 및 대주거래,0,외국계증권사,B,SF205,각주항목(09.06월 이후)
48666,201903,0013352,씨지에스 인터내셔널증권 홍콩 한국지점,D1,대차 및 대주거래_대여증권,0,외국계증권사,B,SF205,각주항목(09.06월 이후)
48667,201903,0013352,씨지에스 인터내셔널증권 홍콩 한국지점,D2,대차 및 대주거래_차입증권,0,외국계증권사,B,SF205,각주항목(09.06월 이후)
48668,201903,0013352,씨지에스 인터내셔널증권 홍콩 한국지점,D3,대차 및 대주거래_신용거래대주,0,외국계증권사,B,SF205,각주항목(09.06월 이후)
48669,201903,0013352,씨지에스 인터내셔널증권 홍콩 한국지점,E,대손상각채권,0,외국계증권사,B,SF205,각주항목(09.06월 이후)
48670,201903,0013352,씨지에스 인터내셔널증권 홍콩 한국지점,F,환전업무 예치금,0,외국계증권사,B,SF205,각주항목(09.06월 이후)
48671,201903,0013352,씨지에스 인터내셔널증권 홍콩 한국지점,G,미배당별도예치금,0,외국계증권사,B,SF205,각주항목(09.06월 이후)
48672,201903,0013352,씨지에스 인터내셔널증권 홍콩 한국지점,H,배서어음매출(종금계정),0,외국계증권사,B,SF205,각주항목(09.06월 이후)
48673,201903,0013352,씨지에스 인터내셔널증권 홍콩 한국지점,H1,대출채권매매이익_담보부,0,외국계증권사,B,SF205,각주항목(09.06월 이후)
48674,201903,0013352,씨지에스 인터내셔널증권 홍콩 한국지점,H2,대출채권매매이익_무담보부,0,외국계증권사,B,SF205,각주항목(09.06월 이후)
48675,201906,0013352,씨지에스 인터내셔널증권 홍콩 한국지점,A,채무보증,0,외국계증권사,B,SF205,각주항목(09.06월 이후)
48676,201906,0013352,씨지에스 인터내셔널증권 홍콩 한국지점,A1,채무보증_지급보증,0,외국계증권사,B,SF205,각주항목(09.06월 이후)
48677,201906,0013352,씨지에스 인터내셔널증권 홍콩 한국지점,A2,채무보증_매입보장약정,0,외국계증권사,B,SF205,각주항목(09.06월 이후)
48678,201906,0013352,씨지에스 인터내셔널증권 홍콩 한국지점,A3,채무보증_채무인수약정,0,외국계증권사,B,SF205,각주항목(09.06월 이후)
48679,201906,0013352,씨지에스 인터내셔널증권 홍콩 한국지점,A5,채무보증_매입확약,0,외국계증권사,B,SF205,각주항목(09.06월 이후)
48680,201906,0013352,씨지에스 인터내셔널증권 홍콩 한국지점,A6,채무보증_기타,0,외국계증권사,B,SF205,각주항목(09.06월 이후)
48681,201906,0013352,씨지에스 인터내셔널증권 홍콩 한국지점,B,투자자의 예수증권 등,0,외국계증권사,B,SF205,각주항목(09.06월 이후)
48682,201906,0013352,씨지에스 인터내셔널증권 홍콩 한국지점,B1,투자자의 예수증권 등_예수 증권,0,외국계증권사,B,SF205,각주항목(09.06월 이후)
48683,201906,0013352,씨지에스 인터내셔널증권 홍콩 한국지점,B2,투자자의 예수증권 등_예수양도성예금증서,0,외국계증권사,B,SF205,각주항목(09.06월 이후)
48684,201906,0013352,씨지에스 인터내셔널증권 홍콩 한국지점,B3,투자자의 예수증권 등_기타,0,외국계증권사,B,SF205,각주항목(09.06월 이후)
48685,201906,0013352,씨지에스 인터내셔널증권 홍콩 한국지점,C,파생상품계약,0,외국계증권사,B,SF205,각주항목(09.06월 이후)
48686,201906,0013352,씨지에스 인터내셔널증권 홍콩 한국지점,C1,파생상품계약_장내파생상품,0,외국계증권사,B,SF205,각주항목(09.06월 이후)
48687,201906,0013352,씨지에스 인터내셔널증권 홍콩 한국지점,C11,파생상품계약_장내파생상품_이자율관련거래,0,외국계증권사,B,SF205,각주항목(09.06월 이후)
48688,201906,0013352,씨지에스 인터내셔널증권 홍콩 한국지점,C12,파생상품계약_장내파생상품_통화관련거래,0,외국계증권사,B,SF205,각주항목(09.06월 이후)
48689,201906,0013352,씨지에스 인터내셔널증권 홍콩 한국지점,C13,파생상품계약_장내파생상품_주식관련거래,0,외국계증권사,B,SF205,각주항목(09.06월 이후)
48690,201906,0013352,씨지에스 인터내셔널증권 홍콩 한국지점,C14,파생상품계약_장내파생상품_일반상품관련거래,0,외국계증권사,B,SF205,각주항목(09.06월 이후)
48691,201906,0013352,씨지에스 인터내셔널증권 홍콩 한국지점,C15,파생상품계약_장내파생상품_기타,0,외국계증권사,B,SF205,각주항목(09.06월 이후)
48692,201906,0013352,씨지에스 인터내셔널증권 홍콩 한국지점,C2,파생상품계약_장외파생상품,0,외국계증권사,B,SF205,각주항목(09.06월 이후)
48693,201906,0013352,씨지에스 인터내셔널증권 홍콩 한국지점,C21,파생상품계약_장외파생상품_이자율관련거래,0,외국계증권사,B,SF205,각주항목(09.06월 이후)
48694,201906,0013352,씨지에스 인터내셔널증권 홍콩 한국지점,C22,파생상품계약_장외파생상품_통화관련거래,0,외국계증권사,B,SF205,각주항목(09.06월 이후)
48695,201906,0013352,씨지에스 인터내셔널증권 홍콩 한국지점,C23,파생상품계약_장외파생상품_주식관련거래,0,외국계증권사,B,SF205,각주항목(09.06월 이후)
48696,201906,0013352,씨지에스 인터내셔널증권 홍콩 한국지점,C24,파생상품계약_장외파생상품_신용관련거래,0,외국계증권사,B,SF205,각주항목(09.06월 이후)
48697,201906,0013352,씨지에스 인터내셔널증권 홍콩 한국지점,C25,파생상품계약_장외파생상품_기타,0,외국계증권사,B,SF205,각주항목(09.06월 이후)
48698,201906,0013352,씨지에스 인터내셔널증권 홍콩 한국지점,D,대차 및 대주거래,0,외국계증권사,B,SF205,각주항목(09.06월 이후)
48699,201906,0013352,씨지에스 인터내셔널증권 홍콩 한국지점,D1,대차 및 대주거래_대여증권,0,외국계증권사,B,SF205,각주항목(09.06월 이후)
48700,201906,0013352,씨지에스 인터내셔널증권 홍콩 한국지점,D2,대차 및 대주거래_차입증권,0,외국계증권사,B,SF205,각주항목(09.06월 이후)
48701,201906,0013352,씨지에스 인터내셔널증권 홍콩 한국지점,D3,대차 및 대주거래_신용거래대주,0,외국계증권사,B,SF205,각주항목(09.06월 이후)
48702,201906,0013352,씨지에스 인터내셔널증권 홍콩 한국지점,E,대손상각채권,0,외국계증권사,B,SF205,각주항목(09.06월 이후)
48703,201906,0013352,씨지에스 인터내셔널증권 홍콩 한국지점,F,환전업무 예치금,0,외국계증권사,B,SF205,각주항목(09.06월 이후)
48704,201906,0013352,씨지에스 인터내셔널증권 홍콩 한국지점,G,미배당별도예치금,0,외국계증권사,B,SF205,각주항목(09.06월 이후)
48705,201906,0013352,씨지에스 인터내셔널증권 홍콩 한국지점,H,배서어음매출(종금계정),0,외국계증권사,B,SF205,각주항목(09.06월 이후)
48706,201906,0013352,씨지에스 인터내셔널증권 홍콩 한국지점,H1,대출채권매매이익_담보부,0,외국계증권사,B,SF205,각주항목(09.06월 이후)
48707,201906,0013352,씨지에스 인터내셔널증권 홍콩 한국지점,H2,대출채권매매이익_무담보부,0,외국계증권사,B,SF205,각주항목(09.06월 이후)
48708,201909,0013352,씨지에스 인터내셔널증권 홍콩 한국지점,A,채무보증,0,외국계증권사,B,SF205,각주항목(09.06월 이후)
48709,201909,0013352,씨지에스 인터내셔널증권 홍콩 한국지점,A1,채무보증_지급보증,0,외국계증권사,B,SF205,각주항목(09.06월 이후)
48710,201909,0013352,씨지에스 인터내셔널증권 홍콩 한국지점,A2,채무보증_매입보장약정,0,외국계증권사,B,SF205,각주항목(09.06월 이후)
48711,201909,0013352,씨지에스 인터내셔널증권 홍콩 한국지점,A3,채무보증_채무인수약정,0,외국계증권사,B,SF205,각주항목(09.06월 이후)
48712,201909,0013352,씨지에스 인터내셔널증권 홍콩 한국지점,A5,채무보증_매입확약,0,외국계증권사,B,SF205,각주항목(09.06월 이후)
48713,201909,0013352,씨지에스 인터내셔널증권 홍콩 한국지점,A6,채무보증_기타,0,외국계증권사,B,SF205,각주항목(09.06월 이후)
48714,201909,0013352,씨지에스 인터내셔널증권 홍콩 한국지점,B,투자자의 예수증권 등,65160364700,외국계증권사,B,SF205,각주항목(09.06월 이후)
48715,201909,0013352,씨지에스 인터내셔널증권 홍콩 한국지점,B1,투자자의 예수증권 등_예수 증권,65160364700,외국계증권사,B,SF205,각주항목(09.06월 이후)
48716,201909,0013352,씨지에스 인터내셔널증권 홍콩 한국지점,B2,투자자의 예수증권 등_예수양도성예금증서,0,외국계증권사,B,SF205,각주항목(09.06월 이후)
48717,201909,0013352,씨지에스 인터내셔널증권 홍콩 한국지점,B3,투자자의 예수증권 등_기타,0,외국계증권사,B,SF205,각주항목(09.06월 이후)
48718,201909,0013352,씨지에스 인터내셔널증권 홍콩 한국지점,C,파생상품계약,0,외국계증권사,B,SF205,각주항목(09.06월 이후)
48719,201909,0013352,씨지에스 인터내셔널증권 홍콩 한국지점,C1,파생상품계약_장내파생상품,0,외국계증권사,B,SF205,각주항목(09.06월 이후)
48720,201909,0013352,씨지에스 인터내셔널증권 홍콩 한국지점,C11,파생상품계약_장내파생상품_이자율관련거래,0,외국계증권사,B,SF205,각주항목(09.06월 이후)
48721,201909,0013352,씨지에스 인터내셔널증권 홍콩 한국지점,C12,파생상품계약_장내파생상품_통화관련거래,0,외국계증권사,B,SF205,각주항목(09.06월 이후)
48722,201909,0013352,씨지에스 인터내셔널증권 홍콩 한국지점,C13,파생상품계약_장내파생상품_주식관련거래,0,외국계증권사,B,SF205,각주항목(09.06월 이후)
48723,201909,0013352,씨지에스 인터내셔널증권 홍콩 한국지점,C14,파생상품계약_장내파생상품_일반상품관련거래,0,외국계증권사,B,SF205,각주항목(09.06월 이후)
48724,201909,0013352,씨지에스 인터내셔널증권 홍콩 한국지점,C15,파생상품계약_장내파생상품_기타,0,외국계증권사,B,SF205,각주항목(09.06월 이후)
48725,201909,0013352,씨지에스 인터내셔널증권 홍콩 한국지점,C2,파생상품계약_장외파생상품,0,외국계증권사,B,SF205,각주항목(09.06월 이후)
48726,201909,0013352,씨지에스 인터내셔널증권 홍콩 한국지점,C21,파생상품계약_장외파생상품_이자율관련거래,0,외국계증권사,B,SF205,각주항목(09.06월 이후)
48727,201909,0013352,씨지에스 인터내셔널증권 홍콩 한국지점,C22,파생상품계약_장외파생상품_통화관련거래,0,외국계증권사,B,SF205,각주항목(09.06월 이후)
48728,201909,0013352,씨지에스 인터내셔널증권 홍콩 한국지점,C23,파생상품계약_장외파생상품_주식관련거래,0,외국계증권사,B,SF205,각주항목(09.06월 이후)
48729,201909,0013352,씨지에스 인터내셔널증권 홍콩 한국지점,C24,파생상품계약_장외파생상품_신용관련거래,0,외국계증권사,B,SF205,각주항목(09.06월 이후)
48730,201909,0013352,씨지에스 인터내셔널증권 홍콩 한국지점,C25,파생상품계약_장외파생상품_기타,0,외국계증권사,B,SF205,각주항목(09.06월 이후)
48731,201909,0013352,씨지에스 인터내셔널증권 홍콩 한국지점,D,대차 및 대주거래,0,외국계증권사,B,SF205,각주항목(09.06월 이후)
48732,201909,0013352,씨지에스 인터내셔널증권 홍콩 한국지점,D1,대차 및 대주거래_대여증권,0,외국계증권사,B,SF205,각주항목(09.06월 이후)
48733,201909,0013352,씨지에스 인터내셔널증권 홍콩 한국지점,D2,대차 및 대주거래_차입증권,0,외국계증권사,B,SF205,각주항목(09.06월 이후)
48734,201909,0013352,씨지에스 인터내셔널증권 홍콩 한국지점,D3,대차 및 대주거래_신용거래대주,0,외국계증권사,B,SF205,각주항목(09.06월 이후)
48735,201909,0013352,씨지에스 인터내셔널증권 홍콩 한국지점,E,대손상각채권,0,외국계증권사,B,SF205,각주항목(09.06월 이후)
48736,201909,0013352,씨지에스 인터내셔널증권 홍콩 한국지점,F,환전업무 예치금,0,외국계증권사,B,SF205,각주항목(09.06월 이후)
48737,201909,0013352,씨지에스 인터내셔널증권 홍콩 한국지점,G,미배당별도예치금,0,외국계증권사,B,SF205,각주항목(09.06월 이후)
48738,201909,0013352,씨지에스 인터내셔널증권 홍콩 한국지점,H,배서어음매출(종금계정),0,외국계증권사,B,SF205,각주항목(09.06월 이후)
48739,201909,0013352,씨지에스 인터내셔널증권 홍콩 한국지점,H1,대출채권매매이익_담보부,0,외국계증권사,B,SF205,각주항목(09.06월 이후)
48740,201909,0013352,씨지에스 인터내셔널증권 홍콩 한국지점,H2,대출채권매매이익_무담보부,0,외국계증권사,B,SF205,각주항목(09.06월 이후)
48741,201912,0013352,씨지에스 인터내셔널증권 홍콩 한국지점,A,채무보증,0,외국계증권사,B,SF205,각주항목(09.06월 이후)
48742,201912,0013352,씨지에스 인터내셔널증권 홍콩 한국지점,A1,채무보증_지급보증,0,외국계증권사,B,SF205,각주항목(09.06월 이후)
48743,201912,0013352,씨지에스 인터내셔널증권 홍콩 한국지점,A2,채무보증_매입보장약정,0,외국계증권사,B,SF205,각주항목(09.06월 이후)
48744,201912,0013352,씨지에스 인터내셔널증권 홍콩 한국지점,A3,채무보증_채무인수약정,0,외국계증권사,B,SF205,각주항목(09.06월 이후)
48745,201912,0013352,씨지에스 인터내셔널증권 홍콩 한국지점,A5,채무보증_매입확약,0,외국계증권사,B,SF205,각주항목(09.06월 이후)
48746,201912,0013352,씨지에스 인터내셔널증권 홍콩 한국지점,A6,채무보증_기타,0,외국계증권사,B,SF205,각주항목(09.06월 이후)
48747,201912,0013352,씨지에스 인터내셔널증권 홍콩 한국지점,B,투자자의 예수증권 등,65994316900,외국계증권사,B,SF205,각주항목(09.06월 이후)
48748,201912,0013352,씨지에스 인터내셔널증권 홍콩 한국지점,B1,투자자의 예수증권 등_예수 증권,65994316900,외국계증권사,B,SF205,각주항목(09.06월 이후)
48749,201912,0013352,씨지에스 인터내셔널증권 홍콩 한국지점,B2,투자자의 예수증권 등_예수양도성예금증서,0,외국계증권사,B,SF205,각주항목(09.06월 이후)
48750,201912,0013352,씨지에스 인터내셔널증권 홍콩 한국지점,B3,투자자의 예수증권 등_기타,0,외국계증권사,B,SF205,각주항목(09.06월 이후)
48751,201912,0013352,씨지에스 인터내셔널증권 홍콩 한국지점,C,파생상품계약,0,외국계증권사,B,SF205,각주항목(09.06월 이후)
48752,201912,0013352,씨지에스 인터내셔널증권 홍콩 한국지점,C1,파생상품계약_장내파생상품,0,외국계증권사,B,SF205,각주항목(09.06월 이후)
48753,201912,0013352,씨지에스 인터내셔널증권 홍콩 한국지점,C11,파생상품계약_장내파생상품_이자율관련거래,0,외국계증권사,B,SF205,각주항목(09.06월 이후)
48754,201912,0013352,씨지에스 인터내셔널증권 홍콩 한국지점,C12,파생상품계약_장내파생상품_통화관련거래,0,외국계증권사,B,SF205,각주항목(09.06월 이후)
48755,201912,0013352,씨지에스 인터내셔널증권 홍콩 한국지점,C13,파생상품계약_장내파생상품_주식관련거래,0,외국계증권사,B,SF205,각주항목(09.06월 이후)
48756,201912,0013352,씨지에스 인터내셔널증권 홍콩 한국지점,C14,파생상품계약_장내파생상품_일반상품관련거래,0,외국계증권사,B,SF205,각주항목(09.06월 이후)
48757,201912,0013352,씨지에스 인터내셔널증권 홍콩 한국지점,C15,파생상품계약_장내파생상품_기타,0,외국계증권사,B,SF205,각주항목(09.06월 이후)
48758,201912,0013352,씨지에스 인터내셔널증권 홍콩 한국지점,C2,파생상품계약_장외파생상품,0,외국계증권사,B,SF205,각주항목(09.06월 이후)
48759,201912,0013352,씨지에스 인터내셔널증권 홍콩 한국지점,C21,파생상품계약_장외파생상품_이자율관련거래,0,외국계증권사,B,SF205,각주항목(09.06월 이후)
48760,201912,0013352,씨지에스 인터내셔널증권 홍콩 한국지점,C22,파생상품계약_장외파생상품_통화관련거래,0,외국계증권사,B,SF205,각주항목(09.06월 이후)
48761,201912,0013352,씨지에스 인터내셔널증권 홍콩 한국지점,C23,파생상품계약_장외파생상품_주식관련거래,0,외국계증권사,B,SF205,각주항목(09.06월 이후)
48762,201912,0013352,씨지에스 인터내셔널증권 홍콩 한국지점,C24,파생상품계약_장외파생상품_신용관련거래,0,외국계증권사,B,SF205,각주항목(09.06월 이후)
48763,201912,0013352,씨지에스 인터내셔널증권 홍콩 한국지점,C25,파생상품계약_장외파생상품_기타,0,외국계증권사,B,SF205,각주항목(09.06월 이후)
48764,201912,0013352,씨지에스 인터내셔널증권 홍콩 한국지점,D,대차 및 대주거래,0,외국계증권사,B,SF205,각주항목(09.06월 이후)
48765,201912,0013352,씨지에스 인터내셔널증권 홍콩 한국지점,D1,대차 및 대주거래_대여증권,0,외국계증권사,B,SF205,각주항목(09.06월 이후)
48766,201912,0013352,씨지에스 인터내셔널증권 홍콩 한국지점,D2,대차 및 대주거래_차입증권,0,외국계증권사,B,SF205,각주항목(09.06월 이후)
48767,201912,0013352,씨지에스 인터내셔널증권 홍콩 한국지점,D3,대차 및 대주거래_신용거래대주,0,외국계증권사,B,SF205,각주항목(09.06월 이후)
48768,201912,0013352,씨지에스 인터내셔널증권 홍콩 한국지점,E,대손상각채권,0,외국계증권사,B,SF205,각주항목(09.06월 이후)
48769,201912,0013352,씨지에스 인터내셔널증권 홍콩 한국지점,F,환전업무 예치금,0,외국계증권사,B,SF205,각주항목(09.06월 이후)
48770,201912,0013352,씨지에스 인터내셔널증권 홍콩 한국지점,G,미배당별도예치금,0,외국계증권사,B,SF205,각주항목(09.06월 이후)
48771,201912,0013352,씨지에스 인터내셔널증권 홍콩 한국지점,H,배서어음매출(종금계정),0,외국계증권사,B,SF205,각주항목(09.06월 이후)
48772,201912,0013352,씨지에스 인터내셔널증권 홍콩 한국지점,H1,대출채권매매이익_담보부,0,외국계증권사,B,SF205,각주항목(09.06월 이후)
48773,201912,0013352,씨지에스 인터내셔널증권 홍콩 한국지점,H2,대출채권매매이익_무담보부,0,외국계증권사,B,SF205,각주항목(09.06월 이후)
48774,202003,0013352,씨지에스 인터내셔널증권 홍콩 한국지점,A,채무보증,0,외국계증권사,B,SF205,각주항목(09.06월 이후)
48775,202003,0013352,씨지에스 인터내셔널증권 홍콩 한국지점,A1,채무보증_지급보증,0,외국계증권사,B,SF205,각주항목(09.06월 이후)
48776,202003,0013352,씨지에스 인터내셔널증권 홍콩 한국지점,A2,채무보증_매입보장약정,0,외국계증권사,B,SF205,각주항목(09.06월 이후)
48777,202003,0013352,씨지에스 인터내셔널증권 홍콩 한국지점,A3,채무보증_채무인수약정,0,외국계증권사,B,SF205,각주항목(09.06월 이후)
48778,202003,0013352,씨지에스 인터내셔널증권 홍콩 한국지점,A5,채무보증_매입확약,0,외국계증권사,B,SF205,각주항목(09.06월 이후)
48779,202003,0013352,씨지에스 인터내셔널증권 홍콩 한국지점,A6,채무보증_기타,0,외국계증권사,B,SF205,각주항목(09.06월 이후)
48780,202003,0013352,씨지에스 인터내셔널증권 홍콩 한국지점,B,투자자의 예수증권 등,67603645200,외국계증권사,B,SF205,각주항목(09.06월 이후)
48781,202003,0013352,씨지에스 인터내셔널증권 홍콩 한국지점,B1,투자자의 예수증권 등_예수 증권,67603645200,외국계증권사,B,SF205,각주항목(09.06월 이후)
48782,202003,0013352,씨지에스 인터내셔널증권 홍콩 한국지점,B2,투자자의 예수증권 등_예수양도성예금증서,0,외국계증권사,B,SF205,각주항목(09.06월 이후)
48783,202003,0013352,씨지에스 인터내셔널증권 홍콩 한국지점,B3,투자자의 예수증권 등_기타,0,외국계증권사,B,SF205,각주항목(09.06월 이후)
48784,202003,0013352,씨지에스 인터내셔널증권 홍콩 한국지점,C,파생상품계약,0,외국계증권사,B,SF205,각주항목(09.06월 이후)
48785,202003,0013352,씨지에스 인터내셔널증권 홍콩 한국지점,C1,파생상품계약_장내파생상품,0,외국계증권사,B,SF205,각주항목(09.06월 이후)
48786,202003,0013352,씨지에스 인터내셔널증권 홍콩 한국지점,C11,파생상품계약_장내파생상품_이자율관련거래,0,외국계증권사,B,SF205,각주항목(09.06월 이후)
48787,202003,0013352,씨지에스 인터내셔널증권 홍콩 한국지점,C12,파생상품계약_장내파생상품_통화관련거래,0,외국계증권사,B,SF205,각주항목(09.06월 이후)
48788,202003,0013352,씨지에스 인터내셔널증권 홍콩 한국지점,C13,파생상품계약_장내파생상품_주식관련거래,0,외국계증권사,B,SF205,각주항목(09.06월 이후)
48789,202003,0013352,씨지에스 인터내셔널증권 홍콩 한국지점,C14,파생상품계약_장내파생상품_일반상품관련거래,0,외국계증권사,B,SF205,각주항목(09.06월 이후)
48790,202003,0013352,씨지에스 인터내셔널증권 홍콩 한국지점,C15,파생상품계약_장내파생상품_기타,0,외국계증권사,B,SF205,각주항목(09.06월 이후)
48791,202003,0013352,씨지에스 인터내셔널증권 홍콩 한국지점,C2,파생상품계약_장외파생상품,0,외국계증권사,B,SF205,각주항목(09.06월 이후)
48792,202003,0013352,씨지에스 인터내셔널증권 홍콩 한국지점,C21,파생상품계약_장외파생상품_이자율관련거래,0,외국계증권사,B,SF205,각주항목(09.06월 이후)
48793,202003,0013352,씨지에스 인터내셔널증권 홍콩 한국지점,C22,파생상품계약_장외파생상품_통화관련거래,0,외국계증권사,B,SF205,각주항목(09.06월 이후)
48794,202003,0013352,씨지에스 인터내셔널증권 홍콩 한국지점,C23,파생상품계약_장외파생상품_주식관련거래,0,외국계증권사,B,SF205,각주항목(09.06월 이후)
48795,202003,0013352,씨지에스 인터내셔널증권 홍콩 한국지점,C24,파생상품계약_장외파생상품_신용관련거래,0,외국계증권사,B,SF205,각주항목(09.06월 이후)
48796,202003,0013352,씨지에스 인터내셔널증권 홍콩 한국지점,C25,파생상품계약_장외파생상품_기타,0,외국계증권사,B,SF205,각주항목(09.06월 이후)
48797,202003,0013352,씨지에스 인터내셔널증권 홍콩 한국지점,D,대차 및 대주거래,0,외국계증권사,B,SF205,각주항목(09.06월 이후)
48798,202003,0013352,씨지에스 인터내셔널증권 홍콩 한국지점,D1,대차 및 대주거래_대여증권,0,외국계증권사,B,SF205,각주항목(09.06월 이후)
48799,202003,0013352,씨지에스 인터내셔널증권 홍콩 한국지점,D2,대차 및 대주거래_차입증권,0,외국계증권사,B,SF205,각주항목(09.06월 이후)
48800,202003,0013352,씨지에스 인터내셔널증권 홍콩 한국지점,D3,대차 및 대주거래_신용거래대주,0,외국계증권사,B,SF205,각주항목(09.06월 이후)
48801,202003,0013352,씨지에스 인터내셔널증권 홍콩 한국지점,E,대손상각채권,0,외국계증권사,B,SF205,각주항목(09.06월 이후)
48802,202003,0013352,씨지에스 인터내셔널증권 홍콩 한국지점,F,환전업무 예치금,0,외국계증권사,B,SF205,각주항목(09.06월 이후)
48803,202003,0013352,씨지에스 인터내셔널증권 홍콩 한국지점,G,미배당별도예치금,0,외국계증권사,B,SF205,각주항목(09.06월 이후)
48804,202003,0013352,씨지에스 인터내셔널증권 홍콩 한국지점,H,배서어음매출(종금계정),0,외국계증권사,B,SF205,각주항목(09.06월 이후)
48805,202003,0013352,씨지에스 인터내셔널증권 홍콩 한국지점,H1,대출채권매매이익_담보부,0,외국계증권사,B,SF205,각주항목(09.06월 이후)
48806,202003,0013352,씨지에스 인터내셔널증권 홍콩 한국지점,H2,대출채권매매이익_무담보부,0,외국계증권사,B,SF205,각주항목(09.06월 이후)
48807,202006,0013352,씨지에스 인터내셔널증권 홍콩 한국지점,A,채무보증,0,외국계증권사,B,SF205,각주항목(09.06월 이후)
48808,202006,0013352,씨지에스 인터내셔널증권 홍콩 한국지점,A1,채무보증_지급보증,0,외국계증권사,B,SF205,각주항목(09.06월 이후)
48809,202006,0013352,씨지에스 인터내셔널증권 홍콩 한국지점,A2,채무보증_매입보장약정,0,외국계증권사,B,SF205,각주항목(09.06월 이후)
48810,202006,0013352,씨지에스 인터내셔널증권 홍콩 한국지점,A3,채무보증_채무인수약정,0,외국계증권사,B,SF205,각주항목(09.06월 이후)
48811,202006,0013352,씨지에스 인터내셔널증권 홍콩 한국지점,A5,채무보증_매입확약,0,외국계증권사,B,SF205,각주항목(09.06월 이후)
48812,202006,0013352,씨지에스 인터내셔널증권 홍콩 한국지점,A6,채무보증_기타,0,외국계증권사,B,SF205,각주항목(09.06월 이후)
48813,202006,0013352,씨지에스 인터내셔널증권 홍콩 한국지점,B,투자자의 예수증권 등,72898780500,외국계증권사,B,SF205,각주항목(09.06월 이후)
48814,202006,0013352,씨지에스 인터내셔널증권 홍콩 한국지점,B1,투자자의 예수증권 등_예수 증권,72898780500,외국계증권사,B,SF205,각주항목(09.06월 이후)
48815,202006,0013352,씨지에스 인터내셔널증권 홍콩 한국지점,B2,투자자의 예수증권 등_예수양도성예금증서,0,외국계증권사,B,SF205,각주항목(09.06월 이후)
48816,202006,0013352,씨지에스 인터내셔널증권 홍콩 한국지점,B3,투자자의 예수증권 등_기타,0,외국계증권사,B,SF205,각주항목(09.06월 이후)
48817,202006,0013352,씨지에스 인터내셔널증권 홍콩 한국지점,C,파생상품계약,0,외국계증권사,B,SF205,각주항목(09.06월 이후)
48818,202006,0013352,씨지에스 인터내셔널증권 홍콩 한국지점,C1,파생상품계약_장내파생상품,0,외국계증권사,B,SF205,각주항목(09.06월 이후)
48819,202006,0013352,씨지에스 인터내셔널증권 홍콩 한국지점,C11,파생상품계약_장내파생상품_이자율관련거래,0,외국계증권사,B,SF205,각주항목(09.06월 이후)
48820,202006,0013352,씨지에스 인터내셔널증권 홍콩 한국지점,C12,파생상품계약_장내파생상품_통화관련거래,0,외국계증권사,B,SF205,각주항목(09.06월 이후)
48821,202006,0013352,씨지에스 인터내셔널증권 홍콩 한국지점,C13,파생상품계약_장내파생상품_주식관련거래,0,외국계증권사,B,SF205,각주항목(09.06월 이후)
48822,202006,0013352,씨지에스 인터내셔널증권 홍콩 한국지점,C14,파생상품계약_장내파생상품_일반상품관련거래,0,외국계증권사,B,SF205,각주항목(09.06월 이후)
48823,202006,0013352,씨지에스 인터내셔널증권 홍콩 한국지점,C15,파생상품계약_장내파생상품_기타,0,외국계증권사,B,SF205,각주항목(09.06월 이후)
48824,202006,0013352,씨지에스 인터내셔널증권 홍콩 한국지점,C2,파생상품계약_장외파생상품,0,외국계증권사,B,SF205,각주항목(09.06월 이후)
48825,202006,0013352,씨지에스 인터내셔널증권 홍콩 한국지점,C21,파생상품계약_장외파생상품_이자율관련거래,0,외국계증권사,B,SF205,각주항목(09.06월 이후)
48826,202006,0013352,씨지에스 인터내셔널증권 홍콩 한국지점,C22,파생상품계약_장외파생상품_통화관련거래,0,외국계증권사,B,SF205,각주항목(09.06월 이후)
48827,202006,0013352,씨지에스 인터내셔널증권 홍콩 한국지점,C23,파생상품계약_장외파생상품_주식관련거래,0,외국계증권사,B,SF205,각주항목(09.06월 이후)
48828,202006,0013352,씨지에스 인터내셔널증권 홍콩 한국지점,C24,파생상품계약_장외파생상품_신용관련거래,0,외국계증권사,B,SF205,각주항목(09.06월 이후)
48829,202006,0013352,씨지에스 인터내셔널증권 홍콩 한국지점,C25,파생상품계약_장외파생상품_기타,0,외국계증권사,B,SF205,각주항목(09.06월 이후)
48830,202006,0013352,씨지에스 인터내셔널증권 홍콩 한국지점,D,대차 및 대주거래,0,외국계증권사,B,SF205,각주항목(09.06월 이후)
48831,202006,0013352,씨지에스 인터내셔널증권 홍콩 한국지점,D1,대차 및 대주거래_대여증권,0,외국계증권사,B,SF205,각주항목(09.06월 이후)
48832,202006,0013352,씨지에스 인터내셔널증권 홍콩 한국지점,D2,대차 및 대주거래_차입증권,0,외국계증권사,B,SF205,각주항목(09.06월 이후)
48833,202006,0013352,씨지에스 인터내셔널증권 홍콩 한국지점,D3,대차 및 대주거래_신용거래대주,0,외국계증권사,B,SF205,각주항목(09.06월 이후)
48834,202006,0013352,씨지에스 인터내셔널증권 홍콩 한국지점,E,대손상각채권,0,외국계증권사,B,SF205,각주항목(09.06월 이후)
48835,202006,0013352,씨지에스 인터내셔널증권 홍콩 한국지점,F,환전업무 예치금,0,외국계증권사,B,SF205,각주항목(09.06월 이후)
48836,202006,0013352,씨지에스 인터내셔널증권 홍콩 한국지점,G,미배당별도예치금,0,외국계증권사,B,SF205,각주항목(09.06월 이후)
48837,202006,0013352,씨지에스 인터내셔널증권 홍콩 한국지점,H,배서어음매출(종금계정),0,외국계증권사,B,SF205,각주항목(09.06월 이후)
48838,202006,0013352,씨지에스 인터내셔널증권 홍콩 한국지점,H1,대출채권매매이익_담보부,0,외국계증권사,B,SF205,각주항목(09.06월 이후)
48839,202006,0013352,씨지에스 인터내셔널증권 홍콩 한국지점,H2,대출채권매매이익_무담보부,0,외국계증권사,B,SF205,각주항목(09.06월 이후)
48840,202009,0013352,씨지에스 인터내셔널증권 홍콩 한국지점,A,채무보증,0,외국계증권사,B,SF205,각주항목(09.06월 이후)
48841,202009,0013352,씨지에스 인터내셔널증권 홍콩 한국지점,A1,채무보증_지급보증,0,외국계증권사,B,SF205,각주항목(09.06월 이후)
48842,202009,0013352,씨지에스 인터내셔널증권 홍콩 한국지점,A2,채무보증_매입보장약정,0,외국계증권사,B,SF205,각주항목(09.06월 이후)
48843,202009,0013352,씨지에스 인터내셔널증권 홍콩 한국지점,A3,채무보증_채무인수약정,0,외국계증권사,B,SF205,각주항목(09.06월 이후)
48844,202009,0013352,씨지에스 인터내셔널증권 홍콩 한국지점,A5,채무보증_매입확약,0,외국계증권사,B,SF205,각주항목(09.06월 이후)
48845,202009,0013352,씨지에스 인터내셔널증권 홍콩 한국지점,A6,채무보증_기타,0,외국계증권사,B,SF205,각주항목(09.06월 이후)
48846,202009,0013352,씨지에스 인터내셔널증권 홍콩 한국지점,B,투자자의 예수증권 등,120409926000,외국계증권사,B,SF205,각주항목(09.06월 이후)
48847,202009,0013352,씨지에스 인터내셔널증권 홍콩 한국지점,B1,투자자의 예수증권 등_예수 증권,120409926000,외국계증권사,B,SF205,각주항목(09.06월 이후)
48848,202009,0013352,씨지에스 인터내셔널증권 홍콩 한국지점,B2,투자자의 예수증권 등_예수양도성예금증서,0,외국계증권사,B,SF205,각주항목(09.06월 이후)
48849,202009,0013352,씨지에스 인터내셔널증권 홍콩 한국지점,B3,투자자의 예수증권 등_기타,0,외국계증권사,B,SF205,각주항목(09.06월 이후)
48850,202009,0013352,씨지에스 인터내셔널증권 홍콩 한국지점,C,파생상품계약,0,외국계증권사,B,SF205,각주항목(09.06월 이후)
48851,202009,0013352,씨지에스 인터내셔널증권 홍콩 한국지점,C1,파생상품계약_장내파생상품,0,외국계증권사,B,SF205,각주항목(09.06월 이후)
48852,202009,0013352,씨지에스 인터내셔널증권 홍콩 한국지점,C11,파생상품계약_장내파생상품_이자율관련거래,0,외국계증권사,B,SF205,각주항목(09.06월 이후)
48853,202009,0013352,씨지에스 인터내셔널증권 홍콩 한국지점,C12,파생상품계약_장내파생상품_통화관련거래,0,외국계증권사,B,SF205,각주항목(09.06월 이후)
48854,202009,0013352,씨지에스 인터내셔널증권 홍콩 한국지점,C13,파생상품계약_장내파생상품_주식관련거래,0,외국계증권사,B,SF205,각주항목(09.06월 이후)
48855,202009,0013352,씨지에스 인터내셔널증권 홍콩 한국지점,C14,파생상품계약_장내파생상품_일반상품관련거래,0,외국계증권사,B,SF205,각주항목(09.06월 이후)
48856,202009,0013352,씨지에스 인터내셔널증권 홍콩 한국지점,C15,파생상품계약_장내파생상품_기타,0,외국계증권사,B,SF205,각주항목(09.06월 이후)
48857,202009,0013352,씨지에스 인터내셔널증권 홍콩 한국지점,C2,파생상품계약_장외파생상품,0,외국계증권사,B,SF205,각주항목(09.06월 이후)
48858,202009,0013352,씨지에스 인터내셔널증권 홍콩 한국지점,C21,파생상품계약_장외파생상품_이자율관련거래,0,외국계증권사,B,SF205,각주항목(09.06월 이후)
48859,202009,0013352,씨지에스 인터내셔널증권 홍콩 한국지점,C22,파생상품계약_장외파생상품_통화관련거래,0,외국계증권사,B,SF205,각주항목(09.06월 이후)
48860,202009,0013352,씨지에스 인터내셔널증권 홍콩 한국지점,C23,파생상품계약_장외파생상품_주식관련거래,0,외국계증권사,B,SF205,각주항목(09.06월 이후)
48861,202009,0013352,씨지에스 인터내셔널증권 홍콩 한국지점,C24,파생상품계약_장외파생상품_신용관련거래,0,외국계증권사,B,SF205,각주항목(09.06월 이후)
48862,202009,0013352,씨지에스 인터내셔널증권 홍콩 한국지점,C25,파생상품계약_장외파생상품_기타,0,외국계증권사,B,SF205,각주항목(09.06월 이후)
48863,202009,0013352,씨지에스 인터내셔널증권 홍콩 한국지점,D,대차 및 대주거래,0,외국계증권사,B,SF205,각주항목(09.06월 이후)
48864,202009,0013352,씨지에스 인터내셔널증권 홍콩 한국지점,D1,대차 및 대주거래_대여증권,0,외국계증권사,B,SF205,각주항목(09.06월 이후)
48865,202009,0013352,씨지에스 인터내셔널증권 홍콩 한국지점,D2,대차 및 대주거래_차입증권,0,외국계증권사,B,SF205,각주항목(09.06월 이후)
48866,202009,0013352,씨지에스 인터내셔널증권 홍콩 한국지점,D3,대차 및 대주거래_신용거래대주,0,외국계증권사,B,SF205,각주항목(09.06월 이후)
48867,202009,0013352,씨지에스 인터내셔널증권 홍콩 한국지점,E,대손상각채권,0,외국계증권사,B,SF205,각주항목(09.06월 이후)
48868,202009,0013352,씨지에스 인터내셔널증권 홍콩 한국지점,F,환전업무 예치금,0,외국계증권사,B,SF205,각주항목(09.06월 이후)
48869,202009,0013352,씨지에스 인터내셔널증권 홍콩 한국지점,G,미배당별도예치금,0,외국계증권사,B,SF205,각주항목(09.06월 이후)
48870,202009,0013352,씨지에스 인터내셔널증권 홍콩 한국지점,H,배서어음매출(종금계정),0,외국계증권사,B,SF205,각주항목(09.06월 이후)
48871,202009,0013352,씨지에스 인터내셔널증권 홍콩 한국지점,H1,대출채권매매이익_담보부,0,외국계증권사,B,SF205,각주항목(09.06월 이후)
48872,202009,0013352,씨지에스 인터내셔널증권 홍콩 한국지점,H2,대출채권매매이익_무담보부,0,외국계증권사,B,SF205,각주항목(09.06월 이후)
48873,202012,0013352,씨지에스 인터내셔널증권 홍콩 한국지점,A,채무보증,0,외국계증권사,B,SF205,각주항목(09.06월 이후)
48874,202012,0013352,씨지에스 인터내셔널증권 홍콩 한국지점,A1,채무보증_지급보증,0,외국계증권사,B,SF205,각주항목(09.06월 이후)
48875,202012,0013352,씨지에스 인터내셔널증권 홍콩 한국지점,A2,채무보증_매입보장약정,0,외국계증권사,B,SF205,각주항목(09.06월 이후)
48876,202012,0013352,씨지에스 인터내셔널증권 홍콩 한국지점,A3,채무보증_채무인수약정,0,외국계증권사,B,SF205,각주항목(09.06월 이후)
48877,202012,0013352,씨지에스 인터내셔널증권 홍콩 한국지점,A5,채무보증_매입확약,0,외국계증권사,B,SF205,각주항목(09.06월 이후)
48878,202012,0013352,씨지에스 인터내셔널증권 홍콩 한국지점,A6,채무보증_기타,0,외국계증권사,B,SF205,각주항목(09.06월 이후)
48879,202012,0013352,씨지에스 인터내셔널증권 홍콩 한국지점,B,투자자의 예수증권 등,95384971500,외국계증권사,B,SF205,각주항목(09.06월 이후)
48880,202012,0013352,씨지에스 인터내셔널증권 홍콩 한국지점,B1,투자자의 예수증권 등_예수 증권,95384971500,외국계증권사,B,SF205,각주항목(09.06월 이후)
48881,202012,0013352,씨지에스 인터내셔널증권 홍콩 한국지점,B2,투자자의 예수증권 등_예수양도성예금증서,0,외국계증권사,B,SF205,각주항목(09.06월 이후)
48882,202012,0013352,씨지에스 인터내셔널증권 홍콩 한국지점,B3,투자자의 예수증권 등_기타,0,외국계증권사,B,SF205,각주항목(09.06월 이후)
48883,202012,0013352,씨지에스 인터내셔널증권 홍콩 한국지점,C,파생상품계약,0,외국계증권사,B,SF205,각주항목(09.06월 이후)
48884,202012,0013352,씨지에스 인터내셔널증권 홍콩 한국지점,C1,파생상품계약_장내파생상품,0,외국계증권사,B,SF205,각주항목(09.06월 이후)
48885,202012,0013352,씨지에스 인터내셔널증권 홍콩 한국지점,C11,파생상품계약_장내파생상품_이자율관련거래,0,외국계증권사,B,SF205,각주항목(09.06월 이후)
48886,202012,0013352,씨지에스 인터내셔널증권 홍콩 한국지점,C12,파생상품계약_장내파생상품_통화관련거래,0,외국계증권사,B,SF205,각주항목(09.06월 이후)
48887,202012,0013352,씨지에스 인터내셔널증권 홍콩 한국지점,C13,파생상품계약_장내파생상품_주식관련거래,0,외국계증권사,B,SF205,각주항목(09.06월 이후)
48888,202012,0013352,씨지에스 인터내셔널증권 홍콩 한국지점,C14,파생상품계약_장내파생상품_일반상품관련거래,0,외국계증권사,B,SF205,각주항목(09.06월 이후)
48889,202012,0013352,씨지에스 인터내셔널증권 홍콩 한국지점,C15,파생상품계약_장내파생상품_기타,0,외국계증권사,B,SF205,각주항목(09.06월 이후)
48890,202012,0013352,씨지에스 인터내셔널증권 홍콩 한국지점,C2,파생상품계약_장외파생상품,0,외국계증권사,B,SF205,각주항목(09.06월 이후)
48891,202012,0013352,씨지에스 인터내셔널증권 홍콩 한국지점,C21,파생상품계약_장외파생상품_이자율관련거래,0,외국계증권사,B,SF205,각주항목(09.06월 이후)
48892,202012,0013352,씨지에스 인터내셔널증권 홍콩 한국지점,C22,파생상품계약_장외파생상품_통화관련거래,0,외국계증권사,B,SF205,각주항목(09.06월 이후)
48893,202012,0013352,씨지에스 인터내셔널증권 홍콩 한국지점,C23,파생상품계약_장외파생상품_주식관련거래,0,외국계증권사,B,SF205,각주항목(09.06월 이후)
48894,202012,0013352,씨지에스 인터내셔널증권 홍콩 한국지점,C24,파생상품계약_장외파생상품_신용관련거래,0,외국계증권사,B,SF205,각주항목(09.06월 이후)
48895,202012,0013352,씨지에스 인터내셔널증권 홍콩 한국지점,C25,파생상품계약_장외파생상품_기타,0,외국계증권사,B,SF205,각주항목(09.06월 이후)
48896,202012,0013352,씨지에스 인터내셔널증권 홍콩 한국지점,D,대차 및 대주거래,0,외국계증권사,B,SF205,각주항목(09.06월 이후)
48897,202012,0013352,씨지에스 인터내셔널증권 홍콩 한국지점,D1,대차 및 대주거래_대여증권,0,외국계증권사,B,SF205,각주항목(09.06월 이후)
48898,202012,0013352,씨지에스 인터내셔널증권 홍콩 한국지점,D2,대차 및 대주거래_차입증권,0,외국계증권사,B,SF205,각주항목(09.06월 이후)
48899,202012,0013352,씨지에스 인터내셔널증권 홍콩 한국지점,D3,대차 및 대주거래_신용거래대주,0,외국계증권사,B,SF205,각주항목(09.06월 이후)
48900,202012,0013352,씨지에스 인터내셔널증권 홍콩 한국지점,E,대손상각채권,0,외국계증권사,B,SF205,각주항목(09.06월 이후)
48901,202012,0013352,씨지에스 인터내셔널증권 홍콩 한국지점,F,환전업무 예치금,0,외국계증권사,B,SF205,각주항목(09.06월 이후)
48902,202012,0013352,씨지에스 인터내셔널증권 홍콩 한국지점,G,미배당별도예치금,0,외국계증권사,B,SF205,각주항목(09.06월 이후)
48903,202012,0013352,씨지에스 인터내셔널증권 홍콩 한국지점,H,배서어음매출(종금계정),0,외국계증권사,B,SF205,각주항목(09.06월 이후)
48904,202012,0013352,씨지에스 인터내셔널증권 홍콩 한국지점,H1,대출채권매매이익_담보부,0,외국계증권사,B,SF205,각주항목(09.06월 이후)
48905,202012,0013352,씨지에스 인터내셔널증권 홍콩 한국지점,H2,대출채권매매이익_무담보부,0,외국계증권사,B,SF205,각주항목(09.06월 이후)
48906,202103,0013352,씨지에스 인터내셔널증권 홍콩 한국지점,A,채무보증,0,외국계증권사,B,SF205,각주항목(09.06월 이후)
48907,202103,0013352,씨지에스 인터내셔널증권 홍콩 한국지점,A1,채무보증_지급보증,0,외국계증권사,B,SF205,각주항목(09.06월 이후)
48908,202103,0013352,씨지에스 인터내셔널증권 홍콩 한국지점,A2,채무보증_매입보장약정,0,외국계증권사,B,SF205,각주항목(09.06월 이후)
48909,202103,0013352,씨지에스 인터내셔널증권 홍콩 한국지점,A3,채무보증_채무인수약정,0,외국계증권사,B,SF205,각주항목(09.06월 이후)
48910,202103,0013352,씨지에스 인터내셔널증권 홍콩 한국지점,A5,채무보증_매입확약,0,외국계증권사,B,SF205,각주항목(09.06월 이후)
48911,202103,0013352,씨지에스 인터내셔널증권 홍콩 한국지점,A6,채무보증_기타,0,외국계증권사,B,SF205,각주항목(09.06월 이후)
48912,202103,0013352,씨지에스 인터내셔널증권 홍콩 한국지점,B,투자자의 예수증권 등,93571569000,외국계증권사,B,SF205,각주항목(09.06월 이후)
48913,202103,0013352,씨지에스 인터내셔널증권 홍콩 한국지점,B1,투자자의 예수증권 등_예수 증권,93571569000,외국계증권사,B,SF205,각주항목(09.06월 이후)
48914,202103,0013352,씨지에스 인터내셔널증권 홍콩 한국지점,B2,투자자의 예수증권 등_예수양도성예금증서,0,외국계증권사,B,SF205,각주항목(09.06월 이후)
48915,202103,0013352,씨지에스 인터내셔널증권 홍콩 한국지점,B3,투자자의 예수증권 등_기타,0,외국계증권사,B,SF205,각주항목(09.06월 이후)
48916,202103,0013352,씨지에스 인터내셔널증권 홍콩 한국지점,C,파생상품계약,0,외국계증권사,B,SF205,각주항목(09.06월 이후)
48917,202103,0013352,씨지에스 인터내셔널증권 홍콩 한국지점,C1,파생상품계약_장내파생상품,0,외국계증권사,B,SF205,각주항목(09.06월 이후)
48918,202103,0013352,씨지에스 인터내셔널증권 홍콩 한국지점,C11,파생상품계약_장내파생상품_이자율관련거래,0,외국계증권사,B,SF205,각주항목(09.06월 이후)
48919,202103,0013352,씨지에스 인터내셔널증권 홍콩 한국지점,C12,파생상품계약_장내파생상품_통화관련거래,0,외국계증권사,B,SF205,각주항목(09.06월 이후)
48920,202103,0013352,씨지에스 인터내셔널증권 홍콩 한국지점,C13,파생상품계약_장내파생상품_주식관련거래,0,외국계증권사,B,SF205,각주항목(09.06월 이후)
48921,202103,0013352,씨지에스 인터내셔널증권 홍콩 한국지점,C14,파생상품계약_장내파생상품_일반상품관련거래,0,외국계증권사,B,SF205,각주항목(09.06월 이후)
48922,202103,0013352,씨지에스 인터내셔널증권 홍콩 한국지점,C15,파생상품계약_장내파생상품_기타,0,외국계증권사,B,SF205,각주항목(09.06월 이후)
48923,202103,0013352,씨지에스 인터내셔널증권 홍콩 한국지점,C2,파생상품계약_장외파생상품,0,외국계증권사,B,SF205,각주항목(09.06월 이후)
48924,202103,0013352,씨지에스 인터내셔널증권 홍콩 한국지점,C21,파생상품계약_장외파생상품_이자율관련거래,0,외국계증권사,B,SF205,각주항목(09.06월 이후)
48925,202103,0013352,씨지에스 인터내셔널증권 홍콩 한국지점,C22,파생상품계약_장외파생상품_통화관련거래,0,외국계증권사,B,SF205,각주항목(09.06월 이후)
48926,202103,0013352,씨지에스 인터내셔널증권 홍콩 한국지점,C23,파생상품계약_장외파생상품_주식관련거래,0,외국계증권사,B,SF205,각주항목(09.06월 이후)
48927,202103,0013352,씨지에스 인터내셔널증권 홍콩 한국지점,C24,파생상품계약_장외파생상품_신용관련거래,0,외국계증권사,B,SF205,각주항목(09.06월 이후)
48928,202103,0013352,씨지에스 인터내셔널증권 홍콩 한국지점,C25,파생상품계약_장외파생상품_기타,0,외국계증권사,B,SF205,각주항목(09.06월 이후)
48929,202103,0013352,씨지에스 인터내셔널증권 홍콩 한국지점,D,대차 및 대주거래,0,외국계증권사,B,SF205,각주항목(09.06월 이후)
48930,202103,0013352,씨지에스 인터내셔널증권 홍콩 한국지점,D1,대차 및 대주거래_대여증권,0,외국계증권사,B,SF205,각주항목(09.06월 이후)
48931,202103,0013352,씨지에스 인터내셔널증권 홍콩 한국지점,D2,대차 및 대주거래_차입증권,0,외국계증권사,B,SF205,각주항목(09.06월 이후)
48932,202103,0013352,씨지에스 인터내셔널증권 홍콩 한국지점,D3,대차 및 대주거래_신용거래대주,0,외국계증권사,B,SF205,각주항목(09.06월 이후)
48933,202103,0013352,씨지에스 인터내셔널증권 홍콩 한국지점,E,대손상각채권,0,외국계증권사,B,SF205,각주항목(09.06월 이후)
48934,202103,0013352,씨지에스 인터내셔널증권 홍콩 한국지점,F,환전업무 예치금,0,외국계증권사,B,SF205,각주항목(09.06월 이후)
48935,202103,0013352,씨지에스 인터내셔널증권 홍콩 한국지점,G,미배당별도예치금,0,외국계증권사,B,SF205,각주항목(09.06월 이후)
48936,202103,0013352,씨지에스 인터내셔널증권 홍콩 한국지점,H,배서어음매출(종금계정),0,외국계증권사,B,SF205,각주항목(09.06월 이후)
48937,202103,0013352,씨지에스 인터내셔널증권 홍콩 한국지점,H1,대출채권매매이익_담보부,0,외국계증권사,B,SF205,각주항목(09.06월 이후)
48938,202103,0013352,씨지에스 인터내셔널증권 홍콩 한국지점,H2,대출채권매매이익_무담보부,0,외국계증권사,B,SF205,각주항목(09.06월 이후)
48939,202106,0013352,씨지에스 인터내셔널증권 홍콩 한국지점,A,채무보증,0,외국계증권사,B,SF205,각주항목(09.06월 이후)
48940,202106,0013352,씨지에스 인터내셔널증권 홍콩 한국지점,A1,채무보증_지급보증,0,외국계증권사,B,SF205,각주항목(09.06월 이후)
48941,202106,0013352,씨지에스 인터내셔널증권 홍콩 한국지점,A2,채무보증_매입보장약정,0,외국계증권사,B,SF205,각주항목(09.06월 이후)
48942,202106,0013352,씨지에스 인터내셔널증권 홍콩 한국지점,A3,채무보증_채무인수약정,0,외국계증권사,B,SF205,각주항목(09.06월 이후)
48943,202106,0013352,씨지에스 인터내셔널증권 홍콩 한국지점,A5,채무보증_매입확약,0,외국계증권사,B,SF205,각주항목(09.06월 이후)
48944,202106,0013352,씨지에스 인터내셔널증권 홍콩 한국지점,A6,채무보증_기타,0,외국계증권사,B,SF205,각주항목(09.06월 이후)
48945,202106,0013352,씨지에스 인터내셔널증권 홍콩 한국지점,B,투자자의 예수증권 등,97198374000,외국계증권사,B,SF205,각주항목(09.06월 이후)
48946,202106,0013352,씨지에스 인터내셔널증권 홍콩 한국지점,B1,투자자의 예수증권 등_예수 증권,97198374000,외국계증권사,B,SF205,각주항목(09.06월 이후)
48947,202106,0013352,씨지에스 인터내셔널증권 홍콩 한국지점,B2,투자자의 예수증권 등_예수양도성예금증서,0,외국계증권사,B,SF205,각주항목(09.06월 이후)
48948,202106,0013352,씨지에스 인터내셔널증권 홍콩 한국지점,B3,투자자의 예수증권 등_기타,0,외국계증권사,B,SF205,각주항목(09.06월 이후)
48949,202106,0013352,씨지에스 인터내셔널증권 홍콩 한국지점,C,파생상품계약,0,외국계증권사,B,SF205,각주항목(09.06월 이후)
48950,202106,0013352,씨지에스 인터내셔널증권 홍콩 한국지점,C1,파생상품계약_장내파생상품,0,외국계증권사,B,SF205,각주항목(09.06월 이후)
48951,202106,0013352,씨지에스 인터내셔널증권 홍콩 한국지점,C11,파생상품계약_장내파생상품_이자율관련거래,0,외국계증권사,B,SF205,각주항목(09.06월 이후)
48952,202106,0013352,씨지에스 인터내셔널증권 홍콩 한국지점,C12,파생상품계약_장내파생상품_통화관련거래,0,외국계증권사,B,SF205,각주항목(09.06월 이후)
48953,202106,0013352,씨지에스 인터내셔널증권 홍콩 한국지점,C13,파생상품계약_장내파생상품_주식관련거래,0,외국계증권사,B,SF205,각주항목(09.06월 이후)
48954,202106,0013352,씨지에스 인터내셔널증권 홍콩 한국지점,C14,파생상품계약_장내파생상품_일반상품관련거래,0,외국계증권사,B,SF205,각주항목(09.06월 이후)
48955,202106,0013352,씨지에스 인터내셔널증권 홍콩 한국지점,C15,파생상품계약_장내파생상품_기타,0,외국계증권사,B,SF205,각주항목(09.06월 이후)
48956,202106,0013352,씨지에스 인터내셔널증권 홍콩 한국지점,C2,파생상품계약_장외파생상품,0,외국계증권사,B,SF205,각주항목(09.06월 이후)
48957,202106,0013352,씨지에스 인터내셔널증권 홍콩 한국지점,C21,파생상품계약_장외파생상품_이자율관련거래,0,외국계증권사,B,SF205,각주항목(09.06월 이후)
48958,202106,0013352,씨지에스 인터내셔널증권 홍콩 한국지점,C22,파생상품계약_장외파생상품_통화관련거래,0,외국계증권사,B,SF205,각주항목(09.06월 이후)
48959,202106,0013352,씨지에스 인터내셔널증권 홍콩 한국지점,C23,파생상품계약_장외파생상품_주식관련거래,0,외국계증권사,B,SF205,각주항목(09.06월 이후)
48960,202106,0013352,씨지에스 인터내셔널증권 홍콩 한국지점,C24,파생상품계약_장외파생상품_신용관련거래,0,외국계증권사,B,SF205,각주항목(09.06월 이후)
48961,202106,0013352,씨지에스 인터내셔널증권 홍콩 한국지점,C25,파생상품계약_장외파생상품_기타,0,외국계증권사,B,SF205,각주항목(09.06월 이후)
48962,202106,0013352,씨지에스 인터내셔널증권 홍콩 한국지점,D,대차 및 대주거래,0,외국계증권사,B,SF205,각주항목(09.06월 이후)
48963,202106,0013352,씨지에스 인터내셔널증권 홍콩 한국지점,D1,대차 및 대주거래_대여증권,0,외국계증권사,B,SF205,각주항목(09.06월 이후)
48964,202106,0013352,씨지에스 인터내셔널증권 홍콩 한국지점,D2,대차 및 대주거래_차입증권,0,외국계증권사,B,SF205,각주항목(09.06월 이후)
48965,202106,0013352,씨지에스 인터내셔널증권 홍콩 한국지점,D3,대차 및 대주거래_신용거래대주,0,외국계증권사,B,SF205,각주항목(09.06월 이후)
48966,202106,0013352,씨지에스 인터내셔널증권 홍콩 한국지점,E,대손상각채권,0,외국계증권사,B,SF205,각주항목(09.06월 이후)
48967,202106,0013352,씨지에스 인터내셔널증권 홍콩 한국지점,F,환전업무 예치금,0,외국계증권사,B,SF205,각주항목(09.06월 이후)
48968,202106,0013352,씨지에스 인터내셔널증권 홍콩 한국지점,G,미배당별도예치금,0,외국계증권사,B,SF205,각주항목(09.06월 이후)
48969,202106,0013352,씨지에스 인터내셔널증권 홍콩 한국지점,H,배서어음매출(종금계정),0,외국계증권사,B,SF205,각주항목(09.06월 이후)
48970,202106,0013352,씨지에스 인터내셔널증권 홍콩 한국지점,H1,대출채권매매이익_담보부,0,외국계증권사,B,SF205,각주항목(09.06월 이후)
48971,202106,0013352,씨지에스 인터내셔널증권 홍콩 한국지점,H2,대출채권매매이익_무담보부,0,외국계증권사,B,SF205,각주항목(09.06월 이후)
48972,202109,0013352,씨지에스 인터내셔널증권 홍콩 한국지점,A,채무보증,0,외국계증권사,B,SF205,각주항목(09.06월 이후)
48973,202109,0013352,씨지에스 인터내셔널증권 홍콩 한국지점,A1,채무보증_지급보증,0,외국계증권사,B,SF205,각주항목(09.06월 이후)
48974,202109,0013352,씨지에스 인터내셔널증권 홍콩 한국지점,A2,채무보증_매입보장약정,0,외국계증권사,B,SF205,각주항목(09.06월 이후)
48975,202109,0013352,씨지에스 인터내셔널증권 홍콩 한국지점,A3,채무보증_채무인수약정,0,외국계증권사,B,SF205,각주항목(09.06월 이후)
48976,202109,0013352,씨지에스 인터내셔널증권 홍콩 한국지점,A5,채무보증_매입확약,0,외국계증권사,B,SF205,각주항목(09.06월 이후)
48977,202109,0013352,씨지에스 인터내셔널증권 홍콩 한국지점,A6,채무보증_기타,0,외국계증권사,B,SF205,각주항목(09.06월 이후)
48978,202109,0013352,씨지에스 인터내셔널증권 홍콩 한국지점,B,투자자의 예수증권 등,85592598000,외국계증권사,B,SF205,각주항목(09.06월 이후)
48979,202109,0013352,씨지에스 인터내셔널증권 홍콩 한국지점,B1,투자자의 예수증권 등_예수 증권,85592598000,외국계증권사,B,SF205,각주항목(09.06월 이후)
48980,202109,0013352,씨지에스 인터내셔널증권 홍콩 한국지점,B2,투자자의 예수증권 등_예수양도성예금증서,0,외국계증권사,B,SF205,각주항목(09.06월 이후)
48981,202109,0013352,씨지에스 인터내셔널증권 홍콩 한국지점,B3,투자자의 예수증권 등_기타,0,외국계증권사,B,SF205,각주항목(09.06월 이후)
48982,202109,0013352,씨지에스 인터내셔널증권 홍콩 한국지점,C,파생상품계약,0,외국계증권사,B,SF205,각주항목(09.06월 이후)
48983,202109,0013352,씨지에스 인터내셔널증권 홍콩 한국지점,C1,파생상품계약_장내파생상품,0,외국계증권사,B,SF205,각주항목(09.06월 이후)
48984,202109,0013352,씨지에스 인터내셔널증권 홍콩 한국지점,C11,파생상품계약_장내파생상품_이자율관련거래,0,외국계증권사,B,SF205,각주항목(09.06월 이후)
48985,202109,0013352,씨지에스 인터내셔널증권 홍콩 한국지점,C12,파생상품계약_장내파생상품_통화관련거래,0,외국계증권사,B,SF205,각주항목(09.06월 이후)
48986,202109,0013352,씨지에스 인터내셔널증권 홍콩 한국지점,C13,파생상품계약_장내파생상품_주식관련거래,0,외국계증권사,B,SF205,각주항목(09.06월 이후)
48987,202109,0013352,씨지에스 인터내셔널증권 홍콩 한국지점,C14,파생상품계약_장내파생상품_일반상품관련거래,0,외국계증권사,B,SF205,각주항목(09.06월 이후)
48988,202109,0013352,씨지에스 인터내셔널증권 홍콩 한국지점,C15,파생상품계약_장내파생상품_기타,0,외국계증권사,B,SF205,각주항목(09.06월 이후)
48989,202109,0013352,씨지에스 인터내셔널증권 홍콩 한국지점,C2,파생상품계약_장외파생상품,0,외국계증권사,B,SF205,각주항목(09.06월 이후)
48990,202109,0013352,씨지에스 인터내셔널증권 홍콩 한국지점,C21,파생상품계약_장외파생상품_이자율관련거래,0,외국계증권사,B,SF205,각주항목(09.06월 이후)
48991,202109,0013352,씨지에스 인터내셔널증권 홍콩 한국지점,C22,파생상품계약_장외파생상품_통화관련거래,0,외국계증권사,B,SF205,각주항목(09.06월 이후)
48992,202109,0013352,씨지에스 인터내셔널증권 홍콩 한국지점,C23,파생상품계약_장외파생상품_주식관련거래,0,외국계증권사,B,SF205,각주항목(09.06월 이후)
48993,202109,0013352,씨지에스 인터내셔널증권 홍콩 한국지점,C24,파생상품계약_장외파생상품_신용관련거래,0,외국계증권사,B,SF205,각주항목(09.06월 이후)
48994,202109,0013352,씨지에스 인터내셔널증권 홍콩 한국지점,C25,파생상품계약_장외파생상품_기타,0,외국계증권사,B,SF205,각주항목(09.06월 이후)
48995,202109,0013352,씨지에스 인터내셔널증권 홍콩 한국지점,D,대차 및 대주거래,0,외국계증권사,B,SF205,각주항목(09.06월 이후)
48996,202109,0013352,씨지에스 인터내셔널증권 홍콩 한국지점,D1,대차 및 대주거래_대여증권,0,외국계증권사,B,SF205,각주항목(09.06월 이후)
48997,202109,0013352,씨지에스 인터내셔널증권 홍콩 한국지점,D2,대차 및 대주거래_차입증권,0,외국계증권사,B,SF205,각주항목(09.06월 이후)
48998,202109,0013352,씨지에스 인터내셔널증권 홍콩 한국지점,D3,대차 및 대주거래_신용거래대주,0,외국계증권사,B,SF205,각주항목(09.06월 이후)
48999,202109,0013352,씨지에스 인터내셔널증권 홍콩 한국지점,E,대손상각채권,0,외국계증권사,B,SF205,각주항목(09.06월 이후)
49000,202109,0013352,씨지에스 인터내셔널증권 홍콩 한국지점,F,환전업무 예치금,0,외국계증권사,B,SF205,각주항목(09.06월 이후)
49001,202109,0013352,씨지에스 인터내셔널증권 홍콩 한국지점,G,미배당별도예치금,0,외국계증권사,B,SF205,각주항목(09.06월 이후)
49002,202109,0013352,씨지에스 인터내셔널증권 홍콩 한국지점,H,배서어음매출(종금계정),0,외국계증권사,B,SF205,각주항목(09.06월 이후)
49003,202109,0013352,씨지에스 인터내셔널증권 홍콩 한국지점,H1,대출채권매매이익_담보부,0,외국계증권사,B,SF205,각주항목(09.06월 이후)
49004,202109,0013352,씨지에스 인터내셔널증권 홍콩 한국지점,H2,대출채권매매이익_무담보부,0,외국계증권사,B,SF205,각주항목(09.06월 이후)
49005,202112,0013352,씨지에스 인터내셔널증권 홍콩 한국지점,A,채무보증,0,외국계증권사,B,SF205,각주항목(09.06월 이후)
49006,202112,0013352,씨지에스 인터내셔널증권 홍콩 한국지점,A1,채무보증_지급보증,0,외국계증권사,B,SF205,각주항목(09.06월 이후)
49007,202112,0013352,씨지에스 인터내셔널증권 홍콩 한국지점,A2,채무보증_매입보장약정,0,외국계증권사,B,SF205,각주항목(09.06월 이후)
49008,202112,0013352,씨지에스 인터내셔널증권 홍콩 한국지점,A3,채무보증_채무인수약정,0,외국계증권사,B,SF205,각주항목(09.06월 이후)
49009,202112,0013352,씨지에스 인터내셔널증권 홍콩 한국지점,A5,채무보증_매입확약,0,외국계증권사,B,SF205,각주항목(09.06월 이후)
49010,202112,0013352,씨지에스 인터내셔널증권 홍콩 한국지점,A6,채무보증_기타,0,외국계증권사,B,SF205,각주항목(09.06월 이후)
49011,202112,0013352,씨지에스 인터내셔널증권 홍콩 한국지점,B,투자자의 예수증권 등,90670125000,외국계증권사,B,SF205,각주항목(09.06월 이후)
49012,202112,0013352,씨지에스 인터내셔널증권 홍콩 한국지점,B1,투자자의 예수증권 등_예수 증권,90670125000,외국계증권사,B,SF205,각주항목(09.06월 이후)
49013,202112,0013352,씨지에스 인터내셔널증권 홍콩 한국지점,B2,투자자의 예수증권 등_예수양도성예금증서,0,외국계증권사,B,SF205,각주항목(09.06월 이후)
49014,202112,0013352,씨지에스 인터내셔널증권 홍콩 한국지점,B3,투자자의 예수증권 등_기타,0,외국계증권사,B,SF205,각주항목(09.06월 이후)
49015,202112,0013352,씨지에스 인터내셔널증권 홍콩 한국지점,C,파생상품계약,0,외국계증권사,B,SF205,각주항목(09.06월 이후)
49016,202112,0013352,씨지에스 인터내셔널증권 홍콩 한국지점,C1,파생상품계약_장내파생상품,0,외국계증권사,B,SF205,각주항목(09.06월 이후)
49017,202112,0013352,씨지에스 인터내셔널증권 홍콩 한국지점,C11,파생상품계약_장내파생상품_이자율관련거래,0,외국계증권사,B,SF205,각주항목(09.06월 이후)
49018,202112,0013352,씨지에스 인터내셔널증권 홍콩 한국지점,C12,파생상품계약_장내파생상품_통화관련거래,0,외국계증권사,B,SF205,각주항목(09.06월 이후)
49019,202112,0013352,씨지에스 인터내셔널증권 홍콩 한국지점,C13,파생상품계약_장내파생상품_주식관련거래,0,외국계증권사,B,SF205,각주항목(09.06월 이후)
49020,202112,0013352,씨지에스 인터내셔널증권 홍콩 한국지점,C14,파생상품계약_장내파생상품_일반상품관련거래,0,외국계증권사,B,SF205,각주항목(09.06월 이후)
49021,202112,0013352,씨지에스 인터내셔널증권 홍콩 한국지점,C15,파생상품계약_장내파생상품_기타,0,외국계증권사,B,SF205,각주항목(09.06월 이후)
49022,202112,0013352,씨지에스 인터내셔널증권 홍콩 한국지점,C2,파생상품계약_장외파생상품,0,외국계증권사,B,SF205,각주항목(09.06월 이후)
49023,202112,0013352,씨지에스 인터내셔널증권 홍콩 한국지점,C21,파생상품계약_장외파생상품_이자율관련거래,0,외국계증권사,B,SF205,각주항목(09.06월 이후)
49024,202112,0013352,씨지에스 인터내셔널증권 홍콩 한국지점,C22,파생상품계약_장외파생상품_통화관련거래,0,외국계증권사,B,SF205,각주항목(09.06월 이후)
49025,202112,0013352,씨지에스 인터내셔널증권 홍콩 한국지점,C23,파생상품계약_장외파생상품_주식관련거래,0,외국계증권사,B,SF205,각주항목(09.06월 이후)
49026,202112,0013352,씨지에스 인터내셔널증권 홍콩 한국지점,C24,파생상품계약_장외파생상품_신용관련거래,0,외국계증권사,B,SF205,각주항목(09.06월 이후)
49027,202112,0013352,씨지에스 인터내셔널증권 홍콩 한국지점,C25,파생상품계약_장외파생상품_기타,0,외국계증권사,B,SF205,각주항목(09.06월 이후)
49028,202112,0013352,씨지에스 인터내셔널증권 홍콩 한국지점,D,대차 및 대주거래,0,외국계증권사,B,SF205,각주항목(09.06월 이후)
49029,202112,0013352,씨지에스 인터내셔널증권 홍콩 한국지점,D1,대차 및 대주거래_대여증권,0,외국계증권사,B,SF205,각주항목(09.06월 이후)
49030,202112,0013352,씨지에스 인터내셔널증권 홍콩 한국지점,D2,대차 및 대주거래_차입증권,0,외국계증권사,B,SF205,각주항목(09.06월 이후)
49031,202112,0013352,씨지에스 인터내셔널증권 홍콩 한국지점,D3,대차 및 대주거래_신용거래대주,0,외국계증권사,B,SF205,각주항목(09.06월 이후)
49032,202112,0013352,씨지에스 인터내셔널증권 홍콩 한국지점,E,대손상각채권,0,외국계증권사,B,SF205,각주항목(09.06월 이후)
49033,202112,0013352,씨지에스 인터내셔널증권 홍콩 한국지점,F,환전업무 예치금,0,외국계증권사,B,SF205,각주항목(09.06월 이후)
49034,202112,0013352,씨지에스 인터내셔널증권 홍콩 한국지점,G,미배당별도예치금,0,외국계증권사,B,SF205,각주항목(09.06월 이후)
49035,202112,0013352,씨지에스 인터내셔널증권 홍콩 한국지점,H,배서어음매출(종금계정),0,외국계증권사,B,SF205,각주항목(09.06월 이후)
49036,202112,0013352,씨지에스 인터내셔널증권 홍콩 한국지점,H1,대출채권매매이익_담보부,0,외국계증권사,B,SF205,각주항목(09.06월 이후)
49037,202112,0013352,씨지에스 인터내셔널증권 홍콩 한국지점,H2,대출채권매매이익_무담보부,0,외국계증권사,B,SF205,각주항목(09.06월 이후)
49038,202203,0013352,씨지에스 인터내셔널증권 홍콩 한국지점,A,채무보증,0,외국계증권사,B,SF205,각주항목(09.06월 이후)
49039,202203,0013352,씨지에스 인터내셔널증권 홍콩 한국지점,A1,채무보증_지급보증,0,외국계증권사,B,SF205,각주항목(09.06월 이후)
49040,202203,0013352,씨지에스 인터내셔널증권 홍콩 한국지점,A2,채무보증_매입보장약정,0,외국계증권사,B,SF205,각주항목(09.06월 이후)
49041,202203,0013352,씨지에스 인터내셔널증권 홍콩 한국지점,A3,채무보증_채무인수약정,0,외국계증권사,B,SF205,각주항목(09.06월 이후)
49042,202203,0013352,씨지에스 인터내셔널증권 홍콩 한국지점,A5,채무보증_매입확약,0,외국계증권사,B,SF205,각주항목(09.06월 이후)
49043,202203,0013352,씨지에스 인터내셔널증권 홍콩 한국지점,A6,채무보증_기타,0,외국계증권사,B,SF205,각주항목(09.06월 이후)
49044,202203,0013352,씨지에스 인터내셔널증권 홍콩 한국지점,B,투자자의 예수증권 등,80877751500,외국계증권사,B,SF205,각주항목(09.06월 이후)
49045,202203,0013352,씨지에스 인터내셔널증권 홍콩 한국지점,B1,투자자의 예수증권 등_예수 증권,80877751500,외국계증권사,B,SF205,각주항목(09.06월 이후)
49046,202203,0013352,씨지에스 인터내셔널증권 홍콩 한국지점,B2,투자자의 예수증권 등_예수양도성예금증서,0,외국계증권사,B,SF205,각주항목(09.06월 이후)
49047,202203,0013352,씨지에스 인터내셔널증권 홍콩 한국지점,B3,투자자의 예수증권 등_기타,0,외국계증권사,B,SF205,각주항목(09.06월 이후)
49048,202203,0013352,씨지에스 인터내셔널증권 홍콩 한국지점,C,파생상품계약,0,외국계증권사,B,SF205,각주항목(09.06월 이후)
49049,202203,0013352,씨지에스 인터내셔널증권 홍콩 한국지점,C1,파생상품계약_장내파생상품,0,외국계증권사,B,SF205,각주항목(09.06월 이후)
49050,202203,0013352,씨지에스 인터내셔널증권 홍콩 한국지점,C11,파생상품계약_장내파생상품_이자율관련거래,0,외국계증권사,B,SF205,각주항목(09.06월 이후)
49051,202203,0013352,씨지에스 인터내셔널증권 홍콩 한국지점,C12,파생상품계약_장내파생상품_통화관련거래,0,외국계증권사,B,SF205,각주항목(09.06월 이후)
49052,202203,0013352,씨지에스 인터내셔널증권 홍콩 한국지점,C13,파생상품계약_장내파생상품_주식관련거래,0,외국계증권사,B,SF205,각주항목(09.06월 이후)
49053,202203,0013352,씨지에스 인터내셔널증권 홍콩 한국지점,C14,파생상품계약_장내파생상품_일반상품관련거래,0,외국계증권사,B,SF205,각주항목(09.06월 이후)
49054,202203,0013352,씨지에스 인터내셔널증권 홍콩 한국지점,C15,파생상품계약_장내파생상품_기타,0,외국계증권사,B,SF205,각주항목(09.06월 이후)
49055,202203,0013352,씨지에스 인터내셔널증권 홍콩 한국지점,C2,파생상품계약_장외파생상품,0,외국계증권사,B,SF205,각주항목(09.06월 이후)
49056,202203,0013352,씨지에스 인터내셔널증권 홍콩 한국지점,C21,파생상품계약_장외파생상품_이자율관련거래,0,외국계증권사,B,SF205,각주항목(09.06월 이후)
49057,202203,0013352,씨지에스 인터내셔널증권 홍콩 한국지점,C22,파생상품계약_장외파생상품_통화관련거래,0,외국계증권사,B,SF205,각주항목(09.06월 이후)
49058,202203,0013352,씨지에스 인터내셔널증권 홍콩 한국지점,C23,파생상품계약_장외파생상품_주식관련거래,0,외국계증권사,B,SF205,각주항목(09.06월 이후)
49059,202203,0013352,씨지에스 인터내셔널증권 홍콩 한국지점,C24,파생상품계약_장외파생상품_신용관련거래,0,외국계증권사,B,SF205,각주항목(09.06월 이후)
49060,202203,0013352,씨지에스 인터내셔널증권 홍콩 한국지점,C25,파생상품계약_장외파생상품_기타,0,외국계증권사,B,SF205,각주항목(09.06월 이후)
49061,202203,0013352,씨지에스 인터내셔널증권 홍콩 한국지점,D,대차 및 대주거래,0,외국계증권사,B,SF205,각주항목(09.06월 이후)
49062,202203,0013352,씨지에스 인터내셔널증권 홍콩 한국지점,D1,대차 및 대주거래_대여증권,0,외국계증권사,B,SF205,각주항목(09.06월 이후)
49063,202203,0013352,씨지에스 인터내셔널증권 홍콩 한국지점,D2,대차 및 대주거래_차입증권,0,외국계증권사,B,SF205,각주항목(09.06월 이후)
49064,202203,0013352,씨지에스 인터내셔널증권 홍콩 한국지점,D3,대차 및 대주거래_신용거래대주,0,외국계증권사,B,SF205,각주항목(09.06월 이후)
49065,202203,0013352,씨지에스 인터내셔널증권 홍콩 한국지점,E,대손상각채권,0,외국계증권사,B,SF205,각주항목(09.06월 이후)
49066,202203,0013352,씨지에스 인터내셔널증권 홍콩 한국지점,F,환전업무 예치금,0,외국계증권사,B,SF205,각주항목(09.06월 이후)
49067,202203,0013352,씨지에스 인터내셔널증권 홍콩 한국지점,G,미배당별도예치금,0,외국계증권사,B,SF205,각주항목(09.06월 이후)
49068,202203,0013352,씨지에스 인터내셔널증권 홍콩 한국지점,H,배서어음매출(종금계정),0,외국계증권사,B,SF205,각주항목(09.06월 이후)
49069,202203,0013352,씨지에스 인터내셔널증권 홍콩 한국지점,H1,대출채권매매이익_담보부,0,외국계증권사,B,SF205,각주항목(09.06월 이후)
49070,202203,0013352,씨지에스 인터내셔널증권 홍콩 한국지점,H2,대출채권매매이익_무담보부,0,외국계증권사,B,SF205,각주항목(09.06월 이후)
49071,202206,0013352,씨지에스 인터내셔널증권 홍콩 한국지점,A,채무보증,0,외국계증권사,B,SF205,각주항목(09.06월 이후)
49072,202206,0013352,씨지에스 인터내셔널증권 홍콩 한국지점,A1,채무보증_지급보증,0,외국계증권사,B,SF205,각주항목(09.06월 이후)
49073,202206,0013352,씨지에스 인터내셔널증권 홍콩 한국지점,A2,채무보증_매입보장약정,0,외국계증권사,B,SF205,각주항목(09.06월 이후)
49074,202206,0013352,씨지에스 인터내셔널증권 홍콩 한국지점,A3,채무보증_채무인수약정,0,외국계증권사,B,SF205,각주항목(09.06월 이후)
49075,202206,0013352,씨지에스 인터내셔널증권 홍콩 한국지점,A5,채무보증_매입확약,0,외국계증권사,B,SF205,각주항목(09.06월 이후)
49076,202206,0013352,씨지에스 인터내셔널증권 홍콩 한국지점,A6,채무보증_기타,0,외국계증권사,B,SF205,각주항목(09.06월 이후)
49077,202206,0013352,씨지에스 인터내셔널증권 홍콩 한국지점,B,투자자의 예수증권 등,49977372900,외국계증권사,B,SF205,각주항목(09.06월 이후)
49078,202206,0013352,씨지에스 인터내셔널증권 홍콩 한국지점,B1,투자자의 예수증권 등_예수 증권,49977372900,외국계증권사,B,SF205,각주항목(09.06월 이후)
49079,202206,0013352,씨지에스 인터내셔널증권 홍콩 한국지점,B2,투자자의 예수증권 등_예수양도성예금증서,0,외국계증권사,B,SF205,각주항목(09.06월 이후)
49080,202206,0013352,씨지에스 인터내셔널증권 홍콩 한국지점,B3,투자자의 예수증권 등_기타,0,외국계증권사,B,SF205,각주항목(09.06월 이후)
49081,202206,0013352,씨지에스 인터내셔널증권 홍콩 한국지점,C,파생상품계약,0,외국계증권사,B,SF205,각주항목(09.06월 이후)
49082,202206,0013352,씨지에스 인터내셔널증권 홍콩 한국지점,C1,파생상품계약_장내파생상품,0,외국계증권사,B,SF205,각주항목(09.06월 이후)
49083,202206,0013352,씨지에스 인터내셔널증권 홍콩 한국지점,C11,파생상품계약_장내파생상품_이자율관련거래,0,외국계증권사,B,SF205,각주항목(09.06월 이후)
49084,202206,0013352,씨지에스 인터내셔널증권 홍콩 한국지점,C12,파생상품계약_장내파생상품_통화관련거래,0,외국계증권사,B,SF205,각주항목(09.06월 이후)
49085,202206,0013352,씨지에스 인터내셔널증권 홍콩 한국지점,C13,파생상품계약_장내파생상품_주식관련거래,0,외국계증권사,B,SF205,각주항목(09.06월 이후)
49086,202206,0013352,씨지에스 인터내셔널증권 홍콩 한국지점,C14,파생상품계약_장내파생상품_일반상품관련거래,0,외국계증권사,B,SF205,각주항목(09.06월 이후)
49087,202206,0013352,씨지에스 인터내셔널증권 홍콩 한국지점,C15,파생상품계약_장내파생상품_기타,0,외국계증권사,B,SF205,각주항목(09.06월 이후)
49088,202206,0013352,씨지에스 인터내셔널증권 홍콩 한국지점,C2,파생상품계약_장외파생상품,0,외국계증권사,B,SF205,각주항목(09.06월 이후)
49089,202206,0013352,씨지에스 인터내셔널증권 홍콩 한국지점,C21,파생상품계약_장외파생상품_이자율관련거래,0,외국계증권사,B,SF205,각주항목(09.06월 이후)
49090,202206,0013352,씨지에스 인터내셔널증권 홍콩 한국지점,C22,파생상품계약_장외파생상품_통화관련거래,0,외국계증권사,B,SF205,각주항목(09.06월 이후)
49091,202206,0013352,씨지에스 인터내셔널증권 홍콩 한국지점,C23,파생상품계약_장외파생상품_주식관련거래,0,외국계증권사,B,SF205,각주항목(09.06월 이후)
49092,202206,0013352,씨지에스 인터내셔널증권 홍콩 한국지점,C24,파생상품계약_장외파생상품_신용관련거래,0,외국계증권사,B,SF205,각주항목(09.06월 이후)
49093,202206,0013352,씨지에스 인터내셔널증권 홍콩 한국지점,C25,파생상품계약_장외파생상품_기타,0,외국계증권사,B,SF205,각주항목(09.06월 이후)
49094,202206,0013352,씨지에스 인터내셔널증권 홍콩 한국지점,D,대차 및 대주거래,0,외국계증권사,B,SF205,각주항목(09.06월 이후)
49095,202206,0013352,씨지에스 인터내셔널증권 홍콩 한국지점,D1,대차 및 대주거래_대여증권,0,외국계증권사,B,SF205,각주항목(09.06월 이후)
49096,202206,0013352,씨지에스 인터내셔널증권 홍콩 한국지점,D2,대차 및 대주거래_차입증권,0,외국계증권사,B,SF205,각주항목(09.06월 이후)
49097,202206,0013352,씨지에스 인터내셔널증권 홍콩 한국지점,D3,대차 및 대주거래_신용거래대주,0,외국계증권사,B,SF205,각주항목(09.06월 이후)
49098,202206,0013352,씨지에스 인터내셔널증권 홍콩 한국지점,E,대손상각채권,0,외국계증권사,B,SF205,각주항목(09.06월 이후)
49099,202206,0013352,씨지에스 인터내셔널증권 홍콩 한국지점,F,환전업무 예치금,0,외국계증권사,B,SF205,각주항목(09.06월 이후)
49100,202206,0013352,씨지에스 인터내셔널증권 홍콩 한국지점,G,미배당별도예치금,0,외국계증권사,B,SF205,각주항목(09.06월 이후)
49101,202206,0013352,씨지에스 인터내셔널증권 홍콩 한국지점,H,배서어음매출(종금계정),0,외국계증권사,B,SF205,각주항목(09.06월 이후)
49102,202206,0013352,씨지에스 인터내셔널증권 홍콩 한국지점,H1,대출채권매매이익_담보부,0,외국계증권사,B,SF205,각주항목(09.06월 이후)
49103,202206,0013352,씨지에스 인터내셔널증권 홍콩 한국지점,H2,대출채권매매이익_무담보부,0,외국계증권사,B,SF205,각주항목(09.06월 이후)
49104,202209,0013352,씨지에스 인터내셔널증권 홍콩 한국지점,A,채무보증,0,외국계증권사,B,SF205,각주항목(09.06월 이후)
49105,202209,0013352,씨지에스 인터내셔널증권 홍콩 한국지점,A1,채무보증_지급보증,0,외국계증권사,B,SF205,각주항목(09.06월 이후)
49106,202209,0013352,씨지에스 인터내셔널증권 홍콩 한국지점,A2,채무보증_매입보장약정,0,외국계증권사,B,SF205,각주항목(09.06월 이후)
49107,202209,0013352,씨지에스 인터내셔널증권 홍콩 한국지점,A3,채무보증_채무인수약정,0,외국계증권사,B,SF205,각주항목(09.06월 이후)
49108,202209,0013352,씨지에스 인터내셔널증권 홍콩 한국지점,A5,채무보증_매입확약,0,외국계증권사,B,SF205,각주항목(09.06월 이후)
49109,202209,0013352,씨지에스 인터내셔널증권 홍콩 한국지점,A6,채무보증_기타,0,외국계증권사,B,SF205,각주항목(09.06월 이후)
49110,202209,0013352,씨지에스 인터내셔널증권 홍콩 한국지점,B,투자자의 예수증권 등,37211019300,외국계증권사,B,SF205,각주항목(09.06월 이후)
49111,202209,0013352,씨지에스 인터내셔널증권 홍콩 한국지점,B1,투자자의 예수증권 등_예수 증권,37211019300,외국계증권사,B,SF205,각주항목(09.06월 이후)
49112,202209,0013352,씨지에스 인터내셔널증권 홍콩 한국지점,B2,투자자의 예수증권 등_예수양도성예금증서,0,외국계증권사,B,SF205,각주항목(09.06월 이후)
49113,202209,0013352,씨지에스 인터내셔널증권 홍콩 한국지점,B3,투자자의 예수증권 등_기타,0,외국계증권사,B,SF205,각주항목(09.06월 이후)
49114,202209,0013352,씨지에스 인터내셔널증권 홍콩 한국지점,C,파생상품계약,0,외국계증권사,B,SF205,각주항목(09.06월 이후)
49115,202209,0013352,씨지에스 인터내셔널증권 홍콩 한국지점,C1,파생상품계약_장내파생상품,0,외국계증권사,B,SF205,각주항목(09.06월 이후)
49116,202209,0013352,씨지에스 인터내셔널증권 홍콩 한국지점,C11,파생상품계약_장내파생상품_이자율관련거래,0,외국계증권사,B,SF205,각주항목(09.06월 이후)
49117,202209,0013352,씨지에스 인터내셔널증권 홍콩 한국지점,C12,파생상품계약_장내파생상품_통화관련거래,0,외국계증권사,B,SF205,각주항목(09.06월 이후)
49118,202209,0013352,씨지에스 인터내셔널증권 홍콩 한국지점,C13,파생상품계약_장내파생상품_주식관련거래,0,외국계증권사,B,SF205,각주항목(09.06월 이후)
49119,202209,0013352,씨지에스 인터내셔널증권 홍콩 한국지점,C14,파생상품계약_장내파생상품_일반상품관련거래,0,외국계증권사,B,SF205,각주항목(09.06월 이후)
49120,202209,0013352,씨지에스 인터내셔널증권 홍콩 한국지점,C15,파생상품계약_장내파생상품_기타,0,외국계증권사,B,SF205,각주항목(09.06월 이후)
49121,202209,0013352,씨지에스 인터내셔널증권 홍콩 한국지점,C2,파생상품계약_장외파생상품,0,외국계증권사,B,SF205,각주항목(09.06월 이후)
49122,202209,0013352,씨지에스 인터내셔널증권 홍콩 한국지점,C21,파생상품계약_장외파생상품_이자율관련거래,0,외국계증권사,B,SF205,각주항목(09.06월 이후)
49123,202209,0013352,씨지에스 인터내셔널증권 홍콩 한국지점,C22,파생상품계약_장외파생상품_통화관련거래,0,외국계증권사,B,SF205,각주항목(09.06월 이후)
49124,202209,0013352,씨지에스 인터내셔널증권 홍콩 한국지점,C23,파생상품계약_장외파생상품_주식관련거래,0,외국계증권사,B,SF205,각주항목(09.06월 이후)
49125,202209,0013352,씨지에스 인터내셔널증권 홍콩 한국지점,C24,파생상품계약_장외파생상품_신용관련거래,0,외국계증권사,B,SF205,각주항목(09.06월 이후)
49126,202209,0013352,씨지에스 인터내셔널증권 홍콩 한국지점,C25,파생상품계약_장외파생상품_기타,0,외국계증권사,B,SF205,각주항목(09.06월 이후)
49127,202209,0013352,씨지에스 인터내셔널증권 홍콩 한국지점,D,대차 및 대주거래,0,외국계증권사,B,SF205,각주항목(09.06월 이후)
49128,202209,0013352,씨지에스 인터내셔널증권 홍콩 한국지점,D1,대차 및 대주거래_대여증권,0,외국계증권사,B,SF205,각주항목(09.06월 이후)
49129,202209,0013352,씨지에스 인터내셔널증권 홍콩 한국지점,D2,대차 및 대주거래_차입증권,0,외국계증권사,B,SF205,각주항목(09.06월 이후)
49130,202209,0013352,씨지에스 인터내셔널증권 홍콩 한국지점,D3,대차 및 대주거래_신용거래대주,0,외국계증권사,B,SF205,각주항목(09.06월 이후)
49131,202209,0013352,씨지에스 인터내셔널증권 홍콩 한국지점,E,대손상각채권,0,외국계증권사,B,SF205,각주항목(09.06월 이후)
49132,202209,0013352,씨지에스 인터내셔널증권 홍콩 한국지점,F,환전업무 예치금,0,외국계증권사,B,SF205,각주항목(09.06월 이후)
49133,202209,0013352,씨지에스 인터내셔널증권 홍콩 한국지점,G,미배당별도예치금,0,외국계증권사,B,SF205,각주항목(09.06월 이후)
49134,202209,0013352,씨지에스 인터내셔널증권 홍콩 한국지점,H,배서어음매출(종금계정),0,외국계증권사,B,SF205,각주항목(09.06월 이후)
49135,202209,0013352,씨지에스 인터내셔널증권 홍콩 한국지점,H1,대출채권매매이익_담보부,0,외국계증권사,B,SF205,각주항목(09.06월 이후)
49136,202209,0013352,씨지에스 인터내셔널증권 홍콩 한국지점,H2,대출채권매매이익_무담보부,0,외국계증권사,B,SF205,각주항목(09.06월 이후)
49137,202212,0013352,씨지에스 인터내셔널증권 홍콩 한국지점,A,채무보증,0,외국계증권사,B,SF205,각주항목(09.06월 이후)
49138,202212,0013352,씨지에스 인터내셔널증권 홍콩 한국지점,A1,채무보증_지급보증,0,외국계증권사,B,SF205,각주항목(09.06월 이후)
49139,202212,0013352,씨지에스 인터내셔널증권 홍콩 한국지점,A2,채무보증_매입보장약정,0,외국계증권사,B,SF205,각주항목(09.06월 이후)
49140,202212,0013352,씨지에스 인터내셔널증권 홍콩 한국지점,A3,채무보증_채무인수약정,0,외국계증권사,B,SF205,각주항목(09.06월 이후)
49141,202212,0013352,씨지에스 인터내셔널증권 홍콩 한국지점,A5,채무보증_매입확약,0,외국계증권사,B,SF205,각주항목(09.06월 이후)
49142,202212,0013352,씨지에스 인터내셔널증권 홍콩 한국지점,A6,채무보증_기타,0,외국계증권사,B,SF205,각주항목(09.06월 이후)
49143,202212,0013352,씨지에스 인터내셔널증권 홍콩 한국지점,B,투자자의 예수증권 등,43811804400,외국계증권사,B,SF205,각주항목(09.06월 이후)
49144,202212,0013352,씨지에스 인터내셔널증권 홍콩 한국지점,B1,투자자의 예수증권 등_예수 증권,43811804400,외국계증권사,B,SF205,각주항목(09.06월 이후)
49145,202212,0013352,씨지에스 인터내셔널증권 홍콩 한국지점,B2,투자자의 예수증권 등_예수양도성예금증서,0,외국계증권사,B,SF205,각주항목(09.06월 이후)
49146,202212,0013352,씨지에스 인터내셔널증권 홍콩 한국지점,B3,투자자의 예수증권 등_기타,0,외국계증권사,B,SF205,각주항목(09.06월 이후)
49147,202212,0013352,씨지에스 인터내셔널증권 홍콩 한국지점,C,파생상품계약,0,외국계증권사,B,SF205,각주항목(09.06월 이후)
49148,202212,0013352,씨지에스 인터내셔널증권 홍콩 한국지점,C1,파생상품계약_장내파생상품,0,외국계증권사,B,SF205,각주항목(09.06월 이후)
49149,202212,0013352,씨지에스 인터내셔널증권 홍콩 한국지점,C11,파생상품계약_장내파생상품_이자율관련거래,0,외국계증권사,B,SF205,각주항목(09.06월 이후)
49150,202212,0013352,씨지에스 인터내셔널증권 홍콩 한국지점,C12,파생상품계약_장내파생상품_통화관련거래,0,외국계증권사,B,SF205,각주항목(09.06월 이후)
49151,202212,0013352,씨지에스 인터내셔널증권 홍콩 한국지점,C13,파생상품계약_장내파생상품_주식관련거래,0,외국계증권사,B,SF205,각주항목(09.06월 이후)
49152,202212,0013352,씨지에스 인터내셔널증권 홍콩 한국지점,C14,파생상품계약_장내파생상품_일반상품관련거래,0,외국계증권사,B,SF205,각주항목(09.06월 이후)
49153,202212,0013352,씨지에스 인터내셔널증권 홍콩 한국지점,C15,파생상품계약_장내파생상품_기타,0,외국계증권사,B,SF205,각주항목(09.06월 이후)
49154,202212,0013352,씨지에스 인터내셔널증권 홍콩 한국지점,C2,파생상품계약_장외파생상품,0,외국계증권사,B,SF205,각주항목(09.06월 이후)
49155,202212,0013352,씨지에스 인터내셔널증권 홍콩 한국지점,C21,파생상품계약_장외파생상품_이자율관련거래,0,외국계증권사,B,SF205,각주항목(09.06월 이후)
49156,202212,0013352,씨지에스 인터내셔널증권 홍콩 한국지점,C22,파생상품계약_장외파생상품_통화관련거래,0,외국계증권사,B,SF205,각주항목(09.06월 이후)
49157,202212,0013352,씨지에스 인터내셔널증권 홍콩 한국지점,C23,파생상품계약_장외파생상품_주식관련거래,0,외국계증권사,B,SF205,각주항목(09.06월 이후)
49158,202212,0013352,씨지에스 인터내셔널증권 홍콩 한국지점,C24,파생상품계약_장외파생상품_신용관련거래,0,외국계증권사,B,SF205,각주항목(09.06월 이후)
49159,202212,0013352,씨지에스 인터내셔널증권 홍콩 한국지점,C25,파생상품계약_장외파생상품_기타,0,외국계증권사,B,SF205,각주항목(09.06월 이후)
49160,202212,0013352,씨지에스 인터내셔널증권 홍콩 한국지점,D,대차 및 대주거래,0,외국계증권사,B,SF205,각주항목(09.06월 이후)
49161,202212,0013352,씨지에스 인터내셔널증권 홍콩 한국지점,D1,대차 및 대주거래_대여증권,0,외국계증권사,B,SF205,각주항목(09.06월 이후)
49162,202212,0013352,씨지에스 인터내셔널증권 홍콩 한국지점,D2,대차 및 대주거래_차입증권,0,외국계증권사,B,SF205,각주항목(09.06월 이후)
49163,202212,0013352,씨지에스 인터내셔널증권 홍콩 한국지점,D3,대차 및 대주거래_신용거래대주,0,외국계증권사,B,SF205,각주항목(09.06월 이후)
49164,202212,0013352,씨지에스 인터내셔널증권 홍콩 한국지점,E,대손상각채권,0,외국계증권사,B,SF205,각주항목(09.06월 이후)
49165,202212,0013352,씨지에스 인터내셔널증권 홍콩 한국지점,F,환전업무 예치금,0,외국계증권사,B,SF205,각주항목(09.06월 이후)
49166,202212,0013352,씨지에스 인터내셔널증권 홍콩 한국지점,G,미배당별도예치금,0,외국계증권사,B,SF205,각주항목(09.06월 이후)
49167,202212,0013352,씨지에스 인터내셔널증권 홍콩 한국지점,H,배서어음매출(종금계정),0,외국계증권사,B,SF205,각주항목(09.06월 이후)
49168,202212,0013352,씨지에스 인터내셔널증권 홍콩 한국지점,H1,대출채권매매이익_담보부,0,외국계증권사,B,SF205,각주항목(09.06월 이후)
49169,202212,0013352,씨지에스 인터내셔널증권 홍콩 한국지점,H2,대출채권매매이익_무담보부,0,외국계증권사,B,SF205,각주항목(09.06월 이후)
49170,202303,0013352,씨지에스 인터내셔널증권 홍콩 한국지점,A,채무보증,0,외국계증권사,B,SF205,각주항목(09.06월 이후)
49171,202303,0013352,씨지에스 인터내셔널증권 홍콩 한국지점,A1,채무보증_지급보증,0,외국계증권사,B,SF205,각주항목(09.06월 이후)
49172,202303,0013352,씨지에스 인터내셔널증권 홍콩 한국지점,A2,채무보증_매입보장약정,0,외국계증권사,B,SF205,각주항목(09.06월 이후)
49173,202303,0013352,씨지에스 인터내셔널증권 홍콩 한국지점,A3,채무보증_채무인수약정,0,외국계증권사,B,SF205,각주항목(09.06월 이후)
49174,202303,0013352,씨지에스 인터내셔널증권 홍콩 한국지점,A5,채무보증_매입확약,0,외국계증권사,B,SF205,각주항목(09.06월 이후)
49175,202303,0013352,씨지에스 인터내셔널증권 홍콩 한국지점,A6,채무보증_기타,0,외국계증권사,B,SF205,각주항목(09.06월 이후)
49176,202303,0013352,씨지에스 인터내셔널증권 홍콩 한국지점,B,투자자의 예수증권 등,0,외국계증권사,B,SF205,각주항목(09.06월 이후)
49177,202303,0013352,씨지에스 인터내셔널증권 홍콩 한국지점,B1,투자자의 예수증권 등_예수 증권,0,외국계증권사,B,SF205,각주항목(09.06월 이후)
49178,202303,0013352,씨지에스 인터내셔널증권 홍콩 한국지점,B2,투자자의 예수증권 등_예수양도성예금증서,0,외국계증권사,B,SF205,각주항목(09.06월 이후)
49179,202303,0013352,씨지에스 인터내셔널증권 홍콩 한국지점,B3,투자자의 예수증권 등_기타,0,외국계증권사,B,SF205,각주항목(09.06월 이후)
49180,202303,0013352,씨지에스 인터내셔널증권 홍콩 한국지점,C,파생상품계약,0,외국계증권사,B,SF205,각주항목(09.06월 이후)
49181,202303,0013352,씨지에스 인터내셔널증권 홍콩 한국지점,C1,파생상품계약_장내파생상품,0,외국계증권사,B,SF205,각주항목(09.06월 이후)
49182,202303,0013352,씨지에스 인터내셔널증권 홍콩 한국지점,C11,파생상품계약_장내파생상품_이자율관련거래,0,외국계증권사,B,SF205,각주항목(09.06월 이후)
49183,202303,0013352,씨지에스 인터내셔널증권 홍콩 한국지점,C12,파생상품계약_장내파생상품_통화관련거래,0,외국계증권사,B,SF205,각주항목(09.06월 이후)
49184,202303,0013352,씨지에스 인터내셔널증권 홍콩 한국지점,C13,파생상품계약_장내파생상품_주식관련거래,0,외국계증권사,B,SF205,각주항목(09.06월 이후)
49185,202303,0013352,씨지에스 인터내셔널증권 홍콩 한국지점,C14,파생상품계약_장내파생상품_일반상품관련거래,0,외국계증권사,B,SF205,각주항목(09.06월 이후)
49186,202303,0013352,씨지에스 인터내셔널증권 홍콩 한국지점,C15,파생상품계약_장내파생상품_기타,0,외국계증권사,B,SF205,각주항목(09.06월 이후)
49187,202303,0013352,씨지에스 인터내셔널증권 홍콩 한국지점,C2,파생상품계약_장외파생상품,0,외국계증권사,B,SF205,각주항목(09.06월 이후)
49188,202303,0013352,씨지에스 인터내셔널증권 홍콩 한국지점,C21,파생상품계약_장외파생상품_이자율관련거래,0,외국계증권사,B,SF205,각주항목(09.06월 이후)
49189,202303,0013352,씨지에스 인터내셔널증권 홍콩 한국지점,C22,파생상품계약_장외파생상품_통화관련거래,0,외국계증권사,B,SF205,각주항목(09.06월 이후)
49190,202303,0013352,씨지에스 인터내셔널증권 홍콩 한국지점,C23,파생상품계약_장외파생상품_주식관련거래,0,외국계증권사,B,SF205,각주항목(09.06월 이후)
49191,202303,0013352,씨지에스 인터내셔널증권 홍콩 한국지점,C24,파생상품계약_장외파생상품_신용관련거래,0,외국계증권사,B,SF205,각주항목(09.06월 이후)
49192,202303,0013352,씨지에스 인터내셔널증권 홍콩 한국지점,C25,파생상품계약_장외파생상품_기타,0,외국계증권사,B,SF205,각주항목(09.06월 이후)
49193,202303,0013352,씨지에스 인터내셔널증권 홍콩 한국지점,D,대차 및 대주거래,0,외국계증권사,B,SF205,각주항목(09.06월 이후)
49194,202303,0013352,씨지에스 인터내셔널증권 홍콩 한국지점,D1,대차 및 대주거래_대여증권,0,외국계증권사,B,SF205,각주항목(09.06월 이후)
49195,202303,0013352,씨지에스 인터내셔널증권 홍콩 한국지점,D2,대차 및 대주거래_차입증권,0,외국계증권사,B,SF205,각주항목(09.06월 이후)
49196,202303,0013352,씨지에스 인터내셔널증권 홍콩 한국지점,D3,대차 및 대주거래_신용거래대주,0,외국계증권사,B,SF205,각주항목(09.06월 이후)
49197,202303,0013352,씨지에스 인터내셔널증권 홍콩 한국지점,E,대손상각채권,0,외국계증권사,B,SF205,각주항목(09.06월 이후)
49198,202303,0013352,씨지에스 인터내셔널증권 홍콩 한국지점,F,환전업무 예치금,0,외국계증권사,B,SF205,각주항목(09.06월 이후)
49199,202303,0013352,씨지에스 인터내셔널증권 홍콩 한국지점,G,미배당별도예치금,0,외국계증권사,B,SF205,각주항목(09.06월 이후)
49200,202303,0013352,씨지에스 인터내셔널증권 홍콩 한국지점,H,배서어음매출(종금계정),0,외국계증권사,B,SF205,각주항목(09.06월 이후)
49201,202303,0013352,씨지에스 인터내셔널증권 홍콩 한국지점,H1,대출채권매매이익_담보부,0,외국계증권사,B,SF205,각주항목(09.06월 이후)
49202,202303,0013352,씨지에스 인터내셔널증권 홍콩 한국지점,H2,대출채권매매이익_무담보부,0,외국계증권사,B,SF205,각주항목(09.06월 이후)
49203,202306,0013352,씨지에스 인터내셔널증권 홍콩 한국지점,A,채무보증,0,외국계증권사,B,SF205,각주항목(09.06월 이후)
49204,202306,0013352,씨지에스 인터내셔널증권 홍콩 한국지점,A1,채무보증_지급보증,0,외국계증권사,B,SF205,각주항목(09.06월 이후)
49205,202306,0013352,씨지에스 인터내셔널증권 홍콩 한국지점,A2,채무보증_매입보장약정,0,외국계증권사,B,SF205,각주항목(09.06월 이후)
49206,202306,0013352,씨지에스 인터내셔널증권 홍콩 한국지점,A3,채무보증_채무인수약정,0,외국계증권사,B,SF205,각주항목(09.06월 이후)
49207,202306,0013352,씨지에스 인터내셔널증권 홍콩 한국지점,A5,채무보증_매입확약,0,외국계증권사,B,SF205,각주항목(09.06월 이후)
49208,202306,0013352,씨지에스 인터내셔널증권 홍콩 한국지점,A6,채무보증_기타,0,외국계증권사,B,SF205,각주항목(09.06월 이후)
49209,202306,0013352,씨지에스 인터내셔널증권 홍콩 한국지점,B,투자자의 예수증권 등,0,외국계증권사,B,SF205,각주항목(09.06월 이후)
49210,202306,0013352,씨지에스 인터내셔널증권 홍콩 한국지점,B1,투자자의 예수증권 등_예수 증권,0,외국계증권사,B,SF205,각주항목(09.06월 이후)
49211,202306,0013352,씨지에스 인터내셔널증권 홍콩 한국지점,B2,투자자의 예수증권 등_예수양도성예금증서,0,외국계증권사,B,SF205,각주항목(09.06월 이후)
49212,202306,0013352,씨지에스 인터내셔널증권 홍콩 한국지점,B3,투자자의 예수증권 등_기타,0,외국계증권사,B,SF205,각주항목(09.06월 이후)
49213,202306,0013352,씨지에스 인터내셔널증권 홍콩 한국지점,C,파생상품계약,0,외국계증권사,B,SF205,각주항목(09.06월 이후)
49214,202306,0013352,씨지에스 인터내셔널증권 홍콩 한국지점,C1,파생상품계약_장내파생상품,0,외국계증권사,B,SF205,각주항목(09.06월 이후)
49215,202306,0013352,씨지에스 인터내셔널증권 홍콩 한국지점,C11,파생상품계약_장내파생상품_이자율관련거래,0,외국계증권사,B,SF205,각주항목(09.06월 이후)
49216,202306,0013352,씨지에스 인터내셔널증권 홍콩 한국지점,C12,파생상품계약_장내파생상품_통화관련거래,0,외국계증권사,B,SF205,각주항목(09.06월 이후)
49217,202306,0013352,씨지에스 인터내셔널증권 홍콩 한국지점,C13,파생상품계약_장내파생상품_주식관련거래,0,외국계증권사,B,SF205,각주항목(09.06월 이후)
49218,202306,0013352,씨지에스 인터내셔널증권 홍콩 한국지점,C14,파생상품계약_장내파생상품_일반상품관련거래,0,외국계증권사,B,SF205,각주항목(09.06월 이후)
49219,202306,0013352,씨지에스 인터내셔널증권 홍콩 한국지점,C15,파생상품계약_장내파생상품_기타,0,외국계증권사,B,SF205,각주항목(09.06월 이후)
49220,202306,0013352,씨지에스 인터내셔널증권 홍콩 한국지점,C2,파생상품계약_장외파생상품,0,외국계증권사,B,SF205,각주항목(09.06월 이후)
49221,202306,0013352,씨지에스 인터내셔널증권 홍콩 한국지점,C21,파생상품계약_장외파생상품_이자율관련거래,0,외국계증권사,B,SF205,각주항목(09.06월 이후)
49222,202306,0013352,씨지에스 인터내셔널증권 홍콩 한국지점,C22,파생상품계약_장외파생상품_통화관련거래,0,외국계증권사,B,SF205,각주항목(09.06월 이후)
49223,202306,0013352,씨지에스 인터내셔널증권 홍콩 한국지점,C23,파생상품계약_장외파생상품_주식관련거래,0,외국계증권사,B,SF205,각주항목(09.06월 이후)
49224,202306,0013352,씨지에스 인터내셔널증권 홍콩 한국지점,C24,파생상품계약_장외파생상품_신용관련거래,0,외국계증권사,B,SF205,각주항목(09.06월 이후)
49225,202306,0013352,씨지에스 인터내셔널증권 홍콩 한국지점,C25,파생상품계약_장외파생상품_기타,0,외국계증권사,B,SF205,각주항목(09.06월 이후)
49226,202306,0013352,씨지에스 인터내셔널증권 홍콩 한국지점,D,대차 및 대주거래,0,외국계증권사,B,SF205,각주항목(09.06월 이후)
49227,202306,0013352,씨지에스 인터내셔널증권 홍콩 한국지점,D1,대차 및 대주거래_대여증권,0,외국계증권사,B,SF205,각주항목(09.06월 이후)
49228,202306,0013352,씨지에스 인터내셔널증권 홍콩 한국지점,D2,대차 및 대주거래_차입증권,0,외국계증권사,B,SF205,각주항목(09.06월 이후)
49229,202306,0013352,씨지에스 인터내셔널증권 홍콩 한국지점,D3,대차 및 대주거래_신용거래대주,0,외국계증권사,B,SF205,각주항목(09.06월 이후)
49230,202306,0013352,씨지에스 인터내셔널증권 홍콩 한국지점,E,대손상각채권,0,외국계증권사,B,SF205,각주항목(09.06월 이후)
49231,202306,0013352,씨지에스 인터내셔널증권 홍콩 한국지점,F,환전업무 예치금,0,외국계증권사,B,SF205,각주항목(09.06월 이후)
49232,202306,0013352,씨지에스 인터내셔널증권 홍콩 한국지점,G,미배당별도예치금,0,외국계증권사,B,SF205,각주항목(09.06월 이후)
49233,202306,0013352,씨지에스 인터내셔널증권 홍콩 한국지점,H,배서어음매출(종금계정),0,외국계증권사,B,SF205,각주항목(09.06월 이후)
49234,202306,0013352,씨지에스 인터내셔널증권 홍콩 한국지점,H1,대출채권매매이익_담보부,0,외국계증권사,B,SF205,각주항목(09.06월 이후)
49235,202306,0013352,씨지에스 인터내셔널증권 홍콩 한국지점,H2,대출채권매매이익_무담보부,0,외국계증권사,B,SF205,각주항목(09.06월 이후)
49236,202309,0013352,씨지에스 인터내셔널증권 홍콩 한국지점,A,채무보증,0,외국계증권사,B,SF205,각주항목(09.06월 이후)
49237,202309,0013352,씨지에스 인터내셔널증권 홍콩 한국지점,A1,채무보증_지급보증,0,외국계증권사,B,SF205,각주항목(09.06월 이후)
49238,202309,0013352,씨지에스 인터내셔널증권 홍콩 한국지점,A2,채무보증_매입보장약정,0,외국계증권사,B,SF205,각주항목(09.06월 이후)
49239,202309,0013352,씨지에스 인터내셔널증권 홍콩 한국지점,A3,채무보증_채무인수약정,0,외국계증권사,B,SF205,각주항목(09.06월 이후)
49240,202309,0013352,씨지에스 인터내셔널증권 홍콩 한국지점,A5,채무보증_매입확약,0,외국계증권사,B,SF205,각주항목(09.06월 이후)
49241,202309,0013352,씨지에스 인터내셔널증권 홍콩 한국지점,A6,채무보증_기타,0,외국계증권사,B,SF205,각주항목(09.06월 이후)
49242,202309,0013352,씨지에스 인터내셔널증권 홍콩 한국지점,B,투자자의 예수증권 등,0,외국계증권사,B,SF205,각주항목(09.06월 이후)
49243,202309,0013352,씨지에스 인터내셔널증권 홍콩 한국지점,B1,투자자의 예수증권 등_예수 증권,0,외국계증권사,B,SF205,각주항목(09.06월 이후)
49244,202309,0013352,씨지에스 인터내셔널증권 홍콩 한국지점,B2,투자자의 예수증권 등_예수양도성예금증서,0,외국계증권사,B,SF205,각주항목(09.06월 이후)
49245,202309,0013352,씨지에스 인터내셔널증권 홍콩 한국지점,B3,투자자의 예수증권 등_기타,0,외국계증권사,B,SF205,각주항목(09.06월 이후)
49246,202309,0013352,씨지에스 인터내셔널증권 홍콩 한국지점,C,파생상품계약,0,외국계증권사,B,SF205,각주항목(09.06월 이후)
49247,202309,0013352,씨지에스 인터내셔널증권 홍콩 한국지점,C1,파생상품계약_장내파생상품,0,외국계증권사,B,SF205,각주항목(09.06월 이후)
49248,202309,0013352,씨지에스 인터내셔널증권 홍콩 한국지점,C11,파생상품계약_장내파생상품_이자율관련거래,0,외국계증권사,B,SF205,각주항목(09.06월 이후)
49249,202309,0013352,씨지에스 인터내셔널증권 홍콩 한국지점,C12,파생상품계약_장내파생상품_통화관련거래,0,외국계증권사,B,SF205,각주항목(09.06월 이후)
49250,202309,0013352,씨지에스 인터내셔널증권 홍콩 한국지점,C13,파생상품계약_장내파생상품_주식관련거래,0,외국계증권사,B,SF205,각주항목(09.06월 이후)
49251,202309,0013352,씨지에스 인터내셔널증권 홍콩 한국지점,C14,파생상품계약_장내파생상품_일반상품관련거래,0,외국계증권사,B,SF205,각주항목(09.06월 이후)
49252,202309,0013352,씨지에스 인터내셔널증권 홍콩 한국지점,C15,파생상품계약_장내파생상품_기타,0,외국계증권사,B,SF205,각주항목(09.06월 이후)
49253,202309,0013352,씨지에스 인터내셔널증권 홍콩 한국지점,C2,파생상품계약_장외파생상품,0,외국계증권사,B,SF205,각주항목(09.06월 이후)
49254,202309,0013352,씨지에스 인터내셔널증권 홍콩 한국지점,C21,파생상품계약_장외파생상품_이자율관련거래,0,외국계증권사,B,SF205,각주항목(09.06월 이후)
49255,202309,0013352,씨지에스 인터내셔널증권 홍콩 한국지점,C22,파생상품계약_장외파생상품_통화관련거래,0,외국계증권사,B,SF205,각주항목(09.06월 이후)
49256,202309,0013352,씨지에스 인터내셔널증권 홍콩 한국지점,C23,파생상품계약_장외파생상품_주식관련거래,0,외국계증권사,B,SF205,각주항목(09.06월 이후)
49257,202309,0013352,씨지에스 인터내셔널증권 홍콩 한국지점,C24,파생상품계약_장외파생상품_신용관련거래,0,외국계증권사,B,SF205,각주항목(09.06월 이후)
49258,202309,0013352,씨지에스 인터내셔널증권 홍콩 한국지점,C25,파생상품계약_장외파생상품_기타,0,외국계증권사,B,SF205,각주항목(09.06월 이후)
49259,202309,0013352,씨지에스 인터내셔널증권 홍콩 한국지점,D,대차 및 대주거래,0,외국계증권사,B,SF205,각주항목(09.06월 이후)
49260,202309,0013352,씨지에스 인터내셔널증권 홍콩 한국지점,D1,대차 및 대주거래_대여증권,0,외국계증권사,B,SF205,각주항목(09.06월 이후)
49261,202309,0013352,씨지에스 인터내셔널증권 홍콩 한국지점,D2,대차 및 대주거래_차입증권,0,외국계증권사,B,SF205,각주항목(09.06월 이후)
49262,202309,0013352,씨지에스 인터내셔널증권 홍콩 한국지점,D3,대차 및 대주거래_신용거래대주,0,외국계증권사,B,SF205,각주항목(09.06월 이후)
49263,202309,0013352,씨지에스 인터내셔널증권 홍콩 한국지점,E,대손상각채권,0,외국계증권사,B,SF205,각주항목(09.06월 이후)
49264,202309,0013352,씨지에스 인터내셔널증권 홍콩 한국지점,F,환전업무 예치금,0,외국계증권사,B,SF205,각주항목(09.06월 이후)
49265,202309,0013352,씨지에스 인터내셔널증권 홍콩 한국지점,G,미배당별도예치금,0,외국계증권사,B,SF205,각주항목(09.06월 이후)
49266,202309,0013352,씨지에스 인터내셔널증권 홍콩 한국지점,H,배서어음매출(종금계정),0,외국계증권사,B,SF205,각주항목(09.06월 이후)
49267,202309,0013352,씨지에스 인터내셔널증권 홍콩 한국지점,H1,대출채권매매이익_담보부,0,외국계증권사,B,SF205,각주항목(09.06월 이후)
49268,202309,0013352,씨지에스 인터내셔널증권 홍콩 한국지점,H2,대출채권매매이익_무담보부,0,외국계증권사,B,SF205,각주항목(09.06월 이후)
49269,202312,0013352,씨지에스 인터내셔널증권 홍콩 한국지점,A,채무보증,0,외국계증권사,B,SF205,각주항목(09.06월 이후)
49270,202312,0013352,씨지에스 인터내셔널증권 홍콩 한국지점,A1,채무보증_지급보증,0,외국계증권사,B,SF205,각주항목(09.06월 이후)
49271,202312,0013352,씨지에스 인터내셔널증권 홍콩 한국지점,A2,채무보증_매입보장약정,0,외국계증권사,B,SF205,각주항목(09.06월 이후)
49272,202312,0013352,씨지에스 인터내셔널증권 홍콩 한국지점,A3,채무보증_채무인수약정,0,외국계증권사,B,SF205,각주항목(09.06월 이후)
49273,202312,0013352,씨지에스 인터내셔널증권 홍콩 한국지점,A5,채무보증_매입확약,0,외국계증권사,B,SF205,각주항목(09.06월 이후)
49274,202312,0013352,씨지에스 인터내셔널증권 홍콩 한국지점,A6,채무보증_기타,0,외국계증권사,B,SF205,각주항목(09.06월 이후)
49275,202312,0013352,씨지에스 인터내셔널증권 홍콩 한국지점,B,투자자의 예수증권 등,0,외국계증권사,B,SF205,각주항목(09.06월 이후)
49276,202312,0013352,씨지에스 인터내셔널증권 홍콩 한국지점,B1,투자자의 예수증권 등_예수 증권,0,외국계증권사,B,SF205,각주항목(09.06월 이후)
49277,202312,0013352,씨지에스 인터내셔널증권 홍콩 한국지점,B2,투자자의 예수증권 등_예수양도성예금증서,0,외국계증권사,B,SF205,각주항목(09.06월 이후)
49278,202312,0013352,씨지에스 인터내셔널증권 홍콩 한국지점,B3,투자자의 예수증권 등_기타,0,외국계증권사,B,SF205,각주항목(09.06월 이후)
49279,202312,0013352,씨지에스 인터내셔널증권 홍콩 한국지점,C,파생상품계약,0,외국계증권사,B,SF205,각주항목(09.06월 이후)
49280,202312,0013352,씨지에스 인터내셔널증권 홍콩 한국지점,C1,파생상품계약_장내파생상품,0,외국계증권사,B,SF205,각주항목(09.06월 이후)
49281,202312,0013352,씨지에스 인터내셔널증권 홍콩 한국지점,C11,파생상품계약_장내파생상품_이자율관련거래,0,외국계증권사,B,SF205,각주항목(09.06월 이후)
49282,202312,0013352,씨지에스 인터내셔널증권 홍콩 한국지점,C12,파생상품계약_장내파생상품_통화관련거래,0,외국계증권사,B,SF205,각주항목(09.06월 이후)
49283,202312,0013352,씨지에스 인터내셔널증권 홍콩 한국지점,C13,파생상품계약_장내파생상품_주식관련거래,0,외국계증권사,B,SF205,각주항목(09.06월 이후)
49284,202312,0013352,씨지에스 인터내셔널증권 홍콩 한국지점,C14,파생상품계약_장내파생상품_일반상품관련거래,0,외국계증권사,B,SF205,각주항목(09.06월 이후)
49285,202312,0013352,씨지에스 인터내셔널증권 홍콩 한국지점,C15,파생상품계약_장내파생상품_기타,0,외국계증권사,B,SF205,각주항목(09.06월 이후)
49286,202312,0013352,씨지에스 인터내셔널증권 홍콩 한국지점,C2,파생상품계약_장외파생상품,0,외국계증권사,B,SF205,각주항목(09.06월 이후)
49287,202312,0013352,씨지에스 인터내셔널증권 홍콩 한국지점,C21,파생상품계약_장외파생상품_이자율관련거래,0,외국계증권사,B,SF205,각주항목(09.06월 이후)
49288,202312,0013352,씨지에스 인터내셔널증권 홍콩 한국지점,C22,파생상품계약_장외파생상품_통화관련거래,0,외국계증권사,B,SF205,각주항목(09.06월 이후)
49289,202312,0013352,씨지에스 인터내셔널증권 홍콩 한국지점,C23,파생상품계약_장외파생상품_주식관련거래,0,외국계증권사,B,SF205,각주항목(09.06월 이후)
49290,202312,0013352,씨지에스 인터내셔널증권 홍콩 한국지점,C24,파생상품계약_장외파생상품_신용관련거래,0,외국계증권사,B,SF205,각주항목(09.06월 이후)
49291,202312,0013352,씨지에스 인터내셔널증권 홍콩 한국지점,C25,파생상품계약_장외파생상품_기타,0,외국계증권사,B,SF205,각주항목(09.06월 이후)
49292,202312,0013352,씨지에스 인터내셔널증권 홍콩 한국지점,D,대차 및 대주거래,0,외국계증권사,B,SF205,각주항목(09.06월 이후)
49293,202312,0013352,씨지에스 인터내셔널증권 홍콩 한국지점,D1,대차 및 대주거래_대여증권,0,외국계증권사,B,SF205,각주항목(09.06월 이후)
49294,202312,0013352,씨지에스 인터내셔널증권 홍콩 한국지점,D2,대차 및 대주거래_차입증권,0,외국계증권사,B,SF205,각주항목(09.06월 이후)
49295,202312,0013352,씨지에스 인터내셔널증권 홍콩 한국지점,D3,대차 및 대주거래_신용거래대주,0,외국계증권사,B,SF205,각주항목(09.06월 이후)
49296,202312,0013352,씨지에스 인터내셔널증권 홍콩 한국지점,E,대손상각채권,0,외국계증권사,B,SF205,각주항목(09.06월 이후)
49297,202312,0013352,씨지에스 인터내셔널증권 홍콩 한국지점,F,환전업무 예치금,0,외국계증권사,B,SF205,각주항목(09.06월 이후)
49298,202312,0013352,씨지에스 인터내셔널증권 홍콩 한국지점,G,미배당별도예치금,0,외국계증권사,B,SF205,각주항목(09.06월 이후)
49299,202312,0013352,씨지에스 인터내셔널증권 홍콩 한국지점,H,배서어음매출(종금계정),0,외국계증권사,B,SF205,각주항목(09.06월 이후)
49300,202312,0013352,씨지에스 인터내셔널증권 홍콩 한국지점,H1,대출채권매매이익_담보부,0,외국계증권사,B,SF205,각주항목(09.06월 이후)
49301,202312,0013352,씨지에스 인터내셔널증권 홍콩 한국지점,H2,대출채권매매이익_무담보부,0,외국계증권사,B,SF205,각주항목(09.06월 이후)
49302,202403,0013352,씨지에스 인터내셔널증권 홍콩 한국지점,A,채무보증,0,외국계증권사,B,SF205,각주항목(09.06월 이후)
49303,202403,0013352,씨지에스 인터내셔널증권 홍콩 한국지점,A1,채무보증_지급보증,0,외국계증권사,B,SF205,각주항목(09.06월 이후)
49304,202403,0013352,씨지에스 인터내셔널증권 홍콩 한국지점,A2,채무보증_매입보장약정,0,외국계증권사,B,SF205,각주항목(09.06월 이후)
49305,202403,0013352,씨지에스 인터내셔널증권 홍콩 한국지점,A3,채무보증_채무인수약정,0,외국계증권사,B,SF205,각주항목(09.06월 이후)
49306,202403,0013352,씨지에스 인터내셔널증권 홍콩 한국지점,A5,채무보증_매입확약,0,외국계증권사,B,SF205,각주항목(09.06월 이후)
49307,202403,0013352,씨지에스 인터내셔널증권 홍콩 한국지점,A6,채무보증_기타,0,외국계증권사,B,SF205,각주항목(09.06월 이후)
49308,202403,0013352,씨지에스 인터내셔널증권 홍콩 한국지점,B,투자자의 예수증권 등,0,외국계증권사,B,SF205,각주항목(09.06월 이후)
49309,202403,0013352,씨지에스 인터내셔널증권 홍콩 한국지점,B1,투자자의 예수증권 등_예수 증권,0,외국계증권사,B,SF205,각주항목(09.06월 이후)
49310,202403,0013352,씨지에스 인터내셔널증권 홍콩 한국지점,B2,투자자의 예수증권 등_예수양도성예금증서,0,외국계증권사,B,SF205,각주항목(09.06월 이후)
49311,202403,0013352,씨지에스 인터내셔널증권 홍콩 한국지점,B3,투자자의 예수증권 등_기타,0,외국계증권사,B,SF205,각주항목(09.06월 이후)
49312,202403,0013352,씨지에스 인터내셔널증권 홍콩 한국지점,C,파생상품계약,0,외국계증권사,B,SF205,각주항목(09.06월 이후)
49313,202403,0013352,씨지에스 인터내셔널증권 홍콩 한국지점,C1,파생상품계약_장내파생상품,0,외국계증권사,B,SF205,각주항목(09.06월 이후)
49314,202403,0013352,씨지에스 인터내셔널증권 홍콩 한국지점,C11,파생상품계약_장내파생상품_이자율관련거래,0,외국계증권사,B,SF205,각주항목(09.06월 이후)
49315,202403,0013352,씨지에스 인터내셔널증권 홍콩 한국지점,C12,파생상품계약_장내파생상품_통화관련거래,0,외국계증권사,B,SF205,각주항목(09.06월 이후)
49316,202403,0013352,씨지에스 인터내셔널증권 홍콩 한국지점,C13,파생상품계약_장내파생상품_주식관련거래,0,외국계증권사,B,SF205,각주항목(09.06월 이후)
49317,202403,0013352,씨지에스 인터내셔널증권 홍콩 한국지점,C14,파생상품계약_장내파생상품_일반상품관련거래,0,외국계증권사,B,SF205,각주항목(09.06월 이후)
49318,202403,0013352,씨지에스 인터내셔널증권 홍콩 한국지점,C15,파생상품계약_장내파생상품_기타,0,외국계증권사,B,SF205,각주항목(09.06월 이후)
49319,202403,0013352,씨지에스 인터내셔널증권 홍콩 한국지점,C2,파생상품계약_장외파생상품,0,외국계증권사,B,SF205,각주항목(09.06월 이후)
49320,202403,0013352,씨지에스 인터내셔널증권 홍콩 한국지점,C21,파생상품계약_장외파생상품_이자율관련거래,0,외국계증권사,B,SF205,각주항목(09.06월 이후)
49321,202403,0013352,씨지에스 인터내셔널증권 홍콩 한국지점,C22,파생상품계약_장외파생상품_통화관련거래,0,외국계증권사,B,SF205,각주항목(09.06월 이후)
49322,202403,0013352,씨지에스 인터내셔널증권 홍콩 한국지점,C23,파생상품계약_장외파생상품_주식관련거래,0,외국계증권사,B,SF205,각주항목(09.06월 이후)
49323,202403,0013352,씨지에스 인터내셔널증권 홍콩 한국지점,C24,파생상품계약_장외파생상품_신용관련거래,0,외국계증권사,B,SF205,각주항목(09.06월 이후)
49324,202403,0013352,씨지에스 인터내셔널증권 홍콩 한국지점,C25,파생상품계약_장외파생상품_기타,0,외국계증권사,B,SF205,각주항목(09.06월 이후)
49325,202403,0013352,씨지에스 인터내셔널증권 홍콩 한국지점,D,대차 및 대주거래,0,외국계증권사,B,SF205,각주항목(09.06월 이후)
49326,202403,0013352,씨지에스 인터내셔널증권 홍콩 한국지점,D1,대차 및 대주거래_대여증권,0,외국계증권사,B,SF205,각주항목(09.06월 이후)
49327,202403,0013352,씨지에스 인터내셔널증권 홍콩 한국지점,D2,대차 및 대주거래_차입증권,0,외국계증권사,B,SF205,각주항목(09.06월 이후)
49328,202403,0013352,씨지에스 인터내셔널증권 홍콩 한국지점,D3,대차 및 대주거래_신용거래대주,0,외국계증권사,B,SF205,각주항목(09.06월 이후)
49329,202403,0013352,씨지에스 인터내셔널증권 홍콩 한국지점,E,대손상각채권,0,외국계증권사,B,SF205,각주항목(09.06월 이후)
49330,202403,0013352,씨지에스 인터내셔널증권 홍콩 한국지점,F,환전업무 예치금,0,외국계증권사,B,SF205,각주항목(09.06월 이후)
49331,202403,0013352,씨지에스 인터내셔널증권 홍콩 한국지점,G,미배당별도예치금,0,외국계증권사,B,SF205,각주항목(09.06월 이후)
49332,202403,0013352,씨지에스 인터내셔널증권 홍콩 한국지점,H,배서어음매출(종금계정),0,외국계증권사,B,SF205,각주항목(09.06월 이후)
49333,202403,0013352,씨지에스 인터내셔널증권 홍콩 한국지점,H1,대출채권매매이익_담보부,0,외국계증권사,B,SF205,각주항목(09.06월 이후)
49334,202403,0013352,씨지에스 인터내셔널증권 홍콩 한국지점,H2,대출채권매매이익_무담보부,0,외국계증권사,B,SF205,각주항목(09.06월 이후)
49335,202406,0013352,씨지에스 인터내셔널증권 홍콩 한국지점,A,채무보증,0,외국계증권사,B,SF205,각주항목(09.06월 이후)
49336,202406,0013352,씨지에스 인터내셔널증권 홍콩 한국지점,A1,채무보증_지급보증,0,외국계증권사,B,SF205,각주항목(09.06월 이후)
49337,202406,0013352,씨지에스 인터내셔널증권 홍콩 한국지점,A2,채무보증_매입보장약정,0,외국계증권사,B,SF205,각주항목(09.06월 이후)
49338,202406,0013352,씨지에스 인터내셔널증권 홍콩 한국지점,A3,채무보증_채무인수약정,0,외국계증권사,B,SF205,각주항목(09.06월 이후)
49339,202406,0013352,씨지에스 인터내셔널증권 홍콩 한국지점,A5,채무보증_매입확약,0,외국계증권사,B,SF205,각주항목(09.06월 이후)
49340,202406,0013352,씨지에스 인터내셔널증권 홍콩 한국지점,A6,채무보증_기타,0,외국계증권사,B,SF205,각주항목(09.06월 이후)
49341,202406,0013352,씨지에스 인터내셔널증권 홍콩 한국지점,B,투자자의 예수증권 등,0,외국계증권사,B,SF205,각주항목(09.06월 이후)
49342,202406,0013352,씨지에스 인터내셔널증권 홍콩 한국지점,B1,투자자의 예수증권 등_예수 증권,0,외국계증권사,B,SF205,각주항목(09.06월 이후)
49343,202406,0013352,씨지에스 인터내셔널증권 홍콩 한국지점,B2,투자자의 예수증권 등_예수양도성예금증서,0,외국계증권사,B,SF205,각주항목(09.06월 이후)
49344,202406,0013352,씨지에스 인터내셔널증권 홍콩 한국지점,B3,투자자의 예수증권 등_기타,0,외국계증권사,B,SF205,각주항목(09.06월 이후)
49345,202406,0013352,씨지에스 인터내셔널증권 홍콩 한국지점,C,파생상품계약,0,외국계증권사,B,SF205,각주항목(09.06월 이후)
49346,202406,0013352,씨지에스 인터내셔널증권 홍콩 한국지점,C1,파생상품계약_장내파생상품,0,외국계증권사,B,SF205,각주항목(09.06월 이후)
49347,202406,0013352,씨지에스 인터내셔널증권 홍콩 한국지점,C11,파생상품계약_장내파생상품_이자율관련거래,0,외국계증권사,B,SF205,각주항목(09.06월 이후)
49348,202406,0013352,씨지에스 인터내셔널증권 홍콩 한국지점,C12,파생상품계약_장내파생상품_통화관련거래,0,외국계증권사,B,SF205,각주항목(09.06월 이후)
49349,202406,0013352,씨지에스 인터내셔널증권 홍콩 한국지점,C13,파생상품계약_장내파생상품_주식관련거래,0,외국계증권사,B,SF205,각주항목(09.06월 이후)
49350,202406,0013352,씨지에스 인터내셔널증권 홍콩 한국지점,C14,파생상품계약_장내파생상품_일반상품관련거래,0,외국계증권사,B,SF205,각주항목(09.06월 이후)
49351,202406,0013352,씨지에스 인터내셔널증권 홍콩 한국지점,C15,파생상품계약_장내파생상품_기타,0,외국계증권사,B,SF205,각주항목(09.06월 이후)
49352,202406,0013352,씨지에스 인터내셔널증권 홍콩 한국지점,C2,파생상품계약_장외파생상품,0,외국계증권사,B,SF205,각주항목(09.06월 이후)
49353,202406,0013352,씨지에스 인터내셔널증권 홍콩 한국지점,C21,파생상품계약_장외파생상품_이자율관련거래,0,외국계증권사,B,SF205,각주항목(09.06월 이후)
49354,202406,0013352,씨지에스 인터내셔널증권 홍콩 한국지점,C22,파생상품계약_장외파생상품_통화관련거래,0,외국계증권사,B,SF205,각주항목(09.06월 이후)
49355,202406,0013352,씨지에스 인터내셔널증권 홍콩 한국지점,C23,파생상품계약_장외파생상품_주식관련거래,0,외국계증권사,B,SF205,각주항목(09.06월 이후)
49356,202406,0013352,씨지에스 인터내셔널증권 홍콩 한국지점,C24,파생상품계약_장외파생상품_신용관련거래,0,외국계증권사,B,SF205,각주항목(09.06월 이후)
49357,202406,0013352,씨지에스 인터내셔널증권 홍콩 한국지점,C25,파생상품계약_장외파생상품_기타,0,외국계증권사,B,SF205,각주항목(09.06월 이후)
49358,202406,0013352,씨지에스 인터내셔널증권 홍콩 한국지점,D,대차 및 대주거래,0,외국계증권사,B,SF205,각주항목(09.06월 이후)
49359,202406,0013352,씨지에스 인터내셔널증권 홍콩 한국지점,D1,대차 및 대주거래_대여증권,0,외국계증권사,B,SF205,각주항목(09.06월 이후)
49360,202406,0013352,씨지에스 인터내셔널증권 홍콩 한국지점,D2,대차 및 대주거래_차입증권,0,외국계증권사,B,SF205,각주항목(09.06월 이후)
49361,202406,0013352,씨지에스 인터내셔널증권 홍콩 한국지점,D3,대차 및 대주거래_신용거래대주,0,외국계증권사,B,SF205,각주항목(09.06월 이후)
49362,202406,0013352,씨지에스 인터내셔널증권 홍콩 한국지점,E,대손상각채권,0,외국계증권사,B,SF205,각주항목(09.06월 이후)
49363,202406,0013352,씨지에스 인터내셔널증권 홍콩 한국지점,F,환전업무 예치금,0,외국계증권사,B,SF205,각주항목(09.06월 이후)
49364,202406,0013352,씨지에스 인터내셔널증권 홍콩 한국지점,G,미배당별도예치금,0,외국계증권사,B,SF205,각주항목(09.06월 이후)
49365,202406,0013352,씨지에스 인터내셔널증권 홍콩 한국지점,H,배서어음매출(종금계정),0,외국계증권사,B,SF205,각주항목(09.06월 이후)
49366,202406,0013352,씨지에스 인터내셔널증권 홍콩 한국지점,H1,대출채권매매이익_담보부,0,외국계증권사,B,SF205,각주항목(09.06월 이후)
49367,202406,0013352,씨지에스 인터내셔널증권 홍콩 한국지점,H2,대출채권매매이익_무담보부,0,외국계증권사,B,SF205,각주항목(09.06월 이후)
49368,202409,0013352,씨지에스 인터내셔널증권 홍콩 한국지점,A,채무보증,0,외국계증권사,B,SF205,각주항목(09.06월 이후)
49369,202409,0013352,씨지에스 인터내셔널증권 홍콩 한국지점,A1,채무보증_지급보증,0,외국계증권사,B,SF205,각주항목(09.06월 이후)
49370,202409,0013352,씨지에스 인터내셔널증권 홍콩 한국지점,A2,채무보증_매입보장약정,0,외국계증권사,B,SF205,각주항목(09.06월 이후)
49371,202409,0013352,씨지에스 인터내셔널증권 홍콩 한국지점,A3,채무보증_채무인수약정,0,외국계증권사,B,SF205,각주항목(09.06월 이후)
49372,202409,0013352,씨지에스 인터내셔널증권 홍콩 한국지점,A5,채무보증_매입확약,0,외국계증권사,B,SF205,각주항목(09.06월 이후)
49373,202409,0013352,씨지에스 인터내셔널증권 홍콩 한국지점,A6,채무보증_기타,0,외국계증권사,B,SF205,각주항목(09.06월 이후)
49374,202409,0013352,씨지에스 인터내셔널증권 홍콩 한국지점,B,투자자의 예수증권 등,0,외국계증권사,B,SF205,각주항목(09.06월 이후)
49375,202409,0013352,씨지에스 인터내셔널증권 홍콩 한국지점,B1,투자자의 예수증권 등_예수 증권,0,외국계증권사,B,SF205,각주항목(09.06월 이후)
49376,202409,0013352,씨지에스 인터내셔널증권 홍콩 한국지점,B2,투자자의 예수증권 등_예수양도성예금증서,0,외국계증권사,B,SF205,각주항목(09.06월 이후)
49377,202409,0013352,씨지에스 인터내셔널증권 홍콩 한국지점,B3,투자자의 예수증권 등_기타,0,외국계증권사,B,SF205,각주항목(09.06월 이후)
49378,202409,0013352,씨지에스 인터내셔널증권 홍콩 한국지점,C,파생상품계약,0,외국계증권사,B,SF205,각주항목(09.06월 이후)
49379,202409,0013352,씨지에스 인터내셔널증권 홍콩 한국지점,C1,파생상품계약_장내파생상품,0,외국계증권사,B,SF205,각주항목(09.06월 이후)
49380,202409,0013352,씨지에스 인터내셔널증권 홍콩 한국지점,C11,파생상품계약_장내파생상품_이자율관련거래,0,외국계증권사,B,SF205,각주항목(09.06월 이후)
49381,202409,0013352,씨지에스 인터내셔널증권 홍콩 한국지점,C12,파생상품계약_장내파생상품_통화관련거래,0,외국계증권사,B,SF205,각주항목(09.06월 이후)
49382,202409,0013352,씨지에스 인터내셔널증권 홍콩 한국지점,C13,파생상품계약_장내파생상품_주식관련거래,0,외국계증권사,B,SF205,각주항목(09.06월 이후)
49383,202409,0013352,씨지에스 인터내셔널증권 홍콩 한국지점,C14,파생상품계약_장내파생상품_일반상품관련거래,0,외국계증권사,B,SF205,각주항목(09.06월 이후)
49384,202409,0013352,씨지에스 인터내셔널증권 홍콩 한국지점,C15,파생상품계약_장내파생상품_기타,0,외국계증권사,B,SF205,각주항목(09.06월 이후)
49385,202409,0013352,씨지에스 인터내셔널증권 홍콩 한국지점,C2,파생상품계약_장외파생상품,0,외국계증권사,B,SF205,각주항목(09.06월 이후)
49386,202409,0013352,씨지에스 인터내셔널증권 홍콩 한국지점,C21,파생상품계약_장외파생상품_이자율관련거래,0,외국계증권사,B,SF205,각주항목(09.06월 이후)
49387,202409,0013352,씨지에스 인터내셔널증권 홍콩 한국지점,C22,파생상품계약_장외파생상품_통화관련거래,0,외국계증권사,B,SF205,각주항목(09.06월 이후)
49388,202409,0013352,씨지에스 인터내셔널증권 홍콩 한국지점,C23,파생상품계약_장외파생상품_주식관련거래,0,외국계증권사,B,SF205,각주항목(09.06월 이후)
49389,202409,0013352,씨지에스 인터내셔널증권 홍콩 한국지점,C24,파생상품계약_장외파생상품_신용관련거래,0,외국계증권사,B,SF205,각주항목(09.06월 이후)
49390,202409,0013352,씨지에스 인터내셔널증권 홍콩 한국지점,C25,파생상품계약_장외파생상품_기타,0,외국계증권사,B,SF205,각주항목(09.06월 이후)
49391,202409,0013352,씨지에스 인터내셔널증권 홍콩 한국지점,D,대차 및 대주거래,0,외국계증권사,B,SF205,각주항목(09.06월 이후)
49392,202409,0013352,씨지에스 인터내셔널증권 홍콩 한국지점,D1,대차 및 대주거래_대여증권,0,외국계증권사,B,SF205,각주항목(09.06월 이후)
49393,202409,0013352,씨지에스 인터내셔널증권 홍콩 한국지점,D2,대차 및 대주거래_차입증권,0,외국계증권사,B,SF205,각주항목(09.06월 이후)
49394,202409,0013352,씨지에스 인터내셔널증권 홍콩 한국지점,D3,대차 및 대주거래_신용거래대주,0,외국계증권사,B,SF205,각주항목(09.06월 이후)
49395,202409,0013352,씨지에스 인터내셔널증권 홍콩 한국지점,E,대손상각채권,0,외국계증권사,B,SF205,각주항목(09.06월 이후)
49396,202409,0013352,씨지에스 인터내셔널증권 홍콩 한국지점,F,환전업무 예치금,0,외국계증권사,B,SF205,각주항목(09.06월 이후)
49397,202409,0013352,씨지에스 인터내셔널증권 홍콩 한국지점,G,미배당별도예치금,0,외국계증권사,B,SF205,각주항목(09.06월 이후)
49398,202409,0013352,씨지에스 인터내셔널증권 홍콩 한국지점,H,배서어음매출(종금계정),0,외국계증권사,B,SF205,각주항목(09.06월 이후)
49399,202409,0013352,씨지에스 인터내셔널증권 홍콩 한국지점,H1,대출채권매매이익_담보부,0,외국계증권사,B,SF205,각주항목(09.06월 이후)
49400,202409,0013352,씨지에스 인터내셔널증권 홍콩 한국지점,H2,대출채권매매이익_무담보부,0,외국계증권사,B,SF205,각주항목(09.06월 이후)
49401,202412,0013352,씨지에스 인터내셔널증권 홍콩 한국지점,A,채무보증,0,외국계증권사,B,SF205,각주항목(09.06월 이후)
49402,202412,0013352,씨지에스 인터내셔널증권 홍콩 한국지점,A1,채무보증_지급보증,0,외국계증권사,B,SF205,각주항목(09.06월 이후)
49403,202412,0013352,씨지에스 인터내셔널증권 홍콩 한국지점,A2,채무보증_매입보장약정,0,외국계증권사,B,SF205,각주항목(09.06월 이후)
49404,202412,0013352,씨지에스 인터내셔널증권 홍콩 한국지점,A3,채무보증_채무인수약정,0,외국계증권사,B,SF205,각주항목(09.06월 이후)
49405,202412,0013352,씨지에스 인터내셔널증권 홍콩 한국지점,A5,채무보증_매입확약,0,외국계증권사,B,SF205,각주항목(09.06월 이후)
49406,202412,0013352,씨지에스 인터내셔널증권 홍콩 한국지점,A6,채무보증_기타,0,외국계증권사,B,SF205,각주항목(09.06월 이후)
49407,202412,0013352,씨지에스 인터내셔널증권 홍콩 한국지점,B,투자자의 예수증권 등,0,외국계증권사,B,SF205,각주항목(09.06월 이후)
49408,202412,0013352,씨지에스 인터내셔널증권 홍콩 한국지점,B1,투자자의 예수증권 등_예수 증권,0,외국계증권사,B,SF205,각주항목(09.06월 이후)
49409,202412,0013352,씨지에스 인터내셔널증권 홍콩 한국지점,B2,투자자의 예수증권 등_예수양도성예금증서,0,외국계증권사,B,SF205,각주항목(09.06월 이후)
49410,202412,0013352,씨지에스 인터내셔널증권 홍콩 한국지점,B3,투자자의 예수증권 등_기타,0,외국계증권사,B,SF205,각주항목(09.06월 이후)
49411,202412,0013352,씨지에스 인터내셔널증권 홍콩 한국지점,C,파생상품계약,0,외국계증권사,B,SF205,각주항목(09.06월 이후)
49412,202412,0013352,씨지에스 인터내셔널증권 홍콩 한국지점,C1,파생상품계약_장내파생상품,0,외국계증권사,B,SF205,각주항목(09.06월 이후)
49413,202412,0013352,씨지에스 인터내셔널증권 홍콩 한국지점,C11,파생상품계약_장내파생상품_이자율관련거래,0,외국계증권사,B,SF205,각주항목(09.06월 이후)
49414,202412,0013352,씨지에스 인터내셔널증권 홍콩 한국지점,C12,파생상품계약_장내파생상품_통화관련거래,0,외국계증권사,B,SF205,각주항목(09.06월 이후)
49415,202412,0013352,씨지에스 인터내셔널증권 홍콩 한국지점,C13,파생상품계약_장내파생상품_주식관련거래,0,외국계증권사,B,SF205,각주항목(09.06월 이후)
49416,202412,0013352,씨지에스 인터내셔널증권 홍콩 한국지점,C14,파생상품계약_장내파생상품_일반상품관련거래,0,외국계증권사,B,SF205,각주항목(09.06월 이후)
49417,202412,0013352,씨지에스 인터내셔널증권 홍콩 한국지점,C15,파생상품계약_장내파생상품_기타,0,외국계증권사,B,SF205,각주항목(09.06월 이후)
49418,202412,0013352,씨지에스 인터내셔널증권 홍콩 한국지점,C2,파생상품계약_장외파생상품,0,외국계증권사,B,SF205,각주항목(09.06월 이후)
49419,202412,0013352,씨지에스 인터내셔널증권 홍콩 한국지점,C21,파생상품계약_장외파생상품_이자율관련거래,0,외국계증권사,B,SF205,각주항목(09.06월 이후)
49420,202412,0013352,씨지에스 인터내셔널증권 홍콩 한국지점,C22,파생상품계약_장외파생상품_통화관련거래,0,외국계증권사,B,SF205,각주항목(09.06월 이후)
49421,202412,0013352,씨지에스 인터내셔널증권 홍콩 한국지점,C23,파생상품계약_장외파생상품_주식관련거래,0,외국계증권사,B,SF205,각주항목(09.06월 이후)
49422,202412,0013352,씨지에스 인터내셔널증권 홍콩 한국지점,C24,파생상품계약_장외파생상품_신용관련거래,0,외국계증권사,B,SF205,각주항목(09.06월 이후)
49423,202412,0013352,씨지에스 인터내셔널증권 홍콩 한국지점,C25,파생상품계약_장외파생상품_기타,0,외국계증권사,B,SF205,각주항목(09.06월 이후)
49424,202412,0013352,씨지에스 인터내셔널증권 홍콩 한국지점,D,대차 및 대주거래,0,외국계증권사,B,SF205,각주항목(09.06월 이후)
49425,202412,0013352,씨지에스 인터내셔널증권 홍콩 한국지점,D1,대차 및 대주거래_대여증권,0,외국계증권사,B,SF205,각주항목(09.06월 이후)
49426,202412,0013352,씨지에스 인터내셔널증권 홍콩 한국지점,D2,대차 및 대주거래_차입증권,0,외국계증권사,B,SF205,각주항목(09.06월 이후)
49427,202412,0013352,씨지에스 인터내셔널증권 홍콩 한국지점,D3,대차 및 대주거래_신용거래대주,0,외국계증권사,B,SF205,각주항목(09.06월 이후)
49428,202412,0013352,씨지에스 인터내셔널증권 홍콩 한국지점,E,대손상각채권,0,외국계증권사,B,SF205,각주항목(09.06월 이후)
49429,202412,0013352,씨지에스 인터내셔널증권 홍콩 한국지점,F,환전업무 예치금,0,외국계증권사,B,SF205,각주항목(09.06월 이후)
49430,202412,0013352,씨지에스 인터내셔널증권 홍콩 한국지점,G,미배당별도예치금,0,외국계증권사,B,SF205,각주항목(09.06월 이후)
49431,202412,0013352,씨지에스 인터내셔널증권 홍콩 한국지점,H,배서어음매출(종금계정),0,외국계증권사,B,SF205,각주항목(09.06월 이후)
49432,202412,0013352,씨지에스 인터내셔널증권 홍콩 한국지점,H1,대출채권매매이익_담보부,0,외국계증권사,B,SF205,각주항목(09.06월 이후)
49433,202412,0013352,씨지에스 인터내셔널증권 홍콩 한국지점,H2,대출채권매매이익_무담보부,0,외국계증권사,B,SF205,각주항목(09.06월 이후)
49434,202112,0014595,아이엔지증권 서울지점,A,채무보증,0,외국계증권사,B,SF205,각주항목(09.06월 이후)
49435,202112,0014595,아이엔지증권 서울지점,A1,채무보증_지급보증,0,외국계증권사,B,SF205,각주항목(09.06월 이후)
49436,202112,0014595,아이엔지증권 서울지점,A2,채무보증_매입보장약정, ,외국계증권사,B,SF205,각주항목(09.06월 이후)
49437,202112,0014595,아이엔지증권 서울지점,A3,채무보증_채무인수약정, ,외국계증권사,B,SF205,각주항목(09.06월 이후)
49438,202112,0014595,아이엔지증권 서울지점,A5,채무보증_매입확약,0,외국계증권사,B,SF205,각주항목(09.06월 이후)
49439,202112,0014595,아이엔지증권 서울지점,A6,채무보증_기타, ,외국계증권사,B,SF205,각주항목(09.06월 이후)
49440,202112,0014595,아이엔지증권 서울지점,B,투자자의 예수증권 등,0,외국계증권사,B,SF205,각주항목(09.06월 이후)
49441,202112,0014595,아이엔지증권 서울지점,B1,투자자의 예수증권 등_예수 증권,0,외국계증권사,B,SF205,각주항목(09.06월 이후)
49442,202112,0014595,아이엔지증권 서울지점,B2,투자자의 예수증권 등_예수양도성예금증서, ,외국계증권사,B,SF205,각주항목(09.06월 이후)
49443,202112,0014595,아이엔지증권 서울지점,B3,투자자의 예수증권 등_기타, ,외국계증권사,B,SF205,각주항목(09.06월 이후)
49444,202112,0014595,아이엔지증권 서울지점,C,파생상품계약,0,외국계증권사,B,SF205,각주항목(09.06월 이후)
49445,202112,0014595,아이엔지증권 서울지점,C1,파생상품계약_장내파생상품,0,외국계증권사,B,SF205,각주항목(09.06월 이후)
49446,202112,0014595,아이엔지증권 서울지점,C11,파생상품계약_장내파생상품_이자율관련거래,0,외국계증권사,B,SF205,각주항목(09.06월 이후)
49447,202112,0014595,아이엔지증권 서울지점,C12,파생상품계약_장내파생상품_통화관련거래,0,외국계증권사,B,SF205,각주항목(09.06월 이후)
49448,202112,0014595,아이엔지증권 서울지점,C13,파생상품계약_장내파생상품_주식관련거래,0,외국계증권사,B,SF205,각주항목(09.06월 이후)
49449,202112,0014595,아이엔지증권 서울지점,C14,파생상품계약_장내파생상품_일반상품관련거래,0,외국계증권사,B,SF205,각주항목(09.06월 이후)
49450,202112,0014595,아이엔지증권 서울지점,C15,파생상품계약_장내파생상품_기타,0,외국계증권사,B,SF205,각주항목(09.06월 이후)
49451,202112,0014595,아이엔지증권 서울지점,C2,파생상품계약_장외파생상품,0,외국계증권사,B,SF205,각주항목(09.06월 이후)
49452,202112,0014595,아이엔지증권 서울지점,C21,파생상품계약_장외파생상품_이자율관련거래,0,외국계증권사,B,SF205,각주항목(09.06월 이후)
49453,202112,0014595,아이엔지증권 서울지점,C22,파생상품계약_장외파생상품_통화관련거래,0,외국계증권사,B,SF205,각주항목(09.06월 이후)
49454,202112,0014595,아이엔지증권 서울지점,C23,파생상품계약_장외파생상품_주식관련거래,0,외국계증권사,B,SF205,각주항목(09.06월 이후)
49455,202112,0014595,아이엔지증권 서울지점,C24,파생상품계약_장외파생상품_신용관련거래,0,외국계증권사,B,SF205,각주항목(09.06월 이후)
49456,202112,0014595,아이엔지증권 서울지점,C25,파생상품계약_장외파생상품_기타,0,외국계증권사,B,SF205,각주항목(09.06월 이후)
49457,202112,0014595,아이엔지증권 서울지점,D,대차 및 대주거래,0,외국계증권사,B,SF205,각주항목(09.06월 이후)
49458,202112,0014595,아이엔지증권 서울지점,D1,대차 및 대주거래_대여증권,0,외국계증권사,B,SF205,각주항목(09.06월 이후)
49459,202112,0014595,아이엔지증권 서울지점,D2,대차 및 대주거래_차입증권,0,외국계증권사,B,SF205,각주항목(09.06월 이후)
49460,202112,0014595,아이엔지증권 서울지점,D3,대차 및 대주거래_신용거래대주, ,외국계증권사,B,SF205,각주항목(09.06월 이후)
49461,202112,0014595,아이엔지증권 서울지점,E,대손상각채권, ,외국계증권사,B,SF205,각주항목(09.06월 이후)
49462,202112,0014595,아이엔지증권 서울지점,F,환전업무 예치금,0,외국계증권사,B,SF205,각주항목(09.06월 이후)
49463,202112,0014595,아이엔지증권 서울지점,G,미배당별도예치금, ,외국계증권사,B,SF205,각주항목(09.06월 이후)
49464,202112,0014595,아이엔지증권 서울지점,H,배서어음매출(종금계정),0,외국계증권사,B,SF205,각주항목(09.06월 이후)
49465,202112,0014595,아이엔지증권 서울지점,H1,대출채권매매이익_담보부, ,외국계증권사,B,SF205,각주항목(09.06월 이후)
49466,202112,0014595,아이엔지증권 서울지점,H2,대출채권매매이익_무담보부, ,외국계증권사,B,SF205,각주항목(09.06월 이후)
49467,202203,0014595,아이엔지증권 서울지점,A,채무보증,0,외국계증권사,B,SF205,각주항목(09.06월 이후)
49468,202203,0014595,아이엔지증권 서울지점,A1,채무보증_지급보증,0,외국계증권사,B,SF205,각주항목(09.06월 이후)
49469,202203,0014595,아이엔지증권 서울지점,A2,채무보증_매입보장약정, ,외국계증권사,B,SF205,각주항목(09.06월 이후)
49470,202203,0014595,아이엔지증권 서울지점,A3,채무보증_채무인수약정, ,외국계증권사,B,SF205,각주항목(09.06월 이후)
49471,202203,0014595,아이엔지증권 서울지점,A5,채무보증_매입확약,0,외국계증권사,B,SF205,각주항목(09.06월 이후)
49472,202203,0014595,아이엔지증권 서울지점,A6,채무보증_기타, ,외국계증권사,B,SF205,각주항목(09.06월 이후)
49473,202203,0014595,아이엔지증권 서울지점,B,투자자의 예수증권 등,0,외국계증권사,B,SF205,각주항목(09.06월 이후)
49474,202203,0014595,아이엔지증권 서울지점,B1,투자자의 예수증권 등_예수 증권,0,외국계증권사,B,SF205,각주항목(09.06월 이후)
49475,202203,0014595,아이엔지증권 서울지점,B2,투자자의 예수증권 등_예수양도성예금증서, ,외국계증권사,B,SF205,각주항목(09.06월 이후)
49476,202203,0014595,아이엔지증권 서울지점,B3,투자자의 예수증권 등_기타, ,외국계증권사,B,SF205,각주항목(09.06월 이후)
49477,202203,0014595,아이엔지증권 서울지점,C,파생상품계약,0,외국계증권사,B,SF205,각주항목(09.06월 이후)
49478,202203,0014595,아이엔지증권 서울지점,C1,파생상품계약_장내파생상품,0,외국계증권사,B,SF205,각주항목(09.06월 이후)
49479,202203,0014595,아이엔지증권 서울지점,C11,파생상품계약_장내파생상품_이자율관련거래,0,외국계증권사,B,SF205,각주항목(09.06월 이후)
49480,202203,0014595,아이엔지증권 서울지점,C12,파생상품계약_장내파생상품_통화관련거래,0,외국계증권사,B,SF205,각주항목(09.06월 이후)
49481,202203,0014595,아이엔지증권 서울지점,C13,파생상품계약_장내파생상품_주식관련거래,0,외국계증권사,B,SF205,각주항목(09.06월 이후)
49482,202203,0014595,아이엔지증권 서울지점,C14,파생상품계약_장내파생상품_일반상품관련거래,0,외국계증권사,B,SF205,각주항목(09.06월 이후)
49483,202203,0014595,아이엔지증권 서울지점,C15,파생상품계약_장내파생상품_기타,0,외국계증권사,B,SF205,각주항목(09.06월 이후)
49484,202203,0014595,아이엔지증권 서울지점,C2,파생상품계약_장외파생상품,0,외국계증권사,B,SF205,각주항목(09.06월 이후)
49485,202203,0014595,아이엔지증권 서울지점,C21,파생상품계약_장외파생상품_이자율관련거래,0,외국계증권사,B,SF205,각주항목(09.06월 이후)
49486,202203,0014595,아이엔지증권 서울지점,C22,파생상품계약_장외파생상품_통화관련거래,0,외국계증권사,B,SF205,각주항목(09.06월 이후)
49487,202203,0014595,아이엔지증권 서울지점,C23,파생상품계약_장외파생상품_주식관련거래,0,외국계증권사,B,SF205,각주항목(09.06월 이후)
49488,202203,0014595,아이엔지증권 서울지점,C24,파생상품계약_장외파생상품_신용관련거래,0,외국계증권사,B,SF205,각주항목(09.06월 이후)
49489,202203,0014595,아이엔지증권 서울지점,C25,파생상품계약_장외파생상품_기타,0,외국계증권사,B,SF205,각주항목(09.06월 이후)
49490,202203,0014595,아이엔지증권 서울지점,D,대차 및 대주거래,0,외국계증권사,B,SF205,각주항목(09.06월 이후)
49491,202203,0014595,아이엔지증권 서울지점,D1,대차 및 대주거래_대여증권,0,외국계증권사,B,SF205,각주항목(09.06월 이후)
49492,202203,0014595,아이엔지증권 서울지점,D2,대차 및 대주거래_차입증권,0,외국계증권사,B,SF205,각주항목(09.06월 이후)
49493,202203,0014595,아이엔지증권 서울지점,D3,대차 및 대주거래_신용거래대주, ,외국계증권사,B,SF205,각주항목(09.06월 이후)
49494,202203,0014595,아이엔지증권 서울지점,E,대손상각채권, ,외국계증권사,B,SF205,각주항목(09.06월 이후)
49495,202203,0014595,아이엔지증권 서울지점,F,환전업무 예치금,0,외국계증권사,B,SF205,각주항목(09.06월 이후)
49496,202203,0014595,아이엔지증권 서울지점,G,미배당별도예치금, ,외국계증권사,B,SF205,각주항목(09.06월 이후)
49497,202203,0014595,아이엔지증권 서울지점,H,배서어음매출(종금계정),0,외국계증권사,B,SF205,각주항목(09.06월 이후)
49498,202203,0014595,아이엔지증권 서울지점,H1,대출채권매매이익_담보부, ,외국계증권사,B,SF205,각주항목(09.06월 이후)
49499,202203,0014595,아이엔지증권 서울지점,H2,대출채권매매이익_무담보부, ,외국계증권사,B,SF205,각주항목(09.06월 이후)
49500,202206,0014595,아이엔지증권 서울지점,A,채무보증,0,외국계증권사,B,SF205,각주항목(09.06월 이후)
49501,202206,0014595,아이엔지증권 서울지점,A1,채무보증_지급보증,0,외국계증권사,B,SF205,각주항목(09.06월 이후)
49502,202206,0014595,아이엔지증권 서울지점,A2,채무보증_매입보장약정, ,외국계증권사,B,SF205,각주항목(09.06월 이후)
49503,202206,0014595,아이엔지증권 서울지점,A3,채무보증_채무인수약정, ,외국계증권사,B,SF205,각주항목(09.06월 이후)
49504,202206,0014595,아이엔지증권 서울지점,A5,채무보증_매입확약,0,외국계증권사,B,SF205,각주항목(09.06월 이후)
49505,202206,0014595,아이엔지증권 서울지점,A6,채무보증_기타, ,외국계증권사,B,SF205,각주항목(09.06월 이후)
49506,202206,0014595,아이엔지증권 서울지점,B,투자자의 예수증권 등,0,외국계증권사,B,SF205,각주항목(09.06월 이후)
49507,202206,0014595,아이엔지증권 서울지점,B1,투자자의 예수증권 등_예수 증권,0,외국계증권사,B,SF205,각주항목(09.06월 이후)
49508,202206,0014595,아이엔지증권 서울지점,B2,투자자의 예수증권 등_예수양도성예금증서, ,외국계증권사,B,SF205,각주항목(09.06월 이후)
49509,202206,0014595,아이엔지증권 서울지점,B3,투자자의 예수증권 등_기타, ,외국계증권사,B,SF205,각주항목(09.06월 이후)
49510,202206,0014595,아이엔지증권 서울지점,C,파생상품계약,0,외국계증권사,B,SF205,각주항목(09.06월 이후)
49511,202206,0014595,아이엔지증권 서울지점,C1,파생상품계약_장내파생상품,0,외국계증권사,B,SF205,각주항목(09.06월 이후)
49512,202206,0014595,아이엔지증권 서울지점,C11,파생상품계약_장내파생상품_이자율관련거래,0,외국계증권사,B,SF205,각주항목(09.06월 이후)
49513,202206,0014595,아이엔지증권 서울지점,C12,파생상품계약_장내파생상품_통화관련거래,0,외국계증권사,B,SF205,각주항목(09.06월 이후)
49514,202206,0014595,아이엔지증권 서울지점,C13,파생상품계약_장내파생상품_주식관련거래,0,외국계증권사,B,SF205,각주항목(09.06월 이후)
49515,202206,0014595,아이엔지증권 서울지점,C14,파생상품계약_장내파생상품_일반상품관련거래,0,외국계증권사,B,SF205,각주항목(09.06월 이후)
49516,202206,0014595,아이엔지증권 서울지점,C15,파생상품계약_장내파생상품_기타,0,외국계증권사,B,SF205,각주항목(09.06월 이후)
49517,202206,0014595,아이엔지증권 서울지점,C2,파생상품계약_장외파생상품,0,외국계증권사,B,SF205,각주항목(09.06월 이후)
49518,202206,0014595,아이엔지증권 서울지점,C21,파생상품계약_장외파생상품_이자율관련거래,0,외국계증권사,B,SF205,각주항목(09.06월 이후)
49519,202206,0014595,아이엔지증권 서울지점,C22,파생상품계약_장외파생상품_통화관련거래,0,외국계증권사,B,SF205,각주항목(09.06월 이후)
49520,202206,0014595,아이엔지증권 서울지점,C23,파생상품계약_장외파생상품_주식관련거래,0,외국계증권사,B,SF205,각주항목(09.06월 이후)
49521,202206,0014595,아이엔지증권 서울지점,C24,파생상품계약_장외파생상품_신용관련거래,0,외국계증권사,B,SF205,각주항목(09.06월 이후)
49522,202206,0014595,아이엔지증권 서울지점,C25,파생상품계약_장외파생상품_기타,0,외국계증권사,B,SF205,각주항목(09.06월 이후)
49523,202206,0014595,아이엔지증권 서울지점,D,대차 및 대주거래,0,외국계증권사,B,SF205,각주항목(09.06월 이후)
49524,202206,0014595,아이엔지증권 서울지점,D1,대차 및 대주거래_대여증권,0,외국계증권사,B,SF205,각주항목(09.06월 이후)
49525,202206,0014595,아이엔지증권 서울지점,D2,대차 및 대주거래_차입증권,0,외국계증권사,B,SF205,각주항목(09.06월 이후)
49526,202206,0014595,아이엔지증권 서울지점,D3,대차 및 대주거래_신용거래대주, ,외국계증권사,B,SF205,각주항목(09.06월 이후)
49527,202206,0014595,아이엔지증권 서울지점,E,대손상각채권, ,외국계증권사,B,SF205,각주항목(09.06월 이후)
49528,202206,0014595,아이엔지증권 서울지점,F,환전업무 예치금,0,외국계증권사,B,SF205,각주항목(09.06월 이후)
49529,202206,0014595,아이엔지증권 서울지점,G,미배당별도예치금, ,외국계증권사,B,SF205,각주항목(09.06월 이후)
49530,202206,0014595,아이엔지증권 서울지점,H,배서어음매출(종금계정),0,외국계증권사,B,SF205,각주항목(09.06월 이후)
49531,202206,0014595,아이엔지증권 서울지점,H1,대출채권매매이익_담보부, ,외국계증권사,B,SF205,각주항목(09.06월 이후)
49532,202206,0014595,아이엔지증권 서울지점,H2,대출채권매매이익_무담보부, ,외국계증권사,B,SF205,각주항목(09.06월 이후)
49533,202209,0014595,아이엔지증권 서울지점,A,채무보증,0,외국계증권사,B,SF205,각주항목(09.06월 이후)
49534,202209,0014595,아이엔지증권 서울지점,A1,채무보증_지급보증,0,외국계증권사,B,SF205,각주항목(09.06월 이후)
49535,202209,0014595,아이엔지증권 서울지점,A2,채무보증_매입보장약정, ,외국계증권사,B,SF205,각주항목(09.06월 이후)
49536,202209,0014595,아이엔지증권 서울지점,A3,채무보증_채무인수약정, ,외국계증권사,B,SF205,각주항목(09.06월 이후)
49537,202209,0014595,아이엔지증권 서울지점,A5,채무보증_매입확약,0,외국계증권사,B,SF205,각주항목(09.06월 이후)
49538,202209,0014595,아이엔지증권 서울지점,A6,채무보증_기타, ,외국계증권사,B,SF205,각주항목(09.06월 이후)
49539,202209,0014595,아이엔지증권 서울지점,B,투자자의 예수증권 등,0,외국계증권사,B,SF205,각주항목(09.06월 이후)
49540,202209,0014595,아이엔지증권 서울지점,B1,투자자의 예수증권 등_예수 증권,0,외국계증권사,B,SF205,각주항목(09.06월 이후)
49541,202209,0014595,아이엔지증권 서울지점,B2,투자자의 예수증권 등_예수양도성예금증서, ,외국계증권사,B,SF205,각주항목(09.06월 이후)
49542,202209,0014595,아이엔지증권 서울지점,B3,투자자의 예수증권 등_기타, ,외국계증권사,B,SF205,각주항목(09.06월 이후)
49543,202209,0014595,아이엔지증권 서울지점,C,파생상품계약,0,외국계증권사,B,SF205,각주항목(09.06월 이후)
49544,202209,0014595,아이엔지증권 서울지점,C1,파생상품계약_장내파생상품,0,외국계증권사,B,SF205,각주항목(09.06월 이후)
49545,202209,0014595,아이엔지증권 서울지점,C11,파생상품계약_장내파생상품_이자율관련거래,0,외국계증권사,B,SF205,각주항목(09.06월 이후)
49546,202209,0014595,아이엔지증권 서울지점,C12,파생상품계약_장내파생상품_통화관련거래,0,외국계증권사,B,SF205,각주항목(09.06월 이후)
49547,202209,0014595,아이엔지증권 서울지점,C13,파생상품계약_장내파생상품_주식관련거래,0,외국계증권사,B,SF205,각주항목(09.06월 이후)
49548,202209,0014595,아이엔지증권 서울지점,C14,파생상품계약_장내파생상품_일반상품관련거래,0,외국계증권사,B,SF205,각주항목(09.06월 이후)
49549,202209,0014595,아이엔지증권 서울지점,C15,파생상품계약_장내파생상품_기타,0,외국계증권사,B,SF205,각주항목(09.06월 이후)
49550,202209,0014595,아이엔지증권 서울지점,C2,파생상품계약_장외파생상품,0,외국계증권사,B,SF205,각주항목(09.06월 이후)
49551,202209,0014595,아이엔지증권 서울지점,C21,파생상품계약_장외파생상품_이자율관련거래,0,외국계증권사,B,SF205,각주항목(09.06월 이후)
49552,202209,0014595,아이엔지증권 서울지점,C22,파생상품계약_장외파생상품_통화관련거래,0,외국계증권사,B,SF205,각주항목(09.06월 이후)
49553,202209,0014595,아이엔지증권 서울지점,C23,파생상품계약_장외파생상품_주식관련거래,0,외국계증권사,B,SF205,각주항목(09.06월 이후)
49554,202209,0014595,아이엔지증권 서울지점,C24,파생상품계약_장외파생상품_신용관련거래,0,외국계증권사,B,SF205,각주항목(09.06월 이후)
49555,202209,0014595,아이엔지증권 서울지점,C25,파생상품계약_장외파생상품_기타,0,외국계증권사,B,SF205,각주항목(09.06월 이후)
49556,202209,0014595,아이엔지증권 서울지점,D,대차 및 대주거래,0,외국계증권사,B,SF205,각주항목(09.06월 이후)
49557,202209,0014595,아이엔지증권 서울지점,D1,대차 및 대주거래_대여증권,0,외국계증권사,B,SF205,각주항목(09.06월 이후)
49558,202209,0014595,아이엔지증권 서울지점,D2,대차 및 대주거래_차입증권,0,외국계증권사,B,SF205,각주항목(09.06월 이후)
49559,202209,0014595,아이엔지증권 서울지점,D3,대차 및 대주거래_신용거래대주, ,외국계증권사,B,SF205,각주항목(09.06월 이후)
49560,202209,0014595,아이엔지증권 서울지점,E,대손상각채권, ,외국계증권사,B,SF205,각주항목(09.06월 이후)
49561,202209,0014595,아이엔지증권 서울지점,F,환전업무 예치금,0,외국계증권사,B,SF205,각주항목(09.06월 이후)
49562,202209,0014595,아이엔지증권 서울지점,G,미배당별도예치금, ,외국계증권사,B,SF205,각주항목(09.06월 이후)
49563,202209,0014595,아이엔지증권 서울지점,H,배서어음매출(종금계정),0,외국계증권사,B,SF205,각주항목(09.06월 이후)
49564,202209,0014595,아이엔지증권 서울지점,H1,대출채권매매이익_담보부, ,외국계증권사,B,SF205,각주항목(09.06월 이후)
49565,202209,0014595,아이엔지증권 서울지점,H2,대출채권매매이익_무담보부, ,외국계증권사,B,SF205,각주항목(09.06월 이후)
49566,202212,0014595,아이엔지증권 서울지점,A,채무보증,0,외국계증권사,B,SF205,각주항목(09.06월 이후)
49567,202212,0014595,아이엔지증권 서울지점,A1,채무보증_지급보증,0,외국계증권사,B,SF205,각주항목(09.06월 이후)
49568,202212,0014595,아이엔지증권 서울지점,A2,채무보증_매입보장약정, ,외국계증권사,B,SF205,각주항목(09.06월 이후)
49569,202212,0014595,아이엔지증권 서울지점,A3,채무보증_채무인수약정, ,외국계증권사,B,SF205,각주항목(09.06월 이후)
49570,202212,0014595,아이엔지증권 서울지점,A5,채무보증_매입확약,0,외국계증권사,B,SF205,각주항목(09.06월 이후)
49571,202212,0014595,아이엔지증권 서울지점,A6,채무보증_기타, ,외국계증권사,B,SF205,각주항목(09.06월 이후)
49572,202212,0014595,아이엔지증권 서울지점,B,투자자의 예수증권 등,0,외국계증권사,B,SF205,각주항목(09.06월 이후)
49573,202212,0014595,아이엔지증권 서울지점,B1,투자자의 예수증권 등_예수 증권,0,외국계증권사,B,SF205,각주항목(09.06월 이후)
49574,202212,0014595,아이엔지증권 서울지점,B2,투자자의 예수증권 등_예수양도성예금증서, ,외국계증권사,B,SF205,각주항목(09.06월 이후)
49575,202212,0014595,아이엔지증권 서울지점,B3,투자자의 예수증권 등_기타, ,외국계증권사,B,SF205,각주항목(09.06월 이후)
49576,202212,0014595,아이엔지증권 서울지점,C,파생상품계약,0,외국계증권사,B,SF205,각주항목(09.06월 이후)
49577,202212,0014595,아이엔지증권 서울지점,C1,파생상품계약_장내파생상품,0,외국계증권사,B,SF205,각주항목(09.06월 이후)
49578,202212,0014595,아이엔지증권 서울지점,C11,파생상품계약_장내파생상품_이자율관련거래,0,외국계증권사,B,SF205,각주항목(09.06월 이후)
49579,202212,0014595,아이엔지증권 서울지점,C12,파생상품계약_장내파생상품_통화관련거래,0,외국계증권사,B,SF205,각주항목(09.06월 이후)
49580,202212,0014595,아이엔지증권 서울지점,C13,파생상품계약_장내파생상품_주식관련거래,0,외국계증권사,B,SF205,각주항목(09.06월 이후)
49581,202212,0014595,아이엔지증권 서울지점,C14,파생상품계약_장내파생상품_일반상품관련거래,0,외국계증권사,B,SF205,각주항목(09.06월 이후)
49582,202212,0014595,아이엔지증권 서울지점,C15,파생상품계약_장내파생상품_기타,0,외국계증권사,B,SF205,각주항목(09.06월 이후)
49583,202212,0014595,아이엔지증권 서울지점,C2,파생상품계약_장외파생상품,0,외국계증권사,B,SF205,각주항목(09.06월 이후)
49584,202212,0014595,아이엔지증권 서울지점,C21,파생상품계약_장외파생상품_이자율관련거래,0,외국계증권사,B,SF205,각주항목(09.06월 이후)
49585,202212,0014595,아이엔지증권 서울지점,C22,파생상품계약_장외파생상품_통화관련거래,0,외국계증권사,B,SF205,각주항목(09.06월 이후)
49586,202212,0014595,아이엔지증권 서울지점,C23,파생상품계약_장외파생상품_주식관련거래,0,외국계증권사,B,SF205,각주항목(09.06월 이후)
49587,202212,0014595,아이엔지증권 서울지점,C24,파생상품계약_장외파생상품_신용관련거래,0,외국계증권사,B,SF205,각주항목(09.06월 이후)
49588,202212,0014595,아이엔지증권 서울지점,C25,파생상품계약_장외파생상품_기타,0,외국계증권사,B,SF205,각주항목(09.06월 이후)
49589,202212,0014595,아이엔지증권 서울지점,D,대차 및 대주거래,0,외국계증권사,B,SF205,각주항목(09.06월 이후)
49590,202212,0014595,아이엔지증권 서울지점,D1,대차 및 대주거래_대여증권,0,외국계증권사,B,SF205,각주항목(09.06월 이후)
49591,202212,0014595,아이엔지증권 서울지점,D2,대차 및 대주거래_차입증권,0,외국계증권사,B,SF205,각주항목(09.06월 이후)
49592,202212,0014595,아이엔지증권 서울지점,D3,대차 및 대주거래_신용거래대주, ,외국계증권사,B,SF205,각주항목(09.06월 이후)
49593,202212,0014595,아이엔지증권 서울지점,E,대손상각채권, ,외국계증권사,B,SF205,각주항목(09.06월 이후)
49594,202212,0014595,아이엔지증권 서울지점,F,환전업무 예치금,0,외국계증권사,B,SF205,각주항목(09.06월 이후)
49595,202212,0014595,아이엔지증권 서울지점,G,미배당별도예치금, ,외국계증권사,B,SF205,각주항목(09.06월 이후)
49596,202212,0014595,아이엔지증권 서울지점,H,배서어음매출(종금계정),0,외국계증권사,B,SF205,각주항목(09.06월 이후)
49597,202212,0014595,아이엔지증권 서울지점,H1,대출채권매매이익_담보부, ,외국계증권사,B,SF205,각주항목(09.06월 이후)
49598,202212,0014595,아이엔지증권 서울지점,H2,대출채권매매이익_무담보부, ,외국계증권사,B,SF205,각주항목(09.06월 이후)
49599,202303,0014595,아이엔지증권 서울지점,A,채무보증,0,외국계증권사,B,SF205,각주항목(09.06월 이후)
49600,202303,0014595,아이엔지증권 서울지점,A1,채무보증_지급보증,0,외국계증권사,B,SF205,각주항목(09.06월 이후)
49601,202303,0014595,아이엔지증권 서울지점,A2,채무보증_매입보장약정,0,외국계증권사,B,SF205,각주항목(09.06월 이후)
49602,202303,0014595,아이엔지증권 서울지점,A3,채무보증_채무인수약정,0,외국계증권사,B,SF205,각주항목(09.06월 이후)
49603,202303,0014595,아이엔지증권 서울지점,A5,채무보증_매입확약,0,외국계증권사,B,SF205,각주항목(09.06월 이후)
49604,202303,0014595,아이엔지증권 서울지점,A6,채무보증_기타,0,외국계증권사,B,SF205,각주항목(09.06월 이후)
49605,202303,0014595,아이엔지증권 서울지점,B,투자자의 예수증권 등,0,외국계증권사,B,SF205,각주항목(09.06월 이후)
49606,202303,0014595,아이엔지증권 서울지점,B1,투자자의 예수증권 등_예수 증권,0,외국계증권사,B,SF205,각주항목(09.06월 이후)
49607,202303,0014595,아이엔지증권 서울지점,B2,투자자의 예수증권 등_예수양도성예금증서,0,외국계증권사,B,SF205,각주항목(09.06월 이후)
49608,202303,0014595,아이엔지증권 서울지점,B3,투자자의 예수증권 등_기타,0,외국계증권사,B,SF205,각주항목(09.06월 이후)
49609,202303,0014595,아이엔지증권 서울지점,C,파생상품계약,0,외국계증권사,B,SF205,각주항목(09.06월 이후)
49610,202303,0014595,아이엔지증권 서울지점,C1,파생상품계약_장내파생상품,0,외국계증권사,B,SF205,각주항목(09.06월 이후)
49611,202303,0014595,아이엔지증권 서울지점,C11,파생상품계약_장내파생상품_이자율관련거래,0,외국계증권사,B,SF205,각주항목(09.06월 이후)
49612,202303,0014595,아이엔지증권 서울지점,C12,파생상품계약_장내파생상품_통화관련거래,0,외국계증권사,B,SF205,각주항목(09.06월 이후)
49613,202303,0014595,아이엔지증권 서울지점,C13,파생상품계약_장내파생상품_주식관련거래,0,외국계증권사,B,SF205,각주항목(09.06월 이후)
49614,202303,0014595,아이엔지증권 서울지점,C14,파생상품계약_장내파생상품_일반상품관련거래,0,외국계증권사,B,SF205,각주항목(09.06월 이후)
49615,202303,0014595,아이엔지증권 서울지점,C15,파생상품계약_장내파생상품_기타,0,외국계증권사,B,SF205,각주항목(09.06월 이후)
49616,202303,0014595,아이엔지증권 서울지점,C2,파생상품계약_장외파생상품,0,외국계증권사,B,SF205,각주항목(09.06월 이후)
49617,202303,0014595,아이엔지증권 서울지점,C21,파생상품계약_장외파생상품_이자율관련거래,0,외국계증권사,B,SF205,각주항목(09.06월 이후)
49618,202303,0014595,아이엔지증권 서울지점,C22,파생상품계약_장외파생상품_통화관련거래,0,외국계증권사,B,SF205,각주항목(09.06월 이후)
49619,202303,0014595,아이엔지증권 서울지점,C23,파생상품계약_장외파생상품_주식관련거래,0,외국계증권사,B,SF205,각주항목(09.06월 이후)
49620,202303,0014595,아이엔지증권 서울지점,C24,파생상품계약_장외파생상품_신용관련거래,0,외국계증권사,B,SF205,각주항목(09.06월 이후)
49621,202303,0014595,아이엔지증권 서울지점,C25,파생상품계약_장외파생상품_기타,0,외국계증권사,B,SF205,각주항목(09.06월 이후)
49622,202303,0014595,아이엔지증권 서울지점,D,대차 및 대주거래,0,외국계증권사,B,SF205,각주항목(09.06월 이후)
49623,202303,0014595,아이엔지증권 서울지점,D1,대차 및 대주거래_대여증권,0,외국계증권사,B,SF205,각주항목(09.06월 이후)
49624,202303,0014595,아이엔지증권 서울지점,D2,대차 및 대주거래_차입증권,0,외국계증권사,B,SF205,각주항목(09.06월 이후)
49625,202303,0014595,아이엔지증권 서울지점,D3,대차 및 대주거래_신용거래대주,0,외국계증권사,B,SF205,각주항목(09.06월 이후)
49626,202303,0014595,아이엔지증권 서울지점,E,대손상각채권,0,외국계증권사,B,SF205,각주항목(09.06월 이후)
49627,202303,0014595,아이엔지증권 서울지점,F,환전업무 예치금,0,외국계증권사,B,SF205,각주항목(09.06월 이후)
49628,202303,0014595,아이엔지증권 서울지점,G,미배당별도예치금,0,외국계증권사,B,SF205,각주항목(09.06월 이후)
49629,202303,0014595,아이엔지증권 서울지점,H,배서어음매출(종금계정),0,외국계증권사,B,SF205,각주항목(09.06월 이후)
49630,202303,0014595,아이엔지증권 서울지점,H1,대출채권매매이익_담보부,0,외국계증권사,B,SF205,각주항목(09.06월 이후)
49631,202303,0014595,아이엔지증권 서울지점,H2,대출채권매매이익_무담보부,0,외국계증권사,B,SF205,각주항목(09.06월 이후)
49632,202306,0014595,아이엔지증권 서울지점,A,채무보증,0,외국계증권사,B,SF205,각주항목(09.06월 이후)
49633,202306,0014595,아이엔지증권 서울지점,A1,채무보증_지급보증,0,외국계증권사,B,SF205,각주항목(09.06월 이후)
49634,202306,0014595,아이엔지증권 서울지점,A2,채무보증_매입보장약정,0,외국계증권사,B,SF205,각주항목(09.06월 이후)
49635,202306,0014595,아이엔지증권 서울지점,A3,채무보증_채무인수약정,0,외국계증권사,B,SF205,각주항목(09.06월 이후)
49636,202306,0014595,아이엔지증권 서울지점,A5,채무보증_매입확약,0,외국계증권사,B,SF205,각주항목(09.06월 이후)
49637,202306,0014595,아이엔지증권 서울지점,A6,채무보증_기타,0,외국계증권사,B,SF205,각주항목(09.06월 이후)
49638,202306,0014595,아이엔지증권 서울지점,B,투자자의 예수증권 등,0,외국계증권사,B,SF205,각주항목(09.06월 이후)
49639,202306,0014595,아이엔지증권 서울지점,B1,투자자의 예수증권 등_예수 증권,0,외국계증권사,B,SF205,각주항목(09.06월 이후)
49640,202306,0014595,아이엔지증권 서울지점,B2,투자자의 예수증권 등_예수양도성예금증서,0,외국계증권사,B,SF205,각주항목(09.06월 이후)
49641,202306,0014595,아이엔지증권 서울지점,B3,투자자의 예수증권 등_기타,0,외국계증권사,B,SF205,각주항목(09.06월 이후)
49642,202306,0014595,아이엔지증권 서울지점,C,파생상품계약,0,외국계증권사,B,SF205,각주항목(09.06월 이후)
49643,202306,0014595,아이엔지증권 서울지점,C1,파생상품계약_장내파생상품,0,외국계증권사,B,SF205,각주항목(09.06월 이후)
49644,202306,0014595,아이엔지증권 서울지점,C11,파생상품계약_장내파생상품_이자율관련거래,0,외국계증권사,B,SF205,각주항목(09.06월 이후)
49645,202306,0014595,아이엔지증권 서울지점,C12,파생상품계약_장내파생상품_통화관련거래,0,외국계증권사,B,SF205,각주항목(09.06월 이후)
49646,202306,0014595,아이엔지증권 서울지점,C13,파생상품계약_장내파생상품_주식관련거래,0,외국계증권사,B,SF205,각주항목(09.06월 이후)
49647,202306,0014595,아이엔지증권 서울지점,C14,파생상품계약_장내파생상품_일반상품관련거래,0,외국계증권사,B,SF205,각주항목(09.06월 이후)
49648,202306,0014595,아이엔지증권 서울지점,C15,파생상품계약_장내파생상품_기타,0,외국계증권사,B,SF205,각주항목(09.06월 이후)
49649,202306,0014595,아이엔지증권 서울지점,C2,파생상품계약_장외파생상품,0,외국계증권사,B,SF205,각주항목(09.06월 이후)
49650,202306,0014595,아이엔지증권 서울지점,C21,파생상품계약_장외파생상품_이자율관련거래,0,외국계증권사,B,SF205,각주항목(09.06월 이후)
49651,202306,0014595,아이엔지증권 서울지점,C22,파생상품계약_장외파생상품_통화관련거래,0,외국계증권사,B,SF205,각주항목(09.06월 이후)
49652,202306,0014595,아이엔지증권 서울지점,C23,파생상품계약_장외파생상품_주식관련거래,0,외국계증권사,B,SF205,각주항목(09.06월 이후)
49653,202306,0014595,아이엔지증권 서울지점,C24,파생상품계약_장외파생상품_신용관련거래,0,외국계증권사,B,SF205,각주항목(09.06월 이후)
49654,202306,0014595,아이엔지증권 서울지점,C25,파생상품계약_장외파생상품_기타,0,외국계증권사,B,SF205,각주항목(09.06월 이후)
49655,202306,0014595,아이엔지증권 서울지점,D,대차 및 대주거래,0,외국계증권사,B,SF205,각주항목(09.06월 이후)
49656,202306,0014595,아이엔지증권 서울지점,D1,대차 및 대주거래_대여증권,0,외국계증권사,B,SF205,각주항목(09.06월 이후)
49657,202306,0014595,아이엔지증권 서울지점,D2,대차 및 대주거래_차입증권,0,외국계증권사,B,SF205,각주항목(09.06월 이후)
49658,202306,0014595,아이엔지증권 서울지점,D3,대차 및 대주거래_신용거래대주,0,외국계증권사,B,SF205,각주항목(09.06월 이후)
49659,202306,0014595,아이엔지증권 서울지점,E,대손상각채권,0,외국계증권사,B,SF205,각주항목(09.06월 이후)
49660,202306,0014595,아이엔지증권 서울지점,F,환전업무 예치금,0,외국계증권사,B,SF205,각주항목(09.06월 이후)
49661,202306,0014595,아이엔지증권 서울지점,G,미배당별도예치금,0,외국계증권사,B,SF205,각주항목(09.06월 이후)
49662,202306,0014595,아이엔지증권 서울지점,H,배서어음매출(종금계정),0,외국계증권사,B,SF205,각주항목(09.06월 이후)
49663,202306,0014595,아이엔지증권 서울지점,H1,대출채권매매이익_담보부,0,외국계증권사,B,SF205,각주항목(09.06월 이후)
49664,202306,0014595,아이엔지증권 서울지점,H2,대출채권매매이익_무담보부,0,외국계증권사,B,SF205,각주항목(09.06월 이후)
49665,202309,0014595,아이엔지증권 서울지점,A,채무보증,0,외국계증권사,B,SF205,각주항목(09.06월 이후)
49666,202309,0014595,아이엔지증권 서울지점,A1,채무보증_지급보증,0,외국계증권사,B,SF205,각주항목(09.06월 이후)
49667,202309,0014595,아이엔지증권 서울지점,A2,채무보증_매입보장약정,0,외국계증권사,B,SF205,각주항목(09.06월 이후)
49668,202309,0014595,아이엔지증권 서울지점,A3,채무보증_채무인수약정,0,외국계증권사,B,SF205,각주항목(09.06월 이후)
49669,202309,0014595,아이엔지증권 서울지점,A5,채무보증_매입확약,0,외국계증권사,B,SF205,각주항목(09.06월 이후)
49670,202309,0014595,아이엔지증권 서울지점,A6,채무보증_기타,0,외국계증권사,B,SF205,각주항목(09.06월 이후)
49671,202309,0014595,아이엔지증권 서울지점,B,투자자의 예수증권 등,0,외국계증권사,B,SF205,각주항목(09.06월 이후)
49672,202309,0014595,아이엔지증권 서울지점,B1,투자자의 예수증권 등_예수 증권,0,외국계증권사,B,SF205,각주항목(09.06월 이후)
49673,202309,0014595,아이엔지증권 서울지점,B2,투자자의 예수증권 등_예수양도성예금증서,0,외국계증권사,B,SF205,각주항목(09.06월 이후)
49674,202309,0014595,아이엔지증권 서울지점,B3,투자자의 예수증권 등_기타,0,외국계증권사,B,SF205,각주항목(09.06월 이후)
49675,202309,0014595,아이엔지증권 서울지점,C,파생상품계약,0,외국계증권사,B,SF205,각주항목(09.06월 이후)
49676,202309,0014595,아이엔지증권 서울지점,C1,파생상품계약_장내파생상품,0,외국계증권사,B,SF205,각주항목(09.06월 이후)
49677,202309,0014595,아이엔지증권 서울지점,C11,파생상품계약_장내파생상품_이자율관련거래,0,외국계증권사,B,SF205,각주항목(09.06월 이후)
49678,202309,0014595,아이엔지증권 서울지점,C12,파생상품계약_장내파생상품_통화관련거래,0,외국계증권사,B,SF205,각주항목(09.06월 이후)
49679,202309,0014595,아이엔지증권 서울지점,C13,파생상품계약_장내파생상품_주식관련거래,0,외국계증권사,B,SF205,각주항목(09.06월 이후)
49680,202309,0014595,아이엔지증권 서울지점,C14,파생상품계약_장내파생상품_일반상품관련거래,0,외국계증권사,B,SF205,각주항목(09.06월 이후)
49681,202309,0014595,아이엔지증권 서울지점,C15,파생상품계약_장내파생상품_기타,0,외국계증권사,B,SF205,각주항목(09.06월 이후)
49682,202309,0014595,아이엔지증권 서울지점,C2,파생상품계약_장외파생상품,0,외국계증권사,B,SF205,각주항목(09.06월 이후)
49683,202309,0014595,아이엔지증권 서울지점,C21,파생상품계약_장외파생상품_이자율관련거래,0,외국계증권사,B,SF205,각주항목(09.06월 이후)
49684,202309,0014595,아이엔지증권 서울지점,C22,파생상품계약_장외파생상품_통화관련거래,0,외국계증권사,B,SF205,각주항목(09.06월 이후)
49685,202309,0014595,아이엔지증권 서울지점,C23,파생상품계약_장외파생상품_주식관련거래,0,외국계증권사,B,SF205,각주항목(09.06월 이후)
49686,202309,0014595,아이엔지증권 서울지점,C24,파생상품계약_장외파생상품_신용관련거래,0,외국계증권사,B,SF205,각주항목(09.06월 이후)
49687,202309,0014595,아이엔지증권 서울지점,C25,파생상품계약_장외파생상품_기타,0,외국계증권사,B,SF205,각주항목(09.06월 이후)
49688,202309,0014595,아이엔지증권 서울지점,D,대차 및 대주거래,0,외국계증권사,B,SF205,각주항목(09.06월 이후)
49689,202309,0014595,아이엔지증권 서울지점,D1,대차 및 대주거래_대여증권,0,외국계증권사,B,SF205,각주항목(09.06월 이후)
49690,202309,0014595,아이엔지증권 서울지점,D2,대차 및 대주거래_차입증권,0,외국계증권사,B,SF205,각주항목(09.06월 이후)
49691,202309,0014595,아이엔지증권 서울지점,D3,대차 및 대주거래_신용거래대주,0,외국계증권사,B,SF205,각주항목(09.06월 이후)
49692,202309,0014595,아이엔지증권 서울지점,E,대손상각채권,0,외국계증권사,B,SF205,각주항목(09.06월 이후)
49693,202309,0014595,아이엔지증권 서울지점,F,환전업무 예치금,0,외국계증권사,B,SF205,각주항목(09.06월 이후)
49694,202309,0014595,아이엔지증권 서울지점,G,미배당별도예치금,0,외국계증권사,B,SF205,각주항목(09.06월 이후)
49695,202309,0014595,아이엔지증권 서울지점,H,배서어음매출(종금계정),0,외국계증권사,B,SF205,각주항목(09.06월 이후)
49696,202309,0014595,아이엔지증권 서울지점,H1,대출채권매매이익_담보부,0,외국계증권사,B,SF205,각주항목(09.06월 이후)
49697,202309,0014595,아이엔지증권 서울지점,H2,대출채권매매이익_무담보부,0,외국계증권사,B,SF205,각주항목(09.06월 이후)
49698,202312,0014595,아이엔지증권 서울지점,A,채무보증,0,외국계증권사,B,SF205,각주항목(09.06월 이후)
49699,202312,0014595,아이엔지증권 서울지점,A1,채무보증_지급보증,0,외국계증권사,B,SF205,각주항목(09.06월 이후)
49700,202312,0014595,아이엔지증권 서울지점,A2,채무보증_매입보장약정,0,외국계증권사,B,SF205,각주항목(09.06월 이후)
49701,202312,0014595,아이엔지증권 서울지점,A3,채무보증_채무인수약정,0,외국계증권사,B,SF205,각주항목(09.06월 이후)
49702,202312,0014595,아이엔지증권 서울지점,A5,채무보증_매입확약,0,외국계증권사,B,SF205,각주항목(09.06월 이후)
49703,202312,0014595,아이엔지증권 서울지점,A6,채무보증_기타,0,외국계증권사,B,SF205,각주항목(09.06월 이후)
49704,202312,0014595,아이엔지증권 서울지점,B,투자자의 예수증권 등,0,외국계증권사,B,SF205,각주항목(09.06월 이후)
49705,202312,0014595,아이엔지증권 서울지점,B1,투자자의 예수증권 등_예수 증권,0,외국계증권사,B,SF205,각주항목(09.06월 이후)
49706,202312,0014595,아이엔지증권 서울지점,B2,투자자의 예수증권 등_예수양도성예금증서,0,외국계증권사,B,SF205,각주항목(09.06월 이후)
49707,202312,0014595,아이엔지증권 서울지점,B3,투자자의 예수증권 등_기타,0,외국계증권사,B,SF205,각주항목(09.06월 이후)
49708,202312,0014595,아이엔지증권 서울지점,C,파생상품계약,0,외국계증권사,B,SF205,각주항목(09.06월 이후)
49709,202312,0014595,아이엔지증권 서울지점,C1,파생상품계약_장내파생상품,0,외국계증권사,B,SF205,각주항목(09.06월 이후)
49710,202312,0014595,아이엔지증권 서울지점,C11,파생상품계약_장내파생상품_이자율관련거래,0,외국계증권사,B,SF205,각주항목(09.06월 이후)
49711,202312,0014595,아이엔지증권 서울지점,C12,파생상품계약_장내파생상품_통화관련거래,0,외국계증권사,B,SF205,각주항목(09.06월 이후)
49712,202312,0014595,아이엔지증권 서울지점,C13,파생상품계약_장내파생상품_주식관련거래,0,외국계증권사,B,SF205,각주항목(09.06월 이후)
49713,202312,0014595,아이엔지증권 서울지점,C14,파생상품계약_장내파생상품_일반상품관련거래,0,외국계증권사,B,SF205,각주항목(09.06월 이후)
49714,202312,0014595,아이엔지증권 서울지점,C15,파생상품계약_장내파생상품_기타,0,외국계증권사,B,SF205,각주항목(09.06월 이후)
49715,202312,0014595,아이엔지증권 서울지점,C2,파생상품계약_장외파생상품,0,외국계증권사,B,SF205,각주항목(09.06월 이후)
49716,202312,0014595,아이엔지증권 서울지점,C21,파생상품계약_장외파생상품_이자율관련거래,0,외국계증권사,B,SF205,각주항목(09.06월 이후)
49717,202312,0014595,아이엔지증권 서울지점,C22,파생상품계약_장외파생상품_통화관련거래,0,외국계증권사,B,SF205,각주항목(09.06월 이후)
49718,202312,0014595,아이엔지증권 서울지점,C23,파생상품계약_장외파생상품_주식관련거래,0,외국계증권사,B,SF205,각주항목(09.06월 이후)
49719,202312,0014595,아이엔지증권 서울지점,C24,파생상품계약_장외파생상품_신용관련거래,0,외국계증권사,B,SF205,각주항목(09.06월 이후)
49720,202312,0014595,아이엔지증권 서울지점,C25,파생상품계약_장외파생상품_기타,0,외국계증권사,B,SF205,각주항목(09.06월 이후)
49721,202312,0014595,아이엔지증권 서울지점,D,대차 및 대주거래,0,외국계증권사,B,SF205,각주항목(09.06월 이후)
49722,202312,0014595,아이엔지증권 서울지점,D1,대차 및 대주거래_대여증권,0,외국계증권사,B,SF205,각주항목(09.06월 이후)
49723,202312,0014595,아이엔지증권 서울지점,D2,대차 및 대주거래_차입증권,0,외국계증권사,B,SF205,각주항목(09.06월 이후)
49724,202312,0014595,아이엔지증권 서울지점,D3,대차 및 대주거래_신용거래대주,0,외국계증권사,B,SF205,각주항목(09.06월 이후)
49725,202312,0014595,아이엔지증권 서울지점,E,대손상각채권,0,외국계증권사,B,SF205,각주항목(09.06월 이후)
49726,202312,0014595,아이엔지증권 서울지점,F,환전업무 예치금,0,외국계증권사,B,SF205,각주항목(09.06월 이후)
49727,202312,0014595,아이엔지증권 서울지점,G,미배당별도예치금,0,외국계증권사,B,SF205,각주항목(09.06월 이후)
49728,202312,0014595,아이엔지증권 서울지점,H,배서어음매출(종금계정),0,외국계증권사,B,SF205,각주항목(09.06월 이후)
49729,202312,0014595,아이엔지증권 서울지점,H1,대출채권매매이익_담보부,0,외국계증권사,B,SF205,각주항목(09.06월 이후)
49730,202312,0014595,아이엔지증권 서울지점,H2,대출채권매매이익_무담보부,0,외국계증권사,B,SF205,각주항목(09.06월 이후)
49731,202403,0014595,아이엔지증권 서울지점,A,채무보증,0,외국계증권사,B,SF205,각주항목(09.06월 이후)
49732,202403,0014595,아이엔지증권 서울지점,A1,채무보증_지급보증,0,외국계증권사,B,SF205,각주항목(09.06월 이후)
49733,202403,0014595,아이엔지증권 서울지점,A2,채무보증_매입보장약정,0,외국계증권사,B,SF205,각주항목(09.06월 이후)
49734,202403,0014595,아이엔지증권 서울지점,A3,채무보증_채무인수약정,0,외국계증권사,B,SF205,각주항목(09.06월 이후)
49735,202403,0014595,아이엔지증권 서울지점,A5,채무보증_매입확약,0,외국계증권사,B,SF205,각주항목(09.06월 이후)
49736,202403,0014595,아이엔지증권 서울지점,A6,채무보증_기타,0,외국계증권사,B,SF205,각주항목(09.06월 이후)
49737,202403,0014595,아이엔지증권 서울지점,B,투자자의 예수증권 등,0,외국계증권사,B,SF205,각주항목(09.06월 이후)
49738,202403,0014595,아이엔지증권 서울지점,B1,투자자의 예수증권 등_예수 증권,0,외국계증권사,B,SF205,각주항목(09.06월 이후)
49739,202403,0014595,아이엔지증권 서울지점,B2,투자자의 예수증권 등_예수양도성예금증서,0,외국계증권사,B,SF205,각주항목(09.06월 이후)
49740,202403,0014595,아이엔지증권 서울지점,B3,투자자의 예수증권 등_기타,0,외국계증권사,B,SF205,각주항목(09.06월 이후)
49741,202403,0014595,아이엔지증권 서울지점,C,파생상품계약,0,외국계증권사,B,SF205,각주항목(09.06월 이후)
49742,202403,0014595,아이엔지증권 서울지점,C1,파생상품계약_장내파생상품,0,외국계증권사,B,SF205,각주항목(09.06월 이후)
49743,202403,0014595,아이엔지증권 서울지점,C11,파생상품계약_장내파생상품_이자율관련거래,0,외국계증권사,B,SF205,각주항목(09.06월 이후)
49744,202403,0014595,아이엔지증권 서울지점,C12,파생상품계약_장내파생상품_통화관련거래,0,외국계증권사,B,SF205,각주항목(09.06월 이후)
49745,202403,0014595,아이엔지증권 서울지점,C13,파생상품계약_장내파생상품_주식관련거래,0,외국계증권사,B,SF205,각주항목(09.06월 이후)
49746,202403,0014595,아이엔지증권 서울지점,C14,파생상품계약_장내파생상품_일반상품관련거래,0,외국계증권사,B,SF205,각주항목(09.06월 이후)
49747,202403,0014595,아이엔지증권 서울지점,C15,파생상품계약_장내파생상품_기타,0,외국계증권사,B,SF205,각주항목(09.06월 이후)
49748,202403,0014595,아이엔지증권 서울지점,C2,파생상품계약_장외파생상품,0,외국계증권사,B,SF205,각주항목(09.06월 이후)
49749,202403,0014595,아이엔지증권 서울지점,C21,파생상품계약_장외파생상품_이자율관련거래,0,외국계증권사,B,SF205,각주항목(09.06월 이후)
49750,202403,0014595,아이엔지증권 서울지점,C22,파생상품계약_장외파생상품_통화관련거래,0,외국계증권사,B,SF205,각주항목(09.06월 이후)
49751,202403,0014595,아이엔지증권 서울지점,C23,파생상품계약_장외파생상품_주식관련거래,0,외국계증권사,B,SF205,각주항목(09.06월 이후)
49752,202403,0014595,아이엔지증권 서울지점,C24,파생상품계약_장외파생상품_신용관련거래,0,외국계증권사,B,SF205,각주항목(09.06월 이후)
49753,202403,0014595,아이엔지증권 서울지점,C25,파생상품계약_장외파생상품_기타,0,외국계증권사,B,SF205,각주항목(09.06월 이후)
49754,202403,0014595,아이엔지증권 서울지점,D,대차 및 대주거래,0,외국계증권사,B,SF205,각주항목(09.06월 이후)
49755,202403,0014595,아이엔지증권 서울지점,D1,대차 및 대주거래_대여증권,0,외국계증권사,B,SF205,각주항목(09.06월 이후)
49756,202403,0014595,아이엔지증권 서울지점,D2,대차 및 대주거래_차입증권,0,외국계증권사,B,SF205,각주항목(09.06월 이후)
49757,202403,0014595,아이엔지증권 서울지점,D3,대차 및 대주거래_신용거래대주,0,외국계증권사,B,SF205,각주항목(09.06월 이후)
49758,202403,0014595,아이엔지증권 서울지점,E,대손상각채권,0,외국계증권사,B,SF205,각주항목(09.06월 이후)
49759,202403,0014595,아이엔지증권 서울지점,F,환전업무 예치금,0,외국계증권사,B,SF205,각주항목(09.06월 이후)
49760,202403,0014595,아이엔지증권 서울지점,G,미배당별도예치금,0,외국계증권사,B,SF205,각주항목(09.06월 이후)
49761,202403,0014595,아이엔지증권 서울지점,H,배서어음매출(종금계정),0,외국계증권사,B,SF205,각주항목(09.06월 이후)
49762,202403,0014595,아이엔지증권 서울지점,H1,대출채권매매이익_담보부,0,외국계증권사,B,SF205,각주항목(09.06월 이후)
49763,202403,0014595,아이엔지증권 서울지점,H2,대출채권매매이익_무담보부,0,외국계증권사,B,SF205,각주항목(09.06월 이후)
49764,202406,0014595,아이엔지증권 서울지점,A,채무보증,0,외국계증권사,B,SF205,각주항목(09.06월 이후)
49765,202406,0014595,아이엔지증권 서울지점,A1,채무보증_지급보증,0,외국계증권사,B,SF205,각주항목(09.06월 이후)
49766,202406,0014595,아이엔지증권 서울지점,A2,채무보증_매입보장약정,0,외국계증권사,B,SF205,각주항목(09.06월 이후)
49767,202406,0014595,아이엔지증권 서울지점,A3,채무보증_채무인수약정,0,외국계증권사,B,SF205,각주항목(09.06월 이후)
49768,202406,0014595,아이엔지증권 서울지점,A5,채무보증_매입확약,0,외국계증권사,B,SF205,각주항목(09.06월 이후)
49769,202406,0014595,아이엔지증권 서울지점,A6,채무보증_기타,0,외국계증권사,B,SF205,각주항목(09.06월 이후)
49770,202406,0014595,아이엔지증권 서울지점,B,투자자의 예수증권 등,0,외국계증권사,B,SF205,각주항목(09.06월 이후)
49771,202406,0014595,아이엔지증권 서울지점,B1,투자자의 예수증권 등_예수 증권,0,외국계증권사,B,SF205,각주항목(09.06월 이후)
49772,202406,0014595,아이엔지증권 서울지점,B2,투자자의 예수증권 등_예수양도성예금증서,0,외국계증권사,B,SF205,각주항목(09.06월 이후)
49773,202406,0014595,아이엔지증권 서울지점,B3,투자자의 예수증권 등_기타,0,외국계증권사,B,SF205,각주항목(09.06월 이후)
49774,202406,0014595,아이엔지증권 서울지점,C,파생상품계약,0,외국계증권사,B,SF205,각주항목(09.06월 이후)
49775,202406,0014595,아이엔지증권 서울지점,C1,파생상품계약_장내파생상품,0,외국계증권사,B,SF205,각주항목(09.06월 이후)
49776,202406,0014595,아이엔지증권 서울지점,C11,파생상품계약_장내파생상품_이자율관련거래,0,외국계증권사,B,SF205,각주항목(09.06월 이후)
49777,202406,0014595,아이엔지증권 서울지점,C12,파생상품계약_장내파생상품_통화관련거래,0,외국계증권사,B,SF205,각주항목(09.06월 이후)
49778,202406,0014595,아이엔지증권 서울지점,C13,파생상품계약_장내파생상품_주식관련거래,0,외국계증권사,B,SF205,각주항목(09.06월 이후)
49779,202406,0014595,아이엔지증권 서울지점,C14,파생상품계약_장내파생상품_일반상품관련거래,0,외국계증권사,B,SF205,각주항목(09.06월 이후)
49780,202406,0014595,아이엔지증권 서울지점,C15,파생상품계약_장내파생상품_기타,0,외국계증권사,B,SF205,각주항목(09.06월 이후)
49781,202406,0014595,아이엔지증권 서울지점,C2,파생상품계약_장외파생상품,0,외국계증권사,B,SF205,각주항목(09.06월 이후)
49782,202406,0014595,아이엔지증권 서울지점,C21,파생상품계약_장외파생상품_이자율관련거래,0,외국계증권사,B,SF205,각주항목(09.06월 이후)
49783,202406,0014595,아이엔지증권 서울지점,C22,파생상품계약_장외파생상품_통화관련거래,0,외국계증권사,B,SF205,각주항목(09.06월 이후)
49784,202406,0014595,아이엔지증권 서울지점,C23,파생상품계약_장외파생상품_주식관련거래,0,외국계증권사,B,SF205,각주항목(09.06월 이후)
49785,202406,0014595,아이엔지증권 서울지점,C24,파생상품계약_장외파생상품_신용관련거래,0,외국계증권사,B,SF205,각주항목(09.06월 이후)
49786,202406,0014595,아이엔지증권 서울지점,C25,파생상품계약_장외파생상품_기타,0,외국계증권사,B,SF205,각주항목(09.06월 이후)
49787,202406,0014595,아이엔지증권 서울지점,D,대차 및 대주거래,0,외국계증권사,B,SF205,각주항목(09.06월 이후)
49788,202406,0014595,아이엔지증권 서울지점,D1,대차 및 대주거래_대여증권,0,외국계증권사,B,SF205,각주항목(09.06월 이후)
49789,202406,0014595,아이엔지증권 서울지점,D2,대차 및 대주거래_차입증권,0,외국계증권사,B,SF205,각주항목(09.06월 이후)
49790,202406,0014595,아이엔지증권 서울지점,D3,대차 및 대주거래_신용거래대주,0,외국계증권사,B,SF205,각주항목(09.06월 이후)
49791,202406,0014595,아이엔지증권 서울지점,E,대손상각채권,0,외국계증권사,B,SF205,각주항목(09.06월 이후)
49792,202406,0014595,아이엔지증권 서울지점,F,환전업무 예치금,0,외국계증권사,B,SF205,각주항목(09.06월 이후)
49793,202406,0014595,아이엔지증권 서울지점,G,미배당별도예치금,0,외국계증권사,B,SF205,각주항목(09.06월 이후)
49794,202406,0014595,아이엔지증권 서울지점,H,배서어음매출(종금계정),0,외국계증권사,B,SF205,각주항목(09.06월 이후)
49795,202406,0014595,아이엔지증권 서울지점,H1,대출채권매매이익_담보부,0,외국계증권사,B,SF205,각주항목(09.06월 이후)
49796,202406,0014595,아이엔지증권 서울지점,H2,대출채권매매이익_무담보부,0,외국계증권사,B,SF205,각주항목(09.06월 이후)
49797,202409,0014595,아이엔지증권 서울지점,A,채무보증,0,외국계증권사,B,SF205,각주항목(09.06월 이후)
49798,202409,0014595,아이엔지증권 서울지점,A1,채무보증_지급보증,0,외국계증권사,B,SF205,각주항목(09.06월 이후)
49799,202409,0014595,아이엔지증권 서울지점,A2,채무보증_매입보장약정,0,외국계증권사,B,SF205,각주항목(09.06월 이후)
49800,202409,0014595,아이엔지증권 서울지점,A3,채무보증_채무인수약정,0,외국계증권사,B,SF205,각주항목(09.06월 이후)
49801,202409,0014595,아이엔지증권 서울지점,A5,채무보증_매입확약,0,외국계증권사,B,SF205,각주항목(09.06월 이후)
49802,202409,0014595,아이엔지증권 서울지점,A6,채무보증_기타,0,외국계증권사,B,SF205,각주항목(09.06월 이후)
49803,202409,0014595,아이엔지증권 서울지점,B,투자자의 예수증권 등,0,외국계증권사,B,SF205,각주항목(09.06월 이후)
49804,202409,0014595,아이엔지증권 서울지점,B1,투자자의 예수증권 등_예수 증권,0,외국계증권사,B,SF205,각주항목(09.06월 이후)
49805,202409,0014595,아이엔지증권 서울지점,B2,투자자의 예수증권 등_예수양도성예금증서,0,외국계증권사,B,SF205,각주항목(09.06월 이후)
49806,202409,0014595,아이엔지증권 서울지점,B3,투자자의 예수증권 등_기타,0,외국계증권사,B,SF205,각주항목(09.06월 이후)
49807,202409,0014595,아이엔지증권 서울지점,C,파생상품계약,0,외국계증권사,B,SF205,각주항목(09.06월 이후)
49808,202409,0014595,아이엔지증권 서울지점,C1,파생상품계약_장내파생상품,0,외국계증권사,B,SF205,각주항목(09.06월 이후)
49809,202409,0014595,아이엔지증권 서울지점,C11,파생상품계약_장내파생상품_이자율관련거래,0,외국계증권사,B,SF205,각주항목(09.06월 이후)
49810,202409,0014595,아이엔지증권 서울지점,C12,파생상품계약_장내파생상품_통화관련거래,0,외국계증권사,B,SF205,각주항목(09.06월 이후)
49811,202409,0014595,아이엔지증권 서울지점,C13,파생상품계약_장내파생상품_주식관련거래,0,외국계증권사,B,SF205,각주항목(09.06월 이후)
49812,202409,0014595,아이엔지증권 서울지점,C14,파생상품계약_장내파생상품_일반상품관련거래,0,외국계증권사,B,SF205,각주항목(09.06월 이후)
49813,202409,0014595,아이엔지증권 서울지점,C15,파생상품계약_장내파생상품_기타,0,외국계증권사,B,SF205,각주항목(09.06월 이후)
49814,202409,0014595,아이엔지증권 서울지점,C2,파생상품계약_장외파생상품,0,외국계증권사,B,SF205,각주항목(09.06월 이후)
49815,202409,0014595,아이엔지증권 서울지점,C21,파생상품계약_장외파생상품_이자율관련거래,0,외국계증권사,B,SF205,각주항목(09.06월 이후)
49816,202409,0014595,아이엔지증권 서울지점,C22,파생상품계약_장외파생상품_통화관련거래,0,외국계증권사,B,SF205,각주항목(09.06월 이후)
49817,202409,0014595,아이엔지증권 서울지점,C23,파생상품계약_장외파생상품_주식관련거래,0,외국계증권사,B,SF205,각주항목(09.06월 이후)
49818,202409,0014595,아이엔지증권 서울지점,C24,파생상품계약_장외파생상품_신용관련거래,0,외국계증권사,B,SF205,각주항목(09.06월 이후)
49819,202409,0014595,아이엔지증권 서울지점,C25,파생상품계약_장외파생상품_기타,0,외국계증권사,B,SF205,각주항목(09.06월 이후)
49820,202409,0014595,아이엔지증권 서울지점,D,대차 및 대주거래,0,외국계증권사,B,SF205,각주항목(09.06월 이후)
49821,202409,0014595,아이엔지증권 서울지점,D1,대차 및 대주거래_대여증권,0,외국계증권사,B,SF205,각주항목(09.06월 이후)
49822,202409,0014595,아이엔지증권 서울지점,D2,대차 및 대주거래_차입증권,0,외국계증권사,B,SF205,각주항목(09.06월 이후)
49823,202409,0014595,아이엔지증권 서울지점,D3,대차 및 대주거래_신용거래대주,0,외국계증권사,B,SF205,각주항목(09.06월 이후)
49824,202409,0014595,아이엔지증권 서울지점,E,대손상각채권,0,외국계증권사,B,SF205,각주항목(09.06월 이후)
49825,202409,0014595,아이엔지증권 서울지점,F,환전업무 예치금,0,외국계증권사,B,SF205,각주항목(09.06월 이후)
49826,202409,0014595,아이엔지증권 서울지점,G,미배당별도예치금,0,외국계증권사,B,SF205,각주항목(09.06월 이후)
49827,202409,0014595,아이엔지증권 서울지점,H,배서어음매출(종금계정),0,외국계증권사,B,SF205,각주항목(09.06월 이후)
49828,202409,0014595,아이엔지증권 서울지점,H1,대출채권매매이익_담보부,0,외국계증권사,B,SF205,각주항목(09.06월 이후)
49829,202409,0014595,아이엔지증권 서울지점,H2,대출채권매매이익_무담보부,0,외국계증권사,B,SF205,각주항목(09.06월 이후)
49830,202412,0014595,아이엔지증권 서울지점,A,채무보증,0,외국계증권사,B,SF205,각주항목(09.06월 이후)
49831,202412,0014595,아이엔지증권 서울지점,A1,채무보증_지급보증,0,외국계증권사,B,SF205,각주항목(09.06월 이후)
49832,202412,0014595,아이엔지증권 서울지점,A2,채무보증_매입보장약정, ,외국계증권사,B,SF205,각주항목(09.06월 이후)
49833,202412,0014595,아이엔지증권 서울지점,A3,채무보증_채무인수약정, ,외국계증권사,B,SF205,각주항목(09.06월 이후)
49834,202412,0014595,아이엔지증권 서울지점,A5,채무보증_매입확약,0,외국계증권사,B,SF205,각주항목(09.06월 이후)
49835,202412,0014595,아이엔지증권 서울지점,A6,채무보증_기타, ,외국계증권사,B,SF205,각주항목(09.06월 이후)
49836,202412,0014595,아이엔지증권 서울지점,B,투자자의 예수증권 등,0,외국계증권사,B,SF205,각주항목(09.06월 이후)
49837,202412,0014595,아이엔지증권 서울지점,B1,투자자의 예수증권 등_예수 증권,0,외국계증권사,B,SF205,각주항목(09.06월 이후)
49838,202412,0014595,아이엔지증권 서울지점,B2,투자자의 예수증권 등_예수양도성예금증서, ,외국계증권사,B,SF205,각주항목(09.06월 이후)
49839,202412,0014595,아이엔지증권 서울지점,B3,투자자의 예수증권 등_기타, ,외국계증권사,B,SF205,각주항목(09.06월 이후)
49840,202412,0014595,아이엔지증권 서울지점,C,파생상품계약,0,외국계증권사,B,SF205,각주항목(09.06월 이후)
49841,202412,0014595,아이엔지증권 서울지점,C1,파생상품계약_장내파생상품,0,외국계증권사,B,SF205,각주항목(09.06월 이후)
49842,202412,0014595,아이엔지증권 서울지점,C11,파생상품계약_장내파생상품_이자율관련거래,0,외국계증권사,B,SF205,각주항목(09.06월 이후)
49843,202412,0014595,아이엔지증권 서울지점,C12,파생상품계약_장내파생상품_통화관련거래,0,외국계증권사,B,SF205,각주항목(09.06월 이후)
49844,202412,0014595,아이엔지증권 서울지점,C13,파생상품계약_장내파생상품_주식관련거래,0,외국계증권사,B,SF205,각주항목(09.06월 이후)
49845,202412,0014595,아이엔지증권 서울지점,C14,파생상품계약_장내파생상품_일반상품관련거래,0,외국계증권사,B,SF205,각주항목(09.06월 이후)
49846,202412,0014595,아이엔지증권 서울지점,C15,파생상품계약_장내파생상품_기타,0,외국계증권사,B,SF205,각주항목(09.06월 이후)
49847,202412,0014595,아이엔지증권 서울지점,C2,파생상품계약_장외파생상품,0,외국계증권사,B,SF205,각주항목(09.06월 이후)
49848,202412,0014595,아이엔지증권 서울지점,C21,파생상품계약_장외파생상품_이자율관련거래,0,외국계증권사,B,SF205,각주항목(09.06월 이후)
49849,202412,0014595,아이엔지증권 서울지점,C22,파생상품계약_장외파생상품_통화관련거래,0,외국계증권사,B,SF205,각주항목(09.06월 이후)
49850,202412,0014595,아이엔지증권 서울지점,C23,파생상품계약_장외파생상품_주식관련거래,0,외국계증권사,B,SF205,각주항목(09.06월 이후)
49851,202412,0014595,아이엔지증권 서울지점,C24,파생상품계약_장외파생상품_신용관련거래,0,외국계증권사,B,SF205,각주항목(09.06월 이후)
49852,202412,0014595,아이엔지증권 서울지점,C25,파생상품계약_장외파생상품_기타,0,외국계증권사,B,SF205,각주항목(09.06월 이후)
49853,202412,0014595,아이엔지증권 서울지점,D,대차 및 대주거래,0,외국계증권사,B,SF205,각주항목(09.06월 이후)
49854,202412,0014595,아이엔지증권 서울지점,D1,대차 및 대주거래_대여증권,0,외국계증권사,B,SF205,각주항목(09.06월 이후)
49855,202412,0014595,아이엔지증권 서울지점,D2,대차 및 대주거래_차입증권,0,외국계증권사,B,SF205,각주항목(09.06월 이후)
49856,202412,0014595,아이엔지증권 서울지점,D3,대차 및 대주거래_신용거래대주,0,외국계증권사,B,SF205,각주항목(09.06월 이후)
49857,202412,0014595,아이엔지증권 서울지점,E,대손상각채권,0,외국계증권사,B,SF205,각주항목(09.06월 이후)
49858,202412,0014595,아이엔지증권 서울지점,F,환전업무 예치금,0,외국계증권사,B,SF205,각주항목(09.06월 이후)
49859,202412,0014595,아이엔지증권 서울지점,G,미배당별도예치금,0,외국계증권사,B,SF205,각주항목(09.06월 이후)
49860,202412,0014595,아이엔지증권 서울지점,H,배서어음매출(종금계정),0,외국계증권사,B,SF205,각주항목(09.06월 이후)
49861,202412,0014595,아이엔지증권 서울지점,H1,대출채권매매이익_담보부,0,외국계증권사,B,SF205,각주항목(09.06월 이후)
49862,202412,0014595,아이엔지증권 서울지점,H2,대출채권매매이익_무담보부,0,외국계증권사,B,SF205,각주항목(09.06월 이후)
49863,201703,0011612,유비에스증권리미티드서울지점,A,채무보증,0,외국계증권사,B,SF205,각주항목(09.06월 이후)
49864,201703,0011612,유비에스증권리미티드서울지점,A1,채무보증_지급보증,0,외국계증권사,B,SF205,각주항목(09.06월 이후)
49865,201703,0011612,유비에스증권리미티드서울지점,A2,채무보증_매입보장약정,0,외국계증권사,B,SF205,각주항목(09.06월 이후)
49866,201703,0011612,유비에스증권리미티드서울지점,A3,채무보증_채무인수약정,0,외국계증권사,B,SF205,각주항목(09.06월 이후)
49867,201703,0011612,유비에스증권리미티드서울지점,A5,채무보증_매입확약,0,외국계증권사,B,SF205,각주항목(09.06월 이후)
49868,201703,0011612,유비에스증권리미티드서울지점,A6,채무보증_기타,0,외국계증권사,B,SF205,각주항목(09.06월 이후)
49869,201703,0011612,유비에스증권리미티드서울지점,B,투자자의 예수증권 등,64164500000,외국계증권사,B,SF205,각주항목(09.06월 이후)
49870,201703,0011612,유비에스증권리미티드서울지점,B1,투자자의 예수증권 등_예수 증권,64164500000,외국계증권사,B,SF205,각주항목(09.06월 이후)
49871,201703,0011612,유비에스증권리미티드서울지점,B2,투자자의 예수증권 등_예수양도성예금증서,0,외국계증권사,B,SF205,각주항목(09.06월 이후)
49872,201703,0011612,유비에스증권리미티드서울지점,B3,투자자의 예수증권 등_기타,0,외국계증권사,B,SF205,각주항목(09.06월 이후)
49873,201703,0011612,유비에스증권리미티드서울지점,C,파생상품계약,0,외국계증권사,B,SF205,각주항목(09.06월 이후)
49874,201703,0011612,유비에스증권리미티드서울지점,C1,파생상품계약_장내파생상품,0,외국계증권사,B,SF205,각주항목(09.06월 이후)
49875,201703,0011612,유비에스증권리미티드서울지점,C11,파생상품계약_장내파생상품_이자율관련거래,0,외국계증권사,B,SF205,각주항목(09.06월 이후)
49876,201703,0011612,유비에스증권리미티드서울지점,C12,파생상품계약_장내파생상품_통화관련거래,0,외국계증권사,B,SF205,각주항목(09.06월 이후)
49877,201703,0011612,유비에스증권리미티드서울지점,C13,파생상품계약_장내파생상품_주식관련거래,0,외국계증권사,B,SF205,각주항목(09.06월 이후)
49878,201703,0011612,유비에스증권리미티드서울지점,C14,파생상품계약_장내파생상품_일반상품관련거래,0,외국계증권사,B,SF205,각주항목(09.06월 이후)
49879,201703,0011612,유비에스증권리미티드서울지점,C15,파생상품계약_장내파생상품_기타,0,외국계증권사,B,SF205,각주항목(09.06월 이후)
49880,201703,0011612,유비에스증권리미티드서울지점,C2,파생상품계약_장외파생상품,0,외국계증권사,B,SF205,각주항목(09.06월 이후)
49881,201703,0011612,유비에스증권리미티드서울지점,C21,파생상품계약_장외파생상품_이자율관련거래,0,외국계증권사,B,SF205,각주항목(09.06월 이후)
49882,201703,0011612,유비에스증권리미티드서울지점,C22,파생상품계약_장외파생상품_통화관련거래,0,외국계증권사,B,SF205,각주항목(09.06월 이후)
49883,201703,0011612,유비에스증권리미티드서울지점,C23,파생상품계약_장외파생상품_주식관련거래,0,외국계증권사,B,SF205,각주항목(09.06월 이후)
49884,201703,0011612,유비에스증권리미티드서울지점,C24,파생상품계약_장외파생상품_신용관련거래,0,외국계증권사,B,SF205,각주항목(09.06월 이후)
49885,201703,0011612,유비에스증권리미티드서울지점,C25,파생상품계약_장외파생상품_기타,0,외국계증권사,B,SF205,각주항목(09.06월 이후)
49886,201703,0011612,유비에스증권리미티드서울지점,D,대차 및 대주거래,0,외국계증권사,B,SF205,각주항목(09.06월 이후)
49887,201703,0011612,유비에스증권리미티드서울지점,D1,대차 및 대주거래_대여증권,0,외국계증권사,B,SF205,각주항목(09.06월 이후)
49888,201703,0011612,유비에스증권리미티드서울지점,D2,대차 및 대주거래_차입증권,0,외국계증권사,B,SF205,각주항목(09.06월 이후)
49889,201703,0011612,유비에스증권리미티드서울지점,D3,대차 및 대주거래_신용거래대주,0,외국계증권사,B,SF205,각주항목(09.06월 이후)
49890,201703,0011612,유비에스증권리미티드서울지점,E,대손상각채권,0,외국계증권사,B,SF205,각주항목(09.06월 이후)
49891,201703,0011612,유비에스증권리미티드서울지점,F,환전업무 예치금,0,외국계증권사,B,SF205,각주항목(09.06월 이후)
49892,201703,0011612,유비에스증권리미티드서울지점,G,미배당별도예치금,302713116,외국계증권사,B,SF205,각주항목(09.06월 이후)
49893,201703,0011612,유비에스증권리미티드서울지점,H,배서어음매출(종금계정),0,외국계증권사,B,SF205,각주항목(09.06월 이후)
49894,201703,0011612,유비에스증권리미티드서울지점,H1,대출채권매매이익_담보부,0,외국계증권사,B,SF205,각주항목(09.06월 이후)
49895,201703,0011612,유비에스증권리미티드서울지점,H2,대출채권매매이익_무담보부,0,외국계증권사,B,SF205,각주항목(09.06월 이후)
49896,201706,0011612,유비에스증권리미티드서울지점,A,채무보증,0,외국계증권사,B,SF205,각주항목(09.06월 이후)
49897,201706,0011612,유비에스증권리미티드서울지점,A1,채무보증_지급보증,0,외국계증권사,B,SF205,각주항목(09.06월 이후)
49898,201706,0011612,유비에스증권리미티드서울지점,A2,채무보증_매입보장약정,0,외국계증권사,B,SF205,각주항목(09.06월 이후)
49899,201706,0011612,유비에스증권리미티드서울지점,A3,채무보증_채무인수약정,0,외국계증권사,B,SF205,각주항목(09.06월 이후)
49900,201706,0011612,유비에스증권리미티드서울지점,A5,채무보증_매입확약,0,외국계증권사,B,SF205,각주항목(09.06월 이후)
49901,201706,0011612,유비에스증권리미티드서울지점,A6,채무보증_기타,0,외국계증권사,B,SF205,각주항목(09.06월 이후)
49902,201706,0011612,유비에스증권리미티드서울지점,B,투자자의 예수증권 등,76208940000,외국계증권사,B,SF205,각주항목(09.06월 이후)
49903,201706,0011612,유비에스증권리미티드서울지점,B1,투자자의 예수증권 등_예수 증권,76208940000,외국계증권사,B,SF205,각주항목(09.06월 이후)
49904,201706,0011612,유비에스증권리미티드서울지점,B2,투자자의 예수증권 등_예수양도성예금증서,0,외국계증권사,B,SF205,각주항목(09.06월 이후)
49905,201706,0011612,유비에스증권리미티드서울지점,B3,투자자의 예수증권 등_기타,0,외국계증권사,B,SF205,각주항목(09.06월 이후)
49906,201706,0011612,유비에스증권리미티드서울지점,C,파생상품계약,0,외국계증권사,B,SF205,각주항목(09.06월 이후)
49907,201706,0011612,유비에스증권리미티드서울지점,C1,파생상품계약_장내파생상품,0,외국계증권사,B,SF205,각주항목(09.06월 이후)
49908,201706,0011612,유비에스증권리미티드서울지점,C11,파생상품계약_장내파생상품_이자율관련거래,0,외국계증권사,B,SF205,각주항목(09.06월 이후)
49909,201706,0011612,유비에스증권리미티드서울지점,C12,파생상품계약_장내파생상품_통화관련거래,0,외국계증권사,B,SF205,각주항목(09.06월 이후)
49910,201706,0011612,유비에스증권리미티드서울지점,C13,파생상품계약_장내파생상품_주식관련거래,0,외국계증권사,B,SF205,각주항목(09.06월 이후)
49911,201706,0011612,유비에스증권리미티드서울지점,C14,파생상품계약_장내파생상품_일반상품관련거래,0,외국계증권사,B,SF205,각주항목(09.06월 이후)
49912,201706,0011612,유비에스증권리미티드서울지점,C15,파생상품계약_장내파생상품_기타,0,외국계증권사,B,SF205,각주항목(09.06월 이후)
49913,201706,0011612,유비에스증권리미티드서울지점,C2,파생상품계약_장외파생상품,0,외국계증권사,B,SF205,각주항목(09.06월 이후)
49914,201706,0011612,유비에스증권리미티드서울지점,C21,파생상품계약_장외파생상품_이자율관련거래,0,외국계증권사,B,SF205,각주항목(09.06월 이후)
49915,201706,0011612,유비에스증권리미티드서울지점,C22,파생상품계약_장외파생상품_통화관련거래,0,외국계증권사,B,SF205,각주항목(09.06월 이후)
49916,201706,0011612,유비에스증권리미티드서울지점,C23,파생상품계약_장외파생상품_주식관련거래,0,외국계증권사,B,SF205,각주항목(09.06월 이후)
49917,201706,0011612,유비에스증권리미티드서울지점,C24,파생상품계약_장외파생상품_신용관련거래,0,외국계증권사,B,SF205,각주항목(09.06월 이후)
49918,201706,0011612,유비에스증권리미티드서울지점,C25,파생상품계약_장외파생상품_기타,0,외국계증권사,B,SF205,각주항목(09.06월 이후)
49919,201706,0011612,유비에스증권리미티드서울지점,D,대차 및 대주거래,0,외국계증권사,B,SF205,각주항목(09.06월 이후)
49920,201706,0011612,유비에스증권리미티드서울지점,D1,대차 및 대주거래_대여증권,0,외국계증권사,B,SF205,각주항목(09.06월 이후)
49921,201706,0011612,유비에스증권리미티드서울지점,D2,대차 및 대주거래_차입증권,0,외국계증권사,B,SF205,각주항목(09.06월 이후)
49922,201706,0011612,유비에스증권리미티드서울지점,D3,대차 및 대주거래_신용거래대주,0,외국계증권사,B,SF205,각주항목(09.06월 이후)
49923,201706,0011612,유비에스증권리미티드서울지점,E,대손상각채권,0,외국계증권사,B,SF205,각주항목(09.06월 이후)
49924,201706,0011612,유비에스증권리미티드서울지점,F,환전업무 예치금,0,외국계증권사,B,SF205,각주항목(09.06월 이후)
49925,201706,0011612,유비에스증권리미티드서울지점,G,미배당별도예치금,386931206,외국계증권사,B,SF205,각주항목(09.06월 이후)
49926,201706,0011612,유비에스증권리미티드서울지점,H,배서어음매출(종금계정),0,외국계증권사,B,SF205,각주항목(09.06월 이후)
49927,201706,0011612,유비에스증권리미티드서울지점,H1,대출채권매매이익_담보부,0,외국계증권사,B,SF205,각주항목(09.06월 이후)
49928,201706,0011612,유비에스증권리미티드서울지점,H2,대출채권매매이익_무담보부,0,외국계증권사,B,SF205,각주항목(09.06월 이후)
49929,201709,0011612,유비에스증권리미티드서울지점,A,채무보증,0,외국계증권사,B,SF205,각주항목(09.06월 이후)
49930,201709,0011612,유비에스증권리미티드서울지점,A1,채무보증_지급보증,0,외국계증권사,B,SF205,각주항목(09.06월 이후)
49931,201709,0011612,유비에스증권리미티드서울지점,A2,채무보증_매입보장약정,0,외국계증권사,B,SF205,각주항목(09.06월 이후)
49932,201709,0011612,유비에스증권리미티드서울지점,A3,채무보증_채무인수약정,0,외국계증권사,B,SF205,각주항목(09.06월 이후)
49933,201709,0011612,유비에스증권리미티드서울지점,A5,채무보증_매입확약,0,외국계증권사,B,SF205,각주항목(09.06월 이후)
49934,201709,0011612,유비에스증권리미티드서울지점,A6,채무보증_기타,0,외국계증권사,B,SF205,각주항목(09.06월 이후)
49935,201709,0011612,유비에스증권리미티드서울지점,B,투자자의 예수증권 등,57118450000,외국계증권사,B,SF205,각주항목(09.06월 이후)
49936,201709,0011612,유비에스증권리미티드서울지점,B1,투자자의 예수증권 등_예수 증권,57118450000,외국계증권사,B,SF205,각주항목(09.06월 이후)
49937,201709,0011612,유비에스증권리미티드서울지점,B2,투자자의 예수증권 등_예수양도성예금증서,0,외국계증권사,B,SF205,각주항목(09.06월 이후)
49938,201709,0011612,유비에스증권리미티드서울지점,B3,투자자의 예수증권 등_기타,0,외국계증권사,B,SF205,각주항목(09.06월 이후)
49939,201709,0011612,유비에스증권리미티드서울지점,C,파생상품계약,0,외국계증권사,B,SF205,각주항목(09.06월 이후)
49940,201709,0011612,유비에스증권리미티드서울지점,C1,파생상품계약_장내파생상품,0,외국계증권사,B,SF205,각주항목(09.06월 이후)
49941,201709,0011612,유비에스증권리미티드서울지점,C11,파생상품계약_장내파생상품_이자율관련거래,0,외국계증권사,B,SF205,각주항목(09.06월 이후)
49942,201709,0011612,유비에스증권리미티드서울지점,C12,파생상품계약_장내파생상품_통화관련거래,0,외국계증권사,B,SF205,각주항목(09.06월 이후)
49943,201709,0011612,유비에스증권리미티드서울지점,C13,파생상품계약_장내파생상품_주식관련거래,0,외국계증권사,B,SF205,각주항목(09.06월 이후)
49944,201709,0011612,유비에스증권리미티드서울지점,C14,파생상품계약_장내파생상품_일반상품관련거래,0,외국계증권사,B,SF205,각주항목(09.06월 이후)
49945,201709,0011612,유비에스증권리미티드서울지점,C15,파생상품계약_장내파생상품_기타,0,외국계증권사,B,SF205,각주항목(09.06월 이후)
49946,201709,0011612,유비에스증권리미티드서울지점,C2,파생상품계약_장외파생상품,0,외국계증권사,B,SF205,각주항목(09.06월 이후)
49947,201709,0011612,유비에스증권리미티드서울지점,C21,파생상품계약_장외파생상품_이자율관련거래,0,외국계증권사,B,SF205,각주항목(09.06월 이후)
49948,201709,0011612,유비에스증권리미티드서울지점,C22,파생상품계약_장외파생상품_통화관련거래,0,외국계증권사,B,SF205,각주항목(09.06월 이후)
49949,201709,0011612,유비에스증권리미티드서울지점,C23,파생상품계약_장외파생상품_주식관련거래,0,외국계증권사,B,SF205,각주항목(09.06월 이후)
49950,201709,0011612,유비에스증권리미티드서울지점,C24,파생상품계약_장외파생상품_신용관련거래,0,외국계증권사,B,SF205,각주항목(09.06월 이후)
49951,201709,0011612,유비에스증권리미티드서울지점,C25,파생상품계약_장외파생상품_기타,0,외국계증권사,B,SF205,각주항목(09.06월 이후)
49952,201709,0011612,유비에스증권리미티드서울지점,D,대차 및 대주거래,0,외국계증권사,B,SF205,각주항목(09.06월 이후)
49953,201709,0011612,유비에스증권리미티드서울지점,D1,대차 및 대주거래_대여증권,0,외국계증권사,B,SF205,각주항목(09.06월 이후)
49954,201709,0011612,유비에스증권리미티드서울지점,D2,대차 및 대주거래_차입증권,0,외국계증권사,B,SF205,각주항목(09.06월 이후)
49955,201709,0011612,유비에스증권리미티드서울지점,D3,대차 및 대주거래_신용거래대주,0,외국계증권사,B,SF205,각주항목(09.06월 이후)
49956,201709,0011612,유비에스증권리미티드서울지점,E,대손상각채권,0,외국계증권사,B,SF205,각주항목(09.06월 이후)
49957,201709,0011612,유비에스증권리미티드서울지점,F,환전업무 예치금,0,외국계증권사,B,SF205,각주항목(09.06월 이후)
49958,201709,0011612,유비에스증권리미티드서울지점,G,미배당별도예치금,579806932,외국계증권사,B,SF205,각주항목(09.06월 이후)
49959,201709,0011612,유비에스증권리미티드서울지점,H,배서어음매출(종금계정),0,외국계증권사,B,SF205,각주항목(09.06월 이후)
49960,201709,0011612,유비에스증권리미티드서울지점,H1,대출채권매매이익_담보부,0,외국계증권사,B,SF205,각주항목(09.06월 이후)
49961,201709,0011612,유비에스증권리미티드서울지점,H2,대출채권매매이익_무담보부,0,외국계증권사,B,SF205,각주항목(09.06월 이후)
49962,201712,0011612,유비에스증권리미티드서울지점,A,채무보증,0,외국계증권사,B,SF205,각주항목(09.06월 이후)
49963,201712,0011612,유비에스증권리미티드서울지점,A1,채무보증_지급보증,0,외국계증권사,B,SF205,각주항목(09.06월 이후)
49964,201712,0011612,유비에스증권리미티드서울지점,A2,채무보증_매입보장약정,0,외국계증권사,B,SF205,각주항목(09.06월 이후)
49965,201712,0011612,유비에스증권리미티드서울지점,A3,채무보증_채무인수약정,0,외국계증권사,B,SF205,각주항목(09.06월 이후)
49966,201712,0011612,유비에스증권리미티드서울지점,A5,채무보증_매입확약,0,외국계증권사,B,SF205,각주항목(09.06월 이후)
49967,201712,0011612,유비에스증권리미티드서울지점,A6,채무보증_기타,0,외국계증권사,B,SF205,각주항목(09.06월 이후)
49968,201712,0011612,유비에스증권리미티드서울지점,B,투자자의 예수증권 등,0,외국계증권사,B,SF205,각주항목(09.06월 이후)
49969,201712,0011612,유비에스증권리미티드서울지점,B1,투자자의 예수증권 등_예수 증권,0,외국계증권사,B,SF205,각주항목(09.06월 이후)
49970,201712,0011612,유비에스증권리미티드서울지점,B2,투자자의 예수증권 등_예수양도성예금증서,0,외국계증권사,B,SF205,각주항목(09.06월 이후)
49971,201712,0011612,유비에스증권리미티드서울지점,B3,투자자의 예수증권 등_기타,0,외국계증권사,B,SF205,각주항목(09.06월 이후)
49972,201712,0011612,유비에스증권리미티드서울지점,C,파생상품계약,0,외국계증권사,B,SF205,각주항목(09.06월 이후)
49973,201712,0011612,유비에스증권리미티드서울지점,C1,파생상품계약_장내파생상품,0,외국계증권사,B,SF205,각주항목(09.06월 이후)
49974,201712,0011612,유비에스증권리미티드서울지점,C11,파생상품계약_장내파생상품_이자율관련거래,0,외국계증권사,B,SF205,각주항목(09.06월 이후)
49975,201712,0011612,유비에스증권리미티드서울지점,C12,파생상품계약_장내파생상품_통화관련거래,0,외국계증권사,B,SF205,각주항목(09.06월 이후)
49976,201712,0011612,유비에스증권리미티드서울지점,C13,파생상품계약_장내파생상품_주식관련거래,0,외국계증권사,B,SF205,각주항목(09.06월 이후)
49977,201712,0011612,유비에스증권리미티드서울지점,C14,파생상품계약_장내파생상품_일반상품관련거래,0,외국계증권사,B,SF205,각주항목(09.06월 이후)
49978,201712,0011612,유비에스증권리미티드서울지점,C15,파생상품계약_장내파생상품_기타,0,외국계증권사,B,SF205,각주항목(09.06월 이후)
49979,201712,0011612,유비에스증권리미티드서울지점,C2,파생상품계약_장외파생상품,0,외국계증권사,B,SF205,각주항목(09.06월 이후)
49980,201712,0011612,유비에스증권리미티드서울지점,C21,파생상품계약_장외파생상품_이자율관련거래,0,외국계증권사,B,SF205,각주항목(09.06월 이후)
49981,201712,0011612,유비에스증권리미티드서울지점,C22,파생상품계약_장외파생상품_통화관련거래,0,외국계증권사,B,SF205,각주항목(09.06월 이후)
49982,201712,0011612,유비에스증권리미티드서울지점,C23,파생상품계약_장외파생상품_주식관련거래,0,외국계증권사,B,SF205,각주항목(09.06월 이후)
49983,201712,0011612,유비에스증권리미티드서울지점,C24,파생상품계약_장외파생상품_신용관련거래,0,외국계증권사,B,SF205,각주항목(09.06월 이후)
49984,201712,0011612,유비에스증권리미티드서울지점,C25,파생상품계약_장외파생상품_기타,0,외국계증권사,B,SF205,각주항목(09.06월 이후)
49985,201712,0011612,유비에스증권리미티드서울지점,D,대차 및 대주거래,0,외국계증권사,B,SF205,각주항목(09.06월 이후)
49986,201712,0011612,유비에스증권리미티드서울지점,D1,대차 및 대주거래_대여증권,0,외국계증권사,B,SF205,각주항목(09.06월 이후)
49987,201712,0011612,유비에스증권리미티드서울지점,D2,대차 및 대주거래_차입증권,0,외국계증권사,B,SF205,각주항목(09.06월 이후)
49988,201712,0011612,유비에스증권리미티드서울지점,D3,대차 및 대주거래_신용거래대주,0,외국계증권사,B,SF205,각주항목(09.06월 이후)
49989,201712,0011612,유비에스증권리미티드서울지점,E,대손상각채권,0,외국계증권사,B,SF205,각주항목(09.06월 이후)
49990,201712,0011612,유비에스증권리미티드서울지점,F,환전업무 예치금,0,외국계증권사,B,SF205,각주항목(09.06월 이후)
49991,201712,0011612,유비에스증권리미티드서울지점,G,미배당별도예치금,705556354,외국계증권사,B,SF205,각주항목(09.06월 이후)
49992,201712,0011612,유비에스증권리미티드서울지점,H,배서어음매출(종금계정),0,외국계증권사,B,SF205,각주항목(09.06월 이후)
49993,201712,0011612,유비에스증권리미티드서울지점,H1,대출채권매매이익_담보부,0,외국계증권사,B,SF205,각주항목(09.06월 이후)
49994,201712,0011612,유비에스증권리미티드서울지점,H2,대출채권매매이익_무담보부,0,외국계증권사,B,SF205,각주항목(09.06월 이후)
49995,201803,0011612,유비에스증권리미티드서울지점,A,채무보증,0,외국계증권사,B,SF205,각주항목(09.06월 이후)
49996,201803,0011612,유비에스증권리미티드서울지점,A1,채무보증_지급보증,0,외국계증권사,B,SF205,각주항목(09.06월 이후)
49997,201803,0011612,유비에스증권리미티드서울지점,A2,채무보증_매입보장약정,0,외국계증권사,B,SF205,각주항목(09.06월 이후)
49998,201803,0011612,유비에스증권리미티드서울지점,A3,채무보증_채무인수약정,0,외국계증권사,B,SF205,각주항목(09.06월 이후)
49999,201803,0011612,유비에스증권리미티드서울지점,A5,채무보증_매입확약,0,외국계증권사,B,SF205,각주항목(09.06월 이후)
50000,201803,0011612,유비에스증권리미티드서울지점,A6,채무보증_기타,0,외국계증권사,B,SF205,각주항목(09.06월 이후)
50001,201803,0011612,유비에스증권리미티드서울지점,B,투자자의 예수증권 등,89910179000,외국계증권사,B,SF205,각주항목(09.06월 이후)
50002,201803,0011612,유비에스증권리미티드서울지점,B1,투자자의 예수증권 등_예수 증권,89910179000,외국계증권사,B,SF205,각주항목(09.06월 이후)
50003,201803,0011612,유비에스증권리미티드서울지점,B2,투자자의 예수증권 등_예수양도성예금증서,0,외국계증권사,B,SF205,각주항목(09.06월 이후)
50004,201803,0011612,유비에스증권리미티드서울지점,B3,투자자의 예수증권 등_기타,0,외국계증권사,B,SF205,각주항목(09.06월 이후)
50005,201803,0011612,유비에스증권리미티드서울지점,C,파생상품계약,0,외국계증권사,B,SF205,각주항목(09.06월 이후)
50006,201803,0011612,유비에스증권리미티드서울지점,C1,파생상품계약_장내파생상품,0,외국계증권사,B,SF205,각주항목(09.06월 이후)
50007,201803,0011612,유비에스증권리미티드서울지점,C11,파생상품계약_장내파생상품_이자율관련거래,0,외국계증권사,B,SF205,각주항목(09.06월 이후)
50008,201803,0011612,유비에스증권리미티드서울지점,C12,파생상품계약_장내파생상품_통화관련거래,0,외국계증권사,B,SF205,각주항목(09.06월 이후)
50009,201803,0011612,유비에스증권리미티드서울지점,C13,파생상품계약_장내파생상품_주식관련거래,0,외국계증권사,B,SF205,각주항목(09.06월 이후)
50010,201803,0011612,유비에스증권리미티드서울지점,C14,파생상품계약_장내파생상품_일반상품관련거래,0,외국계증권사,B,SF205,각주항목(09.06월 이후)
50011,201803,0011612,유비에스증권리미티드서울지점,C15,파생상품계약_장내파생상품_기타,0,외국계증권사,B,SF205,각주항목(09.06월 이후)
50012,201803,0011612,유비에스증권리미티드서울지점,C2,파생상품계약_장외파생상품,0,외국계증권사,B,SF205,각주항목(09.06월 이후)
50013,201803,0011612,유비에스증권리미티드서울지점,C21,파생상품계약_장외파생상품_이자율관련거래,0,외국계증권사,B,SF205,각주항목(09.06월 이후)
50014,201803,0011612,유비에스증권리미티드서울지점,C22,파생상품계약_장외파생상품_통화관련거래,0,외국계증권사,B,SF205,각주항목(09.06월 이후)
50015,201803,0011612,유비에스증권리미티드서울지점,C23,파생상품계약_장외파생상품_주식관련거래,0,외국계증권사,B,SF205,각주항목(09.06월 이후)
50016,201803,0011612,유비에스증권리미티드서울지점,C24,파생상품계약_장외파생상품_신용관련거래,0,외국계증권사,B,SF205,각주항목(09.06월 이후)
50017,201803,0011612,유비에스증권리미티드서울지점,C25,파생상품계약_장외파생상품_기타,0,외국계증권사,B,SF205,각주항목(09.06월 이후)
50018,201803,0011612,유비에스증권리미티드서울지점,D,대차 및 대주거래,0,외국계증권사,B,SF205,각주항목(09.06월 이후)
50019,201803,0011612,유비에스증권리미티드서울지점,D1,대차 및 대주거래_대여증권,0,외국계증권사,B,SF205,각주항목(09.06월 이후)
50020,201803,0011612,유비에스증권리미티드서울지점,D2,대차 및 대주거래_차입증권,0,외국계증권사,B,SF205,각주항목(09.06월 이후)
50021,201803,0011612,유비에스증권리미티드서울지점,D3,대차 및 대주거래_신용거래대주,0,외국계증권사,B,SF205,각주항목(09.06월 이후)
50022,201803,0011612,유비에스증권리미티드서울지점,E,대손상각채권,0,외국계증권사,B,SF205,각주항목(09.06월 이후)
50023,201803,0011612,유비에스증권리미티드서울지점,F,환전업무 예치금,0,외국계증권사,B,SF205,각주항목(09.06월 이후)
50024,201803,0011612,유비에스증권리미티드서울지점,G,미배당별도예치금,373497411,외국계증권사,B,SF205,각주항목(09.06월 이후)
50025,201803,0011612,유비에스증권리미티드서울지점,H,배서어음매출(종금계정),0,외국계증권사,B,SF205,각주항목(09.06월 이후)
50026,201803,0011612,유비에스증권리미티드서울지점,H1,대출채권매매이익_담보부,0,외국계증권사,B,SF205,각주항목(09.06월 이후)
50027,201803,0011612,유비에스증권리미티드서울지점,H2,대출채권매매이익_무담보부,0,외국계증권사,B,SF205,각주항목(09.06월 이후)
50028,201806,0011612,유비에스증권리미티드서울지점,A,채무보증,0,외국계증권사,B,SF205,각주항목(09.06월 이후)
50029,201806,0011612,유비에스증권리미티드서울지점,A1,채무보증_지급보증,0,외국계증권사,B,SF205,각주항목(09.06월 이후)
50030,201806,0011612,유비에스증권리미티드서울지점,A2,채무보증_매입보장약정,0,외국계증권사,B,SF205,각주항목(09.06월 이후)
50031,201806,0011612,유비에스증권리미티드서울지점,A3,채무보증_채무인수약정,0,외국계증권사,B,SF205,각주항목(09.06월 이후)
50032,201806,0011612,유비에스증권리미티드서울지점,A5,채무보증_매입확약,0,외국계증권사,B,SF205,각주항목(09.06월 이후)
50033,201806,0011612,유비에스증권리미티드서울지점,A6,채무보증_기타,0,외국계증권사,B,SF205,각주항목(09.06월 이후)
50034,201806,0011612,유비에스증권리미티드서울지점,B,투자자의 예수증권 등,55316737000,외국계증권사,B,SF205,각주항목(09.06월 이후)
50035,201806,0011612,유비에스증권리미티드서울지점,B1,투자자의 예수증권 등_예수 증권,55316737000,외국계증권사,B,SF205,각주항목(09.06월 이후)
50036,201806,0011612,유비에스증권리미티드서울지점,B2,투자자의 예수증권 등_예수양도성예금증서,0,외국계증권사,B,SF205,각주항목(09.06월 이후)
50037,201806,0011612,유비에스증권리미티드서울지점,B3,투자자의 예수증권 등_기타,0,외국계증권사,B,SF205,각주항목(09.06월 이후)
50038,201806,0011612,유비에스증권리미티드서울지점,C,파생상품계약,0,외국계증권사,B,SF205,각주항목(09.06월 이후)
50039,201806,0011612,유비에스증권리미티드서울지점,C1,파생상품계약_장내파생상품,0,외국계증권사,B,SF205,각주항목(09.06월 이후)
50040,201806,0011612,유비에스증권리미티드서울지점,C11,파생상품계약_장내파생상품_이자율관련거래,0,외국계증권사,B,SF205,각주항목(09.06월 이후)
50041,201806,0011612,유비에스증권리미티드서울지점,C12,파생상품계약_장내파생상품_통화관련거래,0,외국계증권사,B,SF205,각주항목(09.06월 이후)
50042,201806,0011612,유비에스증권리미티드서울지점,C13,파생상품계약_장내파생상품_주식관련거래,0,외국계증권사,B,SF205,각주항목(09.06월 이후)
50043,201806,0011612,유비에스증권리미티드서울지점,C14,파생상품계약_장내파생상품_일반상품관련거래,0,외국계증권사,B,SF205,각주항목(09.06월 이후)
50044,201806,0011612,유비에스증권리미티드서울지점,C15,파생상품계약_장내파생상품_기타,0,외국계증권사,B,SF205,각주항목(09.06월 이후)
50045,201806,0011612,유비에스증권리미티드서울지점,C2,파생상품계약_장외파생상품,0,외국계증권사,B,SF205,각주항목(09.06월 이후)
50046,201806,0011612,유비에스증권리미티드서울지점,C21,파생상품계약_장외파생상품_이자율관련거래,0,외국계증권사,B,SF205,각주항목(09.06월 이후)
50047,201806,0011612,유비에스증권리미티드서울지점,C22,파생상품계약_장외파생상품_통화관련거래,0,외국계증권사,B,SF205,각주항목(09.06월 이후)
50048,201806,0011612,유비에스증권리미티드서울지점,C23,파생상품계약_장외파생상품_주식관련거래,0,외국계증권사,B,SF205,각주항목(09.06월 이후)
50049,201806,0011612,유비에스증권리미티드서울지점,C24,파생상품계약_장외파생상품_신용관련거래,0,외국계증권사,B,SF205,각주항목(09.06월 이후)
50050,201806,0011612,유비에스증권리미티드서울지점,C25,파생상품계약_장외파생상품_기타,0,외국계증권사,B,SF205,각주항목(09.06월 이후)
50051,201806,0011612,유비에스증권리미티드서울지점,D,대차 및 대주거래,0,외국계증권사,B,SF205,각주항목(09.06월 이후)
50052,201806,0011612,유비에스증권리미티드서울지점,D1,대차 및 대주거래_대여증권,0,외국계증권사,B,SF205,각주항목(09.06월 이후)
50053,201806,0011612,유비에스증권리미티드서울지점,D2,대차 및 대주거래_차입증권,0,외국계증권사,B,SF205,각주항목(09.06월 이후)
50054,201806,0011612,유비에스증권리미티드서울지점,D3,대차 및 대주거래_신용거래대주,0,외국계증권사,B,SF205,각주항목(09.06월 이후)
50055,201806,0011612,유비에스증권리미티드서울지점,E,대손상각채권,0,외국계증권사,B,SF205,각주항목(09.06월 이후)
50056,201806,0011612,유비에스증권리미티드서울지점,F,환전업무 예치금,0,외국계증권사,B,SF205,각주항목(09.06월 이후)
50057,201806,0011612,유비에스증권리미티드서울지점,G,미배당별도예치금,441244029,외국계증권사,B,SF205,각주항목(09.06월 이후)
50058,201806,0011612,유비에스증권리미티드서울지점,H,배서어음매출(종금계정),0,외국계증권사,B,SF205,각주항목(09.06월 이후)
50059,201806,0011612,유비에스증권리미티드서울지점,H1,대출채권매매이익_담보부,0,외국계증권사,B,SF205,각주항목(09.06월 이후)
50060,201806,0011612,유비에스증권리미티드서울지점,H2,대출채권매매이익_무담보부,0,외국계증권사,B,SF205,각주항목(09.06월 이후)
50061,201809,0011612,유비에스증권리미티드서울지점,A,채무보증,0,외국계증권사,B,SF205,각주항목(09.06월 이후)
50062,201809,0011612,유비에스증권리미티드서울지점,A1,채무보증_지급보증,0,외국계증권사,B,SF205,각주항목(09.06월 이후)
50063,201809,0011612,유비에스증권리미티드서울지점,A2,채무보증_매입보장약정,0,외국계증권사,B,SF205,각주항목(09.06월 이후)
50064,201809,0011612,유비에스증권리미티드서울지점,A3,채무보증_채무인수약정,0,외국계증권사,B,SF205,각주항목(09.06월 이후)
50065,201809,0011612,유비에스증권리미티드서울지점,A5,채무보증_매입확약,0,외국계증권사,B,SF205,각주항목(09.06월 이후)
50066,201809,0011612,유비에스증권리미티드서울지점,A6,채무보증_기타,0,외국계증권사,B,SF205,각주항목(09.06월 이후)
50067,201809,0011612,유비에스증권리미티드서울지점,B,투자자의 예수증권 등,52470394000,외국계증권사,B,SF205,각주항목(09.06월 이후)
50068,201809,0011612,유비에스증권리미티드서울지점,B1,투자자의 예수증권 등_예수 증권,52470394000,외국계증권사,B,SF205,각주항목(09.06월 이후)
50069,201809,0011612,유비에스증권리미티드서울지점,B2,투자자의 예수증권 등_예수양도성예금증서,0,외국계증권사,B,SF205,각주항목(09.06월 이후)
50070,201809,0011612,유비에스증권리미티드서울지점,B3,투자자의 예수증권 등_기타,0,외국계증권사,B,SF205,각주항목(09.06월 이후)
50071,201809,0011612,유비에스증권리미티드서울지점,C,파생상품계약,0,외국계증권사,B,SF205,각주항목(09.06월 이후)
50072,201809,0011612,유비에스증권리미티드서울지점,C1,파생상품계약_장내파생상품,0,외국계증권사,B,SF205,각주항목(09.06월 이후)
50073,201809,0011612,유비에스증권리미티드서울지점,C11,파생상품계약_장내파생상품_이자율관련거래,0,외국계증권사,B,SF205,각주항목(09.06월 이후)
50074,201809,0011612,유비에스증권리미티드서울지점,C12,파생상품계약_장내파생상품_통화관련거래,0,외국계증권사,B,SF205,각주항목(09.06월 이후)
50075,201809,0011612,유비에스증권리미티드서울지점,C13,파생상품계약_장내파생상품_주식관련거래,0,외국계증권사,B,SF205,각주항목(09.06월 이후)
50076,201809,0011612,유비에스증권리미티드서울지점,C14,파생상품계약_장내파생상품_일반상품관련거래,0,외국계증권사,B,SF205,각주항목(09.06월 이후)
50077,201809,0011612,유비에스증권리미티드서울지점,C15,파생상품계약_장내파생상품_기타,0,외국계증권사,B,SF205,각주항목(09.06월 이후)
50078,201809,0011612,유비에스증권리미티드서울지점,C2,파생상품계약_장외파생상품,0,외국계증권사,B,SF205,각주항목(09.06월 이후)
50079,201809,0011612,유비에스증권리미티드서울지점,C21,파생상품계약_장외파생상품_이자율관련거래,0,외국계증권사,B,SF205,각주항목(09.06월 이후)
50080,201809,0011612,유비에스증권리미티드서울지점,C22,파생상품계약_장외파생상품_통화관련거래,0,외국계증권사,B,SF205,각주항목(09.06월 이후)
50081,201809,0011612,유비에스증권리미티드서울지점,C23,파생상품계약_장외파생상품_주식관련거래,0,외국계증권사,B,SF205,각주항목(09.06월 이후)
50082,201809,0011612,유비에스증권리미티드서울지점,C24,파생상품계약_장외파생상품_신용관련거래,0,외국계증권사,B,SF205,각주항목(09.06월 이후)
50083,201809,0011612,유비에스증권리미티드서울지점,C25,파생상품계약_장외파생상품_기타,0,외국계증권사,B,SF205,각주항목(09.06월 이후)
50084,201809,0011612,유비에스증권리미티드서울지점,D,대차 및 대주거래,0,외국계증권사,B,SF205,각주항목(09.06월 이후)
50085,201809,0011612,유비에스증권리미티드서울지점,D1,대차 및 대주거래_대여증권,0,외국계증권사,B,SF205,각주항목(09.06월 이후)
50086,201809,0011612,유비에스증권리미티드서울지점,D2,대차 및 대주거래_차입증권,0,외국계증권사,B,SF205,각주항목(09.06월 이후)
50087,201809,0011612,유비에스증권리미티드서울지점,D3,대차 및 대주거래_신용거래대주,0,외국계증권사,B,SF205,각주항목(09.06월 이후)
50088,201809,0011612,유비에스증권리미티드서울지점,E,대손상각채권,0,외국계증권사,B,SF205,각주항목(09.06월 이후)
50089,201809,0011612,유비에스증권리미티드서울지점,F,환전업무 예치금,0,외국계증권사,B,SF205,각주항목(09.06월 이후)
50090,201809,0011612,유비에스증권리미티드서울지점,G,미배당별도예치금,600528022,외국계증권사,B,SF205,각주항목(09.06월 이후)
50091,201809,0011612,유비에스증권리미티드서울지점,H,배서어음매출(종금계정),0,외국계증권사,B,SF205,각주항목(09.06월 이후)
50092,201809,0011612,유비에스증권리미티드서울지점,H1,대출채권매매이익_담보부,0,외국계증권사,B,SF205,각주항목(09.06월 이후)
50093,201809,0011612,유비에스증권리미티드서울지점,H2,대출채권매매이익_무담보부,0,외국계증권사,B,SF205,각주항목(09.06월 이후)
50094,201812,0011612,유비에스증권리미티드서울지점,A,채무보증,0,외국계증권사,B,SF205,각주항목(09.06월 이후)
50095,201812,0011612,유비에스증권리미티드서울지점,A1,채무보증_지급보증,0,외국계증권사,B,SF205,각주항목(09.06월 이후)
50096,201812,0011612,유비에스증권리미티드서울지점,A2,채무보증_매입보장약정,0,외국계증권사,B,SF205,각주항목(09.06월 이후)
50097,201812,0011612,유비에스증권리미티드서울지점,A3,채무보증_채무인수약정,0,외국계증권사,B,SF205,각주항목(09.06월 이후)
50098,201812,0011612,유비에스증권리미티드서울지점,A5,채무보증_매입확약,0,외국계증권사,B,SF205,각주항목(09.06월 이후)
50099,201812,0011612,유비에스증권리미티드서울지점,A6,채무보증_기타,0,외국계증권사,B,SF205,각주항목(09.06월 이후)
50100,201812,0011612,유비에스증권리미티드서울지점,B,투자자의 예수증권 등,0,외국계증권사,B,SF205,각주항목(09.06월 이후)
50101,201812,0011612,유비에스증권리미티드서울지점,B1,투자자의 예수증권 등_예수 증권,0,외국계증권사,B,SF205,각주항목(09.06월 이후)
50102,201812,0011612,유비에스증권리미티드서울지점,B2,투자자의 예수증권 등_예수양도성예금증서,0,외국계증권사,B,SF205,각주항목(09.06월 이후)
50103,201812,0011612,유비에스증권리미티드서울지점,B3,투자자의 예수증권 등_기타,0,외국계증권사,B,SF205,각주항목(09.06월 이후)
50104,201812,0011612,유비에스증권리미티드서울지점,C,파생상품계약,0,외국계증권사,B,SF205,각주항목(09.06월 이후)
50105,201812,0011612,유비에스증권리미티드서울지점,C1,파생상품계약_장내파생상품,0,외국계증권사,B,SF205,각주항목(09.06월 이후)
50106,201812,0011612,유비에스증권리미티드서울지점,C11,파생상품계약_장내파생상품_이자율관련거래,0,외국계증권사,B,SF205,각주항목(09.06월 이후)
50107,201812,0011612,유비에스증권리미티드서울지점,C12,파생상품계약_장내파생상품_통화관련거래,0,외국계증권사,B,SF205,각주항목(09.06월 이후)
50108,201812,0011612,유비에스증권리미티드서울지점,C13,파생상품계약_장내파생상품_주식관련거래,0,외국계증권사,B,SF205,각주항목(09.06월 이후)
50109,201812,0011612,유비에스증권리미티드서울지점,C14,파생상품계약_장내파생상품_일반상품관련거래,0,외국계증권사,B,SF205,각주항목(09.06월 이후)
50110,201812,0011612,유비에스증권리미티드서울지점,C15,파생상품계약_장내파생상품_기타,0,외국계증권사,B,SF205,각주항목(09.06월 이후)
50111,201812,0011612,유비에스증권리미티드서울지점,C2,파생상품계약_장외파생상품,0,외국계증권사,B,SF205,각주항목(09.06월 이후)
50112,201812,0011612,유비에스증권리미티드서울지점,C21,파생상품계약_장외파생상품_이자율관련거래,0,외국계증권사,B,SF205,각주항목(09.06월 이후)
50113,201812,0011612,유비에스증권리미티드서울지점,C22,파생상품계약_장외파생상품_통화관련거래,0,외국계증권사,B,SF205,각주항목(09.06월 이후)
50114,201812,0011612,유비에스증권리미티드서울지점,C23,파생상품계약_장외파생상품_주식관련거래,0,외국계증권사,B,SF205,각주항목(09.06월 이후)
50115,201812,0011612,유비에스증권리미티드서울지점,C24,파생상품계약_장외파생상품_신용관련거래,0,외국계증권사,B,SF205,각주항목(09.06월 이후)
50116,201812,0011612,유비에스증권리미티드서울지점,C25,파생상품계약_장외파생상품_기타,0,외국계증권사,B,SF205,각주항목(09.06월 이후)
50117,201812,0011612,유비에스증권리미티드서울지점,D,대차 및 대주거래,0,외국계증권사,B,SF205,각주항목(09.06월 이후)
50118,201812,0011612,유비에스증권리미티드서울지점,D1,대차 및 대주거래_대여증권,0,외국계증권사,B,SF205,각주항목(09.06월 이후)
50119,201812,0011612,유비에스증권리미티드서울지점,D2,대차 및 대주거래_차입증권,0,외국계증권사,B,SF205,각주항목(09.06월 이후)
50120,201812,0011612,유비에스증권리미티드서울지점,D3,대차 및 대주거래_신용거래대주,0,외국계증권사,B,SF205,각주항목(09.06월 이후)
50121,201812,0011612,유비에스증권리미티드서울지점,E,대손상각채권,0,외국계증권사,B,SF205,각주항목(09.06월 이후)
50122,201812,0011612,유비에스증권리미티드서울지점,F,환전업무 예치금,0,외국계증권사,B,SF205,각주항목(09.06월 이후)
50123,201812,0011612,유비에스증권리미티드서울지점,G,미배당별도예치금,860420252,외국계증권사,B,SF205,각주항목(09.06월 이후)
50124,201812,0011612,유비에스증권리미티드서울지점,H,배서어음매출(종금계정),0,외국계증권사,B,SF205,각주항목(09.06월 이후)
50125,201812,0011612,유비에스증권리미티드서울지점,H1,대출채권매매이익_담보부,0,외국계증권사,B,SF205,각주항목(09.06월 이후)
50126,201812,0011612,유비에스증권리미티드서울지점,H2,대출채권매매이익_무담보부,0,외국계증권사,B,SF205,각주항목(09.06월 이후)
50127,201903,0011612,유비에스증권리미티드서울지점,A,채무보증,0,외국계증권사,B,SF205,각주항목(09.06월 이후)
50128,201903,0011612,유비에스증권리미티드서울지점,A1,채무보증_지급보증,0,외국계증권사,B,SF205,각주항목(09.06월 이후)
50129,201903,0011612,유비에스증권리미티드서울지점,A2,채무보증_매입보장약정,0,외국계증권사,B,SF205,각주항목(09.06월 이후)
50130,201903,0011612,유비에스증권리미티드서울지점,A3,채무보증_채무인수약정,0,외국계증권사,B,SF205,각주항목(09.06월 이후)
50131,201903,0011612,유비에스증권리미티드서울지점,A5,채무보증_매입확약,0,외국계증권사,B,SF205,각주항목(09.06월 이후)
50132,201903,0011612,유비에스증권리미티드서울지점,A6,채무보증_기타,0,외국계증권사,B,SF205,각주항목(09.06월 이후)
50133,201903,0011612,유비에스증권리미티드서울지점,B,투자자의 예수증권 등,0,외국계증권사,B,SF205,각주항목(09.06월 이후)
50134,201903,0011612,유비에스증권리미티드서울지점,B1,투자자의 예수증권 등_예수 증권,0,외국계증권사,B,SF205,각주항목(09.06월 이후)
50135,201903,0011612,유비에스증권리미티드서울지점,B2,투자자의 예수증권 등_예수양도성예금증서,0,외국계증권사,B,SF205,각주항목(09.06월 이후)
50136,201903,0011612,유비에스증권리미티드서울지점,B3,투자자의 예수증권 등_기타,0,외국계증권사,B,SF205,각주항목(09.06월 이후)
50137,201903,0011612,유비에스증권리미티드서울지점,C,파생상품계약,0,외국계증권사,B,SF205,각주항목(09.06월 이후)
50138,201903,0011612,유비에스증권리미티드서울지점,C1,파생상품계약_장내파생상품,0,외국계증권사,B,SF205,각주항목(09.06월 이후)
50139,201903,0011612,유비에스증권리미티드서울지점,C11,파생상품계약_장내파생상품_이자율관련거래,0,외국계증권사,B,SF205,각주항목(09.06월 이후)
50140,201903,0011612,유비에스증권리미티드서울지점,C12,파생상품계약_장내파생상품_통화관련거래,0,외국계증권사,B,SF205,각주항목(09.06월 이후)
50141,201903,0011612,유비에스증권리미티드서울지점,C13,파생상품계약_장내파생상품_주식관련거래,0,외국계증권사,B,SF205,각주항목(09.06월 이후)
50142,201903,0011612,유비에스증권리미티드서울지점,C14,파생상품계약_장내파생상품_일반상품관련거래,0,외국계증권사,B,SF205,각주항목(09.06월 이후)
50143,201903,0011612,유비에스증권리미티드서울지점,C15,파생상품계약_장내파생상품_기타,0,외국계증권사,B,SF205,각주항목(09.06월 이후)
50144,201903,0011612,유비에스증권리미티드서울지점,C2,파생상품계약_장외파생상품,0,외국계증권사,B,SF205,각주항목(09.06월 이후)
50145,201903,0011612,유비에스증권리미티드서울지점,C21,파생상품계약_장외파생상품_이자율관련거래,0,외국계증권사,B,SF205,각주항목(09.06월 이후)
50146,201903,0011612,유비에스증권리미티드서울지점,C22,파생상품계약_장외파생상품_통화관련거래,0,외국계증권사,B,SF205,각주항목(09.06월 이후)
50147,201903,0011612,유비에스증권리미티드서울지점,C23,파생상품계약_장외파생상품_주식관련거래,0,외국계증권사,B,SF205,각주항목(09.06월 이후)
50148,201903,0011612,유비에스증권리미티드서울지점,C24,파생상품계약_장외파생상품_신용관련거래,0,외국계증권사,B,SF205,각주항목(09.06월 이후)
50149,201903,0011612,유비에스증권리미티드서울지점,C25,파생상품계약_장외파생상품_기타,0,외국계증권사,B,SF205,각주항목(09.06월 이후)
50150,201903,0011612,유비에스증권리미티드서울지점,D,대차 및 대주거래,0,외국계증권사,B,SF205,각주항목(09.06월 이후)
50151,201903,0011612,유비에스증권리미티드서울지점,D1,대차 및 대주거래_대여증권,0,외국계증권사,B,SF205,각주항목(09.06월 이후)
50152,201903,0011612,유비에스증권리미티드서울지점,D2,대차 및 대주거래_차입증권,0,외국계증권사,B,SF205,각주항목(09.06월 이후)
50153,201903,0011612,유비에스증권리미티드서울지점,D3,대차 및 대주거래_신용거래대주,0,외국계증권사,B,SF205,각주항목(09.06월 이후)
50154,201903,0011612,유비에스증권리미티드서울지점,E,대손상각채권,0,외국계증권사,B,SF205,각주항목(09.06월 이후)
50155,201903,0011612,유비에스증권리미티드서울지점,F,환전업무 예치금,0,외국계증권사,B,SF205,각주항목(09.06월 이후)
50156,201903,0011612,유비에스증권리미티드서울지점,G,미배당별도예치금,434836983,외국계증권사,B,SF205,각주항목(09.06월 이후)
50157,201903,0011612,유비에스증권리미티드서울지점,H,배서어음매출(종금계정),0,외국계증권사,B,SF205,각주항목(09.06월 이후)
50158,201903,0011612,유비에스증권리미티드서울지점,H1,대출채권매매이익_담보부,0,외국계증권사,B,SF205,각주항목(09.06월 이후)
50159,201903,0011612,유비에스증권리미티드서울지점,H2,대출채권매매이익_무담보부,0,외국계증권사,B,SF205,각주항목(09.06월 이후)
50160,201906,0011612,유비에스증권리미티드서울지점,A,채무보증,0,외국계증권사,B,SF205,각주항목(09.06월 이후)
50161,201906,0011612,유비에스증권리미티드서울지점,A1,채무보증_지급보증,0,외국계증권사,B,SF205,각주항목(09.06월 이후)
50162,201906,0011612,유비에스증권리미티드서울지점,A2,채무보증_매입보장약정,0,외국계증권사,B,SF205,각주항목(09.06월 이후)
50163,201906,0011612,유비에스증권리미티드서울지점,A3,채무보증_채무인수약정,0,외국계증권사,B,SF205,각주항목(09.06월 이후)
50164,201906,0011612,유비에스증권리미티드서울지점,A5,채무보증_매입확약,0,외국계증권사,B,SF205,각주항목(09.06월 이후)
50165,201906,0011612,유비에스증권리미티드서울지점,A6,채무보증_기타,0,외국계증권사,B,SF205,각주항목(09.06월 이후)
50166,201906,0011612,유비에스증권리미티드서울지점,B,투자자의 예수증권 등,0,외국계증권사,B,SF205,각주항목(09.06월 이후)
50167,201906,0011612,유비에스증권리미티드서울지점,B1,투자자의 예수증권 등_예수 증권,0,외국계증권사,B,SF205,각주항목(09.06월 이후)
50168,201906,0011612,유비에스증권리미티드서울지점,B2,투자자의 예수증권 등_예수양도성예금증서,0,외국계증권사,B,SF205,각주항목(09.06월 이후)
50169,201906,0011612,유비에스증권리미티드서울지점,B3,투자자의 예수증권 등_기타,0,외국계증권사,B,SF205,각주항목(09.06월 이후)
50170,201906,0011612,유비에스증권리미티드서울지점,C,파생상품계약,0,외국계증권사,B,SF205,각주항목(09.06월 이후)
50171,201906,0011612,유비에스증권리미티드서울지점,C1,파생상품계약_장내파생상품,0,외국계증권사,B,SF205,각주항목(09.06월 이후)
50172,201906,0011612,유비에스증권리미티드서울지점,C11,파생상품계약_장내파생상품_이자율관련거래,0,외국계증권사,B,SF205,각주항목(09.06월 이후)
50173,201906,0011612,유비에스증권리미티드서울지점,C12,파생상품계약_장내파생상품_통화관련거래,0,외국계증권사,B,SF205,각주항목(09.06월 이후)
50174,201906,0011612,유비에스증권리미티드서울지점,C13,파생상품계약_장내파생상품_주식관련거래,0,외국계증권사,B,SF205,각주항목(09.06월 이후)
50175,201906,0011612,유비에스증권리미티드서울지점,C14,파생상품계약_장내파생상품_일반상품관련거래,0,외국계증권사,B,SF205,각주항목(09.06월 이후)
50176,201906,0011612,유비에스증권리미티드서울지점,C15,파생상품계약_장내파생상품_기타,0,외국계증권사,B,SF205,각주항목(09.06월 이후)
50177,201906,0011612,유비에스증권리미티드서울지점,C2,파생상품계약_장외파생상품,0,외국계증권사,B,SF205,각주항목(09.06월 이후)
50178,201906,0011612,유비에스증권리미티드서울지점,C21,파생상품계약_장외파생상품_이자율관련거래,0,외국계증권사,B,SF205,각주항목(09.06월 이후)
50179,201906,0011612,유비에스증권리미티드서울지점,C22,파생상품계약_장외파생상품_통화관련거래,0,외국계증권사,B,SF205,각주항목(09.06월 이후)
50180,201906,0011612,유비에스증권리미티드서울지점,C23,파생상품계약_장외파생상품_주식관련거래,0,외국계증권사,B,SF205,각주항목(09.06월 이후)
50181,201906,0011612,유비에스증권리미티드서울지점,C24,파생상품계약_장외파생상품_신용관련거래,0,외국계증권사,B,SF205,각주항목(09.06월 이후)
50182,201906,0011612,유비에스증권리미티드서울지점,C25,파생상품계약_장외파생상품_기타,0,외국계증권사,B,SF205,각주항목(09.06월 이후)
50183,201906,0011612,유비에스증권리미티드서울지점,D,대차 및 대주거래,0,외국계증권사,B,SF205,각주항목(09.06월 이후)
50184,201906,0011612,유비에스증권리미티드서울지점,D1,대차 및 대주거래_대여증권,0,외국계증권사,B,SF205,각주항목(09.06월 이후)
50185,201906,0011612,유비에스증권리미티드서울지점,D2,대차 및 대주거래_차입증권,0,외국계증권사,B,SF205,각주항목(09.06월 이후)
50186,201906,0011612,유비에스증권리미티드서울지점,D3,대차 및 대주거래_신용거래대주,0,외국계증권사,B,SF205,각주항목(09.06월 이후)
50187,201906,0011612,유비에스증권리미티드서울지점,E,대손상각채권,0,외국계증권사,B,SF205,각주항목(09.06월 이후)
50188,201906,0011612,유비에스증권리미티드서울지점,F,환전업무 예치금,0,외국계증권사,B,SF205,각주항목(09.06월 이후)
50189,201906,0011612,유비에스증권리미티드서울지점,G,미배당별도예치금,545449218,외국계증권사,B,SF205,각주항목(09.06월 이후)
50190,201906,0011612,유비에스증권리미티드서울지점,H,배서어음매출(종금계정),0,외국계증권사,B,SF205,각주항목(09.06월 이후)
50191,201906,0011612,유비에스증권리미티드서울지점,H1,대출채권매매이익_담보부,0,외국계증권사,B,SF205,각주항목(09.06월 이후)
50192,201906,0011612,유비에스증권리미티드서울지점,H2,대출채권매매이익_무담보부,0,외국계증권사,B,SF205,각주항목(09.06월 이후)
50193,201909,0011612,유비에스증권리미티드서울지점,A,채무보증,0,외국계증권사,B,SF205,각주항목(09.06월 이후)
50194,201909,0011612,유비에스증권리미티드서울지점,A1,채무보증_지급보증,0,외국계증권사,B,SF205,각주항목(09.06월 이후)
50195,201909,0011612,유비에스증권리미티드서울지점,A2,채무보증_매입보장약정,0,외국계증권사,B,SF205,각주항목(09.06월 이후)
50196,201909,0011612,유비에스증권리미티드서울지점,A3,채무보증_채무인수약정,0,외국계증권사,B,SF205,각주항목(09.06월 이후)
50197,201909,0011612,유비에스증권리미티드서울지점,A5,채무보증_매입확약,0,외국계증권사,B,SF205,각주항목(09.06월 이후)
50198,201909,0011612,유비에스증권리미티드서울지점,A6,채무보증_기타,0,외국계증권사,B,SF205,각주항목(09.06월 이후)
50199,201909,0011612,유비에스증권리미티드서울지점,B,투자자의 예수증권 등,0,외국계증권사,B,SF205,각주항목(09.06월 이후)
50200,201909,0011612,유비에스증권리미티드서울지점,B1,투자자의 예수증권 등_예수 증권,0,외국계증권사,B,SF205,각주항목(09.06월 이후)
50201,201909,0011612,유비에스증권리미티드서울지점,B2,투자자의 예수증권 등_예수양도성예금증서,0,외국계증권사,B,SF205,각주항목(09.06월 이후)
50202,201909,0011612,유비에스증권리미티드서울지점,B3,투자자의 예수증권 등_기타,0,외국계증권사,B,SF205,각주항목(09.06월 이후)
50203,201909,0011612,유비에스증권리미티드서울지점,C,파생상품계약,0,외국계증권사,B,SF205,각주항목(09.06월 이후)
50204,201909,0011612,유비에스증권리미티드서울지점,C1,파생상품계약_장내파생상품,0,외국계증권사,B,SF205,각주항목(09.06월 이후)
50205,201909,0011612,유비에스증권리미티드서울지점,C11,파생상품계약_장내파생상품_이자율관련거래,0,외국계증권사,B,SF205,각주항목(09.06월 이후)
50206,201909,0011612,유비에스증권리미티드서울지점,C12,파생상품계약_장내파생상품_통화관련거래,0,외국계증권사,B,SF205,각주항목(09.06월 이후)
50207,201909,0011612,유비에스증권리미티드서울지점,C13,파생상품계약_장내파생상품_주식관련거래,0,외국계증권사,B,SF205,각주항목(09.06월 이후)
50208,201909,0011612,유비에스증권리미티드서울지점,C14,파생상품계약_장내파생상품_일반상품관련거래,0,외국계증권사,B,SF205,각주항목(09.06월 이후)
50209,201909,0011612,유비에스증권리미티드서울지점,C15,파생상품계약_장내파생상품_기타,0,외국계증권사,B,SF205,각주항목(09.06월 이후)
50210,201909,0011612,유비에스증권리미티드서울지점,C2,파생상품계약_장외파생상품,0,외국계증권사,B,SF205,각주항목(09.06월 이후)
50211,201909,0011612,유비에스증권리미티드서울지점,C21,파생상품계약_장외파생상품_이자율관련거래,0,외국계증권사,B,SF205,각주항목(09.06월 이후)
50212,201909,0011612,유비에스증권리미티드서울지점,C22,파생상품계약_장외파생상품_통화관련거래,0,외국계증권사,B,SF205,각주항목(09.06월 이후)
50213,201909,0011612,유비에스증권리미티드서울지점,C23,파생상품계약_장외파생상품_주식관련거래,0,외국계증권사,B,SF205,각주항목(09.06월 이후)
50214,201909,0011612,유비에스증권리미티드서울지점,C24,파생상품계약_장외파생상품_신용관련거래,0,외국계증권사,B,SF205,각주항목(09.06월 이후)
50215,201909,0011612,유비에스증권리미티드서울지점,C25,파생상품계약_장외파생상품_기타,0,외국계증권사,B,SF205,각주항목(09.06월 이후)
50216,201909,0011612,유비에스증권리미티드서울지점,D,대차 및 대주거래,0,외국계증권사,B,SF205,각주항목(09.06월 이후)
50217,201909,0011612,유비에스증권리미티드서울지점,D1,대차 및 대주거래_대여증권,0,외국계증권사,B,SF205,각주항목(09.06월 이후)
50218,201909,0011612,유비에스증권리미티드서울지점,D2,대차 및 대주거래_차입증권,0,외국계증권사,B,SF205,각주항목(09.06월 이후)
50219,201909,0011612,유비에스증권리미티드서울지점,D3,대차 및 대주거래_신용거래대주,0,외국계증권사,B,SF205,각주항목(09.06월 이후)
50220,201909,0011612,유비에스증권리미티드서울지점,E,대손상각채권,0,외국계증권사,B,SF205,각주항목(09.06월 이후)
50221,201909,0011612,유비에스증권리미티드서울지점,F,환전업무 예치금,0,외국계증권사,B,SF205,각주항목(09.06월 이후)
50222,201909,0011612,유비에스증권리미티드서울지점,G,미배당별도예치금,748725931,외국계증권사,B,SF205,각주항목(09.06월 이후)
50223,201909,0011612,유비에스증권리미티드서울지점,H,배서어음매출(종금계정),0,외국계증권사,B,SF205,각주항목(09.06월 이후)
50224,201909,0011612,유비에스증권리미티드서울지점,H1,대출채권매매이익_담보부,0,외국계증권사,B,SF205,각주항목(09.06월 이후)
50225,201909,0011612,유비에스증권리미티드서울지점,H2,대출채권매매이익_무담보부,0,외국계증권사,B,SF205,각주항목(09.06월 이후)
50226,201912,0011612,유비에스증권리미티드서울지점,A,채무보증,0,외국계증권사,B,SF205,각주항목(09.06월 이후)
50227,201912,0011612,유비에스증권리미티드서울지점,A1,채무보증_지급보증,0,외국계증권사,B,SF205,각주항목(09.06월 이후)
50228,201912,0011612,유비에스증권리미티드서울지점,A2,채무보증_매입보장약정,0,외국계증권사,B,SF205,각주항목(09.06월 이후)
50229,201912,0011612,유비에스증권리미티드서울지점,A3,채무보증_채무인수약정,0,외국계증권사,B,SF205,각주항목(09.06월 이후)
50230,201912,0011612,유비에스증권리미티드서울지점,A5,채무보증_매입확약,0,외국계증권사,B,SF205,각주항목(09.06월 이후)
50231,201912,0011612,유비에스증권리미티드서울지점,A6,채무보증_기타,0,외국계증권사,B,SF205,각주항목(09.06월 이후)
50232,201912,0011612,유비에스증권리미티드서울지점,B,투자자의 예수증권 등,0,외국계증권사,B,SF205,각주항목(09.06월 이후)
50233,201912,0011612,유비에스증권리미티드서울지점,B1,투자자의 예수증권 등_예수 증권,0,외국계증권사,B,SF205,각주항목(09.06월 이후)
50234,201912,0011612,유비에스증권리미티드서울지점,B2,투자자의 예수증권 등_예수양도성예금증서,0,외국계증권사,B,SF205,각주항목(09.06월 이후)
50235,201912,0011612,유비에스증권리미티드서울지점,B3,투자자의 예수증권 등_기타,0,외국계증권사,B,SF205,각주항목(09.06월 이후)
50236,201912,0011612,유비에스증권리미티드서울지점,C,파생상품계약,0,외국계증권사,B,SF205,각주항목(09.06월 이후)
50237,201912,0011612,유비에스증권리미티드서울지점,C1,파생상품계약_장내파생상품,0,외국계증권사,B,SF205,각주항목(09.06월 이후)
50238,201912,0011612,유비에스증권리미티드서울지점,C11,파생상품계약_장내파생상품_이자율관련거래,0,외국계증권사,B,SF205,각주항목(09.06월 이후)
50239,201912,0011612,유비에스증권리미티드서울지점,C12,파생상품계약_장내파생상품_통화관련거래,0,외국계증권사,B,SF205,각주항목(09.06월 이후)
50240,201912,0011612,유비에스증권리미티드서울지점,C13,파생상품계약_장내파생상품_주식관련거래,0,외국계증권사,B,SF205,각주항목(09.06월 이후)
50241,201912,0011612,유비에스증권리미티드서울지점,C14,파생상품계약_장내파생상품_일반상품관련거래,0,외국계증권사,B,SF205,각주항목(09.06월 이후)
50242,201912,0011612,유비에스증권리미티드서울지점,C15,파생상품계약_장내파생상품_기타,0,외국계증권사,B,SF205,각주항목(09.06월 이후)
50243,201912,0011612,유비에스증권리미티드서울지점,C2,파생상품계약_장외파생상품,0,외국계증권사,B,SF205,각주항목(09.06월 이후)
50244,201912,0011612,유비에스증권리미티드서울지점,C21,파생상품계약_장외파생상품_이자율관련거래,0,외국계증권사,B,SF205,각주항목(09.06월 이후)
50245,201912,0011612,유비에스증권리미티드서울지점,C22,파생상품계약_장외파생상품_통화관련거래,0,외국계증권사,B,SF205,각주항목(09.06월 이후)
50246,201912,0011612,유비에스증권리미티드서울지점,C23,파생상품계약_장외파생상품_주식관련거래,0,외국계증권사,B,SF205,각주항목(09.06월 이후)
50247,201912,0011612,유비에스증권리미티드서울지점,C24,파생상품계약_장외파생상품_신용관련거래,0,외국계증권사,B,SF205,각주항목(09.06월 이후)
50248,201912,0011612,유비에스증권리미티드서울지점,C25,파생상품계약_장외파생상품_기타,0,외국계증권사,B,SF205,각주항목(09.06월 이후)
50249,201912,0011612,유비에스증권리미티드서울지점,D,대차 및 대주거래,0,외국계증권사,B,SF205,각주항목(09.06월 이후)
50250,201912,0011612,유비에스증권리미티드서울지점,D1,대차 및 대주거래_대여증권,0,외국계증권사,B,SF205,각주항목(09.06월 이후)
50251,201912,0011612,유비에스증권리미티드서울지점,D2,대차 및 대주거래_차입증권,0,외국계증권사,B,SF205,각주항목(09.06월 이후)
50252,201912,0011612,유비에스증권리미티드서울지점,D3,대차 및 대주거래_신용거래대주,0,외국계증권사,B,SF205,각주항목(09.06월 이후)
50253,201912,0011612,유비에스증권리미티드서울지점,E,대손상각채권,0,외국계증권사,B,SF205,각주항목(09.06월 이후)
50254,201912,0011612,유비에스증권리미티드서울지점,F,환전업무 예치금,0,외국계증권사,B,SF205,각주항목(09.06월 이후)
50255,201912,0011612,유비에스증권리미티드서울지점,G,미배당별도예치금,845719875,외국계증권사,B,SF205,각주항목(09.06월 이후)
50256,201912,0011612,유비에스증권리미티드서울지점,H,배서어음매출(종금계정),0,외국계증권사,B,SF205,각주항목(09.06월 이후)
50257,201912,0011612,유비에스증권리미티드서울지점,H1,대출채권매매이익_담보부,0,외국계증권사,B,SF205,각주항목(09.06월 이후)
50258,201912,0011612,유비에스증권리미티드서울지점,H2,대출채권매매이익_무담보부,0,외국계증권사,B,SF205,각주항목(09.06월 이후)
50259,202003,0011612,유비에스증권리미티드서울지점,A,채무보증,0,외국계증권사,B,SF205,각주항목(09.06월 이후)
50260,202003,0011612,유비에스증권리미티드서울지점,A1,채무보증_지급보증,0,외국계증권사,B,SF205,각주항목(09.06월 이후)
50261,202003,0011612,유비에스증권리미티드서울지점,A2,채무보증_매입보장약정,0,외국계증권사,B,SF205,각주항목(09.06월 이후)
50262,202003,0011612,유비에스증권리미티드서울지점,A3,채무보증_채무인수약정,0,외국계증권사,B,SF205,각주항목(09.06월 이후)
50263,202003,0011612,유비에스증권리미티드서울지점,A5,채무보증_매입확약,0,외국계증권사,B,SF205,각주항목(09.06월 이후)
50264,202003,0011612,유비에스증권리미티드서울지점,A6,채무보증_기타,0,외국계증권사,B,SF205,각주항목(09.06월 이후)
50265,202003,0011612,유비에스증권리미티드서울지점,B,투자자의 예수증권 등,6788445000,외국계증권사,B,SF205,각주항목(09.06월 이후)
50266,202003,0011612,유비에스증권리미티드서울지점,B1,투자자의 예수증권 등_예수 증권,6788445000,외국계증권사,B,SF205,각주항목(09.06월 이후)
50267,202003,0011612,유비에스증권리미티드서울지점,B2,투자자의 예수증권 등_예수양도성예금증서,0,외국계증권사,B,SF205,각주항목(09.06월 이후)
50268,202003,0011612,유비에스증권리미티드서울지점,B3,투자자의 예수증권 등_기타,0,외국계증권사,B,SF205,각주항목(09.06월 이후)
50269,202003,0011612,유비에스증권리미티드서울지점,C,파생상품계약,0,외국계증권사,B,SF205,각주항목(09.06월 이후)
50270,202003,0011612,유비에스증권리미티드서울지점,C1,파생상품계약_장내파생상품,0,외국계증권사,B,SF205,각주항목(09.06월 이후)
50271,202003,0011612,유비에스증권리미티드서울지점,C11,파생상품계약_장내파생상품_이자율관련거래,0,외국계증권사,B,SF205,각주항목(09.06월 이후)
50272,202003,0011612,유비에스증권리미티드서울지점,C12,파생상품계약_장내파생상품_통화관련거래,0,외국계증권사,B,SF205,각주항목(09.06월 이후)
50273,202003,0011612,유비에스증권리미티드서울지점,C13,파생상품계약_장내파생상품_주식관련거래,0,외국계증권사,B,SF205,각주항목(09.06월 이후)
50274,202003,0011612,유비에스증권리미티드서울지점,C14,파생상품계약_장내파생상품_일반상품관련거래,0,외국계증권사,B,SF205,각주항목(09.06월 이후)
50275,202003,0011612,유비에스증권리미티드서울지점,C15,파생상품계약_장내파생상품_기타,0,외국계증권사,B,SF205,각주항목(09.06월 이후)
50276,202003,0011612,유비에스증권리미티드서울지점,C2,파생상품계약_장외파생상품,0,외국계증권사,B,SF205,각주항목(09.06월 이후)
50277,202003,0011612,유비에스증권리미티드서울지점,C21,파생상품계약_장외파생상품_이자율관련거래,0,외국계증권사,B,SF205,각주항목(09.06월 이후)
50278,202003,0011612,유비에스증권리미티드서울지점,C22,파생상품계약_장외파생상품_통화관련거래,0,외국계증권사,B,SF205,각주항목(09.06월 이후)
50279,202003,0011612,유비에스증권리미티드서울지점,C23,파생상품계약_장외파생상품_주식관련거래,0,외국계증권사,B,SF205,각주항목(09.06월 이후)
50280,202003,0011612,유비에스증권리미티드서울지점,C24,파생상품계약_장외파생상품_신용관련거래,0,외국계증권사,B,SF205,각주항목(09.06월 이후)
50281,202003,0011612,유비에스증권리미티드서울지점,C25,파생상품계약_장외파생상품_기타,0,외국계증권사,B,SF205,각주항목(09.06월 이후)
50282,202003,0011612,유비에스증권리미티드서울지점,D,대차 및 대주거래,0,외국계증권사,B,SF205,각주항목(09.06월 이후)
50283,202003,0011612,유비에스증권리미티드서울지점,D1,대차 및 대주거래_대여증권,0,외국계증권사,B,SF205,각주항목(09.06월 이후)
50284,202003,0011612,유비에스증권리미티드서울지점,D2,대차 및 대주거래_차입증권,0,외국계증권사,B,SF205,각주항목(09.06월 이후)
50285,202003,0011612,유비에스증권리미티드서울지점,D3,대차 및 대주거래_신용거래대주,0,외국계증권사,B,SF205,각주항목(09.06월 이후)
50286,202003,0011612,유비에스증권리미티드서울지점,E,대손상각채권,0,외국계증권사,B,SF205,각주항목(09.06월 이후)
50287,202003,0011612,유비에스증권리미티드서울지점,F,환전업무 예치금,0,외국계증권사,B,SF205,각주항목(09.06월 이후)
50288,202003,0011612,유비에스증권리미티드서울지점,G,미배당별도예치금,555289770,외국계증권사,B,SF205,각주항목(09.06월 이후)
50289,202003,0011612,유비에스증권리미티드서울지점,H,배서어음매출(종금계정),0,외국계증권사,B,SF205,각주항목(09.06월 이후)
50290,202003,0011612,유비에스증권리미티드서울지점,H1,대출채권매매이익_담보부,0,외국계증권사,B,SF205,각주항목(09.06월 이후)
50291,202003,0011612,유비에스증권리미티드서울지점,H2,대출채권매매이익_무담보부,0,외국계증권사,B,SF205,각주항목(09.06월 이후)
50292,202006,0011612,유비에스증권리미티드서울지점,A,채무보증,0,외국계증권사,B,SF205,각주항목(09.06월 이후)
50293,202006,0011612,유비에스증권리미티드서울지점,A1,채무보증_지급보증,0,외국계증권사,B,SF205,각주항목(09.06월 이후)
50294,202006,0011612,유비에스증권리미티드서울지점,A2,채무보증_매입보장약정,0,외국계증권사,B,SF205,각주항목(09.06월 이후)
50295,202006,0011612,유비에스증권리미티드서울지점,A3,채무보증_채무인수약정,0,외국계증권사,B,SF205,각주항목(09.06월 이후)
50296,202006,0011612,유비에스증권리미티드서울지점,A5,채무보증_매입확약,0,외국계증권사,B,SF205,각주항목(09.06월 이후)
50297,202006,0011612,유비에스증권리미티드서울지점,A6,채무보증_기타,0,외국계증권사,B,SF205,각주항목(09.06월 이후)
50298,202006,0011612,유비에스증권리미티드서울지점,B,투자자의 예수증권 등,0,외국계증권사,B,SF205,각주항목(09.06월 이후)
50299,202006,0011612,유비에스증권리미티드서울지점,B1,투자자의 예수증권 등_예수 증권,0,외국계증권사,B,SF205,각주항목(09.06월 이후)
50300,202006,0011612,유비에스증권리미티드서울지점,B2,투자자의 예수증권 등_예수양도성예금증서,0,외국계증권사,B,SF205,각주항목(09.06월 이후)
50301,202006,0011612,유비에스증권리미티드서울지점,B3,투자자의 예수증권 등_기타,0,외국계증권사,B,SF205,각주항목(09.06월 이후)
50302,202006,0011612,유비에스증권리미티드서울지점,C,파생상품계약,0,외국계증권사,B,SF205,각주항목(09.06월 이후)
50303,202006,0011612,유비에스증권리미티드서울지점,C1,파생상품계약_장내파생상품,0,외국계증권사,B,SF205,각주항목(09.06월 이후)
50304,202006,0011612,유비에스증권리미티드서울지점,C11,파생상품계약_장내파생상품_이자율관련거래,0,외국계증권사,B,SF205,각주항목(09.06월 이후)
50305,202006,0011612,유비에스증권리미티드서울지점,C12,파생상품계약_장내파생상품_통화관련거래,0,외국계증권사,B,SF205,각주항목(09.06월 이후)
50306,202006,0011612,유비에스증권리미티드서울지점,C13,파생상품계약_장내파생상품_주식관련거래,0,외국계증권사,B,SF205,각주항목(09.06월 이후)
50307,202006,0011612,유비에스증권리미티드서울지점,C14,파생상품계약_장내파생상품_일반상품관련거래,0,외국계증권사,B,SF205,각주항목(09.06월 이후)
50308,202006,0011612,유비에스증권리미티드서울지점,C15,파생상품계약_장내파생상품_기타,0,외국계증권사,B,SF205,각주항목(09.06월 이후)
50309,202006,0011612,유비에스증권리미티드서울지점,C2,파생상품계약_장외파생상품,0,외국계증권사,B,SF205,각주항목(09.06월 이후)
50310,202006,0011612,유비에스증권리미티드서울지점,C21,파생상품계약_장외파생상품_이자율관련거래,0,외국계증권사,B,SF205,각주항목(09.06월 이후)
50311,202006,0011612,유비에스증권리미티드서울지점,C22,파생상품계약_장외파생상품_통화관련거래,0,외국계증권사,B,SF205,각주항목(09.06월 이후)
50312,202006,0011612,유비에스증권리미티드서울지점,C23,파생상품계약_장외파생상품_주식관련거래,0,외국계증권사,B,SF205,각주항목(09.06월 이후)
50313,202006,0011612,유비에스증권리미티드서울지점,C24,파생상품계약_장외파생상품_신용관련거래,0,외국계증권사,B,SF205,각주항목(09.06월 이후)
50314,202006,0011612,유비에스증권리미티드서울지점,C25,파생상품계약_장외파생상품_기타,0,외국계증권사,B,SF205,각주항목(09.06월 이후)
50315,202006,0011612,유비에스증권리미티드서울지점,D,대차 및 대주거래,0,외국계증권사,B,SF205,각주항목(09.06월 이후)
50316,202006,0011612,유비에스증권리미티드서울지점,D1,대차 및 대주거래_대여증권,0,외국계증권사,B,SF205,각주항목(09.06월 이후)
50317,202006,0011612,유비에스증권리미티드서울지점,D2,대차 및 대주거래_차입증권,0,외국계증권사,B,SF205,각주항목(09.06월 이후)
50318,202006,0011612,유비에스증권리미티드서울지점,D3,대차 및 대주거래_신용거래대주,0,외국계증권사,B,SF205,각주항목(09.06월 이후)
50319,202006,0011612,유비에스증권리미티드서울지점,E,대손상각채권,0,외국계증권사,B,SF205,각주항목(09.06월 이후)
50320,202006,0011612,유비에스증권리미티드서울지점,F,환전업무 예치금,0,외국계증권사,B,SF205,각주항목(09.06월 이후)
50321,202006,0011612,유비에스증권리미티드서울지점,G,미배당별도예치금,900337122,외국계증권사,B,SF205,각주항목(09.06월 이후)
50322,202006,0011612,유비에스증권리미티드서울지점,H,배서어음매출(종금계정),0,외국계증권사,B,SF205,각주항목(09.06월 이후)
50323,202006,0011612,유비에스증권리미티드서울지점,H1,대출채권매매이익_담보부,0,외국계증권사,B,SF205,각주항목(09.06월 이후)
50324,202006,0011612,유비에스증권리미티드서울지점,H2,대출채권매매이익_무담보부,0,외국계증권사,B,SF205,각주항목(09.06월 이후)
50325,202009,0011612,유비에스증권리미티드서울지점,A,채무보증,0,외국계증권사,B,SF205,각주항목(09.06월 이후)
50326,202009,0011612,유비에스증권리미티드서울지점,A1,채무보증_지급보증,0,외국계증권사,B,SF205,각주항목(09.06월 이후)
50327,202009,0011612,유비에스증권리미티드서울지점,A2,채무보증_매입보장약정,0,외국계증권사,B,SF205,각주항목(09.06월 이후)
50328,202009,0011612,유비에스증권리미티드서울지점,A3,채무보증_채무인수약정,0,외국계증권사,B,SF205,각주항목(09.06월 이후)
50329,202009,0011612,유비에스증권리미티드서울지점,A5,채무보증_매입확약,0,외국계증권사,B,SF205,각주항목(09.06월 이후)
50330,202009,0011612,유비에스증권리미티드서울지점,A6,채무보증_기타,0,외국계증권사,B,SF205,각주항목(09.06월 이후)
50331,202009,0011612,유비에스증권리미티드서울지점,B,투자자의 예수증권 등,0,외국계증권사,B,SF205,각주항목(09.06월 이후)
50332,202009,0011612,유비에스증권리미티드서울지점,B1,투자자의 예수증권 등_예수 증권,0,외국계증권사,B,SF205,각주항목(09.06월 이후)
50333,202009,0011612,유비에스증권리미티드서울지점,B2,투자자의 예수증권 등_예수양도성예금증서,0,외국계증권사,B,SF205,각주항목(09.06월 이후)
50334,202009,0011612,유비에스증권리미티드서울지점,B3,투자자의 예수증권 등_기타,0,외국계증권사,B,SF205,각주항목(09.06월 이후)
50335,202009,0011612,유비에스증권리미티드서울지점,C,파생상품계약,0,외국계증권사,B,SF205,각주항목(09.06월 이후)
50336,202009,0011612,유비에스증권리미티드서울지점,C1,파생상품계약_장내파생상품,0,외국계증권사,B,SF205,각주항목(09.06월 이후)
50337,202009,0011612,유비에스증권리미티드서울지점,C11,파생상품계약_장내파생상품_이자율관련거래,0,외국계증권사,B,SF205,각주항목(09.06월 이후)
50338,202009,0011612,유비에스증권리미티드서울지점,C12,파생상품계약_장내파생상품_통화관련거래,0,외국계증권사,B,SF205,각주항목(09.06월 이후)
50339,202009,0011612,유비에스증권리미티드서울지점,C13,파생상품계약_장내파생상품_주식관련거래,0,외국계증권사,B,SF205,각주항목(09.06월 이후)
50340,202009,0011612,유비에스증권리미티드서울지점,C14,파생상품계약_장내파생상품_일반상품관련거래,0,외국계증권사,B,SF205,각주항목(09.06월 이후)
50341,202009,0011612,유비에스증권리미티드서울지점,C15,파생상품계약_장내파생상품_기타,0,외국계증권사,B,SF205,각주항목(09.06월 이후)
50342,202009,0011612,유비에스증권리미티드서울지점,C2,파생상품계약_장외파생상품,0,외국계증권사,B,SF205,각주항목(09.06월 이후)
50343,202009,0011612,유비에스증권리미티드서울지점,C21,파생상품계약_장외파생상품_이자율관련거래,0,외국계증권사,B,SF205,각주항목(09.06월 이후)
50344,202009,0011612,유비에스증권리미티드서울지점,C22,파생상품계약_장외파생상품_통화관련거래,0,외국계증권사,B,SF205,각주항목(09.06월 이후)
50345,202009,0011612,유비에스증권리미티드서울지점,C23,파생상품계약_장외파생상품_주식관련거래,0,외국계증권사,B,SF205,각주항목(09.06월 이후)
50346,202009,0011612,유비에스증권리미티드서울지점,C24,파생상품계약_장외파생상품_신용관련거래,0,외국계증권사,B,SF205,각주항목(09.06월 이후)
50347,202009,0011612,유비에스증권리미티드서울지점,C25,파생상품계약_장외파생상품_기타,0,외국계증권사,B,SF205,각주항목(09.06월 이후)
50348,202009,0011612,유비에스증권리미티드서울지점,D,대차 및 대주거래,0,외국계증권사,B,SF205,각주항목(09.06월 이후)
50349,202009,0011612,유비에스증권리미티드서울지점,D1,대차 및 대주거래_대여증권,0,외국계증권사,B,SF205,각주항목(09.06월 이후)
50350,202009,0011612,유비에스증권리미티드서울지점,D2,대차 및 대주거래_차입증권,0,외국계증권사,B,SF205,각주항목(09.06월 이후)
50351,202009,0011612,유비에스증권리미티드서울지점,D3,대차 및 대주거래_신용거래대주,0,외국계증권사,B,SF205,각주항목(09.06월 이후)
50352,202009,0011612,유비에스증권리미티드서울지점,E,대손상각채권,0,외국계증권사,B,SF205,각주항목(09.06월 이후)
50353,202009,0011612,유비에스증권리미티드서울지점,F,환전업무 예치금,0,외국계증권사,B,SF205,각주항목(09.06월 이후)
50354,202009,0011612,유비에스증권리미티드서울지점,G,미배당별도예치금,1567303238,외국계증권사,B,SF205,각주항목(09.06월 이후)
50355,202009,0011612,유비에스증권리미티드서울지점,H,배서어음매출(종금계정),0,외국계증권사,B,SF205,각주항목(09.06월 이후)
50356,202009,0011612,유비에스증권리미티드서울지점,H1,대출채권매매이익_담보부,0,외국계증권사,B,SF205,각주항목(09.06월 이후)
50357,202009,0011612,유비에스증권리미티드서울지점,H2,대출채권매매이익_무담보부,0,외국계증권사,B,SF205,각주항목(09.06월 이후)
50358,202012,0011612,유비에스증권리미티드서울지점,A,채무보증,0,외국계증권사,B,SF205,각주항목(09.06월 이후)
50359,202012,0011612,유비에스증권리미티드서울지점,A1,채무보증_지급보증,0,외국계증권사,B,SF205,각주항목(09.06월 이후)
50360,202012,0011612,유비에스증권리미티드서울지점,A2,채무보증_매입보장약정,0,외국계증권사,B,SF205,각주항목(09.06월 이후)
50361,202012,0011612,유비에스증권리미티드서울지점,A3,채무보증_채무인수약정,0,외국계증권사,B,SF205,각주항목(09.06월 이후)
50362,202012,0011612,유비에스증권리미티드서울지점,A5,채무보증_매입확약,0,외국계증권사,B,SF205,각주항목(09.06월 이후)
50363,202012,0011612,유비에스증권리미티드서울지점,A6,채무보증_기타,0,외국계증권사,B,SF205,각주항목(09.06월 이후)
50364,202012,0011612,유비에스증권리미티드서울지점,B,투자자의 예수증권 등,0,외국계증권사,B,SF205,각주항목(09.06월 이후)
50365,202012,0011612,유비에스증권리미티드서울지점,B1,투자자의 예수증권 등_예수 증권,0,외국계증권사,B,SF205,각주항목(09.06월 이후)
50366,202012,0011612,유비에스증권리미티드서울지점,B2,투자자의 예수증권 등_예수양도성예금증서,0,외국계증권사,B,SF205,각주항목(09.06월 이후)
50367,202012,0011612,유비에스증권리미티드서울지점,B3,투자자의 예수증권 등_기타,0,외국계증권사,B,SF205,각주항목(09.06월 이후)
50368,202012,0011612,유비에스증권리미티드서울지점,C,파생상품계약,0,외국계증권사,B,SF205,각주항목(09.06월 이후)
50369,202012,0011612,유비에스증권리미티드서울지점,C1,파생상품계약_장내파생상품,0,외국계증권사,B,SF205,각주항목(09.06월 이후)
50370,202012,0011612,유비에스증권리미티드서울지점,C11,파생상품계약_장내파생상품_이자율관련거래,0,외국계증권사,B,SF205,각주항목(09.06월 이후)
50371,202012,0011612,유비에스증권리미티드서울지점,C12,파생상품계약_장내파생상품_통화관련거래,0,외국계증권사,B,SF205,각주항목(09.06월 이후)
50372,202012,0011612,유비에스증권리미티드서울지점,C13,파생상품계약_장내파생상품_주식관련거래,0,외국계증권사,B,SF205,각주항목(09.06월 이후)
50373,202012,0011612,유비에스증권리미티드서울지점,C14,파생상품계약_장내파생상품_일반상품관련거래,0,외국계증권사,B,SF205,각주항목(09.06월 이후)
50374,202012,0011612,유비에스증권리미티드서울지점,C15,파생상품계약_장내파생상품_기타,0,외국계증권사,B,SF205,각주항목(09.06월 이후)
50375,202012,0011612,유비에스증권리미티드서울지점,C2,파생상품계약_장외파생상품,0,외국계증권사,B,SF205,각주항목(09.06월 이후)
50376,202012,0011612,유비에스증권리미티드서울지점,C21,파생상품계약_장외파생상품_이자율관련거래,0,외국계증권사,B,SF205,각주항목(09.06월 이후)
50377,202012,0011612,유비에스증권리미티드서울지점,C22,파생상품계약_장외파생상품_통화관련거래,0,외국계증권사,B,SF205,각주항목(09.06월 이후)
50378,202012,0011612,유비에스증권리미티드서울지점,C23,파생상품계약_장외파생상품_주식관련거래,0,외국계증권사,B,SF205,각주항목(09.06월 이후)
50379,202012,0011612,유비에스증권리미티드서울지점,C24,파생상품계약_장외파생상품_신용관련거래,0,외국계증권사,B,SF205,각주항목(09.06월 이후)
50380,202012,0011612,유비에스증권리미티드서울지점,C25,파생상품계약_장외파생상품_기타,0,외국계증권사,B,SF205,각주항목(09.06월 이후)
50381,202012,0011612,유비에스증권리미티드서울지점,D,대차 및 대주거래,0,외국계증권사,B,SF205,각주항목(09.06월 이후)
50382,202012,0011612,유비에스증권리미티드서울지점,D1,대차 및 대주거래_대여증권,0,외국계증권사,B,SF205,각주항목(09.06월 이후)
50383,202012,0011612,유비에스증권리미티드서울지점,D2,대차 및 대주거래_차입증권,0,외국계증권사,B,SF205,각주항목(09.06월 이후)
50384,202012,0011612,유비에스증권리미티드서울지점,D3,대차 및 대주거래_신용거래대주,0,외국계증권사,B,SF205,각주항목(09.06월 이후)
50385,202012,0011612,유비에스증권리미티드서울지점,E,대손상각채권,0,외국계증권사,B,SF205,각주항목(09.06월 이후)
50386,202012,0011612,유비에스증권리미티드서울지점,F,환전업무 예치금,0,외국계증권사,B,SF205,각주항목(09.06월 이후)
50387,202012,0011612,유비에스증권리미티드서울지점,G,미배당별도예치금,1624990465,외국계증권사,B,SF205,각주항목(09.06월 이후)
50388,202012,0011612,유비에스증권리미티드서울지점,H,배서어음매출(종금계정),0,외국계증권사,B,SF205,각주항목(09.06월 이후)
50389,202012,0011612,유비에스증권리미티드서울지점,H1,대출채권매매이익_담보부,0,외국계증권사,B,SF205,각주항목(09.06월 이후)
50390,202012,0011612,유비에스증권리미티드서울지점,H2,대출채권매매이익_무담보부,0,외국계증권사,B,SF205,각주항목(09.06월 이후)
50391,202103,0011612,유비에스증권리미티드서울지점,A,채무보증,0,외국계증권사,B,SF205,각주항목(09.06월 이후)
50392,202103,0011612,유비에스증권리미티드서울지점,A1,채무보증_지급보증,0,외국계증권사,B,SF205,각주항목(09.06월 이후)
50393,202103,0011612,유비에스증권리미티드서울지점,A2,채무보증_매입보장약정,0,외국계증권사,B,SF205,각주항목(09.06월 이후)
50394,202103,0011612,유비에스증권리미티드서울지점,A3,채무보증_채무인수약정,0,외국계증권사,B,SF205,각주항목(09.06월 이후)
50395,202103,0011612,유비에스증권리미티드서울지점,A5,채무보증_매입확약,0,외국계증권사,B,SF205,각주항목(09.06월 이후)
50396,202103,0011612,유비에스증권리미티드서울지점,A6,채무보증_기타,0,외국계증권사,B,SF205,각주항목(09.06월 이후)
50397,202103,0011612,유비에스증권리미티드서울지점,B,투자자의 예수증권 등,0,외국계증권사,B,SF205,각주항목(09.06월 이후)
50398,202103,0011612,유비에스증권리미티드서울지점,B1,투자자의 예수증권 등_예수 증권,0,외국계증권사,B,SF205,각주항목(09.06월 이후)
50399,202103,0011612,유비에스증권리미티드서울지점,B2,투자자의 예수증권 등_예수양도성예금증서,0,외국계증권사,B,SF205,각주항목(09.06월 이후)
50400,202103,0011612,유비에스증권리미티드서울지점,B3,투자자의 예수증권 등_기타,0,외국계증권사,B,SF205,각주항목(09.06월 이후)
50401,202103,0011612,유비에스증권리미티드서울지점,C,파생상품계약,0,외국계증권사,B,SF205,각주항목(09.06월 이후)
50402,202103,0011612,유비에스증권리미티드서울지점,C1,파생상품계약_장내파생상품,0,외국계증권사,B,SF205,각주항목(09.06월 이후)
50403,202103,0011612,유비에스증권리미티드서울지점,C11,파생상품계약_장내파생상품_이자율관련거래,0,외국계증권사,B,SF205,각주항목(09.06월 이후)
50404,202103,0011612,유비에스증권리미티드서울지점,C12,파생상품계약_장내파생상품_통화관련거래,0,외국계증권사,B,SF205,각주항목(09.06월 이후)
50405,202103,0011612,유비에스증권리미티드서울지점,C13,파생상품계약_장내파생상품_주식관련거래,0,외국계증권사,B,SF205,각주항목(09.06월 이후)
50406,202103,0011612,유비에스증권리미티드서울지점,C14,파생상품계약_장내파생상품_일반상품관련거래,0,외국계증권사,B,SF205,각주항목(09.06월 이후)
50407,202103,0011612,유비에스증권리미티드서울지점,C15,파생상품계약_장내파생상품_기타,0,외국계증권사,B,SF205,각주항목(09.06월 이후)
50408,202103,0011612,유비에스증권리미티드서울지점,C2,파생상품계약_장외파생상품,0,외국계증권사,B,SF205,각주항목(09.06월 이후)
50409,202103,0011612,유비에스증권리미티드서울지점,C21,파생상품계약_장외파생상품_이자율관련거래,0,외국계증권사,B,SF205,각주항목(09.06월 이후)
50410,202103,0011612,유비에스증권리미티드서울지점,C22,파생상품계약_장외파생상품_통화관련거래,0,외국계증권사,B,SF205,각주항목(09.06월 이후)
50411,202103,0011612,유비에스증권리미티드서울지점,C23,파생상품계약_장외파생상품_주식관련거래,0,외국계증권사,B,SF205,각주항목(09.06월 이후)
50412,202103,0011612,유비에스증권리미티드서울지점,C24,파생상품계약_장외파생상품_신용관련거래,0,외국계증권사,B,SF205,각주항목(09.06월 이후)
50413,202103,0011612,유비에스증권리미티드서울지점,C25,파생상품계약_장외파생상품_기타,0,외국계증권사,B,SF205,각주항목(09.06월 이후)
50414,202103,0011612,유비에스증권리미티드서울지점,D,대차 및 대주거래,0,외국계증권사,B,SF205,각주항목(09.06월 이후)
50415,202103,0011612,유비에스증권리미티드서울지점,D1,대차 및 대주거래_대여증권,0,외국계증권사,B,SF205,각주항목(09.06월 이후)
50416,202103,0011612,유비에스증권리미티드서울지점,D2,대차 및 대주거래_차입증권,0,외국계증권사,B,SF205,각주항목(09.06월 이후)
50417,202103,0011612,유비에스증권리미티드서울지점,D3,대차 및 대주거래_신용거래대주,0,외국계증권사,B,SF205,각주항목(09.06월 이후)
50418,202103,0011612,유비에스증권리미티드서울지점,E,대손상각채권,0,외국계증권사,B,SF205,각주항목(09.06월 이후)
50419,202103,0011612,유비에스증권리미티드서울지점,F,환전업무 예치금,0,외국계증권사,B,SF205,각주항목(09.06월 이후)
50420,202103,0011612,유비에스증권리미티드서울지점,G,미배당별도예치금,357658010,외국계증권사,B,SF205,각주항목(09.06월 이후)
50421,202103,0011612,유비에스증권리미티드서울지점,H,배서어음매출(종금계정),0,외국계증권사,B,SF205,각주항목(09.06월 이후)
50422,202103,0011612,유비에스증권리미티드서울지점,H1,대출채권매매이익_담보부,0,외국계증권사,B,SF205,각주항목(09.06월 이후)
50423,202103,0011612,유비에스증권리미티드서울지점,H2,대출채권매매이익_무담보부,0,외국계증권사,B,SF205,각주항목(09.06월 이후)
50424,202106,0011612,유비에스증권리미티드서울지점,A,채무보증,0,외국계증권사,B,SF205,각주항목(09.06월 이후)
50425,202106,0011612,유비에스증권리미티드서울지점,A1,채무보증_지급보증,0,외국계증권사,B,SF205,각주항목(09.06월 이후)
50426,202106,0011612,유비에스증권리미티드서울지점,A2,채무보증_매입보장약정,0,외국계증권사,B,SF205,각주항목(09.06월 이후)
50427,202106,0011612,유비에스증권리미티드서울지점,A3,채무보증_채무인수약정,0,외국계증권사,B,SF205,각주항목(09.06월 이후)
50428,202106,0011612,유비에스증권리미티드서울지점,A5,채무보증_매입확약,0,외국계증권사,B,SF205,각주항목(09.06월 이후)
50429,202106,0011612,유비에스증권리미티드서울지점,A6,채무보증_기타,0,외국계증권사,B,SF205,각주항목(09.06월 이후)
50430,202106,0011612,유비에스증권리미티드서울지점,B,투자자의 예수증권 등,0,외국계증권사,B,SF205,각주항목(09.06월 이후)
50431,202106,0011612,유비에스증권리미티드서울지점,B1,투자자의 예수증권 등_예수 증권,0,외국계증권사,B,SF205,각주항목(09.06월 이후)
50432,202106,0011612,유비에스증권리미티드서울지점,B2,투자자의 예수증권 등_예수양도성예금증서,0,외국계증권사,B,SF205,각주항목(09.06월 이후)
50433,202106,0011612,유비에스증권리미티드서울지점,B3,투자자의 예수증권 등_기타,0,외국계증권사,B,SF205,각주항목(09.06월 이후)
50434,202106,0011612,유비에스증권리미티드서울지점,C,파생상품계약,0,외국계증권사,B,SF205,각주항목(09.06월 이후)
50435,202106,0011612,유비에스증권리미티드서울지점,C1,파생상품계약_장내파생상품,0,외국계증권사,B,SF205,각주항목(09.06월 이후)
50436,202106,0011612,유비에스증권리미티드서울지점,C11,파생상품계약_장내파생상품_이자율관련거래,0,외국계증권사,B,SF205,각주항목(09.06월 이후)
50437,202106,0011612,유비에스증권리미티드서울지점,C12,파생상품계약_장내파생상품_통화관련거래,0,외국계증권사,B,SF205,각주항목(09.06월 이후)
50438,202106,0011612,유비에스증권리미티드서울지점,C13,파생상품계약_장내파생상품_주식관련거래,0,외국계증권사,B,SF205,각주항목(09.06월 이후)
50439,202106,0011612,유비에스증권리미티드서울지점,C14,파생상품계약_장내파생상품_일반상품관련거래,0,외국계증권사,B,SF205,각주항목(09.06월 이후)
50440,202106,0011612,유비에스증권리미티드서울지점,C15,파생상품계약_장내파생상품_기타,0,외국계증권사,B,SF205,각주항목(09.06월 이후)
50441,202106,0011612,유비에스증권리미티드서울지점,C2,파생상품계약_장외파생상품,0,외국계증권사,B,SF205,각주항목(09.06월 이후)
50442,202106,0011612,유비에스증권리미티드서울지점,C21,파생상품계약_장외파생상품_이자율관련거래,0,외국계증권사,B,SF205,각주항목(09.06월 이후)
50443,202106,0011612,유비에스증권리미티드서울지점,C22,파생상품계약_장외파생상품_통화관련거래,0,외국계증권사,B,SF205,각주항목(09.06월 이후)
50444,202106,0011612,유비에스증권리미티드서울지점,C23,파생상품계약_장외파생상품_주식관련거래,0,외국계증권사,B,SF205,각주항목(09.06월 이후)
50445,202106,0011612,유비에스증권리미티드서울지점,C24,파생상품계약_장외파생상품_신용관련거래,0,외국계증권사,B,SF205,각주항목(09.06월 이후)
50446,202106,0011612,유비에스증권리미티드서울지점,C25,파생상품계약_장외파생상품_기타,0,외국계증권사,B,SF205,각주항목(09.06월 이후)
50447,202106,0011612,유비에스증권리미티드서울지점,D,대차 및 대주거래,0,외국계증권사,B,SF205,각주항목(09.06월 이후)
50448,202106,0011612,유비에스증권리미티드서울지점,D1,대차 및 대주거래_대여증권,0,외국계증권사,B,SF205,각주항목(09.06월 이후)
50449,202106,0011612,유비에스증권리미티드서울지점,D2,대차 및 대주거래_차입증권,0,외국계증권사,B,SF205,각주항목(09.06월 이후)
50450,202106,0011612,유비에스증권리미티드서울지점,D3,대차 및 대주거래_신용거래대주,0,외국계증권사,B,SF205,각주항목(09.06월 이후)
50451,202106,0011612,유비에스증권리미티드서울지점,E,대손상각채권,0,외국계증권사,B,SF205,각주항목(09.06월 이후)
50452,202106,0011612,유비에스증권리미티드서울지점,F,환전업무 예치금,0,외국계증권사,B,SF205,각주항목(09.06월 이후)
50453,202106,0011612,유비에스증권리미티드서울지점,G,미배당별도예치금,701881759,외국계증권사,B,SF205,각주항목(09.06월 이후)
50454,202106,0011612,유비에스증권리미티드서울지점,H,배서어음매출(종금계정),0,외국계증권사,B,SF205,각주항목(09.06월 이후)
50455,202106,0011612,유비에스증권리미티드서울지점,H1,대출채권매매이익_담보부,0,외국계증권사,B,SF205,각주항목(09.06월 이후)
50456,202106,0011612,유비에스증권리미티드서울지점,H2,대출채권매매이익_무담보부,0,외국계증권사,B,SF205,각주항목(09.06월 이후)
50457,202109,0011612,유비에스증권리미티드서울지점,A,채무보증,0,외국계증권사,B,SF205,각주항목(09.06월 이후)
50458,202109,0011612,유비에스증권리미티드서울지점,A1,채무보증_지급보증,0,외국계증권사,B,SF205,각주항목(09.06월 이후)
50459,202109,0011612,유비에스증권리미티드서울지점,A2,채무보증_매입보장약정,0,외국계증권사,B,SF205,각주항목(09.06월 이후)
50460,202109,0011612,유비에스증권리미티드서울지점,A3,채무보증_채무인수약정,0,외국계증권사,B,SF205,각주항목(09.06월 이후)
50461,202109,0011612,유비에스증권리미티드서울지점,A5,채무보증_매입확약,0,외국계증권사,B,SF205,각주항목(09.06월 이후)
50462,202109,0011612,유비에스증권리미티드서울지점,A6,채무보증_기타,0,외국계증권사,B,SF205,각주항목(09.06월 이후)
50463,202109,0011612,유비에스증권리미티드서울지점,B,투자자의 예수증권 등,0,외국계증권사,B,SF205,각주항목(09.06월 이후)
50464,202109,0011612,유비에스증권리미티드서울지점,B1,투자자의 예수증권 등_예수 증권,0,외국계증권사,B,SF205,각주항목(09.06월 이후)
50465,202109,0011612,유비에스증권리미티드서울지점,B2,투자자의 예수증권 등_예수양도성예금증서,0,외국계증권사,B,SF205,각주항목(09.06월 이후)
50466,202109,0011612,유비에스증권리미티드서울지점,B3,투자자의 예수증권 등_기타,0,외국계증권사,B,SF205,각주항목(09.06월 이후)
50467,202109,0011612,유비에스증권리미티드서울지점,C,파생상품계약,0,외국계증권사,B,SF205,각주항목(09.06월 이후)
50468,202109,0011612,유비에스증권리미티드서울지점,C1,파생상품계약_장내파생상품,0,외국계증권사,B,SF205,각주항목(09.06월 이후)
50469,202109,0011612,유비에스증권리미티드서울지점,C11,파생상품계약_장내파생상품_이자율관련거래,0,외국계증권사,B,SF205,각주항목(09.06월 이후)
50470,202109,0011612,유비에스증권리미티드서울지점,C12,파생상품계약_장내파생상품_통화관련거래,0,외국계증권사,B,SF205,각주항목(09.06월 이후)
50471,202109,0011612,유비에스증권리미티드서울지점,C13,파생상품계약_장내파생상품_주식관련거래,0,외국계증권사,B,SF205,각주항목(09.06월 이후)
50472,202109,0011612,유비에스증권리미티드서울지점,C14,파생상품계약_장내파생상품_일반상품관련거래,0,외국계증권사,B,SF205,각주항목(09.06월 이후)
50473,202109,0011612,유비에스증권리미티드서울지점,C15,파생상품계약_장내파생상품_기타,0,외국계증권사,B,SF205,각주항목(09.06월 이후)
50474,202109,0011612,유비에스증권리미티드서울지점,C2,파생상품계약_장외파생상품,0,외국계증권사,B,SF205,각주항목(09.06월 이후)
50475,202109,0011612,유비에스증권리미티드서울지점,C21,파생상품계약_장외파생상품_이자율관련거래,0,외국계증권사,B,SF205,각주항목(09.06월 이후)
50476,202109,0011612,유비에스증권리미티드서울지점,C22,파생상품계약_장외파생상품_통화관련거래,0,외국계증권사,B,SF205,각주항목(09.06월 이후)
50477,202109,0011612,유비에스증권리미티드서울지점,C23,파생상품계약_장외파생상품_주식관련거래,0,외국계증권사,B,SF205,각주항목(09.06월 이후)
50478,202109,0011612,유비에스증권리미티드서울지점,C24,파생상품계약_장외파생상품_신용관련거래,0,외국계증권사,B,SF205,각주항목(09.06월 이후)
50479,202109,0011612,유비에스증권리미티드서울지점,C25,파생상품계약_장외파생상품_기타,0,외국계증권사,B,SF205,각주항목(09.06월 이후)
50480,202109,0011612,유비에스증권리미티드서울지점,D,대차 및 대주거래,0,외국계증권사,B,SF205,각주항목(09.06월 이후)
50481,202109,0011612,유비에스증권리미티드서울지점,D1,대차 및 대주거래_대여증권,0,외국계증권사,B,SF205,각주항목(09.06월 이후)
50482,202109,0011612,유비에스증권리미티드서울지점,D2,대차 및 대주거래_차입증권,0,외국계증권사,B,SF205,각주항목(09.06월 이후)
50483,202109,0011612,유비에스증권리미티드서울지점,D3,대차 및 대주거래_신용거래대주,0,외국계증권사,B,SF205,각주항목(09.06월 이후)
50484,202109,0011612,유비에스증권리미티드서울지점,E,대손상각채권,0,외국계증권사,B,SF205,각주항목(09.06월 이후)
50485,202109,0011612,유비에스증권리미티드서울지점,F,환전업무 예치금,0,외국계증권사,B,SF205,각주항목(09.06월 이후)
50486,202109,0011612,유비에스증권리미티드서울지점,G,미배당별도예치금,929391449,외국계증권사,B,SF205,각주항목(09.06월 이후)
50487,202109,0011612,유비에스증권리미티드서울지점,H,배서어음매출(종금계정),0,외국계증권사,B,SF205,각주항목(09.06월 이후)
50488,202109,0011612,유비에스증권리미티드서울지점,H1,대출채권매매이익_담보부,0,외국계증권사,B,SF205,각주항목(09.06월 이후)
50489,202109,0011612,유비에스증권리미티드서울지점,H2,대출채권매매이익_무담보부,0,외국계증권사,B,SF205,각주항목(09.06월 이후)
50490,202112,0011612,유비에스증권리미티드서울지점,A,채무보증,0,외국계증권사,B,SF205,각주항목(09.06월 이후)
50491,202112,0011612,유비에스증권리미티드서울지점,A1,채무보증_지급보증,0,외국계증권사,B,SF205,각주항목(09.06월 이후)
50492,202112,0011612,유비에스증권리미티드서울지점,A2,채무보증_매입보장약정,0,외국계증권사,B,SF205,각주항목(09.06월 이후)
50493,202112,0011612,유비에스증권리미티드서울지점,A3,채무보증_채무인수약정,0,외국계증권사,B,SF205,각주항목(09.06월 이후)
50494,202112,0011612,유비에스증권리미티드서울지점,A5,채무보증_매입확약,0,외국계증권사,B,SF205,각주항목(09.06월 이후)
50495,202112,0011612,유비에스증권리미티드서울지점,A6,채무보증_기타,0,외국계증권사,B,SF205,각주항목(09.06월 이후)
50496,202112,0011612,유비에스증권리미티드서울지점,B,투자자의 예수증권 등,0,외국계증권사,B,SF205,각주항목(09.06월 이후)
50497,202112,0011612,유비에스증권리미티드서울지점,B1,투자자의 예수증권 등_예수 증권,0,외국계증권사,B,SF205,각주항목(09.06월 이후)
50498,202112,0011612,유비에스증권리미티드서울지점,B2,투자자의 예수증권 등_예수양도성예금증서,0,외국계증권사,B,SF205,각주항목(09.06월 이후)
50499,202112,0011612,유비에스증권리미티드서울지점,B3,투자자의 예수증권 등_기타,0,외국계증권사,B,SF205,각주항목(09.06월 이후)
50500,202112,0011612,유비에스증권리미티드서울지점,C,파생상품계약,0,외국계증권사,B,SF205,각주항목(09.06월 이후)
50501,202112,0011612,유비에스증권리미티드서울지점,C1,파생상품계약_장내파생상품,0,외국계증권사,B,SF205,각주항목(09.06월 이후)
50502,202112,0011612,유비에스증권리미티드서울지점,C11,파생상품계약_장내파생상품_이자율관련거래,0,외국계증권사,B,SF205,각주항목(09.06월 이후)
50503,202112,0011612,유비에스증권리미티드서울지점,C12,파생상품계약_장내파생상품_통화관련거래,0,외국계증권사,B,SF205,각주항목(09.06월 이후)
50504,202112,0011612,유비에스증권리미티드서울지점,C13,파생상품계약_장내파생상품_주식관련거래,0,외국계증권사,B,SF205,각주항목(09.06월 이후)
50505,202112,0011612,유비에스증권리미티드서울지점,C14,파생상품계약_장내파생상품_일반상품관련거래,0,외국계증권사,B,SF205,각주항목(09.06월 이후)
50506,202112,0011612,유비에스증권리미티드서울지점,C15,파생상품계약_장내파생상품_기타,0,외국계증권사,B,SF205,각주항목(09.06월 이후)
50507,202112,0011612,유비에스증권리미티드서울지점,C2,파생상품계약_장외파생상품,0,외국계증권사,B,SF205,각주항목(09.06월 이후)
50508,202112,0011612,유비에스증권리미티드서울지점,C21,파생상품계약_장외파생상품_이자율관련거래,0,외국계증권사,B,SF205,각주항목(09.06월 이후)
50509,202112,0011612,유비에스증권리미티드서울지점,C22,파생상품계약_장외파생상품_통화관련거래,0,외국계증권사,B,SF205,각주항목(09.06월 이후)
50510,202112,0011612,유비에스증권리미티드서울지점,C23,파생상품계약_장외파생상품_주식관련거래,0,외국계증권사,B,SF205,각주항목(09.06월 이후)
50511,202112,0011612,유비에스증권리미티드서울지점,C24,파생상품계약_장외파생상품_신용관련거래,0,외국계증권사,B,SF205,각주항목(09.06월 이후)
50512,202112,0011612,유비에스증권리미티드서울지점,C25,파생상품계약_장외파생상품_기타,0,외국계증권사,B,SF205,각주항목(09.06월 이후)
50513,202112,0011612,유비에스증권리미티드서울지점,D,대차 및 대주거래,0,외국계증권사,B,SF205,각주항목(09.06월 이후)
50514,202112,0011612,유비에스증권리미티드서울지점,D1,대차 및 대주거래_대여증권,0,외국계증권사,B,SF205,각주항목(09.06월 이후)
50515,202112,0011612,유비에스증권리미티드서울지점,D2,대차 및 대주거래_차입증권,0,외국계증권사,B,SF205,각주항목(09.06월 이후)
50516,202112,0011612,유비에스증권리미티드서울지점,D3,대차 및 대주거래_신용거래대주,0,외국계증권사,B,SF205,각주항목(09.06월 이후)
50517,202112,0011612,유비에스증권리미티드서울지점,E,대손상각채권,0,외국계증권사,B,SF205,각주항목(09.06월 이후)
50518,202112,0011612,유비에스증권리미티드서울지점,F,환전업무 예치금,0,외국계증권사,B,SF205,각주항목(09.06월 이후)
50519,202112,0011612,유비에스증권리미티드서울지점,G,미배당별도예치금,902485923,외국계증권사,B,SF205,각주항목(09.06월 이후)
50520,202112,0011612,유비에스증권리미티드서울지점,H,배서어음매출(종금계정),0,외국계증권사,B,SF205,각주항목(09.06월 이후)
50521,202112,0011612,유비에스증권리미티드서울지점,H1,대출채권매매이익_담보부,0,외국계증권사,B,SF205,각주항목(09.06월 이후)
50522,202112,0011612,유비에스증권리미티드서울지점,H2,대출채권매매이익_무담보부,0,외국계증권사,B,SF205,각주항목(09.06월 이후)
50523,202203,0011612,유비에스증권리미티드서울지점,A,채무보증,0,외국계증권사,B,SF205,각주항목(09.06월 이후)
50524,202203,0011612,유비에스증권리미티드서울지점,A1,채무보증_지급보증,0,외국계증권사,B,SF205,각주항목(09.06월 이후)
50525,202203,0011612,유비에스증권리미티드서울지점,A2,채무보증_매입보장약정,0,외국계증권사,B,SF205,각주항목(09.06월 이후)
50526,202203,0011612,유비에스증권리미티드서울지점,A3,채무보증_채무인수약정,0,외국계증권사,B,SF205,각주항목(09.06월 이후)
50527,202203,0011612,유비에스증권리미티드서울지점,A5,채무보증_매입확약,0,외국계증권사,B,SF205,각주항목(09.06월 이후)
50528,202203,0011612,유비에스증권리미티드서울지점,A6,채무보증_기타,0,외국계증권사,B,SF205,각주항목(09.06월 이후)
50529,202203,0011612,유비에스증권리미티드서울지점,B,투자자의 예수증권 등,0,외국계증권사,B,SF205,각주항목(09.06월 이후)
50530,202203,0011612,유비에스증권리미티드서울지점,B1,투자자의 예수증권 등_예수 증권,0,외국계증권사,B,SF205,각주항목(09.06월 이후)
50531,202203,0011612,유비에스증권리미티드서울지점,B2,투자자의 예수증권 등_예수양도성예금증서,0,외국계증권사,B,SF205,각주항목(09.06월 이후)
50532,202203,0011612,유비에스증권리미티드서울지점,B3,투자자의 예수증권 등_기타,0,외국계증권사,B,SF205,각주항목(09.06월 이후)
50533,202203,0011612,유비에스증권리미티드서울지점,C,파생상품계약,0,외국계증권사,B,SF205,각주항목(09.06월 이후)
50534,202203,0011612,유비에스증권리미티드서울지점,C1,파생상품계약_장내파생상품,0,외국계증권사,B,SF205,각주항목(09.06월 이후)
50535,202203,0011612,유비에스증권리미티드서울지점,C11,파생상품계약_장내파생상품_이자율관련거래,0,외국계증권사,B,SF205,각주항목(09.06월 이후)
50536,202203,0011612,유비에스증권리미티드서울지점,C12,파생상품계약_장내파생상품_통화관련거래,0,외국계증권사,B,SF205,각주항목(09.06월 이후)
50537,202203,0011612,유비에스증권리미티드서울지점,C13,파생상품계약_장내파생상품_주식관련거래,0,외국계증권사,B,SF205,각주항목(09.06월 이후)
50538,202203,0011612,유비에스증권리미티드서울지점,C14,파생상품계약_장내파생상품_일반상품관련거래,0,외국계증권사,B,SF205,각주항목(09.06월 이후)
50539,202203,0011612,유비에스증권리미티드서울지점,C15,파생상품계약_장내파생상품_기타,0,외국계증권사,B,SF205,각주항목(09.06월 이후)
50540,202203,0011612,유비에스증권리미티드서울지점,C2,파생상품계약_장외파생상품,0,외국계증권사,B,SF205,각주항목(09.06월 이후)
50541,202203,0011612,유비에스증권리미티드서울지점,C21,파생상품계약_장외파생상품_이자율관련거래,0,외국계증권사,B,SF205,각주항목(09.06월 이후)
50542,202203,0011612,유비에스증권리미티드서울지점,C22,파생상품계약_장외파생상품_통화관련거래,0,외국계증권사,B,SF205,각주항목(09.06월 이후)
50543,202203,0011612,유비에스증권리미티드서울지점,C23,파생상품계약_장외파생상품_주식관련거래,0,외국계증권사,B,SF205,각주항목(09.06월 이후)
50544,202203,0011612,유비에스증권리미티드서울지점,C24,파생상품계약_장외파생상품_신용관련거래,0,외국계증권사,B,SF205,각주항목(09.06월 이후)
50545,202203,0011612,유비에스증권리미티드서울지점,C25,파생상품계약_장외파생상품_기타,0,외국계증권사,B,SF205,각주항목(09.06월 이후)
50546,202203,0011612,유비에스증권리미티드서울지점,D,대차 및 대주거래,0,외국계증권사,B,SF205,각주항목(09.06월 이후)
50547,202203,0011612,유비에스증권리미티드서울지점,D1,대차 및 대주거래_대여증권,0,외국계증권사,B,SF205,각주항목(09.06월 이후)
50548,202203,0011612,유비에스증권리미티드서울지점,D2,대차 및 대주거래_차입증권,0,외국계증권사,B,SF205,각주항목(09.06월 이후)
50549,202203,0011612,유비에스증권리미티드서울지점,D3,대차 및 대주거래_신용거래대주,0,외국계증권사,B,SF205,각주항목(09.06월 이후)
50550,202203,0011612,유비에스증권리미티드서울지점,E,대손상각채권,0,외국계증권사,B,SF205,각주항목(09.06월 이후)
50551,202203,0011612,유비에스증권리미티드서울지점,F,환전업무 예치금,0,외국계증권사,B,SF205,각주항목(09.06월 이후)
50552,202203,0011612,유비에스증권리미티드서울지점,G,미배당별도예치금,175468148,외국계증권사,B,SF205,각주항목(09.06월 이후)
50553,202203,0011612,유비에스증권리미티드서울지점,H,배서어음매출(종금계정),0,외국계증권사,B,SF205,각주항목(09.06월 이후)
50554,202203,0011612,유비에스증권리미티드서울지점,H1,대출채권매매이익_담보부,0,외국계증권사,B,SF205,각주항목(09.06월 이후)
50555,202203,0011612,유비에스증권리미티드서울지점,H2,대출채권매매이익_무담보부,0,외국계증권사,B,SF205,각주항목(09.06월 이후)
50556,202206,0011612,유비에스증권리미티드서울지점,A,채무보증,0,외국계증권사,B,SF205,각주항목(09.06월 이후)
50557,202206,0011612,유비에스증권리미티드서울지점,A1,채무보증_지급보증,0,외국계증권사,B,SF205,각주항목(09.06월 이후)
50558,202206,0011612,유비에스증권리미티드서울지점,A2,채무보증_매입보장약정,0,외국계증권사,B,SF205,각주항목(09.06월 이후)
50559,202206,0011612,유비에스증권리미티드서울지점,A3,채무보증_채무인수약정,0,외국계증권사,B,SF205,각주항목(09.06월 이후)
50560,202206,0011612,유비에스증권리미티드서울지점,A5,채무보증_매입확약,0,외국계증권사,B,SF205,각주항목(09.06월 이후)
50561,202206,0011612,유비에스증권리미티드서울지점,A6,채무보증_기타,0,외국계증권사,B,SF205,각주항목(09.06월 이후)
50562,202206,0011612,유비에스증권리미티드서울지점,B,투자자의 예수증권 등,0,외국계증권사,B,SF205,각주항목(09.06월 이후)
50563,202206,0011612,유비에스증권리미티드서울지점,B1,투자자의 예수증권 등_예수 증권,0,외국계증권사,B,SF205,각주항목(09.06월 이후)
50564,202206,0011612,유비에스증권리미티드서울지점,B2,투자자의 예수증권 등_예수양도성예금증서,0,외국계증권사,B,SF205,각주항목(09.06월 이후)
50565,202206,0011612,유비에스증권리미티드서울지점,B3,투자자의 예수증권 등_기타,0,외국계증권사,B,SF205,각주항목(09.06월 이후)
50566,202206,0011612,유비에스증권리미티드서울지점,C,파생상품계약,0,외국계증권사,B,SF205,각주항목(09.06월 이후)
50567,202206,0011612,유비에스증권리미티드서울지점,C1,파생상품계약_장내파생상품,0,외국계증권사,B,SF205,각주항목(09.06월 이후)
50568,202206,0011612,유비에스증권리미티드서울지점,C11,파생상품계약_장내파생상품_이자율관련거래,0,외국계증권사,B,SF205,각주항목(09.06월 이후)
50569,202206,0011612,유비에스증권리미티드서울지점,C12,파생상품계약_장내파생상품_통화관련거래,0,외국계증권사,B,SF205,각주항목(09.06월 이후)
50570,202206,0011612,유비에스증권리미티드서울지점,C13,파생상품계약_장내파생상품_주식관련거래,0,외국계증권사,B,SF205,각주항목(09.06월 이후)
50571,202206,0011612,유비에스증권리미티드서울지점,C14,파생상품계약_장내파생상품_일반상품관련거래,0,외국계증권사,B,SF205,각주항목(09.06월 이후)
50572,202206,0011612,유비에스증권리미티드서울지점,C15,파생상품계약_장내파생상품_기타,0,외국계증권사,B,SF205,각주항목(09.06월 이후)
50573,202206,0011612,유비에스증권리미티드서울지점,C2,파생상품계약_장외파생상품,0,외국계증권사,B,SF205,각주항목(09.06월 이후)
50574,202206,0011612,유비에스증권리미티드서울지점,C21,파생상품계약_장외파생상품_이자율관련거래,0,외국계증권사,B,SF205,각주항목(09.06월 이후)
50575,202206,0011612,유비에스증권리미티드서울지점,C22,파생상품계약_장외파생상품_통화관련거래,0,외국계증권사,B,SF205,각주항목(09.06월 이후)
50576,202206,0011612,유비에스증권리미티드서울지점,C23,파생상품계약_장외파생상품_주식관련거래,0,외국계증권사,B,SF205,각주항목(09.06월 이후)
50577,202206,0011612,유비에스증권리미티드서울지점,C24,파생상품계약_장외파생상품_신용관련거래,0,외국계증권사,B,SF205,각주항목(09.06월 이후)
50578,202206,0011612,유비에스증권리미티드서울지점,C25,파생상품계약_장외파생상품_기타,0,외국계증권사,B,SF205,각주항목(09.06월 이후)
50579,202206,0011612,유비에스증권리미티드서울지점,D,대차 및 대주거래,0,외국계증권사,B,SF205,각주항목(09.06월 이후)
50580,202206,0011612,유비에스증권리미티드서울지점,D1,대차 및 대주거래_대여증권,0,외국계증권사,B,SF205,각주항목(09.06월 이후)
50581,202206,0011612,유비에스증권리미티드서울지점,D2,대차 및 대주거래_차입증권,0,외국계증권사,B,SF205,각주항목(09.06월 이후)
50582,202206,0011612,유비에스증권리미티드서울지점,D3,대차 및 대주거래_신용거래대주,0,외국계증권사,B,SF205,각주항목(09.06월 이후)
50583,202206,0011612,유비에스증권리미티드서울지점,E,대손상각채권,0,외국계증권사,B,SF205,각주항목(09.06월 이후)
50584,202206,0011612,유비에스증권리미티드서울지점,F,환전업무 예치금,0,외국계증권사,B,SF205,각주항목(09.06월 이후)
50585,202206,0011612,유비에스증권리미티드서울지점,G,미배당별도예치금,728470735,외국계증권사,B,SF205,각주항목(09.06월 이후)
50586,202206,0011612,유비에스증권리미티드서울지점,H,배서어음매출(종금계정),0,외국계증권사,B,SF205,각주항목(09.06월 이후)
50587,202206,0011612,유비에스증권리미티드서울지점,H1,대출채권매매이익_담보부,0,외국계증권사,B,SF205,각주항목(09.06월 이후)
50588,202206,0011612,유비에스증권리미티드서울지점,H2,대출채권매매이익_무담보부,0,외국계증권사,B,SF205,각주항목(09.06월 이후)
50589,202209,0011612,유비에스증권리미티드서울지점,A,채무보증,0,외국계증권사,B,SF205,각주항목(09.06월 이후)
50590,202209,0011612,유비에스증권리미티드서울지점,A1,채무보증_지급보증,0,외국계증권사,B,SF205,각주항목(09.06월 이후)
50591,202209,0011612,유비에스증권리미티드서울지점,A2,채무보증_매입보장약정,0,외국계증권사,B,SF205,각주항목(09.06월 이후)
50592,202209,0011612,유비에스증권리미티드서울지점,A3,채무보증_채무인수약정,0,외국계증권사,B,SF205,각주항목(09.06월 이후)
50593,202209,0011612,유비에스증권리미티드서울지점,A5,채무보증_매입확약,0,외국계증권사,B,SF205,각주항목(09.06월 이후)
50594,202209,0011612,유비에스증권리미티드서울지점,A6,채무보증_기타,0,외국계증권사,B,SF205,각주항목(09.06월 이후)
50595,202209,0011612,유비에스증권리미티드서울지점,B,투자자의 예수증권 등,0,외국계증권사,B,SF205,각주항목(09.06월 이후)
50596,202209,0011612,유비에스증권리미티드서울지점,B1,투자자의 예수증권 등_예수 증권,0,외국계증권사,B,SF205,각주항목(09.06월 이후)
50597,202209,0011612,유비에스증권리미티드서울지점,B2,투자자의 예수증권 등_예수양도성예금증서,0,외국계증권사,B,SF205,각주항목(09.06월 이후)
50598,202209,0011612,유비에스증권리미티드서울지점,B3,투자자의 예수증권 등_기타,0,외국계증권사,B,SF205,각주항목(09.06월 이후)
50599,202209,0011612,유비에스증권리미티드서울지점,C,파생상품계약,0,외국계증권사,B,SF205,각주항목(09.06월 이후)
50600,202209,0011612,유비에스증권리미티드서울지점,C1,파생상품계약_장내파생상품,0,외국계증권사,B,SF205,각주항목(09.06월 이후)
50601,202209,0011612,유비에스증권리미티드서울지점,C11,파생상품계약_장내파생상품_이자율관련거래,0,외국계증권사,B,SF205,각주항목(09.06월 이후)
50602,202209,0011612,유비에스증권리미티드서울지점,C12,파생상품계약_장내파생상품_통화관련거래,0,외국계증권사,B,SF205,각주항목(09.06월 이후)
50603,202209,0011612,유비에스증권리미티드서울지점,C13,파생상품계약_장내파생상품_주식관련거래,0,외국계증권사,B,SF205,각주항목(09.06월 이후)
50604,202209,0011612,유비에스증권리미티드서울지점,C14,파생상품계약_장내파생상품_일반상품관련거래,0,외국계증권사,B,SF205,각주항목(09.06월 이후)
50605,202209,0011612,유비에스증권리미티드서울지점,C15,파생상품계약_장내파생상품_기타,0,외국계증권사,B,SF205,각주항목(09.06월 이후)
50606,202209,0011612,유비에스증권리미티드서울지점,C2,파생상품계약_장외파생상품,0,외국계증권사,B,SF205,각주항목(09.06월 이후)
50607,202209,0011612,유비에스증권리미티드서울지점,C21,파생상품계약_장외파생상품_이자율관련거래,0,외국계증권사,B,SF205,각주항목(09.06월 이후)
50608,202209,0011612,유비에스증권리미티드서울지점,C22,파생상품계약_장외파생상품_통화관련거래,0,외국계증권사,B,SF205,각주항목(09.06월 이후)
50609,202209,0011612,유비에스증권리미티드서울지점,C23,파생상품계약_장외파생상품_주식관련거래,0,외국계증권사,B,SF205,각주항목(09.06월 이후)
50610,202209,0011612,유비에스증권리미티드서울지점,C24,파생상품계약_장외파생상품_신용관련거래,0,외국계증권사,B,SF205,각주항목(09.06월 이후)
50611,202209,0011612,유비에스증권리미티드서울지점,C25,파생상품계약_장외파생상품_기타,0,외국계증권사,B,SF205,각주항목(09.06월 이후)
50612,202209,0011612,유비에스증권리미티드서울지점,D,대차 및 대주거래,0,외국계증권사,B,SF205,각주항목(09.06월 이후)
50613,202209,0011612,유비에스증권리미티드서울지점,D1,대차 및 대주거래_대여증권,0,외국계증권사,B,SF205,각주항목(09.06월 이후)
50614,202209,0011612,유비에스증권리미티드서울지점,D2,대차 및 대주거래_차입증권,0,외국계증권사,B,SF205,각주항목(09.06월 이후)
50615,202209,0011612,유비에스증권리미티드서울지점,D3,대차 및 대주거래_신용거래대주,0,외국계증권사,B,SF205,각주항목(09.06월 이후)
50616,202209,0011612,유비에스증권리미티드서울지점,E,대손상각채권,0,외국계증권사,B,SF205,각주항목(09.06월 이후)
50617,202209,0011612,유비에스증권리미티드서울지점,F,환전업무 예치금,0,외국계증권사,B,SF205,각주항목(09.06월 이후)
50618,202209,0011612,유비에스증권리미티드서울지점,G,미배당별도예치금,718051662,외국계증권사,B,SF205,각주항목(09.06월 이후)
50619,202209,0011612,유비에스증권리미티드서울지점,H,배서어음매출(종금계정),0,외국계증권사,B,SF205,각주항목(09.06월 이후)
50620,202209,0011612,유비에스증권리미티드서울지점,H1,대출채권매매이익_담보부,0,외국계증권사,B,SF205,각주항목(09.06월 이후)
50621,202209,0011612,유비에스증권리미티드서울지점,H2,대출채권매매이익_무담보부,0,외국계증권사,B,SF205,각주항목(09.06월 이후)
50622,202212,0011612,유비에스증권리미티드서울지점,A,채무보증,0,외국계증권사,B,SF205,각주항목(09.06월 이후)
50623,202212,0011612,유비에스증권리미티드서울지점,A1,채무보증_지급보증,0,외국계증권사,B,SF205,각주항목(09.06월 이후)
50624,202212,0011612,유비에스증권리미티드서울지점,A2,채무보증_매입보장약정,0,외국계증권사,B,SF205,각주항목(09.06월 이후)
50625,202212,0011612,유비에스증권리미티드서울지점,A3,채무보증_채무인수약정,0,외국계증권사,B,SF205,각주항목(09.06월 이후)
50626,202212,0011612,유비에스증권리미티드서울지점,A5,채무보증_매입확약,0,외국계증권사,B,SF205,각주항목(09.06월 이후)
50627,202212,0011612,유비에스증권리미티드서울지점,A6,채무보증_기타,0,외국계증권사,B,SF205,각주항목(09.06월 이후)
50628,202212,0011612,유비에스증권리미티드서울지점,B,투자자의 예수증권 등,0,외국계증권사,B,SF205,각주항목(09.06월 이후)
50629,202212,0011612,유비에스증권리미티드서울지점,B1,투자자의 예수증권 등_예수 증권,0,외국계증권사,B,SF205,각주항목(09.06월 이후)
50630,202212,0011612,유비에스증권리미티드서울지점,B2,투자자의 예수증권 등_예수양도성예금증서,0,외국계증권사,B,SF205,각주항목(09.06월 이후)
50631,202212,0011612,유비에스증권리미티드서울지점,B3,투자자의 예수증권 등_기타,0,외국계증권사,B,SF205,각주항목(09.06월 이후)
50632,202212,0011612,유비에스증권리미티드서울지점,C,파생상품계약,0,외국계증권사,B,SF205,각주항목(09.06월 이후)
50633,202212,0011612,유비에스증권리미티드서울지점,C1,파생상품계약_장내파생상품,0,외국계증권사,B,SF205,각주항목(09.06월 이후)
50634,202212,0011612,유비에스증권리미티드서울지점,C11,파생상품계약_장내파생상품_이자율관련거래,0,외국계증권사,B,SF205,각주항목(09.06월 이후)
50635,202212,0011612,유비에스증권리미티드서울지점,C12,파생상품계약_장내파생상품_통화관련거래,0,외국계증권사,B,SF205,각주항목(09.06월 이후)
50636,202212,0011612,유비에스증권리미티드서울지점,C13,파생상품계약_장내파생상품_주식관련거래,0,외국계증권사,B,SF205,각주항목(09.06월 이후)
50637,202212,0011612,유비에스증권리미티드서울지점,C14,파생상품계약_장내파생상품_일반상품관련거래,0,외국계증권사,B,SF205,각주항목(09.06월 이후)
50638,202212,0011612,유비에스증권리미티드서울지점,C15,파생상품계약_장내파생상품_기타,0,외국계증권사,B,SF205,각주항목(09.06월 이후)
50639,202212,0011612,유비에스증권리미티드서울지점,C2,파생상품계약_장외파생상품,0,외국계증권사,B,SF205,각주항목(09.06월 이후)
50640,202212,0011612,유비에스증권리미티드서울지점,C21,파생상품계약_장외파생상품_이자율관련거래,0,외국계증권사,B,SF205,각주항목(09.06월 이후)
50641,202212,0011612,유비에스증권리미티드서울지점,C22,파생상품계약_장외파생상품_통화관련거래,0,외국계증권사,B,SF205,각주항목(09.06월 이후)
50642,202212,0011612,유비에스증권리미티드서울지점,C23,파생상품계약_장외파생상품_주식관련거래,0,외국계증권사,B,SF205,각주항목(09.06월 이후)
50643,202212,0011612,유비에스증권리미티드서울지점,C24,파생상품계약_장외파생상품_신용관련거래,0,외국계증권사,B,SF205,각주항목(09.06월 이후)
50644,202212,0011612,유비에스증권리미티드서울지점,C25,파생상품계약_장외파생상품_기타,0,외국계증권사,B,SF205,각주항목(09.06월 이후)
50645,202212,0011612,유비에스증권리미티드서울지점,D,대차 및 대주거래,0,외국계증권사,B,SF205,각주항목(09.06월 이후)
50646,202212,0011612,유비에스증권리미티드서울지점,D1,대차 및 대주거래_대여증권,0,외국계증권사,B,SF205,각주항목(09.06월 이후)
50647,202212,0011612,유비에스증권리미티드서울지점,D2,대차 및 대주거래_차입증권,0,외국계증권사,B,SF205,각주항목(09.06월 이후)
50648,202212,0011612,유비에스증권리미티드서울지점,D3,대차 및 대주거래_신용거래대주,0,외국계증권사,B,SF205,각주항목(09.06월 이후)
50649,202212,0011612,유비에스증권리미티드서울지점,E,대손상각채권,0,외국계증권사,B,SF205,각주항목(09.06월 이후)
50650,202212,0011612,유비에스증권리미티드서울지점,F,환전업무 예치금,0,외국계증권사,B,SF205,각주항목(09.06월 이후)
50651,202212,0011612,유비에스증권리미티드서울지점,G,미배당별도예치금,473082257,외국계증권사,B,SF205,각주항목(09.06월 이후)
50652,202212,0011612,유비에스증권리미티드서울지점,H,배서어음매출(종금계정),0,외국계증권사,B,SF205,각주항목(09.06월 이후)
50653,202212,0011612,유비에스증권리미티드서울지점,H1,대출채권매매이익_담보부,0,외국계증권사,B,SF205,각주항목(09.06월 이후)
50654,202212,0011612,유비에스증권리미티드서울지점,H2,대출채권매매이익_무담보부,0,외국계증권사,B,SF205,각주항목(09.06월 이후)
50655,202303,0011612,유비에스증권리미티드서울지점,A,채무보증,0,외국계증권사,B,SF205,각주항목(09.06월 이후)
50656,202303,0011612,유비에스증권리미티드서울지점,A1,채무보증_지급보증,0,외국계증권사,B,SF205,각주항목(09.06월 이후)
50657,202303,0011612,유비에스증권리미티드서울지점,A2,채무보증_매입보장약정,0,외국계증권사,B,SF205,각주항목(09.06월 이후)
50658,202303,0011612,유비에스증권리미티드서울지점,A3,채무보증_채무인수약정,0,외국계증권사,B,SF205,각주항목(09.06월 이후)
50659,202303,0011612,유비에스증권리미티드서울지점,A5,채무보증_매입확약,0,외국계증권사,B,SF205,각주항목(09.06월 이후)
50660,202303,0011612,유비에스증권리미티드서울지점,A6,채무보증_기타,0,외국계증권사,B,SF205,각주항목(09.06월 이후)
50661,202303,0011612,유비에스증권리미티드서울지점,B,투자자의 예수증권 등,0,외국계증권사,B,SF205,각주항목(09.06월 이후)
50662,202303,0011612,유비에스증권리미티드서울지점,B1,투자자의 예수증권 등_예수 증권,0,외국계증권사,B,SF205,각주항목(09.06월 이후)
50663,202303,0011612,유비에스증권리미티드서울지점,B2,투자자의 예수증권 등_예수양도성예금증서,0,외국계증권사,B,SF205,각주항목(09.06월 이후)
50664,202303,0011612,유비에스증권리미티드서울지점,B3,투자자의 예수증권 등_기타,0,외국계증권사,B,SF205,각주항목(09.06월 이후)
50665,202303,0011612,유비에스증권리미티드서울지점,C,파생상품계약,0,외국계증권사,B,SF205,각주항목(09.06월 이후)
50666,202303,0011612,유비에스증권리미티드서울지점,C1,파생상품계약_장내파생상품,0,외국계증권사,B,SF205,각주항목(09.06월 이후)
50667,202303,0011612,유비에스증권리미티드서울지점,C11,파생상품계약_장내파생상품_이자율관련거래,0,외국계증권사,B,SF205,각주항목(09.06월 이후)
50668,202303,0011612,유비에스증권리미티드서울지점,C12,파생상품계약_장내파생상품_통화관련거래,0,외국계증권사,B,SF205,각주항목(09.06월 이후)
50669,202303,0011612,유비에스증권리미티드서울지점,C13,파생상품계약_장내파생상품_주식관련거래,0,외국계증권사,B,SF205,각주항목(09.06월 이후)
50670,202303,0011612,유비에스증권리미티드서울지점,C14,파생상품계약_장내파생상품_일반상품관련거래,0,외국계증권사,B,SF205,각주항목(09.06월 이후)
50671,202303,0011612,유비에스증권리미티드서울지점,C15,파생상품계약_장내파생상품_기타,0,외국계증권사,B,SF205,각주항목(09.06월 이후)
50672,202303,0011612,유비에스증권리미티드서울지점,C2,파생상품계약_장외파생상품,0,외국계증권사,B,SF205,각주항목(09.06월 이후)
50673,202303,0011612,유비에스증권리미티드서울지점,C21,파생상품계약_장외파생상품_이자율관련거래,0,외국계증권사,B,SF205,각주항목(09.06월 이후)
50674,202303,0011612,유비에스증권리미티드서울지점,C22,파생상품계약_장외파생상품_통화관련거래,0,외국계증권사,B,SF205,각주항목(09.06월 이후)
50675,202303,0011612,유비에스증권리미티드서울지점,C23,파생상품계약_장외파생상품_주식관련거래,0,외국계증권사,B,SF205,각주항목(09.06월 이후)
50676,202303,0011612,유비에스증권리미티드서울지점,C24,파생상품계약_장외파생상품_신용관련거래,0,외국계증권사,B,SF205,각주항목(09.06월 이후)
50677,202303,0011612,유비에스증권리미티드서울지점,C25,파생상품계약_장외파생상품_기타,0,외국계증권사,B,SF205,각주항목(09.06월 이후)
50678,202303,0011612,유비에스증권리미티드서울지점,D,대차 및 대주거래,0,외국계증권사,B,SF205,각주항목(09.06월 이후)
50679,202303,0011612,유비에스증권리미티드서울지점,D1,대차 및 대주거래_대여증권,0,외국계증권사,B,SF205,각주항목(09.06월 이후)
50680,202303,0011612,유비에스증권리미티드서울지점,D2,대차 및 대주거래_차입증권,0,외국계증권사,B,SF205,각주항목(09.06월 이후)
50681,202303,0011612,유비에스증권리미티드서울지점,D3,대차 및 대주거래_신용거래대주,0,외국계증권사,B,SF205,각주항목(09.06월 이후)
50682,202303,0011612,유비에스증권리미티드서울지점,E,대손상각채권,0,외국계증권사,B,SF205,각주항목(09.06월 이후)
50683,202303,0011612,유비에스증권리미티드서울지점,F,환전업무 예치금,0,외국계증권사,B,SF205,각주항목(09.06월 이후)
50684,202303,0011612,유비에스증권리미티드서울지점,G,미배당별도예치금,246890817,외국계증권사,B,SF205,각주항목(09.06월 이후)
50685,202303,0011612,유비에스증권리미티드서울지점,H,배서어음매출(종금계정),0,외국계증권사,B,SF205,각주항목(09.06월 이후)
50686,202303,0011612,유비에스증권리미티드서울지점,H1,대출채권매매이익_담보부,0,외국계증권사,B,SF205,각주항목(09.06월 이후)
50687,202303,0011612,유비에스증권리미티드서울지점,H2,대출채권매매이익_무담보부,0,외국계증권사,B,SF205,각주항목(09.06월 이후)
50688,202306,0011612,유비에스증권리미티드서울지점,A,채무보증,0,외국계증권사,B,SF205,각주항목(09.06월 이후)
50689,202306,0011612,유비에스증권리미티드서울지점,A1,채무보증_지급보증,0,외국계증권사,B,SF205,각주항목(09.06월 이후)
50690,202306,0011612,유비에스증권리미티드서울지점,A2,채무보증_매입보장약정, ,외국계증권사,B,SF205,각주항목(09.06월 이후)
50691,202306,0011612,유비에스증권리미티드서울지점,A3,채무보증_채무인수약정, ,외국계증권사,B,SF205,각주항목(09.06월 이후)
50692,202306,0011612,유비에스증권리미티드서울지점,A5,채무보증_매입확약,0,외국계증권사,B,SF205,각주항목(09.06월 이후)
50693,202306,0011612,유비에스증권리미티드서울지점,A6,채무보증_기타, ,외국계증권사,B,SF205,각주항목(09.06월 이후)
50694,202306,0011612,유비에스증권리미티드서울지점,B,투자자의 예수증권 등,0,외국계증권사,B,SF205,각주항목(09.06월 이후)
50695,202306,0011612,유비에스증권리미티드서울지점,B1,투자자의 예수증권 등_예수 증권,0,외국계증권사,B,SF205,각주항목(09.06월 이후)
50696,202306,0011612,유비에스증권리미티드서울지점,B2,투자자의 예수증권 등_예수양도성예금증서, ,외국계증권사,B,SF205,각주항목(09.06월 이후)
50697,202306,0011612,유비에스증권리미티드서울지점,B3,투자자의 예수증권 등_기타, ,외국계증권사,B,SF205,각주항목(09.06월 이후)
50698,202306,0011612,유비에스증권리미티드서울지점,C,파생상품계약,0,외국계증권사,B,SF205,각주항목(09.06월 이후)
50699,202306,0011612,유비에스증권리미티드서울지점,C1,파생상품계약_장내파생상품,0,외국계증권사,B,SF205,각주항목(09.06월 이후)
50700,202306,0011612,유비에스증권리미티드서울지점,C11,파생상품계약_장내파생상품_이자율관련거래,0,외국계증권사,B,SF205,각주항목(09.06월 이후)
50701,202306,0011612,유비에스증권리미티드서울지점,C12,파생상품계약_장내파생상품_통화관련거래,0,외국계증권사,B,SF205,각주항목(09.06월 이후)
50702,202306,0011612,유비에스증권리미티드서울지점,C13,파생상품계약_장내파생상품_주식관련거래,0,외국계증권사,B,SF205,각주항목(09.06월 이후)
50703,202306,0011612,유비에스증권리미티드서울지점,C14,파생상품계약_장내파생상품_일반상품관련거래,0,외국계증권사,B,SF205,각주항목(09.06월 이후)
50704,202306,0011612,유비에스증권리미티드서울지점,C15,파생상품계약_장내파생상품_기타,0,외국계증권사,B,SF205,각주항목(09.06월 이후)
50705,202306,0011612,유비에스증권리미티드서울지점,C2,파생상품계약_장외파생상품,0,외국계증권사,B,SF205,각주항목(09.06월 이후)
50706,202306,0011612,유비에스증권리미티드서울지점,C21,파생상품계약_장외파생상품_이자율관련거래,0,외국계증권사,B,SF205,각주항목(09.06월 이후)
50707,202306,0011612,유비에스증권리미티드서울지점,C22,파생상품계약_장외파생상품_통화관련거래,0,외국계증권사,B,SF205,각주항목(09.06월 이후)
50708,202306,0011612,유비에스증권리미티드서울지점,C23,파생상품계약_장외파생상품_주식관련거래,0,외국계증권사,B,SF205,각주항목(09.06월 이후)
50709,202306,0011612,유비에스증권리미티드서울지점,C24,파생상품계약_장외파생상품_신용관련거래,0,외국계증권사,B,SF205,각주항목(09.06월 이후)
50710,202306,0011612,유비에스증권리미티드서울지점,C25,파생상품계약_장외파생상품_기타,0,외국계증권사,B,SF205,각주항목(09.06월 이후)
50711,202306,0011612,유비에스증권리미티드서울지점,D,대차 및 대주거래,0,외국계증권사,B,SF205,각주항목(09.06월 이후)
50712,202306,0011612,유비에스증권리미티드서울지점,D1,대차 및 대주거래_대여증권,0,외국계증권사,B,SF205,각주항목(09.06월 이후)
50713,202306,0011612,유비에스증권리미티드서울지점,D2,대차 및 대주거래_차입증권,0,외국계증권사,B,SF205,각주항목(09.06월 이후)
50714,202306,0011612,유비에스증권리미티드서울지점,D3,대차 및 대주거래_신용거래대주, ,외국계증권사,B,SF205,각주항목(09.06월 이후)
50715,202306,0011612,유비에스증권리미티드서울지점,E,대손상각채권, ,외국계증권사,B,SF205,각주항목(09.06월 이후)
50716,202306,0011612,유비에스증권리미티드서울지점,F,환전업무 예치금,0,외국계증권사,B,SF205,각주항목(09.06월 이후)
50717,202306,0011612,유비에스증권리미티드서울지점,G,미배당별도예치금,396879039,외국계증권사,B,SF205,각주항목(09.06월 이후)
50718,202306,0011612,유비에스증권리미티드서울지점,H,배서어음매출(종금계정),0,외국계증권사,B,SF205,각주항목(09.06월 이후)
50719,202306,0011612,유비에스증권리미티드서울지점,H1,대출채권매매이익_담보부, ,외국계증권사,B,SF205,각주항목(09.06월 이후)
50720,202306,0011612,유비에스증권리미티드서울지점,H2,대출채권매매이익_무담보부, ,외국계증권사,B,SF205,각주항목(09.06월 이후)
50721,202309,0011612,유비에스증권리미티드서울지점,A,채무보증,0,외국계증권사,B,SF205,각주항목(09.06월 이후)
50722,202309,0011612,유비에스증권리미티드서울지점,A1,채무보증_지급보증,0,외국계증권사,B,SF205,각주항목(09.06월 이후)
50723,202309,0011612,유비에스증권리미티드서울지점,A2,채무보증_매입보장약정, ,외국계증권사,B,SF205,각주항목(09.06월 이후)
50724,202309,0011612,유비에스증권리미티드서울지점,A3,채무보증_채무인수약정, ,외국계증권사,B,SF205,각주항목(09.06월 이후)
50725,202309,0011612,유비에스증권리미티드서울지점,A5,채무보증_매입확약,0,외국계증권사,B,SF205,각주항목(09.06월 이후)
50726,202309,0011612,유비에스증권리미티드서울지점,A6,채무보증_기타, ,외국계증권사,B,SF205,각주항목(09.06월 이후)
50727,202309,0011612,유비에스증권리미티드서울지점,B,투자자의 예수증권 등,0,외국계증권사,B,SF205,각주항목(09.06월 이후)
50728,202309,0011612,유비에스증권리미티드서울지점,B1,투자자의 예수증권 등_예수 증권,0,외국계증권사,B,SF205,각주항목(09.06월 이후)
50729,202309,0011612,유비에스증권리미티드서울지점,B2,투자자의 예수증권 등_예수양도성예금증서, ,외국계증권사,B,SF205,각주항목(09.06월 이후)
50730,202309,0011612,유비에스증권리미티드서울지점,B3,투자자의 예수증권 등_기타, ,외국계증권사,B,SF205,각주항목(09.06월 이후)
50731,202309,0011612,유비에스증권리미티드서울지점,C,파생상품계약,0,외국계증권사,B,SF205,각주항목(09.06월 이후)
50732,202309,0011612,유비에스증권리미티드서울지점,C1,파생상품계약_장내파생상품,0,외국계증권사,B,SF205,각주항목(09.06월 이후)
50733,202309,0011612,유비에스증권리미티드서울지점,C11,파생상품계약_장내파생상품_이자율관련거래,0,외국계증권사,B,SF205,각주항목(09.06월 이후)
50734,202309,0011612,유비에스증권리미티드서울지점,C12,파생상품계약_장내파생상품_통화관련거래,0,외국계증권사,B,SF205,각주항목(09.06월 이후)
50735,202309,0011612,유비에스증권리미티드서울지점,C13,파생상품계약_장내파생상품_주식관련거래,0,외국계증권사,B,SF205,각주항목(09.06월 이후)
50736,202309,0011612,유비에스증권리미티드서울지점,C14,파생상품계약_장내파생상품_일반상품관련거래,0,외국계증권사,B,SF205,각주항목(09.06월 이후)
50737,202309,0011612,유비에스증권리미티드서울지점,C15,파생상품계약_장내파생상품_기타,0,외국계증권사,B,SF205,각주항목(09.06월 이후)
50738,202309,0011612,유비에스증권리미티드서울지점,C2,파생상품계약_장외파생상품,0,외국계증권사,B,SF205,각주항목(09.06월 이후)
50739,202309,0011612,유비에스증권리미티드서울지점,C21,파생상품계약_장외파생상품_이자율관련거래,0,외국계증권사,B,SF205,각주항목(09.06월 이후)
50740,202309,0011612,유비에스증권리미티드서울지점,C22,파생상품계약_장외파생상품_통화관련거래,0,외국계증권사,B,SF205,각주항목(09.06월 이후)
50741,202309,0011612,유비에스증권리미티드서울지점,C23,파생상품계약_장외파생상품_주식관련거래,0,외국계증권사,B,SF205,각주항목(09.06월 이후)
50742,202309,0011612,유비에스증권리미티드서울지점,C24,파생상품계약_장외파생상품_신용관련거래,0,외국계증권사,B,SF205,각주항목(09.06월 이후)
50743,202309,0011612,유비에스증권리미티드서울지점,C25,파생상품계약_장외파생상품_기타,0,외국계증권사,B,SF205,각주항목(09.06월 이후)
50744,202309,0011612,유비에스증권리미티드서울지점,D,대차 및 대주거래,0,외국계증권사,B,SF205,각주항목(09.06월 이후)
50745,202309,0011612,유비에스증권리미티드서울지점,D1,대차 및 대주거래_대여증권,0,외국계증권사,B,SF205,각주항목(09.06월 이후)
50746,202309,0011612,유비에스증권리미티드서울지점,D2,대차 및 대주거래_차입증권,0,외국계증권사,B,SF205,각주항목(09.06월 이후)
50747,202309,0011612,유비에스증권리미티드서울지점,D3,대차 및 대주거래_신용거래대주, ,외국계증권사,B,SF205,각주항목(09.06월 이후)
50748,202309,0011612,유비에스증권리미티드서울지점,E,대손상각채권,80342344,외국계증권사,B,SF205,각주항목(09.06월 이후)
50749,202309,0011612,유비에스증권리미티드서울지점,F,환전업무 예치금,0,외국계증권사,B,SF205,각주항목(09.06월 이후)
50750,202309,0011612,유비에스증권리미티드서울지점,G,미배당별도예치금,769075709,외국계증권사,B,SF205,각주항목(09.06월 이후)
50751,202309,0011612,유비에스증권리미티드서울지점,H,배서어음매출(종금계정),0,외국계증권사,B,SF205,각주항목(09.06월 이후)
50752,202309,0011612,유비에스증권리미티드서울지점,H1,대출채권매매이익_담보부, ,외국계증권사,B,SF205,각주항목(09.06월 이후)
50753,202309,0011612,유비에스증권리미티드서울지점,H2,대출채권매매이익_무담보부, ,외국계증권사,B,SF205,각주항목(09.06월 이후)
50754,202312,0011612,유비에스증권리미티드서울지점,A,채무보증,0,외국계증권사,B,SF205,각주항목(09.06월 이후)
50755,202312,0011612,유비에스증권리미티드서울지점,A1,채무보증_지급보증,0,외국계증권사,B,SF205,각주항목(09.06월 이후)
50756,202312,0011612,유비에스증권리미티드서울지점,A2,채무보증_매입보장약정,0,외국계증권사,B,SF205,각주항목(09.06월 이후)
50757,202312,0011612,유비에스증권리미티드서울지점,A3,채무보증_채무인수약정,0,외국계증권사,B,SF205,각주항목(09.06월 이후)
50758,202312,0011612,유비에스증권리미티드서울지점,A5,채무보증_매입확약,0,외국계증권사,B,SF205,각주항목(09.06월 이후)
50759,202312,0011612,유비에스증권리미티드서울지점,A6,채무보증_기타,0,외국계증권사,B,SF205,각주항목(09.06월 이후)
50760,202312,0011612,유비에스증권리미티드서울지점,B,투자자의 예수증권 등,0,외국계증권사,B,SF205,각주항목(09.06월 이후)
50761,202312,0011612,유비에스증권리미티드서울지점,B1,투자자의 예수증권 등_예수 증권,0,외국계증권사,B,SF205,각주항목(09.06월 이후)
50762,202312,0011612,유비에스증권리미티드서울지점,B2,투자자의 예수증권 등_예수양도성예금증서,0,외국계증권사,B,SF205,각주항목(09.06월 이후)
50763,202312,0011612,유비에스증권리미티드서울지점,B3,투자자의 예수증권 등_기타,0,외국계증권사,B,SF205,각주항목(09.06월 이후)
50764,202312,0011612,유비에스증권리미티드서울지점,C,파생상품계약,0,외국계증권사,B,SF205,각주항목(09.06월 이후)
50765,202312,0011612,유비에스증권리미티드서울지점,C1,파생상품계약_장내파생상품,0,외국계증권사,B,SF205,각주항목(09.06월 이후)
50766,202312,0011612,유비에스증권리미티드서울지점,C11,파생상품계약_장내파생상품_이자율관련거래,0,외국계증권사,B,SF205,각주항목(09.06월 이후)
50767,202312,0011612,유비에스증권리미티드서울지점,C12,파생상품계약_장내파생상품_통화관련거래,0,외국계증권사,B,SF205,각주항목(09.06월 이후)
50768,202312,0011612,유비에스증권리미티드서울지점,C13,파생상품계약_장내파생상품_주식관련거래,0,외국계증권사,B,SF205,각주항목(09.06월 이후)
50769,202312,0011612,유비에스증권리미티드서울지점,C14,파생상품계약_장내파생상품_일반상품관련거래,0,외국계증권사,B,SF205,각주항목(09.06월 이후)
50770,202312,0011612,유비에스증권리미티드서울지점,C15,파생상품계약_장내파생상품_기타,0,외국계증권사,B,SF205,각주항목(09.06월 이후)
50771,202312,0011612,유비에스증권리미티드서울지점,C2,파생상품계약_장외파생상품,0,외국계증권사,B,SF205,각주항목(09.06월 이후)
50772,202312,0011612,유비에스증권리미티드서울지점,C21,파생상품계약_장외파생상품_이자율관련거래,0,외국계증권사,B,SF205,각주항목(09.06월 이후)
50773,202312,0011612,유비에스증권리미티드서울지점,C22,파생상품계약_장외파생상품_통화관련거래,0,외국계증권사,B,SF205,각주항목(09.06월 이후)
50774,202312,0011612,유비에스증권리미티드서울지점,C23,파생상품계약_장외파생상품_주식관련거래,0,외국계증권사,B,SF205,각주항목(09.06월 이후)
50775,202312,0011612,유비에스증권리미티드서울지점,C24,파생상품계약_장외파생상품_신용관련거래,0,외국계증권사,B,SF205,각주항목(09.06월 이후)
50776,202312,0011612,유비에스증권리미티드서울지점,C25,파생상품계약_장외파생상품_기타,0,외국계증권사,B,SF205,각주항목(09.06월 이후)
50777,202312,0011612,유비에스증권리미티드서울지점,D,대차 및 대주거래,0,외국계증권사,B,SF205,각주항목(09.06월 이후)
50778,202312,0011612,유비에스증권리미티드서울지점,D1,대차 및 대주거래_대여증권,0,외국계증권사,B,SF205,각주항목(09.06월 이후)
50779,202312,0011612,유비에스증권리미티드서울지점,D2,대차 및 대주거래_차입증권,0,외국계증권사,B,SF205,각주항목(09.06월 이후)
50780,202312,0011612,유비에스증권리미티드서울지점,D3,대차 및 대주거래_신용거래대주,0,외국계증권사,B,SF205,각주항목(09.06월 이후)
50781,202312,0011612,유비에스증권리미티드서울지점,E,대손상각채권,80342344,외국계증권사,B,SF205,각주항목(09.06월 이후)
50782,202312,0011612,유비에스증권리미티드서울지점,F,환전업무 예치금,0,외국계증권사,B,SF205,각주항목(09.06월 이후)
50783,202312,0011612,유비에스증권리미티드서울지점,G,미배당별도예치금,593099746,외국계증권사,B,SF205,각주항목(09.06월 이후)
50784,202312,0011612,유비에스증권리미티드서울지점,H,배서어음매출(종금계정),0,외국계증권사,B,SF205,각주항목(09.06월 이후)
50785,202312,0011612,유비에스증권리미티드서울지점,H1,대출채권매매이익_담보부,0,외국계증권사,B,SF205,각주항목(09.06월 이후)
50786,202312,0011612,유비에스증권리미티드서울지점,H2,대출채권매매이익_무담보부,0,외국계증권사,B,SF205,각주항목(09.06월 이후)
50787,202403,0011612,유비에스증권리미티드서울지점,A,채무보증,0,외국계증권사,B,SF205,각주항목(09.06월 이후)
50788,202403,0011612,유비에스증권리미티드서울지점,A1,채무보증_지급보증,0,외국계증권사,B,SF205,각주항목(09.06월 이후)
50789,202403,0011612,유비에스증권리미티드서울지점,A2,채무보증_매입보장약정,0,외국계증권사,B,SF205,각주항목(09.06월 이후)
50790,202403,0011612,유비에스증권리미티드서울지점,A3,채무보증_채무인수약정,0,외국계증권사,B,SF205,각주항목(09.06월 이후)
50791,202403,0011612,유비에스증권리미티드서울지점,A5,채무보증_매입확약,0,외국계증권사,B,SF205,각주항목(09.06월 이후)
50792,202403,0011612,유비에스증권리미티드서울지점,A6,채무보증_기타,0,외국계증권사,B,SF205,각주항목(09.06월 이후)
50793,202403,0011612,유비에스증권리미티드서울지점,B,투자자의 예수증권 등,0,외국계증권사,B,SF205,각주항목(09.06월 이후)
50794,202403,0011612,유비에스증권리미티드서울지점,B1,투자자의 예수증권 등_예수 증권,0,외국계증권사,B,SF205,각주항목(09.06월 이후)
50795,202403,0011612,유비에스증권리미티드서울지점,B2,투자자의 예수증권 등_예수양도성예금증서,0,외국계증권사,B,SF205,각주항목(09.06월 이후)
50796,202403,0011612,유비에스증권리미티드서울지점,B3,투자자의 예수증권 등_기타,0,외국계증권사,B,SF205,각주항목(09.06월 이후)
50797,202403,0011612,유비에스증권리미티드서울지점,C,파생상품계약,0,외국계증권사,B,SF205,각주항목(09.06월 이후)
50798,202403,0011612,유비에스증권리미티드서울지점,C1,파생상품계약_장내파생상품,0,외국계증권사,B,SF205,각주항목(09.06월 이후)
50799,202403,0011612,유비에스증권리미티드서울지점,C11,파생상품계약_장내파생상품_이자율관련거래,0,외국계증권사,B,SF205,각주항목(09.06월 이후)
50800,202403,0011612,유비에스증권리미티드서울지점,C12,파생상품계약_장내파생상품_통화관련거래,0,외국계증권사,B,SF205,각주항목(09.06월 이후)
50801,202403,0011612,유비에스증권리미티드서울지점,C13,파생상품계약_장내파생상품_주식관련거래,0,외국계증권사,B,SF205,각주항목(09.06월 이후)
50802,202403,0011612,유비에스증권리미티드서울지점,C14,파생상품계약_장내파생상품_일반상품관련거래,0,외국계증권사,B,SF205,각주항목(09.06월 이후)
50803,202403,0011612,유비에스증권리미티드서울지점,C15,파생상품계약_장내파생상품_기타,0,외국계증권사,B,SF205,각주항목(09.06월 이후)
50804,202403,0011612,유비에스증권리미티드서울지점,C2,파생상품계약_장외파생상품,0,외국계증권사,B,SF205,각주항목(09.06월 이후)
50805,202403,0011612,유비에스증권리미티드서울지점,C21,파생상품계약_장외파생상품_이자율관련거래,0,외국계증권사,B,SF205,각주항목(09.06월 이후)
50806,202403,0011612,유비에스증권리미티드서울지점,C22,파생상품계약_장외파생상품_통화관련거래,0,외국계증권사,B,SF205,각주항목(09.06월 이후)
50807,202403,0011612,유비에스증권리미티드서울지점,C23,파생상품계약_장외파생상품_주식관련거래,0,외국계증권사,B,SF205,각주항목(09.06월 이후)
50808,202403,0011612,유비에스증권리미티드서울지점,C24,파생상품계약_장외파생상품_신용관련거래,0,외국계증권사,B,SF205,각주항목(09.06월 이후)
50809,202403,0011612,유비에스증권리미티드서울지점,C25,파생상품계약_장외파생상품_기타,0,외국계증권사,B,SF205,각주항목(09.06월 이후)
50810,202403,0011612,유비에스증권리미티드서울지점,D,대차 및 대주거래,0,외국계증권사,B,SF205,각주항목(09.06월 이후)
50811,202403,0011612,유비에스증권리미티드서울지점,D1,대차 및 대주거래_대여증권,0,외국계증권사,B,SF205,각주항목(09.06월 이후)
50812,202403,0011612,유비에스증권리미티드서울지점,D2,대차 및 대주거래_차입증권,0,외국계증권사,B,SF205,각주항목(09.06월 이후)
50813,202403,0011612,유비에스증권리미티드서울지점,D3,대차 및 대주거래_신용거래대주,0,외국계증권사,B,SF205,각주항목(09.06월 이후)
50814,202403,0011612,유비에스증권리미티드서울지점,E,대손상각채권,0,외국계증권사,B,SF205,각주항목(09.06월 이후)
50815,202403,0011612,유비에스증권리미티드서울지점,F,환전업무 예치금,0,외국계증권사,B,SF205,각주항목(09.06월 이후)
50816,202403,0011612,유비에스증권리미티드서울지점,G,미배당별도예치금,428595345,외국계증권사,B,SF205,각주항목(09.06월 이후)
50817,202403,0011612,유비에스증권리미티드서울지점,H,배서어음매출(종금계정),0,외국계증권사,B,SF205,각주항목(09.06월 이후)
50818,202403,0011612,유비에스증권리미티드서울지점,H1,대출채권매매이익_담보부,0,외국계증권사,B,SF205,각주항목(09.06월 이후)
50819,202403,0011612,유비에스증권리미티드서울지점,H2,대출채권매매이익_무담보부,0,외국계증권사,B,SF205,각주항목(09.06월 이후)
50820,202406,0011612,유비에스증권리미티드서울지점,A,채무보증,0,외국계증권사,B,SF205,각주항목(09.06월 이후)
50821,202406,0011612,유비에스증권리미티드서울지점,A1,채무보증_지급보증,0,외국계증권사,B,SF205,각주항목(09.06월 이후)
50822,202406,0011612,유비에스증권리미티드서울지점,A2,채무보증_매입보장약정,0,외국계증권사,B,SF205,각주항목(09.06월 이후)
50823,202406,0011612,유비에스증권리미티드서울지점,A3,채무보증_채무인수약정,0,외국계증권사,B,SF205,각주항목(09.06월 이후)
50824,202406,0011612,유비에스증권리미티드서울지점,A5,채무보증_매입확약,0,외국계증권사,B,SF205,각주항목(09.06월 이후)
50825,202406,0011612,유비에스증권리미티드서울지점,A6,채무보증_기타,0,외국계증권사,B,SF205,각주항목(09.06월 이후)
50826,202406,0011612,유비에스증권리미티드서울지점,B,투자자의 예수증권 등,0,외국계증권사,B,SF205,각주항목(09.06월 이후)
50827,202406,0011612,유비에스증권리미티드서울지점,B1,투자자의 예수증권 등_예수 증권,0,외국계증권사,B,SF205,각주항목(09.06월 이후)
50828,202406,0011612,유비에스증권리미티드서울지점,B2,투자자의 예수증권 등_예수양도성예금증서,0,외국계증권사,B,SF205,각주항목(09.06월 이후)
50829,202406,0011612,유비에스증권리미티드서울지점,B3,투자자의 예수증권 등_기타,0,외국계증권사,B,SF205,각주항목(09.06월 이후)
50830,202406,0011612,유비에스증권리미티드서울지점,C,파생상품계약,0,외국계증권사,B,SF205,각주항목(09.06월 이후)
50831,202406,0011612,유비에스증권리미티드서울지점,C1,파생상품계약_장내파생상품,0,외국계증권사,B,SF205,각주항목(09.06월 이후)
50832,202406,0011612,유비에스증권리미티드서울지점,C11,파생상품계약_장내파생상품_이자율관련거래,0,외국계증권사,B,SF205,각주항목(09.06월 이후)
50833,202406,0011612,유비에스증권리미티드서울지점,C12,파생상품계약_장내파생상품_통화관련거래,0,외국계증권사,B,SF205,각주항목(09.06월 이후)
50834,202406,0011612,유비에스증권리미티드서울지점,C13,파생상품계약_장내파생상품_주식관련거래,0,외국계증권사,B,SF205,각주항목(09.06월 이후)
50835,202406,0011612,유비에스증권리미티드서울지점,C14,파생상품계약_장내파생상품_일반상품관련거래,0,외국계증권사,B,SF205,각주항목(09.06월 이후)
50836,202406,0011612,유비에스증권리미티드서울지점,C15,파생상품계약_장내파생상품_기타,0,외국계증권사,B,SF205,각주항목(09.06월 이후)
50837,202406,0011612,유비에스증권리미티드서울지점,C2,파생상품계약_장외파생상품,0,외국계증권사,B,SF205,각주항목(09.06월 이후)
50838,202406,0011612,유비에스증권리미티드서울지점,C21,파생상품계약_장외파생상품_이자율관련거래,0,외국계증권사,B,SF205,각주항목(09.06월 이후)
50839,202406,0011612,유비에스증권리미티드서울지점,C22,파생상품계약_장외파생상품_통화관련거래,0,외국계증권사,B,SF205,각주항목(09.06월 이후)
50840,202406,0011612,유비에스증권리미티드서울지점,C23,파생상품계약_장외파생상품_주식관련거래,0,외국계증권사,B,SF205,각주항목(09.06월 이후)
50841,202406,0011612,유비에스증권리미티드서울지점,C24,파생상품계약_장외파생상품_신용관련거래,0,외국계증권사,B,SF205,각주항목(09.06월 이후)
50842,202406,0011612,유비에스증권리미티드서울지점,C25,파생상품계약_장외파생상품_기타,0,외국계증권사,B,SF205,각주항목(09.06월 이후)
50843,202406,0011612,유비에스증권리미티드서울지점,D,대차 및 대주거래,0,외국계증권사,B,SF205,각주항목(09.06월 이후)
50844,202406,0011612,유비에스증권리미티드서울지점,D1,대차 및 대주거래_대여증권,0,외국계증권사,B,SF205,각주항목(09.06월 이후)
50845,202406,0011612,유비에스증권리미티드서울지점,D2,대차 및 대주거래_차입증권,0,외국계증권사,B,SF205,각주항목(09.06월 이후)
50846,202406,0011612,유비에스증권리미티드서울지점,D3,대차 및 대주거래_신용거래대주,0,외국계증권사,B,SF205,각주항목(09.06월 이후)
50847,202406,0011612,유비에스증권리미티드서울지점,E,대손상각채권,0,외국계증권사,B,SF205,각주항목(09.06월 이후)
50848,202406,0011612,유비에스증권리미티드서울지점,F,환전업무 예치금,0,외국계증권사,B,SF205,각주항목(09.06월 이후)
50849,202406,0011612,유비에스증권리미티드서울지점,G,미배당별도예치금,608132740,외국계증권사,B,SF205,각주항목(09.06월 이후)
50850,202406,0011612,유비에스증권리미티드서울지점,H,배서어음매출(종금계정),0,외국계증권사,B,SF205,각주항목(09.06월 이후)
50851,202406,0011612,유비에스증권리미티드서울지점,H1,대출채권매매이익_담보부,0,외국계증권사,B,SF205,각주항목(09.06월 이후)
50852,202406,0011612,유비에스증권리미티드서울지점,H2,대출채권매매이익_무담보부,0,외국계증권사,B,SF205,각주항목(09.06월 이후)
50853,202409,0011612,유비에스증권리미티드서울지점,A,채무보증,0,외국계증권사,B,SF205,각주항목(09.06월 이후)
50854,202409,0011612,유비에스증권리미티드서울지점,A1,채무보증_지급보증,0,외국계증권사,B,SF205,각주항목(09.06월 이후)
50855,202409,0011612,유비에스증권리미티드서울지점,A2,채무보증_매입보장약정,0,외국계증권사,B,SF205,각주항목(09.06월 이후)
50856,202409,0011612,유비에스증권리미티드서울지점,A3,채무보증_채무인수약정,0,외국계증권사,B,SF205,각주항목(09.06월 이후)
50857,202409,0011612,유비에스증권리미티드서울지점,A5,채무보증_매입확약,0,외국계증권사,B,SF205,각주항목(09.06월 이후)
50858,202409,0011612,유비에스증권리미티드서울지점,A6,채무보증_기타,0,외국계증권사,B,SF205,각주항목(09.06월 이후)
50859,202409,0011612,유비에스증권리미티드서울지점,B,투자자의 예수증권 등,0,외국계증권사,B,SF205,각주항목(09.06월 이후)
50860,202409,0011612,유비에스증권리미티드서울지점,B1,투자자의 예수증권 등_예수 증권,0,외국계증권사,B,SF205,각주항목(09.06월 이후)
50861,202409,0011612,유비에스증권리미티드서울지점,B2,투자자의 예수증권 등_예수양도성예금증서,0,외국계증권사,B,SF205,각주항목(09.06월 이후)
50862,202409,0011612,유비에스증권리미티드서울지점,B3,투자자의 예수증권 등_기타,0,외국계증권사,B,SF205,각주항목(09.06월 이후)
50863,202409,0011612,유비에스증권리미티드서울지점,C,파생상품계약,0,외국계증권사,B,SF205,각주항목(09.06월 이후)
50864,202409,0011612,유비에스증권리미티드서울지점,C1,파생상품계약_장내파생상품,0,외국계증권사,B,SF205,각주항목(09.06월 이후)
50865,202409,0011612,유비에스증권리미티드서울지점,C11,파생상품계약_장내파생상품_이자율관련거래,0,외국계증권사,B,SF205,각주항목(09.06월 이후)
50866,202409,0011612,유비에스증권리미티드서울지점,C12,파생상품계약_장내파생상품_통화관련거래,0,외국계증권사,B,SF205,각주항목(09.06월 이후)
50867,202409,0011612,유비에스증권리미티드서울지점,C13,파생상품계약_장내파생상품_주식관련거래,0,외국계증권사,B,SF205,각주항목(09.06월 이후)
50868,202409,0011612,유비에스증권리미티드서울지점,C14,파생상품계약_장내파생상품_일반상품관련거래,0,외국계증권사,B,SF205,각주항목(09.06월 이후)
50869,202409,0011612,유비에스증권리미티드서울지점,C15,파생상품계약_장내파생상품_기타,0,외국계증권사,B,SF205,각주항목(09.06월 이후)
50870,202409,0011612,유비에스증권리미티드서울지점,C2,파생상품계약_장외파생상품,0,외국계증권사,B,SF205,각주항목(09.06월 이후)
50871,202409,0011612,유비에스증권리미티드서울지점,C21,파생상품계약_장외파생상품_이자율관련거래,0,외국계증권사,B,SF205,각주항목(09.06월 이후)
50872,202409,0011612,유비에스증권리미티드서울지점,C22,파생상품계약_장외파생상품_통화관련거래,0,외국계증권사,B,SF205,각주항목(09.06월 이후)
50873,202409,0011612,유비에스증권리미티드서울지점,C23,파생상품계약_장외파생상품_주식관련거래,0,외국계증권사,B,SF205,각주항목(09.06월 이후)
50874,202409,0011612,유비에스증권리미티드서울지점,C24,파생상품계약_장외파생상품_신용관련거래,0,외국계증권사,B,SF205,각주항목(09.06월 이후)
50875,202409,0011612,유비에스증권리미티드서울지점,C25,파생상품계약_장외파생상품_기타,0,외국계증권사,B,SF205,각주항목(09.06월 이후)
50876,202409,0011612,유비에스증권리미티드서울지점,D,대차 및 대주거래,0,외국계증권사,B,SF205,각주항목(09.06월 이후)
50877,202409,0011612,유비에스증권리미티드서울지점,D1,대차 및 대주거래_대여증권,0,외국계증권사,B,SF205,각주항목(09.06월 이후)
50878,202409,0011612,유비에스증권리미티드서울지점,D2,대차 및 대주거래_차입증권,0,외국계증권사,B,SF205,각주항목(09.06월 이후)
50879,202409,0011612,유비에스증권리미티드서울지점,D3,대차 및 대주거래_신용거래대주,0,외국계증권사,B,SF205,각주항목(09.06월 이후)
50880,202409,0011612,유비에스증권리미티드서울지점,E,대손상각채권,0,외국계증권사,B,SF205,각주항목(09.06월 이후)
50881,202409,0011612,유비에스증권리미티드서울지점,F,환전업무 예치금,0,외국계증권사,B,SF205,각주항목(09.06월 이후)
50882,202409,0011612,유비에스증권리미티드서울지점,G,미배당별도예치금,514657137,외국계증권사,B,SF205,각주항목(09.06월 이후)
50883,202409,0011612,유비에스증권리미티드서울지점,H,배서어음매출(종금계정),0,외국계증권사,B,SF205,각주항목(09.06월 이후)
50884,202409,0011612,유비에스증권리미티드서울지점,H1,대출채권매매이익_담보부,0,외국계증권사,B,SF205,각주항목(09.06월 이후)
50885,202409,0011612,유비에스증권리미티드서울지점,H2,대출채권매매이익_무담보부,0,외국계증권사,B,SF205,각주항목(09.06월 이후)
50886,202412,0011612,유비에스증권리미티드서울지점,A,채무보증,0,외국계증권사,B,SF205,각주항목(09.06월 이후)
50887,202412,0011612,유비에스증권리미티드서울지점,A1,채무보증_지급보증,0,외국계증권사,B,SF205,각주항목(09.06월 이후)
50888,202412,0011612,유비에스증권리미티드서울지점,A2,채무보증_매입보장약정,0,외국계증권사,B,SF205,각주항목(09.06월 이후)
50889,202412,0011612,유비에스증권리미티드서울지점,A3,채무보증_채무인수약정,0,외국계증권사,B,SF205,각주항목(09.06월 이후)
50890,202412,0011612,유비에스증권리미티드서울지점,A5,채무보증_매입확약,0,외국계증권사,B,SF205,각주항목(09.06월 이후)
50891,202412,0011612,유비에스증권리미티드서울지점,A6,채무보증_기타,0,외국계증권사,B,SF205,각주항목(09.06월 이후)
50892,202412,0011612,유비에스증권리미티드서울지점,B,투자자의 예수증권 등,0,외국계증권사,B,SF205,각주항목(09.06월 이후)
50893,202412,0011612,유비에스증권리미티드서울지점,B1,투자자의 예수증권 등_예수 증권,0,외국계증권사,B,SF205,각주항목(09.06월 이후)
50894,202412,0011612,유비에스증권리미티드서울지점,B2,투자자의 예수증권 등_예수양도성예금증서,0,외국계증권사,B,SF205,각주항목(09.06월 이후)
50895,202412,0011612,유비에스증권리미티드서울지점,B3,투자자의 예수증권 등_기타,0,외국계증권사,B,SF205,각주항목(09.06월 이후)
50896,202412,0011612,유비에스증권리미티드서울지점,C,파생상품계약,0,외국계증권사,B,SF205,각주항목(09.06월 이후)
50897,202412,0011612,유비에스증권리미티드서울지점,C1,파생상품계약_장내파생상품,0,외국계증권사,B,SF205,각주항목(09.06월 이후)
50898,202412,0011612,유비에스증권리미티드서울지점,C11,파생상품계약_장내파생상품_이자율관련거래,0,외국계증권사,B,SF205,각주항목(09.06월 이후)
50899,202412,0011612,유비에스증권리미티드서울지점,C12,파생상품계약_장내파생상품_통화관련거래,0,외국계증권사,B,SF205,각주항목(09.06월 이후)
50900,202412,0011612,유비에스증권리미티드서울지점,C13,파생상품계약_장내파생상품_주식관련거래,0,외국계증권사,B,SF205,각주항목(09.06월 이후)
50901,202412,0011612,유비에스증권리미티드서울지점,C14,파생상품계약_장내파생상품_일반상품관련거래,0,외국계증권사,B,SF205,각주항목(09.06월 이후)
50902,202412,0011612,유비에스증권리미티드서울지점,C15,파생상품계약_장내파생상품_기타,0,외국계증권사,B,SF205,각주항목(09.06월 이후)
50903,202412,0011612,유비에스증권리미티드서울지점,C2,파생상품계약_장외파생상품,0,외국계증권사,B,SF205,각주항목(09.06월 이후)
50904,202412,0011612,유비에스증권리미티드서울지점,C21,파생상품계약_장외파생상품_이자율관련거래,0,외국계증권사,B,SF205,각주항목(09.06월 이후)
50905,202412,0011612,유비에스증권리미티드서울지점,C22,파생상품계약_장외파생상품_통화관련거래,0,외국계증권사,B,SF205,각주항목(09.06월 이후)
50906,202412,0011612,유비에스증권리미티드서울지점,C23,파생상품계약_장외파생상품_주식관련거래,0,외국계증권사,B,SF205,각주항목(09.06월 이후)
50907,202412,0011612,유비에스증권리미티드서울지점,C24,파생상품계약_장외파생상품_신용관련거래,0,외국계증권사,B,SF205,각주항목(09.06월 이후)
50908,202412,0011612,유비에스증권리미티드서울지점,C25,파생상품계약_장외파생상품_기타,0,외국계증권사,B,SF205,각주항목(09.06월 이후)
50909,202412,0011612,유비에스증권리미티드서울지점,D,대차 및 대주거래,0,외국계증권사,B,SF205,각주항목(09.06월 이후)
50910,202412,0011612,유비에스증권리미티드서울지점,D1,대차 및 대주거래_대여증권,0,외국계증권사,B,SF205,각주항목(09.06월 이후)
50911,202412,0011612,유비에스증권리미티드서울지점,D2,대차 및 대주거래_차입증권,0,외국계증권사,B,SF205,각주항목(09.06월 이후)
50912,202412,0011612,유비에스증권리미티드서울지점,D3,대차 및 대주거래_신용거래대주,0,외국계증권사,B,SF205,각주항목(09.06월 이후)
50913,202412,0011612,유비에스증권리미티드서울지점,E,대손상각채권,0,외국계증권사,B,SF205,각주항목(09.06월 이후)
50914,202412,0011612,유비에스증권리미티드서울지점,F,환전업무 예치금,0,외국계증권사,B,SF205,각주항목(09.06월 이후)
50915,202412,0011612,유비에스증권리미티드서울지점,G,미배당별도예치금,398753312,외국계증권사,B,SF205,각주항목(09.06월 이후)
50916,202412,0011612,유비에스증권리미티드서울지점,H,배서어음매출(종금계정),0,외국계증권사,B,SF205,각주항목(09.06월 이후)
50917,202412,0011612,유비에스증권리미티드서울지점,H1,대출채권매매이익_담보부,0,외국계증권사,B,SF205,각주항목(09.06월 이후)
50918,202412,0011612,유비에스증권리미티드서울지점,H2,대출채권매매이익_무담보부,0,외국계증권사,B,SF205,각주항목(09.06월 이후)
50919,201703,0010158,제이피모간증권회사서울지점,A,채무보증,0,외국계증권사,B,SF205,각주항목(09.06월 이후)
50920,201703,0010158,제이피모간증권회사서울지점,A1,채무보증_지급보증,0,외국계증권사,B,SF205,각주항목(09.06월 이후)
50921,201703,0010158,제이피모간증권회사서울지점,A2,채무보증_매입보장약정,0,외국계증권사,B,SF205,각주항목(09.06월 이후)
50922,201703,0010158,제이피모간증권회사서울지점,A3,채무보증_채무인수약정,0,외국계증권사,B,SF205,각주항목(09.06월 이후)
50923,201703,0010158,제이피모간증권회사서울지점,A5,채무보증_매입확약,0,외국계증권사,B,SF205,각주항목(09.06월 이후)
50924,201703,0010158,제이피모간증권회사서울지점,A6,채무보증_기타,0,외국계증권사,B,SF205,각주항목(09.06월 이후)
50925,201703,0010158,제이피모간증권회사서울지점,B,투자자의 예수증권 등,43689050000,외국계증권사,B,SF205,각주항목(09.06월 이후)
50926,201703,0010158,제이피모간증권회사서울지점,B1,투자자의 예수증권 등_예수 증권,43689050000,외국계증권사,B,SF205,각주항목(09.06월 이후)
50927,201703,0010158,제이피모간증권회사서울지점,B2,투자자의 예수증권 등_예수양도성예금증서,0,외국계증권사,B,SF205,각주항목(09.06월 이후)
50928,201703,0010158,제이피모간증권회사서울지점,B3,투자자의 예수증권 등_기타,0,외국계증권사,B,SF205,각주항목(09.06월 이후)
50929,201703,0010158,제이피모간증권회사서울지점,C,파생상품계약,0,외국계증권사,B,SF205,각주항목(09.06월 이후)
50930,201703,0010158,제이피모간증권회사서울지점,C1,파생상품계약_장내파생상품,0,외국계증권사,B,SF205,각주항목(09.06월 이후)
50931,201703,0010158,제이피모간증권회사서울지점,C11,파생상품계약_장내파생상품_이자율관련거래,0,외국계증권사,B,SF205,각주항목(09.06월 이후)
50932,201703,0010158,제이피모간증권회사서울지점,C12,파생상품계약_장내파생상품_통화관련거래,0,외국계증권사,B,SF205,각주항목(09.06월 이후)
50933,201703,0010158,제이피모간증권회사서울지점,C13,파생상품계약_장내파생상품_주식관련거래,0,외국계증권사,B,SF205,각주항목(09.06월 이후)
50934,201703,0010158,제이피모간증권회사서울지점,C14,파생상품계약_장내파생상품_일반상품관련거래,0,외국계증권사,B,SF205,각주항목(09.06월 이후)
50935,201703,0010158,제이피모간증권회사서울지점,C15,파생상품계약_장내파생상품_기타,0,외국계증권사,B,SF205,각주항목(09.06월 이후)
50936,201703,0010158,제이피모간증권회사서울지점,C2,파생상품계약_장외파생상품,0,외국계증권사,B,SF205,각주항목(09.06월 이후)
50937,201703,0010158,제이피모간증권회사서울지점,C21,파생상품계약_장외파생상품_이자율관련거래,0,외국계증권사,B,SF205,각주항목(09.06월 이후)
50938,201703,0010158,제이피모간증권회사서울지점,C22,파생상품계약_장외파생상품_통화관련거래,0,외국계증권사,B,SF205,각주항목(09.06월 이후)
50939,201703,0010158,제이피모간증권회사서울지점,C23,파생상품계약_장외파생상품_주식관련거래,0,외국계증권사,B,SF205,각주항목(09.06월 이후)
50940,201703,0010158,제이피모간증권회사서울지점,C24,파생상품계약_장외파생상품_신용관련거래,0,외국계증권사,B,SF205,각주항목(09.06월 이후)
50941,201703,0010158,제이피모간증권회사서울지점,C25,파생상품계약_장외파생상품_기타,0,외국계증권사,B,SF205,각주항목(09.06월 이후)
50942,201703,0010158,제이피모간증권회사서울지점,D,대차 및 대주거래,0,외국계증권사,B,SF205,각주항목(09.06월 이후)
50943,201703,0010158,제이피모간증권회사서울지점,D1,대차 및 대주거래_대여증권,0,외국계증권사,B,SF205,각주항목(09.06월 이후)
50944,201703,0010158,제이피모간증권회사서울지점,D2,대차 및 대주거래_차입증권,0,외국계증권사,B,SF205,각주항목(09.06월 이후)
50945,201703,0010158,제이피모간증권회사서울지점,D3,대차 및 대주거래_신용거래대주,0,외국계증권사,B,SF205,각주항목(09.06월 이후)
50946,201703,0010158,제이피모간증권회사서울지점,E,대손상각채권,0,외국계증권사,B,SF205,각주항목(09.06월 이후)
50947,201703,0010158,제이피모간증권회사서울지점,F,환전업무 예치금,0,외국계증권사,B,SF205,각주항목(09.06월 이후)
50948,201703,0010158,제이피모간증권회사서울지점,G,미배당별도예치금,0,외국계증권사,B,SF205,각주항목(09.06월 이후)
50949,201703,0010158,제이피모간증권회사서울지점,H,배서어음매출(종금계정),0,외국계증권사,B,SF205,각주항목(09.06월 이후)
50950,201703,0010158,제이피모간증권회사서울지점,H1,대출채권매매이익_담보부,0,외국계증권사,B,SF205,각주항목(09.06월 이후)
50951,201703,0010158,제이피모간증권회사서울지점,H2,대출채권매매이익_무담보부,0,외국계증권사,B,SF205,각주항목(09.06월 이후)
50952,201706,0010158,제이피모간증권회사서울지점,A,채무보증,0,외국계증권사,B,SF205,각주항목(09.06월 이후)
50953,201706,0010158,제이피모간증권회사서울지점,A1,채무보증_지급보증,0,외국계증권사,B,SF205,각주항목(09.06월 이후)
50954,201706,0010158,제이피모간증권회사서울지점,A2,채무보증_매입보장약정,0,외국계증권사,B,SF205,각주항목(09.06월 이후)
50955,201706,0010158,제이피모간증권회사서울지점,A3,채무보증_채무인수약정,0,외국계증권사,B,SF205,각주항목(09.06월 이후)
50956,201706,0010158,제이피모간증권회사서울지점,A5,채무보증_매입확약,0,외국계증권사,B,SF205,각주항목(09.06월 이후)
50957,201706,0010158,제이피모간증권회사서울지점,A6,채무보증_기타,0,외국계증권사,B,SF205,각주항목(09.06월 이후)
50958,201706,0010158,제이피모간증권회사서울지점,B,투자자의 예수증권 등,53734630000,외국계증권사,B,SF205,각주항목(09.06월 이후)
50959,201706,0010158,제이피모간증권회사서울지점,B1,투자자의 예수증권 등_예수 증권,53734630000,외국계증권사,B,SF205,각주항목(09.06월 이후)
50960,201706,0010158,제이피모간증권회사서울지점,B2,투자자의 예수증권 등_예수양도성예금증서,0,외국계증권사,B,SF205,각주항목(09.06월 이후)
50961,201706,0010158,제이피모간증권회사서울지점,B3,투자자의 예수증권 등_기타,0,외국계증권사,B,SF205,각주항목(09.06월 이후)
50962,201706,0010158,제이피모간증권회사서울지점,C,파생상품계약,0,외국계증권사,B,SF205,각주항목(09.06월 이후)
50963,201706,0010158,제이피모간증권회사서울지점,C1,파생상품계약_장내파생상품,0,외국계증권사,B,SF205,각주항목(09.06월 이후)
50964,201706,0010158,제이피모간증권회사서울지점,C11,파생상품계약_장내파생상품_이자율관련거래,0,외국계증권사,B,SF205,각주항목(09.06월 이후)
50965,201706,0010158,제이피모간증권회사서울지점,C12,파생상품계약_장내파생상품_통화관련거래,0,외국계증권사,B,SF205,각주항목(09.06월 이후)
50966,201706,0010158,제이피모간증권회사서울지점,C13,파생상품계약_장내파생상품_주식관련거래,0,외국계증권사,B,SF205,각주항목(09.06월 이후)
50967,201706,0010158,제이피모간증권회사서울지점,C14,파생상품계약_장내파생상품_일반상품관련거래,0,외국계증권사,B,SF205,각주항목(09.06월 이후)
50968,201706,0010158,제이피모간증권회사서울지점,C15,파생상품계약_장내파생상품_기타,0,외국계증권사,B,SF205,각주항목(09.06월 이후)
50969,201706,0010158,제이피모간증권회사서울지점,C2,파생상품계약_장외파생상품,0,외국계증권사,B,SF205,각주항목(09.06월 이후)
50970,201706,0010158,제이피모간증권회사서울지점,C21,파생상품계약_장외파생상품_이자율관련거래,0,외국계증권사,B,SF205,각주항목(09.06월 이후)
50971,201706,0010158,제이피모간증권회사서울지점,C22,파생상품계약_장외파생상품_통화관련거래,0,외국계증권사,B,SF205,각주항목(09.06월 이후)
50972,201706,0010158,제이피모간증권회사서울지점,C23,파생상품계약_장외파생상품_주식관련거래,0,외국계증권사,B,SF205,각주항목(09.06월 이후)
50973,201706,0010158,제이피모간증권회사서울지점,C24,파생상품계약_장외파생상품_신용관련거래,0,외국계증권사,B,SF205,각주항목(09.06월 이후)
50974,201706,0010158,제이피모간증권회사서울지점,C25,파생상품계약_장외파생상품_기타,0,외국계증권사,B,SF205,각주항목(09.06월 이후)
50975,201706,0010158,제이피모간증권회사서울지점,D,대차 및 대주거래,0,외국계증권사,B,SF205,각주항목(09.06월 이후)
50976,201706,0010158,제이피모간증권회사서울지점,D1,대차 및 대주거래_대여증권,0,외국계증권사,B,SF205,각주항목(09.06월 이후)
50977,201706,0010158,제이피모간증권회사서울지점,D2,대차 및 대주거래_차입증권,0,외국계증권사,B,SF205,각주항목(09.06월 이후)
50978,201706,0010158,제이피모간증권회사서울지점,D3,대차 및 대주거래_신용거래대주,0,외국계증권사,B,SF205,각주항목(09.06월 이후)
50979,201706,0010158,제이피모간증권회사서울지점,E,대손상각채권,0,외국계증권사,B,SF205,각주항목(09.06월 이후)
50980,201706,0010158,제이피모간증권회사서울지점,F,환전업무 예치금,0,외국계증권사,B,SF205,각주항목(09.06월 이후)
50981,201706,0010158,제이피모간증권회사서울지점,G,미배당별도예치금,0,외국계증권사,B,SF205,각주항목(09.06월 이후)
50982,201706,0010158,제이피모간증권회사서울지점,H,배서어음매출(종금계정),0,외국계증권사,B,SF205,각주항목(09.06월 이후)
50983,201706,0010158,제이피모간증권회사서울지점,H1,대출채권매매이익_담보부,0,외국계증권사,B,SF205,각주항목(09.06월 이후)
50984,201706,0010158,제이피모간증권회사서울지점,H2,대출채권매매이익_무담보부,0,외국계증권사,B,SF205,각주항목(09.06월 이후)
50985,201709,0010158,제이피모간증권회사서울지점,A,채무보증,0,외국계증권사,B,SF205,각주항목(09.06월 이후)
50986,201709,0010158,제이피모간증권회사서울지점,A1,채무보증_지급보증,0,외국계증권사,B,SF205,각주항목(09.06월 이후)
50987,201709,0010158,제이피모간증권회사서울지점,A2,채무보증_매입보장약정,0,외국계증권사,B,SF205,각주항목(09.06월 이후)
50988,201709,0010158,제이피모간증권회사서울지점,A3,채무보증_채무인수약정,0,외국계증권사,B,SF205,각주항목(09.06월 이후)
50989,201709,0010158,제이피모간증권회사서울지점,A5,채무보증_매입확약,0,외국계증권사,B,SF205,각주항목(09.06월 이후)
50990,201709,0010158,제이피모간증권회사서울지점,A6,채무보증_기타,0,외국계증권사,B,SF205,각주항목(09.06월 이후)
50991,201709,0010158,제이피모간증권회사서울지점,B,투자자의 예수증권 등,53690870000,외국계증권사,B,SF205,각주항목(09.06월 이후)
50992,201709,0010158,제이피모간증권회사서울지점,B1,투자자의 예수증권 등_예수 증권,53690870000,외국계증권사,B,SF205,각주항목(09.06월 이후)
50993,201709,0010158,제이피모간증권회사서울지점,B2,투자자의 예수증권 등_예수양도성예금증서,0,외국계증권사,B,SF205,각주항목(09.06월 이후)
50994,201709,0010158,제이피모간증권회사서울지점,B3,투자자의 예수증권 등_기타,0,외국계증권사,B,SF205,각주항목(09.06월 이후)
50995,201709,0010158,제이피모간증권회사서울지점,C,파생상품계약,0,외국계증권사,B,SF205,각주항목(09.06월 이후)
50996,201709,0010158,제이피모간증권회사서울지점,C1,파생상품계약_장내파생상품,0,외국계증권사,B,SF205,각주항목(09.06월 이후)
50997,201709,0010158,제이피모간증권회사서울지점,C11,파생상품계약_장내파생상품_이자율관련거래,0,외국계증권사,B,SF205,각주항목(09.06월 이후)
50998,201709,0010158,제이피모간증권회사서울지점,C12,파생상품계약_장내파생상품_통화관련거래,0,외국계증권사,B,SF205,각주항목(09.06월 이후)
50999,201709,0010158,제이피모간증권회사서울지점,C13,파생상품계약_장내파생상품_주식관련거래,0,외국계증권사,B,SF205,각주항목(09.06월 이후)
51000,201709,0010158,제이피모간증권회사서울지점,C14,파생상품계약_장내파생상품_일반상품관련거래,0,외국계증권사,B,SF205,각주항목(09.06월 이후)
51001,201709,0010158,제이피모간증권회사서울지점,C15,파생상품계약_장내파생상품_기타,0,외국계증권사,B,SF205,각주항목(09.06월 이후)
51002,201709,0010158,제이피모간증권회사서울지점,C2,파생상품계약_장외파생상품,0,외국계증권사,B,SF205,각주항목(09.06월 이후)
51003,201709,0010158,제이피모간증권회사서울지점,C21,파생상품계약_장외파생상품_이자율관련거래,0,외국계증권사,B,SF205,각주항목(09.06월 이후)
51004,201709,0010158,제이피모간증권회사서울지점,C22,파생상품계약_장외파생상품_통화관련거래,0,외국계증권사,B,SF205,각주항목(09.06월 이후)
51005,201709,0010158,제이피모간증권회사서울지점,C23,파생상품계약_장외파생상품_주식관련거래,0,외국계증권사,B,SF205,각주항목(09.06월 이후)
51006,201709,0010158,제이피모간증권회사서울지점,C24,파생상품계약_장외파생상품_신용관련거래,0,외국계증권사,B,SF205,각주항목(09.06월 이후)
51007,201709,0010158,제이피모간증권회사서울지점,C25,파생상품계약_장외파생상품_기타,0,외국계증권사,B,SF205,각주항목(09.06월 이후)
51008,201709,0010158,제이피모간증권회사서울지점,D,대차 및 대주거래,0,외국계증권사,B,SF205,각주항목(09.06월 이후)
51009,201709,0010158,제이피모간증권회사서울지점,D1,대차 및 대주거래_대여증권,0,외국계증권사,B,SF205,각주항목(09.06월 이후)
51010,201709,0010158,제이피모간증권회사서울지점,D2,대차 및 대주거래_차입증권,0,외국계증권사,B,SF205,각주항목(09.06월 이후)
51011,201709,0010158,제이피모간증권회사서울지점,D3,대차 및 대주거래_신용거래대주,0,외국계증권사,B,SF205,각주항목(09.06월 이후)
51012,201709,0010158,제이피모간증권회사서울지점,E,대손상각채권,0,외국계증권사,B,SF205,각주항목(09.06월 이후)
51013,201709,0010158,제이피모간증권회사서울지점,F,환전업무 예치금,0,외국계증권사,B,SF205,각주항목(09.06월 이후)
51014,201709,0010158,제이피모간증권회사서울지점,G,미배당별도예치금,0,외국계증권사,B,SF205,각주항목(09.06월 이후)
51015,201709,0010158,제이피모간증권회사서울지점,H,배서어음매출(종금계정),0,외국계증권사,B,SF205,각주항목(09.06월 이후)
51016,201709,0010158,제이피모간증권회사서울지점,H1,대출채권매매이익_담보부,0,외국계증권사,B,SF205,각주항목(09.06월 이후)
51017,201709,0010158,제이피모간증권회사서울지점,H2,대출채권매매이익_무담보부,0,외국계증권사,B,SF205,각주항목(09.06월 이후)
51018,201712,0010158,제이피모간증권회사서울지점,A,채무보증,0,외국계증권사,B,SF205,각주항목(09.06월 이후)
51019,201712,0010158,제이피모간증권회사서울지점,A1,채무보증_지급보증,0,외국계증권사,B,SF205,각주항목(09.06월 이후)
51020,201712,0010158,제이피모간증권회사서울지점,A2,채무보증_매입보장약정,0,외국계증권사,B,SF205,각주항목(09.06월 이후)
51021,201712,0010158,제이피모간증권회사서울지점,A3,채무보증_채무인수약정,0,외국계증권사,B,SF205,각주항목(09.06월 이후)
51022,201712,0010158,제이피모간증권회사서울지점,A5,채무보증_매입확약,0,외국계증권사,B,SF205,각주항목(09.06월 이후)
51023,201712,0010158,제이피모간증권회사서울지점,A6,채무보증_기타,0,외국계증권사,B,SF205,각주항목(09.06월 이후)
51024,201712,0010158,제이피모간증권회사서울지점,B,투자자의 예수증권 등,53727440000,외국계증권사,B,SF205,각주항목(09.06월 이후)
51025,201712,0010158,제이피모간증권회사서울지점,B1,투자자의 예수증권 등_예수 증권,53727440000,외국계증권사,B,SF205,각주항목(09.06월 이후)
51026,201712,0010158,제이피모간증권회사서울지점,B2,투자자의 예수증권 등_예수양도성예금증서,0,외국계증권사,B,SF205,각주항목(09.06월 이후)
51027,201712,0010158,제이피모간증권회사서울지점,B3,투자자의 예수증권 등_기타,0,외국계증권사,B,SF205,각주항목(09.06월 이후)
51028,201712,0010158,제이피모간증권회사서울지점,C,파생상품계약,0,외국계증권사,B,SF205,각주항목(09.06월 이후)
51029,201712,0010158,제이피모간증권회사서울지점,C1,파생상품계약_장내파생상품,0,외국계증권사,B,SF205,각주항목(09.06월 이후)
51030,201712,0010158,제이피모간증권회사서울지점,C11,파생상품계약_장내파생상품_이자율관련거래,0,외국계증권사,B,SF205,각주항목(09.06월 이후)
51031,201712,0010158,제이피모간증권회사서울지점,C12,파생상품계약_장내파생상품_통화관련거래,0,외국계증권사,B,SF205,각주항목(09.06월 이후)
51032,201712,0010158,제이피모간증권회사서울지점,C13,파생상품계약_장내파생상품_주식관련거래,0,외국계증권사,B,SF205,각주항목(09.06월 이후)
51033,201712,0010158,제이피모간증권회사서울지점,C14,파생상품계약_장내파생상품_일반상품관련거래,0,외국계증권사,B,SF205,각주항목(09.06월 이후)
51034,201712,0010158,제이피모간증권회사서울지점,C15,파생상품계약_장내파생상품_기타,0,외국계증권사,B,SF205,각주항목(09.06월 이후)
51035,201712,0010158,제이피모간증권회사서울지점,C2,파생상품계약_장외파생상품,0,외국계증권사,B,SF205,각주항목(09.06월 이후)
51036,201712,0010158,제이피모간증권회사서울지점,C21,파생상품계약_장외파생상품_이자율관련거래,0,외국계증권사,B,SF205,각주항목(09.06월 이후)
51037,201712,0010158,제이피모간증권회사서울지점,C22,파생상품계약_장외파생상품_통화관련거래,0,외국계증권사,B,SF205,각주항목(09.06월 이후)
51038,201712,0010158,제이피모간증권회사서울지점,C23,파생상품계약_장외파생상품_주식관련거래,0,외국계증권사,B,SF205,각주항목(09.06월 이후)
51039,201712,0010158,제이피모간증권회사서울지점,C24,파생상품계약_장외파생상품_신용관련거래,0,외국계증권사,B,SF205,각주항목(09.06월 이후)
51040,201712,0010158,제이피모간증권회사서울지점,C25,파생상품계약_장외파생상품_기타,0,외국계증권사,B,SF205,각주항목(09.06월 이후)
51041,201712,0010158,제이피모간증권회사서울지점,D,대차 및 대주거래,0,외국계증권사,B,SF205,각주항목(09.06월 이후)
51042,201712,0010158,제이피모간증권회사서울지점,D1,대차 및 대주거래_대여증권,0,외국계증권사,B,SF205,각주항목(09.06월 이후)
51043,201712,0010158,제이피모간증권회사서울지점,D2,대차 및 대주거래_차입증권,0,외국계증권사,B,SF205,각주항목(09.06월 이후)
51044,201712,0010158,제이피모간증권회사서울지점,D3,대차 및 대주거래_신용거래대주,0,외국계증권사,B,SF205,각주항목(09.06월 이후)
51045,201712,0010158,제이피모간증권회사서울지점,E,대손상각채권,0,외국계증권사,B,SF205,각주항목(09.06월 이후)
51046,201712,0010158,제이피모간증권회사서울지점,F,환전업무 예치금,0,외국계증권사,B,SF205,각주항목(09.06월 이후)
51047,201712,0010158,제이피모간증권회사서울지점,G,미배당별도예치금,0,외국계증권사,B,SF205,각주항목(09.06월 이후)
51048,201712,0010158,제이피모간증권회사서울지점,H,배서어음매출(종금계정),0,외국계증권사,B,SF205,각주항목(09.06월 이후)
51049,201712,0010158,제이피모간증권회사서울지점,H1,대출채권매매이익_담보부,0,외국계증권사,B,SF205,각주항목(09.06월 이후)
51050,201712,0010158,제이피모간증권회사서울지점,H2,대출채권매매이익_무담보부,0,외국계증권사,B,SF205,각주항목(09.06월 이후)
51051,201803,0010158,제이피모간증권회사서울지점,A,채무보증,0,외국계증권사,B,SF205,각주항목(09.06월 이후)
51052,201803,0010158,제이피모간증권회사서울지점,A1,채무보증_지급보증,0,외국계증권사,B,SF205,각주항목(09.06월 이후)
51053,201803,0010158,제이피모간증권회사서울지점,A2,채무보증_매입보장약정,0,외국계증권사,B,SF205,각주항목(09.06월 이후)
51054,201803,0010158,제이피모간증권회사서울지점,A3,채무보증_채무인수약정,0,외국계증권사,B,SF205,각주항목(09.06월 이후)
51055,201803,0010158,제이피모간증권회사서울지점,A5,채무보증_매입확약,0,외국계증권사,B,SF205,각주항목(09.06월 이후)
51056,201803,0010158,제이피모간증권회사서울지점,A6,채무보증_기타,0,외국계증권사,B,SF205,각주항목(09.06월 이후)
51057,201803,0010158,제이피모간증권회사서울지점,B,투자자의 예수증권 등,52402768760,외국계증권사,B,SF205,각주항목(09.06월 이후)
51058,201803,0010158,제이피모간증권회사서울지점,B1,투자자의 예수증권 등_예수 증권,52402768760,외국계증권사,B,SF205,각주항목(09.06월 이후)
51059,201803,0010158,제이피모간증권회사서울지점,B2,투자자의 예수증권 등_예수양도성예금증서,0,외국계증권사,B,SF205,각주항목(09.06월 이후)
51060,201803,0010158,제이피모간증권회사서울지점,B3,투자자의 예수증권 등_기타,0,외국계증권사,B,SF205,각주항목(09.06월 이후)
51061,201803,0010158,제이피모간증권회사서울지점,C,파생상품계약,0,외국계증권사,B,SF205,각주항목(09.06월 이후)
51062,201803,0010158,제이피모간증권회사서울지점,C1,파생상품계약_장내파생상품,0,외국계증권사,B,SF205,각주항목(09.06월 이후)
51063,201803,0010158,제이피모간증권회사서울지점,C11,파생상품계약_장내파생상품_이자율관련거래,0,외국계증권사,B,SF205,각주항목(09.06월 이후)
51064,201803,0010158,제이피모간증권회사서울지점,C12,파생상품계약_장내파생상품_통화관련거래,0,외국계증권사,B,SF205,각주항목(09.06월 이후)
51065,201803,0010158,제이피모간증권회사서울지점,C13,파생상품계약_장내파생상품_주식관련거래,0,외국계증권사,B,SF205,각주항목(09.06월 이후)
51066,201803,0010158,제이피모간증권회사서울지점,C14,파생상품계약_장내파생상품_일반상품관련거래,0,외국계증권사,B,SF205,각주항목(09.06월 이후)
51067,201803,0010158,제이피모간증권회사서울지점,C15,파생상품계약_장내파생상품_기타,0,외국계증권사,B,SF205,각주항목(09.06월 이후)
51068,201803,0010158,제이피모간증권회사서울지점,C2,파생상품계약_장외파생상품,0,외국계증권사,B,SF205,각주항목(09.06월 이후)
51069,201803,0010158,제이피모간증권회사서울지점,C21,파생상품계약_장외파생상품_이자율관련거래,0,외국계증권사,B,SF205,각주항목(09.06월 이후)
51070,201803,0010158,제이피모간증권회사서울지점,C22,파생상품계약_장외파생상품_통화관련거래,0,외국계증권사,B,SF205,각주항목(09.06월 이후)
51071,201803,0010158,제이피모간증권회사서울지점,C23,파생상품계약_장외파생상품_주식관련거래,0,외국계증권사,B,SF205,각주항목(09.06월 이후)
51072,201803,0010158,제이피모간증권회사서울지점,C24,파생상품계약_장외파생상품_신용관련거래,0,외국계증권사,B,SF205,각주항목(09.06월 이후)
51073,201803,0010158,제이피모간증권회사서울지점,C25,파생상품계약_장외파생상품_기타,0,외국계증권사,B,SF205,각주항목(09.06월 이후)
51074,201803,0010158,제이피모간증권회사서울지점,D,대차 및 대주거래,0,외국계증권사,B,SF205,각주항목(09.06월 이후)
51075,201803,0010158,제이피모간증권회사서울지점,D1,대차 및 대주거래_대여증권,0,외국계증권사,B,SF205,각주항목(09.06월 이후)
51076,201803,0010158,제이피모간증권회사서울지점,D2,대차 및 대주거래_차입증권,0,외국계증권사,B,SF205,각주항목(09.06월 이후)
51077,201803,0010158,제이피모간증권회사서울지점,D3,대차 및 대주거래_신용거래대주,0,외국계증권사,B,SF205,각주항목(09.06월 이후)
51078,201803,0010158,제이피모간증권회사서울지점,E,대손상각채권,0,외국계증권사,B,SF205,각주항목(09.06월 이후)
51079,201803,0010158,제이피모간증권회사서울지점,F,환전업무 예치금,0,외국계증권사,B,SF205,각주항목(09.06월 이후)
51080,201803,0010158,제이피모간증권회사서울지점,G,미배당별도예치금,0,외국계증권사,B,SF205,각주항목(09.06월 이후)
51081,201803,0010158,제이피모간증권회사서울지점,H,배서어음매출(종금계정),0,외국계증권사,B,SF205,각주항목(09.06월 이후)
51082,201803,0010158,제이피모간증권회사서울지점,H1,대출채권매매이익_담보부,0,외국계증권사,B,SF205,각주항목(09.06월 이후)
51083,201803,0010158,제이피모간증권회사서울지점,H2,대출채권매매이익_무담보부,0,외국계증권사,B,SF205,각주항목(09.06월 이후)
51084,201806,0010158,제이피모간증권회사서울지점,A,채무보증,0,외국계증권사,B,SF205,각주항목(09.06월 이후)
51085,201806,0010158,제이피모간증권회사서울지점,A1,채무보증_지급보증,0,외국계증권사,B,SF205,각주항목(09.06월 이후)
51086,201806,0010158,제이피모간증권회사서울지점,A2,채무보증_매입보장약정,0,외국계증권사,B,SF205,각주항목(09.06월 이후)
51087,201806,0010158,제이피모간증권회사서울지점,A3,채무보증_채무인수약정,0,외국계증권사,B,SF205,각주항목(09.06월 이후)
51088,201806,0010158,제이피모간증권회사서울지점,A5,채무보증_매입확약,0,외국계증권사,B,SF205,각주항목(09.06월 이후)
51089,201806,0010158,제이피모간증권회사서울지점,A6,채무보증_기타,0,외국계증권사,B,SF205,각주항목(09.06월 이후)
51090,201806,0010158,제이피모간증권회사서울지점,B,투자자의 예수증권 등,52390000000,외국계증권사,B,SF205,각주항목(09.06월 이후)
51091,201806,0010158,제이피모간증권회사서울지점,B1,투자자의 예수증권 등_예수 증권,52390000000,외국계증권사,B,SF205,각주항목(09.06월 이후)
51092,201806,0010158,제이피모간증권회사서울지점,B2,투자자의 예수증권 등_예수양도성예금증서,0,외국계증권사,B,SF205,각주항목(09.06월 이후)
51093,201806,0010158,제이피모간증권회사서울지점,B3,투자자의 예수증권 등_기타,0,외국계증권사,B,SF205,각주항목(09.06월 이후)
51094,201806,0010158,제이피모간증권회사서울지점,C,파생상품계약,0,외국계증권사,B,SF205,각주항목(09.06월 이후)
51095,201806,0010158,제이피모간증권회사서울지점,C1,파생상품계약_장내파생상품,0,외국계증권사,B,SF205,각주항목(09.06월 이후)
51096,201806,0010158,제이피모간증권회사서울지점,C11,파생상품계약_장내파생상품_이자율관련거래,0,외국계증권사,B,SF205,각주항목(09.06월 이후)
51097,201806,0010158,제이피모간증권회사서울지점,C12,파생상품계약_장내파생상품_통화관련거래,0,외국계증권사,B,SF205,각주항목(09.06월 이후)
51098,201806,0010158,제이피모간증권회사서울지점,C13,파생상품계약_장내파생상품_주식관련거래,0,외국계증권사,B,SF205,각주항목(09.06월 이후)
51099,201806,0010158,제이피모간증권회사서울지점,C14,파생상품계약_장내파생상품_일반상품관련거래,0,외국계증권사,B,SF205,각주항목(09.06월 이후)
51100,201806,0010158,제이피모간증권회사서울지점,C15,파생상품계약_장내파생상품_기타,0,외국계증권사,B,SF205,각주항목(09.06월 이후)
51101,201806,0010158,제이피모간증권회사서울지점,C2,파생상품계약_장외파생상품,0,외국계증권사,B,SF205,각주항목(09.06월 이후)
51102,201806,0010158,제이피모간증권회사서울지점,C21,파생상품계약_장외파생상품_이자율관련거래,0,외국계증권사,B,SF205,각주항목(09.06월 이후)
51103,201806,0010158,제이피모간증권회사서울지점,C22,파생상품계약_장외파생상품_통화관련거래,0,외국계증권사,B,SF205,각주항목(09.06월 이후)
51104,201806,0010158,제이피모간증권회사서울지점,C23,파생상품계약_장외파생상품_주식관련거래,0,외국계증권사,B,SF205,각주항목(09.06월 이후)
51105,201806,0010158,제이피모간증권회사서울지점,C24,파생상품계약_장외파생상품_신용관련거래,0,외국계증권사,B,SF205,각주항목(09.06월 이후)
51106,201806,0010158,제이피모간증권회사서울지점,C25,파생상품계약_장외파생상품_기타,0,외국계증권사,B,SF205,각주항목(09.06월 이후)
51107,201806,0010158,제이피모간증권회사서울지점,D,대차 및 대주거래,0,외국계증권사,B,SF205,각주항목(09.06월 이후)
51108,201806,0010158,제이피모간증권회사서울지점,D1,대차 및 대주거래_대여증권,0,외국계증권사,B,SF205,각주항목(09.06월 이후)
51109,201806,0010158,제이피모간증권회사서울지점,D2,대차 및 대주거래_차입증권,0,외국계증권사,B,SF205,각주항목(09.06월 이후)
51110,201806,0010158,제이피모간증권회사서울지점,D3,대차 및 대주거래_신용거래대주,0,외국계증권사,B,SF205,각주항목(09.06월 이후)
51111,201806,0010158,제이피모간증권회사서울지점,E,대손상각채권,0,외국계증권사,B,SF205,각주항목(09.06월 이후)
51112,201806,0010158,제이피모간증권회사서울지점,F,환전업무 예치금,0,외국계증권사,B,SF205,각주항목(09.06월 이후)
51113,201806,0010158,제이피모간증권회사서울지점,G,미배당별도예치금,0,외국계증권사,B,SF205,각주항목(09.06월 이후)
51114,201806,0010158,제이피모간증권회사서울지점,H,배서어음매출(종금계정),0,외국계증권사,B,SF205,각주항목(09.06월 이후)
51115,201806,0010158,제이피모간증권회사서울지점,H1,대출채권매매이익_담보부,0,외국계증권사,B,SF205,각주항목(09.06월 이후)
51116,201806,0010158,제이피모간증권회사서울지점,H2,대출채권매매이익_무담보부,0,외국계증권사,B,SF205,각주항목(09.06월 이후)
51117,201809,0010158,제이피모간증권회사서울지점,A,채무보증,0,외국계증권사,B,SF205,각주항목(09.06월 이후)
51118,201809,0010158,제이피모간증권회사서울지점,A1,채무보증_지급보증,0,외국계증권사,B,SF205,각주항목(09.06월 이후)
51119,201809,0010158,제이피모간증권회사서울지점,A2,채무보증_매입보장약정,0,외국계증권사,B,SF205,각주항목(09.06월 이후)
51120,201809,0010158,제이피모간증권회사서울지점,A3,채무보증_채무인수약정,0,외국계증권사,B,SF205,각주항목(09.06월 이후)
51121,201809,0010158,제이피모간증권회사서울지점,A5,채무보증_매입확약,0,외국계증권사,B,SF205,각주항목(09.06월 이후)
51122,201809,0010158,제이피모간증권회사서울지점,A6,채무보증_기타,0,외국계증권사,B,SF205,각주항목(09.06월 이후)
51123,201809,0010158,제이피모간증권회사서울지점,B,투자자의 예수증권 등,52390000000,외국계증권사,B,SF205,각주항목(09.06월 이후)
51124,201809,0010158,제이피모간증권회사서울지점,B1,투자자의 예수증권 등_예수 증권,52390000000,외국계증권사,B,SF205,각주항목(09.06월 이후)
51125,201809,0010158,제이피모간증권회사서울지점,B2,투자자의 예수증권 등_예수양도성예금증서,0,외국계증권사,B,SF205,각주항목(09.06월 이후)
51126,201809,0010158,제이피모간증권회사서울지점,B3,투자자의 예수증권 등_기타,0,외국계증권사,B,SF205,각주항목(09.06월 이후)
51127,201809,0010158,제이피모간증권회사서울지점,C,파생상품계약,0,외국계증권사,B,SF205,각주항목(09.06월 이후)
51128,201809,0010158,제이피모간증권회사서울지점,C1,파생상품계약_장내파생상품,0,외국계증권사,B,SF205,각주항목(09.06월 이후)
51129,201809,0010158,제이피모간증권회사서울지점,C11,파생상품계약_장내파생상품_이자율관련거래,0,외국계증권사,B,SF205,각주항목(09.06월 이후)
51130,201809,0010158,제이피모간증권회사서울지점,C12,파생상품계약_장내파생상품_통화관련거래,0,외국계증권사,B,SF205,각주항목(09.06월 이후)
51131,201809,0010158,제이피모간증권회사서울지점,C13,파생상품계약_장내파생상품_주식관련거래,0,외국계증권사,B,SF205,각주항목(09.06월 이후)
51132,201809,0010158,제이피모간증권회사서울지점,C14,파생상품계약_장내파생상품_일반상품관련거래,0,외국계증권사,B,SF205,각주항목(09.06월 이후)
51133,201809,0010158,제이피모간증권회사서울지점,C15,파생상품계약_장내파생상품_기타,0,외국계증권사,B,SF205,각주항목(09.06월 이후)
51134,201809,0010158,제이피모간증권회사서울지점,C2,파생상품계약_장외파생상품,0,외국계증권사,B,SF205,각주항목(09.06월 이후)
51135,201809,0010158,제이피모간증권회사서울지점,C21,파생상품계약_장외파생상품_이자율관련거래,0,외국계증권사,B,SF205,각주항목(09.06월 이후)
51136,201809,0010158,제이피모간증권회사서울지점,C22,파생상품계약_장외파생상품_통화관련거래,0,외국계증권사,B,SF205,각주항목(09.06월 이후)
51137,201809,0010158,제이피모간증권회사서울지점,C23,파생상품계약_장외파생상품_주식관련거래,0,외국계증권사,B,SF205,각주항목(09.06월 이후)
51138,201809,0010158,제이피모간증권회사서울지점,C24,파생상품계약_장외파생상품_신용관련거래,0,외국계증권사,B,SF205,각주항목(09.06월 이후)
51139,201809,0010158,제이피모간증권회사서울지점,C25,파생상품계약_장외파생상품_기타,0,외국계증권사,B,SF205,각주항목(09.06월 이후)
51140,201809,0010158,제이피모간증권회사서울지점,D,대차 및 대주거래,0,외국계증권사,B,SF205,각주항목(09.06월 이후)
51141,201809,0010158,제이피모간증권회사서울지점,D1,대차 및 대주거래_대여증권,0,외국계증권사,B,SF205,각주항목(09.06월 이후)
51142,201809,0010158,제이피모간증권회사서울지점,D2,대차 및 대주거래_차입증권,0,외국계증권사,B,SF205,각주항목(09.06월 이후)
51143,201809,0010158,제이피모간증권회사서울지점,D3,대차 및 대주거래_신용거래대주,0,외국계증권사,B,SF205,각주항목(09.06월 이후)
51144,201809,0010158,제이피모간증권회사서울지점,E,대손상각채권,0,외국계증권사,B,SF205,각주항목(09.06월 이후)
51145,201809,0010158,제이피모간증권회사서울지점,F,환전업무 예치금,0,외국계증권사,B,SF205,각주항목(09.06월 이후)
51146,201809,0010158,제이피모간증권회사서울지점,G,미배당별도예치금,0,외국계증권사,B,SF205,각주항목(09.06월 이후)
51147,201809,0010158,제이피모간증권회사서울지점,H,배서어음매출(종금계정),0,외국계증권사,B,SF205,각주항목(09.06월 이후)
51148,201809,0010158,제이피모간증권회사서울지점,H1,대출채권매매이익_담보부,0,외국계증권사,B,SF205,각주항목(09.06월 이후)
51149,201809,0010158,제이피모간증권회사서울지점,H2,대출채권매매이익_무담보부,0,외국계증권사,B,SF205,각주항목(09.06월 이후)
51150,201812,0010158,제이피모간증권회사서울지점,A,채무보증,0,외국계증권사,B,SF205,각주항목(09.06월 이후)
51151,201812,0010158,제이피모간증권회사서울지점,A1,채무보증_지급보증,0,외국계증권사,B,SF205,각주항목(09.06월 이후)
51152,201812,0010158,제이피모간증권회사서울지점,A2,채무보증_매입보장약정,0,외국계증권사,B,SF205,각주항목(09.06월 이후)
51153,201812,0010158,제이피모간증권회사서울지점,A3,채무보증_채무인수약정,0,외국계증권사,B,SF205,각주항목(09.06월 이후)
51154,201812,0010158,제이피모간증권회사서울지점,A5,채무보증_매입확약,0,외국계증권사,B,SF205,각주항목(09.06월 이후)
51155,201812,0010158,제이피모간증권회사서울지점,A6,채무보증_기타,0,외국계증권사,B,SF205,각주항목(09.06월 이후)
51156,201812,0010158,제이피모간증권회사서울지점,B,투자자의 예수증권 등,52390000000,외국계증권사,B,SF205,각주항목(09.06월 이후)
51157,201812,0010158,제이피모간증권회사서울지점,B1,투자자의 예수증권 등_예수 증권,52390000000,외국계증권사,B,SF205,각주항목(09.06월 이후)
51158,201812,0010158,제이피모간증권회사서울지점,B2,투자자의 예수증권 등_예수양도성예금증서,0,외국계증권사,B,SF205,각주항목(09.06월 이후)
51159,201812,0010158,제이피모간증권회사서울지점,B3,투자자의 예수증권 등_기타,0,외국계증권사,B,SF205,각주항목(09.06월 이후)
51160,201812,0010158,제이피모간증권회사서울지점,C,파생상품계약,0,외국계증권사,B,SF205,각주항목(09.06월 이후)
51161,201812,0010158,제이피모간증권회사서울지점,C1,파생상품계약_장내파생상품,0,외국계증권사,B,SF205,각주항목(09.06월 이후)
51162,201812,0010158,제이피모간증권회사서울지점,C11,파생상품계약_장내파생상품_이자율관련거래,0,외국계증권사,B,SF205,각주항목(09.06월 이후)
51163,201812,0010158,제이피모간증권회사서울지점,C12,파생상품계약_장내파생상품_통화관련거래,0,외국계증권사,B,SF205,각주항목(09.06월 이후)
51164,201812,0010158,제이피모간증권회사서울지점,C13,파생상품계약_장내파생상품_주식관련거래,0,외국계증권사,B,SF205,각주항목(09.06월 이후)
51165,201812,0010158,제이피모간증권회사서울지점,C14,파생상품계약_장내파생상품_일반상품관련거래,0,외국계증권사,B,SF205,각주항목(09.06월 이후)
51166,201812,0010158,제이피모간증권회사서울지점,C15,파생상품계약_장내파생상품_기타,0,외국계증권사,B,SF205,각주항목(09.06월 이후)
51167,201812,0010158,제이피모간증권회사서울지점,C2,파생상품계약_장외파생상품,0,외국계증권사,B,SF205,각주항목(09.06월 이후)
51168,201812,0010158,제이피모간증권회사서울지점,C21,파생상품계약_장외파생상품_이자율관련거래,0,외국계증권사,B,SF205,각주항목(09.06월 이후)
51169,201812,0010158,제이피모간증권회사서울지점,C22,파생상품계약_장외파생상품_통화관련거래,0,외국계증권사,B,SF205,각주항목(09.06월 이후)
51170,201812,0010158,제이피모간증권회사서울지점,C23,파생상품계약_장외파생상품_주식관련거래,0,외국계증권사,B,SF205,각주항목(09.06월 이후)
51171,201812,0010158,제이피모간증권회사서울지점,C24,파생상품계약_장외파생상품_신용관련거래,0,외국계증권사,B,SF205,각주항목(09.06월 이후)
51172,201812,0010158,제이피모간증권회사서울지점,C25,파생상품계약_장외파생상품_기타,0,외국계증권사,B,SF205,각주항목(09.06월 이후)
51173,201812,0010158,제이피모간증권회사서울지점,D,대차 및 대주거래,0,외국계증권사,B,SF205,각주항목(09.06월 이후)
51174,201812,0010158,제이피모간증권회사서울지점,D1,대차 및 대주거래_대여증권,0,외국계증권사,B,SF205,각주항목(09.06월 이후)
51175,201812,0010158,제이피모간증권회사서울지점,D2,대차 및 대주거래_차입증권,0,외국계증권사,B,SF205,각주항목(09.06월 이후)
51176,201812,0010158,제이피모간증권회사서울지점,D3,대차 및 대주거래_신용거래대주,0,외국계증권사,B,SF205,각주항목(09.06월 이후)
51177,201812,0010158,제이피모간증권회사서울지점,E,대손상각채권,0,외국계증권사,B,SF205,각주항목(09.06월 이후)
51178,201812,0010158,제이피모간증권회사서울지점,F,환전업무 예치금,0,외국계증권사,B,SF205,각주항목(09.06월 이후)
51179,201812,0010158,제이피모간증권회사서울지점,G,미배당별도예치금,0,외국계증권사,B,SF205,각주항목(09.06월 이후)
51180,201812,0010158,제이피모간증권회사서울지점,H,배서어음매출(종금계정),0,외국계증권사,B,SF205,각주항목(09.06월 이후)
51181,201812,0010158,제이피모간증권회사서울지점,H1,대출채권매매이익_담보부,0,외국계증권사,B,SF205,각주항목(09.06월 이후)
51182,201812,0010158,제이피모간증권회사서울지점,H2,대출채권매매이익_무담보부,0,외국계증권사,B,SF205,각주항목(09.06월 이후)
51183,201903,0010158,제이피모간증권회사서울지점,A,채무보증,0,외국계증권사,B,SF205,각주항목(09.06월 이후)
51184,201903,0010158,제이피모간증권회사서울지점,A1,채무보증_지급보증,0,외국계증권사,B,SF205,각주항목(09.06월 이후)
51185,201903,0010158,제이피모간증권회사서울지점,A2,채무보증_매입보장약정,0,외국계증권사,B,SF205,각주항목(09.06월 이후)
51186,201903,0010158,제이피모간증권회사서울지점,A3,채무보증_채무인수약정,0,외국계증권사,B,SF205,각주항목(09.06월 이후)
51187,201903,0010158,제이피모간증권회사서울지점,A5,채무보증_매입확약,0,외국계증권사,B,SF205,각주항목(09.06월 이후)
51188,201903,0010158,제이피모간증권회사서울지점,A6,채무보증_기타,0,외국계증권사,B,SF205,각주항목(09.06월 이후)
51189,201903,0010158,제이피모간증권회사서울지점,B,투자자의 예수증권 등,64892590000,외국계증권사,B,SF205,각주항목(09.06월 이후)
51190,201903,0010158,제이피모간증권회사서울지점,B1,투자자의 예수증권 등_예수 증권,64892590000,외국계증권사,B,SF205,각주항목(09.06월 이후)
51191,201903,0010158,제이피모간증권회사서울지점,B2,투자자의 예수증권 등_예수양도성예금증서,0,외국계증권사,B,SF205,각주항목(09.06월 이후)
51192,201903,0010158,제이피모간증권회사서울지점,B3,투자자의 예수증권 등_기타,0,외국계증권사,B,SF205,각주항목(09.06월 이후)
51193,201903,0010158,제이피모간증권회사서울지점,C,파생상품계약,0,외국계증권사,B,SF205,각주항목(09.06월 이후)
51194,201903,0010158,제이피모간증권회사서울지점,C1,파생상품계약_장내파생상품,0,외국계증권사,B,SF205,각주항목(09.06월 이후)
51195,201903,0010158,제이피모간증권회사서울지점,C11,파생상품계약_장내파생상품_이자율관련거래,0,외국계증권사,B,SF205,각주항목(09.06월 이후)
51196,201903,0010158,제이피모간증권회사서울지점,C12,파생상품계약_장내파생상품_통화관련거래,0,외국계증권사,B,SF205,각주항목(09.06월 이후)
51197,201903,0010158,제이피모간증권회사서울지점,C13,파생상품계약_장내파생상품_주식관련거래,0,외국계증권사,B,SF205,각주항목(09.06월 이후)
51198,201903,0010158,제이피모간증권회사서울지점,C14,파생상품계약_장내파생상품_일반상품관련거래,0,외국계증권사,B,SF205,각주항목(09.06월 이후)
51199,201903,0010158,제이피모간증권회사서울지점,C15,파생상품계약_장내파생상품_기타,0,외국계증권사,B,SF205,각주항목(09.06월 이후)
51200,201903,0010158,제이피모간증권회사서울지점,C2,파생상품계약_장외파생상품,0,외국계증권사,B,SF205,각주항목(09.06월 이후)
51201,201903,0010158,제이피모간증권회사서울지점,C21,파생상품계약_장외파생상품_이자율관련거래,0,외국계증권사,B,SF205,각주항목(09.06월 이후)
51202,201903,0010158,제이피모간증권회사서울지점,C22,파생상품계약_장외파생상품_통화관련거래,0,외국계증권사,B,SF205,각주항목(09.06월 이후)
51203,201903,0010158,제이피모간증권회사서울지점,C23,파생상품계약_장외파생상품_주식관련거래,0,외국계증권사,B,SF205,각주항목(09.06월 이후)
51204,201903,0010158,제이피모간증권회사서울지점,C24,파생상품계약_장외파생상품_신용관련거래,0,외국계증권사,B,SF205,각주항목(09.06월 이후)
51205,201903,0010158,제이피모간증권회사서울지점,C25,파생상품계약_장외파생상품_기타,0,외국계증권사,B,SF205,각주항목(09.06월 이후)
51206,201903,0010158,제이피모간증권회사서울지점,D,대차 및 대주거래,543000,외국계증권사,B,SF205,각주항목(09.06월 이후)
51207,201903,0010158,제이피모간증권회사서울지점,D1,대차 및 대주거래_대여증권,0,외국계증권사,B,SF205,각주항목(09.06월 이후)
51208,201903,0010158,제이피모간증권회사서울지점,D2,대차 및 대주거래_차입증권,543000,외국계증권사,B,SF205,각주항목(09.06월 이후)
51209,201903,0010158,제이피모간증권회사서울지점,D3,대차 및 대주거래_신용거래대주,0,외국계증권사,B,SF205,각주항목(09.06월 이후)
51210,201903,0010158,제이피모간증권회사서울지점,E,대손상각채권,0,외국계증권사,B,SF205,각주항목(09.06월 이후)
51211,201903,0010158,제이피모간증권회사서울지점,F,환전업무 예치금,0,외국계증권사,B,SF205,각주항목(09.06월 이후)
51212,201903,0010158,제이피모간증권회사서울지점,G,미배당별도예치금,0,외국계증권사,B,SF205,각주항목(09.06월 이후)
51213,201903,0010158,제이피모간증권회사서울지점,H,배서어음매출(종금계정),0,외국계증권사,B,SF205,각주항목(09.06월 이후)
51214,201903,0010158,제이피모간증권회사서울지점,H1,대출채권매매이익_담보부,0,외국계증권사,B,SF205,각주항목(09.06월 이후)
51215,201903,0010158,제이피모간증권회사서울지점,H2,대출채권매매이익_무담보부,0,외국계증권사,B,SF205,각주항목(09.06월 이후)
51216,201906,0010158,제이피모간증권회사서울지점,A,채무보증,0,외국계증권사,B,SF205,각주항목(09.06월 이후)
51217,201906,0010158,제이피모간증권회사서울지점,A1,채무보증_지급보증,0,외국계증권사,B,SF205,각주항목(09.06월 이후)
51218,201906,0010158,제이피모간증권회사서울지점,A2,채무보증_매입보장약정,0,외국계증권사,B,SF205,각주항목(09.06월 이후)
51219,201906,0010158,제이피모간증권회사서울지점,A3,채무보증_채무인수약정,0,외국계증권사,B,SF205,각주항목(09.06월 이후)
51220,201906,0010158,제이피모간증권회사서울지점,A5,채무보증_매입확약,0,외국계증권사,B,SF205,각주항목(09.06월 이후)
51221,201906,0010158,제이피모간증권회사서울지점,A6,채무보증_기타,0,외국계증권사,B,SF205,각주항목(09.06월 이후)
51222,201906,0010158,제이피모간증권회사서울지점,B,투자자의 예수증권 등,67879810000,외국계증권사,B,SF205,각주항목(09.06월 이후)
51223,201906,0010158,제이피모간증권회사서울지점,B1,투자자의 예수증권 등_예수 증권,67879810000,외국계증권사,B,SF205,각주항목(09.06월 이후)
51224,201906,0010158,제이피모간증권회사서울지점,B2,투자자의 예수증권 등_예수양도성예금증서,0,외국계증권사,B,SF205,각주항목(09.06월 이후)
51225,201906,0010158,제이피모간증권회사서울지점,B3,투자자의 예수증권 등_기타,0,외국계증권사,B,SF205,각주항목(09.06월 이후)
51226,201906,0010158,제이피모간증권회사서울지점,C,파생상품계약,0,외국계증권사,B,SF205,각주항목(09.06월 이후)
51227,201906,0010158,제이피모간증권회사서울지점,C1,파생상품계약_장내파생상품,0,외국계증권사,B,SF205,각주항목(09.06월 이후)
51228,201906,0010158,제이피모간증권회사서울지점,C11,파생상품계약_장내파생상품_이자율관련거래,0,외국계증권사,B,SF205,각주항목(09.06월 이후)
51229,201906,0010158,제이피모간증권회사서울지점,C12,파생상품계약_장내파생상품_통화관련거래,0,외국계증권사,B,SF205,각주항목(09.06월 이후)
51230,201906,0010158,제이피모간증권회사서울지점,C13,파생상품계약_장내파생상품_주식관련거래,0,외국계증권사,B,SF205,각주항목(09.06월 이후)
51231,201906,0010158,제이피모간증권회사서울지점,C14,파생상품계약_장내파생상품_일반상품관련거래,0,외국계증권사,B,SF205,각주항목(09.06월 이후)
51232,201906,0010158,제이피모간증권회사서울지점,C15,파생상품계약_장내파생상품_기타,0,외국계증권사,B,SF205,각주항목(09.06월 이후)
51233,201906,0010158,제이피모간증권회사서울지점,C2,파생상품계약_장외파생상품,0,외국계증권사,B,SF205,각주항목(09.06월 이후)
51234,201906,0010158,제이피모간증권회사서울지점,C21,파생상품계약_장외파생상품_이자율관련거래,0,외국계증권사,B,SF205,각주항목(09.06월 이후)
51235,201906,0010158,제이피모간증권회사서울지점,C22,파생상품계약_장외파생상품_통화관련거래,0,외국계증권사,B,SF205,각주항목(09.06월 이후)
51236,201906,0010158,제이피모간증권회사서울지점,C23,파생상품계약_장외파생상품_주식관련거래,0,외국계증권사,B,SF205,각주항목(09.06월 이후)
51237,201906,0010158,제이피모간증권회사서울지점,C24,파생상품계약_장외파생상품_신용관련거래,0,외국계증권사,B,SF205,각주항목(09.06월 이후)
51238,201906,0010158,제이피모간증권회사서울지점,C25,파생상품계약_장외파생상품_기타,0,외국계증권사,B,SF205,각주항목(09.06월 이후)
51239,201906,0010158,제이피모간증권회사서울지점,D,대차 및 대주거래,0,외국계증권사,B,SF205,각주항목(09.06월 이후)
51240,201906,0010158,제이피모간증권회사서울지점,D1,대차 및 대주거래_대여증권,0,외국계증권사,B,SF205,각주항목(09.06월 이후)
51241,201906,0010158,제이피모간증권회사서울지점,D2,대차 및 대주거래_차입증권,0,외국계증권사,B,SF205,각주항목(09.06월 이후)
51242,201906,0010158,제이피모간증권회사서울지점,D3,대차 및 대주거래_신용거래대주,0,외국계증권사,B,SF205,각주항목(09.06월 이후)
51243,201906,0010158,제이피모간증권회사서울지점,E,대손상각채권,0,외국계증권사,B,SF205,각주항목(09.06월 이후)
51244,201906,0010158,제이피모간증권회사서울지점,F,환전업무 예치금,0,외국계증권사,B,SF205,각주항목(09.06월 이후)
51245,201906,0010158,제이피모간증권회사서울지점,G,미배당별도예치금,0,외국계증권사,B,SF205,각주항목(09.06월 이후)
51246,201906,0010158,제이피모간증권회사서울지점,H,배서어음매출(종금계정),0,외국계증권사,B,SF205,각주항목(09.06월 이후)
51247,201906,0010158,제이피모간증권회사서울지점,H1,대출채권매매이익_담보부,0,외국계증권사,B,SF205,각주항목(09.06월 이후)
51248,201906,0010158,제이피모간증권회사서울지점,H2,대출채권매매이익_무담보부,0,외국계증권사,B,SF205,각주항목(09.06월 이후)
51249,201909,0010158,제이피모간증권회사서울지점,A,채무보증,0,외국계증권사,B,SF205,각주항목(09.06월 이후)
51250,201909,0010158,제이피모간증권회사서울지점,A1,채무보증_지급보증,0,외국계증권사,B,SF205,각주항목(09.06월 이후)
51251,201909,0010158,제이피모간증권회사서울지점,A2,채무보증_매입보장약정,0,외국계증권사,B,SF205,각주항목(09.06월 이후)
51252,201909,0010158,제이피모간증권회사서울지점,A3,채무보증_채무인수약정,0,외국계증권사,B,SF205,각주항목(09.06월 이후)
51253,201909,0010158,제이피모간증권회사서울지점,A5,채무보증_매입확약,0,외국계증권사,B,SF205,각주항목(09.06월 이후)
51254,201909,0010158,제이피모간증권회사서울지점,A6,채무보증_기타,0,외국계증권사,B,SF205,각주항목(09.06월 이후)
51255,201909,0010158,제이피모간증권회사서울지점,B,투자자의 예수증권 등,67904780000,외국계증권사,B,SF205,각주항목(09.06월 이후)
51256,201909,0010158,제이피모간증권회사서울지점,B1,투자자의 예수증권 등_예수 증권,67904780000,외국계증권사,B,SF205,각주항목(09.06월 이후)
51257,201909,0010158,제이피모간증권회사서울지점,B2,투자자의 예수증권 등_예수양도성예금증서,0,외국계증권사,B,SF205,각주항목(09.06월 이후)
51258,201909,0010158,제이피모간증권회사서울지점,B3,투자자의 예수증권 등_기타,0,외국계증권사,B,SF205,각주항목(09.06월 이후)
51259,201909,0010158,제이피모간증권회사서울지점,C,파생상품계약,0,외국계증권사,B,SF205,각주항목(09.06월 이후)
51260,201909,0010158,제이피모간증권회사서울지점,C1,파생상품계약_장내파생상품,0,외국계증권사,B,SF205,각주항목(09.06월 이후)
51261,201909,0010158,제이피모간증권회사서울지점,C11,파생상품계약_장내파생상품_이자율관련거래,0,외국계증권사,B,SF205,각주항목(09.06월 이후)
51262,201909,0010158,제이피모간증권회사서울지점,C12,파생상품계약_장내파생상품_통화관련거래,0,외국계증권사,B,SF205,각주항목(09.06월 이후)
51263,201909,0010158,제이피모간증권회사서울지점,C13,파생상품계약_장내파생상품_주식관련거래,0,외국계증권사,B,SF205,각주항목(09.06월 이후)
51264,201909,0010158,제이피모간증권회사서울지점,C14,파생상품계약_장내파생상품_일반상품관련거래,0,외국계증권사,B,SF205,각주항목(09.06월 이후)
51265,201909,0010158,제이피모간증권회사서울지점,C15,파생상품계약_장내파생상품_기타,0,외국계증권사,B,SF205,각주항목(09.06월 이후)
51266,201909,0010158,제이피모간증권회사서울지점,C2,파생상품계약_장외파생상품,0,외국계증권사,B,SF205,각주항목(09.06월 이후)
51267,201909,0010158,제이피모간증권회사서울지점,C21,파생상품계약_장외파생상품_이자율관련거래,0,외국계증권사,B,SF205,각주항목(09.06월 이후)
51268,201909,0010158,제이피모간증권회사서울지점,C22,파생상품계약_장외파생상품_통화관련거래,0,외국계증권사,B,SF205,각주항목(09.06월 이후)
51269,201909,0010158,제이피모간증권회사서울지점,C23,파생상품계약_장외파생상품_주식관련거래,0,외국계증권사,B,SF205,각주항목(09.06월 이후)
51270,201909,0010158,제이피모간증권회사서울지점,C24,파생상품계약_장외파생상품_신용관련거래,0,외국계증권사,B,SF205,각주항목(09.06월 이후)
51271,201909,0010158,제이피모간증권회사서울지점,C25,파생상품계약_장외파생상품_기타,0,외국계증권사,B,SF205,각주항목(09.06월 이후)
51272,201909,0010158,제이피모간증권회사서울지점,D,대차 및 대주거래,24867665,외국계증권사,B,SF205,각주항목(09.06월 이후)
51273,201909,0010158,제이피모간증권회사서울지점,D1,대차 및 대주거래_대여증권,0,외국계증권사,B,SF205,각주항목(09.06월 이후)
51274,201909,0010158,제이피모간증권회사서울지점,D2,대차 및 대주거래_차입증권,24867665,외국계증권사,B,SF205,각주항목(09.06월 이후)
51275,201909,0010158,제이피모간증권회사서울지점,D3,대차 및 대주거래_신용거래대주,0,외국계증권사,B,SF205,각주항목(09.06월 이후)
51276,201909,0010158,제이피모간증권회사서울지점,E,대손상각채권,0,외국계증권사,B,SF205,각주항목(09.06월 이후)
51277,201909,0010158,제이피모간증권회사서울지점,F,환전업무 예치금,0,외국계증권사,B,SF205,각주항목(09.06월 이후)
51278,201909,0010158,제이피모간증권회사서울지점,G,미배당별도예치금,0,외국계증권사,B,SF205,각주항목(09.06월 이후)
51279,201909,0010158,제이피모간증권회사서울지점,H,배서어음매출(종금계정),0,외국계증권사,B,SF205,각주항목(09.06월 이후)
51280,201909,0010158,제이피모간증권회사서울지점,H1,대출채권매매이익_담보부,0,외국계증권사,B,SF205,각주항목(09.06월 이후)
51281,201909,0010158,제이피모간증권회사서울지점,H2,대출채권매매이익_무담보부,0,외국계증권사,B,SF205,각주항목(09.06월 이후)
51282,201912,0010158,제이피모간증권회사서울지점,A,채무보증,0,외국계증권사,B,SF205,각주항목(09.06월 이후)
51283,201912,0010158,제이피모간증권회사서울지점,A1,채무보증_지급보증,0,외국계증권사,B,SF205,각주항목(09.06월 이후)
51284,201912,0010158,제이피모간증권회사서울지점,A2,채무보증_매입보장약정,0,외국계증권사,B,SF205,각주항목(09.06월 이후)
51285,201912,0010158,제이피모간증권회사서울지점,A3,채무보증_채무인수약정,0,외국계증권사,B,SF205,각주항목(09.06월 이후)
51286,201912,0010158,제이피모간증권회사서울지점,A5,채무보증_매입확약,0,외국계증권사,B,SF205,각주항목(09.06월 이후)
51287,201912,0010158,제이피모간증권회사서울지점,A6,채무보증_기타,0,외국계증권사,B,SF205,각주항목(09.06월 이후)
51288,201912,0010158,제이피모간증권회사서울지점,B,투자자의 예수증권 등,66113543200,외국계증권사,B,SF205,각주항목(09.06월 이후)
51289,201912,0010158,제이피모간증권회사서울지점,B1,투자자의 예수증권 등_예수 증권,66113543200,외국계증권사,B,SF205,각주항목(09.06월 이후)
51290,201912,0010158,제이피모간증권회사서울지점,B2,투자자의 예수증권 등_예수양도성예금증서,0,외국계증권사,B,SF205,각주항목(09.06월 이후)
51291,201912,0010158,제이피모간증권회사서울지점,B3,투자자의 예수증권 등_기타,0,외국계증권사,B,SF205,각주항목(09.06월 이후)
51292,201912,0010158,제이피모간증권회사서울지점,C,파생상품계약,0,외국계증권사,B,SF205,각주항목(09.06월 이후)
51293,201912,0010158,제이피모간증권회사서울지점,C1,파생상품계약_장내파생상품,0,외국계증권사,B,SF205,각주항목(09.06월 이후)
51294,201912,0010158,제이피모간증권회사서울지점,C11,파생상품계약_장내파생상품_이자율관련거래,0,외국계증권사,B,SF205,각주항목(09.06월 이후)
51295,201912,0010158,제이피모간증권회사서울지점,C12,파생상품계약_장내파생상품_통화관련거래,0,외국계증권사,B,SF205,각주항목(09.06월 이후)
51296,201912,0010158,제이피모간증권회사서울지점,C13,파생상품계약_장내파생상품_주식관련거래,0,외국계증권사,B,SF205,각주항목(09.06월 이후)
51297,201912,0010158,제이피모간증권회사서울지점,C14,파생상품계약_장내파생상품_일반상품관련거래,0,외국계증권사,B,SF205,각주항목(09.06월 이후)
51298,201912,0010158,제이피모간증권회사서울지점,C15,파생상품계약_장내파생상품_기타,0,외국계증권사,B,SF205,각주항목(09.06월 이후)
51299,201912,0010158,제이피모간증권회사서울지점,C2,파생상품계약_장외파생상품,0,외국계증권사,B,SF205,각주항목(09.06월 이후)
51300,201912,0010158,제이피모간증권회사서울지점,C21,파생상품계약_장외파생상품_이자율관련거래,0,외국계증권사,B,SF205,각주항목(09.06월 이후)
51301,201912,0010158,제이피모간증권회사서울지점,C22,파생상품계약_장외파생상품_통화관련거래,0,외국계증권사,B,SF205,각주항목(09.06월 이후)
51302,201912,0010158,제이피모간증권회사서울지점,C23,파생상품계약_장외파생상품_주식관련거래,0,외국계증권사,B,SF205,각주항목(09.06월 이후)
51303,201912,0010158,제이피모간증권회사서울지점,C24,파생상품계약_장외파생상품_신용관련거래,0,외국계증권사,B,SF205,각주항목(09.06월 이후)
51304,201912,0010158,제이피모간증권회사서울지점,C25,파생상품계약_장외파생상품_기타,0,외국계증권사,B,SF205,각주항목(09.06월 이후)
51305,201912,0010158,제이피모간증권회사서울지점,D,대차 및 대주거래,0,외국계증권사,B,SF205,각주항목(09.06월 이후)
51306,201912,0010158,제이피모간증권회사서울지점,D1,대차 및 대주거래_대여증권,0,외국계증권사,B,SF205,각주항목(09.06월 이후)
51307,201912,0010158,제이피모간증권회사서울지점,D2,대차 및 대주거래_차입증권,0,외국계증권사,B,SF205,각주항목(09.06월 이후)
51308,201912,0010158,제이피모간증권회사서울지점,D3,대차 및 대주거래_신용거래대주,0,외국계증권사,B,SF205,각주항목(09.06월 이후)
51309,201912,0010158,제이피모간증권회사서울지점,E,대손상각채권,0,외국계증권사,B,SF205,각주항목(09.06월 이후)
51310,201912,0010158,제이피모간증권회사서울지점,F,환전업무 예치금,0,외국계증권사,B,SF205,각주항목(09.06월 이후)
51311,201912,0010158,제이피모간증권회사서울지점,G,미배당별도예치금,0,외국계증권사,B,SF205,각주항목(09.06월 이후)
51312,201912,0010158,제이피모간증권회사서울지점,H,배서어음매출(종금계정),0,외국계증권사,B,SF205,각주항목(09.06월 이후)
51313,201912,0010158,제이피모간증권회사서울지점,H1,대출채권매매이익_담보부,0,외국계증권사,B,SF205,각주항목(09.06월 이후)
51314,201912,0010158,제이피모간증권회사서울지점,H2,대출채권매매이익_무담보부,0,외국계증권사,B,SF205,각주항목(09.06월 이후)
51315,202003,0010158,제이피모간증권회사서울지점,A,채무보증,0,외국계증권사,B,SF205,각주항목(09.06월 이후)
51316,202003,0010158,제이피모간증권회사서울지점,A1,채무보증_지급보증,0,외국계증권사,B,SF205,각주항목(09.06월 이후)
51317,202003,0010158,제이피모간증권회사서울지점,A2,채무보증_매입보장약정,0,외국계증권사,B,SF205,각주항목(09.06월 이후)
51318,202003,0010158,제이피모간증권회사서울지점,A3,채무보증_채무인수약정,0,외국계증권사,B,SF205,각주항목(09.06월 이후)
51319,202003,0010158,제이피모간증권회사서울지점,A5,채무보증_매입확약,0,외국계증권사,B,SF205,각주항목(09.06월 이후)
51320,202003,0010158,제이피모간증권회사서울지점,A6,채무보증_기타,0,외국계증권사,B,SF205,각주항목(09.06월 이후)
51321,202003,0010158,제이피모간증권회사서울지점,B,투자자의 예수증권 등,92424560000,외국계증권사,B,SF205,각주항목(09.06월 이후)
51322,202003,0010158,제이피모간증권회사서울지점,B1,투자자의 예수증권 등_예수 증권,92424560000,외국계증권사,B,SF205,각주항목(09.06월 이후)
51323,202003,0010158,제이피모간증권회사서울지점,B2,투자자의 예수증권 등_예수양도성예금증서,0,외국계증권사,B,SF205,각주항목(09.06월 이후)
51324,202003,0010158,제이피모간증권회사서울지점,B3,투자자의 예수증권 등_기타,0,외국계증권사,B,SF205,각주항목(09.06월 이후)
51325,202003,0010158,제이피모간증권회사서울지점,C,파생상품계약,0,외국계증권사,B,SF205,각주항목(09.06월 이후)
51326,202003,0010158,제이피모간증권회사서울지점,C1,파생상품계약_장내파생상품,0,외국계증권사,B,SF205,각주항목(09.06월 이후)
51327,202003,0010158,제이피모간증권회사서울지점,C11,파생상품계약_장내파생상품_이자율관련거래,0,외국계증권사,B,SF205,각주항목(09.06월 이후)
51328,202003,0010158,제이피모간증권회사서울지점,C12,파생상품계약_장내파생상품_통화관련거래,0,외국계증권사,B,SF205,각주항목(09.06월 이후)
51329,202003,0010158,제이피모간증권회사서울지점,C13,파생상품계약_장내파생상품_주식관련거래,0,외국계증권사,B,SF205,각주항목(09.06월 이후)
51330,202003,0010158,제이피모간증권회사서울지점,C14,파생상품계약_장내파생상품_일반상품관련거래,0,외국계증권사,B,SF205,각주항목(09.06월 이후)
51331,202003,0010158,제이피모간증권회사서울지점,C15,파생상품계약_장내파생상품_기타,0,외국계증권사,B,SF205,각주항목(09.06월 이후)
51332,202003,0010158,제이피모간증권회사서울지점,C2,파생상품계약_장외파생상품,0,외국계증권사,B,SF205,각주항목(09.06월 이후)
51333,202003,0010158,제이피모간증권회사서울지점,C21,파생상품계약_장외파생상품_이자율관련거래,0,외국계증권사,B,SF205,각주항목(09.06월 이후)
51334,202003,0010158,제이피모간증권회사서울지점,C22,파생상품계약_장외파생상품_통화관련거래,0,외국계증권사,B,SF205,각주항목(09.06월 이후)
51335,202003,0010158,제이피모간증권회사서울지점,C23,파생상품계약_장외파생상품_주식관련거래,0,외국계증권사,B,SF205,각주항목(09.06월 이후)
51336,202003,0010158,제이피모간증권회사서울지점,C24,파생상품계약_장외파생상품_신용관련거래,0,외국계증권사,B,SF205,각주항목(09.06월 이후)
51337,202003,0010158,제이피모간증권회사서울지점,C25,파생상품계약_장외파생상품_기타,0,외국계증권사,B,SF205,각주항목(09.06월 이후)
51338,202003,0010158,제이피모간증권회사서울지점,D,대차 및 대주거래,14797500,외국계증권사,B,SF205,각주항목(09.06월 이후)
51339,202003,0010158,제이피모간증권회사서울지점,D1,대차 및 대주거래_대여증권,0,외국계증권사,B,SF205,각주항목(09.06월 이후)
51340,202003,0010158,제이피모간증권회사서울지점,D2,대차 및 대주거래_차입증권,14797500,외국계증권사,B,SF205,각주항목(09.06월 이후)
51341,202003,0010158,제이피모간증권회사서울지점,D3,대차 및 대주거래_신용거래대주,0,외국계증권사,B,SF205,각주항목(09.06월 이후)
51342,202003,0010158,제이피모간증권회사서울지점,E,대손상각채권,0,외국계증권사,B,SF205,각주항목(09.06월 이후)
51343,202003,0010158,제이피모간증권회사서울지점,F,환전업무 예치금,0,외국계증권사,B,SF205,각주항목(09.06월 이후)
51344,202003,0010158,제이피모간증권회사서울지점,G,미배당별도예치금,0,외국계증권사,B,SF205,각주항목(09.06월 이후)
51345,202003,0010158,제이피모간증권회사서울지점,H,배서어음매출(종금계정),0,외국계증권사,B,SF205,각주항목(09.06월 이후)
51346,202003,0010158,제이피모간증권회사서울지점,H1,대출채권매매이익_담보부,0,외국계증권사,B,SF205,각주항목(09.06월 이후)
51347,202003,0010158,제이피모간증권회사서울지점,H2,대출채권매매이익_무담보부,0,외국계증권사,B,SF205,각주항목(09.06월 이후)
51348,202006,0010158,제이피모간증권회사서울지점,A,채무보증,0,외국계증권사,B,SF205,각주항목(09.06월 이후)
51349,202006,0010158,제이피모간증권회사서울지점,A1,채무보증_지급보증,0,외국계증권사,B,SF205,각주항목(09.06월 이후)
51350,202006,0010158,제이피모간증권회사서울지점,A2,채무보증_매입보장약정,0,외국계증권사,B,SF205,각주항목(09.06월 이후)
51351,202006,0010158,제이피모간증권회사서울지점,A3,채무보증_채무인수약정,0,외국계증권사,B,SF205,각주항목(09.06월 이후)
51352,202006,0010158,제이피모간증권회사서울지점,A5,채무보증_매입확약,0,외국계증권사,B,SF205,각주항목(09.06월 이후)
51353,202006,0010158,제이피모간증권회사서울지점,A6,채무보증_기타,0,외국계증권사,B,SF205,각주항목(09.06월 이후)
51354,202006,0010158,제이피모간증권회사서울지점,B,투자자의 예수증권 등,120509000000,외국계증권사,B,SF205,각주항목(09.06월 이후)
51355,202006,0010158,제이피모간증권회사서울지점,B1,투자자의 예수증권 등_예수 증권,120509000000,외국계증권사,B,SF205,각주항목(09.06월 이후)
51356,202006,0010158,제이피모간증권회사서울지점,B2,투자자의 예수증권 등_예수양도성예금증서,0,외국계증권사,B,SF205,각주항목(09.06월 이후)
51357,202006,0010158,제이피모간증권회사서울지점,B3,투자자의 예수증권 등_기타,0,외국계증권사,B,SF205,각주항목(09.06월 이후)
51358,202006,0010158,제이피모간증권회사서울지점,C,파생상품계약,0,외국계증권사,B,SF205,각주항목(09.06월 이후)
51359,202006,0010158,제이피모간증권회사서울지점,C1,파생상품계약_장내파생상품,0,외국계증권사,B,SF205,각주항목(09.06월 이후)
51360,202006,0010158,제이피모간증권회사서울지점,C11,파생상품계약_장내파생상품_이자율관련거래,0,외국계증권사,B,SF205,각주항목(09.06월 이후)
51361,202006,0010158,제이피모간증권회사서울지점,C12,파생상품계약_장내파생상품_통화관련거래,0,외국계증권사,B,SF205,각주항목(09.06월 이후)
51362,202006,0010158,제이피모간증권회사서울지점,C13,파생상품계약_장내파생상품_주식관련거래,0,외국계증권사,B,SF205,각주항목(09.06월 이후)
51363,202006,0010158,제이피모간증권회사서울지점,C14,파생상품계약_장내파생상품_일반상품관련거래,0,외국계증권사,B,SF205,각주항목(09.06월 이후)
51364,202006,0010158,제이피모간증권회사서울지점,C15,파생상품계약_장내파생상품_기타,0,외국계증권사,B,SF205,각주항목(09.06월 이후)
51365,202006,0010158,제이피모간증권회사서울지점,C2,파생상품계약_장외파생상품,0,외국계증권사,B,SF205,각주항목(09.06월 이후)
51366,202006,0010158,제이피모간증권회사서울지점,C21,파생상품계약_장외파생상품_이자율관련거래,0,외국계증권사,B,SF205,각주항목(09.06월 이후)
51367,202006,0010158,제이피모간증권회사서울지점,C22,파생상품계약_장외파생상품_통화관련거래,0,외국계증권사,B,SF205,각주항목(09.06월 이후)
51368,202006,0010158,제이피모간증권회사서울지점,C23,파생상품계약_장외파생상품_주식관련거래,0,외국계증권사,B,SF205,각주항목(09.06월 이후)
51369,202006,0010158,제이피모간증권회사서울지점,C24,파생상품계약_장외파생상품_신용관련거래,0,외국계증권사,B,SF205,각주항목(09.06월 이후)
51370,202006,0010158,제이피모간증권회사서울지점,C25,파생상품계약_장외파생상품_기타,0,외국계증권사,B,SF205,각주항목(09.06월 이후)
51371,202006,0010158,제이피모간증권회사서울지점,D,대차 및 대주거래,0,외국계증권사,B,SF205,각주항목(09.06월 이후)
51372,202006,0010158,제이피모간증권회사서울지점,D1,대차 및 대주거래_대여증권,0,외국계증권사,B,SF205,각주항목(09.06월 이후)
51373,202006,0010158,제이피모간증권회사서울지점,D2,대차 및 대주거래_차입증권,0,외국계증권사,B,SF205,각주항목(09.06월 이후)
51374,202006,0010158,제이피모간증권회사서울지점,D3,대차 및 대주거래_신용거래대주,0,외국계증권사,B,SF205,각주항목(09.06월 이후)
51375,202006,0010158,제이피모간증권회사서울지점,E,대손상각채권,0,외국계증권사,B,SF205,각주항목(09.06월 이후)
51376,202006,0010158,제이피모간증권회사서울지점,F,환전업무 예치금,0,외국계증권사,B,SF205,각주항목(09.06월 이후)
51377,202006,0010158,제이피모간증권회사서울지점,G,미배당별도예치금,0,외국계증권사,B,SF205,각주항목(09.06월 이후)
51378,202006,0010158,제이피모간증권회사서울지점,H,배서어음매출(종금계정),0,외국계증권사,B,SF205,각주항목(09.06월 이후)
51379,202006,0010158,제이피모간증권회사서울지점,H1,대출채권매매이익_담보부,0,외국계증권사,B,SF205,각주항목(09.06월 이후)
51380,202006,0010158,제이피모간증권회사서울지점,H2,대출채권매매이익_무담보부,0,외국계증권사,B,SF205,각주항목(09.06월 이후)
51381,202009,0010158,제이피모간증권회사서울지점,A,채무보증,0,외국계증권사,B,SF205,각주항목(09.06월 이후)
51382,202009,0010158,제이피모간증권회사서울지점,A1,채무보증_지급보증,0,외국계증권사,B,SF205,각주항목(09.06월 이후)
51383,202009,0010158,제이피모간증권회사서울지점,A2,채무보증_매입보장약정,0,외국계증권사,B,SF205,각주항목(09.06월 이후)
51384,202009,0010158,제이피모간증권회사서울지점,A3,채무보증_채무인수약정,0,외국계증권사,B,SF205,각주항목(09.06월 이후)
51385,202009,0010158,제이피모간증권회사서울지점,A5,채무보증_매입확약,0,외국계증권사,B,SF205,각주항목(09.06월 이후)
51386,202009,0010158,제이피모간증권회사서울지점,A6,채무보증_기타,0,외국계증권사,B,SF205,각주항목(09.06월 이후)
51387,202009,0010158,제이피모간증권회사서울지점,B,투자자의 예수증권 등,146139900000,외국계증권사,B,SF205,각주항목(09.06월 이후)
51388,202009,0010158,제이피모간증권회사서울지점,B1,투자자의 예수증권 등_예수 증권,146139900000,외국계증권사,B,SF205,각주항목(09.06월 이후)
51389,202009,0010158,제이피모간증권회사서울지점,B2,투자자의 예수증권 등_예수양도성예금증서,0,외국계증권사,B,SF205,각주항목(09.06월 이후)
51390,202009,0010158,제이피모간증권회사서울지점,B3,투자자의 예수증권 등_기타,0,외국계증권사,B,SF205,각주항목(09.06월 이후)
51391,202009,0010158,제이피모간증권회사서울지점,C,파생상품계약,0,외국계증권사,B,SF205,각주항목(09.06월 이후)
51392,202009,0010158,제이피모간증권회사서울지점,C1,파생상품계약_장내파생상품,0,외국계증권사,B,SF205,각주항목(09.06월 이후)
51393,202009,0010158,제이피모간증권회사서울지점,C11,파생상품계약_장내파생상품_이자율관련거래,0,외국계증권사,B,SF205,각주항목(09.06월 이후)
51394,202009,0010158,제이피모간증권회사서울지점,C12,파생상품계약_장내파생상품_통화관련거래,0,외국계증권사,B,SF205,각주항목(09.06월 이후)
51395,202009,0010158,제이피모간증권회사서울지점,C13,파생상품계약_장내파생상품_주식관련거래,0,외국계증권사,B,SF205,각주항목(09.06월 이후)
51396,202009,0010158,제이피모간증권회사서울지점,C14,파생상품계약_장내파생상품_일반상품관련거래,0,외국계증권사,B,SF205,각주항목(09.06월 이후)
51397,202009,0010158,제이피모간증권회사서울지점,C15,파생상품계약_장내파생상품_기타,0,외국계증권사,B,SF205,각주항목(09.06월 이후)
51398,202009,0010158,제이피모간증권회사서울지점,C2,파생상품계약_장외파생상품,0,외국계증권사,B,SF205,각주항목(09.06월 이후)
51399,202009,0010158,제이피모간증권회사서울지점,C21,파생상품계약_장외파생상품_이자율관련거래,0,외국계증권사,B,SF205,각주항목(09.06월 이후)
51400,202009,0010158,제이피모간증권회사서울지점,C22,파생상품계약_장외파생상품_통화관련거래,0,외국계증권사,B,SF205,각주항목(09.06월 이후)
51401,202009,0010158,제이피모간증권회사서울지점,C23,파생상품계약_장외파생상품_주식관련거래,0,외국계증권사,B,SF205,각주항목(09.06월 이후)
51402,202009,0010158,제이피모간증권회사서울지점,C24,파생상품계약_장외파생상품_신용관련거래,0,외국계증권사,B,SF205,각주항목(09.06월 이후)
51403,202009,0010158,제이피모간증권회사서울지점,C25,파생상품계약_장외파생상품_기타,0,외국계증권사,B,SF205,각주항목(09.06월 이후)
51404,202009,0010158,제이피모간증권회사서울지점,D,대차 및 대주거래,0,외국계증권사,B,SF205,각주항목(09.06월 이후)
51405,202009,0010158,제이피모간증권회사서울지점,D1,대차 및 대주거래_대여증권,0,외국계증권사,B,SF205,각주항목(09.06월 이후)
51406,202009,0010158,제이피모간증권회사서울지점,D2,대차 및 대주거래_차입증권,0,외국계증권사,B,SF205,각주항목(09.06월 이후)
51407,202009,0010158,제이피모간증권회사서울지점,D3,대차 및 대주거래_신용거래대주,0,외국계증권사,B,SF205,각주항목(09.06월 이후)
51408,202009,0010158,제이피모간증권회사서울지점,E,대손상각채권,0,외국계증권사,B,SF205,각주항목(09.06월 이후)
51409,202009,0010158,제이피모간증권회사서울지점,F,환전업무 예치금,0,외국계증권사,B,SF205,각주항목(09.06월 이후)
51410,202009,0010158,제이피모간증권회사서울지점,G,미배당별도예치금,0,외국계증권사,B,SF205,각주항목(09.06월 이후)
51411,202009,0010158,제이피모간증권회사서울지점,H,배서어음매출(종금계정),0,외국계증권사,B,SF205,각주항목(09.06월 이후)
51412,202009,0010158,제이피모간증권회사서울지점,H1,대출채권매매이익_담보부,0,외국계증권사,B,SF205,각주항목(09.06월 이후)
51413,202009,0010158,제이피모간증권회사서울지점,H2,대출채권매매이익_무담보부,0,외국계증권사,B,SF205,각주항목(09.06월 이후)
51414,202012,0010158,제이피모간증권회사서울지점,A,채무보증,0,외국계증권사,B,SF205,각주항목(09.06월 이후)
51415,202012,0010158,제이피모간증권회사서울지점,A1,채무보증_지급보증,0,외국계증권사,B,SF205,각주항목(09.06월 이후)
51416,202012,0010158,제이피모간증권회사서울지점,A2,채무보증_매입보장약정,0,외국계증권사,B,SF205,각주항목(09.06월 이후)
51417,202012,0010158,제이피모간증권회사서울지점,A3,채무보증_채무인수약정,0,외국계증권사,B,SF205,각주항목(09.06월 이후)
51418,202012,0010158,제이피모간증권회사서울지점,A5,채무보증_매입확약,0,외국계증권사,B,SF205,각주항목(09.06월 이후)
51419,202012,0010158,제이피모간증권회사서울지점,A6,채무보증_기타,0,외국계증권사,B,SF205,각주항목(09.06월 이후)
51420,202012,0010158,제이피모간증권회사서울지점,B,투자자의 예수증권 등,146297800000,외국계증권사,B,SF205,각주항목(09.06월 이후)
51421,202012,0010158,제이피모간증권회사서울지점,B1,투자자의 예수증권 등_예수 증권,146297800000,외국계증권사,B,SF205,각주항목(09.06월 이후)
51422,202012,0010158,제이피모간증권회사서울지점,B2,투자자의 예수증권 등_예수양도성예금증서,0,외국계증권사,B,SF205,각주항목(09.06월 이후)
51423,202012,0010158,제이피모간증권회사서울지점,B3,투자자의 예수증권 등_기타,0,외국계증권사,B,SF205,각주항목(09.06월 이후)
51424,202012,0010158,제이피모간증권회사서울지점,C,파생상품계약,0,외국계증권사,B,SF205,각주항목(09.06월 이후)
51425,202012,0010158,제이피모간증권회사서울지점,C1,파생상품계약_장내파생상품,0,외국계증권사,B,SF205,각주항목(09.06월 이후)
51426,202012,0010158,제이피모간증권회사서울지점,C11,파생상품계약_장내파생상품_이자율관련거래,0,외국계증권사,B,SF205,각주항목(09.06월 이후)
51427,202012,0010158,제이피모간증권회사서울지점,C12,파생상품계약_장내파생상품_통화관련거래,0,외국계증권사,B,SF205,각주항목(09.06월 이후)
51428,202012,0010158,제이피모간증권회사서울지점,C13,파생상품계약_장내파생상품_주식관련거래,0,외국계증권사,B,SF205,각주항목(09.06월 이후)
51429,202012,0010158,제이피모간증권회사서울지점,C14,파생상품계약_장내파생상품_일반상품관련거래,0,외국계증권사,B,SF205,각주항목(09.06월 이후)
51430,202012,0010158,제이피모간증권회사서울지점,C15,파생상품계약_장내파생상품_기타,0,외국계증권사,B,SF205,각주항목(09.06월 이후)
51431,202012,0010158,제이피모간증권회사서울지점,C2,파생상품계약_장외파생상품,0,외국계증권사,B,SF205,각주항목(09.06월 이후)
51432,202012,0010158,제이피모간증권회사서울지점,C21,파생상품계약_장외파생상품_이자율관련거래,0,외국계증권사,B,SF205,각주항목(09.06월 이후)
51433,202012,0010158,제이피모간증권회사서울지점,C22,파생상품계약_장외파생상품_통화관련거래,0,외국계증권사,B,SF205,각주항목(09.06월 이후)
51434,202012,0010158,제이피모간증권회사서울지점,C23,파생상품계약_장외파생상품_주식관련거래,0,외국계증권사,B,SF205,각주항목(09.06월 이후)
51435,202012,0010158,제이피모간증권회사서울지점,C24,파생상품계약_장외파생상품_신용관련거래,0,외국계증권사,B,SF205,각주항목(09.06월 이후)
51436,202012,0010158,제이피모간증권회사서울지점,C25,파생상품계약_장외파생상품_기타,0,외국계증권사,B,SF205,각주항목(09.06월 이후)
51437,202012,0010158,제이피모간증권회사서울지점,D,대차 및 대주거래,0,외국계증권사,B,SF205,각주항목(09.06월 이후)
51438,202012,0010158,제이피모간증권회사서울지점,D1,대차 및 대주거래_대여증권,0,외국계증권사,B,SF205,각주항목(09.06월 이후)
51439,202012,0010158,제이피모간증권회사서울지점,D2,대차 및 대주거래_차입증권,0,외국계증권사,B,SF205,각주항목(09.06월 이후)
51440,202012,0010158,제이피모간증권회사서울지점,D3,대차 및 대주거래_신용거래대주,0,외국계증권사,B,SF205,각주항목(09.06월 이후)
51441,202012,0010158,제이피모간증권회사서울지점,E,대손상각채권,0,외국계증권사,B,SF205,각주항목(09.06월 이후)
51442,202012,0010158,제이피모간증권회사서울지점,F,환전업무 예치금,0,외국계증권사,B,SF205,각주항목(09.06월 이후)
51443,202012,0010158,제이피모간증권회사서울지점,G,미배당별도예치금,0,외국계증권사,B,SF205,각주항목(09.06월 이후)
51444,202012,0010158,제이피모간증권회사서울지점,H,배서어음매출(종금계정),0,외국계증권사,B,SF205,각주항목(09.06월 이후)
51445,202012,0010158,제이피모간증권회사서울지점,H1,대출채권매매이익_담보부,0,외국계증권사,B,SF205,각주항목(09.06월 이후)
51446,202012,0010158,제이피모간증권회사서울지점,H2,대출채권매매이익_무담보부,0,외국계증권사,B,SF205,각주항목(09.06월 이후)
51447,202103,0010158,제이피모간증권회사서울지점,A,채무보증,0,외국계증권사,B,SF205,각주항목(09.06월 이후)
51448,202103,0010158,제이피모간증권회사서울지점,A1,채무보증_지급보증,0,외국계증권사,B,SF205,각주항목(09.06월 이후)
51449,202103,0010158,제이피모간증권회사서울지점,A2,채무보증_매입보장약정,0,외국계증권사,B,SF205,각주항목(09.06월 이후)
51450,202103,0010158,제이피모간증권회사서울지점,A3,채무보증_채무인수약정,0,외국계증권사,B,SF205,각주항목(09.06월 이후)
51451,202103,0010158,제이피모간증권회사서울지점,A5,채무보증_매입확약,0,외국계증권사,B,SF205,각주항목(09.06월 이후)
51452,202103,0010158,제이피모간증권회사서울지점,A6,채무보증_기타,0,외국계증권사,B,SF205,각주항목(09.06월 이후)
51453,202103,0010158,제이피모간증권회사서울지점,B,투자자의 예수증권 등,156279600000,외국계증권사,B,SF205,각주항목(09.06월 이후)
51454,202103,0010158,제이피모간증권회사서울지점,B1,투자자의 예수증권 등_예수 증권,156279600000,외국계증권사,B,SF205,각주항목(09.06월 이후)
51455,202103,0010158,제이피모간증권회사서울지점,B2,투자자의 예수증권 등_예수양도성예금증서,0,외국계증권사,B,SF205,각주항목(09.06월 이후)
51456,202103,0010158,제이피모간증권회사서울지점,B3,투자자의 예수증권 등_기타,0,외국계증권사,B,SF205,각주항목(09.06월 이후)
51457,202103,0010158,제이피모간증권회사서울지점,C,파생상품계약,0,외국계증권사,B,SF205,각주항목(09.06월 이후)
51458,202103,0010158,제이피모간증권회사서울지점,C1,파생상품계약_장내파생상품,0,외국계증권사,B,SF205,각주항목(09.06월 이후)
51459,202103,0010158,제이피모간증권회사서울지점,C11,파생상품계약_장내파생상품_이자율관련거래,0,외국계증권사,B,SF205,각주항목(09.06월 이후)
51460,202103,0010158,제이피모간증권회사서울지점,C12,파생상품계약_장내파생상품_통화관련거래,0,외국계증권사,B,SF205,각주항목(09.06월 이후)
51461,202103,0010158,제이피모간증권회사서울지점,C13,파생상품계약_장내파생상품_주식관련거래,0,외국계증권사,B,SF205,각주항목(09.06월 이후)
51462,202103,0010158,제이피모간증권회사서울지점,C14,파생상품계약_장내파생상품_일반상품관련거래,0,외국계증권사,B,SF205,각주항목(09.06월 이후)
51463,202103,0010158,제이피모간증권회사서울지점,C15,파생상품계약_장내파생상품_기타,0,외국계증권사,B,SF205,각주항목(09.06월 이후)
51464,202103,0010158,제이피모간증권회사서울지점,C2,파생상품계약_장외파생상품,0,외국계증권사,B,SF205,각주항목(09.06월 이후)
51465,202103,0010158,제이피모간증권회사서울지점,C21,파생상품계약_장외파생상품_이자율관련거래,0,외국계증권사,B,SF205,각주항목(09.06월 이후)
51466,202103,0010158,제이피모간증권회사서울지점,C22,파생상품계약_장외파생상품_통화관련거래,0,외국계증권사,B,SF205,각주항목(09.06월 이후)
51467,202103,0010158,제이피모간증권회사서울지점,C23,파생상품계약_장외파생상품_주식관련거래,0,외국계증권사,B,SF205,각주항목(09.06월 이후)
51468,202103,0010158,제이피모간증권회사서울지점,C24,파생상품계약_장외파생상품_신용관련거래,0,외국계증권사,B,SF205,각주항목(09.06월 이후)
51469,202103,0010158,제이피모간증권회사서울지점,C25,파생상품계약_장외파생상품_기타,0,외국계증권사,B,SF205,각주항목(09.06월 이후)
51470,202103,0010158,제이피모간증권회사서울지점,D,대차 및 대주거래,1216597500,외국계증권사,B,SF205,각주항목(09.06월 이후)
51471,202103,0010158,제이피모간증권회사서울지점,D1,대차 및 대주거래_대여증권,0,외국계증권사,B,SF205,각주항목(09.06월 이후)
51472,202103,0010158,제이피모간증권회사서울지점,D2,대차 및 대주거래_차입증권,1216597500,외국계증권사,B,SF205,각주항목(09.06월 이후)
51473,202103,0010158,제이피모간증권회사서울지점,D3,대차 및 대주거래_신용거래대주,0,외국계증권사,B,SF205,각주항목(09.06월 이후)
51474,202103,0010158,제이피모간증권회사서울지점,E,대손상각채권,0,외국계증권사,B,SF205,각주항목(09.06월 이후)
51475,202103,0010158,제이피모간증권회사서울지점,F,환전업무 예치금,0,외국계증권사,B,SF205,각주항목(09.06월 이후)
51476,202103,0010158,제이피모간증권회사서울지점,G,미배당별도예치금,0,외국계증권사,B,SF205,각주항목(09.06월 이후)
51477,202103,0010158,제이피모간증권회사서울지점,H,배서어음매출(종금계정),0,외국계증권사,B,SF205,각주항목(09.06월 이후)
51478,202103,0010158,제이피모간증권회사서울지점,H1,대출채권매매이익_담보부,0,외국계증권사,B,SF205,각주항목(09.06월 이후)
51479,202103,0010158,제이피모간증권회사서울지점,H2,대출채권매매이익_무담보부,0,외국계증권사,B,SF205,각주항목(09.06월 이후)
51480,202106,0010158,제이피모간증권회사서울지점,A,채무보증,0,외국계증권사,B,SF205,각주항목(09.06월 이후)
51481,202106,0010158,제이피모간증권회사서울지점,A1,채무보증_지급보증,0,외국계증권사,B,SF205,각주항목(09.06월 이후)
51482,202106,0010158,제이피모간증권회사서울지점,A2,채무보증_매입보장약정,0,외국계증권사,B,SF205,각주항목(09.06월 이후)
51483,202106,0010158,제이피모간증권회사서울지점,A3,채무보증_채무인수약정,0,외국계증권사,B,SF205,각주항목(09.06월 이후)
51484,202106,0010158,제이피모간증권회사서울지점,A5,채무보증_매입확약,0,외국계증권사,B,SF205,각주항목(09.06월 이후)
51485,202106,0010158,제이피모간증권회사서울지점,A6,채무보증_기타,0,외국계증권사,B,SF205,각주항목(09.06월 이후)
51486,202106,0010158,제이피모간증권회사서울지점,B,투자자의 예수증권 등,167620400000,외국계증권사,B,SF205,각주항목(09.06월 이후)
51487,202106,0010158,제이피모간증권회사서울지점,B1,투자자의 예수증권 등_예수 증권,167620400000,외국계증권사,B,SF205,각주항목(09.06월 이후)
51488,202106,0010158,제이피모간증권회사서울지점,B2,투자자의 예수증권 등_예수양도성예금증서,0,외국계증권사,B,SF205,각주항목(09.06월 이후)
51489,202106,0010158,제이피모간증권회사서울지점,B3,투자자의 예수증권 등_기타,0,외국계증권사,B,SF205,각주항목(09.06월 이후)
51490,202106,0010158,제이피모간증권회사서울지점,C,파생상품계약,0,외국계증권사,B,SF205,각주항목(09.06월 이후)
51491,202106,0010158,제이피모간증권회사서울지점,C1,파생상품계약_장내파생상품,0,외국계증권사,B,SF205,각주항목(09.06월 이후)
51492,202106,0010158,제이피모간증권회사서울지점,C11,파생상품계약_장내파생상품_이자율관련거래,0,외국계증권사,B,SF205,각주항목(09.06월 이후)
51493,202106,0010158,제이피모간증권회사서울지점,C12,파생상품계약_장내파생상품_통화관련거래,0,외국계증권사,B,SF205,각주항목(09.06월 이후)
51494,202106,0010158,제이피모간증권회사서울지점,C13,파생상품계약_장내파생상품_주식관련거래,0,외국계증권사,B,SF205,각주항목(09.06월 이후)
51495,202106,0010158,제이피모간증권회사서울지점,C14,파생상품계약_장내파생상품_일반상품관련거래,0,외국계증권사,B,SF205,각주항목(09.06월 이후)
51496,202106,0010158,제이피모간증권회사서울지점,C15,파생상품계약_장내파생상품_기타,0,외국계증권사,B,SF205,각주항목(09.06월 이후)
51497,202106,0010158,제이피모간증권회사서울지점,C2,파생상품계약_장외파생상품,0,외국계증권사,B,SF205,각주항목(09.06월 이후)
51498,202106,0010158,제이피모간증권회사서울지점,C21,파생상품계약_장외파생상품_이자율관련거래,0,외국계증권사,B,SF205,각주항목(09.06월 이후)
51499,202106,0010158,제이피모간증권회사서울지점,C22,파생상품계약_장외파생상품_통화관련거래,0,외국계증권사,B,SF205,각주항목(09.06월 이후)
51500,202106,0010158,제이피모간증권회사서울지점,C23,파생상품계약_장외파생상품_주식관련거래,0,외국계증권사,B,SF205,각주항목(09.06월 이후)
51501,202106,0010158,제이피모간증권회사서울지점,C24,파생상품계약_장외파생상품_신용관련거래,0,외국계증권사,B,SF205,각주항목(09.06월 이후)
51502,202106,0010158,제이피모간증권회사서울지점,C25,파생상품계약_장외파생상품_기타,0,외국계증권사,B,SF205,각주항목(09.06월 이후)
51503,202106,0010158,제이피모간증권회사서울지점,D,대차 및 대주거래,0,외국계증권사,B,SF205,각주항목(09.06월 이후)
51504,202106,0010158,제이피모간증권회사서울지점,D1,대차 및 대주거래_대여증권,0,외국계증권사,B,SF205,각주항목(09.06월 이후)
51505,202106,0010158,제이피모간증권회사서울지점,D2,대차 및 대주거래_차입증권,0,외국계증권사,B,SF205,각주항목(09.06월 이후)
51506,202106,0010158,제이피모간증권회사서울지점,D3,대차 및 대주거래_신용거래대주,0,외국계증권사,B,SF205,각주항목(09.06월 이후)
51507,202106,0010158,제이피모간증권회사서울지점,E,대손상각채권,0,외국계증권사,B,SF205,각주항목(09.06월 이후)
51508,202106,0010158,제이피모간증권회사서울지점,F,환전업무 예치금,0,외국계증권사,B,SF205,각주항목(09.06월 이후)
51509,202106,0010158,제이피모간증권회사서울지점,G,미배당별도예치금,0,외국계증권사,B,SF205,각주항목(09.06월 이후)
51510,202106,0010158,제이피모간증권회사서울지점,H,배서어음매출(종금계정),0,외국계증권사,B,SF205,각주항목(09.06월 이후)
51511,202106,0010158,제이피모간증권회사서울지점,H1,대출채권매매이익_담보부,0,외국계증권사,B,SF205,각주항목(09.06월 이후)
51512,202106,0010158,제이피모간증권회사서울지점,H2,대출채권매매이익_무담보부,0,외국계증권사,B,SF205,각주항목(09.06월 이후)
51513,202109,0010158,제이피모간증권회사서울지점,A,채무보증,0,외국계증권사,B,SF205,각주항목(09.06월 이후)
51514,202109,0010158,제이피모간증권회사서울지점,A1,채무보증_지급보증,0,외국계증권사,B,SF205,각주항목(09.06월 이후)
51515,202109,0010158,제이피모간증권회사서울지점,A2,채무보증_매입보장약정,0,외국계증권사,B,SF205,각주항목(09.06월 이후)
51516,202109,0010158,제이피모간증권회사서울지점,A3,채무보증_채무인수약정,0,외국계증권사,B,SF205,각주항목(09.06월 이후)
51517,202109,0010158,제이피모간증권회사서울지점,A5,채무보증_매입확약,0,외국계증권사,B,SF205,각주항목(09.06월 이후)
51518,202109,0010158,제이피모간증권회사서울지점,A6,채무보증_기타,0,외국계증권사,B,SF205,각주항목(09.06월 이후)
51519,202109,0010158,제이피모간증권회사서울지점,B,투자자의 예수증권 등,131598400000,외국계증권사,B,SF205,각주항목(09.06월 이후)
51520,202109,0010158,제이피모간증권회사서울지점,B1,투자자의 예수증권 등_예수 증권,131598400000,외국계증권사,B,SF205,각주항목(09.06월 이후)
51521,202109,0010158,제이피모간증권회사서울지점,B2,투자자의 예수증권 등_예수양도성예금증서,0,외국계증권사,B,SF205,각주항목(09.06월 이후)
51522,202109,0010158,제이피모간증권회사서울지점,B3,투자자의 예수증권 등_기타,0,외국계증권사,B,SF205,각주항목(09.06월 이후)
51523,202109,0010158,제이피모간증권회사서울지점,C,파생상품계약,0,외국계증권사,B,SF205,각주항목(09.06월 이후)
51524,202109,0010158,제이피모간증권회사서울지점,C1,파생상품계약_장내파생상품,0,외국계증권사,B,SF205,각주항목(09.06월 이후)
51525,202109,0010158,제이피모간증권회사서울지점,C11,파생상품계약_장내파생상품_이자율관련거래,0,외국계증권사,B,SF205,각주항목(09.06월 이후)
51526,202109,0010158,제이피모간증권회사서울지점,C12,파생상품계약_장내파생상품_통화관련거래,0,외국계증권사,B,SF205,각주항목(09.06월 이후)
51527,202109,0010158,제이피모간증권회사서울지점,C13,파생상품계약_장내파생상품_주식관련거래,0,외국계증권사,B,SF205,각주항목(09.06월 이후)
51528,202109,0010158,제이피모간증권회사서울지점,C14,파생상품계약_장내파생상품_일반상품관련거래,0,외국계증권사,B,SF205,각주항목(09.06월 이후)
51529,202109,0010158,제이피모간증권회사서울지점,C15,파생상품계약_장내파생상품_기타,0,외국계증권사,B,SF205,각주항목(09.06월 이후)
51530,202109,0010158,제이피모간증권회사서울지점,C2,파생상품계약_장외파생상품,0,외국계증권사,B,SF205,각주항목(09.06월 이후)
51531,202109,0010158,제이피모간증권회사서울지점,C21,파생상품계약_장외파생상품_이자율관련거래,0,외국계증권사,B,SF205,각주항목(09.06월 이후)
51532,202109,0010158,제이피모간증권회사서울지점,C22,파생상품계약_장외파생상품_통화관련거래,0,외국계증권사,B,SF205,각주항목(09.06월 이후)
51533,202109,0010158,제이피모간증권회사서울지점,C23,파생상품계약_장외파생상품_주식관련거래,0,외국계증권사,B,SF205,각주항목(09.06월 이후)
51534,202109,0010158,제이피모간증권회사서울지점,C24,파생상품계약_장외파생상품_신용관련거래,0,외국계증권사,B,SF205,각주항목(09.06월 이후)
51535,202109,0010158,제이피모간증권회사서울지점,C25,파생상품계약_장외파생상품_기타,0,외국계증권사,B,SF205,각주항목(09.06월 이후)
51536,202109,0010158,제이피모간증권회사서울지점,D,대차 및 대주거래,0,외국계증권사,B,SF205,각주항목(09.06월 이후)
51537,202109,0010158,제이피모간증권회사서울지점,D1,대차 및 대주거래_대여증권,0,외국계증권사,B,SF205,각주항목(09.06월 이후)
51538,202109,0010158,제이피모간증권회사서울지점,D2,대차 및 대주거래_차입증권,0,외국계증권사,B,SF205,각주항목(09.06월 이후)
51539,202109,0010158,제이피모간증권회사서울지점,D3,대차 및 대주거래_신용거래대주,0,외국계증권사,B,SF205,각주항목(09.06월 이후)
51540,202109,0010158,제이피모간증권회사서울지점,E,대손상각채권,0,외국계증권사,B,SF205,각주항목(09.06월 이후)
51541,202109,0010158,제이피모간증권회사서울지점,F,환전업무 예치금,0,외국계증권사,B,SF205,각주항목(09.06월 이후)
51542,202109,0010158,제이피모간증권회사서울지점,G,미배당별도예치금,0,외국계증권사,B,SF205,각주항목(09.06월 이후)
51543,202109,0010158,제이피모간증권회사서울지점,H,배서어음매출(종금계정),0,외국계증권사,B,SF205,각주항목(09.06월 이후)
51544,202109,0010158,제이피모간증권회사서울지점,H1,대출채권매매이익_담보부,0,외국계증권사,B,SF205,각주항목(09.06월 이후)
51545,202109,0010158,제이피모간증권회사서울지점,H2,대출채권매매이익_무담보부,0,외국계증권사,B,SF205,각주항목(09.06월 이후)
51546,202112,0010158,제이피모간증권회사서울지점,A,채무보증,0,외국계증권사,B,SF205,각주항목(09.06월 이후)
51547,202112,0010158,제이피모간증권회사서울지점,A1,채무보증_지급보증,0,외국계증권사,B,SF205,각주항목(09.06월 이후)
51548,202112,0010158,제이피모간증권회사서울지점,A2,채무보증_매입보장약정,0,외국계증권사,B,SF205,각주항목(09.06월 이후)
51549,202112,0010158,제이피모간증권회사서울지점,A3,채무보증_채무인수약정,0,외국계증권사,B,SF205,각주항목(09.06월 이후)
51550,202112,0010158,제이피모간증권회사서울지점,A5,채무보증_매입확약,0,외국계증권사,B,SF205,각주항목(09.06월 이후)
51551,202112,0010158,제이피모간증권회사서울지점,A6,채무보증_기타,0,외국계증권사,B,SF205,각주항목(09.06월 이후)
51552,202112,0010158,제이피모간증권회사서울지점,B,투자자의 예수증권 등,83402100000,외국계증권사,B,SF205,각주항목(09.06월 이후)
51553,202112,0010158,제이피모간증권회사서울지점,B1,투자자의 예수증권 등_예수 증권,83402100000,외국계증권사,B,SF205,각주항목(09.06월 이후)
51554,202112,0010158,제이피모간증권회사서울지점,B2,투자자의 예수증권 등_예수양도성예금증서,0,외국계증권사,B,SF205,각주항목(09.06월 이후)
51555,202112,0010158,제이피모간증권회사서울지점,B3,투자자의 예수증권 등_기타,0,외국계증권사,B,SF205,각주항목(09.06월 이후)
51556,202112,0010158,제이피모간증권회사서울지점,C,파생상품계약,0,외국계증권사,B,SF205,각주항목(09.06월 이후)
51557,202112,0010158,제이피모간증권회사서울지점,C1,파생상품계약_장내파생상품,0,외국계증권사,B,SF205,각주항목(09.06월 이후)
51558,202112,0010158,제이피모간증권회사서울지점,C11,파생상품계약_장내파생상품_이자율관련거래,0,외국계증권사,B,SF205,각주항목(09.06월 이후)
51559,202112,0010158,제이피모간증권회사서울지점,C12,파생상품계약_장내파생상품_통화관련거래,0,외국계증권사,B,SF205,각주항목(09.06월 이후)
51560,202112,0010158,제이피모간증권회사서울지점,C13,파생상품계약_장내파생상품_주식관련거래,0,외국계증권사,B,SF205,각주항목(09.06월 이후)
51561,202112,0010158,제이피모간증권회사서울지점,C14,파생상품계약_장내파생상품_일반상품관련거래,0,외국계증권사,B,SF205,각주항목(09.06월 이후)
51562,202112,0010158,제이피모간증권회사서울지점,C15,파생상품계약_장내파생상품_기타,0,외국계증권사,B,SF205,각주항목(09.06월 이후)
51563,202112,0010158,제이피모간증권회사서울지점,C2,파생상품계약_장외파생상품,0,외국계증권사,B,SF205,각주항목(09.06월 이후)
51564,202112,0010158,제이피모간증권회사서울지점,C21,파생상품계약_장외파생상품_이자율관련거래,0,외국계증권사,B,SF205,각주항목(09.06월 이후)
51565,202112,0010158,제이피모간증권회사서울지점,C22,파생상품계약_장외파생상품_통화관련거래,0,외국계증권사,B,SF205,각주항목(09.06월 이후)
51566,202112,0010158,제이피모간증권회사서울지점,C23,파생상품계약_장외파생상품_주식관련거래,0,외국계증권사,B,SF205,각주항목(09.06월 이후)
51567,202112,0010158,제이피모간증권회사서울지점,C24,파생상품계약_장외파생상품_신용관련거래,0,외국계증권사,B,SF205,각주항목(09.06월 이후)
51568,202112,0010158,제이피모간증권회사서울지점,C25,파생상품계약_장외파생상품_기타,0,외국계증권사,B,SF205,각주항목(09.06월 이후)
51569,202112,0010158,제이피모간증권회사서울지점,D,대차 및 대주거래,0,외국계증권사,B,SF205,각주항목(09.06월 이후)
51570,202112,0010158,제이피모간증권회사서울지점,D1,대차 및 대주거래_대여증권,0,외국계증권사,B,SF205,각주항목(09.06월 이후)
51571,202112,0010158,제이피모간증권회사서울지점,D2,대차 및 대주거래_차입증권,0,외국계증권사,B,SF205,각주항목(09.06월 이후)
51572,202112,0010158,제이피모간증권회사서울지점,D3,대차 및 대주거래_신용거래대주,0,외국계증권사,B,SF205,각주항목(09.06월 이후)
51573,202112,0010158,제이피모간증권회사서울지점,E,대손상각채권,0,외국계증권사,B,SF205,각주항목(09.06월 이후)
51574,202112,0010158,제이피모간증권회사서울지점,F,환전업무 예치금,0,외국계증권사,B,SF205,각주항목(09.06월 이후)
51575,202112,0010158,제이피모간증권회사서울지점,G,미배당별도예치금,0,외국계증권사,B,SF205,각주항목(09.06월 이후)
51576,202112,0010158,제이피모간증권회사서울지점,H,배서어음매출(종금계정),0,외국계증권사,B,SF205,각주항목(09.06월 이후)
51577,202112,0010158,제이피모간증권회사서울지점,H1,대출채권매매이익_담보부,0,외국계증권사,B,SF205,각주항목(09.06월 이후)
51578,202112,0010158,제이피모간증권회사서울지점,H2,대출채권매매이익_무담보부,0,외국계증권사,B,SF205,각주항목(09.06월 이후)
51579,202203,0010158,제이피모간증권회사서울지점,A,채무보증,0,외국계증권사,B,SF205,각주항목(09.06월 이후)
51580,202203,0010158,제이피모간증권회사서울지점,A1,채무보증_지급보증,0,외국계증권사,B,SF205,각주항목(09.06월 이후)
51581,202203,0010158,제이피모간증권회사서울지점,A2,채무보증_매입보장약정,0,외국계증권사,B,SF205,각주항목(09.06월 이후)
51582,202203,0010158,제이피모간증권회사서울지점,A3,채무보증_채무인수약정,0,외국계증권사,B,SF205,각주항목(09.06월 이후)
51583,202203,0010158,제이피모간증권회사서울지점,A5,채무보증_매입확약,0,외국계증권사,B,SF205,각주항목(09.06월 이후)
51584,202203,0010158,제이피모간증권회사서울지점,A6,채무보증_기타,0,외국계증권사,B,SF205,각주항목(09.06월 이후)
51585,202203,0010158,제이피모간증권회사서울지점,B,투자자의 예수증권 등,82446046000,외국계증권사,B,SF205,각주항목(09.06월 이후)
51586,202203,0010158,제이피모간증권회사서울지점,B1,투자자의 예수증권 등_예수 증권,82446046000,외국계증권사,B,SF205,각주항목(09.06월 이후)
51587,202203,0010158,제이피모간증권회사서울지점,B2,투자자의 예수증권 등_예수양도성예금증서,0,외국계증권사,B,SF205,각주항목(09.06월 이후)
51588,202203,0010158,제이피모간증권회사서울지점,B3,투자자의 예수증권 등_기타,0,외국계증권사,B,SF205,각주항목(09.06월 이후)
51589,202203,0010158,제이피모간증권회사서울지점,C,파생상품계약,0,외국계증권사,B,SF205,각주항목(09.06월 이후)
51590,202203,0010158,제이피모간증권회사서울지점,C1,파생상품계약_장내파생상품,0,외국계증권사,B,SF205,각주항목(09.06월 이후)
51591,202203,0010158,제이피모간증권회사서울지점,C11,파생상품계약_장내파생상품_이자율관련거래,0,외국계증권사,B,SF205,각주항목(09.06월 이후)
51592,202203,0010158,제이피모간증권회사서울지점,C12,파생상품계약_장내파생상품_통화관련거래,0,외국계증권사,B,SF205,각주항목(09.06월 이후)
51593,202203,0010158,제이피모간증권회사서울지점,C13,파생상품계약_장내파생상품_주식관련거래,0,외국계증권사,B,SF205,각주항목(09.06월 이후)
51594,202203,0010158,제이피모간증권회사서울지점,C14,파생상품계약_장내파생상품_일반상품관련거래,0,외국계증권사,B,SF205,각주항목(09.06월 이후)
51595,202203,0010158,제이피모간증권회사서울지점,C15,파생상품계약_장내파생상품_기타,0,외국계증권사,B,SF205,각주항목(09.06월 이후)
51596,202203,0010158,제이피모간증권회사서울지점,C2,파생상품계약_장외파생상품,0,외국계증권사,B,SF205,각주항목(09.06월 이후)
51597,202203,0010158,제이피모간증권회사서울지점,C21,파생상품계약_장외파생상품_이자율관련거래,0,외국계증권사,B,SF205,각주항목(09.06월 이후)
51598,202203,0010158,제이피모간증권회사서울지점,C22,파생상품계약_장외파생상품_통화관련거래,0,외국계증권사,B,SF205,각주항목(09.06월 이후)
51599,202203,0010158,제이피모간증권회사서울지점,C23,파생상품계약_장외파생상품_주식관련거래,0,외국계증권사,B,SF205,각주항목(09.06월 이후)
51600,202203,0010158,제이피모간증권회사서울지점,C24,파생상품계약_장외파생상품_신용관련거래,0,외국계증권사,B,SF205,각주항목(09.06월 이후)
51601,202203,0010158,제이피모간증권회사서울지점,C25,파생상품계약_장외파생상품_기타,0,외국계증권사,B,SF205,각주항목(09.06월 이후)
51602,202203,0010158,제이피모간증권회사서울지점,D,대차 및 대주거래,0,외국계증권사,B,SF205,각주항목(09.06월 이후)
51603,202203,0010158,제이피모간증권회사서울지점,D1,대차 및 대주거래_대여증권,0,외국계증권사,B,SF205,각주항목(09.06월 이후)
51604,202203,0010158,제이피모간증권회사서울지점,D2,대차 및 대주거래_차입증권,0,외국계증권사,B,SF205,각주항목(09.06월 이후)
51605,202203,0010158,제이피모간증권회사서울지점,D3,대차 및 대주거래_신용거래대주,0,외국계증권사,B,SF205,각주항목(09.06월 이후)
51606,202203,0010158,제이피모간증권회사서울지점,E,대손상각채권,0,외국계증권사,B,SF205,각주항목(09.06월 이후)
51607,202203,0010158,제이피모간증권회사서울지점,F,환전업무 예치금,0,외국계증권사,B,SF205,각주항목(09.06월 이후)
51608,202203,0010158,제이피모간증권회사서울지점,G,미배당별도예치금,0,외국계증권사,B,SF205,각주항목(09.06월 이후)
51609,202203,0010158,제이피모간증권회사서울지점,H,배서어음매출(종금계정),0,외국계증권사,B,SF205,각주항목(09.06월 이후)
51610,202203,0010158,제이피모간증권회사서울지점,H1,대출채권매매이익_담보부,0,외국계증권사,B,SF205,각주항목(09.06월 이후)
51611,202203,0010158,제이피모간증권회사서울지점,H2,대출채권매매이익_무담보부,0,외국계증권사,B,SF205,각주항목(09.06월 이후)
51612,202206,0010158,제이피모간증권회사서울지점,A,채무보증,0,외국계증권사,B,SF205,각주항목(09.06월 이후)
51613,202206,0010158,제이피모간증권회사서울지점,A1,채무보증_지급보증,0,외국계증권사,B,SF205,각주항목(09.06월 이후)
51614,202206,0010158,제이피모간증권회사서울지점,A2,채무보증_매입보장약정,0,외국계증권사,B,SF205,각주항목(09.06월 이후)
51615,202206,0010158,제이피모간증권회사서울지점,A3,채무보증_채무인수약정,0,외국계증권사,B,SF205,각주항목(09.06월 이후)
51616,202206,0010158,제이피모간증권회사서울지점,A5,채무보증_매입확약,0,외국계증권사,B,SF205,각주항목(09.06월 이후)
51617,202206,0010158,제이피모간증권회사서울지점,A6,채무보증_기타,0,외국계증권사,B,SF205,각주항목(09.06월 이후)
51618,202206,0010158,제이피모간증권회사서울지점,B,투자자의 예수증권 등,106346241000,외국계증권사,B,SF205,각주항목(09.06월 이후)
51619,202206,0010158,제이피모간증권회사서울지점,B1,투자자의 예수증권 등_예수 증권,106346241000,외국계증권사,B,SF205,각주항목(09.06월 이후)
51620,202206,0010158,제이피모간증권회사서울지점,B2,투자자의 예수증권 등_예수양도성예금증서,0,외국계증권사,B,SF205,각주항목(09.06월 이후)
51621,202206,0010158,제이피모간증권회사서울지점,B3,투자자의 예수증권 등_기타,0,외국계증권사,B,SF205,각주항목(09.06월 이후)
51622,202206,0010158,제이피모간증권회사서울지점,C,파생상품계약,0,외국계증권사,B,SF205,각주항목(09.06월 이후)
51623,202206,0010158,제이피모간증권회사서울지점,C1,파생상품계약_장내파생상품,0,외국계증권사,B,SF205,각주항목(09.06월 이후)
51624,202206,0010158,제이피모간증권회사서울지점,C11,파생상품계약_장내파생상품_이자율관련거래,0,외국계증권사,B,SF205,각주항목(09.06월 이후)
51625,202206,0010158,제이피모간증권회사서울지점,C12,파생상품계약_장내파생상품_통화관련거래,0,외국계증권사,B,SF205,각주항목(09.06월 이후)
51626,202206,0010158,제이피모간증권회사서울지점,C13,파생상품계약_장내파생상품_주식관련거래,0,외국계증권사,B,SF205,각주항목(09.06월 이후)
51627,202206,0010158,제이피모간증권회사서울지점,C14,파생상품계약_장내파생상품_일반상품관련거래,0,외국계증권사,B,SF205,각주항목(09.06월 이후)
51628,202206,0010158,제이피모간증권회사서울지점,C15,파생상품계약_장내파생상품_기타,0,외국계증권사,B,SF205,각주항목(09.06월 이후)
51629,202206,0010158,제이피모간증권회사서울지점,C2,파생상품계약_장외파생상품,0,외국계증권사,B,SF205,각주항목(09.06월 이후)
51630,202206,0010158,제이피모간증권회사서울지점,C21,파생상품계약_장외파생상품_이자율관련거래,0,외국계증권사,B,SF205,각주항목(09.06월 이후)
51631,202206,0010158,제이피모간증권회사서울지점,C22,파생상품계약_장외파생상품_통화관련거래,0,외국계증권사,B,SF205,각주항목(09.06월 이후)
51632,202206,0010158,제이피모간증권회사서울지점,C23,파생상품계약_장외파생상품_주식관련거래,0,외국계증권사,B,SF205,각주항목(09.06월 이후)
51633,202206,0010158,제이피모간증권회사서울지점,C24,파생상품계약_장외파생상품_신용관련거래,0,외국계증권사,B,SF205,각주항목(09.06월 이후)
51634,202206,0010158,제이피모간증권회사서울지점,C25,파생상품계약_장외파생상품_기타,0,외국계증권사,B,SF205,각주항목(09.06월 이후)
51635,202206,0010158,제이피모간증권회사서울지점,D,대차 및 대주거래,0,외국계증권사,B,SF205,각주항목(09.06월 이후)
51636,202206,0010158,제이피모간증권회사서울지점,D1,대차 및 대주거래_대여증권,0,외국계증권사,B,SF205,각주항목(09.06월 이후)
51637,202206,0010158,제이피모간증권회사서울지점,D2,대차 및 대주거래_차입증권,0,외국계증권사,B,SF205,각주항목(09.06월 이후)
51638,202206,0010158,제이피모간증권회사서울지점,D3,대차 및 대주거래_신용거래대주,0,외국계증권사,B,SF205,각주항목(09.06월 이후)
51639,202206,0010158,제이피모간증권회사서울지점,E,대손상각채권,0,외국계증권사,B,SF205,각주항목(09.06월 이후)
51640,202206,0010158,제이피모간증권회사서울지점,F,환전업무 예치금,0,외국계증권사,B,SF205,각주항목(09.06월 이후)
51641,202206,0010158,제이피모간증권회사서울지점,G,미배당별도예치금,0,외국계증권사,B,SF205,각주항목(09.06월 이후)
51642,202206,0010158,제이피모간증권회사서울지점,H,배서어음매출(종금계정),0,외국계증권사,B,SF205,각주항목(09.06월 이후)
51643,202206,0010158,제이피모간증권회사서울지점,H1,대출채권매매이익_담보부,0,외국계증권사,B,SF205,각주항목(09.06월 이후)
51644,202206,0010158,제이피모간증권회사서울지점,H2,대출채권매매이익_무담보부,0,외국계증권사,B,SF205,각주항목(09.06월 이후)
51645,202209,0010158,제이피모간증권회사서울지점,A,채무보증,0,외국계증권사,B,SF205,각주항목(09.06월 이후)
51646,202209,0010158,제이피모간증권회사서울지점,A1,채무보증_지급보증,0,외국계증권사,B,SF205,각주항목(09.06월 이후)
51647,202209,0010158,제이피모간증권회사서울지점,A2,채무보증_매입보장약정,0,외국계증권사,B,SF205,각주항목(09.06월 이후)
51648,202209,0010158,제이피모간증권회사서울지점,A3,채무보증_채무인수약정,0,외국계증권사,B,SF205,각주항목(09.06월 이후)
51649,202209,0010158,제이피모간증권회사서울지점,A5,채무보증_매입확약,0,외국계증권사,B,SF205,각주항목(09.06월 이후)
51650,202209,0010158,제이피모간증권회사서울지점,A6,채무보증_기타,0,외국계증권사,B,SF205,각주항목(09.06월 이후)
51651,202209,0010158,제이피모간증권회사서울지점,B,투자자의 예수증권 등,113525659000,외국계증권사,B,SF205,각주항목(09.06월 이후)
51652,202209,0010158,제이피모간증권회사서울지점,B1,투자자의 예수증권 등_예수 증권,113525659000,외국계증권사,B,SF205,각주항목(09.06월 이후)
51653,202209,0010158,제이피모간증권회사서울지점,B2,투자자의 예수증권 등_예수양도성예금증서,0,외국계증권사,B,SF205,각주항목(09.06월 이후)
51654,202209,0010158,제이피모간증권회사서울지점,B3,투자자의 예수증권 등_기타,0,외국계증권사,B,SF205,각주항목(09.06월 이후)
51655,202209,0010158,제이피모간증권회사서울지점,C,파생상품계약,0,외국계증권사,B,SF205,각주항목(09.06월 이후)
51656,202209,0010158,제이피모간증권회사서울지점,C1,파생상품계약_장내파생상품,0,외국계증권사,B,SF205,각주항목(09.06월 이후)
51657,202209,0010158,제이피모간증권회사서울지점,C11,파생상품계약_장내파생상품_이자율관련거래,0,외국계증권사,B,SF205,각주항목(09.06월 이후)
51658,202209,0010158,제이피모간증권회사서울지점,C12,파생상품계약_장내파생상품_통화관련거래,0,외국계증권사,B,SF205,각주항목(09.06월 이후)
51659,202209,0010158,제이피모간증권회사서울지점,C13,파생상품계약_장내파생상품_주식관련거래,0,외국계증권사,B,SF205,각주항목(09.06월 이후)
51660,202209,0010158,제이피모간증권회사서울지점,C14,파생상품계약_장내파생상품_일반상품관련거래,0,외국계증권사,B,SF205,각주항목(09.06월 이후)
51661,202209,0010158,제이피모간증권회사서울지점,C15,파생상품계약_장내파생상품_기타,0,외국계증권사,B,SF205,각주항목(09.06월 이후)
51662,202209,0010158,제이피모간증권회사서울지점,C2,파생상품계약_장외파생상품,0,외국계증권사,B,SF205,각주항목(09.06월 이후)
51663,202209,0010158,제이피모간증권회사서울지점,C21,파생상품계약_장외파생상품_이자율관련거래,0,외국계증권사,B,SF205,각주항목(09.06월 이후)
51664,202209,0010158,제이피모간증권회사서울지점,C22,파생상품계약_장외파생상품_통화관련거래,0,외국계증권사,B,SF205,각주항목(09.06월 이후)
51665,202209,0010158,제이피모간증권회사서울지점,C23,파생상품계약_장외파생상품_주식관련거래,0,외국계증권사,B,SF205,각주항목(09.06월 이후)
51666,202209,0010158,제이피모간증권회사서울지점,C24,파생상품계약_장외파생상품_신용관련거래,0,외국계증권사,B,SF205,각주항목(09.06월 이후)
51667,202209,0010158,제이피모간증권회사서울지점,C25,파생상품계약_장외파생상품_기타,0,외국계증권사,B,SF205,각주항목(09.06월 이후)
51668,202209,0010158,제이피모간증권회사서울지점,D,대차 및 대주거래,0,외국계증권사,B,SF205,각주항목(09.06월 이후)
51669,202209,0010158,제이피모간증권회사서울지점,D1,대차 및 대주거래_대여증권,0,외국계증권사,B,SF205,각주항목(09.06월 이후)
51670,202209,0010158,제이피모간증권회사서울지점,D2,대차 및 대주거래_차입증권,0,외국계증권사,B,SF205,각주항목(09.06월 이후)
51671,202209,0010158,제이피모간증권회사서울지점,D3,대차 및 대주거래_신용거래대주,0,외국계증권사,B,SF205,각주항목(09.06월 이후)
51672,202209,0010158,제이피모간증권회사서울지점,E,대손상각채권,0,외국계증권사,B,SF205,각주항목(09.06월 이후)
51673,202209,0010158,제이피모간증권회사서울지점,F,환전업무 예치금,0,외국계증권사,B,SF205,각주항목(09.06월 이후)
51674,202209,0010158,제이피모간증권회사서울지점,G,미배당별도예치금,0,외국계증권사,B,SF205,각주항목(09.06월 이후)
51675,202209,0010158,제이피모간증권회사서울지점,H,배서어음매출(종금계정),0,외국계증권사,B,SF205,각주항목(09.06월 이후)
51676,202209,0010158,제이피모간증권회사서울지점,H1,대출채권매매이익_담보부,0,외국계증권사,B,SF205,각주항목(09.06월 이후)
51677,202209,0010158,제이피모간증권회사서울지점,H2,대출채권매매이익_무담보부,0,외국계증권사,B,SF205,각주항목(09.06월 이후)
51678,202303,0010158,제이피모간증권회사서울지점,A,채무보증,0,외국계증권사,B,SF205,각주항목(09.06월 이후)
51679,202303,0010158,제이피모간증권회사서울지점,A1,채무보증_지급보증,0,외국계증권사,B,SF205,각주항목(09.06월 이후)
51680,202303,0010158,제이피모간증권회사서울지점,A2,채무보증_매입보장약정,0,외국계증권사,B,SF205,각주항목(09.06월 이후)
51681,202303,0010158,제이피모간증권회사서울지점,A3,채무보증_채무인수약정,0,외국계증권사,B,SF205,각주항목(09.06월 이후)
51682,202303,0010158,제이피모간증권회사서울지점,A5,채무보증_매입확약,0,외국계증권사,B,SF205,각주항목(09.06월 이후)
51683,202303,0010158,제이피모간증권회사서울지점,A6,채무보증_기타,0,외국계증권사,B,SF205,각주항목(09.06월 이후)
51684,202303,0010158,제이피모간증권회사서울지점,B,투자자의 예수증권 등,105212000000,외국계증권사,B,SF205,각주항목(09.06월 이후)
51685,202303,0010158,제이피모간증권회사서울지점,B1,투자자의 예수증권 등_예수 증권,105212000000,외국계증권사,B,SF205,각주항목(09.06월 이후)
51686,202303,0010158,제이피모간증권회사서울지점,B2,투자자의 예수증권 등_예수양도성예금증서,0,외국계증권사,B,SF205,각주항목(09.06월 이후)
51687,202303,0010158,제이피모간증권회사서울지점,B3,투자자의 예수증권 등_기타,0,외국계증권사,B,SF205,각주항목(09.06월 이후)
51688,202303,0010158,제이피모간증권회사서울지점,C,파생상품계약,0,외국계증권사,B,SF205,각주항목(09.06월 이후)
51689,202303,0010158,제이피모간증권회사서울지점,C1,파생상품계약_장내파생상품,0,외국계증권사,B,SF205,각주항목(09.06월 이후)
51690,202303,0010158,제이피모간증권회사서울지점,C11,파생상품계약_장내파생상품_이자율관련거래,0,외국계증권사,B,SF205,각주항목(09.06월 이후)
51691,202303,0010158,제이피모간증권회사서울지점,C12,파생상품계약_장내파생상품_통화관련거래,0,외국계증권사,B,SF205,각주항목(09.06월 이후)
51692,202303,0010158,제이피모간증권회사서울지점,C13,파생상품계약_장내파생상품_주식관련거래,0,외국계증권사,B,SF205,각주항목(09.06월 이후)
51693,202303,0010158,제이피모간증권회사서울지점,C14,파생상품계약_장내파생상품_일반상품관련거래,0,외국계증권사,B,SF205,각주항목(09.06월 이후)
51694,202303,0010158,제이피모간증권회사서울지점,C15,파생상품계약_장내파생상품_기타,0,외국계증권사,B,SF205,각주항목(09.06월 이후)
51695,202303,0010158,제이피모간증권회사서울지점,C2,파생상품계약_장외파생상품,0,외국계증권사,B,SF205,각주항목(09.06월 이후)
51696,202303,0010158,제이피모간증권회사서울지점,C21,파생상품계약_장외파생상품_이자율관련거래,0,외국계증권사,B,SF205,각주항목(09.06월 이후)
51697,202303,0010158,제이피모간증권회사서울지점,C22,파생상품계약_장외파생상품_통화관련거래,0,외국계증권사,B,SF205,각주항목(09.06월 이후)
51698,202303,0010158,제이피모간증권회사서울지점,C23,파생상품계약_장외파생상품_주식관련거래,0,외국계증권사,B,SF205,각주항목(09.06월 이후)
51699,202303,0010158,제이피모간증권회사서울지점,C24,파생상품계약_장외파생상품_신용관련거래,0,외국계증권사,B,SF205,각주항목(09.06월 이후)
51700,202303,0010158,제이피모간증권회사서울지점,C25,파생상품계약_장외파생상품_기타,0,외국계증권사,B,SF205,각주항목(09.06월 이후)
51701,202303,0010158,제이피모간증권회사서울지점,D,대차 및 대주거래,0,외국계증권사,B,SF205,각주항목(09.06월 이후)
51702,202303,0010158,제이피모간증권회사서울지점,D1,대차 및 대주거래_대여증권,0,외국계증권사,B,SF205,각주항목(09.06월 이후)
51703,202303,0010158,제이피모간증권회사서울지점,D2,대차 및 대주거래_차입증권,0,외국계증권사,B,SF205,각주항목(09.06월 이후)
51704,202303,0010158,제이피모간증권회사서울지점,D3,대차 및 대주거래_신용거래대주,0,외국계증권사,B,SF205,각주항목(09.06월 이후)
51705,202303,0010158,제이피모간증권회사서울지점,E,대손상각채권,0,외국계증권사,B,SF205,각주항목(09.06월 이후)
51706,202303,0010158,제이피모간증권회사서울지점,F,환전업무 예치금,0,외국계증권사,B,SF205,각주항목(09.06월 이후)
51707,202303,0010158,제이피모간증권회사서울지점,G,미배당별도예치금,0,외국계증권사,B,SF205,각주항목(09.06월 이후)
51708,202303,0010158,제이피모간증권회사서울지점,H,배서어음매출(종금계정),0,외국계증권사,B,SF205,각주항목(09.06월 이후)
51709,202303,0010158,제이피모간증권회사서울지점,H1,대출채권매매이익_담보부,0,외국계증권사,B,SF205,각주항목(09.06월 이후)
51710,202303,0010158,제이피모간증권회사서울지점,H2,대출채권매매이익_무담보부,0,외국계증권사,B,SF205,각주항목(09.06월 이후)
51711,202306,0010158,제이피모간증권회사서울지점,A,채무보증,0,외국계증권사,B,SF205,각주항목(09.06월 이후)
51712,202306,0010158,제이피모간증권회사서울지점,A1,채무보증_지급보증,0,외국계증권사,B,SF205,각주항목(09.06월 이후)
51713,202306,0010158,제이피모간증권회사서울지점,A2,채무보증_매입보장약정,0,외국계증권사,B,SF205,각주항목(09.06월 이후)
51714,202306,0010158,제이피모간증권회사서울지점,A3,채무보증_채무인수약정,0,외국계증권사,B,SF205,각주항목(09.06월 이후)
51715,202306,0010158,제이피모간증권회사서울지점,A5,채무보증_매입확약,0,외국계증권사,B,SF205,각주항목(09.06월 이후)
51716,202306,0010158,제이피모간증권회사서울지점,A6,채무보증_기타,0,외국계증권사,B,SF205,각주항목(09.06월 이후)
51717,202306,0010158,제이피모간증권회사서울지점,B,투자자의 예수증권 등,113479888000,외국계증권사,B,SF205,각주항목(09.06월 이후)
51718,202306,0010158,제이피모간증권회사서울지점,B1,투자자의 예수증권 등_예수 증권,113479888000,외국계증권사,B,SF205,각주항목(09.06월 이후)
51719,202306,0010158,제이피모간증권회사서울지점,B2,투자자의 예수증권 등_예수양도성예금증서,0,외국계증권사,B,SF205,각주항목(09.06월 이후)
51720,202306,0010158,제이피모간증권회사서울지점,B3,투자자의 예수증권 등_기타,0,외국계증권사,B,SF205,각주항목(09.06월 이후)
51721,202306,0010158,제이피모간증권회사서울지점,C,파생상품계약,0,외국계증권사,B,SF205,각주항목(09.06월 이후)
51722,202306,0010158,제이피모간증권회사서울지점,C1,파생상품계약_장내파생상품,0,외국계증권사,B,SF205,각주항목(09.06월 이후)
51723,202306,0010158,제이피모간증권회사서울지점,C11,파생상품계약_장내파생상품_이자율관련거래,0,외국계증권사,B,SF205,각주항목(09.06월 이후)
51724,202306,0010158,제이피모간증권회사서울지점,C12,파생상품계약_장내파생상품_통화관련거래,0,외국계증권사,B,SF205,각주항목(09.06월 이후)
51725,202306,0010158,제이피모간증권회사서울지점,C13,파생상품계약_장내파생상품_주식관련거래,0,외국계증권사,B,SF205,각주항목(09.06월 이후)
51726,202306,0010158,제이피모간증권회사서울지점,C14,파생상품계약_장내파생상품_일반상품관련거래,0,외국계증권사,B,SF205,각주항목(09.06월 이후)
51727,202306,0010158,제이피모간증권회사서울지점,C15,파생상품계약_장내파생상품_기타,0,외국계증권사,B,SF205,각주항목(09.06월 이후)
51728,202306,0010158,제이피모간증권회사서울지점,C2,파생상품계약_장외파생상품,0,외국계증권사,B,SF205,각주항목(09.06월 이후)
51729,202306,0010158,제이피모간증권회사서울지점,C21,파생상품계약_장외파생상품_이자율관련거래,0,외국계증권사,B,SF205,각주항목(09.06월 이후)
51730,202306,0010158,제이피모간증권회사서울지점,C22,파생상품계약_장외파생상품_통화관련거래,0,외국계증권사,B,SF205,각주항목(09.06월 이후)
51731,202306,0010158,제이피모간증권회사서울지점,C23,파생상품계약_장외파생상품_주식관련거래,0,외국계증권사,B,SF205,각주항목(09.06월 이후)
51732,202306,0010158,제이피모간증권회사서울지점,C24,파생상품계약_장외파생상품_신용관련거래,0,외국계증권사,B,SF205,각주항목(09.06월 이후)
51733,202306,0010158,제이피모간증권회사서울지점,C25,파생상품계약_장외파생상품_기타,0,외국계증권사,B,SF205,각주항목(09.06월 이후)
51734,202306,0010158,제이피모간증권회사서울지점,D,대차 및 대주거래,0,외국계증권사,B,SF205,각주항목(09.06월 이후)
51735,202306,0010158,제이피모간증권회사서울지점,D1,대차 및 대주거래_대여증권,0,외국계증권사,B,SF205,각주항목(09.06월 이후)
51736,202306,0010158,제이피모간증권회사서울지점,D2,대차 및 대주거래_차입증권,0,외국계증권사,B,SF205,각주항목(09.06월 이후)
51737,202306,0010158,제이피모간증권회사서울지점,D3,대차 및 대주거래_신용거래대주,0,외국계증권사,B,SF205,각주항목(09.06월 이후)
51738,202306,0010158,제이피모간증권회사서울지점,E,대손상각채권,0,외국계증권사,B,SF205,각주항목(09.06월 이후)
51739,202306,0010158,제이피모간증권회사서울지점,F,환전업무 예치금,0,외국계증권사,B,SF205,각주항목(09.06월 이후)
51740,202306,0010158,제이피모간증권회사서울지점,G,미배당별도예치금,0,외국계증권사,B,SF205,각주항목(09.06월 이후)
51741,202306,0010158,제이피모간증권회사서울지점,H,배서어음매출(종금계정),0,외국계증권사,B,SF205,각주항목(09.06월 이후)
51742,202306,0010158,제이피모간증권회사서울지점,H1,대출채권매매이익_담보부,0,외국계증권사,B,SF205,각주항목(09.06월 이후)
51743,202306,0010158,제이피모간증권회사서울지점,H2,대출채권매매이익_무담보부,0,외국계증권사,B,SF205,각주항목(09.06월 이후)
51744,202309,0010158,제이피모간증권회사서울지점,A,채무보증,0,외국계증권사,B,SF205,각주항목(09.06월 이후)
51745,202309,0010158,제이피모간증권회사서울지점,A1,채무보증_지급보증,0,외국계증권사,B,SF205,각주항목(09.06월 이후)
51746,202309,0010158,제이피모간증권회사서울지점,A2,채무보증_매입보장약정,0,외국계증권사,B,SF205,각주항목(09.06월 이후)
51747,202309,0010158,제이피모간증권회사서울지점,A3,채무보증_채무인수약정,0,외국계증권사,B,SF205,각주항목(09.06월 이후)
51748,202309,0010158,제이피모간증권회사서울지점,A5,채무보증_매입확약,0,외국계증권사,B,SF205,각주항목(09.06월 이후)
51749,202309,0010158,제이피모간증권회사서울지점,A6,채무보증_기타,0,외국계증권사,B,SF205,각주항목(09.06월 이후)
51750,202309,0010158,제이피모간증권회사서울지점,B,투자자의 예수증권 등,87719335000,외국계증권사,B,SF205,각주항목(09.06월 이후)
51751,202309,0010158,제이피모간증권회사서울지점,B1,투자자의 예수증권 등_예수 증권,87719335000,외국계증권사,B,SF205,각주항목(09.06월 이후)
51752,202309,0010158,제이피모간증권회사서울지점,B2,투자자의 예수증권 등_예수양도성예금증서,0,외국계증권사,B,SF205,각주항목(09.06월 이후)
51753,202309,0010158,제이피모간증권회사서울지점,B3,투자자의 예수증권 등_기타,0,외국계증권사,B,SF205,각주항목(09.06월 이후)
51754,202309,0010158,제이피모간증권회사서울지점,C,파생상품계약,0,외국계증권사,B,SF205,각주항목(09.06월 이후)
51755,202309,0010158,제이피모간증권회사서울지점,C1,파생상품계약_장내파생상품,0,외국계증권사,B,SF205,각주항목(09.06월 이후)
51756,202309,0010158,제이피모간증권회사서울지점,C11,파생상품계약_장내파생상품_이자율관련거래,0,외국계증권사,B,SF205,각주항목(09.06월 이후)
51757,202309,0010158,제이피모간증권회사서울지점,C12,파생상품계약_장내파생상품_통화관련거래,0,외국계증권사,B,SF205,각주항목(09.06월 이후)
51758,202309,0010158,제이피모간증권회사서울지점,C13,파생상품계약_장내파생상품_주식관련거래,0,외국계증권사,B,SF205,각주항목(09.06월 이후)
51759,202309,0010158,제이피모간증권회사서울지점,C14,파생상품계약_장내파생상품_일반상품관련거래,0,외국계증권사,B,SF205,각주항목(09.06월 이후)
51760,202309,0010158,제이피모간증권회사서울지점,C15,파생상품계약_장내파생상품_기타,0,외국계증권사,B,SF205,각주항목(09.06월 이후)
51761,202309,0010158,제이피모간증권회사서울지점,C2,파생상품계약_장외파생상품,0,외국계증권사,B,SF205,각주항목(09.06월 이후)
51762,202309,0010158,제이피모간증권회사서울지점,C21,파생상품계약_장외파생상품_이자율관련거래,0,외국계증권사,B,SF205,각주항목(09.06월 이후)
51763,202309,0010158,제이피모간증권회사서울지점,C22,파생상품계약_장외파생상품_통화관련거래,0,외국계증권사,B,SF205,각주항목(09.06월 이후)
51764,202309,0010158,제이피모간증권회사서울지점,C23,파생상품계약_장외파생상품_주식관련거래,0,외국계증권사,B,SF205,각주항목(09.06월 이후)
51765,202309,0010158,제이피모간증권회사서울지점,C24,파생상품계약_장외파생상품_신용관련거래,0,외국계증권사,B,SF205,각주항목(09.06월 이후)
51766,202309,0010158,제이피모간증권회사서울지점,C25,파생상품계약_장외파생상품_기타,0,외국계증권사,B,SF205,각주항목(09.06월 이후)
51767,202309,0010158,제이피모간증권회사서울지점,D,대차 및 대주거래,0,외국계증권사,B,SF205,각주항목(09.06월 이후)
51768,202309,0010158,제이피모간증권회사서울지점,D1,대차 및 대주거래_대여증권,0,외국계증권사,B,SF205,각주항목(09.06월 이후)
51769,202309,0010158,제이피모간증권회사서울지점,D2,대차 및 대주거래_차입증권,0,외국계증권사,B,SF205,각주항목(09.06월 이후)
51770,202309,0010158,제이피모간증권회사서울지점,D3,대차 및 대주거래_신용거래대주,0,외국계증권사,B,SF205,각주항목(09.06월 이후)
51771,202309,0010158,제이피모간증권회사서울지점,E,대손상각채권,0,외국계증권사,B,SF205,각주항목(09.06월 이후)
51772,202309,0010158,제이피모간증권회사서울지점,F,환전업무 예치금,0,외국계증권사,B,SF205,각주항목(09.06월 이후)
51773,202309,0010158,제이피모간증권회사서울지점,G,미배당별도예치금,0,외국계증권사,B,SF205,각주항목(09.06월 이후)
51774,202309,0010158,제이피모간증권회사서울지점,H,배서어음매출(종금계정),0,외국계증권사,B,SF205,각주항목(09.06월 이후)
51775,202309,0010158,제이피모간증권회사서울지점,H1,대출채권매매이익_담보부,0,외국계증권사,B,SF205,각주항목(09.06월 이후)
51776,202309,0010158,제이피모간증권회사서울지점,H2,대출채권매매이익_무담보부,0,외국계증권사,B,SF205,각주항목(09.06월 이후)
51777,202312,0010158,제이피모간증권회사서울지점,A,채무보증,0,외국계증권사,B,SF205,각주항목(09.06월 이후)
51778,202312,0010158,제이피모간증권회사서울지점,A1,채무보증_지급보증,0,외국계증권사,B,SF205,각주항목(09.06월 이후)
51779,202312,0010158,제이피모간증권회사서울지점,A2,채무보증_매입보장약정,0,외국계증권사,B,SF205,각주항목(09.06월 이후)
51780,202312,0010158,제이피모간증권회사서울지점,A3,채무보증_채무인수약정,0,외국계증권사,B,SF205,각주항목(09.06월 이후)
51781,202312,0010158,제이피모간증권회사서울지점,A5,채무보증_매입확약,0,외국계증권사,B,SF205,각주항목(09.06월 이후)
51782,202312,0010158,제이피모간증권회사서울지점,A6,채무보증_기타,0,외국계증권사,B,SF205,각주항목(09.06월 이후)
51783,202312,0010158,제이피모간증권회사서울지점,B,투자자의 예수증권 등,126704543000,외국계증권사,B,SF205,각주항목(09.06월 이후)
51784,202312,0010158,제이피모간증권회사서울지점,B1,투자자의 예수증권 등_예수 증권,126704543000,외국계증권사,B,SF205,각주항목(09.06월 이후)
51785,202312,0010158,제이피모간증권회사서울지점,B2,투자자의 예수증권 등_예수양도성예금증서,0,외국계증권사,B,SF205,각주항목(09.06월 이후)
51786,202312,0010158,제이피모간증권회사서울지점,B3,투자자의 예수증권 등_기타,0,외국계증권사,B,SF205,각주항목(09.06월 이후)
51787,202312,0010158,제이피모간증권회사서울지점,C,파생상품계약,0,외국계증권사,B,SF205,각주항목(09.06월 이후)
51788,202312,0010158,제이피모간증권회사서울지점,C1,파생상품계약_장내파생상품,0,외국계증권사,B,SF205,각주항목(09.06월 이후)
51789,202312,0010158,제이피모간증권회사서울지점,C11,파생상품계약_장내파생상품_이자율관련거래,0,외국계증권사,B,SF205,각주항목(09.06월 이후)
51790,202312,0010158,제이피모간증권회사서울지점,C12,파생상품계약_장내파생상품_통화관련거래,0,외국계증권사,B,SF205,각주항목(09.06월 이후)
51791,202312,0010158,제이피모간증권회사서울지점,C13,파생상품계약_장내파생상품_주식관련거래,0,외국계증권사,B,SF205,각주항목(09.06월 이후)
51792,202312,0010158,제이피모간증권회사서울지점,C14,파생상품계약_장내파생상품_일반상품관련거래,0,외국계증권사,B,SF205,각주항목(09.06월 이후)
51793,202312,0010158,제이피모간증권회사서울지점,C15,파생상품계약_장내파생상품_기타,0,외국계증권사,B,SF205,각주항목(09.06월 이후)
51794,202312,0010158,제이피모간증권회사서울지점,C2,파생상품계약_장외파생상품,0,외국계증권사,B,SF205,각주항목(09.06월 이후)
51795,202312,0010158,제이피모간증권회사서울지점,C21,파생상품계약_장외파생상품_이자율관련거래,0,외국계증권사,B,SF205,각주항목(09.06월 이후)
51796,202312,0010158,제이피모간증권회사서울지점,C22,파생상품계약_장외파생상품_통화관련거래,0,외국계증권사,B,SF205,각주항목(09.06월 이후)
51797,202312,0010158,제이피모간증권회사서울지점,C23,파생상품계약_장외파생상품_주식관련거래,0,외국계증권사,B,SF205,각주항목(09.06월 이후)
51798,202312,0010158,제이피모간증권회사서울지점,C24,파생상품계약_장외파생상품_신용관련거래,0,외국계증권사,B,SF205,각주항목(09.06월 이후)
51799,202312,0010158,제이피모간증권회사서울지점,C25,파생상품계약_장외파생상품_기타,0,외국계증권사,B,SF205,각주항목(09.06월 이후)
51800,202312,0010158,제이피모간증권회사서울지점,D,대차 및 대주거래,0,외국계증권사,B,SF205,각주항목(09.06월 이후)
51801,202312,0010158,제이피모간증권회사서울지점,D1,대차 및 대주거래_대여증권,0,외국계증권사,B,SF205,각주항목(09.06월 이후)
51802,202312,0010158,제이피모간증권회사서울지점,D2,대차 및 대주거래_차입증권,0,외국계증권사,B,SF205,각주항목(09.06월 이후)
51803,202312,0010158,제이피모간증권회사서울지점,D3,대차 및 대주거래_신용거래대주,0,외국계증권사,B,SF205,각주항목(09.06월 이후)
51804,202312,0010158,제이피모간증권회사서울지점,E,대손상각채권,0,외국계증권사,B,SF205,각주항목(09.06월 이후)
51805,202312,0010158,제이피모간증권회사서울지점,F,환전업무 예치금,0,외국계증권사,B,SF205,각주항목(09.06월 이후)
51806,202312,0010158,제이피모간증권회사서울지점,G,미배당별도예치금,0,외국계증권사,B,SF205,각주항목(09.06월 이후)
51807,202312,0010158,제이피모간증권회사서울지점,H,배서어음매출(종금계정),0,외국계증권사,B,SF205,각주항목(09.06월 이후)
51808,202312,0010158,제이피모간증권회사서울지점,H1,대출채권매매이익_담보부,0,외국계증권사,B,SF205,각주항목(09.06월 이후)
51809,202312,0010158,제이피모간증권회사서울지점,H2,대출채권매매이익_무담보부,0,외국계증권사,B,SF205,각주항목(09.06월 이후)
51810,202403,0010158,제이피모간증권회사서울지점,A,채무보증,0,외국계증권사,B,SF205,각주항목(09.06월 이후)
51811,202403,0010158,제이피모간증권회사서울지점,A1,채무보증_지급보증,0,외국계증권사,B,SF205,각주항목(09.06월 이후)
51812,202403,0010158,제이피모간증권회사서울지점,A2,채무보증_매입보장약정,0,외국계증권사,B,SF205,각주항목(09.06월 이후)
51813,202403,0010158,제이피모간증권회사서울지점,A3,채무보증_채무인수약정,0,외국계증권사,B,SF205,각주항목(09.06월 이후)
51814,202403,0010158,제이피모간증권회사서울지점,A5,채무보증_매입확약,0,외국계증권사,B,SF205,각주항목(09.06월 이후)
51815,202403,0010158,제이피모간증권회사서울지점,A6,채무보증_기타,0,외국계증권사,B,SF205,각주항목(09.06월 이후)
51816,202403,0010158,제이피모간증권회사서울지점,B,투자자의 예수증권 등,154720185000,외국계증권사,B,SF205,각주항목(09.06월 이후)
51817,202403,0010158,제이피모간증권회사서울지점,B1,투자자의 예수증권 등_예수 증권,154720185000,외국계증권사,B,SF205,각주항목(09.06월 이후)
51818,202403,0010158,제이피모간증권회사서울지점,B2,투자자의 예수증권 등_예수양도성예금증서,0,외국계증권사,B,SF205,각주항목(09.06월 이후)
51819,202403,0010158,제이피모간증권회사서울지점,B3,투자자의 예수증권 등_기타,0,외국계증권사,B,SF205,각주항목(09.06월 이후)
51820,202403,0010158,제이피모간증권회사서울지점,C,파생상품계약,0,외국계증권사,B,SF205,각주항목(09.06월 이후)
51821,202403,0010158,제이피모간증권회사서울지점,C1,파생상품계약_장내파생상품,0,외국계증권사,B,SF205,각주항목(09.06월 이후)
51822,202403,0010158,제이피모간증권회사서울지점,C11,파생상품계약_장내파생상품_이자율관련거래,0,외국계증권사,B,SF205,각주항목(09.06월 이후)
51823,202403,0010158,제이피모간증권회사서울지점,C12,파생상품계약_장내파생상품_통화관련거래,0,외국계증권사,B,SF205,각주항목(09.06월 이후)
51824,202403,0010158,제이피모간증권회사서울지점,C13,파생상품계약_장내파생상품_주식관련거래,0,외국계증권사,B,SF205,각주항목(09.06월 이후)
51825,202403,0010158,제이피모간증권회사서울지점,C14,파생상품계약_장내파생상품_일반상품관련거래,0,외국계증권사,B,SF205,각주항목(09.06월 이후)
51826,202403,0010158,제이피모간증권회사서울지점,C15,파생상품계약_장내파생상품_기타,0,외국계증권사,B,SF205,각주항목(09.06월 이후)
51827,202403,0010158,제이피모간증권회사서울지점,C2,파생상품계약_장외파생상품,0,외국계증권사,B,SF205,각주항목(09.06월 이후)
51828,202403,0010158,제이피모간증권회사서울지점,C21,파생상품계약_장외파생상품_이자율관련거래,0,외국계증권사,B,SF205,각주항목(09.06월 이후)
51829,202403,0010158,제이피모간증권회사서울지점,C22,파생상품계약_장외파생상품_통화관련거래,0,외국계증권사,B,SF205,각주항목(09.06월 이후)
51830,202403,0010158,제이피모간증권회사서울지점,C23,파생상품계약_장외파생상품_주식관련거래,0,외국계증권사,B,SF205,각주항목(09.06월 이후)
51831,202403,0010158,제이피모간증권회사서울지점,C24,파생상품계약_장외파생상품_신용관련거래,0,외국계증권사,B,SF205,각주항목(09.06월 이후)
51832,202403,0010158,제이피모간증권회사서울지점,C25,파생상품계약_장외파생상품_기타,0,외국계증권사,B,SF205,각주항목(09.06월 이후)
51833,202403,0010158,제이피모간증권회사서울지점,D,대차 및 대주거래,0,외국계증권사,B,SF205,각주항목(09.06월 이후)
51834,202403,0010158,제이피모간증권회사서울지점,D1,대차 및 대주거래_대여증권,0,외국계증권사,B,SF205,각주항목(09.06월 이후)
51835,202403,0010158,제이피모간증권회사서울지점,D2,대차 및 대주거래_차입증권,0,외국계증권사,B,SF205,각주항목(09.06월 이후)
51836,202403,0010158,제이피모간증권회사서울지점,D3,대차 및 대주거래_신용거래대주,0,외국계증권사,B,SF205,각주항목(09.06월 이후)
51837,202403,0010158,제이피모간증권회사서울지점,E,대손상각채권,0,외국계증권사,B,SF205,각주항목(09.06월 이후)
51838,202403,0010158,제이피모간증권회사서울지점,F,환전업무 예치금,0,외국계증권사,B,SF205,각주항목(09.06월 이후)
51839,202403,0010158,제이피모간증권회사서울지점,G,미배당별도예치금,0,외국계증권사,B,SF205,각주항목(09.06월 이후)
51840,202403,0010158,제이피모간증권회사서울지점,H,배서어음매출(종금계정),0,외국계증권사,B,SF205,각주항목(09.06월 이후)
51841,202403,0010158,제이피모간증권회사서울지점,H1,대출채권매매이익_담보부,0,외국계증권사,B,SF205,각주항목(09.06월 이후)
51842,202403,0010158,제이피모간증권회사서울지점,H2,대출채권매매이익_무담보부,0,외국계증권사,B,SF205,각주항목(09.06월 이후)
51843,202406,0010158,제이피모간증권회사서울지점,A,채무보증,0,외국계증권사,B,SF205,각주항목(09.06월 이후)
51844,202406,0010158,제이피모간증권회사서울지점,A1,채무보증_지급보증,0,외국계증권사,B,SF205,각주항목(09.06월 이후)
51845,202406,0010158,제이피모간증권회사서울지점,A2,채무보증_매입보장약정,0,외국계증권사,B,SF205,각주항목(09.06월 이후)
51846,202406,0010158,제이피모간증권회사서울지점,A3,채무보증_채무인수약정,0,외국계증권사,B,SF205,각주항목(09.06월 이후)
51847,202406,0010158,제이피모간증권회사서울지점,A5,채무보증_매입확약,0,외국계증권사,B,SF205,각주항목(09.06월 이후)
51848,202406,0010158,제이피모간증권회사서울지점,A6,채무보증_기타,0,외국계증권사,B,SF205,각주항목(09.06월 이후)
51849,202406,0010158,제이피모간증권회사서울지점,B,투자자의 예수증권 등,197541842000,외국계증권사,B,SF205,각주항목(09.06월 이후)
51850,202406,0010158,제이피모간증권회사서울지점,B1,투자자의 예수증권 등_예수 증권,197541842000,외국계증권사,B,SF205,각주항목(09.06월 이후)
51851,202406,0010158,제이피모간증권회사서울지점,B2,투자자의 예수증권 등_예수양도성예금증서,0,외국계증권사,B,SF205,각주항목(09.06월 이후)
51852,202406,0010158,제이피모간증권회사서울지점,B3,투자자의 예수증권 등_기타,0,외국계증권사,B,SF205,각주항목(09.06월 이후)
51853,202406,0010158,제이피모간증권회사서울지점,C,파생상품계약,0,외국계증권사,B,SF205,각주항목(09.06월 이후)
51854,202406,0010158,제이피모간증권회사서울지점,C1,파생상품계약_장내파생상품,0,외국계증권사,B,SF205,각주항목(09.06월 이후)
51855,202406,0010158,제이피모간증권회사서울지점,C11,파생상품계약_장내파생상품_이자율관련거래,0,외국계증권사,B,SF205,각주항목(09.06월 이후)
51856,202406,0010158,제이피모간증권회사서울지점,C12,파생상품계약_장내파생상품_통화관련거래,0,외국계증권사,B,SF205,각주항목(09.06월 이후)
51857,202406,0010158,제이피모간증권회사서울지점,C13,파생상품계약_장내파생상품_주식관련거래,0,외국계증권사,B,SF205,각주항목(09.06월 이후)
51858,202406,0010158,제이피모간증권회사서울지점,C14,파생상품계약_장내파생상품_일반상품관련거래,0,외국계증권사,B,SF205,각주항목(09.06월 이후)
51859,202406,0010158,제이피모간증권회사서울지점,C15,파생상품계약_장내파생상품_기타,0,외국계증권사,B,SF205,각주항목(09.06월 이후)
51860,202406,0010158,제이피모간증권회사서울지점,C2,파생상품계약_장외파생상품,0,외국계증권사,B,SF205,각주항목(09.06월 이후)
51861,202406,0010158,제이피모간증권회사서울지점,C21,파생상품계약_장외파생상품_이자율관련거래,0,외국계증권사,B,SF205,각주항목(09.06월 이후)
51862,202406,0010158,제이피모간증권회사서울지점,C22,파생상품계약_장외파생상품_통화관련거래,0,외국계증권사,B,SF205,각주항목(09.06월 이후)
51863,202406,0010158,제이피모간증권회사서울지점,C23,파생상품계약_장외파생상품_주식관련거래,0,외국계증권사,B,SF205,각주항목(09.06월 이후)
51864,202406,0010158,제이피모간증권회사서울지점,C24,파생상품계약_장외파생상품_신용관련거래,0,외국계증권사,B,SF205,각주항목(09.06월 이후)
51865,202406,0010158,제이피모간증권회사서울지점,C25,파생상품계약_장외파생상품_기타,0,외국계증권사,B,SF205,각주항목(09.06월 이후)
51866,202406,0010158,제이피모간증권회사서울지점,D,대차 및 대주거래,0,외국계증권사,B,SF205,각주항목(09.06월 이후)
51867,202406,0010158,제이피모간증권회사서울지점,D1,대차 및 대주거래_대여증권,0,외국계증권사,B,SF205,각주항목(09.06월 이후)
51868,202406,0010158,제이피모간증권회사서울지점,D2,대차 및 대주거래_차입증권,0,외국계증권사,B,SF205,각주항목(09.06월 이후)
51869,202406,0010158,제이피모간증권회사서울지점,D3,대차 및 대주거래_신용거래대주,0,외국계증권사,B,SF205,각주항목(09.06월 이후)
51870,202406,0010158,제이피모간증권회사서울지점,E,대손상각채권,0,외국계증권사,B,SF205,각주항목(09.06월 이후)
51871,202406,0010158,제이피모간증권회사서울지점,F,환전업무 예치금,0,외국계증권사,B,SF205,각주항목(09.06월 이후)
51872,202406,0010158,제이피모간증권회사서울지점,G,미배당별도예치금,0,외국계증권사,B,SF205,각주항목(09.06월 이후)
51873,202406,0010158,제이피모간증권회사서울지점,H,배서어음매출(종금계정),0,외국계증권사,B,SF205,각주항목(09.06월 이후)
51874,202406,0010158,제이피모간증권회사서울지점,H1,대출채권매매이익_담보부,0,외국계증권사,B,SF205,각주항목(09.06월 이후)
51875,202406,0010158,제이피모간증권회사서울지점,H2,대출채권매매이익_무담보부,0,외국계증권사,B,SF205,각주항목(09.06월 이후)
51876,202409,0010158,제이피모간증권회사서울지점,A,채무보증,0,외국계증권사,B,SF205,각주항목(09.06월 이후)
51877,202409,0010158,제이피모간증권회사서울지점,A1,채무보증_지급보증,0,외국계증권사,B,SF205,각주항목(09.06월 이후)
51878,202409,0010158,제이피모간증권회사서울지점,A2,채무보증_매입보장약정,0,외국계증권사,B,SF205,각주항목(09.06월 이후)
51879,202409,0010158,제이피모간증권회사서울지점,A3,채무보증_채무인수약정,0,외국계증권사,B,SF205,각주항목(09.06월 이후)
51880,202409,0010158,제이피모간증권회사서울지점,A5,채무보증_매입확약,0,외국계증권사,B,SF205,각주항목(09.06월 이후)
51881,202409,0010158,제이피모간증권회사서울지점,A6,채무보증_기타,0,외국계증권사,B,SF205,각주항목(09.06월 이후)
51882,202409,0010158,제이피모간증권회사서울지점,B,투자자의 예수증권 등,186376410000,외국계증권사,B,SF205,각주항목(09.06월 이후)
51883,202409,0010158,제이피모간증권회사서울지점,B1,투자자의 예수증권 등_예수 증권,186376410000,외국계증권사,B,SF205,각주항목(09.06월 이후)
51884,202409,0010158,제이피모간증권회사서울지점,B2,투자자의 예수증권 등_예수양도성예금증서,0,외국계증권사,B,SF205,각주항목(09.06월 이후)
51885,202409,0010158,제이피모간증권회사서울지점,B3,투자자의 예수증권 등_기타,0,외국계증권사,B,SF205,각주항목(09.06월 이후)
51886,202409,0010158,제이피모간증권회사서울지점,C,파생상품계약,0,외국계증권사,B,SF205,각주항목(09.06월 이후)
51887,202409,0010158,제이피모간증권회사서울지점,C1,파생상품계약_장내파생상품,0,외국계증권사,B,SF205,각주항목(09.06월 이후)
51888,202409,0010158,제이피모간증권회사서울지점,C11,파생상품계약_장내파생상품_이자율관련거래,0,외국계증권사,B,SF205,각주항목(09.06월 이후)
51889,202409,0010158,제이피모간증권회사서울지점,C12,파생상품계약_장내파생상품_통화관련거래,0,외국계증권사,B,SF205,각주항목(09.06월 이후)
51890,202409,0010158,제이피모간증권회사서울지점,C13,파생상품계약_장내파생상품_주식관련거래,0,외국계증권사,B,SF205,각주항목(09.06월 이후)
51891,202409,0010158,제이피모간증권회사서울지점,C14,파생상품계약_장내파생상품_일반상품관련거래,0,외국계증권사,B,SF205,각주항목(09.06월 이후)
51892,202409,0010158,제이피모간증권회사서울지점,C15,파생상품계약_장내파생상품_기타,0,외국계증권사,B,SF205,각주항목(09.06월 이후)
51893,202409,0010158,제이피모간증권회사서울지점,C2,파생상품계약_장외파생상품,0,외국계증권사,B,SF205,각주항목(09.06월 이후)
51894,202409,0010158,제이피모간증권회사서울지점,C21,파생상품계약_장외파생상품_이자율관련거래,0,외국계증권사,B,SF205,각주항목(09.06월 이후)
51895,202409,0010158,제이피모간증권회사서울지점,C22,파생상품계약_장외파생상품_통화관련거래,0,외국계증권사,B,SF205,각주항목(09.06월 이후)
51896,202409,0010158,제이피모간증권회사서울지점,C23,파생상품계약_장외파생상품_주식관련거래,0,외국계증권사,B,SF205,각주항목(09.06월 이후)
51897,202409,0010158,제이피모간증권회사서울지점,C24,파생상품계약_장외파생상품_신용관련거래,0,외국계증권사,B,SF205,각주항목(09.06월 이후)
51898,202409,0010158,제이피모간증권회사서울지점,C25,파생상품계약_장외파생상품_기타,0,외국계증권사,B,SF205,각주항목(09.06월 이후)
51899,202409,0010158,제이피모간증권회사서울지점,D,대차 및 대주거래,0,외국계증권사,B,SF205,각주항목(09.06월 이후)
51900,202409,0010158,제이피모간증권회사서울지점,D1,대차 및 대주거래_대여증권,0,외국계증권사,B,SF205,각주항목(09.06월 이후)
51901,202409,0010158,제이피모간증권회사서울지점,D2,대차 및 대주거래_차입증권,0,외국계증권사,B,SF205,각주항목(09.06월 이후)
51902,202409,0010158,제이피모간증권회사서울지점,D3,대차 및 대주거래_신용거래대주,0,외국계증권사,B,SF205,각주항목(09.06월 이후)
51903,202409,0010158,제이피모간증권회사서울지점,E,대손상각채권,0,외국계증권사,B,SF205,각주항목(09.06월 이후)
51904,202409,0010158,제이피모간증권회사서울지점,F,환전업무 예치금,0,외국계증권사,B,SF205,각주항목(09.06월 이후)
51905,202409,0010158,제이피모간증권회사서울지점,G,미배당별도예치금,0,외국계증권사,B,SF205,각주항목(09.06월 이후)
51906,202409,0010158,제이피모간증권회사서울지점,H,배서어음매출(종금계정),0,외국계증권사,B,SF205,각주항목(09.06월 이후)
51907,202409,0010158,제이피모간증권회사서울지점,H1,대출채권매매이익_담보부,0,외국계증권사,B,SF205,각주항목(09.06월 이후)
51908,202409,0010158,제이피모간증권회사서울지점,H2,대출채권매매이익_무담보부,0,외국계증권사,B,SF205,각주항목(09.06월 이후)
51909,202412,0010158,제이피모간증권회사서울지점,A,채무보증,0,외국계증권사,B,SF205,각주항목(09.06월 이후)
51910,202412,0010158,제이피모간증권회사서울지점,A1,채무보증_지급보증,0,외국계증권사,B,SF205,각주항목(09.06월 이후)
51911,202412,0010158,제이피모간증권회사서울지점,A2,채무보증_매입보장약정,0,외국계증권사,B,SF205,각주항목(09.06월 이후)
51912,202412,0010158,제이피모간증권회사서울지점,A3,채무보증_채무인수약정,0,외국계증권사,B,SF205,각주항목(09.06월 이후)
51913,202412,0010158,제이피모간증권회사서울지점,A5,채무보증_매입확약,0,외국계증권사,B,SF205,각주항목(09.06월 이후)
51914,202412,0010158,제이피모간증권회사서울지점,A6,채무보증_기타,0,외국계증권사,B,SF205,각주항목(09.06월 이후)
51915,202412,0010158,제이피모간증권회사서울지점,B,투자자의 예수증권 등,170352214000,외국계증권사,B,SF205,각주항목(09.06월 이후)
51916,202412,0010158,제이피모간증권회사서울지점,B1,투자자의 예수증권 등_예수 증권,170352214000,외국계증권사,B,SF205,각주항목(09.06월 이후)
51917,202412,0010158,제이피모간증권회사서울지점,B2,투자자의 예수증권 등_예수양도성예금증서,0,외국계증권사,B,SF205,각주항목(09.06월 이후)
51918,202412,0010158,제이피모간증권회사서울지점,B3,투자자의 예수증권 등_기타,0,외국계증권사,B,SF205,각주항목(09.06월 이후)
51919,202412,0010158,제이피모간증권회사서울지점,C,파생상품계약,0,외국계증권사,B,SF205,각주항목(09.06월 이후)
51920,202412,0010158,제이피모간증권회사서울지점,C1,파생상품계약_장내파생상품,0,외국계증권사,B,SF205,각주항목(09.06월 이후)
51921,202412,0010158,제이피모간증권회사서울지점,C11,파생상품계약_장내파생상품_이자율관련거래,0,외국계증권사,B,SF205,각주항목(09.06월 이후)
51922,202412,0010158,제이피모간증권회사서울지점,C12,파생상품계약_장내파생상품_통화관련거래,0,외국계증권사,B,SF205,각주항목(09.06월 이후)
51923,202412,0010158,제이피모간증권회사서울지점,C13,파생상품계약_장내파생상품_주식관련거래,0,외국계증권사,B,SF205,각주항목(09.06월 이후)
51924,202412,0010158,제이피모간증권회사서울지점,C14,파생상품계약_장내파생상품_일반상품관련거래,0,외국계증권사,B,SF205,각주항목(09.06월 이후)
51925,202412,0010158,제이피모간증권회사서울지점,C15,파생상품계약_장내파생상품_기타,0,외국계증권사,B,SF205,각주항목(09.06월 이후)
51926,202412,0010158,제이피모간증권회사서울지점,C2,파생상품계약_장외파생상품,0,외국계증권사,B,SF205,각주항목(09.06월 이후)
51927,202412,0010158,제이피모간증권회사서울지점,C21,파생상품계약_장외파생상품_이자율관련거래,0,외국계증권사,B,SF205,각주항목(09.06월 이후)
51928,202412,0010158,제이피모간증권회사서울지점,C22,파생상품계약_장외파생상품_통화관련거래,0,외국계증권사,B,SF205,각주항목(09.06월 이후)
51929,202412,0010158,제이피모간증권회사서울지점,C23,파생상품계약_장외파생상품_주식관련거래,0,외국계증권사,B,SF205,각주항목(09.06월 이후)
51930,202412,0010158,제이피모간증권회사서울지점,C24,파생상품계약_장외파생상품_신용관련거래,0,외국계증권사,B,SF205,각주항목(09.06월 이후)
51931,202412,0010158,제이피모간증권회사서울지점,C25,파생상품계약_장외파생상품_기타,0,외국계증권사,B,SF205,각주항목(09.06월 이후)
51932,202412,0010158,제이피모간증권회사서울지점,D,대차 및 대주거래,0,외국계증권사,B,SF205,각주항목(09.06월 이후)
51933,202412,0010158,제이피모간증권회사서울지점,D1,대차 및 대주거래_대여증권,0,외국계증권사,B,SF205,각주항목(09.06월 이후)
51934,202412,0010158,제이피모간증권회사서울지점,D2,대차 및 대주거래_차입증권,0,외국계증권사,B,SF205,각주항목(09.06월 이후)
51935,202412,0010158,제이피모간증권회사서울지점,D3,대차 및 대주거래_신용거래대주,0,외국계증권사,B,SF205,각주항목(09.06월 이후)
51936,202412,0010158,제이피모간증권회사서울지점,E,대손상각채권,0,외국계증권사,B,SF205,각주항목(09.06월 이후)
51937,202412,0010158,제이피모간증권회사서울지점,F,환전업무 예치금,0,외국계증권사,B,SF205,각주항목(09.06월 이후)
51938,202412,0010158,제이피모간증권회사서울지점,G,미배당별도예치금,0,외국계증권사,B,SF205,각주항목(09.06월 이후)
51939,202412,0010158,제이피모간증권회사서울지점,H,배서어음매출(종금계정),0,외국계증권사,B,SF205,각주항목(09.06월 이후)
51940,202412,0010158,제이피모간증권회사서울지점,H1,대출채권매매이익_담보부,0,외국계증권사,B,SF205,각주항목(09.06월 이후)
51941,202412,0010158,제이피모간증권회사서울지점,H2,대출채권매매이익_무담보부,0,외국계증권사,B,SF205,각주항목(09.06월 이후)
51942,201703,0010162,크레디 아그리콜 아시아증권 서울지점,A,채무보증,0,외국계증권사,B,SF205,각주항목(09.06월 이후)
51943,201703,0010162,크레디 아그리콜 아시아증권 서울지점,A1,채무보증_지급보증,0,외국계증권사,B,SF205,각주항목(09.06월 이후)
51944,201703,0010162,크레디 아그리콜 아시아증권 서울지점,A2,채무보증_매입보장약정,0,외국계증권사,B,SF205,각주항목(09.06월 이후)
51945,201703,0010162,크레디 아그리콜 아시아증권 서울지점,A3,채무보증_채무인수약정,0,외국계증권사,B,SF205,각주항목(09.06월 이후)
51946,201703,0010162,크레디 아그리콜 아시아증권 서울지점,A5,채무보증_매입확약,0,외국계증권사,B,SF205,각주항목(09.06월 이후)
51947,201703,0010162,크레디 아그리콜 아시아증권 서울지점,A6,채무보증_기타,0,외국계증권사,B,SF205,각주항목(09.06월 이후)
51948,201703,0010162,크레디 아그리콜 아시아증권 서울지점,B,투자자의 예수증권 등,0,외국계증권사,B,SF205,각주항목(09.06월 이후)
51949,201703,0010162,크레디 아그리콜 아시아증권 서울지점,B1,투자자의 예수증권 등_예수 증권,0,외국계증권사,B,SF205,각주항목(09.06월 이후)
51950,201703,0010162,크레디 아그리콜 아시아증권 서울지점,B2,투자자의 예수증권 등_예수양도성예금증서,0,외국계증권사,B,SF205,각주항목(09.06월 이후)
51951,201703,0010162,크레디 아그리콜 아시아증권 서울지점,B3,투자자의 예수증권 등_기타,0,외국계증권사,B,SF205,각주항목(09.06월 이후)
51952,201703,0010162,크레디 아그리콜 아시아증권 서울지점,C,파생상품계약,0,외국계증권사,B,SF205,각주항목(09.06월 이후)
51953,201703,0010162,크레디 아그리콜 아시아증권 서울지점,C1,파생상품계약_장내파생상품,0,외국계증권사,B,SF205,각주항목(09.06월 이후)
51954,201703,0010162,크레디 아그리콜 아시아증권 서울지점,C11,파생상품계약_장내파생상품_이자율관련거래,0,외국계증권사,B,SF205,각주항목(09.06월 이후)
51955,201703,0010162,크레디 아그리콜 아시아증권 서울지점,C12,파생상품계약_장내파생상품_통화관련거래,0,외국계증권사,B,SF205,각주항목(09.06월 이후)
51956,201703,0010162,크레디 아그리콜 아시아증권 서울지점,C13,파생상품계약_장내파생상품_주식관련거래,0,외국계증권사,B,SF205,각주항목(09.06월 이후)
51957,201703,0010162,크레디 아그리콜 아시아증권 서울지점,C14,파생상품계약_장내파생상품_일반상품관련거래,0,외국계증권사,B,SF205,각주항목(09.06월 이후)
51958,201703,0010162,크레디 아그리콜 아시아증권 서울지점,C15,파생상품계약_장내파생상품_기타,0,외국계증권사,B,SF205,각주항목(09.06월 이후)
51959,201703,0010162,크레디 아그리콜 아시아증권 서울지점,C2,파생상품계약_장외파생상품,0,외국계증권사,B,SF205,각주항목(09.06월 이후)
51960,201703,0010162,크레디 아그리콜 아시아증권 서울지점,C21,파생상품계약_장외파생상품_이자율관련거래,0,외국계증권사,B,SF205,각주항목(09.06월 이후)
51961,201703,0010162,크레디 아그리콜 아시아증권 서울지점,C22,파생상품계약_장외파생상품_통화관련거래,0,외국계증권사,B,SF205,각주항목(09.06월 이후)
51962,201703,0010162,크레디 아그리콜 아시아증권 서울지점,C23,파생상품계약_장외파생상품_주식관련거래,0,외국계증권사,B,SF205,각주항목(09.06월 이후)
51963,201703,0010162,크레디 아그리콜 아시아증권 서울지점,C24,파생상품계약_장외파생상품_신용관련거래,0,외국계증권사,B,SF205,각주항목(09.06월 이후)
51964,201703,0010162,크레디 아그리콜 아시아증권 서울지점,C25,파생상품계약_장외파생상품_기타,0,외국계증권사,B,SF205,각주항목(09.06월 이후)
51965,201703,0010162,크레디 아그리콜 아시아증권 서울지점,D,대차 및 대주거래,0,외국계증권사,B,SF205,각주항목(09.06월 이후)
51966,201703,0010162,크레디 아그리콜 아시아증권 서울지점,D1,대차 및 대주거래_대여증권,0,외국계증권사,B,SF205,각주항목(09.06월 이후)
51967,201703,0010162,크레디 아그리콜 아시아증권 서울지점,D2,대차 및 대주거래_차입증권,0,외국계증권사,B,SF205,각주항목(09.06월 이후)
51968,201703,0010162,크레디 아그리콜 아시아증권 서울지점,D3,대차 및 대주거래_신용거래대주,0,외국계증권사,B,SF205,각주항목(09.06월 이후)
51969,201703,0010162,크레디 아그리콜 아시아증권 서울지점,E,대손상각채권,31940797,외국계증권사,B,SF205,각주항목(09.06월 이후)
51970,201703,0010162,크레디 아그리콜 아시아증권 서울지점,F,환전업무 예치금,0,외국계증권사,B,SF205,각주항목(09.06월 이후)
51971,201703,0010162,크레디 아그리콜 아시아증권 서울지점,G,미배당별도예치금,0,외국계증권사,B,SF205,각주항목(09.06월 이후)
51972,201703,0010162,크레디 아그리콜 아시아증권 서울지점,H,배서어음매출(종금계정),0,외국계증권사,B,SF205,각주항목(09.06월 이후)
51973,201703,0010162,크레디 아그리콜 아시아증권 서울지점,H1,대출채권매매이익_담보부,0,외국계증권사,B,SF205,각주항목(09.06월 이후)
51974,201703,0010162,크레디 아그리콜 아시아증권 서울지점,H2,대출채권매매이익_무담보부,0,외국계증권사,B,SF205,각주항목(09.06월 이후)
51975,201706,0010162,크레디 아그리콜 아시아증권 서울지점,A,채무보증,0,외국계증권사,B,SF205,각주항목(09.06월 이후)
51976,201706,0010162,크레디 아그리콜 아시아증권 서울지점,A1,채무보증_지급보증,0,외국계증권사,B,SF205,각주항목(09.06월 이후)
51977,201706,0010162,크레디 아그리콜 아시아증권 서울지점,A2,채무보증_매입보장약정,0,외국계증권사,B,SF205,각주항목(09.06월 이후)
51978,201706,0010162,크레디 아그리콜 아시아증권 서울지점,A3,채무보증_채무인수약정,0,외국계증권사,B,SF205,각주항목(09.06월 이후)
51979,201706,0010162,크레디 아그리콜 아시아증권 서울지점,A5,채무보증_매입확약,0,외국계증권사,B,SF205,각주항목(09.06월 이후)
51980,201706,0010162,크레디 아그리콜 아시아증권 서울지점,A6,채무보증_기타,0,외국계증권사,B,SF205,각주항목(09.06월 이후)
51981,201706,0010162,크레디 아그리콜 아시아증권 서울지점,B,투자자의 예수증권 등,0,외국계증권사,B,SF205,각주항목(09.06월 이후)
51982,201706,0010162,크레디 아그리콜 아시아증권 서울지점,B1,투자자의 예수증권 등_예수 증권,0,외국계증권사,B,SF205,각주항목(09.06월 이후)
51983,201706,0010162,크레디 아그리콜 아시아증권 서울지점,B2,투자자의 예수증권 등_예수양도성예금증서,0,외국계증권사,B,SF205,각주항목(09.06월 이후)
51984,201706,0010162,크레디 아그리콜 아시아증권 서울지점,B3,투자자의 예수증권 등_기타,0,외국계증권사,B,SF205,각주항목(09.06월 이후)
51985,201706,0010162,크레디 아그리콜 아시아증권 서울지점,C,파생상품계약,0,외국계증권사,B,SF205,각주항목(09.06월 이후)
51986,201706,0010162,크레디 아그리콜 아시아증권 서울지점,C1,파생상품계약_장내파생상품,0,외국계증권사,B,SF205,각주항목(09.06월 이후)
51987,201706,0010162,크레디 아그리콜 아시아증권 서울지점,C11,파생상품계약_장내파생상품_이자율관련거래,0,외국계증권사,B,SF205,각주항목(09.06월 이후)
51988,201706,0010162,크레디 아그리콜 아시아증권 서울지점,C12,파생상품계약_장내파생상품_통화관련거래,0,외국계증권사,B,SF205,각주항목(09.06월 이후)
51989,201706,0010162,크레디 아그리콜 아시아증권 서울지점,C13,파생상품계약_장내파생상품_주식관련거래,0,외국계증권사,B,SF205,각주항목(09.06월 이후)
51990,201706,0010162,크레디 아그리콜 아시아증권 서울지점,C14,파생상품계약_장내파생상품_일반상품관련거래,0,외국계증권사,B,SF205,각주항목(09.06월 이후)
51991,201706,0010162,크레디 아그리콜 아시아증권 서울지점,C15,파생상품계약_장내파생상품_기타,0,외국계증권사,B,SF205,각주항목(09.06월 이후)
51992,201706,0010162,크레디 아그리콜 아시아증권 서울지점,C2,파생상품계약_장외파생상품,0,외국계증권사,B,SF205,각주항목(09.06월 이후)
51993,201706,0010162,크레디 아그리콜 아시아증권 서울지점,C21,파생상품계약_장외파생상품_이자율관련거래,0,외국계증권사,B,SF205,각주항목(09.06월 이후)
51994,201706,0010162,크레디 아그리콜 아시아증권 서울지점,C22,파생상품계약_장외파생상품_통화관련거래,0,외국계증권사,B,SF205,각주항목(09.06월 이후)
51995,201706,0010162,크레디 아그리콜 아시아증권 서울지점,C23,파생상품계약_장외파생상품_주식관련거래,0,외국계증권사,B,SF205,각주항목(09.06월 이후)
51996,201706,0010162,크레디 아그리콜 아시아증권 서울지점,C24,파생상품계약_장외파생상품_신용관련거래,0,외국계증권사,B,SF205,각주항목(09.06월 이후)
51997,201706,0010162,크레디 아그리콜 아시아증권 서울지점,C25,파생상품계약_장외파생상품_기타,0,외국계증권사,B,SF205,각주항목(09.06월 이후)
51998,201706,0010162,크레디 아그리콜 아시아증권 서울지점,D,대차 및 대주거래,0,외국계증권사,B,SF205,각주항목(09.06월 이후)
51999,201706,0010162,크레디 아그리콜 아시아증권 서울지점,D1,대차 및 대주거래_대여증권,0,외국계증권사,B,SF205,각주항목(09.06월 이후)
52000,201706,0010162,크레디 아그리콜 아시아증권 서울지점,D2,대차 및 대주거래_차입증권,0,외국계증권사,B,SF205,각주항목(09.06월 이후)
52001,201706,0010162,크레디 아그리콜 아시아증권 서울지점,D3,대차 및 대주거래_신용거래대주,0,외국계증권사,B,SF205,각주항목(09.06월 이후)
52002,201706,0010162,크레디 아그리콜 아시아증권 서울지점,E,대손상각채권,0,외국계증권사,B,SF205,각주항목(09.06월 이후)
52003,201706,0010162,크레디 아그리콜 아시아증권 서울지점,F,환전업무 예치금,0,외국계증권사,B,SF205,각주항목(09.06월 이후)
52004,201706,0010162,크레디 아그리콜 아시아증권 서울지점,G,미배당별도예치금,0,외국계증권사,B,SF205,각주항목(09.06월 이후)
52005,201706,0010162,크레디 아그리콜 아시아증권 서울지점,H,배서어음매출(종금계정),0,외국계증권사,B,SF205,각주항목(09.06월 이후)
52006,201706,0010162,크레디 아그리콜 아시아증권 서울지점,H1,대출채권매매이익_담보부,0,외국계증권사,B,SF205,각주항목(09.06월 이후)
52007,201706,0010162,크레디 아그리콜 아시아증권 서울지점,H2,대출채권매매이익_무담보부,0,외국계증권사,B,SF205,각주항목(09.06월 이후)
52008,201709,0010162,크레디 아그리콜 아시아증권 서울지점,A,채무보증,0,외국계증권사,B,SF205,각주항목(09.06월 이후)
52009,201709,0010162,크레디 아그리콜 아시아증권 서울지점,A1,채무보증_지급보증,0,외국계증권사,B,SF205,각주항목(09.06월 이후)
52010,201709,0010162,크레디 아그리콜 아시아증권 서울지점,A2,채무보증_매입보장약정,0,외국계증권사,B,SF205,각주항목(09.06월 이후)
52011,201709,0010162,크레디 아그리콜 아시아증권 서울지점,A3,채무보증_채무인수약정,0,외국계증권사,B,SF205,각주항목(09.06월 이후)
52012,201709,0010162,크레디 아그리콜 아시아증권 서울지점,A5,채무보증_매입확약,0,외국계증권사,B,SF205,각주항목(09.06월 이후)
52013,201709,0010162,크레디 아그리콜 아시아증권 서울지점,A6,채무보증_기타,0,외국계증권사,B,SF205,각주항목(09.06월 이후)
52014,201709,0010162,크레디 아그리콜 아시아증권 서울지점,B,투자자의 예수증권 등,0,외국계증권사,B,SF205,각주항목(09.06월 이후)
52015,201709,0010162,크레디 아그리콜 아시아증권 서울지점,B1,투자자의 예수증권 등_예수 증권,0,외국계증권사,B,SF205,각주항목(09.06월 이후)
52016,201709,0010162,크레디 아그리콜 아시아증권 서울지점,B2,투자자의 예수증권 등_예수양도성예금증서,0,외국계증권사,B,SF205,각주항목(09.06월 이후)
52017,201709,0010162,크레디 아그리콜 아시아증권 서울지점,B3,투자자의 예수증권 등_기타,0,외국계증권사,B,SF205,각주항목(09.06월 이후)
52018,201709,0010162,크레디 아그리콜 아시아증권 서울지점,C,파생상품계약,0,외국계증권사,B,SF205,각주항목(09.06월 이후)
52019,201709,0010162,크레디 아그리콜 아시아증권 서울지점,C1,파생상품계약_장내파생상품,0,외국계증권사,B,SF205,각주항목(09.06월 이후)
52020,201709,0010162,크레디 아그리콜 아시아증권 서울지점,C11,파생상품계약_장내파생상품_이자율관련거래,0,외국계증권사,B,SF205,각주항목(09.06월 이후)
52021,201709,0010162,크레디 아그리콜 아시아증권 서울지점,C12,파생상품계약_장내파생상품_통화관련거래,0,외국계증권사,B,SF205,각주항목(09.06월 이후)
52022,201709,0010162,크레디 아그리콜 아시아증권 서울지점,C13,파생상품계약_장내파생상품_주식관련거래,0,외국계증권사,B,SF205,각주항목(09.06월 이후)
52023,201709,0010162,크레디 아그리콜 아시아증권 서울지점,C14,파생상품계약_장내파생상품_일반상품관련거래,0,외국계증권사,B,SF205,각주항목(09.06월 이후)
52024,201709,0010162,크레디 아그리콜 아시아증권 서울지점,C15,파생상품계약_장내파생상품_기타,0,외국계증권사,B,SF205,각주항목(09.06월 이후)
52025,201709,0010162,크레디 아그리콜 아시아증권 서울지점,C2,파생상품계약_장외파생상품,0,외국계증권사,B,SF205,각주항목(09.06월 이후)
52026,201709,0010162,크레디 아그리콜 아시아증권 서울지점,C21,파생상품계약_장외파생상품_이자율관련거래,0,외국계증권사,B,SF205,각주항목(09.06월 이후)
52027,201709,0010162,크레디 아그리콜 아시아증권 서울지점,C22,파생상품계약_장외파생상품_통화관련거래,0,외국계증권사,B,SF205,각주항목(09.06월 이후)
52028,201709,0010162,크레디 아그리콜 아시아증권 서울지점,C23,파생상품계약_장외파생상품_주식관련거래,0,외국계증권사,B,SF205,각주항목(09.06월 이후)
52029,201709,0010162,크레디 아그리콜 아시아증권 서울지점,C24,파생상품계약_장외파생상품_신용관련거래,0,외국계증권사,B,SF205,각주항목(09.06월 이후)
52030,201709,0010162,크레디 아그리콜 아시아증권 서울지점,C25,파생상품계약_장외파생상품_기타,0,외국계증권사,B,SF205,각주항목(09.06월 이후)
52031,201709,0010162,크레디 아그리콜 아시아증권 서울지점,D,대차 및 대주거래,0,외국계증권사,B,SF205,각주항목(09.06월 이후)
52032,201709,0010162,크레디 아그리콜 아시아증권 서울지점,D1,대차 및 대주거래_대여증권,0,외국계증권사,B,SF205,각주항목(09.06월 이후)
52033,201709,0010162,크레디 아그리콜 아시아증권 서울지점,D2,대차 및 대주거래_차입증권,0,외국계증권사,B,SF205,각주항목(09.06월 이후)
52034,201709,0010162,크레디 아그리콜 아시아증권 서울지점,D3,대차 및 대주거래_신용거래대주,0,외국계증권사,B,SF205,각주항목(09.06월 이후)
52035,201709,0010162,크레디 아그리콜 아시아증권 서울지점,E,대손상각채권,0,외국계증권사,B,SF205,각주항목(09.06월 이후)
52036,201709,0010162,크레디 아그리콜 아시아증권 서울지점,F,환전업무 예치금,0,외국계증권사,B,SF205,각주항목(09.06월 이후)
52037,201709,0010162,크레디 아그리콜 아시아증권 서울지점,G,미배당별도예치금,0,외국계증권사,B,SF205,각주항목(09.06월 이후)
52038,201709,0010162,크레디 아그리콜 아시아증권 서울지점,H,배서어음매출(종금계정),0,외국계증권사,B,SF205,각주항목(09.06월 이후)
52039,201709,0010162,크레디 아그리콜 아시아증권 서울지점,H1,대출채권매매이익_담보부,0,외국계증권사,B,SF205,각주항목(09.06월 이후)
52040,201709,0010162,크레디 아그리콜 아시아증권 서울지점,H2,대출채권매매이익_무담보부,0,외국계증권사,B,SF205,각주항목(09.06월 이후)
52041,201712,0010162,크레디 아그리콜 아시아증권 서울지점,A,채무보증,0,외국계증권사,B,SF205,각주항목(09.06월 이후)
52042,201712,0010162,크레디 아그리콜 아시아증권 서울지점,A1,채무보증_지급보증,0,외국계증권사,B,SF205,각주항목(09.06월 이후)
52043,201712,0010162,크레디 아그리콜 아시아증권 서울지점,A2,채무보증_매입보장약정,0,외국계증권사,B,SF205,각주항목(09.06월 이후)
52044,201712,0010162,크레디 아그리콜 아시아증권 서울지점,A3,채무보증_채무인수약정,0,외국계증권사,B,SF205,각주항목(09.06월 이후)
52045,201712,0010162,크레디 아그리콜 아시아증권 서울지점,A5,채무보증_매입확약,0,외국계증권사,B,SF205,각주항목(09.06월 이후)
52046,201712,0010162,크레디 아그리콜 아시아증권 서울지점,A6,채무보증_기타,0,외국계증권사,B,SF205,각주항목(09.06월 이후)
52047,201712,0010162,크레디 아그리콜 아시아증권 서울지점,B,투자자의 예수증권 등,0,외국계증권사,B,SF205,각주항목(09.06월 이후)
52048,201712,0010162,크레디 아그리콜 아시아증권 서울지점,B1,투자자의 예수증권 등_예수 증권,0,외국계증권사,B,SF205,각주항목(09.06월 이후)
52049,201712,0010162,크레디 아그리콜 아시아증권 서울지점,B2,투자자의 예수증권 등_예수양도성예금증서,0,외국계증권사,B,SF205,각주항목(09.06월 이후)
52050,201712,0010162,크레디 아그리콜 아시아증권 서울지점,B3,투자자의 예수증권 등_기타,0,외국계증권사,B,SF205,각주항목(09.06월 이후)
52051,201712,0010162,크레디 아그리콜 아시아증권 서울지점,C,파생상품계약,0,외국계증권사,B,SF205,각주항목(09.06월 이후)
52052,201712,0010162,크레디 아그리콜 아시아증권 서울지점,C1,파생상품계약_장내파생상품,0,외국계증권사,B,SF205,각주항목(09.06월 이후)
52053,201712,0010162,크레디 아그리콜 아시아증권 서울지점,C11,파생상품계약_장내파생상품_이자율관련거래,0,외국계증권사,B,SF205,각주항목(09.06월 이후)
52054,201712,0010162,크레디 아그리콜 아시아증권 서울지점,C12,파생상품계약_장내파생상품_통화관련거래,0,외국계증권사,B,SF205,각주항목(09.06월 이후)
52055,201712,0010162,크레디 아그리콜 아시아증권 서울지점,C13,파생상품계약_장내파생상품_주식관련거래,0,외국계증권사,B,SF205,각주항목(09.06월 이후)
52056,201712,0010162,크레디 아그리콜 아시아증권 서울지점,C14,파생상품계약_장내파생상품_일반상품관련거래,0,외국계증권사,B,SF205,각주항목(09.06월 이후)
52057,201712,0010162,크레디 아그리콜 아시아증권 서울지점,C15,파생상품계약_장내파생상품_기타,0,외국계증권사,B,SF205,각주항목(09.06월 이후)
52058,201712,0010162,크레디 아그리콜 아시아증권 서울지점,C2,파생상품계약_장외파생상품,0,외국계증권사,B,SF205,각주항목(09.06월 이후)
52059,201712,0010162,크레디 아그리콜 아시아증권 서울지점,C21,파생상품계약_장외파생상품_이자율관련거래,0,외국계증권사,B,SF205,각주항목(09.06월 이후)
52060,201712,0010162,크레디 아그리콜 아시아증권 서울지점,C22,파생상품계약_장외파생상품_통화관련거래,0,외국계증권사,B,SF205,각주항목(09.06월 이후)
52061,201712,0010162,크레디 아그리콜 아시아증권 서울지점,C23,파생상품계약_장외파생상품_주식관련거래,0,외국계증권사,B,SF205,각주항목(09.06월 이후)
52062,201712,0010162,크레디 아그리콜 아시아증권 서울지점,C24,파생상품계약_장외파생상품_신용관련거래,0,외국계증권사,B,SF205,각주항목(09.06월 이후)
52063,201712,0010162,크레디 아그리콜 아시아증권 서울지점,C25,파생상품계약_장외파생상품_기타,0,외국계증권사,B,SF205,각주항목(09.06월 이후)
52064,201712,0010162,크레디 아그리콜 아시아증권 서울지점,D,대차 및 대주거래,0,외국계증권사,B,SF205,각주항목(09.06월 이후)
52065,201712,0010162,크레디 아그리콜 아시아증권 서울지점,D1,대차 및 대주거래_대여증권,0,외국계증권사,B,SF205,각주항목(09.06월 이후)
52066,201712,0010162,크레디 아그리콜 아시아증권 서울지점,D2,대차 및 대주거래_차입증권,0,외국계증권사,B,SF205,각주항목(09.06월 이후)
52067,201712,0010162,크레디 아그리콜 아시아증권 서울지점,D3,대차 및 대주거래_신용거래대주,0,외국계증권사,B,SF205,각주항목(09.06월 이후)
52068,201712,0010162,크레디 아그리콜 아시아증권 서울지점,E,대손상각채권,0,외국계증권사,B,SF205,각주항목(09.06월 이후)
52069,201712,0010162,크레디 아그리콜 아시아증권 서울지점,F,환전업무 예치금,0,외국계증권사,B,SF205,각주항목(09.06월 이후)
52070,201712,0010162,크레디 아그리콜 아시아증권 서울지점,G,미배당별도예치금,0,외국계증권사,B,SF205,각주항목(09.06월 이후)
52071,201712,0010162,크레디 아그리콜 아시아증권 서울지점,H,배서어음매출(종금계정),0,외국계증권사,B,SF205,각주항목(09.06월 이후)
52072,201712,0010162,크레디 아그리콜 아시아증권 서울지점,H1,대출채권매매이익_담보부,0,외국계증권사,B,SF205,각주항목(09.06월 이후)
52073,201712,0010162,크레디 아그리콜 아시아증권 서울지점,H2,대출채권매매이익_무담보부,0,외국계증권사,B,SF205,각주항목(09.06월 이후)
52074,201703,0010145,크레디트스위스증권서울지점,A,채무보증,0,외국계증권사,B,SF205,각주항목(09.06월 이후)
52075,201703,0010145,크레디트스위스증권서울지점,A1,채무보증_지급보증,0,외국계증권사,B,SF205,각주항목(09.06월 이후)
52076,201703,0010145,크레디트스위스증권서울지점,A2,채무보증_매입보장약정, ,외국계증권사,B,SF205,각주항목(09.06월 이후)
52077,201703,0010145,크레디트스위스증권서울지점,A3,채무보증_채무인수약정, ,외국계증권사,B,SF205,각주항목(09.06월 이후)
52078,201703,0010145,크레디트스위스증권서울지점,A5,채무보증_매입확약,0,외국계증권사,B,SF205,각주항목(09.06월 이후)
52079,201703,0010145,크레디트스위스증권서울지점,A6,채무보증_기타, ,외국계증권사,B,SF205,각주항목(09.06월 이후)
52080,201703,0010145,크레디트스위스증권서울지점,B,투자자의 예수증권 등,403373150000,외국계증권사,B,SF205,각주항목(09.06월 이후)
52081,201703,0010145,크레디트스위스증권서울지점,B1,투자자의 예수증권 등_예수 증권,403373150000,외국계증권사,B,SF205,각주항목(09.06월 이후)
52082,201703,0010145,크레디트스위스증권서울지점,B2,투자자의 예수증권 등_예수양도성예금증서, ,외국계증권사,B,SF205,각주항목(09.06월 이후)
52083,201703,0010145,크레디트스위스증권서울지점,B3,투자자의 예수증권 등_기타, ,외국계증권사,B,SF205,각주항목(09.06월 이후)
52084,201703,0010145,크레디트스위스증권서울지점,C,파생상품계약,0,외국계증권사,B,SF205,각주항목(09.06월 이후)
52085,201703,0010145,크레디트스위스증권서울지점,C1,파생상품계약_장내파생상품,0,외국계증권사,B,SF205,각주항목(09.06월 이후)
52086,201703,0010145,크레디트스위스증권서울지점,C11,파생상품계약_장내파생상품_이자율관련거래,0,외국계증권사,B,SF205,각주항목(09.06월 이후)
52087,201703,0010145,크레디트스위스증권서울지점,C12,파생상품계약_장내파생상품_통화관련거래,0,외국계증권사,B,SF205,각주항목(09.06월 이후)
52088,201703,0010145,크레디트스위스증권서울지점,C13,파생상품계약_장내파생상품_주식관련거래,0,외국계증권사,B,SF205,각주항목(09.06월 이후)
52089,201703,0010145,크레디트스위스증권서울지점,C14,파생상품계약_장내파생상품_일반상품관련거래,0,외국계증권사,B,SF205,각주항목(09.06월 이후)
52090,201703,0010145,크레디트스위스증권서울지점,C15,파생상품계약_장내파생상품_기타,0,외국계증권사,B,SF205,각주항목(09.06월 이후)
52091,201703,0010145,크레디트스위스증권서울지점,C2,파생상품계약_장외파생상품,0,외국계증권사,B,SF205,각주항목(09.06월 이후)
52092,201703,0010145,크레디트스위스증권서울지점,C21,파생상품계약_장외파생상품_이자율관련거래,0,외국계증권사,B,SF205,각주항목(09.06월 이후)
52093,201703,0010145,크레디트스위스증권서울지점,C22,파생상품계약_장외파생상품_통화관련거래,0,외국계증권사,B,SF205,각주항목(09.06월 이후)
52094,201703,0010145,크레디트스위스증권서울지점,C23,파생상품계약_장외파생상품_주식관련거래,0,외국계증권사,B,SF205,각주항목(09.06월 이후)
52095,201703,0010145,크레디트스위스증권서울지점,C24,파생상품계약_장외파생상품_신용관련거래,0,외국계증권사,B,SF205,각주항목(09.06월 이후)
52096,201703,0010145,크레디트스위스증권서울지점,C25,파생상품계약_장외파생상품_기타,0,외국계증권사,B,SF205,각주항목(09.06월 이후)
52097,201703,0010145,크레디트스위스증권서울지점,D,대차 및 대주거래,0,외국계증권사,B,SF205,각주항목(09.06월 이후)
52098,201703,0010145,크레디트스위스증권서울지점,D1,대차 및 대주거래_대여증권,0,외국계증권사,B,SF205,각주항목(09.06월 이후)
52099,201703,0010145,크레디트스위스증권서울지점,D2,대차 및 대주거래_차입증권,0,외국계증권사,B,SF205,각주항목(09.06월 이후)
52100,201703,0010145,크레디트스위스증권서울지점,D3,대차 및 대주거래_신용거래대주, ,외국계증권사,B,SF205,각주항목(09.06월 이후)
52101,201703,0010145,크레디트스위스증권서울지점,E,대손상각채권, ,외국계증권사,B,SF205,각주항목(09.06월 이후)
52102,201703,0010145,크레디트스위스증권서울지점,F,환전업무 예치금,0,외국계증권사,B,SF205,각주항목(09.06월 이후)
52103,201703,0010145,크레디트스위스증권서울지점,G,미배당별도예치금, ,외국계증권사,B,SF205,각주항목(09.06월 이후)
52104,201703,0010145,크레디트스위스증권서울지점,H,배서어음매출(종금계정),0,외국계증권사,B,SF205,각주항목(09.06월 이후)
52105,201703,0010145,크레디트스위스증권서울지점,H1,대출채권매매이익_담보부, ,외국계증권사,B,SF205,각주항목(09.06월 이후)
52106,201703,0010145,크레디트스위스증권서울지점,H2,대출채권매매이익_무담보부, ,외국계증권사,B,SF205,각주항목(09.06월 이후)
52107,201706,0010145,크레디트스위스증권서울지점,A,채무보증,0,외국계증권사,B,SF205,각주항목(09.06월 이후)
52108,201706,0010145,크레디트스위스증권서울지점,A1,채무보증_지급보증,0,외국계증권사,B,SF205,각주항목(09.06월 이후)
52109,201706,0010145,크레디트스위스증권서울지점,A2,채무보증_매입보장약정, ,외국계증권사,B,SF205,각주항목(09.06월 이후)
52110,201706,0010145,크레디트스위스증권서울지점,A3,채무보증_채무인수약정, ,외국계증권사,B,SF205,각주항목(09.06월 이후)
52111,201706,0010145,크레디트스위스증권서울지점,A5,채무보증_매입확약,0,외국계증권사,B,SF205,각주항목(09.06월 이후)
52112,201706,0010145,크레디트스위스증권서울지점,A6,채무보증_기타, ,외국계증권사,B,SF205,각주항목(09.06월 이후)
52113,201706,0010145,크레디트스위스증권서울지점,B,투자자의 예수증권 등,356819247000,외국계증권사,B,SF205,각주항목(09.06월 이후)
52114,201706,0010145,크레디트스위스증권서울지점,B1,투자자의 예수증권 등_예수 증권,356819247000,외국계증권사,B,SF205,각주항목(09.06월 이후)
52115,201706,0010145,크레디트스위스증권서울지점,B2,투자자의 예수증권 등_예수양도성예금증서, ,외국계증권사,B,SF205,각주항목(09.06월 이후)
52116,201706,0010145,크레디트스위스증권서울지점,B3,투자자의 예수증권 등_기타, ,외국계증권사,B,SF205,각주항목(09.06월 이후)
52117,201706,0010145,크레디트스위스증권서울지점,C,파생상품계약,0,외국계증권사,B,SF205,각주항목(09.06월 이후)
52118,201706,0010145,크레디트스위스증권서울지점,C1,파생상품계약_장내파생상품,0,외국계증권사,B,SF205,각주항목(09.06월 이후)
52119,201706,0010145,크레디트스위스증권서울지점,C11,파생상품계약_장내파생상품_이자율관련거래,0,외국계증권사,B,SF205,각주항목(09.06월 이후)
52120,201706,0010145,크레디트스위스증권서울지점,C12,파생상품계약_장내파생상품_통화관련거래,0,외국계증권사,B,SF205,각주항목(09.06월 이후)
52121,201706,0010145,크레디트스위스증권서울지점,C13,파생상품계약_장내파생상품_주식관련거래,0,외국계증권사,B,SF205,각주항목(09.06월 이후)
52122,201706,0010145,크레디트스위스증권서울지점,C14,파생상품계약_장내파생상품_일반상품관련거래,0,외국계증권사,B,SF205,각주항목(09.06월 이후)
52123,201706,0010145,크레디트스위스증권서울지점,C15,파생상품계약_장내파생상품_기타,0,외국계증권사,B,SF205,각주항목(09.06월 이후)
52124,201706,0010145,크레디트스위스증권서울지점,C2,파생상품계약_장외파생상품,0,외국계증권사,B,SF205,각주항목(09.06월 이후)
52125,201706,0010145,크레디트스위스증권서울지점,C21,파생상품계약_장외파생상품_이자율관련거래,0,외국계증권사,B,SF205,각주항목(09.06월 이후)
52126,201706,0010145,크레디트스위스증권서울지점,C22,파생상품계약_장외파생상품_통화관련거래,0,외국계증권사,B,SF205,각주항목(09.06월 이후)
52127,201706,0010145,크레디트스위스증권서울지점,C23,파생상품계약_장외파생상품_주식관련거래,0,외국계증권사,B,SF205,각주항목(09.06월 이후)
52128,201706,0010145,크레디트스위스증권서울지점,C24,파생상품계약_장외파생상품_신용관련거래,0,외국계증권사,B,SF205,각주항목(09.06월 이후)
52129,201706,0010145,크레디트스위스증권서울지점,C25,파생상품계약_장외파생상품_기타,0,외국계증권사,B,SF205,각주항목(09.06월 이후)
52130,201706,0010145,크레디트스위스증권서울지점,D,대차 및 대주거래,0,외국계증권사,B,SF205,각주항목(09.06월 이후)
52131,201706,0010145,크레디트스위스증권서울지점,D1,대차 및 대주거래_대여증권,0,외국계증권사,B,SF205,각주항목(09.06월 이후)
52132,201706,0010145,크레디트스위스증권서울지점,D2,대차 및 대주거래_차입증권,0,외국계증권사,B,SF205,각주항목(09.06월 이후)
52133,201706,0010145,크레디트스위스증권서울지점,D3,대차 및 대주거래_신용거래대주, ,외국계증권사,B,SF205,각주항목(09.06월 이후)
52134,201706,0010145,크레디트스위스증권서울지점,E,대손상각채권, ,외국계증권사,B,SF205,각주항목(09.06월 이후)
52135,201706,0010145,크레디트스위스증권서울지점,F,환전업무 예치금,0,외국계증권사,B,SF205,각주항목(09.06월 이후)
52136,201706,0010145,크레디트스위스증권서울지점,G,미배당별도예치금, ,외국계증권사,B,SF205,각주항목(09.06월 이후)
52137,201706,0010145,크레디트스위스증권서울지점,H,배서어음매출(종금계정),0,외국계증권사,B,SF205,각주항목(09.06월 이후)
52138,201706,0010145,크레디트스위스증권서울지점,H1,대출채권매매이익_담보부, ,외국계증권사,B,SF205,각주항목(09.06월 이후)
52139,201706,0010145,크레디트스위스증권서울지점,H2,대출채권매매이익_무담보부, ,외국계증권사,B,SF205,각주항목(09.06월 이후)
52140,201709,0010145,크레디트스위스증권서울지점,A,채무보증,0,외국계증권사,B,SF205,각주항목(09.06월 이후)
52141,201709,0010145,크레디트스위스증권서울지점,A1,채무보증_지급보증,0,외국계증권사,B,SF205,각주항목(09.06월 이후)
52142,201709,0010145,크레디트스위스증권서울지점,A2,채무보증_매입보장약정, ,외국계증권사,B,SF205,각주항목(09.06월 이후)
52143,201709,0010145,크레디트스위스증권서울지점,A3,채무보증_채무인수약정, ,외국계증권사,B,SF205,각주항목(09.06월 이후)
52144,201709,0010145,크레디트스위스증권서울지점,A5,채무보증_매입확약,0,외국계증권사,B,SF205,각주항목(09.06월 이후)
52145,201709,0010145,크레디트스위스증권서울지점,A6,채무보증_기타, ,외국계증권사,B,SF205,각주항목(09.06월 이후)
52146,201709,0010145,크레디트스위스증권서울지점,B,투자자의 예수증권 등,235243774000,외국계증권사,B,SF205,각주항목(09.06월 이후)
52147,201709,0010145,크레디트스위스증권서울지점,B1,투자자의 예수증권 등_예수 증권,235243774000,외국계증권사,B,SF205,각주항목(09.06월 이후)
52148,201709,0010145,크레디트스위스증권서울지점,B2,투자자의 예수증권 등_예수양도성예금증서, ,외국계증권사,B,SF205,각주항목(09.06월 이후)
52149,201709,0010145,크레디트스위스증권서울지점,B3,투자자의 예수증권 등_기타, ,외국계증권사,B,SF205,각주항목(09.06월 이후)
52150,201709,0010145,크레디트스위스증권서울지점,C,파생상품계약,0,외국계증권사,B,SF205,각주항목(09.06월 이후)
52151,201709,0010145,크레디트스위스증권서울지점,C1,파생상품계약_장내파생상품,0,외국계증권사,B,SF205,각주항목(09.06월 이후)
52152,201709,0010145,크레디트스위스증권서울지점,C11,파생상품계약_장내파생상품_이자율관련거래,0,외국계증권사,B,SF205,각주항목(09.06월 이후)
52153,201709,0010145,크레디트스위스증권서울지점,C12,파생상품계약_장내파생상품_통화관련거래,0,외국계증권사,B,SF205,각주항목(09.06월 이후)
52154,201709,0010145,크레디트스위스증권서울지점,C13,파생상품계약_장내파생상품_주식관련거래,0,외국계증권사,B,SF205,각주항목(09.06월 이후)
52155,201709,0010145,크레디트스위스증권서울지점,C14,파생상품계약_장내파생상품_일반상품관련거래,0,외국계증권사,B,SF205,각주항목(09.06월 이후)
52156,201709,0010145,크레디트스위스증권서울지점,C15,파생상품계약_장내파생상품_기타,0,외국계증권사,B,SF205,각주항목(09.06월 이후)
52157,201709,0010145,크레디트스위스증권서울지점,C2,파생상품계약_장외파생상품,0,외국계증권사,B,SF205,각주항목(09.06월 이후)
52158,201709,0010145,크레디트스위스증권서울지점,C21,파생상품계약_장외파생상품_이자율관련거래,0,외국계증권사,B,SF205,각주항목(09.06월 이후)
52159,201709,0010145,크레디트스위스증권서울지점,C22,파생상품계약_장외파생상품_통화관련거래,0,외국계증권사,B,SF205,각주항목(09.06월 이후)
52160,201709,0010145,크레디트스위스증권서울지점,C23,파생상품계약_장외파생상품_주식관련거래,0,외국계증권사,B,SF205,각주항목(09.06월 이후)
52161,201709,0010145,크레디트스위스증권서울지점,C24,파생상품계약_장외파생상품_신용관련거래,0,외국계증권사,B,SF205,각주항목(09.06월 이후)
52162,201709,0010145,크레디트스위스증권서울지점,C25,파생상품계약_장외파생상품_기타,0,외국계증권사,B,SF205,각주항목(09.06월 이후)
52163,201709,0010145,크레디트스위스증권서울지점,D,대차 및 대주거래,0,외국계증권사,B,SF205,각주항목(09.06월 이후)
52164,201709,0010145,크레디트스위스증권서울지점,D1,대차 및 대주거래_대여증권,0,외국계증권사,B,SF205,각주항목(09.06월 이후)
52165,201709,0010145,크레디트스위스증권서울지점,D2,대차 및 대주거래_차입증권,0,외국계증권사,B,SF205,각주항목(09.06월 이후)
52166,201709,0010145,크레디트스위스증권서울지점,D3,대차 및 대주거래_신용거래대주, ,외국계증권사,B,SF205,각주항목(09.06월 이후)
52167,201709,0010145,크레디트스위스증권서울지점,E,대손상각채권, ,외국계증권사,B,SF205,각주항목(09.06월 이후)
52168,201709,0010145,크레디트스위스증권서울지점,F,환전업무 예치금,0,외국계증권사,B,SF205,각주항목(09.06월 이후)
52169,201709,0010145,크레디트스위스증권서울지점,G,미배당별도예치금, ,외국계증권사,B,SF205,각주항목(09.06월 이후)
52170,201709,0010145,크레디트스위스증권서울지점,H,배서어음매출(종금계정),0,외국계증권사,B,SF205,각주항목(09.06월 이후)
52171,201709,0010145,크레디트스위스증권서울지점,H1,대출채권매매이익_담보부, ,외국계증권사,B,SF205,각주항목(09.06월 이후)
52172,201709,0010145,크레디트스위스증권서울지점,H2,대출채권매매이익_무담보부, ,외국계증권사,B,SF205,각주항목(09.06월 이후)
52173,201712,0010145,크레디트스위스증권서울지점,A,채무보증,0,외국계증권사,B,SF205,각주항목(09.06월 이후)
52174,201712,0010145,크레디트스위스증권서울지점,A1,채무보증_지급보증,0,외국계증권사,B,SF205,각주항목(09.06월 이후)
52175,201712,0010145,크레디트스위스증권서울지점,A2,채무보증_매입보장약정, ,외국계증권사,B,SF205,각주항목(09.06월 이후)
52176,201712,0010145,크레디트스위스증권서울지점,A3,채무보증_채무인수약정, ,외국계증권사,B,SF205,각주항목(09.06월 이후)
52177,201712,0010145,크레디트스위스증권서울지점,A5,채무보증_매입확약,0,외국계증권사,B,SF205,각주항목(09.06월 이후)
52178,201712,0010145,크레디트스위스증권서울지점,A6,채무보증_기타, ,외국계증권사,B,SF205,각주항목(09.06월 이후)
52179,201712,0010145,크레디트스위스증권서울지점,B,투자자의 예수증권 등,111721350000,외국계증권사,B,SF205,각주항목(09.06월 이후)
52180,201712,0010145,크레디트스위스증권서울지점,B1,투자자의 예수증권 등_예수 증권,111721350000,외국계증권사,B,SF205,각주항목(09.06월 이후)
52181,201712,0010145,크레디트스위스증권서울지점,B2,투자자의 예수증권 등_예수양도성예금증서, ,외국계증권사,B,SF205,각주항목(09.06월 이후)
52182,201712,0010145,크레디트스위스증권서울지점,B3,투자자의 예수증권 등_기타, ,외국계증권사,B,SF205,각주항목(09.06월 이후)
52183,201712,0010145,크레디트스위스증권서울지점,C,파생상품계약,0,외국계증권사,B,SF205,각주항목(09.06월 이후)
52184,201712,0010145,크레디트스위스증권서울지점,C1,파생상품계약_장내파생상품,0,외국계증권사,B,SF205,각주항목(09.06월 이후)
52185,201712,0010145,크레디트스위스증권서울지점,C11,파생상품계약_장내파생상품_이자율관련거래,0,외국계증권사,B,SF205,각주항목(09.06월 이후)
52186,201712,0010145,크레디트스위스증권서울지점,C12,파생상품계약_장내파생상품_통화관련거래,0,외국계증권사,B,SF205,각주항목(09.06월 이후)
52187,201712,0010145,크레디트스위스증권서울지점,C13,파생상품계약_장내파생상품_주식관련거래,0,외국계증권사,B,SF205,각주항목(09.06월 이후)
52188,201712,0010145,크레디트스위스증권서울지점,C14,파생상품계약_장내파생상품_일반상품관련거래,0,외국계증권사,B,SF205,각주항목(09.06월 이후)
52189,201712,0010145,크레디트스위스증권서울지점,C15,파생상품계약_장내파생상품_기타,0,외국계증권사,B,SF205,각주항목(09.06월 이후)
52190,201712,0010145,크레디트스위스증권서울지점,C2,파생상품계약_장외파생상품,0,외국계증권사,B,SF205,각주항목(09.06월 이후)
52191,201712,0010145,크레디트스위스증권서울지점,C21,파생상품계약_장외파생상품_이자율관련거래,0,외국계증권사,B,SF205,각주항목(09.06월 이후)
52192,201712,0010145,크레디트스위스증권서울지점,C22,파생상품계약_장외파생상품_통화관련거래,0,외국계증권사,B,SF205,각주항목(09.06월 이후)
52193,201712,0010145,크레디트스위스증권서울지점,C23,파생상품계약_장외파생상품_주식관련거래,0,외국계증권사,B,SF205,각주항목(09.06월 이후)
52194,201712,0010145,크레디트스위스증권서울지점,C24,파생상품계약_장외파생상품_신용관련거래,0,외국계증권사,B,SF205,각주항목(09.06월 이후)
52195,201712,0010145,크레디트스위스증권서울지점,C25,파생상품계약_장외파생상품_기타,0,외국계증권사,B,SF205,각주항목(09.06월 이후)
52196,201712,0010145,크레디트스위스증권서울지점,D,대차 및 대주거래,0,외국계증권사,B,SF205,각주항목(09.06월 이후)
52197,201712,0010145,크레디트스위스증권서울지점,D1,대차 및 대주거래_대여증권,0,외국계증권사,B,SF205,각주항목(09.06월 이후)
52198,201712,0010145,크레디트스위스증권서울지점,D2,대차 및 대주거래_차입증권,0,외국계증권사,B,SF205,각주항목(09.06월 이후)
52199,201712,0010145,크레디트스위스증권서울지점,D3,대차 및 대주거래_신용거래대주, ,외국계증권사,B,SF205,각주항목(09.06월 이후)
52200,201712,0010145,크레디트스위스증권서울지점,E,대손상각채권, ,외국계증권사,B,SF205,각주항목(09.06월 이후)
52201,201712,0010145,크레디트스위스증권서울지점,F,환전업무 예치금,0,외국계증권사,B,SF205,각주항목(09.06월 이후)
52202,201712,0010145,크레디트스위스증권서울지점,G,미배당별도예치금, ,외국계증권사,B,SF205,각주항목(09.06월 이후)
52203,201712,0010145,크레디트스위스증권서울지점,H,배서어음매출(종금계정),0,외국계증권사,B,SF205,각주항목(09.06월 이후)
52204,201712,0010145,크레디트스위스증권서울지점,H1,대출채권매매이익_담보부, ,외국계증권사,B,SF205,각주항목(09.06월 이후)
52205,201712,0010145,크레디트스위스증권서울지점,H2,대출채권매매이익_무담보부, ,외국계증권사,B,SF205,각주항목(09.06월 이후)
52206,201803,0010145,크레디트스위스증권서울지점,A,채무보증,0,외국계증권사,B,SF205,각주항목(09.06월 이후)
52207,201803,0010145,크레디트스위스증권서울지점,A1,채무보증_지급보증,0,외국계증권사,B,SF205,각주항목(09.06월 이후)
52208,201803,0010145,크레디트스위스증권서울지점,A2,채무보증_매입보장약정, ,외국계증권사,B,SF205,각주항목(09.06월 이후)
52209,201803,0010145,크레디트스위스증권서울지점,A3,채무보증_채무인수약정, ,외국계증권사,B,SF205,각주항목(09.06월 이후)
52210,201803,0010145,크레디트스위스증권서울지점,A5,채무보증_매입확약,0,외국계증권사,B,SF205,각주항목(09.06월 이후)
52211,201803,0010145,크레디트스위스증권서울지점,A6,채무보증_기타, ,외국계증권사,B,SF205,각주항목(09.06월 이후)
52212,201803,0010145,크레디트스위스증권서울지점,B,투자자의 예수증권 등,113410585000,외국계증권사,B,SF205,각주항목(09.06월 이후)
52213,201803,0010145,크레디트스위스증권서울지점,B1,투자자의 예수증권 등_예수 증권,113410585000,외국계증권사,B,SF205,각주항목(09.06월 이후)
52214,201803,0010145,크레디트스위스증권서울지점,B2,투자자의 예수증권 등_예수양도성예금증서, ,외국계증권사,B,SF205,각주항목(09.06월 이후)
52215,201803,0010145,크레디트스위스증권서울지점,B3,투자자의 예수증권 등_기타, ,외국계증권사,B,SF205,각주항목(09.06월 이후)
52216,201803,0010145,크레디트스위스증권서울지점,C,파생상품계약,0,외국계증권사,B,SF205,각주항목(09.06월 이후)
52217,201803,0010145,크레디트스위스증권서울지점,C1,파생상품계약_장내파생상품,0,외국계증권사,B,SF205,각주항목(09.06월 이후)
52218,201803,0010145,크레디트스위스증권서울지점,C11,파생상품계약_장내파생상품_이자율관련거래,0,외국계증권사,B,SF205,각주항목(09.06월 이후)
52219,201803,0010145,크레디트스위스증권서울지점,C12,파생상품계약_장내파생상품_통화관련거래,0,외국계증권사,B,SF205,각주항목(09.06월 이후)
52220,201803,0010145,크레디트스위스증권서울지점,C13,파생상품계약_장내파생상품_주식관련거래,0,외국계증권사,B,SF205,각주항목(09.06월 이후)
52221,201803,0010145,크레디트스위스증권서울지점,C14,파생상품계약_장내파생상품_일반상품관련거래,0,외국계증권사,B,SF205,각주항목(09.06월 이후)
52222,201803,0010145,크레디트스위스증권서울지점,C15,파생상품계약_장내파생상품_기타,0,외국계증권사,B,SF205,각주항목(09.06월 이후)
52223,201803,0010145,크레디트스위스증권서울지점,C2,파생상품계약_장외파생상품,0,외국계증권사,B,SF205,각주항목(09.06월 이후)
52224,201803,0010145,크레디트스위스증권서울지점,C21,파생상품계약_장외파생상품_이자율관련거래,0,외국계증권사,B,SF205,각주항목(09.06월 이후)
52225,201803,0010145,크레디트스위스증권서울지점,C22,파생상품계약_장외파생상품_통화관련거래,0,외국계증권사,B,SF205,각주항목(09.06월 이후)
52226,201803,0010145,크레디트스위스증권서울지점,C23,파생상품계약_장외파생상품_주식관련거래,0,외국계증권사,B,SF205,각주항목(09.06월 이후)
52227,201803,0010145,크레디트스위스증권서울지점,C24,파생상품계약_장외파생상품_신용관련거래,0,외국계증권사,B,SF205,각주항목(09.06월 이후)
52228,201803,0010145,크레디트스위스증권서울지점,C25,파생상품계약_장외파생상품_기타,0,외국계증권사,B,SF205,각주항목(09.06월 이후)
52229,201803,0010145,크레디트스위스증권서울지점,D,대차 및 대주거래,0,외국계증권사,B,SF205,각주항목(09.06월 이후)
52230,201803,0010145,크레디트스위스증권서울지점,D1,대차 및 대주거래_대여증권,0,외국계증권사,B,SF205,각주항목(09.06월 이후)
52231,201803,0010145,크레디트스위스증권서울지점,D2,대차 및 대주거래_차입증권,0,외국계증권사,B,SF205,각주항목(09.06월 이후)
52232,201803,0010145,크레디트스위스증권서울지점,D3,대차 및 대주거래_신용거래대주, ,외국계증권사,B,SF205,각주항목(09.06월 이후)
52233,201803,0010145,크레디트스위스증권서울지점,E,대손상각채권, ,외국계증권사,B,SF205,각주항목(09.06월 이후)
52234,201803,0010145,크레디트스위스증권서울지점,F,환전업무 예치금,0,외국계증권사,B,SF205,각주항목(09.06월 이후)
52235,201803,0010145,크레디트스위스증권서울지점,G,미배당별도예치금, ,외국계증권사,B,SF205,각주항목(09.06월 이후)
52236,201803,0010145,크레디트스위스증권서울지점,H,배서어음매출(종금계정),0,외국계증권사,B,SF205,각주항목(09.06월 이후)
52237,201803,0010145,크레디트스위스증권서울지점,H1,대출채권매매이익_담보부, ,외국계증권사,B,SF205,각주항목(09.06월 이후)
52238,201803,0010145,크레디트스위스증권서울지점,H2,대출채권매매이익_무담보부, ,외국계증권사,B,SF205,각주항목(09.06월 이후)
52239,201806,0010145,크레디트스위스증권서울지점,A,채무보증,0,외국계증권사,B,SF205,각주항목(09.06월 이후)
52240,201806,0010145,크레디트스위스증권서울지점,A1,채무보증_지급보증,0,외국계증권사,B,SF205,각주항목(09.06월 이후)
52241,201806,0010145,크레디트스위스증권서울지점,A2,채무보증_매입보장약정, ,외국계증권사,B,SF205,각주항목(09.06월 이후)
52242,201806,0010145,크레디트스위스증권서울지점,A3,채무보증_채무인수약정, ,외국계증권사,B,SF205,각주항목(09.06월 이후)
52243,201806,0010145,크레디트스위스증권서울지점,A5,채무보증_매입확약,0,외국계증권사,B,SF205,각주항목(09.06월 이후)
52244,201806,0010145,크레디트스위스증권서울지점,A6,채무보증_기타, ,외국계증권사,B,SF205,각주항목(09.06월 이후)
52245,201806,0010145,크레디트스위스증권서울지점,B,투자자의 예수증권 등,115866065000,외국계증권사,B,SF205,각주항목(09.06월 이후)
52246,201806,0010145,크레디트스위스증권서울지점,B1,투자자의 예수증권 등_예수 증권,115866065000,외국계증권사,B,SF205,각주항목(09.06월 이후)
52247,201806,0010145,크레디트스위스증권서울지점,B2,투자자의 예수증권 등_예수양도성예금증서, ,외국계증권사,B,SF205,각주항목(09.06월 이후)
52248,201806,0010145,크레디트스위스증권서울지점,B3,투자자의 예수증권 등_기타, ,외국계증권사,B,SF205,각주항목(09.06월 이후)
52249,201806,0010145,크레디트스위스증권서울지점,C,파생상품계약,0,외국계증권사,B,SF205,각주항목(09.06월 이후)
52250,201806,0010145,크레디트스위스증권서울지점,C1,파생상품계약_장내파생상품,0,외국계증권사,B,SF205,각주항목(09.06월 이후)
52251,201806,0010145,크레디트스위스증권서울지점,C11,파생상품계약_장내파생상품_이자율관련거래,0,외국계증권사,B,SF205,각주항목(09.06월 이후)
52252,201806,0010145,크레디트스위스증권서울지점,C12,파생상품계약_장내파생상품_통화관련거래,0,외국계증권사,B,SF205,각주항목(09.06월 이후)
52253,201806,0010145,크레디트스위스증권서울지점,C13,파생상품계약_장내파생상품_주식관련거래,0,외국계증권사,B,SF205,각주항목(09.06월 이후)
52254,201806,0010145,크레디트스위스증권서울지점,C14,파생상품계약_장내파생상품_일반상품관련거래,0,외국계증권사,B,SF205,각주항목(09.06월 이후)
52255,201806,0010145,크레디트스위스증권서울지점,C15,파생상품계약_장내파생상품_기타,0,외국계증권사,B,SF205,각주항목(09.06월 이후)
52256,201806,0010145,크레디트스위스증권서울지점,C2,파생상품계약_장외파생상품,0,외국계증권사,B,SF205,각주항목(09.06월 이후)
52257,201806,0010145,크레디트스위스증권서울지점,C21,파생상품계약_장외파생상품_이자율관련거래,0,외국계증권사,B,SF205,각주항목(09.06월 이후)
52258,201806,0010145,크레디트스위스증권서울지점,C22,파생상품계약_장외파생상품_통화관련거래,0,외국계증권사,B,SF205,각주항목(09.06월 이후)
52259,201806,0010145,크레디트스위스증권서울지점,C23,파생상품계약_장외파생상품_주식관련거래,0,외국계증권사,B,SF205,각주항목(09.06월 이후)
52260,201806,0010145,크레디트스위스증권서울지점,C24,파생상품계약_장외파생상품_신용관련거래,0,외국계증권사,B,SF205,각주항목(09.06월 이후)
52261,201806,0010145,크레디트스위스증권서울지점,C25,파생상품계약_장외파생상품_기타,0,외국계증권사,B,SF205,각주항목(09.06월 이후)
52262,201806,0010145,크레디트스위스증권서울지점,D,대차 및 대주거래,0,외국계증권사,B,SF205,각주항목(09.06월 이후)
52263,201806,0010145,크레디트스위스증권서울지점,D1,대차 및 대주거래_대여증권,0,외국계증권사,B,SF205,각주항목(09.06월 이후)
52264,201806,0010145,크레디트스위스증권서울지점,D2,대차 및 대주거래_차입증권,0,외국계증권사,B,SF205,각주항목(09.06월 이후)
52265,201806,0010145,크레디트스위스증권서울지점,D3,대차 및 대주거래_신용거래대주, ,외국계증권사,B,SF205,각주항목(09.06월 이후)
52266,201806,0010145,크레디트스위스증권서울지점,E,대손상각채권, ,외국계증권사,B,SF205,각주항목(09.06월 이후)
52267,201806,0010145,크레디트스위스증권서울지점,F,환전업무 예치금,0,외국계증권사,B,SF205,각주항목(09.06월 이후)
52268,201806,0010145,크레디트스위스증권서울지점,G,미배당별도예치금, ,외국계증권사,B,SF205,각주항목(09.06월 이후)
52269,201806,0010145,크레디트스위스증권서울지점,H,배서어음매출(종금계정),0,외국계증권사,B,SF205,각주항목(09.06월 이후)
52270,201806,0010145,크레디트스위스증권서울지점,H1,대출채권매매이익_담보부, ,외국계증권사,B,SF205,각주항목(09.06월 이후)
52271,201806,0010145,크레디트스위스증권서울지점,H2,대출채권매매이익_무담보부, ,외국계증권사,B,SF205,각주항목(09.06월 이후)
52272,201809,0010145,크레디트스위스증권서울지점,A,채무보증,0,외국계증권사,B,SF205,각주항목(09.06월 이후)
52273,201809,0010145,크레디트스위스증권서울지점,A1,채무보증_지급보증,0,외국계증권사,B,SF205,각주항목(09.06월 이후)
52274,201809,0010145,크레디트스위스증권서울지점,A2,채무보증_매입보장약정, ,외국계증권사,B,SF205,각주항목(09.06월 이후)
52275,201809,0010145,크레디트스위스증권서울지점,A3,채무보증_채무인수약정, ,외국계증권사,B,SF205,각주항목(09.06월 이후)
52276,201809,0010145,크레디트스위스증권서울지점,A5,채무보증_매입확약,0,외국계증권사,B,SF205,각주항목(09.06월 이후)
52277,201809,0010145,크레디트스위스증권서울지점,A6,채무보증_기타, ,외국계증권사,B,SF205,각주항목(09.06월 이후)
52278,201809,0010145,크레디트스위스증권서울지점,B,투자자의 예수증권 등,118596855000,외국계증권사,B,SF205,각주항목(09.06월 이후)
52279,201809,0010145,크레디트스위스증권서울지점,B1,투자자의 예수증권 등_예수 증권,118596855000,외국계증권사,B,SF205,각주항목(09.06월 이후)
52280,201809,0010145,크레디트스위스증권서울지점,B2,투자자의 예수증권 등_예수양도성예금증서, ,외국계증권사,B,SF205,각주항목(09.06월 이후)
52281,201809,0010145,크레디트스위스증권서울지점,B3,투자자의 예수증권 등_기타, ,외국계증권사,B,SF205,각주항목(09.06월 이후)
52282,201809,0010145,크레디트스위스증권서울지점,C,파생상품계약,0,외국계증권사,B,SF205,각주항목(09.06월 이후)
52283,201809,0010145,크레디트스위스증권서울지점,C1,파생상품계약_장내파생상품,0,외국계증권사,B,SF205,각주항목(09.06월 이후)
52284,201809,0010145,크레디트스위스증권서울지점,C11,파생상품계약_장내파생상품_이자율관련거래,0,외국계증권사,B,SF205,각주항목(09.06월 이후)
52285,201809,0010145,크레디트스위스증권서울지점,C12,파생상품계약_장내파생상품_통화관련거래,0,외국계증권사,B,SF205,각주항목(09.06월 이후)
52286,201809,0010145,크레디트스위스증권서울지점,C13,파생상품계약_장내파생상품_주식관련거래,0,외국계증권사,B,SF205,각주항목(09.06월 이후)
52287,201809,0010145,크레디트스위스증권서울지점,C14,파생상품계약_장내파생상품_일반상품관련거래,0,외국계증권사,B,SF205,각주항목(09.06월 이후)
52288,201809,0010145,크레디트스위스증권서울지점,C15,파생상품계약_장내파생상품_기타,0,외국계증권사,B,SF205,각주항목(09.06월 이후)
52289,201809,0010145,크레디트스위스증권서울지점,C2,파생상품계약_장외파생상품,0,외국계증권사,B,SF205,각주항목(09.06월 이후)
52290,201809,0010145,크레디트스위스증권서울지점,C21,파생상품계약_장외파생상품_이자율관련거래,0,외국계증권사,B,SF205,각주항목(09.06월 이후)
52291,201809,0010145,크레디트스위스증권서울지점,C22,파생상품계약_장외파생상품_통화관련거래,0,외국계증권사,B,SF205,각주항목(09.06월 이후)
52292,201809,0010145,크레디트스위스증권서울지점,C23,파생상품계약_장외파생상품_주식관련거래,0,외국계증권사,B,SF205,각주항목(09.06월 이후)
52293,201809,0010145,크레디트스위스증권서울지점,C24,파생상품계약_장외파생상품_신용관련거래,0,외국계증권사,B,SF205,각주항목(09.06월 이후)
52294,201809,0010145,크레디트스위스증권서울지점,C25,파생상품계약_장외파생상품_기타,0,외국계증권사,B,SF205,각주항목(09.06월 이후)
52295,201809,0010145,크레디트스위스증권서울지점,D,대차 및 대주거래,0,외국계증권사,B,SF205,각주항목(09.06월 이후)
52296,201809,0010145,크레디트스위스증권서울지점,D1,대차 및 대주거래_대여증권,0,외국계증권사,B,SF205,각주항목(09.06월 이후)
52297,201809,0010145,크레디트스위스증권서울지점,D2,대차 및 대주거래_차입증권,0,외국계증권사,B,SF205,각주항목(09.06월 이후)
52298,201809,0010145,크레디트스위스증권서울지점,D3,대차 및 대주거래_신용거래대주, ,외국계증권사,B,SF205,각주항목(09.06월 이후)
52299,201809,0010145,크레디트스위스증권서울지점,E,대손상각채권, ,외국계증권사,B,SF205,각주항목(09.06월 이후)
52300,201809,0010145,크레디트스위스증권서울지점,F,환전업무 예치금,0,외국계증권사,B,SF205,각주항목(09.06월 이후)
52301,201809,0010145,크레디트스위스증권서울지점,G,미배당별도예치금, ,외국계증권사,B,SF205,각주항목(09.06월 이후)
52302,201809,0010145,크레디트스위스증권서울지점,H,배서어음매출(종금계정),0,외국계증권사,B,SF205,각주항목(09.06월 이후)
52303,201809,0010145,크레디트스위스증권서울지점,H1,대출채권매매이익_담보부, ,외국계증권사,B,SF205,각주항목(09.06월 이후)
52304,201809,0010145,크레디트스위스증권서울지점,H2,대출채권매매이익_무담보부, ,외국계증권사,B,SF205,각주항목(09.06월 이후)
52305,201812,0010145,크레디트스위스증권서울지점,A,채무보증,0,외국계증권사,B,SF205,각주항목(09.06월 이후)
52306,201812,0010145,크레디트스위스증권서울지점,A1,채무보증_지급보증,0,외국계증권사,B,SF205,각주항목(09.06월 이후)
52307,201812,0010145,크레디트스위스증권서울지점,A2,채무보증_매입보장약정, ,외국계증권사,B,SF205,각주항목(09.06월 이후)
52308,201812,0010145,크레디트스위스증권서울지점,A3,채무보증_채무인수약정, ,외국계증권사,B,SF205,각주항목(09.06월 이후)
52309,201812,0010145,크레디트스위스증권서울지점,A5,채무보증_매입확약,0,외국계증권사,B,SF205,각주항목(09.06월 이후)
52310,201812,0010145,크레디트스위스증권서울지점,A6,채무보증_기타, ,외국계증권사,B,SF205,각주항목(09.06월 이후)
52311,201812,0010145,크레디트스위스증권서울지점,B,투자자의 예수증권 등,119048000000,외국계증권사,B,SF205,각주항목(09.06월 이후)
52312,201812,0010145,크레디트스위스증권서울지점,B1,투자자의 예수증권 등_예수 증권,119048000000,외국계증권사,B,SF205,각주항목(09.06월 이후)
52313,201812,0010145,크레디트스위스증권서울지점,B2,투자자의 예수증권 등_예수양도성예금증서, ,외국계증권사,B,SF205,각주항목(09.06월 이후)
52314,201812,0010145,크레디트스위스증권서울지점,B3,투자자의 예수증권 등_기타, ,외국계증권사,B,SF205,각주항목(09.06월 이후)
52315,201812,0010145,크레디트스위스증권서울지점,C,파생상품계약,0,외국계증권사,B,SF205,각주항목(09.06월 이후)
52316,201812,0010145,크레디트스위스증권서울지점,C1,파생상품계약_장내파생상품,0,외국계증권사,B,SF205,각주항목(09.06월 이후)
52317,201812,0010145,크레디트스위스증권서울지점,C11,파생상품계약_장내파생상품_이자율관련거래,0,외국계증권사,B,SF205,각주항목(09.06월 이후)
52318,201812,0010145,크레디트스위스증권서울지점,C12,파생상품계약_장내파생상품_통화관련거래,0,외국계증권사,B,SF205,각주항목(09.06월 이후)
52319,201812,0010145,크레디트스위스증권서울지점,C13,파생상품계약_장내파생상품_주식관련거래,0,외국계증권사,B,SF205,각주항목(09.06월 이후)
52320,201812,0010145,크레디트스위스증권서울지점,C14,파생상품계약_장내파생상품_일반상품관련거래,0,외국계증권사,B,SF205,각주항목(09.06월 이후)
52321,201812,0010145,크레디트스위스증권서울지점,C15,파생상품계약_장내파생상품_기타,0,외국계증권사,B,SF205,각주항목(09.06월 이후)
52322,201812,0010145,크레디트스위스증권서울지점,C2,파생상품계약_장외파생상품,0,외국계증권사,B,SF205,각주항목(09.06월 이후)
52323,201812,0010145,크레디트스위스증권서울지점,C21,파생상품계약_장외파생상품_이자율관련거래,0,외국계증권사,B,SF205,각주항목(09.06월 이후)
52324,201812,0010145,크레디트스위스증권서울지점,C22,파생상품계약_장외파생상품_통화관련거래,0,외국계증권사,B,SF205,각주항목(09.06월 이후)
52325,201812,0010145,크레디트스위스증권서울지점,C23,파생상품계약_장외파생상품_주식관련거래,0,외국계증권사,B,SF205,각주항목(09.06월 이후)
52326,201812,0010145,크레디트스위스증권서울지점,C24,파생상품계약_장외파생상품_신용관련거래,0,외국계증권사,B,SF205,각주항목(09.06월 이후)
52327,201812,0010145,크레디트스위스증권서울지점,C25,파생상품계약_장외파생상품_기타,0,외국계증권사,B,SF205,각주항목(09.06월 이후)
52328,201812,0010145,크레디트스위스증권서울지점,D,대차 및 대주거래,0,외국계증권사,B,SF205,각주항목(09.06월 이후)
52329,201812,0010145,크레디트스위스증권서울지점,D1,대차 및 대주거래_대여증권,0,외국계증권사,B,SF205,각주항목(09.06월 이후)
52330,201812,0010145,크레디트스위스증권서울지점,D2,대차 및 대주거래_차입증권,0,외국계증권사,B,SF205,각주항목(09.06월 이후)
52331,201812,0010145,크레디트스위스증권서울지점,D3,대차 및 대주거래_신용거래대주, ,외국계증권사,B,SF205,각주항목(09.06월 이후)
52332,201812,0010145,크레디트스위스증권서울지점,E,대손상각채권, ,외국계증권사,B,SF205,각주항목(09.06월 이후)
52333,201812,0010145,크레디트스위스증권서울지점,F,환전업무 예치금,0,외국계증권사,B,SF205,각주항목(09.06월 이후)
52334,201812,0010145,크레디트스위스증권서울지점,G,미배당별도예치금, ,외국계증권사,B,SF205,각주항목(09.06월 이후)
52335,201812,0010145,크레디트스위스증권서울지점,H,배서어음매출(종금계정),0,외국계증권사,B,SF205,각주항목(09.06월 이후)
52336,201812,0010145,크레디트스위스증권서울지점,H1,대출채권매매이익_담보부, ,외국계증권사,B,SF205,각주항목(09.06월 이후)
52337,201812,0010145,크레디트스위스증권서울지점,H2,대출채권매매이익_무담보부, ,외국계증권사,B,SF205,각주항목(09.06월 이후)
52338,201903,0010145,크레디트스위스증권서울지점,A,채무보증,0,외국계증권사,B,SF205,각주항목(09.06월 이후)
52339,201903,0010145,크레디트스위스증권서울지점,A1,채무보증_지급보증,0,외국계증권사,B,SF205,각주항목(09.06월 이후)
52340,201903,0010145,크레디트스위스증권서울지점,A2,채무보증_매입보장약정, ,외국계증권사,B,SF205,각주항목(09.06월 이후)
52341,201903,0010145,크레디트스위스증권서울지점,A3,채무보증_채무인수약정, ,외국계증권사,B,SF205,각주항목(09.06월 이후)
52342,201903,0010145,크레디트스위스증권서울지점,A5,채무보증_매입확약,0,외국계증권사,B,SF205,각주항목(09.06월 이후)
52343,201903,0010145,크레디트스위스증권서울지점,A6,채무보증_기타, ,외국계증권사,B,SF205,각주항목(09.06월 이후)
52344,201903,0010145,크레디트스위스증권서울지점,B,투자자의 예수증권 등,144302000000,외국계증권사,B,SF205,각주항목(09.06월 이후)
52345,201903,0010145,크레디트스위스증권서울지점,B1,투자자의 예수증권 등_예수 증권,144302000000,외국계증권사,B,SF205,각주항목(09.06월 이후)
52346,201903,0010145,크레디트스위스증권서울지점,B2,투자자의 예수증권 등_예수양도성예금증서, ,외국계증권사,B,SF205,각주항목(09.06월 이후)
52347,201903,0010145,크레디트스위스증권서울지점,B3,투자자의 예수증권 등_기타, ,외국계증권사,B,SF205,각주항목(09.06월 이후)
52348,201903,0010145,크레디트스위스증권서울지점,C,파생상품계약,0,외국계증권사,B,SF205,각주항목(09.06월 이후)
52349,201903,0010145,크레디트스위스증권서울지점,C1,파생상품계약_장내파생상품,0,외국계증권사,B,SF205,각주항목(09.06월 이후)
52350,201903,0010145,크레디트스위스증권서울지점,C11,파생상품계약_장내파생상품_이자율관련거래,0,외국계증권사,B,SF205,각주항목(09.06월 이후)
52351,201903,0010145,크레디트스위스증권서울지점,C12,파생상품계약_장내파생상품_통화관련거래,0,외국계증권사,B,SF205,각주항목(09.06월 이후)
52352,201903,0010145,크레디트스위스증권서울지점,C13,파생상품계약_장내파생상품_주식관련거래,0,외국계증권사,B,SF205,각주항목(09.06월 이후)
52353,201903,0010145,크레디트스위스증권서울지점,C14,파생상품계약_장내파생상품_일반상품관련거래,0,외국계증권사,B,SF205,각주항목(09.06월 이후)
52354,201903,0010145,크레디트스위스증권서울지점,C15,파생상품계약_장내파생상품_기타,0,외국계증권사,B,SF205,각주항목(09.06월 이후)
52355,201903,0010145,크레디트스위스증권서울지점,C2,파생상품계약_장외파생상품,0,외국계증권사,B,SF205,각주항목(09.06월 이후)
52356,201903,0010145,크레디트스위스증권서울지점,C21,파생상품계약_장외파생상품_이자율관련거래,0,외국계증권사,B,SF205,각주항목(09.06월 이후)
52357,201903,0010145,크레디트스위스증권서울지점,C22,파생상품계약_장외파생상품_통화관련거래,0,외국계증권사,B,SF205,각주항목(09.06월 이후)
52358,201903,0010145,크레디트스위스증권서울지점,C23,파생상품계약_장외파생상품_주식관련거래,0,외국계증권사,B,SF205,각주항목(09.06월 이후)
52359,201903,0010145,크레디트스위스증권서울지점,C24,파생상품계약_장외파생상품_신용관련거래,0,외국계증권사,B,SF205,각주항목(09.06월 이후)
52360,201903,0010145,크레디트스위스증권서울지점,C25,파생상품계약_장외파생상품_기타,0,외국계증권사,B,SF205,각주항목(09.06월 이후)
52361,201903,0010145,크레디트스위스증권서울지점,D,대차 및 대주거래,0,외국계증권사,B,SF205,각주항목(09.06월 이후)
52362,201903,0010145,크레디트스위스증권서울지점,D1,대차 및 대주거래_대여증권,0,외국계증권사,B,SF205,각주항목(09.06월 이후)
52363,201903,0010145,크레디트스위스증권서울지점,D2,대차 및 대주거래_차입증권,0,외국계증권사,B,SF205,각주항목(09.06월 이후)
52364,201903,0010145,크레디트스위스증권서울지점,D3,대차 및 대주거래_신용거래대주, ,외국계증권사,B,SF205,각주항목(09.06월 이후)
52365,201903,0010145,크레디트스위스증권서울지점,E,대손상각채권, ,외국계증권사,B,SF205,각주항목(09.06월 이후)
52366,201903,0010145,크레디트스위스증권서울지점,F,환전업무 예치금,0,외국계증권사,B,SF205,각주항목(09.06월 이후)
52367,201903,0010145,크레디트스위스증권서울지점,G,미배당별도예치금, ,외국계증권사,B,SF205,각주항목(09.06월 이후)
52368,201903,0010145,크레디트스위스증권서울지점,H,배서어음매출(종금계정),0,외국계증권사,B,SF205,각주항목(09.06월 이후)
52369,201903,0010145,크레디트스위스증권서울지점,H1,대출채권매매이익_담보부, ,외국계증권사,B,SF205,각주항목(09.06월 이후)
52370,201903,0010145,크레디트스위스증권서울지점,H2,대출채권매매이익_무담보부, ,외국계증권사,B,SF205,각주항목(09.06월 이후)
52371,201906,0010145,크레디트스위스증권서울지점,A,채무보증,0,외국계증권사,B,SF205,각주항목(09.06월 이후)
52372,201906,0010145,크레디트스위스증권서울지점,A1,채무보증_지급보증,0,외국계증권사,B,SF205,각주항목(09.06월 이후)
52373,201906,0010145,크레디트스위스증권서울지점,A2,채무보증_매입보장약정, ,외국계증권사,B,SF205,각주항목(09.06월 이후)
52374,201906,0010145,크레디트스위스증권서울지점,A3,채무보증_채무인수약정, ,외국계증권사,B,SF205,각주항목(09.06월 이후)
52375,201906,0010145,크레디트스위스증권서울지점,A5,채무보증_매입확약,0,외국계증권사,B,SF205,각주항목(09.06월 이후)
52376,201906,0010145,크레디트스위스증권서울지점,A6,채무보증_기타, ,외국계증권사,B,SF205,각주항목(09.06월 이후)
52377,201906,0010145,크레디트스위스증권서울지점,B,투자자의 예수증권 등,145693500000,외국계증권사,B,SF205,각주항목(09.06월 이후)
52378,201906,0010145,크레디트스위스증권서울지점,B1,투자자의 예수증권 등_예수 증권,145693500000,외국계증권사,B,SF205,각주항목(09.06월 이후)
52379,201906,0010145,크레디트스위스증권서울지점,B2,투자자의 예수증권 등_예수양도성예금증서, ,외국계증권사,B,SF205,각주항목(09.06월 이후)
52380,201906,0010145,크레디트스위스증권서울지점,B3,투자자의 예수증권 등_기타, ,외국계증권사,B,SF205,각주항목(09.06월 이후)
52381,201906,0010145,크레디트스위스증권서울지점,C,파생상품계약,0,외국계증권사,B,SF205,각주항목(09.06월 이후)
52382,201906,0010145,크레디트스위스증권서울지점,C1,파생상품계약_장내파생상품,0,외국계증권사,B,SF205,각주항목(09.06월 이후)
52383,201906,0010145,크레디트스위스증권서울지점,C11,파생상품계약_장내파생상품_이자율관련거래,0,외국계증권사,B,SF205,각주항목(09.06월 이후)
52384,201906,0010145,크레디트스위스증권서울지점,C12,파생상품계약_장내파생상품_통화관련거래,0,외국계증권사,B,SF205,각주항목(09.06월 이후)
52385,201906,0010145,크레디트스위스증권서울지점,C13,파생상품계약_장내파생상품_주식관련거래,0,외국계증권사,B,SF205,각주항목(09.06월 이후)
52386,201906,0010145,크레디트스위스증권서울지점,C14,파생상품계약_장내파생상품_일반상품관련거래,0,외국계증권사,B,SF205,각주항목(09.06월 이후)
52387,201906,0010145,크레디트스위스증권서울지점,C15,파생상품계약_장내파생상품_기타,0,외국계증권사,B,SF205,각주항목(09.06월 이후)
52388,201906,0010145,크레디트스위스증권서울지점,C2,파생상품계약_장외파생상품,0,외국계증권사,B,SF205,각주항목(09.06월 이후)
52389,201906,0010145,크레디트스위스증권서울지점,C21,파생상품계약_장외파생상품_이자율관련거래,0,외국계증권사,B,SF205,각주항목(09.06월 이후)
52390,201906,0010145,크레디트스위스증권서울지점,C22,파생상품계약_장외파생상품_통화관련거래,0,외국계증권사,B,SF205,각주항목(09.06월 이후)
52391,201906,0010145,크레디트스위스증권서울지점,C23,파생상품계약_장외파생상품_주식관련거래,0,외국계증권사,B,SF205,각주항목(09.06월 이후)
52392,201906,0010145,크레디트스위스증권서울지점,C24,파생상품계약_장외파생상품_신용관련거래,0,외국계증권사,B,SF205,각주항목(09.06월 이후)
52393,201906,0010145,크레디트스위스증권서울지점,C25,파생상품계약_장외파생상품_기타,0,외국계증권사,B,SF205,각주항목(09.06월 이후)
52394,201906,0010145,크레디트스위스증권서울지점,D,대차 및 대주거래,0,외국계증권사,B,SF205,각주항목(09.06월 이후)
52395,201906,0010145,크레디트스위스증권서울지점,D1,대차 및 대주거래_대여증권,0,외국계증권사,B,SF205,각주항목(09.06월 이후)
52396,201906,0010145,크레디트스위스증권서울지점,D2,대차 및 대주거래_차입증권,0,외국계증권사,B,SF205,각주항목(09.06월 이후)
52397,201906,0010145,크레디트스위스증권서울지점,D3,대차 및 대주거래_신용거래대주, ,외국계증권사,B,SF205,각주항목(09.06월 이후)
52398,201906,0010145,크레디트스위스증권서울지점,E,대손상각채권, ,외국계증권사,B,SF205,각주항목(09.06월 이후)
52399,201906,0010145,크레디트스위스증권서울지점,F,환전업무 예치금,0,외국계증권사,B,SF205,각주항목(09.06월 이후)
52400,201906,0010145,크레디트스위스증권서울지점,G,미배당별도예치금, ,외국계증권사,B,SF205,각주항목(09.06월 이후)
52401,201906,0010145,크레디트스위스증권서울지점,H,배서어음매출(종금계정),0,외국계증권사,B,SF205,각주항목(09.06월 이후)
52402,201906,0010145,크레디트스위스증권서울지점,H1,대출채권매매이익_담보부, ,외국계증권사,B,SF205,각주항목(09.06월 이후)
52403,201906,0010145,크레디트스위스증권서울지점,H2,대출채권매매이익_무담보부, ,외국계증권사,B,SF205,각주항목(09.06월 이후)
52404,201909,0010145,크레디트스위스증권서울지점,A,채무보증,0,외국계증권사,B,SF205,각주항목(09.06월 이후)
52405,201909,0010145,크레디트스위스증권서울지점,A1,채무보증_지급보증,0,외국계증권사,B,SF205,각주항목(09.06월 이후)
52406,201909,0010145,크레디트스위스증권서울지점,A2,채무보증_매입보장약정, ,외국계증권사,B,SF205,각주항목(09.06월 이후)
52407,201909,0010145,크레디트스위스증권서울지점,A3,채무보증_채무인수약정, ,외국계증권사,B,SF205,각주항목(09.06월 이후)
52408,201909,0010145,크레디트스위스증권서울지점,A5,채무보증_매입확약,0,외국계증권사,B,SF205,각주항목(09.06월 이후)
52409,201909,0010145,크레디트스위스증권서울지점,A6,채무보증_기타, ,외국계증권사,B,SF205,각주항목(09.06월 이후)
52410,201909,0010145,크레디트스위스증권서울지점,B,투자자의 예수증권 등,149212500000,외국계증권사,B,SF205,각주항목(09.06월 이후)
52411,201909,0010145,크레디트스위스증권서울지점,B1,투자자의 예수증권 등_예수 증권,149212500000,외국계증권사,B,SF205,각주항목(09.06월 이후)
52412,201909,0010145,크레디트스위스증권서울지점,B2,투자자의 예수증권 등_예수양도성예금증서, ,외국계증권사,B,SF205,각주항목(09.06월 이후)
52413,201909,0010145,크레디트스위스증권서울지점,B3,투자자의 예수증권 등_기타, ,외국계증권사,B,SF205,각주항목(09.06월 이후)
52414,201909,0010145,크레디트스위스증권서울지점,C,파생상품계약,0,외국계증권사,B,SF205,각주항목(09.06월 이후)
52415,201909,0010145,크레디트스위스증권서울지점,C1,파생상품계약_장내파생상품,0,외국계증권사,B,SF205,각주항목(09.06월 이후)
52416,201909,0010145,크레디트스위스증권서울지점,C11,파생상품계약_장내파생상품_이자율관련거래,0,외국계증권사,B,SF205,각주항목(09.06월 이후)
52417,201909,0010145,크레디트스위스증권서울지점,C12,파생상품계약_장내파생상품_통화관련거래,0,외국계증권사,B,SF205,각주항목(09.06월 이후)
52418,201909,0010145,크레디트스위스증권서울지점,C13,파생상품계약_장내파생상품_주식관련거래,0,외국계증권사,B,SF205,각주항목(09.06월 이후)
52419,201909,0010145,크레디트스위스증권서울지점,C14,파생상품계약_장내파생상품_일반상품관련거래,0,외국계증권사,B,SF205,각주항목(09.06월 이후)
52420,201909,0010145,크레디트스위스증권서울지점,C15,파생상품계약_장내파생상품_기타,0,외국계증권사,B,SF205,각주항목(09.06월 이후)
52421,201909,0010145,크레디트스위스증권서울지점,C2,파생상품계약_장외파생상품,0,외국계증권사,B,SF205,각주항목(09.06월 이후)
52422,201909,0010145,크레디트스위스증권서울지점,C21,파생상품계약_장외파생상품_이자율관련거래,0,외국계증권사,B,SF205,각주항목(09.06월 이후)
52423,201909,0010145,크레디트스위스증권서울지점,C22,파생상품계약_장외파생상품_통화관련거래,0,외국계증권사,B,SF205,각주항목(09.06월 이후)
52424,201909,0010145,크레디트스위스증권서울지점,C23,파생상품계약_장외파생상품_주식관련거래,0,외국계증권사,B,SF205,각주항목(09.06월 이후)
52425,201909,0010145,크레디트스위스증권서울지점,C24,파생상품계약_장외파생상품_신용관련거래,0,외국계증권사,B,SF205,각주항목(09.06월 이후)
52426,201909,0010145,크레디트스위스증권서울지점,C25,파생상품계약_장외파생상품_기타,0,외국계증권사,B,SF205,각주항목(09.06월 이후)
52427,201909,0010145,크레디트스위스증권서울지점,D,대차 및 대주거래,0,외국계증권사,B,SF205,각주항목(09.06월 이후)
52428,201909,0010145,크레디트스위스증권서울지점,D1,대차 및 대주거래_대여증권,0,외국계증권사,B,SF205,각주항목(09.06월 이후)
52429,201909,0010145,크레디트스위스증권서울지점,D2,대차 및 대주거래_차입증권,0,외국계증권사,B,SF205,각주항목(09.06월 이후)
52430,201909,0010145,크레디트스위스증권서울지점,D3,대차 및 대주거래_신용거래대주, ,외국계증권사,B,SF205,각주항목(09.06월 이후)
52431,201909,0010145,크레디트스위스증권서울지점,E,대손상각채권, ,외국계증권사,B,SF205,각주항목(09.06월 이후)
52432,201909,0010145,크레디트스위스증권서울지점,F,환전업무 예치금,0,외국계증권사,B,SF205,각주항목(09.06월 이후)
52433,201909,0010145,크레디트스위스증권서울지점,G,미배당별도예치금, ,외국계증권사,B,SF205,각주항목(09.06월 이후)
52434,201909,0010145,크레디트스위스증권서울지점,H,배서어음매출(종금계정),0,외국계증권사,B,SF205,각주항목(09.06월 이후)
52435,201909,0010145,크레디트스위스증권서울지점,H1,대출채권매매이익_담보부, ,외국계증권사,B,SF205,각주항목(09.06월 이후)
52436,201909,0010145,크레디트스위스증권서울지점,H2,대출채권매매이익_무담보부, ,외국계증권사,B,SF205,각주항목(09.06월 이후)
52437,201912,0010145,크레디트스위스증권서울지점,A,채무보증,0,외국계증권사,B,SF205,각주항목(09.06월 이후)
52438,201912,0010145,크레디트스위스증권서울지점,A1,채무보증_지급보증,0,외국계증권사,B,SF205,각주항목(09.06월 이후)
52439,201912,0010145,크레디트스위스증권서울지점,A2,채무보증_매입보장약정, ,외국계증권사,B,SF205,각주항목(09.06월 이후)
52440,201912,0010145,크레디트스위스증권서울지점,A3,채무보증_채무인수약정, ,외국계증권사,B,SF205,각주항목(09.06월 이후)
52441,201912,0010145,크레디트스위스증권서울지점,A5,채무보증_매입확약,0,외국계증권사,B,SF205,각주항목(09.06월 이후)
52442,201912,0010145,크레디트스위스증권서울지점,A6,채무보증_기타, ,외국계증권사,B,SF205,각주항목(09.06월 이후)
52443,201912,0010145,크레디트스위스증권서울지점,B,투자자의 예수증권 등,156033300000,외국계증권사,B,SF205,각주항목(09.06월 이후)
52444,201912,0010145,크레디트스위스증권서울지점,B1,투자자의 예수증권 등_예수 증권,156033300000,외국계증권사,B,SF205,각주항목(09.06월 이후)
52445,201912,0010145,크레디트스위스증권서울지점,B2,투자자의 예수증권 등_예수양도성예금증서, ,외국계증권사,B,SF205,각주항목(09.06월 이후)
52446,201912,0010145,크레디트스위스증권서울지점,B3,투자자의 예수증권 등_기타, ,외국계증권사,B,SF205,각주항목(09.06월 이후)
52447,201912,0010145,크레디트스위스증권서울지점,C,파생상품계약,0,외국계증권사,B,SF205,각주항목(09.06월 이후)
52448,201912,0010145,크레디트스위스증권서울지점,C1,파생상품계약_장내파생상품,0,외국계증권사,B,SF205,각주항목(09.06월 이후)
52449,201912,0010145,크레디트스위스증권서울지점,C11,파생상품계약_장내파생상품_이자율관련거래,0,외국계증권사,B,SF205,각주항목(09.06월 이후)
52450,201912,0010145,크레디트스위스증권서울지점,C12,파생상품계약_장내파생상품_통화관련거래,0,외국계증권사,B,SF205,각주항목(09.06월 이후)
52451,201912,0010145,크레디트스위스증권서울지점,C13,파생상품계약_장내파생상품_주식관련거래,0,외국계증권사,B,SF205,각주항목(09.06월 이후)
52452,201912,0010145,크레디트스위스증권서울지점,C14,파생상품계약_장내파생상품_일반상품관련거래,0,외국계증권사,B,SF205,각주항목(09.06월 이후)
52453,201912,0010145,크레디트스위스증권서울지점,C15,파생상품계약_장내파생상품_기타,0,외국계증권사,B,SF205,각주항목(09.06월 이후)
52454,201912,0010145,크레디트스위스증권서울지점,C2,파생상품계약_장외파생상품,0,외국계증권사,B,SF205,각주항목(09.06월 이후)
52455,201912,0010145,크레디트스위스증권서울지점,C21,파생상품계약_장외파생상품_이자율관련거래,0,외국계증권사,B,SF205,각주항목(09.06월 이후)
52456,201912,0010145,크레디트스위스증권서울지점,C22,파생상품계약_장외파생상품_통화관련거래,0,외국계증권사,B,SF205,각주항목(09.06월 이후)
52457,201912,0010145,크레디트스위스증권서울지점,C23,파생상품계약_장외파생상품_주식관련거래,0,외국계증권사,B,SF205,각주항목(09.06월 이후)
52458,201912,0010145,크레디트스위스증권서울지점,C24,파생상품계약_장외파생상품_신용관련거래,0,외국계증권사,B,SF205,각주항목(09.06월 이후)
52459,201912,0010145,크레디트스위스증권서울지점,C25,파생상품계약_장외파생상품_기타,0,외국계증권사,B,SF205,각주항목(09.06월 이후)
52460,201912,0010145,크레디트스위스증권서울지점,D,대차 및 대주거래,0,외국계증권사,B,SF205,각주항목(09.06월 이후)
52461,201912,0010145,크레디트스위스증권서울지점,D1,대차 및 대주거래_대여증권,0,외국계증권사,B,SF205,각주항목(09.06월 이후)
52462,201912,0010145,크레디트스위스증권서울지점,D2,대차 및 대주거래_차입증권,0,외국계증권사,B,SF205,각주항목(09.06월 이후)
52463,201912,0010145,크레디트스위스증권서울지점,D3,대차 및 대주거래_신용거래대주, ,외국계증권사,B,SF205,각주항목(09.06월 이후)
52464,201912,0010145,크레디트스위스증권서울지점,E,대손상각채권, ,외국계증권사,B,SF205,각주항목(09.06월 이후)
52465,201912,0010145,크레디트스위스증권서울지점,F,환전업무 예치금,0,외국계증권사,B,SF205,각주항목(09.06월 이후)
52466,201912,0010145,크레디트스위스증권서울지점,G,미배당별도예치금, ,외국계증권사,B,SF205,각주항목(09.06월 이후)
52467,201912,0010145,크레디트스위스증권서울지점,H,배서어음매출(종금계정),0,외국계증권사,B,SF205,각주항목(09.06월 이후)
52468,201912,0010145,크레디트스위스증권서울지점,H1,대출채권매매이익_담보부, ,외국계증권사,B,SF205,각주항목(09.06월 이후)
52469,201912,0010145,크레디트스위스증권서울지점,H2,대출채권매매이익_무담보부, ,외국계증권사,B,SF205,각주항목(09.06월 이후)
52470,202003,0010145,크레디트스위스증권서울지점,A,채무보증,0,외국계증권사,B,SF205,각주항목(09.06월 이후)
52471,202003,0010145,크레디트스위스증권서울지점,A1,채무보증_지급보증,0,외국계증권사,B,SF205,각주항목(09.06월 이후)
52472,202003,0010145,크레디트스위스증권서울지점,A2,채무보증_매입보장약정, ,외국계증권사,B,SF205,각주항목(09.06월 이후)
52473,202003,0010145,크레디트스위스증권서울지점,A3,채무보증_채무인수약정, ,외국계증권사,B,SF205,각주항목(09.06월 이후)
52474,202003,0010145,크레디트스위스증권서울지점,A5,채무보증_매입확약,0,외국계증권사,B,SF205,각주항목(09.06월 이후)
52475,202003,0010145,크레디트스위스증권서울지점,A6,채무보증_기타, ,외국계증권사,B,SF205,각주항목(09.06월 이후)
52476,202003,0010145,크레디트스위스증권서울지점,B,투자자의 예수증권 등,145728000000,외국계증권사,B,SF205,각주항목(09.06월 이후)
52477,202003,0010145,크레디트스위스증권서울지점,B1,투자자의 예수증권 등_예수 증권,145728000000,외국계증권사,B,SF205,각주항목(09.06월 이후)
52478,202003,0010145,크레디트스위스증권서울지점,B2,투자자의 예수증권 등_예수양도성예금증서, ,외국계증권사,B,SF205,각주항목(09.06월 이후)
52479,202003,0010145,크레디트스위스증권서울지점,B3,투자자의 예수증권 등_기타, ,외국계증권사,B,SF205,각주항목(09.06월 이후)
52480,202003,0010145,크레디트스위스증권서울지점,C,파생상품계약,0,외국계증권사,B,SF205,각주항목(09.06월 이후)
52481,202003,0010145,크레디트스위스증권서울지점,C1,파생상품계약_장내파생상품,0,외국계증권사,B,SF205,각주항목(09.06월 이후)
52482,202003,0010145,크레디트스위스증권서울지점,C11,파생상품계약_장내파생상품_이자율관련거래,0,외국계증권사,B,SF205,각주항목(09.06월 이후)
52483,202003,0010145,크레디트스위스증권서울지점,C12,파생상품계약_장내파생상품_통화관련거래,0,외국계증권사,B,SF205,각주항목(09.06월 이후)
52484,202003,0010145,크레디트스위스증권서울지점,C13,파생상품계약_장내파생상품_주식관련거래,0,외국계증권사,B,SF205,각주항목(09.06월 이후)
52485,202003,0010145,크레디트스위스증권서울지점,C14,파생상품계약_장내파생상품_일반상품관련거래,0,외국계증권사,B,SF205,각주항목(09.06월 이후)
52486,202003,0010145,크레디트스위스증권서울지점,C15,파생상품계약_장내파생상품_기타,0,외국계증권사,B,SF205,각주항목(09.06월 이후)
52487,202003,0010145,크레디트스위스증권서울지점,C2,파생상품계약_장외파생상품,0,외국계증권사,B,SF205,각주항목(09.06월 이후)
52488,202003,0010145,크레디트스위스증권서울지점,C21,파생상품계약_장외파생상품_이자율관련거래,0,외국계증권사,B,SF205,각주항목(09.06월 이후)
52489,202003,0010145,크레디트스위스증권서울지점,C22,파생상품계약_장외파생상품_통화관련거래,0,외국계증권사,B,SF205,각주항목(09.06월 이후)
52490,202003,0010145,크레디트스위스증권서울지점,C23,파생상품계약_장외파생상품_주식관련거래,0,외국계증권사,B,SF205,각주항목(09.06월 이후)
52491,202003,0010145,크레디트스위스증권서울지점,C24,파생상품계약_장외파생상품_신용관련거래,0,외국계증권사,B,SF205,각주항목(09.06월 이후)
52492,202003,0010145,크레디트스위스증권서울지점,C25,파생상품계약_장외파생상품_기타,0,외국계증권사,B,SF205,각주항목(09.06월 이후)
52493,202003,0010145,크레디트스위스증권서울지점,D,대차 및 대주거래,0,외국계증권사,B,SF205,각주항목(09.06월 이후)
52494,202003,0010145,크레디트스위스증권서울지점,D1,대차 및 대주거래_대여증권,0,외국계증권사,B,SF205,각주항목(09.06월 이후)
52495,202003,0010145,크레디트스위스증권서울지점,D2,대차 및 대주거래_차입증권,0,외국계증권사,B,SF205,각주항목(09.06월 이후)
52496,202003,0010145,크레디트스위스증권서울지점,D3,대차 및 대주거래_신용거래대주, ,외국계증권사,B,SF205,각주항목(09.06월 이후)
52497,202003,0010145,크레디트스위스증권서울지점,E,대손상각채권, ,외국계증권사,B,SF205,각주항목(09.06월 이후)
52498,202003,0010145,크레디트스위스증권서울지점,F,환전업무 예치금,0,외국계증권사,B,SF205,각주항목(09.06월 이후)
52499,202003,0010145,크레디트스위스증권서울지점,G,미배당별도예치금, ,외국계증권사,B,SF205,각주항목(09.06월 이후)
52500,202003,0010145,크레디트스위스증권서울지점,H,배서어음매출(종금계정),0,외국계증권사,B,SF205,각주항목(09.06월 이후)
52501,202003,0010145,크레디트스위스증권서울지점,H1,대출채권매매이익_담보부, ,외국계증권사,B,SF205,각주항목(09.06월 이후)
52502,202003,0010145,크레디트스위스증권서울지점,H2,대출채권매매이익_무담보부, ,외국계증권사,B,SF205,각주항목(09.06월 이후)
52503,202006,0010145,크레디트스위스증권서울지점,A,채무보증,0,외국계증권사,B,SF205,각주항목(09.06월 이후)
52504,202006,0010145,크레디트스위스증권서울지점,A1,채무보증_지급보증,0,외국계증권사,B,SF205,각주항목(09.06월 이후)
52505,202006,0010145,크레디트스위스증권서울지점,A2,채무보증_매입보장약정, ,외국계증권사,B,SF205,각주항목(09.06월 이후)
52506,202006,0010145,크레디트스위스증권서울지점,A3,채무보증_채무인수약정, ,외국계증권사,B,SF205,각주항목(09.06월 이후)
52507,202006,0010145,크레디트스위스증권서울지점,A5,채무보증_매입확약,0,외국계증권사,B,SF205,각주항목(09.06월 이후)
52508,202006,0010145,크레디트스위스증권서울지점,A6,채무보증_기타, ,외국계증권사,B,SF205,각주항목(09.06월 이후)
52509,202006,0010145,크레디트스위스증권서울지점,B,투자자의 예수증권 등,146625000000,외국계증권사,B,SF205,각주항목(09.06월 이후)
52510,202006,0010145,크레디트스위스증권서울지점,B1,투자자의 예수증권 등_예수 증권,146625000000,외국계증권사,B,SF205,각주항목(09.06월 이후)
52511,202006,0010145,크레디트스위스증권서울지점,B2,투자자의 예수증권 등_예수양도성예금증서, ,외국계증권사,B,SF205,각주항목(09.06월 이후)
52512,202006,0010145,크레디트스위스증권서울지점,B3,투자자의 예수증권 등_기타, ,외국계증권사,B,SF205,각주항목(09.06월 이후)
52513,202006,0010145,크레디트스위스증권서울지점,C,파생상품계약,0,외국계증권사,B,SF205,각주항목(09.06월 이후)
52514,202006,0010145,크레디트스위스증권서울지점,C1,파생상품계약_장내파생상품,0,외국계증권사,B,SF205,각주항목(09.06월 이후)
52515,202006,0010145,크레디트스위스증권서울지점,C11,파생상품계약_장내파생상품_이자율관련거래,0,외국계증권사,B,SF205,각주항목(09.06월 이후)
52516,202006,0010145,크레디트스위스증권서울지점,C12,파생상품계약_장내파생상품_통화관련거래,0,외국계증권사,B,SF205,각주항목(09.06월 이후)
52517,202006,0010145,크레디트스위스증권서울지점,C13,파생상품계약_장내파생상품_주식관련거래,0,외국계증권사,B,SF205,각주항목(09.06월 이후)
52518,202006,0010145,크레디트스위스증권서울지점,C14,파생상품계약_장내파생상품_일반상품관련거래,0,외국계증권사,B,SF205,각주항목(09.06월 이후)
52519,202006,0010145,크레디트스위스증권서울지점,C15,파생상품계약_장내파생상품_기타,0,외국계증권사,B,SF205,각주항목(09.06월 이후)
52520,202006,0010145,크레디트스위스증권서울지점,C2,파생상품계약_장외파생상품,0,외국계증권사,B,SF205,각주항목(09.06월 이후)
52521,202006,0010145,크레디트스위스증권서울지점,C21,파생상품계약_장외파생상품_이자율관련거래,0,외국계증권사,B,SF205,각주항목(09.06월 이후)
52522,202006,0010145,크레디트스위스증권서울지점,C22,파생상품계약_장외파생상품_통화관련거래,0,외국계증권사,B,SF205,각주항목(09.06월 이후)
52523,202006,0010145,크레디트스위스증권서울지점,C23,파생상품계약_장외파생상품_주식관련거래,0,외국계증권사,B,SF205,각주항목(09.06월 이후)
52524,202006,0010145,크레디트스위스증권서울지점,C24,파생상품계약_장외파생상품_신용관련거래,0,외국계증권사,B,SF205,각주항목(09.06월 이후)
52525,202006,0010145,크레디트스위스증권서울지점,C25,파생상품계약_장외파생상품_기타,0,외국계증권사,B,SF205,각주항목(09.06월 이후)
52526,202006,0010145,크레디트스위스증권서울지점,D,대차 및 대주거래,0,외국계증권사,B,SF205,각주항목(09.06월 이후)
52527,202006,0010145,크레디트스위스증권서울지점,D1,대차 및 대주거래_대여증권,0,외국계증권사,B,SF205,각주항목(09.06월 이후)
52528,202006,0010145,크레디트스위스증권서울지점,D2,대차 및 대주거래_차입증권,0,외국계증권사,B,SF205,각주항목(09.06월 이후)
52529,202006,0010145,크레디트스위스증권서울지점,D3,대차 및 대주거래_신용거래대주, ,외국계증권사,B,SF205,각주항목(09.06월 이후)
52530,202006,0010145,크레디트스위스증권서울지점,E,대손상각채권, ,외국계증권사,B,SF205,각주항목(09.06월 이후)
52531,202006,0010145,크레디트스위스증권서울지점,F,환전업무 예치금,0,외국계증권사,B,SF205,각주항목(09.06월 이후)
52532,202006,0010145,크레디트스위스증권서울지점,G,미배당별도예치금, ,외국계증권사,B,SF205,각주항목(09.06월 이후)
52533,202006,0010145,크레디트스위스증권서울지점,H,배서어음매출(종금계정),0,외국계증권사,B,SF205,각주항목(09.06월 이후)
52534,202006,0010145,크레디트스위스증권서울지점,H1,대출채권매매이익_담보부, ,외국계증권사,B,SF205,각주항목(09.06월 이후)
52535,202006,0010145,크레디트스위스증권서울지점,H2,대출채권매매이익_무담보부, ,외국계증권사,B,SF205,각주항목(09.06월 이후)
52536,202009,0010145,크레디트스위스증권서울지점,A,채무보증,0,외국계증권사,B,SF205,각주항목(09.06월 이후)
52537,202009,0010145,크레디트스위스증권서울지점,A1,채무보증_지급보증,0,외국계증권사,B,SF205,각주항목(09.06월 이후)
52538,202009,0010145,크레디트스위스증권서울지점,A2,채무보증_매입보장약정, ,외국계증권사,B,SF205,각주항목(09.06월 이후)
52539,202009,0010145,크레디트스위스증권서울지점,A3,채무보증_채무인수약정, ,외국계증권사,B,SF205,각주항목(09.06월 이후)
52540,202009,0010145,크레디트스위스증권서울지점,A5,채무보증_매입확약,0,외국계증권사,B,SF205,각주항목(09.06월 이후)
52541,202009,0010145,크레디트스위스증권서울지점,A6,채무보증_기타, ,외국계증권사,B,SF205,각주항목(09.06월 이후)
52542,202009,0010145,크레디트스위스증권서울지점,B,투자자의 예수증권 등,146464000000,외국계증권사,B,SF205,각주항목(09.06월 이후)
52543,202009,0010145,크레디트스위스증권서울지점,B1,투자자의 예수증권 등_예수 증권,146464000000,외국계증권사,B,SF205,각주항목(09.06월 이후)
52544,202009,0010145,크레디트스위스증권서울지점,B2,투자자의 예수증권 등_예수양도성예금증서, ,외국계증권사,B,SF205,각주항목(09.06월 이후)
52545,202009,0010145,크레디트스위스증권서울지점,B3,투자자의 예수증권 등_기타, ,외국계증권사,B,SF205,각주항목(09.06월 이후)
52546,202009,0010145,크레디트스위스증권서울지점,C,파생상품계약,0,외국계증권사,B,SF205,각주항목(09.06월 이후)
52547,202009,0010145,크레디트스위스증권서울지점,C1,파생상품계약_장내파생상품,0,외국계증권사,B,SF205,각주항목(09.06월 이후)
52548,202009,0010145,크레디트스위스증권서울지점,C11,파생상품계약_장내파생상품_이자율관련거래,0,외국계증권사,B,SF205,각주항목(09.06월 이후)
52549,202009,0010145,크레디트스위스증권서울지점,C12,파생상품계약_장내파생상품_통화관련거래,0,외국계증권사,B,SF205,각주항목(09.06월 이후)
52550,202009,0010145,크레디트스위스증권서울지점,C13,파생상품계약_장내파생상품_주식관련거래,0,외국계증권사,B,SF205,각주항목(09.06월 이후)
52551,202009,0010145,크레디트스위스증권서울지점,C14,파생상품계약_장내파생상품_일반상품관련거래,0,외국계증권사,B,SF205,각주항목(09.06월 이후)
52552,202009,0010145,크레디트스위스증권서울지점,C15,파생상품계약_장내파생상품_기타,0,외국계증권사,B,SF205,각주항목(09.06월 이후)
52553,202009,0010145,크레디트스위스증권서울지점,C2,파생상품계약_장외파생상품,0,외국계증권사,B,SF205,각주항목(09.06월 이후)
52554,202009,0010145,크레디트스위스증권서울지점,C21,파생상품계약_장외파생상품_이자율관련거래,0,외국계증권사,B,SF205,각주항목(09.06월 이후)
52555,202009,0010145,크레디트스위스증권서울지점,C22,파생상품계약_장외파생상품_통화관련거래,0,외국계증권사,B,SF205,각주항목(09.06월 이후)
52556,202009,0010145,크레디트스위스증권서울지점,C23,파생상품계약_장외파생상품_주식관련거래,0,외국계증권사,B,SF205,각주항목(09.06월 이후)
52557,202009,0010145,크레디트스위스증권서울지점,C24,파생상품계약_장외파생상품_신용관련거래,0,외국계증권사,B,SF205,각주항목(09.06월 이후)
52558,202009,0010145,크레디트스위스증권서울지점,C25,파생상품계약_장외파생상품_기타,0,외국계증권사,B,SF205,각주항목(09.06월 이후)
52559,202009,0010145,크레디트스위스증권서울지점,D,대차 및 대주거래,0,외국계증권사,B,SF205,각주항목(09.06월 이후)
52560,202009,0010145,크레디트스위스증권서울지점,D1,대차 및 대주거래_대여증권,0,외국계증권사,B,SF205,각주항목(09.06월 이후)
52561,202009,0010145,크레디트스위스증권서울지점,D2,대차 및 대주거래_차입증권,0,외국계증권사,B,SF205,각주항목(09.06월 이후)
52562,202009,0010145,크레디트스위스증권서울지점,D3,대차 및 대주거래_신용거래대주, ,외국계증권사,B,SF205,각주항목(09.06월 이후)
52563,202009,0010145,크레디트스위스증권서울지점,E,대손상각채권, ,외국계증권사,B,SF205,각주항목(09.06월 이후)
52564,202009,0010145,크레디트스위스증권서울지점,F,환전업무 예치금,0,외국계증권사,B,SF205,각주항목(09.06월 이후)
52565,202009,0010145,크레디트스위스증권서울지점,G,미배당별도예치금, ,외국계증권사,B,SF205,각주항목(09.06월 이후)
52566,202009,0010145,크레디트스위스증권서울지점,H,배서어음매출(종금계정),0,외국계증권사,B,SF205,각주항목(09.06월 이후)
52567,202009,0010145,크레디트스위스증권서울지점,H1,대출채권매매이익_담보부, ,외국계증권사,B,SF205,각주항목(09.06월 이후)
52568,202009,0010145,크레디트스위스증권서울지점,H2,대출채권매매이익_무담보부, ,외국계증권사,B,SF205,각주항목(09.06월 이후)
52569,202012,0010145,크레디트스위스증권서울지점,A,채무보증,0,외국계증권사,B,SF205,각주항목(09.06월 이후)
52570,202012,0010145,크레디트스위스증권서울지점,A1,채무보증_지급보증,0,외국계증권사,B,SF205,각주항목(09.06월 이후)
52571,202012,0010145,크레디트스위스증권서울지점,A2,채무보증_매입보장약정, ,외국계증권사,B,SF205,각주항목(09.06월 이후)
52572,202012,0010145,크레디트스위스증권서울지점,A3,채무보증_채무인수약정, ,외국계증권사,B,SF205,각주항목(09.06월 이후)
52573,202012,0010145,크레디트스위스증권서울지점,A5,채무보증_매입확약,0,외국계증권사,B,SF205,각주항목(09.06월 이후)
52574,202012,0010145,크레디트스위스증권서울지점,A6,채무보증_기타, ,외국계증권사,B,SF205,각주항목(09.06월 이후)
52575,202012,0010145,크레디트스위스증권서울지점,B,투자자의 예수증권 등,141174000000,외국계증권사,B,SF205,각주항목(09.06월 이후)
52576,202012,0010145,크레디트스위스증권서울지점,B1,투자자의 예수증권 등_예수 증권,141174000000,외국계증권사,B,SF205,각주항목(09.06월 이후)
52577,202012,0010145,크레디트스위스증권서울지점,B2,투자자의 예수증권 등_예수양도성예금증서, ,외국계증권사,B,SF205,각주항목(09.06월 이후)
52578,202012,0010145,크레디트스위스증권서울지점,B3,투자자의 예수증권 등_기타, ,외국계증권사,B,SF205,각주항목(09.06월 이후)
52579,202012,0010145,크레디트스위스증권서울지점,C,파생상품계약,0,외국계증권사,B,SF205,각주항목(09.06월 이후)
52580,202012,0010145,크레디트스위스증권서울지점,C1,파생상품계약_장내파생상품,0,외국계증권사,B,SF205,각주항목(09.06월 이후)
52581,202012,0010145,크레디트스위스증권서울지점,C11,파생상품계약_장내파생상품_이자율관련거래,0,외국계증권사,B,SF205,각주항목(09.06월 이후)
52582,202012,0010145,크레디트스위스증권서울지점,C12,파생상품계약_장내파생상품_통화관련거래,0,외국계증권사,B,SF205,각주항목(09.06월 이후)
52583,202012,0010145,크레디트스위스증권서울지점,C13,파생상품계약_장내파생상품_주식관련거래,0,외국계증권사,B,SF205,각주항목(09.06월 이후)
52584,202012,0010145,크레디트스위스증권서울지점,C14,파생상품계약_장내파생상품_일반상품관련거래,0,외국계증권사,B,SF205,각주항목(09.06월 이후)
52585,202012,0010145,크레디트스위스증권서울지점,C15,파생상품계약_장내파생상품_기타,0,외국계증권사,B,SF205,각주항목(09.06월 이후)
52586,202012,0010145,크레디트스위스증권서울지점,C2,파생상품계약_장외파생상품,0,외국계증권사,B,SF205,각주항목(09.06월 이후)
52587,202012,0010145,크레디트스위스증권서울지점,C21,파생상품계약_장외파생상품_이자율관련거래,0,외국계증권사,B,SF205,각주항목(09.06월 이후)
52588,202012,0010145,크레디트스위스증권서울지점,C22,파생상품계약_장외파생상품_통화관련거래,0,외국계증권사,B,SF205,각주항목(09.06월 이후)
52589,202012,0010145,크레디트스위스증권서울지점,C23,파생상품계약_장외파생상품_주식관련거래,0,외국계증권사,B,SF205,각주항목(09.06월 이후)
52590,202012,0010145,크레디트스위스증권서울지점,C24,파생상품계약_장외파생상품_신용관련거래,0,외국계증권사,B,SF205,각주항목(09.06월 이후)
52591,202012,0010145,크레디트스위스증권서울지점,C25,파생상품계약_장외파생상품_기타,0,외국계증권사,B,SF205,각주항목(09.06월 이후)
52592,202012,0010145,크레디트스위스증권서울지점,D,대차 및 대주거래,0,외국계증권사,B,SF205,각주항목(09.06월 이후)
52593,202012,0010145,크레디트스위스증권서울지점,D1,대차 및 대주거래_대여증권,0,외국계증권사,B,SF205,각주항목(09.06월 이후)
52594,202012,0010145,크레디트스위스증권서울지점,D2,대차 및 대주거래_차입증권,0,외국계증권사,B,SF205,각주항목(09.06월 이후)
52595,202012,0010145,크레디트스위스증권서울지점,D3,대차 및 대주거래_신용거래대주, ,외국계증권사,B,SF205,각주항목(09.06월 이후)
52596,202012,0010145,크레디트스위스증권서울지점,E,대손상각채권, ,외국계증권사,B,SF205,각주항목(09.06월 이후)
52597,202012,0010145,크레디트스위스증권서울지점,F,환전업무 예치금,0,외국계증권사,B,SF205,각주항목(09.06월 이후)
52598,202012,0010145,크레디트스위스증권서울지점,G,미배당별도예치금, ,외국계증권사,B,SF205,각주항목(09.06월 이후)
52599,202012,0010145,크레디트스위스증권서울지점,H,배서어음매출(종금계정),0,외국계증권사,B,SF205,각주항목(09.06월 이후)
52600,202012,0010145,크레디트스위스증권서울지점,H1,대출채권매매이익_담보부, ,외국계증권사,B,SF205,각주항목(09.06월 이후)
52601,202012,0010145,크레디트스위스증권서울지점,H2,대출채권매매이익_무담보부, ,외국계증권사,B,SF205,각주항목(09.06월 이후)
52602,202103,0010145,크레디트스위스증권서울지점,A,채무보증,0,외국계증권사,B,SF205,각주항목(09.06월 이후)
52603,202103,0010145,크레디트스위스증권서울지점,A1,채무보증_지급보증,0,외국계증권사,B,SF205,각주항목(09.06월 이후)
52604,202103,0010145,크레디트스위스증권서울지점,A2,채무보증_매입보장약정, ,외국계증권사,B,SF205,각주항목(09.06월 이후)
52605,202103,0010145,크레디트스위스증권서울지점,A3,채무보증_채무인수약정, ,외국계증권사,B,SF205,각주항목(09.06월 이후)
52606,202103,0010145,크레디트스위스증권서울지점,A5,채무보증_매입확약,0,외국계증권사,B,SF205,각주항목(09.06월 이후)
52607,202103,0010145,크레디트스위스증권서울지점,A6,채무보증_기타, ,외국계증권사,B,SF205,각주항목(09.06월 이후)
52608,202103,0010145,크레디트스위스증권서울지점,B,투자자의 예수증권 등,137149814000,외국계증권사,B,SF205,각주항목(09.06월 이후)
52609,202103,0010145,크레디트스위스증권서울지점,B1,투자자의 예수증권 등_예수 증권,137149814000,외국계증권사,B,SF205,각주항목(09.06월 이후)
52610,202103,0010145,크레디트스위스증권서울지점,B2,투자자의 예수증권 등_예수양도성예금증서, ,외국계증권사,B,SF205,각주항목(09.06월 이후)
52611,202103,0010145,크레디트스위스증권서울지점,B3,투자자의 예수증권 등_기타, ,외국계증권사,B,SF205,각주항목(09.06월 이후)
52612,202103,0010145,크레디트스위스증권서울지점,C,파생상품계약,0,외국계증권사,B,SF205,각주항목(09.06월 이후)
52613,202103,0010145,크레디트스위스증권서울지점,C1,파생상품계약_장내파생상품,0,외국계증권사,B,SF205,각주항목(09.06월 이후)
52614,202103,0010145,크레디트스위스증권서울지점,C11,파생상품계약_장내파생상품_이자율관련거래,0,외국계증권사,B,SF205,각주항목(09.06월 이후)
52615,202103,0010145,크레디트스위스증권서울지점,C12,파생상품계약_장내파생상품_통화관련거래,0,외국계증권사,B,SF205,각주항목(09.06월 이후)
52616,202103,0010145,크레디트스위스증권서울지점,C13,파생상품계약_장내파생상품_주식관련거래,0,외국계증권사,B,SF205,각주항목(09.06월 이후)
52617,202103,0010145,크레디트스위스증권서울지점,C14,파생상품계약_장내파생상품_일반상품관련거래,0,외국계증권사,B,SF205,각주항목(09.06월 이후)
52618,202103,0010145,크레디트스위스증권서울지점,C15,파생상품계약_장내파생상품_기타,0,외국계증권사,B,SF205,각주항목(09.06월 이후)
52619,202103,0010145,크레디트스위스증권서울지점,C2,파생상품계약_장외파생상품,0,외국계증권사,B,SF205,각주항목(09.06월 이후)
52620,202103,0010145,크레디트스위스증권서울지점,C21,파생상품계약_장외파생상품_이자율관련거래,0,외국계증권사,B,SF205,각주항목(09.06월 이후)
52621,202103,0010145,크레디트스위스증권서울지점,C22,파생상품계약_장외파생상품_통화관련거래,0,외국계증권사,B,SF205,각주항목(09.06월 이후)
52622,202103,0010145,크레디트스위스증권서울지점,C23,파생상품계약_장외파생상품_주식관련거래,0,외국계증권사,B,SF205,각주항목(09.06월 이후)
52623,202103,0010145,크레디트스위스증권서울지점,C24,파생상품계약_장외파생상품_신용관련거래,0,외국계증권사,B,SF205,각주항목(09.06월 이후)
52624,202103,0010145,크레디트스위스증권서울지점,C25,파생상품계약_장외파생상품_기타,0,외국계증권사,B,SF205,각주항목(09.06월 이후)
52625,202103,0010145,크레디트스위스증권서울지점,D,대차 및 대주거래,0,외국계증권사,B,SF205,각주항목(09.06월 이후)
52626,202103,0010145,크레디트스위스증권서울지점,D1,대차 및 대주거래_대여증권,0,외국계증권사,B,SF205,각주항목(09.06월 이후)
52627,202103,0010145,크레디트스위스증권서울지점,D2,대차 및 대주거래_차입증권,0,외국계증권사,B,SF205,각주항목(09.06월 이후)
52628,202103,0010145,크레디트스위스증권서울지점,D3,대차 및 대주거래_신용거래대주, ,외국계증권사,B,SF205,각주항목(09.06월 이후)
52629,202103,0010145,크레디트스위스증권서울지점,E,대손상각채권, ,외국계증권사,B,SF205,각주항목(09.06월 이후)
52630,202103,0010145,크레디트스위스증권서울지점,F,환전업무 예치금,0,외국계증권사,B,SF205,각주항목(09.06월 이후)
52631,202103,0010145,크레디트스위스증권서울지점,G,미배당별도예치금, ,외국계증권사,B,SF205,각주항목(09.06월 이후)
52632,202103,0010145,크레디트스위스증권서울지점,H,배서어음매출(종금계정),0,외국계증권사,B,SF205,각주항목(09.06월 이후)
52633,202103,0010145,크레디트스위스증권서울지점,H1,대출채권매매이익_담보부, ,외국계증권사,B,SF205,각주항목(09.06월 이후)
52634,202103,0010145,크레디트스위스증권서울지점,H2,대출채권매매이익_무담보부, ,외국계증권사,B,SF205,각주항목(09.06월 이후)
52635,202106,0010145,크레디트스위스증권서울지점,A,채무보증,0,외국계증권사,B,SF205,각주항목(09.06월 이후)
52636,202106,0010145,크레디트스위스증권서울지점,A1,채무보증_지급보증,0,외국계증권사,B,SF205,각주항목(09.06월 이후)
52637,202106,0010145,크레디트스위스증권서울지점,A2,채무보증_매입보장약정, ,외국계증권사,B,SF205,각주항목(09.06월 이후)
52638,202106,0010145,크레디트스위스증권서울지점,A3,채무보증_채무인수약정, ,외국계증권사,B,SF205,각주항목(09.06월 이후)
52639,202106,0010145,크레디트스위스증권서울지점,A5,채무보증_매입확약,0,외국계증권사,B,SF205,각주항목(09.06월 이후)
52640,202106,0010145,크레디트스위스증권서울지점,A6,채무보증_기타, ,외국계증권사,B,SF205,각주항목(09.06월 이후)
52641,202106,0010145,크레디트스위스증권서울지점,B,투자자의 예수증권 등,135217807000,외국계증권사,B,SF205,각주항목(09.06월 이후)
52642,202106,0010145,크레디트스위스증권서울지점,B1,투자자의 예수증권 등_예수 증권,135217807000,외국계증권사,B,SF205,각주항목(09.06월 이후)
52643,202106,0010145,크레디트스위스증권서울지점,B2,투자자의 예수증권 등_예수양도성예금증서, ,외국계증권사,B,SF205,각주항목(09.06월 이후)
52644,202106,0010145,크레디트스위스증권서울지점,B3,투자자의 예수증권 등_기타, ,외국계증권사,B,SF205,각주항목(09.06월 이후)
52645,202106,0010145,크레디트스위스증권서울지점,C,파생상품계약,0,외국계증권사,B,SF205,각주항목(09.06월 이후)
52646,202106,0010145,크레디트스위스증권서울지점,C1,파생상품계약_장내파생상품,0,외국계증권사,B,SF205,각주항목(09.06월 이후)
52647,202106,0010145,크레디트스위스증권서울지점,C11,파생상품계약_장내파생상품_이자율관련거래,0,외국계증권사,B,SF205,각주항목(09.06월 이후)
52648,202106,0010145,크레디트스위스증권서울지점,C12,파생상품계약_장내파생상품_통화관련거래,0,외국계증권사,B,SF205,각주항목(09.06월 이후)
52649,202106,0010145,크레디트스위스증권서울지점,C13,파생상품계약_장내파생상품_주식관련거래,0,외국계증권사,B,SF205,각주항목(09.06월 이후)
52650,202106,0010145,크레디트스위스증권서울지점,C14,파생상품계약_장내파생상품_일반상품관련거래,0,외국계증권사,B,SF205,각주항목(09.06월 이후)
52651,202106,0010145,크레디트스위스증권서울지점,C15,파생상품계약_장내파생상품_기타,0,외국계증권사,B,SF205,각주항목(09.06월 이후)
52652,202106,0010145,크레디트스위스증권서울지점,C2,파생상품계약_장외파생상품,0,외국계증권사,B,SF205,각주항목(09.06월 이후)
52653,202106,0010145,크레디트스위스증권서울지점,C21,파생상품계약_장외파생상품_이자율관련거래,0,외국계증권사,B,SF205,각주항목(09.06월 이후)
52654,202106,0010145,크레디트스위스증권서울지점,C22,파생상품계약_장외파생상품_통화관련거래,0,외국계증권사,B,SF205,각주항목(09.06월 이후)
52655,202106,0010145,크레디트스위스증권서울지점,C23,파생상품계약_장외파생상품_주식관련거래,0,외국계증권사,B,SF205,각주항목(09.06월 이후)
52656,202106,0010145,크레디트스위스증권서울지점,C24,파생상품계약_장외파생상품_신용관련거래,0,외국계증권사,B,SF205,각주항목(09.06월 이후)
52657,202106,0010145,크레디트스위스증권서울지점,C25,파생상품계약_장외파생상품_기타,0,외국계증권사,B,SF205,각주항목(09.06월 이후)
52658,202106,0010145,크레디트스위스증권서울지점,D,대차 및 대주거래,0,외국계증권사,B,SF205,각주항목(09.06월 이후)
52659,202106,0010145,크레디트스위스증권서울지점,D1,대차 및 대주거래_대여증권,0,외국계증권사,B,SF205,각주항목(09.06월 이후)
52660,202106,0010145,크레디트스위스증권서울지점,D2,대차 및 대주거래_차입증권,0,외국계증권사,B,SF205,각주항목(09.06월 이후)
52661,202106,0010145,크레디트스위스증권서울지점,D3,대차 및 대주거래_신용거래대주, ,외국계증권사,B,SF205,각주항목(09.06월 이후)
52662,202106,0010145,크레디트스위스증권서울지점,E,대손상각채권, ,외국계증권사,B,SF205,각주항목(09.06월 이후)
52663,202106,0010145,크레디트스위스증권서울지점,F,환전업무 예치금,0,외국계증권사,B,SF205,각주항목(09.06월 이후)
52664,202106,0010145,크레디트스위스증권서울지점,G,미배당별도예치금, ,외국계증권사,B,SF205,각주항목(09.06월 이후)
52665,202106,0010145,크레디트스위스증권서울지점,H,배서어음매출(종금계정),0,외국계증권사,B,SF205,각주항목(09.06월 이후)
52666,202106,0010145,크레디트스위스증권서울지점,H1,대출채권매매이익_담보부, ,외국계증권사,B,SF205,각주항목(09.06월 이후)
52667,202106,0010145,크레디트스위스증권서울지점,H2,대출채권매매이익_무담보부, ,외국계증권사,B,SF205,각주항목(09.06월 이후)
52668,202109,0010145,크레디트스위스증권서울지점,A,채무보증,0,외국계증권사,B,SF205,각주항목(09.06월 이후)
52669,202109,0010145,크레디트스위스증권서울지점,A1,채무보증_지급보증,0,외국계증권사,B,SF205,각주항목(09.06월 이후)
52670,202109,0010145,크레디트스위스증권서울지점,A2,채무보증_매입보장약정, ,외국계증권사,B,SF205,각주항목(09.06월 이후)
52671,202109,0010145,크레디트스위스증권서울지점,A3,채무보증_채무인수약정, ,외국계증권사,B,SF205,각주항목(09.06월 이후)
52672,202109,0010145,크레디트스위스증권서울지점,A5,채무보증_매입확약,0,외국계증권사,B,SF205,각주항목(09.06월 이후)
52673,202109,0010145,크레디트스위스증권서울지점,A6,채무보증_기타, ,외국계증권사,B,SF205,각주항목(09.06월 이후)
52674,202109,0010145,크레디트스위스증권서울지점,B,투자자의 예수증권 등,522393954000,외국계증권사,B,SF205,각주항목(09.06월 이후)
52675,202109,0010145,크레디트스위스증권서울지점,B1,투자자의 예수증권 등_예수 증권,522393954000,외국계증권사,B,SF205,각주항목(09.06월 이후)
52676,202109,0010145,크레디트스위스증권서울지점,B2,투자자의 예수증권 등_예수양도성예금증서, ,외국계증권사,B,SF205,각주항목(09.06월 이후)
52677,202109,0010145,크레디트스위스증권서울지점,B3,투자자의 예수증권 등_기타, ,외국계증권사,B,SF205,각주항목(09.06월 이후)
52678,202109,0010145,크레디트스위스증권서울지점,C,파생상품계약,0,외국계증권사,B,SF205,각주항목(09.06월 이후)
52679,202109,0010145,크레디트스위스증권서울지점,C1,파생상품계약_장내파생상품,0,외국계증권사,B,SF205,각주항목(09.06월 이후)
52680,202109,0010145,크레디트스위스증권서울지점,C11,파생상품계약_장내파생상품_이자율관련거래,0,외국계증권사,B,SF205,각주항목(09.06월 이후)
52681,202109,0010145,크레디트스위스증권서울지점,C12,파생상품계약_장내파생상품_통화관련거래,0,외국계증권사,B,SF205,각주항목(09.06월 이후)
52682,202109,0010145,크레디트스위스증권서울지점,C13,파생상품계약_장내파생상품_주식관련거래,0,외국계증권사,B,SF205,각주항목(09.06월 이후)
52683,202109,0010145,크레디트스위스증권서울지점,C14,파생상품계약_장내파생상품_일반상품관련거래,0,외국계증권사,B,SF205,각주항목(09.06월 이후)
52684,202109,0010145,크레디트스위스증권서울지점,C15,파생상품계약_장내파생상품_기타,0,외국계증권사,B,SF205,각주항목(09.06월 이후)
52685,202109,0010145,크레디트스위스증권서울지점,C2,파생상품계약_장외파생상품,0,외국계증권사,B,SF205,각주항목(09.06월 이후)
52686,202109,0010145,크레디트스위스증권서울지점,C21,파생상품계약_장외파생상품_이자율관련거래,0,외국계증권사,B,SF205,각주항목(09.06월 이후)
52687,202109,0010145,크레디트스위스증권서울지점,C22,파생상품계약_장외파생상품_통화관련거래,0,외국계증권사,B,SF205,각주항목(09.06월 이후)
52688,202109,0010145,크레디트스위스증권서울지점,C23,파생상품계약_장외파생상품_주식관련거래,0,외국계증권사,B,SF205,각주항목(09.06월 이후)
52689,202109,0010145,크레디트스위스증권서울지점,C24,파생상품계약_장외파생상품_신용관련거래,0,외국계증권사,B,SF205,각주항목(09.06월 이후)
52690,202109,0010145,크레디트스위스증권서울지점,C25,파생상품계약_장외파생상품_기타,0,외국계증권사,B,SF205,각주항목(09.06월 이후)
52691,202109,0010145,크레디트스위스증권서울지점,D,대차 및 대주거래,0,외국계증권사,B,SF205,각주항목(09.06월 이후)
52692,202109,0010145,크레디트스위스증권서울지점,D1,대차 및 대주거래_대여증권,0,외국계증권사,B,SF205,각주항목(09.06월 이후)
52693,202109,0010145,크레디트스위스증권서울지점,D2,대차 및 대주거래_차입증권,0,외국계증권사,B,SF205,각주항목(09.06월 이후)
52694,202109,0010145,크레디트스위스증권서울지점,D3,대차 및 대주거래_신용거래대주, ,외국계증권사,B,SF205,각주항목(09.06월 이후)
52695,202109,0010145,크레디트스위스증권서울지점,E,대손상각채권, ,외국계증권사,B,SF205,각주항목(09.06월 이후)
52696,202109,0010145,크레디트스위스증권서울지점,F,환전업무 예치금,0,외국계증권사,B,SF205,각주항목(09.06월 이후)
52697,202109,0010145,크레디트스위스증권서울지점,G,미배당별도예치금, ,외국계증권사,B,SF205,각주항목(09.06월 이후)
52698,202109,0010145,크레디트스위스증권서울지점,H,배서어음매출(종금계정),0,외국계증권사,B,SF205,각주항목(09.06월 이후)
52699,202109,0010145,크레디트스위스증권서울지점,H1,대출채권매매이익_담보부, ,외국계증권사,B,SF205,각주항목(09.06월 이후)
52700,202109,0010145,크레디트스위스증권서울지점,H2,대출채권매매이익_무담보부, ,외국계증권사,B,SF205,각주항목(09.06월 이후)
52701,202112,0010145,크레디트스위스증권서울지점,A,채무보증,0,외국계증권사,B,SF205,각주항목(09.06월 이후)
52702,202112,0010145,크레디트스위스증권서울지점,A1,채무보증_지급보증,0,외국계증권사,B,SF205,각주항목(09.06월 이후)
52703,202112,0010145,크레디트스위스증권서울지점,A2,채무보증_매입보장약정, ,외국계증권사,B,SF205,각주항목(09.06월 이후)
52704,202112,0010145,크레디트스위스증권서울지점,A3,채무보증_채무인수약정, ,외국계증권사,B,SF205,각주항목(09.06월 이후)
52705,202112,0010145,크레디트스위스증권서울지점,A5,채무보증_매입확약,0,외국계증권사,B,SF205,각주항목(09.06월 이후)
52706,202112,0010145,크레디트스위스증권서울지점,A6,채무보증_기타, ,외국계증권사,B,SF205,각주항목(09.06월 이후)
52707,202112,0010145,크레디트스위스증권서울지점,B,투자자의 예수증권 등,473761305000,외국계증권사,B,SF205,각주항목(09.06월 이후)
52708,202112,0010145,크레디트스위스증권서울지점,B1,투자자의 예수증권 등_예수 증권,473761305000,외국계증권사,B,SF205,각주항목(09.06월 이후)
52709,202112,0010145,크레디트스위스증권서울지점,B2,투자자의 예수증권 등_예수양도성예금증서, ,외국계증권사,B,SF205,각주항목(09.06월 이후)
52710,202112,0010145,크레디트스위스증권서울지점,B3,투자자의 예수증권 등_기타, ,외국계증권사,B,SF205,각주항목(09.06월 이후)
52711,202112,0010145,크레디트스위스증권서울지점,C,파생상품계약,0,외국계증권사,B,SF205,각주항목(09.06월 이후)
52712,202112,0010145,크레디트스위스증권서울지점,C1,파생상품계약_장내파생상품,0,외국계증권사,B,SF205,각주항목(09.06월 이후)
52713,202112,0010145,크레디트스위스증권서울지점,C11,파생상품계약_장내파생상품_이자율관련거래,0,외국계증권사,B,SF205,각주항목(09.06월 이후)
52714,202112,0010145,크레디트스위스증권서울지점,C12,파생상품계약_장내파생상품_통화관련거래,0,외국계증권사,B,SF205,각주항목(09.06월 이후)
52715,202112,0010145,크레디트스위스증권서울지점,C13,파생상품계약_장내파생상품_주식관련거래,0,외국계증권사,B,SF205,각주항목(09.06월 이후)
52716,202112,0010145,크레디트스위스증권서울지점,C14,파생상품계약_장내파생상품_일반상품관련거래,0,외국계증권사,B,SF205,각주항목(09.06월 이후)
52717,202112,0010145,크레디트스위스증권서울지점,C15,파생상품계약_장내파생상품_기타,0,외국계증권사,B,SF205,각주항목(09.06월 이후)
52718,202112,0010145,크레디트스위스증권서울지점,C2,파생상품계약_장외파생상품,0,외국계증권사,B,SF205,각주항목(09.06월 이후)
52719,202112,0010145,크레디트스위스증권서울지점,C21,파생상품계약_장외파생상품_이자율관련거래,0,외국계증권사,B,SF205,각주항목(09.06월 이후)
52720,202112,0010145,크레디트스위스증권서울지점,C22,파생상품계약_장외파생상품_통화관련거래,0,외국계증권사,B,SF205,각주항목(09.06월 이후)
52721,202112,0010145,크레디트스위스증권서울지점,C23,파생상품계약_장외파생상품_주식관련거래,0,외국계증권사,B,SF205,각주항목(09.06월 이후)
52722,202112,0010145,크레디트스위스증권서울지점,C24,파생상품계약_장외파생상품_신용관련거래,0,외국계증권사,B,SF205,각주항목(09.06월 이후)
52723,202112,0010145,크레디트스위스증권서울지점,C25,파생상품계약_장외파생상품_기타,0,외국계증권사,B,SF205,각주항목(09.06월 이후)
52724,202112,0010145,크레디트스위스증권서울지점,D,대차 및 대주거래,0,외국계증권사,B,SF205,각주항목(09.06월 이후)
52725,202112,0010145,크레디트스위스증권서울지점,D1,대차 및 대주거래_대여증권,0,외국계증권사,B,SF205,각주항목(09.06월 이후)
52726,202112,0010145,크레디트스위스증권서울지점,D2,대차 및 대주거래_차입증권,0,외국계증권사,B,SF205,각주항목(09.06월 이후)
52727,202112,0010145,크레디트스위스증권서울지점,D3,대차 및 대주거래_신용거래대주, ,외국계증권사,B,SF205,각주항목(09.06월 이후)
52728,202112,0010145,크레디트스위스증권서울지점,E,대손상각채권, ,외국계증권사,B,SF205,각주항목(09.06월 이후)
52729,202112,0010145,크레디트스위스증권서울지점,F,환전업무 예치금,0,외국계증권사,B,SF205,각주항목(09.06월 이후)
52730,202112,0010145,크레디트스위스증권서울지점,G,미배당별도예치금, ,외국계증권사,B,SF205,각주항목(09.06월 이후)
52731,202112,0010145,크레디트스위스증권서울지점,H,배서어음매출(종금계정),0,외국계증권사,B,SF205,각주항목(09.06월 이후)
52732,202112,0010145,크레디트스위스증권서울지점,H1,대출채권매매이익_담보부, ,외국계증권사,B,SF205,각주항목(09.06월 이후)
52733,202112,0010145,크레디트스위스증권서울지점,H2,대출채권매매이익_무담보부, ,외국계증권사,B,SF205,각주항목(09.06월 이후)
52734,202203,0010145,크레디트스위스증권서울지점,A,채무보증,0,외국계증권사,B,SF205,각주항목(09.06월 이후)
52735,202203,0010145,크레디트스위스증권서울지점,A1,채무보증_지급보증,0,외국계증권사,B,SF205,각주항목(09.06월 이후)
52736,202203,0010145,크레디트스위스증권서울지점,A2,채무보증_매입보장약정, ,외국계증권사,B,SF205,각주항목(09.06월 이후)
52737,202203,0010145,크레디트스위스증권서울지점,A3,채무보증_채무인수약정, ,외국계증권사,B,SF205,각주항목(09.06월 이후)
52738,202203,0010145,크레디트스위스증권서울지점,A5,채무보증_매입확약,0,외국계증권사,B,SF205,각주항목(09.06월 이후)
52739,202203,0010145,크레디트스위스증권서울지점,A6,채무보증_기타, ,외국계증권사,B,SF205,각주항목(09.06월 이후)
52740,202203,0010145,크레디트스위스증권서울지점,B,투자자의 예수증권 등,444388331000,외국계증권사,B,SF205,각주항목(09.06월 이후)
52741,202203,0010145,크레디트스위스증권서울지점,B1,투자자의 예수증권 등_예수 증권,444388331000,외국계증권사,B,SF205,각주항목(09.06월 이후)
52742,202203,0010145,크레디트스위스증권서울지점,B2,투자자의 예수증권 등_예수양도성예금증서, ,외국계증권사,B,SF205,각주항목(09.06월 이후)
52743,202203,0010145,크레디트스위스증권서울지점,B3,투자자의 예수증권 등_기타, ,외국계증권사,B,SF205,각주항목(09.06월 이후)
52744,202203,0010145,크레디트스위스증권서울지점,C,파생상품계약,0,외국계증권사,B,SF205,각주항목(09.06월 이후)
52745,202203,0010145,크레디트스위스증권서울지점,C1,파생상품계약_장내파생상품,0,외국계증권사,B,SF205,각주항목(09.06월 이후)
52746,202203,0010145,크레디트스위스증권서울지점,C11,파생상품계약_장내파생상품_이자율관련거래,0,외국계증권사,B,SF205,각주항목(09.06월 이후)
52747,202203,0010145,크레디트스위스증권서울지점,C12,파생상품계약_장내파생상품_통화관련거래,0,외국계증권사,B,SF205,각주항목(09.06월 이후)
52748,202203,0010145,크레디트스위스증권서울지점,C13,파생상품계약_장내파생상품_주식관련거래,0,외국계증권사,B,SF205,각주항목(09.06월 이후)
52749,202203,0010145,크레디트스위스증권서울지점,C14,파생상품계약_장내파생상품_일반상품관련거래,0,외국계증권사,B,SF205,각주항목(09.06월 이후)
52750,202203,0010145,크레디트스위스증권서울지점,C15,파생상품계약_장내파생상품_기타,0,외국계증권사,B,SF205,각주항목(09.06월 이후)
52751,202203,0010145,크레디트스위스증권서울지점,C2,파생상품계약_장외파생상품,0,외국계증권사,B,SF205,각주항목(09.06월 이후)
52752,202203,0010145,크레디트스위스증권서울지점,C21,파생상품계약_장외파생상품_이자율관련거래,0,외국계증권사,B,SF205,각주항목(09.06월 이후)
52753,202203,0010145,크레디트스위스증권서울지점,C22,파생상품계약_장외파생상품_통화관련거래,0,외국계증권사,B,SF205,각주항목(09.06월 이후)
52754,202203,0010145,크레디트스위스증권서울지점,C23,파생상품계약_장외파생상품_주식관련거래,0,외국계증권사,B,SF205,각주항목(09.06월 이후)
52755,202203,0010145,크레디트스위스증권서울지점,C24,파생상품계약_장외파생상품_신용관련거래,0,외국계증권사,B,SF205,각주항목(09.06월 이후)
52756,202203,0010145,크레디트스위스증권서울지점,C25,파생상품계약_장외파생상품_기타,0,외국계증권사,B,SF205,각주항목(09.06월 이후)
52757,202203,0010145,크레디트스위스증권서울지점,D,대차 및 대주거래,0,외국계증권사,B,SF205,각주항목(09.06월 이후)
52758,202203,0010145,크레디트스위스증권서울지점,D1,대차 및 대주거래_대여증권,0,외국계증권사,B,SF205,각주항목(09.06월 이후)
52759,202203,0010145,크레디트스위스증권서울지점,D2,대차 및 대주거래_차입증권,0,외국계증권사,B,SF205,각주항목(09.06월 이후)
52760,202203,0010145,크레디트스위스증권서울지점,D3,대차 및 대주거래_신용거래대주, ,외국계증권사,B,SF205,각주항목(09.06월 이후)
52761,202203,0010145,크레디트스위스증권서울지점,E,대손상각채권, ,외국계증권사,B,SF205,각주항목(09.06월 이후)
52762,202203,0010145,크레디트스위스증권서울지점,F,환전업무 예치금,0,외국계증권사,B,SF205,각주항목(09.06월 이후)
52763,202203,0010145,크레디트스위스증권서울지점,G,미배당별도예치금, ,외국계증권사,B,SF205,각주항목(09.06월 이후)
52764,202203,0010145,크레디트스위스증권서울지점,H,배서어음매출(종금계정),0,외국계증권사,B,SF205,각주항목(09.06월 이후)
52765,202203,0010145,크레디트스위스증권서울지점,H1,대출채권매매이익_담보부, ,외국계증권사,B,SF205,각주항목(09.06월 이후)
52766,202203,0010145,크레디트스위스증권서울지점,H2,대출채권매매이익_무담보부, ,외국계증권사,B,SF205,각주항목(09.06월 이후)
52767,202206,0010145,크레디트스위스증권서울지점,A,채무보증,0,외국계증권사,B,SF205,각주항목(09.06월 이후)
52768,202206,0010145,크레디트스위스증권서울지점,A1,채무보증_지급보증,0,외국계증권사,B,SF205,각주항목(09.06월 이후)
52769,202206,0010145,크레디트스위스증권서울지점,A2,채무보증_매입보장약정, ,외국계증권사,B,SF205,각주항목(09.06월 이후)
52770,202206,0010145,크레디트스위스증권서울지점,A3,채무보증_채무인수약정, ,외국계증권사,B,SF205,각주항목(09.06월 이후)
52771,202206,0010145,크레디트스위스증권서울지점,A5,채무보증_매입확약,0,외국계증권사,B,SF205,각주항목(09.06월 이후)
52772,202206,0010145,크레디트스위스증권서울지점,A6,채무보증_기타, ,외국계증권사,B,SF205,각주항목(09.06월 이후)
52773,202206,0010145,크레디트스위스증권서울지점,B,투자자의 예수증권 등,402681233000,외국계증권사,B,SF205,각주항목(09.06월 이후)
52774,202206,0010145,크레디트스위스증권서울지점,B1,투자자의 예수증권 등_예수 증권,402681233000,외국계증권사,B,SF205,각주항목(09.06월 이후)
52775,202206,0010145,크레디트스위스증권서울지점,B2,투자자의 예수증권 등_예수양도성예금증서, ,외국계증권사,B,SF205,각주항목(09.06월 이후)
52776,202206,0010145,크레디트스위스증권서울지점,B3,투자자의 예수증권 등_기타, ,외국계증권사,B,SF205,각주항목(09.06월 이후)
52777,202206,0010145,크레디트스위스증권서울지점,C,파생상품계약,0,외국계증권사,B,SF205,각주항목(09.06월 이후)
52778,202206,0010145,크레디트스위스증권서울지점,C1,파생상품계약_장내파생상품,0,외국계증권사,B,SF205,각주항목(09.06월 이후)
52779,202206,0010145,크레디트스위스증권서울지점,C11,파생상품계약_장내파생상품_이자율관련거래,0,외국계증권사,B,SF205,각주항목(09.06월 이후)
52780,202206,0010145,크레디트스위스증권서울지점,C12,파생상품계약_장내파생상품_통화관련거래,0,외국계증권사,B,SF205,각주항목(09.06월 이후)
52781,202206,0010145,크레디트스위스증권서울지점,C13,파생상품계약_장내파생상품_주식관련거래,0,외국계증권사,B,SF205,각주항목(09.06월 이후)
52782,202206,0010145,크레디트스위스증권서울지점,C14,파생상품계약_장내파생상품_일반상품관련거래,0,외국계증권사,B,SF205,각주항목(09.06월 이후)
52783,202206,0010145,크레디트스위스증권서울지점,C15,파생상품계약_장내파생상품_기타,0,외국계증권사,B,SF205,각주항목(09.06월 이후)
52784,202206,0010145,크레디트스위스증권서울지점,C2,파생상품계약_장외파생상품,0,외국계증권사,B,SF205,각주항목(09.06월 이후)
52785,202206,0010145,크레디트스위스증권서울지점,C21,파생상품계약_장외파생상품_이자율관련거래,0,외국계증권사,B,SF205,각주항목(09.06월 이후)
52786,202206,0010145,크레디트스위스증권서울지점,C22,파생상품계약_장외파생상품_통화관련거래,0,외국계증권사,B,SF205,각주항목(09.06월 이후)
52787,202206,0010145,크레디트스위스증권서울지점,C23,파생상품계약_장외파생상품_주식관련거래,0,외국계증권사,B,SF205,각주항목(09.06월 이후)
52788,202206,0010145,크레디트스위스증권서울지점,C24,파생상품계약_장외파생상품_신용관련거래,0,외국계증권사,B,SF205,각주항목(09.06월 이후)
52789,202206,0010145,크레디트스위스증권서울지점,C25,파생상품계약_장외파생상품_기타,0,외국계증권사,B,SF205,각주항목(09.06월 이후)
52790,202206,0010145,크레디트스위스증권서울지점,D,대차 및 대주거래,0,외국계증권사,B,SF205,각주항목(09.06월 이후)
52791,202206,0010145,크레디트스위스증권서울지점,D1,대차 및 대주거래_대여증권,0,외국계증권사,B,SF205,각주항목(09.06월 이후)
52792,202206,0010145,크레디트스위스증권서울지점,D2,대차 및 대주거래_차입증권,0,외국계증권사,B,SF205,각주항목(09.06월 이후)
52793,202206,0010145,크레디트스위스증권서울지점,D3,대차 및 대주거래_신용거래대주, ,외국계증권사,B,SF205,각주항목(09.06월 이후)
52794,202206,0010145,크레디트스위스증권서울지점,E,대손상각채권, ,외국계증권사,B,SF205,각주항목(09.06월 이후)
52795,202206,0010145,크레디트스위스증권서울지점,F,환전업무 예치금,0,외국계증권사,B,SF205,각주항목(09.06월 이후)
52796,202206,0010145,크레디트스위스증권서울지점,G,미배당별도예치금, ,외국계증권사,B,SF205,각주항목(09.06월 이후)
52797,202206,0010145,크레디트스위스증권서울지점,H,배서어음매출(종금계정),0,외국계증권사,B,SF205,각주항목(09.06월 이후)
52798,202206,0010145,크레디트스위스증권서울지점,H1,대출채권매매이익_담보부, ,외국계증권사,B,SF205,각주항목(09.06월 이후)
52799,202206,0010145,크레디트스위스증권서울지점,H2,대출채권매매이익_무담보부, ,외국계증권사,B,SF205,각주항목(09.06월 이후)
52800,202209,0010145,크레디트스위스증권서울지점,A,채무보증,0,외국계증권사,B,SF205,각주항목(09.06월 이후)
52801,202209,0010145,크레디트스위스증권서울지점,A1,채무보증_지급보증,0,외국계증권사,B,SF205,각주항목(09.06월 이후)
52802,202209,0010145,크레디트스위스증권서울지점,A2,채무보증_매입보장약정, ,외국계증권사,B,SF205,각주항목(09.06월 이후)
52803,202209,0010145,크레디트스위스증권서울지점,A3,채무보증_채무인수약정, ,외국계증권사,B,SF205,각주항목(09.06월 이후)
52804,202209,0010145,크레디트스위스증권서울지점,A5,채무보증_매입확약,0,외국계증권사,B,SF205,각주항목(09.06월 이후)
52805,202209,0010145,크레디트스위스증권서울지점,A6,채무보증_기타, ,외국계증권사,B,SF205,각주항목(09.06월 이후)
52806,202209,0010145,크레디트스위스증권서울지점,B,투자자의 예수증권 등,350730094500,외국계증권사,B,SF205,각주항목(09.06월 이후)
52807,202209,0010145,크레디트스위스증권서울지점,B1,투자자의 예수증권 등_예수 증권,350730094500,외국계증권사,B,SF205,각주항목(09.06월 이후)
52808,202209,0010145,크레디트스위스증권서울지점,B2,투자자의 예수증권 등_예수양도성예금증서, ,외국계증권사,B,SF205,각주항목(09.06월 이후)
52809,202209,0010145,크레디트스위스증권서울지점,B3,투자자의 예수증권 등_기타, ,외국계증권사,B,SF205,각주항목(09.06월 이후)
52810,202209,0010145,크레디트스위스증권서울지점,C,파생상품계약,0,외국계증권사,B,SF205,각주항목(09.06월 이후)
52811,202209,0010145,크레디트스위스증권서울지점,C1,파생상품계약_장내파생상품,0,외국계증권사,B,SF205,각주항목(09.06월 이후)
52812,202209,0010145,크레디트스위스증권서울지점,C11,파생상품계약_장내파생상품_이자율관련거래,0,외국계증권사,B,SF205,각주항목(09.06월 이후)
52813,202209,0010145,크레디트스위스증권서울지점,C12,파생상품계약_장내파생상품_통화관련거래,0,외국계증권사,B,SF205,각주항목(09.06월 이후)
52814,202209,0010145,크레디트스위스증권서울지점,C13,파생상품계약_장내파생상품_주식관련거래,0,외국계증권사,B,SF205,각주항목(09.06월 이후)
52815,202209,0010145,크레디트스위스증권서울지점,C14,파생상품계약_장내파생상품_일반상품관련거래,0,외국계증권사,B,SF205,각주항목(09.06월 이후)
52816,202209,0010145,크레디트스위스증권서울지점,C15,파생상품계약_장내파생상품_기타,0,외국계증권사,B,SF205,각주항목(09.06월 이후)
52817,202209,0010145,크레디트스위스증권서울지점,C2,파생상품계약_장외파생상품,0,외국계증권사,B,SF205,각주항목(09.06월 이후)
52818,202209,0010145,크레디트스위스증권서울지점,C21,파생상품계약_장외파생상품_이자율관련거래,0,외국계증권사,B,SF205,각주항목(09.06월 이후)
52819,202209,0010145,크레디트스위스증권서울지점,C22,파생상품계약_장외파생상품_통화관련거래,0,외국계증권사,B,SF205,각주항목(09.06월 이후)
52820,202209,0010145,크레디트스위스증권서울지점,C23,파생상품계약_장외파생상품_주식관련거래,0,외국계증권사,B,SF205,각주항목(09.06월 이후)
52821,202209,0010145,크레디트스위스증권서울지점,C24,파생상품계약_장외파생상품_신용관련거래,0,외국계증권사,B,SF205,각주항목(09.06월 이후)
52822,202209,0010145,크레디트스위스증권서울지점,C25,파생상품계약_장외파생상품_기타,0,외국계증권사,B,SF205,각주항목(09.06월 이후)
52823,202209,0010145,크레디트스위스증권서울지점,D,대차 및 대주거래,0,외국계증권사,B,SF205,각주항목(09.06월 이후)
52824,202209,0010145,크레디트스위스증권서울지점,D1,대차 및 대주거래_대여증권,0,외국계증권사,B,SF205,각주항목(09.06월 이후)
52825,202209,0010145,크레디트스위스증권서울지점,D2,대차 및 대주거래_차입증권,0,외국계증권사,B,SF205,각주항목(09.06월 이후)
52826,202209,0010145,크레디트스위스증권서울지점,D3,대차 및 대주거래_신용거래대주, ,외국계증권사,B,SF205,각주항목(09.06월 이후)
52827,202209,0010145,크레디트스위스증권서울지점,E,대손상각채권, ,외국계증권사,B,SF205,각주항목(09.06월 이후)
52828,202209,0010145,크레디트스위스증권서울지점,F,환전업무 예치금,0,외국계증권사,B,SF205,각주항목(09.06월 이후)
52829,202209,0010145,크레디트스위스증권서울지점,G,미배당별도예치금, ,외국계증권사,B,SF205,각주항목(09.06월 이후)
52830,202209,0010145,크레디트스위스증권서울지점,H,배서어음매출(종금계정),0,외국계증권사,B,SF205,각주항목(09.06월 이후)
52831,202209,0010145,크레디트스위스증권서울지점,H1,대출채권매매이익_담보부, ,외국계증권사,B,SF205,각주항목(09.06월 이후)
52832,202209,0010145,크레디트스위스증권서울지점,H2,대출채권매매이익_무담보부, ,외국계증권사,B,SF205,각주항목(09.06월 이후)
52833,202212,0010145,크레디트스위스증권서울지점,A,채무보증,0,외국계증권사,B,SF205,각주항목(09.06월 이후)
52834,202212,0010145,크레디트스위스증권서울지점,A1,채무보증_지급보증,0,외국계증권사,B,SF205,각주항목(09.06월 이후)
52835,202212,0010145,크레디트스위스증권서울지점,A2,채무보증_매입보장약정, ,외국계증권사,B,SF205,각주항목(09.06월 이후)
52836,202212,0010145,크레디트스위스증권서울지점,A3,채무보증_채무인수약정, ,외국계증권사,B,SF205,각주항목(09.06월 이후)
52837,202212,0010145,크레디트스위스증권서울지점,A5,채무보증_매입확약,0,외국계증권사,B,SF205,각주항목(09.06월 이후)
52838,202212,0010145,크레디트스위스증권서울지점,A6,채무보증_기타, ,외국계증권사,B,SF205,각주항목(09.06월 이후)
52839,202212,0010145,크레디트스위스증권서울지점,B,투자자의 예수증권 등,375686395000,외국계증권사,B,SF205,각주항목(09.06월 이후)
52840,202212,0010145,크레디트스위스증권서울지점,B1,투자자의 예수증권 등_예수 증권,375686395000,외국계증권사,B,SF205,각주항목(09.06월 이후)
52841,202212,0010145,크레디트스위스증권서울지점,B2,투자자의 예수증권 등_예수양도성예금증서, ,외국계증권사,B,SF205,각주항목(09.06월 이후)
52842,202212,0010145,크레디트스위스증권서울지점,B3,투자자의 예수증권 등_기타, ,외국계증권사,B,SF205,각주항목(09.06월 이후)
52843,202212,0010145,크레디트스위스증권서울지점,C,파생상품계약,0,외국계증권사,B,SF205,각주항목(09.06월 이후)
52844,202212,0010145,크레디트스위스증권서울지점,C1,파생상품계약_장내파생상품,0,외국계증권사,B,SF205,각주항목(09.06월 이후)
52845,202212,0010145,크레디트스위스증권서울지점,C11,파생상품계약_장내파생상품_이자율관련거래,0,외국계증권사,B,SF205,각주항목(09.06월 이후)
52846,202212,0010145,크레디트스위스증권서울지점,C12,파생상품계약_장내파생상품_통화관련거래,0,외국계증권사,B,SF205,각주항목(09.06월 이후)
52847,202212,0010145,크레디트스위스증권서울지점,C13,파생상품계약_장내파생상품_주식관련거래,0,외국계증권사,B,SF205,각주항목(09.06월 이후)
52848,202212,0010145,크레디트스위스증권서울지점,C14,파생상품계약_장내파생상품_일반상품관련거래,0,외국계증권사,B,SF205,각주항목(09.06월 이후)
52849,202212,0010145,크레디트스위스증권서울지점,C15,파생상품계약_장내파생상품_기타,0,외국계증권사,B,SF205,각주항목(09.06월 이후)
52850,202212,0010145,크레디트스위스증권서울지점,C2,파생상품계약_장외파생상품,0,외국계증권사,B,SF205,각주항목(09.06월 이후)
52851,202212,0010145,크레디트스위스증권서울지점,C21,파생상품계약_장외파생상품_이자율관련거래,0,외국계증권사,B,SF205,각주항목(09.06월 이후)
52852,202212,0010145,크레디트스위스증권서울지점,C22,파생상품계약_장외파생상품_통화관련거래,0,외국계증권사,B,SF205,각주항목(09.06월 이후)
52853,202212,0010145,크레디트스위스증권서울지점,C23,파생상품계약_장외파생상품_주식관련거래,0,외국계증권사,B,SF205,각주항목(09.06월 이후)
52854,202212,0010145,크레디트스위스증권서울지점,C24,파생상품계약_장외파생상품_신용관련거래,0,외국계증권사,B,SF205,각주항목(09.06월 이후)
52855,202212,0010145,크레디트스위스증권서울지점,C25,파생상품계약_장외파생상품_기타,0,외국계증권사,B,SF205,각주항목(09.06월 이후)
52856,202212,0010145,크레디트스위스증권서울지점,D,대차 및 대주거래,0,외국계증권사,B,SF205,각주항목(09.06월 이후)
52857,202212,0010145,크레디트스위스증권서울지점,D1,대차 및 대주거래_대여증권,0,외국계증권사,B,SF205,각주항목(09.06월 이후)
52858,202212,0010145,크레디트스위스증권서울지점,D2,대차 및 대주거래_차입증권,0,외국계증권사,B,SF205,각주항목(09.06월 이후)
52859,202212,0010145,크레디트스위스증권서울지점,D3,대차 및 대주거래_신용거래대주, ,외국계증권사,B,SF205,각주항목(09.06월 이후)
52860,202212,0010145,크레디트스위스증권서울지점,E,대손상각채권, ,외국계증권사,B,SF205,각주항목(09.06월 이후)
52861,202212,0010145,크레디트스위스증권서울지점,F,환전업무 예치금,0,외국계증권사,B,SF205,각주항목(09.06월 이후)
52862,202212,0010145,크레디트스위스증권서울지점,G,미배당별도예치금, ,외국계증권사,B,SF205,각주항목(09.06월 이후)
52863,202212,0010145,크레디트스위스증권서울지점,H,배서어음매출(종금계정),0,외국계증권사,B,SF205,각주항목(09.06월 이후)
52864,202212,0010145,크레디트스위스증권서울지점,H1,대출채권매매이익_담보부, ,외국계증권사,B,SF205,각주항목(09.06월 이후)
52865,202212,0010145,크레디트스위스증권서울지점,H2,대출채권매매이익_무담보부, ,외국계증권사,B,SF205,각주항목(09.06월 이후)
52866,202303,0010145,크레디트스위스증권서울지점,A,채무보증,0,외국계증권사,B,SF205,각주항목(09.06월 이후)
52867,202303,0010145,크레디트스위스증권서울지점,A1,채무보증_지급보증,0,외국계증권사,B,SF205,각주항목(09.06월 이후)
52868,202303,0010145,크레디트스위스증권서울지점,A2,채무보증_매입보장약정, ,외국계증권사,B,SF205,각주항목(09.06월 이후)
52869,202303,0010145,크레디트스위스증권서울지점,A3,채무보증_채무인수약정, ,외국계증권사,B,SF205,각주항목(09.06월 이후)
52870,202303,0010145,크레디트스위스증권서울지점,A5,채무보증_매입확약,0,외국계증권사,B,SF205,각주항목(09.06월 이후)
52871,202303,0010145,크레디트스위스증권서울지점,A6,채무보증_기타, ,외국계증권사,B,SF205,각주항목(09.06월 이후)
52872,202303,0010145,크레디트스위스증권서울지점,B,투자자의 예수증권 등,121900640000,외국계증권사,B,SF205,각주항목(09.06월 이후)
52873,202303,0010145,크레디트스위스증권서울지점,B1,투자자의 예수증권 등_예수 증권,121900640000,외국계증권사,B,SF205,각주항목(09.06월 이후)
52874,202303,0010145,크레디트스위스증권서울지점,B2,투자자의 예수증권 등_예수양도성예금증서, ,외국계증권사,B,SF205,각주항목(09.06월 이후)
52875,202303,0010145,크레디트스위스증권서울지점,B3,투자자의 예수증권 등_기타, ,외국계증권사,B,SF205,각주항목(09.06월 이후)
52876,202303,0010145,크레디트스위스증권서울지점,C,파생상품계약,0,외국계증권사,B,SF205,각주항목(09.06월 이후)
52877,202303,0010145,크레디트스위스증권서울지점,C1,파생상품계약_장내파생상품,0,외국계증권사,B,SF205,각주항목(09.06월 이후)
52878,202303,0010145,크레디트스위스증권서울지점,C11,파생상품계약_장내파생상품_이자율관련거래,0,외국계증권사,B,SF205,각주항목(09.06월 이후)
52879,202303,0010145,크레디트스위스증권서울지점,C12,파생상품계약_장내파생상품_통화관련거래,0,외국계증권사,B,SF205,각주항목(09.06월 이후)
52880,202303,0010145,크레디트스위스증권서울지점,C13,파생상품계약_장내파생상품_주식관련거래,0,외국계증권사,B,SF205,각주항목(09.06월 이후)
52881,202303,0010145,크레디트스위스증권서울지점,C14,파생상품계약_장내파생상품_일반상품관련거래,0,외국계증권사,B,SF205,각주항목(09.06월 이후)
52882,202303,0010145,크레디트스위스증권서울지점,C15,파생상품계약_장내파생상품_기타,0,외국계증권사,B,SF205,각주항목(09.06월 이후)
52883,202303,0010145,크레디트스위스증권서울지점,C2,파생상품계약_장외파생상품,0,외국계증권사,B,SF205,각주항목(09.06월 이후)
52884,202303,0010145,크레디트스위스증권서울지점,C21,파생상품계약_장외파생상품_이자율관련거래,0,외국계증권사,B,SF205,각주항목(09.06월 이후)
52885,202303,0010145,크레디트스위스증권서울지점,C22,파생상품계약_장외파생상품_통화관련거래,0,외국계증권사,B,SF205,각주항목(09.06월 이후)
52886,202303,0010145,크레디트스위스증권서울지점,C23,파생상품계약_장외파생상품_주식관련거래,0,외국계증권사,B,SF205,각주항목(09.06월 이후)
52887,202303,0010145,크레디트스위스증권서울지점,C24,파생상품계약_장외파생상품_신용관련거래,0,외국계증권사,B,SF205,각주항목(09.06월 이후)
52888,202303,0010145,크레디트스위스증권서울지점,C25,파생상품계약_장외파생상품_기타,0,외국계증권사,B,SF205,각주항목(09.06월 이후)
52889,202303,0010145,크레디트스위스증권서울지점,D,대차 및 대주거래,0,외국계증권사,B,SF205,각주항목(09.06월 이후)
52890,202303,0010145,크레디트스위스증권서울지점,D1,대차 및 대주거래_대여증권,0,외국계증권사,B,SF205,각주항목(09.06월 이후)
52891,202303,0010145,크레디트스위스증권서울지점,D2,대차 및 대주거래_차입증권,0,외국계증권사,B,SF205,각주항목(09.06월 이후)
52892,202303,0010145,크레디트스위스증권서울지점,D3,대차 및 대주거래_신용거래대주, ,외국계증권사,B,SF205,각주항목(09.06월 이후)
52893,202303,0010145,크레디트스위스증권서울지점,E,대손상각채권, ,외국계증권사,B,SF205,각주항목(09.06월 이후)
52894,202303,0010145,크레디트스위스증권서울지점,F,환전업무 예치금,0,외국계증권사,B,SF205,각주항목(09.06월 이후)
52895,202303,0010145,크레디트스위스증권서울지점,G,미배당별도예치금, ,외국계증권사,B,SF205,각주항목(09.06월 이후)
52896,202303,0010145,크레디트스위스증권서울지점,H,배서어음매출(종금계정),0,외국계증권사,B,SF205,각주항목(09.06월 이후)
52897,202303,0010145,크레디트스위스증권서울지점,H1,대출채권매매이익_담보부, ,외국계증권사,B,SF205,각주항목(09.06월 이후)
52898,202303,0010145,크레디트스위스증권서울지점,H2,대출채권매매이익_무담보부, ,외국계증권사,B,SF205,각주항목(09.06월 이후)
52899,202306,0010145,크레디트스위스증권서울지점,A,채무보증,0,외국계증권사,B,SF205,각주항목(09.06월 이후)
52900,202306,0010145,크레디트스위스증권서울지점,A1,채무보증_지급보증,0,외국계증권사,B,SF205,각주항목(09.06월 이후)
52901,202306,0010145,크레디트스위스증권서울지점,A2,채무보증_매입보장약정, ,외국계증권사,B,SF205,각주항목(09.06월 이후)
52902,202306,0010145,크레디트스위스증권서울지점,A3,채무보증_채무인수약정, ,외국계증권사,B,SF205,각주항목(09.06월 이후)
52903,202306,0010145,크레디트스위스증권서울지점,A5,채무보증_매입확약,0,외국계증권사,B,SF205,각주항목(09.06월 이후)
52904,202306,0010145,크레디트스위스증권서울지점,A6,채무보증_기타, ,외국계증권사,B,SF205,각주항목(09.06월 이후)
52905,202306,0010145,크레디트스위스증권서울지점,B,투자자의 예수증권 등,118048222000,외국계증권사,B,SF205,각주항목(09.06월 이후)
52906,202306,0010145,크레디트스위스증권서울지점,B1,투자자의 예수증권 등_예수 증권,118048222000,외국계증권사,B,SF205,각주항목(09.06월 이후)
52907,202306,0010145,크레디트스위스증권서울지점,B2,투자자의 예수증권 등_예수양도성예금증서, ,외국계증권사,B,SF205,각주항목(09.06월 이후)
52908,202306,0010145,크레디트스위스증권서울지점,B3,투자자의 예수증권 등_기타, ,외국계증권사,B,SF205,각주항목(09.06월 이후)
52909,202306,0010145,크레디트스위스증권서울지점,C,파생상품계약,0,외국계증권사,B,SF205,각주항목(09.06월 이후)
52910,202306,0010145,크레디트스위스증권서울지점,C1,파생상품계약_장내파생상품,0,외국계증권사,B,SF205,각주항목(09.06월 이후)
52911,202306,0010145,크레디트스위스증권서울지점,C11,파생상품계약_장내파생상품_이자율관련거래,0,외국계증권사,B,SF205,각주항목(09.06월 이후)
52912,202306,0010145,크레디트스위스증권서울지점,C12,파생상품계약_장내파생상품_통화관련거래,0,외국계증권사,B,SF205,각주항목(09.06월 이후)
52913,202306,0010145,크레디트스위스증권서울지점,C13,파생상품계약_장내파생상품_주식관련거래,0,외국계증권사,B,SF205,각주항목(09.06월 이후)
52914,202306,0010145,크레디트스위스증권서울지점,C14,파생상품계약_장내파생상품_일반상품관련거래,0,외국계증권사,B,SF205,각주항목(09.06월 이후)
52915,202306,0010145,크레디트스위스증권서울지점,C15,파생상품계약_장내파생상품_기타,0,외국계증권사,B,SF205,각주항목(09.06월 이후)
52916,202306,0010145,크레디트스위스증권서울지점,C2,파생상품계약_장외파생상품,0,외국계증권사,B,SF205,각주항목(09.06월 이후)
52917,202306,0010145,크레디트스위스증권서울지점,C21,파생상품계약_장외파생상품_이자율관련거래,0,외국계증권사,B,SF205,각주항목(09.06월 이후)
52918,202306,0010145,크레디트스위스증권서울지점,C22,파생상품계약_장외파생상품_통화관련거래,0,외국계증권사,B,SF205,각주항목(09.06월 이후)
52919,202306,0010145,크레디트스위스증권서울지점,C23,파생상품계약_장외파생상품_주식관련거래,0,외국계증권사,B,SF205,각주항목(09.06월 이후)
52920,202306,0010145,크레디트스위스증권서울지점,C24,파생상품계약_장외파생상품_신용관련거래,0,외국계증권사,B,SF205,각주항목(09.06월 이후)
52921,202306,0010145,크레디트스위스증권서울지점,C25,파생상품계약_장외파생상품_기타,0,외국계증권사,B,SF205,각주항목(09.06월 이후)
52922,202306,0010145,크레디트스위스증권서울지점,D,대차 및 대주거래,0,외국계증권사,B,SF205,각주항목(09.06월 이후)
52923,202306,0010145,크레디트스위스증권서울지점,D1,대차 및 대주거래_대여증권,0,외국계증권사,B,SF205,각주항목(09.06월 이후)
52924,202306,0010145,크레디트스위스증권서울지점,D2,대차 및 대주거래_차입증권,0,외국계증권사,B,SF205,각주항목(09.06월 이후)
52925,202306,0010145,크레디트스위스증권서울지점,D3,대차 및 대주거래_신용거래대주, ,외국계증권사,B,SF205,각주항목(09.06월 이후)
52926,202306,0010145,크레디트스위스증권서울지점,E,대손상각채권, ,외국계증권사,B,SF205,각주항목(09.06월 이후)
52927,202306,0010145,크레디트스위스증권서울지점,F,환전업무 예치금,0,외국계증권사,B,SF205,각주항목(09.06월 이후)
52928,202306,0010145,크레디트스위스증권서울지점,G,미배당별도예치금, ,외국계증권사,B,SF205,각주항목(09.06월 이후)
52929,202306,0010145,크레디트스위스증권서울지점,H,배서어음매출(종금계정),0,외국계증권사,B,SF205,각주항목(09.06월 이후)
52930,202306,0010145,크레디트스위스증권서울지점,H1,대출채권매매이익_담보부, ,외국계증권사,B,SF205,각주항목(09.06월 이후)
52931,202306,0010145,크레디트스위스증권서울지점,H2,대출채권매매이익_무담보부, ,외국계증권사,B,SF205,각주항목(09.06월 이후)
52932,202309,0010145,크레디트스위스증권서울지점,A,채무보증,0,외국계증권사,B,SF205,각주항목(09.06월 이후)
52933,202309,0010145,크레디트스위스증권서울지점,A1,채무보증_지급보증,0,외국계증권사,B,SF205,각주항목(09.06월 이후)
52934,202309,0010145,크레디트스위스증권서울지점,A2,채무보증_매입보장약정, ,외국계증권사,B,SF205,각주항목(09.06월 이후)
52935,202309,0010145,크레디트스위스증권서울지점,A3,채무보증_채무인수약정, ,외국계증권사,B,SF205,각주항목(09.06월 이후)
52936,202309,0010145,크레디트스위스증권서울지점,A5,채무보증_매입확약,0,외국계증권사,B,SF205,각주항목(09.06월 이후)
52937,202309,0010145,크레디트스위스증권서울지점,A6,채무보증_기타, ,외국계증권사,B,SF205,각주항목(09.06월 이후)
52938,202309,0010145,크레디트스위스증권서울지점,B,투자자의 예수증권 등,115863184000,외국계증권사,B,SF205,각주항목(09.06월 이후)
52939,202309,0010145,크레디트스위스증권서울지점,B1,투자자의 예수증권 등_예수 증권,115863184000,외국계증권사,B,SF205,각주항목(09.06월 이후)
52940,202309,0010145,크레디트스위스증권서울지점,B2,투자자의 예수증권 등_예수양도성예금증서, ,외국계증권사,B,SF205,각주항목(09.06월 이후)
52941,202309,0010145,크레디트스위스증권서울지점,B3,투자자의 예수증권 등_기타, ,외국계증권사,B,SF205,각주항목(09.06월 이후)
52942,202309,0010145,크레디트스위스증권서울지점,C,파생상품계약,0,외국계증권사,B,SF205,각주항목(09.06월 이후)
52943,202309,0010145,크레디트스위스증권서울지점,C1,파생상품계약_장내파생상품,0,외국계증권사,B,SF205,각주항목(09.06월 이후)
52944,202309,0010145,크레디트스위스증권서울지점,C11,파생상품계약_장내파생상품_이자율관련거래,0,외국계증권사,B,SF205,각주항목(09.06월 이후)
52945,202309,0010145,크레디트스위스증권서울지점,C12,파생상품계약_장내파생상품_통화관련거래,0,외국계증권사,B,SF205,각주항목(09.06월 이후)
52946,202309,0010145,크레디트스위스증권서울지점,C13,파생상품계약_장내파생상품_주식관련거래,0,외국계증권사,B,SF205,각주항목(09.06월 이후)
52947,202309,0010145,크레디트스위스증권서울지점,C14,파생상품계약_장내파생상품_일반상품관련거래,0,외국계증권사,B,SF205,각주항목(09.06월 이후)
52948,202309,0010145,크레디트스위스증권서울지점,C15,파생상품계약_장내파생상품_기타,0,외국계증권사,B,SF205,각주항목(09.06월 이후)
52949,202309,0010145,크레디트스위스증권서울지점,C2,파생상품계약_장외파생상품,0,외국계증권사,B,SF205,각주항목(09.06월 이후)
52950,202309,0010145,크레디트스위스증권서울지점,C21,파생상품계약_장외파생상품_이자율관련거래,0,외국계증권사,B,SF205,각주항목(09.06월 이후)
52951,202309,0010145,크레디트스위스증권서울지점,C22,파생상품계약_장외파생상품_통화관련거래,0,외국계증권사,B,SF205,각주항목(09.06월 이후)
52952,202309,0010145,크레디트스위스증권서울지점,C23,파생상품계약_장외파생상품_주식관련거래,0,외국계증권사,B,SF205,각주항목(09.06월 이후)
52953,202309,0010145,크레디트스위스증권서울지점,C24,파생상품계약_장외파생상품_신용관련거래,0,외국계증권사,B,SF205,각주항목(09.06월 이후)
52954,202309,0010145,크레디트스위스증권서울지점,C25,파생상품계약_장외파생상품_기타,0,외국계증권사,B,SF205,각주항목(09.06월 이후)
52955,202309,0010145,크레디트스위스증권서울지점,D,대차 및 대주거래,0,외국계증권사,B,SF205,각주항목(09.06월 이후)
52956,202309,0010145,크레디트스위스증권서울지점,D1,대차 및 대주거래_대여증권,0,외국계증권사,B,SF205,각주항목(09.06월 이후)
52957,202309,0010145,크레디트스위스증권서울지점,D2,대차 및 대주거래_차입증권,0,외국계증권사,B,SF205,각주항목(09.06월 이후)
52958,202309,0010145,크레디트스위스증권서울지점,D3,대차 및 대주거래_신용거래대주, ,외국계증권사,B,SF205,각주항목(09.06월 이후)
52959,202309,0010145,크레디트스위스증권서울지점,E,대손상각채권, ,외국계증권사,B,SF205,각주항목(09.06월 이후)
52960,202309,0010145,크레디트스위스증권서울지점,F,환전업무 예치금,0,외국계증권사,B,SF205,각주항목(09.06월 이후)
52961,202309,0010145,크레디트스위스증권서울지점,G,미배당별도예치금, ,외국계증권사,B,SF205,각주항목(09.06월 이후)
52962,202309,0010145,크레디트스위스증권서울지점,H,배서어음매출(종금계정),0,외국계증권사,B,SF205,각주항목(09.06월 이후)
52963,202309,0010145,크레디트스위스증권서울지점,H1,대출채권매매이익_담보부, ,외국계증권사,B,SF205,각주항목(09.06월 이후)
52964,202309,0010145,크레디트스위스증권서울지점,H2,대출채권매매이익_무담보부, ,외국계증권사,B,SF205,각주항목(09.06월 이후)
52965,202312,0010145,크레디트스위스증권서울지점,A,채무보증,0,외국계증권사,B,SF205,각주항목(09.06월 이후)
52966,202312,0010145,크레디트스위스증권서울지점,A1,채무보증_지급보증,0,외국계증권사,B,SF205,각주항목(09.06월 이후)
52967,202312,0010145,크레디트스위스증권서울지점,A2,채무보증_매입보장약정, ,외국계증권사,B,SF205,각주항목(09.06월 이후)
52968,202312,0010145,크레디트스위스증권서울지점,A3,채무보증_채무인수약정, ,외국계증권사,B,SF205,각주항목(09.06월 이후)
52969,202312,0010145,크레디트스위스증권서울지점,A5,채무보증_매입확약,0,외국계증권사,B,SF205,각주항목(09.06월 이후)
52970,202312,0010145,크레디트스위스증권서울지점,A6,채무보증_기타, ,외국계증권사,B,SF205,각주항목(09.06월 이후)
52971,202312,0010145,크레디트스위스증권서울지점,B,투자자의 예수증권 등,785000,외국계증권사,B,SF205,각주항목(09.06월 이후)
52972,202312,0010145,크레디트스위스증권서울지점,B1,투자자의 예수증권 등_예수 증권,785000,외국계증권사,B,SF205,각주항목(09.06월 이후)
52973,202312,0010145,크레디트스위스증권서울지점,B2,투자자의 예수증권 등_예수양도성예금증서, ,외국계증권사,B,SF205,각주항목(09.06월 이후)
52974,202312,0010145,크레디트스위스증권서울지점,B3,투자자의 예수증권 등_기타, ,외국계증권사,B,SF205,각주항목(09.06월 이후)
52975,202312,0010145,크레디트스위스증권서울지점,C,파생상품계약,0,외국계증권사,B,SF205,각주항목(09.06월 이후)
52976,202312,0010145,크레디트스위스증권서울지점,C1,파생상품계약_장내파생상품,0,외국계증권사,B,SF205,각주항목(09.06월 이후)
52977,202312,0010145,크레디트스위스증권서울지점,C11,파생상품계약_장내파생상품_이자율관련거래,0,외국계증권사,B,SF205,각주항목(09.06월 이후)
52978,202312,0010145,크레디트스위스증권서울지점,C12,파생상품계약_장내파생상품_통화관련거래,0,외국계증권사,B,SF205,각주항목(09.06월 이후)
52979,202312,0010145,크레디트스위스증권서울지점,C13,파생상품계약_장내파생상품_주식관련거래,0,외국계증권사,B,SF205,각주항목(09.06월 이후)
52980,202312,0010145,크레디트스위스증권서울지점,C14,파생상품계약_장내파생상품_일반상품관련거래,0,외국계증권사,B,SF205,각주항목(09.06월 이후)
52981,202312,0010145,크레디트스위스증권서울지점,C15,파생상품계약_장내파생상품_기타,0,외국계증권사,B,SF205,각주항목(09.06월 이후)
52982,202312,0010145,크레디트스위스증권서울지점,C2,파생상품계약_장외파생상품,0,외국계증권사,B,SF205,각주항목(09.06월 이후)
52983,202312,0010145,크레디트스위스증권서울지점,C21,파생상품계약_장외파생상품_이자율관련거래,0,외국계증권사,B,SF205,각주항목(09.06월 이후)
52984,202312,0010145,크레디트스위스증권서울지점,C22,파생상품계약_장외파생상품_통화관련거래,0,외국계증권사,B,SF205,각주항목(09.06월 이후)
52985,202312,0010145,크레디트스위스증권서울지점,C23,파생상품계약_장외파생상품_주식관련거래,0,외국계증권사,B,SF205,각주항목(09.06월 이후)
52986,202312,0010145,크레디트스위스증권서울지점,C24,파생상품계약_장외파생상품_신용관련거래,0,외국계증권사,B,SF205,각주항목(09.06월 이후)
52987,202312,0010145,크레디트스위스증권서울지점,C25,파생상품계약_장외파생상품_기타,0,외국계증권사,B,SF205,각주항목(09.06월 이후)
52988,202312,0010145,크레디트스위스증권서울지점,D,대차 및 대주거래,0,외국계증권사,B,SF205,각주항목(09.06월 이후)
52989,202312,0010145,크레디트스위스증권서울지점,D1,대차 및 대주거래_대여증권,0,외국계증권사,B,SF205,각주항목(09.06월 이후)
52990,202312,0010145,크레디트스위스증권서울지점,D2,대차 및 대주거래_차입증권,0,외국계증권사,B,SF205,각주항목(09.06월 이후)
52991,202312,0010145,크레디트스위스증권서울지점,D3,대차 및 대주거래_신용거래대주, ,외국계증권사,B,SF205,각주항목(09.06월 이후)
52992,202312,0010145,크레디트스위스증권서울지점,E,대손상각채권, ,외국계증권사,B,SF205,각주항목(09.06월 이후)
52993,202312,0010145,크레디트스위스증권서울지점,F,환전업무 예치금,0,외국계증권사,B,SF205,각주항목(09.06월 이후)
52994,202312,0010145,크레디트스위스증권서울지점,G,미배당별도예치금, ,외국계증권사,B,SF205,각주항목(09.06월 이후)
52995,202312,0010145,크레디트스위스증권서울지점,H,배서어음매출(종금계정),0,외국계증권사,B,SF205,각주항목(09.06월 이후)
52996,202312,0010145,크레디트스위스증권서울지점,H1,대출채권매매이익_담보부, ,외국계증권사,B,SF205,각주항목(09.06월 이후)
52997,202312,0010145,크레디트스위스증권서울지점,H2,대출채권매매이익_무담보부, ,외국계증권사,B,SF205,각주항목(09.06월 이후)
52998,202403,0010145,크레디트스위스증권서울지점,A,채무보증,0,외국계증권사,B,SF205,각주항목(09.06월 이후)
52999,202403,0010145,크레디트스위스증권서울지점,A1,채무보증_지급보증,0,외국계증권사,B,SF205,각주항목(09.06월 이후)
53000,202403,0010145,크레디트스위스증권서울지점,A2,채무보증_매입보장약정, ,외국계증권사,B,SF205,각주항목(09.06월 이후)
53001,202403,0010145,크레디트스위스증권서울지점,A3,채무보증_채무인수약정, ,외국계증권사,B,SF205,각주항목(09.06월 이후)
53002,202403,0010145,크레디트스위스증권서울지점,A5,채무보증_매입확약,0,외국계증권사,B,SF205,각주항목(09.06월 이후)
53003,202403,0010145,크레디트스위스증권서울지점,A6,채무보증_기타, ,외국계증권사,B,SF205,각주항목(09.06월 이후)
53004,202403,0010145,크레디트스위스증권서울지점,B,투자자의 예수증권 등,0,외국계증권사,B,SF205,각주항목(09.06월 이후)
53005,202403,0010145,크레디트스위스증권서울지점,B1,투자자의 예수증권 등_예수 증권,0,외국계증권사,B,SF205,각주항목(09.06월 이후)
53006,202403,0010145,크레디트스위스증권서울지점,B2,투자자의 예수증권 등_예수양도성예금증서, ,외국계증권사,B,SF205,각주항목(09.06월 이후)
53007,202403,0010145,크레디트스위스증권서울지점,B3,투자자의 예수증권 등_기타, ,외국계증권사,B,SF205,각주항목(09.06월 이후)
53008,202403,0010145,크레디트스위스증권서울지점,C,파생상품계약,0,외국계증권사,B,SF205,각주항목(09.06월 이후)
53009,202403,0010145,크레디트스위스증권서울지점,C1,파생상품계약_장내파생상품,0,외국계증권사,B,SF205,각주항목(09.06월 이후)
53010,202403,0010145,크레디트스위스증권서울지점,C11,파생상품계약_장내파생상품_이자율관련거래,0,외국계증권사,B,SF205,각주항목(09.06월 이후)
53011,202403,0010145,크레디트스위스증권서울지점,C12,파생상품계약_장내파생상품_통화관련거래,0,외국계증권사,B,SF205,각주항목(09.06월 이후)
53012,202403,0010145,크레디트스위스증권서울지점,C13,파생상품계약_장내파생상품_주식관련거래,0,외국계증권사,B,SF205,각주항목(09.06월 이후)
53013,202403,0010145,크레디트스위스증권서울지점,C14,파생상품계약_장내파생상품_일반상품관련거래,0,외국계증권사,B,SF205,각주항목(09.06월 이후)
53014,202403,0010145,크레디트스위스증권서울지점,C15,파생상품계약_장내파생상품_기타,0,외국계증권사,B,SF205,각주항목(09.06월 이후)
53015,202403,0010145,크레디트스위스증권서울지점,C2,파생상품계약_장외파생상품,0,외국계증권사,B,SF205,각주항목(09.06월 이후)
53016,202403,0010145,크레디트스위스증권서울지점,C21,파생상품계약_장외파생상품_이자율관련거래,0,외국계증권사,B,SF205,각주항목(09.06월 이후)
53017,202403,0010145,크레디트스위스증권서울지점,C22,파생상품계약_장외파생상품_통화관련거래,0,외국계증권사,B,SF205,각주항목(09.06월 이후)
53018,202403,0010145,크레디트스위스증권서울지점,C23,파생상품계약_장외파생상품_주식관련거래,0,외국계증권사,B,SF205,각주항목(09.06월 이후)
53019,202403,0010145,크레디트스위스증권서울지점,C24,파생상품계약_장외파생상품_신용관련거래,0,외국계증권사,B,SF205,각주항목(09.06월 이후)
53020,202403,0010145,크레디트스위스증권서울지점,C25,파생상품계약_장외파생상품_기타,0,외국계증권사,B,SF205,각주항목(09.06월 이후)
53021,202403,0010145,크레디트스위스증권서울지점,D,대차 및 대주거래,0,외국계증권사,B,SF205,각주항목(09.06월 이후)
53022,202403,0010145,크레디트스위스증권서울지점,D1,대차 및 대주거래_대여증권,0,외국계증권사,B,SF205,각주항목(09.06월 이후)
53023,202403,0010145,크레디트스위스증권서울지점,D2,대차 및 대주거래_차입증권,0,외국계증권사,B,SF205,각주항목(09.06월 이후)
53024,202403,0010145,크레디트스위스증권서울지점,D3,대차 및 대주거래_신용거래대주, ,외국계증권사,B,SF205,각주항목(09.06월 이후)
53025,202403,0010145,크레디트스위스증권서울지점,E,대손상각채권, ,외국계증권사,B,SF205,각주항목(09.06월 이후)
53026,202403,0010145,크레디트스위스증권서울지점,F,환전업무 예치금,0,외국계증권사,B,SF205,각주항목(09.06월 이후)
53027,202403,0010145,크레디트스위스증권서울지점,G,미배당별도예치금, ,외국계증권사,B,SF205,각주항목(09.06월 이후)
53028,202403,0010145,크레디트스위스증권서울지점,H,배서어음매출(종금계정),0,외국계증권사,B,SF205,각주항목(09.06월 이후)
53029,202403,0010145,크레디트스위스증권서울지점,H1,대출채권매매이익_담보부, ,외국계증권사,B,SF205,각주항목(09.06월 이후)
53030,202403,0010145,크레디트스위스증권서울지점,H2,대출채권매매이익_무담보부, ,외국계증권사,B,SF205,각주항목(09.06월 이후)
53031,202406,0010145,크레디트스위스증권서울지점,A,채무보증,0,외국계증권사,B,SF205,각주항목(09.06월 이후)
53032,202406,0010145,크레디트스위스증권서울지점,A1,채무보증_지급보증,0,외국계증권사,B,SF205,각주항목(09.06월 이후)
53033,202406,0010145,크레디트스위스증권서울지점,A2,채무보증_매입보장약정, ,외국계증권사,B,SF205,각주항목(09.06월 이후)
53034,202406,0010145,크레디트스위스증권서울지점,A3,채무보증_채무인수약정, ,외국계증권사,B,SF205,각주항목(09.06월 이후)
53035,202406,0010145,크레디트스위스증권서울지점,A5,채무보증_매입확약,0,외국계증권사,B,SF205,각주항목(09.06월 이후)
53036,202406,0010145,크레디트스위스증권서울지점,A6,채무보증_기타, ,외국계증권사,B,SF205,각주항목(09.06월 이후)
53037,202406,0010145,크레디트스위스증권서울지점,B,투자자의 예수증권 등,0,외국계증권사,B,SF205,각주항목(09.06월 이후)
53038,202406,0010145,크레디트스위스증권서울지점,B1,투자자의 예수증권 등_예수 증권,0,외국계증권사,B,SF205,각주항목(09.06월 이후)
53039,202406,0010145,크레디트스위스증권서울지점,B2,투자자의 예수증권 등_예수양도성예금증서, ,외국계증권사,B,SF205,각주항목(09.06월 이후)
53040,202406,0010145,크레디트스위스증권서울지점,B3,투자자의 예수증권 등_기타, ,외국계증권사,B,SF205,각주항목(09.06월 이후)
53041,202406,0010145,크레디트스위스증권서울지점,C,파생상품계약,0,외국계증권사,B,SF205,각주항목(09.06월 이후)
53042,202406,0010145,크레디트스위스증권서울지점,C1,파생상품계약_장내파생상품,0,외국계증권사,B,SF205,각주항목(09.06월 이후)
53043,202406,0010145,크레디트스위스증권서울지점,C11,파생상품계약_장내파생상품_이자율관련거래,0,외국계증권사,B,SF205,각주항목(09.06월 이후)
53044,202406,0010145,크레디트스위스증권서울지점,C12,파생상품계약_장내파생상품_통화관련거래,0,외국계증권사,B,SF205,각주항목(09.06월 이후)
53045,202406,0010145,크레디트스위스증권서울지점,C13,파생상품계약_장내파생상품_주식관련거래,0,외국계증권사,B,SF205,각주항목(09.06월 이후)
53046,202406,0010145,크레디트스위스증권서울지점,C14,파생상품계약_장내파생상품_일반상품관련거래,0,외국계증권사,B,SF205,각주항목(09.06월 이후)
53047,202406,0010145,크레디트스위스증권서울지점,C15,파생상품계약_장내파생상품_기타,0,외국계증권사,B,SF205,각주항목(09.06월 이후)
53048,202406,0010145,크레디트스위스증권서울지점,C2,파생상품계약_장외파생상품,0,외국계증권사,B,SF205,각주항목(09.06월 이후)
53049,202406,0010145,크레디트스위스증권서울지점,C21,파생상품계약_장외파생상품_이자율관련거래,0,외국계증권사,B,SF205,각주항목(09.06월 이후)
53050,202406,0010145,크레디트스위스증권서울지점,C22,파생상품계약_장외파생상품_통화관련거래,0,외국계증권사,B,SF205,각주항목(09.06월 이후)
53051,202406,0010145,크레디트스위스증권서울지점,C23,파생상품계약_장외파생상품_주식관련거래,0,외국계증권사,B,SF205,각주항목(09.06월 이후)
53052,202406,0010145,크레디트스위스증권서울지점,C24,파생상품계약_장외파생상품_신용관련거래,0,외국계증권사,B,SF205,각주항목(09.06월 이후)
53053,202406,0010145,크레디트스위스증권서울지점,C25,파생상품계약_장외파생상품_기타,0,외국계증권사,B,SF205,각주항목(09.06월 이후)
53054,202406,0010145,크레디트스위스증권서울지점,D,대차 및 대주거래,0,외국계증권사,B,SF205,각주항목(09.06월 이후)
53055,202406,0010145,크레디트스위스증권서울지점,D1,대차 및 대주거래_대여증권,0,외국계증권사,B,SF205,각주항목(09.06월 이후)
53056,202406,0010145,크레디트스위스증권서울지점,D2,대차 및 대주거래_차입증권,0,외국계증권사,B,SF205,각주항목(09.06월 이후)
53057,202406,0010145,크레디트스위스증권서울지점,D3,대차 및 대주거래_신용거래대주, ,외국계증권사,B,SF205,각주항목(09.06월 이후)
53058,202406,0010145,크레디트스위스증권서울지점,E,대손상각채권, ,외국계증권사,B,SF205,각주항목(09.06월 이후)
53059,202406,0010145,크레디트스위스증권서울지점,F,환전업무 예치금,0,외국계증권사,B,SF205,각주항목(09.06월 이후)
53060,202406,0010145,크레디트스위스증권서울지점,G,미배당별도예치금, ,외국계증권사,B,SF205,각주항목(09.06월 이후)
53061,202406,0010145,크레디트스위스증권서울지점,H,배서어음매출(종금계정),0,외국계증권사,B,SF205,각주항목(09.06월 이후)
53062,202406,0010145,크레디트스위스증권서울지점,H1,대출채권매매이익_담보부, ,외국계증권사,B,SF205,각주항목(09.06월 이후)
53063,202406,0010145,크레디트스위스증권서울지점,H2,대출채권매매이익_무담보부, ,외국계증권사,B,SF205,각주항목(09.06월 이후)
53064,202409,0010145,크레디트스위스증권서울지점,A,채무보증,0,외국계증권사,B,SF205,각주항목(09.06월 이후)
53065,202409,0010145,크레디트스위스증권서울지점,A1,채무보증_지급보증,0,외국계증권사,B,SF205,각주항목(09.06월 이후)
53066,202409,0010145,크레디트스위스증권서울지점,A2,채무보증_매입보장약정, ,외국계증권사,B,SF205,각주항목(09.06월 이후)
53067,202409,0010145,크레디트스위스증권서울지점,A3,채무보증_채무인수약정, ,외국계증권사,B,SF205,각주항목(09.06월 이후)
53068,202409,0010145,크레디트스위스증권서울지점,A5,채무보증_매입확약,0,외국계증권사,B,SF205,각주항목(09.06월 이후)
53069,202409,0010145,크레디트스위스증권서울지점,A6,채무보증_기타, ,외국계증권사,B,SF205,각주항목(09.06월 이후)
53070,202409,0010145,크레디트스위스증권서울지점,B,투자자의 예수증권 등,0,외국계증권사,B,SF205,각주항목(09.06월 이후)
53071,202409,0010145,크레디트스위스증권서울지점,B1,투자자의 예수증권 등_예수 증권,0,외국계증권사,B,SF205,각주항목(09.06월 이후)
53072,202409,0010145,크레디트스위스증권서울지점,B2,투자자의 예수증권 등_예수양도성예금증서, ,외국계증권사,B,SF205,각주항목(09.06월 이후)
53073,202409,0010145,크레디트스위스증권서울지점,B3,투자자의 예수증권 등_기타, ,외국계증권사,B,SF205,각주항목(09.06월 이후)
53074,202409,0010145,크레디트스위스증권서울지점,C,파생상품계약,0,외국계증권사,B,SF205,각주항목(09.06월 이후)
53075,202409,0010145,크레디트스위스증권서울지점,C1,파생상품계약_장내파생상품,0,외국계증권사,B,SF205,각주항목(09.06월 이후)
53076,202409,0010145,크레디트스위스증권서울지점,C11,파생상품계약_장내파생상품_이자율관련거래,0,외국계증권사,B,SF205,각주항목(09.06월 이후)
53077,202409,0010145,크레디트스위스증권서울지점,C12,파생상품계약_장내파생상품_통화관련거래,0,외국계증권사,B,SF205,각주항목(09.06월 이후)
53078,202409,0010145,크레디트스위스증권서울지점,C13,파생상품계약_장내파생상품_주식관련거래,0,외국계증권사,B,SF205,각주항목(09.06월 이후)
53079,202409,0010145,크레디트스위스증권서울지점,C14,파생상품계약_장내파생상품_일반상품관련거래,0,외국계증권사,B,SF205,각주항목(09.06월 이후)
53080,202409,0010145,크레디트스위스증권서울지점,C15,파생상품계약_장내파생상품_기타,0,외국계증권사,B,SF205,각주항목(09.06월 이후)
53081,202409,0010145,크레디트스위스증권서울지점,C2,파생상품계약_장외파생상품,0,외국계증권사,B,SF205,각주항목(09.06월 이후)
53082,202409,0010145,크레디트스위스증권서울지점,C21,파생상품계약_장외파생상품_이자율관련거래,0,외국계증권사,B,SF205,각주항목(09.06월 이후)
53083,202409,0010145,크레디트스위스증권서울지점,C22,파생상품계약_장외파생상품_통화관련거래,0,외국계증권사,B,SF205,각주항목(09.06월 이후)
53084,202409,0010145,크레디트스위스증권서울지점,C23,파생상품계약_장외파생상품_주식관련거래,0,외국계증권사,B,SF205,각주항목(09.06월 이후)
53085,202409,0010145,크레디트스위스증권서울지점,C24,파생상품계약_장외파생상품_신용관련거래,0,외국계증권사,B,SF205,각주항목(09.06월 이후)
53086,202409,0010145,크레디트스위스증권서울지점,C25,파생상품계약_장외파생상품_기타,0,외국계증권사,B,SF205,각주항목(09.06월 이후)
53087,202409,0010145,크레디트스위스증권서울지점,D,대차 및 대주거래,0,외국계증권사,B,SF205,각주항목(09.06월 이후)
53088,202409,0010145,크레디트스위스증권서울지점,D1,대차 및 대주거래_대여증권,0,외국계증권사,B,SF205,각주항목(09.06월 이후)
53089,202409,0010145,크레디트스위스증권서울지점,D2,대차 및 대주거래_차입증권,0,외국계증권사,B,SF205,각주항목(09.06월 이후)
53090,202409,0010145,크레디트스위스증권서울지점,D3,대차 및 대주거래_신용거래대주, ,외국계증권사,B,SF205,각주항목(09.06월 이후)
53091,202409,0010145,크레디트스위스증권서울지점,E,대손상각채권, ,외국계증권사,B,SF205,각주항목(09.06월 이후)
53092,202409,0010145,크레디트스위스증권서울지점,F,환전업무 예치금,0,외국계증권사,B,SF205,각주항목(09.06월 이후)
53093,202409,0010145,크레디트스위스증권서울지점,G,미배당별도예치금, ,외국계증권사,B,SF205,각주항목(09.06월 이후)
53094,202409,0010145,크레디트스위스증권서울지점,H,배서어음매출(종금계정),0,외국계증권사,B,SF205,각주항목(09.06월 이후)
53095,202409,0010145,크레디트스위스증권서울지점,H1,대출채권매매이익_담보부, ,외국계증권사,B,SF205,각주항목(09.06월 이후)
53096,202409,0010145,크레디트스위스증권서울지점,H2,대출채권매매이익_무담보부, ,외국계증권사,B,SF205,각주항목(09.06월 이후)
53097,201703,0011218,홍콩상하이증권서울지점,A,채무보증,0,외국계증권사,B,SF205,각주항목(09.06월 이후)
53098,201703,0011218,홍콩상하이증권서울지점,A1,채무보증_지급보증,0,외국계증권사,B,SF205,각주항목(09.06월 이후)
53099,201703,0011218,홍콩상하이증권서울지점,A2,채무보증_매입보장약정,0,외국계증권사,B,SF205,각주항목(09.06월 이후)
53100,201703,0011218,홍콩상하이증권서울지점,A3,채무보증_채무인수약정,0,외국계증권사,B,SF205,각주항목(09.06월 이후)
53101,201703,0011218,홍콩상하이증권서울지점,A5,채무보증_매입확약,0,외국계증권사,B,SF205,각주항목(09.06월 이후)
53102,201703,0011218,홍콩상하이증권서울지점,A6,채무보증_기타,0,외국계증권사,B,SF205,각주항목(09.06월 이후)
53103,201703,0011218,홍콩상하이증권서울지점,B,투자자의 예수증권 등,0,외국계증권사,B,SF205,각주항목(09.06월 이후)
53104,201703,0011218,홍콩상하이증권서울지점,B1,투자자의 예수증권 등_예수 증권,0,외국계증권사,B,SF205,각주항목(09.06월 이후)
53105,201703,0011218,홍콩상하이증권서울지점,B2,투자자의 예수증권 등_예수양도성예금증서,0,외국계증권사,B,SF205,각주항목(09.06월 이후)
53106,201703,0011218,홍콩상하이증권서울지점,B3,투자자의 예수증권 등_기타,0,외국계증권사,B,SF205,각주항목(09.06월 이후)
53107,201703,0011218,홍콩상하이증권서울지점,C,파생상품계약,0,외국계증권사,B,SF205,각주항목(09.06월 이후)
53108,201703,0011218,홍콩상하이증권서울지점,C1,파생상품계약_장내파생상품,0,외국계증권사,B,SF205,각주항목(09.06월 이후)
53109,201703,0011218,홍콩상하이증권서울지점,C11,파생상품계약_장내파생상품_이자율관련거래,0,외국계증권사,B,SF205,각주항목(09.06월 이후)
53110,201703,0011218,홍콩상하이증권서울지점,C12,파생상품계약_장내파생상품_통화관련거래,0,외국계증권사,B,SF205,각주항목(09.06월 이후)
53111,201703,0011218,홍콩상하이증권서울지점,C13,파생상품계약_장내파생상품_주식관련거래,0,외국계증권사,B,SF205,각주항목(09.06월 이후)
53112,201703,0011218,홍콩상하이증권서울지점,C14,파생상품계약_장내파생상품_일반상품관련거래,0,외국계증권사,B,SF205,각주항목(09.06월 이후)
53113,201703,0011218,홍콩상하이증권서울지점,C15,파생상품계약_장내파생상품_기타,0,외국계증권사,B,SF205,각주항목(09.06월 이후)
53114,201703,0011218,홍콩상하이증권서울지점,C2,파생상품계약_장외파생상품,0,외국계증권사,B,SF205,각주항목(09.06월 이후)
53115,201703,0011218,홍콩상하이증권서울지점,C21,파생상품계약_장외파생상품_이자율관련거래,0,외국계증권사,B,SF205,각주항목(09.06월 이후)
53116,201703,0011218,홍콩상하이증권서울지점,C22,파생상품계약_장외파생상품_통화관련거래,0,외국계증권사,B,SF205,각주항목(09.06월 이후)
53117,201703,0011218,홍콩상하이증권서울지점,C23,파생상품계약_장외파생상품_주식관련거래,0,외국계증권사,B,SF205,각주항목(09.06월 이후)
53118,201703,0011218,홍콩상하이증권서울지점,C24,파생상품계약_장외파생상품_신용관련거래,0,외국계증권사,B,SF205,각주항목(09.06월 이후)
53119,201703,0011218,홍콩상하이증권서울지점,C25,파생상품계약_장외파생상품_기타,0,외국계증권사,B,SF205,각주항목(09.06월 이후)
53120,201703,0011218,홍콩상하이증권서울지점,D,대차 및 대주거래,0,외국계증권사,B,SF205,각주항목(09.06월 이후)
53121,201703,0011218,홍콩상하이증권서울지점,D1,대차 및 대주거래_대여증권,0,외국계증권사,B,SF205,각주항목(09.06월 이후)
53122,201703,0011218,홍콩상하이증권서울지점,D2,대차 및 대주거래_차입증권,0,외국계증권사,B,SF205,각주항목(09.06월 이후)
53123,201703,0011218,홍콩상하이증권서울지점,D3,대차 및 대주거래_신용거래대주,0,외국계증권사,B,SF205,각주항목(09.06월 이후)
53124,201703,0011218,홍콩상하이증권서울지점,E,대손상각채권,0,외국계증권사,B,SF205,각주항목(09.06월 이후)
53125,201703,0011218,홍콩상하이증권서울지점,F,환전업무 예치금,0,외국계증권사,B,SF205,각주항목(09.06월 이후)
53126,201703,0011218,홍콩상하이증권서울지점,G,미배당별도예치금,0,외국계증권사,B,SF205,각주항목(09.06월 이후)
53127,201703,0011218,홍콩상하이증권서울지점,H,배서어음매출(종금계정),0,외국계증권사,B,SF205,각주항목(09.06월 이후)
53128,201703,0011218,홍콩상하이증권서울지점,H1,대출채권매매이익_담보부,0,외국계증권사,B,SF205,각주항목(09.06월 이후)
53129,201703,0011218,홍콩상하이증권서울지점,H2,대출채권매매이익_무담보부,0,외국계증권사,B,SF205,각주항목(09.06월 이후)
53130,201706,0011218,홍콩상하이증권서울지점,A,채무보증,0,외국계증권사,B,SF205,각주항목(09.06월 이후)
53131,201706,0011218,홍콩상하이증권서울지점,A1,채무보증_지급보증,0,외국계증권사,B,SF205,각주항목(09.06월 이후)
53132,201706,0011218,홍콩상하이증권서울지점,A2,채무보증_매입보장약정,0,외국계증권사,B,SF205,각주항목(09.06월 이후)
53133,201706,0011218,홍콩상하이증권서울지점,A3,채무보증_채무인수약정,0,외국계증권사,B,SF205,각주항목(09.06월 이후)
53134,201706,0011218,홍콩상하이증권서울지점,A5,채무보증_매입확약,0,외국계증권사,B,SF205,각주항목(09.06월 이후)
53135,201706,0011218,홍콩상하이증권서울지점,A6,채무보증_기타,0,외국계증권사,B,SF205,각주항목(09.06월 이후)
53136,201706,0011218,홍콩상하이증권서울지점,B,투자자의 예수증권 등,0,외국계증권사,B,SF205,각주항목(09.06월 이후)
53137,201706,0011218,홍콩상하이증권서울지점,B1,투자자의 예수증권 등_예수 증권,0,외국계증권사,B,SF205,각주항목(09.06월 이후)
53138,201706,0011218,홍콩상하이증권서울지점,B2,투자자의 예수증권 등_예수양도성예금증서,0,외국계증권사,B,SF205,각주항목(09.06월 이후)
53139,201706,0011218,홍콩상하이증권서울지점,B3,투자자의 예수증권 등_기타,0,외국계증권사,B,SF205,각주항목(09.06월 이후)
53140,201706,0011218,홍콩상하이증권서울지점,C,파생상품계약,0,외국계증권사,B,SF205,각주항목(09.06월 이후)
53141,201706,0011218,홍콩상하이증권서울지점,C1,파생상품계약_장내파생상품,0,외국계증권사,B,SF205,각주항목(09.06월 이후)
53142,201706,0011218,홍콩상하이증권서울지점,C11,파생상품계약_장내파생상품_이자율관련거래,0,외국계증권사,B,SF205,각주항목(09.06월 이후)
53143,201706,0011218,홍콩상하이증권서울지점,C12,파생상품계약_장내파생상품_통화관련거래,0,외국계증권사,B,SF205,각주항목(09.06월 이후)
53144,201706,0011218,홍콩상하이증권서울지점,C13,파생상품계약_장내파생상품_주식관련거래,0,외국계증권사,B,SF205,각주항목(09.06월 이후)
53145,201706,0011218,홍콩상하이증권서울지점,C14,파생상품계약_장내파생상품_일반상품관련거래,0,외국계증권사,B,SF205,각주항목(09.06월 이후)
53146,201706,0011218,홍콩상하이증권서울지점,C15,파생상품계약_장내파생상품_기타,0,외국계증권사,B,SF205,각주항목(09.06월 이후)
53147,201706,0011218,홍콩상하이증권서울지점,C2,파생상품계약_장외파생상품,0,외국계증권사,B,SF205,각주항목(09.06월 이후)
53148,201706,0011218,홍콩상하이증권서울지점,C21,파생상품계약_장외파생상품_이자율관련거래,0,외국계증권사,B,SF205,각주항목(09.06월 이후)
53149,201706,0011218,홍콩상하이증권서울지점,C22,파생상품계약_장외파생상품_통화관련거래,0,외국계증권사,B,SF205,각주항목(09.06월 이후)
53150,201706,0011218,홍콩상하이증권서울지점,C23,파생상품계약_장외파생상품_주식관련거래,0,외국계증권사,B,SF205,각주항목(09.06월 이후)
53151,201706,0011218,홍콩상하이증권서울지점,C24,파생상품계약_장외파생상품_신용관련거래,0,외국계증권사,B,SF205,각주항목(09.06월 이후)
53152,201706,0011218,홍콩상하이증권서울지점,C25,파생상품계약_장외파생상품_기타,0,외국계증권사,B,SF205,각주항목(09.06월 이후)
53153,201706,0011218,홍콩상하이증권서울지점,D,대차 및 대주거래,0,외국계증권사,B,SF205,각주항목(09.06월 이후)
53154,201706,0011218,홍콩상하이증권서울지점,D1,대차 및 대주거래_대여증권,0,외국계증권사,B,SF205,각주항목(09.06월 이후)
53155,201706,0011218,홍콩상하이증권서울지점,D2,대차 및 대주거래_차입증권,0,외국계증권사,B,SF205,각주항목(09.06월 이후)
53156,201706,0011218,홍콩상하이증권서울지점,D3,대차 및 대주거래_신용거래대주,0,외국계증권사,B,SF205,각주항목(09.06월 이후)
53157,201706,0011218,홍콩상하이증권서울지점,E,대손상각채권,0,외국계증권사,B,SF205,각주항목(09.06월 이후)
53158,201706,0011218,홍콩상하이증권서울지점,F,환전업무 예치금,0,외국계증권사,B,SF205,각주항목(09.06월 이후)
53159,201706,0011218,홍콩상하이증권서울지점,G,미배당별도예치금,0,외국계증권사,B,SF205,각주항목(09.06월 이후)
53160,201706,0011218,홍콩상하이증권서울지점,H,배서어음매출(종금계정),0,외국계증권사,B,SF205,각주항목(09.06월 이후)
53161,201706,0011218,홍콩상하이증권서울지점,H1,대출채권매매이익_담보부,0,외국계증권사,B,SF205,각주항목(09.06월 이후)
53162,201706,0011218,홍콩상하이증권서울지점,H2,대출채권매매이익_무담보부,0,외국계증권사,B,SF205,각주항목(09.06월 이후)
53163,201709,0011218,홍콩상하이증권서울지점,A,채무보증,0,외국계증권사,B,SF205,각주항목(09.06월 이후)
53164,201709,0011218,홍콩상하이증권서울지점,A1,채무보증_지급보증,0,외국계증권사,B,SF205,각주항목(09.06월 이후)
53165,201709,0011218,홍콩상하이증권서울지점,A2,채무보증_매입보장약정,0,외국계증권사,B,SF205,각주항목(09.06월 이후)
53166,201709,0011218,홍콩상하이증권서울지점,A3,채무보증_채무인수약정,0,외국계증권사,B,SF205,각주항목(09.06월 이후)
53167,201709,0011218,홍콩상하이증권서울지점,A5,채무보증_매입확약,0,외국계증권사,B,SF205,각주항목(09.06월 이후)
53168,201709,0011218,홍콩상하이증권서울지점,A6,채무보증_기타,0,외국계증권사,B,SF205,각주항목(09.06월 이후)
53169,201709,0011218,홍콩상하이증권서울지점,B,투자자의 예수증권 등,0,외국계증권사,B,SF205,각주항목(09.06월 이후)
53170,201709,0011218,홍콩상하이증권서울지점,B1,투자자의 예수증권 등_예수 증권,0,외국계증권사,B,SF205,각주항목(09.06월 이후)
53171,201709,0011218,홍콩상하이증권서울지점,B2,투자자의 예수증권 등_예수양도성예금증서,0,외국계증권사,B,SF205,각주항목(09.06월 이후)
53172,201709,0011218,홍콩상하이증권서울지점,B3,투자자의 예수증권 등_기타,0,외국계증권사,B,SF205,각주항목(09.06월 이후)
53173,201709,0011218,홍콩상하이증권서울지점,C,파생상품계약,0,외국계증권사,B,SF205,각주항목(09.06월 이후)
53174,201709,0011218,홍콩상하이증권서울지점,C1,파생상품계약_장내파생상품,0,외국계증권사,B,SF205,각주항목(09.06월 이후)
53175,201709,0011218,홍콩상하이증권서울지점,C11,파생상품계약_장내파생상품_이자율관련거래,0,외국계증권사,B,SF205,각주항목(09.06월 이후)
53176,201709,0011218,홍콩상하이증권서울지점,C12,파생상품계약_장내파생상품_통화관련거래,0,외국계증권사,B,SF205,각주항목(09.06월 이후)
53177,201709,0011218,홍콩상하이증권서울지점,C13,파생상품계약_장내파생상품_주식관련거래,0,외국계증권사,B,SF205,각주항목(09.06월 이후)
53178,201709,0011218,홍콩상하이증권서울지점,C14,파생상품계약_장내파생상품_일반상품관련거래,0,외국계증권사,B,SF205,각주항목(09.06월 이후)
53179,201709,0011218,홍콩상하이증권서울지점,C15,파생상품계약_장내파생상품_기타,0,외국계증권사,B,SF205,각주항목(09.06월 이후)
53180,201709,0011218,홍콩상하이증권서울지점,C2,파생상품계약_장외파생상품,0,외국계증권사,B,SF205,각주항목(09.06월 이후)
53181,201709,0011218,홍콩상하이증권서울지점,C21,파생상품계약_장외파생상품_이자율관련거래,0,외국계증권사,B,SF205,각주항목(09.06월 이후)
53182,201709,0011218,홍콩상하이증권서울지점,C22,파생상품계약_장외파생상품_통화관련거래,0,외국계증권사,B,SF205,각주항목(09.06월 이후)
53183,201709,0011218,홍콩상하이증권서울지점,C23,파생상품계약_장외파생상품_주식관련거래,0,외국계증권사,B,SF205,각주항목(09.06월 이후)
53184,201709,0011218,홍콩상하이증권서울지점,C24,파생상품계약_장외파생상품_신용관련거래,0,외국계증권사,B,SF205,각주항목(09.06월 이후)
53185,201709,0011218,홍콩상하이증권서울지점,C25,파생상품계약_장외파생상품_기타,0,외국계증권사,B,SF205,각주항목(09.06월 이후)
53186,201709,0011218,홍콩상하이증권서울지점,D,대차 및 대주거래,0,외국계증권사,B,SF205,각주항목(09.06월 이후)
53187,201709,0011218,홍콩상하이증권서울지점,D1,대차 및 대주거래_대여증권,0,외국계증권사,B,SF205,각주항목(09.06월 이후)
53188,201709,0011218,홍콩상하이증권서울지점,D2,대차 및 대주거래_차입증권,0,외국계증권사,B,SF205,각주항목(09.06월 이후)
53189,201709,0011218,홍콩상하이증권서울지점,D3,대차 및 대주거래_신용거래대주,0,외국계증권사,B,SF205,각주항목(09.06월 이후)
53190,201709,0011218,홍콩상하이증권서울지점,E,대손상각채권,0,외국계증권사,B,SF205,각주항목(09.06월 이후)
53191,201709,0011218,홍콩상하이증권서울지점,F,환전업무 예치금,0,외국계증권사,B,SF205,각주항목(09.06월 이후)
53192,201709,0011218,홍콩상하이증권서울지점,G,미배당별도예치금,0,외국계증권사,B,SF205,각주항목(09.06월 이후)
53193,201709,0011218,홍콩상하이증권서울지점,H,배서어음매출(종금계정),0,외국계증권사,B,SF205,각주항목(09.06월 이후)
53194,201709,0011218,홍콩상하이증권서울지점,H1,대출채권매매이익_담보부,0,외국계증권사,B,SF205,각주항목(09.06월 이후)
53195,201709,0011218,홍콩상하이증권서울지점,H2,대출채권매매이익_무담보부,0,외국계증권사,B,SF205,각주항목(09.06월 이후)
53196,201712,0011218,홍콩상하이증권서울지점,A,채무보증,0,외국계증권사,B,SF205,각주항목(09.06월 이후)
53197,201712,0011218,홍콩상하이증권서울지점,A1,채무보증_지급보증,0,외국계증권사,B,SF205,각주항목(09.06월 이후)
53198,201712,0011218,홍콩상하이증권서울지점,A2,채무보증_매입보장약정,0,외국계증권사,B,SF205,각주항목(09.06월 이후)
53199,201712,0011218,홍콩상하이증권서울지점,A3,채무보증_채무인수약정,0,외국계증권사,B,SF205,각주항목(09.06월 이후)
53200,201712,0011218,홍콩상하이증권서울지점,A5,채무보증_매입확약,0,외국계증권사,B,SF205,각주항목(09.06월 이후)
53201,201712,0011218,홍콩상하이증권서울지점,A6,채무보증_기타,0,외국계증권사,B,SF205,각주항목(09.06월 이후)
53202,201712,0011218,홍콩상하이증권서울지점,B,투자자의 예수증권 등,0,외국계증권사,B,SF205,각주항목(09.06월 이후)
53203,201712,0011218,홍콩상하이증권서울지점,B1,투자자의 예수증권 등_예수 증권,0,외국계증권사,B,SF205,각주항목(09.06월 이후)
53204,201712,0011218,홍콩상하이증권서울지점,B2,투자자의 예수증권 등_예수양도성예금증서,0,외국계증권사,B,SF205,각주항목(09.06월 이후)
53205,201712,0011218,홍콩상하이증권서울지점,B3,투자자의 예수증권 등_기타,0,외국계증권사,B,SF205,각주항목(09.06월 이후)
53206,201712,0011218,홍콩상하이증권서울지점,C,파생상품계약,0,외국계증권사,B,SF205,각주항목(09.06월 이후)
53207,201712,0011218,홍콩상하이증권서울지점,C1,파생상품계약_장내파생상품,0,외국계증권사,B,SF205,각주항목(09.06월 이후)
53208,201712,0011218,홍콩상하이증권서울지점,C11,파생상품계약_장내파생상품_이자율관련거래,0,외국계증권사,B,SF205,각주항목(09.06월 이후)
53209,201712,0011218,홍콩상하이증권서울지점,C12,파생상품계약_장내파생상품_통화관련거래,0,외국계증권사,B,SF205,각주항목(09.06월 이후)
53210,201712,0011218,홍콩상하이증권서울지점,C13,파생상품계약_장내파생상품_주식관련거래,0,외국계증권사,B,SF205,각주항목(09.06월 이후)
53211,201712,0011218,홍콩상하이증권서울지점,C14,파생상품계약_장내파생상품_일반상품관련거래,0,외국계증권사,B,SF205,각주항목(09.06월 이후)
53212,201712,0011218,홍콩상하이증권서울지점,C15,파생상품계약_장내파생상품_기타,0,외국계증권사,B,SF205,각주항목(09.06월 이후)
53213,201712,0011218,홍콩상하이증권서울지점,C2,파생상품계약_장외파생상품,0,외국계증권사,B,SF205,각주항목(09.06월 이후)
53214,201712,0011218,홍콩상하이증권서울지점,C21,파생상품계약_장외파생상품_이자율관련거래,0,외국계증권사,B,SF205,각주항목(09.06월 이후)
53215,201712,0011218,홍콩상하이증권서울지점,C22,파생상품계약_장외파생상품_통화관련거래,0,외국계증권사,B,SF205,각주항목(09.06월 이후)
53216,201712,0011218,홍콩상하이증권서울지점,C23,파생상품계약_장외파생상품_주식관련거래,0,외국계증권사,B,SF205,각주항목(09.06월 이후)
53217,201712,0011218,홍콩상하이증권서울지점,C24,파생상품계약_장외파생상품_신용관련거래,0,외국계증권사,B,SF205,각주항목(09.06월 이후)
53218,201712,0011218,홍콩상하이증권서울지점,C25,파생상품계약_장외파생상품_기타,0,외국계증권사,B,SF205,각주항목(09.06월 이후)
53219,201712,0011218,홍콩상하이증권서울지점,D,대차 및 대주거래,0,외국계증권사,B,SF205,각주항목(09.06월 이후)
53220,201712,0011218,홍콩상하이증권서울지점,D1,대차 및 대주거래_대여증권,0,외국계증권사,B,SF205,각주항목(09.06월 이후)
53221,201712,0011218,홍콩상하이증권서울지점,D2,대차 및 대주거래_차입증권,0,외국계증권사,B,SF205,각주항목(09.06월 이후)
53222,201712,0011218,홍콩상하이증권서울지점,D3,대차 및 대주거래_신용거래대주,0,외국계증권사,B,SF205,각주항목(09.06월 이후)
53223,201712,0011218,홍콩상하이증권서울지점,E,대손상각채권,0,외국계증권사,B,SF205,각주항목(09.06월 이후)
53224,201712,0011218,홍콩상하이증권서울지점,F,환전업무 예치금,0,외국계증권사,B,SF205,각주항목(09.06월 이후)
53225,201712,0011218,홍콩상하이증권서울지점,G,미배당별도예치금,0,외국계증권사,B,SF205,각주항목(09.06월 이후)
53226,201712,0011218,홍콩상하이증권서울지점,H,배서어음매출(종금계정),0,외국계증권사,B,SF205,각주항목(09.06월 이후)
53227,201712,0011218,홍콩상하이증권서울지점,H1,대출채권매매이익_담보부,0,외국계증권사,B,SF205,각주항목(09.06월 이후)
53228,201712,0011218,홍콩상하이증권서울지점,H2,대출채권매매이익_무담보부,0,외국계증권사,B,SF205,각주항목(09.06월 이후)
53229,201803,0011218,홍콩상하이증권서울지점,A,채무보증,0,외국계증권사,B,SF205,각주항목(09.06월 이후)
53230,201803,0011218,홍콩상하이증권서울지점,A1,채무보증_지급보증,0,외국계증권사,B,SF205,각주항목(09.06월 이후)
53231,201803,0011218,홍콩상하이증권서울지점,A2,채무보증_매입보장약정,0,외국계증권사,B,SF205,각주항목(09.06월 이후)
53232,201803,0011218,홍콩상하이증권서울지점,A3,채무보증_채무인수약정,0,외국계증권사,B,SF205,각주항목(09.06월 이후)
53233,201803,0011218,홍콩상하이증권서울지점,A5,채무보증_매입확약,0,외국계증권사,B,SF205,각주항목(09.06월 이후)
53234,201803,0011218,홍콩상하이증권서울지점,A6,채무보증_기타,0,외국계증권사,B,SF205,각주항목(09.06월 이후)
53235,201803,0011218,홍콩상하이증권서울지점,B,투자자의 예수증권 등,0,외국계증권사,B,SF205,각주항목(09.06월 이후)
53236,201803,0011218,홍콩상하이증권서울지점,B1,투자자의 예수증권 등_예수 증권,0,외국계증권사,B,SF205,각주항목(09.06월 이후)
53237,201803,0011218,홍콩상하이증권서울지점,B2,투자자의 예수증권 등_예수양도성예금증서,0,외국계증권사,B,SF205,각주항목(09.06월 이후)
53238,201803,0011218,홍콩상하이증권서울지점,B3,투자자의 예수증권 등_기타,0,외국계증권사,B,SF205,각주항목(09.06월 이후)
53239,201803,0011218,홍콩상하이증권서울지점,C,파생상품계약,0,외국계증권사,B,SF205,각주항목(09.06월 이후)
53240,201803,0011218,홍콩상하이증권서울지점,C1,파생상품계약_장내파생상품,0,외국계증권사,B,SF205,각주항목(09.06월 이후)
53241,201803,0011218,홍콩상하이증권서울지점,C11,파생상품계약_장내파생상품_이자율관련거래,0,외국계증권사,B,SF205,각주항목(09.06월 이후)
53242,201803,0011218,홍콩상하이증권서울지점,C12,파생상품계약_장내파생상품_통화관련거래,0,외국계증권사,B,SF205,각주항목(09.06월 이후)
53243,201803,0011218,홍콩상하이증권서울지점,C13,파생상품계약_장내파생상품_주식관련거래,0,외국계증권사,B,SF205,각주항목(09.06월 이후)
53244,201803,0011218,홍콩상하이증권서울지점,C14,파생상품계약_장내파생상품_일반상품관련거래,0,외국계증권사,B,SF205,각주항목(09.06월 이후)
53245,201803,0011218,홍콩상하이증권서울지점,C15,파생상품계약_장내파생상품_기타,0,외국계증권사,B,SF205,각주항목(09.06월 이후)
53246,201803,0011218,홍콩상하이증권서울지점,C2,파생상품계약_장외파생상품,0,외국계증권사,B,SF205,각주항목(09.06월 이후)
53247,201803,0011218,홍콩상하이증권서울지점,C21,파생상품계약_장외파생상품_이자율관련거래,0,외국계증권사,B,SF205,각주항목(09.06월 이후)
53248,201803,0011218,홍콩상하이증권서울지점,C22,파생상품계약_장외파생상품_통화관련거래,0,외국계증권사,B,SF205,각주항목(09.06월 이후)
53249,201803,0011218,홍콩상하이증권서울지점,C23,파생상품계약_장외파생상품_주식관련거래,0,외국계증권사,B,SF205,각주항목(09.06월 이후)
53250,201803,0011218,홍콩상하이증권서울지점,C24,파생상품계약_장외파생상품_신용관련거래,0,외국계증권사,B,SF205,각주항목(09.06월 이후)
53251,201803,0011218,홍콩상하이증권서울지점,C25,파생상품계약_장외파생상품_기타,0,외국계증권사,B,SF205,각주항목(09.06월 이후)
53252,201803,0011218,홍콩상하이증권서울지점,D,대차 및 대주거래,0,외국계증권사,B,SF205,각주항목(09.06월 이후)
53253,201803,0011218,홍콩상하이증권서울지점,D1,대차 및 대주거래_대여증권,0,외국계증권사,B,SF205,각주항목(09.06월 이후)
53254,201803,0011218,홍콩상하이증권서울지점,D2,대차 및 대주거래_차입증권,0,외국계증권사,B,SF205,각주항목(09.06월 이후)
53255,201803,0011218,홍콩상하이증권서울지점,D3,대차 및 대주거래_신용거래대주,0,외국계증권사,B,SF205,각주항목(09.06월 이후)
53256,201803,0011218,홍콩상하이증권서울지점,E,대손상각채권,0,외국계증권사,B,SF205,각주항목(09.06월 이후)
53257,201803,0011218,홍콩상하이증권서울지점,F,환전업무 예치금,0,외국계증권사,B,SF205,각주항목(09.06월 이후)
53258,201803,0011218,홍콩상하이증권서울지점,G,미배당별도예치금,0,외국계증권사,B,SF205,각주항목(09.06월 이후)
53259,201803,0011218,홍콩상하이증권서울지점,H,배서어음매출(종금계정),0,외국계증권사,B,SF205,각주항목(09.06월 이후)
53260,201803,0011218,홍콩상하이증권서울지점,H1,대출채권매매이익_담보부,0,외국계증권사,B,SF205,각주항목(09.06월 이후)
53261,201803,0011218,홍콩상하이증권서울지점,H2,대출채권매매이익_무담보부,0,외국계증권사,B,SF205,각주항목(09.06월 이후)
53262,201806,0011218,홍콩상하이증권서울지점,A,채무보증,0,외국계증권사,B,SF205,각주항목(09.06월 이후)
53263,201806,0011218,홍콩상하이증권서울지점,A1,채무보증_지급보증,0,외국계증권사,B,SF205,각주항목(09.06월 이후)
53264,201806,0011218,홍콩상하이증권서울지점,A2,채무보증_매입보장약정,0,외국계증권사,B,SF205,각주항목(09.06월 이후)
53265,201806,0011218,홍콩상하이증권서울지점,A3,채무보증_채무인수약정,0,외국계증권사,B,SF205,각주항목(09.06월 이후)
53266,201806,0011218,홍콩상하이증권서울지점,A5,채무보증_매입확약,0,외국계증권사,B,SF205,각주항목(09.06월 이후)
53267,201806,0011218,홍콩상하이증권서울지점,A6,채무보증_기타,0,외국계증권사,B,SF205,각주항목(09.06월 이후)
53268,201806,0011218,홍콩상하이증권서울지점,B,투자자의 예수증권 등,0,외국계증권사,B,SF205,각주항목(09.06월 이후)
53269,201806,0011218,홍콩상하이증권서울지점,B1,투자자의 예수증권 등_예수 증권,0,외국계증권사,B,SF205,각주항목(09.06월 이후)
53270,201806,0011218,홍콩상하이증권서울지점,B2,투자자의 예수증권 등_예수양도성예금증서,0,외국계증권사,B,SF205,각주항목(09.06월 이후)
53271,201806,0011218,홍콩상하이증권서울지점,B3,투자자의 예수증권 등_기타,0,외국계증권사,B,SF205,각주항목(09.06월 이후)
53272,201806,0011218,홍콩상하이증권서울지점,C,파생상품계약,0,외국계증권사,B,SF205,각주항목(09.06월 이후)
53273,201806,0011218,홍콩상하이증권서울지점,C1,파생상품계약_장내파생상품,0,외국계증권사,B,SF205,각주항목(09.06월 이후)
53274,201806,0011218,홍콩상하이증권서울지점,C11,파생상품계약_장내파생상품_이자율관련거래,0,외국계증권사,B,SF205,각주항목(09.06월 이후)
53275,201806,0011218,홍콩상하이증권서울지점,C12,파생상품계약_장내파생상품_통화관련거래,0,외국계증권사,B,SF205,각주항목(09.06월 이후)
53276,201806,0011218,홍콩상하이증권서울지점,C13,파생상품계약_장내파생상품_주식관련거래,0,외국계증권사,B,SF205,각주항목(09.06월 이후)
53277,201806,0011218,홍콩상하이증권서울지점,C14,파생상품계약_장내파생상품_일반상품관련거래,0,외국계증권사,B,SF205,각주항목(09.06월 이후)
53278,201806,0011218,홍콩상하이증권서울지점,C15,파생상품계약_장내파생상품_기타,0,외국계증권사,B,SF205,각주항목(09.06월 이후)
53279,201806,0011218,홍콩상하이증권서울지점,C2,파생상품계약_장외파생상품,0,외국계증권사,B,SF205,각주항목(09.06월 이후)
53280,201806,0011218,홍콩상하이증권서울지점,C21,파생상품계약_장외파생상품_이자율관련거래,0,외국계증권사,B,SF205,각주항목(09.06월 이후)
53281,201806,0011218,홍콩상하이증권서울지점,C22,파생상품계약_장외파생상품_통화관련거래,0,외국계증권사,B,SF205,각주항목(09.06월 이후)
53282,201806,0011218,홍콩상하이증권서울지점,C23,파생상품계약_장외파생상품_주식관련거래,0,외국계증권사,B,SF205,각주항목(09.06월 이후)
53283,201806,0011218,홍콩상하이증권서울지점,C24,파생상품계약_장외파생상품_신용관련거래,0,외국계증권사,B,SF205,각주항목(09.06월 이후)
53284,201806,0011218,홍콩상하이증권서울지점,C25,파생상품계약_장외파생상품_기타,0,외국계증권사,B,SF205,각주항목(09.06월 이후)
53285,201806,0011218,홍콩상하이증권서울지점,D,대차 및 대주거래,0,외국계증권사,B,SF205,각주항목(09.06월 이후)
53286,201806,0011218,홍콩상하이증권서울지점,D1,대차 및 대주거래_대여증권,0,외국계증권사,B,SF205,각주항목(09.06월 이후)
53287,201806,0011218,홍콩상하이증권서울지점,D2,대차 및 대주거래_차입증권,0,외국계증권사,B,SF205,각주항목(09.06월 이후)
53288,201806,0011218,홍콩상하이증권서울지점,D3,대차 및 대주거래_신용거래대주,0,외국계증권사,B,SF205,각주항목(09.06월 이후)
53289,201806,0011218,홍콩상하이증권서울지점,E,대손상각채권,0,외국계증권사,B,SF205,각주항목(09.06월 이후)
53290,201806,0011218,홍콩상하이증권서울지점,F,환전업무 예치금,0,외국계증권사,B,SF205,각주항목(09.06월 이후)
53291,201806,0011218,홍콩상하이증권서울지점,G,미배당별도예치금,0,외국계증권사,B,SF205,각주항목(09.06월 이후)
53292,201806,0011218,홍콩상하이증권서울지점,H,배서어음매출(종금계정),0,외국계증권사,B,SF205,각주항목(09.06월 이후)
53293,201806,0011218,홍콩상하이증권서울지점,H1,대출채권매매이익_담보부,0,외국계증권사,B,SF205,각주항목(09.06월 이후)
53294,201806,0011218,홍콩상하이증권서울지점,H2,대출채권매매이익_무담보부,0,외국계증권사,B,SF205,각주항목(09.06월 이후)
53295,201809,0011218,홍콩상하이증권서울지점,A,채무보증,0,외국계증권사,B,SF205,각주항목(09.06월 이후)
53296,201809,0011218,홍콩상하이증권서울지점,A1,채무보증_지급보증,0,외국계증권사,B,SF205,각주항목(09.06월 이후)
53297,201809,0011218,홍콩상하이증권서울지점,A2,채무보증_매입보장약정,0,외국계증권사,B,SF205,각주항목(09.06월 이후)
53298,201809,0011218,홍콩상하이증권서울지점,A3,채무보증_채무인수약정,0,외국계증권사,B,SF205,각주항목(09.06월 이후)
53299,201809,0011218,홍콩상하이증권서울지점,A5,채무보증_매입확약,0,외국계증권사,B,SF205,각주항목(09.06월 이후)
53300,201809,0011218,홍콩상하이증권서울지점,A6,채무보증_기타,0,외국계증권사,B,SF205,각주항목(09.06월 이후)
53301,201809,0011218,홍콩상하이증권서울지점,B,투자자의 예수증권 등,0,외국계증권사,B,SF205,각주항목(09.06월 이후)
53302,201809,0011218,홍콩상하이증권서울지점,B1,투자자의 예수증권 등_예수 증권,0,외국계증권사,B,SF205,각주항목(09.06월 이후)
53303,201809,0011218,홍콩상하이증권서울지점,B2,투자자의 예수증권 등_예수양도성예금증서,0,외국계증권사,B,SF205,각주항목(09.06월 이후)
53304,201809,0011218,홍콩상하이증권서울지점,B3,투자자의 예수증권 등_기타,0,외국계증권사,B,SF205,각주항목(09.06월 이후)
53305,201809,0011218,홍콩상하이증권서울지점,C,파생상품계약,0,외국계증권사,B,SF205,각주항목(09.06월 이후)
53306,201809,0011218,홍콩상하이증권서울지점,C1,파생상품계약_장내파생상품,0,외국계증권사,B,SF205,각주항목(09.06월 이후)
53307,201809,0011218,홍콩상하이증권서울지점,C11,파생상품계약_장내파생상품_이자율관련거래,0,외국계증권사,B,SF205,각주항목(09.06월 이후)
53308,201809,0011218,홍콩상하이증권서울지점,C12,파생상품계약_장내파생상품_통화관련거래,0,외국계증권사,B,SF205,각주항목(09.06월 이후)
53309,201809,0011218,홍콩상하이증권서울지점,C13,파생상품계약_장내파생상품_주식관련거래,0,외국계증권사,B,SF205,각주항목(09.06월 이후)
53310,201809,0011218,홍콩상하이증권서울지점,C14,파생상품계약_장내파생상품_일반상품관련거래,0,외국계증권사,B,SF205,각주항목(09.06월 이후)
53311,201809,0011218,홍콩상하이증권서울지점,C15,파생상품계약_장내파생상품_기타,0,외국계증권사,B,SF205,각주항목(09.06월 이후)
53312,201809,0011218,홍콩상하이증권서울지점,C2,파생상품계약_장외파생상품,0,외국계증권사,B,SF205,각주항목(09.06월 이후)
53313,201809,0011218,홍콩상하이증권서울지점,C21,파생상품계약_장외파생상품_이자율관련거래,0,외국계증권사,B,SF205,각주항목(09.06월 이후)
53314,201809,0011218,홍콩상하이증권서울지점,C22,파생상품계약_장외파생상품_통화관련거래,0,외국계증권사,B,SF205,각주항목(09.06월 이후)
53315,201809,0011218,홍콩상하이증권서울지점,C23,파생상품계약_장외파생상품_주식관련거래,0,외국계증권사,B,SF205,각주항목(09.06월 이후)
53316,201809,0011218,홍콩상하이증권서울지점,C24,파생상품계약_장외파생상품_신용관련거래,0,외국계증권사,B,SF205,각주항목(09.06월 이후)
53317,201809,0011218,홍콩상하이증권서울지점,C25,파생상품계약_장외파생상품_기타,0,외국계증권사,B,SF205,각주항목(09.06월 이후)
53318,201809,0011218,홍콩상하이증권서울지점,D,대차 및 대주거래,0,외국계증권사,B,SF205,각주항목(09.06월 이후)
53319,201809,0011218,홍콩상하이증권서울지점,D1,대차 및 대주거래_대여증권,0,외국계증권사,B,SF205,각주항목(09.06월 이후)
53320,201809,0011218,홍콩상하이증권서울지점,D2,대차 및 대주거래_차입증권,0,외국계증권사,B,SF205,각주항목(09.06월 이후)
53321,201809,0011218,홍콩상하이증권서울지점,D3,대차 및 대주거래_신용거래대주,0,외국계증권사,B,SF205,각주항목(09.06월 이후)
53322,201809,0011218,홍콩상하이증권서울지점,E,대손상각채권,0,외국계증권사,B,SF205,각주항목(09.06월 이후)
53323,201809,0011218,홍콩상하이증권서울지점,F,환전업무 예치금,0,외국계증권사,B,SF205,각주항목(09.06월 이후)
53324,201809,0011218,홍콩상하이증권서울지점,G,미배당별도예치금,0,외국계증권사,B,SF205,각주항목(09.06월 이후)
53325,201809,0011218,홍콩상하이증권서울지점,H,배서어음매출(종금계정),0,외국계증권사,B,SF205,각주항목(09.06월 이후)
53326,201809,0011218,홍콩상하이증권서울지점,H1,대출채권매매이익_담보부,0,외국계증권사,B,SF205,각주항목(09.06월 이후)
53327,201809,0011218,홍콩상하이증권서울지점,H2,대출채권매매이익_무담보부,0,외국계증권사,B,SF205,각주항목(09.06월 이후)
53328,201812,0011218,홍콩상하이증권서울지점,A,채무보증,0,외국계증권사,B,SF205,각주항목(09.06월 이후)
53329,201812,0011218,홍콩상하이증권서울지점,A1,채무보증_지급보증,0,외국계증권사,B,SF205,각주항목(09.06월 이후)
53330,201812,0011218,홍콩상하이증권서울지점,A2,채무보증_매입보장약정,0,외국계증권사,B,SF205,각주항목(09.06월 이후)
53331,201812,0011218,홍콩상하이증권서울지점,A3,채무보증_채무인수약정,0,외국계증권사,B,SF205,각주항목(09.06월 이후)
53332,201812,0011218,홍콩상하이증권서울지점,A5,채무보증_매입확약,0,외국계증권사,B,SF205,각주항목(09.06월 이후)
53333,201812,0011218,홍콩상하이증권서울지점,A6,채무보증_기타,0,외국계증권사,B,SF205,각주항목(09.06월 이후)
53334,201812,0011218,홍콩상하이증권서울지점,B,투자자의 예수증권 등,0,외국계증권사,B,SF205,각주항목(09.06월 이후)
53335,201812,0011218,홍콩상하이증권서울지점,B1,투자자의 예수증권 등_예수 증권,0,외국계증권사,B,SF205,각주항목(09.06월 이후)
53336,201812,0011218,홍콩상하이증권서울지점,B2,투자자의 예수증권 등_예수양도성예금증서,0,외국계증권사,B,SF205,각주항목(09.06월 이후)
53337,201812,0011218,홍콩상하이증권서울지점,B3,투자자의 예수증권 등_기타,0,외국계증권사,B,SF205,각주항목(09.06월 이후)
53338,201812,0011218,홍콩상하이증권서울지점,C,파생상품계약,0,외국계증권사,B,SF205,각주항목(09.06월 이후)
53339,201812,0011218,홍콩상하이증권서울지점,C1,파생상품계약_장내파생상품,0,외국계증권사,B,SF205,각주항목(09.06월 이후)
53340,201812,0011218,홍콩상하이증권서울지점,C11,파생상품계약_장내파생상품_이자율관련거래,0,외국계증권사,B,SF205,각주항목(09.06월 이후)
53341,201812,0011218,홍콩상하이증권서울지점,C12,파생상품계약_장내파생상품_통화관련거래,0,외국계증권사,B,SF205,각주항목(09.06월 이후)
53342,201812,0011218,홍콩상하이증권서울지점,C13,파생상품계약_장내파생상품_주식관련거래,0,외국계증권사,B,SF205,각주항목(09.06월 이후)
53343,201812,0011218,홍콩상하이증권서울지점,C14,파생상품계약_장내파생상품_일반상품관련거래,0,외국계증권사,B,SF205,각주항목(09.06월 이후)
53344,201812,0011218,홍콩상하이증권서울지점,C15,파생상품계약_장내파생상품_기타,0,외국계증권사,B,SF205,각주항목(09.06월 이후)
53345,201812,0011218,홍콩상하이증권서울지점,C2,파생상품계약_장외파생상품,0,외국계증권사,B,SF205,각주항목(09.06월 이후)
53346,201812,0011218,홍콩상하이증권서울지점,C21,파생상품계약_장외파생상품_이자율관련거래,0,외국계증권사,B,SF205,각주항목(09.06월 이후)
53347,201812,0011218,홍콩상하이증권서울지점,C22,파생상품계약_장외파생상품_통화관련거래,0,외국계증권사,B,SF205,각주항목(09.06월 이후)
53348,201812,0011218,홍콩상하이증권서울지점,C23,파생상품계약_장외파생상품_주식관련거래,0,외국계증권사,B,SF205,각주항목(09.06월 이후)
53349,201812,0011218,홍콩상하이증권서울지점,C24,파생상품계약_장외파생상품_신용관련거래,0,외국계증권사,B,SF205,각주항목(09.06월 이후)
53350,201812,0011218,홍콩상하이증권서울지점,C25,파생상품계약_장외파생상품_기타,0,외국계증권사,B,SF205,각주항목(09.06월 이후)
53351,201812,0011218,홍콩상하이증권서울지점,D,대차 및 대주거래,0,외국계증권사,B,SF205,각주항목(09.06월 이후)
53352,201812,0011218,홍콩상하이증권서울지점,D1,대차 및 대주거래_대여증권,0,외국계증권사,B,SF205,각주항목(09.06월 이후)
53353,201812,0011218,홍콩상하이증권서울지점,D2,대차 및 대주거래_차입증권,0,외국계증권사,B,SF205,각주항목(09.06월 이후)
53354,201812,0011218,홍콩상하이증권서울지점,D3,대차 및 대주거래_신용거래대주,0,외국계증권사,B,SF205,각주항목(09.06월 이후)
53355,201812,0011218,홍콩상하이증권서울지점,E,대손상각채권,0,외국계증권사,B,SF205,각주항목(09.06월 이후)
53356,201812,0011218,홍콩상하이증권서울지점,F,환전업무 예치금,0,외국계증권사,B,SF205,각주항목(09.06월 이후)
53357,201812,0011218,홍콩상하이증권서울지점,G,미배당별도예치금,0,외국계증권사,B,SF205,각주항목(09.06월 이후)
53358,201812,0011218,홍콩상하이증권서울지점,H,배서어음매출(종금계정),0,외국계증권사,B,SF205,각주항목(09.06월 이후)
53359,201812,0011218,홍콩상하이증권서울지점,H1,대출채권매매이익_담보부,0,외국계증권사,B,SF205,각주항목(09.06월 이후)
53360,201812,0011218,홍콩상하이증권서울지점,H2,대출채권매매이익_무담보부,0,외국계증권사,B,SF205,각주항목(09.06월 이후)
53361,201903,0011218,홍콩상하이증권서울지점,A,채무보증,0,외국계증권사,B,SF205,각주항목(09.06월 이후)
53362,201903,0011218,홍콩상하이증권서울지점,A1,채무보증_지급보증,0,외국계증권사,B,SF205,각주항목(09.06월 이후)
53363,201903,0011218,홍콩상하이증권서울지점,A2,채무보증_매입보장약정,0,외국계증권사,B,SF205,각주항목(09.06월 이후)
53364,201903,0011218,홍콩상하이증권서울지점,A3,채무보증_채무인수약정,0,외국계증권사,B,SF205,각주항목(09.06월 이후)
53365,201903,0011218,홍콩상하이증권서울지점,A5,채무보증_매입확약,0,외국계증권사,B,SF205,각주항목(09.06월 이후)
53366,201903,0011218,홍콩상하이증권서울지점,A6,채무보증_기타,0,외국계증권사,B,SF205,각주항목(09.06월 이후)
53367,201903,0011218,홍콩상하이증권서울지점,B,투자자의 예수증권 등,0,외국계증권사,B,SF205,각주항목(09.06월 이후)
53368,201903,0011218,홍콩상하이증권서울지점,B1,투자자의 예수증권 등_예수 증권,0,외국계증권사,B,SF205,각주항목(09.06월 이후)
53369,201903,0011218,홍콩상하이증권서울지점,B2,투자자의 예수증권 등_예수양도성예금증서,0,외국계증권사,B,SF205,각주항목(09.06월 이후)
53370,201903,0011218,홍콩상하이증권서울지점,B3,투자자의 예수증권 등_기타,0,외국계증권사,B,SF205,각주항목(09.06월 이후)
53371,201903,0011218,홍콩상하이증권서울지점,C,파생상품계약,0,외국계증권사,B,SF205,각주항목(09.06월 이후)
53372,201903,0011218,홍콩상하이증권서울지점,C1,파생상품계약_장내파생상품,0,외국계증권사,B,SF205,각주항목(09.06월 이후)
53373,201903,0011218,홍콩상하이증권서울지점,C11,파생상품계약_장내파생상품_이자율관련거래,0,외국계증권사,B,SF205,각주항목(09.06월 이후)
53374,201903,0011218,홍콩상하이증권서울지점,C12,파생상품계약_장내파생상품_통화관련거래,0,외국계증권사,B,SF205,각주항목(09.06월 이후)
53375,201903,0011218,홍콩상하이증권서울지점,C13,파생상품계약_장내파생상품_주식관련거래,0,외국계증권사,B,SF205,각주항목(09.06월 이후)
53376,201903,0011218,홍콩상하이증권서울지점,C14,파생상품계약_장내파생상품_일반상품관련거래,0,외국계증권사,B,SF205,각주항목(09.06월 이후)
53377,201903,0011218,홍콩상하이증권서울지점,C15,파생상품계약_장내파생상품_기타,0,외국계증권사,B,SF205,각주항목(09.06월 이후)
53378,201903,0011218,홍콩상하이증권서울지점,C2,파생상품계약_장외파생상품,0,외국계증권사,B,SF205,각주항목(09.06월 이후)
53379,201903,0011218,홍콩상하이증권서울지점,C21,파생상품계약_장외파생상품_이자율관련거래,0,외국계증권사,B,SF205,각주항목(09.06월 이후)
53380,201903,0011218,홍콩상하이증권서울지점,C22,파생상품계약_장외파생상품_통화관련거래,0,외국계증권사,B,SF205,각주항목(09.06월 이후)
53381,201903,0011218,홍콩상하이증권서울지점,C23,파생상품계약_장외파생상품_주식관련거래,0,외국계증권사,B,SF205,각주항목(09.06월 이후)
53382,201903,0011218,홍콩상하이증권서울지점,C24,파생상품계약_장외파생상품_신용관련거래,0,외국계증권사,B,SF205,각주항목(09.06월 이후)
53383,201903,0011218,홍콩상하이증권서울지점,C25,파생상품계약_장외파생상품_기타,0,외국계증권사,B,SF205,각주항목(09.06월 이후)
53384,201903,0011218,홍콩상하이증권서울지점,D,대차 및 대주거래,0,외국계증권사,B,SF205,각주항목(09.06월 이후)
53385,201903,0011218,홍콩상하이증권서울지점,D1,대차 및 대주거래_대여증권,0,외국계증권사,B,SF205,각주항목(09.06월 이후)
53386,201903,0011218,홍콩상하이증권서울지점,D2,대차 및 대주거래_차입증권,0,외국계증권사,B,SF205,각주항목(09.06월 이후)
53387,201903,0011218,홍콩상하이증권서울지점,D3,대차 및 대주거래_신용거래대주,0,외국계증권사,B,SF205,각주항목(09.06월 이후)
53388,201903,0011218,홍콩상하이증권서울지점,E,대손상각채권,0,외국계증권사,B,SF205,각주항목(09.06월 이후)
53389,201903,0011218,홍콩상하이증권서울지점,F,환전업무 예치금,0,외국계증권사,B,SF205,각주항목(09.06월 이후)
53390,201903,0011218,홍콩상하이증권서울지점,G,미배당별도예치금,0,외국계증권사,B,SF205,각주항목(09.06월 이후)
53391,201903,0011218,홍콩상하이증권서울지점,H,배서어음매출(종금계정),0,외국계증권사,B,SF205,각주항목(09.06월 이후)
53392,201903,0011218,홍콩상하이증권서울지점,H1,대출채권매매이익_담보부,0,외국계증권사,B,SF205,각주항목(09.06월 이후)
53393,201903,0011218,홍콩상하이증권서울지점,H2,대출채권매매이익_무담보부,0,외국계증권사,B,SF205,각주항목(09.06월 이후)
53394,201906,0011218,홍콩상하이증권서울지점,A,채무보증,0,외국계증권사,B,SF205,각주항목(09.06월 이후)
53395,201906,0011218,홍콩상하이증권서울지점,A1,채무보증_지급보증,0,외국계증권사,B,SF205,각주항목(09.06월 이후)
53396,201906,0011218,홍콩상하이증권서울지점,A2,채무보증_매입보장약정,0,외국계증권사,B,SF205,각주항목(09.06월 이후)
53397,201906,0011218,홍콩상하이증권서울지점,A3,채무보증_채무인수약정,0,외국계증권사,B,SF205,각주항목(09.06월 이후)
53398,201906,0011218,홍콩상하이증권서울지점,A5,채무보증_매입확약,0,외국계증권사,B,SF205,각주항목(09.06월 이후)
53399,201906,0011218,홍콩상하이증권서울지점,A6,채무보증_기타,0,외국계증권사,B,SF205,각주항목(09.06월 이후)
53400,201906,0011218,홍콩상하이증권서울지점,B,투자자의 예수증권 등,0,외국계증권사,B,SF205,각주항목(09.06월 이후)
53401,201906,0011218,홍콩상하이증권서울지점,B1,투자자의 예수증권 등_예수 증권,0,외국계증권사,B,SF205,각주항목(09.06월 이후)
53402,201906,0011218,홍콩상하이증권서울지점,B2,투자자의 예수증권 등_예수양도성예금증서,0,외국계증권사,B,SF205,각주항목(09.06월 이후)
53403,201906,0011218,홍콩상하이증권서울지점,B3,투자자의 예수증권 등_기타,0,외국계증권사,B,SF205,각주항목(09.06월 이후)
53404,201906,0011218,홍콩상하이증권서울지점,C,파생상품계약,0,외국계증권사,B,SF205,각주항목(09.06월 이후)
53405,201906,0011218,홍콩상하이증권서울지점,C1,파생상품계약_장내파생상품,0,외국계증권사,B,SF205,각주항목(09.06월 이후)
53406,201906,0011218,홍콩상하이증권서울지점,C11,파생상품계약_장내파생상품_이자율관련거래,0,외국계증권사,B,SF205,각주항목(09.06월 이후)
53407,201906,0011218,홍콩상하이증권서울지점,C12,파생상품계약_장내파생상품_통화관련거래,0,외국계증권사,B,SF205,각주항목(09.06월 이후)
53408,201906,0011218,홍콩상하이증권서울지점,C13,파생상품계약_장내파생상품_주식관련거래,0,외국계증권사,B,SF205,각주항목(09.06월 이후)
53409,201906,0011218,홍콩상하이증권서울지점,C14,파생상품계약_장내파생상품_일반상품관련거래,0,외국계증권사,B,SF205,각주항목(09.06월 이후)
53410,201906,0011218,홍콩상하이증권서울지점,C15,파생상품계약_장내파생상품_기타,0,외국계증권사,B,SF205,각주항목(09.06월 이후)
53411,201906,0011218,홍콩상하이증권서울지점,C2,파생상품계약_장외파생상품,0,외국계증권사,B,SF205,각주항목(09.06월 이후)
53412,201906,0011218,홍콩상하이증권서울지점,C21,파생상품계약_장외파생상품_이자율관련거래,0,외국계증권사,B,SF205,각주항목(09.06월 이후)
53413,201906,0011218,홍콩상하이증권서울지점,C22,파생상품계약_장외파생상품_통화관련거래,0,외국계증권사,B,SF205,각주항목(09.06월 이후)
53414,201906,0011218,홍콩상하이증권서울지점,C23,파생상품계약_장외파생상품_주식관련거래,0,외국계증권사,B,SF205,각주항목(09.06월 이후)
53415,201906,0011218,홍콩상하이증권서울지점,C24,파생상품계약_장외파생상품_신용관련거래,0,외국계증권사,B,SF205,각주항목(09.06월 이후)
53416,201906,0011218,홍콩상하이증권서울지점,C25,파생상품계약_장외파생상품_기타,0,외국계증권사,B,SF205,각주항목(09.06월 이후)
53417,201906,0011218,홍콩상하이증권서울지점,D,대차 및 대주거래,0,외국계증권사,B,SF205,각주항목(09.06월 이후)
53418,201906,0011218,홍콩상하이증권서울지점,D1,대차 및 대주거래_대여증권,0,외국계증권사,B,SF205,각주항목(09.06월 이후)
53419,201906,0011218,홍콩상하이증권서울지점,D2,대차 및 대주거래_차입증권,0,외국계증권사,B,SF205,각주항목(09.06월 이후)
53420,201906,0011218,홍콩상하이증권서울지점,D3,대차 및 대주거래_신용거래대주,0,외국계증권사,B,SF205,각주항목(09.06월 이후)
53421,201906,0011218,홍콩상하이증권서울지점,E,대손상각채권,0,외국계증권사,B,SF205,각주항목(09.06월 이후)
53422,201906,0011218,홍콩상하이증권서울지점,F,환전업무 예치금,0,외국계증권사,B,SF205,각주항목(09.06월 이후)
53423,201906,0011218,홍콩상하이증권서울지점,G,미배당별도예치금,0,외국계증권사,B,SF205,각주항목(09.06월 이후)
53424,201906,0011218,홍콩상하이증권서울지점,H,배서어음매출(종금계정),0,외국계증권사,B,SF205,각주항목(09.06월 이후)
53425,201906,0011218,홍콩상하이증권서울지점,H1,대출채권매매이익_담보부,0,외국계증권사,B,SF205,각주항목(09.06월 이후)
53426,201906,0011218,홍콩상하이증권서울지점,H2,대출채권매매이익_무담보부,0,외국계증권사,B,SF205,각주항목(09.06월 이후)
53427,201909,0011218,홍콩상하이증권서울지점,A,채무보증,0,외국계증권사,B,SF205,각주항목(09.06월 이후)
53428,201909,0011218,홍콩상하이증권서울지점,A1,채무보증_지급보증,0,외국계증권사,B,SF205,각주항목(09.06월 이후)
53429,201909,0011218,홍콩상하이증권서울지점,A2,채무보증_매입보장약정,0,외국계증권사,B,SF205,각주항목(09.06월 이후)
53430,201909,0011218,홍콩상하이증권서울지점,A3,채무보증_채무인수약정,0,외국계증권사,B,SF205,각주항목(09.06월 이후)
53431,201909,0011218,홍콩상하이증권서울지점,A5,채무보증_매입확약,0,외국계증권사,B,SF205,각주항목(09.06월 이후)
53432,201909,0011218,홍콩상하이증권서울지점,A6,채무보증_기타,0,외국계증권사,B,SF205,각주항목(09.06월 이후)
53433,201909,0011218,홍콩상하이증권서울지점,B,투자자의 예수증권 등,0,외국계증권사,B,SF205,각주항목(09.06월 이후)
53434,201909,0011218,홍콩상하이증권서울지점,B1,투자자의 예수증권 등_예수 증권,0,외국계증권사,B,SF205,각주항목(09.06월 이후)
53435,201909,0011218,홍콩상하이증권서울지점,B2,투자자의 예수증권 등_예수양도성예금증서,0,외국계증권사,B,SF205,각주항목(09.06월 이후)
53436,201909,0011218,홍콩상하이증권서울지점,B3,투자자의 예수증권 등_기타,0,외국계증권사,B,SF205,각주항목(09.06월 이후)
53437,201909,0011218,홍콩상하이증권서울지점,C,파생상품계약,0,외국계증권사,B,SF205,각주항목(09.06월 이후)
53438,201909,0011218,홍콩상하이증권서울지점,C1,파생상품계약_장내파생상품,0,외국계증권사,B,SF205,각주항목(09.06월 이후)
53439,201909,0011218,홍콩상하이증권서울지점,C11,파생상품계약_장내파생상품_이자율관련거래,0,외국계증권사,B,SF205,각주항목(09.06월 이후)
53440,201909,0011218,홍콩상하이증권서울지점,C12,파생상품계약_장내파생상품_통화관련거래,0,외국계증권사,B,SF205,각주항목(09.06월 이후)
53441,201909,0011218,홍콩상하이증권서울지점,C13,파생상품계약_장내파생상품_주식관련거래,0,외국계증권사,B,SF205,각주항목(09.06월 이후)
53442,201909,0011218,홍콩상하이증권서울지점,C14,파생상품계약_장내파생상품_일반상품관련거래,0,외국계증권사,B,SF205,각주항목(09.06월 이후)
53443,201909,0011218,홍콩상하이증권서울지점,C15,파생상품계약_장내파생상품_기타,0,외국계증권사,B,SF205,각주항목(09.06월 이후)
53444,201909,0011218,홍콩상하이증권서울지점,C2,파생상품계약_장외파생상품,0,외국계증권사,B,SF205,각주항목(09.06월 이후)
53445,201909,0011218,홍콩상하이증권서울지점,C21,파생상품계약_장외파생상품_이자율관련거래,0,외국계증권사,B,SF205,각주항목(09.06월 이후)
53446,201909,0011218,홍콩상하이증권서울지점,C22,파생상품계약_장외파생상품_통화관련거래,0,외국계증권사,B,SF205,각주항목(09.06월 이후)
53447,201909,0011218,홍콩상하이증권서울지점,C23,파생상품계약_장외파생상품_주식관련거래,0,외국계증권사,B,SF205,각주항목(09.06월 이후)
53448,201909,0011218,홍콩상하이증권서울지점,C24,파생상품계약_장외파생상품_신용관련거래,0,외국계증권사,B,SF205,각주항목(09.06월 이후)
53449,201909,0011218,홍콩상하이증권서울지점,C25,파생상품계약_장외파생상품_기타,0,외국계증권사,B,SF205,각주항목(09.06월 이후)
53450,201909,0011218,홍콩상하이증권서울지점,D,대차 및 대주거래,0,외국계증권사,B,SF205,각주항목(09.06월 이후)
53451,201909,0011218,홍콩상하이증권서울지점,D1,대차 및 대주거래_대여증권,0,외국계증권사,B,SF205,각주항목(09.06월 이후)
53452,201909,0011218,홍콩상하이증권서울지점,D2,대차 및 대주거래_차입증권,0,외국계증권사,B,SF205,각주항목(09.06월 이후)
53453,201909,0011218,홍콩상하이증권서울지점,D3,대차 및 대주거래_신용거래대주,0,외국계증권사,B,SF205,각주항목(09.06월 이후)
53454,201909,0011218,홍콩상하이증권서울지점,E,대손상각채권,0,외국계증권사,B,SF205,각주항목(09.06월 이후)
53455,201909,0011218,홍콩상하이증권서울지점,F,환전업무 예치금,0,외국계증권사,B,SF205,각주항목(09.06월 이후)
53456,201909,0011218,홍콩상하이증권서울지점,G,미배당별도예치금,0,외국계증권사,B,SF205,각주항목(09.06월 이후)
53457,201909,0011218,홍콩상하이증권서울지점,H,배서어음매출(종금계정),0,외국계증권사,B,SF205,각주항목(09.06월 이후)
53458,201909,0011218,홍콩상하이증권서울지점,H1,대출채권매매이익_담보부,0,외국계증권사,B,SF205,각주항목(09.06월 이후)
53459,201909,0011218,홍콩상하이증권서울지점,H2,대출채권매매이익_무담보부,0,외국계증권사,B,SF205,각주항목(09.06월 이후)
53460,201912,0011218,홍콩상하이증권서울지점,A,채무보증,0,외국계증권사,B,SF205,각주항목(09.06월 이후)
53461,201912,0011218,홍콩상하이증권서울지점,A1,채무보증_지급보증,0,외국계증권사,B,SF205,각주항목(09.06월 이후)
53462,201912,0011218,홍콩상하이증권서울지점,A2,채무보증_매입보장약정,0,외국계증권사,B,SF205,각주항목(09.06월 이후)
53463,201912,0011218,홍콩상하이증권서울지점,A3,채무보증_채무인수약정,0,외국계증권사,B,SF205,각주항목(09.06월 이후)
53464,201912,0011218,홍콩상하이증권서울지점,A5,채무보증_매입확약,0,외국계증권사,B,SF205,각주항목(09.06월 이후)
53465,201912,0011218,홍콩상하이증권서울지점,A6,채무보증_기타,0,외국계증권사,B,SF205,각주항목(09.06월 이후)
53466,201912,0011218,홍콩상하이증권서울지점,B,투자자의 예수증권 등,0,외국계증권사,B,SF205,각주항목(09.06월 이후)
53467,201912,0011218,홍콩상하이증권서울지점,B1,투자자의 예수증권 등_예수 증권,0,외국계증권사,B,SF205,각주항목(09.06월 이후)
53468,201912,0011218,홍콩상하이증권서울지점,B2,투자자의 예수증권 등_예수양도성예금증서,0,외국계증권사,B,SF205,각주항목(09.06월 이후)
53469,201912,0011218,홍콩상하이증권서울지점,B3,투자자의 예수증권 등_기타,0,외국계증권사,B,SF205,각주항목(09.06월 이후)
53470,201912,0011218,홍콩상하이증권서울지점,C,파생상품계약,0,외국계증권사,B,SF205,각주항목(09.06월 이후)
53471,201912,0011218,홍콩상하이증권서울지점,C1,파생상품계약_장내파생상품,0,외국계증권사,B,SF205,각주항목(09.06월 이후)
53472,201912,0011218,홍콩상하이증권서울지점,C11,파생상품계약_장내파생상품_이자율관련거래,0,외국계증권사,B,SF205,각주항목(09.06월 이후)
53473,201912,0011218,홍콩상하이증권서울지점,C12,파생상품계약_장내파생상품_통화관련거래,0,외국계증권사,B,SF205,각주항목(09.06월 이후)
53474,201912,0011218,홍콩상하이증권서울지점,C13,파생상품계약_장내파생상품_주식관련거래,0,외국계증권사,B,SF205,각주항목(09.06월 이후)
53475,201912,0011218,홍콩상하이증권서울지점,C14,파생상품계약_장내파생상품_일반상품관련거래,0,외국계증권사,B,SF205,각주항목(09.06월 이후)
53476,201912,0011218,홍콩상하이증권서울지점,C15,파생상품계약_장내파생상품_기타,0,외국계증권사,B,SF205,각주항목(09.06월 이후)
53477,201912,0011218,홍콩상하이증권서울지점,C2,파생상품계약_장외파생상품,0,외국계증권사,B,SF205,각주항목(09.06월 이후)
53478,201912,0011218,홍콩상하이증권서울지점,C21,파생상품계약_장외파생상품_이자율관련거래,0,외국계증권사,B,SF205,각주항목(09.06월 이후)
53479,201912,0011218,홍콩상하이증권서울지점,C22,파생상품계약_장외파생상품_통화관련거래,0,외국계증권사,B,SF205,각주항목(09.06월 이후)
53480,201912,0011218,홍콩상하이증권서울지점,C23,파생상품계약_장외파생상품_주식관련거래,0,외국계증권사,B,SF205,각주항목(09.06월 이후)
53481,201912,0011218,홍콩상하이증권서울지점,C24,파생상품계약_장외파생상품_신용관련거래,0,외국계증권사,B,SF205,각주항목(09.06월 이후)
53482,201912,0011218,홍콩상하이증권서울지점,C25,파생상품계약_장외파생상품_기타,0,외국계증권사,B,SF205,각주항목(09.06월 이후)
53483,201912,0011218,홍콩상하이증권서울지점,D,대차 및 대주거래,0,외국계증권사,B,SF205,각주항목(09.06월 이후)
53484,201912,0011218,홍콩상하이증권서울지점,D1,대차 및 대주거래_대여증권,0,외국계증권사,B,SF205,각주항목(09.06월 이후)
53485,201912,0011218,홍콩상하이증권서울지점,D2,대차 및 대주거래_차입증권,0,외국계증권사,B,SF205,각주항목(09.06월 이후)
53486,201912,0011218,홍콩상하이증권서울지점,D3,대차 및 대주거래_신용거래대주,0,외국계증권사,B,SF205,각주항목(09.06월 이후)
53487,201912,0011218,홍콩상하이증권서울지점,E,대손상각채권,0,외국계증권사,B,SF205,각주항목(09.06월 이후)
53488,201912,0011218,홍콩상하이증권서울지점,F,환전업무 예치금,0,외국계증권사,B,SF205,각주항목(09.06월 이후)
53489,201912,0011218,홍콩상하이증권서울지점,G,미배당별도예치금,0,외국계증권사,B,SF205,각주항목(09.06월 이후)
53490,201912,0011218,홍콩상하이증권서울지점,H,배서어음매출(종금계정),0,외국계증권사,B,SF205,각주항목(09.06월 이후)
53491,201912,0011218,홍콩상하이증권서울지점,H1,대출채권매매이익_담보부,0,외국계증권사,B,SF205,각주항목(09.06월 이후)
53492,201912,0011218,홍콩상하이증권서울지점,H2,대출채권매매이익_무담보부,0,외국계증권사,B,SF205,각주항목(09.06월 이후)
53493,202003,0011218,홍콩상하이증권서울지점,A,채무보증,0,외국계증권사,B,SF205,각주항목(09.06월 이후)
53494,202003,0011218,홍콩상하이증권서울지점,A1,채무보증_지급보증,0,외국계증권사,B,SF205,각주항목(09.06월 이후)
53495,202003,0011218,홍콩상하이증권서울지점,A2,채무보증_매입보장약정,0,외국계증권사,B,SF205,각주항목(09.06월 이후)
53496,202003,0011218,홍콩상하이증권서울지점,A3,채무보증_채무인수약정,0,외국계증권사,B,SF205,각주항목(09.06월 이후)
53497,202003,0011218,홍콩상하이증권서울지점,A5,채무보증_매입확약,0,외국계증권사,B,SF205,각주항목(09.06월 이후)
53498,202003,0011218,홍콩상하이증권서울지점,A6,채무보증_기타,0,외국계증권사,B,SF205,각주항목(09.06월 이후)
53499,202003,0011218,홍콩상하이증권서울지점,B,투자자의 예수증권 등,0,외국계증권사,B,SF205,각주항목(09.06월 이후)
53500,202003,0011218,홍콩상하이증권서울지점,B1,투자자의 예수증권 등_예수 증권,0,외국계증권사,B,SF205,각주항목(09.06월 이후)
53501,202003,0011218,홍콩상하이증권서울지점,B2,투자자의 예수증권 등_예수양도성예금증서,0,외국계증권사,B,SF205,각주항목(09.06월 이후)
53502,202003,0011218,홍콩상하이증권서울지점,B3,투자자의 예수증권 등_기타,0,외국계증권사,B,SF205,각주항목(09.06월 이후)
53503,202003,0011218,홍콩상하이증권서울지점,C,파생상품계약,0,외국계증권사,B,SF205,각주항목(09.06월 이후)
53504,202003,0011218,홍콩상하이증권서울지점,C1,파생상품계약_장내파생상품,0,외국계증권사,B,SF205,각주항목(09.06월 이후)
53505,202003,0011218,홍콩상하이증권서울지점,C11,파생상품계약_장내파생상품_이자율관련거래,0,외국계증권사,B,SF205,각주항목(09.06월 이후)
53506,202003,0011218,홍콩상하이증권서울지점,C12,파생상품계약_장내파생상품_통화관련거래,0,외국계증권사,B,SF205,각주항목(09.06월 이후)
53507,202003,0011218,홍콩상하이증권서울지점,C13,파생상품계약_장내파생상품_주식관련거래,0,외국계증권사,B,SF205,각주항목(09.06월 이후)
53508,202003,0011218,홍콩상하이증권서울지점,C14,파생상품계약_장내파생상품_일반상품관련거래,0,외국계증권사,B,SF205,각주항목(09.06월 이후)
53509,202003,0011218,홍콩상하이증권서울지점,C15,파생상품계약_장내파생상품_기타,0,외국계증권사,B,SF205,각주항목(09.06월 이후)
53510,202003,0011218,홍콩상하이증권서울지점,C2,파생상품계약_장외파생상품,0,외국계증권사,B,SF205,각주항목(09.06월 이후)
53511,202003,0011218,홍콩상하이증권서울지점,C21,파생상품계약_장외파생상품_이자율관련거래,0,외국계증권사,B,SF205,각주항목(09.06월 이후)
53512,202003,0011218,홍콩상하이증권서울지점,C22,파생상품계약_장외파생상품_통화관련거래,0,외국계증권사,B,SF205,각주항목(09.06월 이후)
53513,202003,0011218,홍콩상하이증권서울지점,C23,파생상품계약_장외파생상품_주식관련거래,0,외국계증권사,B,SF205,각주항목(09.06월 이후)
53514,202003,0011218,홍콩상하이증권서울지점,C24,파생상품계약_장외파생상품_신용관련거래,0,외국계증권사,B,SF205,각주항목(09.06월 이후)
53515,202003,0011218,홍콩상하이증권서울지점,C25,파생상품계약_장외파생상품_기타,0,외국계증권사,B,SF205,각주항목(09.06월 이후)
53516,202003,0011218,홍콩상하이증권서울지점,D,대차 및 대주거래,0,외국계증권사,B,SF205,각주항목(09.06월 이후)
53517,202003,0011218,홍콩상하이증권서울지점,D1,대차 및 대주거래_대여증권,0,외국계증권사,B,SF205,각주항목(09.06월 이후)
53518,202003,0011218,홍콩상하이증권서울지점,D2,대차 및 대주거래_차입증권,0,외국계증권사,B,SF205,각주항목(09.06월 이후)
53519,202003,0011218,홍콩상하이증권서울지점,D3,대차 및 대주거래_신용거래대주,0,외국계증권사,B,SF205,각주항목(09.06월 이후)
53520,202003,0011218,홍콩상하이증권서울지점,E,대손상각채권,0,외국계증권사,B,SF205,각주항목(09.06월 이후)
53521,202003,0011218,홍콩상하이증권서울지점,F,환전업무 예치금,0,외국계증권사,B,SF205,각주항목(09.06월 이후)
53522,202003,0011218,홍콩상하이증권서울지점,G,미배당별도예치금,0,외국계증권사,B,SF205,각주항목(09.06월 이후)
53523,202003,0011218,홍콩상하이증권서울지점,H,배서어음매출(종금계정),0,외국계증권사,B,SF205,각주항목(09.06월 이후)
53524,202003,0011218,홍콩상하이증권서울지점,H1,대출채권매매이익_담보부,0,외국계증권사,B,SF205,각주항목(09.06월 이후)
53525,202003,0011218,홍콩상하이증권서울지점,H2,대출채권매매이익_무담보부,0,외국계증권사,B,SF205,각주항목(09.06월 이후)
53526,202006,0011218,홍콩상하이증권서울지점,A,채무보증,0,외국계증권사,B,SF205,각주항목(09.06월 이후)
53527,202006,0011218,홍콩상하이증권서울지점,A1,채무보증_지급보증,0,외국계증권사,B,SF205,각주항목(09.06월 이후)
53528,202006,0011218,홍콩상하이증권서울지점,A2,채무보증_매입보장약정,0,외국계증권사,B,SF205,각주항목(09.06월 이후)
53529,202006,0011218,홍콩상하이증권서울지점,A3,채무보증_채무인수약정,0,외국계증권사,B,SF205,각주항목(09.06월 이후)
53530,202006,0011218,홍콩상하이증권서울지점,A5,채무보증_매입확약,0,외국계증권사,B,SF205,각주항목(09.06월 이후)
53531,202006,0011218,홍콩상하이증권서울지점,A6,채무보증_기타,0,외국계증권사,B,SF205,각주항목(09.06월 이후)
53532,202006,0011218,홍콩상하이증권서울지점,B,투자자의 예수증권 등,0,외국계증권사,B,SF205,각주항목(09.06월 이후)
53533,202006,0011218,홍콩상하이증권서울지점,B1,투자자의 예수증권 등_예수 증권,0,외국계증권사,B,SF205,각주항목(09.06월 이후)
53534,202006,0011218,홍콩상하이증권서울지점,B2,투자자의 예수증권 등_예수양도성예금증서,0,외국계증권사,B,SF205,각주항목(09.06월 이후)
53535,202006,0011218,홍콩상하이증권서울지점,B3,투자자의 예수증권 등_기타,0,외국계증권사,B,SF205,각주항목(09.06월 이후)
53536,202006,0011218,홍콩상하이증권서울지점,C,파생상품계약,0,외국계증권사,B,SF205,각주항목(09.06월 이후)
53537,202006,0011218,홍콩상하이증권서울지점,C1,파생상품계약_장내파생상품,0,외국계증권사,B,SF205,각주항목(09.06월 이후)
53538,202006,0011218,홍콩상하이증권서울지점,C11,파생상품계약_장내파생상품_이자율관련거래,0,외국계증권사,B,SF205,각주항목(09.06월 이후)
53539,202006,0011218,홍콩상하이증권서울지점,C12,파생상품계약_장내파생상품_통화관련거래,0,외국계증권사,B,SF205,각주항목(09.06월 이후)
53540,202006,0011218,홍콩상하이증권서울지점,C13,파생상품계약_장내파생상품_주식관련거래,0,외국계증권사,B,SF205,각주항목(09.06월 이후)
53541,202006,0011218,홍콩상하이증권서울지점,C14,파생상품계약_장내파생상품_일반상품관련거래,0,외국계증권사,B,SF205,각주항목(09.06월 이후)
53542,202006,0011218,홍콩상하이증권서울지점,C15,파생상품계약_장내파생상품_기타,0,외국계증권사,B,SF205,각주항목(09.06월 이후)
53543,202006,0011218,홍콩상하이증권서울지점,C2,파생상품계약_장외파생상품,0,외국계증권사,B,SF205,각주항목(09.06월 이후)
53544,202006,0011218,홍콩상하이증권서울지점,C21,파생상품계약_장외파생상품_이자율관련거래,0,외국계증권사,B,SF205,각주항목(09.06월 이후)
53545,202006,0011218,홍콩상하이증권서울지점,C22,파생상품계약_장외파생상품_통화관련거래,0,외국계증권사,B,SF205,각주항목(09.06월 이후)
53546,202006,0011218,홍콩상하이증권서울지점,C23,파생상품계약_장외파생상품_주식관련거래,0,외국계증권사,B,SF205,각주항목(09.06월 이후)
53547,202006,0011218,홍콩상하이증권서울지점,C24,파생상품계약_장외파생상품_신용관련거래,0,외국계증권사,B,SF205,각주항목(09.06월 이후)
53548,202006,0011218,홍콩상하이증권서울지점,C25,파생상품계약_장외파생상품_기타,0,외국계증권사,B,SF205,각주항목(09.06월 이후)
53549,202006,0011218,홍콩상하이증권서울지점,D,대차 및 대주거래,0,외국계증권사,B,SF205,각주항목(09.06월 이후)
53550,202006,0011218,홍콩상하이증권서울지점,D1,대차 및 대주거래_대여증권,0,외국계증권사,B,SF205,각주항목(09.06월 이후)
53551,202006,0011218,홍콩상하이증권서울지점,D2,대차 및 대주거래_차입증권,0,외국계증권사,B,SF205,각주항목(09.06월 이후)
53552,202006,0011218,홍콩상하이증권서울지점,D3,대차 및 대주거래_신용거래대주,0,외국계증권사,B,SF205,각주항목(09.06월 이후)
53553,202006,0011218,홍콩상하이증권서울지점,E,대손상각채권,0,외국계증권사,B,SF205,각주항목(09.06월 이후)
53554,202006,0011218,홍콩상하이증권서울지점,F,환전업무 예치금,0,외국계증권사,B,SF205,각주항목(09.06월 이후)
53555,202006,0011218,홍콩상하이증권서울지점,G,미배당별도예치금,0,외국계증권사,B,SF205,각주항목(09.06월 이후)
53556,202006,0011218,홍콩상하이증권서울지점,H,배서어음매출(종금계정),0,외국계증권사,B,SF205,각주항목(09.06월 이후)
53557,202006,0011218,홍콩상하이증권서울지점,H1,대출채권매매이익_담보부,0,외국계증권사,B,SF205,각주항목(09.06월 이후)
53558,202006,0011218,홍콩상하이증권서울지점,H2,대출채권매매이익_무담보부,0,외국계증권사,B,SF205,각주항목(09.06월 이후)
53559,202009,0011218,홍콩상하이증권서울지점,A,채무보증,0,외국계증권사,B,SF205,각주항목(09.06월 이후)
53560,202009,0011218,홍콩상하이증권서울지점,A1,채무보증_지급보증,0,외국계증권사,B,SF205,각주항목(09.06월 이후)
53561,202009,0011218,홍콩상하이증권서울지점,A2,채무보증_매입보장약정,0,외국계증권사,B,SF205,각주항목(09.06월 이후)
53562,202009,0011218,홍콩상하이증권서울지점,A3,채무보증_채무인수약정,0,외국계증권사,B,SF205,각주항목(09.06월 이후)
53563,202009,0011218,홍콩상하이증권서울지점,A5,채무보증_매입확약,0,외국계증권사,B,SF205,각주항목(09.06월 이후)
53564,202009,0011218,홍콩상하이증권서울지점,A6,채무보증_기타,0,외국계증권사,B,SF205,각주항목(09.06월 이후)
53565,202009,0011218,홍콩상하이증권서울지점,B,투자자의 예수증권 등,0,외국계증권사,B,SF205,각주항목(09.06월 이후)
53566,202009,0011218,홍콩상하이증권서울지점,B1,투자자의 예수증권 등_예수 증권,0,외국계증권사,B,SF205,각주항목(09.06월 이후)
53567,202009,0011218,홍콩상하이증권서울지점,B2,투자자의 예수증권 등_예수양도성예금증서,0,외국계증권사,B,SF205,각주항목(09.06월 이후)
53568,202009,0011218,홍콩상하이증권서울지점,B3,투자자의 예수증권 등_기타,0,외국계증권사,B,SF205,각주항목(09.06월 이후)
53569,202009,0011218,홍콩상하이증권서울지점,C,파생상품계약,0,외국계증권사,B,SF205,각주항목(09.06월 이후)
53570,202009,0011218,홍콩상하이증권서울지점,C1,파생상품계약_장내파생상품,0,외국계증권사,B,SF205,각주항목(09.06월 이후)
53571,202009,0011218,홍콩상하이증권서울지점,C11,파생상품계약_장내파생상품_이자율관련거래,0,외국계증권사,B,SF205,각주항목(09.06월 이후)
53572,202009,0011218,홍콩상하이증권서울지점,C12,파생상품계약_장내파생상품_통화관련거래,0,외국계증권사,B,SF205,각주항목(09.06월 이후)
53573,202009,0011218,홍콩상하이증권서울지점,C13,파생상품계약_장내파생상품_주식관련거래,0,외국계증권사,B,SF205,각주항목(09.06월 이후)
53574,202009,0011218,홍콩상하이증권서울지점,C14,파생상품계약_장내파생상품_일반상품관련거래,0,외국계증권사,B,SF205,각주항목(09.06월 이후)
53575,202009,0011218,홍콩상하이증권서울지점,C15,파생상품계약_장내파생상품_기타,0,외국계증권사,B,SF205,각주항목(09.06월 이후)
53576,202009,0011218,홍콩상하이증권서울지점,C2,파생상품계약_장외파생상품,0,외국계증권사,B,SF205,각주항목(09.06월 이후)
53577,202009,0011218,홍콩상하이증권서울지점,C21,파생상품계약_장외파생상품_이자율관련거래,0,외국계증권사,B,SF205,각주항목(09.06월 이후)
53578,202009,0011218,홍콩상하이증권서울지점,C22,파생상품계약_장외파생상품_통화관련거래,0,외국계증권사,B,SF205,각주항목(09.06월 이후)
53579,202009,0011218,홍콩상하이증권서울지점,C23,파생상품계약_장외파생상품_주식관련거래,0,외국계증권사,B,SF205,각주항목(09.06월 이후)
53580,202009,0011218,홍콩상하이증권서울지점,C24,파생상품계약_장외파생상품_신용관련거래,0,외국계증권사,B,SF205,각주항목(09.06월 이후)
53581,202009,0011218,홍콩상하이증권서울지점,C25,파생상품계약_장외파생상품_기타,0,외국계증권사,B,SF205,각주항목(09.06월 이후)
53582,202009,0011218,홍콩상하이증권서울지점,D,대차 및 대주거래,0,외국계증권사,B,SF205,각주항목(09.06월 이후)
53583,202009,0011218,홍콩상하이증권서울지점,D1,대차 및 대주거래_대여증권,0,외국계증권사,B,SF205,각주항목(09.06월 이후)
53584,202009,0011218,홍콩상하이증권서울지점,D2,대차 및 대주거래_차입증권,0,외국계증권사,B,SF205,각주항목(09.06월 이후)
53585,202009,0011218,홍콩상하이증권서울지점,D3,대차 및 대주거래_신용거래대주,0,외국계증권사,B,SF205,각주항목(09.06월 이후)
53586,202009,0011218,홍콩상하이증권서울지점,E,대손상각채권,0,외국계증권사,B,SF205,각주항목(09.06월 이후)
53587,202009,0011218,홍콩상하이증권서울지점,F,환전업무 예치금,0,외국계증권사,B,SF205,각주항목(09.06월 이후)
53588,202009,0011218,홍콩상하이증권서울지점,G,미배당별도예치금,0,외국계증권사,B,SF205,각주항목(09.06월 이후)
53589,202009,0011218,홍콩상하이증권서울지점,H,배서어음매출(종금계정),0,외국계증권사,B,SF205,각주항목(09.06월 이후)
53590,202009,0011218,홍콩상하이증권서울지점,H1,대출채권매매이익_담보부,0,외국계증권사,B,SF205,각주항목(09.06월 이후)
53591,202009,0011218,홍콩상하이증권서울지점,H2,대출채권매매이익_무담보부,0,외국계증권사,B,SF205,각주항목(09.06월 이후)
53592,202012,0011218,홍콩상하이증권서울지점,A,채무보증,0,외국계증권사,B,SF205,각주항목(09.06월 이후)
53593,202012,0011218,홍콩상하이증권서울지점,A1,채무보증_지급보증,0,외국계증권사,B,SF205,각주항목(09.06월 이후)
53594,202012,0011218,홍콩상하이증권서울지점,A2,채무보증_매입보장약정,0,외국계증권사,B,SF205,각주항목(09.06월 이후)
53595,202012,0011218,홍콩상하이증권서울지점,A3,채무보증_채무인수약정,0,외국계증권사,B,SF205,각주항목(09.06월 이후)
53596,202012,0011218,홍콩상하이증권서울지점,A5,채무보증_매입확약,0,외국계증권사,B,SF205,각주항목(09.06월 이후)
53597,202012,0011218,홍콩상하이증권서울지점,A6,채무보증_기타,0,외국계증권사,B,SF205,각주항목(09.06월 이후)
53598,202012,0011218,홍콩상하이증권서울지점,B,투자자의 예수증권 등,0,외국계증권사,B,SF205,각주항목(09.06월 이후)
53599,202012,0011218,홍콩상하이증권서울지점,B1,투자자의 예수증권 등_예수 증권,0,외국계증권사,B,SF205,각주항목(09.06월 이후)
53600,202012,0011218,홍콩상하이증권서울지점,B2,투자자의 예수증권 등_예수양도성예금증서,0,외국계증권사,B,SF205,각주항목(09.06월 이후)
53601,202012,0011218,홍콩상하이증권서울지점,B3,투자자의 예수증권 등_기타,0,외국계증권사,B,SF205,각주항목(09.06월 이후)
53602,202012,0011218,홍콩상하이증권서울지점,C,파생상품계약,0,외국계증권사,B,SF205,각주항목(09.06월 이후)
53603,202012,0011218,홍콩상하이증권서울지점,C1,파생상품계약_장내파생상품,0,외국계증권사,B,SF205,각주항목(09.06월 이후)
53604,202012,0011218,홍콩상하이증권서울지점,C11,파생상품계약_장내파생상품_이자율관련거래,0,외국계증권사,B,SF205,각주항목(09.06월 이후)
53605,202012,0011218,홍콩상하이증권서울지점,C12,파생상품계약_장내파생상품_통화관련거래,0,외국계증권사,B,SF205,각주항목(09.06월 이후)
53606,202012,0011218,홍콩상하이증권서울지점,C13,파생상품계약_장내파생상품_주식관련거래,0,외국계증권사,B,SF205,각주항목(09.06월 이후)
53607,202012,0011218,홍콩상하이증권서울지점,C14,파생상품계약_장내파생상품_일반상품관련거래,0,외국계증권사,B,SF205,각주항목(09.06월 이후)
53608,202012,0011218,홍콩상하이증권서울지점,C15,파생상품계약_장내파생상품_기타,0,외국계증권사,B,SF205,각주항목(09.06월 이후)
53609,202012,0011218,홍콩상하이증권서울지점,C2,파생상품계약_장외파생상품,0,외국계증권사,B,SF205,각주항목(09.06월 이후)
53610,202012,0011218,홍콩상하이증권서울지점,C21,파생상품계약_장외파생상품_이자율관련거래,0,외국계증권사,B,SF205,각주항목(09.06월 이후)
53611,202012,0011218,홍콩상하이증권서울지점,C22,파생상품계약_장외파생상품_통화관련거래,0,외국계증권사,B,SF205,각주항목(09.06월 이후)
53612,202012,0011218,홍콩상하이증권서울지점,C23,파생상품계약_장외파생상품_주식관련거래,0,외국계증권사,B,SF205,각주항목(09.06월 이후)
53613,202012,0011218,홍콩상하이증권서울지점,C24,파생상품계약_장외파생상품_신용관련거래,0,외국계증권사,B,SF205,각주항목(09.06월 이후)
53614,202012,0011218,홍콩상하이증권서울지점,C25,파생상품계약_장외파생상품_기타,0,외국계증권사,B,SF205,각주항목(09.06월 이후)
53615,202012,0011218,홍콩상하이증권서울지점,D,대차 및 대주거래,0,외국계증권사,B,SF205,각주항목(09.06월 이후)
53616,202012,0011218,홍콩상하이증권서울지점,D1,대차 및 대주거래_대여증권,0,외국계증권사,B,SF205,각주항목(09.06월 이후)
53617,202012,0011218,홍콩상하이증권서울지점,D2,대차 및 대주거래_차입증권,0,외국계증권사,B,SF205,각주항목(09.06월 이후)
53618,202012,0011218,홍콩상하이증권서울지점,D3,대차 및 대주거래_신용거래대주,0,외국계증권사,B,SF205,각주항목(09.06월 이후)
53619,202012,0011218,홍콩상하이증권서울지점,E,대손상각채권,0,외국계증권사,B,SF205,각주항목(09.06월 이후)
53620,202012,0011218,홍콩상하이증권서울지점,F,환전업무 예치금,0,외국계증권사,B,SF205,각주항목(09.06월 이후)
53621,202012,0011218,홍콩상하이증권서울지점,G,미배당별도예치금,0,외국계증권사,B,SF205,각주항목(09.06월 이후)
53622,202012,0011218,홍콩상하이증권서울지점,H,배서어음매출(종금계정),0,외국계증권사,B,SF205,각주항목(09.06월 이후)
53623,202012,0011218,홍콩상하이증권서울지점,H1,대출채권매매이익_담보부,0,외국계증권사,B,SF205,각주항목(09.06월 이후)
53624,202012,0011218,홍콩상하이증권서울지점,H2,대출채권매매이익_무담보부,0,외국계증권사,B,SF205,각주항목(09.06월 이후)
53625,202103,0011218,홍콩상하이증권서울지점,A,채무보증,0,외국계증권사,B,SF205,각주항목(09.06월 이후)
53626,202103,0011218,홍콩상하이증권서울지점,A1,채무보증_지급보증,0,외국계증권사,B,SF205,각주항목(09.06월 이후)
53627,202103,0011218,홍콩상하이증권서울지점,A2,채무보증_매입보장약정,0,외국계증권사,B,SF205,각주항목(09.06월 이후)
53628,202103,0011218,홍콩상하이증권서울지점,A3,채무보증_채무인수약정,0,외국계증권사,B,SF205,각주항목(09.06월 이후)
53629,202103,0011218,홍콩상하이증권서울지점,A5,채무보증_매입확약,0,외국계증권사,B,SF205,각주항목(09.06월 이후)
53630,202103,0011218,홍콩상하이증권서울지점,A6,채무보증_기타,0,외국계증권사,B,SF205,각주항목(09.06월 이후)
53631,202103,0011218,홍콩상하이증권서울지점,B,투자자의 예수증권 등,0,외국계증권사,B,SF205,각주항목(09.06월 이후)
53632,202103,0011218,홍콩상하이증권서울지점,B1,투자자의 예수증권 등_예수 증권,0,외국계증권사,B,SF205,각주항목(09.06월 이후)
53633,202103,0011218,홍콩상하이증권서울지점,B2,투자자의 예수증권 등_예수양도성예금증서,0,외국계증권사,B,SF205,각주항목(09.06월 이후)
53634,202103,0011218,홍콩상하이증권서울지점,B3,투자자의 예수증권 등_기타,0,외국계증권사,B,SF205,각주항목(09.06월 이후)
53635,202103,0011218,홍콩상하이증권서울지점,C,파생상품계약,0,외국계증권사,B,SF205,각주항목(09.06월 이후)
53636,202103,0011218,홍콩상하이증권서울지점,C1,파생상품계약_장내파생상품,0,외국계증권사,B,SF205,각주항목(09.06월 이후)
53637,202103,0011218,홍콩상하이증권서울지점,C11,파생상품계약_장내파생상품_이자율관련거래,0,외국계증권사,B,SF205,각주항목(09.06월 이후)
53638,202103,0011218,홍콩상하이증권서울지점,C12,파생상품계약_장내파생상품_통화관련거래,0,외국계증권사,B,SF205,각주항목(09.06월 이후)
53639,202103,0011218,홍콩상하이증권서울지점,C13,파생상품계약_장내파생상품_주식관련거래,0,외국계증권사,B,SF205,각주항목(09.06월 이후)
53640,202103,0011218,홍콩상하이증권서울지점,C14,파생상품계약_장내파생상품_일반상품관련거래,0,외국계증권사,B,SF205,각주항목(09.06월 이후)
53641,202103,0011218,홍콩상하이증권서울지점,C15,파생상품계약_장내파생상품_기타,0,외국계증권사,B,SF205,각주항목(09.06월 이후)
53642,202103,0011218,홍콩상하이증권서울지점,C2,파생상품계약_장외파생상품,0,외국계증권사,B,SF205,각주항목(09.06월 이후)
53643,202103,0011218,홍콩상하이증권서울지점,C21,파생상품계약_장외파생상품_이자율관련거래,0,외국계증권사,B,SF205,각주항목(09.06월 이후)
53644,202103,0011218,홍콩상하이증권서울지점,C22,파생상품계약_장외파생상품_통화관련거래,0,외국계증권사,B,SF205,각주항목(09.06월 이후)
53645,202103,0011218,홍콩상하이증권서울지점,C23,파생상품계약_장외파생상품_주식관련거래,0,외국계증권사,B,SF205,각주항목(09.06월 이후)
53646,202103,0011218,홍콩상하이증권서울지점,C24,파생상품계약_장외파생상품_신용관련거래,0,외국계증권사,B,SF205,각주항목(09.06월 이후)
53647,202103,0011218,홍콩상하이증권서울지점,C25,파생상품계약_장외파생상품_기타,0,외국계증권사,B,SF205,각주항목(09.06월 이후)
53648,202103,0011218,홍콩상하이증권서울지점,D,대차 및 대주거래,0,외국계증권사,B,SF205,각주항목(09.06월 이후)
53649,202103,0011218,홍콩상하이증권서울지점,D1,대차 및 대주거래_대여증권,0,외국계증권사,B,SF205,각주항목(09.06월 이후)
53650,202103,0011218,홍콩상하이증권서울지점,D2,대차 및 대주거래_차입증권,0,외국계증권사,B,SF205,각주항목(09.06월 이후)
53651,202103,0011218,홍콩상하이증권서울지점,D3,대차 및 대주거래_신용거래대주,0,외국계증권사,B,SF205,각주항목(09.06월 이후)
53652,202103,0011218,홍콩상하이증권서울지점,E,대손상각채권,0,외국계증권사,B,SF205,각주항목(09.06월 이후)
53653,202103,0011218,홍콩상하이증권서울지점,F,환전업무 예치금,0,외국계증권사,B,SF205,각주항목(09.06월 이후)
53654,202103,0011218,홍콩상하이증권서울지점,G,미배당별도예치금,0,외국계증권사,B,SF205,각주항목(09.06월 이후)
53655,202103,0011218,홍콩상하이증권서울지점,H,배서어음매출(종금계정),0,외국계증권사,B,SF205,각주항목(09.06월 이후)
53656,202103,0011218,홍콩상하이증권서울지점,H1,대출채권매매이익_담보부,0,외국계증권사,B,SF205,각주항목(09.06월 이후)
53657,202103,0011218,홍콩상하이증권서울지점,H2,대출채권매매이익_무담보부,0,외국계증권사,B,SF205,각주항목(09.06월 이후)
53658,202106,0011218,홍콩상하이증권서울지점,A,채무보증,0,외국계증권사,B,SF205,각주항목(09.06월 이후)
53659,202106,0011218,홍콩상하이증권서울지점,A1,채무보증_지급보증,0,외국계증권사,B,SF205,각주항목(09.06월 이후)
53660,202106,0011218,홍콩상하이증권서울지점,A2,채무보증_매입보장약정,0,외국계증권사,B,SF205,각주항목(09.06월 이후)
53661,202106,0011218,홍콩상하이증권서울지점,A3,채무보증_채무인수약정,0,외국계증권사,B,SF205,각주항목(09.06월 이후)
53662,202106,0011218,홍콩상하이증권서울지점,A5,채무보증_매입확약,0,외국계증권사,B,SF205,각주항목(09.06월 이후)
53663,202106,0011218,홍콩상하이증권서울지점,A6,채무보증_기타,0,외국계증권사,B,SF205,각주항목(09.06월 이후)
53664,202106,0011218,홍콩상하이증권서울지점,B,투자자의 예수증권 등,0,외국계증권사,B,SF205,각주항목(09.06월 이후)
53665,202106,0011218,홍콩상하이증권서울지점,B1,투자자의 예수증권 등_예수 증권,0,외국계증권사,B,SF205,각주항목(09.06월 이후)
53666,202106,0011218,홍콩상하이증권서울지점,B2,투자자의 예수증권 등_예수양도성예금증서,0,외국계증권사,B,SF205,각주항목(09.06월 이후)
53667,202106,0011218,홍콩상하이증권서울지점,B3,투자자의 예수증권 등_기타,0,외국계증권사,B,SF205,각주항목(09.06월 이후)
53668,202106,0011218,홍콩상하이증권서울지점,C,파생상품계약,0,외국계증권사,B,SF205,각주항목(09.06월 이후)
53669,202106,0011218,홍콩상하이증권서울지점,C1,파생상품계약_장내파생상품,0,외국계증권사,B,SF205,각주항목(09.06월 이후)
53670,202106,0011218,홍콩상하이증권서울지점,C11,파생상품계약_장내파생상품_이자율관련거래,0,외국계증권사,B,SF205,각주항목(09.06월 이후)
53671,202106,0011218,홍콩상하이증권서울지점,C12,파생상품계약_장내파생상품_통화관련거래,0,외국계증권사,B,SF205,각주항목(09.06월 이후)
53672,202106,0011218,홍콩상하이증권서울지점,C13,파생상품계약_장내파생상품_주식관련거래,0,외국계증권사,B,SF205,각주항목(09.06월 이후)
53673,202106,0011218,홍콩상하이증권서울지점,C14,파생상품계약_장내파생상품_일반상품관련거래,0,외국계증권사,B,SF205,각주항목(09.06월 이후)
53674,202106,0011218,홍콩상하이증권서울지점,C15,파생상품계약_장내파생상품_기타,0,외국계증권사,B,SF205,각주항목(09.06월 이후)
53675,202106,0011218,홍콩상하이증권서울지점,C2,파생상품계약_장외파생상품,0,외국계증권사,B,SF205,각주항목(09.06월 이후)
53676,202106,0011218,홍콩상하이증권서울지점,C21,파생상품계약_장외파생상품_이자율관련거래,0,외국계증권사,B,SF205,각주항목(09.06월 이후)
53677,202106,0011218,홍콩상하이증권서울지점,C22,파생상품계약_장외파생상품_통화관련거래,0,외국계증권사,B,SF205,각주항목(09.06월 이후)
53678,202106,0011218,홍콩상하이증권서울지점,C23,파생상품계약_장외파생상품_주식관련거래,0,외국계증권사,B,SF205,각주항목(09.06월 이후)
53679,202106,0011218,홍콩상하이증권서울지점,C24,파생상품계약_장외파생상품_신용관련거래,0,외국계증권사,B,SF205,각주항목(09.06월 이후)
53680,202106,0011218,홍콩상하이증권서울지점,C25,파생상품계약_장외파생상품_기타,0,외국계증권사,B,SF205,각주항목(09.06월 이후)
53681,202106,0011218,홍콩상하이증권서울지점,D,대차 및 대주거래,0,외국계증권사,B,SF205,각주항목(09.06월 이후)
53682,202106,0011218,홍콩상하이증권서울지점,D1,대차 및 대주거래_대여증권,0,외국계증권사,B,SF205,각주항목(09.06월 이후)
53683,202106,0011218,홍콩상하이증권서울지점,D2,대차 및 대주거래_차입증권,0,외국계증권사,B,SF205,각주항목(09.06월 이후)
53684,202106,0011218,홍콩상하이증권서울지점,D3,대차 및 대주거래_신용거래대주,0,외국계증권사,B,SF205,각주항목(09.06월 이후)
53685,202106,0011218,홍콩상하이증권서울지점,E,대손상각채권,0,외국계증권사,B,SF205,각주항목(09.06월 이후)
53686,202106,0011218,홍콩상하이증권서울지점,F,환전업무 예치금,0,외국계증권사,B,SF205,각주항목(09.06월 이후)
53687,202106,0011218,홍콩상하이증권서울지점,G,미배당별도예치금,0,외국계증권사,B,SF205,각주항목(09.06월 이후)
53688,202106,0011218,홍콩상하이증권서울지점,H,배서어음매출(종금계정),0,외국계증권사,B,SF205,각주항목(09.06월 이후)
53689,202106,0011218,홍콩상하이증권서울지점,H1,대출채권매매이익_담보부,0,외국계증권사,B,SF205,각주항목(09.06월 이후)
53690,202106,0011218,홍콩상하이증권서울지점,H2,대출채권매매이익_무담보부,0,외국계증권사,B,SF205,각주항목(09.06월 이후)
53691,202109,0011218,홍콩상하이증권서울지점,A,채무보증,0,외국계증권사,B,SF205,각주항목(09.06월 이후)
53692,202109,0011218,홍콩상하이증권서울지점,A1,채무보증_지급보증,0,외국계증권사,B,SF205,각주항목(09.06월 이후)
53693,202109,0011218,홍콩상하이증권서울지점,A2,채무보증_매입보장약정,0,외국계증권사,B,SF205,각주항목(09.06월 이후)
53694,202109,0011218,홍콩상하이증권서울지점,A3,채무보증_채무인수약정,0,외국계증권사,B,SF205,각주항목(09.06월 이후)
53695,202109,0011218,홍콩상하이증권서울지점,A5,채무보증_매입확약,0,외국계증권사,B,SF205,각주항목(09.06월 이후)
53696,202109,0011218,홍콩상하이증권서울지점,A6,채무보증_기타,0,외국계증권사,B,SF205,각주항목(09.06월 이후)
53697,202109,0011218,홍콩상하이증권서울지점,B,투자자의 예수증권 등,0,외국계증권사,B,SF205,각주항목(09.06월 이후)
53698,202109,0011218,홍콩상하이증권서울지점,B1,투자자의 예수증권 등_예수 증권,0,외국계증권사,B,SF205,각주항목(09.06월 이후)
53699,202109,0011218,홍콩상하이증권서울지점,B2,투자자의 예수증권 등_예수양도성예금증서,0,외국계증권사,B,SF205,각주항목(09.06월 이후)
53700,202109,0011218,홍콩상하이증권서울지점,B3,투자자의 예수증권 등_기타,0,외국계증권사,B,SF205,각주항목(09.06월 이후)
53701,202109,0011218,홍콩상하이증권서울지점,C,파생상품계약,0,외국계증권사,B,SF205,각주항목(09.06월 이후)
53702,202109,0011218,홍콩상하이증권서울지점,C1,파생상품계약_장내파생상품,0,외국계증권사,B,SF205,각주항목(09.06월 이후)
53703,202109,0011218,홍콩상하이증권서울지점,C11,파생상품계약_장내파생상품_이자율관련거래,0,외국계증권사,B,SF205,각주항목(09.06월 이후)
53704,202109,0011218,홍콩상하이증권서울지점,C12,파생상품계약_장내파생상품_통화관련거래,0,외국계증권사,B,SF205,각주항목(09.06월 이후)
53705,202109,0011218,홍콩상하이증권서울지점,C13,파생상품계약_장내파생상품_주식관련거래,0,외국계증권사,B,SF205,각주항목(09.06월 이후)
53706,202109,0011218,홍콩상하이증권서울지점,C14,파생상품계약_장내파생상품_일반상품관련거래,0,외국계증권사,B,SF205,각주항목(09.06월 이후)
53707,202109,0011218,홍콩상하이증권서울지점,C15,파생상품계약_장내파생상품_기타,0,외국계증권사,B,SF205,각주항목(09.06월 이후)
53708,202109,0011218,홍콩상하이증권서울지점,C2,파생상품계약_장외파생상품,0,외국계증권사,B,SF205,각주항목(09.06월 이후)
53709,202109,0011218,홍콩상하이증권서울지점,C21,파생상품계약_장외파생상품_이자율관련거래,0,외국계증권사,B,SF205,각주항목(09.06월 이후)
53710,202109,0011218,홍콩상하이증권서울지점,C22,파생상품계약_장외파생상품_통화관련거래,0,외국계증권사,B,SF205,각주항목(09.06월 이후)
53711,202109,0011218,홍콩상하이증권서울지점,C23,파생상품계약_장외파생상품_주식관련거래,0,외국계증권사,B,SF205,각주항목(09.06월 이후)
53712,202109,0011218,홍콩상하이증권서울지점,C24,파생상품계약_장외파생상품_신용관련거래,0,외국계증권사,B,SF205,각주항목(09.06월 이후)
53713,202109,0011218,홍콩상하이증권서울지점,C25,파생상품계약_장외파생상품_기타,0,외국계증권사,B,SF205,각주항목(09.06월 이후)
53714,202109,0011218,홍콩상하이증권서울지점,D,대차 및 대주거래,0,외국계증권사,B,SF205,각주항목(09.06월 이후)
53715,202109,0011218,홍콩상하이증권서울지점,D1,대차 및 대주거래_대여증권,0,외국계증권사,B,SF205,각주항목(09.06월 이후)
53716,202109,0011218,홍콩상하이증권서울지점,D2,대차 및 대주거래_차입증권,0,외국계증권사,B,SF205,각주항목(09.06월 이후)
53717,202109,0011218,홍콩상하이증권서울지점,D3,대차 및 대주거래_신용거래대주,0,외국계증권사,B,SF205,각주항목(09.06월 이후)
53718,202109,0011218,홍콩상하이증권서울지점,E,대손상각채권,0,외국계증권사,B,SF205,각주항목(09.06월 이후)
53719,202109,0011218,홍콩상하이증권서울지점,F,환전업무 예치금,0,외국계증권사,B,SF205,각주항목(09.06월 이후)
53720,202109,0011218,홍콩상하이증권서울지점,G,미배당별도예치금,0,외국계증권사,B,SF205,각주항목(09.06월 이후)
53721,202109,0011218,홍콩상하이증권서울지점,H,배서어음매출(종금계정),0,외국계증권사,B,SF205,각주항목(09.06월 이후)
53722,202109,0011218,홍콩상하이증권서울지점,H1,대출채권매매이익_담보부,0,외국계증권사,B,SF205,각주항목(09.06월 이후)
53723,202109,0011218,홍콩상하이증권서울지점,H2,대출채권매매이익_무담보부,0,외국계증권사,B,SF205,각주항목(09.06월 이후)
53724,202112,0011218,홍콩상하이증권서울지점,A,채무보증,0,외국계증권사,B,SF205,각주항목(09.06월 이후)
53725,202112,0011218,홍콩상하이증권서울지점,A1,채무보증_지급보증,0,외국계증권사,B,SF205,각주항목(09.06월 이후)
53726,202112,0011218,홍콩상하이증권서울지점,A2,채무보증_매입보장약정,0,외국계증권사,B,SF205,각주항목(09.06월 이후)
53727,202112,0011218,홍콩상하이증권서울지점,A3,채무보증_채무인수약정,0,외국계증권사,B,SF205,각주항목(09.06월 이후)
53728,202112,0011218,홍콩상하이증권서울지점,A5,채무보증_매입확약,0,외국계증권사,B,SF205,각주항목(09.06월 이후)
53729,202112,0011218,홍콩상하이증권서울지점,A6,채무보증_기타,0,외국계증권사,B,SF205,각주항목(09.06월 이후)
53730,202112,0011218,홍콩상하이증권서울지점,B,투자자의 예수증권 등,0,외국계증권사,B,SF205,각주항목(09.06월 이후)
53731,202112,0011218,홍콩상하이증권서울지점,B1,투자자의 예수증권 등_예수 증권,0,외국계증권사,B,SF205,각주항목(09.06월 이후)
53732,202112,0011218,홍콩상하이증권서울지점,B2,투자자의 예수증권 등_예수양도성예금증서,0,외국계증권사,B,SF205,각주항목(09.06월 이후)
53733,202112,0011218,홍콩상하이증권서울지점,B3,투자자의 예수증권 등_기타,0,외국계증권사,B,SF205,각주항목(09.06월 이후)
53734,202112,0011218,홍콩상하이증권서울지점,C,파생상품계약,0,외국계증권사,B,SF205,각주항목(09.06월 이후)
53735,202112,0011218,홍콩상하이증권서울지점,C1,파생상품계약_장내파생상품,0,외국계증권사,B,SF205,각주항목(09.06월 이후)
53736,202112,0011218,홍콩상하이증권서울지점,C11,파생상품계약_장내파생상품_이자율관련거래,0,외국계증권사,B,SF205,각주항목(09.06월 이후)
53737,202112,0011218,홍콩상하이증권서울지점,C12,파생상품계약_장내파생상품_통화관련거래,0,외국계증권사,B,SF205,각주항목(09.06월 이후)
53738,202112,0011218,홍콩상하이증권서울지점,C13,파생상품계약_장내파생상품_주식관련거래,0,외국계증권사,B,SF205,각주항목(09.06월 이후)
53739,202112,0011218,홍콩상하이증권서울지점,C14,파생상품계약_장내파생상품_일반상품관련거래,0,외국계증권사,B,SF205,각주항목(09.06월 이후)
53740,202112,0011218,홍콩상하이증권서울지점,C15,파생상품계약_장내파생상품_기타,0,외국계증권사,B,SF205,각주항목(09.06월 이후)
53741,202112,0011218,홍콩상하이증권서울지점,C2,파생상품계약_장외파생상품,0,외국계증권사,B,SF205,각주항목(09.06월 이후)
53742,202112,0011218,홍콩상하이증권서울지점,C21,파생상품계약_장외파생상품_이자율관련거래,0,외국계증권사,B,SF205,각주항목(09.06월 이후)
53743,202112,0011218,홍콩상하이증권서울지점,C22,파생상품계약_장외파생상품_통화관련거래,0,외국계증권사,B,SF205,각주항목(09.06월 이후)
53744,202112,0011218,홍콩상하이증권서울지점,C23,파생상품계약_장외파생상품_주식관련거래,0,외국계증권사,B,SF205,각주항목(09.06월 이후)
53745,202112,0011218,홍콩상하이증권서울지점,C24,파생상품계약_장외파생상품_신용관련거래,0,외국계증권사,B,SF205,각주항목(09.06월 이후)
53746,202112,0011218,홍콩상하이증권서울지점,C25,파생상품계약_장외파생상품_기타,0,외국계증권사,B,SF205,각주항목(09.06월 이후)
53747,202112,0011218,홍콩상하이증권서울지점,D,대차 및 대주거래,0,외국계증권사,B,SF205,각주항목(09.06월 이후)
53748,202112,0011218,홍콩상하이증권서울지점,D1,대차 및 대주거래_대여증권,0,외국계증권사,B,SF205,각주항목(09.06월 이후)
53749,202112,0011218,홍콩상하이증권서울지점,D2,대차 및 대주거래_차입증권,0,외국계증권사,B,SF205,각주항목(09.06월 이후)
53750,202112,0011218,홍콩상하이증권서울지점,D3,대차 및 대주거래_신용거래대주,0,외국계증권사,B,SF205,각주항목(09.06월 이후)
53751,202112,0011218,홍콩상하이증권서울지점,E,대손상각채권,0,외국계증권사,B,SF205,각주항목(09.06월 이후)
53752,202112,0011218,홍콩상하이증권서울지점,F,환전업무 예치금,0,외국계증권사,B,SF205,각주항목(09.06월 이후)
53753,202112,0011218,홍콩상하이증권서울지점,G,미배당별도예치금,0,외국계증권사,B,SF205,각주항목(09.06월 이후)
53754,202112,0011218,홍콩상하이증권서울지점,H,배서어음매출(종금계정),0,외국계증권사,B,SF205,각주항목(09.06월 이후)
53755,202112,0011218,홍콩상하이증권서울지점,H1,대출채권매매이익_담보부,0,외국계증권사,B,SF205,각주항목(09.06월 이후)
53756,202112,0011218,홍콩상하이증권서울지점,H2,대출채권매매이익_무담보부,0,외국계증권사,B,SF205,각주항목(09.06월 이후)
53757,202203,0011218,홍콩상하이증권서울지점,A,채무보증,0,외국계증권사,B,SF205,각주항목(09.06월 이후)
53758,202203,0011218,홍콩상하이증권서울지점,A1,채무보증_지급보증,0,외국계증권사,B,SF205,각주항목(09.06월 이후)
53759,202203,0011218,홍콩상하이증권서울지점,A2,채무보증_매입보장약정,0,외국계증권사,B,SF205,각주항목(09.06월 이후)
53760,202203,0011218,홍콩상하이증권서울지점,A3,채무보증_채무인수약정,0,외국계증권사,B,SF205,각주항목(09.06월 이후)
53761,202203,0011218,홍콩상하이증권서울지점,A5,채무보증_매입확약,0,외국계증권사,B,SF205,각주항목(09.06월 이후)
53762,202203,0011218,홍콩상하이증권서울지점,A6,채무보증_기타,0,외국계증권사,B,SF205,각주항목(09.06월 이후)
53763,202203,0011218,홍콩상하이증권서울지점,B,투자자의 예수증권 등,0,외국계증권사,B,SF205,각주항목(09.06월 이후)
53764,202203,0011218,홍콩상하이증권서울지점,B1,투자자의 예수증권 등_예수 증권,0,외국계증권사,B,SF205,각주항목(09.06월 이후)
53765,202203,0011218,홍콩상하이증권서울지점,B2,투자자의 예수증권 등_예수양도성예금증서,0,외국계증권사,B,SF205,각주항목(09.06월 이후)
53766,202203,0011218,홍콩상하이증권서울지점,B3,투자자의 예수증권 등_기타,0,외국계증권사,B,SF205,각주항목(09.06월 이후)
53767,202203,0011218,홍콩상하이증권서울지점,C,파생상품계약,0,외국계증권사,B,SF205,각주항목(09.06월 이후)
53768,202203,0011218,홍콩상하이증권서울지점,C1,파생상품계약_장내파생상품,0,외국계증권사,B,SF205,각주항목(09.06월 이후)
53769,202203,0011218,홍콩상하이증권서울지점,C11,파생상품계약_장내파생상품_이자율관련거래,0,외국계증권사,B,SF205,각주항목(09.06월 이후)
53770,202203,0011218,홍콩상하이증권서울지점,C12,파생상품계약_장내파생상품_통화관련거래,0,외국계증권사,B,SF205,각주항목(09.06월 이후)
53771,202203,0011218,홍콩상하이증권서울지점,C13,파생상품계약_장내파생상품_주식관련거래,0,외국계증권사,B,SF205,각주항목(09.06월 이후)
53772,202203,0011218,홍콩상하이증권서울지점,C14,파생상품계약_장내파생상품_일반상품관련거래,0,외국계증권사,B,SF205,각주항목(09.06월 이후)
53773,202203,0011218,홍콩상하이증권서울지점,C15,파생상품계약_장내파생상품_기타,0,외국계증권사,B,SF205,각주항목(09.06월 이후)
53774,202203,0011218,홍콩상하이증권서울지점,C2,파생상품계약_장외파생상품,0,외국계증권사,B,SF205,각주항목(09.06월 이후)
53775,202203,0011218,홍콩상하이증권서울지점,C21,파생상품계약_장외파생상품_이자율관련거래,0,외국계증권사,B,SF205,각주항목(09.06월 이후)
53776,202203,0011218,홍콩상하이증권서울지점,C22,파생상품계약_장외파생상품_통화관련거래,0,외국계증권사,B,SF205,각주항목(09.06월 이후)
53777,202203,0011218,홍콩상하이증권서울지점,C23,파생상품계약_장외파생상품_주식관련거래,0,외국계증권사,B,SF205,각주항목(09.06월 이후)
53778,202203,0011218,홍콩상하이증권서울지점,C24,파생상품계약_장외파생상품_신용관련거래,0,외국계증권사,B,SF205,각주항목(09.06월 이후)
53779,202203,0011218,홍콩상하이증권서울지점,C25,파생상품계약_장외파생상품_기타,0,외국계증권사,B,SF205,각주항목(09.06월 이후)
53780,202203,0011218,홍콩상하이증권서울지점,D,대차 및 대주거래,0,외국계증권사,B,SF205,각주항목(09.06월 이후)
53781,202203,0011218,홍콩상하이증권서울지점,D1,대차 및 대주거래_대여증권,0,외국계증권사,B,SF205,각주항목(09.06월 이후)
53782,202203,0011218,홍콩상하이증권서울지점,D2,대차 및 대주거래_차입증권,0,외국계증권사,B,SF205,각주항목(09.06월 이후)
53783,202203,0011218,홍콩상하이증권서울지점,D3,대차 및 대주거래_신용거래대주,0,외국계증권사,B,SF205,각주항목(09.06월 이후)
53784,202203,0011218,홍콩상하이증권서울지점,E,대손상각채권,0,외국계증권사,B,SF205,각주항목(09.06월 이후)
53785,202203,0011218,홍콩상하이증권서울지점,F,환전업무 예치금,0,외국계증권사,B,SF205,각주항목(09.06월 이후)
53786,202203,0011218,홍콩상하이증권서울지점,G,미배당별도예치금,0,외국계증권사,B,SF205,각주항목(09.06월 이후)
53787,202203,0011218,홍콩상하이증권서울지점,H,배서어음매출(종금계정),0,외국계증권사,B,SF205,각주항목(09.06월 이후)
53788,202203,0011218,홍콩상하이증권서울지점,H1,대출채권매매이익_담보부,0,외국계증권사,B,SF205,각주항목(09.06월 이후)
53789,202203,0011218,홍콩상하이증권서울지점,H2,대출채권매매이익_무담보부,0,외국계증권사,B,SF205,각주항목(09.06월 이후)
53790,202206,0011218,홍콩상하이증권서울지점,A,채무보증,0,외국계증권사,B,SF205,각주항목(09.06월 이후)
53791,202206,0011218,홍콩상하이증권서울지점,A1,채무보증_지급보증,0,외국계증권사,B,SF205,각주항목(09.06월 이후)
53792,202206,0011218,홍콩상하이증권서울지점,A2,채무보증_매입보장약정,0,외국계증권사,B,SF205,각주항목(09.06월 이후)
53793,202206,0011218,홍콩상하이증권서울지점,A3,채무보증_채무인수약정,0,외국계증권사,B,SF205,각주항목(09.06월 이후)
53794,202206,0011218,홍콩상하이증권서울지점,A5,채무보증_매입확약,0,외국계증권사,B,SF205,각주항목(09.06월 이후)
53795,202206,0011218,홍콩상하이증권서울지점,A6,채무보증_기타,0,외국계증권사,B,SF205,각주항목(09.06월 이후)
53796,202206,0011218,홍콩상하이증권서울지점,B,투자자의 예수증권 등,0,외국계증권사,B,SF205,각주항목(09.06월 이후)
53797,202206,0011218,홍콩상하이증권서울지점,B1,투자자의 예수증권 등_예수 증권,0,외국계증권사,B,SF205,각주항목(09.06월 이후)
53798,202206,0011218,홍콩상하이증권서울지점,B2,투자자의 예수증권 등_예수양도성예금증서,0,외국계증권사,B,SF205,각주항목(09.06월 이후)
53799,202206,0011218,홍콩상하이증권서울지점,B3,투자자의 예수증권 등_기타,0,외국계증권사,B,SF205,각주항목(09.06월 이후)
53800,202206,0011218,홍콩상하이증권서울지점,C,파생상품계약,0,외국계증권사,B,SF205,각주항목(09.06월 이후)
53801,202206,0011218,홍콩상하이증권서울지점,C1,파생상품계약_장내파생상품,0,외국계증권사,B,SF205,각주항목(09.06월 이후)
53802,202206,0011218,홍콩상하이증권서울지점,C11,파생상품계약_장내파생상품_이자율관련거래,0,외국계증권사,B,SF205,각주항목(09.06월 이후)
53803,202206,0011218,홍콩상하이증권서울지점,C12,파생상품계약_장내파생상품_통화관련거래,0,외국계증권사,B,SF205,각주항목(09.06월 이후)
53804,202206,0011218,홍콩상하이증권서울지점,C13,파생상품계약_장내파생상품_주식관련거래,0,외국계증권사,B,SF205,각주항목(09.06월 이후)
53805,202206,0011218,홍콩상하이증권서울지점,C14,파생상품계약_장내파생상품_일반상품관련거래,0,외국계증권사,B,SF205,각주항목(09.06월 이후)
53806,202206,0011218,홍콩상하이증권서울지점,C15,파생상품계약_장내파생상품_기타,0,외국계증권사,B,SF205,각주항목(09.06월 이후)
53807,202206,0011218,홍콩상하이증권서울지점,C2,파생상품계약_장외파생상품,0,외국계증권사,B,SF205,각주항목(09.06월 이후)
53808,202206,0011218,홍콩상하이증권서울지점,C21,파생상품계약_장외파생상품_이자율관련거래,0,외국계증권사,B,SF205,각주항목(09.06월 이후)
53809,202206,0011218,홍콩상하이증권서울지점,C22,파생상품계약_장외파생상품_통화관련거래,0,외국계증권사,B,SF205,각주항목(09.06월 이후)
53810,202206,0011218,홍콩상하이증권서울지점,C23,파생상품계약_장외파생상품_주식관련거래,0,외국계증권사,B,SF205,각주항목(09.06월 이후)
53811,202206,0011218,홍콩상하이증권서울지점,C24,파생상품계약_장외파생상품_신용관련거래,0,외국계증권사,B,SF205,각주항목(09.06월 이후)
53812,202206,0011218,홍콩상하이증권서울지점,C25,파생상품계약_장외파생상품_기타,0,외국계증권사,B,SF205,각주항목(09.06월 이후)
53813,202206,0011218,홍콩상하이증권서울지점,D,대차 및 대주거래,0,외국계증권사,B,SF205,각주항목(09.06월 이후)
53814,202206,0011218,홍콩상하이증권서울지점,D1,대차 및 대주거래_대여증권,0,외국계증권사,B,SF205,각주항목(09.06월 이후)
53815,202206,0011218,홍콩상하이증권서울지점,D2,대차 및 대주거래_차입증권,0,외국계증권사,B,SF205,각주항목(09.06월 이후)
53816,202206,0011218,홍콩상하이증권서울지점,D3,대차 및 대주거래_신용거래대주,0,외국계증권사,B,SF205,각주항목(09.06월 이후)
53817,202206,0011218,홍콩상하이증권서울지점,E,대손상각채권,0,외국계증권사,B,SF205,각주항목(09.06월 이후)
53818,202206,0011218,홍콩상하이증권서울지점,F,환전업무 예치금,0,외국계증권사,B,SF205,각주항목(09.06월 이후)
53819,202206,0011218,홍콩상하이증권서울지점,G,미배당별도예치금,0,외국계증권사,B,SF205,각주항목(09.06월 이후)
53820,202206,0011218,홍콩상하이증권서울지점,H,배서어음매출(종금계정),0,외국계증권사,B,SF205,각주항목(09.06월 이후)
53821,202206,0011218,홍콩상하이증권서울지점,H1,대출채권매매이익_담보부,0,외국계증권사,B,SF205,각주항목(09.06월 이후)
53822,202206,0011218,홍콩상하이증권서울지점,H2,대출채권매매이익_무담보부,0,외국계증권사,B,SF205,각주항목(09.06월 이후)
53823,202209,0011218,홍콩상하이증권서울지점,A,채무보증,0,외국계증권사,B,SF205,각주항목(09.06월 이후)
53824,202209,0011218,홍콩상하이증권서울지점,A1,채무보증_지급보증,0,외국계증권사,B,SF205,각주항목(09.06월 이후)
53825,202209,0011218,홍콩상하이증권서울지점,A2,채무보증_매입보장약정,0,외국계증권사,B,SF205,각주항목(09.06월 이후)
53826,202209,0011218,홍콩상하이증권서울지점,A3,채무보증_채무인수약정,0,외국계증권사,B,SF205,각주항목(09.06월 이후)
53827,202209,0011218,홍콩상하이증권서울지점,A5,채무보증_매입확약,0,외국계증권사,B,SF205,각주항목(09.06월 이후)
53828,202209,0011218,홍콩상하이증권서울지점,A6,채무보증_기타,0,외국계증권사,B,SF205,각주항목(09.06월 이후)
53829,202209,0011218,홍콩상하이증권서울지점,B,투자자의 예수증권 등,0,외국계증권사,B,SF205,각주항목(09.06월 이후)
53830,202209,0011218,홍콩상하이증권서울지점,B1,투자자의 예수증권 등_예수 증권,0,외국계증권사,B,SF205,각주항목(09.06월 이후)
53831,202209,0011218,홍콩상하이증권서울지점,B2,투자자의 예수증권 등_예수양도성예금증서,0,외국계증권사,B,SF205,각주항목(09.06월 이후)
53832,202209,0011218,홍콩상하이증권서울지점,B3,투자자의 예수증권 등_기타,0,외국계증권사,B,SF205,각주항목(09.06월 이후)
53833,202209,0011218,홍콩상하이증권서울지점,C,파생상품계약,0,외국계증권사,B,SF205,각주항목(09.06월 이후)
53834,202209,0011218,홍콩상하이증권서울지점,C1,파생상품계약_장내파생상품,0,외국계증권사,B,SF205,각주항목(09.06월 이후)
53835,202209,0011218,홍콩상하이증권서울지점,C11,파생상품계약_장내파생상품_이자율관련거래,0,외국계증권사,B,SF205,각주항목(09.06월 이후)
53836,202209,0011218,홍콩상하이증권서울지점,C12,파생상품계약_장내파생상품_통화관련거래,0,외국계증권사,B,SF205,각주항목(09.06월 이후)
53837,202209,0011218,홍콩상하이증권서울지점,C13,파생상품계약_장내파생상품_주식관련거래,0,외국계증권사,B,SF205,각주항목(09.06월 이후)
53838,202209,0011218,홍콩상하이증권서울지점,C14,파생상품계약_장내파생상품_일반상품관련거래,0,외국계증권사,B,SF205,각주항목(09.06월 이후)
53839,202209,0011218,홍콩상하이증권서울지점,C15,파생상품계약_장내파생상품_기타,0,외국계증권사,B,SF205,각주항목(09.06월 이후)
53840,202209,0011218,홍콩상하이증권서울지점,C2,파생상품계약_장외파생상품,0,외국계증권사,B,SF205,각주항목(09.06월 이후)
53841,202209,0011218,홍콩상하이증권서울지점,C21,파생상품계약_장외파생상품_이자율관련거래,0,외국계증권사,B,SF205,각주항목(09.06월 이후)
53842,202209,0011218,홍콩상하이증권서울지점,C22,파생상품계약_장외파생상품_통화관련거래,0,외국계증권사,B,SF205,각주항목(09.06월 이후)
53843,202209,0011218,홍콩상하이증권서울지점,C23,파생상품계약_장외파생상품_주식관련거래,0,외국계증권사,B,SF205,각주항목(09.06월 이후)
53844,202209,0011218,홍콩상하이증권서울지점,C24,파생상품계약_장외파생상품_신용관련거래,0,외국계증권사,B,SF205,각주항목(09.06월 이후)
53845,202209,0011218,홍콩상하이증권서울지점,C25,파생상품계약_장외파생상품_기타,0,외국계증권사,B,SF205,각주항목(09.06월 이후)
53846,202209,0011218,홍콩상하이증권서울지점,D,대차 및 대주거래,0,외국계증권사,B,SF205,각주항목(09.06월 이후)
53847,202209,0011218,홍콩상하이증권서울지점,D1,대차 및 대주거래_대여증권,0,외국계증권사,B,SF205,각주항목(09.06월 이후)
53848,202209,0011218,홍콩상하이증권서울지점,D2,대차 및 대주거래_차입증권,0,외국계증권사,B,SF205,각주항목(09.06월 이후)
53849,202209,0011218,홍콩상하이증권서울지점,D3,대차 및 대주거래_신용거래대주,0,외국계증권사,B,SF205,각주항목(09.06월 이후)
53850,202209,0011218,홍콩상하이증권서울지점,E,대손상각채권,0,외국계증권사,B,SF205,각주항목(09.06월 이후)
53851,202209,0011218,홍콩상하이증권서울지점,F,환전업무 예치금,0,외국계증권사,B,SF205,각주항목(09.06월 이후)
53852,202209,0011218,홍콩상하이증권서울지점,G,미배당별도예치금,0,외국계증권사,B,SF205,각주항목(09.06월 이후)
53853,202209,0011218,홍콩상하이증권서울지점,H,배서어음매출(종금계정),0,외국계증권사,B,SF205,각주항목(09.06월 이후)
53854,202209,0011218,홍콩상하이증권서울지점,H1,대출채권매매이익_담보부,0,외국계증권사,B,SF205,각주항목(09.06월 이후)
53855,202209,0011218,홍콩상하이증권서울지점,H2,대출채권매매이익_무담보부,0,외국계증권사,B,SF205,각주항목(09.06월 이후)
53856,202212,0011218,홍콩상하이증권서울지점,A,채무보증,0,외국계증권사,B,SF205,각주항목(09.06월 이후)
53857,202212,0011218,홍콩상하이증권서울지점,A1,채무보증_지급보증,0,외국계증권사,B,SF205,각주항목(09.06월 이후)
53858,202212,0011218,홍콩상하이증권서울지점,A2,채무보증_매입보장약정,0,외국계증권사,B,SF205,각주항목(09.06월 이후)
53859,202212,0011218,홍콩상하이증권서울지점,A3,채무보증_채무인수약정,0,외국계증권사,B,SF205,각주항목(09.06월 이후)
53860,202212,0011218,홍콩상하이증권서울지점,A5,채무보증_매입확약,0,외국계증권사,B,SF205,각주항목(09.06월 이후)
53861,202212,0011218,홍콩상하이증권서울지점,A6,채무보증_기타,0,외국계증권사,B,SF205,각주항목(09.06월 이후)
53862,202212,0011218,홍콩상하이증권서울지점,B,투자자의 예수증권 등,0,외국계증권사,B,SF205,각주항목(09.06월 이후)
53863,202212,0011218,홍콩상하이증권서울지점,B1,투자자의 예수증권 등_예수 증권,0,외국계증권사,B,SF205,각주항목(09.06월 이후)
53864,202212,0011218,홍콩상하이증권서울지점,B2,투자자의 예수증권 등_예수양도성예금증서,0,외국계증권사,B,SF205,각주항목(09.06월 이후)
53865,202212,0011218,홍콩상하이증권서울지점,B3,투자자의 예수증권 등_기타,0,외국계증권사,B,SF205,각주항목(09.06월 이후)
53866,202212,0011218,홍콩상하이증권서울지점,C,파생상품계약,0,외국계증권사,B,SF205,각주항목(09.06월 이후)
53867,202212,0011218,홍콩상하이증권서울지점,C1,파생상품계약_장내파생상품,0,외국계증권사,B,SF205,각주항목(09.06월 이후)
53868,202212,0011218,홍콩상하이증권서울지점,C11,파생상품계약_장내파생상품_이자율관련거래,0,외국계증권사,B,SF205,각주항목(09.06월 이후)
53869,202212,0011218,홍콩상하이증권서울지점,C12,파생상품계약_장내파생상품_통화관련거래,0,외국계증권사,B,SF205,각주항목(09.06월 이후)
53870,202212,0011218,홍콩상하이증권서울지점,C13,파생상품계약_장내파생상품_주식관련거래,0,외국계증권사,B,SF205,각주항목(09.06월 이후)
53871,202212,0011218,홍콩상하이증권서울지점,C14,파생상품계약_장내파생상품_일반상품관련거래,0,외국계증권사,B,SF205,각주항목(09.06월 이후)
53872,202212,0011218,홍콩상하이증권서울지점,C15,파생상품계약_장내파생상품_기타,0,외국계증권사,B,SF205,각주항목(09.06월 이후)
53873,202212,0011218,홍콩상하이증권서울지점,C2,파생상품계약_장외파생상품,0,외국계증권사,B,SF205,각주항목(09.06월 이후)
53874,202212,0011218,홍콩상하이증권서울지점,C21,파생상품계약_장외파생상품_이자율관련거래,0,외국계증권사,B,SF205,각주항목(09.06월 이후)
53875,202212,0011218,홍콩상하이증권서울지점,C22,파생상품계약_장외파생상품_통화관련거래,0,외국계증권사,B,SF205,각주항목(09.06월 이후)
53876,202212,0011218,홍콩상하이증권서울지점,C23,파생상품계약_장외파생상품_주식관련거래,0,외국계증권사,B,SF205,각주항목(09.06월 이후)
53877,202212,0011218,홍콩상하이증권서울지점,C24,파생상품계약_장외파생상품_신용관련거래,0,외국계증권사,B,SF205,각주항목(09.06월 이후)
53878,202212,0011218,홍콩상하이증권서울지점,C25,파생상품계약_장외파생상품_기타,0,외국계증권사,B,SF205,각주항목(09.06월 이후)
53879,202212,0011218,홍콩상하이증권서울지점,D,대차 및 대주거래,0,외국계증권사,B,SF205,각주항목(09.06월 이후)
53880,202212,0011218,홍콩상하이증권서울지점,D1,대차 및 대주거래_대여증권,0,외국계증권사,B,SF205,각주항목(09.06월 이후)
53881,202212,0011218,홍콩상하이증권서울지점,D2,대차 및 대주거래_차입증권,0,외국계증권사,B,SF205,각주항목(09.06월 이후)
53882,202212,0011218,홍콩상하이증권서울지점,D3,대차 및 대주거래_신용거래대주,0,외국계증권사,B,SF205,각주항목(09.06월 이후)
53883,202212,0011218,홍콩상하이증권서울지점,E,대손상각채권,0,외국계증권사,B,SF205,각주항목(09.06월 이후)
53884,202212,0011218,홍콩상하이증권서울지점,F,환전업무 예치금,0,외국계증권사,B,SF205,각주항목(09.06월 이후)
53885,202212,0011218,홍콩상하이증권서울지점,G,미배당별도예치금,0,외국계증권사,B,SF205,각주항목(09.06월 이후)
53886,202212,0011218,홍콩상하이증권서울지점,H,배서어음매출(종금계정),0,외국계증권사,B,SF205,각주항목(09.06월 이후)
53887,202212,0011218,홍콩상하이증권서울지점,H1,대출채권매매이익_담보부,0,외국계증권사,B,SF205,각주항목(09.06월 이후)
53888,202212,0011218,홍콩상하이증권서울지점,H2,대출채권매매이익_무담보부,0,외국계증권사,B,SF205,각주항목(09.06월 이후)
53889,202303,0011218,홍콩상하이증권서울지점,A,채무보증,0,외국계증권사,B,SF205,각주항목(09.06월 이후)
53890,202303,0011218,홍콩상하이증권서울지점,A1,채무보증_지급보증,0,외국계증권사,B,SF205,각주항목(09.06월 이후)
53891,202303,0011218,홍콩상하이증권서울지점,A2,채무보증_매입보장약정,0,외국계증권사,B,SF205,각주항목(09.06월 이후)
53892,202303,0011218,홍콩상하이증권서울지점,A3,채무보증_채무인수약정,0,외국계증권사,B,SF205,각주항목(09.06월 이후)
53893,202303,0011218,홍콩상하이증권서울지점,A5,채무보증_매입확약,0,외국계증권사,B,SF205,각주항목(09.06월 이후)
53894,202303,0011218,홍콩상하이증권서울지점,A6,채무보증_기타,0,외국계증권사,B,SF205,각주항목(09.06월 이후)
53895,202303,0011218,홍콩상하이증권서울지점,B,투자자의 예수증권 등,0,외국계증권사,B,SF205,각주항목(09.06월 이후)
53896,202303,0011218,홍콩상하이증권서울지점,B1,투자자의 예수증권 등_예수 증권,0,외국계증권사,B,SF205,각주항목(09.06월 이후)
53897,202303,0011218,홍콩상하이증권서울지점,B2,투자자의 예수증권 등_예수양도성예금증서,0,외국계증권사,B,SF205,각주항목(09.06월 이후)
53898,202303,0011218,홍콩상하이증권서울지점,B3,투자자의 예수증권 등_기타,0,외국계증권사,B,SF205,각주항목(09.06월 이후)
53899,202303,0011218,홍콩상하이증권서울지점,C,파생상품계약,0,외국계증권사,B,SF205,각주항목(09.06월 이후)
53900,202303,0011218,홍콩상하이증권서울지점,C1,파생상품계약_장내파생상품,0,외국계증권사,B,SF205,각주항목(09.06월 이후)
53901,202303,0011218,홍콩상하이증권서울지점,C11,파생상품계약_장내파생상품_이자율관련거래,0,외국계증권사,B,SF205,각주항목(09.06월 이후)
53902,202303,0011218,홍콩상하이증권서울지점,C12,파생상품계약_장내파생상품_통화관련거래,0,외국계증권사,B,SF205,각주항목(09.06월 이후)
53903,202303,0011218,홍콩상하이증권서울지점,C13,파생상품계약_장내파생상품_주식관련거래,0,외국계증권사,B,SF205,각주항목(09.06월 이후)
53904,202303,0011218,홍콩상하이증권서울지점,C14,파생상품계약_장내파생상품_일반상품관련거래,0,외국계증권사,B,SF205,각주항목(09.06월 이후)
53905,202303,0011218,홍콩상하이증권서울지점,C15,파생상품계약_장내파생상품_기타,0,외국계증권사,B,SF205,각주항목(09.06월 이후)
53906,202303,0011218,홍콩상하이증권서울지점,C2,파생상품계약_장외파생상품,0,외국계증권사,B,SF205,각주항목(09.06월 이후)
53907,202303,0011218,홍콩상하이증권서울지점,C21,파생상품계약_장외파생상품_이자율관련거래,0,외국계증권사,B,SF205,각주항목(09.06월 이후)
53908,202303,0011218,홍콩상하이증권서울지점,C22,파생상품계약_장외파생상품_통화관련거래,0,외국계증권사,B,SF205,각주항목(09.06월 이후)
53909,202303,0011218,홍콩상하이증권서울지점,C23,파생상품계약_장외파생상품_주식관련거래,0,외국계증권사,B,SF205,각주항목(09.06월 이후)
53910,202303,0011218,홍콩상하이증권서울지점,C24,파생상품계약_장외파생상품_신용관련거래,0,외국계증권사,B,SF205,각주항목(09.06월 이후)
53911,202303,0011218,홍콩상하이증권서울지점,C25,파생상품계약_장외파생상품_기타,0,외국계증권사,B,SF205,각주항목(09.06월 이후)
53912,202303,0011218,홍콩상하이증권서울지점,D,대차 및 대주거래,0,외국계증권사,B,SF205,각주항목(09.06월 이후)
53913,202303,0011218,홍콩상하이증권서울지점,D1,대차 및 대주거래_대여증권,0,외국계증권사,B,SF205,각주항목(09.06월 이후)
53914,202303,0011218,홍콩상하이증권서울지점,D2,대차 및 대주거래_차입증권,0,외국계증권사,B,SF205,각주항목(09.06월 이후)
53915,202303,0011218,홍콩상하이증권서울지점,D3,대차 및 대주거래_신용거래대주,0,외국계증권사,B,SF205,각주항목(09.06월 이후)
53916,202303,0011218,홍콩상하이증권서울지점,E,대손상각채권,0,외국계증권사,B,SF205,각주항목(09.06월 이후)
53917,202303,0011218,홍콩상하이증권서울지점,F,환전업무 예치금,0,외국계증권사,B,SF205,각주항목(09.06월 이후)
53918,202303,0011218,홍콩상하이증권서울지점,G,미배당별도예치금,0,외국계증권사,B,SF205,각주항목(09.06월 이후)
53919,202303,0011218,홍콩상하이증권서울지점,H,배서어음매출(종금계정),0,외국계증권사,B,SF205,각주항목(09.06월 이후)
53920,202303,0011218,홍콩상하이증권서울지점,H1,대출채권매매이익_담보부,0,외국계증권사,B,SF205,각주항목(09.06월 이후)
53921,202303,0011218,홍콩상하이증권서울지점,H2,대출채권매매이익_무담보부,0,외국계증권사,B,SF205,각주항목(09.06월 이후)
53922,202306,0011218,홍콩상하이증권서울지점,A,채무보증,0,외국계증권사,B,SF205,각주항목(09.06월 이후)
53923,202306,0011218,홍콩상하이증권서울지점,A1,채무보증_지급보증,0,외국계증권사,B,SF205,각주항목(09.06월 이후)
53924,202306,0011218,홍콩상하이증권서울지점,A2,채무보증_매입보장약정,0,외국계증권사,B,SF205,각주항목(09.06월 이후)
53925,202306,0011218,홍콩상하이증권서울지점,A3,채무보증_채무인수약정,0,외국계증권사,B,SF205,각주항목(09.06월 이후)
53926,202306,0011218,홍콩상하이증권서울지점,A5,채무보증_매입확약,0,외국계증권사,B,SF205,각주항목(09.06월 이후)
53927,202306,0011218,홍콩상하이증권서울지점,A6,채무보증_기타,0,외국계증권사,B,SF205,각주항목(09.06월 이후)
53928,202306,0011218,홍콩상하이증권서울지점,B,투자자의 예수증권 등,0,외국계증권사,B,SF205,각주항목(09.06월 이후)
53929,202306,0011218,홍콩상하이증권서울지점,B1,투자자의 예수증권 등_예수 증권,0,외국계증권사,B,SF205,각주항목(09.06월 이후)
53930,202306,0011218,홍콩상하이증권서울지점,B2,투자자의 예수증권 등_예수양도성예금증서,0,외국계증권사,B,SF205,각주항목(09.06월 이후)
53931,202306,0011218,홍콩상하이증권서울지점,B3,투자자의 예수증권 등_기타,0,외국계증권사,B,SF205,각주항목(09.06월 이후)
53932,202306,0011218,홍콩상하이증권서울지점,C,파생상품계약,0,외국계증권사,B,SF205,각주항목(09.06월 이후)
53933,202306,0011218,홍콩상하이증권서울지점,C1,파생상품계약_장내파생상품,0,외국계증권사,B,SF205,각주항목(09.06월 이후)
53934,202306,0011218,홍콩상하이증권서울지점,C11,파생상품계약_장내파생상품_이자율관련거래,0,외국계증권사,B,SF205,각주항목(09.06월 이후)
53935,202306,0011218,홍콩상하이증권서울지점,C12,파생상품계약_장내파생상품_통화관련거래,0,외국계증권사,B,SF205,각주항목(09.06월 이후)
53936,202306,0011218,홍콩상하이증권서울지점,C13,파생상품계약_장내파생상품_주식관련거래,0,외국계증권사,B,SF205,각주항목(09.06월 이후)
53937,202306,0011218,홍콩상하이증권서울지점,C14,파생상품계약_장내파생상품_일반상품관련거래,0,외국계증권사,B,SF205,각주항목(09.06월 이후)
53938,202306,0011218,홍콩상하이증권서울지점,C15,파생상품계약_장내파생상품_기타,0,외국계증권사,B,SF205,각주항목(09.06월 이후)
53939,202306,0011218,홍콩상하이증권서울지점,C2,파생상품계약_장외파생상품,0,외국계증권사,B,SF205,각주항목(09.06월 이후)
53940,202306,0011218,홍콩상하이증권서울지점,C21,파생상품계약_장외파생상품_이자율관련거래,0,외국계증권사,B,SF205,각주항목(09.06월 이후)
53941,202306,0011218,홍콩상하이증권서울지점,C22,파생상품계약_장외파생상품_통화관련거래,0,외국계증권사,B,SF205,각주항목(09.06월 이후)
53942,202306,0011218,홍콩상하이증권서울지점,C23,파생상품계약_장외파생상품_주식관련거래,0,외국계증권사,B,SF205,각주항목(09.06월 이후)
53943,202306,0011218,홍콩상하이증권서울지점,C24,파생상품계약_장외파생상품_신용관련거래,0,외국계증권사,B,SF205,각주항목(09.06월 이후)
53944,202306,0011218,홍콩상하이증권서울지점,C25,파생상품계약_장외파생상품_기타,0,외국계증권사,B,SF205,각주항목(09.06월 이후)
53945,202306,0011218,홍콩상하이증권서울지점,D,대차 및 대주거래,0,외국계증권사,B,SF205,각주항목(09.06월 이후)
53946,202306,0011218,홍콩상하이증권서울지점,D1,대차 및 대주거래_대여증권,0,외국계증권사,B,SF205,각주항목(09.06월 이후)
53947,202306,0011218,홍콩상하이증권서울지점,D2,대차 및 대주거래_차입증권,0,외국계증권사,B,SF205,각주항목(09.06월 이후)
53948,202306,0011218,홍콩상하이증권서울지점,D3,대차 및 대주거래_신용거래대주,0,외국계증권사,B,SF205,각주항목(09.06월 이후)
53949,202306,0011218,홍콩상하이증권서울지점,E,대손상각채권,0,외국계증권사,B,SF205,각주항목(09.06월 이후)
53950,202306,0011218,홍콩상하이증권서울지점,F,환전업무 예치금,0,외국계증권사,B,SF205,각주항목(09.06월 이후)
53951,202306,0011218,홍콩상하이증권서울지점,G,미배당별도예치금,0,외국계증권사,B,SF205,각주항목(09.06월 이후)
53952,202306,0011218,홍콩상하이증권서울지점,H,배서어음매출(종금계정),0,외국계증권사,B,SF205,각주항목(09.06월 이후)
53953,202306,0011218,홍콩상하이증권서울지점,H1,대출채권매매이익_담보부,0,외국계증권사,B,SF205,각주항목(09.06월 이후)
53954,202306,0011218,홍콩상하이증권서울지점,H2,대출채권매매이익_무담보부,0,외국계증권사,B,SF205,각주항목(09.06월 이후)
53955,202309,0011218,홍콩상하이증권서울지점,A,채무보증,0,외국계증권사,B,SF205,각주항목(09.06월 이후)
53956,202309,0011218,홍콩상하이증권서울지점,A1,채무보증_지급보증,0,외국계증권사,B,SF205,각주항목(09.06월 이후)
53957,202309,0011218,홍콩상하이증권서울지점,A2,채무보증_매입보장약정,0,외국계증권사,B,SF205,각주항목(09.06월 이후)
53958,202309,0011218,홍콩상하이증권서울지점,A3,채무보증_채무인수약정,0,외국계증권사,B,SF205,각주항목(09.06월 이후)
53959,202309,0011218,홍콩상하이증권서울지점,A5,채무보증_매입확약,0,외국계증권사,B,SF205,각주항목(09.06월 이후)
53960,202309,0011218,홍콩상하이증권서울지점,A6,채무보증_기타,0,외국계증권사,B,SF205,각주항목(09.06월 이후)
53961,202309,0011218,홍콩상하이증권서울지점,B,투자자의 예수증권 등,0,외국계증권사,B,SF205,각주항목(09.06월 이후)
53962,202309,0011218,홍콩상하이증권서울지점,B1,투자자의 예수증권 등_예수 증권,0,외국계증권사,B,SF205,각주항목(09.06월 이후)
53963,202309,0011218,홍콩상하이증권서울지점,B2,투자자의 예수증권 등_예수양도성예금증서,0,외국계증권사,B,SF205,각주항목(09.06월 이후)
53964,202309,0011218,홍콩상하이증권서울지점,B3,투자자의 예수증권 등_기타,0,외국계증권사,B,SF205,각주항목(09.06월 이후)
53965,202309,0011218,홍콩상하이증권서울지점,C,파생상품계약,0,외국계증권사,B,SF205,각주항목(09.06월 이후)
53966,202309,0011218,홍콩상하이증권서울지점,C1,파생상품계약_장내파생상품,0,외국계증권사,B,SF205,각주항목(09.06월 이후)
53967,202309,0011218,홍콩상하이증권서울지점,C11,파생상품계약_장내파생상품_이자율관련거래,0,외국계증권사,B,SF205,각주항목(09.06월 이후)
53968,202309,0011218,홍콩상하이증권서울지점,C12,파생상품계약_장내파생상품_통화관련거래,0,외국계증권사,B,SF205,각주항목(09.06월 이후)
53969,202309,0011218,홍콩상하이증권서울지점,C13,파생상품계약_장내파생상품_주식관련거래,0,외국계증권사,B,SF205,각주항목(09.06월 이후)
53970,202309,0011218,홍콩상하이증권서울지점,C14,파생상품계약_장내파생상품_일반상품관련거래,0,외국계증권사,B,SF205,각주항목(09.06월 이후)
53971,202309,0011218,홍콩상하이증권서울지점,C15,파생상품계약_장내파생상품_기타,0,외국계증권사,B,SF205,각주항목(09.06월 이후)
53972,202309,0011218,홍콩상하이증권서울지점,C2,파생상품계약_장외파생상품,0,외국계증권사,B,SF205,각주항목(09.06월 이후)
53973,202309,0011218,홍콩상하이증권서울지점,C21,파생상품계약_장외파생상품_이자율관련거래,0,외국계증권사,B,SF205,각주항목(09.06월 이후)
53974,202309,0011218,홍콩상하이증권서울지점,C22,파생상품계약_장외파생상품_통화관련거래,0,외국계증권사,B,SF205,각주항목(09.06월 이후)
53975,202309,0011218,홍콩상하이증권서울지점,C23,파생상품계약_장외파생상품_주식관련거래,0,외국계증권사,B,SF205,각주항목(09.06월 이후)
53976,202309,0011218,홍콩상하이증권서울지점,C24,파생상품계약_장외파생상품_신용관련거래,0,외국계증권사,B,SF205,각주항목(09.06월 이후)
53977,202309,0011218,홍콩상하이증권서울지점,C25,파생상품계약_장외파생상품_기타,0,외국계증권사,B,SF205,각주항목(09.06월 이후)
53978,202309,0011218,홍콩상하이증권서울지점,D,대차 및 대주거래,0,외국계증권사,B,SF205,각주항목(09.06월 이후)
53979,202309,0011218,홍콩상하이증권서울지점,D1,대차 및 대주거래_대여증권,0,외국계증권사,B,SF205,각주항목(09.06월 이후)
53980,202309,0011218,홍콩상하이증권서울지점,D2,대차 및 대주거래_차입증권,0,외국계증권사,B,SF205,각주항목(09.06월 이후)
53981,202309,0011218,홍콩상하이증권서울지점,D3,대차 및 대주거래_신용거래대주,0,외국계증권사,B,SF205,각주항목(09.06월 이후)
53982,202309,0011218,홍콩상하이증권서울지점,E,대손상각채권,0,외국계증권사,B,SF205,각주항목(09.06월 이후)
53983,202309,0011218,홍콩상하이증권서울지점,F,환전업무 예치금,0,외국계증권사,B,SF205,각주항목(09.06월 이후)
53984,202309,0011218,홍콩상하이증권서울지점,G,미배당별도예치금,0,외국계증권사,B,SF205,각주항목(09.06월 이후)
53985,202309,0011218,홍콩상하이증권서울지점,H,배서어음매출(종금계정),0,외국계증권사,B,SF205,각주항목(09.06월 이후)
53986,202309,0011218,홍콩상하이증권서울지점,H1,대출채권매매이익_담보부,0,외국계증권사,B,SF205,각주항목(09.06월 이후)
53987,202309,0011218,홍콩상하이증권서울지점,H2,대출채권매매이익_무담보부,0,외국계증권사,B,SF205,각주항목(09.06월 이후)
53988,202312,0011218,홍콩상하이증권서울지점,A,채무보증,0,외국계증권사,B,SF205,각주항목(09.06월 이후)
53989,202312,0011218,홍콩상하이증권서울지점,A1,채무보증_지급보증,0,외국계증권사,B,SF205,각주항목(09.06월 이후)
53990,202312,0011218,홍콩상하이증권서울지점,A2,채무보증_매입보장약정,0,외국계증권사,B,SF205,각주항목(09.06월 이후)
53991,202312,0011218,홍콩상하이증권서울지점,A3,채무보증_채무인수약정,0,외국계증권사,B,SF205,각주항목(09.06월 이후)
53992,202312,0011218,홍콩상하이증권서울지점,A5,채무보증_매입확약,0,외국계증권사,B,SF205,각주항목(09.06월 이후)
53993,202312,0011218,홍콩상하이증권서울지점,A6,채무보증_기타,0,외국계증권사,B,SF205,각주항목(09.06월 이후)
53994,202312,0011218,홍콩상하이증권서울지점,B,투자자의 예수증권 등,0,외국계증권사,B,SF205,각주항목(09.06월 이후)
53995,202312,0011218,홍콩상하이증권서울지점,B1,투자자의 예수증권 등_예수 증권,0,외국계증권사,B,SF205,각주항목(09.06월 이후)
53996,202312,0011218,홍콩상하이증권서울지점,B2,투자자의 예수증권 등_예수양도성예금증서,0,외국계증권사,B,SF205,각주항목(09.06월 이후)
53997,202312,0011218,홍콩상하이증권서울지점,B3,투자자의 예수증권 등_기타,0,외국계증권사,B,SF205,각주항목(09.06월 이후)
53998,202312,0011218,홍콩상하이증권서울지점,C,파생상품계약,0,외국계증권사,B,SF205,각주항목(09.06월 이후)
53999,202312,0011218,홍콩상하이증권서울지점,C1,파생상품계약_장내파생상품,0,외국계증권사,B,SF205,각주항목(09.06월 이후)
54000,202312,0011218,홍콩상하이증권서울지점,C11,파생상품계약_장내파생상품_이자율관련거래,0,외국계증권사,B,SF205,각주항목(09.06월 이후)
54001,202312,0011218,홍콩상하이증권서울지점,C12,파생상품계약_장내파생상품_통화관련거래,0,외국계증권사,B,SF205,각주항목(09.06월 이후)
54002,202312,0011218,홍콩상하이증권서울지점,C13,파생상품계약_장내파생상품_주식관련거래,0,외국계증권사,B,SF205,각주항목(09.06월 이후)
54003,202312,0011218,홍콩상하이증권서울지점,C14,파생상품계약_장내파생상품_일반상품관련거래,0,외국계증권사,B,SF205,각주항목(09.06월 이후)
54004,202312,0011218,홍콩상하이증권서울지점,C15,파생상품계약_장내파생상품_기타,0,외국계증권사,B,SF205,각주항목(09.06월 이후)
54005,202312,0011218,홍콩상하이증권서울지점,C2,파생상품계약_장외파생상품,0,외국계증권사,B,SF205,각주항목(09.06월 이후)
54006,202312,0011218,홍콩상하이증권서울지점,C21,파생상품계약_장외파생상품_이자율관련거래,0,외국계증권사,B,SF205,각주항목(09.06월 이후)
54007,202312,0011218,홍콩상하이증권서울지점,C22,파생상품계약_장외파생상품_통화관련거래,0,외국계증권사,B,SF205,각주항목(09.06월 이후)
54008,202312,0011218,홍콩상하이증권서울지점,C23,파생상품계약_장외파생상품_주식관련거래,0,외국계증권사,B,SF205,각주항목(09.06월 이후)
54009,202312,0011218,홍콩상하이증권서울지점,C24,파생상품계약_장외파생상품_신용관련거래,0,외국계증권사,B,SF205,각주항목(09.06월 이후)
54010,202312,0011218,홍콩상하이증권서울지점,C25,파생상품계약_장외파생상품_기타,0,외국계증권사,B,SF205,각주항목(09.06월 이후)
54011,202312,0011218,홍콩상하이증권서울지점,D,대차 및 대주거래,0,외국계증권사,B,SF205,각주항목(09.06월 이후)
54012,202312,0011218,홍콩상하이증권서울지점,D1,대차 및 대주거래_대여증권,0,외국계증권사,B,SF205,각주항목(09.06월 이후)
54013,202312,0011218,홍콩상하이증권서울지점,D2,대차 및 대주거래_차입증권,0,외국계증권사,B,SF205,각주항목(09.06월 이후)
54014,202312,0011218,홍콩상하이증권서울지점,D3,대차 및 대주거래_신용거래대주,0,외국계증권사,B,SF205,각주항목(09.06월 이후)
54015,202312,0011218,홍콩상하이증권서울지점,E,대손상각채권,0,외국계증권사,B,SF205,각주항목(09.06월 이후)
54016,202312,0011218,홍콩상하이증권서울지점,F,환전업무 예치금,0,외국계증권사,B,SF205,각주항목(09.06월 이후)
54017,202312,0011218,홍콩상하이증권서울지점,G,미배당별도예치금,0,외국계증권사,B,SF205,각주항목(09.06월 이후)
54018,202312,0011218,홍콩상하이증권서울지점,H,배서어음매출(종금계정),0,외국계증권사,B,SF205,각주항목(09.06월 이후)
54019,202312,0011218,홍콩상하이증권서울지점,H1,대출채권매매이익_담보부,0,외국계증권사,B,SF205,각주항목(09.06월 이후)
54020,202312,0011218,홍콩상하이증권서울지점,H2,대출채권매매이익_무담보부,0,외국계증권사,B,SF205,각주항목(09.06월 이후)
54021,202403,0011218,홍콩상하이증권서울지점,A,채무보증,0,외국계증권사,B,SF205,각주항목(09.06월 이후)
54022,202403,0011218,홍콩상하이증권서울지점,A1,채무보증_지급보증,0,외국계증권사,B,SF205,각주항목(09.06월 이후)
54023,202403,0011218,홍콩상하이증권서울지점,A2,채무보증_매입보장약정,0,외국계증권사,B,SF205,각주항목(09.06월 이후)
54024,202403,0011218,홍콩상하이증권서울지점,A3,채무보증_채무인수약정,0,외국계증권사,B,SF205,각주항목(09.06월 이후)
54025,202403,0011218,홍콩상하이증권서울지점,A5,채무보증_매입확약,0,외국계증권사,B,SF205,각주항목(09.06월 이후)
54026,202403,0011218,홍콩상하이증권서울지점,A6,채무보증_기타,0,외국계증권사,B,SF205,각주항목(09.06월 이후)
54027,202403,0011218,홍콩상하이증권서울지점,B,투자자의 예수증권 등,0,외국계증권사,B,SF205,각주항목(09.06월 이후)
54028,202403,0011218,홍콩상하이증권서울지점,B1,투자자의 예수증권 등_예수 증권,0,외국계증권사,B,SF205,각주항목(09.06월 이후)
54029,202403,0011218,홍콩상하이증권서울지점,B2,투자자의 예수증권 등_예수양도성예금증서,0,외국계증권사,B,SF205,각주항목(09.06월 이후)
54030,202403,0011218,홍콩상하이증권서울지점,B3,투자자의 예수증권 등_기타,0,외국계증권사,B,SF205,각주항목(09.06월 이후)
54031,202403,0011218,홍콩상하이증권서울지점,C,파생상품계약,0,외국계증권사,B,SF205,각주항목(09.06월 이후)
54032,202403,0011218,홍콩상하이증권서울지점,C1,파생상품계약_장내파생상품,0,외국계증권사,B,SF205,각주항목(09.06월 이후)
54033,202403,0011218,홍콩상하이증권서울지점,C11,파생상품계약_장내파생상품_이자율관련거래,0,외국계증권사,B,SF205,각주항목(09.06월 이후)
54034,202403,0011218,홍콩상하이증권서울지점,C12,파생상품계약_장내파생상품_통화관련거래,0,외국계증권사,B,SF205,각주항목(09.06월 이후)
54035,202403,0011218,홍콩상하이증권서울지점,C13,파생상품계약_장내파생상품_주식관련거래,0,외국계증권사,B,SF205,각주항목(09.06월 이후)
54036,202403,0011218,홍콩상하이증권서울지점,C14,파생상품계약_장내파생상품_일반상품관련거래,0,외국계증권사,B,SF205,각주항목(09.06월 이후)
54037,202403,0011218,홍콩상하이증권서울지점,C15,파생상품계약_장내파생상품_기타,0,외국계증권사,B,SF205,각주항목(09.06월 이후)
54038,202403,0011218,홍콩상하이증권서울지점,C2,파생상품계약_장외파생상품,0,외국계증권사,B,SF205,각주항목(09.06월 이후)
54039,202403,0011218,홍콩상하이증권서울지점,C21,파생상품계약_장외파생상품_이자율관련거래,0,외국계증권사,B,SF205,각주항목(09.06월 이후)
54040,202403,0011218,홍콩상하이증권서울지점,C22,파생상품계약_장외파생상품_통화관련거래,0,외국계증권사,B,SF205,각주항목(09.06월 이후)
54041,202403,0011218,홍콩상하이증권서울지점,C23,파생상품계약_장외파생상품_주식관련거래,0,외국계증권사,B,SF205,각주항목(09.06월 이후)
54042,202403,0011218,홍콩상하이증권서울지점,C24,파생상품계약_장외파생상품_신용관련거래,0,외국계증권사,B,SF205,각주항목(09.06월 이후)
54043,202403,0011218,홍콩상하이증권서울지점,C25,파생상품계약_장외파생상품_기타,0,외국계증권사,B,SF205,각주항목(09.06월 이후)
54044,202403,0011218,홍콩상하이증권서울지점,D,대차 및 대주거래,0,외국계증권사,B,SF205,각주항목(09.06월 이후)
54045,202403,0011218,홍콩상하이증권서울지점,D1,대차 및 대주거래_대여증권,0,외국계증권사,B,SF205,각주항목(09.06월 이후)
54046,202403,0011218,홍콩상하이증권서울지점,D2,대차 및 대주거래_차입증권,0,외국계증권사,B,SF205,각주항목(09.06월 이후)
54047,202403,0011218,홍콩상하이증권서울지점,D3,대차 및 대주거래_신용거래대주,0,외국계증권사,B,SF205,각주항목(09.06월 이후)
54048,202403,0011218,홍콩상하이증권서울지점,E,대손상각채권,0,외국계증권사,B,SF205,각주항목(09.06월 이후)
54049,202403,0011218,홍콩상하이증권서울지점,F,환전업무 예치금,0,외국계증권사,B,SF205,각주항목(09.06월 이후)
54050,202403,0011218,홍콩상하이증권서울지점,G,미배당별도예치금,0,외국계증권사,B,SF205,각주항목(09.06월 이후)
54051,202403,0011218,홍콩상하이증권서울지점,H,배서어음매출(종금계정),0,외국계증권사,B,SF205,각주항목(09.06월 이후)
54052,202403,0011218,홍콩상하이증권서울지점,H1,대출채권매매이익_담보부,0,외국계증권사,B,SF205,각주항목(09.06월 이후)
54053,202403,0011218,홍콩상하이증권서울지점,H2,대출채권매매이익_무담보부,0,외국계증권사,B,SF205,각주항목(09.06월 이후)
54054,202406,0011218,홍콩상하이증권서울지점,A,채무보증,0,외국계증권사,B,SF205,각주항목(09.06월 이후)
54055,202406,0011218,홍콩상하이증권서울지점,A1,채무보증_지급보증,0,외국계증권사,B,SF205,각주항목(09.06월 이후)
54056,202406,0011218,홍콩상하이증권서울지점,A2,채무보증_매입보장약정,0,외국계증권사,B,SF205,각주항목(09.06월 이후)
54057,202406,0011218,홍콩상하이증권서울지점,A3,채무보증_채무인수약정,0,외국계증권사,B,SF205,각주항목(09.06월 이후)
54058,202406,0011218,홍콩상하이증권서울지점,A5,채무보증_매입확약,0,외국계증권사,B,SF205,각주항목(09.06월 이후)
54059,202406,0011218,홍콩상하이증권서울지점,A6,채무보증_기타,0,외국계증권사,B,SF205,각주항목(09.06월 이후)
54060,202406,0011218,홍콩상하이증권서울지점,B,투자자의 예수증권 등,0,외국계증권사,B,SF205,각주항목(09.06월 이후)
54061,202406,0011218,홍콩상하이증권서울지점,B1,투자자의 예수증권 등_예수 증권,0,외국계증권사,B,SF205,각주항목(09.06월 이후)
54062,202406,0011218,홍콩상하이증권서울지점,B2,투자자의 예수증권 등_예수양도성예금증서,0,외국계증권사,B,SF205,각주항목(09.06월 이후)
54063,202406,0011218,홍콩상하이증권서울지점,B3,투자자의 예수증권 등_기타,0,외국계증권사,B,SF205,각주항목(09.06월 이후)
54064,202406,0011218,홍콩상하이증권서울지점,C,파생상품계약,0,외국계증권사,B,SF205,각주항목(09.06월 이후)
54065,202406,0011218,홍콩상하이증권서울지점,C1,파생상품계약_장내파생상품,0,외국계증권사,B,SF205,각주항목(09.06월 이후)
54066,202406,0011218,홍콩상하이증권서울지점,C11,파생상품계약_장내파생상품_이자율관련거래,0,외국계증권사,B,SF205,각주항목(09.06월 이후)
54067,202406,0011218,홍콩상하이증권서울지점,C12,파생상품계약_장내파생상품_통화관련거래,0,외국계증권사,B,SF205,각주항목(09.06월 이후)
54068,202406,0011218,홍콩상하이증권서울지점,C13,파생상품계약_장내파생상품_주식관련거래,0,외국계증권사,B,SF205,각주항목(09.06월 이후)
54069,202406,0011218,홍콩상하이증권서울지점,C14,파생상품계약_장내파생상품_일반상품관련거래,0,외국계증권사,B,SF205,각주항목(09.06월 이후)
54070,202406,0011218,홍콩상하이증권서울지점,C15,파생상품계약_장내파생상품_기타,0,외국계증권사,B,SF205,각주항목(09.06월 이후)
54071,202406,0011218,홍콩상하이증권서울지점,C2,파생상품계약_장외파생상품,0,외국계증권사,B,SF205,각주항목(09.06월 이후)
54072,202406,0011218,홍콩상하이증권서울지점,C21,파생상품계약_장외파생상품_이자율관련거래,0,외국계증권사,B,SF205,각주항목(09.06월 이후)
54073,202406,0011218,홍콩상하이증권서울지점,C22,파생상품계약_장외파생상품_통화관련거래,0,외국계증권사,B,SF205,각주항목(09.06월 이후)
54074,202406,0011218,홍콩상하이증권서울지점,C23,파생상품계약_장외파생상품_주식관련거래,0,외국계증권사,B,SF205,각주항목(09.06월 이후)
54075,202406,0011218,홍콩상하이증권서울지점,C24,파생상품계약_장외파생상품_신용관련거래,0,외국계증권사,B,SF205,각주항목(09.06월 이후)
54076,202406,0011218,홍콩상하이증권서울지점,C25,파생상품계약_장외파생상품_기타,0,외국계증권사,B,SF205,각주항목(09.06월 이후)
54077,202406,0011218,홍콩상하이증권서울지점,D,대차 및 대주거래,0,외국계증권사,B,SF205,각주항목(09.06월 이후)
54078,202406,0011218,홍콩상하이증권서울지점,D1,대차 및 대주거래_대여증권,0,외국계증권사,B,SF205,각주항목(09.06월 이후)
54079,202406,0011218,홍콩상하이증권서울지점,D2,대차 및 대주거래_차입증권,0,외국계증권사,B,SF205,각주항목(09.06월 이후)
54080,202406,0011218,홍콩상하이증권서울지점,D3,대차 및 대주거래_신용거래대주,0,외국계증권사,B,SF205,각주항목(09.06월 이후)
54081,202406,0011218,홍콩상하이증권서울지점,E,대손상각채권,0,외국계증권사,B,SF205,각주항목(09.06월 이후)
54082,202406,0011218,홍콩상하이증권서울지점,F,환전업무 예치금,0,외국계증권사,B,SF205,각주항목(09.06월 이후)
54083,202406,0011218,홍콩상하이증권서울지점,G,미배당별도예치금,0,외국계증권사,B,SF205,각주항목(09.06월 이후)
54084,202406,0011218,홍콩상하이증권서울지점,H,배서어음매출(종금계정),0,외국계증권사,B,SF205,각주항목(09.06월 이후)
54085,202406,0011218,홍콩상하이증권서울지점,H1,대출채권매매이익_담보부,0,외국계증권사,B,SF205,각주항목(09.06월 이후)
54086,202406,0011218,홍콩상하이증권서울지점,H2,대출채권매매이익_무담보부,0,외국계증권사,B,SF205,각주항목(09.06월 이후)
54087,202409,0011218,홍콩상하이증권서울지점,A,채무보증,0,외국계증권사,B,SF205,각주항목(09.06월 이후)
54088,202409,0011218,홍콩상하이증권서울지점,A1,채무보증_지급보증,0,외국계증권사,B,SF205,각주항목(09.06월 이후)
54089,202409,0011218,홍콩상하이증권서울지점,A2,채무보증_매입보장약정,0,외국계증권사,B,SF205,각주항목(09.06월 이후)
54090,202409,0011218,홍콩상하이증권서울지점,A3,채무보증_채무인수약정,0,외국계증권사,B,SF205,각주항목(09.06월 이후)
54091,202409,0011218,홍콩상하이증권서울지점,A5,채무보증_매입확약,0,외국계증권사,B,SF205,각주항목(09.06월 이후)
54092,202409,0011218,홍콩상하이증권서울지점,A6,채무보증_기타,0,외국계증권사,B,SF205,각주항목(09.06월 이후)
54093,202409,0011218,홍콩상하이증권서울지점,B,투자자의 예수증권 등,0,외국계증권사,B,SF205,각주항목(09.06월 이후)
54094,202409,0011218,홍콩상하이증권서울지점,B1,투자자의 예수증권 등_예수 증권,0,외국계증권사,B,SF205,각주항목(09.06월 이후)
54095,202409,0011218,홍콩상하이증권서울지점,B2,투자자의 예수증권 등_예수양도성예금증서,0,외국계증권사,B,SF205,각주항목(09.06월 이후)
54096,202409,0011218,홍콩상하이증권서울지점,B3,투자자의 예수증권 등_기타,0,외국계증권사,B,SF205,각주항목(09.06월 이후)
54097,202409,0011218,홍콩상하이증권서울지점,C,파생상품계약,0,외국계증권사,B,SF205,각주항목(09.06월 이후)
54098,202409,0011218,홍콩상하이증권서울지점,C1,파생상품계약_장내파생상품,0,외국계증권사,B,SF205,각주항목(09.06월 이후)
54099,202409,0011218,홍콩상하이증권서울지점,C11,파생상품계약_장내파생상품_이자율관련거래,0,외국계증권사,B,SF205,각주항목(09.06월 이후)
54100,202409,0011218,홍콩상하이증권서울지점,C12,파생상품계약_장내파생상품_통화관련거래,0,외국계증권사,B,SF205,각주항목(09.06월 이후)
54101,202409,0011218,홍콩상하이증권서울지점,C13,파생상품계약_장내파생상품_주식관련거래,0,외국계증권사,B,SF205,각주항목(09.06월 이후)
54102,202409,0011218,홍콩상하이증권서울지점,C14,파생상품계약_장내파생상품_일반상품관련거래,0,외국계증권사,B,SF205,각주항목(09.06월 이후)
54103,202409,0011218,홍콩상하이증권서울지점,C15,파생상품계약_장내파생상품_기타,0,외국계증권사,B,SF205,각주항목(09.06월 이후)
54104,202409,0011218,홍콩상하이증권서울지점,C2,파생상품계약_장외파생상품,0,외국계증권사,B,SF205,각주항목(09.06월 이후)
54105,202409,0011218,홍콩상하이증권서울지점,C21,파생상품계약_장외파생상품_이자율관련거래,0,외국계증권사,B,SF205,각주항목(09.06월 이후)
54106,202409,0011218,홍콩상하이증권서울지점,C22,파생상품계약_장외파생상품_통화관련거래,0,외국계증권사,B,SF205,각주항목(09.06월 이후)
54107,202409,0011218,홍콩상하이증권서울지점,C23,파생상품계약_장외파생상품_주식관련거래,0,외국계증권사,B,SF205,각주항목(09.06월 이후)
54108,202409,0011218,홍콩상하이증권서울지점,C24,파생상품계약_장외파생상품_신용관련거래,0,외국계증권사,B,SF205,각주항목(09.06월 이후)
54109,202409,0011218,홍콩상하이증권서울지점,C25,파생상품계약_장외파생상품_기타,0,외국계증권사,B,SF205,각주항목(09.06월 이후)
54110,202409,0011218,홍콩상하이증권서울지점,D,대차 및 대주거래,0,외국계증권사,B,SF205,각주항목(09.06월 이후)
54111,202409,0011218,홍콩상하이증권서울지점,D1,대차 및 대주거래_대여증권,0,외국계증권사,B,SF205,각주항목(09.06월 이후)
54112,202409,0011218,홍콩상하이증권서울지점,D2,대차 및 대주거래_차입증권,0,외국계증권사,B,SF205,각주항목(09.06월 이후)
54113,202409,0011218,홍콩상하이증권서울지점,D3,대차 및 대주거래_신용거래대주,0,외국계증권사,B,SF205,각주항목(09.06월 이후)
54114,202409,0011218,홍콩상하이증권서울지점,E,대손상각채권,0,외국계증권사,B,SF205,각주항목(09.06월 이후)
54115,202409,0011218,홍콩상하이증권서울지점,F,환전업무 예치금,0,외국계증권사,B,SF205,각주항목(09.06월 이후)
54116,202409,0011218,홍콩상하이증권서울지점,G,미배당별도예치금,0,외국계증권사,B,SF205,각주항목(09.06월 이후)
54117,202409,0011218,홍콩상하이증권서울지점,H,배서어음매출(종금계정),0,외국계증권사,B,SF205,각주항목(09.06월 이후)
54118,202409,0011218,홍콩상하이증권서울지점,H1,대출채권매매이익_담보부,0,외국계증권사,B,SF205,각주항목(09.06월 이후)
54119,202409,0011218,홍콩상하이증권서울지점,H2,대출채권매매이익_무담보부,0,외국계증권사,B,SF205,각주항목(09.06월 이후)
54120,202412,0011218,홍콩상하이증권서울지점,A,채무보증,0,외국계증권사,B,SF205,각주항목(09.06월 이후)
54121,202412,0011218,홍콩상하이증권서울지점,A1,채무보증_지급보증,0,외국계증권사,B,SF205,각주항목(09.06월 이후)
54122,202412,0011218,홍콩상하이증권서울지점,A2,채무보증_매입보장약정,0,외국계증권사,B,SF205,각주항목(09.06월 이후)
54123,202412,0011218,홍콩상하이증권서울지점,A3,채무보증_채무인수약정,0,외국계증권사,B,SF205,각주항목(09.06월 이후)
54124,202412,0011218,홍콩상하이증권서울지점,A5,채무보증_매입확약,0,외국계증권사,B,SF205,각주항목(09.06월 이후)
54125,202412,0011218,홍콩상하이증권서울지점,A6,채무보증_기타,0,외국계증권사,B,SF205,각주항목(09.06월 이후)
54126,202412,0011218,홍콩상하이증권서울지점,B,투자자의 예수증권 등,0,외국계증권사,B,SF205,각주항목(09.06월 이후)
54127,202412,0011218,홍콩상하이증권서울지점,B1,투자자의 예수증권 등_예수 증권,0,외국계증권사,B,SF205,각주항목(09.06월 이후)
54128,202412,0011218,홍콩상하이증권서울지점,B2,투자자의 예수증권 등_예수양도성예금증서,0,외국계증권사,B,SF205,각주항목(09.06월 이후)
54129,202412,0011218,홍콩상하이증권서울지점,B3,투자자의 예수증권 등_기타,0,외국계증권사,B,SF205,각주항목(09.06월 이후)
54130,202412,0011218,홍콩상하이증권서울지점,C,파생상품계약,0,외국계증권사,B,SF205,각주항목(09.06월 이후)
54131,202412,0011218,홍콩상하이증권서울지점,C1,파생상품계약_장내파생상품,0,외국계증권사,B,SF205,각주항목(09.06월 이후)
54132,202412,0011218,홍콩상하이증권서울지점,C11,파생상품계약_장내파생상품_이자율관련거래,0,외국계증권사,B,SF205,각주항목(09.06월 이후)
54133,202412,0011218,홍콩상하이증권서울지점,C12,파생상품계약_장내파생상품_통화관련거래,0,외국계증권사,B,SF205,각주항목(09.06월 이후)
54134,202412,0011218,홍콩상하이증권서울지점,C13,파생상품계약_장내파생상품_주식관련거래,0,외국계증권사,B,SF205,각주항목(09.06월 이후)
54135,202412,0011218,홍콩상하이증권서울지점,C14,파생상품계약_장내파생상품_일반상품관련거래,0,외국계증권사,B,SF205,각주항목(09.06월 이후)
54136,202412,0011218,홍콩상하이증권서울지점,C15,파생상품계약_장내파생상품_기타,0,외국계증권사,B,SF205,각주항목(09.06월 이후)
54137,202412,0011218,홍콩상하이증권서울지점,C2,파생상품계약_장외파생상품,0,외국계증권사,B,SF205,각주항목(09.06월 이후)
54138,202412,0011218,홍콩상하이증권서울지점,C21,파생상품계약_장외파생상품_이자율관련거래,0,외국계증권사,B,SF205,각주항목(09.06월 이후)
54139,202412,0011218,홍콩상하이증권서울지점,C22,파생상품계약_장외파생상품_통화관련거래,0,외국계증권사,B,SF205,각주항목(09.06월 이후)
54140,202412,0011218,홍콩상하이증권서울지점,C23,파생상품계약_장외파생상품_주식관련거래,0,외국계증권사,B,SF205,각주항목(09.06월 이후)
54141,202412,0011218,홍콩상하이증권서울지점,C24,파생상품계약_장외파생상품_신용관련거래,0,외국계증권사,B,SF205,각주항목(09.06월 이후)
54142,202412,0011218,홍콩상하이증권서울지점,C25,파생상품계약_장외파생상품_기타,0,외국계증권사,B,SF205,각주항목(09.06월 이후)
54143,202412,0011218,홍콩상하이증권서울지점,D,대차 및 대주거래,0,외국계증권사,B,SF205,각주항목(09.06월 이후)
54144,202412,0011218,홍콩상하이증권서울지점,D1,대차 및 대주거래_대여증권,0,외국계증권사,B,SF205,각주항목(09.06월 이후)
54145,202412,0011218,홍콩상하이증권서울지점,D2,대차 및 대주거래_차입증권,0,외국계증권사,B,SF205,각주항목(09.06월 이후)
54146,202412,0011218,홍콩상하이증권서울지점,D3,대차 및 대주거래_신용거래대주,0,외국계증권사,B,SF205,각주항목(09.06월 이후)
54147,202412,0011218,홍콩상하이증권서울지점,E,대손상각채권,0,외국계증권사,B,SF205,각주항목(09.06월 이후)
54148,202412,0011218,홍콩상하이증권서울지점,F,환전업무 예치금,0,외국계증권사,B,SF205,각주항목(09.06월 이후)
54149,202412,0011218,홍콩상하이증권서울지점,G,미배당별도예치금,0,외국계증권사,B,SF205,각주항목(09.06월 이후)
54150,202412,0011218,홍콩상하이증권서울지점,H,배서어음매출(종금계정),0,외국계증권사,B,SF205,각주항목(09.06월 이후)
54151,202412,0011218,홍콩상하이증권서울지점,H1,대출채권매매이익_담보부,0,외국계증권사,B,SF205,각주항목(09.06월 이후)
54152,202412,0011218,홍콩상하이증권서울지점,H2,대출채권매매이익_무담보부,0,외국계증권사,B,SF205,각주항목(09.06월 이후)
