,금융구분,금융회사코드,금융회사명,통계분류,통계표코드,통계표명,코드,구분,200803,200806,200809,200812,200903,200906,200909,200912,201003,201006,201009,201012,201103,201106,201109,201112,201203,201206,201209,201212,201303,201306,201309,201312,201403,201406,201409,201412,201503,201506,201509,201512,201603,201606,201609,201612,201703,201706,201709,201712,201803,201806,201809,201812,201903,201906,201909,201912,202003,202006,202009,202012,202103,202106,202109,202112,202203,202206,202209,202212,202303,202306,202309,202312,202403,202406,202409,202412
0,리스사,10235,산은캐피탈㈜,B,SK104,요약재무상태표(부채 및 자본)(08.03월 이후),A,부채 및 자본총계,3889386000000,3979043000000,4044414000000,3701658000000,3908387000000,3567263000000,3351908000000,3512924000000,3277422000000,3131541000000,3325035000000,3026664000000,2600842000000,2684656000000,2684006000000,2595148000000,2682318000000,2635332000000,2597733000000,2845184000000,3073405000000,3281839000000,3356224000000,3464709000000,3486679000000,3735974000000,3844131000000,4149223000000,4168316000000,4301063000000,4505092000000,4819173000000,4693122000000,4643085000000,4857312000000,4870135000000,5029003000000,5353385000000,5687100000000,4945504000000,5215807000000,5356252000000,5224255000000,5454141000000,5829715000000,6135099000000,5658033000000,5757552000000,6029587000000,6207840000000,6205442000000,6441455000000,6901181000000,7050247000000,7144439000000,7351876000000,7861537000000,8614486000000,8691994000000,8593744000000,8587636000000,9164378000000,9499104000000,9537324000000,9744333000000,10035984000000,10600238000000,10817227000000
1,리스사,10235,산은캐피탈㈜,B,SK104,요약재무상태표(부채 및 자본)(08.03월 이후),A1,부채,3378429000000,3488828000000,3570248000000,3273284000000,3477763000000,3100582000000,2869154000000,3044680000000,2764990000000,2652906000000,2969741000000,2677347000000,2234644000000,2295693000000,2299762000000,2221168000000,2304504000000,2235745000000,2192718000000,2444352000000,2664376000000,2845518000000,2900090000000,3000473000000,3001168000000,3206060000000,3295704000000,3574096000000,3601372000000,3699756000000,3872241000000,4176115000000,4054204000000,3969486000000,4159648000000,4186646000000,4363556000000,4650437000000,4944988000000,4197268000000,4470790000000,4574112000000,4410593000000,4603695000000,5001493000000,5266834000000,4753349000000,4831125000000,5129983000000,5248165000000,5201449000000,5421263000000,5866350000000,5930317000000,5964546000000,6119210000000,6674396000000,7377435000000,7414356000000,7291148000000,7269387000000,7756930000000,8061824000000,8048134000000,8241171000000,8454472000000,8986650000000,9131904000000
2,리스사,10235,산은캐피탈㈜,B,SK104,요약재무상태표(부채 및 자본)(08.03월 이후),A11,차입부채,3227932000000,3282335000000,3360926000000,3049644000000,3264003000000,2896664000000,2677307000000,2855143000000,2571437000000,2455662000000,2791269000000,2516033000000,2082681000000,2147171000000,2166103000000,2116518000000,2171172000000,2088414000000,2061928000000,2325204000000,2538813000000,2712344000000,2766982000000,2850416000000,2832485000000,3044317000000,3108282000000,3354346000000,3332516000000,3432446000000,3570538000000,3867155000000,3702874000000,3635143000000,3836131000000,3850926000000,3999299000000,4318521000000,4611010000000,3866649000000,4083473000000,4246009000000,4076340000000,4272091000000,4613979000000,4932050000000,4413547000000,4484000000000,4734212000000,4895752000000,4826093000000,5030203000000,5426090000000,5481489000000,5498593000000,5625418000000,6109428000000,6893731000000,6922284000000,6758615000000,6686504000000,7140665000000,7422543000000,7381244000000,7523277000000,7764279000000,8288562000000,8416673000000
3,리스사,10235,산은캐피탈㈜,B,SK104,요약재무상태표(부채 및 자본)(08.03월 이후),A110,차입금,1522832000000,1468542000000,1608449000000,1325353000000,1357430000000,1008135000000,911718000000,1188489000000,972266000000,991079000000,1104487000000,836586000000,,,,,,,,,,,,,,,,,,,,,,,,,,,,,,,,,,,,,,,,,,,,,,,,,,,,,,,,
4,리스사,10235,산은캐피탈㈜,B,SK104,요약재무상태표(부채 및 자본)(08.03월 이후),A110,차입부채_차입금,,,,,,,,,,,,,674052000000,725314000000,661773000000,627990000000,526533000000,524614000000,548569000000,805044000000,948183000000,759534000000,708209000000,692071000000,513989000000,406353000000,489805000000,585549000000,643826000000,528751000000,695941000000,1044981000000,920396000000,832484000000,883818000000,1018475000000,1466058000000,2004967000000,2730932000000,2257257000000,2134689000000,1943973000000,1684617000000,1460086000000,1380893000000,1358179000000,720503000000,732299000000,740823000000,694373000000,529728000000,551010000000,568263000000,823836000000,809808000000,937225000000,1062892000000,1388774000000,1335445000000,1392518000000,1359611000000,1316524000000,1338706000000,1226838000000,1129931000000,918074000000,1333225000000,1191433000000
5,리스사,10235,산은캐피탈㈜,B,SK104,요약재무상태표(부채 및 자본)(08.03월 이후),A111,단기차입금,728300000000,641100000000,718195000000,514339000000,427030000000,296640000000,202890000000,498930000000,318500000000,356500000000,520900000000,317000000000,,,,,,,,,,,,,,,,,,,,,,,,,,,,,,,,,,,,,,,,,,,,,,,,,,,,,,,,
6,리스사,10235,산은캐피탈㈜,B,SK104,요약재무상태표(부채 및 자본)(08.03월 이후),A111,차입부채_차입금_단기차입금,,,,,,,,,,,,,204000000000,279000000000,142000000000,137000000000,98300000000,98300000000,70057000000,305040000000,455023000000,425006000000,395000000000,388000000000,253000000000,175000000000,275000000000,395000000000,470000000000,370000000000,566000000000,945000000000,830000000000,740000000000,799000000000,939000000000,1378500000000,1603500000000,1698500000000,1235000000000,1120000000000,915953000000,660000000000,440000000000,440000000000,820000000000,630000000000,645000000000,660000000000,595000000000,435000000000,460000000000,480000000000,510000000000,500000000000,350000000000,230000000000,200000000000,100000000000,110000000000,80000000000,40000000000,40000000000,90000000000, ,0,570000000000,760000000000
7,리스사,10235,산은캐피탈㈜,B,SK104,요약재무상태표(부채 및 자본)(08.03월 이후),A112,차입부채_차입금_콜머니,,,,,,,,,,,,,0, ,0, , , , , , , ,0,0, , ,0,0,0,0,0, ,0,0, ,0,0, ,0, , , , , , , , , , , , , , , , , , , , , , ,0, , , ,0,0,0
8,리스사,10235,산은캐피탈㈜,B,SK104,요약재무상태표(부채 및 자본)(08.03월 이후),A112,콜머니,0,0,0,0,0,0,0,0,0,0,0,0,,,,,,,,,,,,,,,,,,,,,,,,,,,,,,,,,,,,,,,,,,,,,,,,,,,,,,,,
9,리스사,10235,산은캐피탈㈜,B,SK104,요약재무상태표(부채 및 자본)(08.03월 이후),A113,장기차입금,794532000000,827442000000,890254000000,811014000000,930400000000,711495000000,708828000000,689559000000,653766000000,634579000000,583587000000,519586000000,,,,,,,,,,,,,,,,,,,,,,,,,,,,,,,,,,,,,,,,,,,,,,,,,,,,,,,,
10,리스사,10235,산은캐피탈㈜,B,SK104,요약재무상태표(부채 및 자본)(08.03월 이후),A113,차입부채_차입금_장기차입금,,,,,,,,,,,,,470052000000,446314000000,519773000000,490990000000,428233000000,426314000000,478512000000,500004000000,493160000000,334528000000,313209000000,304071000000,260989000000,231353000000,214805000000,190549000000,173826000000,158751000000,129941000000,99981000000,90396000000,92484000000,84818000000,79475000000,87558000000,401467000000,1032432000000,1022257000000,1014689000000,1028020000000,1024617000000,1020086000000,940893000000,538179000000,90503000000,87299000000,80823000000,99373000000,94728000000,91010000000,88263000000,313836000000,309808000000,587225000000,832892000000,1188774000000,1235445000000,1282518000000,1279611000000,1276524000000,1298706000000,1136838000000,1129931000000,918074000000,763225000000,431433000000
11,리스사,10235,산은캐피탈㈜,B,SK104,요약재무상태표(부채 및 자본)(08.03월 이후),A114,유동성 장기차입금,0,0,0,0,0,0,0,0,0,0,0,0,,,,,,,,,,,,,,,,,,,,,,,,,,,,,,,,,,,,,,,,,,,,,,,,,,,,,,,,
12,리스사,10235,산은캐피탈㈜,B,SK104,요약재무상태표(부채 및 자본)(08.03월 이후),A114,차입부채_차입금_유동성 장기차입금,,,,,,,,,,,,,0, ,0, , , , , , , ,0,0, , ,0,0,0,0,0, ,0,0, ,0,0, ,0, , , , , , , , , , , , , , , , , , , , , , ,0, , , ,0,0,0
13,리스사,10235,산은캐피탈㈜,B,SK104,요약재무상태표(부채 및 자본)(08.03월 이후),A115,사  채,1705100000000,1813793000000,1752477000000,1724291000000,1906573000000,1888529000000,1765589000000,1666654000000,1599171000000,1464583000000,1686782000000,1679447000000,,,,,,,,,,,,,,,,,,,,,,,,,,,,,,,,,,,,,,,,,,,,,,,,,,,,,,,,
14,리스사,10235,산은캐피탈㈜,B,SK104,요약재무상태표(부채 및 자본)(08.03월 이후),A115,차입부채_사 채,,,,,,,,,,,,,1408628000000,1421857000000,1504329000000,1488528000000,1644640000000,1563800000000,1513359000000,1520160000000,1590630000000,1952810000000,2058773000000,2158345000000,2318496000000,2637964000000,2618477000000,2768797000000,2688690000000,2903695000000,2874597000000,2822174000000,2782478000000,2802659000000,2952313000000,2832451000000,2533241000000,2313555000000,1880078000000,1609392000000,1948784000000,2302036000000,2391723000000,2812005000000,3233086000000,3573871000000,3693044000000,3751701000000,3993389000000,4201379000000,4296365000000,4479193000000,4857827000000,4657653000000,4688785000000,4688193000000,5046536000000,5504957000000,5586839000000,5366097000000,5326893000000,5824141000000,6083837000000,6154406000000,6393346000000,6846205000000,6955337000000,7225240000000
15,리스사,10235,산은캐피탈㈜,B,SK104,요약재무상태표(부채 및 자본)(08.03월 이후),A1150,차입부채_사 채_단기사채,0,0,0,0,0,0,0,0,0,0,0,0,0, ,0, , , , , , , ,10000000000,0,10000000000, ,0,30000000000,40000000000,0,0, ,0,0, ,0,0, ,0, , , , , , , , , , , , , , , , , , , , , , ,0, , , ,0,0,0
16,리스사,10235,산은캐피탈㈜,B,SK104,요약재무상태표(부채 및 자본)(08.03월 이후),A11500,차입부채_사 채_단기사채_(사채발행차금),0,0,0,0,0,0,0,0,0,0,0,0,0, ,0, , , , , , , ,0,0, , ,0,0,0,0,0, ,0,0, ,0,0, ,0, , , , , , , , , , , , , , , , , , , , , , ,0, , , ,0,0,0
17,리스사,10235,산은캐피탈㈜,B,SK104,요약재무상태표(부채 및 자본)(08.03월 이후),A1151,차입부채_사 채_유동성사채,0,0,0,0,0,0,0,0,0,0,0,0,0, ,0, , , , , , , ,0,0, , ,0,0,0,0,0, ,0,0, ,0,0, ,0, , , , , , , , , , , , , , , , , , , , , , ,0, , , ,0,0,0
18,리스사,10235,산은캐피탈㈜,B,SK104,요약재무상태표(부채 및 자본)(08.03월 이후),A11510,차입부채_사 채_유동성사채_(유동성사채발행차금),0,0,0,0,0,0,0,0,0,0,0,0,0, ,0, , , , , , , ,0,0, , ,0,0,0,0,0, ,0,0, ,0,0, ,0, , , , , , , , , , , , , , , , , , , , , , ,0, , , ,0,0,0
19,리스사,10235,산은캐피탈㈜,B,SK104,요약재무상태표(부채 및 자본)(08.03월 이후),A1152,차입부채_사 채_장기사채,1707892000000,1816443000000,1754861000000,1726391000000,1908444000000,1890066000000,1766824000000,1667798000000,1600236000000,1465428000000,1687518000000,1680077000000,1409120000000,1422573000000,1505388000000,1489493000000,1646005000000,1564991000000,1514569000000,1521755000000,1592286000000,1954731000000,2050756000000,2160553000000,2310688000000,2640144000000,2620506000000,2740992000000,2651050000000,2906241000000,2876945000000,2825000000000,2785000000000,2805000000000,2955000000000,2835000000000,2535000000000,2315376000000,1881802000000,1611284000000,1950990000000,2304302000000,2393762000000,2814481000000,3236115000000,3577200000000,3696402000000,3754904000000,3996925000000,4204963000000,4299724000000,4482628000000,4861820000000,4661664000000,4692745000000,4691907000000,5050782000000,5509394000000,5590798000000,5369596000000,5330443000000,5828209000000,6088067000000,6158380000000,6397684000000,6851000000000,6960000000000,7230000000000
20,리스사,10235,산은캐피탈㈜,B,SK104,요약재무상태표(부채 및 자본)(08.03월 이후),A11520,차입부채_사 채_장기사채_(사채발행차금),2792000000,2650000000,2384000000,2100000000,1871000000,1537000000,1235000000,1144000000,1065000000,845000000,736000000,630000000,492000000,715000000,1058000000,965000000,1365000000,1191000000,1210000000,1595000000,1656000000,1921000000,1983000000,2208000000,2192000000,2180000000,2029000000,2195000000,2360000000,2546000000,2348000000,2826000000,2522000000,2341000000,2687000000,2549000000,1759000000,1821000000,1724000000,1892000000,2206000000,2266000000,2039000000,2476000000,3029000000,3329000000,3358000000,3203000000,3536000000,3584000000,3359000000,3435000000,3993000000,4011000000,3960000000,3714000000,4246000000,4437000000,3959000000,3499000000,3550000000,4068000000,4230000000,3974000000,4338000000,4795000000,4663000000,4760000000
21,리스사,10235,산은캐피탈㈜,B,SK104,요약재무상태표(부채 및 자본)(08.03월 이후),A1153,차입부채_사 채_기타,-2792000000,-2650000000,-2384000000,-2100000000,-1871000000,-1537000000,-1235000000,-1144000000,-1065000000,-845000000,-736000000,-630000000,-984000000,-1431000000,-2117000000,-1930000000,-2730000000,-2382000000,-2420000000,-3190000000,-3312000000,-3842000000,-3966000000,-4416000000,-4384000000,-4360000000,-4058000000,-4390000000,-4720000000,-5092000000,-4696000000,-5652000000,-5044000000,-4682000000,-5374000000,-5098000000,-3518000000,-3642000000,-3448000000,-3784000000,-4412000000,-4532000000,-4078000000,-4952000000,-6058000000,-6658000000,-6716000000,-6406000000,-7072000000,-7168000000,-6718000000,-6870000000,-7986000000,-8022000000,-7920000000,-7428000000,-8492000000,-8874000000,-7918000000,-6998000000,-7100000000,-8136000000,-8460000000,-7948000000,-8676000000,-9590000000,-9326000000,-9520000000
22,리스사,10235,산은캐피탈㈜,B,SK104,요약재무상태표(부채 및 자본)(08.03월 이후),A12,기타부채,150497000000,206493000000,209322000000,223640000000,213760000000,203918000000,191847000000,189537000000,193553000000,197244000000,178472000000,161314000000,151963000000,148522000000,133659000000,104651000000,133332000000,147331000000,130791000000,119148000000,125563000000,133174000000,133108000000,150057000000,168683000000,161743000000,187422000000,219750000000,268856000000,267310000000,301703000000,308960000000,351330000000,334343000000,323517000000,335720000000,364257000000,331916000000,333978000000,330619000000,387317000000,328103000000,334253000000,331604000000,387514000000,334784000000,339802000000,347125000000,395771000000,352413000000,375356000000,391060000000,440260000000,448828000000,465953000000,493792000000,564968000000,483704000000,492072000000,532533000000,582883000000,616265000000,639281000000,666890000000,717894000000,690193000000,698088000000,715231000000
23,리스사,10235,산은캐피탈㈜,B,SK104,요약재무상태표(부채 및 자본)(08.03월 이후),A120,기타부채_영업미지급금,757000000,853000000,4855000000,14261000000,761000000,1053000000,394000000,614000000,549000000,712000000,204000000,763000000,211000000,230000000,346000000,214000000,12464000000,10572000000,10537000000,296000000,422000000,926000000,506000000,928000000,771000000,1104000000,802000000,1484000000,1899000000,2534000000,1933000000,1795000000,1688000000,2100000000,1330000000,1587000000,1962000000,1942000000,1530000000,1673000000,2001000000,1704000000,1083000000,1543000000,1823000000,2007000000,2215000000,2946000000,2915000000,3037000000,3252000000,3199000000,2206000000,2565000000,2313000000,2848000000,4539000000,3477000000,4350000000,4890000000,6408000000,7527000000,5131000000,5900000000,8151000000,8814000000,11415000000,10046000000
24,리스사,10235,산은캐피탈㈜,B,SK104,요약재무상태표(부채 및 자본)(08.03월 이후),A121,기타부채_장기미지급금,0,0,0,0,0,0,0,0,0,0,0,0,0, ,0, , , , , , , ,0,0, , ,0,0,0,0,0, ,0,0, ,0,0, ,0, , , , , , , , , , , , , , , , , , , , , , ,0, , , ,0,0,0
25,리스사,10235,산은캐피탈㈜,B,SK104,요약재무상태표(부채 및 자본)(08.03월 이후),A122,기타부채_기타의 부채,75508000000,100474000000,117848000000,122869000000,120872000000,118701000000,116851000000,110400000000,115231000000,123381000000,105068000000,84732000000,97414000000,95727000000,82430000000,46735000000,65485000000,82689000000,67140000000,69513000000,70277000000,74715000000,69501000000,75527000000,70489000000,58108000000,64732000000,76579000000,71292000000,72387000000,89562000000,61587000000,69910000000,72608000000,59776000000,79657000000,69478000000,67881000000,70168000000,69840000000,85966000000,74275000000,83067000000,82770000000,90965000000,79176000000,79452000000,79558000000,76163000000,66612000000,75545000000,83995000000,90394000000,88885000000,92073000000,110826000000,113815000000,94339000000,100139000000,119198000000,124252000000,139732000000,153976000000,158322000000,176588000000,160202000000,150771000000,155662000000
26,리스사,10235,산은캐피탈㈜,B,SK104,요약재무상태표(부채 및 자본)(08.03월 이후),A1220,기타부채_기타의 부채_가수금,0,0,0,0,0,0,0,0,0,0,0,0,10989000000,10133000000,8627000000,5868000000,29928000000,44617000000,29457000000,31037000000,29544000000,30793000000,29413000000,25105000000,19195000000,3284000000,3129000000,2680000000,2871000000,3382000000,15853000000,5044000000,4102000000,4726000000,4563000000,4662000000,4212000000,4656000000,4783000000,4541000000,4223000000,7226000000,12861000000,5036000000,4355000000,6527000000,5590000000,3835000000,2325000000,3571000000,3583000000,2779000000,2705000000,2733000000,3568000000,1658000000,1378000000,1101000000,1329000000,1129000000,1195000000,1246000000,873000000,862000000,892000000,2022000000,1312000000,1153000000
27,리스사,10235,산은캐피탈㈜,B,SK104,요약재무상태표(부채 및 자본)(08.03월 이후),A1221,기타부채_기타의 부채_예수금,25417000000,27910000000,28313000000,27807000000,16718000000,18923000000,21387000000,13999000000,10835000000,11874000000,13707000000,10674000000,359000000,248000000,441000000,276000000,610000000,311000000,291000000,390000000,402000000,462000000,416000000,991000000,1052000000,1040000000,521000000,773000000,648000000,959000000,696000000,1210000000,486000000,720000000,715000000,557000000,1079000000,629000000,393000000,527000000,523000000,945000000,720000000,577000000,499000000,1005000000,526000000,952000000,581000000,799000000,512000000,733000000,588000000,518000000,576000000,703000000,594000000,527000000,662000000,720000000,589000000,558000000,587000000,742000000,668000000,711000000,838000000,678000000
28,리스사,10235,산은캐피탈㈜,B,SK104,요약재무상태표(부채 및 자본)(08.03월 이후),A1222,기타부채_기타의 부채_선수금,0,0,0,0,0,0,0,0,0,0,0,0,0,0,0,0,0,5000000,5000000,5000000,5000000,5000000,5000000,5000000,5000000,5000000,5000000,5000000,5000000,5000000,5000000,5000000,5000000,4000000,5000000,5000000,5000000,5000000,5000000,5000000,5000000,5000000,5000000,5000000,5000000,5000000,5000000,5000000,5000000,5000000, , , , , , , , , , , ,0, , , ,0,0,0
29,리스사,10235,산은캐피탈㈜,B,SK104,요약재무상태표(부채 및 자본)(08.03월 이후),A1223,기타부채_기타의 부채_선수수익,22866000000,26885000000,25021000000,23884000000,23130000000,20767000000,20649000000,20551000000,17770000000,15094000000,13417000000,13570000000,29989000000,30318000000,30107000000,23372000000,20452000000,21569000000,23904000000,23864000000,24831000000,24988000000,25270000000,31976000000,34707000000,35322000000,34438000000,33895000000,33608000000,34281000000,32944000000,30755000000,29465000000,29032000000,28145000000,27344000000,27324000000,26669000000,27726000000,26840000000,26555000000,27444000000,29011000000,29208000000,28161000000,23820000000,22616000000,22760000000,22642000000,22457000000,22497000000,24206000000,26125000000,29234000000,27842000000,28928000000,32048000000,35645000000,38520000000,52958000000,59626000000,77289000000,80499000000,80732000000,75675000000,83832000000,78644000000,75628000000
30,리스사,10235,산은캐피탈㈜,B,SK104,요약재무상태표(부채 및 자본)(08.03월 이후),A1224,기타부채_기타의 부채_미지급금,0,0,0,0,0,0,0,0,0,0,0,0,0, ,0, , , , ,168000000, ,816000000,0,1227000000,1072000000,318000000,0,1000000,0,0,0,839000000,0,0, ,497000000,211000000,211000000,211000000,816000000,208000000,151000000, ,1892000000,1886000000,1123000000,1120000000,908000000, , , ,2119000000, , , , , , , ,1000000, ,0, , , ,0,0,0
31,리스사,10235,산은캐피탈㈜,B,SK104,요약재무상태표(부채 및 자본)(08.03월 이후),A1225,기타부채_기타의 부채_미지급비용,22939000000,25742000000,29645000000,33461000000,41901000000,44340000000,47465000000,50156000000,54506000000,58580000000,59233000000,42275000000,39818000000,41764000000,13811000000,15141000000,13930000000,14471000000,13287000000,13018000000,11783000000,12208000000,13340000000,15128000000,13216000000,15112000000,15965000000,17897000000,16795000000,15154000000,15602000000,14595000000,14906000000,12719000000,13523000000,15281000000,11718000000,12662000000,10882000000,14171000000,16019000000,13200000000,14761000000,19894000000,21430000000,18249000000,18498000000,22785000000,23188000000,18556000000,19617000000,24025000000,24686000000,17983000000,19046000000,23818000000,25572000000,22238000000,25123000000,32491000000,32620000000,30438000000,35861000000,44697000000,48063000000,41463000000,42557000000,50603000000
32,리스사,10235,산은캐피탈㈜,B,SK104,요약재무상태표(부채 및 자본)(08.03월 이후),A1226,기타부채_기타의 부채_미지급법인세,0,6046000000,5233000000,3995000000,0,0,0,0,11761000000,6268000000,0,0,0, ,0, , , , , ,3026000000, ,350000000,0, ,2617000000,7394000000,11864000000,10286000000,5677000000,2341000000, ,15413000000,20061000000,10150000000,18781000000,21585000000,19065000000,20411000000,18425000000,34479000000,21628000000,22916000000,24078000000,32614000000,25807000000,26116000000,27138000000,22281000000,16701000000,26727000000,27188000000,32104000000,33827000000,35863000000,50671000000,46833000000,28109000000,23761000000,30126000000,28392000000,26952000000,31790000000,28420000000,46204000000,27547000000,25471000000,25697000000
33,리스사,10235,산은캐피탈㈜,B,SK104,요약재무상태표(부채 및 자본)(08.03월 이후),A1227,기타부채_기타의 부채_선불카드수탁금,0,0,0,0,0,0,0,0,0,0,0,0,0, ,0, , , , , , , ,0,0, , ,0,0,0,0,0, ,0,0, ,0,0, ,0, , , , , , , , , , , , , , , , , , , , , , ,0, , , ,0,0,0
34,리스사,10235,산은캐피탈㈜,B,SK104,요약재무상태표(부채 및 자본)(08.03월 이후),A1228,기타부채_기타의 부채_부가세예수금,0,0,0,0,0,0,0,0,0,0,0,0,103000000,13000000,114000000,110000000,12000000,14000000,14000000,855000000,8000000,6000000,18000000,18000000,51000000,9000000,25000000,32000000,29000000,30000000,29000000,6000000,6000000,6000000,6000000,15000000,6000000,11000000,13000000,16000000,6000000,15000000,8000000,56000000,13000000,6000000,6000000,6000000,6000000,6000000,11000000,6000000, , ,9000000,16000000,30000000,54000000,21000000,73000000, ,0, , , ,0,1000000,0
35,리스사,10235,산은캐피탈㈜,B,SK104,요약재무상태표(부채 및 자본)(08.03월 이후),A1229,기타부채_기타의 부채_선물환거래대,0,0,0,0,0,0,0,0,0,2779000000,0,0,0, ,0, , , , , , , ,0,0, , ,0,0,0,0,0, ,0,0, ,0,0, ,0, , , , , , , , , , , , , , , , , , , , , , ,0, , , ,0,0,0
36,리스사,10235,산은캐피탈㈜,B,SK104,요약재무상태표(부채 및 자본)(08.03월 이후),A122A,기타부채_기타의 부채_파생상품부채,4286000000,13891000000,29636000000,33722000000,39123000000,34671000000,27350000000,25694000000,20359000000,28786000000,18711000000,18213000000,16156000000,13250000000,29331000000,1968000000,553000000,1703000000,183000000, ,502000000,5047000000,299000000,552000000,606000000,400000000,3094000000,8669000000,6130000000,8418000000,17628000000,9134000000,5500000000,5281000000,2507000000,10263000000,1026000000,1904000000,3592000000,3876000000,3948000000,3661000000,2785000000,2024000000,2002000000,2634000000,4975000000,1169000000,5135000000,4517000000,2598000000,2939000000,4186000000,4590000000,5169000000,5032000000,7360000000,6665000000,10723000000,1700000000,1830000000,3249000000,4366000000,2869000000,5086000000,4627000000,1948000000,1903000000
37,리스사,10235,산은캐피탈㈜,B,SK104,요약재무상태표(부채 및 자본)(08.03월 이후),A122B,기타부채_기타의 부채_옵션수입프리미엄,0,0,0,0,0,0,0,0,0,0,0,0,0, ,0, , , , ,176000000,176000000,390000000,390000000,525000000,585000000,1000000,161000000,763000000,920000000,4481000000,4464000000, ,27000000,59000000,162000000,2252000000,2313000000,2070000000,2152000000,623000000, , , , , , , , , , , , , , , , , , , , , ,0, , , ,0,0,0
38,리스사,10235,산은캐피탈㈜,B,SK104,요약재무상태표(부채 및 자본)(08.03월 이후),A122C,기타부채_기타의 부채_이연리스수익,0,0,0,0,0,0,0,0,0,0,0,0,0, ,0, , , , , , , ,0,0, , ,0,0,0,0,0, ,0,0, ,0,0, ,0, , , , , , , , , , , , , , , , , , , , , , ,0, , , ,0,0,0
39,리스사,10235,산은캐피탈㈜,B,SK104,요약재무상태표(부채 및 자본)(08.03월 이후),A122D,기타부채_기타의 부채_기타의 유동부채,0,0,0,0,0,0,0,0,0,0,0,0,0, ,0, , , , , , , ,0,0, , ,0,0,0,0,0, ,0,0, ,0,0, ,0, , , , , , , , , , , , , , , , , , , , , , ,0, , , ,0,0,0
40,리스사,10235,산은캐피탈㈜,B,SK104,요약재무상태표(부채 및 자본)(08.03월 이후),A122E,기타부채_유동성 장기부채,0,0,0,0,0,0,0,0,0,0,0,0,0, ,0, , , , , , , ,0,0, , ,0,0,0,0,0, ,0,0, ,0,0, ,0, , , , , , , , , , , , , , , , , , , , , , ,0, , , ,0,0,0
41,리스사,10235,산은캐피탈㈜,B,SK104,요약재무상태표(부채 및 자본)(08.03월 이후),A123,기타부채_리스보증금,71845000000,77742000000,84843000000,84481000000,87684000000,80721000000,71214000000,71769000000,69914000000,67843000000,67586000000,66648000000,46306000000,45784000000,46929000000,53501000000,51176000000,50487000000,51682000000,48785000000,50488000000,57171000000,61447000000,72276000000,85925000000,101144000000,120428000000,140002000000,163276000000,191420000000,208852000000,228812000000,238722000000,243539000000,248606000000,251040000000,254136000000,258077000000,257141000000,255798000000,251559000000,248343000000,245502000000,242198000000,243982000000,248411000000,252194000000,260916000000,269807000000,271909000000,290410000000,298488000000,313877000000,335174000000,351237000000,360536000000,370538000000,374463000000,377402000000,399410000000,418647000000,441420000000,458214000000,470543000000,474575000000,482337000000,496640000000,505407000000
42,리스사,10235,산은캐피탈㈜,B,SK104,요약재무상태표(부채 및 자본)(08.03월 이후),A124,기타부채_보 증 금,5000000,5000000,5000000,5000000,5000000,5000000,5000000,5000000,5000000,5000000,5000000,5000000,5000000,5000000,0, , , , , , , ,0,0, , ,0,0,0,0,0, ,0,0,18000000,30000000,22000000,28000000,34000000,20000000, ,24000000,80000000,80000000,56000000,33000000,27000000,24000000,3000000, , , , , , , , , , , , ,0, , , ,0,0,0
43,리스사,10235,산은캐피탈㈜,B,SK104,요약재무상태표(부채 및 자본)(08.03월 이후),A1240,기타부채_보 증 금_상환이행보증금,0,0,0,0,0,0,0,0,0,0,0,0,0, ,0, , , , , , , ,0,0, , ,0,0,0,0,0, ,0,0, ,0,0, ,0, , , , , , , , , , , , , , , , , , , , , , ,0, , , ,0,0,0
44,리스사,10235,산은캐피탈㈜,B,SK104,요약재무상태표(부채 및 자본)(08.03월 이후),A1241,기타부채_보 증 금_임대보증금,5000000,5000000,5000000,5000000,5000000,5000000,5000000,5000000,5000000,5000000,5000000,5000000,5000000,5000000,0, , , , , , , ,0,0, , ,0,0,0,0,0, ,0,0, ,0,0, ,0, , , , , , , , , , , , , , , , , , , , , , ,0, , , ,0,0,0
45,리스사,10235,산은캐피탈㈜,B,SK104,요약재무상태표(부채 및 자본)(08.03월 이후),A1242,기타부채_보 증 금_기타보증금,0,0,0,0,0,0,0,0,0,0,0,0,0, ,0, , , , , , , ,0,0, , ,0,0,0,0,0, ,0,6000000,18000000,30000000,22000000,28000000,34000000,20000000, ,24000000,80000000,80000000,56000000,33000000,27000000,24000000,3000000, , , , , , , , , , , , ,0, , , ,0,0,0
46,리스사,10235,산은캐피탈㈜,B,SK104,요약재무상태표(부채 및 자본)(08.03월 이후),A125,기타부채_퇴직급여채무,4743000000,4981000000,5358000000,5612000000,5972000000,6309000000,6493000000,6295000000,6385000000,6587000000,6726000000,7324000000,9054000000,8893000000,9135000000,9024000000,9091000000,9218000000,9498000000,11149000000,11419000000,10780000000,11157000000,11407000000,11559000000,11711000000,11863000000,14906000000,14975000000,15437000000,15876000000,16752000000,17296000000,17559000000,18085000000,18656000000,17640000000,18629000000,19547000000,19295000000,19501000000,19567000000,19904000000,20891000000,20609000000,21091000000,21637000000,22125000000,21450000000,21250000000,21554000000,22574000000,21759000000,21782000000,22339000000,22484000000,22330000000,22714000000,23284000000,24172000000,24058000000,24809000000,25641000000,28086000000,28643000000,29557000000,29872000000,32586000000
47,리스사,10235,산은캐피탈㈜,B,SK104,요약재무상태표(부채 및 자본)(08.03월 이후),A1250,기타부채_퇴직급여채무_(미인식보험수리적손익) (+-),,,,,,,,,,,,,0, ,0, , , , , , , ,0,0, , ,0,0,0,0,0, ,0,0, ,0,0, ,0, , , , , , , , , , , , , , , , , , , , , , ,0, , , ,0,0,0
48,리스사,10235,산은캐피탈㈜,B,SK104,요약재무상태표(부채 및 자본)(08.03월 이후),A1251,기타부채_퇴직급여채무_(미인식과거근무원가) (-),,,,,,,,,,,,,0, ,0, , , , , , , ,0,0, , ,0,0,0,0,0, ,0,0, ,0,0, ,0, , , , , , , , , , , , , , , , , , , , , , ,0, , , ,0,0,0
49,리스사,10235,산은캐피탈㈜,B,SK104,요약재무상태표(부채 및 자본)(08.03월 이후),A1252,기타부채_퇴직급여채무_(퇴직급여사외적립자산) (-),,,,,,,,,,,,,0,-7176000000,-8248000000,-9024000000,-9012000000,-9063000000,-9084000000,-10855000000,-10864000000,-10714000000,-10814000000,-11407000000,-11559000000,-11711000000,-11863000000,-14864000000,-14544000000,-14622000000,-14674000000,-16660000000,-16770000000,-16599000000,-16694000000,-18426000000,-17413000000,-17504000000,-17256000000,-18661000000,-18422000000,-18043000000,-17943000000,-20160000000,-19130000000,-19151000000,-19228000000,-20877000000,-19720000000,-19071000000,-18894000000,-21284000000,-19992000000,-19539000000,-19620000000,-21311000000,-20680000000,-20586000000,-20679000000,-24172000000,-23632000000,-23863000000,-24176000000,-26591000000,-26525000000,-26814000000,-26506000000,-29624000000
50,리스사,10235,산은캐피탈㈜,B,SK104,요약재무상태표(부채 및 자본)(08.03월 이후),A126,기타부채_지급보증충당금,0,0,0,0,0,0,0,0,2375000000,586000000,586000000,606000000,201000000,212000000,0, , , ,110000000,226000000,232000000,140000000,75000000,0,197000000,81000000,112000000,160000000,155000000,39000000,34000000,32000000,49000000,59000000,62000000,69000000,55000000,2675000000,2634000000,2507000000,21000000,2174000000,2115000000,1636000000,1619000000,1580000000,1695000000,610000000,609000000,662000000,664000000,585000000,585000000,580000000,580000000,580000000,585000000,585000000,622000000,556000000,555000000,555000000,555000000,555000000,555000000,555000000,555000000,555000000
51,리스사,10235,산은캐피탈㈜,B,SK104,요약재무상태표(부채 및 자본)(08.03월 이후),A127,기타부채_포인트충당부채,0,0,0,0,0,0,0,0,0,0,0,0,0, ,0, , , , , , , ,0,0, , ,0,0,0,0,0, ,0,0, ,0,0, ,0, , , , , , , , , , , , , , , , , , , , , , ,0, , , ,0,0,0
52,리스사,10235,산은캐피탈㈜,B,SK104,요약재무상태표(부채 및 자본)(08.03월 이후),A128,기타부채_미지급배당금,0,24870000000,0,0,0,0,0,0,0,0,0,0,0, ,0, , , , , ,3544000000, ,0,0,10010000000, ,0,0,30342000000,0,0, ,31088000000,0, ,0,35254000000, ,0, ,44145000000, , , ,45388000000, , , ,42901000000, , , ,27979000000, , , ,69823000000, , , ,21077000000,0, , ,31461000000,0,0,0
53,리스사,10235,산은캐피탈㈜,B,SK104,요약재무상태표(부채 및 자본)(08.03월 이후),A129,기타부채_이연법인세부채,0,0,0,0,0,0,0,0,0,0,0,0,0, ,0, , , , , , , ,0,0, , ,0,0,0,0,0,16538000000,9250000000,14213000000,11780000000,0,0, ,0, , , , ,1670000000,767000000, ,197000000, , ,6388000000,708000000, , ,16084000000,13806000000,14358000000, ,4209000000,3465000000,5533000000,8227000000,22797000000,16878000000,27194000000,21447000000,32727000000,31828000000,37022000000
54,리스사,10235,산은캐피탈㈜,B,SK104,요약재무상태표(부채 및 자본)(08.03월 이후),A12A,기타부채_외화환산대,0,0,0,0,0,0,0,0,0,0,0,0,0, ,0, , , , , , , ,0,0, , ,0,0,0,0,0, ,0,0, ,0,0, ,0, , , , , , , , , , , , , , , , , , , , , , ,0, , , ,0,0,0
55,리스사,10235,산은캐피탈㈜,B,SK104,요약재무상태표(부채 및 자본)(08.03월 이후),A12B,기타부채_미사용약정충당금,0,0,0,0,0,0,0,0,0,0,0,0,1186000000,1127000000,299000000,60000000,45000000,28000000,43000000,34000000,45000000,156000000,142000000,102000000,67000000,82000000,124000000,100000000,78000000,115000000,120000000,104000000,97000000,84000000,87000000,107000000,123000000,189000000,180000000,147000000,38000000,59000000,66000000,976000000,1028000000,1076000000,1117000000,1073000000,915000000,965000000,1495000000,2110000000,1991000000,1903000000,1764000000,2036000000,2592000000,3037000000,1860000000,1387000000,1496000000,1527000000,1243000000,1135000000,1316000000,1130000000,1435000000,1544000000
56,리스사,10235,산은캐피탈㈜,B,SK104,요약재무상태표(부채 및 자본)(08.03월 이후),A12C,기타부채_이자율위험포트폴리오위험회피 대상의 공정가액변동부채,,,,,,,,,,,,,0, ,0, , , , , , , ,0,0, , ,0,0,0,0,0, ,0,0, ,0,0, ,0, , , , , , , , , , , , , , , , , , , , , , ,0, , , ,0,0,0
57,리스사,10235,산은캐피탈㈜,B,SK104,요약재무상태표(부채 및 자본)(08.03월 이후),A12D,기타부채_기타의 기타부채,2382000000,2346000000,1191000000,1190000000,4438000000,3083000000,2844000000,6214000000,5480000000,4420000000,4472000000,8560000000,4872000000,3720000000,2769000000,4141000000,4083000000,3400000000,863000000, , , ,1094000000,1224000000,1224000000,1224000000,1224000000,1383000000,1383000000,0,0, ,0,774000000,467000000,3000000000,3000000000, ,0, ,2508000000, ,379000000, ,407000000,561000000,496000000,750000000,728000000,661000000,622000000,1393000000,1461000000,1394000000,1461000000,1435000000,1426000000,1466000000,1629000000,1559000000,1795000000,1761000000,1819000000,1746000000,1683000000,1685000000,2078000000,2033000000
58,리스사,10235,산은캐피탈㈜,B,SK104,요약재무상태표(부채 및 자본)(08.03월 이후),A13,요구불상환지분,,,,,,,,,,,,,0, ,0, , , , , , , ,0,0, , ,0,0,0,0,0, ,0,0, ,0,0, ,0, , , , , , , , , , , , , , , , , , , , , , ,0, , , ,0,0,0
59,리스사,10235,산은캐피탈㈜,B,SK104,요약재무상태표(부채 및 자본)(08.03월 이후),A130,요구불상환지분_상환우선주,,,,,,,,,,,,,0, ,0, , , , , , , ,0,0, , ,0,0,0,0,0, ,0,0, ,0,0, ,0, , , , , , , , , , , , , , , , , , , , , , ,0, , , ,0,0,0
60,리스사,10235,산은캐피탈㈜,B,SK104,요약재무상태표(부채 및 자본)(08.03월 이후),A131,요구불상환지분_기타,,,,,,,,,,,,,0, ,0, , , , , , , ,0,0, , ,0,0,0,0,0, ,0,0, ,0,0, ,0, , , , , , , , , , , , , , , , , , , , , , ,0, , , ,0,0,0
61,리스사,10235,산은캐피탈㈜,B,SK104,요약재무상태표(부채 및 자본)(08.03월 이후),A2,자본,510957000000,490215000000,474166000000,428374000000,430624000000,466681000000,482754000000,468244000000,512432000000,478635000000,355294000000,349317000000,366199000000,388963000000,384244000000,373980000000,377814000000,399588000000,405015000000,400832000000,409029000000,436321000000,456134000000,464236000000,485511000000,529914000000,548427000000,575127000000,566944000000,601307000000,632851000000,643059000000,638918000000,673599000000,697665000000,683488000000,665447000000,702948000000,742112000000,748236000000,745017000000,782140000000,813662000000,850446000000,828222000000,868265000000,904684000000,926427000000,899604000000,959675000000,1003993000000,1020192000000,1034831000000,1119930000000,1179893000000,1232666000000,1187141000000,1237051000000,1277638000000,1302596000000,1318249000000,1407448000000,1437280000000,1489190000000,1503162000000,1581512000000,1613588000000,1685323000000
62,리스사,10235,산은캐피탈㈜,B,SK104,요약재무상태표(부채 및 자본)(08.03월 이후),A21,자본금,310877000000,310877000000,310877000000,310877000000,310877000000,310877000000,310877000000,310877000000,310877000000,310877000000,310877000000,310877000000,310877000000,310877000000,310877000000,310877000000,310877000000,310877000000,310877000000,310877000000,310877000000,310877000000,310877000000,310877000000,310877000000,310877000000,310877000000,310877000000,310877000000,310877000000,310877000000,310877000000,310877000000,310877000000,310877000000,310877000000,310877000000,310877000000,310877000000,310877000000,310877000000,310877000000,310877000000,310877000000,310877000000,310877000000,310877000000,310877000000,310877000000,310877000000,310877000000,310877000000,310877000000,310877000000,310877000000,310877000000,310877000000,310877000000,310877000000,310877000000,310877000000,310877000000,310877000000,310877000000,310877000000,310877000000,310877000000,310877000000
63,리스사,10235,산은캐피탈㈜,B,SK104,요약재무상태표(부채 및 자본)(08.03월 이후),A210,자본금_보통주자본금,310877000000,310877000000,310877000000,310877000000,310877000000,310877000000,310877000000,310877000000,310877000000,310877000000,310877000000,310877000000,310877000000,310877000000,310877000000,310877000000,310877000000,310877000000,310877000000,310877000000,310877000000,310877000000,310877000000,310877000000,310877000000,310877000000,310877000000,310877000000,310877000000,310877000000,310877000000,310877000000,310877000000,310877000000,310877000000,310877000000,310877000000,310877000000,310877000000,310877000000,310877000000,310877000000,310877000000,310877000000,310877000000,310877000000,310877000000,310877000000,310877000000,310877000000,310877000000,310877000000,310877000000,310877000000,310877000000,310877000000,310877000000,310877000000,310877000000,310877000000,310877000000,310877000000,310877000000,310877000000,310877000000,310877000000,310877000000,310877000000
64,리스사,10235,산은캐피탈㈜,B,SK104,요약재무상태표(부채 및 자본)(08.03월 이후),A211,자본금_우선주자본금,0,0,0,0,0,0,0,0,0,0,0,0,0, ,0, , , , , , , ,0,0, , ,0,0,0,0,0, ,0,0, ,0,0, ,0, , , , , , , , , , , , , , , , , , , , , , ,0, , , ,0,0,0
65,리스사,10235,산은캐피탈㈜,B,SK104,요약재무상태표(부채 및 자본)(08.03월 이후),A212,자본금_신주청약증거금,0,0,0,0,0,0,0,0,0,0,0,0,0, ,0, , , , , , , ,0,0, , ,0,0,0,0,0, ,0,0, ,0,0, ,0, , , , , , , , , , , , , , , , , , , , , , ,0, , , ,0,0,0
66,리스사,10235,산은캐피탈㈜,B,SK104,요약재무상태표(부채 및 자본)(08.03월 이후),A22,자본잉여금,0,0,0,0,0,0,0,0,0,0,0,0,0, ,0, , , , , , , ,0,0, , ,0,0,0,0,0, ,0,0, ,0,0, ,0, , , , , , , , , , , , , , , , , , , , , , ,0, , , ,0,0,0
67,리스사,10235,산은캐피탈㈜,B,SK104,요약재무상태표(부채 및 자본)(08.03월 이후),A220,자본잉여금_주식발행초과금,0,0,0,0,0,0,0,0,0,0,0,0,0, ,0, , , , , , , ,0,0, , ,0,0,0,0,0, ,0,0, ,0,0, ,0, , , , , , , , , , , , , , , , , , , , , , ,0, , , ,0,0,0
68,리스사,10235,산은캐피탈㈜,B,SK104,요약재무상태표(부채 및 자본)(08.03월 이후),A221,자본잉여금_감자차익,0,0,0,0,0,0,0,0,0,0,0,0,0, ,0, , , , , , , ,0,0, , ,0,0,0,0,0, ,0,0, ,0,0, ,0, , , , , , , , , , , , , , , , , , , , , , ,0, , , ,0,0,0
69,리스사,10235,산은캐피탈㈜,B,SK104,요약재무상태표(부채 및 자본)(08.03월 이후),A222,자본잉여금_기타자본잉여금,0,0,0,0,0,0,0,0,0,0,0,0,0, ,0, , , , , , , ,0,0, , ,0,0,0,0,0, ,0,0, ,0,0, ,0, , , , , , , , , , , , , , , , , , , , , , ,0, , , ,0,0,0
70,리스사,10235,산은캐피탈㈜,B,SK104,요약재무상태표(부채 및 자본)(08.03월 이후),A23,이익잉여금(결손금),172494000000,162959000000,172713000000,171343000000,159392000000,170348000000,172803000000,162428000000,175095000000,135593000000,5978000000,9308000000,30782000000,51934000000,43563000000,37149000000,52790000000,72588000000,78081000000,72467000000,83012000000,104802000000,130333000000,134192000000,156618000000,196140000000,217065000000,225429000000,228603000000,250994000000,288516000000,284393000000,290977000000,324061000000,352709000000,351203000000,342790000000,366052000000,410963000000,434069000000,437817000000,474718000000,506300000000,544158000000,521934000000,562119000000,598538000000,620732000000,593909000000,654013000000,698331000000,715108000000,729747000000,814201000000,874164000000,927730000000,882205000000,932241000000,972828000000,998405000000,1014058000000,1104163000000,1133995000000,1187411000000,1201383000000,1279885000000,1311961000000,1384927000000
71,리스사,10235,산은캐피탈㈜,B,SK104,요약재무상태표(부채 및 자본)(08.03월 이후),A230,이익잉여금(결손금)_이익준비금,0,2487000000,2487000000,2487000000,2487000000,2487000000,2487000000,2487000000,2487000000,2487000000,2487000000,2487000000,2487000000,2487000000,2487000000,2487000000,2487000000,2487000000,2487000000,2487000000,2842000000,2841000000,2841000000,2841000000,3842000000,3843000000,3842000000,3842000000,6877000000,6877000000,6877000000,6877000000,9985000000,9985000000,9985000000,9985000000,13511000000,13511000000,13511000000,13511000000,17925000000,17925000000,17925000000,17925000000,22464000000,22464000000,22464000000,22464000000,26754000000,26754000000,26754000000,26754000000,29552000000,29552000000,29552000000,29552000000,36534000000,36534000000,36535000000,36534000000,38642000000,38642000000,38642000000,38642000000,41788000000,41788000000,41788000000,41788000000
72,리스사,10235,산은캐피탈㈜,B,SK104,요약재무상태표(부채 및 자본)(08.03월 이후),A231,이익잉여금(결손금)_기업합리화적립금,0,0,0,0,0,0,0,0,0,0,0,0,0, ,0, , , , , , , ,0,0, , ,0,0,0,0,0, ,0,0, ,0,0, ,0, , , , , , , , , , , , , , , , , , , , , , ,0, , , ,0,0,0
73,리스사,10235,산은캐피탈㈜,B,SK104,요약재무상태표(부채 및 자본)(08.03월 이후),A232,이익잉여금(결손금)_투융자손실준비금,0,0,0,0,0,0,0,0,0,0,0,0,0, ,0, , , , , , , ,0,0, , ,0,0,0,0,0, ,0,0, ,0,0, ,0, , , , , , , , , , , , , , , , , , , , , , ,0, , , ,0,0,0
74,리스사,10235,산은캐피탈㈜,B,SK104,요약재무상태표(부채 및 자본)(08.03월 이후),A233,이익잉여금(결손금)_기타 법정적립금,1000000000,1000000000,1000000000,1000000000,1000000000,1000000000,1000000000,1000000000,1000000000,1000000000,1000000000,1000000000,1000000000,1000000000,1000000000,1000000000,1000000000,1000000000,1000000000,1000000000,1000000000,1000000000,1000000000,1000000000,1000000000,1000000000,1000000000,1000000000,1000000000,1000000000,1000000000,1000000000,1000000000,1000000000,1000000000,1000000000,1000000000,1000000000,1000000000,1000000000,1000000000,1000000000,1000000000,1000000000,1000000000,1000000000,1000000000,1000000000,1000000000,1000000000,1000000000,1000000000,1000000000,1000000000,1000000000,1000000000,1000000000,1000000000,1000000000,1000000000,1000000000,1000000000,1000000000,1000000000,1000000000,1000000000,1000000000,1000000000
75,리스사,10235,산은캐피탈㈜,B,SK104,요약재무상태표(부채 및 자본)(08.03월 이후),A234,이익잉여금(결손금)_임의적립금,0,0,0,0,0,0,0,0,0,0,0,0,0, ,0, , , , , , , ,0,0, , ,0,0,0,0,0, ,0,0, ,0,0, ,0, , , , , , , , , , , , , , , , , , , , , , ,0, , , ,0,0,0
76,리스사,10235,산은캐피탈㈜,B,SK104,요약재무상태표(부채 및 자본)(08.03월 이후),A235,이익잉여금(결손금)_해외투자손실준비금,0,0,0,0,0,0,0,0,0,0,0,0,0, ,0, , , , , , , ,0,0, , ,0,0,0,0,0, ,0,0, ,0,0, ,0, , , , , , , , , , , , , , , , , , , , , , ,0, , , ,0,0,0
77,리스사,10235,산은캐피탈㈜,B,SK104,요약재무상태표(부채 및 자본)(08.03월 이후),A236,이익잉여금(결손금)_미처분이익잉여금(미처리결손금),171494000000,159472000000,169226000000,167856000000,155905000000,166861000000,169316000000,158941000000,171608000000,132106000000,2491000000,5821000000,27295000000,48447000000,40076000000,33662000000,49303000000,69101000000,74594000000,68980000000,79170000000,100961000000,126492000000,130351000000,151776000000,191297000000,212223000000,220587000000,220726000000,243117000000,280639000000,276516000000,279992000000,313076000000,341724000000,340218000000,328279000000,351541000000,396452000000,419558000000,418892000000,455793000000,487375000000,525233000000,498470000000,538655000000,575074000000,597268000000,566155000000,626259000000,670577000000,687354000000,699195000000,783649000000,843612000000,897178000000,844671000000,894707000000,935293000000,954148000000,954663000000,1039206000000,1065970000000,1147769000000,1149978000000,1213548000000,1241864000000,1332368000000
78,리스사,10235,산은캐피탈㈜,B,SK104,요약재무상태표(부채 및 자본)(08.03월 이후),A237,이익잉여금(결손금)_대손준비금,,,,,,,,,,,,,0, ,0, , , , , , , ,0,0, , ,0,0,0,0,0, ,0,0, ,0,0, ,0, , , , , , , , , , , , , , , , , , , , ,6723000000,19753000000,25315000000,28383000000, ,8617000000,23549000000,27309000000,9771000000
79,리스사,10235,산은캐피탈㈜,B,SK104,요약재무상태표(부채 및 자본)(08.03월 이후),A238,이익잉여금(결손금)_(당기순손익), , , , , , , , , , , , ,42242000000,63395000000,55024000000,48610000000,15641000000,35439000000,40932000000,35318000000,12769000000,34560000000,60091000000,63950000000,32437000000,71958000000,92883000000,101248000000,33515000000,55906000000,93428000000,89305000000,37672000000,70756000000,99404000000,97898000000,26841000000,50103000000,95013000000,118120000000,45427000000,82328000000,113910000000,151768000000,23164000000,63349000000,99768000000,121962000000,16079000000,76182000000,120500000000,137277000000,42618000000,127072000000,187035000000,240601000000,24298000000,74333000000,114920000000,140498000000,36730000000,126256000000,156088000000,209504000000,45433000000,123935000000,156011000000,228977000000
80,리스사,10235,산은캐피탈㈜,B,SK104,요약재무상태표(부채 및 자본)(08.03월 이후),A24,자본조정,-181000000,-181000000,-181000000,-194000000,-194000000,-194000000,-194000000,-194000000,-194000000,-194000000,-195000000,-195000000,0, ,0, , , , , , , ,0,0, , ,0,0,0,0,0, ,0,0, ,0,0, ,0, , , , , , , , , , , , , , , , , , , , , , ,0, , , ,0,0,0
81,리스사,10235,산은캐피탈㈜,B,SK104,요약재무상태표(부채 및 자본)(08.03월 이후),A240,자본조정_주식할인발행차금,0,0,0,0,0,0,0,0,0,0,0,0,0, ,0, , , , , , , ,0,0, , ,0,0,0,0,0, ,0,0, ,0,0, ,0, , , , , , , , , , , , , , , , , , , , , , ,0, , , ,0,0,0
82,리스사,10235,산은캐피탈㈜,B,SK104,요약재무상태표(부채 및 자본)(08.03월 이후),A241,자본조정_배당건설이자,0,0,0,0,0,0,0,0,0,0,0,0,0, ,0, , , , , , , ,0,0, , ,0,0,0,0,0, ,0,0, ,0,0, ,0, , , , , , , , , , , , , , , , , , , , , , ,0, , , ,0,0,0
83,리스사,10235,산은캐피탈㈜,B,SK104,요약재무상태표(부채 및 자본)(08.03월 이후),A242,자본조정_자기주식,0,0,0,0,0,0,0,0,0,0,0,0,0, ,0, , , , , , , ,0,0, , ,0,0,0,0,0, ,0,0, ,0,0, ,0, , , , , , , , , , , , , , , , , , , , , , ,0, , , ,0,0,0
84,리스사,10235,산은캐피탈㈜,B,SK104,요약재무상태표(부채 및 자본)(08.03월 이후),A243,자본조정_주식매수선택권,0,0,0,0,0,0,0,0,0,0,0,0,0, ,0, , , , , , , ,0,0, , ,0,0,0,0,0, ,0,0, ,0,0, ,0, , , , , , , , , , , , , , , , , , , , , , ,0, , , ,0,0,0
85,리스사,10235,산은캐피탈㈜,B,SK104,요약재무상태표(부채 및 자본)(08.03월 이후),A244,자본조정_미교부주식배당금,0,0,0,0,0,0,0,0,0,0,0,0,0, ,0, , , , , , , ,0,0, , ,0,0,0,0,0, ,0,0, ,0,0, ,0, , , , , , , , , , , , , , , , , , , , , , ,0, , , ,0,0,0
86,리스사,10235,산은캐피탈㈜,B,SK104,요약재무상태표(부채 및 자본)(08.03월 이후),A245,자본조정_기타 자본조정,-181000000,-181000000,-181000000,-194000000,-194000000,-194000000,-194000000,-194000000,-194000000,-194000000,-195000000,-195000000,0, ,0, , , , , , , ,0,0, , ,0,0,0,0,0, ,0,0, ,0,0, ,0, , , , , , , , , , , , , , , , , , , , , , ,0, , , ,0,0,0
87,리스사,10235,산은캐피탈㈜,B,SK104,요약재무상태표(부채 및 자본)(08.03월 이후),A25,기타포괄손익누계액,27767000000,16560000000,-9243000000,-53652000000,-39451000000,-14350000000,-732000000,-4867000000,26654000000,32359000000,38634000000,29327000000,24540000000,26152000000,29803000000,25953000000,14146000000,16122000000,16056000000,17488000000,15140000000,20642000000,14924000000,19167000000,18016000000,22897000000,20485000000,38821000000,27464000000,39436000000,33458000000,47788000000,37064000000,38661000000,34079000000,21408000000,11780000000,26018000000,20272000000,3290000000,-3677000000,-3455000000,-3515000000,-4589000000,-4589000000,-4731000000,-4731000000,-5182000000,-5182000000,-5215000000,-5215000000,-5793000000,-5793000000,-5148000000,-5148000000,-5941000000,-5941000000,-6067000000,-6067000000,-6686000000,-6686000000,-7592000000,-7592000000,-9098000000,-9098000000,-9250000000,-9250000000,-10481000000
88,리스사,10235,산은캐피탈㈜,B,SK104,요약재무상태표(부채 및 자본)(08.03월 이후),A250,기타포괄손익누계액_매도가능금융자산평가이익,29059000000,23364000000,12268000000,1524000000,3810000000,4717000000,10402000000,15255000000,34214000000,32359000000,40193000000,30241000000,33847000000,37397000000,32124000000,34943000000,23879000000,19631000000,19678000000,21080000000,20126000000,26257000000,23048000000,32158000000,29159000000,28220000000,25667000000,45424000000,32983000000,46403000000,39815000000,53182000000,42749000000,42791000000,38729000000,30459000000,20540000000,34937000000,30026000000,20606000000, , , ,294000000,294000000,294000000,294000000,169000000,169000000,168000000,168000000,167000000,167000000,762000000,762000000,713000000,713000000,588000000,588000000,696000000,696000000,318000000,196000000,214000000,214000000,202000000,202000000,561000000
89,리스사,10235,산은캐피탈㈜,B,SK104,요약재무상태표(부채 및 자본)(08.03월 이후),A251,기타포괄손익누계액_매도가능금융자산평가손실,-2600000000,-5475000000,-3885000000,-24849000000,-15630000000,-7710000000,-7024000000,-15512000000,-3480000000,0,-3669000000,-3063000000,-3934000000,-5331000000,-4785000000,-9043000000,-9927000000,-3769000000,-3747000000,-3550000000,-3707000000,-5966000000,-5896000000,-10365000000,-10088000000,-3998000000,-3669000000,-3195000000,-2330000000,-4200000000,-3805000000,-2444000000,-2985000000,-1702000000,-1994000000,-6066000000,-5795000000,-6122000000,-7003000000,-13636000000,-22000000,-22000000,-22000000,-288000000,-288000000,-430000000,-430000000,-272000000,-272000000,-304000000,-304000000,-50000000,-50000000, , , , , , , , ,-528000000,-406000000,-482000000,-482000000,-622000000,-622000000,-482000000
90,리스사,10235,산은캐피탈㈜,B,SK104,요약재무상태표(부채 및 자본)(08.03월 이후),A252,기타포괄손익누계액_해외사업환산이익,0,0,0,0,0,0,0,0,0,0,0,0,0, ,0, , , , , , , ,0,0, , ,0,0,0,0,0, ,0,0, ,0,0, ,0, , , , , , , , , , , , , , , , , , , , , , ,0, , , ,0,0,0
91,리스사,10235,산은캐피탈㈜,B,SK104,요약재무상태표(부채 및 자본)(08.03월 이후),A253,기타포괄손익누계액_해외사업환산손실,0,0,0,0,0,0,0,0,0,0,0,0,0, ,0, , , , , , , ,0,0, , ,0,0,0,0,0, ,0,0, ,0,0, ,0, , , , , , , , , , , , , , , , , , , , , , ,0, , , ,0,0,0
92,리스사,10235,산은캐피탈㈜,B,SK104,요약재무상태표(부채 및 자본)(08.03월 이후),A254,기타포괄손익누계액_현금흐름위험회피 파생상품평가이익,7121000000,0,0,0,5052000000,1145000000,0,0,0,0,2782000000,2809000000,1930000000,1571000000,2464000000,126000000,318000000,342000000,134000000,33000000, ,984000000,184000000,150000000,95000000,43000000,0,0,0,0,0, ,0,0, ,0,0, ,27000000, , , , , , , , , , , , , , , , , , , , , , ,0, , , ,0,0,0
93,리스사,10235,산은캐피탈㈜,B,SK104,요약재무상태표(부채 및 자본)(08.03월 이후),A255,기타포괄손익누계액_현금흐름위험회피 파생상품평가손실,-8273000000,-2877000000,-4114000000,-2196000000,-1423000000,-669000000,-1302000000,-1434000000,-377000000,0,-402000000,-300000000,-337000000,-109000000,0,-74000000,-123000000,-83000000,-9000000,-75000000,-12000000,-6000000,-1799000000,-2284000000,-865000000,-1289000000,-1641000000,-1432000000,-1213000000,-791000000,-576000000,-688000000,-438000000,-166000000,-394000000,-213000000,-193000000,-25000000,-6000000,-301000000,-276000000,-54000000,-114000000, , , , , , , , , , , , , , , , , , ,0, , , ,0,0,0
94,리스사,10235,산은캐피탈㈜,B,SK104,요약재무상태표(부채 및 자본)(08.03월 이후),A256,기타포괄손익누계액_지분법자본변동,3547000000,3714000000,664000000,715000000,1513000000,1611000000,1613000000,1808000000,838000000,0,827000000,681000000,0, ,0, , , , , , , ,0,0, , ,0,0,0,0,0, ,0,0, ,0,0, ,0, , , , , , , , , , , , , , , , , , , , , , ,0, , , ,0,0,0
95,리스사,10235,산은캐피탈㈜,B,SK104,요약재무상태표(부채 및 자본)(08.03월 이후),A257,기타포괄손익누계액_부의 지분법자본변동,-1087000000,-2166000000,-14176000000,-28846000000,-32773000000,-13444000000,-4421000000,-4984000000,-4541000000,0,-1097000000,-1041000000,0, ,0, , , , , , , ,0,0, , ,0,0,0,0,0, ,0,0, ,0,0, ,0, , , , , , , , , , , , , , , , , , , , , , ,0, , , ,0,0,0
96,리스사,10235,산은캐피탈㈜,B,SK104,요약재무상태표(부채 및 자본)(08.03월 이후),A258,기타포괄손익누계액_유형자산 재평가이익,,,,,,,,,,,,,0, ,0, , , , , , , ,0,0, , ,0,0,0,0,0, ,0,0, ,0,0, ,0, , , , , , , , , , , , , , , , , , , , , , ,0, , , ,0,0,0
97,리스사,10235,산은캐피탈㈜,B,SK104,요약재무상태표(부채 및 자본)(08.03월 이후),A259,기타포괄손익누계액_기타,,,,,,,,,,,,,-6966000000,-7376000000,0, , , , , ,-1267000000,-627000000,-613000000,-492000000,-285000000,-79000000,128000000,-1976000000,-1976000000,-1976000000,-1976000000,-2262000000,-2262000000,-2262000000,-2262000000,-2772000000,-2772000000,-2772000000,-2772000000,-3379000000,-3379000000,-3379000000,-3379000000,-4595000000,-4595000000,-4595000000,-4595000000,-5079000000,-5079000000,-5079000000,-5079000000,-5910000000,-5910000000,-5910000000,-5910000000,-6654000000,-6654000000,-6655000000,-6655000000,-7382000000,-7382000000,-7382000000,-7382000000,-8830000000,-8830000000,-8830000000,-8830000000,-10560000000
98,리스사,10237,메이슨캐피탈㈜,B,SK104,요약재무상태표(부채 및 자본)(08.03월 이후),A,부채 및 자본총계,93267000000,114391000000,112578000000,116249000000,141097000000,113943000000,112886000000,115277000000,104814000000,120804000000,119631000000,123153000000,145087000000,135482000000,131828000000,125032000000,93905000000,58288000000,50294000000,48472000000,0,34553000000,56516000000,56079000000,39185000000,37508000000,37880000000,35226000000,35766000000,31242000000,35458000000,41830000000,45876000000,51052000000,73446000000,91359000000,95649000000,105895000000,103276000000,78154000000,76578000000,77181000000,77119000000,68400000000,73358000000,70436000000,65489000000,65296000000,47638000000,39587000000,39373000000,41810000000,42939000000,68551000000,67889000000,67584000000,67213000000,67179000000,68062000000,64802000000,64820000000,66199000000,68358000000,68210000000,71426000000,60995000000,60483000000,59503000000
99,리스사,10237,메이슨캐피탈㈜,B,SK104,요약재무상태표(부채 및 자본)(08.03월 이후),A1,부채,25356000000,38640000000,23620000000,32577000000,55538000000,16926000000,13580000000,15901000000,12431000000,28677000000,26338000000,27719000000,50240000000,45521000000,45504000000,38364000000,35098000000,15760000000,10720000000,10677000000,10553000000,1103000000,32073000000,32487000000,14731000000,14229000000,15285000000,14406000000,14979000000,16546000000,17836000000,17669000000,18696000000,16172000000,40246000000,58726000000,61664000000,73938000000,70346000000,37721000000,33982000000,34134000000,31586000000,24223000000,35660000000,32223000000,30270000000,27719000000,17069000000,9590000000,7647000000,10440000000,10606000000,10884000000,10641000000,10598000000,10701000000,10660000000,12223000000,10928000000,10758000000,10785000000,10718000000,10972000000,11031000000,11192000000,10997000000,10978000000
100,리스사,10237,메이슨캐피탈㈜,B,SK104,요약재무상태표(부채 및 자본)(08.03월 이후),A11,차입부채,20600000000,30710000000,11340000000,26200000000,50600000000,11600000000,10000000000,13000000000,11000000000,26200000000,23000000000,22400000000,44400000000,42767000000,43502000000,37000000000,34100000000,14830000000,10000000000,10000000000,9590000000,0,30000000000,30000000000,10000000000,10000000000,10000000000,10000000000,10000000000,10000000000,10000000000,11410000000,11410000000,11410000000,34620000000,52123000000,54065000000,63965000000,59932000000,25744000000,22928000000,23572000000,21138000000,13986000000,25165000000,21544000000,17834000000,16631000000,15899000000,8300000000,6800000000,9739000000,9810000000,9884000000,9996000000,10000000000,10000000000,10000000000,10000000000,9000000000,9000000000,9000000000,9000000000,9000000000,9000000000,9000000000,9000000000,9000000000
101,리스사,10237,메이슨캐피탈㈜,B,SK104,요약재무상태표(부채 및 자본)(08.03월 이후),A110,차입금,20600000000,30710000000,11340000000,26200000000,50600000000,11600000000,10000000000,13000000000,11000000000,26200000000,23000000000,22400000000,,,,,,,,,,,,,,,,,,,,,,,,,,,,,,,,,,,,,,,,,,,,,,,,,,,,,,,,
102,리스사,10237,메이슨캐피탈㈜,B,SK104,요약재무상태표(부채 및 자본)(08.03월 이후),A110,차입부채_차입금,,,,,,,,,,,,,44400000000,0,0,0,0,0,0,0,0,0,20000000000,20000000000,0,0,0,0,0,0,0,4500000000,4500000000,4500000000,28250000000,40935000000,40214000000,50997000000,46746000000,15500000000,14556000000,13639000000,12779000000,5500000000,16550000000,15462000000,14633000000,13831000000,13099000000,5500000000,4000000000,0,0,0,9000000000,9000000000,9000000000,9000000000,9000000000,9000000000,9000000000,9000000000,9000000000,9000000000,9000000000,9000000000,9000000000,9000000000
103,리스사,10237,메이슨캐피탈㈜,B,SK104,요약재무상태표(부채 및 자본)(08.03월 이후),A111,단기차입금,20600000000,30710000000,11340000000,26200000000,50600000000,11600000000,10000000000,13000000000,11000000000,26200000000,23000000000,22400000000,,,,,,,,,,,,,,,,,,,,,,,,,,,,,,,,,,,,,,,,,,,,,,,,,,,,,,,,
104,리스사,10237,메이슨캐피탈㈜,B,SK104,요약재무상태표(부채 및 자본)(08.03월 이후),A111,차입부채_차입금_단기차입금,,,,,,,,,,,,,34400000000,32767000000,33502000000,27000000000,24100000000,4830000000,0,0,0,0,20000000000,20000000000,0,0,0,0,0,0,0,4500000000,4500000000,4500000000,4500000000,4500000000,0,0,0,15500000000,14556000000,13639000000,12779000000,5500000000,5500000000,5500000000,5500000000,5500000000,5500000000,5500000000,4000000000,0,0,0,9000000000,9000000000,9000000000,9000000000,9000000000,9000000000,9000000000,9000000000,9000000000,9000000000,9000000000,9000000000,9000000000,9000000000
105,리스사,10237,메이슨캐피탈㈜,B,SK104,요약재무상태표(부채 및 자본)(08.03월 이후),A112,차입부채_차입금_콜머니,,,,,,,,,,,,,0,0,0,0,0,0,0,0,0,0,0,0,0,0,0,0,0,0,0,0,0,0,0,0,0,0,0,0,0, , , , , , , , , , , , , , , , , , , , , , , , , , , 
106,리스사,10237,메이슨캐피탈㈜,B,SK104,요약재무상태표(부채 및 자본)(08.03월 이후),A112,콜머니,0,0,0,0,0,0,0,0,0,0,0,0,,,,,,,,,,,,,,,,,,,,,,,,,,,,,,,,,,,,,,,,,,,,,,,,,,,,,,,,
107,리스사,10237,메이슨캐피탈㈜,B,SK104,요약재무상태표(부채 및 자본)(08.03월 이후),A113,장기차입금,0,0,0,0,0,0,0,0,0,0,0,0,,,,,,,,,,,,,,,,,,,,,,,,,,,,,,,,,,,,,,,,,,,,,,,,,,,,,,,,
108,리스사,10237,메이슨캐피탈㈜,B,SK104,요약재무상태표(부채 및 자본)(08.03월 이후),A113,차입부채_차입금_장기차입금,,,,,,,,,,,,,10000000000,10000000000,10000000000,10000000000,10000000000,10000000000,0,0,0,0,0,0,0,0,0,0,0,0,0,0,0,0,23750000000,36435000000,40214000000,50997000000,46746000000,0,0,0,0,0,11050000000,9962000000,9133000000,8331000000,7599000000,0,0,0,0,0,0,0,0,0,0,0,0,0,0,0,0,0,0,0
109,리스사,10237,메이슨캐피탈㈜,B,SK104,요약재무상태표(부채 및 자본)(08.03월 이후),A114,유동성 장기차입금,0,0,0,0,0,0,0,0,0,0,0,0,,,,,,,,,,,,,,,,,,,,,,,,,,,,,,,,,,,,,,,,,,,,,,,,,,,,,,,,
110,리스사,10237,메이슨캐피탈㈜,B,SK104,요약재무상태표(부채 및 자본)(08.03월 이후),A114,차입부채_차입금_유동성 장기차입금,,,,,,,,,,,,,0,0,0,0,0,0,10000000000,10000000000,9590000000,0,0,0,0,0,0,0,0,0,0,0,0,0,0,0,0,0,0,0,0, , , , , , , , , , , , , , , , , , , , , , , , , , , 
111,리스사,10237,메이슨캐피탈㈜,B,SK104,요약재무상태표(부채 및 자본)(08.03월 이후),A115,사  채,0,0,0,0,0,0,0,0,0,0,0,0,,,,,,,,,,,,,,,,,,,,,,,,,,,,,,,,,,,,,,,,,,,,,,,,,,,,,,,,
112,리스사,10237,메이슨캐피탈㈜,B,SK104,요약재무상태표(부채 및 자본)(08.03월 이후),A115,차입부채_사 채,,,,,,,,,,,,,0,0,0,0,0,0,0,0,0,0,10000000000,10000000000,10000000000,10000000000,10000000000,10000000000,10000000000,10000000000,10000000000,6910000000,6910000000,6910000000,6370000000,11188000000,13851000000,12968000000,13186000000,10244000000,8372000000,9933000000,8359000000,8486000000,8615000000,6082000000,3201000000,2800000000,2800000000,2800000000,2800000000,9739000000,9810000000,9884000000,996000000,1000000000,1000000000,1000000000,1000000000,0,0,0,0,0,0,0,0,0
113,리스사,10237,메이슨캐피탈㈜,B,SK104,요약재무상태표(부채 및 자본)(08.03월 이후),A1150,차입부채_사 채_단기사채,0,0,0,0,0,0,0,0,0,0,0,0,0,0,0,0,0,0,0,0,0,0,0,0,0,0,0,0,0,0,0,0,0,0,0,0,0,0,0,0,0, , , , , , , , , , , , , , , , , , , , , , , , , , , 
114,리스사,10237,메이슨캐피탈㈜,B,SK104,요약재무상태표(부채 및 자본)(08.03월 이후),A11500,차입부채_사 채_단기사채_(사채발행차금),0,0,0,0,0,0,0,0,0,0,0,0,0,0,0,0,0,0,0,0,0,0,0,0,0,0,0,0,0,0,0,0,0,0,0,0,0,0,0,0,0, , , , , , , , , , , , , , , , , , , , , , , , , , , 
115,리스사,10237,메이슨캐피탈㈜,B,SK104,요약재무상태표(부채 및 자본)(08.03월 이후),A1151,차입부채_사 채_유동성사채,0,0,0,0,0,0,0,0,0,0,0,0,0,0,0,0,0,0,0,0,0,0,0,0,0,0,0,0,0,0,0,0,0,0,0,0,0,0,0,0,0, , , , , , , , , , , , , , , , , , , , , , , , , , , 
116,리스사,10237,메이슨캐피탈㈜,B,SK104,요약재무상태표(부채 및 자본)(08.03월 이후),A11510,차입부채_사 채_유동성사채_(유동성사채발행차금),0,0,0,0,0,0,0,0,0,0,0,0,0,0,0,0,0,0,0,0,0,0,0,0,0,0,0,0,0,0,0,0,0,0,0,0,0,0,0,0,0, , , , , , , , , , , , , , , , , , , , , , , , , , , 
117,리스사,10237,메이슨캐피탈㈜,B,SK104,요약재무상태표(부채 및 자본)(08.03월 이후),A1152,차입부채_사 채_장기사채,0,0,0,0,0,0,0,0,0,0,0,0,0,0,0,0,0,0,0,0,0,0,10000000000,10000000000,10000000000,10000000000,10000000000,10000000000,10000000000,10000000000,10000000000,6910000000,6910000000,6910000000,6370000000,4650000000,3900000000,2800000000,2800000000,2800000000,2800000000,2800000000,2800000000,2800000000,2800000000,2800000000,2800000000,2800000000,2800000000,2800000000,2800000000,0,0,0,0,0,0,0,0,0,0,0,0,0,0,0,0,0
118,리스사,10237,메이슨캐피탈㈜,B,SK104,요약재무상태표(부채 및 자본)(08.03월 이후),A11520,차입부채_사 채_장기사채_(사채발행차금),0,0,0,0,0,0,0,0,0,0,0,0,0,0,0,0,0,0,0,0,0,0,0,0,0,0,0,0,0,0,0,0,0,0,0,0,0,0,0,0,0, , , , , , , , , , , , , , , , , , , , , , , , , , , 
119,리스사,10237,메이슨캐피탈㈜,B,SK104,요약재무상태표(부채 및 자본)(08.03월 이후),A1153,차입부채_사 채_기타,0,0,0,0,0,0,0,0,0,0,0,0,0,0,0,0,0,0,0,0,0,0,0,0,0,0,0,0,0,0,0,0,0,0,0,6538000000,9951000000,10168000000,10386000000,7444000000,5572000000,7133000000,5559000000,5686000000,5815000000,3282000000,401000000,0,0,0,0,9739000000,9810000000,9884000000,996000000,1000000000,1000000000,1000000000,1000000000,0,0,0,0,0,0,0,0,0
120,리스사,10237,메이슨캐피탈㈜,B,SK104,요약재무상태표(부채 및 자본)(08.03월 이후),A12,기타부채,4756000000,7930000000,12280000000,6377000000,4938000000,5326000000,3580000000,2901000000,1431000000,2477000000,3338000000,5319000000,5840000000,2754000000,2002000000,1364000000,998000000,930000000,720000000,677000000,963000000,1103000000,2073000000,2487000000,4731000000,4229000000,5285000000,4406000000,4979000000,6546000000,7836000000,6259000000,7286000000,4762000000,5626000000,6603000000,7600000000,9973000000,10414000000,11977000000,11054000000,10562000000,10448000000,10237000000,10495000000,10679000000,12436000000,11088000000,1170000000,1290000000,847000000,701000000,796000000,1000000000,645000000,598000000,701000000,660000000,2223000000,1928000000,1758000000,1785000000,1718000000,1972000000,2031000000,2192000000,1997000000,1978000000
121,리스사,10237,메이슨캐피탈㈜,B,SK104,요약재무상태표(부채 및 자본)(08.03월 이후),A120,기타부채_영업미지급금,0,0,0,0,0,0,0,0,0,0,0,0,0,0,0,0,0,0,0,0,0,0,0,0,0,0,0,0,0,0,0,0,0,0,0,0,0,0,0,0,0,0,0,0,0,0,0,0,0,0,0,0,0,0,0,0,0,0,0,0,0,0,0,0,0,0,0,0
122,리스사,10237,메이슨캐피탈㈜,B,SK104,요약재무상태표(부채 및 자본)(08.03월 이후),A121,기타부채_장기미지급금,312000000,1383000000,1260000000,1284000000,763000000,777000000,160000000,160000000,0,0,0,0,0,0,0,0,0,0,0,0,0,0,0,0,0,0,0,0,0,0,0,0,0,0,0,0,0,0,0,0,0, , , , , , , , , , , , , , , , , , , , , , , , , , , 
123,리스사,10237,메이슨캐피탈㈜,B,SK104,요약재무상태표(부채 및 자본)(08.03월 이후),A122,기타부채_기타의 부채,2866000000,4811000000,10425000000,4467000000,3598000000,3971000000,2910000000,2241000000,923000000,1739000000,2701000000,4771000000,5362000000,2313000000,1571000000,915000000,635000000,552000000,396000000,353000000,451000000,583000000,1630000000,2111000000,3898000000,3519000000,4532000000,3867000000,4511000000,6151000000,7441000000,6164000000,7183000000,4656000000,5497000000,6408000000,7389000000,9748000000,10182000000,11832000000,9966000000,9703000000,9522000000,9406000000,9473000000,9612000000,11414000000,9611000000,618000000,739000000,348000000,233000000,320000000,500000000,205000000,228000000,422000000,402000000,358000000,125000000,280000000,303000000,245000000,160000000,311000000,493000000,311000000,231000000
124,리스사,10237,메이슨캐피탈㈜,B,SK104,요약재무상태표(부채 및 자본)(08.03월 이후),A1220,기타부채_기타의 부채_가수금,411000000,0,162000000,173000000,562000000,558000000,215000000,176000000,168000000,289000000,163000000,0,0,0,0,48000000,47000000,126000000,10000000,8000000,0,0,0,0,0,0,0,0,0,0,0,0,0,0,0,0,0,0,0,0,0, , , , , , , , , , , , , , , , , , , , , , , , , , ,118000000
125,리스사,10237,메이슨캐피탈㈜,B,SK104,요약재무상태표(부채 및 자본)(08.03월 이후),A1221,기타부채_기타의 부채_예수금,9000000,9000000,9000000,9000000,8000000,8000000,11000000,10000000,9000000,45000000,8000000,9000000,8000000,9000000,9000000,8000000,9000000,7000000,4000000,2000000,24000000,20000000,23000000,22000000,18000000,21000000,26000000,17000000,22000000,39000000,25000000,26000000,2000000,6000000,6000000,12000000,11000000,22000000,22000000,28000000,62000000,27000000,49000000,33000000,10000000,41000000,63000000,1000000,1000000,9000000,9000000,9000000,9000000,9000000,9000000,9000000,9000000,9000000,9000000,9000000,9000000,9000000,9000000,9000000,9000000,52000000,10000000,10000000
126,리스사,10237,메이슨캐피탈㈜,B,SK104,요약재무상태표(부채 및 자본)(08.03월 이후),A1222,기타부채_기타의 부채_선수금,0,163000000,0,0,0,0,0,0,0,0,0,484000000,37000000,13000000,14000000,0,0,0,0,0,115000000,117000000,130000000,219000000,2238000000,2274000000,2503000000,2365000000,2298000000,1976000000,2527000000,1802000000,1980000000,107000000,162000000,111000000,108000000,1640000000,1215000000,2022000000,615000000,180000000,134000000,99000000,106000000,102000000,1993000000,15000000,214000000,226000000,147000000,22000000,118000000,279000000,56000000,56000000,231000000,206000000,149000000,6000000,91000000,140000000,6000000,0,0,0,0,0
127,리스사,10237,메이슨캐피탈㈜,B,SK104,요약재무상태표(부채 및 자본)(08.03월 이후),A1223,기타부채_기타의 부채_선수수익,408000000,799000000,1478000000,1005000000,648000000,319000000,78000000,36000000,23000000,87000000,431000000,746000000,971000000,549000000,429000000,349000000,324000000,291000000,263000000,223000000,159000000,52000000,29000000,0,0,0,0,0,0,0,0,0,0,0,0,0,0,0,0,0,0, , , , , , , , , , , , , , , , , , , , , , , , , , , 
128,리스사,10237,메이슨캐피탈㈜,B,SK104,요약재무상태표(부채 및 자본)(08.03월 이후),A1224,기타부채_기타의 부채_미지급금,1217000000,2648000000,7550000000,1411000000,295000000,358000000,125000000,21000000,254000000,96000000,590000000,1808000000,2451000000,528000000,188000000,250000000,21000000,29000000,55000000,56000000,65000000,69000000,80000000,96000000,103000000,125000000,139000000,121000000,124000000,1029000000,97000000,86000000,168000000,48000000,55000000,37000000,47000000,36000000,33000000,49000000,92000000,265000000,149000000,65000000,163000000,146000000,80000000,369000000,138000000,376000000,110000000,88000000,84000000,90000000,94000000,115000000,135000000,157000000,172000000,87000000,149000000,124000000,206000000,128000000,100000000,243000000,148000000,83000000
129,리스사,10237,메이슨캐피탈㈜,B,SK104,요약재무상태표(부채 및 자본)(08.03월 이후),A1225,기타부채_기타의 부채_미지급비용,67000000,109000000,52000000,123000000,146000000,41000000,9000000,9000000,10000000,32000000,28000000,23000000,242000000,144000000,227000000,260000000,234000000,99000000,64000000,64000000,88000000,325000000,1368000000,1774000000,1603000000,1099000000,1864000000,1364000000,2067000000,3107000000,3852000000,3310000000,4093000000,3555000000,4334000000,5308000000,6283000000,7110000000,7972000000,8793000000,9197000000,9231000000,9190000000,9209000000,9194000000,9240000000,9188000000,9226000000,265000000,128000000,82000000,113000000,107000000,119000000,44000000,45000000,45000000,26000000,24000000,17000000,28000000,24000000,19000000,16000000,30000000,24000000,19000000,18000000
130,리스사,10237,메이슨캐피탈㈜,B,SK104,요약재무상태표(부채 및 자본)(08.03월 이후),A1226,기타부채_기타의 부채_미지급법인세,754000000,1083000000,1174000000,1746000000,1939000000,2687000000,2472000000,1989000000,459000000,1190000000,1481000000,1701000000,1653000000,1070000000,704000000,0,0,0,0,0,0,0,0,0,0,0,0,0,0,0,0,0,0,0,0,0,0,0,0,0,0, , , , ,83000000,90000000,0,0,0,0,0,0,0,0,0,0,0,0,0,0,0,0,0,140000000,140000000,132000000,0
131,리스사,10237,메이슨캐피탈㈜,B,SK104,요약재무상태표(부채 및 자본)(08.03월 이후),A1227,기타부채_기타의 부채_선불카드수탁금,0,0,0,0,0,0,0,0,0,0,0,0,0,0,0,0,0,0,0,0,0,0,0,0,0,0,0,0,0,0,0,0,0,0,0,0,0,0,0,0,0, , , , , , , , , , , , , , , , , , , , , , , , , , , 
132,리스사,10237,메이슨캐피탈㈜,B,SK104,요약재무상태표(부채 및 자본)(08.03월 이후),A1228,기타부채_기타의 부채_부가세예수금,0,0,0,0,0,0,0,0,0,0,0,0,0,0,0,0,0,0,0,0,0,0,0,0,0,0,0,0,0,0,0,0,0,0,0,0,0,0,0,0,0, , , , , , , , , , ,1000000,2000000,3000000,2000000,3000000,2000000,4000000,4000000,6000000,3000000,6000000,5000000,7000000,32000000,34000000,2000000,2000000
133,리스사,10237,메이슨캐피탈㈜,B,SK104,요약재무상태표(부채 및 자본)(08.03월 이후),A1229,기타부채_기타의 부채_선물환거래대,0,0,0,0,0,0,0,0,0,0,0,0,0,0,0,0,0,0,0,0,0,0,0,0,0,0,0,0,0,0,0,0,0,0,0,0,0,0,0,0,0, , , , , , , , , , , , , , , , , , , , , , , , , , , 
134,리스사,10237,메이슨캐피탈㈜,B,SK104,요약재무상태표(부채 및 자본)(08.03월 이후),A122A,기타부채_기타의 부채_파생상품부채,0,0,0,0,0,0,0,0,0,0,0,0,0,0,0,0,0,0,0,0,0,0,0,0,0,0,0,0,0,0,0,0,0,0,0,0,0,0,0,0,0, , , , , , , , , , , , , , , , , , , , , , , , , , , 
135,리스사,10237,메이슨캐피탈㈜,B,SK104,요약재무상태표(부채 및 자본)(08.03월 이후),A122B,기타부채_기타의 부채_옵션수입프리미엄,0,0,0,0,0,0,0,0,0,0,0,0,0,0,0,0,0,0,0,0,0,0,0,0,0,0,0,0,0,0,0,0,0,0,0,0,0,0,0,0,0, , , , , , , , , , , , , , , , , , , , , , , , , , , 
136,리스사,10237,메이슨캐피탈㈜,B,SK104,요약재무상태표(부채 및 자본)(08.03월 이후),A122C,기타부채_기타의 부채_이연리스수익,0,0,0,0,0,0,0,0,0,0,0,0,0,0,0,0,0,0,0,0,0,0,0,0,0,0,0,0,0,0,0,0,0,0,0,0,0,0,0,0,0, , , , , , , , , , , , , , , , , , , , , , , , , , , 
137,리스사,10237,메이슨캐피탈㈜,B,SK104,요약재무상태표(부채 및 자본)(08.03월 이후),A122D,기타부채_기타의 부채_기타의 유동부채,0,0,0,0,0,0,0,0,0,0,0,0,0,0,0,0,0,0,0,0,0,0,0,0,0,0,0,0,0,0,940000000,940000000,940000000,940000000,940000000,940000000,940000000,940000000,940000000,940000000,0, , , , , , , , , , , , , , , , , , , , , , , , , , , 
138,리스사,10237,메이슨캐피탈㈜,B,SK104,요약재무상태표(부채 및 자본)(08.03월 이후),A122E,기타부채_유동성 장기부채,1082000000,0,0,0,0,0,0,0,0,0,0,0,0,0,0,0,0,0,0,0,0,0,0,0,0,0,0,0,0,0,0,0,0,0,0,0,0,0,0,0,940000000,940000000,940000000,940000000,940000000,940000000,940000000,940000000,0,0,0,0,0,0,0,0,0,0,0,0,0,0,0,0,0,0,0,0
139,리스사,10237,메이슨캐피탈㈜,B,SK104,요약재무상태표(부채 및 자본)(08.03월 이후),A123,기타부채_리스보증금,335000000,354000000,335000000,335000000,335000000,335000000,335000000,335000000,335000000,335000000,335000000,229000000,229000000,229000000,229000000,229000000,229000000,229000000,229000000,229000000,229000000,229000000,229000000,229000000,519000000,519000000,519000000,290000000,290000000,290000000,290000000,0,0,0,19000000,85000000,85000000,85000000,85000000,85000000,85000000,85000000,85000000,85000000,85000000,81000000,66000000,0,0,0,0,0,0,0,0,0,0,0,0,0,0,0,0,0,0,0,0,0
140,리스사,10237,메이슨캐피탈㈜,B,SK104,요약재무상태표(부채 및 자본)(08.03월 이후),A124,기타부채_보 증 금,0,0,0,0,0,0,0,0,0,0,0,0,0,0,0,0,0,0,0,0,0,0,0,0,0,0,0,0,50000000,10000000,10000000,0,0,0,0,0,0,0,0,0,0, , , , , , , , , , , , , , , , , , , , , , ,350000000,350000000,350000000,350000000,350000000
141,리스사,10237,메이슨캐피탈㈜,B,SK104,요약재무상태표(부채 및 자본)(08.03월 이후),A1240,기타부채_보 증 금_상환이행보증금,0,0,0,0,0,0,0,0,0,0,0,0,0,0,0,0,0,0,0,0,0,0,0,0,0,0,0,0,0,0,0,0,0,0,0,0,0,0,0,0,0, , , , , , , , , , , , , , , , , , , , , , , , , , , 
142,리스사,10237,메이슨캐피탈㈜,B,SK104,요약재무상태표(부채 및 자본)(08.03월 이후),A1241,기타부채_보 증 금_임대보증금,0,0,0,0,0,0,0,0,0,0,0,0,0,0,0,0,0,0,0,0,0,0,0,0,0,0,0,0,50000000,10000000,10000000,0,0,0,0,0,0,0,0,0,0, , , , , , , , , , , , , , , , , , , , , , , , , , , 
143,리스사,10237,메이슨캐피탈㈜,B,SK104,요약재무상태표(부채 및 자본)(08.03월 이후),A1242,기타부채_보 증 금_기타보증금,0,0,0,0,0,0,0,0,0,0,0,0,0,0,0,0,0,0,0,0,0,0,0,0,0,0,0,0,0,0,0,0,0,0,0,0,0,0,0,0,0, , , , , , , , , , , , , , , , , , , , , , ,350000000,350000000,350000000,350000000,350000000
144,리스사,10237,메이슨캐피탈㈜,B,SK104,요약재무상태표(부채 및 자본)(08.03월 이후),A125,기타부채_퇴직급여채무,249000000,253000000,253000000,283000000,300000000,285000000,303000000,267000000,294000000,292000000,320000000,337000000,361000000,298000000,289000000,310000000,349000000,369000000,1000000,21000000,188000000,196000000,163000000,121000000,219000000,96000000,248000000,260000000,39000000,3000000,0,0,8000000,15000000,19000000,20000000,36000000,49000000,119000000,128000000,299000000,316000000,334000000,358000000,559000000,596000000,485000000,443000000,561000000,374000000,212000000,232000000,251000000,276000000,187000000,212000000,183000000,137000000,143000000,162000000,135000000,155000000,176000000,196000000,227000000,240000000,249000000,269000000
145,리스사,10237,메이슨캐피탈㈜,B,SK104,요약재무상태표(부채 및 자본)(08.03월 이후),A1250,기타부채_퇴직급여채무_(미인식보험수리적손익) (+-),,,,,,,,,,,,, ,0,0,0,0,0,0,0,0,0,0,0,0,0,0,0,0,0,0,0,0,0,0,0,0,0,0,0,0, , , , , , , , , , , , , , , , , , , , , , , , , , , 
146,리스사,10237,메이슨캐피탈㈜,B,SK104,요약재무상태표(부채 및 자본)(08.03월 이후),A1251,기타부채_퇴직급여채무_(미인식과거근무원가) (-),,,,,,,,,,,,, ,0,0,0,0,0,0,0,0,0,0,0,0,0,0,0,0,0,0,0,0,0,0,0,0,0,0,0,0, , , , , , , , , , , , , , , , , , , , , , , , , , , 
147,리스사,10237,메이슨캐피탈㈜,B,SK104,요약재무상태표(부채 및 자본)(08.03월 이후),A1252,기타부채_퇴직급여채무_(퇴직급여사외적립자산) (-),,,,,,,,,,,,, ,256000000,257000000,260000000,310000000,315000000,1000000,21000000,188000000,196000000,44000000,69000000,64000000,96000000,109000000,106000000,6000000,3000000,0,0,0,4000000,4000000,4000000,5000000,5000000,67000000,67000000,-236000000,-482000000,-433000000,-552000000,-562000000,-550000000,-469000000,-425000000,-507000000,-277000000,-174000000,-166000000,-153000000,-153000000,-88000000,-121000000,-122000000,-51000000,-90000000,-128000000,-130000000,-130000000,-130000000,-130000000,-227000000,-228000000,-216000000,-215000000
148,리스사,10237,메이슨캐피탈㈜,B,SK104,요약재무상태표(부채 및 자본)(08.03월 이후),A126,기타부채_지급보증충당금,0,0,0,0,0,0,0,0,0,0,0,0,0,0,0,0,0,0,0,0,0,0,0,0,0,0,0,0,0,0,0,0,0,0,0,0,0,0,0,0,0, , , , , , , , , , , , , , , , , , , , , , , , , , , 
149,리스사,10237,메이슨캐피탈㈜,B,SK104,요약재무상태표(부채 및 자본)(08.03월 이후),A127,기타부채_포인트충당부채,0,0,0,0,0,0,0,0,0,0,0,0,0,0,0,0,0,0,0,0,0,0,0,0,0,0,0,0,0,0,0,0,0,0,0,0,0,0,0,0,0, , , , , , , , , , , , , , , , , , , , , , , , , , , 
150,리스사,10237,메이슨캐피탈㈜,B,SK104,요약재무상태표(부채 및 자본)(08.03월 이후),A128,기타부채_미지급배당금,74000000,74000000,74000000,74000000,74000000,74000000,74000000,74000000,74000000,300000000,142000000,142000000,142000000,170000000,170000000,170000000,95000000,95000000,95000000,95000000,95000000,95000000,95000000,95000000,95000000,95000000,95000000,95000000,95000000,95000000,95000000,95000000,95000000,95000000,95000000,95000000,95000000,95000000,95000000,0,0, , , , , , , , , , , , , , , , , , , , , , , , , , , 
151,리스사,10237,메이슨캐피탈㈜,B,SK104,요약재무상태표(부채 및 자본)(08.03월 이후),A129,기타부채_이연법인세부채,0,1209000000,0,0,0,0,0,0,0,0,0,0,0,0,0,0,0,0,0,0,0,0,0,0,0,0,0,0,0,0,0,0,0,0,0,0,0,0,0,0,0, , , , , , , , , , , , , , , , , , , , , , , , , , , 
152,리스사,10237,메이슨캐피탈㈜,B,SK104,요약재무상태표(부채 및 자본)(08.03월 이후),A12A,기타부채_외화환산대,0,0,0,0,0,0,0,0,0,0,0,0,0,0,0,0,0,0,0,0,0,0,0,0,0,0,0,0,0,0,0,0,0,0,0,0,0,0,0,0,0, , , , , , , , , , , , , , , , , , , , , , , , , , , 
153,리스사,10237,메이슨캐피탈㈜,B,SK104,요약재무상태표(부채 및 자본)(08.03월 이후),A12B,기타부채_미사용약정충당금,0,0,0,0,0,0,0,0,0,0,0,0,0,0,0,0,0,0,0,0,0,0,0,0,0,0,0,0,0,0,0,0,0,0,0,0,0,0,0,0,0, , , , , , , , , , , , , , , , , , , , , , , , , , , 
154,리스사,10237,메이슨캐피탈㈜,B,SK104,요약재무상태표(부채 및 자본)(08.03월 이후),A12C,기타부채_이자율위험포트폴리오위험회피 대상의 공정가액변동부채,,,,,,,,,,,,, ,0,0,0,0,0,0,0,0,0,0,0,0,0,0,0,0,0,0,0,0,0,0,0,0,0,0,0,0, , , , , , , , , , , , , , , , , , , , , , , , , , , 
155,리스사,10237,메이슨캐피탈㈜,B,SK104,요약재무상태표(부채 및 자본)(08.03월 이후),A12D,기타부채_기타의 기타부채,0,0,77000000,77000000,78000000,78000000,0,0,0,0,0,0,0,0,0,0,0,0,0,0,0,0,0,0,0,0,0,0,0,0,0,0,0,0,0,0,0,0,0,0,0, , , , , , ,519000000,498000000,454000000,461000000,402000000,378000000,377000000,341000000,279000000,218000000,172000000,1812000000,1769000000,1473000000,1457000000,1427000000,1396000000,1370000000,1337000000,1303000000,1343000000
156,리스사,10237,메이슨캐피탈㈜,B,SK104,요약재무상태표(부채 및 자본)(08.03월 이후),A13,요구불상환지분,,,,,,,,,,,,, ,0,0,0,0,0,0,0,0,0,0,0,0,0,0,0,0,0,0,0,0,0,0,0,0,0,0,0,0, , , , , , , , , , , , , , , , , , , , , , , , , , , 
157,리스사,10237,메이슨캐피탈㈜,B,SK104,요약재무상태표(부채 및 자본)(08.03월 이후),A130,요구불상환지분_상환우선주,,,,,,,,,,,,, ,0,0,0,0,0,0,0,0,0,0,0,0,0,0,0,0,0,0,0,0,0,0,0,0,0,0,0,0, , , , , , , , , , , , , , , , , , , , , , , , , , , 
158,리스사,10237,메이슨캐피탈㈜,B,SK104,요약재무상태표(부채 및 자본)(08.03월 이후),A131,요구불상환지분_기타,,,,,,,,,,,,, ,0,0,0,0,0,0,0,0,0,0,0,0,0,0,0,0,0,0,0,0,0,0,0,0,0,0,0,0, , , , , , , , , , , , , , , , , , , , , , , , , , , 
159,리스사,10237,메이슨캐피탈㈜,B,SK104,요약재무상태표(부채 및 자본)(08.03월 이후),A2,자본,67911000000,75751000000,88958000000,83672000000,85559000000,97017000000,99306000000,99376000000,92383000000,92127000000,93293000000,95434000000,94847000000,89961000000,86324000000,86668000000,58807000000,42528000000,39574000000,37795000000,33722000000,33450000000,24443000000,23592000000,24454000000,23279000000,22595000000,20820000000,20787000000,14696000000,17622000000,24161000000,27180000000,34880000000,33200000000,32633000000,33984000000,31958000000,32930000000,40433000000,42596000000,43047000000,45533000000,44177000000,37698000000,38213000000,35219000000,37577000000,30569000000,29997000000,31726000000,31370000000,32333000000,57667000000,57248000000,56986000000,56512000000,56519000000,55839000000,53874000000,54062000000,55414000000,57640000000,57238000000,60395000000,49803000000,49486000000,48525000000
160,리스사,10237,메이슨캐피탈㈜,B,SK104,요약재무상태표(부채 및 자본)(08.03월 이후),A21,자본금,41495000000,41495000000,61495000000,61495000000,61495000000,61495000000,61495000000,61495000000,61495000000,61495000000,61495000000,61495000000,61495000000,61495000000,61495000000,61495000000,61495000000,61495000000,61495000000,61495000000,61495000000,61495000000,18634000000,20635000000,20635000000,20635000000,20635000000,20635000000,20635000000,20635000000,20635000000,28634000000,28634000000,36634000000,36634000000,36634000000,40224000000,40224000000,43224000000,46524000000,48602000000,48602000000,49592000000,49592000000,49592000000,49592000000,49592000000,49592000000,49592000000,49592000000,49592000000,49592000000,49592000000,75592000000,75592000000,75592000000,75592000000,76092000000,76092000000,76092000000,76092000000,76092000000,76092000000,76092000000,76092000000,76092000000,76092000000,76092000000
161,리스사,10237,메이슨캐피탈㈜,B,SK104,요약재무상태표(부채 및 자본)(08.03월 이후),A210,자본금_보통주자본금,41495000000,41495000000,61495000000,61495000000,61495000000,61495000000,61495000000,61495000000,61495000000,61495000000,61495000000,61495000000,61495000000,61495000000,61495000000,61495000000,61495000000,61495000000,61495000000,61495000000,61495000000,61495000000,18634000000,20635000000,20635000000,20635000000,20635000000,20635000000,20635000000,20635000000,20635000000,28634000000,28634000000,36634000000,36634000000,36634000000,40224000000,40224000000,43224000000,46524000000,48602000000,48602000000,49592000000,49592000000,49592000000,49592000000,49592000000,49592000000,49592000000,49592000000,49592000000,49592000000,49592000000,75592000000,75592000000,75592000000,75592000000,76092000000,76092000000,76092000000,76092000000,76092000000,76092000000,76092000000,76092000000,76092000000,76092000000,76092000000
162,리스사,10237,메이슨캐피탈㈜,B,SK104,요약재무상태표(부채 및 자본)(08.03월 이후),A211,자본금_우선주자본금,0,0,0,0,0,0,0,0,0,0,0,0,0,0,0,0,0,0,0,0,0,0,0,0,0,0,0,0,0,0,0,0,0,0,0,0,0,0,0,0,0, , , , , , , , , , , , , , , , , , , , , , , , , , , 
163,리스사,10237,메이슨캐피탈㈜,B,SK104,요약재무상태표(부채 및 자본)(08.03월 이후),A212,자본금_신주청약증거금,0,0,0,0,0,0,0,0,0,0,0,0,0,0,0,0,0,0,0,0,0,0,0,0,0,0,0,0,0,0,0,0,0,0,0,0,0,0,0,0,0, , , , , , , , , , , , , , , , , , , , , , , , , , , 
164,리스사,10237,메이슨캐피탈㈜,B,SK104,요약재무상태표(부채 및 자본)(08.03월 이후),A22,자본잉여금,0,0,0,0,0,0,0,0,0,0,0,0,0,0,0,0,0,0,0,0,0,0,7998000000,7998000000,7998000000,7998000000,7998000000,7998000000,7998000000,7998000000,7998000000,7998000000,7998000000,7998000000,7998000000,8910000000,9359000000,9359000000,9359000000,9053000000,8961000000,9241000000,9043000000,9038000000,9038000000,8761000000,8356000000,8914000000,8948000000,8948000000,8948000000,9278000000,9278000000,9153000000,9010000000,9010000000,8879000000,8879000000,8879000000,8845000000,8846000000,8846000000,8846000000,8846000000,8846000000,8846000000,8846000000,8846000000
165,리스사,10237,메이슨캐피탈㈜,B,SK104,요약재무상태표(부채 및 자본)(08.03월 이후),A220,자본잉여금_주식발행초과금,0,0,0,0,0,0,0,0,0,0,0,0,0,0,0,0,0,0,0,0,0,0,0,0,0,0,0,0,7998000000,7998000000,7998000000,0,0,0,0,0,0,0,0,101000000,265000000,265000000,265000000,260000000,260000000,260000000,260000000,260000000,297000000,297000000,297000000,260000000,260000000,135000000,135000000,135000000,135000000,135000000,135000000,135000000,135000000,135000000,135000000,135000000,135000000,135000000,135000000,135000000
166,리스사,10237,메이슨캐피탈㈜,B,SK104,요약재무상태표(부채 및 자본)(08.03월 이후),A221,자본잉여금_감자차익,0,0,0,0,0,0,0,0,0,0,0,0,0,0,0,0,0,0,0,0,0,0,7998000000,7998000000,7998000000,7998000000,7998000000,7998000000,0,0,0,7998000000,7998000000,7998000000,7998000000,7998000000,7998000000,7998000000,7998000000,7998000000,7998000000,7998000000,7998000000,7998000000,7998000000,7998000000,7998000000,7998000000,7998000000,7998000000,7998000000,7998000000,7998000000,7998000000,7998000000,7998000000,7998000000,7998000000,7998000000,7998000000,7998000000,7998000000,7998000000,7998000000,7998000000,7998000000,7998000000,7998000000
167,리스사,10237,메이슨캐피탈㈜,B,SK104,요약재무상태표(부채 및 자본)(08.03월 이후),A222,자본잉여금_기타자본잉여금,0,0,0,0,0,0,0,0,0,0,0,0,0,0,0,0,0,0,0,0,0,0,0,0,0,0,0,0,0,0,0,0,0,0,0,912000000,1360000000,1360000000,1360000000,954000000,698000000,978000000,780000000,780000000,780000000,503000000,98000000,656000000,653000000,653000000,653000000,1020000000,1020000000,1020000000,877000000,877000000,746000000,746000000,746000000,712000000,713000000,713000000,713000000,713000000,713000000,713000000,713000000,713000000
168,리스사,10237,메이슨캐피탈㈜,B,SK104,요약재무상태표(부채 및 자본)(08.03월 이후),A23,이익잉여금(결손금),26654000000,34735000000,28111000000,27502000000,30266000000,39135000000,41208000000,42464000000,35911000000,36457000000,37879000000,39643000000,39914000000,36891000000,35617000000,34151000000,6748000000,-10204000000,-13220000000,-15170000000,-19234000000,-19593000000,6263000000,3423000000,4285000000,3110000000,2426000000,651000000,618000000,-5473000000,-5333000000,-6743000000,-3724000000,-3982000000,-5687000000,-7142000000,-9810000000,-11836000000,-13864000000,-9477000000,-9300000000,-8398000000,-6704000000,-8055000000,-12427000000,-11635000000,-14224000000,-12425000000,-19830000000,-20402000000,-18673000000,-18690000000,-18127000000,-19850000000,-20126000000,-20388000000,-20731000000,-21125000000,-21831000000,-23360000000,-24174000000,-24452000000,-24739000000,-19778000000,-16730000000,-27398000000,-27596000000,-28843000000
169,리스사,10237,메이슨캐피탈㈜,B,SK104,요약재무상태표(부채 및 자본)(08.03월 이후),A230,이익잉여금(결손금)_이익준비금,0,15000000000,15000000000,15000000000,15000000000,15000000000,15000000000,15000000000,15000000000,15184000000,15184000000,15184000000,15184000000,15294000000,15294000000,15294000000,15294000000,15294000000,15294000000,15294000000,15294000000,15294000000,15294000000,15294000000,15294000000,15294000000,15294000000,15294000000,15294000000,15294000000,15294000000,15294000000,15294000000,15294000000,15294000000,15294000000,15294000000,15294000000,15294000000,15294000000,15294000000,15294000000,15294000000,15294000000,15294000000,15294000000,15294000000,15294000000,15294000000,15294000000,15294000000,15294000000,15294000000,15294000000,15294000000,15294000000,15294000000,15294000000,15294000000,15294000000,15294000000,15294000000,15294000000,15294000000,15294000000,15294000000,15294000000,15294000000
170,리스사,10237,메이슨캐피탈㈜,B,SK104,요약재무상태표(부채 및 자본)(08.03월 이후),A231,이익잉여금(결손금)_기업합리화적립금,334000000,334000000,334000000,334000000,334000000,334000000,334000000,334000000,334000000,334000000,334000000,334000000,334000000,334000000,334000000,334000000,334000000,334000000,334000000,334000000,334000000,334000000,334000000,334000000,334000000,334000000,334000000,334000000,334000000,334000000,334000000,334000000,334000000,334000000,334000000,334000000,334000000,334000000,334000000,334000000,334000000,334000000,334000000,334000000,334000000,334000000,334000000,334000000,334000000,334000000,334000000,334000000,334000000,334000000,334000000,334000000,334000000,334000000,334000000,334000000,334000000,334000000,334000000,334000000,334000000,334000000,334000000,334000000
171,리스사,10237,메이슨캐피탈㈜,B,SK104,요약재무상태표(부채 및 자본)(08.03월 이후),A232,이익잉여금(결손금)_투융자손실준비금,0,0,0,0,0,0,0,0,0,0,0,0,0,0,0,0,0,0,0,0,0,0,0,0,0,0,0,0,0,0,0,0,0,0,0,0,0,0,0,0,0, , , , , , , , , , , , , , , , , , , , , , , , , , , 
172,리스사,10237,메이슨캐피탈㈜,B,SK104,요약재무상태표(부채 및 자본)(08.03월 이후),A233,이익잉여금(결손금)_기타 법정적립금,0,0,0,0,0,0,0,0,0,0,0,0,0,0,0,0,0,0,0,0,0,0,0,138000000,132000000,132000000,133000000,134000000,132000000,-28000000,0,0,-2000000,-2000000,-2000000,0,-16000000,0,0,0,0, , , , , , , , , , , , , , , , , , , , , , , , , , , 
173,리스사,10237,메이슨캐피탈㈜,B,SK104,요약재무상태표(부채 및 자본)(08.03월 이후),A234,이익잉여금(결손금)_임의적립금,0,0,0,0,0,0,0,0,0,0,0,0,0,0,0,0,0,0,0,0,0,0,0,0,0,0,0,0,0,0,0,0,0,0,0,0,0,0,0,0,0, , , , , , , , , , , , , , , , , , , , , , , , , , , 
174,리스사,10237,메이슨캐피탈㈜,B,SK104,요약재무상태표(부채 및 자본)(08.03월 이후),A235,이익잉여금(결손금)_해외투자손실준비금,0,0,0,0,0,0,0,0,0,0,0,0,0,0,0,0,0,0,0,0,0,0,0,0,0,0,0,0,0,0,0,0,0,0,0,0,0,0,0,0,0, , , , , , , , , , , , , , , , , , , , , , , , , , , 
175,리스사,10237,메이슨캐피탈㈜,B,SK104,요약재무상태표(부채 및 자본)(08.03월 이후),A236,이익잉여금(결손금)_미처분이익잉여금(미처리결손금),26320000000,19401000000,12777000000,12168000000,14932000000,23801000000,25874000000,27130000000,20577000000,20939000000,22361000000,24125000000,24396000000,21263000000,19989000000,18523000000,-8880000000,-25832000000,-28848000000,-30798000000,-34862000000,-35221000000,-9365000000,-12343000000,-11475000000,-12650000000,-13335000000,-15111000000,-15142000000,-21073000000,-20961000000,-22371000000,-19350000000,-19608000000,-21313000000,-22770000000,-25422000000,-27464000000,-29492000000,-25105000000,-24928000000,-24026000000,-22332000000,-23683000000,-28055000000,-27263000000,-29852000000,-28053000000,-35458000000,-36030000000,-34301000000,-34318000000,-33755000000,-35478000000,-35754000000,-36016000000,-36359000000,-36753000000,-37459000000,-38988000000,-39802000000,-40080000000,-40367000000,-35406000000,-32358000000,-43026000000,-43224000000,-44471000000
176,리스사,10237,메이슨캐피탈㈜,B,SK104,요약재무상태표(부채 및 자본)(08.03월 이후),A237,이익잉여금(결손금)_대손준비금,,,,,,,,,,,,, ,0,0,0,0,0,0,0,0,0,0,0,0,0,0,0,0,0,0,0,0,0,0,0,0,0,0,0,0, , , , , , , , , , , , , , , , , , , , , , , , , , , 
177,리스사,10237,메이슨캐피탈㈜,B,SK104,요약재무상태표(부채 및 자본)(08.03월 이후),A238,이익잉여금(결손금)_(당기순손익),6884000000,8081000000,1457000000,848000000,3612000000,9017000000,11091000000,12346000000,5793000000,2381000000,3803000000,5567000000,5838000000,1932000000,1932000000,-748000000,-28151000000,-16952000000,-16952000000,-13776000000,0,0,0,0,0,0,0,0,0,0,0,0,0,0,0,0,0,0,0,0,0, , , , , , , , , , , , , , , , , , , , , , , , , , , 
178,리스사,10237,메이슨캐피탈㈜,B,SK104,요약재무상태표(부채 및 자본)(08.03월 이후),A24,자본조정,-456000000,-456000000,-604000000,-2293000000,-2566000000,-2480000000,-2753000000,-3369000000,-3421000000,-3834000000,-3983000000,-4651000000,-4859000000,-5670000000,-6487000000,-6801000000,-8348000000,-8453000000,-8453000000,-8452000000,-8452000000,-8452000000,-8452000000,-8464000000,-8464000000,-8464000000,-8464000000,-8464000000,-8464000000,-8464000000,-5678000000,-5728000000,-5728000000,-5770000000,-5769000000,-5769000000,-5789000000,-5789000000,-5789000000,-5667000000,-5667000000,-5667000000,-5667000000,-5667000000,-5667000000,-5667000000,-5667000000,-5667000000,-5667000000,-5667000000,-5667000000,-5667000000,-5667000000,-5667000000,-5667000000,-5667000000,-5667000000,-5667000000,-5667000000,-5667000000,-5667000000,-5667000000,-5667000000,-5667000000,-5667000000,-5667000000,-5667000000,-5667000000
179,리스사,10237,메이슨캐피탈㈜,B,SK104,요약재무상태표(부채 및 자본)(08.03월 이후),A240,자본조정_주식할인발행차금,0,0,-148000000,-148000000,-148000000,0,0,0,0,0,0,0,0,0,0,0,0,0,0,0,0,0,0,-11000000,-11000000,-11000000,-11000000,-11000000,-11000000,-11000000,-11000000,-60000000,-60000000,-102000000,-102000000,-102000000,-121000000,-121000000,-121000000,0,0, , , , , , , , , , , , , , , , , , , , , , , , , , , 
180,리스사,10237,메이슨캐피탈㈜,B,SK104,요약재무상태표(부채 및 자본)(08.03월 이후),A241,자본조정_배당건설이자,0,0,0,0,0,0,0,0,0,0,0,0,0,0,0,0,0,0,0,0,0,0,0,0,0,0,0,0,0,0,0,0,0,0,0,0,0,0,0,0,0, , , , , , , , , , , , , , , , , , , , , , , , , , , 
181,리스사,10237,메이슨캐피탈㈜,B,SK104,요약재무상태표(부채 및 자본)(08.03월 이후),A242,자본조정_자기주식,-456000000,-456000000,-456000000,-2145000000,-2418000000,-2480000000,-2753000000,-3369000000,-3421000000,-3834000000,-3983000000,-4651000000,-4859000000,-5670000000,-6487000000,-6801000000,-8348000000,-8453000000,-8453000000,-8452000000,-8452000000,-8452000000,-8452000000,-8453000000,-8453000000,-8453000000,-8453000000,-8453000000,-8453000000,-8453000000,0,0,0,0,0,0,0,0,0,0,0, , , , , , , , , , , , , , , , , , , , , , , , , , , 
182,리스사,10237,메이슨캐피탈㈜,B,SK104,요약재무상태표(부채 및 자본)(08.03월 이후),A243,자본조정_주식매수선택권,0,0,0,0,0,0,0,0,0,0,0,0,0,0,0,0,0,0,0,0,0,0,0,0,0,0,0,0,0,0,0,0,0,0,0,0,0,0,0,0,0, , , , , , , , , , , , , , , , , , , , , , , , , , , 
183,리스사,10237,메이슨캐피탈㈜,B,SK104,요약재무상태표(부채 및 자본)(08.03월 이후),A244,자본조정_미교부주식배당금,0,0,0,0,0,0,0,0,0,0,0,0,0,0,0,0,0,0,0,0,0,0,0,0,0,0,0,0,0,0,0,0,0,0,0,0,0,0,0,0,0, , , , , , , , , , , , , , , , , , , , , , , , , , , 
184,리스사,10237,메이슨캐피탈㈜,B,SK104,요약재무상태표(부채 및 자본)(08.03월 이후),A245,자본조정_기타 자본조정,0,0,0,0,0,0,0,0,0,0,0,0,0,0,0,0,0,0,0,0,0,0,0,0,0,0,0,0,0,0,-5667000000,-5668000000,-5668000000,-5668000000,-5667000000,-5667000000,-5667000000,-5667000000,-5667000000,-5667000000,-5667000000,-5667000000,-5667000000,-5667000000,-5667000000,-5667000000,-5667000000,-5667000000,-5667000000,-5667000000,-5667000000,-5667000000,-5667000000,-5667000000,-5667000000,-5667000000,-5667000000,-5667000000,-5667000000,-5667000000,-5667000000,-5667000000,-5667000000,-5667000000,-5667000000,-5667000000,-5667000000,-5667000000
185,리스사,10237,메이슨캐피탈㈜,B,SK104,요약재무상태표(부채 및 자본)(08.03월 이후),A25,기타포괄손익누계액,218000000,-23000000,-44000000,-3032000000,-3636000000,-1133000000,-644000000,-1214000000,-1602000000,-1991000000,-2098000000,-1053000000,-1703000000,-2755000000,-4301000000,-2177000000,-1088000000,-310000000,-248000000,-78000000,-87000000,0,0,0,0,0,0,0,0,0,0,0,0,0,24000000,0,0,0,0,0,0,-731000000,-731000000,-731000000,-2838000000,-2838000000,-2838000000,-2837000000,-2474000000,-2474000000,-2474000000,-3143000000,-2743000000,-1561000000,-1561000000,-1561000000,-1561000000,-1660000000,-1634000000,-2036000000,-1035000000,595000000,3108000000,-2255000000,-2146000000,-2070000000,-2189000000,-1903000000
186,리스사,10237,메이슨캐피탈㈜,B,SK104,요약재무상태표(부채 및 자본)(08.03월 이후),A250,기타포괄손익누계액_매도가능금융자산평가이익,-24000000,-23000000,-27000000,0,14000000,638000000,439000000,7000000,8000000,0,0,72000000,70000000,280000000,242000000,31000000,28000000,0,0,0,0,0,0,0,0,0,0,0,0,0,0,0,0,0,24000000,0,0,0,0,0,0, , , , , , , , , , , , , , , , , , , , , , , , , , , 
187,리스사,10237,메이슨캐피탈㈜,B,SK104,요약재무상태표(부채 및 자본)(08.03월 이후),A251,기타포괄손익누계액_매도가능금융자산평가손실,0,0,0,-3015000000,-3633000000,-1754000000,-1066000000,-1204000000,-1593000000,-1974000000,-2081000000,-1108000000,-1756000000,-3035000000,-4543000000,-2208000000,-1116000000,-310000000,-248000000,-78000000,-87000000,0,0,0,0,0,0,0,0,0,0,0,0,0,0,0,0,0,0,0,0, , , , , , , , , , , , , , , , , , , , , , , , , , , 
188,리스사,10237,메이슨캐피탈㈜,B,SK104,요약재무상태표(부채 및 자본)(08.03월 이후),A252,기타포괄손익누계액_해외사업환산이익,0,0,0,0,0,0,0,0,0,0,0,0,0,0,0,0,0,0,0,0,0,0,0,0,0,0,0,0,0,0,0,0,0,0,0,0,0,0,0,0,0, , , , , , , , , , , , , , , , , , , , , , , , , , , 
189,리스사,10237,메이슨캐피탈㈜,B,SK104,요약재무상태표(부채 및 자본)(08.03월 이후),A253,기타포괄손익누계액_해외사업환산손실,0,0,0,0,0,0,0,0,0,0,0,0,0,0,0,0,0,0,0,0,0,0,0,0,0,0,0,0,0,0,0,0,0,0,0,0,0,0,0,0,0, , , , , , , , , , , , , , , , , , , , , , , , , , , 
190,리스사,10237,메이슨캐피탈㈜,B,SK104,요약재무상태표(부채 및 자본)(08.03월 이후),A254,기타포괄손익누계액_현금흐름위험회피 파생상품평가이익,0,0,0,0,0,0,0,0,0,0,0,0,0,0,0,0,0,0,0,0,0,0,0,0,0,0,0,0,0,0,0,0,0,0,0,0,0,0,0,0,0, , , , , , , , , , , , , , , , , , , , , , , , , , , 
191,리스사,10237,메이슨캐피탈㈜,B,SK104,요약재무상태표(부채 및 자본)(08.03월 이후),A255,기타포괄손익누계액_현금흐름위험회피 파생상품평가손실,0,0,0,0,0,0,0,0,0,0,0,0,0,0,0,0,0,0,0,0,0,0,0,0,0,0,0,0,0,0,0,0,0,0,0,0,0,0,0,0,0, , , , , , , , , , , , , , , , , , , , , , , , , , , 
192,리스사,10237,메이슨캐피탈㈜,B,SK104,요약재무상태표(부채 및 자본)(08.03월 이후),A256,기타포괄손익누계액_지분법자본변동,242000000,0,-17000000,-17000000,-17000000,-17000000,-17000000,-17000000,-17000000,-17000000,-17000000,-17000000,-17000000,0,0,0,0,0,0,0,0,0,0,0,0,0,0,0,0,0,0,0,0,0,0,0,0,0,0,0,0, , , , , , , , , , , , , , , , ,-99000000,-73000000,-475000000,526000000,2156000000,4669000000,-694000000,-585000000,-509000000,-628000000,-342000000
193,리스사,10237,메이슨캐피탈㈜,B,SK104,요약재무상태표(부채 및 자본)(08.03월 이후),A257,기타포괄손익누계액_부의 지분법자본변동,0,0,0,0,0,0,0,0,0,0,0,0,0,0,0,0,0,0,0,0,0,0,0,0,0,0,0,0,0,0,0,0,0,0,0,0,0,0,0,0,0, , , , , , , , , , , , , , , , , , , , , , , , , , , 
194,리스사,10237,메이슨캐피탈㈜,B,SK104,요약재무상태표(부채 및 자본)(08.03월 이후),A258,기타포괄손익누계액_유형자산 재평가이익,,,,,,,,,,,,, ,0,0,0,0,0,0,0,0,0,0,0,0,0,0,0,0,0,0,0,0,0,0,0,0,0,0,0,0, , , , , , , , , , , , , , , , , , , , , , , , , , , 
195,리스사,10237,메이슨캐피탈㈜,B,SK104,요약재무상태표(부채 및 자본)(08.03월 이후),A259,기타포괄손익누계액_기타,,,,,,,,,,,,, ,0,0,0,0,0,0,0,0,0,0,0,0,0,0,0,0,0,0,0,0,0,0,0,0,0,0,0,0,-731000000,-731000000,-731000000,-2838000000,-2838000000,-2838000000,-2837000000,-2474000000,-2474000000,-2474000000,-3143000000,-2743000000,-1561000000,-1561000000,-1561000000,-1561000000,-1561000000,-1561000000,-1561000000,-1561000000,-1561000000,-1561000000,-1561000000,-1561000000,-1561000000,-1561000000,-1561000000
196,리스사,10238,신한캐피탈㈜,B,SK104,요약재무상태표(부채 및 자본)(08.03월 이후),A,부채 및 자본총계,3545902000000,3770054000000,4090222000000,4007727000000,4094206000000,3696884000000,3510716000000,3652012000000,3560807000000,3685573000000,3699151000000,3750775000000,3543124000000,3469618000000,3540519000000,3518266000000,3485125000000,3583014000000,3576695000000,3526185000000,3523339000000,3758863000000,3661465000000,3772378000000,3797666000000,3741057000000,3801796000000,3939493000000,4018453000000,3924966000000,3852875000000,4076553000000,3845807000000,4046239000000,4182722000000,4506754000000,4699155000000,4948257000000,5198446000000,5310830000000,5466428000000,5802981000000,5925512000000,6113943000000,6291002000000,6799776000000,7119881000000,7563016000000,8100153000000,8524799000000,9512346000000,8883944000000,9762110000000,10207755000000,10836037000000,10878477000000,11789714000000,12781390000000,12540340000000,12980279000000,12769426000000,12580288000000,13129774000000,12956432000000,13081820000000,12997013000000,12441166000000,12465036000000
197,리스사,10238,신한캐피탈㈜,B,SK104,요약재무상태표(부채 및 자본)(08.03월 이후),A1,부채,3210180000000,3408122000000,3719592000000,3643671000000,3742508000000,3330437000000,3126024000000,3253784000000,3147935000000,3261480000000,3259393000000,3283760000000,3110565000000,3027518000000,3079399000000,3037926000000,2998161000000,3095677000000,3081300000000,3053872000000,3039734000000,3258370000000,3154319000000,3252627000000,3271155000000,3192452000000,3250946000000,3369059000000,3439232000000,3320744000000,3243156000000,3458433000000,3230788000000,3411871000000,3542069000000,3862389000000,4061920000000,4268667000000,4507895000000,4602497000000,4795718000000,5094958000000,5193692000000,5365570000000,5513900000000,6000302000000,6190885000000,6610634000000,7124281000000,7410523000000,8350352000000,7705823000000,8548440000000,8778513000000,9185545000000,9161837000000,10020115000000,10917225000000,10600328000000,11020014000000,10778156000000,10494228000000,10947155000000,10761622000000,10904201000000,10780906000000,10179832000000,10237744000000
198,리스사,10238,신한캐피탈㈜,B,SK104,요약재무상태표(부채 및 자본)(08.03월 이후),A11,차입부채,3057547000000,3258849000000,3555239000000,3483530000000,3571999000000,3166141000000,2962229000000,3092907000000,2979054000000,3092482000000,3081235000000,3095034000000,2912136000000,2860754000000,2921402000000,2867808000000,2826011000000,2925338000000,2910356000000,2884756000000,2856570000000,3044623000000,2958728000000,3044053000000,3046766000000,2963585000000,3031713000000,3137191000000,3204427000000,3091923000000,3020621000000,3238629000000,3016960000000,3184941000000,3341199000000,3670227000000,3863890000000,4067577000000,4316225000000,4408146000000,4606410000000,4919252000000,5016969000000,5188639000000,5338403000000,5831674000000,6028492000000,6431659000000,6934673000000,7239757000000,8108977000000,7509623000000,8340458000000,8601317000000,9002100000000,8947336000000,9790962000000,10730105000000,10429369000000,10827333000000,10584580000000,10320612000000,10776241000000,10601416000000,10677626000000,10634475000000,10018794000000,10126688000000
199,리스사,10238,신한캐피탈㈜,B,SK104,요약재무상태표(부채 및 자본)(08.03월 이후),A110,차입금,1808128000000,1700194000000,1772836000000,1742791000000,1547919000000,1378828000000,1042731000000,1102417000000,1049050000000,1046811000000,984973000000,1018519000000,,,,,,,,,,,,,,,,,,,,,,,,,,,,,,,,,,,,,,,,,,,,,,,,,,,,,,,,
200,리스사,10238,신한캐피탈㈜,B,SK104,요약재무상태표(부채 및 자본)(08.03월 이후),A110,차입부채_차입금,,,,,,,,,,,,,791046000000,877626000000,720496000000,779266000000,748881000000,759544000000,798657000000,857469000000,821813000000,900692000000,865682000000,760681000000,770683000000,660683000000,760342000000,635343000000,623337000000,550337000000,605337000000,770337000000,770337000000,610337000000,710337000000,890338000000,914000000000,964000000000,969000000000,919000000000,899000000000,859000000000,719000000000,580000000000,750000000000,985000000000,965000000000,990000000000,1070000000000,1175000000000,1105000000000,715000000000,1017000000000,1148000000000,1458400000000,1593098000000,2167323000000,2666327000000,2754728000000,2819655000000,2837014000000,2962935000000,3189198000000,3167181000000,3423917000000,3357525000000,2652188000000,2305355000000
201,리스사,10238,신한캐피탈㈜,B,SK104,요약재무상태표(부채 및 자본)(08.03월 이후),A111,단기차입금,466080000000,432580000000,456500000000,436500000000,434000000000,387500000000,107600000000,167600000000,150000000000,180000000000,160000000000,290000000000,,,,,,,,,,,,,,,,,,,,,,,,,,,,,,,,,,,,,,,,,,,,,,,,,,,,,,,,
202,리스사,10238,신한캐피탈㈜,B,SK104,요약재무상태표(부채 및 자본)(08.03월 이후),A111,차입부채_차입금_단기차입금,,,,,,,,,,,,,286608000000,236952000000,139488000000,108833000000,78445000000,138845000000,117965000000,76778000000,61121000000,160000000000,175000000000,130000000000,140000000000,150000000000,130000000000,55000000000,113000000000,40000000000,115000000000,260000000000,160000000000,100000000000,150000000000,330000000000,354000000000,304000000000,259000000000,259000000000,239000000000,199000000000,139000000000,110000000000,280000000000,435000000000,415000000000,440000000000,520000000000,445000000000,375000000000,285000000000,437000000000,292000000000,192000000000,127000000000,167000000000,180000000000,240000000000,160000000000,170000000000,340000000000,360000000000,330000000000,340000000000,400000000000,390000000000,560000000000
203,리스사,10238,신한캐피탈㈜,B,SK104,요약재무상태표(부채 및 자본)(08.03월 이후),A112,차입부채_차입금_콜머니,,,,,,,,,,,,,0,0, , , , , , , , , , , , , , , , , , , , , , , , , , , , , , , , , , , ,0,0, , , , , , , , , , , , , , , , ,0
204,리스사,10238,신한캐피탈㈜,B,SK104,요약재무상태표(부채 및 자본)(08.03월 이후),A112,콜머니,0,0,0,0,0,0,0,0,0,0,0,0,,,,,,,,,,,,,,,,,,,,,,,,,,,,,,,,,,,,,,,,,,,,,,,,,,,,,,,,
205,리스사,10238,신한캐피탈㈜,B,SK104,요약재무상태표(부채 및 자본)(08.03월 이후),A113,장기차입금,1052131000000,912397000000,936336000000,891141000000,866377000000,805634000000,631357000000,604817000000,341308000000,516811000000,614973000000,618519000000,,,,,,,,,,,,,,,,,,,,,,,,,,,,,,,,,,,,,,,,,,,,,,,,,,,,,,,,
206,리스사,10238,신한캐피탈㈜,B,SK104,요약재무상태표(부채 및 자본)(08.03월 이후),A113,차입부채_차입금_장기차입금,,,,,,,,,,,,,501072000000,640000000000,610000000000,670000000000,670436000000,620000000000,680692000000,780692000000,760692000000,740692000000,690682000000,630681000000,630683000000,510683000000,510342000000,450343000000,450337000000,300337000000,300337000000,360337000000,410337000000,440337000000,490337000000,440338000000,440000000000,560000000000,530000000000,420000000000,420000000000,320000000000,320000000000,320000000000,370000000000,530000000000,530000000000,530000000000,480000000000,680000000000,680000000000,430000000000,580000000000,856000000000,1266400000000,1466098000000,2000323000000,2466327000000,2494728000000,2489655000000,2407014000000,2132935000000,2009198000000,1747181000000,1713917000000,1527525000000,1092188000000,975355000000
207,리스사,10238,신한캐피탈㈜,B,SK104,요약재무상태표(부채 및 자본)(08.03월 이후),A114,유동성 장기차입금,289917000000,355217000000,380000000000,415150000000,247542000000,185694000000,303774000000,330000000000,557742000000,350000000000,210000000000,110000000000,,,,,,,,,,,,,,,,,,,,,,,,,,,,,,,,,,,,,,,,,,,,,,,,,,,,,,,,
208,리스사,10238,신한캐피탈㈜,B,SK104,요약재무상태표(부채 및 자본)(08.03월 이후),A114,차입부채_차입금_유동성 장기차입금,,,,,,,,,,,,,3366000000,674000000,496000000,434000000, ,699000000, , , , , , , , ,120000000000,130000000000,60000000000,210000000000,190000000000,150000000000,200000000000,70000000000,70000000000,120000000000,120000000000,100000000000,180000000000,240000000000,240000000000,340000000000,260000000000,150000000000,100000000000,20000000000,20000000000,20000000000,70000000000,50000000000,50000000000, , , , , , ,20000000000,20000000000,170000000000,260000000000,490000000000,820000000000,1090000000000,1370000000000,1430000000000,1170000000000,770000000000
209,리스사,10238,신한캐피탈㈜,B,SK104,요약재무상태표(부채 및 자본)(08.03월 이후),A115,사  채,1249419000000,1558655000000,1782403000000,1740739000000,2024080000000,1787313000000,1919498000000,1990490000000,1930004000000,2045671000000,2096262000000,2076515000000,,,,,,,,,,,,,,,,,,,,,,,,,,,,,,,,,,,,,,,,,,,,,,,,,,,,,,,,
210,리스사,10238,신한캐피탈㈜,B,SK104,요약재무상태표(부채 및 자본)(08.03월 이후),A115,차입부채_사 채,,,,,,,,,,,,,2121090000000,1983128000000,2171418000000,2088542000000,2077130000000,2165794000000,2111699000000,2027287000000,2034757000000,2143931000000,2093046000000,2283371000000,2276084000000,2302902000000,2271371000000,2501849000000,2581091000000,2541586000000,2415284000000,2468292000000,2246623000000,2574604000000,2630862000000,2779889000000,2949890000000,3103577000000,3347225000000,3489146000000,3707410000000,4060252000000,4297969000000,4608639000000,4588403000000,4846674000000,5063492000000,5441659000000,5864673000000,6064757000000,7003977000000,6794623000000,7323458000000,7453317000000,7543700000000,7354238000000,7623639000000,8063778000000,7674641000000,8007678000000,7747566000000,7357677000000,7587043000000,7434235000000,7253709000000,7276950000000,7366607000000,7821333000000
211,리스사,10238,신한캐피탈㈜,B,SK104,요약재무상태표(부채 및 자본)(08.03월 이후),A1150,차입부채_사 채_단기사채,0,0,0,0,0,0,0,0,0,60515000000,57100000000,113890000000,110720000000,53905000000,58975000000, , , , , , , , , , , , , ,50000000000,59000000000, ,90000000000,60000000000,190000000000,120000000000,60000000000,70000000000, , ,10000000000,30000000000,60000000000,40000000000,50000000000,50000000000,20000000000,20000000000, ,20000000000,70000000000,70000000000,70000000000,50000000000, , , ,90000000000,70000000000,110000000000,113000000000,113000000000,43000000000,3000000000, , , , ,0
212,리스사,10238,신한캐피탈㈜,B,SK104,요약재무상태표(부채 및 자본)(08.03월 이후),A11500,차입부채_사 채_단기사채_(사채발행차금),0,0,0,0,0,0,0,0,0,55000000,37000000,14000000,67000000,35000000,18000000, , , , , , , , , , , , , , , , ,38000000,28000000,18000000,7000000,0, , , ,18000000,13000000,37000000,21000000,24000000,15000000,7000000,4000000, ,15000000,41000000,27000000,13000000,3000000, , , ,0,56000000,74000000,60000000,53000000,9000000,1000000, , , , ,0
213,리스사,10238,신한캐피탈㈜,B,SK104,요약재무상태표(부채 및 자본)(08.03월 이후),A1151,차입부채_사 채_유동성사채,189336000000,355642000000,433786000000,456350000000,696733000000,741175000000,897740000000,900280000000,312700000000,371545000000,228400000000,513889000000,664320000000,592955000000,648725000000,634315000000,682680000000,709587000000,659974000000,605172000000,572732000000,592096000000,510910000000,501268000000,454240000000,431120000000,759361000000,863392000000,986275000000,876754000000,809313000000,805100000000,801118000000,945058000000,1137890000000,1125978000000,1215352000000,1291980000000,1280000000000,1308570000000,1404975000000,1415689000000,1507540000000,1557715000000,1562402000000,1570976000000,1618052000000,1756312000000,1860000000000,2050000000000,2090000000000,2200000000000,2300000000000,2300000000000,2460000000000,2450000000000,2470000000000,2650000000000,2840000000000,3090000000000,3350000000000,3270000000000,2930000000000,2860000000000,2690000000000,2780000000000,2940000000000,2680000000000
214,리스사,10238,신한캐피탈㈜,B,SK104,요약재무상태표(부채 및 자본)(08.03월 이후),A11510,차입부채_사 채_유동성사채_(유동성사채발행차금),121000000,516000000,354000000,390000000,640000000,795000000,930000000,946000000,872000000,974000000,515000000,1054000000,1696000000,1494000000,1464000000,1286000000,1280000000,1467000000,1342000000,-1115000000,977000000,909000000,744000000,635000000,538000000,523000000,338000000,350000000,434000000,360000000,331000000,396000000,442000000,492000000,474000000,419000000,574000000,541000000,471000000,483000000,745000000,798000000,778000000,560000000,393000000,581000000,632000000,615000000,731000000,831000000,742000000,767000000,894000000,861000000,805000000,691000000,792000000,952000000,996000000,991000000,1199000000,1182000000,980000000,1092000000,1173000000,1196000000,1175000000,858000000
215,리스사,10238,신한캐피탈㈜,B,SK104,요약재무상태표(부채 및 자본)(08.03월 이후),A1152,차입부채_사 채_장기사채,1065601000000,1209530000000,1355080000000,1290125000000,1333130000000,1051175000000,1026610000000,1095140000000,1622700000000,1618884000000,1815410000000,1452783000000,1350000000000,1340000000000,1467000000000,1457000000000,1397000000000,1459000000000,1454000000000,1424000000000,1464000000000,1554000000000,1584000000000,1784000000000,1824000000000,1874000000000,1514144000000,1640768000000,1547200000000,1608061000000,1607982000000,1575220000000,1387327000000,1441470000000,1374815000000,1596275000000,1667059000000,1814316000000,2070208000000,2173566000000,2275985000000,2588519000000,2754508000000,3004724000000,2980000000000,3260000000000,3430000000000,3690000000000,3990000000000,3950000000000,4850000000000,4530000000000,4980000000000,5160000000000,5090000000000,4910000000000,5070000000000,5350000000000,4730000000000,4810000000000,4290000000000,4050000000000,4660000000000,4580000000000,4570000000000,4506760000000,4435880000000,5151000000000
216,리스사,10238,신한캐피탈㈜,B,SK104,요약재무상태표(부채 및 자본)(08.03월 이후),A11520,차입부채_사 채_장기사채_(사채발행차금),5397000000,6001000000,6109000000,5346000000,5143000000,4242000000,3922000000,3984000000,4524000000,4244000000,4096000000,2979000000,2187000000,2203000000,1800000000,1487000000,1270000000,1326000000,934000000,-770000000,997000000,1255000000,1121000000,1262000000,1618000000,1694000000,1795000000,1961000000,1950000000,1868000000,1680000000,1594000000,1353000000,1414000000,1362000000,1944000000,1946000000,2179000000,2512000000,2489000000,2792000000,3120000000,3279000000,3216000000,3590000000,3714000000,3923000000,4038000000,4581000000,4370000000,5254000000,4597000000,5645000000,5822000000,5495000000,5072000000,5569000000,5215000000,4289000000,4271000000,4182000000,4132000000,4975000000,4674000000,5118000000,8614000000,8099000000,8809000000
217,리스사,10238,신한캐피탈㈜,B,SK104,요약재무상태표(부채 및 자본)(08.03월 이후),A1153,차입부채_사 채_기타,-5518000000,-6517000000,-6463000000,-5736000000,-5783000000,-5037000000,-4852000000,-4930000000,-5396000000,-5273000000,-4648000000,-4047000000,-7900000000,-7464000000,-6564000000,-5546000000,-5100000000,-5586000000,-4551000000,0,-3949000000,-4329000000,-3729000000,-3794000000,-4312000000,-4435000000,-4267000000,-4622000000,-4768000000,-4457000000,-4022000000,-4056000000,-3645000000,-3848000000,-3686000000,-4727000000,-5041000000,-5439000000,-5966000000,-5980000000,-7100000000,-7911000000,-8157000000,-7600000000,-7997000000,-8604000000,-9119000000,-9306000000,-10654000000,-10485000000,-12046000000,-10754000000,-13084000000,-13366000000,-12600000000,-11525000000,-12722000000,-12445000000,-10718000000,-10644000000,-10868000000,-10646000000,-11913000000,-11531000000,-12582000000,-19620000000,-18547000000,-19334000000
218,리스사,10238,신한캐피탈㈜,B,SK104,요약재무상태표(부채 및 자본)(08.03월 이후),A12,기타부채,152633000000,149273000000,164353000000,160141000000,170509000000,164296000000,163795000000,160877000000,168881000000,168998000000,178158000000,188726000000,198429000000,166764000000,157997000000,170118000000,172150000000,170293000000,170945000000,169116000000,183164000000,213747000000,195591000000,208574000000,224389000000,228867000000,219233000000,231868000000,234805000000,228821000000,222535000000,219804000000,213828000000,226931000000,200870000000,192162000000,198030000000,201091000000,191670000000,194351000000,189308000000,175706000000,176723000000,176931000000,175497000000,168628000000,162393000000,178975000000,189608000000,170766000000,241375000000,196200000000,207982000000,177196000000,183445000000,214501000000,229153000000,187120000000,170959000000,192681000000,193576000000,173616000000,170914000000,160206000000,226575000000,146431000000,161038000000,111056000000
219,리스사,10238,신한캐피탈㈜,B,SK104,요약재무상태표(부채 및 자본)(08.03월 이후),A120,기타부채_영업미지급금,0,0,0,0,0,0,0,0,0,0,0,0,0,0,0,0,0, , , , , , , , , , , , , , , , , , , , , , , , , , , , , , , , ,0,0, , , , , , , , , , , , , , , , ,0
220,리스사,10238,신한캐피탈㈜,B,SK104,요약재무상태표(부채 및 자본)(08.03월 이후),A121,기타부채_장기미지급금,0,0,0,0,0,0,0,0,0,0,0,0,0,0,0,0,0, , , , , , , , , , , , , , , , , , , , , , , , , , , , , , , , ,0,0, , , , , , , , , , , , , , , , ,0
221,리스사,10238,신한캐피탈㈜,B,SK104,요약재무상태표(부채 및 자본)(08.03월 이후),A122,기타부채_기타의 부채,56862000000,64959000000,79341000000,77796000000,84455000000,77681000000,73021000000,71233000000,79251000000,77298000000,79003000000,85105000000,99708000000,55742000000,0,50603000000,53003000000,51028000000,46950000000,41891000000,47679000000,69408000000,45201000000,53801000000,61688000000,64572000000,52211000000,60753000000,61081000000,52139000000,43849000000,45994000000,49279000000,68672000000,54059000000,51505000000,64417000000,72698000000,69657000000,76008000000,76751000000,66554000000,73161000000,81790000000,82155000000,71683000000,65703000000,83961000000,95340000000,74325000000,146322000000,110053000000,125016000000,98786000000,108128000000,150626000000,170102000000,135907000000,123130000000,155525000000,158980000000,142099000000,142196000000,138495000000,206527000000,125129000000,145523000000,101034000000
222,리스사,10238,신한캐피탈㈜,B,SK104,요약재무상태표(부채 및 자본)(08.03월 이후),A1220,기타부채_기타의 부채_가수금,0,0,0,0,0,0,0,0,0,0,0,0,0,0,0,0,0, , , , , , , , , ,37000000,37000000,37000000,37000000,37000000,37000000,30000000,30000000,30000000, , , , , , , , , , , , , , ,0,0, , , , , , , , , , , , , , , , ,0
223,리스사,10238,신한캐피탈㈜,B,SK104,요약재무상태표(부채 및 자본)(08.03월 이후),A1221,기타부채_기타의 부채_예수금,2327000000,2312000000,2781000000,2998000000,4401000000,5399000000,5109000000,4205000000,6003000000,4972000000,5411000000,3811000000,1544000000,859000000,1503000000,1114000000,2709000000,976000000,875000000,842000000,1752000000,1864000000,1087000000,1329000000,1392000000,5187000000,3548000000,2947000000,4575000000,2433000000,2714000000,3507000000,9716000000,10794000000,8643000000,3328000000,4913000000,2897000000,3152000000,2916000000,6510000000,4291000000,4756000000,6097000000,4939000000,3847000000,2090000000,5353000000,4700000000,2008000000,51604000000,2064000000,4251000000,4674000000,6646000000,3940000000,12594000000,8401000000,7055000000,5495000000,9434000000,6228000000,6460000000,6215000000,8171000000,17171000000,7155000000,5001000000
224,리스사,10238,신한캐피탈㈜,B,SK104,요약재무상태표(부채 및 자본)(08.03월 이후),A1222,기타부채_기타의 부채_선수금,6674000000,5177000000,6498000000,3931000000,5083000000,4993000000,3683000000,5654000000,4160000000,4754000000,4313000000,3914000000,7069000000,3925000000,4360000000,4753000000,4829000000,10073000000,7776000000,7246000000,8104000000,24468000000,9284000000,9547000000,12959000000,13580000000,11342000000,10745000000,13399000000,19523000000,14587000000,13878000000,11583000000,26096000000,18289000000,18162000000,20867000000,26394000000,19928000000,17011000000,19880000000,18232000000,15383000000,10865000000,11374000000,13626000000,11695000000,12926000000,12893000000,15098000000,14340000000,12403000000,13181000000,12645000000,10912000000,9867000000,9787000000,8947000000,7770000000,6690000000,5641000000,7696000000,7095000000,4692000000,3759000000,5128000000,2183000000,2345000000
225,리스사,10238,신한캐피탈㈜,B,SK104,요약재무상태표(부채 및 자본)(08.03월 이후),A1223,기타부채_기타의 부채_선수수익,6799000000,9031000000,8839000000,6244000000,6320000000,4362000000,1936000000,2854000000,1180000000,1433000000,2052000000,3389000000,13118000000,14954000000,14235000000,14424000000,12781000000,14607000000,14631000000,14317000000,14676000000,15795000000,15805000000,15740000000,14409000000,14966000000,14151000000,13026000000,12189000000,11348000000,10798000000,10981000000,9856000000,8604000000,8349000000,7991000000,7440000000,8415000000,8204000000,8085000000,9115000000,8624000000,8414000000,11229000000,9771000000,12787000000,12278000000,11837000000,13184000000,11793000000,12883000000,13707000000,15388000000,16653000000,17925000000,15272000000,18981000000,18915000000,18960000000,19206000000,18008000000,16196000000,16092000000,15000000000,11983000000,10583000000,9440000000,7355000000
226,리스사,10238,신한캐피탈㈜,B,SK104,요약재무상태표(부채 및 자본)(08.03월 이후),A1224,기타부채_기타의 부채_미지급금,1193000000,1099000000,7133000000,3415000000,2444000000,2370000000,2789000000,2877000000,6282000000,9393000000,2749000000,7171000000,23609000000,3601000000,3501000000,10043000000,3419000000,3839000000,3767000000,3213000000,8693000000,4962000000,3642000000,4595000000,4235000000,5846000000,2761000000,3295000000,3314000000,4316000000,2574000000,4408000000,2420000000,2929000000,2522000000,2858000000,2749000000,3710000000,1575000000,4428000000,2940000000,3742000000,1644000000,2679000000,3427000000,3689000000,3951000000,5910000000,5275000000,5535000000,5018000000,8563000000,8118000000,7510000000,8367000000,20460000000,11151000000,12808000000,12113000000,16146000000,14049000000,12605000000,12839000000,18372000000,90942000000,12651000000,16044000000,18436000000
227,리스사,10238,신한캐피탈㈜,B,SK104,요약재무상태표(부채 및 자본)(08.03월 이후),A1225,기타부채_기타의 부채_미지급비용,32066000000,33155000000,38340000000,40960000000,45837000000,49223000000,59158000000,55643000000,55396000000,59929000000,63413000000,65447000000,53268000000,32303000000,16388000000,19753000000,15090000000,19111000000,15729000000,15213000000,10761000000,12750000000,10830000000,14097000000,10679000000,13114000000,11916000000,14336000000,11372000000,13065000000,12591000000,12722000000,10458000000,10504000000,11940000000,11300000000,10823000000,12165000000,13935000000,17138000000,13689000000,16976000000,19585000000,24326000000,19634000000,22062000000,22791000000,28246000000,21083000000,23495000000,27957000000,31151000000,23770000000,27012000000,33717000000,37496000000,30450000000,35508000000,39012000000,54976000000,42705000000,46835000000,57050000000,66489000000,58098000000,61798000000,53897000000,55417000000
228,리스사,10238,신한캐피탈㈜,B,SK104,요약재무상태표(부채 및 자본)(08.03월 이후),A1226,기타부채_기타의 부채_미지급법인세,7803000000,14185000000,15750000000,19412000000,19490000000,11308000000,298000000,0,5701000000,-3418000000,-1000000,674000000,0,0, ,0,13906000000,2308000000,3394000000,41000000,2427000000,8795000000,4000000000,7991000000,17543000000,11391000000,7720000000,14791000000,15513000000,897000000, , ,4479000000,9070000000,3690000000,6482000000,12627000000,15301000000,19601000000,16530000000,17687000000,9723000000,18595000000,22629000000,32981000000,15440000000,10142000000,18555000000,30090000000,15106000000,33368000000,41470000000,59572000000,29592000000,30561000000,63474000000,87065000000,49854000000,38214000000,49490000000,66364000000,51766000000,42496000000,25629000000,32454000000,16542000000,28152000000,10347000000
229,리스사,10238,신한캐피탈㈜,B,SK104,요약재무상태표(부채 및 자본)(08.03월 이후),A1227,기타부채_기타의 부채_선불카드수탁금,0,0,0,0,0,0,0,0,0,0,0,0,0,0, , , , , , , , , , , , , , , , , , , , , , , , , , , , , , , , , , , ,0,0, , , , , , , , , , , , , , , , ,0
230,리스사,10238,신한캐피탈㈜,B,SK104,요약재무상태표(부채 및 자본)(08.03월 이후),A1228,기타부채_기타의 부채_부가세예수금,0,0,0,0,0,0,0,0,0,0,0,0,0,0, , , , , , , , , , , , , ,146000000, ,8000000, ,92000000,65000000,30000000,36000000,25000000, ,5000000, ,108000000,20000000,25000000,7000000,31000000,19000000,99000000,71000000,176000000,200000000,184000000,169000000,266000000,51000000,78000000, ,117000000,74000000,110000000,5000000,8000000,10000000, ,4000000,38000000,5000000,5000000, ,11000000
231,리스사,10238,신한캐피탈㈜,B,SK104,요약재무상태표(부채 및 자본)(08.03월 이후),A1229,기타부채_기타의 부채_선물환거래대,0,0,0,0,0,0,0,0,0,0,0,0,0,0, , , , , , , , , , , , , , , , , , , , , , , , , , , , , , , , , , , ,0,0, , , , , , , , , , , , , , , , ,0
232,리스사,10238,신한캐피탈㈜,B,SK104,요약재무상태표(부채 및 자본)(08.03월 이후),A122A,기타부채_기타의 부채_파생상품부채,0,0,0,836000000,880000000,26000000,48000000,0,529000000,235000000,1066000000,699000000,1100000000,100000000,100000000,517000000,270000000,114000000,778000000,1020000000,1266000000,773000000,553000000,503000000,470000000,488000000,736000000,1431000000,682000000,511000000,547000000,370000000,672000000,614000000,559000000,1610000000,4998000000,3810000000,3262000000,10574000000,6911000000,4940000000,4776000000,3934000000,10000000,132000000,2686000000,959000000,7914000000,1105000000,983000000,429000000,685000000,621000000, , , ,1365000000, ,3513000000,2769000000,772000000,159000000,2058000000,1116000000,1251000000,28651000000,2122000000
233,리스사,10238,신한캐피탈㈜,B,SK104,요약재무상태표(부채 및 자본)(08.03월 이후),A122B,기타부채_기타의 부채_옵션수입프리미엄,0,0,0,0,0,0,0,0,0,0,0,0,0,0, , , , , , , , , , , , , , , , , , , , , , , , , , , , , , , , , , , ,0,0, , , , , , , , , , , , , , , , ,0
234,리스사,10238,신한캐피탈㈜,B,SK104,요약재무상태표(부채 및 자본)(08.03월 이후),A122C,기타부채_기타의 부채_이연리스수익,0,0,0,0,0,0,0,0,0,0,0,0,0,0, , , , , , , , , , , , , , , , , , , , , , , , , , , , , , , , , , , ,0,0, , , , , , , , , , , , , , , , ,0
235,리스사,10238,신한캐피탈㈜,B,SK104,요약재무상태표(부채 및 자본)(08.03월 이후),A122D,기타부채_기타의 부채_기타의 유동부채,0,0,0,0,0,0,0,0,0,0,0,0,0,0, , , , , , , , , , , , , , , , , , , , , , , , , , , , , , , , , , , ,0,0, , , , , , , , , , , , , , , , ,0
236,리스사,10238,신한캐피탈㈜,B,SK104,요약재무상태표(부채 및 자본)(08.03월 이후),A122E,기타부채_유동성 장기부채,33286000000,32558000000,31288000000,30812000000,0,0,0,0,0,0,0,0,0,0, , , , , , , , , , , , , , , , , , , , , , , , , , , , , , , , , , , ,0,0, , , , , , , , , , , , , , , , ,0
237,리스사,10238,신한캐피탈㈜,B,SK104,요약재무상태표(부채 및 자본)(08.03월 이후),A123,기타부채_리스보증금,57559000000,49027000000,52131000000,50505000000,82320000000,82886000000,86880000000,87912000000,86522000000,89568000000,96512000000,100960000000,96830000000,107734000000,114098000000,115403000000,114914000000,115089000000,119276000000,122905000000,131193000000,141756000000,147644000000,151557000000,159470000000,160167000000,162748000000,167905000000,170153000000,172092000000,173670000000,170138000000,160316000000,152406000000,140534000000,136544000000,130003000000,124502000000,117391000000,113313000000,107922000000,101106000000,94959000000,90129000000,87525000000,88431000000,87617000000,85758000000,84141000000,85517000000,82441000000,75890000000,70598000000,65915000000,62159000000,55401000000,49936000000,45114000000,40838000000,35729000000,31105000000,26020000000,23435000000,19997000000,17237000000,12194000000,10221000000,8360000000
238,리스사,10238,신한캐피탈㈜,B,SK104,요약재무상태표(부채 및 자본)(08.03월 이후),A124,기타부채_보 증 금,0,0,0,17000000,2574000000,2689000000,2805000000,802000000,2160000000,1049000000,1260000000,1550000000,0,0, ,1055000000,1114000000,947000000,659000000,1044000000,948000000,490000000,562000000,750000000,560000000,423000000,377000000,368000000,374000000,371000000,360000000,365000000,359000000,414000000,440000000,437000000,92000000,92000000,91000000,91000000,91000000,91000000,91000000,64000000,64000000,9000000,9000000,9000000,8000000,8000000,8000000,8000000,8000000,8000000,8000000,8000000,8000000,8000000,8000000,8000000,8000000,8000000,8000000,8000000,8000000,8000000,8000000,8000000
239,리스사,10238,신한캐피탈㈜,B,SK104,요약재무상태표(부채 및 자본)(08.03월 이후),A1240,기타부채_보 증 금_상환이행보증금,0,0,0,17000000,2574000000,2689000000,2805000000,802000000,2160000000,1049000000,1260000000,1550000000,0,0, ,1055000000,1114000000,947000000,659000000,1044000000,948000000,490000000,562000000,750000000,560000000,423000000,377000000,368000000,374000000,371000000,360000000,365000000,359000000,414000000,440000000,437000000,92000000,92000000,91000000,91000000,91000000,91000000,91000000,64000000,64000000,9000000,9000000,9000000,8000000,8000000,8000000,8000000,8000000,8000000,8000000,8000000,8000000,8000000,8000000,8000000,8000000,8000000,8000000,8000000,8000000,8000000,8000000,8000000
240,리스사,10238,신한캐피탈㈜,B,SK104,요약재무상태표(부채 및 자본)(08.03월 이후),A1241,기타부채_보 증 금_임대보증금,0,0,0,0,0,0,0,0,0,0,0,0, ,0, , , , , , , , , , , , , , , , , , , , , , , , , , , , , , , , , , , ,0,0, , , , , , , , , , , , , , , , ,0
241,리스사,10238,신한캐피탈㈜,B,SK104,요약재무상태표(부채 및 자본)(08.03월 이후),A1242,기타부채_보 증 금_기타보증금,0,0,0,0,0,0,0,0,0,0,0,0, ,0, , , , , , , , , , , , , , , , , , , , , , , , , , , , , , , , , , , ,0,0, , , , , , , , , , , , , , , , ,0
242,리스사,10238,신한캐피탈㈜,B,SK104,요약재무상태표(부채 및 자본)(08.03월 이후),A125,기타부채_퇴직급여채무,2167000000,2348000000,2613000000,2842000000,2991000000,2818000000,2967000000,3102000000,3019000000,3171000000,3483000000,3718000000,4317000000,4550000000,4792000000,5807000000,5804000000,6087000000,7079000000,6814000000,6770000000,5602000000,5764000000,6955000000,7330000000,8498000000,8747000000,10113000000,10481000000,10480000000,10913000000,11237000000,11606000000,12849000000,13217000000,11956000000,12340000000,12341000000,12754000000,14183000000,14471000000,17804000000,18430000000,19238000000,19878000000,22595000000,23119000000,23580000000,23885000000,24581000000,25426000000,25259000000,26420000000,26337000000,27233000000,24246000000,23758000000,21078000000,21956000000,19675000000,20614000000,22122000000,22994000000,23182000000,21969000000,24436000000,25366000000,0
243,리스사,10238,신한캐피탈㈜,B,SK104,요약재무상태표(부채 및 자본)(08.03월 이후),A1250,기타부채_퇴직급여채무_(미인식보험수리적손익) (+-),,,,,,,,,,,,, ,0, , , , , , , , , , , , , , , , , , , , , , , , , , , , , , , , , , , , , , , , , , , , , , , , , , , , , ,0
244,리스사,10238,신한캐피탈㈜,B,SK104,요약재무상태표(부채 및 자본)(08.03월 이후),A1251,기타부채_퇴직급여채무_(미인식과거근무원가) (-),,,,,,,,,,,,, ,0, , , , , , , , , , , , , , , , , , , , , , , , , , , , , , , , , , , , , , , , , , , , , , , , , , , , , ,0
245,리스사,10238,신한캐피탈㈜,B,SK104,요약재무상태표(부채 및 자본)(08.03월 이후),A1252,기타부채_퇴직급여채무_(퇴직급여사외적립자산) (-),,,,,,,,,,,,,2627000000,2645000000,2670000000,3985000000,3778000000,3792000000,3842000000,4324000000,4115000000,4130000000,4046000000,4828000000,4879000000,4893000000,4943000000,7401000000,7415000000,7412000000,7410000000,8061000000,7863000000,7823000000,7818000000,9126000000,9178000000,8758000000,8800000000,10328000000,10231000000,10157000000,10241000000,14525000000,14361000000,14335000000,14301000000,14749000000,14272000000,14082000000,14180000000,16892000000,16578000000,16540000000,16642000000,19618000000,16859000000,16634000000,16777000000,19501000000,19022000000,19203000000,19478000000,22836000000,20989000000,20902000000,21110000000,0
246,리스사,10238,신한캐피탈㈜,B,SK104,요약재무상태표(부채 및 자본)(08.03월 이후),A126,기타부채_지급보증충당금,0,0,0,0,0,0,0,0,0,0,0,0,147000000,1329000000,1325000000,1178000000,1039000000,921000000,764000000,727000000,629000000,524000000,368000000,240000000,120000000, , , , ,7000000,7000000, , , , , , , , , , , , , , , , ,13000000, ,0,0,43000000,181000000, ,193000000,217000000,193000000, ,191000000,189000000,495000000,488000000,589000000, ,415000000,420000000, ,171000000
247,리스사,10238,신한캐피탈㈜,B,SK104,요약재무상태표(부채 및 자본)(08.03월 이후),A127,기타부채_포인트충당부채,0,0,0,0,0,0,0,0,0,0,0,0, ,0, , , , , , , , , , , , , , , , , , , , , , , , , , , , , , , , , , , ,0,0, , , , , , , , , , , , , , , , ,0
248,리스사,10238,신한캐피탈㈜,B,SK104,요약재무상태표(부채 및 자본)(08.03월 이후),A128,기타부채_미지급배당금,0,0,0,0,0,0,0,0,0,0,0,0, ,0, , , , , , , , , , , , , , , , , , , , , , , , , , , , , , , , , , , ,0,0, , , , , , , , , , , , , , , , ,0
249,리스사,10238,신한캐피탈㈜,B,SK104,요약재무상태표(부채 및 자본)(08.03월 이후),A129,기타부채_이연법인세부채,3769000000,1390000000,0,0,0,0,0,0,0,0,0,0,0,0, , , , , , , , , , , , , , , , , , , , , , , , , , , , , , , , , , , ,0,0, , , , , , , , , , , , , , ,4076000000, ,0
250,리스사,10238,신한캐피탈㈜,B,SK104,요약재무상태표(부채 및 자본)(08.03월 이후),A12A,기타부채_외화환산대,0,0,0,0,0,0,0,0,0,0,0,0, ,0, , , , , , , , , , , , , , , , , , , , , , , , , , , , , , , , , , , ,0,0, , , , , , , , , , , , , , , , ,0
251,리스사,10238,신한캐피탈㈜,B,SK104,요약재무상태표(부채 및 자본)(08.03월 이후),A12B,기타부채_미사용약정충당금,0,0,0,0,0,0,0,0,0,0,0,0, ,0, , , , , , , , , , , , , , , , , , , , , , , , , , , , , , , , , ,150000000,252000000,139000000,1079000000,1556000000,2037000000,2366000000,2033000000,3241000000,1592000000,1199000000,1190000000,557000000,869000000,1548000000,630000000,832000000,874000000,553000000,545000000,606000000
252,리스사,10238,신한캐피탈㈜,B,SK104,요약재무상태표(부채 및 자본)(08.03월 이후),A12C,기타부채_이자율위험포트폴리오위험회피 대상의 공정가액변동부채,,,,,,,,,,,,, ,0, , , , , , , , , , , , , , , , , , , , , , , , , , , , , , , , , , , , , , , , , , , , , , , , , , , , , ,0
253,리스사,10238,신한캐피탈㈜,B,SK104,요약재무상태표(부채 및 자본)(08.03월 이후),A12D,기타부채_기타의 기타부채,0,0,0,0,0,0,0,0,0,0,0,0,54000000,54000000,55000000,56000000,57000000,58000000,59000000,60000000,61000000,97000000,98000000,100000000,100000000,100000000,94000000,129000000,129000000,1145000000,1145000000,131000000,132000000,412000000,438000000,594000000,357000000,215000000,227000000,302000000,304000000,307000000,322000000,235000000,237000000,245000000,246000000,252000000,253000000,278000000,280000000,282000000,301000000,325000000,333000000,380000000,424000000,448000000,425000000,500000000,528000000,534000000,541000000,529000000,534000000,518000000,485000000,877000000
254,리스사,10238,신한캐피탈㈜,B,SK104,요약재무상태표(부채 및 자본)(08.03월 이후),A13,요구불상환지분,,,,,,,,,,,,, ,0, , , , , , , , , , , , , , , , , , , , , , , , , , , , , , , , , , , , , , , , , , , , , , , , , , , , , ,0
255,리스사,10238,신한캐피탈㈜,B,SK104,요약재무상태표(부채 및 자본)(08.03월 이후),A130,요구불상환지분_상환우선주,,,,,,,,,,,,, ,0, , , , , , , , , , , , , , , , , , , , , , , , , , , , , , , , , , , , , , , , , , , , , , , , , , , , , ,0
256,리스사,10238,신한캐피탈㈜,B,SK104,요약재무상태표(부채 및 자본)(08.03월 이후),A131,요구불상환지분_기타,,,,,,,,,,,,, ,0, , , , , , , , , , , , , , , , , , , , , , , , , , , , , , , , , , , , , , , , , , , , , , , , , , , , , ,0
257,리스사,10238,신한캐피탈㈜,B,SK104,요약재무상태표(부채 및 자본)(08.03월 이후),A2,자본,335722000000,361932000000,370630000000,364056000000,351698000000,366447000000,384692000000,398228000000,412872000000,424093000000,439758000000,467015000000,432559000000,442100000000,461120000000,480339000000,486964000000,487337000000,495394000000,472314000000,483605000000,500493000000,507147000000,519751000000,526511000000,548605000000,550851000000,570433000000,579221000000,604222000000,609719000000,618120000000,615019000000,634368000000,640654000000,644365000000,637234000000,679589000000,690551000000,708333000000,670710000000,708023000000,731820000000,748373000000,777102000000,799474000000,928996000000,952382000000,975872000000,1114276000000,1161994000000,1178121000000,1213670000000,1429242000000,1650492000000,1716640000000,1769599000000,1864165000000,1940012000000,1960265000000,1991270000000,2086060000000,2182619000000,2194810000000,2177619000000,2216107000000,2261334000000,2227292000000
258,리스사,10238,신한캐피탈㈜,B,SK104,요약재무상태표(부채 및 자본)(08.03월 이후),A21,자본금,180000000000,180000000000,180000000000,180000000000,180000000000,180000000000,180000000000,180000000000,180000000000,180000000000,180000000000,180000000000,180000000000,180000000000,180000000000,180000000000,180000000000,180000000000,180000000000,180000000000,180000000000,180000000000,180000000000,180000000000,180000000000,180000000000,180000000000,180000000000,180000000000,180000000000,180000000000,180000000000,180000000000,180000000000,180000000000,180000000000,180000000000,180000000000,180000000000,180000000000,180000000000,180000000000,180000000000,180000000000,180000000000,180000000000,279811000000,279811000000,279811000000,379695000000,379695000000,379695000000,379695000000,529695000000,679661000000,679661000000,679661000000,679661000000,679661000000,679532000000,679532000000,679532000000,679532000000,679532000000,679532000000,679532000000,679534000000,679534000000
259,리스사,10238,신한캐피탈㈜,B,SK104,요약재무상태표(부채 및 자본)(08.03월 이후),A210,자본금_보통주자본금,180000000000,180000000000,180000000000,180000000000,180000000000,180000000000,180000000000,180000000000,180000000000,180000000000,180000000000,180000000000,180000000000,180000000000,180000000000,180000000000,180000000000,180000000000,180000000000,180000000000,180000000000,180000000000,180000000000,180000000000,180000000000,180000000000,180000000000,180000000000,180000000000,180000000000,180000000000,180000000000,180000000000,180000000000,180000000000,180000000000,180000000000,180000000000,180000000000,180000000000,180000000000,180000000000,180000000000,180000000000,180000000000,180000000000,279811000000,279811000000,279811000000,379695000000,379695000000,379695000000,379695000000,529695000000,679661000000,679661000000,679661000000,679661000000,679661000000,679532000000,679532000000,679532000000,679532000000,679532000000,679532000000,679532000000,679534000000,679534000000
260,리스사,10238,신한캐피탈㈜,B,SK104,요약재무상태표(부채 및 자본)(08.03월 이후),A211,자본금_우선주자본금,0,0,0,0,0,0,0,0,0,0,0,0, ,0, , , , , , , , , , , , , , , , , , , , , , , , , , , , , , , , , , , ,0,0, , , , , , , , , , , , , , , , ,0
261,리스사,10238,신한캐피탈㈜,B,SK104,요약재무상태표(부채 및 자본)(08.03월 이후),A212,자본금_신주청약증거금,0,0,0,0,0,0,0,0,0,0,0,0, ,0, , , , , , , , , , , , , , , , , , , , , , , , , , , , , , , , , , , ,0,0, , , , , , , , , , , , , , , , ,0
262,리스사,10238,신한캐피탈㈜,B,SK104,요약재무상태표(부채 및 자본)(08.03월 이후),A22,자본잉여금,3078000000,3123000000,3123000000,3123000000,3123000000,3123000000,3123000000,3122000000,3122000000,3122000000,3123000000,3122000000,3123000000,3122000000,3123000000,3123000000,3123000000,3123000000,3123000000,3123000000,3123000000,3123000000,3123000000,3123000000,3123000000,3123000000,3123000000,3123000000,3123000000,3123000000,3123000000,3123000000,3123000000,3123000000,3123000000,3123000000,3123000000,3123000000,3123000000,3123000000,3123000000,3123000000,3123000000,3123000000,3123000000,3123000000,3123000000,3123000000,3123000000,3123000000,3123000000,3123000000,3123000000,3123000000,3123000000,3123000000,3123000000,3123000000,3123000000,3123000000,3123000000,3123000000,3123000000,3123000000,3123000000,3123000000,3123000000,3123000000
263,리스사,10238,신한캐피탈㈜,B,SK104,요약재무상태표(부채 및 자본)(08.03월 이후),A220,자본잉여금_주식발행초과금,0,0,0,0,0,0,0,0,0,0,0,0,0,0, , , , , , , , , , , , , , , , , , , , , , , , , , , , , , , , , , , ,0,0, , , , , , , , , , , , , , , , ,0
264,리스사,10238,신한캐피탈㈜,B,SK104,요약재무상태표(부채 및 자본)(08.03월 이후),A221,자본잉여금_감자차익,0,0,0,0,0,0,0,0,0,0,0,0,0,0, , , , , , , , , , , , , , , , , , , , , , , , , , , , , , , , , , , ,0,0, , , , , , , , , , , , , , , , ,0
265,리스사,10238,신한캐피탈㈜,B,SK104,요약재무상태표(부채 및 자본)(08.03월 이후),A222,자본잉여금_기타자본잉여금,3078000000,3123000000,3123000000,3123000000,3123000000,3123000000,3123000000,3122000000,3122000000,3122000000,3123000000,3122000000,3123000000,3122000000,3123000000,3123000000,3123000000,3123000000,3123000000,3123000000,3123000000,3123000000,3123000000,3123000000,3123000000,3123000000,3123000000,3123000000,3123000000,3123000000,3123000000,3123000000,3123000000,3123000000,3123000000,3123000000,3123000000,3123000000,3123000000,3123000000,3123000000,3123000000,3123000000,3123000000,3123000000,3123000000,3123000000,3123000000,3123000000,3123000000,3123000000,3123000000,3123000000,3123000000,3123000000,3123000000,3123000000,3123000000,3123000000,3123000000,3123000000,3123000000,3123000000,3123000000,3123000000,3123000000,3123000000,3123000000
266,리스사,10238,신한캐피탈㈜,B,SK104,요약재무상태표(부채 및 자본)(08.03월 이후),A23,이익잉여금(결손금),145781000000,170134000000,185265000000,195431000000,180999000000,190365000000,204873000000,208686000000,223114000000,232357000000,247595000000,264633000000,239387000000,247027000000,265341000000,280045000000,283224000000,288496000000,295911000000,279699000000,293504000000,304562000000,317217000000,330537000000,337315000000,354882000000,362740000000,377579000000,385501000000,408091000000,413733000000,418467000000,413401000000,431127000000,440919000000,444693000000,441063000000,468226000000,488568000000,509279000000,491216000000,529950000000,554284000000,571813000000,601497000000,625588000000,655130000000,679294000000,701991000000,740092000000,787609000000,803000000000,838968000000,905314000000,976792000000,1041804000000,1096337000000,1187641000000,1258788000000,1280845000000,1316192000000,1411576000000,1506676000000,1520808000000,1503044000000,1543125000000,1591077000000,1555293000000
267,리스사,10238,신한캐피탈㈜,B,SK104,요약재무상태표(부채 및 자본)(08.03월 이후),A230,이익잉여금(결손금)_이익준비금,6042000000,6042000000,6042000000,6042000000,8541000000,8541000000,8541000000,8541000000,8541000000,8541000000,8541000000,8541000000,10040000000,10041000000,10041000000,10041000000,10541000000,10541000000,10541000000,10541000000,10586000000,10586000000,317217000000,10586000000,11076000000,11076000000,11076000000,11076000000,11595000000,11595000000,11595000000,11595000000,12360000000,12360000000,12360000000,12360000000,14472000000,14472000000,14472000000,14472000000,19506000000,19506000000,19506000000,19506000000,21054000000,21054000000,21054000000,21054000000,22944000000,22944000000,22944000000,22944000000,25350000000,25350000000,25350000000,25350000000,29471000000,29471000000,29471000000,29471000000,34020000000,34020000000,34020000000,34020000000,41621000000,41621000000,41621000000,41621000000
268,리스사,10238,신한캐피탈㈜,B,SK104,요약재무상태표(부채 및 자본)(08.03월 이후),A231,이익잉여금(결손금)_기업합리화적립금,0,0,0,0,0,0,0,0,0,0,0,0,0,0, , , , , , , , , , , , , , , , , , , , , , , , , , , , , , , , , , , ,0,0, , , , , , , , , , , , , , , , ,0
269,리스사,10238,신한캐피탈㈜,B,SK104,요약재무상태표(부채 및 자본)(08.03월 이후),A232,이익잉여금(결손금)_투융자손실준비금,0,0,0,0,0,0,0,0,0,0,0,0,0,0, , , , , , , , , , , , , , , , , , , , , , , , , , , , , , , , , , , ,0,0, , , , , , , , , , , , , , , , ,0
270,리스사,10238,신한캐피탈㈜,B,SK104,요약재무상태표(부채 및 자본)(08.03월 이후),A233,이익잉여금(결손금)_기타 법정적립금,0,0,0,0,0,0,0,0,0,0,0,0,0,0, , , , , , , , , , , , , , , , , , , , , , , , , , , , , , , , , , , ,0,0, , , , , , , , , , , , , , , , ,0
271,리스사,10238,신한캐피탈㈜,B,SK104,요약재무상태표(부채 및 자본)(08.03월 이후),A234,이익잉여금(결손금)_임의적립금,22852000000,22852000000,22852000000,22852000000,0,0,0,0,0,0,0,0,0,0, , , , , , , , , , , , , , , , , , , , , , , , , , , , , , , , , , , ,0,0, , , , , , , , , , , , , , , , ,0
272,리스사,10238,신한캐피탈㈜,B,SK104,요약재무상태표(부채 및 자본)(08.03월 이후),A235,이익잉여금(결손금)_해외투자손실준비금,0,0,0,0,0,0,0,0,0,0,0,0,0,0, , , , , , , , , , , , , , , , , , , , , , , , , , , , , , , , , , , ,0,0, , , , , , , , , , , , , , , , ,0
273,리스사,10238,신한캐피탈㈜,B,SK104,요약재무상태표(부채 및 자본)(08.03월 이후),A236,이익잉여금(결손금)_미처분이익잉여금(미처리결손금),116887000000,141240000000,156371000000,166537000000,172458000000,181824000000,196332000000,200145000000,214573000000,223816000000,239054000000,256092000000,229347000000,236986000000,255300000000,270004000000,272683000000,277955000000,285370000000,269159000000,282918000000,293976000000, ,319951000000,326239000000,343806000000,314559000000,314559000000,360792000000,344062000000,343136000000,360792000000,398465000000,398465000000,398465000000,432334000000,426591000000,453754000000,474096000000,494807000000,445702000000,446608000000,446464000000,446255000000,535278000000,535076000000,534518000000,533829000000,636489000000,634867000000,633014000000,631164000000,751779000000,750026000000,747278000000,744398000000,968051000000,964894000000,961801000000,958713000000,1198281000000,1135508000000,1145796000000,1151907000000,1293928000000,1208616000000,1206374000000,1289952000000
274,리스사,10238,신한캐피탈㈜,B,SK104,요약재무상태표(부채 및 자본)(08.03월 이후),A237,이익잉여금(결손금)_대손준비금,,,,,,,,,,,,, ,0, , , , , , , , , , , , , , , ,16730000000,17655000000, , , , , , , , , , , , , , , , , , , , , , , , , , , , , , ,59618000000,46215000000,37015000000,106127000000,188333000000,187292000000,100205000000
275,리스사,10238,신한캐피탈㈜,B,SK104,요약재무상태표(부채 및 자본)(08.03월 이후),A238,이익잉여금(결손금)_(당기순손익), , , , , , , , , , , , , ,0, , , , , , , , , , , , ,37105000000,51944000000,13114000000,35704000000,41346000000,46080000000,2577000000,20303000000,30095000000,34121000000,19150000000,46470000000,66733000000,87092000000,26008000000,63835000000,88313000000,106052000000,45165000000,69458000000,99557000000,124410000000,124410000000,82281000000,131650000000,148892000000,61839000000,129938000000,204165000000,272056000000,98815000000,193276000000,267516000000,292662000000,83891000000,182430000000,280644000000,297866000000,61368000000,104555000000,155790000000,123515000000
276,리스사,10238,신한캐피탈㈜,B,SK104,요약재무상태표(부채 및 자본)(08.03월 이후),A24,자본조정,-332000000,-332000000,-332000000,-332000000,-166000000,-166000000,-166000000,-166000000,0,0,0,0,-4000000,-66000000,44000000,85000000,27000000,115000000,169000000,166000000,66000000,77000000,16000000,-19000000,-35000000,-42000000,-69000000,-26000000,23000000,43000000,46000000,100000000,70000000,161000000,125000000,-73000000,-63000000,-18000000,-63000000,74000000,193000000,283000000,214000000,422000000,228000000,73000000,225000000,156000000,813000000,820000000,944000000,753000000,614000000,-207000000,-200000000,-94000000,-170000000,-108000000,-48000000,-93000000,-96000000,-96000000,-96000000,-96000000,-96000000,-96000000,-356000000,-356000000
277,리스사,10238,신한캐피탈㈜,B,SK104,요약재무상태표(부채 및 자본)(08.03월 이후),A240,자본조정_주식할인발행차금,-332000000,-332000000,-332000000,-332000000,-166000000,-166000000,-166000000,-166000000,0,0,0,0,0,0, , , , , , , , , , , , , , , , , , , , , , , , , , , , , , , , , , , ,0,0, , ,-720000000,-720000000,-720000000,-720000000,-720000000,-720000000,-720000000,-720000000,-720000000,-720000000,-720000000,-720000000,-720000000,-720000000,-720000000
278,리스사,10238,신한캐피탈㈜,B,SK104,요약재무상태표(부채 및 자본)(08.03월 이후),A241,자본조정_배당건설이자,0,0,0,0,0,0,0,0,0,0,0,0,0,0, , , , , , , , , , , , , , , , , , , , , , , , , , , , , , , , , , , ,0,0, , , , , , , , , , , , , , , , ,0
279,리스사,10238,신한캐피탈㈜,B,SK104,요약재무상태표(부채 및 자본)(08.03월 이후),A242,자본조정_자기주식,0,0,0,0,0,0,0,0,0,0,0,0,0,0, , , , , , , , , , , , , , , , , , , , , , , , , , , , , , , , , , , ,0,0, , , , , , , , , , , , , , , , ,0
280,리스사,10238,신한캐피탈㈜,B,SK104,요약재무상태표(부채 및 자본)(08.03월 이후),A243,자본조정_주식매수선택권,0,0,0,0,0,0,0,0,0,0,0,0,-4000000,-66000000,434000000,85000000,27000000,115000000,169000000,166000000,66000000,77000000,16000000,-19000000,-31000000,-37000000,-64000000,-21000000,30000000,49000000,53000000,107000000,82000000,174000000,137000000,-61000000,-39000000,6000000,-40000000,98000000,234000000,325000000,255000000,464000000,170000000,15000000,172000000,102000000,757000000,764000000,888000000,696000000,275000000,174000000,181000000,287000000,30000000,92000000,152000000,104000000, , , , , , , ,0
281,리스사,10238,신한캐피탈㈜,B,SK104,요약재무상태표(부채 및 자본)(08.03월 이후),A244,자본조정_미교부주식배당금,0,0,0,0,0,0,0,0,0,0,0,0,0,0, , , , , , , , , , , , , , , , , , , , , , , , , , , , , , , , , , , ,0,0, , , , , , , , , , , , , , , , ,0
282,리스사,10238,신한캐피탈㈜,B,SK104,요약재무상태표(부채 및 자본)(08.03월 이후),A245,자본조정_기타 자본조정,0,0,0,0,0,0,0,0,0,0,0,0,0,0, , , , , , , , , , ,-5000000,-5000000,-5000000,-5000000,-7000000,-7000000,-7000000,-7000000,-12000000,-12000000,-12000000,-12000000,-24000000,-24000000,-24000000,-24000000,-42000000,-42000000,-42000000,-42000000,57000000,57000000,54000000,54000000,56000000,56000000,56000000,56000000,339000000,339000000,339000000,339000000,520000000,520000000,520000000,523000000,624000000,624000000,624000000,624000000,624000000,624000000,364000000,364000000
283,리스사,10238,신한캐피탈㈜,B,SK104,요약재무상태표(부채 및 자본)(08.03월 이후),A25,기타포괄손익누계액,7195000000,9007000000,2574000000,-14166000000,-12258000000,-6875000000,-3138000000,6586000000,6636000000,8614000000,9040000000,19260000000,10053000000,12017000000,12612000000,17087000000,20591000000,15604000000,16192000000,9326000000,6913000000,12731000000,6791000000,6111000000,6109000000,10642000000,5056000000,9757000000,10575000000,12966000000,12818000000,16430000000,18426000000,19957000000,16487000000,16622000000,13111000000,28258000000,18923000000,15857000000,-3822000000,-5333000000,-5801000000,-6985000000,-7746000000,-9310000000,-9293000000,-10002000000,-9866000000,-9454000000,-9377000000,-8450000000,-8730000000,-8683000000,-8884000000,-7854000000,-9352000000,-6152000000,-1512000000,-3142000000,-7481000000,-8075000000,-6616000000,-8557000000,-7984000000,-9577000000,-12044000000,-10302000000
284,리스사,10238,신한캐피탈㈜,B,SK104,요약재무상태표(부채 및 자본)(08.03월 이후),A250,기타포괄손익누계액_매도가능금융자산평가이익,8631000000,9846000000,3753000000,-12440000000,-11337000000,-7034000000,-3112000000,6615000000,7012000000,8543000000,9321000000,19671000000,10024000000,12013000000,12868000000,16923000000,20771000000,15970000000,16824000000,10104000000,8968000000,13304000000,6353000000,7201000000,7494000000,12752000000,12096000000,13661000000,13006000000,15924000000,16149000000,16286000000,16856000000,18464000000,17093000000,15158000000,15697000000,26267000000,19634000000,14893000000,383000000,508000000,304000000,278000000,242000000,194000000,169000000,127000000,118000000,457000000,512000000,1125000000,1089000000,592000000,471000000,429000000,269000000,225000000,187000000,211000000,207000000,308000000,327000000,4392000000,4796000000,6037000000,8385000000,8519000000
285,리스사,10238,신한캐피탈㈜,B,SK104,요약재무상태표(부채 및 자본)(08.03월 이후),A251,기타포괄손익누계액_매도가능금융자산평가손실,0,0,0,0,0,0,0,0,0,0,0,0, ,0, , , , , , , , , , , , ,-3757000000,-2549000000,-2661000000,-6186000000,-5539000000,-2613000000,-2554000000,-2718000000,-2605000000,-3791000000,-3733000000,-4395000000,-3792000000,-4613000000,-2986000000,-2986000000,-2881000000,-2881000000,-2881000000,-2679000000,-2679000000,-2919000000,-2951000000,-2983000000,-2954000000,-2985000000,-3259000000,-3382000000,-3504000000,-3729000000,-5109000000,-6241000000,-7041000000,-6295000000,-5549000000,-6987000000,-7948000000,-7873000000,-8388000000,-8681000000,-8415000000,-8722000000
286,리스사,10238,신한캐피탈㈜,B,SK104,요약재무상태표(부채 및 자본)(08.03월 이후),A252,기타포괄손익누계액_해외사업환산이익,0,0,0,0,0,0,0,0,0,0,0,0, ,0, , , , , , , , , , , , , , , , , , , , , , , , , , , , , , , , , , , ,0,0, , , , , , , , , , , , , , , , ,0
287,리스사,10238,신한캐피탈㈜,B,SK104,요약재무상태표(부채 및 자본)(08.03월 이후),A253,기타포괄손익누계액_해외사업환산손실,0,0,0,0,0,0,0,0,0,0,0,0, ,0, , , , , , , , , , , , , , , , , , , , , , , , , , , , , , , , , , , ,0,0, , , , , , , , , , , , , , , , ,0
288,리스사,10238,신한캐피탈㈜,B,SK104,요약재무상태표(부채 및 자본)(08.03월 이후),A254,기타포괄손익누계액_현금흐름위험회피 파생상품평가이익,-978000000,-367000000,-597000000,-759000000,-413000000,-47000000,0,0,0,0,0,0,0,0, , , , , , , , , , , , , , , , , ,96000000,123000000,136000000,236000000,309000000,719000000,715000000,902000000,1093000000,1381000000,1809000000,1366000000,1212000000,168000000,37000000,78000000,20000000,197000000,83000000,76000000,136000000, ,12000000,55000000,68000000,111000000,2819000000,7683000000,4097000000,743000000,2052000000,3989000000,292000000,399000000,20000000, ,0
289,리스사,10238,신한캐피탈㈜,B,SK104,요약재무상태표(부채 및 자본)(08.03월 이후),A255,기타포괄손익누계액_현금흐름위험회피 파생상품평가손실,0,0,0,0,0,0,0,0,0,0,0,0, ,0, , , ,-46000000,-549000000,-464000000,-586000000,-369000000,-344000000,-306000000,-280000000,-360000000,-524000000,-511000000,-475000000,-329000000,-325000000,-252000000,-228000000,-196000000,-136000000,-66000000,-18000000,-25000000,-21000000, ,-3000000,-479000000,-404000000,-319000000, , , , , ,-105000000,-107000000,-192000000,-25000000, , , , ,-613000000, ,-312000000,-2038000000,-1923000000,-1457000000,-2563000000,-1986000000,-2764000000,-7824000000,-6701000000
290,리스사,10238,신한캐피탈㈜,B,SK104,요약재무상태표(부채 및 자본)(08.03월 이후),A256,기타포괄손익누계액_지분법자본변동,1075000000,2000000,2000000,95000000,284000000,363000000,241000000,278000000,298000000,616000000,400000000,356000000,422000000,515000000,289000000,733000000,348000000,214000000,129000000, , ,464000000,973000000,955000000,917000000,845000000,414000000,583000000,847000000,573000000,2264000000,2281000000,2627000000,2236000000,2877000000,2270000000, , , , , , , , , , , , , ,0,0, , , , , , , , , , , , , , , , ,0
291,리스사,10238,신한캐피탈㈜,B,SK104,요약재무상태표(부채 및 자본)(08.03월 이후),A257,기타포괄손익누계액_부의 지분법자본변동,-1533000000,-474000000,-584000000,-1062000000,-792000000,-157000000,-267000000,-307000000,-674000000,-545000000,-681000000,-767000000,-393000000,-511000000, , , ,-534000000,-211000000,-314000000,-551000000,-841000000,-364000000,-1216000000,-1499000000,-1404000000,-1678000000,-825000000,-304000000,-275000000,-216000000,-546000000,-12000000,-12000000,-12000000,-12000000, , , , , , , , , , , , , ,0,0, , , , , , , , , , , , , , , , ,0
292,리스사,10238,신한캐피탈㈜,B,SK104,요약재무상태표(부채 및 자본)(08.03월 이후),A258,기타포괄손익누계액_유형자산 재평가이익,,,,,,,,,,,,, ,0, , , , , , , , , , , , , , , , , , , , , , , , , , , , , , , , , , , ,0,0, , , , , , , , , , , , , , , , ,0
293,리스사,10238,신한캐피탈㈜,B,SK104,요약재무상태표(부채 및 자본)(08.03월 이후),A259,기타포괄손익누계액_기타,,,,,,,,,,,,, ,0, , , , , , ,-917000000,173000000,173000000,-523000000,-523000000,-1192000000,-1192000000,-2068000000,-2068000000,-1800000000,-1800000000,-2177000000,-2177000000,-2876000000,-2876000000,-1650000000,-1650000000,-1694000000,-1694000000,-2597000000,-2597000000,-4186000000,-4186000000,-5274000000,-5274000000,-6862000000,-6862000000,-7230000000,-7230000000,-6905000000,-6905000000,-6535000000,-6535000000,-5905000000,-5905000000,-4622000000,-4622000000,-2342000000,-2342000000,-842000000,-844000000,-1526000000,-1526000000,-2805000000,-2805000000,-4189000000,-4189000000,-3397000000
294,리스사,10240,오케이캐피탈 ㈜,B,SK104,요약재무상태표(부채 및 자본)(08.03월 이후),A,부채 및 자본총계,1927718000000,2038185000000,2122773000000,2136224000000,2079294000000,1895972000000,1885146000000,1767719000000,1708166000000,1866161000000,1805777000000,1682989000000,1729474000000,1833796000000,2015386000000,2229300000000,2207885000000,2172371000000,2007335000000,1934177000000,1896044000000,1900179000000,1769826000000,1669458000000,1553534000000,1435000000000,1375917000000,1132101000000,1068269000000,912200000000,853380000000,763215000000,436635000000,900057000000,1049464000000,1165503000000,1277248000000,1421174000000,1416907000000,1551772000000,1578672000000,1685695000000,1903817000000,1903329000000,1941086000000,1954751000000,2120357000000,2170231000000,2235632000000,2181523000000,2420757000000,2532473000000,2835522000000,3037892000000,3315464000000,3495606000000,3581517000000,3942293000000,4090287000000,3668653000000,3765072000000,3068700000000,2633008000000,2396345000000,2160748000000,2075180000000,1696578000000,1145265000000
295,리스사,10240,오케이캐피탈 ㈜,B,SK104,요약재무상태표(부채 및 자본)(08.03월 이후),A1,부채,1754758000000,1854462000000,1932087000000,1938251000000,1873144000000,1679414000000,1655935000000,1528115000000,1458362000000,1603331000000,1539130000000,1403706000000,1474822000000,1577149000000,1758504000000,1980840000000,1954075000000,1919384000000,1770759000000,1694883000000,1650833000000,1628535000000,1501697000000,1434781000000,1323591000000,1209549000000,1148804000000,899147000000,926343000000,769259000000,708944000000,701655000000,358507000000,677898000000,819476000000,944869000000,1047829000000,1170097000000,1166106000000,1298174000000,1325101000000,1414795000000,1624165000000,1604733000000,1636161000000,1638670000000,1784127000000,1820177000000,1768704000000,1684925000000,1914419000000,2012464000000,2305776000000,2490591000000,2750342000000,2891760000000,2947480000000,3270534000000,3388550000000,3019407000000,2843694000000,2233484000000,1808524000000,1672122000000,1432155000000,1337666000000,960579000000,853003000000
296,리스사,10240,오케이캐피탈 ㈜,B,SK104,요약재무상태표(부채 및 자본)(08.03월 이후),A11,차입부채,1660371000000,1756950000000,1829741000000,1817139000000,1764153000000,1578305000000,1567750000000,1445165000000,1379582000000,1526329000000,1464248000000,1322082000000,1366079000000,1481282000000,1662341000000,1876794000000,1842314000000,1791879000000,1628652000000,1569546000000,1525064000000,1483473000000,1361055000000,1292640000000,1179935000000,1066787000000,1013207000000,772825000000,704694000000,647898000000,596139000000,530387000000,299981000000,619155000000,760026000000,884048000000,984969000000,1114348000000,1110255000000,1237245000000,1260462000000,1348546000000,1549959000000,1528876000000,1557243000000,1571312000000,1715991000000,1753763000000,1705776000000,1612828000000,1858344000000,1949018000000,2239973000000,2419117000000,2676870000000,2807393000000,2855991000000,3164497000000,3282364000000,2907959000000,2748382000000,2182358000000,1762384000000,1630376000000,1395451000000,1306096000000,934473000000,832100000000
297,리스사,10240,오케이캐피탈 ㈜,B,SK104,요약재무상태표(부채 및 자본)(08.03월 이후),A110,차입금,941648000000,1038047000000,1079936000000,1137034000000,1173903000000,1007906000000,947694000000,727096000000,711794000000,748847000000,658116000000,535961000000,,,,,,,,,,,,,,,,,,,,,,,,,,,,,,,,,,,,,,,,,,,,,,,,,,,,,,,,
298,리스사,10240,오케이캐피탈 ㈜,B,SK104,요약재무상태표(부채 및 자본)(08.03월 이후),A110,차입부채_차입금,,,,,,,,,,,,,510299000000,445658000000,476897000000,479825000000,425106000000,444341000000,400820000000,361430000000,366670000000,364829000000,342176000000,333553000000,270658000000,257337000000,303595000000,313096000000,284887000000,298027000000,316216000000,330424000000, ,249166000000,430026000000,444048000000,584969000000,683876000000,718001000000,629313000000,700028000000,685168000000,764675000000,742586000000,725595000000,638313000000,643908000000,686861000000,598000000000,604158000000,632505000000,554308000000,1051764000000,1032185000000,1321336000000,1460140000000,1409625000000,1562812000000,1640433000000,1513333000000,1637796000000,1392377000000,1306446000000,1351978000000,1238759000000,1173674000000,818013000000,756965000000
299,리스사,10240,오케이캐피탈 ㈜,B,SK104,요약재무상태표(부채 및 자본)(08.03월 이후),A111,단기차입금,27988000000,76183000000,571000000,10000000000,10000000000,219000000,0,0,10000000000,0,0,0,,,,,,,,,,,,,,,,,,,,,,,,,,,,,,,,,,,,,,,,,,,,,,,,,,,,,,,,
300,리스사,10240,오케이캐피탈 ㈜,B,SK104,요약재무상태표(부채 및 자본)(08.03월 이후),A111,차입부채_차입금_단기차입금,,,,,,,,,,,,,1500000000,0,20000000000,107000000, ,10000000000, ,3237000000, , , , , , ,39500000000,39500000000,10000000000,19000000000,19000000000,39000000000, ,0,294110000000,295960000000,374647000000,437527000000,421680000000,530900000000,494250000000,569500000000,677700000000,629100000000,589400000000,528450000000,526550000000,512600000000,436600000000,354100000000,321500000000,190500000000,156500000000,200000000000,208500000000,217370000000,259184000000,203972000000,168200000000,188000000000,157000000000,66000000000,31000000000,27000000000,2000000000,2000000000,22000000000,120333000000
301,리스사,10240,오케이캐피탈 ㈜,B,SK104,요약재무상태표(부채 및 자본)(08.03월 이후),A112,차입부채_차입금_콜머니,,,,,,,,,,,,,0,0,0, , , , , , , , , , , , ,0, , , , , ,0,0,0,0,0,0, , , , , , , , , , , , , , , , , , , , , , , , , , , , , 
302,리스사,10240,오케이캐피탈 ㈜,B,SK104,요약재무상태표(부채 및 자본)(08.03월 이후),A112,콜머니,0,0,0,0,0,0,0,0,0,0,0,0,,,,,,,,,,,,,,,,,,,,,,,,,,,,,,,,,,,,,,,,,,,,,,,,,,,,,,,,
303,리스사,10240,오케이캐피탈 ㈜,B,SK104,요약재무상태표(부채 및 자본)(08.03월 이후),A113,장기차입금,895660000000,922864000000,1005365000000,1035034000000,1077903000000,892687000000,749694000000,628565000000,614478000000,668907000000,590130000000,505961000000,,,,,,,,,,,,,,,,,,,,,,,,,,,,,,,,,,,,,,,,,,,,,,,,,,,,,,,,
304,리스사,10240,오케이캐피탈 ㈜,B,SK104,요약재무상태표(부채 및 자본)(08.03월 이후),A113,차입부채_차입금_장기차입금,,,,,,,,,,,,,458799000000,435658000000,426897000000,449718000000,405106000000,424341000000,400820000000,358193000000,356670000000,354829000000,332176000000,323553000000,270658000000,257337000000,264095000000,273596000000,274887000000,279027000000,297216000000,176972000000, ,249166000000,135916000000,148088000000,210322000000,246349000000,296321000000,72972000000,106439000000,60447000000,34000000000,61014000000,66389000000,58627000000,60247000000,58792000000,108860000000,214248000000,263464000000,275676000000,752289000000,667504000000,966163000000,1084837000000,1061564000000,1242537000000,1276180000000,1173361000000,1367384000000,1148761000000,776543000000,884320000000,883597000000,924809000000,719513000000,612743000000
305,리스사,10240,오케이캐피탈 ㈜,B,SK104,요약재무상태표(부채 및 자본)(08.03월 이후),A114,유동성 장기차입금,18000000000,39000000000,74000000000,92000000000,86000000000,115000000000,198000000000,98531000000,87316000000,79940000000,67986000000,30000000000,,,,,,,,,,,,,,,,,,,,,,,,,,,,,,,,,,,,,,,,,,,,,,,,,,,,,,,,
306,리스사,10240,오케이캐피탈 ㈜,B,SK104,요약재무상태표(부채 및 자본)(08.03월 이후),A114,차입부채_차입금_유동성 장기차입금,,,,,,,,,,,,,50000000000,10000000000,30000000000,30000000000,20000000000,10000000000, , ,10000000000,10000000000,10000000000,10000000000, , , ,0, , , ,114452000000, ,0,0,0,0,0,0,25441000000,99339000000,55221000000,52975000000,52472000000,69806000000,51236000000,57111000000,115469000000,52540000000,35810000000,47541000000,88132000000,142975000000,164681000000,146673000000,157933000000,88877000000,116303000000,196053000000,151972000000,113412000000,177616000000,498903000000,440658000000,353162000000,246865000000,76500000000,23889000000
307,리스사,10240,오케이캐피탈 ㈜,B,SK104,요약재무상태표(부채 및 자본)(08.03월 이후),A115,사  채,718723000000,718903000000,749805000000,680105000000,590250000000,570399000000,620056000000,718069000000,667788000000,777482000000,806132000000,786121000000,,,,,,,,,,,,,,,,,,,,,,,,,,,,,,,,,,,,,,,,,,,,,,,,,,,,,,,,
308,리스사,10240,오케이캐피탈 ㈜,B,SK104,요약재무상태표(부채 및 자본)(08.03월 이후),A115,차입부채_사 채,,,,,,,,,,,,,855780000000,1035624000000,1185444000000,1396969000000,1417208000000,1347538000000,1227832000000,1208116000000,1158394000000,1118644000000,1018879000000,959087000000,909277000000,809450000000,709612000000,459729000000,419807000000,349871000000,279923000000,199963000000,299981000000,369988000000,330000000000,440000000000,400000000000,430472000000,392254000000,607932000000,560434000000,663378000000,785284000000,786290000000,831648000000,932999000000,1072083000000,1066902000000,1107776000000,1008670000000,1225839000000,1394710000000,1188209000000,1386932000000,1355534000000,1347253000000,1446366000000,1601685000000,1641931000000,1394626000000,1110586000000,789981000000,455938000000,278398000000,156692000000,132422000000,116460000000,75135000000
309,리스사,10240,오케이캐피탈 ㈜,B,SK104,요약재무상태표(부채 및 자본)(08.03월 이후),A1150,차입부채_사 채_단기사채,0,0,0,0,0,0,0,0,0,0,0,0,0,0,0, , , , , , , , , , , , ,10000000000, , , , , ,0,0,0,0,500000000,4800000000, ,12500000000,52500000000,28595000000,50595000000,48685000000,15777000000, , , , , , , ,57500000000,18000000000,36000000000,180900000000,292900000000,425900000000,345600000000,291000000000,173000000000,57720000000,26050000000,14290000000,20990000000,5000000000, 
310,리스사,10240,오케이캐피탈 ㈜,B,SK104,요약재무상태표(부채 및 자본)(08.03월 이후),A11500,차입부채_사 채_단기사채_(사채발행차금),0,0,0,0,0,0,0,0,0,0,0,0,0,0,0, , , , , , , , , , , , ,0, , , , , ,0,0,0,0,0,0, , , , ,80000000, , , , , , , , , , , , , , , , , , , , , , , , 
311,리스사,10240,오케이캐피탈 ㈜,B,SK104,요약재무상태표(부채 및 자본)(08.03월 이후),A1151,차입부채_사 채_유동성사채,180000000000,230000000000,270000000000,290000000000,270000000000,260000000000,301000000000,311000000000,281000000000,301000000000,200000000000,228000000000,108000000000,108000000000,228000000000,180000000000,270000000000,240000000000,220000000000,250000000000,250000000000,310000000000,310000000000,510000000000,500000000000,460000000000,430000000000,250000000000,300000000000,310000000000,280000000000,200000000000,300000000000,370000000000,330000000000,440000000000,400000000000,430000000000,387500000000,62500000000,16000000000,14000000000,64195000000,43785000000,65070000000,93070000000,182565000000,149150000000,299527000000,392571000000,511746000000,675936000000,675919000000,637948000000,746996000000,747896000000,829900000000,863400000000,852400000000,810900000000,681000000000,509000000000,287000000000,203500000000,106500000000,101500000000,101500000000,39000000000
312,리스사,10240,오케이캐피탈 ㈜,B,SK104,요약재무상태표(부채 및 자본)(08.03월 이후),A11510,차입부채_사 채_유동성사채_(유동성사채발행차금),174000000,117000000,103000000,73000000,303000000,241000000,250000000,107000000,159000000,86000000,37000000,11000000,0,0,0, , , , , , ,426000000,365000000,314000000,251000000,192000000,220000000,143000000,134000000,114000000,77000000,37000000,19000000,12000000,0,0,0,28000000,46000000,14000000, , , ,71000000, , , , , , , , , , , , , , , , , , , , , , , , 
313,리스사,10240,오케이캐피탈 ㈜,B,SK104,요약재무상태표(부채 및 자본)(08.03월 이후),A1152,차입부채_사 채_장기사채,540000000000,490000000000,481000000000,391000000000,321000000000,311000000000,320000000000,408000000000,388000000000,478000000000,608000000000,560000000000,750000000000,930000000000,960000000000,1220000000000,1150000000000,1110000000000,1010000000000,960000000000,910000000000,810000000000,710000000000,450000000000,410000000000,350000000000,280000000000,200000000000,120000000000,40000000000, , , ,0,0,0,0,0,0,545470000000,531970000000,596970000000,693200000000,692530000000,718575000000,824833000000,890290000000,918560000000,809313000000,617030000000,715200000000,719896000000,514000000000,693500000000,592400000000,565400000000,437500000000,447500000000,365500000000,239500000000,139500000000,108500000000,111500000000,49000000000,36000000000,10000000000,10000000000,36200000000
314,리스사,10240,오케이캐피탈 ㈜,B,SK104,요약재무상태표(부채 및 자본)(08.03월 이후),A11520,차입부채_사 채_장기사채_(사채발행차금),1103000000,980000000,1092000000,822000000,447000000,360000000,694000000,824000000,1053000000,1432000000,1831000000,1868000000,2220000000,2376000000,2556000000,3031000000,2792000000,2462000000,2168000000,1884000000,1606000000,930000000,756000000,599000000,472000000,358000000,168000000,128000000,59000000,15000000, , , ,0,0,0,0,0,0,24000000,36000000,92000000,706000000,469000000,682000000,681000000,772000000,808000000,1064000000,931000000,1107000000,1122000000,1710000000,2016000000,1862000000,2043000000,1934000000,2115000000,1869000000,1374000000,914000000,519000000,282000000,152000000,98000000,68000000,40000000,65000000
315,리스사,10240,오케이캐피탈 ㈜,B,SK104,요약재무상태표(부채 및 자본)(08.03월 이후),A1153,차입부채_사 채_기타,-1277000000,-1097000000,-1195000000,-895000000,-750000000,-601000000,-944000000,-931000000,-1212000000,-1518000000,-1868000000,-1879000000,-4440000000,-4752000000,-5112000000,-6062000000,-5584000000,-4924000000,-4336000000,-3768000000,-3212000000,-2712000000,-2242000000,-1826000000,-1446000000,-1100000000,-776000000,-542000000,-386000000,-258000000,-154000000,-74000000,-38000000,-24000000,0,0,0,-56000000,-92000000,-76000000,-72000000,-184000000,-1412000000,-1240000000,-1364000000,-1362000000,-1544000000,-1616000000,-2128000000,-1862000000,-2214000000,-2244000000,-3420000000,-4032000000,-3724000000,-4086000000,-3868000000,-4230000000,-3738000000,-2748000000,-1828000000,-1038000000,-564000000,-304000000,-196000000,-136000000,-80000000,-130000000
316,리스사,10240,오케이캐피탈 ㈜,B,SK104,요약재무상태표(부채 및 자본)(08.03월 이후),A12,기타부채,94387000000,97512000000,102346000000,121112000000,108991000000,101109000000,88185000000,82950000000,78780000000,77002000000,74882000000,81624000000,108743000000,95867000000,96163000000,104046000000,111761000000,127505000000,142107000000,125337000000,125769000000,145062000000,140642000000,142141000000,143656000000,142762000000,135597000000,126322000000,221649000000,121361000000,112805000000,171268000000,58526000000,58744000000,59450000000,60821000000,62860000000,55749000000,55851000000,60929000000,64639000000,66249000000,74206000000,75857000000,78918000000,67358000000,68136000000,66414000000,62928000000,72097000000,56075000000,63446000000,65803000000,71474000000,73472000000,84367000000,91489000000,106037000000,106186000000,111448000000,95312000000,51126000000,46140000000,41746000000,36704000000,31570000000,26106000000,20903000000
317,리스사,10240,오케이캐피탈 ㈜,B,SK104,요약재무상태표(부채 및 자본)(08.03월 이후),A120,기타부채_영업미지급금,533000000,809000000,202000000,292000000,87000000,30000000,23000000,15000000,844000000,17000000,106000000,2993000000,214000000,454000000,1173000000,1313000000,200000000,114000000,890000000,531000000,935000000,143000000,1180000000,798000000,2775000000,52000000,125000000,35000000,30000000,41000000,18000000,84000000, ,269000000,685000000,437000000,5322000000,237000000,10000000, , , , , , , , , , , , , , , , , , , , , , , , , , , , , 
318,리스사,10240,오케이캐피탈 ㈜,B,SK104,요약재무상태표(부채 및 자본)(08.03월 이후),A121,기타부채_장기미지급금,0,0,0,0,0,0,0,0,0,0,0,0,0,0,0, , , , , , , , , , , , ,0, , , , , ,0,0,0,0,0,0, , , , , , , , , , , , , , , , , , , , , , , , , , , , , 
319,리스사,10240,오케이캐피탈 ㈜,B,SK104,요약재무상태표(부채 및 자본)(08.03월 이후),A122,기타부채_기타의 부채,30447000000,34884000000,41196000000,59050000000,50238000000,45943000000,36053000000,34673000000,31756000000,30946000000,26292000000,28747000000,37414000000,37243000000,29578000000,40959000000,45635000000,53828000000,64627000000,46301000000,42580000000,57123000000,50863000000,52155000000,49484000000,55809000000,48552000000,42771000000,101987000000,43336000000,38560000000,37831000000,8881000000,5943000000,5185000000,8673000000,6692000000,5594000000,5343000000,17813000000,20900000000,21221000000,28305000000,28959000000,30921000000,22876000000,25526000000,29634000000,28759000000,41926000000,28902000000,40916000000,46770000000,55722000000,60209000000,74469000000,83834000000,100593000000,102548000000,108790000000,92999000000,49350000000,44723000000,40516000000,35776000000,30685000000,25379000000,20405000000
320,리스사,10240,오케이캐피탈 ㈜,B,SK104,요약재무상태표(부채 및 자본)(08.03월 이후),A1220,기타부채_기타의 부채_가수금,778000000,649000000,1470000000,156000000,318000000,347000000,531000000,502000000,596000000,64000000,46000000,62000000,98000000,182000000,63000000,55000000,57000000,61000000,74000000,56000000,153000000,56000000,77000000,88000000,72000000,72000000,67000000,50000000,52000000,47000000,56000000,96000000,74000000,0,0,0,0,0,0,162000000,57000000,20000000,63000000,64000000,71000000,57000000,56000000,41000000,39000000,39000000,30000000,32000000,30000000,7000000,5000000,3000000,3000000,1000000,1000000,1000000,1000000, ,1200000000,1200000000, , , , 
321,리스사,10240,오케이캐피탈 ㈜,B,SK104,요약재무상태표(부채 및 자본)(08.03월 이후),A1221,기타부채_기타의 부채_예수금,567000000,491000000,676000000,579000000,476000000,530000000,1287000000,532000000,506000000,431000000,512000000,533000000,728000000,655000000,769000000,652000000,1113000000,738000000,681000000,617000000,690000000,1082000000,740000000,2279000000,2486000000,2732000000,2091000000,376000000,310000000,274000000,553000000,258000000,3921000000,1288000000,2397000000,3946000000,1890000000,2428000000,1538000000,1372000000,1110000000,1272000000,1464000000,804000000,1225000000,1183000000,1032000000,700000000,842000000,1273000000,770000000,591000000,832000000,673000000,1433000000,711000000,701000000,877000000,1163000000,916000000,1291000000,1117000000,2078000000,2026000000,2076000000,1208000000,1518000000,990000000
322,리스사,10240,오케이캐피탈 ㈜,B,SK104,요약재무상태표(부채 및 자본)(08.03월 이후),A1222,기타부채_기타의 부채_선수금,0,480000000,316000000,261000000,399000000,374000000,335000000,215000000,184000000,1721000000,694000000,939000000,1834000000,1645000000,1128000000,1622000000,1827000000,3141000000,3546000000,3070000000,3438000000,4477000000,1608000000,1504000000,756000000,1423000000,1999000000,1873000000,1649000000,2366000000,1275000000,843000000,431000000,1455000000,165000000,1196000000,2097000000,1036000000,1296000000,636000000,313000000,299000000,1000000, , ,1000000, , , , , , , , , , , , , , , , , , , , , , 
323,리스사,10240,오케이캐피탈 ㈜,B,SK104,요약재무상태표(부채 및 자본)(08.03월 이후),A1223,기타부채_기타의 부채_선수수익,0,0,0,0,0,0,0,0,0,0,0,0,0,2000000,4000000,6288000000,6797000000,6997000000,7564000000,7321000000,7249000000,7382000000,7333000000,7017000000,6851000000,6558000000,6213000000,5498000000,4928000000,4500000000,4021000000,3459000000,2898000000,0,0,0,0,0,0,8074000000,8630000000,10317000000,13038000000,12038000000,12862000000,12387000000,11375000000,10106000000,8725000000,7953000000,7134000000,19977000000,21730000000,32454000000,37304000000,39842000000,40130000000,52408000000,45274000000,39558000000,31719000000,24905000000,19318000000,14140000000,10439000000,9382000000,6639000000,5006000000
324,리스사,10240,오케이캐피탈 ㈜,B,SK104,요약재무상태표(부채 및 자본)(08.03월 이후),A1224,기타부채_기타의 부채_미지급금,363000000,367000000,226000000,250000000,165000000,63000000,0,302000000,51000000,59000000,568000000,39000000,28000000,28000000,28000000,28000000,7633000000,12948000000,2211000000,435000000, ,12043000000,2930000000, , ,2841000000, ,0,55397000000, , , , ,0,0,0,0,0,0,27000000,16000000,24000000,1032000000,692000000,297000000,386000000,822000000,568000000,530000000,11323000000,581000000,1237000000,589000000,1566000000,1317000000,1508000000,1306000000,3080000000,1037000000,1217000000,976000000,477000000,457000000,303000000,109000000,129000000,107000000,280000000
325,리스사,10240,오케이캐피탈 ㈜,B,SK104,요약재무상태표(부채 및 자본)(08.03월 이후),A1225,기타부채_기타의 부채_미지급비용,17749000000,18662000000,21375000000,26735000000,24024000000,24710000000,19422000000,19523000000,13466000000,16349000000,17325000000,19353000000,18880000000,23118000000,25548000000,30007000000,25250000000,27942000000,47654000000,30055000000,28763000000,30471000000,35498000000,37171000000,36835000000,37313000000,35777000000,33480000000,34727000000,32646000000,31802000000,5704000000,789000000,1453000000,1671000000,3507000000,2705000000,2130000000,2261000000,2787000000,3378000000,3270000000,3973000000,2735000000,3700000000,3879000000,3211000000,3935000000,4493000000,4302000000,5301000000,6285000000,6892000000,7423000000,7035000000,15716000000,13131000000,18690000000,23385000000,17151000000,14953000000,13006000000,12370000000,14128000000,15164000000,12964000000,11925000000,9243000000
326,리스사,10240,오케이캐피탈 ㈜,B,SK104,요약재무상태표(부채 및 자본)(08.03월 이후),A1226,기타부채_기타의 부채_미지급법인세,10464000000,14140000000,17101000000,25887000000,22633000000,13992000000,4284000000,6835000000,11695000000,11944000000,4305000000,4768000000,9121000000,5663000000,0, , , , , , , , , , , , ,0,3472000000,2643000000, , , ,1747000000,953000000,0,0,0,242000000,4755000000,7396000000,6019000000,8570000000,12626000000,12766000000,4802000000,8847000000,14177000000,14130000000,17036000000,15086000000,12371000000,16687000000,13594000000,13115000000,16452000000,27820000000,24053000000,31441000000,49011000000,43444000000,8055000000,8023000000,7540000000,6533000000,5240000000,5190000000,4886000000
327,리스사,10240,오케이캐피탈 ㈜,B,SK104,요약재무상태표(부채 및 자본)(08.03월 이후),A1227,기타부채_기타의 부채_선불카드수탁금,0,0,0,0,0,0,0,0,0,0,0,0,0,0,0, , , , , , , , , , , , ,0, , , , , ,0,0,0,0,0,0, , , , , , , , , , , , , , , , , , , , , , , , , , , , , 
328,리스사,10240,오케이캐피탈 ㈜,B,SK104,요약재무상태표(부채 및 자본)(08.03월 이후),A1228,기타부채_기타의 부채_부가세예수금,0,0,0,0,0,0,0,0,0,0,0,0,0,0,0, , , , , , , , , , , , ,439000000, , , ,1009000000,4000000,0,0,0,0,0,0, , , , , , , , , , , , , , , , , , , , , , , , , , , , , 
329,리스사,10240,오케이캐피탈 ㈜,B,SK104,요약재무상태표(부채 및 자본)(08.03월 이후),A1229,기타부채_기타의 부채_선물환거래대,0,0,0,0,0,0,0,0,0,0,0,0,0,0,0, , , , , , , , , , , , ,0, , , , , ,0,0,0,0,0,0, , , , , , , , , , , , , , , , , , , , , , , , , , , , , 
330,리스사,10240,오케이캐피탈 ㈜,B,SK104,요약재무상태표(부채 및 자본)(08.03월 이후),A122A,기타부채_기타의 부채_파생상품부채,242000000,93000000,15000000,5182000000,2223000000,5927000000,10194000000,6764000000,5258000000,378000000,2842000000,3053000000,4498000000,3852000000,14000000,190000000,1128000000,233000000,1350000000,3284000000,991000000,276000000,1509000000,2820000000,1505000000,3895000000,1423000000,150000000,676000000,81000000,69000000,362000000, ,0,0,23000000,0,0,5000000, , , ,164000000, , ,181000000,183000000,107000000, , , ,423000000,10000000,5000000, ,237000000,743000000,1484000000,247000000,936000000,615000000,1790000000,1277000000,1179000000,1455000000,1762000000, , 
331,리스사,10240,오케이캐피탈 ㈜,B,SK104,요약재무상태표(부채 및 자본)(08.03월 이후),A122B,기타부채_기타의 부채_옵션수입프리미엄,0,0,0,0,0,0,0,0,0,0,0,0,0,0,0, , , , , , , , , , , , ,0, , , , , ,0,0,0,0,0,0, , , , , , , , , , , , , , , , , , , , , , , , , , , , , 
332,리스사,10240,오케이캐피탈 ㈜,B,SK104,요약재무상태표(부채 및 자본)(08.03월 이후),A122C,기타부채_기타의 부채_이연리스수익,0,0,0,0,0,0,0,0,0,0,0,0,0,0,0, , , , , , , , , , , , ,0, , , , , ,0,0,0,0,0,0, , , , , , , , , , , , , , , , , , , , , , , , , , , , , 
333,리스사,10240,오케이캐피탈 ㈜,B,SK104,요약재무상태표(부채 및 자본)(08.03월 이후),A122D,기타부채_기타의 부채_기타의 유동부채,284000000,2000000,17000000,0,0,0,0,0,0,0,0,0,2227000000,2098000000,2024000000,2117000000,1830000000,1768000000,1547000000,1463000000,1296000000,1336000000,1168000000,1276000000,979000000,975000000,982000000,905000000,776000000,779000000,784000000,26100000000,764000000,0,0,0,0,0,0, , , , , , , , , , , , , , , , , , , , , , , , , , , , , 
334,리스사,10240,오케이캐피탈 ㈜,B,SK104,요약재무상태표(부채 및 자본)(08.03월 이후),A122E,기타부채_유동성 장기부채,16748000000,16925000000,16624000000,17161000000,16674000000,16298000000,14926000000,14058000000,13653000000,12855000000,11093000000,12350000000,10909000000,10726000000,10106000000,9386000000,9439000000,11207000000,13113000000,15455000000,13289000000,19751000000,20096000000,20092000000,20420000000,19391000000,19544000000,18369000000,16882000000,15913000000,18162000000,18757000000,16382000000,0,0,0,0,0,0, , , , , , , , , , , , , , , , , , , , , , , , , , , , , 
335,리스사,10240,오케이캐피탈 ㈜,B,SK104,요약재무상태표(부채 및 자본)(08.03월 이후),A123,기타부채_리스보증금,43662000000,41148000000,39671000000,41680000000,38484000000,34716000000,32456000000,30984000000,28573000000,28613000000,32289000000,33579000000,38085000000,42713000000,49945000000,45720000000,49199000000,53716000000,56807000000,53866000000,58596000000,58210000000,58206000000,57694000000,58573000000,58022000000,56285000000,52644000000,51110000000,48151000000,40886000000,34520000000,32459000000,47474000000,47726000000,44609000000,46948000000,46385000000,47009000000,41520000000,41803000000,43080000000,43528000000,43465000000,42734000000,40278000000,37523000000,33860000000,30745000000,27254000000,24388000000,20892000000,17641000000,14337000000,11083000000,8611000000,6382000000,4349000000,2593000000,1282000000,956000000,427000000,154000000,83000000,45000000,46000000, , 
336,리스사,10240,오케이캐피탈 ㈜,B,SK104,요약재무상태표(부채 및 자본)(08.03월 이후),A124,기타부채_보 증 금,0,0,0,0,0,0,0,0,0,0,0,0,0,0,0, , , , , , , , , , , , ,0, , , , , ,0,0,0,0,0,0, , ,3000000,5000000,6000000,8000000,8000000,8000000,8000000,8000000, , , , , , , , , , , , , , , , , , , 
337,리스사,10240,오케이캐피탈 ㈜,B,SK104,요약재무상태표(부채 및 자본)(08.03월 이후),A1240,기타부채_보 증 금_상환이행보증금,0,0,0,0,0,0,0,0,0,0,0,0,0,0,0, , , , , , , , , , , , ,0, , , , , ,0,0,0,0,0,0, , , , , , , , , , , , , , , , , , , , , , , , , , , , , 
338,리스사,10240,오케이캐피탈 ㈜,B,SK104,요약재무상태표(부채 및 자본)(08.03월 이후),A1241,기타부채_보 증 금_임대보증금,0,0,0,0,0,0,0,0,0,0,0,0,0,0,0, , , , , , , , , , , , ,0, , , , , ,0,0,0,0,0,0, , , , , , , , , , , , , , , , , , , , , , , , , , , , , 
339,리스사,10240,오케이캐피탈 ㈜,B,SK104,요약재무상태표(부채 및 자본)(08.03월 이후),A1242,기타부채_보 증 금_기타보증금,0,0,0,0,0,0,0,0,0,0,0,0,0,0,0, , , , , , , , , , , , ,0, , , , , ,0,0,0,0,0,0, , ,3000000,5000000,6000000,8000000,8000000,8000000,8000000,8000000, , , , , , , , , , , , , , , , , , , 
340,리스사,10240,오케이캐피탈 ㈜,B,SK104,요약재무상태표(부채 및 자본)(08.03월 이후),A125,기타부채_퇴직급여채무,5523000000,6220000000,6989000000,6763000000,7360000000,8064000000,8744000000,8655000000,9424000000,10050000000,10567000000,10969000000,14608000000,15114000000,15733000000,17110000000,17781000000,18286000000,13410000000,15976000000,17210000000,16717000000,17220000000,18280000000,19321000000,14299000000,15867000000,17298000000,18923000000,18763000000,19891000000,19762000000,1389000000,2904000000,2929000000,2656000000,3372000000,4092000000,4464000000,4721000000,4420000000,4805000000,5144000000,5219000000,6994000000,7689000000,8052000000,6882000000,6569000000,6375000000,6754000000,6617000000,6571000000,7274000000,7626000000,7742000000,7440000000,7095000000,7175000000,7108000000,7438000000,7512000000,6447000000,6916000000,5841000000,6213000000,6051000000,6670000000
341,리스사,10240,오케이캐피탈 ㈜,B,SK104,요약재무상태표(부채 및 자본)(08.03월 이후),A1250,기타부채_퇴직급여채무_(미인식보험수리적손익) (+-),,,,,,,,,,,,,0,0,0, , , , , , , , , , , , ,0, , , , , ,0,0,0,0,0,0, , , , , , , , , , , , , , , , , , , , , , , , , , , , , 
342,리스사,10240,오케이캐피탈 ㈜,B,SK104,요약재무상태표(부채 및 자본)(08.03월 이후),A1251,기타부채_퇴직급여채무_(미인식과거근무원가) (-),,,,,,,,,,,,,0,0,0, , , , , , , , , , , , ,0, , , , , ,0,0,0,0,0,0, , , , , , , , , , , , , , , , , , , , , , , , , , , , , 
343,리스사,10240,오케이캐피탈 ㈜,B,SK104,요약재무상태표(부채 및 자본)(08.03월 이후),A1252,기타부채_퇴직급여채무_(퇴직급여사외적립자산) (-),,,,,,,,,,,,,10486000000,10383000000,10372000000,10442000000,10493000000,9646000000,6740000000,6792000000,6841000000,6882000000,6923000000,6878000000,6917000000,4811000000,4776000000,4795000000,4818000000,4843000000,4712000000,4683000000,585000000,1718000000,1332000000,1797000000,2235000000,3443000000,3447000000,3433000000,2794000000,3169000000,3098000000,3575000000,3295000000,4938000000,4650000000,5424000000,4785000000,5013000000,5509000000,6458000000,6571000000,7177000000,6781000000,7375000000,7253000000,7095000000,7175000000,7108000000,7438000000,7512000000,6447000000,6916000000,5841000000,6177000000,6041000000,6670000000
344,리스사,10240,오케이캐피탈 ㈜,B,SK104,요약재무상태표(부채 및 자본)(08.03월 이후),A126,기타부채_지급보증충당금,0,0,0,0,0,0,0,0,0,0,0,0,0,0,0, , , , , , , , , , , , ,0, , , , , ,0,0,0,0,0,0, , , , , , , , , , , , , , , , , , , , , , , , , , , , , 
345,리스사,10240,오케이캐피탈 ㈜,B,SK104,요약재무상태표(부채 및 자본)(08.03월 이후),A127,기타부채_포인트충당부채,0,0,0,0,0,0,0,0,0,0,0,0,0,0,0, , , , , , , , , , , , ,0, , , , , ,0,0,0,0,0,0, ,8000000,27000000,50000000,78000000,104000000,129000000,155000000,181000000,203000000,158000000,174000000,193000000,214000000,240000000,271000000,297000000,328000000,325000000,316000000,306000000,294000000,284000000,275000000,266000000,258000000,249000000,243000000,237000000
346,리스사,10240,오케이캐피탈 ㈜,B,SK104,요약재무상태표(부채 및 자본)(08.03월 이후),A128,기타부채_미지급배당금,0,0,0,0,0,0,0,0,0,0,0,0,17999000000,0,0, , , , , , , , , , , , ,0,37535000000, , ,64997000000, ,0,0,0,0,0,0, , , , , , , , , , , , , , , , , , , , , , , , , , , , , 
347,리스사,10240,오케이캐피탈 ㈜,B,SK104,요약재무상태표(부채 및 자본)(08.03월 이후),A129,기타부채_이연법인세부채,0,0,0,0,0,0,0,0,0,0,0,0,0,0,0, , , , , , , , , , , , ,0, , , , , ,0,0,0,0,0,0, , , , , , , , , , , , , , , , , , , , , , , , , , , , , 
348,리스사,10240,오케이캐피탈 ㈜,B,SK104,요약재무상태표(부채 및 자본)(08.03월 이후),A12A,기타부채_외화환산대,0,0,0,0,0,0,0,0,0,0,0,0,0,0,0, , , , , , , , , , , , ,0, , , , , ,0,0,0,0,0,0, , , , , , , , , , , , , , , , , , , , , , , , , , , , , 
349,리스사,10240,오케이캐피탈 ㈜,B,SK104,요약재무상태표(부채 및 자본)(08.03월 이후),A12B,기타부채_미사용약정충당금,0,0,0,0,0,0,0,0,0,0,0,0,0,0,0, , , , , , , , , , , , ,0, , , , , ,0,0,0,0,0,0, , , , ,1271000000,1212000000,1111000000,1326000000,1100000000,1212000000,1238000000,1204000000,1206000000,1098000000,988000000,990000000,549000000,534000000,545000000,502000000,855000000,799000000,800000000,720000000,609000000,360000000,349000000,272000000,60000000
350,리스사,10240,오케이캐피탈 ㈜,B,SK104,요약재무상태표(부채 및 자본)(08.03월 이후),A12C,기타부채_이자율위험포트폴리오위험회피 대상의 공정가액변동부채,,,,,,,,,,,,,0,0,0, , , , , , , , , , , , ,0, , , , , ,0,0,0,0,0,0, , , , , , , , , , , , , , , , , , , , , , , , , , , , , 
351,리스사,10240,오케이캐피탈 ㈜,B,SK104,요약재무상태표(부채 및 자본)(08.03월 이후),A12D,기타부채_기타의 기타부채,0,0,0,0,0,0,0,0,0,0,0,0,0,0,0, , , , , , , , , , , , ,0, , , , , ,3872000000,4257000000,6243000000,2761000000,2884000000,2471000000,308000000,302000000,282000000,272000000,434000000,240000000,205000000,196000000,173000000,217000000,159000000,162000000,80000000,80000000,90000000,74000000,74000000,224000000,225000000,227000000,215000000,264000000,265000000,268000000,272000000,265000000,205000000,202000000,201000000
352,리스사,10240,오케이캐피탈 ㈜,B,SK104,요약재무상태표(부채 및 자본)(08.03월 이후),A13,요구불상환지분,,,,,,,,,,,,,0,0,0, , , , , , , , , , , , ,0, , , , , ,0,0,0,0,0,0, , , , , , , , , , , , , , , , , , , , , , , , , , , , , 
353,리스사,10240,오케이캐피탈 ㈜,B,SK104,요약재무상태표(부채 및 자본)(08.03월 이후),A130,요구불상환지분_상환우선주,,,,,,,,,,,,,0,0,0, , , , , , , , , , , , ,0, , , , , ,0,0,0,0,0,0, , , , , , , , , , , , , , , , , , , , , , , , , , , , , 
354,리스사,10240,오케이캐피탈 ㈜,B,SK104,요약재무상태표(부채 및 자본)(08.03월 이후),A131,요구불상환지분_기타,,,,,,,,,,,,,0,0,0, , , , , , , , , , , , ,0, , , , , ,0,0,0,0,0,0, , , , , , , , , , , , , , , , , , , , , , , , , , , , , 
355,리스사,10240,오케이캐피탈 ㈜,B,SK104,요약재무상태표(부채 및 자본)(08.03월 이후),A2,자본,172960000000,183723000000,190686000000,197973000000,206150000000,216558000000,229211000000,239604000000,249804000000,262830000000,266647000000,279283000000,254652000000,256647000000,256882000000,248460000000,253810000000,252987000000,236576000000,239294000000,245211000000,271644000000,268129000000,234677000000,229943000000,225451000000,227113000000,232954000000,141926000000,142941000000,144436000000,61560000000,78128000000,222159000000,229987000000,220634000000,229419000000,251077000000,250801000000,253598000000,253571000000,270900000000,279652000000,298596000000,304925000000,316081000000,336230000000,350054000000,466928000000,496598000000,506338000000,520009000000,529746000000,547301000000,565122000000,603846000000,634037000000,671759000000,701737000000,649246000000,921378000000,835216000000,824484000000,724223000000,728593000000,737514000000,735999000000,292262000000
356,리스사,10240,오케이캐피탈 ㈜,B,SK104,요약재무상태표(부채 및 자본)(08.03월 이후),A21,자본금,28469000000,28469000000,28469000000,28469000000,28469000000,28469000000,28469000000,28469000000,28469000000,28469000000,28469000000,28469000000,28469000000,28469000000,28469000000,28469000000,28469000000,28469000000,28469000000,28469000000,28469000000,28469000000,28469000000,28469000000,28469000000,28469000000,28469000000,28469000000,28469000000,28469000000,28469000000,28469000000,28469000000,51134000000,51134000000,51134000000,51134000000,51134000000,51134000000,51134000000,51134000000,51134000000,51134000000,51134000000,51134000000,51134000000,51134000000,51134000000,56134000000,56134000000,56134000000,56134000000,56134000000,56134000000,56134000000,56134000000,56134000000,56134000000,56134000000,56134000000,78443000000,78443000000,78443000000,78443000000,78443000000,78443000000,78443000000,78443000000
357,리스사,10240,오케이캐피탈 ㈜,B,SK104,요약재무상태표(부채 및 자본)(08.03월 이후),A210,자본금_보통주자본금,27969000000,27969000000,27969000000,27969000000,27969000000,27969000000,27969000000,27969000000,27969000000,27969000000,27969000000,27969000000,27969000000,27969000000,27969000000,27969000000,27969000000,27969000000,27969000000,27969000000,27969000000,27969000000,27969000000,27969000000,27969000000,27969000000,27969000000,27969000000,27969000000,27969000000,27969000000,27969000000,27969000000,50634000000,50634000000,50634000000,50634000000,50634000000,50634000000,50634000000,50634000000,50634000000,50634000000,50634000000,50634000000,50634000000,50634000000,50634000000,55634000000,55634000000,55634000000,55634000000,55634000000,55634000000,55634000000,55634000000,55634000000,55634000000,55634000000,55634000000,77943000000,77943000000,77943000000,77943000000,77943000000,77943000000,77943000000,77943000000
358,리스사,10240,오케이캐피탈 ㈜,B,SK104,요약재무상태표(부채 및 자본)(08.03월 이후),A211,자본금_우선주자본금,500000000,500000000,500000000,500000000,500000000,500000000,500000000,500000000,500000000,500000000,500000000,500000000,500000000,500000000,500000000,500000000,500000000,500000000,500000000,500000000,500000000,500000000,500000000,500000000,500000000,500000000,500000000,500000000,500000000,500000000,500000000,500000000,500000000,500000000,500000000,500000000,500000000,500000000,500000000,500000000,500000000,500000000,500000000,500000000,500000000,500000000,500000000,500000000,500000000,500000000,500000000,500000000,500000000,500000000,500000000,500000000,500000000,500000000,500000000,500000000,500000000,500000000,500000000,500000000,500000000,500000000,500000000,500000000
359,리스사,10240,오케이캐피탈 ㈜,B,SK104,요약재무상태표(부채 및 자본)(08.03월 이후),A212,자본금_신주청약증거금,0,0,0,0,0,0,0,0,0,0,0,0,0,0,0, , , , , , , , , , , , ,0, , , , , ,0,0,0,0,0,0, , , , , , , , , , , , , , , , , , , , , , , , , , , , , 
360,리스사,10240,오케이캐피탈 ㈜,B,SK104,요약재무상태표(부채 및 자본)(08.03월 이후),A22,자본잉여금,4395000000,4395000000,4395000000,4395000000,4395000000,4395000000,4395000000,5304000000,5341000000,5384000000,5135000000,5135000000,5420000000,5420000000,5420000000,5531000000,5531000000,5531000000,5681000000,5626000000,5626000000,5620000000,5616000000,5617000000,5617000000,5617000000,5617000000,5590000000,5590000000,5589000000,5590000000,5569000000,5589000000,131512000000,131512000000,116833000000,116833000000,116833000000,116833000000,116833000000,116833000000,116833000000,116833000000,116833000000,116833000000,116833000000,116833000000,116833000000,211808000000,211808000000,211808000000,211808000000,211808000000,211808000000,211808000000,211808000000,211808000000,211808000000,211808000000,211808000000,584155000000,584155000000,584155000000,570824000000,570824000000,570824000000,570824000000,570824000000
361,리스사,10240,오케이캐피탈 ㈜,B,SK104,요약재무상태표(부채 및 자본)(08.03월 이후),A220,자본잉여금_주식발행초과금,0,0,0,0,0,0,0,0,0,0,0,0,0,0,0, , , , , , , , , , , , ,0, , , , , ,0,0,85500000000,0,0,0,85500000000,85500000000,85500000000,85500000000,85500000000,85500000000,85500000000,85500000000,85500000000,180475000000,180475000000,180475000000,180475000000,180475000000,180475000000,180475000000,180475000000,180475000000,180475000000,180475000000,180475000000,552822000000,552822000000,552822000000,539491000000,539491000000,539491000000,539491000000,539491000000
362,리스사,10240,오케이캐피탈 ㈜,B,SK104,요약재무상태표(부채 및 자본)(08.03월 이후),A221,자본잉여금_감자차익,0,0,0,0,0,0,0,0,0,0,0,0,0,0,0, , , , , , , , , , , , ,0, , , , , ,0,0,0,0,0,0, , , , , , , , , , , , , , , , , , , , , , , , , , , , , 
363,리스사,10240,오케이캐피탈 ㈜,B,SK104,요약재무상태표(부채 및 자본)(08.03월 이후),A222,자본잉여금_기타자본잉여금,4395000000,4395000000,4395000000,4395000000,4395000000,4395000000,4395000000,5304000000,5341000000,5384000000,5135000000,5135000000,5420000000,5420000000,5420000000,5531000000,5531000000,5531000000,5681000000,5626000000,5626000000,5620000000,5616000000,5617000000,5617000000,5617000000,5617000000,5590000000,5590000000,5589000000,5590000000,5569000000,5589000000,131512000000,131512000000,31333000000,116833000000,116833000000,116833000000,31333000000,31333000000,31333000000,31333000000,31333000000,31333000000,31333000000,31333000000,31333000000,31333000000,31333000000,31333000000,31333000000,31333000000,31333000000,31333000000,31333000000,31333000000,31333000000,31333000000,31333000000,31333000000,31333000000,31333000000,31333000000,31333000000,31333000000,31333000000,31333000000
364,리스사,10240,오케이캐피탈 ㈜,B,SK104,요약재무상태표(부채 및 자본)(08.03월 이후),A23,이익잉여금(결손금),139474000000,150574000000,157537000000,165109000000,173286000000,183694000000,196347000000,205831000000,216069000000,228977000000,233043000000,245679000000,220763000000,222758000000,222993000000,214460000000,219810000000,218987000000,202426000000,205199000000,216425000000,241961000000,238304000000,205288000000,200787000000,196806000000,199150000000,205761000000,115522000000,115933000000,118101000000,34825000000,46385000000,42704000000,50533000000,60760000000,69558000000,91222000000,90951000000,93917000000,89734000000,107064000000,116002000000,133172000000,140748000000,152350000000,172731000000,186002000000,203116000000,232411000000,242029000000,255402000000,264955000000,282424000000,300630000000,339943000000,369549000000,406737000000,436189000000,381851000000,357946000000,271719000000,260563000000,161528000000,165606000000,174714000000,172946000000,-271240000000
365,리스사,10240,오케이캐피탈 ㈜,B,SK104,요약재무상태표(부채 및 자본)(08.03월 이후),A230,이익잉여금(결손금)_이익준비금,14235000000,14235000000,14235000000,14235000000,14235000000,14235000000,14235000000,14235000000,14235000000,14235000000,14235000000,14235000000,14235000000,14235000000,14235000000,14235000000,14235000000,14234000000,14235000000,14235000000,14235000000,14235000000,14235000000,14235000000,14235000000,14235000000,14235000000,14235000000,14235000000,14235000000,14235000000,14235000000,14235000000,14235000000,14235000000,14235000000,14235000000,14235000000,14235000000,14235000000,14235000000,14235000000,14235000000,14235000000,14235000000,14235000000,14235000000,14235000000,14235000000,14235000000,14235000000,14235000000,14235000000,14235000000,14235000000,14235000000,14235000000,14235000000,14235000000,14235000000,14235000000,14235000000,14235000000,14235000000,14235000000,14235000000,14235000000,14235000000
366,리스사,10240,오케이캐피탈 ㈜,B,SK104,요약재무상태표(부채 및 자본)(08.03월 이후),A231,이익잉여금(결손금)_기업합리화적립금,0,0,0,0,0,0,0,0,0,0,0,0,0,0,0, , , , , , , , , , , , ,0, , , , , ,0,0,0,0,0,0, , , , , , , , , , , , , , , , , , , , , , , , , , , , , 
367,리스사,10240,오케이캐피탈 ㈜,B,SK104,요약재무상태표(부채 및 자본)(08.03월 이후),A232,이익잉여금(결손금)_투융자손실준비금,0,0,0,0,0,0,0,0,0,0,0,0,0,0,0, , , , , , , , , , , , ,0, , , , , ,0,0,0,0,0,0, , , , , , , , , , , , , , , , , , , , , , , , , , , , , 
368,리스사,10240,오케이캐피탈 ㈜,B,SK104,요약재무상태표(부채 및 자본)(08.03월 이후),A233,이익잉여금(결손금)_기타 법정적립금,0,0,0,0,0,0,0,0,0,0,0,0,0,0,0, , , , , , , , , , , , ,0, , , , , ,0,0,0,0,0,0, , , , , , , , , , , , , , , , , , , , , , , , , , , , , 
369,리스사,10240,오케이캐피탈 ㈜,B,SK104,요약재무상태표(부채 및 자본)(08.03월 이후),A234,이익잉여금(결손금)_임의적립금,0,0,0,0,0,0,0,0,0,0,0,0,0,0,0, , , , , , , , , , , , ,0,100000000,100000000,100000000,100000000,1000000000,1000000000,1000000000,1000000000,1000000000,1000000000,1000000000,1000000000,1000000000,1000000000,1000000000,1000000000,1000000000,1000000000,1000000000,1000000000,1000000000,1000000000,1000000000,1000000000,1000000000,1000000000,1000000000,1000000000,1000000000,1000000000,1000000000,1000000000,1000000000,1000000000,1000000000,1000000000,1000000000,1000000000,1000000000,1000000000
370,리스사,10240,오케이캐피탈 ㈜,B,SK104,요약재무상태표(부채 및 자본)(08.03월 이후),A235,이익잉여금(결손금)_해외투자손실준비금,0,0,0,0,0,0,0,0,0,0,0,0,0,0,0, , , , , , , , , , , , ,0, , , , , ,0,0,0,0,0,0, , , , , , , , , , , , , , , , , , , , , , , , , , , , , 
371,리스사,10240,오케이캐피탈 ㈜,B,SK104,요약재무상태표(부채 및 자본)(08.03월 이후),A236,이익잉여금(결손금)_미처분이익잉여금(미처리결손금),125239000000,136339000000,143302000000,150874000000,159051000000,169459000000,182112000000,191596000000,201834000000,214742000000,218808000000,231444000000,206528000000,208523000000,208758000000,200225000000,205575000000,204753000000,188191000000,190964000000,202190000000,227726000000,224069000000,191053000000,186552000000,182571000000,184915000000,191526000000,101187000000,101598000000,103766000000,20490000000,31150000000,19591000000,19591000000,19591000000,45526000000,45526000000,45526000000,45526000000,63153000000,63153000000,63153000000,63153000000,117937000000,117937000000,117937000000,117937000000,170768000000,170768000000,170768000000,170768000000,240167000000,240167000000,240167000000,240167000000,324708000000,324708000000,324708000000,324708000000,366616000000,366616000000,366616000000,366615000000,146293000000,146293000000,146293000000,146293000000
372,리스사,10240,오케이캐피탈 ㈜,B,SK104,요약재무상태표(부채 및 자본)(08.03월 이후),A237,이익잉여금(결손금)_대손준비금,,,,,,,,,,,,,0,0,0, , , , , , , , , , , , ,0, , , , , ,0,0,0,0,0,0, , , , , , , , , , , , , , , , , , , , , , , , , , , , , 
373,리스사,10240,오케이캐피탈 ㈜,B,SK104,요약재무상태표(부채 및 자본)(08.03월 이후),A238,이익잉여금(결손금)_(당기순손익),10711000000,21810000000,28774000000,36345000000,8537000000,18945000000,31597000000,41081000000,10239000000,23147000000,34771000000,47406000000,-1195000000,800000000,5810000000, , , , , ,6315000000,31851000000,28194000000,25969000000,-4500000000,-8482000000,-6138000000,473000000,2693000000,3103000000,5272000000,-13007000000,11559000000,7879000000,15707000000,25935000000,8797000000,30462000000,30190000000,33156000000,11346000000,28676000000,37614000000,54784000000,7576000000,19178000000,39559000000,52830000000,17113000000,46408000000,56026000000,69399000000,9553000000,27022000000,45228000000,84541000000,29606000000,66794000000,96246000000,41908000000,-23905000000,-110132000000,-121288000000,-220322000000,4078000000,13186000000,11418000000,-432768000000
374,리스사,10240,오케이캐피탈 ㈜,B,SK104,요약재무상태표(부채 및 자본)(08.03월 이후),A24,자본조정,0,0,0,0,0,0,0,0,-75000000,0,0,0,0,0,0, , , , , , , , , , , , ,0, , , , , ,0,0,0,0,0,0, , , , , , , , , , , , , , , , , , , , , ,-98421000000,-98421000000,-98421000000,-86051000000,-86051000000,-86051000000,-86051000000,-86051000000
375,리스사,10240,오케이캐피탈 ㈜,B,SK104,요약재무상태표(부채 및 자본)(08.03월 이후),A240,자본조정_주식할인발행차금,0,0,0,0,0,0,0,0,0,0,0,0,0,0,0, , , , , , , , , , , , ,0, , , , , ,0,0,0,0,0,0, , , , , , , , , , , , , , , , , , , , , , , , , , , , , 
376,리스사,10240,오케이캐피탈 ㈜,B,SK104,요약재무상태표(부채 및 자본)(08.03월 이후),A241,자본조정_배당건설이자,0,0,0,0,0,0,0,0,0,0,0,0,0,0,0, , , , , , , , , , , , ,0, , , , , ,0,0,0,0,0,0, , , , , , , , , , , , , , , , , , , , , , , , , , , , , 
377,리스사,10240,오케이캐피탈 ㈜,B,SK104,요약재무상태표(부채 및 자본)(08.03월 이후),A242,자본조정_자기주식,0,0,0,0,0,0,0,0,-75000000,0,0,0,0,0,0, , , , , , , , , , , , ,0, , , , , ,0,0,0,0,0,0, , , , , , , , , , , , , , , , , , , , , ,-98421000000,-98421000000,-98421000000,-86051000000,-86051000000,-86051000000,-86051000000,-86051000000
378,리스사,10240,오케이캐피탈 ㈜,B,SK104,요약재무상태표(부채 및 자본)(08.03월 이후),A243,자본조정_주식매수선택권,0,0,0,0,0,0,0,0,0,0,0,0,0,0,0, , , , , , , , , , , , ,0, , , , , ,0,0,0,0,0,0, , , , , , , , , , , , , , , , , , , , , , , , , , , , , 
379,리스사,10240,오케이캐피탈 ㈜,B,SK104,요약재무상태표(부채 및 자본)(08.03월 이후),A244,자본조정_미교부주식배당금,0,0,0,0,0,0,0,0,0,0,0,0,0,0,0, , , , , , , , , , , , ,0, , , , , ,0,0,0,0,0,0, , , , , , , , , , , , , , , , , , , , , , , , , , , , , 
380,리스사,10240,오케이캐피탈 ㈜,B,SK104,요약재무상태표(부채 및 자본)(08.03월 이후),A245,자본조정_기타 자본조정,0,0,0,0,0,0,0,0,0,0,0,0,0,0,0, , , , , , , , , , , , ,0, , , , , ,0,0,0,0,0,0, , , , , , , , , , , , , , , , , , , , , , , , , , , , , 
381,리스사,10240,오케이캐피탈 ㈜,B,SK104,요약재무상태표(부채 및 자본)(08.03월 이후),A25,기타포괄손익누계액,622000000,285000000,285000000,0,0,0,0,0,0,0,0,0,0,0,0, , , , , ,-5309000000,-4406000000,-4260000000,-4697000000,-4930000000,-5441000000,-6123000000,-6866000000,-7655000000,-7050000000,-7724000000,-7303000000,-2315000000,-3192000000,-3192000000,-8094000000,-8105000000,-8112000000,-8117000000,-8286000000,-4130000000,-4131000000,-4317000000,-2543000000,-3790000000,-4236000000,-4468000000,-3915000000,-4130000000,-3755000000,-3633000000,-3335000000,-3151000000,-3065000000,-3450000000,-4039000000,-3454000000,-2920000000,-2394000000,-547000000,-745000000,-680000000,-256000000,-521000000,-229000000,-416000000,-163000000,286000000
382,리스사,10240,오케이캐피탈 ㈜,B,SK104,요약재무상태표(부채 및 자본)(08.03월 이후),A250,기타포괄손익누계액_매도가능금융자산평가이익,622000000,285000000,285000000,0,0,0,0,0,0,0,0,0,0,0,0, , , , , , , , , , , , ,0, , , , , ,0,0,0,0,0,0, , , , ,2149000000,2149000000,2065000000,2065000000,2132000000,2132000000,2132000000,2132000000,2210000000,2210000000,2210000000,2210000000,2327000000,2327000000,2327000000,2327000000,2524000000,2524000000,2524000000,2524000000,2524000000,2524000000,2524000000,2524000000,2688000000
383,리스사,10240,오케이캐피탈 ㈜,B,SK104,요약재무상태표(부채 및 자본)(08.03월 이후),A251,기타포괄손익누계액_매도가능금융자산평가손실,0,0,0,0,0,0,0,0,0,0,0,0,0,0,0, , , , , , , , , , , , ,0, , , , , ,0,0,-4366000000,-4378000000,-4384000000,-4389000000,-4173000000, , , , , , , , , , , , , , , , , , , , , , , ,-34000000,-34000000,-34000000,-34000000,-34000000
384,리스사,10240,오케이캐피탈 ㈜,B,SK104,요약재무상태표(부채 및 자본)(08.03월 이후),A252,기타포괄손익누계액_해외사업환산이익,0,0,0,0,0,0,0,0,0,0,0,0,0,0,0, , , , , , , , , , , , ,0, , , , , ,0,0,0,0,0,0, , , , , , , , , , , , , , , , , , , , , , , , , , , , , 
385,리스사,10240,오케이캐피탈 ㈜,B,SK104,요약재무상태표(부채 및 자본)(08.03월 이후),A253,기타포괄손익누계액_해외사업환산손실,0,0,0,0,0,0,0,0,0,0,0,0,0,0,0, , , , , , , , , , , , ,0, , , , , ,0,0,0,0,0,0, , , , , , , , , , , , , , , , , , , , , , , , , , , , , 
386,리스사,10240,오케이캐피탈 ㈜,B,SK104,요약재무상태표(부채 및 자본)(08.03월 이후),A254,기타포괄손익누계액_현금흐름위험회피 파생상품평가이익,0,0,0,0,0,0,0,0,0,0,0,0,0,0,0, , , , , , , , , , , , ,0, , , , , ,0,0,0,0,0,0, , , , ,5000000,6000000,4000000, , , , , , , , ,1000000,2000000,105000000,186000000,328000000,176000000,155000000,89000000,56000000,12000000,36000000,42000000, , 
387,리스사,10240,오케이캐피탈 ㈜,B,SK104,요약재무상태표(부채 및 자본)(08.03월 이후),A255,기타포괄손익누계액_현금흐름위험회피 파생상품평가손실,0,0,0,0,0,0,0,0,0,0,0,0,0,0,0, , , , , , , , , , , , ,0, , , , , ,0,0,0,0,0,0, , , , ,-59000000,-70000000,-137000000,-139000000,-81000000,-359000000,-196000000,-69000000,-86000000,-29000000,-14000000,-125000000,-77000000, , , , , , , , , , , , 
388,리스사,10240,오케이캐피탈 ㈜,B,SK104,요약재무상태표(부채 및 자본)(08.03월 이후),A256,기타포괄손익누계액_지분법자본변동,0,0,0,0,0,0,0,0,0,0,0,0,0,0,0, , , , , , , , , , , , ,0, , , , , ,0,0,25000000,25000000,25000000,25000000,-20000000,-20000000,-20000000,-20000000,-422000000,-422000000,-422000000,-422000000,-870000000,-870000000,-870000000,-870000000,-813000000,-813000000,-813000000,-813000000,-1693000000,-1693000000,-1693000000,-1693000000,11000000,11000000,11000000, ,27000000,27000000,27000000,27000000,293000000
389,리스사,10240,오케이캐피탈 ㈜,B,SK104,요약재무상태표(부채 및 자본)(08.03월 이후),A257,기타포괄손익누계액_부의 지분법자본변동,0,0,0,0,0,0,0,0,0,0,0,0,0,0,0, , , , , , , , , , , , ,0, , , , , ,0,0,0,0,0,0, , , , , , , , , , , , , , , , , , , , , , , , , , , , , 
390,리스사,10240,오케이캐피탈 ㈜,B,SK104,요약재무상태표(부채 및 자본)(08.03월 이후),A258,기타포괄손익누계액_유형자산 재평가이익,,,,,,,,,,,,,0,0,0, , , , , , , , , , , , ,0, , , , , ,0,0,0,0,0,0, , , , , , , , , , , , , , , , , , , , , , , , , , , , , 
391,리스사,10240,오케이캐피탈 ㈜,B,SK104,요약재무상태표(부채 및 자본)(08.03월 이후),A259,기타포괄손익누계액_기타,,,,,,,,,,,,,0,0,0, , , , , ,-5309000000,-4406000000,-4260000000,-4697000000,-4930000000,-5441000000,-6123000000,-6866000000,-7655000000,-7050000000,-7724000000,-7303000000,-2315000000,-3192000000,-3192000000,-3752000000,-3752000000,-3752000000,-3752000000,-4093000000,-4110000000,-4111000000,-4297000000,-4216000000,-5453000000,-5746000000,-5972000000,-5097000000,-5033000000,-4821000000,-4826000000,-4646000000,-4519000000,-4448000000,-4722000000,-4598000000,-4193000000,-3740000000,-3356000000,-3258000000,-3435000000,-3304000000,-2836000000,-3050000000,-2782000000,-2975000000,-2680000000,-2661000000
392,리스사,10245,한국캐피탈㈜,B,SK104,요약재무상태표(부채 및 자본)(08.03월 이후),A,부채 및 자본총계,1036017000000,1041532000000,1016979000000,911356000000,878050000000,812592000000,623100000000,596441000000,591114000000,594291000000,533920000000,479631000000,387218000000,470369000000,575995000000,687686000000,793900000000,928414000000,1006537000000,1061869000000,1099043000000,1148272000000,1165393000000,1164792000000,1183251000000,1234788000000,1234440000000,1228997000000,1271259000000,1280792000000,1300008000000,1368092000000,1395665000000,1465804000000,1491743000000,1473306000000,1542717000000,1530189000000,1496611000000,1581885000000,1742516000000,1765707000000,1838178000000,1934233000000,2084957000000,2106765000000,2232092000000,2263403000000,2365473000000,2430517000000,2550092000000,2677955000000,2809934000000,3041046000000,3288921000000,3299248000000,3540265000000,3566451000000,3733806000000,3468327000000,3647628000000,3612949000000,3865362000000,3899421000000,4103808000000,4109329000000,4145771000000,4459496000000
393,리스사,10245,한국캐피탈㈜,B,SK104,요약재무상태표(부채 및 자본)(08.03월 이후),A1,부채,837065000000,849803000000,815232000000,715596000000,681338000000,612703000000,417020000000,388143000000,389005000000,408923000000,344848000000,347256000000,253584000000,337310000000,438379000000,551733000000,656136000000,790690000000,866454000000,919983000000,952948000000,1003125000000,1018109000000,1014958000000,1032299000000,1081849000000,1082206000000,1072881000000,1116152000000,1122220000000,1113083000000,1177281000000,1204606000000,1272060000000,1294156000000,1275030000000,1345629000000,1332002000000,1295750000000,1380954000000,1556628000000,1575621000000,1584718000000,1678543000000,1824544000000,1842244000000,1963548000000,1980304000000,2081876000000,2138871000000,2249623000000,2371234000000,2498191000000,2717401000000,2902209000000,2895019000000,3125341000000,3133210000000,3283295000000,3011679000000,3181694000000,3132930000000,3365891000000,3287387000000,3480378000000,3469392000000,3489000000000,3785810000000
394,리스사,10245,한국캐피탈㈜,B,SK104,요약재무상태표(부채 및 자본)(08.03월 이후),A11,차입부채,761261000000,771282000000,735855000000,643375000000,619473000000,556403000000,390484000000,363440000000,367083000000,387054000000,329238000000,314647000000,231476000000,300124000000,377347000000,474597000000,562657000000,675164000000,739559000000,781338000000,796637000000,826122000000,835019000000,824437000000,833735000000,882921000000,878307000000,866156000000,900889000000,907759000000,893910000000,954729000000,977462000000,1044346000000,1066866000000,1050474000000,1114396000000,1111570000000,1079334000000,1175782000000,1357789000000,1392536000000,1408798000000,1512421000000,1651294000000,1678210000000,1809530000000,1833810000000,1944266000000,2007916000000,2117462000000,2238060000000,2358679000000,2579118000000,2758355000000,2741523000000,2951242000000,2967600000000,3111201000000,2831514000000,2989390000000,2946541000000,3167604000000,3080814000000,3253748000000,3249258000000,3270836000000,3559932000000
395,리스사,10245,한국캐피탈㈜,B,SK104,요약재무상태표(부채 및 자본)(08.03월 이후),A110,차입금,200947000000,159287000000,189011000000,163877000000,165939000000,190649000000,92679000000,146211000000,150959000000,123617000000,102482000000,87857000000,,,,,,,,,,,,,,,,,,,,,,,,,,,,,,,,,,,,,,,,,,,,,,,,,,,,,,,,
396,리스사,10245,한국캐피탈㈜,B,SK104,요약재무상태표(부채 및 자본)(08.03월 이후),A110,차입부채_차입금,,,,,,,,,,,,,84656000000,88451000000,142730000000,145289000000,148584000000,176491000000,186024000000,147738000000,162862000000,152400000000,161242000000,160456000000,149850000000,193965000000,206354000000,242150000000,242070000000,236003000000,274982000000,300783000000,320575000000,260677000000,204360000000,218968000000,200205000000,187304000000,151918000000,233202000000,267504000000,226631000000,138167000000,116674000000,105211000000,108782000000,97523000000,131461000000,180581000000,185784000000,170201000000,256275000000,236182000000,266123000000,376084000000,425092000000,405175000000,450315000000,718549000000,578078000000,720644000000,662020000000,1024467000000,832123000000,737996000000,790959000000,544501000000,593698000000
397,리스사,10245,한국캐피탈㈜,B,SK104,요약재무상태표(부채 및 자본)(08.03월 이후),A111,단기차입금,75000000000,46000000000,106000000000,94000000000,116000000000,150000000000,59000000000,119000000000,128000000000,93000000000,76000000000,63000000000,,,,,,,,,,,,,,,,,,,,,,,,,,,,,,,,,,,,,,,,,,,,,,,,,,,,,,,,
398,리스사,10245,한국캐피탈㈜,B,SK104,요약재무상태표(부채 및 자본)(08.03월 이후),A111,차입부채_차입금_단기차입금,,,,,,,,,,,,,62000000000,67860000000,122600000000,127950000000,133791000000,163341000000,176421000000,139421000000,155000000000,145000000000,155000000000,155000000000,145000000000,190000000000,205000000000,240820000000,240820000000,234820000000,273820000000,299735000000,319635000000,257827000000,196400000000,208660000000,188210000000,174620000000,139500000000,219500000000,254500000000,215000000000,128000000000,108000000000,98000000000,103000000000,93000000000,128000000000,178000000000,174000000000,159000000000,134000000000,114000000000,144000000000,204000000000,253000000000,233000000000,288000000000,361000000000,256200000000,278600000000,289500000000,500000000000,395000000000,372500000000,290500000000,228000000000,248000000000
399,리스사,10245,한국캐피탈㈜,B,SK104,요약재무상태표(부채 및 자본)(08.03월 이후),A112,차입부채_차입금_콜머니,,,,,,,,,,,,,0,0,0,0,0,0,0,0,0,0, , , , , , , , , , , , , , , , , , ,0,0,0,0,0,0,0,0,0,0,0,0,0,0,0,0, ,0,0,0,0,0,0,0,0,0,0,0
400,리스사,10245,한국캐피탈㈜,B,SK104,요약재무상태표(부채 및 자본)(08.03월 이후),A112,콜머니,0,0,0,0,0,0,0,0,0,0,0,0,,,,,,,,,,,,,,,,,,,,,,,,,,,,,,,,,,,,,,,,,,,,,,,,,,,,,,,,
401,리스사,10245,한국캐피탈㈜,B,SK104,요약재무상태표(부채 및 자본)(08.03월 이후),A113,장기차입금,126539000000,113608000000,83152000000,30290000000,29242000000,24514000000,26946000000,16143000000,14093000000,23116000000,20254000000,17128000000,,,,,,,,,,,,,,,,,,,,,,,,,,,,,,,,,,,,,,,,,,,,,,,,,,,,,,,,
402,리스사,10245,한국캐피탈㈜,B,SK104,요약재무상태표(부채 및 자본)(08.03월 이후),A113,차입부채_차입금_장기차입금,,,,,,,,,,,,,15502000000,12288000000,12178000000,14824000000,13608000000,12645000000,6492000000,5538000000,5047000000,4494000000,1386000000,1277000000,1209000000,1067000000,1022000000,983000000,901000000,828000000,785000000,678000000,576000000,2482000000,7614000000,9927000000,11643000000,12324000000,12056000000,13421000000,12808000000,11513000000,10137000000,8674000000,7211000000,4294000000,1632000000,3461000000,2581000000,10743000000,10382000000,122556000000,122500000000,112500000000,50051000000,50000000000,50000000000,50000000000,197500000000,274000000000,394000000000,374000000000,428509000000,227824000000,154617000000,288388000000,143667000000,287500000000
403,리스사,10245,한국캐피탈㈜,B,SK104,요약재무상태표(부채 및 자본)(08.03월 이후),A114,유동성 장기차입금,0,0,0,39587000000,20697000000,16135000000,6733000000,11068000000,8866000000,7501000000,6228000000,7729000000,,,,,,,,,,,,,,,,,,,,,,,,,,,,,,,,,,,,,,,,,,,,,,,,,,,,,,,,
404,리스사,10245,한국캐피탈㈜,B,SK104,요약재무상태표(부채 및 자본)(08.03월 이후),A114,차입부채_차입금_유동성 장기차입금,,,,,,,,,,,,,7154000000,8303000000,7952000000,2515000000,1185000000,505000000,3111000000,2779000000,2815000000,2906000000,4856000000,4180000000,3641000000,2898000000,332000000,347000000,349000000,355000000,377000000,370000000,364000000,368000000,346000000,381000000,352000000,360000000,362000000,282000000,196000000,118000000,29000000,0,0,1487000000,2892000000,0,0,1041000000,819000000,745000000,570000000,10371000000,122639000000,122556000000,122500000000,112500000000,162500000000,50000000000,50000000000,0,100491000000,213086000000,213181000000,213275000000,174842000000,60824000000
405,리스사,10245,한국캐피탈㈜,B,SK104,요약재무상태표(부채 및 자본)(08.03월 이후),A115,사  채,560314000000,611995000000,546844000000,479498000000,453534000000,365754000000,297805000000,217229000000,216124000000,263437000000,226756000000,226790000000,,,,,,,,,,,,,,,,,,,,,,,,,,,,,,,,,,,,,,,,,,,,,,,,,,,,,,,,
406,리스사,10245,한국캐피탈㈜,B,SK104,요약재무상태표(부채 및 자본)(08.03월 이후),A115,차입부채_사 채,,,,,,,,,,,,,146820000000,211673000000,234617000000,329308000000,414073000000,498673000000,553535000000,633600000000,633775000000,673722000000,673777000000,663981000000,683885000000,688956000000,671953000000,624006000000,658820000000,671756000000,618927000000,653946000000,656886000000,783669000000,862506000000,831506000000,914191000000,924266000000,927416000000,942579000000,1090284000000,1165905000000,1270631000000,1395747000000,1546083000000,1569429000000,1712007000000,1702349000000,1763685000000,1822133000000,1947261000000,1981785000000,2122497000000,2312995000000,2382271000000,2316431000000,2546067000000,2517285000000,2392652000000,2253437000000,2268746000000,2284521000000,2143137000000,2248691000000,2515752000000,2458299000000,2726335000000,2966234000000
407,리스사,10245,한국캐피탈㈜,B,SK104,요약재무상태표(부채 및 자본)(08.03월 이후),A1150,차입부채_사 채_단기사채,0,0,0,0,0,0,0,0,0,0,0,0,0,0,0,0,0,0,0,0,0,0,45000000000,105000000000,165000000000,205000000000,183000000000,185000000000,175000000000,125000000000,112000000000,60000000000,43000000000,43000000000,43000000000,58000000000,65000000000,65000000000,65000000000,50000000000,45000000000,45000000000,45000000000,35000000000,0,0,10000000000,45000000000,115000000000,115000000000,195000000000,130000000000,60000000000,60000000000,65000000000,65000000000,75000000000,86000000000,76000000000,86000000000,126000000000,150000000000,95000000000,85000000000,117000000000,140000000000,160000000000,160000000000
408,리스사,10245,한국캐피탈㈜,B,SK104,요약재무상태표(부채 및 자본)(08.03월 이후),A11500,차입부채_사 채_단기사채_(사채발행차금),0,0,0,0,0,0,0,0,0,0,0,0,0,0,0,0,0,0,0,0,0,0,96000000,155000000,246000000,248000000,175000000,216000000,328000000,208000000,102000000,45000000,125000000,88000000,50000000,64000000,152000000,105000000,56000000,27000000,84000000,72000000,45000000,18000000,0,0,12000000,56000000,130000000,87000000,202000000,84000000,43000000,13000000,80000000,58000000,53000000,45000000,131000000,121000000,163000000,153000000,81000000,34000000,28000000,178000000,143000000,76000000
409,리스사,10245,한국캐피탈㈜,B,SK104,요약재무상태표(부채 및 자본)(08.03월 이후),A1151,차입부채_사 채_유동성사채,190000000000,280000000000,300000000000,320000000000,360000000000,275000000000,250000000000,217363000000,216186000000,213730000000,177000000000,177000000000,97000000000,192000000000,195000000000,195000000000,200000000000,180000000000,225000000000,285000000000,315000000000,320000000000,310000000000,330000000000,270000000000,305000000000,340000000000,300000000000,330000000000,265000000000,230000000000,348000000000,420000000000,525000000000,522000000000,419000000000,393000000000,401000000000,413000000000,393000000000,337000000000,376000000000,475000000000,587000000000,710000000000,640000000000,542000000000,542000000000,494000000000,563000000000,683470000000,804760000000,855670000000,856600000000,741000000000,760000000000,730000000000,885000000000,1023000000000,1064000000000,1229000000000,1023000000000,1033000000000,1062000000000,1183000000000,1187000000000,1305000000000,1205000000000
410,리스사,10245,한국캐피탈㈜,B,SK104,요약재무상태표(부채 및 자본)(08.03월 이후),A11510,차입부채_사 채_유동성사채_(유동성사채발행차금),632000000,447000000,402000000,194000000,87000000,266000000,161000000,134000000,62000000,21000000,3000000,123000000,57000000,254000000,237000000,225000000,213000000,267000000,379000000,370000000,345000000,316000000,554000000,509000000,451000000,500000000,605000000,531000000,580000000,501000000,439000000,590000000,675000000,879000000,918000000,773000000,765000000,759000000,730000000,613000000,525000000,678000000,997000000,1118000000,1225000000,514000000,464000000,301000000,280000000,408000000,751000000,666000000,560000000,501000000,434000000,456000000,409000000,1013000000,1154000000,966000000,1112000000,1075000000,1861000000,1527000000,1983000000,1253000000,1014000000,781000000
411,리스사,10245,한국캐피탈㈜,B,SK104,요약재무상태표(부채 및 자본)(08.03월 이후),A1152,차입부채_사 채_장기사채,371734000000,333389000000,248006000000,160240000000,94068000000,91110000000,48038000000,0,0,50000000000,50000000000,50000000000,50000000000,20000000000,40000000000,135000000000,215000000000,320000000000,330000000000,350000000000,320000000000,355000000000,320000000000,230000000000,250000000000,180000000000,150000000000,140000000000,155000000000,283000000000,278000000000,247000000000,195000000000,217000000000,299000000000,356000000000,458000000000,460000000000,451000000000,501000000000,710000000000,747000000000,753254000000,776362000000,838756000000,932136000000,1163026000000,1118156000000,1157452000000,1148014000000,1073000000000,1051000000000,1211000000000,1401000000000,1581000000000,1496000000000,1746000000000,1551000000000,1298000000000,1107000000000,917000000000,1115000000000,1018500000000,1105000000000,1219000000000,1135000000000,1265000000000,1605000000000
412,리스사,10245,한국캐피탈㈜,B,SK104,요약재무상태표(부채 및 자본)(08.03월 이후),A11520,차입부채_사 채_장기사채_(사채발행차금),788000000,947000000,760000000,548000000,447000000,90000000,72000000,0,0,272000000,241000000,87000000,123000000,73000000,146000000,467000000,714000000,1060000000,1086000000,1030000000,880000000,962000000,572000000,355000000,418000000,295000000,267000000,248000000,272000000,535000000,531000000,419000000,314000000,364000000,526000000,657000000,892000000,870000000,797000000,781000000,1107000000,1346000000,1581000000,1478000000,1447000000,2193000000,2543000000,2450000000,2357000000,3386000000,3256000000,3226000000,3570000000,4092000000,4215000000,4055000000,4472000000,3658000000,3064000000,2477000000,1978000000,2251000000,1420000000,1748000000,1236000000,2269000000,2507000000,2909000000
413,리스사,10245,한국캐피탈㈜,B,SK104,요약재무상태표(부채 및 자본)(08.03월 이후),A1153,차입부채_사 채_기타,-1420000000,-1394000000,-1162000000,-742000000,-534000000,-356000000,-233000000,-134000000,-62000000,-293000000,-244000000,-210000000,-360000000,-654000000,-766000000,-1384000000,-1854000000,-2654000000,-2930000000,-2800000000,-2450000000,-2556000000,-2445000000,-2038000000,-2230000000,-2087000000,-2094000000,-1989000000,-2360000000,-2488000000,-2145000000,-2108000000,-2228000000,-2662000000,-2988000000,-2988000000,-3618000000,-3468000000,-3167000000,-2842000000,-3432000000,-4191000000,-5246000000,-5229000000,-5345000000,-5414000000,-6038000000,-5614000000,-5534000000,-7762000000,-8418000000,-7951000000,-8346000000,-9211000000,-9458000000,-9138000000,-9867000000,-9431000000,-8697000000,-7127000000,-6507000000,-6958000000,-6725000000,-6618000000,-6495000000,-7401000000,-7329000000,-7532000000
414,리스사,10245,한국캐피탈㈜,B,SK104,요약재무상태표(부채 및 자본)(08.03월 이후),A12,기타부채,75804000000,78521000000,79377000000,72221000000,61865000000,56300000000,26536000000,24703000000,21922000000,21869000000,15610000000,32609000000,22108000000,37186000000,61032000000,77136000000,93479000000,115526000000,126895000000,138645000000,156311000000,177003000000,183090000000,190521000000,198565000000,198928000000,203899000000,206726000000,215263000000,214462000000,219173000000,222552000000,227144000000,227714000000,227290000000,224556000000,231234000000,220432000000,216416000000,205172000000,198839000000,183085000000,175920000000,166122000000,173250000000,164034000000,154018000000,146494000000,137610000000,130955000000,132161000000,133174000000,139512000000,138283000000,143854000000,153496000000,174099000000,165610000000,172094000000,180165000000,192304000000,186389000000,198287000000,206573000000,226630000000,220134000000,218164000000,225878000000
415,리스사,10245,한국캐피탈㈜,B,SK104,요약재무상태표(부채 및 자본)(08.03월 이후),A120,기타부채_영업미지급금,0,0,0,0,0,0,0,0,0,0,0,0,0,0,0,0,0,0,0,0,0,0,0,0,0,0,0,0,0,0,0,0,0,0,0,0,0,0,0,0,0,0,0,0,0,0,0,0,0,0,0,0,0,0,0,0, ,0,0,0,0,0,0,0,0,0,0,0
416,리스사,10245,한국캐피탈㈜,B,SK104,요약재무상태표(부채 및 자본)(08.03월 이후),A121,기타부채_장기미지급금,0,0,0,0,0,0,0,0,0,0,0,0,0,0,0,0,0,0,0,0,0,0,0,0,0,0,0,0,0,0,0,0,0,0,0,0,0,0,0,0,0,0,0,0,0,0,0,0,0,0,0,0,0,0,0,0, ,0,0,0,0,0,0,0,0,0,0,0
417,리스사,10245,한국캐피탈㈜,B,SK104,요약재무상태표(부채 및 자본)(08.03월 이후),A122,기타부채_기타의 부채,12390000000,15205000000,18212000000,13852000000,10282000000,9002000000,9725000000,9737000000,8050000000,16683000000,10480000000,27791000000,17794000000,32859000000,54757000000,70590000000,85308000000,106923000000,118311000000,128780000000,145019000000,163629000000,166377000000,174343000000,181203000000,180254000000,184893000000,187991000000,196486000000,197148000000,201807000000,206703000000,211380000000,211898000000,211991000000,210323000000,217591000000,206813000000,202196000000,191395000000,186274000000,170408000000,162117000000,152278000000,157697000000,148684000000,139127000000,132577000000,124026000000,111332000000,113002000000,114866000000,119995000000,117406000000,121087000000,132307000000,151557000000,142387000000,148059000000,157586000000,170079000000,164064000000,175511000000,183962000000,203255000000,196222000000,193972000000,200511000000
418,리스사,10245,한국캐피탈㈜,B,SK104,요약재무상태표(부채 및 자본)(08.03월 이후),A1220,기타부채_기타의 부채_가수금,0,0,0,0,0,0,0,0,0,0,0,0,0,0,0,0,0,0,0,0,0,0,0,0,0,0,0,0,0,0,0,0,0,0,0,0,0,0,0,0,0,0,0,0,0,0,0,0,0,0,0,0,0,0,0,0, ,0,0,0,0,0,0,0,0,0,0,0
419,리스사,10245,한국캐피탈㈜,B,SK104,요약재무상태표(부채 및 자본)(08.03월 이후),A1221,기타부채_기타의 부채_예수금,817000000,733000000,865000000,3022000000,254000000,173000000,522000000,1245000000,1493000000,3889000000,461000000,18814000000,284000000,1761000000,1017000000,620000000,714000000,1203000000,1044000000,741000000,776000000,1793000000,1030000000,953000000,1101000000,3383000000,2352000000,1426000000,1770000000,1397000000,2838000000,1507000000,1794000000,1620000000,1409000000,1812000000,1581000000,2041000000,2217000000,1763000000,1752000000,1401000000,2126000000,2303000000,3688000000,3097000000,2363000000,6145000000,2039000000,2163000000,2749000000,2027000000,1690000000,1699000000,2365000000,2047000000,1622000000,2114000000,1421000000,2369000000,798000000,1977000000,2269000000,3645000000,2651000000,7702000000,4211000000,3227000000
420,리스사,10245,한국캐피탈㈜,B,SK104,요약재무상태표(부채 및 자본)(08.03월 이후),A1222,기타부채_기타의 부채_선수금,0,0,0,0,0,0,0,0,0,7433000000,6272000000,7077000000,13074000000,27357000000,49279000000,66454000000,80583000000,98878000000,112859000000,123277000000,138568000000,153151000000,160794000000,168764000000,172944000000,171477000000,175486000000,180918000000,185429000000,188569000000,190847000000,196135000000,197925000000,203623000000,203736000000,202307000000,206570000000,198658000000,192637000000,181629000000,173798000000,161155000000,150911000000,139059000000,138171000000,128472000000,120112000000,108534000000,99086000000,93982000000,90989000000,89869000000,90186000000,94333000000,98238000000,104147000000,109854000000,113652000000,120003000000,125936000000,130684000000,135566000000,141862000000,144460000000,145823000000,146872000000,149593000000,154402000000
421,리스사,10245,한국캐피탈㈜,B,SK104,요약재무상태표(부채 및 자본)(08.03월 이후),A1223,기타부채_기타의 부채_선수수익,2986000000,3646000000,3805000000,3141000000,2696000000,2054000000,1429000000,1339000000,1512000000,1072000000,758000000,512000000,1463000000,566000000,1148000000,0,81000000,7000000,0,7000000,0,1000000,25000000,23000000,0,0,0,0,98000000,57000000,52000000,606000000,529000000,465000000,922000000,518000000,268000000,192000000,165000000,785000000,566000000,386000000,302000000,453000000,469000000,580000000,699000000,824000000,659000000,652000000,624000000,799000000,1406000000,1950000000,2267000000,2042000000,2762000000,2608000000,2678000000,2485000000,3784000000,4223000000,4546000000,4775000000,4773000000,4369000000,3923000000,3143000000
422,리스사,10245,한국캐피탈㈜,B,SK104,요약재무상태표(부채 및 자본)(08.03월 이후),A1224,기타부채_기타의 부채_미지급금,210000000,233000000,245000000,216000000,226000000,257000000,205000000,208000000,254000000,396000000,458000000,488000000,2323000000,1088000000,921000000,1230000000,1377000000,4004000000,1033000000,986000000,2064000000,5062000000,732000000,715000000,3333000000,1132000000,1771000000,1247000000,4470000000,1779000000,1534000000,1767000000,5263000000,801000000,730000000,970000000,4326000000,1136000000,1584000000,1942000000,4438000000,1774000000,1790000000,1893000000,2412000000,1745000000,1698000000,2712000000,9240000000,2248000000,2243000000,2855000000,9039000000,3666000000,2919000000,3057000000,14293000000,3151000000,3227000000,2307000000,11341000000,3346000000,3042000000,3974000000,12517000000,4144000000,4090000000,4383000000
423,리스사,10245,한국캐피탈㈜,B,SK104,요약재무상태표(부채 및 자본)(08.03월 이후),A1225,기타부채_기타의 부채_미지급비용,4798000000,6883000000,9103000000,7473000000,7024000000,5583000000,5481000000,3688000000,2655000000,2673000000,2531000000,900000000,650000000,1642000000,1803000000,2233000000,2457000000,2810000000,3105000000,3512000000,3299000000,3604000000,3739000000,3838000000,3790000000,4243000000,3895000000,3600000000,3611000000,3684000000,3499000000,3501000000,3231000000,3673000000,3877000000,3769000000,4315000000,4664000000,4675000000,4829000000,5179000000,5677000000,6649000000,7218000000,8383000000,8216000000,8390000000,7788000000,7387000000,7260000000,7300000000,7492000000,7263000000,7421000000,7773000000,7873000000,8720000000,9758000000,10888000000,11733000000,12700000000,13306000000,15530000000,16741000000,18584000000,19057000000,19379000000,20924000000
424,리스사,10245,한국캐피탈㈜,B,SK104,요약재무상태표(부채 및 자본)(08.03월 이후),A1226,기타부채_기타의 부채_미지급법인세,3420000000,3547000000,4194000000,0,82000000,935000000,2088000000,3257000000,2136000000,1220000000,0,0,0,0,390000000,0,0,0,0,0,0,0,0,0,0,0,1313000000,718000000,1022000000,1614000000,2950000000,3141000000,2600000000,1689000000,1236000000,895000000,508000000,107000000,848000000,365000000,491000000,0,98000000,891000000,4214000000,6087000000,5254000000,6104000000,5034000000,4491000000,8699000000,10711000000,10303000000,8282000000,7525000000,13142000000,14307000000,11104000000,9843000000,12758000000,10773000000,5645000000,8195000000,10176000000,18774000000,13952000000,12616000000,14295000000
425,리스사,10245,한국캐피탈㈜,B,SK104,요약재무상태표(부채 및 자본)(08.03월 이후),A1227,기타부채_기타의 부채_선불카드수탁금,0,0,0,0,0,0,0,0,0,0,0,0,0,0,0,0,0,0,0,0,0,0,0,0,0,0,0,0,0,0,0,0,0,0,0,0,0,0,0,0,0,0,0,0,0,0,0,0,0,0,0,0,0,0,0,0, ,0,0,0,0,0,0,0,0,0,0,0
426,리스사,10245,한국캐피탈㈜,B,SK104,요약재무상태표(부채 및 자본)(08.03월 이후),A1228,기타부채_기타의 부채_부가세예수금,0,0,0,0,0,0,0,0,0,0,0,0,0,0,0,0,0,0,0,0,0,0,0,0,0,0,0,0,0,0,0,0,0,0,0,0,0,0,0,0,0,0,0,0,0,0,0,0,0,0,0,0,0,0,0,0, ,0,0,0,0,0,0,0,0,0,0,0
427,리스사,10245,한국캐피탈㈜,B,SK104,요약재무상태표(부채 및 자본)(08.03월 이후),A1229,기타부채_기타의 부채_선물환거래대,0,0,0,0,0,0,0,0,0,0,0,0,0,0,0,0,0,0,0,0,0,0,0,0,0,0,0,0,0,0,0,0,0,0,0,0,0,0,0,0,0,0,0,0,0,0,0,0,0,0,0,0,0,0,0,0, ,0,0,0,0,0,0,0,0,0,0,0
428,리스사,10245,한국캐피탈㈜,B,SK104,요약재무상태표(부채 및 자본)(08.03월 이후),A122A,기타부채_기타의 부채_파생상품부채,159000000,163000000,0,0,0,0,0,0,0,0,0,0,0,0,0,0,0,0,0,0,0,0,0,0,0,0,0,0,0,0,0,0,0,0,0,0,0,0,0,0,0,0,0,0,0,0,0,0,0,0,0,0,0,0,0,0, ,0,0,0,0,0,0,0,0,0,0,0
429,리스사,10245,한국캐피탈㈜,B,SK104,요약재무상태표(부채 및 자본)(08.03월 이후),A122B,기타부채_기타의 부채_옵션수입프리미엄,0,0,0,0,0,0,0,0,0,0,0,0,0,0,0,0,0,0,0,0,0,0,0,0,0,0,0,0,0,0,0,0,0,0,0,0,0,0,0,0,0,0,0,0,0,0,0,0,0,0,0,0,0,0,0,0, ,0,0,0,0,0,0,0,0,0,0,0
430,리스사,10245,한국캐피탈㈜,B,SK104,요약재무상태표(부채 및 자본)(08.03월 이후),A122C,기타부채_기타의 부채_이연리스수익,0,0,0,0,0,0,0,0,0,0,0,0,0,0,0,0,0,0,0,0,0,0,0,0,0,0,0,0,0,0,0,0,0,0,0,0,0,0,0,0,0,0,0,0,0,0,0,0,0,0,0,0,0,0,0,0, ,0,0,0,0,0,0,0,0,0,0,0
431,리스사,10245,한국캐피탈㈜,B,SK104,요약재무상태표(부채 및 자본)(08.03월 이후),A122D,기타부채_기타의 부채_기타의 유동부채,0,0,0,0,0,0,0,0,0,0,0,0,0,445000000,199000000,53000000,96000000,21000000,270000000,257000000,312000000,18000000,57000000,49000000,36000000,18000000,77000000,82000000,86000000,49000000,87000000,47000000,39000000,28000000,81000000,51000000,21000000,15000000,69000000,81000000,49000000,14000000,240000000,461000000,360000000,485000000,611000000,470000000,581000000,537000000,398000000,1114000000,107000000,56000000,0,0, ,0,0,0,0,0,68000000,190000000,134000000,127000000,160000000,137000000
432,리스사,10245,한국캐피탈㈜,B,SK104,요약재무상태표(부채 및 자본)(08.03월 이후),A122E,기타부채_유동성 장기부채,0,0,0,0,0,0,0,0,0,0,0,0,0,0,0,0,0,0,0,0,0,0,0,0,0,0,0,0,0,0,0,0,0,0,0,0,0,0,0,0,0,0,0,0,0,0,0,0,0,0,0,0,0,0,0,0, ,0,0,0,0,0,0,0,0,0,0,0
433,리스사,10245,한국캐피탈㈜,B,SK104,요약재무상태표(부채 및 자본)(08.03월 이후),A123,기타부채_리스보증금,58891000000,59372000000,57465000000,54434000000,48772000000,44884000000,14374000000,12958000000,11873000000,3132000000,3075000000,2971000000,2418000000,2253000000,6221000000,6276000000,7699000000,7987000000,7845000000,9367000000,10530000000,12432000000,15527000000,15415000000,16471000000,17452000000,17571000000,17678000000,17174000000,15761000000,15574000000,14336000000,13598000000,13265000000,12394000000,12009000000,11291000000,11048000000,11392000000,11063000000,9593000000,9622000000,10650000000,10911000000,10289000000,10039000000,9525000000,8902000000,8905000000,7492000000,6862000000,6787000000,7317000000,7714000000,8391000000,9736000000,10641000000,10751000000,10860000000,11794000000,12079000000,12207000000,12170000000,12291000000,12092000000,11975000000,11351000000,11379000000
434,리스사,10245,한국캐피탈㈜,B,SK104,요약재무상태표(부채 및 자본)(08.03월 이후),A124,기타부채_보 증 금,2172000000,2172000000,1774000000,1917000000,1983000000,1840000000,1940000000,1940000000,1850000000,1900000000,1900000000,1800000000,1783000000,0,0,135000000,0,0,0,0,0,0,92000000,65000000,16000000,167000000,197000000,77000000,421000000,168000000,205000000,401000000,854000000,1037000000,1199000000,1308000000,1234000000,1254000000,1312000000,1348000000,1461000000,1298000000,1203000000,1075000000,1109000000,1165000000,1134000000,1199000000,1184000000,1624000000,1768000000,2483000000,2492000000,2979000000,3584000000,3943000000,4378000000,4898000000,5472000000,5302000000,5213000000,5578000000,6275000000,6422000000,7311000000,8670000000,9829000000,11362000000
435,리스사,10245,한국캐피탈㈜,B,SK104,요약재무상태표(부채 및 자본)(08.03월 이후),A1240,기타부채_보 증 금_상환이행보증금,0,0,0,0,0,0,0,0,0,0,0,0,0,0,0,0,0,0,0,0,0,0,0,0,0,0,0,0,0,0,0,0,0,0,0,0,0,0,0,0,0,0,0,0,0,0,0,0,0,0,0,0,0,0,0,0, ,0,0,0,0,0,0,0,0,0,0,0
436,리스사,10245,한국캐피탈㈜,B,SK104,요약재무상태표(부채 및 자본)(08.03월 이후),A1241,기타부채_보 증 금_임대보증금,2172000000,2172000000,1774000000,1917000000,1983000000,1840000000,1940000000,1940000000,1850000000,1900000000,1900000000,1800000000,1783000000,0,0,0,0,0,0,0,0,0,0,0,0,0,0,0,0,0,0,0,0,0,0,0,0,0,0,0,0,0,0,0,0,0,0,0,0,0,0,0,0,0,0,0, ,0,0,0,0,0,0,0,0,0,0,0
437,리스사,10245,한국캐피탈㈜,B,SK104,요약재무상태표(부채 및 자본)(08.03월 이후),A1242,기타부채_보 증 금_기타보증금,0,0,0,0,0,0,0,0,0,0,0,0,0,0,0,135000000,0,0,0,0,0,0,92000000,65000000,16000000,167000000,197000000,77000000,421000000,168000000,205000000,401000000,854000000,1037000000,1199000000,1308000000,1234000000,1254000000,1312000000,1348000000,1461000000,1298000000,1203000000,1075000000,1109000000,1165000000,1134000000,1199000000,1184000000,1624000000,1768000000,2483000000,2492000000,2979000000,3584000000,3943000000,4378000000,4898000000,5472000000,5302000000,5213000000,5578000000,6275000000,6422000000,7311000000,8670000000,9829000000,11362000000
438,리스사,10245,한국캐피탈㈜,B,SK104,요약재무상태표(부채 및 자본)(08.03월 이후),A125,기타부채_퇴직급여채무,2351000000,1772000000,1926000000,2018000000,828000000,574000000,497000000,545000000,630000000,387000000,270000000,308000000,363000000,291000000,54000000,135000000,472000000,616000000,739000000,498000000,762000000,942000000,1095000000,698000000,875000000,1056000000,1236000000,980000000,1182000000,1385000000,1587000000,1112000000,1313000000,1514000000,1706000000,916000000,1117000000,1317000000,1517000000,1049000000,1192000000,1415000000,1625000000,1522000000,1748000000,2067000000,2385000000,1484000000,1870000000,2245000000,2620000000,1299000000,2085000000,2845000000,3605000000,299000000,1032000000,1404000000,1772000000,0,0,0,0,0,0,0,0,0
439,리스사,10245,한국캐피탈㈜,B,SK104,요약재무상태표(부채 및 자본)(08.03월 이후),A1250,기타부채_퇴직급여채무_(미인식보험수리적손익) (+-),,,,,,,,,,,,, ,0,0,0,0,0,0,0,0,0,0,0,0,0,0,0,0,0,0,0,0,0,0,0,0,0,0,0,0,0,0,0,0,0,0,0,0,0,0,0,0,0,0,0, ,0,0,0,0,0,0,0,0,0,0,0
440,리스사,10245,한국캐피탈㈜,B,SK104,요약재무상태표(부채 및 자본)(08.03월 이후),A1251,기타부채_퇴직급여채무_(미인식과거근무원가) (-),,,,,,,,,,,,, ,0,0,0,0,0,0,0,0,0,0,0,0,0,0,0,0,0,0,0,0,0,0,0,0,0,0,0,0,0,0,0,0,0,0,0,0,0,0,0,0,0,0,0, ,0,0,0,0,0,0,0,0,0,0,0
441,리스사,10245,한국캐피탈㈜,B,SK104,요약재무상태표(부채 및 자본)(08.03월 이후),A1252,기타부채_퇴직급여채무_(퇴직급여사외적립자산) (-),,,,,,,,,,,,, ,0,0,0,0,0,0,0,0,0,0,0,0,0,0,0,0,0,0,0,0,0,0,0,0,0,0,0,0,0,0,0,0,0,0,0,0,0,0,0,0,0,0,0, ,0,0,0,0,0,0,0,0,0,0,0
442,리스사,10245,한국캐피탈㈜,B,SK104,요약재무상태표(부채 및 자본)(08.03월 이후),A126,기타부채_지급보증충당금,0,0,0,0,0,0,0,0,0,0,0,0,0,0,0,0,0,0,0,0,0,0,0,0,0,0,0,0,0,0,0,0,0,0,0,0,0,0,0,0,0,0,0,0,0,0,0,0,0,0,0,0,0,0,0,0, ,0,0,0,0,0,0,0,0,0,0,0
443,리스사,10245,한국캐피탈㈜,B,SK104,요약재무상태표(부채 및 자본)(08.03월 이후),A127,기타부채_포인트충당부채,0,0,0,0,0,0,0,0,0,0,0,0,0,0,0,0,0,0,0,0,0,0,0,0,0,0,0,0,0,0,0,0,0,0,0,0,0,0,0,0,0,0,0,0,0,0,0,0,0,0,0,0,0,0,0,0, ,0,0,0,0,0,0,0,0,0,0,0
444,리스사,10245,한국캐피탈㈜,B,SK104,요약재무상태표(부채 및 자본)(08.03월 이후),A128,기타부채_미지급배당금,0,0,0,0,0,0,0,0,0,0,0,0,0,0,0,0,0,0,0,0,0,0,0,0,0,0,0,0,0,0,0,0,0,0,0,0,0,0,0,0,0,0,0,0,0,0,0,0,0,0,0,0,0,0,0,0, ,0,0,0,0,0,0,0,0,0,0,0
445,리스사,10245,한국캐피탈㈜,B,SK104,요약재무상태표(부채 및 자본)(08.03월 이후),A129,기타부채_이연법인세부채,0,0,0,0,0,0,0,0,0,0,0,0,0,0,0,0,0,0,0,0,0,0,0,0,0,0,0,0,0,0,0,0,0,0,0,0,0,0,0,0,0,0,0,0,0,0,0,0,0,0,0,0,0,0,0,0, ,0,0,0,0,0,0,0,0,0,0,0
446,리스사,10245,한국캐피탈㈜,B,SK104,요약재무상태표(부채 및 자본)(08.03월 이후),A12A,기타부채_외화환산대,0,0,0,0,0,0,0,0,0,0,0,0,0,0,0,0,0,0,0,0,0,0,0,0,0,0,0,0,0,0,0,0,0,0,0,0,0,0,0,0,0,0,0,0,0,0,0,0,0,0,0,0,0,0,0,0, ,0,0,0,0,0,0,0,0,0,0,0
447,리스사,10245,한국캐피탈㈜,B,SK104,요약재무상태표(부채 및 자본)(08.03월 이후),A12B,기타부채_미사용약정충당금,0,0,0,0,0,0,0,0,0,0,0,0,0,0,0,0,0,0,0,0,0,0,0,0,0,0,0,0,0,0,0,0,0,0,0,0,0,0,0,0,0,0,0,0,0,0,0,0,0,0,0,0,0,0,0,0, ,0,0,0,0,0,0,0,0,0,0,0
448,리스사,10245,한국캐피탈㈜,B,SK104,요약재무상태표(부채 및 자본)(08.03월 이후),A12C,기타부채_이자율위험포트폴리오위험회피 대상의 공정가액변동부채,,,,,,,,,,,,, ,0,0,0,0,0,0,0,0,0,0,0,0,0,0,0,0,0,0,0,0,0,0,0,0,0,0,0,0,0,0,0,0,0,0,0,0,0,0,0,0,0,0,0, ,0,0,0,0,0,0,0,0,0,0,0
449,리스사,10245,한국캐피탈㈜,B,SK104,요약재무상태표(부채 및 자본)(08.03월 이후),A12D,기타부채_기타의 기타부채,0,0,0,0,0,0,0,0,0,0,0,0,0,1783000000,0,0,0,0,0,0,0,0,0,0,0,0,0,0,0,0,0,0,0,0,0,0,0,0,0,317000000,319000000,341000000,325000000,335000000,2406000000,2080000000,1848000000,2332000000,1626000000,8262000000,7909000000,7739000000,7622000000,7338000000,7188000000,7212000000,6491000000,6170000000,5931000000,5484000000,4933000000,4540000000,4329000000,3897000000,3973000000,3267000000,3012000000,2626000000
450,리스사,10245,한국캐피탈㈜,B,SK104,요약재무상태표(부채 및 자본)(08.03월 이후),A13,요구불상환지분,,,,,,,,,,,,, ,0,0,0,0,0,0,0,0,0,0,0,0,0,0,0,0,0,0,0,0,0,0,0,0,0,0,0,0,0,0,0,0,0,0,0,0,0,0,0,0,0,0,0, ,0,0,0,0,0,0,0,0,0,0,0
451,리스사,10245,한국캐피탈㈜,B,SK104,요약재무상태표(부채 및 자본)(08.03월 이후),A130,요구불상환지분_상환우선주,,,,,,,,,,,,, ,0,0,0,0,0,0,0,0,0,0,0,0,0,0,0,0,0,0,0,0,0,0,0,0,0,0,0,0,0,0,0,0,0,0,0,0,0,0,0,0,0,0,0, ,0,0,0,0,0,0,0,0,0,0,0
452,리스사,10245,한국캐피탈㈜,B,SK104,요약재무상태표(부채 및 자본)(08.03월 이후),A131,요구불상환지분_기타,,,,,,,,,,,,, ,0,0,0,0,0,0,0,0,0,0,0,0,0,0,0,0,0,0,0,0,0,0,0,0,0,0,0,0,0,0,0,0,0,0,0,0,0,0,0,0,0,0,0, ,0,0,0,0,0,0,0,0,0,0,0
453,리스사,10245,한국캐피탈㈜,B,SK104,요약재무상태표(부채 및 자본)(08.03월 이후),A2,자본,198952000000,191729000000,201747000000,195760000000,196712000000,199889000000,206080000000,208298000000,202109000000,185368000000,189072000000,132375000000,133634000000,133059000000,137616000000,135953000000,137764000000,137724000000,140083000000,141886000000,146095000000,145147000000,147284000000,149833000000,150951000000,152939000000,152235000000,156116000000,155106000000,158571000000,186925000000,190811000000,191059000000,193744000000,197588000000,198276000000,197088000000,198187000000,200861000000,200931000000,185888000000,190086000000,253460000000,255690000000,260413000000,264521000000,268544000000,283099000000,283597000000,291646000000,300469000000,306721000000,311743000000,323645000000,386712000000,404229000000,414924000000,433241000000,450511000000,456648000000,465934000000,480019000000,499471000000,612034000000,623430000000,639937000000,656771000000,673686000000
454,리스사,10245,한국캐피탈㈜,B,SK104,요약재무상태표(부채 및 자본)(08.03월 이후),A21,자본금,87142000000,87142000000,87142000000,87142000000,87142000000,87142000000,87142000000,87142000000,87142000000,87142000000,87142000000,60999000000,60999000000,60999000000,60999000000,60999000000,60999000000,60999000000,60999000000,60999000000,60999000000,60999000000,60999000000,60999000000,60999000000,60999000000,60999000000,60999000000,60999000000,60999000000,84105000000,84105000000,84105000000,84105000000,84105000000,84105000000,84105000000,84105000000,84105000000,84105000000,84105000000,84105000000,84105000000,84105000000,84105000000,84105000000,84105000000,157805000000,157805000000,157805000000,157805000000,157805000000,157805000000,157805000000,157805000000,157805000000,157805000000,157805000000,157805000000,157805000000,157805000000,157805000000,157805000000,157805000000,157805000000,157805000000,157805000000,157805000000
455,리스사,10245,한국캐피탈㈜,B,SK104,요약재무상태표(부채 및 자본)(08.03월 이후),A210,자본금_보통주자본금,87142000000,87142000000,87142000000,87142000000,87142000000,87142000000,87142000000,87142000000,87142000000,87142000000,87142000000,60999000000,60999000000,60999000000,60999000000,60999000000,60999000000,60999000000,60999000000,60999000000,60999000000,60999000000,60999000000,60999000000,60999000000,60999000000,60999000000,60999000000,60999000000,60999000000,84105000000,84105000000,84105000000,84105000000,84105000000,84105000000,84105000000,84105000000,84105000000,84105000000,84105000000,84105000000,84105000000,84105000000,84105000000,84105000000,84105000000,157805000000,157805000000,157805000000,157805000000,157805000000,157805000000,157805000000,157805000000,157805000000,157805000000,157805000000,157805000000,157805000000,157805000000,157805000000,157805000000,157805000000,157805000000,157805000000,157805000000,157805000000
456,리스사,10245,한국캐피탈㈜,B,SK104,요약재무상태표(부채 및 자본)(08.03월 이후),A211,자본금_우선주자본금,0,0,0,0,0,0,0,0,0,0,0,0,0,0,0,0,0,0,0,0,0,0,0,0,0,0,0,0,0,0,0,0,0,0,0,0,0,0,0,0,0,0,0,0,0,0,0,0,0,0,0,0,0,0,0,0, ,0,0,0,0,0,0,0,0,0,0,0
457,리스사,10245,한국캐피탈㈜,B,SK104,요약재무상태표(부채 및 자본)(08.03월 이후),A212,자본금_신주청약증거금,0,0,0,0,0,0,0,0,0,0,0,0,0,0,0,0,0,0,0,0,0,0,0,0,0,0,0,0,0,0,0,0,0,0,0,0,0,0,0,0,0,0,0,0,0,0,0,0,0,0,0,0,0,0,0,0, ,0,0,0,0,0,0,0,0,0,0,0
458,리스사,10245,한국캐피탈㈜,B,SK104,요약재무상태표(부채 및 자본)(08.03월 이후),A22,자본잉여금,6662000000,6662000000,6662000000,6662000000,6662000000,6662000000,6662000000,6662000000,6662000000,6662000000,6662000000,0,0,0,0,0,0,0,0,0,0,0,0,0,0,0,0,0,0,0,1770000000,1770000000,1770000000,1770000000,1770000000,1770000000,1770000000,1770000000,1770000000,1770000000,1770000000,1770000000,61739000000,61739000000,61739000000,61739000000,61739000000,596000000,596000000,596000000,596000000,596000000,596000000,641000000,50615000000,50615000000,50615000000,50661000000,50661000000,50661000000,50661000000,50672000000,50672000000,150642000000,150642000000,150658000000,150658000000,150658000000
459,리스사,10245,한국캐피탈㈜,B,SK104,요약재무상태표(부채 및 자본)(08.03월 이후),A220,자본잉여금_주식발행초과금,0,0,0,0,0,0,0,0,0,0,0,0,0,0,0,0,0,0,0,0,0,0,0,0,0,0,0,0,0,0,1770000000,1770000000,1770000000,1770000000,1770000000,1770000000,1770000000,1770000000,1770000000,1770000000,1770000000,1770000000,1770000000,1770000000,1770000000,1770000000,1770000000,596000000,596000000,596000000,596000000,596000000,596000000,596000000,596000000,596000000,596000000,596000000,596000000,596000000,596000000,596000000,596000000,596000000,596000000,596000000,596000000,596000000
460,리스사,10245,한국캐피탈㈜,B,SK104,요약재무상태표(부채 및 자본)(08.03월 이후),A221,자본잉여금_감자차익,6662000000,6662000000,6662000000,6662000000,6662000000,6662000000,6662000000,6662000000,6662000000,6662000000,6662000000,0,0,0,0,0,0,0,0,0,0,0,0,0,0,0,0,0,0,0,0,0,0,0,0,0,0,0,0,0,0,0,0,0,0,0,0,0,0,0,0,0,0,0,0,0, ,0,0,0,0,0,0,0,0,0,0,0
461,리스사,10245,한국캐피탈㈜,B,SK104,요약재무상태표(부채 및 자본)(08.03월 이후),A222,자본잉여금_기타자본잉여금,0,0,0,0,0,0,0,0,0,0,0,0,0,0,0,0,0,0,0,0,0,0,0,0,0,0,0,0,0,0,0,0,0,0,0,0,0,0,0,0,0,0,59969000000,59969000000,59969000000,59969000000,59969000000,0,0,0,0,0,0,45000000,50019000000,50019000000,50019000000,50066000000,50066000000,50066000000,50066000000,50076000000,50076000000,150046000000,150046000000,150063000000,150063000000,150063000000
462,리스사,10245,한국캐피탈㈜,B,SK104,요약재무상태표(부채 및 자본)(08.03월 이후),A23,이익잉여금(결손금),107316000000,101988000000,109482000000,104498000000,105325000000,107004000000,113402000000,115625000000,109265000000,92414000000,95835000000,90813000000,92657000000,89999000000,94698000000,94613000000,96768000000,96532000000,98915000000,100749000000,104958000000,86916000000,89095000000,91625000000,92746000000,94582000000,93844000000,97454000000,96445000000,99910000000,103389000000,107220000000,107469000000,110153000000,113997000000,113299000000,111258000000,113152000000,116071000000,116208000000,108037000000,112235000000,116647000000,120523000000,125246000000,129653000000,133772000000,137520000000,138124000000,146262000000,154969000000,163047000000,168297000000,179823000000,192645000000,209137000000,220110000000,238474000000,255881000000,260793000000,266704000000,281604000000,301003000000,314392000000,325691000000,342012000000,358786000000,376796000000
463,리스사,10245,한국캐피탈㈜,B,SK104,요약재무상태표(부채 및 자본)(08.03월 이후),A230,이익잉여금(결손금)_이익준비금,3361000000,4031000000,4031000000,4031000000,4031000000,4031000000,4031000000,4031000000,4031000000,4031000000,4031000000,4031000000,4031000000,4031000000,4031000000,4031000000,4031000000,4329000000,4329000000,4329000000,4329000000,4715000000,4715000000,4715000000,4923000000,4923000000,4923000000,4923000000,5160000000,5160000000,5160000000,5160000000,5588000000,5588000000,5588000000,5588000000,5917000000,5917000000,5917000000,5917000000,5917000000,5917000000,5917000000,5917000000,5917000000,5917000000,6193000000,6193000000,6846000000,6846000000,6846000000,6846000000,7474000000,7474000000,7474000000,7474000000,8567000000,8567000000,8567000000,8567000000,9442000000,9442000000,9442000000,9442000000,10318000000,10318000000,10318000000,10318000000
464,리스사,10245,한국캐피탈㈜,B,SK104,요약재무상태표(부채 및 자본)(08.03월 이후),A231,이익잉여금(결손금)_기업합리화적립금,0,0,0,0,0,0,0,0,0,0,0,0,0,0,0,0,0,0,0,0,0,0,0,0,0,0,0,0,0,0,0,0,0,0,0,0,0,0,0,0,0,0,0,0,0,0,0,0,0,0,0,0,0,0,0,0, ,0,0,0,0,0,0,0,0,0,0,0
465,리스사,10245,한국캐피탈㈜,B,SK104,요약재무상태표(부채 및 자본)(08.03월 이후),A232,이익잉여금(결손금)_투융자손실준비금,0,0,0,0,0,0,0,0,0,0,0,0,0,0,0,0,0,0,0,0,0,0,0,0,0,0,0,0,0,0,0,0,0,0,0,0,0,0,0,0,0,0,0,0,0,0,0,0,0,0,0,0,0,0,0,0, ,0,0,0,0,0,0,0,0,0,0,0
466,리스사,10245,한국캐피탈㈜,B,SK104,요약재무상태표(부채 및 자본)(08.03월 이후),A233,이익잉여금(결손금)_기타 법정적립금,0,0,0,0,0,0,0,0,0,0,0,0,0,0,0,0,0,0,0,0,0,0,0,0,0,0,0,0,0,0,0,0,0,0,0,0,0,0,0,0,0,0,0,0,0,0,0,0,0,0,0,0,0,0,0,0, ,0,0,0,0,0,0,0,0,0,0,0
467,리스사,10245,한국캐피탈㈜,B,SK104,요약재무상태표(부채 및 자본)(08.03월 이후),A234,이익잉여금(결손금)_임의적립금,78589000000,96586000000,96586000000,96586000000,96586000000,101265000000,101265000000,101265000000,101265000000,105233000000,105233000000,105234000000,105234000000,72544000000,105234000000,105234000000,105234000000,89456000000,89456000000,89456000000,89456000000,79114000000,79114000000,79114000000,84624000000,84624000000,84624000000,84624000000,89926000000,89926000000,89926000000,89926000000,97352000000,97352000000,97352000000,97352000000,104089000000,104089000000,104089000000,104089000000,98163000000,98251000000,98251000000,98938000000,115158000000,114006000000,111132000000,114882000000,124142000000,124142000000,124142000000,124142000000,149295000000,149295000000,149295000000,149295000000,190405000000,190405000000,190405000000,190405000000,245873000000,242326000000,243027000000,230254000000,281926000000,265224000000,257664000000,276202000000
468,리스사,10245,한국캐피탈㈜,B,SK104,요약재무상태표(부채 및 자본)(08.03월 이후),A235,이익잉여금(결손금)_해외투자손실준비금,0,0,0,0,0,0,0,0,0,0,0,0,0,0,0,0,0,0,0,0,0,0,0,0,0,0,0,0,0,0,0,0,0,0,0,0,0,0,0,0,0,0,0,0,0,0,0,0,0,0,0,0,0,0,0,0, ,0,0,0,0,0,0,0,0,0,0,0
469,리스사,10245,한국캐피탈㈜,B,SK104,요약재무상태표(부채 및 자본)(08.03월 이후),A236,이익잉여금(결손금)_미처분이익잉여금(미처리결손금),25366000000,1371000000,8865000000,3881000000,4708000000,1708000000,8106000000,10329000000,3969000000,-16850000000,-13429000000,-18452000000,-16608000000,13424000000,-14567000000,-14652000000,-12497000000,2747000000,5130000000,6964000000,11173000000,3087000000,5267000000,7797000000,3198000000,5035000000,4297000000,7907000000,1359000000,4824000000,8303000000,12134000000,4529000000,7213000000,11057000000,10359000000,1252000000,3146000000,6065000000,6202000000,3868000000,8067000000,12479000000,15668000000,4171000000,8578000000,12697000000,16445000000,7136000000,15274000000,23981000000,32059000000,11528000000,23054000000,35877000000,52368000000,21138000000,39502000000,56909000000,61821000000,11389000000,26289000000,45688000000,59077000000,12944000000,29265000000,46039000000,64049000000
470,리스사,10245,한국캐피탈㈜,B,SK104,요약재무상태표(부채 및 자본)(08.03월 이후),A237,이익잉여금(결손금)_대손준비금,,,,,,,,,,,,, ,0,0,0,0,0,0,0,0,0,0,0,0,0,0,0,0,0,0,0,0,0,0,0,0,0,0,0,88000000,0,0,0,0,1151000000,3750000000,0,0,0,0,0,0,0,0,0, ,0,0,0,0,3546000000,2845000000,15619000000,20503000000,37206000000,44766000000,26228000000
471,리스사,10245,한국캐피탈㈜,B,SK104,요약재무상태표(부채 및 자본)(08.03월 이후),A238,이익잉여금(결손금)_(당기순손익),25366000000,1371000000,8865000000,3881000000,4708000000,1708000000,8106000000,10329000000,3969000000,-16850000000,-13429000000,-18452000000,-16608000000,3820000000,7025000000,7749000000,10331000000,2747000000,2747000000,6964000000,11173000000,2747000000,4927000000,7456000000,3198000000,5035000000,4297000000,7907000000,1359000000,4824000000,8303000000,12134000000,4529000000,7213000000,11057000000,10359000000,1252000000,3146000000,6065000000,6202000000,3868000000,8067000000,0,0,0,11534000000,16553000000,21034000000,7136000000,15274000000,23981000000,32059000000,11528000000,23054000000,36014000000,53138000000,22534000000,41517000000,59550000000,65095000000,15288000000,30807000000,50832000000,66185000000,22527000000,41336000000,60625000000,81136000000
472,리스사,10245,한국캐피탈㈜,B,SK104,요약재무상태표(부채 및 자본)(08.03월 이후),A24,자본조정,0,0,0,0,0,0,0,0,0,0,0,-19035000000,-19036000000,-17196000000,-17196000000,-18765000000,-19177000000,-19177000000,-19177000000,-19177000000,-19177000000,-1982000000,-1982000000,-1982000000,-1982000000,-1982000000,-1982000000,-1982000000,-1982000000,-1982000000,-1982000000,-1982000000,-1982000000,-1982000000,-1982000000,-1982000000,-1982000000,-1982000000,-1982000000,-1982000000,-1982000000,-1982000000,-1982000000,-1982000000,-1982000000,-1982000000,-1982000000,-1982000000,-1982000000,-1982000000,-1982000000,-1982000000,-1982000000,-1769000000,-1769000000,-1769000000,-1769000000,-1690000000,-1690000000,-1690000000,-1690000000,-1662000000,-1662000000,-1662000000,-1662000000,-1589000000,-1589000000,-1589000000
473,리스사,10245,한국캐피탈㈜,B,SK104,요약재무상태표(부채 및 자본)(08.03월 이후),A240,자본조정_주식할인발행차금,0,0,0,0,0,0,0,0,0,0,0,0,0,0,0,0,0,0,0,0,0,0,0,0,0,0,0,0,0,0,0,0,0,0,0,0,0,0,0,0,0,0,0,0,0,0,0,0,0,0,0,0,0,0,0,0, ,0,0,0,0,0,0,0,0,0,0,0
474,리스사,10245,한국캐피탈㈜,B,SK104,요약재무상태표(부채 및 자본)(08.03월 이후),A241,자본조정_배당건설이자,0,0,0,0,0,0,0,0,0,0,0,0,0,0,0,0,0,0,0,0,0,0,0,0,0,0,0,0,0,0,0,0,0,0,0,0,0,0,0,0,0,0,0,0,0,0,0,0,0,0,0,0,0,0,0,0, ,0,0,0,0,0,0,0,0,0,0,0
475,리스사,10245,한국캐피탈㈜,B,SK104,요약재무상태표(부채 및 자본)(08.03월 이후),A242,자본조정_자기주식,0,0,0,0,0,0,0,0,0,0,0,0,-1000000,-1000000,-1000000,-1570000000,-1982000000,-1982000000,-1982000000,-1982000000,-1982000000,-1982000000,-1982000000,-1982000000,-1982000000,-1982000000,-1982000000,-1982000000,-1982000000,-1982000000,-1982000000,-1982000000,-1982000000,-1982000000,-1982000000,-1982000000,-1982000000,-1982000000,-1982000000,-1982000000,-1982000000,-1982000000,-1982000000,-1982000000,-1982000000,-1982000000,-1982000000,-1982000000,-1982000000,-1982000000,-1982000000,-1982000000,-1982000000,-1769000000,-1769000000,-1769000000,-1769000000,-1690000000,-1690000000,-1690000000,-1690000000,-1662000000,-1662000000,-1662000000,-1662000000,-1589000000,-1589000000,-1589000000
476,리스사,10245,한국캐피탈㈜,B,SK104,요약재무상태표(부채 및 자본)(08.03월 이후),A243,자본조정_주식매수선택권,0,0,0,0,0,0,0,0,0,0,0,0,0,0,0,0,0,0,0,0,0,0,0,0,0,0,0,0,0,0,0,0,0,0,0,0,0,0,0,0,0,0,0,0,0,0,0,0,0,0,0,0,0,0,0,0, ,0,0,0,0,0,0,0,0,0,0,0
477,리스사,10245,한국캐피탈㈜,B,SK104,요약재무상태표(부채 및 자본)(08.03월 이후),A244,자본조정_미교부주식배당금,0,0,0,0,0,0,0,0,0,0,0,0,0,0,0,0,0,0,0,0,0,0,0,0,0,0,0,0,0,0,0,0,0,0,0,0,0,0,0,0,0,0,0,0,0,0,0,0,0,0,0,0,0,0,0,0, ,0,0,0,0,0,0,0,0,0,0,0
478,리스사,10245,한국캐피탈㈜,B,SK104,요약재무상태표(부채 및 자본)(08.03월 이후),A245,자본조정_기타 자본조정,0,0,0,0,0,0,0,0,0,0,0,-19035000000,-19035000000,-17195000000,-17195000000,-17195000000,-17195000000,-17195000000,-17195000000,-17195000000,-17195000000,0,0,0,0,0,0,0,0,0,0,0,0,0,0,0,0,0,0,0,0,0,0,0,0,0,0,0,0,0,0,0,0,0,0,0, ,0,0,0,0,0,0,0,0,0,0,0
479,리스사,10245,한국캐피탈㈜,B,SK104,요약재무상태표(부채 및 자본)(08.03월 이후),A25,기타포괄손익누계액,-2168000000,-4063000000,-1539000000,-2542000000,-2417000000,-919000000,-1126000000,-1131000000,-960000000,-850000000,-567000000,-402000000,-986000000,-743000000,-885000000,-894000000,-826000000,-630000000,-654000000,-685000000,-685000000,-786000000,-829000000,-809000000,-812000000,-661000000,-627000000,-356000000,-356000000,-356000000,-356000000,-302000000,-302000000,-302000000,-302000000,1085000000,1938000000,1143000000,897000000,830000000,-6042000000,-6042000000,-7049000000,-8695000000,-8695000000,-8994000000,-9090000000,-10840000000,-10946000000,-11035000000,-10919000000,-12745000000,-12973000000,-12855000000,-12584000000,-11559000000,-11837000000,-12009000000,-12146000000,-10921000000,-7546000000,-8400000000,-8347000000,-9143000000,-9046000000,-8949000000,-8889000000,-9984000000
480,리스사,10245,한국캐피탈㈜,B,SK104,요약재무상태표(부채 및 자본)(08.03월 이후),A250,기타포괄손익누계액_매도가능금융자산평가이익,34000000,540000000,586000000,471000000,758000000,889000000,286000000,191000000,169000000,187000000,171000000,0,0,0,0,0,0,0,0,0,0,0,0,0,0,0,0,0,0,0,0,0,0,0,0,0,0,0,0,0,0,0,0,0,0,0,0,0,0,0,0,0,0,0,0,0, ,0,0,0,0,0,0,0,0,0,0,0
481,리스사,10245,한국캐피탈㈜,B,SK104,요약재무상태표(부채 및 자본)(08.03월 이후),A251,기타포괄손익누계액_매도가능금융자산평가손실,-293000000,-782000000,-1022000000,-1111000000,-1003000000,-700000000,-701000000,-823000000,-769000000,-849000000,-738000000,-402000000,-986000000,-758000000,-885000000,-894000000,-826000000,-630000000,-654000000,-685000000,-685000000,-446000000,-489000000,-495000000,-492000000,-342000000,-308000000,0,0,0,0,0,0,0,0,1302000000,2155000000,1553000000,1307000000,1148000000,-5724000000,-5724000000,-6731000000,-7548000000,-7548000000,-7846000000,-7942000000,-9040000000,-9146000000,-9235000000,-9119000000,-10083000000,-10083000000,-9737000000,-9238000000,-9367000000,-9367000000,-9534000000,-9670000000,-9854000000,-6537000000,-7449000000,-7453000000,-7453000000,-7453000000,-7453000000,-7453000000,-7453000000
482,리스사,10245,한국캐피탈㈜,B,SK104,요약재무상태표(부채 및 자본)(08.03월 이후),A252,기타포괄손익누계액_해외사업환산이익,0,0,0,0,0,0,0,0,0,0,0,0,0,0,0,0,0,0,0,0,0,0,0,0,0,0,0,0,0,0,0,0,0,0,0,0,0,0,0,0,0,0,0,0,0,0,0,0,0,0,0,0,0,0,0,0, ,0,0,0,0,0,0,0,0,0,0,0
483,리스사,10245,한국캐피탈㈜,B,SK104,요약재무상태표(부채 및 자본)(08.03월 이후),A253,기타포괄손익누계액_해외사업환산손실,0,0,0,0,0,0,0,0,0,0,0,0,0,0,0,0,0,0,0,0,0,0,0,0,0,0,0,0,0,0,0,0,0,0,0,0,0,0,0,0,0,0,0,0,0,0,0,0,0,0,0,0,0,0,0,0, ,0,0,0,0,0,0,0,0,0,0,0
484,리스사,10245,한국캐피탈㈜,B,SK104,요약재무상태표(부채 및 자본)(08.03월 이후),A254,기타포괄손익누계액_현금흐름위험회피 파생상품평가이익,0,0,0,0,0,0,0,0,0,0,0,0,0,15000000,0,0,0,0,0,0,0,0,0,0,0,0,0,0,0,0,0,0,0,0,0,0,0,0,0,0,0,0,0,0,0,0,0,0,0,0,0,0,0,0,0,0, ,0,0,0,0,0,0,0,0,0,0,0
485,리스사,10245,한국캐피탈㈜,B,SK104,요약재무상태표(부채 및 자본)(08.03월 이후),A255,기타포괄손익누계액_현금흐름위험회피 파생상품평가손실,-1909000000,-3390000000,-583000000,-1264000000,-1531000000,-1108000000,-711000000,-499000000,-360000000,-188000000,0,0,0,0,0,0,0,0,0,0,0,0,0,0,0,0,0,0,0,0,0,0,0,0,0,0,0,0,0,0,0,0,0,0,0,0,0,0,0,0,0,0,0,0,0,0, ,0,0,0,0,0,0,0,0,0,0,0
486,리스사,10245,한국캐피탈㈜,B,SK104,요약재무상태표(부채 및 자본)(08.03월 이후),A256,기타포괄손익누계액_지분법자본변동,0,-431000000,-520000000,-638000000,-641000000,0,0,0,0,0,0,0,0,0,0,0,0,0,0,0,0,0,0,0,0,0,0,0,0,0,0,0,0,0,0,192000000,192000000,0,0,0,0,0,0,0,0,0,0,0,0,0,0,0,0,0,0,0, ,0,0,0,0,0,0,0,0,0,0,0
487,리스사,10245,한국캐피탈㈜,B,SK104,요약재무상태표(부채 및 자본)(08.03월 이후),A257,기타포괄손익누계액_부의 지분법자본변동,0,0,0,0,0,0,0,0,0,0,0,0,0,0,0,0,0,0,0,0,0,0,0,0,0,0,0,0,0,0,0,0,0,0,0,0,0,0,0,0,0,0,0,0,0,0,0,0,0,0,0,0,0,0,0,0, ,0,0,0,0,0,0,0,0,0,0,0
488,리스사,10245,한국캐피탈㈜,B,SK104,요약재무상태표(부채 및 자본)(08.03월 이후),A258,기타포괄손익누계액_유형자산 재평가이익,,,,,,,,,,,,, ,0,0,0,0,0,0,0,0,0,0,0,0,0,0,0,0,0,0,0,0,0,0,0,0,0,0,0,0,0,0,0,0,0,0,0,0,0,0,0,0,0,0,0, ,0,0,0,0,0,0,0,0,0,0,0
489,리스사,10245,한국캐피탈㈜,B,SK104,요약재무상태표(부채 및 자본)(08.03월 이후),A259,기타포괄손익누계액_기타,,,,,,,,,,,,, ,0,0,0,0,0,0,0,0,-340000000,-340000000,-320000000,-320000000,-320000000,-320000000,-356000000,-356000000,-356000000,-356000000,-302000000,-302000000,-302000000,-302000000,-410000000,-410000000,-410000000,-410000000,-318000000,-318000000,-318000000,-318000000,-1147000000,-1147000000,-1147000000,-1147000000,-1800000000,-1800000000,-1800000000,-1800000000,-2662000000,-2890000000,-3118000000,-3346000000,-2193000000,-2471000000,-2475000000,-2476000000,-1066000000,-1009000000,-951000000,-894000000,-1689000000,-1593000000,-1496000000,-1436000000,-2531000000
490,리스사,10250,케이비캐피탈㈜,B,SK104,요약재무상태표(부채 및 자본)(08.03월 이후),A,부채 및 자본총계,1383832000000,1689150000000,1866574000000,1802189000000,1732442000000,1771127000000,1996805000000,2151216000000,2187058000000,2360892000000,2573130000000,2779479000000,2891007000000,3023185000000,3059009000000,3161794000000,3225356000000,3330904000000,3437199000000,3537592000000,3539466000000,3655164000000,3798868000000,3939851000000,4011941000000,3926211000000,3837830000000,4047444000000,4268918000000,4599457000000,4967669000000,5587682000000,5927569000000,6542469000000,6924518000000,7452823000000,7776581000000,8140480000000,8517410000000,8736904000000,8777590000000,9183495000000,9440464000000,9474016000000,9637607000000,10033953000000,10315549000000,11125181000000,11430584000000,12066336000000,12253269000000,12750538000000,12805614000000,13704850000000,14063804000000,14399706000000,14856637000000,15387937000000,15428456000000,15909060000000,15355563000000,15870883000000,16206092000000,16411450000000,16744573000000,17268182000000,17800490000000,17847799000000
491,리스사,10250,케이비캐피탈㈜,B,SK104,요약재무상태표(부채 및 자본)(08.03월 이후),A1,부채,1210364000000,1509330000000,1682486000000,1617461000000,1547767000000,1582143000000,1798941000000,1939811000000,1974448000000,2145899000000,2347081000000,2541895000000,2658509000000,2779847000000,2806488000000,2889741000000,2956333000000,3047695000000,3082761000000,3165522000000,3168322000000,3271818000000,3402902000000,3527585000000,3609030000000,3510653000000,3415554000000,3619674000000,3784220000000,4100424000000,4398953000000,5008935000000,5291427000000,5826956000000,6184154000000,6646222000000,6944068000000,7236308000000,7575162000000,7780454000000,7829067000000,8207365000000,8445888000000,8460995000000,8546546000000,8916597000000,9164443000000,9963484000000,10184010000000,10791054000000,10840530000000,11316221000000,11325579000000,12174233000000,12476609000000,12578291000000,12862217000000,13340993000000,13338877000000,13804734000000,13211953000000,13673466000000,13961053000000,14146218000000,14424860000000,14878722000000,15354689000000,15389698000000
492,리스사,10250,케이비캐피탈㈜,B,SK104,요약재무상태표(부채 및 자본)(08.03월 이후),A11,차입부채,1062658000000,1353789000000,1479463000000,1449827000000,1365846000000,1388629000000,1598618000000,1731473000000,1760295000000,1939232000000,2140377000000,2325842000000,2423274000000,2551537000000,2574487000000,2645783000000,2690647000000,2796747000000,2826939000000,2906710000000,2891951000000,3017038000000,3147466000000,3257689000000,3316593000000,3231720000000,3112112000000,3296958000000,3426728000000,3716358000000,3996086000000,4560407000000,4815039000000,5319389000000,5664497000000,6099381000000,6364015000000,6658829000000,6988722000000,7153814000000,7203930000000,7553465000000,7773259000000,7758388000000,7833363000000,8193222000000,8423082000000,9182555000000,9382280000000,9931771000000,9952052000000,10365450000000,10359306000000,11187865000000,11500621000000,11546835000000,11822359000000,12314727000000,12330409000000,12768044000000,12161481000000,12624322000000,12935520000000,13084453000000,13364373000000,13823514000000,14292514000000,14306824000000
493,리스사,10250,케이비캐피탈㈜,B,SK104,요약재무상태표(부채 및 자본)(08.03월 이후),A110,차입금,,,,,,,422844000000,406286000000,447951000000,508130000000,579196000000,495381000000,,,,,,,,,,,,,,,,,,,,,,,,,,,,,,,,,,,,,,,,,,,,,,,,,,,,,,,,
494,리스사,10250,케이비캐피탈㈜,B,SK104,요약재무상태표(부채 및 자본)(08.03월 이후),A110,차입부채_차입금,,,,,,,,,,,,,402971000000,341463000000,399000000000,340000000000,390000000000,426000000000,336000000000,341000000000,306000000000,411000000000,471000000000,716000000000,580000000000,495000000000,425000000000,360000000000,260000000000,120000000000,140000000000,344660000000,294660000000,329660000000,285000000000,280000000000,215000000000,120000000000,140000000000,130000000000,160000000000,250000000000,220000000000,150000000000,130000000000,260000000000,320000000000,420000000000,480000000000,460000000000,360000000000,180000000000,140000000000,600000000000,860000000000,1081210000000,1208974000000,1405791000000,1799180000000,2125982000000,2037622000000,2039490000000,1971588000000,2064775000000,2096965000000,1728467000000,1408998000000,997530000000
495,리스사,10250,케이비캐피탈㈜,B,SK104,요약재무상태표(부채 및 자본)(08.03월 이후),A111,단기차입금,201450000000,280450000000,335450000000,496278000000,297970000000,372470000000,360930000000,349786000000,391265000000,472040000000,564196000000,465381000000,,,,,,,,,,,,,,,,,,,,,,,,,,,,,,,,,,,,,,,,,,,,,,,,,,,,,,,,
496,리스사,10250,케이비캐피탈㈜,B,SK104,요약재무상태표(부채 및 자본)(08.03월 이후),A111,차입부채_차입금_단기차입금,,,,,,,,,,,,,372713000000,311463000000,369000000000,340000000000,390000000000,426000000000,336000000000,341000000000,306000000000,411000000000,471000000000,716000000000,580000000000,495000000000,425000000000,360000000000,260000000000,120000000000,140000000000,344660000000,294660000000,329660000000,285000000000,280000000000,215000000000,120000000000,140000000000,130000000000,160000000000,250000000000,220000000000,150000000000,130000000000,260000000000,320000000000,420000000000,480000000000,460000000000,360000000000,180000000000,140000000000,600000000000,860000000000,100000000000,40000000000,30000000000,160000000000,475000000000,375000000000,365000000000,285000000000,370000000000,490000000000,380000000000,300000000000,140000000000
497,리스사,10250,케이비캐피탈㈜,B,SK104,요약재무상태표(부채 및 자본)(08.03월 이후),A112,차입부채_차입금_콜머니,,,,,,,,,,,,,0, , , , , , , , , ,0, , ,0, , , , , , , , , , , , , , ,0,0,0,0,0,0, ,0,0, , ,0,0, , ,0,0,0,0,0,0,0,0,0,0,0,0,0
498,리스사,10250,케이비캐피탈㈜,B,SK104,요약재무상태표(부채 및 자본)(08.03월 이후),A112,콜머니,0,0,0,0,0,0,0,0,0,0,0,0,,,,,,,,,,,,,,,,,,,,,,,,,,,,,,,,,,,,,,,,,,,,,,,,,,,,,,,,
499,리스사,10250,케이비캐피탈㈜,B,SK104,요약재무상태표(부채 및 자본)(08.03월 이후),A113,장기차입금,100429000000,87506000000,75617000000,14778000000,29059000000,47044000000,61914000000,56500000000,56686000000,36090000000,15000000000,30000000000,,,,,,,,,,,,,,,,,,,,,,,,,,,,,,,,,,,,,,,,,,,,,,,,,,,,,,,,
500,리스사,10250,케이비캐피탈㈜,B,SK104,요약재무상태표(부채 및 자본)(08.03월 이후),A113,차입부채_차입금_장기차입금,,,,,,,,,,,,,30258000000,30000000000,30000000000, , , , , , ,0,0,0,0,0,0,0,0,0,0,0,0,0,0,0,0,0,0,0,0,0,0,0,0,0,0,0,0,0,0,0,0,0,0,1050000000000,1250000000000,1470000000000,1760000000000,1760000000000,1760000000000,1760000000000,1760000000000,1760000000000,1660000000000,1390000000000,1140000000000,880000000000
501,리스사,10250,케이비캐피탈㈜,B,SK104,요약재무상태표(부채 및 자본)(08.03월 이후),A114,유동성 장기차입금,41781000000,32377000000,0,0,0,0,0,0,0,0,0,0,,,,,,,,,,,,,,,,,,,,,,,,,,,,,,,,,,,,,,,,,,,,,,,,,,,,,,,,
502,리스사,10250,케이비캐피탈㈜,B,SK104,요약재무상태표(부채 및 자본)(08.03월 이후),A114,차입부채_차입금_유동성 장기차입금,,,,,,,,,,,,,0, , , , , , , , , ,0, , ,0, , , , , , , , , , , , , , ,0,0,0,0,0,0, ,0,0, , ,0,0, , ,0,0,0,0,0,0,0,0,0,0,0,0,0
503,리스사,10250,케이비캐피탈㈜,B,SK104,요약재무상태표(부채 및 자본)(08.03월 이후),A115,사  채,718998000000,953456000000,1068396000000,938771000000,1038817000000,969115000000,1175774000000,1325187000000,1312344000000,1431102000000,1561181000000,1830461000000,,,,,,,,,,,,,,,,,,,,,,,,,,,,,,,,,,,,,,,,,,,,,,,,,,,,,,,,
504,리스사,10250,케이비캐피탈㈜,B,SK104,요약재무상태표(부채 및 자본)(08.03월 이후),A115,차입부채_사 채,,,,,,,,,,,,,2020303000000,2210074000000,2175487000000,2305783000000,2300647000000,2370747000000,2490939000000,2565710000000,2585951000000,2606038000000,2676466000000,2541689000000,2736593000000,2736720000000,2687112000000,2936958000000,3166728000000,3596358000000,3856086000000,4215747000000,4520379000000,4989729000000,5379497000000,5819381000000,6149015000000,6538829000000,6848722000000,7023814000000,7043930000000,7303465000000,7553259000000,7608388000000,7703363000000,7933222000000,8103082000000,8762555000000,8902280000000,9471771000000,9592052000000,10185450000000,10219306000000,10587865000000,10640621000000,10465626000000,10613385000000,10908936000000,10531228000000,10642062000000,10123859000000,10584832000000,10963931000000,11019678000000,11267408000000,12095047000000,12883516000000,13309294000000
505,리스사,10250,케이비캐피탈㈜,B,SK104,요약재무상태표(부채 및 자본)(08.03월 이후),A1150,차입부채_사 채_단기사채,,,,,,,0,0,0,0,0,0,0, , , , , , , , , ,0, , ,0, , , , , , , , , , , , , , ,0,0,0,0,0,0, ,0,0, , ,0,0, , ,0,0,0,0,0,0,0,0,0,0,0,0,0
506,리스사,10250,케이비캐피탈㈜,B,SK104,요약재무상태표(부채 및 자본)(08.03월 이후),A11500,차입부채_사 채_단기사채_(사채발행차금),,,,,,,0,0,0,0,0,0,0, , , , , , , , , ,0, , ,0, , , , , , , , , , , , , , ,0,0,0,0,0,0, ,0,0, , ,0,0, , ,0,0,0,0,0,0,0,0,0,0,0,0,0
507,리스사,10250,케이비캐피탈㈜,B,SK104,요약재무상태표(부채 및 자본)(08.03월 이후),A1151,차입부채_사 채_유동성사채,,,,,,,557612000000,477612000000,420000000000,575000000000,625000000000,585000000000,720000000000,790000000000,805000000000,995000000000,910000000000,1040000000000,900000000000,925000000000,985000000000,895000000000,1025000000000,975000000000,970000000000,930000000000,1030000000000,1030000000000,1100000000000,1210000000000,1130000000000,1165000000000,1190000000000,1220000000000,1400000000000,1655000000000,1795000000000,1885000000000,2095000000000,2095000000000,2130000000000,2160000000000,2160000000000,2185000000000,2260000000000,2440000000000,2470000000000,2560000000000,2710000000000,2960000000000,3240000000000,3060000000000,2880000000000,3370000000000,3386000000000,3390000000000,3710000000000,3971000000000,4180000000000,4247900000000,4618700000000,4260000000000,4162000000000,4093400000000,4153400000000,4318400000000,4317400000000,4588400000000
508,리스사,10250,케이비캐피탈㈜,B,SK104,요약재무상태표(부채 및 자본)(08.03월 이후),A11510,차입부채_사 채_유동성사채_(유동성사채발행차금),,,,,,,555000000,286000000,308000000,663000000,576000000,522000000,703000000,670000000,655000000,720000000,607000000,667000000,453000000,554000000,586000000,614000000,506000000,462000000,600000000,511000000,463000000,423000000,412000000,497000000,412000000,389000000,431000000,488000000,506000000,620000000,670000000,1777000000,1919000000,1843000000,1834000000,1931000000,1926000000,1897000000,1945000000,2083000000,2107000000,2173000000,2348000000,2569000000,2683000000,3395000000,3129000000,3658000000,3568000000,3358000000,3564000000,3746000000,3809000000,3775000000,3926000000,3762000000,3744000000,3555000000,3584000000,3736000000,3597000000,3707000000
509,리스사,10250,케이비캐피탈㈜,B,SK104,요약재무상태표(부채 및 자본)(08.03월 이후),A1152,차입부채_사 채_장기사채,,,,,,,620000000000,850000000000,895000000000,860000000000,940000000000,1250000000000,1305000000000,1425000000000,1375000000000,1315000000000,1395000000000,1335000000000,1595000000000,1645000000000,1605000000000,1715000000000,1655000000000,1570000000000,1770000000000,1810000000000,1660000000000,1910000000000,2070000000000,2390000000000,2730000000000,3055000000000,3335000000000,3775000000000,3985000000000,4170000000000,4360000000000,4660000000000,4760000000000,4935000000000,4920000000000,5150000000000,5400000000000,5430000000000,5450000000000,5500000000000,5640000000000,6210000000000,6200000000000,6520000000000,6360000000000,7136400000000,7350050000000,7229000000000,7265470000000,7085650000000,6913240000000,6947870000000,6360440000000,6403290000000,5513440000000,6333840000000,6811440000000,6935520000000,7123390000000,7786760000000,8576530000000,8731300000000
510,리스사,10250,케이비캐피탈㈜,B,SK104,요약재무상태표(부채 및 자본)(08.03월 이후),A11520,차입부채_사 채_장기사채_(사채발행차금),,,,,,,2076000000,2932000000,3141000000,3235000000,3243000000,4017000000,3994000000,4256000000,3858000000,3496000000,3746000000,3586000000,3608000000,3736000000,3463000000,3348000000,3027000000,2849000000,2807000000,2769000000,2425000000,2619000000,2860000000,3145000000,3502000000,3864000000,4189000000,4782000000,4996000000,4999000000,5315000000,4394000000,4359000000,4342000000,4236000000,4604000000,4815000000,4715000000,4692000000,4695000000,4811000000,5272000000,5372000000,5660000000,5266000000,7555000000,7615000000,7478000000,7281000000,6666000000,6292000000,6188000000,5403000000,5353000000,4355000000,5246000000,5765000000,5687000000,5798000000,6376000000,6817000000,6698000000
511,리스사,10250,케이비캐피탈㈜,B,SK104,요약재무상태표(부채 및 자본)(08.03월 이후),A1153,차입부채_사 채_기타,,,,,,,-1838000000,-2425000000,-2656000000,-3898000000,-3819000000,-4539000000,-9394000000,-9852000000,-9026000000,-8433000000,-8706000000,-8506000000,-8122000000,-8580000000,-8098000000,-7924000000,-7067000000,-6622000000,-6814000000,-6560000000,-5776000000,-6084000000,-6544000000,-7284000000,-7828000000,-8506000000,-9241000000,-10541000000,-11005000000,-11238000000,-11970000000,-12342000000,-12556000000,-12371000000,-12140000000,-13070000000,-13482000000,-13224000000,-13274000000,-13556000000,-13836000000,-14890000000,-15440000000,-16458000000,-15897000000,-21900000000,-21488000000,-22271000000,-21698000000,-20048000000,-19711000000,-19868000000,-18424000000,-18256000000,-16562000000,-18016000000,-19018000000,-18484000000,-18764000000,-20225000000,-20828000000,-20811000000
512,리스사,10250,케이비캐피탈㈜,B,SK104,요약재무상태표(부채 및 자본)(08.03월 이후),A12,기타부채,147706000000,155541000000,203023000000,167634000000,181921000000,193514000000,200323000000,208338000000,214153000000,206667000000,206704000000,216053000000,235235000000,228309000000,232001000000,243957000000,265686000000,250947000000,255821000000,258812000000,276370000000,254781000000,255436000000,269896000000,292437000000,278933000000,303442000000,322717000000,357492000000,384066000000,402868000000,448528000000,476388000000,507566000000,519657000000,546841000000,580053000000,577479000000,586440000000,626640000000,625137000000,653900000000,672629000000,702607000000,713183000000,723375000000,741361000000,780929000000,801730000000,859283000000,888478000000,950771000000,966273000000,986368000000,975988000000,1031456000000,1039858000000,1026266000000,1008468000000,1036690000000,1050472000000,1049144000000,1025533000000,1061765000000,1060487000000,1055208000000,1062175000000,1082874000000
513,리스사,10250,케이비캐피탈㈜,B,SK104,요약재무상태표(부채 및 자본)(08.03월 이후),A120,기타부채_영업미지급금,,,,,,,18992000000,19730000000,16810000000,10293000000,10160000000,11945000000,21025000000,10345000000,10658000000,11510000000,27021000000,12041000000,13807000000,18629000000,29958000000,14027000000,11266000000,14375000000,21487000000,7234000000,17278000000,18188000000,22333000000,13753000000,10502000000,19470000000,25480000000,14800000000,8739000000,11419000000,24176000000,8259000000,4423000000,9449000000,3292000000,13960000000,3866000000,18087000000,27146000000,24877000000,21435000000,32944000000,20765000000,37142000000,25995000000,37526000000,26911000000,32056000000,18605000000,29163000000,18185000000,31579000000,22593000000,32354000000,33875000000,60299000000,38805000000,63567000000,54229000000,44356000000,50906000000,63184000000
514,리스사,10250,케이비캐피탈㈜,B,SK104,요약재무상태표(부채 및 자본)(08.03월 이후),A121,기타부채_장기미지급금,,,,,,,0,0,0,0,0,0,0, , , , , , , , ,0,0,0,0,0,0,0,0,0,0,0,0,0,0,0,0,0,0,0,0,0,0,0,0,0,0,0,0,0,0,0,0,0,0,0,0,0,0,0,0,0,0,0,0,0,0,0
515,리스사,10250,케이비캐피탈㈜,B,SK104,요약재무상태표(부채 및 자본)(08.03월 이후),A122,기타부채_기타의 부채,,,,,,,60334000000,56247000000,55032000000,40664000000,33379000000,33377000000,57690000000,51765000000,51237000000,52867000000,56993000000,47636000000,47459000000,44988000000,50139000000,46336000000,47199000000,53258000000,51318000000,48854000000,50553000000,52318000000,57326000000,63348000000,64947000000,72678000000,71588000000,88137000000,91018000000,103659000000,103825000000,109087000000,105260000000,131030000000,135288000000,126340000000,134244000000,149216000000,132453000000,134354000000,140804000000,154508000000,161509000000,167554000000,177027000000,212031000000,224139000000,218423000000,209876000000,244152000000,271051000000,251282000000,253628000000,287083000000,293465000000,266148000000,275571000000,291454000000,302965000000,319759000000,324847000000,342827000000
516,리스사,10250,케이비캐피탈㈜,B,SK104,요약재무상태표(부채 및 자본)(08.03월 이후),A1220,기타부채_기타의 부채_가수금,,,,,,,0,0,0,0,0,0,453000000,556000000,799000000,783000000,592000000,1068000000,526000000,557000000,7682000000,740000000,718000000,528000000,932000000,1872000000,1527000000,1455000000,1629000000,1755000000,1916000000,2595000000,3599000000,3349000000,3638000000,3612000000,4808000000,8470000000,3689000000,4779000000,4906000000,4166000000,4154000000,5354000000,4393000000,6108000000,5685000000,6491000000,5031000000,7921000000,5470000000,4210000000,6603000000,4287000000,2626000000,3261000000,3394000000,3024000000,2528000000,2694000000,6616000000,5584000000,6862000000,6290000000,5296000000,5574000000,6157000000,5020000000
517,리스사,10250,케이비캐피탈㈜,B,SK104,요약재무상태표(부채 및 자본)(08.03월 이후),A1221,기타부채_기타의 부채_예수금,,,,,,,2975000000,1756000000,2255000000,2382000000,2732000000,2029000000,1976000000,2589000000,1730000000,1833000000,3805000000,1678000000,2617000000,2567000000,2699000000,4464000000,2578000000,1540000000,3703000000,2331000000,2098000000,1711000000,3428000000,1988000000,2583000000,2274000000,3023000000,4235000000,3747000000,2834000000,4793000000,2848000000,3790000000,3069000000,4994000000,3090000000,3727000000,3589000000,7877000000,4631000000,5056000000,5033000000,7003000000,5638000000,6272000000,5182000000,6246000000,5668000000,6318000000,5581000000,6875000000,6412000000,7166000000,7172000000,8026000000,7872000000,9157000000,9287000000,10336000000,9643000000,10319000000,9517000000
518,리스사,10250,케이비캐피탈㈜,B,SK104,요약재무상태표(부채 및 자본)(08.03월 이후),A1222,기타부채_기타의 부채_선수금,,,,,,,1459000000,1444000000,2120000000,2184000000,2053000000,2085000000,954000000,950000000,835000000,797000000,671000000,313000000,442000000,602000000,717000000,678000000,697000000,719000000,819000000,663000000,623000000,649000000,654000000,760000000,837000000,975000000,1099000000,1524000000,2000000000,2603000000,3258000000,3512000000,4482000000,4233000000,6877000000,12031000000,15172000000,18469000000,20452000000,23462000000,26470000000,29344000000,37657000000,46362000000,54302000000,61860000000,68081000000,74082000000,76392000000,78187000000,77474000000,77700000000,78302000000,75692000000,74187000000,75098000000,75550000000,75889000000,74944000000,74106000000,73552000000,74455000000
519,리스사,10250,케이비캐피탈㈜,B,SK104,요약재무상태표(부채 및 자본)(08.03월 이후),A1223,기타부채_기타의 부채_선수수익,,,,,,,7002000000,6459000000,4887000000,5541000000,5328000000,6465000000,24351000000,24114000000,22922000000,21418000000,20406000000,20034000000,18340000000,16728000000,15522000000,14499000000,14798000000,15411000000,16684000000,17129000000,17883000000,19079000000,21306000000,22979000000,23326000000,25296000000,26029000000,27291000000,27685000000,28758000000,27100000000,31861000000,33005000000,35226000000,37375000000,42069000000,44491000000,45000000000,45137000000,44898000000,43730000000,44137000000,44105000000,45443000000,46513000000,47834000000,48032000000,49029000000,49772000000,50726000000,51342000000,54499000000,57416000000,60846000000,66539000000,72555000000,75059000000,80156000000,81129000000,81468000000,82015000000,89307000000
520,리스사,10250,케이비캐피탈㈜,B,SK104,요약재무상태표(부채 및 자본)(08.03월 이후),A1224,기타부채_기타의 부채_미지급금,,,,,,,0,0,0,0,0,0,0, , , , , , , , ,0,0,0,0,0,0,0,0,0,0,0,0,0,0,0,0,0,0,0,0,0,0,0,0,0,0,0,0,0,0,0,0,0,0,0,0,0,0,0,0,0,0,0,0,0,0,0
521,리스사,10250,케이비캐피탈㈜,B,SK104,요약재무상태표(부채 및 자본)(08.03월 이후),A1225,기타부채_기타의 부채_미지급비용,,,,,,,42764000000,41152000000,41254000000,26028000000,18747000000,15038000000,17662000000,18135000000,18525000000,20107000000,17863000000,17981000000,17811000000,19497000000,16538000000,22538000000,22541000000,25585000000,23631000000,22004000000,24442000000,27741000000,26399000000,31260000000,29330000000,34916000000,30438000000,39916000000,38509000000,49990000000,44335000000,47307000000,45110000000,65580000000,57418000000,61913000000,61694000000,63016000000,40789000000,41799000000,43778000000,54998000000,46911000000,49250000000,47323000000,59253000000,57786000000,54265000000,50216000000,68823000000,59669000000,57108000000,61599000000,89659000000,77546000000,80679000000,86820000000,108236000000,105397000000,109859000000,114853000000,125975000000
522,리스사,10250,케이비캐피탈㈜,B,SK104,요약재무상태표(부채 및 자본)(08.03월 이후),A1226,기타부채_기타의 부채_미지급법인세,,,,,,,5480000000,5350000000,4516000000,3603000000,4496000000,7760000000,12170000000,5269000000,6336000000,7844000000,13509000000,6472000000,7644000000,4928000000,6860000000,3317000000,5887000000,9475000000,5548000000,4853000000,3981000000,1682000000,3910000000,4606000000,6955000000,6621000000,7400000000,11821000000,15439000000,15862000000,19532000000,15089000000,15184000000,18143000000,23718000000,3070000000,5007000000,13788000000,13779000000,13462000000,16093000000,14478000000,20808000000,12944000000,17072000000,20793000000,35151000000,29122000000,19888000000,34984000000,66542000000,48703000000,41613000000,45559000000,58255000000,24361000000,24584000000,11528000000,25758000000,38986000000,37843000000,38389000000
523,리스사,10250,케이비캐피탈㈜,B,SK104,요약재무상태표(부채 및 자본)(08.03월 이후),A1227,기타부채_기타의 부채_선불카드수탁금,,,,,,,0,0,0,0,0,0,0, , , , , , , , , ,0, , ,0, , , , , , , , , , , , , , ,0,0,0,0,0,0, ,0,0, , ,0,0, , ,0,0,0,0,0,0,0,0,0,0,0,0,0
524,리스사,10250,케이비캐피탈㈜,B,SK104,요약재무상태표(부채 및 자본)(08.03월 이후),A1228,기타부채_기타의 부채_부가세예수금,,,,,,,0,0,0,0,0,0,48000000,74000000,69000000,71000000,74000000,85000000,78000000,110000000,121000000,101000000,-20000000,0,0,0,0,0,0,0,0,0,0,0,0,0,0,0,0,0,0,0,0,0,28000000,-6000000,-8000000,28000000,-5000000,-5000000,75000000,12000000,60000000,1969000000,4664000000,2590000000,5755000000,3835000000,5004000000,5461000000,2296000000,-1000000,-2461000000,69000000,105000000,125000000,108000000,164000000
525,리스사,10250,케이비캐피탈㈜,B,SK104,요약재무상태표(부채 및 자본)(08.03월 이후),A1229,기타부채_기타의 부채_선물환거래대,,,,,,,0,0,0,0,0,0,0, , , , , , , , , ,0, , ,0, , , , , , , , , , , , , , ,0,0,0,0,0,0, ,0,0, , ,0,0, , ,0,0,0,0,0,0,0,0,0,0,0,0,0
526,리스사,10250,케이비캐피탈㈜,B,SK104,요약재무상태표(부채 및 자본)(08.03월 이후),A122A,기타부채_기타의 부채_파생상품부채,,,,,,,654000000,86000000,0,926000000,23000000,0,77000000,78000000,21000000,14000000,73000000,5000000,2000000, , ,0,0,0,0,0,0,0,0,0,0,0,0,0,0,0,0,0,0,0,0,0,0,0,0,0,0,0,0,0,0,12885000000,2181000000,0,0,0,0,0,0,0,0,0,0,0,0,0,0,0
527,리스사,10250,케이비캐피탈㈜,B,SK104,요약재무상태표(부채 및 자본)(08.03월 이후),A122B,기타부채_기타의 부채_옵션수입프리미엄,,,,,,,0,0,0,0,0,0,0, , , , , , , , , ,0, , ,0, , , , , , , , , , , , , , ,0,0,0,0,0,0, ,0,0, , ,0,0, , ,0,0,0,0,0,0,0,0,0,0,0,0,0
528,리스사,10250,케이비캐피탈㈜,B,SK104,요약재무상태표(부채 및 자본)(08.03월 이후),A122C,기타부채_기타의 부채_이연리스수익,,,,,,,0,0,0,0,0,0,0, , , , , , , , , ,0, , ,0, , , , , , , , , , , , , , ,0,0,0,0,0,0, ,0,0, , ,0,0, , ,0,0,0,0,0,0,0,0,0,0,0,0,0
529,리스사,10250,케이비캐피탈㈜,B,SK104,요약재무상태표(부채 및 자본)(08.03월 이후),A122D,기타부채_기타의 부채_기타의 유동부채,,,,,,,0,0,0,0,0,0,0, , , , , , , , , ,0, , ,0, , , , , , , , , , , , , , ,0,0,0,0,0,0, ,0,0, , ,0,0, , ,0,0,0,0,0,0,0,0,0,0,0,0,0
530,리스사,10250,케이비캐피탈㈜,B,SK104,요약재무상태표(부채 및 자본)(08.03월 이후),A122E,기타부채_유동성 장기부채,,,,,,,0,0,0,0,0,0,0, , , , , , , , ,0,0,0,0,0,0,0,0,0,0,0,0,0,0,0,0,0,0,0,0,0,0,0,0,0,0,0,0,0,0,0,0,0,0,0,0,0,0,0,0,0,0,0,0,0,0,0
531,리스사,10250,케이비캐피탈㈜,B,SK104,요약재무상태표(부채 및 자본)(08.03월 이후),A123,기타부채_리스보증금,,,,,,,118269000000,126297000000,135743000000,150115000000,158235000000,165701000000,151605000000,157881000000,161862000000,168026000000,171601000000,175124000000,176515000000,174078000000,172397000000,168723000000,171627000000,176277000000,190663000000,194430000000,205378000000,220144000000,242039000000,267602000000,285972000000,315017000000,336781000000,360828000000,376013000000,390515000000,410708000000,417709000000,431458000000,442526000000,447115000000,466397000000,480784000000,484210000000,491815000000,500179000000,511623000000,529469000000,547466000000,575137000000,601965000000,624232000000,636176000000,650192000000,657736000000,663369000000,659285000000,656899000000,651343000000,638856000000,645321000000,643048000000,633392000000,629959000000,624067000000,611396000000,605942000000,598810000000
532,리스사,10250,케이비캐피탈㈜,B,SK104,요약재무상태표(부채 및 자본)(08.03월 이후),A124,기타부채_보 증 금,,,,,,,1402000000,1529000000,1248000000,1331000000,1132000000,1193000000,1078000000,999000000,1003000000,1000000000,1024000000,2884000000,2872000000,2658000000,2818000000,2804000000,2784000000,2756000000,2910000000,2500000000,2472000000,2474000000,2692000000,3525000000,3491000000,3626000000,3666000000,3531000000,3336000000,2471000000,2264000000,2133000000,2101000000,1707000000,1375000000,1388000000,1313000000,1267000000,1251000000,1288000000,914000000,912000000,947000000,3219000000,3189000000,2241000000,2241000000,5165000000,5686000000,16452000000,11325000000,6328000000,6185000000,6233000000,6241000000,6297000000,6376000000,6429000000,6484000000,6645000000,6607000000,6554000000
533,리스사,10250,케이비캐피탈㈜,B,SK104,요약재무상태표(부채 및 자본)(08.03월 이후),A1240,기타부채_보 증 금_상환이행보증금,,,,,,,0,0,0,0,0,0,0, , , , , , , , , ,0, , ,0, , , , , , , , , , , , , , ,0,0,0,0,0,0, ,0,0, , ,0,0, , ,0,0,0,0,0,0,0,0,0,0,0,0,0
534,리스사,10250,케이비캐피탈㈜,B,SK104,요약재무상태표(부채 및 자본)(08.03월 이후),A1241,기타부채_보 증 금_임대보증금,,,,,,,0,0,0,0,0,0,0, , , , , , , , , ,0, , ,0, , , , , , , , , , , , , , ,0,0,0,0,0,3000000,3000000,3000000,3000000,3000000,3000000,3000000,3000000,3000000,3000000,3000000,3000000,3000000,3000000,3000000,3000000,3000000,3000000,3000000,3000000,3000000,0,0
535,리스사,10250,케이비캐피탈㈜,B,SK104,요약재무상태표(부채 및 자본)(08.03월 이후),A1242,기타부채_보 증 금_기타보증금,,,,,,,1402000000,1529000000,1248000000,1331000000,1132000000,1193000000,1078000000,999000000,1003000000,1000000000,1024000000,2884000000,2872000000,2658000000,2818000000,2804000000,2784000000,2756000000,2910000000,2500000000,2472000000,2474000000,2692000000,3525000000,3491000000,3626000000,3666000000,3531000000,3336000000,2471000000,2264000000,2133000000,2101000000,1707000000,1375000000,1388000000,1313000000,1267000000,1251000000,1285000000,911000000,909000000,944000000,3216000000,3186000000,2238000000,2238000000,5162000000,5683000000,16449000000,11322000000,6325000000,6182000000,6230000000,6238000000,6294000000,6373000000,6426000000,6481000000,6642000000,6607000000,6554000000
536,리스사,10250,케이비캐피탈㈜,B,SK104,요약재무상태표(부채 및 자본)(08.03월 이후),A125,기타부채_퇴직급여채무,,,,,,,2155000000,2557000000,2725000000,3005000000,3000000000,3490000000,4653000000,5282000000,5680000000,4788000000,5464000000,5871000000,6399000000,6636000000,7373000000,7370000000,7923000000,8970000000,10552000000,11025000000,11582000000,15691000000,16548000000,17310000000,18140000000,18204000000,19055000000,19913000000,20912000000,22113000000,22651000000,23614000000,24636000000,24381000000,25241000000,26089000000,26927000000,27666000000,28278000000,29260000000,30231000000,32805000000,33821000000,34759000000,35888000000,37753000000,38943000000,38628000000,39550000000,38185000000,39430000000,40372000000,40595000000,34782000000,35396000000,36635000000,36779000000,42241000000,42255000000,43291000000,44821000000,48513000000
537,리스사,10250,케이비캐피탈㈜,B,SK104,요약재무상태표(부채 및 자본)(08.03월 이후),A1250,기타부채_퇴직급여채무_(미인식보험수리적손익) (+-),,,,,,,,,,,,, , , , , , , , , ,0,0,0,0,0,0,0,0,0,0,0,0,0,0,0,0,0,0,0,0,0,0,0,0,0,0,0,0,0,0,0,0,0,0,0,0,0,0,0,0,0,0,0,0,0,0,0
538,리스사,10250,케이비캐피탈㈜,B,SK104,요약재무상태표(부채 및 자본)(08.03월 이후),A1251,기타부채_퇴직급여채무_(미인식과거근무원가) (-),,,,,,,,,,,,, , , , , , , , , ,0,0,0,0,0,0,0,0,0,0,0,0,0,0,0,0,0,0,0,0,0,0,0,0,0,0,0,0,0,0,0,0,0,0,0,0,0,0,0,0,0,0,0,0,0,0,0
539,리스사,10250,케이비캐피탈㈜,B,SK104,요약재무상태표(부채 및 자본)(08.03월 이후),A1252,기타부채_퇴직급여채무_(퇴직급여사외적립자산) (-),,,,,,,,,,,,,2211000000,2214000000,2218000000,3152000000,3154000000,3157000000,3119000000,4268000000,4035000000,4553000000,4427000000,5425000000,5418000000,5373000000,5211000000,9339000000,9281000000,9196000000,9096000000,12405000000,12233000000,12093000000,12042000000,19954000000,19290000000,19037000000,18841000000,22790000000,22657000000,22307000000,22010000000,26694000000,26355000000,26199000000,25842000000,31631000000,31574000000,31334000000,31271000000,37753000000,38943000000,38628000000,38453000000,38185000000,39430000000,40372000000,40595000000,34782000000,35396000000,36635000000,36779000000,42241000000,42255000000,43291000000,44821000000,48513000000
540,리스사,10250,케이비캐피탈㈜,B,SK104,요약재무상태표(부채 및 자본)(08.03월 이후),A126,기타부채_지급보증충당금,,,,,,,0,0,0,0,0,0,1115000000,1273000000,1370000000,1355000000,1281000000,1178000000,1087000000,992000000,874000000,777000000,683000000,578000000,483000000,400000000,330000000,270000000,215000000,166000000,122000000,90000000,66000000,47000000,33000000,24000000,0,0,126000000,1934000000,1998000000,1997000000,1997000000,1309000000,1309000000,1309000000,1309000000,640000000,640000000,640000000,640000000,783000000,827000000,1185000000,1283000000,1284000000,1137000000,1153000000,1360000000,1069000000,819000000,969000000,1231000000,495000000,703000000,965000000,1161000000,1322000000
541,리스사,10250,케이비캐피탈㈜,B,SK104,요약재무상태표(부채 및 자본)(08.03월 이후),A127,기타부채_포인트충당부채,,,,,,,0,0,0,0,0,0,0, , , , , , , , , ,0, , ,0, , , , , , , , , , , , , , ,0,0,0,0,0,0, ,0,0, , ,0,0, , ,0,0,0,0,0,0,0,0,0,0,0,0,0
542,리스사,10250,케이비캐피탈㈜,B,SK104,요약재무상태표(부채 및 자본)(08.03월 이후),A128,기타부채_미지급배당금,,,,,,,0,0,0,0,0,0,0, , , , , , , , , ,0, , ,0, , , , , , , , , , , , , , ,0,0,0,0,0,0, ,0,0, , ,0,0, , ,0,0,0,0,0,0,0,0,0,0,0,0,0
543,리스사,10250,케이비캐피탈㈜,B,SK104,요약재무상태표(부채 및 자본)(08.03월 이후),A129,기타부채_이연법인세부채,,,,,,,112000000,3569000000,4187000000,2854000000,2398000000,2556000000,0,2692000000,2088000000,7209000000,5128000000,9078000000,8855000000,14762000000,16514000000,18951000000,17989000000,18435000000,19574000000,18660000000,19359000000,21076000000,23546000000,26355000000,27672000000,30877000000,31154000000,31779000000,31250000000,36088000000,35106000000,34931000000,36775000000,37888000000,33029000000,39278000000,44735000000,46876000000,51563000000,53126000000,56004000000,55756000000,61996000000,65916000000,69357000000,67460000000,69372000000,72082000000,75030000000,70556000000,64134000000,66398000000,60987000000,58448000000,57823000000,59937000000,57350000000,57293000000,59594000000,58785000000,59606000000,47035000000
544,리스사,10250,케이비캐피탈㈜,B,SK104,요약재무상태표(부채 및 자본)(08.03월 이후),A12A,기타부채_외화환산대,,,,,,,0,0,0,0,0,0,0, , , , , , , , , ,0, , ,0, , , , , , , , , , , , , , ,0,0,0,0,0,0, ,0,0, , ,0,0, , ,0,0,0,0,0,0,0,0,0,0,0,0,0
545,리스사,10250,케이비캐피탈㈜,B,SK104,요약재무상태표(부채 및 자본)(08.03월 이후),A12B,기타부채_미사용약정충당금,,,,,,,0,0,0,0,0,0,0, , , , , , , , , ,0, , ,0, , , , , , , , , , , , , , ,0,0,0,0,0,0, ,0,0, , ,0,0, , ,0,0,0,0,0,0,0,0,0,0,0,0,0
546,리스사,10250,케이비캐피탈㈜,B,SK104,요약재무상태표(부채 및 자본)(08.03월 이후),A12C,기타부채_이자율위험포트폴리오위험회피 대상의 공정가액변동부채,,,,,,,,,,,,, , ,30000000,57000000, , , , , ,0,0,184000000,250000000,469000000,813000000,902000000,1073000000,903000000,807000000,563000000,413000000,233000000,0,0,0,0,0,0,0,0,0,0,0,0,0,0,0,0,0,0,0,0,0,0,0,0,0,0,0,0,0,0,0,0,0,0
547,리스사,10250,케이비캐피탈㈜,B,SK104,요약재무상태표(부채 및 자본)(08.03월 이후),A12D,기타부채_기타의 기타부채,,,,,,,0,0,0,0,0,0,279000000,288000000,290000000,299000000,328000000,293000000,1946000000,336000000,332000000,347000000,393000000,488000000,619000000,733000000,886000000,993000000,1001000000,301000000,310000000,409000000,420000000,391000000,397000000,506000000,612000000,783000000,503000000,516000000,454000000,759000000,774000000,670000000,5723000000,5180000000,4884000000,5526000000,6158000000,6249000000,5687000000,6498000000,6607000000,7265000000,6675000000,6480000000,14740000000,12628000000,12372000000,12646000000,12927000000,12445000000,12808000000,12568000000,12445000000,13301000000,13106000000,23143000000
548,리스사,10250,케이비캐피탈㈜,B,SK104,요약재무상태표(부채 및 자본)(08.03월 이후),A13,요구불상환지분,,,,,,,,,,,,, , , , , , , , , , ,0, , ,0, , , , , , , , , , , , , , ,0,0,0,0,0,0, ,0,0, , ,0,0, , ,0,0,0,0,0,0,0,0,0,0,0,0,0
549,리스사,10250,케이비캐피탈㈜,B,SK104,요약재무상태표(부채 및 자본)(08.03월 이후),A130,요구불상환지분_상환우선주,,,,,,,,,,,,, , , , , , , , , , ,0, , ,0, , , , , , , , , , , , , , ,0,0,0,0,0,0, ,0,0, , ,0,0, , ,0,0,0,0,0,0,0,0,0,0,0,0,0
550,리스사,10250,케이비캐피탈㈜,B,SK104,요약재무상태표(부채 및 자본)(08.03월 이후),A131,요구불상환지분_기타,,,,,,,,,,,,, , , , , , , , , , ,0, , ,0, , , , , , , , , , , , , , ,0,0,0,0,0,0, ,0,0, , ,0,0, , ,0,0,0,0,0,0,0,0,0,0,0,0,0
551,리스사,10250,케이비캐피탈㈜,B,SK104,요약재무상태표(부채 및 자본)(08.03월 이후),A2,자본,173468000000,179820000000,184088000000,184728000000,184675000000,188984000000,197864000000,211405000000,212610000000,214993000000,226049000000,237584000000,232498000000,243339000000,252521000000,272054000000,269024000000,283210000000,354439000000,372070000000,371144000000,383346000000,395966000000,412266000000,402911000000,415558000000,422276000000,427769000000,484698000000,499033000000,568715000000,578747000000,636142000000,715513000000,740364000000,806601000000,832513000000,904172000000,942248000000,956450000000,948523000000,976130000000,994576000000,1013021000000,1091061000000,1117356000000,1151106000000,1161697000000,1246574000000,1275282000000,1412739000000,1434317000000,1480035000000,1530617000000,1587195000000,1821415000000,1994420000000,2046944000000,2089579000000,2104326000000,2143610000000,2197417000000,2245039000000,2265232000000,2319713000000,2389460000000,2445801000000,2458101000000
552,리스사,10250,케이비캐피탈㈜,B,SK104,요약재무상태표(부채 및 자본)(08.03월 이후),A21,자본금,84816000000,84816000000,84816000000,84815000000,84816000000,84816000000,84816000000,84816000000,84816000000,84816000000,84816000000,84816000000,84816000000,84816000000,84816000000,84816000000,84816000000,84816000000,107461000000,107461000000,107461000000,107461000000,107461000000,107461000000,107461000000,107461000000,107461000000,107461000000,107461000000,107461000000,107461000000,107461000000,107461000000,107461000000,107461000000,107461000000,107461000000,107461000000,107461000000,107461000000,107461000000,107461000000,107461000000,107461000000,116746000000,116746000000,116746000000,116746000000,126138000000,126138000000,126138000000,126138000000,126138000000,126138000000,126138000000,160876000000,160876000000,160876000000,160876000000,160876000000,160876000000,160876000000,160876000000,160876000000,160876000000,160876000000,160876000000,160876000000
553,리스사,10250,케이비캐피탈㈜,B,SK104,요약재무상태표(부채 및 자본)(08.03월 이후),A210,자본금_보통주자본금,,,,,,,84816000000,84816000000,84816000000,84816000000,84816000000,84816000000,84816000000,84816000000,84816000000,84816000000,84816000000,84816000000,107461000000,107461000000,107461000000,107461000000,107461000000,107461000000,107461000000,107461000000,107461000000,107461000000,107461000000,107461000000,107461000000,107461000000,107461000000,107461000000,107461000000,107461000000,107461000000,107461000000,107461000000,107461000000,107461000000,107461000000,107461000000,107461000000,116746000000,116746000000,116746000000,116746000000,126138000000,126138000000,126138000000,126138000000,126138000000,126138000000,126138000000,160876000000,160876000000,160876000000,160876000000,160876000000,160876000000,160876000000,160876000000,160876000000,160876000000,160876000000,160876000000,160876000000
554,리스사,10250,케이비캐피탈㈜,B,SK104,요약재무상태표(부채 및 자본)(08.03월 이후),A211,자본금_우선주자본금,,,,,,,0,0,0,0,0,0,0, , , , , , , , , ,0, , ,0, , , , , , , , , , , , , , ,0,0,0,0,0,0, ,0,0, , ,0,0, , ,0,0,0,0,0,0,0,0,0,0,0,0,0
555,리스사,10250,케이비캐피탈㈜,B,SK104,요약재무상태표(부채 및 자본)(08.03월 이후),A212,자본금_신주청약증거금,,,,,,,0,0,0,0,0,0,0, , , , , , , , , ,0, , ,0, , , , , , , , , , , , , , ,0,0,0,0,0,0, ,0,0, , ,0,0, , ,0,0,0,0,0,0,0,0,0,0,0,0,0
556,리스사,10250,케이비캐피탈㈜,B,SK104,요약재무상태표(부채 및 자본)(08.03월 이후),A22,자본잉여금,43803000000,43804000000,43803000000,44277000000,43803000000,43803000000,43803000000,44090000000,44090000000,44090000000,44089000000,44090000000,44576000000,44576000000,44576000000,44576000000,44576000000,44576000000,83950000000,83950000000,83950000000,83950000000,83950000000,83950000000,83950000000,83950000000,83950000000,83950000000,83950000000,83950000000,83950000000,83950000000,83950000000,83950000000,83950000000,83950000000,83950000000,83950000000,83950000000,83950000000,83950000000,83950000000,83950000000,83950000000,124592000000,124592000000,124592000000,124592000000,165134000000,165134000000,165134000000,165134000000,165134000000,165134000000,165134000000,330214000000,330214000000,330214000000,330214000000,330214000000,330214000000,330214000000,330214000000,330214000000,330214000000,330214000000,330214000000,330214000000
557,리스사,10250,케이비캐피탈㈜,B,SK104,요약재무상태표(부채 및 자본)(08.03월 이후),A220,자본잉여금_주식발행초과금,,,,,,,15660000000,15660000000,15660000000,15660000000,15660000000,15660000000,15660000000,15660000000,15660000000,15660000000,15660000000,15660000000,55033000000,55033000000,55033000000,55033000000,55033000000,55033000000,55033000000,55033000000,55033000000,55033000000,55033000000,55033000000,55033000000,55033000000,55033000000,55033000000,55033000000,55033000000,55033000000,55033000000,55033000000,55033000000,55033000000,55033000000,55033000000,55033000000,95676000000,95676000000,95676000000,95676000000,136217000000,136217000000,136217000000,136217000000,136217000000,136217000000,136217000000,301298000000,301298000000,301298000000,301298000000,301298000000,301298000000,301298000000,301298000000,301298000000,301298000000,301298000000,301298000000,301298000000
558,리스사,10250,케이비캐피탈㈜,B,SK104,요약재무상태표(부채 및 자본)(08.03월 이후),A221,자본잉여금_감자차익,,,,,,,27432000000,27432000000,27432000000,27432000000,27432000000,27432000000,27432000000,27432000000,27432000000,27432000000,27432000000,27432000000,27432000000,27432000000,27432000000,27432000000,27432000000,27432000000,27432000000,27432000000,27432000000,27432000000,27432000000,27432000000,27432000000,27432000000,27432000000,27432000000,27432000000,27432000000,27432000000,27432000000,27432000000,27432000000,27432000000,27432000000,27432000000,27432000000,27432000000,27432000000,27432000000,27432000000,27432000000,27432000000,27432000000,27432000000,27432000000,27432000000,27432000000,27432000000,27432000000,27432000000,27432000000,27432000000,27432000000,27432000000,27432000000,27432000000,27432000000,27432000000,27432000000,27432000000
559,리스사,10250,케이비캐피탈㈜,B,SK104,요약재무상태표(부채 및 자본)(08.03월 이후),A222,자본잉여금_기타자본잉여금,,,,,,,711000000,998000000,998000000,998000000,997000000,998000000,1485000000,1485000000,1485000000,1485000000,1485000000,1485000000,1485000000,1485000000,1485000000,1485000000,1485000000,1485000000,1485000000,1485000000,1485000000,1485000000,1485000000,1485000000,1485000000,1485000000,1485000000,1485000000,1485000000,1485000000,1485000000,1485000000,1485000000,1485000000,1485000000,1485000000,1485000000,1485000000,1485000000,1485000000,1485000000,1485000000,1485000000,1485000000,1485000000,1485000000,1485000000,1485000000,1485000000,1485000000,1485000000,1485000000,1485000000,1485000000,1485000000,1485000000,1485000000,1485000000,1485000000,1485000000,1485000000,1485000000
560,리스사,10250,케이비캐피탈㈜,B,SK104,요약재무상태표(부채 및 자본)(08.03월 이후),A23,이익잉여금(결손금),47644000000,54117000000,58613000000,59291000000,59001000000,64222000000,72833000000,82539000000,83675000000,86167000000,96906000000,108677000000,103201000000,114168000000,123191000000,142714000000,139641000000,154317000000,163518000000,180350000000,180650000000,192937000000,205774000000,222659000000,213552000000,226329000000,233357000000,241541000000,248978000000,263247000000,283026000000,292416000000,299734000000,329128000000,353913000000,370633000000,397087000000,419127000000,456783000000,470193000000,462288000000,489944000000,508434000000,526936000000,555049000000,581359000000,615125000000,626926000000,661858000000,690575000000,728150000000,749336000000,798125000000,846052000000,902922000000,936326000000,1013117000000,1067675000000,1115102000000,1122788000000,1163025000000,1219467000000,1266738000000,1287265000000,1342080000000,1411750000000,1464084000000,1479077000000
561,리스사,10250,케이비캐피탈㈜,B,SK104,요약재무상태표(부채 및 자본)(08.03월 이후),A230,이익잉여금(결손금)_이익준비금,,,,,,,2060000000,2060000000,2824000000,2824000000,2824000000,2824000000,3790000000,3790000000,3790000000,3790000000,5335000000,5335000000,5335000000,5335000000,6604000000,6604000000,6604000000,6604000000,7980000000,7980000000,7980000000,7980000000,8948000000,8948000000,8948000000,8948000000,10023000000,10023000000,10023000000,10023000000,11098000000,11098000000,11098000000,11098000000,12173000000,12173000000,12173000000,12173000000,12173000000,12173000000,12173000000,12173000000,12173000000,12173000000,12173000000,12173000000,12173000000,12173000000,12173000000,12173000000,12173000000,12173000000,12173000000,12173000000,12173000000,12173000000,12173000000,12173000000,12173000000,12173000000,12173000000,12173000000
562,리스사,10250,케이비캐피탈㈜,B,SK104,요약재무상태표(부채 및 자본)(08.03월 이후),A231,이익잉여금(결손금)_기업합리화적립금,,,,,,,0,0,0,0,0,0,0, , , , , , , , , ,0, , ,0, , , , , , , , , , , , , , ,0,0,0,0,0,0, ,0,0, , ,0,0, , ,0,0,0,0,0,0,0,0,0,0,0,0,0
563,리스사,10250,케이비캐피탈㈜,B,SK104,요약재무상태표(부채 및 자본)(08.03월 이후),A232,이익잉여금(결손금)_투융자손실준비금,,,,,,,0,0,0,0,0,0,0, , , , , , , , , ,0, , ,0, , , , , , , , , , , , , , ,0,0,0,0,0,0, ,0,0, , ,0,0, , ,0,0,0,0,0,0,0,0,0,0,0,0,0
564,리스사,10250,케이비캐피탈㈜,B,SK104,요약재무상태표(부채 및 자본)(08.03월 이후),A233,이익잉여금(결손금)_기타 법정적립금,,,,,,,0,0,0,0,0,0,0, , , , , , , , , ,0, , ,0, , , , , , , , , , , , , , ,0,0,0,0,0,0, ,0,0, , ,0,0, , ,0,0,0,0,0,0,0,0,0,0,0,0,0
565,리스사,10250,케이비캐피탈㈜,B,SK104,요약재무상태표(부채 및 자본)(08.03월 이후),A234,이익잉여금(결손금)_임의적립금,,,,,,,0,0,0,0,0,0,0, , , , , , , , , ,0, , ,0, , , , , , , , , , , , , , ,0,0,0,0,0,0, ,0,0, , ,0,0, , ,0,0,0,0,0,0,0,0,0,0,0,0,0
566,리스사,10250,케이비캐피탈㈜,B,SK104,요약재무상태표(부채 및 자본)(08.03월 이후),A235,이익잉여금(결손금)_해외투자손실준비금,,,,,,,0,0,0,0,0,0,0, , , , , , , , , ,0, , ,0, , , , , , , , , , , , , , ,0,0,0,0,0,0, ,0,0, , ,0,0, , ,0,0,0,0,0,0,0,0,0,0,0,0,0
567,리스사,10250,케이비캐피탈㈜,B,SK104,요약재무상태표(부채 및 자본)(08.03월 이후),A236,이익잉여금(결손금)_미처분이익잉여금(미처리결손금),,,,,,,70773000000,80479000000,80851000000,83343000000,94082000000,105853000000,99411000000,110378000000,119400000000,138924000000,134306000000,148982000000,158183000000,175015000000,163194000000,175030000000,186871000000,194398000000,188747000000,202606000000,208503000000,198529000000,205307000000,214063000000,231064000000,229769000000,230635000000,257768000000,276776000000,294720000000,311908000000,315523000000,351048000000,362795000000,379076000000,404021000000,421353000000,440054000000,468316000000,489433000000,522651000000,535541000000,562169000000,592488000000,632025000000,660146000000,713054000000,765091000000,824109000000,867558000000,932833000000,980995000000,1028653000000,1041017000000,1016841000000,1071331000000,1098625000000,1148717000000,1192779000000,1257815000000,1271473000000,1327905000000
568,리스사,10250,케이비캐피탈㈜,B,SK104,요약재무상태표(부채 및 자본)(08.03월 이후),A237,이익잉여금(결손금)_대손준비금,,,,,,,,,,,,, , , , , , , , ,10852000000,11303000000,12299000000,21657000000,16826000000,15743000000,16874000000,35032000000,34723000000,40236000000,43013000000,53699000000,59076000000,61337000000,67113000000,65889000000,74082000000,92506000000,94637000000,96300000000,71039000000,73750000000,74908000000,74709000000,74560000000,79754000000,80301000000,79212000000,87516000000,85915000000,83952000000,77017000000,72897000000,68789000000,66640000000,56595000000,68111000000,74506000000,74276000000,69598000000,134011000000,135962000000,155940000000,126376000000,137128000000,141762000000,180438000000,138999000000
569,리스사,10250,케이비캐피탈㈜,B,SK104,요약재무상태표(부채 및 자본)(08.03월 이후),A238,이익잉여금(결손금)_(당기순손익),,,,,,,16026000000,25732000000,8770000000,11261000000,22000000000,33770000000,12189000000,23156000000,32179000000, , ,27039000000,36240000000,53073000000,12135000000,24422000000,37259000000,54143000000,4649000000,17426000000,24453000000,32638000000,17142000000,32031000000,52480000000,63087000000,19283000000,50426000000,77472000000,96696000000,36932000000,62201000000,103267000000,120109000000,34539000000,65585000000,87484000000,109418000000,31507000000,61207000000,98382000000,113615000000,38334000000,70635000000,111867000000,137724000000,53397000000,106155000000,168184000000,206890000000,82747000000,144121000000,198512000000,213202000000,47169000000,110543000000,164778000000,192308000000,61765000000,138352000000,197630000000,219628000000
570,리스사,10250,케이비캐피탈㈜,B,SK104,요약재무상태표(부채 및 자본)(08.03월 이후),A24,자본조정,-3654000000,-2917000000,-2904000000,-3043000000,-2524000000,-3610000000,-3610000000,0,0,0,0,0,0, , , , , , , , ,0,0,0,0,0,0,0,49847000000,49847000000,99743000000,99743000000,149633000000,199530000000,199530000000,249426000000,249426000000,299322000000,299322000000,299322000000,299322000000,299322000000,299322000000,299322000000,299322000000,299322000000,299322000000,299322000000,299322000000,299322000000,399212000000,399212000000,399212000000,399212000000,399212000000,399212000000,499101000000,499101000000,499101000000,499101000000,499101000000,499101000000,499101000000,499101000000,499101000000,499101000000,499101000000,499101000000
571,리스사,10250,케이비캐피탈㈜,B,SK104,요약재무상태표(부채 및 자본)(08.03월 이후),A240,자본조정_주식할인발행차금,,,,,,,0,0,0,0,0,0,0, , , , , , , , , ,0, , ,0, , , , , , , , , , , , , , ,0,0,0,0,0,0, ,0,0, , ,0,0, , ,0,0,0,0,0,0,0,0,0,0,0,0,0
572,리스사,10250,케이비캐피탈㈜,B,SK104,요약재무상태표(부채 및 자본)(08.03월 이후),A241,자본조정_배당건설이자,,,,,,,0,0,0,0,0,0,0, , , , , , , , , ,0, , ,0, , , , , , , , , , , , , , ,0,0,0,0,0,0, ,0,0, , ,0,0, , ,0,0,0,0,0,0,0,0,0,0,0,0,0
573,리스사,10250,케이비캐피탈㈜,B,SK104,요약재무상태표(부채 및 자본)(08.03월 이후),A242,자본조정_자기주식,,,,,,,-3610000000,0,0,0,0,0,0, , , , , , , , ,0,0,0,0,0,0,0,0,0,0,0,0,0,0,0,0,0,0,0,0,0,0,0,0,0,0,0,0,0,0,0,0,0,0,0,0,0,0,0,0,0,0,0,0,0,0,0
574,리스사,10250,케이비캐피탈㈜,B,SK104,요약재무상태표(부채 및 자본)(08.03월 이후),A243,자본조정_주식매수선택권,,,,,,,0,0,0,0,0,0,0, , , , , , , , ,0,0,0,0,0,0,0,0,0,0,0,0,0,0,0,0,0,0,0,0,0,0,0,0,0,0,0,0,0,0,0,0,0,0,0,0,0,0,0,0,0,0,0,0,0,0,0
575,리스사,10250,케이비캐피탈㈜,B,SK104,요약재무상태표(부채 및 자본)(08.03월 이후),A244,자본조정_미교부주식배당금,,,,,,,0,0,0,0,0,0,0, , , , , , , , , ,0, , ,0, , , , , , , , , , , , , , ,0,0,0,0,0,0, ,0,0, , ,0,0, , ,0,0,0,0,0,0,0,0,0,0,0,0,0
576,리스사,10250,케이비캐피탈㈜,B,SK104,요약재무상태표(부채 및 자본)(08.03월 이후),A245,자본조정_기타 자본조정,,,,,,,0,0,0,0,0,0,0, , , , , , , , , ,0, , ,0, , ,49847000000,49847000000,99743000000,99743000000,149633000000,199530000000,199530000000,249426000000,249426000000,299322000000,299322000000,299322000000,299322000000,299322000000,299322000000,299322000000,299322000000,299322000000,299322000000,299322000000,299322000000,299322000000,399212000000,399212000000,399212000000,399212000000,399212000000,399212000000,499101000000,499101000000,499101000000,499101000000,499101000000,499101000000,499101000000,499101000000,499101000000,499101000000,499101000000,499101000000
577,리스사,10250,케이비캐피탈㈜,B,SK104,요약재무상태표(부채 및 자본)(08.03월 이후),A25,기타포괄손익누계액,859000000,0,-240000000,-612000000,-421000000,-247000000,22000000,-40000000,29000000,-80000000,238000000,1000000,-95000000,-221000000,-61000000,-52000000,-9000000,-499000000,-490000000,309000000,-916000000,-1002000000,-1218000000,-1803000000,-2052000000,-2181000000,-2491000000,-5182000000,-5537000000,-5470000000,-5463000000,-4823000000,-4636000000,-4555000000,-4489000000,-4868000000,-5411000000,-5687000000,-5268000000,-4476000000,-4498000000,-4547000000,-4591000000,-4648000000,-4648000000,-4663000000,-4679000000,-5889000000,-5878000000,-5887000000,-5895000000,-5503000000,-8574000000,-5919000000,-6211000000,-5213000000,-8888000000,-10922000000,-15714000000,-8653000000,-9606000000,-12241000000,-11890000000,-12224000000,-12558000000,-12481000000,-8474000000,-11167000000
578,리스사,10250,케이비캐피탈㈜,B,SK104,요약재무상태표(부채 및 자본)(08.03월 이후),A250,기타포괄손익누계액_매도가능금융자산평가이익,,,,,,,68000000,0,29000000,0,238000000,1000000,-95000000,-221000000,3000000,3000000,3000000,3000000,3000000,321000000,309000000,99000000,35000000,0,469000000,541000000,527000000,546000000,371000000,357000000,342000000,324000000,452000000,451000000,395000000,165000000,-288000000,-475000000,33000000,-11000000,0,0,0,0,0,0,0,0,0,0,0,0,0,0,0,0,0,0,0,0,0,0,0,0,0,0,0,0
579,리스사,10250,케이비캐피탈㈜,B,SK104,요약재무상태표(부채 및 자본)(08.03월 이후),A251,기타포괄손익누계액_매도가능금융자산평가손실,,,,,,,0,-7000000,0,-80000000,0,0,0, ,41000000,12000000,12000000,502000000,493000000,12000000, ,0,0,60000000,0,0,0,0,0,0,0,0,0,0,0,0,0,0,0,0,0,0,0,0,0,0,0,0,0,0,0,0,0,0,0,0,0,0,0,0,0,0,0,0,0,0,0,0
580,리스사,10250,케이비캐피탈㈜,B,SK104,요약재무상태표(부채 및 자본)(08.03월 이후),A252,기타포괄손익누계액_해외사업환산이익,,,,,,,0,0,0,0,0,0,0, , , , , , , , , ,0, , ,0, , , , , , , , , , , , , , ,0,0,0,0,0,0, ,0,0, , ,0,0, , ,0,0,0,0,0,0,0,0,0,0,0,0,0
581,리스사,10250,케이비캐피탈㈜,B,SK104,요약재무상태표(부채 및 자본)(08.03월 이후),A253,기타포괄손익누계액_해외사업환산손실,,,,,,,0,0,0,0,0,0,0, , , , , , , , , ,0, , ,0, , , , , , , , , , , , , , ,0,0,0,0,0,0, ,0,0, , ,0,0, , ,0,0,0,0,0,0,0,0,0,0,0,0,0
582,리스사,10250,케이비캐피탈㈜,B,SK104,요약재무상태표(부채 및 자본)(08.03월 이후),A254,기타포괄손익누계액_현금흐름위험회피 파생상품평가이익,,,,,,,0,0,0,0,0,0,0, , , , , , , , , ,0, , ,0, , , , , , , , , , , , , , ,0,0,0,0,0,0, ,0,0, , ,0,0, , ,0,0,0,0,0,0,0,0,0,0,0,0,0
583,리스사,10250,케이비캐피탈㈜,B,SK104,요약재무상태표(부채 및 자본)(08.03월 이후),A255,기타포괄손익누계액_현금흐름위험회피 파생상품평가손실,,,,,,,-46000000,-33000000,0,0,0,0,0, ,23000000,43000000, , , , , ,0,0,140000000,190000000,356000000,617000000,684000000,813000000,684000000,612000000,426000000,313000000,176000000,0,0,0,0,0,0,0,0,0,0,0,0,0,0,0,0,0,-1166000000,2057000000,-662000000,-435000000,167000000,3775000000,5751000000,10489000000,8700000000,9615000000,12237000000,11778000000,8854000000,9307000000,9211000000,5223000000,5891000000
584,리스사,10250,케이비캐피탈㈜,B,SK104,요약재무상태표(부채 및 자본)(08.03월 이후),A256,기타포괄손익누계액_지분법자본변동,,,,,,,0,0,0,0,0,0,0, , , , , , , , , ,0, , ,0, , , , , , , , , , , , , , ,0,0,0,0,0,0, ,0,0, , ,0,0, , ,0,0,0,0,0,0,0,0,0,0,0,0,0
585,리스사,10250,케이비캐피탈㈜,B,SK104,요약재무상태표(부채 및 자본)(08.03월 이후),A257,기타포괄손익누계액_부의 지분법자본변동,,,,,,,0,0,0,0,0,0,0, , , , , , , , , ,0, , ,0, , , , , , , , , , , , , , ,0,0,0,0,0,0, ,0,0, , ,0,0, , ,0,0,0,0,0,0,0,0,0,0,0,0,0
586,리스사,10250,케이비캐피탈㈜,B,SK104,요약재무상태표(부채 및 자본)(08.03월 이후),A258,기타포괄손익누계액_유형자산 재평가이익,,,,,,,,,,,,, , , , , , , , , , ,0, , ,0, , , , , , , , , , , , , , ,0,0,0,0,0,0, ,0,0, , ,0,0, , ,0,0,0,0,0,0,0,0,0,0,0,0,0
587,리스사,10250,케이비캐피탈㈜,B,SK104,요약재무상태표(부채 및 자본)(08.03월 이후),A259,기타포괄손익누계액_기타,,,,,,,,,,,,, , , , , , , , ,-1225000000,-1101000000,-1253000000,-1603000000,-2331000000,-2366000000,-2402000000,-5045000000,-5094000000,-5143000000,-5193000000,-4721000000,-4775000000,-4829000000,-4884000000,-5033000000,-5122000000,-5212000000,-5301000000,-4465000000,-4498000000,-4546000000,-4591000000,-4648000000,-4648000000,-4663000000,-4679000000,-5889000000,-5878000000,-5887000000,-5895000000,-6670000000,-6517000000,-6581000000,-6646000000,-5045000000,-5112000000,-5171000000,-5224000000,47000000,9000000,-4000000,-112000000,-3370000000,-3251000000,-3270000000,-3251000000,-5276000000
588,리스사,10928,비엠더블유파이낸셜서비스코리아㈜,B,SK104,요약재무상태표(부채 및 자본)(08.03월 이후),A,부채 및 자본총계,724390000000,834999000000,944790000000,979709000000,980017000000,1008158000000,1011598000000,1040228000000,1056292000000,1201342000000,1382857000000,1489599000000,1592119000000,1678132000000,1803361000000,1869135000000,1959792000000,2050096000000,2225497000000,2217980000000,2250914000000,2260550000000,2271739000000,2315691000000,2309067000000,2296164000000,2322793000000,2407261000000,2573257000000,2653655000000,2718769000000,2843953000000,2922573000000,2950980000000,3226511000000,3684356000000,3776679000000,3904300000000,4089131000000,4350406000000,4196432000000,4100373000000,3969927000000,3842884000000,3854179000000,3586323000000,3743810000000,3965244000000,3824366000000,4183768000000,4291084000000,4377274000000,4399934000000,4803379000000,5195540000000,5155852000000,5490434000000,5755871000000,6198316000000,6651940000000,6910965000000,7295948000000,7890277000000,8007190000000,8163849000000,8420301000000,8530449000000,8975959000000
589,리스사,10928,비엠더블유파이낸셜서비스코리아㈜,B,SK104,요약재무상태표(부채 및 자본)(08.03월 이후),A1,부채,663886000000,760313000000,871483000000,916715000000,930449000000,924515000000,916556000000,936253000000,945492000000,1081332000000,1255678000000,1350559000000,1439464000000,1517178000000,1640428000000,1676956000000,1757361000000,1825935000000,2023491000000,2010378000000,2030442000000,2038418000000,2018689000000,2077291000000,2060290000000,2017948000000,2036937000000,2121522000000,2282085000000,2353399000000,2418997000000,2537087000000,2607812000000,2635836000000,2856772000000,3307592000000,3280014000000,3401154000000,3588606000000,3821498000000,3666056000000,3567412000000,3426378000000,3272600000000,3254740000000,2973816000000,3110057000000,3236928000000,3095109000000,3429143000000,3512145000000,3572531000000,3573913000000,3947121000000,4285859000000,4257109000000,4544721000000,4792453000000,5260410000000,5697319000000,5943066000000,6309024000000,6882122000000,6947244000000,7052784000000,7292964000000,7454998000000,7809726000000
590,리스사,10928,비엠더블유파이낸셜서비스코리아㈜,B,SK104,요약재무상태표(부채 및 자본)(08.03월 이후),A11,차입부채,531179000000,613946000000,708798000000,725169000000,732206000000,720407000000,692921000000,706714000000,669274000000,772413000000,896267000000,946959000000,1053549000000,1119649000000,1221187000000,1216290000000,1277223000000,1305309000000,1377230000000,1434132000000,1470310000000,1504310000000,1486798000000,1569277000000,1571919000000,1524754000000,1545669000000,1643899000000,1732573000000,1829766000000,1956094000000,2048343000000,2154710000000,2167004000000,2369362000000,2816618000000,2736471000000,2934533000000,3137826000000,3315871000000,3203552000000,3110765000000,2988563000000,2821903000000,2816804000000,2610199000000,2754990000000,2860962000000,2749313000000,3094113000000,3162502000000,3163518000000,3114656000000,3453976000000,3792669000000,3710650000000,3945265000000,4155145000000,4560503000000,4891664000000,5129776000000,5443849000000,5936870000000,5931741000000,6009024000000,6206543000000,6303577000000,6621645000000
591,리스사,10928,비엠더블유파이낸셜서비스코리아㈜,B,SK104,요약재무상태표(부채 및 자본)(08.03월 이후),A110,차입금,531179000000,405909000000,471863000000,474208000000,457271000000,463903000000,455564000000,473523000000,443390000000,530574000000,668033000000,719288000000,,,,,,,,,,,,,,,,,,,,,,,,,,,,,,,,,,,,,,,,,,,,,,,,,,,,,,,,
592,리스사,10928,비엠더블유파이낸셜서비스코리아㈜,B,SK104,요약재무상태표(부채 및 자본)(08.03월 이후),A110,차입부채_차입금,,,,,,,,,,,,,832163000000,1119649000000,1221187000000,1216290000000,1277223000000,1305309000000,1377230000000,1334481000000,1370640000000,1404611000000,1387070000000,1469519000000,1472130000000,1424935000000,1445819000000,1394396000000,1482988000000,1440497000000,1566708000000,1758845000000,1865126000000,1877334000000,2079604000000,2676815000000,2476980000000,2674979000000,2878209000000,3056190000000,2943808000000,2990967000000,2868736000000,2702046000000,2696917000000,2490283000000,2635045000000,2740985000000,2749313000000,3094113000000,3162502000000,3163518000000,3114656000000,3453976000000,3792669000000,3710650000000,3945265000000,4155145000000,4560503000000,4891664000000,5129776000000,5443849000000,5936870000000,5931741000000,6009024000000,6206543000000,6303577000000,6621645000000
593,리스사,10928,비엠더블유파이낸셜서비스코리아㈜,B,SK104,요약재무상태표(부채 및 자본)(08.03월 이후),A111,단기차입금,240089000000,200026000000,197857000000,192858000000,165000000000,74624000000,85210000000,103000000000,102003000000,108558000000,143054000000,164369000000,,,,,,,,,,,,,,,,,,,,,,,,,,,,,,,,,,,,,,,,,,,,,,,,,,,,,,,,
594,리스사,10928,비엠더블유파이낸셜서비스코리아㈜,B,SK104,요약재무상태표(부채 및 자본)(08.03월 이후),A111,차입부채_차입금_단기차입금,,,,,,,,,,,,,173300000000,162656000000,217189000000,206030000000,264536000000,355505000000,333972000000,587553000000,456663000000,209892000000,239176000000,412270000000,261616000000,308393000000,354169000000,180235000000,355346000000,222787000000,293812000000,341361000000,363998000000,421368000000,582967000000,1034482000000,785880000000,599625000000,561110000000,1573478000000,1452223000000,1795393000000,1726110000000,1168128000000,1133348000000,930340000000,1441175000000,1190126000000,1071376000000,1246419000000,983853000000,1507928000000,1651402000000,1867901000000,1902482000000,1665102000000,1890500000000,1942416000000,1941620000000,2086607000000,1520821000000,1780096000000,2444088000000,2235131000000,2192473000000,2259909000000,2129303000000,2370367000000
595,리스사,10928,비엠더블유파이낸셜서비스코리아㈜,B,SK104,요약재무상태표(부채 및 자본)(08.03월 이후),A112,차입부채_차입금_콜머니,,,,,,,,,,,,,0, , , ,0,0,0,0,0,0,0,0,0,0,0,0,0,0,0,0,0,0,0,0,0,0,0,0,0, ,0,0,0,0,0,0,0,0,0,0,0,0,0,0,0,0,0,0,0,0,0,0,0,0,0,0
596,리스사,10928,비엠더블유파이낸셜서비스코리아㈜,B,SK104,요약재무상태표(부채 및 자본)(08.03월 이후),A112,콜머니,0,0,0,0,0,0,0,0,0,0,0,0,,,,,,,,,,,,,,,,,,,,,,,,,,,,,,,,,,,,,,,,,,,,,,,,,,,,,,,,
597,리스사,10928,비엠더블유파이낸셜서비스코리아㈜,B,SK104,요약재무상태표(부채 및 자본)(08.03월 이후),A113,장기차입금,291090000000,205883000000,274006000000,281350000000,292271000000,389279000000,370354000000,370523000000,341387000000,422016000000,524979000000,554919000000,,,,,,,,,,,,,,,,,,,,,,,,,,,,,,,,,,,,,,,,,,,,,,,,,,,,,,,,
598,리스사,10928,비엠더블유파이낸셜서비스코리아㈜,B,SK104,요약재무상태표(부채 및 자본)(08.03월 이후),A113,차입부채_차입금_장기차입금,,,,,,,,,,,,,658863000000,956993000000,1003998000000,1010260000000,1012687000000,949804000000,1043258000000,746928000000,914284000000,1195020000000,1148179000000,1060006000000,1213133000000,1119045000000,1094035000000,1216428000000,1129792000000,1219741000000,1274807000000,1419273000000,1501818000000,1456490000000,1497020000000,1642955000000,1691535000000,2075640000000,2317891000000,1483186000000,1491898000000,1195790000000,1142771000000,1534009000000,1563623000000,1559971000000,1193870000000,1550859000000,1677937000000,1847694000000,2178649000000,1655590000000,1463254000000,1586075000000,1890757000000,2045946000000,2055051000000,2212926000000,2619544000000,2805342000000,3609139000000,3597115000000,3374107000000,3183814000000,3207037000000,3228920000000,3433556000000,3588291000000
599,리스사,10928,비엠더블유파이낸셜서비스코리아㈜,B,SK104,요약재무상태표(부채 및 자본)(08.03월 이후),A114,유동성 장기차입금,0,0,0,0,0,0,0,0,0,0,0,0,,,,,,,,,,,,,,,,,,,,,,,,,,,,,,,,,,,,,,,,,,,,,,,,,,,,,,,,
600,리스사,10928,비엠더블유파이낸셜서비스코리아㈜,B,SK104,요약재무상태표(부채 및 자본)(08.03월 이후),A114,차입부채_차입금_유동성 장기차입금,,,,,,,,,,,,,0, , , ,0,0,0,0,0,0,0,0,0,0,0,0,0,0,0,0,0,0,0,0,0,0,0,0,0, ,0,0,0,0,0,0,0,0,0,0,0,0,0,0,0,0,0,0,0,67285000000,119168000000,513610000000,610112000000,718256000000,741776000000,663759000000
601,리스사,10928,비엠더블유파이낸셜서비스코리아㈜,B,SK104,요약재무상태표(부채 및 자본)(08.03월 이후),A115,사  채,0,208037000000,236935000000,250961000000,274935000000,256504000000,237357000000,233191000000,225884000000,241839000000,228234000000,227671000000,,,,,,,,,,,,,,,,,,,,,,,,,,,,,,,,,,,,,,,,,,,,,,,,,,,,,,,,
602,리스사,10928,비엠더블유파이낸셜서비스코리아㈜,B,SK104,요약재무상태표(부채 및 자본)(08.03월 이후),A115,차입부채_사 채,,,,,,,,,,,,,221386000000, , , , , , ,99651000000,99670000000,99699000000,99728000000,99758000000,99789000000,99819000000,99850000000,249503000000,249585000000,389269000000,389386000000,289498000000,289584000000,289670000000,289758000000,139803000000,259491000000,259554000000,259617000000,259681000000,259744000000,119798000000,119827000000,119857000000,119887000000,119916000000,119947000000,119977000000,0,0,0,0,0,0,0,0,0,0,0,0,0,0,0,0,0,0,0,0
603,리스사,10928,비엠더블유파이낸셜서비스코리아㈜,B,SK104,요약재무상태표(부채 및 자본)(08.03월 이후),A1150,차입부채_사 채_단기사채,0,0,0,0,0,0,0,0,0,0,0,0,0, , , ,0,0,0,0,0,0,0,0,0,0,0,0,0,0,0,0,0,0,0,0,0,0,0,0,0, ,0,0,0,0,0,0,0,0,0,0,0,0,0,0,0,0,0,0,0,0,0,0,0,0,0,0
604,리스사,10928,비엠더블유파이낸셜서비스코리아㈜,B,SK104,요약재무상태표(부채 및 자본)(08.03월 이후),A11500,차입부채_사 채_단기사채_(사채발행차금),0,0,0,0,0,0,0,0,0,0,0,0,0, , , ,0,0,0,0,0,0,0,0,0,0,0,0,0,0,0,0,0,0,0,0,0,0,0,0,0, ,0,0,0,0,0,0,0,0,0,0,0,0,0,0,0,0,0,0,0,0,0,0,0,0,0,0
605,리스사,10928,비엠더블유파이낸셜서비스코리아㈜,B,SK104,요약재무상태표(부채 및 자본)(08.03월 이후),A1151,차입부채_사 채_유동성사채,0,0,0,0,0,0,0,0,0,0,0,0,0, , , ,0,0,0,0,0,0,0,0,0,0,0,0,0,0,0,0,0,0,0,0,0,0,0,0,0, ,0,0,0,0,0,0,0,0,0,0,0,0,0,0,0,0,0,0,0,0,0,0,0,0,0,0
606,리스사,10928,비엠더블유파이낸셜서비스코리아㈜,B,SK104,요약재무상태표(부채 및 자본)(08.03월 이후),A11510,차입부채_사 채_유동성사채_(유동성사채발행차금),0,0,0,0,0,0,0,0,0,0,0,0,0, , , ,0,0,0,0,0,0,0,0,0,0,0,0,0,0,0,0,0,0,0,0,0,0,0,0,0, ,0,0,0,0,0,0,0,0,0,0,0,0,0,0,0,0,0,0,0,0,0,0,0,0,0,0
607,리스사,10928,비엠더블유파이낸셜서비스코리아㈜,B,SK104,요약재무상태표(부채 및 자본)(08.03월 이후),A1152,차입부채_사 채_장기사채,0,208680000000,237540000000,251500000000,275420000000,256940000000,237740000000,233520000000,226160000000,242060000000,228400000000,227780000000,221440000000, , , ,0,0,0,100000000000,100000000000,100000000000,100000000000,100000000000,100000000000,100000000000,100000000000,250000000000,250000000000,390000000000,390000000000,290000000000,290000000000,290000000000,290000000000,140000000000,260000000000,260000000000,260000000000,260000000000,260000000000,120000000000,120000000000,120000000000,120000000000,120000000000,120000000000,120000000000,0,0,0,0,0,0,0,0,0,0,0,0,0,0,0,0,0,0,0,0
608,리스사,10928,비엠더블유파이낸셜서비스코리아㈜,B,SK104,요약재무상태표(부채 및 자본)(08.03월 이후),A11520,차입부채_사 채_장기사채_(사채발행차금),0,643000000,605000000,539000000,485000000,436000000,383000000,329000000,276000000,221000000,166000000,109000000,54000000, , , ,0,0,0,349000000,330000000,301000000,272000000,242000000,211000000,181000000,150000000,497000000,415000000,731000000,614000000,502000000,416000000,330000000,242000000,197000000,509000000,446000000,383000000,319000000,256000000,202000000,173000000,143000000,113000000,84000000,53000000,23000000,0,0,0,0,0,0,0,0,0,0,0,0,0,0,0,0,0,0,0,0
609,리스사,10928,비엠더블유파이낸셜서비스코리아㈜,B,SK104,요약재무상태표(부채 및 자본)(08.03월 이후),A1153,차입부채_사 채_기타,0,-643000000,-605000000,-539000000,-485000000,-436000000,-383000000,-329000000,-276000000,-221000000,-166000000,-109000000,-108000000, , , ,0,0,0,-698000000,-660000000,-602000000,-544000000,-484000000,-422000000,-362000000,-300000000,-994000000,-830000000,-1462000000,-1228000000,-1004000000,-832000000,-660000000,-484000000,-394000000,-1018000000,-892000000,-766000000,-638000000,-512000000,-404000000,-346000000,-286000000,-226000000,-168000000,-106000000,-46000000,0,0,0,0,0,0,0,0,0,0,0,0,0,0,0,0,0,0,0,0
610,리스사,10928,비엠더블유파이낸셜서비스코리아㈜,B,SK104,요약재무상태표(부채 및 자본)(08.03월 이후),A12,기타부채,132707000000,146367000000,162685000000,191546000000,198243000000,204108000000,223635000000,229539000000,276218000000,308919000000,359411000000,403600000000,385915000000,397529000000,419241000000,460666000000,480138000000,520626000000,646261000000,576246000000,560132000000,534108000000,531891000000,508014000000,488371000000,493194000000,491268000000,477623000000,549512000000,523633000000,462903000000,488744000000,453102000000,468832000000,487410000000,490974000000,543543000000,466621000000,450780000000,505627000000,462504000000,456647000000,437815000000,450697000000,437936000000,363617000000,355067000000,375966000000,345796000000,335030000000,349643000000,409013000000,459257000000,493145000000,493190000000,546459000000,599456000000,637308000000,699907000000,805655000000,813290000000,865175000000,945252000000,1015503000000,1043760000000,1086421000000,1151421000000,1188081000000
611,리스사,10928,비엠더블유파이낸셜서비스코리아㈜,B,SK104,요약재무상태표(부채 및 자본)(08.03월 이후),A120,기타부채_영업미지급금,0,0,0,0,0,0,0,0,0,0,0,0,0, , , , , , , , , , , , , , , , , , , ,0, , , ,0,0,0, ,0, ,0,0,0,0,0,0,0,0,0,0,0,0,0,0,0,0,0,0,0,0,0,0,0,0,0,0
612,리스사,10928,비엠더블유파이낸셜서비스코리아㈜,B,SK104,요약재무상태표(부채 및 자본)(08.03월 이후),A121,기타부채_장기미지급금,0,0,0,0,0,0,0,0,0,0,0,0,0, , , , , , , , , , , , , , , , , , , ,0, , , ,0,0,0, ,0, ,0,0,0,0,0,0,0,0,0,0,0,0,0,0,0,0,0,0,0,0,0,0,0,0,0,0
613,리스사,10928,비엠더블유파이낸셜서비스코리아㈜,B,SK104,요약재무상태표(부채 및 자본)(08.03월 이후),A122,기타부채_기타의 부채,8280000000,5054000000,5981000000,28005000000,29377000000,21469000000,32224000000,27411000000,59055000000,62460000000,68310000000,47816000000,44163000000,25357000000,24349000000,42798000000,42440000000,52957000000,158204000000,85320000000,63847000000,44025000000,49483000000,54126000000,45060000000,61552000000,73181000000,70789000000,149420000000,121875000000,58492000000,77041000000,53142000000,68677000000,89652000000,71066000000,122739000000,39903000000,25048000000,82396000000,45542000000,59808000000,66230000000,100708000000,104490000000,54541000000,64226000000,108730000000,96481000000,100601000000,114458000000,119889000000,151372000000,154171000000,139569000000,140865000000,151839000000,155056000000,166935000000,281585000000,251141000000,265201000000,293739000000,323261000000,303094000000,307269000000,340430000000,313723000000
614,리스사,10928,비엠더블유파이낸셜서비스코리아㈜,B,SK104,요약재무상태표(부채 및 자본)(08.03월 이후),A1220,기타부채_기타의 부채_가수금,0,0,0,0,0,0,0,0,0,0,0,0,0, , , ,0,0,0,0,0,0,0,0,0,0,0,0,0,0,0,0,0,0,0,0,0,0,0,0,0, ,0,0,0,0,0,0,0,0,0,0,0,0,0,0,0,0,0,0,0,0,0,0,0,0,0,0
615,리스사,10928,비엠더블유파이낸셜서비스코리아㈜,B,SK104,요약재무상태표(부채 및 자본)(08.03월 이후),A1221,기타부채_기타의 부채_예수금,67000000,225000000,89000000,282000000,59000000,109000000,135000000,109000000,216000000,189000000,185000000,148000000,300000000,388000000,332000000,296000000,244000000,235000000,260000000,234000000,266000000,269000000,24000000,512000000,101000000,33000000,27000000,317000000,311000000,393000000,340000000,310000000,263000000,209000000,224000000,278000000,232000000,222000000,239000000,194000000,212000000,179000000,131000000,144000000,169000000,162000000,233000000,220000000,217000000,325000000,1077000000,1164000000,18327000000,1538000000,13423000000,831000000,1347000000,945000000,1503000000,5022000000,2267000000,3334000000,3843000000,7123000000,3827000000,9514000000,4243000000,3297000000
616,리스사,10928,비엠더블유파이낸셜서비스코리아㈜,B,SK104,요약재무상태표(부채 및 자본)(08.03월 이후),A1222,기타부채_기타의 부채_선수금,194000000,157000000,169000000,312000000,229000000,303000000,273000000,267000000,235000000,227000000,183000000,1139000000,1060000000,1023000000,1195000000,1023000000,1481000000,1353000000,2509000000,1845000000,2274000000,1252000000,2231000000,1520000000,1236000000,1542000000,2098000000,1761000000,2389000000,3251000000,1644000000,1352000000,1406000000,1750000000,1919000000,1573000000,1505000000,2173000000,3813000000,2121000000,1525000000,1548000000,1241000000,826000000,3666000000,1334000000,1640000000,1475000000,1650000000,1875000000,1007000000,1038000000,1376000000,1217000000,1218000000,1062000000,1030000000,1175000000,1381000000,972000000,1262000000,1460000000,2198000000,2937000000,1988000000,2091000000,2384000000,1792000000
617,리스사,10928,비엠더블유파이낸셜서비스코리아㈜,B,SK104,요약재무상태표(부채 및 자본)(08.03월 이후),A1223,기타부채_기타의 부채_선수수익,29000000,46000000,62000000,48000000,32000000,25000000,83000000,24000000,19000000,7000000,19000000,43000000,92000000,38000000,73000000,68000000,94000000,81000000,228000000,601000000,322000000,574000000,293000000,72000000,326000000,249000000,141000000,184000000,143000000,91000000,139000000,168000000,299000000,160000000,408000000,258000000,258000000,401000000,322000000,264000000,309000000,295000000,238000000,211000000,350000000,374000000,348000000,372000000,461000000,197000000,434000000,439000000,250000000,691000000,760000000,726000000,711000000,740000000,766000000,49629000000,46349000000,54479000000,63908000000,57211000000,63565000000,64145000000,59632000000,61524000000
618,리스사,10928,비엠더블유파이낸셜서비스코리아㈜,B,SK104,요약재무상태표(부채 및 자본)(08.03월 이후),A1224,기타부채_기타의 부채_미지급금,798000000,1307000000,1364000000,991000000,1735000000,1330000000,3874000000,637000000,2062000000,858000000,14531000000,6111000000,10332000000,6636000000,4706000000,6624000000,2351000000,4562000000,105701000000,22804000000,6328000000,8285000000,6486000000,6949000000,6362000000,8300000000,8696000000,7621000000,4893000000,25577000000,11599000000,10605000000,9590000000,19034000000,12047000000,27940000000,20350000000,16713000000,10033000000,39329000000,17861000000,8708000000,1382000000,9673000000,1333000000,4873000000,7549000000,8942000000,9320000000,1565000000,7186000000,17747000000,22704000000,36789000000,20088000000,17055000000,14045000000,10772000000,16995000000,28251000000,19255000000,24360000000,31068000000,31398000000,29959000000,31132000000,32650000000,37096000000
619,리스사,10928,비엠더블유파이낸셜서비스코리아㈜,B,SK104,요약재무상태표(부채 및 자본)(08.03월 이후),A1225,기타부채_기타의 부채_미지급비용,5387000000,3277000000,3957000000,3992000000,3898000000,3370000000,5286000000,4365000000,5464000000,7354000000,10882000000,6370000000,6481000000,4639000000,4968000000,6477000000,5570000000,5189000000,4635000000,4336000000,5112000000,4963000000,4803000000,4766000000,5251000000,4982000000,5095000000,4620000000,5201000000,6089000000,4741000000,5137000000,6359000000,8076000000,6727000000,7103000000,8691000000,6614000000,6326000000,9698000000,11056000000,11019000000,11066000000,9646000000,11005000000,7867000000,7603000000,9641000000,7519000000,6882000000,9179000000,8514000000,7084000000,8584000000,6662000000,7058000000,8290000000,8504000000,15165000000,21496000000,28297000000,30444000000,35749000000,38238000000,36380000000,30183000000,29919000000,28681000000
620,리스사,10928,비엠더블유파이낸셜서비스코리아㈜,B,SK104,요약재무상태표(부채 및 자본)(08.03월 이후),A1226,기타부채_기타의 부채_미지급법인세,783000000,22000000,0,72000000,0,0,715000000,1410000000,2736000000,4076000000,5091000000,7962000000,21982000000,5599000000,9272000000,8940000000,18193000000,6706000000,10587000000,9010000000,10521000000,7631000000,2616000000,9491000000,6308000000,3229000000,0,3539000000,4306000000,2549000000,0,0,1672000000,2515000000,2095000000,2912000000,3755000000,3428000000,3581000000,718000000,755000000,6609000000,10944000000,17440000000,29841000000,20501000000,19863000000,8604000000,10477000000,19753000000,24660000000,878000000,5118000000,526000000,0,1154000000,1889000000,0,0,0,0,0,0,6036000000,0,0,0,0
621,리스사,10928,비엠더블유파이낸셜서비스코리아㈜,B,SK104,요약재무상태표(부채 및 자본)(08.03월 이후),A1227,기타부채_기타의 부채_선불카드수탁금,0,0,0,0,0,0,0,0,0,0,0,0,0, , , ,0,0,0,0,0,0,0,0,0,0,0,0,0,0,0,0,0,0,0,0,0,0,0,0,0, ,0,0,0,0,0,0,0,0,0,0,0,0,0,0,0,0,0,0,0,0,0,0,0,0,0,0
622,리스사,10928,비엠더블유파이낸셜서비스코리아㈜,B,SK104,요약재무상태표(부채 및 자본)(08.03월 이후),A1228,기타부채_기타의 부채_부가세예수금,12000000,12000000,0,22000000,22000000,15000000,18000000,19000000,39000000,13000000,34000000,22000000,37000000,36000000,26000000,30000000,27000000,27000000,38000000,59000000,26000000,48000000,26000000,35000000,24000000,48000000,24000000,37000000,41000000,42000000,19000000,5000000,20000000,22000000,32000000,15000000,176000000,35000000,0,0,310000000,418000000,1234000000,0,0,0,0,0,0,0,0,0,0,0,0,0,0,0,0,0,0,0,0,0,228000000,151000000,962000000,791000000
623,리스사,10928,비엠더블유파이낸셜서비스코리아㈜,B,SK104,요약재무상태표(부채 및 자본)(08.03월 이후),A1229,기타부채_기타의 부채_선물환거래대,0,0,27000000,0,0,0,0,0,0,0,0,0,0, , , ,0,0,0,0,0,0,0,0,0,0,0,0,0,0,0,0,0,0,0,0,0,0,0,0,0, ,0,0,0,0,0,0,0,0,0,0,0,0,0,0,0,0,0,0,0,0,0,0,0,0,0,0
624,리스사,10928,비엠더블유파이낸셜서비스코리아㈜,B,SK104,요약재무상태표(부채 및 자본)(08.03월 이후),A122A,기타부채_기타의 부채_파생상품부채,1010000000,8000000,313000000,22286000000,23402000000,16317000000,21840000000,20580000000,48284000000,49736000000,37385000000,26021000000,3879000000,6998000000,3777000000,19340000000,14480000000,34804000000,34246000000,46431000000,38998000000,21003000000,33004000000,30781000000,25452000000,43169000000,57100000000,52710000000,132136000000,83883000000,40010000000,59464000000,33533000000,36911000000,66200000000,30987000000,87772000000,10317000000,734000000,30072000000,13514000000,31032000000,39994000000,62768000000,58126000000,19430000000,26990000000,26173000000,15680000000,18502000000,17104000000,28845000000,28127000000,22371000000,5480000000,15390000000,18441000000,15730000000,653000000,38827000000,15687000000,6463000000,4009000000,25011000000,12366000000,16347000000,55936000000,24967000000
625,리스사,10928,비엠더블유파이낸셜서비스코리아㈜,B,SK104,요약재무상태표(부채 및 자본)(08.03월 이후),A122B,기타부채_기타의 부채_옵션수입프리미엄,0,0,0,0,0,0,0,0,0,0,0,0,0, , , ,0,0,0,0,0,0,0,0,0,0,0,0,0,0,0,0,0,0,0,0,0,0,0,0,0, ,0,0,0,0,0,0,0,0,0,0,0,0,0,0,0,0,0,0,0,0,0,0,0,0,0,0
626,리스사,10928,비엠더블유파이낸셜서비스코리아㈜,B,SK104,요약재무상태표(부채 및 자본)(08.03월 이후),A122C,기타부채_기타의 부채_이연리스수익,0,0,0,0,0,0,0,0,0,0,0,0,0, , , ,0,0,0,0,0,0,0,0,0,0,0,0,0,0,0,0,0,0,0,0,0,0,0,0,0, ,0,0,0,0,0,53303000000,51157000000,51502000000,53811000000,61264000000,68386000000,82455000000,91938000000,97589000000,106086000000,117190000000,130472000000,137388000000,138024000000,144661000000,152964000000,155307000000,154781000000,153706000000,154704000000,155575000000
627,리스사,10928,비엠더블유파이낸셜서비스코리아㈜,B,SK104,요약재무상태표(부채 및 자본)(08.03월 이후),A122D,기타부채_기타의 부채_기타의 유동부채,0,0,0,0,0,0,0,0,0,0,0,0,0, , , ,0,0,0,0,0,0,0,0,0,0,0,0,0,0,0,0,0,0,0,0,0,0,0,0,0, ,0,0,0,0,0,0,0,0,0,0,0,0,0,0,0,0,0,0,0,0,0,0,0,0,0,0
628,리스사,10928,비엠더블유파이낸셜서비스코리아㈜,B,SK104,요약재무상태표(부채 및 자본)(08.03월 이후),A122E,기타부채_유동성 장기부채,0,0,0,0,0,0,0,0,0,0,0,0,0, , , , , , , , , , , , , , , , , , , ,0, , , ,0,0,0, ,0, ,0,0,0,0,0,0,0,0,0,0,0,0,0,0,0,0,0,0,0,0,0,0,0,0,0,0
629,리스사,10928,비엠더블유파이낸셜서비스코리아㈜,B,SK104,요약재무상태표(부채 및 자본)(08.03월 이후),A123,기타부채_리스보증금,111631000000,127999000000,140758000000,148242000000,156000000000,171343000000,179358000000,189334000000,205332000000,235148000000,278721000000,307241000000,336942000000,359706000000,384184000000,401252000000,421925000000,448679000000,471649000000,476609000000,483944000000,480114000000,464811000000,447853000000,432941000000,416070000000,400273000000,389506000000,380035000000,376498000000,377940000000,381424000000,370385000000,365541000000,356761000000,362449000000,359488000000,360293000000,351374000000,342647000000,334245000000,317446000000,295573000000,276073000000,266656000000,249516000000,234654000000,221742000000,209464000000,201818000000,207869000000,224927000000,243986000000,272722000000,295249000000,312484000000,340242000000,365041000000,401475000000,399951000000,433245000000,463354000000,504499000000,564413000000,594036000000,626608000000,671387000000,714647000000
630,리스사,10928,비엠더블유파이낸셜서비스코리아㈜,B,SK104,요약재무상태표(부채 및 자본)(08.03월 이후),A124,기타부채_보 증 금,0,0,0,0,0,0,0,0,0,0,0,0,0, , , , , , , , , , , , , ,0, , , , , ,0, , , ,0,0,0, ,0, ,0,0,0,0,0,0,0,0,0,0,0,0,0,0,0,0,0,0,0,0,0,0,0,0,0,0
631,리스사,10928,비엠더블유파이낸셜서비스코리아㈜,B,SK104,요약재무상태표(부채 및 자본)(08.03월 이후),A1240,기타부채_보 증 금_상환이행보증금,0,0,0,0,0,0,0,0,0,0,0,0,0, , , ,0,0,0,0,0,0,0,0,0,0,0,0,0,0,0,0,0,0,0,0,0,0,0,0,0, ,0,0,0,0,0,0,0,0,0,0,0,0,0,0,0,0,0,0,0,0,0,0,0,0,0,0
632,리스사,10928,비엠더블유파이낸셜서비스코리아㈜,B,SK104,요약재무상태표(부채 및 자본)(08.03월 이후),A1241,기타부채_보 증 금_임대보증금,0,0,0,0,0,0,0,0,0,0,0,0,0, , , ,0,0,0,0,0,0,0,0,0,0,0,0,0,0,0,0,0,0,0,0,0,0,0,0,0, ,0,0,0,0,0,0,0,0,0,0,0,0,0,0,0,0,0,0,0,0,0,0,0,0,0,0
633,리스사,10928,비엠더블유파이낸셜서비스코리아㈜,B,SK104,요약재무상태표(부채 및 자본)(08.03월 이후),A1242,기타부채_보 증 금_기타보증금,0,0,0,0,0,0,0,0,0,0,0,0,0, , , ,0,0,0,0,0,0,0,0,0,0,0,0,0,0,0,0,0,0,0,0,0,0,0,0,0, ,0,0,0,0,0,0,0,0,0,0,0,0,0,0,0,0,0,0,0,0,0,0,0,0,0,0
634,리스사,10928,비엠더블유파이낸셜서비스코리아㈜,B,SK104,요약재무상태표(부채 및 자본)(08.03월 이후),A125,기타부채_퇴직급여채무,0,259000000,279000000,370000000,426000000,507000000,567000000,604000000,667000000,738000000,782000000,780000000,710000000,-35000000, , ,0,0,0,0,0,0,0,0,0,0,0,0,0,0,0,0,0,0,0,0,0,0,0,0,0, ,0,0,0,0,0,0,0,0,0,0,0,0,0,0,0,0,0,0,0,0,0,0,0,0,0,0
635,리스사,10928,비엠더블유파이낸셜서비스코리아㈜,B,SK104,요약재무상태표(부채 및 자본)(08.03월 이후),A1250,기타부채_퇴직급여채무_(미인식보험수리적손익) (+-),,,,,,,,,,,,, , , , , , , , , , , , , , , , , , , , , , , , , , , , , , , , , , , ,0,0,0,0,0,0,0,0,0,0,0,0,0,0,0,0,0,0,0,0,0
636,리스사,10928,비엠더블유파이낸셜서비스코리아㈜,B,SK104,요약재무상태표(부채 및 자본)(08.03월 이후),A1251,기타부채_퇴직급여채무_(미인식과거근무원가) (-),,,,,,,,,,,,, , , , , , , , , , , , , , , , , , , , , , , , , , , , , , , , , , , ,0,0,0,0,0,0,0,0,0,0,0,0,0,0,0,0,0,0,0,0,0
637,리스사,10928,비엠더블유파이낸셜서비스코리아㈜,B,SK104,요약재무상태표(부채 및 자본)(08.03월 이후),A1252,기타부채_퇴직급여채무_(퇴직급여사외적립자산) (-),,,,,,,,,,,,, , , , , , , , , , , , , , , , , , , , , , , , , , , , , , , , , , , ,0,0,0,0,0,0,0,0,0,0,0,0,0,0,0,0,0,0,0,0,0
638,리스사,10928,비엠더블유파이낸셜서비스코리아㈜,B,SK104,요약재무상태표(부채 및 자본)(08.03월 이후),A126,기타부채_지급보증충당금,0,0,0,0,0,0,0,0,0,0,0,0,0, , , ,0,0,0,0,0,0,0,0,0,0,0,0,0,0,0,0,0,0,0,0,0,0,0,0,0, ,0,0,0,0,0,0,0,0,0,0,0,0,0,0,0,0,0,0,0,0,0,0,0,0,0,0
639,리스사,10928,비엠더블유파이낸셜서비스코리아㈜,B,SK104,요약재무상태표(부채 및 자본)(08.03월 이후),A127,기타부채_포인트충당부채,0,0,0,0,0,0,0,0,0,0,0,0,0, , , ,0,0,0,0,0,0,0,0,0,0,0,0,0,0,0,0,0,0,0,0,0,0,0,0,0, ,0,0,0,0,0,0,0,0,0,0,0,0,0,0,0,0,0,0,0,0,0,0,0,0,0,0
640,리스사,10928,비엠더블유파이낸셜서비스코리아㈜,B,SK104,요약재무상태표(부채 및 자본)(08.03월 이후),A128,기타부채_미지급배당금,0,0,0,0,0,0,0,0,0,0,0,0,0, , , ,0,0,0,0,0,0,0,0,0,0,0,0,0,0,0,0,0,0,0,0,0,0,0,0,0, ,0,0,0,0,0,0,0,0,0,0,0,0,0,0,0,0,0,0,0,0,0,0,0,0,0,0
641,리스사,10928,비엠더블유파이낸셜서비스코리아㈜,B,SK104,요약재무상태표(부채 및 자본)(08.03월 이후),A129,기타부채_이연법인세부채,1577000000,816000000,816000000,695000000,0,318000000,3033000000,5550000000,6174000000,6371000000,7480000000,7724000000,0,8655000000,6748000000,12482000000,12185000000,15677000000,13024000000,10599000000,9156000000,7227000000,15274000000,3586000000,6947000000,10450000000,10259000000,4885000000,4364000000,6630000000,6339000000,8555000000,7128000000,9509000000,11516000000,11382000000,12612000000,13172000000,13375000000,12168000000,12277000000,8150000000,6773000000,7867000000,4630000000,1041000000,115000000,41420000000,36242000000,29468000000,24643000000,56671000000,56672000000,59489000000,40207000000,74293000000,88368000000,96922000000,108391000000,102818000000,107112000000,114759000000,123393000000,102331000000,119242000000,126095000000,112917000000,141879000000
642,리스사,10928,비엠더블유파이낸셜서비스코리아㈜,B,SK104,요약재무상태표(부채 및 자본)(08.03월 이후),A12A,기타부채_외화환산대,0,0,0,0,0,0,0,0,0,0,0,0,0, , , ,0,0,0,0,0,0,0,0,0,0,0,0,0,0,0,0,0,0,0,0,0,0,0,0,0, ,0,0,0,0,0,0,0,0,0,0,0,0,0,0,0,0,0,0,0,0,0,0,0,0,0,0
643,리스사,10928,비엠더블유파이낸셜서비스코리아㈜,B,SK104,요약재무상태표(부채 및 자본)(08.03월 이후),A12B,기타부채_미사용약정충당금,0,0,0,0,0,0,0,0,0,0,0,0,0, , , ,0,0,0,0,0,0,0,0,0,0,0,0,0,0,0,0,0,0,0,0,0,0,0,0,0, ,0,0,0,0,0,0,0,0,0,0,0,0,0,0,0,0,908000000,662000000,644000000,580000000,716000000,1833000000,1876000000,2011000000,1226000000,1211000000
644,리스사,10928,비엠더블유파이낸셜서비스코리아㈜,B,SK104,요약재무상태표(부채 및 자본)(08.03월 이후),A12C,기타부채_이자율위험포트폴리오위험회피 대상의 공정가액변동부채,,,,,,,,,,,,, , , , , , , , , , , , , , , , , , , , , , , , , , , , , , , , , , , ,0,0,0,0,0,0,0,0,0,0,0,0,0,0,0,0,0,0,0,0,0
645,리스사,10928,비엠더블유파이낸셜서비스코리아㈜,B,SK104,요약재무상태표(부채 및 자본)(08.03월 이후),A12D,기타부채_기타의 기타부채,10908000000,12239000000,14851000000,14234000000,12440000000,10471000000,8453000000,6640000000,4990000000,4202000000,4118000000,40039000000,4100000000,3846000000,3960000000,4134000000,3588000000,3313000000,3384000000,3718000000,3185000000,2742000000,2323000000,2449000000,3423000000,5122000000,7555000000,12443000000,15693000000,18630000000,20132000000,21724000000,22447000000,25105000000,29481000000,46077000000,48704000000,53253000000,60983000000,68416000000,70440000000,71243000000,69239000000,66049000000,62160000000,58519000000,56072000000,4074000000,3609000000,3143000000,2673000000,7526000000,7227000000,6763000000,18165000000,18817000000,19007000000,20289000000,22198000000,20639000000,21148000000,21281000000,22905000000,23665000000,25512000000,24438000000,25461000000,16621000000
646,리스사,10928,비엠더블유파이낸셜서비스코리아㈜,B,SK104,요약재무상태표(부채 및 자본)(08.03월 이후),A13,요구불상환지분,,,,,,,,,,,,, , , , , , , , , , , , , , , , , , , , , , , , , , , , , , , , , , , ,0,0,0,0,0,0,0,0,0,0,0,0,0,0,0,0,0,0,0,0,0
647,리스사,10928,비엠더블유파이낸셜서비스코리아㈜,B,SK104,요약재무상태표(부채 및 자본)(08.03월 이후),A130,요구불상환지분_상환우선주,,,,,,,,,,,,, , , , , , , , , , , , , , , , , , , , , , , , , , , , , , , , , , , ,0,0,0,0,0,0,0,0,0,0,0,0,0,0,0,0,0,0,0,0,0
648,리스사,10928,비엠더블유파이낸셜서비스코리아㈜,B,SK104,요약재무상태표(부채 및 자본)(08.03월 이후),A131,요구불상환지분_기타,,,,,,,,,,,,, , , , , , , , , , , , , , , , , , , , , , , , , , , , , , , , , , , ,0,0,0,0,0,0,0,0,0,0,0,0,0,0,0,0,0,0,0,0,0
649,리스사,10928,비엠더블유파이낸셜서비스코리아㈜,B,SK104,요약재무상태표(부채 및 자본)(08.03월 이후),A2,자본,60504000000,74686000000,73307000000,62994000000,49568000000,83643000000,95042000000,103975000000,110800000000,120010000000,127179000000,139040000000,152655000000,160954000000,162933000000,192179000000,202431000000,224161000000,202006000000,207602000000,220472000000,222132000000,253050000000,238400000000,248777000000,278216000000,285856000000,285739000000,291172000000,300256000000,299772000000,306866000000,314761000000,315144000000,369739000000,376764000000,496665000000,503146000000,500525000000,528908000000,530376000000,532961000000,543549000000,570284000000,599439000000,612507000000,633753000000,728316000000,729257000000,754625000000,778939000000,804743000000,826021000000,856258000000,909681000000,898743000000,945713000000,963418000000,937906000000,954621000000,967899000000,986924000000,1008155000000,1059946000000,1111065000000,1127337000000,1075451000000,1166233000000
650,리스사,10928,비엠더블유파이낸셜서비스코리아㈜,B,SK104,요약재무상태표(부채 및 자본)(08.03월 이후),A21,자본금,31700000000,31700000000,31700000000,31700000000,31700000000,59700000000,59700000000,59700000000,59700000000,59700000000,59700000000,59700000000,59700000000,59700000000,59700000000,59700000000,59700000000,59700000000,59700000000,59700000000,59700000000,59700000000,59700000000,59700000000,59700000000,59700000000,59700000000,59700000000,59700000000,59700000000,59700000000,59700000000,59700000000,59700000000,106860000000,106860000000,220999000000,220999000000,220999000000,220999000000,220999000000,220999000000,220999000000,220999000000,220999000000,220999000000,220999000000,220999000000,220999000000,220999000000,220999000000,220999000000,220999000000,220999000000,220999000000,220999000000,220999000000,220999000000,220999000000,220999000000,220999000000,220999000000,220999000000,320999000000,320999000000,320999000000,320999000000,320999000000
651,리스사,10928,비엠더블유파이낸셜서비스코리아㈜,B,SK104,요약재무상태표(부채 및 자본)(08.03월 이후),A210,자본금_보통주자본금,31700000000,31700000000,31700000000,31700000000,31700000000,59700000000,59700000000,59700000000,59700000000,59700000000,59700000000,59700000000,59700000000,59700000000,59700000000,59700000000,59700000000,59700000000,59700000000,59700000000,59700000000,59700000000,59700000000,59700000000,59700000000,59700000000,59700000000,59700000000,59700000000,59700000000,59700000000,59700000000,59700000000,59700000000,106860000000,106860000000,220999000000,220999000000,220999000000,220999000000,220999000000,220999000000,220999000000,220999000000,220999000000,220999000000,220999000000,220999000000,220999000000,220999000000,220999000000,220999000000,220999000000,220999000000,220999000000,220999000000,220999000000,220999000000,220999000000,220999000000,220999000000,220999000000,220999000000,320999000000,320999000000,320999000000,320999000000,320999000000
652,리스사,10928,비엠더블유파이낸셜서비스코리아㈜,B,SK104,요약재무상태표(부채 및 자본)(08.03월 이후),A211,자본금_우선주자본금,0,0,0,0,0,0,0,0,0,0,0,0,0, , , ,0,0,0,0,0,0,0,0,0,0,0,0,0,0,0,0,0,0,0,0,0,0,0,0,0, ,0,0,0,0,0,0,0,0,0,0,0,0,0,0,0,0,0,0,0,0,0,0,0,0,0,0
653,리스사,10928,비엠더블유파이낸셜서비스코리아㈜,B,SK104,요약재무상태표(부채 및 자본)(08.03월 이후),A212,자본금_신주청약증거금,0,0,0,0,0,0,0,0,0,0,0,0,0, , , ,0,0,0,0,0,0,0,0,0,0,0,0,0,0,0,0,0,0,0,0,0,0,0,0,0, ,0,0,0,0,0,0,0,0,0,0,0,0,0,0,0,0,0,0,0,0,0,0,0,0,0,0
654,리스사,10928,비엠더블유파이낸셜서비스코리아㈜,B,SK104,요약재무상태표(부채 및 자본)(08.03월 이후),A22,자본잉여금,0,0,0,0,0,0,0,0,0,0,0,0,0, , , , , , , , , , , , , ,0, , , , , ,0, , , ,0,0,0, ,0, ,0,0,0,0,0,0,0,0,0,0,0,0,0,0,0,0,0,0,0,0,0,0,0,0,0,0
655,리스사,10928,비엠더블유파이낸셜서비스코리아㈜,B,SK104,요약재무상태표(부채 및 자본)(08.03월 이후),A220,자본잉여금_주식발행초과금,0,0,0,0,0,0,0,0,0,0,0,0,0, , , ,0,0,0,0,0,0,0,0,0,0,0,0,0,0,0,0,0,0,0,0,0,0,0,0,0, ,0,0,0,0,0,0,0,0,0,0,0,0,0,0,0,0,0,0,0,0,0,0,0,0,0,0
656,리스사,10928,비엠더블유파이낸셜서비스코리아㈜,B,SK104,요약재무상태표(부채 및 자본)(08.03월 이후),A221,자본잉여금_감자차익,0,0,0,0,0,0,0,0,0,0,0,0,0, , , ,0,0,0,0,0,0,0,0,0,0,0,0,0,0,0,0,0,0,0,0,0,0,0,0,0, ,0,0,0,0,0,0,0,0,0,0,0,0,0,0,0,0,0,0,0,0,0,0,0,0,0,0
657,리스사,10928,비엠더블유파이낸셜서비스코리아㈜,B,SK104,요약재무상태표(부채 및 자본)(08.03월 이후),A222,자본잉여금_기타자본잉여금,0,0,0,0,0,0,0,0,0,0,0,0,0, , , ,0,0,0,0,0,0,0,0,0,0,0,0,0,0,0,0,0,0,0,0,0,0,0,0,0, ,0,0,0,0,0,0,0,0,0,0,0,0,0,0,0,0,0,0,0,0,0,0,0,0,0,0
658,리스사,10928,비엠더블유파이낸셜서비스코리아㈜,B,SK104,요약재무상태표(부채 및 자본)(08.03월 이후),A23,이익잉여금(결손금),27452000000,43492000000,42575000000,30705000000,17868000000,24081000000,35480000000,44413000000,51100000000,60310000000,67479000000,79340000000,92955000000,101254000000,103233000000,132479000000,142731000000,164461000000,142306000000,147902000000,160772000000,162432000000,193350000000,178700000000,189077000000,218516000000,226156000000,226039000000,231472000000,240556000000,240072000000,247166000000,255061000000,255444000000,263105000000,270130000000,276214000000,282695000000,280074000000,308456000000,309377000000,311962000000,322550000000,349285000000,378440000000,391508000000,412754000000,507317000000,508258000000,533626000000,557940000000,583744000000,605022000000,635259000000,688682000000,677744000000,724714000000,742419000000,716907000000,733622000000,746900000000,765925000000,787156000000,739427000000,790546000000,806818000000,754932000000,845714000000
659,리스사,10928,비엠더블유파이낸셜서비스코리아㈜,B,SK104,요약재무상태표(부채 및 자본)(08.03월 이후),A230,이익잉여금(결손금)_이익준비금,0,0,0,0,0,0,0,0,0,0,0,0,0, , , ,0,0,0,0,0,0,0,0,0,0,0,0,0,0,0,0,0,0,0,0,0,0,0,0,0, ,0,0,0,0,0,0,0,0,0,0,0,0,0,0,0,0,0,0,0,0,0,0,0,0,0,0
660,리스사,10928,비엠더블유파이낸셜서비스코리아㈜,B,SK104,요약재무상태표(부채 및 자본)(08.03월 이후),A231,이익잉여금(결손금)_기업합리화적립금,0,0,0,0,0,0,0,0,0,0,0,0,0, , , , , , , , , , , ,0,0,0,0,0,0,0,0,0,0,0,0,0,0,0,0,0, ,0,0,0,0,0,0,0,0,0,0,0,0,0,0,0,0,0,0,0,0,0,0,0,0,0,0
661,리스사,10928,비엠더블유파이낸셜서비스코리아㈜,B,SK104,요약재무상태표(부채 및 자본)(08.03월 이후),A232,이익잉여금(결손금)_투융자손실준비금,0,0,0,0,0,0,0,0,0,0,0,0,0, , , , , , , , , , , ,0,0,0,0,0,0,0,0,0,0,0,0,0,0,0,0,0, ,0,0,0,0,0,0,0,0,0,0,0,0,0,0,0,0,0,0,0,0,0,0,0,0,0,0
662,리스사,10928,비엠더블유파이낸셜서비스코리아㈜,B,SK104,요약재무상태표(부채 및 자본)(08.03월 이후),A233,이익잉여금(결손금)_기타 법정적립금,0,0,0,0,0,0,0,0,0,0,0,0,0, , , , , , , , , , , ,0,0,0,0,0,0,0,0,0,0,0,0,0,0,0,0,0, ,0,0,0,0,0,0,0,0,0,0,0,0,0,0,0,0,0,0,0,0,0,0,0,0,0,0
663,리스사,10928,비엠더블유파이낸셜서비스코리아㈜,B,SK104,요약재무상태표(부채 및 자본)(08.03월 이후),A234,이익잉여금(결손금)_임의적립금,0,0,0,0,0,0,0,0,0,0,0,0,0, , , , , , , , , , , ,0,0,0,0,0,0,0,0,0,0,0,0,0,0,0,0,0, ,0,0,0,0,0,0,0,0,0,0,0,0,0,0,0,0,0,0,0,0,0,0,0,0,0,0
664,리스사,10928,비엠더블유파이낸셜서비스코리아㈜,B,SK104,요약재무상태표(부채 및 자본)(08.03월 이후),A235,이익잉여금(결손금)_해외투자손실준비금,0,0,0,0,0,0,0,0,0,0,0,0,0, , , , , , , , , , , ,0,0,0,0,0,0,0,0,0,0,0,0,0,0,0,0,0, ,0,0,0,0,0,0,0,0,0,0,0,0,0,0,0,0,0,0,0,0,0,0,0,0,0,0
665,리스사,10928,비엠더블유파이낸셜서비스코리아㈜,B,SK104,요약재무상태표(부채 및 자본)(08.03월 이후),A236,이익잉여금(결손금)_미처분이익잉여금(미처리결손금),27452000000,43492000000,42575000000,30705000000,17868000000,24081000000,35480000000,44413000000,51100000000,60310000000,67479000000,79340000000,92955000000,101254000000,103233000000,132479000000,142731000000,164461000000,142306000000,147902000000,160772000000,162432000000,193350000000,178700000000,189077000000,218516000000,226156000000,226039000000,231472000000,240556000000,240072000000,247166000000,255061000000,255444000000,263105000000,270130000000,276214000000,282695000000,280074000000,308456000000,309377000000,311962000000,322550000000,349285000000,378440000000,391508000000,412754000000,466911000000,464848000000,487474000000,516902000000,543644000000,566270000000,598159000000,650884000000,640567000000,688916000000,709591000000,676633000000,692233000000,703947000000,720459000000,734750000000,685535000000,733032000000,746290000000,690410000000,779364000000
666,리스사,10928,비엠더블유파이낸셜서비스코리아㈜,B,SK104,요약재무상태표(부채 및 자본)(08.03월 이후),A237,이익잉여금(결손금)_대손준비금,,,,,,,,,,,,, , , , , , , , , , , , , , , , , , , , , , , , , , , , , , , , , , , ,40406000000,43410000000,46152000000,41038000000,40100000000,38752000000,37100000000,37798000000,37177000000,35798000000,32828000000,40274000000,41389000000,42953000000,45466000000,52406000000,53892000000,57514000000,60527000000,64521000000,66350000000
667,리스사,10928,비엠더블유파이낸셜서비스코리아㈜,B,SK104,요약재무상태표(부채 및 자본)(08.03월 이후),A238,이익잉여금(결손금)_(당기순손익),-2382000000,13657000000,12740000000,870000000,-4672000000,1541000000,12941000000,21874000000,6825000000,16035000000,23204000000,35065000000,13615000000,21914000000,23893000000,53139000000,10251000000,31981000000,9826000000,15575000000,12870000000,14530000000,45448000000,30798000000,10377000000,39816000000,47456000000,47339000000,5433000000,14517000000,14033000000,21127000000,7894000000,8277000000,15938000000,22963000000,6311000000,12792000000,10171000000,38553000000,1469000000,4054000000,14642000000,41377000000,29155000000,42223000000,63469000000,59612000000,941000000,26309000000,50623000000,76427000000,21278000000,51515000000,104938000000,94000000000,46969000000,64675000000,89163000000,105878000000,13278000000,32303000000,53534000000,5805000000,51120000000,67391000000,15505000000,106287000000
668,리스사,10928,비엠더블유파이낸셜서비스코리아㈜,B,SK104,요약재무상태표(부채 및 자본)(08.03월 이후),A24,자본조정,0,-506000000,-968000000,589000000,0,-138000000,-138000000,-138000000,0,0,0,0,0, , , , , , , , , , , , , ,0, , , , , ,0, ,-226000000,-226000000,-548000000,-548000000,-548000000,-547000000,0, ,0,0,0,0,0,0,0,0,0,0,0,0,0,0,0,0,0,0,0,0,0,-480000000,-480000000,-480000000,-480000000,-480000000
669,리스사,10928,비엠더블유파이낸셜서비스코리아㈜,B,SK104,요약재무상태표(부채 및 자본)(08.03월 이후),A240,자본조정_주식할인발행차금,0,0,0,0,0,-138000000,-138000000,-138000000,0,0,0,0,0, , , ,0,0,0,0,0,0,0,0,0,0,0,0,0,0,0,0,0,0,-226000000,-226000000,-548000000,-548000000,-548000000,-547000000,0, ,0,0,0,0,0,0,0,0,0,0,0,0,0,0,0,0,0,0,0,0,0,-480000000,-480000000,-480000000,-480000000,-480000000
670,리스사,10928,비엠더블유파이낸셜서비스코리아㈜,B,SK104,요약재무상태표(부채 및 자본)(08.03월 이후),A241,자본조정_배당건설이자,0,0,0,0,0,0,0,0,0,0,0,0,0, , , ,0,0,0,0,0,0,0,0,0,0,0,0,0,0,0,0,0,0,0,0,0,0,0,0,0, ,0,0,0,0,0,0,0,0,0,0,0,0,0,0,0,0,0,0,0,0,0,0,0,0,0,0
671,리스사,10928,비엠더블유파이낸셜서비스코리아㈜,B,SK104,요약재무상태표(부채 및 자본)(08.03월 이후),A242,자본조정_자기주식,0,0,0,0,0,0,0,0,0,0,0,0,0, , , ,0,0,0,0,0,0,0,0,0,0,0,0,0,0,0,0,0,0,0,0,0,0,0,0,0, ,0,0,0,0,0,0,0,0,0,0,0,0,0,0,0,0,0,0,0,0,0,0,0,0,0,0
672,리스사,10928,비엠더블유파이낸셜서비스코리아㈜,B,SK104,요약재무상태표(부채 및 자본)(08.03월 이후),A243,자본조정_주식매수선택권,0,0,0,0,0,0,0,0,0,0,0,0,0, , , ,0,0,0,0,0,0,0,0,0,0,0,0,0,0,0,0,0,0,0,0,0,0,0,0,0, ,0,0,0,0,0,0,0,0,0,0,0,0,0,0,0,0,0,0,0,0,0,0,0,0,0,0
673,리스사,10928,비엠더블유파이낸셜서비스코리아㈜,B,SK104,요약재무상태표(부채 및 자본)(08.03월 이후),A244,자본조정_미교부주식배당금,0,0,0,0,0,0,0,0,0,0,0,0,0, , , ,0,0,0,0,0,0,0,0,0,0,0,0,0,0,0,0,0,0,0,0,0,0,0,0,0, ,0,0,0,0,0,0,0,0,0,0,0,0,0,0,0,0,0,0,0,0,0,0,0,0,0,0
674,리스사,10928,비엠더블유파이낸셜서비스코리아㈜,B,SK104,요약재무상태표(부채 및 자본)(08.03월 이후),A245,자본조정_기타 자본조정,0,-506000000,-968000000,589000000,0,0,0,0,0,0,0,0,0, , , ,0,0,0,0,0,0,0,0,0,0,0,0,0,0,0,0,0,0,0,0,0,0,0,0,0, ,0,0,0,0,0,0,0,0,0,0,0,0,0,0,0,0,0,0,0,0,0,0,0,0,0,0
675,리스사,10928,비엠더블유파이낸셜서비스코리아㈜,B,SK104,요약재무상태표(부채 및 자본)(08.03월 이후),A25,기타포괄손익누계액,1352000000,0,0,0,0,0,0,0,0,0,0,0,0, , , , , , , , , , , , , ,0, , , , , ,0, , , ,0,0,0, ,0, ,0,0,0,0,0,0,0,0,0,0,0,0,0,0,0,0,0,0,0,0,0,0,0,0,0,0
676,리스사,10928,비엠더블유파이낸셜서비스코리아㈜,B,SK104,요약재무상태표(부채 및 자본)(08.03월 이후),A250,기타포괄손익누계액_매도가능금융자산평가이익,0,0,0,0,0,0,0,0,0,0,0,0,0, , , ,0,0,0,0,0,0,0,0,0,0,0,0,0,0,0,0,0,0,0,0,0,0,0,0,0, ,0,0,0,0,0,0,0,0,0,0,0,0,0,0,0,0,0,0,0,0,0,0,0,0,0,0
677,리스사,10928,비엠더블유파이낸셜서비스코리아㈜,B,SK104,요약재무상태표(부채 및 자본)(08.03월 이후),A251,기타포괄손익누계액_매도가능금융자산평가손실,1352000000,0,0,0,0,0,0,0,0,0,0,0,0, , , ,0,0,0,0,0,0,0,0,0,0,0,0,0,0,0,0,0,0,0,0,0,0,0,0,0, ,0,0,0,0,0,0,0,0,0,0,0,0,0,0,0,0,0,0,0,0,0,0,0,0,0,0
678,리스사,10928,비엠더블유파이낸셜서비스코리아㈜,B,SK104,요약재무상태표(부채 및 자본)(08.03월 이후),A252,기타포괄손익누계액_해외사업환산이익,0,0,0,0,0,0,0,0,0,0,0,0,0, , , ,0,0,0,0,0,0,0,0,0,0,0,0,0,0,0,0,0,0,0,0,0,0,0,0,0, ,0,0,0,0,0,0,0,0,0,0,0,0,0,0,0,0,0,0,0,0,0,0,0,0,0,0
679,리스사,10928,비엠더블유파이낸셜서비스코리아㈜,B,SK104,요약재무상태표(부채 및 자본)(08.03월 이후),A253,기타포괄손익누계액_해외사업환산손실,0,0,0,0,0,0,0,0,0,0,0,0,0, , , ,0,0,0,0,0,0,0,0,0,0,0,0,0,0,0,0,0,0,0,0,0,0,0,0,0, ,0,0,0,0,0,0,0,0,0,0,0,0,0,0,0,0,0,0,0,0,0,0,0,0,0,0
680,리스사,10928,비엠더블유파이낸셜서비스코리아㈜,B,SK104,요약재무상태표(부채 및 자본)(08.03월 이후),A254,기타포괄손익누계액_현금흐름위험회피 파생상품평가이익,0,0,0,0,0,0,0,0,0,0,0,0,0, , , ,0,0,0,0,0,0,0,0,0,0,0,0,0,0,0,0,0,0,0,0,0,0,0,0,0, ,0,0,0,0,0,0,0,0,0,0,0,0,0,0,0,0,0,0,0,0,0,0,0,0,0,0
681,리스사,10928,비엠더블유파이낸셜서비스코리아㈜,B,SK104,요약재무상태표(부채 및 자본)(08.03월 이후),A255,기타포괄손익누계액_현금흐름위험회피 파생상품평가손실,0,0,0,0,0,0,0,0,0,0,0,0,0, , , ,0,0,0,0,0,0,0,0,0,0,0,0,0,0,0,0,0,0,0,0,0,0,0,0,0, ,0,0,0,0,0,0,0,0,0,0,0,0,0,0,0,0,0,0,0,0,0,0,0,0,0,0
682,리스사,10928,비엠더블유파이낸셜서비스코리아㈜,B,SK104,요약재무상태표(부채 및 자본)(08.03월 이후),A256,기타포괄손익누계액_지분법자본변동,0,0,0,0,0,0,0,0,0,0,0,0,0, , , ,0,0,0,0,0,0,0,0,0,0,0,0,0,0,0,0,0,0,0,0,0,0,0,0,0, ,0,0,0,0,0,0,0,0,0,0,0,0,0,0,0,0,0,0,0,0,0,0,0,0,0,0
683,리스사,10928,비엠더블유파이낸셜서비스코리아㈜,B,SK104,요약재무상태표(부채 및 자본)(08.03월 이후),A257,기타포괄손익누계액_부의 지분법자본변동,0,0,0,0,0,0,0,0,0,0,0,0,0, , , ,0,0,0,0,0,0,0,0,0,0,0,0,0,0,0,0,0,0,0,0,0,0,0,0,0, ,0,0,0,0,0,0,0,0,0,0,0,0,0,0,0,0,0,0,0,0,0,0,0,0,0,0
684,리스사,10928,비엠더블유파이낸셜서비스코리아㈜,B,SK104,요약재무상태표(부채 및 자본)(08.03월 이후),A258,기타포괄손익누계액_유형자산 재평가이익,,,,,,,,,,,,,0, , , ,0,0,0,0,0,0,0,0,0,0,0,0,0,0,0,0,0,0,0,0,0,0,0,0,0, ,0,0,0,0,0,0,0,0,0,0,0,0,0,0,0,0,0,0,0,0,0,0,0,0,0,0
685,리스사,10928,비엠더블유파이낸셜서비스코리아㈜,B,SK104,요약재무상태표(부채 및 자본)(08.03월 이후),A259,기타포괄손익누계액_기타,,,,,,,,,,,,,0, , , ,0,0,0,0,0,0,0,0,0,0,0,0,0,0,0,0,0,0,0,0,0,0,0,0,0, ,0,0,0,0,0,0,0,0,0,0,0,0,0,0,0,0,0,0,0,0,0,0,0,0,0,0
686,리스사,11375,엠캐피탈㈜,B,SK104,요약재무상태표(부채 및 자본)(08.03월 이후),A,부채 및 자본총계,986713000000,1123902000000,1182398000000,899654000000,1390481000000,1339709000000,1448457000000,1428455000000,1476492000000,1629548000000,1768643000000,1920671000000,1999464000000,2129423000000,2242467000000,2272451000000,2364964000000,2409528000000,2421957000000,2476404000000,2524983000000,2549071000000,2533095000000,2538465000000,2501398000000,2553944000000,2542932000000,2599474000000,2634238000000,2677715000000,2578143000000,2433908000000,2451563000000,2497675000000,2556979000000,2477610000000,2488918000000,2608536000000,2604055000000,2705995000000,2585313000000,2508805000000,2479108000000,2399863000000,2388448000000,2388346000000,2268629000000,2358768000000,2366215000000,2393108000000,2450616000000,2450007000000,2484031000000,2826451000000,3285266000000,3691005000000,4039905000000,4250291000000,4367420000000,4185394000000,4193981000000,4341868000000,3970051000000,3662423000000,3481394000000,3126443000000,2743916000000,2572422000000
687,리스사,11375,엠캐피탈㈜,B,SK104,요약재무상태표(부채 및 자본)(08.03월 이후),A1,부채,897902000000,1032311000000,1088090000000,801979000000,1121035000000,1065885000000,1161746000000,1135065000000,1182200000000,1323853000000,1445077000000,1591375000000,1671101000000,1782525000000,1890739000000,1941598000000,2040718000000,2076824000000,2088328000000,2150032000000,2206115000000,2222195000000,2199188000000,2199724000000,2171832000000,2218145000000,2197932000000,2250084000000,2294770000000,2330270000000,2213939000000,2063755000000,2073810000000,2113766000000,2164180000000,2090546000000,2093683000000,2212211000000,2202130000000,2303952000000,2197579000000,2110391000000,2077124000000,1996368000000,1994006000000,1985805000000,1863119000000,1941848000000,1970802000000,1991452000000,2040143000000,1964434000000,2005119000000,2335562000000,2779365000000,3177456000000,3519448000000,3663224000000,3765523000000,3574686000000,3589063000000,3718663000000,3338352000000,3046028000000,2871569000000,2522226000000,2140098000000,2050838000000
688,리스사,11375,엠캐피탈㈜,B,SK104,요약재무상태표(부채 및 자본)(08.03월 이후),A11,차입부채,736919000000,855963000000,898012000000,710226000000,971829000000,921016000000,1007579000000,969674000000,989272000000,1104881000000,1158878000000,1288445000000,1332637000000,1453404000000,1543428000000,1565584000000,1637942000000,1677787000000,1659790000000,1734966000000,1793264000000,1808313000000,1808600000000,1815112000000,1786296000000,1863606000000,1851527000000,1914439000000,1961049000000,2018161000000,1912212000000,1779150000000,1798077000000,1839722000000,1892359000000,1829336000000,1844928000000,1968271000000,1957308000000,2064293000000,1968140000000,1882628000000,1848038000000,1762738000000,1747983000000,1754335000000,1628064000000,1704817000000,1710013000000,1765920000000,1813985000000,1740925000000,1755262000000,2089288000000,2516534000000,2889806000000,3201768000000,3345867000000,3427774000000,3232858000000,3230236000000,3390762000000,3026341000000,2748374000000,2560747000000,2250983000000,1896996000000,1833350000000
689,리스사,11375,엠캐피탈㈜,B,SK104,요약재무상태표(부채 및 자본)(08.03월 이후),A110,차입금,367877000000,382504000000,414372000000,285202000000,264880000000,253865000000,281888000000,298888000000,278888000000,354888000000,358888000000,403888000000,,,,,,,,,,,,,,,,,,,,,,,,,,,,,,,,,,,,,,,,,,,,,,,,,,,,,,,,
690,리스사,11375,엠캐피탈㈜,B,SK104,요약재무상태표(부채 및 자본)(08.03월 이후),A110,차입부채_차입금,,,,,,,,,,,,,388056000000,483888000000,494000000000,458000000000,500000000000,530000000000,517000000000,602000000000,750000000000,745000000000,835000000000,791907000000,847912000000,787506000000,719458000000,766223000000,633579000000,825190000000,799820000000,776530000000,743054000000,793801000000,857834000000,683145000000,644632000000,554505000000,544621000000,554689000000,561715000000,585500000000,455000000000,407500000000,356500000000,356500000000,317000000000,367000000000,397000000000,453000000000,416000000000,416000000000,314000000000,255000000000,388000000000,427572000000,415567000000,356611000000,301635000000,312671000000,261708000000,421746000000,479061000000,468590000000,521321000000,708407000000,657511000000,467024000000
691,리스사,11375,엠캐피탈㈜,B,SK104,요약재무상태표(부채 및 자본)(08.03월 이후),A111,단기차입금,367877000000,382504000000,414372000000,285202000000,264880000000,253865000000,281888000000,298888000000,278888000000,354888000000,338888000000,403888000000,,,,,,,,,,,,,,,,,,,,,,,,,,,,,,,,,,,,,,,,,,,,,,,,,,,,,,,,
692,리스사,11375,엠캐피탈㈜,B,SK104,요약재무상태표(부채 및 자본)(08.03월 이후),A111,차입부채_차입금_단기차입금,,,,,,,,,,,,,388056000000,423888000000,444000000000,408000000000,480000000000,530000000000,517000000000,602000000000,750000000000,745000000000,835000000000,791907000000,847912000000,787506000000,719458000000,766223000000,633579000000,825190000000,799820000000,776530000000,743054000000,793801000000,857834000000,683145000000,644632000000,554505000000,544621000000,554689000000,561715000000,585500000000,455000000000,407500000000,356500000000,356500000000,317000000000,367000000000,397000000000,453000000000,416000000000,416000000000,314000000000,195000000000,308000000000,308000000000,286000000000,227000000000,192000000000,203000000000,152000000000,312000000000,223000000000,202000000000,270000000000,283000000000,257000000000,183000000000
693,리스사,11375,엠캐피탈㈜,B,SK104,요약재무상태표(부채 및 자본)(08.03월 이후),A112,차입부채_차입금_콜머니,,,,,,,,,,,,,0,10000000000,0,0,0,0,0,0,0,0,0,0,0,0,0,0,0,0,0,0,0,0,0,0,0,0,0,0,0,0,0,0,0,0,0,0,0,0,0,0,0,0,0,0,0,0,0,0,0,0,0,0,0,0,0,0
694,리스사,11375,엠캐피탈㈜,B,SK104,요약재무상태표(부채 및 자본)(08.03월 이후),A112,콜머니,0,0,0,0,0,0,0,0,0,0,0,0,,,,,,,,,,,,,,,,,,,,,,,,,,,,,,,,,,,,,,,,,,,,,,,,,,,,,,,,
695,리스사,11375,엠캐피탈㈜,B,SK104,요약재무상태표(부채 및 자본)(08.03월 이후),A113,장기차입금,0,0,0,0,0,0,0,0,0,0,20000000000,0,,,,,,,,,,,,,,,,,,,,,,,,,,,,,,,,,,,,,,,,,,,,,,,,,,,,,,,,
696,리스사,11375,엠캐피탈㈜,B,SK104,요약재무상태표(부채 및 자본)(08.03월 이후),A113,차입부채_차입금_장기차입금,,,,,,,,,,,,,0,50000000000,50000000000,50000000000,20000000000,0,0,0,0,0,0,0,0,0,0,0,0,0,0,0,0,0,0,0,0,0,0,0,0,0,0,0,0,0,0,0,0,0,0,0,0,60000000000,80000000000,120000000000,130000000000,130000000000,110000000000,110000000000,110000000000,110000000000,260000000000,270240000000,254346000000,430508000000,410194000000,290466000000
697,리스사,11375,엠캐피탈㈜,B,SK104,요약재무상태표(부채 및 자본)(08.03월 이후),A114,유동성 장기차입금,0,0,0,0,0,0,0,0,0,0,0,0,,,,,,,,,,,,,,,,,,,,,,,,,,,,,,,,,,,,,,,,,,,,,,,,,,,,,,,,
698,리스사,11375,엠캐피탈㈜,B,SK104,요약재무상태표(부채 및 자본)(08.03월 이후),A114,차입부채_차입금_유동성 장기차입금,,,,,,,,,,,,,0,0,0,0,0,0,0,0,0,0,0,0,0,0,0,0,0,0,0,0,0,0,0,0,0,0,0,0,0,0,0,0,0,0,0,0,0,0,0,0,0,0,0,0,0,0,0,0,0,0,0,0,0,0,0,0
699,리스사,11375,엠캐피탈㈜,B,SK104,요약재무상태표(부채 및 자본)(08.03월 이후),A115,사  채,369042000000,473459000000,483640000000,425024000000,706949000000,667151000000,725691000000,670786000000,710384000000,749993000000,799990000000,884557000000,,,,,,,,,,,,,,,,,,,,,,,,,,,,,,,,,,,,,,,,,,,,,,,,,,,,,,,,
700,리스사,11375,엠캐피탈㈜,B,SK104,요약재무상태표(부채 및 자본)(08.03월 이후),A115,차입부채_사 채,,,,,,,,,,,,,944581000000,969516000000,1049428000000,1107584000000,1137942000000,1147787000000,1142790000000,1132966000000,1043264000000,1063313000000,973600000000,1023205000000,938383000000,1076101000000,1132069000000,1148216000000,1327470000000,1192971000000,1112392000000,1002619000000,1055024000000,1045921000000,1034525000000,1146192000000,1200296000000,1413766000000,1412687000000,1509604000000,1406425000000,1297128000000,1393038000000,1355238000000,1391483000000,1397835000000,1311064000000,1337817000000,1313013000000,1312920000000,1397985000000,1324925000000,1441262000000,1834288000000,2128534000000,2462234000000,2786201000000,2989256000000,3126139000000,2920187000000,2968528000000,2969016000000,2547280000000,2279784000000,2039426000000,1542576000000,1239485000000,1366326000000
701,리스사,11375,엠캐피탈㈜,B,SK104,요약재무상태표(부채 및 자본)(08.03월 이후),A1150,차입부채_사 채_단기사채,0,0,0,0,0,0,0,0,0,0,0,0,0,0, , , ,0, ,0,0,0,0,210000000000,235000000000,423000000000,564000000000,560000000000,654300000000,519522000000,483852000000,461000000000,548500000000,519500000000,327000000000,254800000000,166500000000,239000000000,141000000000,160000000000,222000000000,126000000000,0,0,30000000000,30000000000,40000000000,40000000000,60000000000,0,40000000000,60000000000,30000000000,0,34000000000,0,90000000000,50000000000,100000000000,0,0,35000000000,70500000000,15000000000,52000000000,20000000000,50000000000,87000000000
702,리스사,11375,엠캐피탈㈜,B,SK104,요약재무상태표(부채 및 자본)(08.03월 이후),A11500,차입부채_사 채_단기사채_(사채발행차금),0,0,0,0,0,0,0,0,0,0,0,0,0,0, , , ,0, ,0,0,0,0,-656000000,-693000000,-1084000000,-1265000000,-1084000000,-1117000000,-731000000,-713000000,-729000000,-906000000,-868000000,-448000000,-489000000,-265000000,-423000000,-249000000,-160000000,350000000,189000000,0,0,0,0,0,0,0,0,0,0,0,0,0,0,0,0,0,0,0,0,0,0,0,0,0,0
703,리스사,11375,엠캐피탈㈜,B,SK104,요약재무상태표(부채 및 자본)(08.03월 이후),A1151,차입부채_사 채_유동성사채,0,0,0,0,0,0,0,0,0,0,0,0,0,0, , , ,0, ,0,0,0,0,0,0,0,0,0,0,0,0,0,0,0,0,0,0,0,0,0,0,0,0,0,0,0,0,0,0,0,0,0,0,0,0,0,0,0,0,0,0,0,0,0,0,0,0,0
704,리스사,11375,엠캐피탈㈜,B,SK104,요약재무상태표(부채 및 자본)(08.03월 이후),A11510,차입부채_사 채_유동성사채_(유동성사채발행차금),0,0,0,0,0,0,0,0,0,0,0,0,0,0, , , ,0, ,0,0,0,0,0,0,0,0,0,0,0,0,0,0,0,0,0,0,0,0,0,0,0,0,0,0,0,0,0,0,0,0,0,0,0,0,0,0,0,0,0,0,0,0,0,0,0,0,0
705,리스사,11375,엠캐피탈㈜,B,SK104,요약재무상태표(부채 및 자본)(08.03월 이후),A1152,차입부채_사 채_장기사채,370000000000,475000000000,485000000000,426053000000,708320000000,668320000000,727000000000,672000000000,712000000000,752000000000,802000000000,887000000000,947000000000,972000000000,1052000000000,1110000000000,1140000000000,1150000000000,1145000000000,1135000000000,1045000000000,1065000000000,975000000000,815000000000,705000000000,655000000000,570000000000,590000000000,675000000000,675000000000,630000000000,543000000000,508000000000,528000000000,709000000000,893000000000,1035200000000,1176700000000,1273700000000,1351700000000,1186700000000,1173500000000,1395500000000,1357500000000,1363500000000,1370000000000,1273000000000,1300000000000,1255000000000,1315000000000,1360000000000,1267000000000,1414000000000,1838000000000,2098500000000,2467500000000,2701500000000,2945000000000,3031500000000,2925100000000,2973500000000,2939000000000,2481400000000,2268500000000,1991200000000,1525700000000,1196100000000,1284600000000
706,리스사,11375,엠캐피탈㈜,B,SK104,요약재무상태표(부채 및 자본)(08.03월 이후),A11520,차입부채_사 채_장기사채_(사채발행차금),958000000,1541000000,1360000000,1029000000,1371000000,1169000000,1309000000,1214000000,1616000000,2007000000,2010000000,2443000000,2419000000,-2484000000,2572000000,2416000000,2058000000,-2213000000,2210000000,-2034000000,-1736000000,-1687000000,-1400000000,-1139000000,-924000000,-815000000,-666000000,-700000000,-713000000,-820000000,-747000000,-652000000,-570000000,-711000000,-1027000000,-1119000000,-1139000000,-1511000000,-1764000000,-1936000000,1925000000,2183000000,2462000000,2262000000,2017000000,2165000000,1936000000,2183000000,1987000000,2080000000,2015000000,2075000000,2738000000,3712000000,3966000000,5266000000,5299000000,5744000000,5361000000,4913000000,4972000000,4984000000,4620000000,3716000000,3774000000,3124000000,6615000000,5274000000
707,리스사,11375,엠캐피탈㈜,B,SK104,요약재무상태표(부채 및 자본)(08.03월 이후),A1153,차입부채_사 채_기타,-958000000,-1541000000,-1360000000,-1029000000,-1371000000,-1169000000,-1309000000,-1214000000,-1616000000,-2007000000,-2010000000,-2443000000,-4838000000,0,-5144000000,-4832000000,-4116000000,0,-4420000000,0,0,0,0,0,0,0,0,0,0,0,0,0,0,0,0,0,0,0,0,0,-4550000000,-4744000000,-4924000000,-4524000000,-4034000000,-4330000000,-3872000000,-4366000000,-3974000000,-4160000000,-4030000000,-4150000000,-5476000000,-7424000000,-7932000000,-10532000000,-10598000000,-11488000000,-10722000000,-9826000000,-9944000000,-9968000000,-9240000000,-7432000000,-7548000000,-6248000000,-13230000000,-10548000000
708,리스사,11375,엠캐피탈㈜,B,SK104,요약재무상태표(부채 및 자본)(08.03월 이후),A12,기타부채,160983000000,176348000000,190078000000,91753000000,149206000000,144869000000,154167000000,165391000000,192928000000,218972000000,286199000000,302930000000,338464000000,329121000000,347311000000,376014000000,402776000000,399037000000,428538000000,415066000000,412851000000,413882000000,390589000000,384612000000,385536000000,354539000000,346404000000,335645000000,333722000000,312109000000,301727000000,284605000000,275732000000,274043000000,271821000000,261210000000,248755000000,243940000000,244822000000,239659000000,229439000000,227763000000,229086000000,233630000000,246023000000,231470000000,235055000000,237031000000,260789000000,225532000000,226158000000,223509000000,249857000000,246274000000,262831000000,287650000000,317680000000,317357000000,337749000000,341828000000,358827000000,327901000000,312011000000,297654000000,310822000000,271243000000,243102000000,217488000000
709,리스사,11375,엠캐피탈㈜,B,SK104,요약재무상태표(부채 및 자본)(08.03월 이후),A120,기타부채_영업미지급금,0,0,0,0,0,0,0,0,0,0,0,0,0,0,0,0,0,0,1801000000,1349000000,90000000,89000000,21000000,21000000,21000000,21000000,21000000,21000000,0,0,0,0,0,0,0,0,0,0,0,0,0,2000000,1000000,1000000,1000000,1000000,1000000,1000000,1000000,1000000,1000000,1000000,1000000,1000000,1000000,1000000,1000000,1000000,1000000,1000000,1000000,1000000,1000000,1000000,1000000,1000000,1000000,1000000
710,리스사,11375,엠캐피탈㈜,B,SK104,요약재무상태표(부채 및 자본)(08.03월 이후),A121,기타부채_장기미지급금,0,0,0,0,0,0,0,0,0,0,0,0,0,0,0,0,0,0,0,0,0,0,0,0,0,0,0,0,0,0,0,0,0,0,0,0,0,0,0,0,0,0,0,0,0,0,0,0,0,0,0,0,0,0,0,0,0,0,0,0,0,0,0,0,0,0,0,0
711,리스사,11375,엠캐피탈㈜,B,SK104,요약재무상태표(부채 및 자본)(08.03월 이후),A122,기타부채_기타의 부채,11502000000,11074000000,13455000000,14493000000,25769000000,22733000000,27861000000,27525000000,32954000000,38107000000,39084000000,35472000000,68931000000,53238000000,58398000000,70112000000,63460000000,55247000000,77216000000,64178000000,64047000000,72566000000,55507000000,61351000000,55233000000,47070000000,49170000000,49426000000,43995000000,45262000000,43768000000,42254000000,40511000000,42509000000,43183000000,42530000000,34935000000,34181000000,35874000000,37794000000,32619000000,30426000000,31783000000,35635000000,31891000000,33863000000,31466000000,37232000000,33608000000,31019000000,29911000000,29995000000,33013000000,36078000000,40897000000,52007000000,57837000000,65788000000,70168000000,79743000000,71174000000,66599000000,57290000000,53900000000,51089000000,43697000000,40319000000,35914000000
712,리스사,11375,엠캐피탈㈜,B,SK104,요약재무상태표(부채 및 자본)(08.03월 이후),A1220,기타부채_기타의 부채_가수금,358000000,363000000,403000000,580000000,817000000,1338000000,2218000000,1954000000,3893000000,5171000000,4574000000,3867000000,14853000000,3248000000,2966000000,3826000000,3650000000,3329000000,14555000000,15553000000,19825000000,24896000000,6601000000,8752000000,5363000000,3901000000,5315000000,4507000000,5362000000,6355000000,4583000000,3741000000,4016000000,5106000000,3830000000,3135000000,2910000000,2372000000,2821000000,2122000000,2371000000,2293000000,1925000000,2299000000,1820000000,2257000000,2046000000,3466000000,2898000000,2640000000,2558000000,2518000000,3114000000,1573000000,1734000000,2178000000,2054000000,1433000000,1982000000,4135000000,4784000000,2310000000,1534000000,1787000000,2250000000,1568000000,2067000000,1716000000
713,리스사,11375,엠캐피탈㈜,B,SK104,요약재무상태표(부채 및 자본)(08.03월 이후),A1221,기타부채_기타의 부채_예수금,212000000,185000000,566000000,803000000,781000000,629000000,1118000000,765000000,837000000,715000000,856000000,571000000,651000000,548000000,710000000,515000000,641000000,565000000,641000000,627000000,887000000,837000000,782000000,786000000,939000000,685000000,781000000,630000000,873000000,728000000,686000000,653000000,865000000,626000000,626000000,565000000,1927000000,1700000000,1656000000,904000000,1713000000,1537000000,1395000000,1184000000,1139000000,1120000000,880000000,1284000000,1602000000,1590000000,1667000000,1201000000,1480000000,1272000000,1249000000,2138000000,1530000000,1979000000,1649000000,2640000000,459000000,1101000000,1334000000,1692000000,2093000000,1299000000,1053000000,1548000000
714,리스사,11375,엠캐피탈㈜,B,SK104,요약재무상태표(부채 및 자본)(08.03월 이후),A1222,기타부채_기타의 부채_선수금,1771000000,1385000000,1594000000,1360000000,4639000000,4905000000,2924000000,3376000000,3770000000,4284000000,5121000000,5787000000,5709000000,5356000000,4995000000,5316000000,5263000000,5291000000,5338000000,4032000000,4007000000,5855000000,4264000000,4241000000,4227000000,4458000000,4079000000,4102000000,4727000000,5707000000,6073000000,6508000000,6196000000,6550000000,6075000000,5666000000,5342000000,4971000000,4547000000,3986000000,3315000000,3388000000,2609000000,2527000000,2262000000,2198000000,2144000000,2269000000,2452000000,2625000000,2829000000,3112000000,3902000000,5493000000,6775000000,8887000000,10155000000,12135000000,12787000000,12231000000,11009000000,9856000000,8916000000,7911000000,7104000000,6071000000,7058000000,4375000000
715,리스사,11375,엠캐피탈㈜,B,SK104,요약재무상태표(부채 및 자본)(08.03월 이후),A1223,기타부채_기타의 부채_선수수익,622000000,794000000,764000000,879000000,680000000,506000000,487000000,677000000,1268000000,729000000,718000000,1026000000,25103000000,27054000000,27923000000,28701000000,29413000000,28669000000,27460000000,25471000000,25127000000,25937000000,24257000000,22790000000,21791000000,20838000000,19555000000,18531000000,17544000000,16523000000,15145000000,14046000000,13237000000,13012000000,12504000000,12054000000,11833000000,12050000000,12089000000,12228000000,12671000000,12739000000,12936000000,13919000000,13378000000,13434000000,12737000000,11962000000,11613000000,11400000000,11478000000,11007000000,11399000000,11688000000,13011000000,14978000000,17477000000,18954000000,22491000000,25060000000,25734000000,24942000000,24090000000,23020000000,21731000000,20307000000,17743000000,15517000000
716,리스사,11375,엠캐피탈㈜,B,SK104,요약재무상태표(부채 및 자본)(08.03월 이후),A1224,기타부채_기타의 부채_미지급금,163000000,190000000,153000000,345000000,1362000000,596000000,4559000000,6282000000,7029000000,6427000000,3032000000,3809000000,3890000000,3552000000,10235000000,11199000000,2903000000,2055000000,15716000000,4926000000,528000000,771000000,2354000000,4644000000,6147000000,2665000000,3378000000,9537000000,3582000000,3390000000,2964000000,2824000000,556000000,423000000,418000000,2308000000,596000000,772000000,961000000,3010000000,1254000000,1009000000,1231000000,3263000000,1381000000,1314000000,1198000000,3385000000,1105000000,917000000,745000000,2456000000,299000000,348000000,219000000,3533000000,351000000,385000000,436000000,2778000000,273000000,636000000,382000000,1713000000,947000000,600000000,628000000,1159000000
717,리스사,11375,엠캐피탈㈜,B,SK104,요약재무상태표(부채 및 자본)(08.03월 이후),A1225,기타부채_기타의 부채_미지급비용,3932000000,5675000000,8069000000,8986000000,13827000000,13464000000,15800000000,14056000000,15755000000,14235000000,15227000000,10930000000,12565000000,8502000000,8844000000,9992000000,9363000000,10234000000,11156000000,10475000000,12316000000,12056000000,10642000000,10863000000,10799000000,10674000000,10930000000,11524000000,11773000000,12256000000,11863000000,12878000000,12761000000,12669000000,14003000000,15649000000,8208000000,9060000000,10068000000,10819000000,8502000000,9040000000,9168000000,9005000000,8966000000,9069000000,7860000000,7715000000,7326000000,7045000000,7379000000,6937000000,8348000000,10139000000,10926000000,12315000000,14131000000,14028000000,15175000000,14568000000,15742000000,17234000000,17370000000,16760000000,14108000000,12945000000,10888000000,10724000000
718,리스사,11375,엠캐피탈㈜,B,SK104,요약재무상태표(부채 및 자본)(08.03월 이후),A1226,기타부채_기타의 부채_미지급법인세,4444000000,2482000000,1814000000,1540000000,2942000000,747000000,0,0,189000000,6546000000,9552000000,9479000000,6086000000,4946000000,2354000000,10078000000,11838000000,4573000000,1715000000,2612000000,940000000,1867000000,6547000000,9166000000,5880000000,3750000000,4966000000,411000000,0,0,203000000,1177000000,2717000000,3927000000,5524000000,2307000000,3936000000,3099000000,3594000000,4704000000,2699000000,225000000,2297000000,3179000000,2612000000,3873000000,3811000000,6709000000,6186000000,3892000000,2767000000,2364000000,4003000000,4587000000,6130000000,7319000000,11198000000,15526000000,14540000000,16870000000,11801000000,9387000000,2755000000,0,1802000000,0,0,0
719,리스사,11375,엠캐피탈㈜,B,SK104,요약재무상태표(부채 및 자본)(08.03월 이후),A1227,기타부채_기타의 부채_선불카드수탁금,0,0,0,0,0,0,0,0,0,0,0,0,0,0,0,0,0,0,0,0,0,0,0,0,0,0,0,0,0,0,0,0,0,0,0,0,0,0,0,0,0,0,0,0,0,0,0,0,0,0,0,0,0,0,0,0,0,0,0,0,0,0,0,0,0,0,0,0
720,리스사,11375,엠캐피탈㈜,B,SK104,요약재무상태표(부채 및 자본)(08.03월 이후),A1228,기타부채_기타의 부채_부가세예수금,0,0,0,0,0,0,0,0,0,0,0,0,3000000,0,0,0,0,0,0,0,0,0,0,7000000,0,0,0,0,0,0,1278000000,0,0,56000000,62000000,86000000,116000000,60000000,107000000,12000000,93000000,76000000,117000000,220000000,244000000,237000000,216000000,290000000,383000000,910000000,488000000,400000000,468000000,978000000,853000000,659000000,941000000,1348000000,1108000000,1461000000,1372000000,1133000000,909000000,1017000000,1054000000,907000000,882000000,875000000
721,리스사,11375,엠캐피탈㈜,B,SK104,요약재무상태표(부채 및 자본)(08.03월 이후),A1229,기타부채_기타의 부채_선물환거래대,0,0,0,0,0,0,0,0,0,0,0,0,0,0,0,0,0,0,0,0,0,0,0,0,0,0,0,0,0,0,0,0,0,0,0,0,0,0,0,0,0,0,0,0,0,0,0,0,0,0,0,0,0,0,0,0,0,0,0,0,0,0,0,0,0,0,0,0
722,리스사,11375,엠캐피탈㈜,B,SK104,요약재무상태표(부채 및 자본)(08.03월 이후),A122A,기타부채_기타의 부채_파생상품부채,0,0,0,0,721000000,548000000,755000000,415000000,213000000,0,4000000,3000000,71000000,32000000,371000000,485000000,389000000,529000000,635000000,481000000,418000000,348000000,62000000,102000000,87000000,100000000,165000000,183000000,135000000,304000000,973000000,427000000,164000000,140000000,141000000,760000000,67000000,97000000,31000000,9000000,1000000,119000000,105000000,39000000,89000000,361000000,574000000,152000000,43000000,0,0,0,0,0,0,0,0,0,0,0,0,0,0,0,0,0,0,0
723,리스사,11375,엠캐피탈㈜,B,SK104,요약재무상태표(부채 및 자본)(08.03월 이후),A122B,기타부채_기타의 부채_옵션수입프리미엄,0,0,0,0,0,0,0,0,0,0,0,0,0,0,0,0,0,0,0,0,0,0,0,0,0,0,0,0,0,0,0,0,0,0,0,0,0,0,0,0,0,0,0,0,0,0,0,0,0,0,0,0,0,0,0,0,0,0,0,0,0,0,0,0,0,0,0,0
724,리스사,11375,엠캐피탈㈜,B,SK104,요약재무상태표(부채 및 자본)(08.03월 이후),A122C,기타부채_기타의 부채_이연리스수익,0,0,0,0,0,0,0,0,0,0,0,0,0,0,0,0,0,0,0,0,0,0,0,0,0,0,0,0,0,0,0,0,0,0,0,0,0,0,0,0,0,0,0,0,0,0,0,0,0,0,0,0,0,0,0,0,0,0,0,0,0,0,0,0,0,0,0,0
725,리스사,11375,엠캐피탈㈜,B,SK104,요약재무상태표(부채 및 자본)(08.03월 이후),A122D,기타부채_기타의 부채_기타의 유동부채,0,0,92000000,0,0,0,0,0,0,0,0,0,0,0,0,0,0,0,0,0,0,0,0,0,0,0,0,0,0,0,0,0,0,0,0,0,0,0,0,0,0,0,0,0,0,0,0,0,0,0,0,0,0,0,0,0,0,0,0,0,0,0,0,0,0,0,0,0
726,리스사,11375,엠캐피탈㈜,B,SK104,요약재무상태표(부채 및 자본)(08.03월 이후),A122E,기타부채_유동성 장기부채,45513000000,47142000000,46713000000,20314000000,0,0,0,0,0,0,0,0,0,0,0,0,0,0,0,0,0,0,0,0,0,0,0,0,0,0,0,0,0,0,0,0,0,0,0,0,0,0,0,0,0,0,0,0,0,0,0,0,0,0,0,0,0,0,0,0,0,0,0,0,0,0,0,0
727,리스사,11375,엠캐피탈㈜,B,SK104,요약재무상태표(부채 및 자본)(08.03월 이후),A123,기타부채_리스보증금,101589000000,117195000000,128502000000,55789000000,122044000000,121194000000,125453000000,136915000000,153705000000,178417000000,244317000000,265919000000,258654000000,273423000000,285620000000,303712000000,322281000000,338558000000,343108000000,344425000000,341959000000,333074000000,325749000000,316146000000,308603000000,299900000000,289270000000,280536000000,270164000000,259449000000,248759000000,233888000000,223722000000,219715000000,214702000000,206789000000,201193000000,196522000000,194743000000,191752000000,187465000000,185089000000,184159000000,186364000000,184481000000,181363000000,177470000000,175012000000,176155000000,170112000000,170935000000,173294000000,179649000000,186639000000,196981000000,213137000000,224809000000,230023000000,243967000000,247726000000,247409000000,244855000000,237736000000,230437000000,221265000000,209939000000,189959000000,173150000000
728,리스사,11375,엠캐피탈㈜,B,SK104,요약재무상태표(부채 및 자본)(08.03월 이후),A124,기타부채_보 증 금,44000000,500000000,873000000,863000000,993000000,940000000,759000000,759000000,1158000000,1425000000,1379000000,1370000000,361000000,370000000,580000000,997000000,1579000000,2379000000,2941000000,3788000000,4579000000,5217000000,5639000000,5900000000,6066000000,5381000000,4943000000,4595000000,3995000000,4308000000,2965000000,3568000000,5417000000,5126000000,5724000000,5607000000,6041000000,7265000000,7567000000,7856000000,7570000000,8946000000,8401000000,8749000000,8760000000,8884000000,8858000000,8861000000,9137000000,8546000000,8842000000,8640000000,8685000000,9426000000,9981000000,10288000000,10802000000,10245000000,11735000000,9382000000,9609000000,9592000000,9201000000,8036000000,7891000000,7680000000,5280000000,4893000000
729,리스사,11375,엠캐피탈㈜,B,SK104,요약재무상태표(부채 및 자본)(08.03월 이후),A1240,기타부채_보 증 금_상환이행보증금,0,400000000,773000000,773000000,773000000,740000000,633000000,633000000,1008000000,1008000000,1008000000,1008000000,0,0,0,0,0,0,0,0,0,0,0,0,0,0,0,0,0,0,0,0,0,0,0,0,0,0,0,0,0,0,0,0,0,0,0,0,0,0,0,0,0,0,0,0,0,0,0,0,0,0,0,0,0,0,0,0
730,리스사,11375,엠캐피탈㈜,B,SK104,요약재무상태표(부채 및 자본)(08.03월 이후),A1241,기타부채_보 증 금_임대보증금,0,0,0,0,18000000,18000000,18000000,18000000,18000000,13000000,15000000,5000000,5000000,5000000,3000000,3000000,3000000,13000000,13000000,13000000,13000000,13000000,13000000,13000000,3000000,3000000,3000000,3000000,0,0,0,0,0,0,0,0,0,0,0,0,0,0,0,0,0,0,0,0,0,0,0,0,0,0,0,0,0,0,0,0,0,0,0,0,0,0,0,0
731,리스사,11375,엠캐피탈㈜,B,SK104,요약재무상태표(부채 및 자본)(08.03월 이후),A1242,기타부채_보 증 금_기타보증금,44000000,100000000,100000000,90000000,202000000,182000000,108000000,108000000,132000000,404000000,356000000,357000000,356000000,365000000,577000000,994000000,1576000000,2366000000,2928000000,3775000000,4566000000,5204000000,5626000000,5887000000,6063000000,5378000000,4940000000,4592000000,3995000000,4308000000,2965000000,3568000000,5417000000,5126000000,5724000000,5607000000,6041000000,7265000000,7567000000,7856000000,7570000000,8946000000,8401000000,8749000000,8760000000,8884000000,8858000000,8861000000,9137000000,8546000000,8842000000,8640000000,8685000000,9426000000,9981000000,10288000000,10802000000,10245000000,11735000000,9382000000,9609000000,9592000000,9201000000,8036000000,7891000000,7680000000,5280000000,4893000000
732,리스사,11375,엠캐피탈㈜,B,SK104,요약재무상태표(부채 및 자본)(08.03월 이후),A125,기타부채_퇴직급여채무,884000000,981000000,1071000000,860000000,1000000000,1024000000,1091000000,1051000000,1418000000,1858000000,2222000000,1657000000,2460000000,3169000000,3835000000,2805000000,3652000000,4392000000,4936000000,3728000000,4429000000,5063000000,5734000000,4535000000,5395000000,5819000000,6507000000,5487000000,6332000000,7085000000,7833000000,6763000000,7475000000,8115000000,8944000000,7541000000,8135000000,8482000000,9121000000,7434000000,8124000000,9371000000,10031000000,8953000000,9486000000,10143000000,10906000000,10769000000,11026000000,11687000000,12354000000,10242000000,10811000000,11700000000,12560000000,10586000000,11624000000,12649000000,13736000000,10565000000,10905000000,11735000000,12826000000,12051000000,13033000000,11882000000,11692000000,12438000000
733,리스사,11375,엠캐피탈㈜,B,SK104,요약재무상태표(부채 및 자본)(08.03월 이후),A1250,기타부채_퇴직급여채무_(미인식보험수리적손익) (+-),,,,,,,,,,,,,0,0,0,0,0,0,0,0,0,0,0,0,0,0,0,0,0,0,0,0,0,0,0,0,0,0,0,0,0,0,0,0,0,0,0,0,0,0,0,0,0,0,0,0,0,0,0,0,0,0,0,0,0,0,0,0
734,리스사,11375,엠캐피탈㈜,B,SK104,요약재무상태표(부채 및 자본)(08.03월 이후),A1251,기타부채_퇴직급여채무_(미인식과거근무원가) (-),,,,,,,,,,,,,0,0,0,0,0,0,0,0,0,0,0,0,0,0,0,0,0,0,0,0,0,0,0,0,0,0,0,0,0,0,0,0,0,0,0,0,0,0,0,0,0,0,0,0,0,0,0,0,0,0,0,0,0,0,0,0
735,리스사,11375,엠캐피탈㈜,B,SK104,요약재무상태표(부채 및 자본)(08.03월 이후),A1252,기타부채_퇴직급여채무_(퇴직급여사외적립자산) (-),,,,,,,,,,,,,0,1557000000,1485000000,1982000000,1960000000,-1851000000,1792000000,-2781000000,-2643000000,-2529000000,-2428000000,-3712000000,-3651000000,-4031000000,-3891000000,-4809000000,-4707000000,-4662000000,-4557000000,-4620000000,-4435000000,-4317000000,-4299000000,-6782000000,-6583000000,-6558000000,-6502000000,-7180000000,7082000000,7456000000,7366000000,8463000000,8203000000,8505000000,8450000000,9576000000,9118000000,8922000000,8757000000,9406000000,8673000000,8483000000,8264000000,9480000000,9372000000,9251000000,9192000000,12261000000,11248000000,10823000000,10535000000,12883000000,12676000000,12032000000,11501000000,12567000000
736,리스사,11375,엠캐피탈㈜,B,SK104,요약재무상태표(부채 및 자본)(08.03월 이후),A126,기타부채_지급보증충당금,0,0,0,0,0,0,0,0,0,0,0,0,0,0,0,0,0,0,0,0,0,0,0,0,0,0,0,0,0,0,0,0,0,0,0,0,0,0,0,0,0,0,0,0,0,0,0,0,0,0,0,0,0,0,0,0,0,0,0,0,0,0,0,0,0,0,0,0
737,리스사,11375,엠캐피탈㈜,B,SK104,요약재무상태표(부채 및 자본)(08.03월 이후),A127,기타부채_포인트충당부채,0,0,0,0,0,0,0,0,0,0,0,0,0,0,0,0,0,0,0,0,0,0,0,0,0,0,0,0,0,0,0,0,0,0,0,0,0,0,0,0,0,0,0,0,0,0,0,0,0,0,0,0,0,0,0,0,0,0,0,0,0,0,0,0,0,0,0,0
738,리스사,11375,엠캐피탈㈜,B,SK104,요약재무상태표(부채 및 자본)(08.03월 이후),A128,기타부채_미지급배당금,2000000000,0,0,0,2000000,2000000,2000000,2000000,4535000000,2000000,2000000,2000000,8998000000,3000000,3000000,3000000,13496000000,4000000,4000000,4000000,6000000,6000000,5000000,5000000,13499000000,4000000,4000000,4000000,13498000000,6000000,6000000,6000000,6000000,6000000,6000000,6000000,6000000,6000000,6000000,6000000,6000000,6000000,6000000,6000000,13500000000,6000000,6000000,6000000,26993000000,11000000,11000000,11000000,15675000000,12000000,12000000,12000000,12879000000,13000000,13000000,13000000,24381000000,16000000,16000000,16000000,21884000000,18000000,18000000,18000000
739,리스사,11375,엠캐피탈㈜,B,SK104,요약재무상태표(부채 및 자본)(08.03월 이후),A129,기타부채_이연법인세부채,0,0,0,45000000,0,0,0,0,0,0,0,0,0,0,0,0,0,0,0,0,0,0,0,0,0,0,0,0,0,213000000,2504000000,2532000000,2839000000,2690000000,3359000000,5315000000,4823000000,3819000000,3788000000,1803000000,0,640000000,1331000000,1643000000,1365000000,1542000000,1348000000,1997000000,931000000,1062000000,1251000000,0,0,751000000,1109000000,2103000000,721000000,0,0,0,331000000,0,0,30000000,2671000000,4475000000,1642000000,1065000000
740,리스사,11375,엠캐피탈㈜,B,SK104,요약재무상태표(부채 및 자본)(08.03월 이후),A12A,기타부채_외화환산대,0,0,0,0,0,0,0,0,0,0,0,0,0,0,0,0,0,0,0,0,0,0,0,0,0,0,0,0,0,0,0,0,0,0,0,0,0,0,0,0,0,0,0,0,0,0,0,0,0,0,0,0,0,0,0,0,0,0,0,0,0,0,0,0,0,0,0,0
741,리스사,11375,엠캐피탈㈜,B,SK104,요약재무상태표(부채 및 자본)(08.03월 이후),A12B,기타부채_미사용약정충당금,0,0,0,0,0,0,0,0,0,0,0,0,0,0,0,0,0,0,0,0,0,0,0,0,0,0,0,0,0,0,0,0,0,0,0,0,0,0,0,0,0,0,0,0,0,0,0,0,0,0,0,0,0,0,0,0,0,0,0,0,0,0,0,0,138000000,76000000,13000000,9000000
742,리스사,11375,엠캐피탈㈜,B,SK104,요약재무상태표(부채 및 자본)(08.03월 이후),A12C,기타부채_이자율위험포트폴리오위험회피 대상의 공정가액변동부채,,,,,,,,,,,,,0,0,0,0,0,0,0,0,0,0,0,0,0,0,0,0,0,0,0,0,0,0,0,0,0,0,0,0,0,0,0,0,0,0,0,0,0,0,0,0,0,0,0,0,0,0,0,0,0,0,0,0,0,0,0,0
743,리스사,11375,엠캐피탈㈜,B,SK104,요약재무상태표(부채 및 자본)(08.03월 이후),A12D,기타부채_기타의 기타부채,0,0,0,0,0,0,0,0,0,0,0,0,524000000,478000000,360000000,367000000,268000000,308000000,324000000,373000000,385000000,396000000,360000000,365000000,370000000,375000000,380000000,385000000,445000000,447000000,449000000,214000000,198000000,200000000,202000000,203000000,205000000,223000000,225000000,194000000,737000000,739000000,740000000,742000000,4742000000,4173000000,13450000000,12729000000,12056000000,12016000000,11610000000,10732000000,10696000000,10150000000,9554000000,8996000000,8379000000,7889000000,7321000000,6659000000,6265000000,5926000000,5476000000,6066000000,5526000000,5507000000,5679000000,2567000000
744,리스사,11375,엠캐피탈㈜,B,SK104,요약재무상태표(부채 및 자본)(08.03월 이후),A13,요구불상환지분,,,,,,,,,,,,,0,0,0,0,0,0,0,0,0,0,0,0,0,0,0,0,0,0,0,0,0,0,0,0,0,0,0,0,0,0,0,0,0,0,0,0,0,0,0,0,0,0,0,0,0,0,0,0,0,0,0,0,0,0,0,0
745,리스사,11375,엠캐피탈㈜,B,SK104,요약재무상태표(부채 및 자본)(08.03월 이후),A130,요구불상환지분_상환우선주,,,,,,,,,,,,,0,0,0,0,0,0,0,0,0,0,0,0,0,0,0,0,0,0,0,0,0,0,0,0,0,0,0,0,0,0,0,0,0,0,0,0,0,0,0,0,0,0,0,0,0,0,0,0,0,0,0,0,0,0,0,0
746,리스사,11375,엠캐피탈㈜,B,SK104,요약재무상태표(부채 및 자본)(08.03월 이후),A131,요구불상환지분_기타,,,,,,,,,,,,,0,0,0,0,0,0,0,0,0,0,0,0,0,0,0,0,0,0,0,0,0,0,0,0,0,0,0,0,0,0,0,0,0,0,0,0,0,0,0,0,0,0,0,0,0,0,0,0,0,0,0,0,0,0,0,0
747,리스사,11375,엠캐피탈㈜,B,SK104,요약재무상태표(부채 및 자본)(08.03월 이후),A2,자본,88811000000,91591000000,94308000000,97675000000,269446000000,273824000000,286711000000,293390000000,294292000000,305695000000,323566000000,329296000000,328363000000,346895000000,351728000000,330853000000,324246000000,332705000000,333629000000,326372000000,318868000000,326876000000,333907000000,338741000000,329565000000,335799000000,345000000000,349389000000,339468000000,347444000000,364205000000,370153000000,377753000000,383910000000,392799000000,387064000000,395235000000,396325000000,401925000000,402043000000,387734000000,398414000000,401984000000,403495000000,394442000000,402541000000,405510000000,416920000000,395413000000,401656000000,410473000000,485573000000,478912000000,490889000000,505901000000,513549000000,520457000000,587067000000,601897000000,610708000000,604918000000,623205000000,631699000000,616395000000,609825000000,604217000000,603818000000,521584000000
748,리스사,11375,엠캐피탈㈜,B,SK104,요약재무상태표(부채 및 자본)(08.03월 이후),A21,자본금,20000000000,20000000000,20000000000,20000000000,45336000000,45336000000,45336000000,45336000000,45336000000,45336000000,45336000000,45336000000,45336000000,45336000000,45336000000,45336000000,45336000000,45336000000,45336000000,45336000000,45336000000,45336000000,45336000000,45336000000,45336000000,45336000000,45336000000,45336000000,45336000000,45336000000,45336000000,45336000000,45336000000,45336000000,45336000000,45336000000,45336000000,45336000000,45336000000,45336000000,45336000000,45336000000,45336000000,45336000000,45336000000,45336000000,45336000000,45336000000,45336000000,45336000000,45336000000,56301000000,56301000000,56301000000,56301000000,56301000000,56301000000,62838000000,62838000000,62838000000,62838000000,62838000000,62838000000,62838000000,62838000000,62838000000,62838000000,62838000000
749,리스사,11375,엠캐피탈㈜,B,SK104,요약재무상태표(부채 및 자본)(08.03월 이후),A210,자본금_보통주자본금,20000000000,20000000000,20000000000,20000000000,45336000000,45336000000,45336000000,45336000000,45336000000,45336000000,45336000000,45336000000,45336000000,45336000000,45336000000,45336000000,45336000000,45336000000,45336000000,45336000000,45336000000,45336000000,45336000000,45336000000,45336000000,45336000000,45336000000,45336000000,45336000000,45336000000,45336000000,45336000000,45336000000,45336000000,45336000000,45336000000,45336000000,45336000000,45336000000,45336000000,45336000000,45336000000,45336000000,45336000000,45336000000,45336000000,45336000000,45336000000,45336000000,45336000000,45336000000,56301000000,56301000000,56301000000,56301000000,56301000000,56301000000,62838000000,62838000000,62838000000,62838000000,62838000000,62838000000,62838000000,62838000000,62838000000,62838000000,62838000000
750,리스사,11375,엠캐피탈㈜,B,SK104,요약재무상태표(부채 및 자본)(08.03월 이후),A211,자본금_우선주자본금,0,0,0,0,0,0,0,0,0,0,0,0,0,0,0,0,0,0,0,0,0,0,0,0,0,0,0,0,0,0,0,0,0,0,0,0,0,0,0,0,0,0,0,0,0,0,0,0,0,0,0,0,0,0,0,0,0,0,0,0,0,0,0,0,0,0,0,0
751,리스사,11375,엠캐피탈㈜,B,SK104,요약재무상태표(부채 및 자본)(08.03월 이후),A212,자본금_신주청약증거금,0,0,0,0,0,0,0,0,0,0,0,0,0,0,0,0,0,0,0,0,0,0,0,0,0,0,0,0,0,0,0,0,0,0,0,0,0,0,0,0,0,0,0,0,0,0,0,0,0,0,0,0,0,0,0,0,0,0,0,0,0,0,0,0,0,0,0,0
752,리스사,11375,엠캐피탈㈜,B,SK104,요약재무상태표(부채 및 자본)(08.03월 이후),A22,자본잉여금,0,0,0,0,57594000000,57594000000,57591000000,57591000000,57591000000,57591000000,57594000000,57591000000,57594000000,57594000000,57594000000,57594000000,57594000000,57594000000,57594000000,57594000000,57594000000,57594000000,57594000000,57594000000,57594000000,57594000000,57594000000,57594000000,57594000000,57594000000,57594000000,57594000000,57594000000,57594000000,57594000000,57594000000,57594000000,57594000000,57594000000,57594000000,57594000000,57594000000,57594000000,57594000000,57594000000,57594000000,57594000000,57594000000,57594000000,57594000000,57594000000,121376000000,121376000000,121376000000,121376000000,121376000000,121376000000,164741000000,164741000000,164741000000,164741000000,164741000000,164741000000,164741000000,164741000000,164741000000,164741000000,164741000000
753,리스사,11375,엠캐피탈㈜,B,SK104,요약재무상태표(부채 및 자본)(08.03월 이후),A220,자본잉여금_주식발행초과금,0,0,0,0,15233000000,15233000000,15233000000,15233000000,15233000000,15233000000,15233000000,15233000000,15233000000,15233000000,15233000000,15233000000,15233000000,15233000000,15233000000,15233000000,15233000000,15233000000,15233000000,15233000000,15233000000,15233000000,15233000000,15233000000,15233000000,15233000000,15233000000,15233000000,15233000000,15233000000,15233000000,15233000000,15233000000,15233000000,15233000000,15233000000,15233000000,15233000000,15233000000,15233000000,15233000000,15233000000,15233000000,15233000000,15233000000,15233000000,15233000000,79015000000,79015000000,79015000000,79015000000,79015000000,79015000000,122380000000,122380000000,122380000000,122380000000,122380000000,122380000000,122380000000,122380000000,122380000000,122380000000,122380000000
754,리스사,11375,엠캐피탈㈜,B,SK104,요약재무상태표(부채 및 자본)(08.03월 이후),A221,자본잉여금_감자차익,0,0,0,0,42358000000,42358000000,42358000000,42358000000,42358000000,42358000000,42358000000,42358000000,42358000000,42358000000,42358000000,42358000000,42358000000,42358000000,42358000000,42358000000,42358000000,42358000000,42358000000,42358000000,42358000000,42358000000,42358000000,42358000000,42358000000,42358000000,42358000000,42358000000,42358000000,42358000000,42358000000,42358000000,42358000000,42358000000,42358000000,42358000000,42358000000,42358000000,42358000000,42358000000,42358000000,42358000000,42358000000,42358000000,42358000000,42358000000,42358000000,42358000000,42358000000,42358000000,42358000000,42358000000,42358000000,42358000000,42358000000,42358000000,42358000000,42358000000,42358000000,42358000000,42358000000,42358000000,42358000000,42358000000
755,리스사,11375,엠캐피탈㈜,B,SK104,요약재무상태표(부채 및 자본)(08.03월 이후),A222,자본잉여금_기타자본잉여금,0,0,0,0,3000000,3000000,0,0,0,0,3000000,0,3000000,3000000,3000000,3000000,3000000,3000000,3000000,3000000,3000000,3000000,3000000,3000000,3000000,3000000,3000000,3000000,3000000,3000000,3000000,3000000,3000000,3000000,3000000,3000000,3000000,3000000,3000000,3000000,3000000,3000000,3000000,3000000,3000000,3000000,3000000,3000000,3000000,3000000,3000000,3000000,3000000,3000000,3000000,3000000,3000000,3000000,3000000,3000000,3000000,3000000,3000000,3000000,3000000,3000000,3000000,3000000
756,리스사,11375,엠캐피탈㈜,B,SK104,요약재무상태표(부채 및 자본)(08.03월 이후),A23,이익잉여금(결손금),68811000000,71591000000,73964000000,77516000000,169928000000,172048000000,180835000000,185440000000,187849000000,194270000000,210921000000,217799000000,205426000000,225757000000,233952000000,229257000000,222473000000,231043000000,231807000000,224500000000,217488000000,226376000000,233575000000,239175000000,229985000000,236641000000,245570000000,250218000000,242628000000,249333000000,256753000000,264123000000,270839000000,276909000000,283028000000,272280000000,281444000000,286853000000,292722000000,298882000000,285306000000,295715000000,299285000000,301542000000,292489000000,300511000000,303480000000,315689000000,294182000000,300425000000,309242000000,309957000000,303296000000,315273000000,330285000000,337464000000,344372000000,361080000000,375910000000,382635000000,376805000000,396759000000,405254000000,391564000000,384995000000,379063000000,378663000000,297131000000
757,리스사,11375,엠캐피탈㈜,B,SK104,요약재무상태표(부채 및 자본)(08.03월 이후),A230,이익잉여금(결손금)_이익준비금,0,0,0,0,10619000000,10619000000,10619000000,10619000000,11072000000,11072000000,11072000000,11072000000,11972000000,11972000000,11972000000,11972000000,13321000000,13321000000,13321000000,13321000000,14671000000,14671000000,14671000000,14671000000,16020000000,16020000000,16020000000,16020000000,17369000000,17369000000,17369000000,17369000000,17369000000,17369000000,17369000000,17369000000,17369000000,17369000000,17369000000,17369000000,17369000000,17369000000,17369000000,17369000000,18719000000,18719000000,18719000000,18719000000,21417000000,21417000000,21417000000,21417000000,22984000000,22984000000,22984000000,22984000000,24270000000,24270000000,24270000000,24270000000,26707000000,26707000000,26707000000,26707000000,28894000000,28894000000,28894000000,28894000000
758,리스사,11375,엠캐피탈㈜,B,SK104,요약재무상태표(부채 및 자본)(08.03월 이후),A231,이익잉여금(결손금)_기업합리화적립금,0,0,0,0,0,0,0,0,0,0,0,0,0,0,0,0,0,0,0,0,0,0,0,0,0,0,0,0,0,0,0,0,0,0,0,0,0,0,0,0,0,0,0,0,0,0,0,0,0,0,0,0,0,0,0,0,0,0,0,0,0,0,0,0,0,0,0,0
759,리스사,11375,엠캐피탈㈜,B,SK104,요약재무상태표(부채 및 자본)(08.03월 이후),A232,이익잉여금(결손금)_투융자손실준비금,0,0,0,0,0,0,0,0,0,0,0,0,0,0,0,0,0,0,0,0,0,0,0,0,0,0,0,0,0,0,0,0,0,0,0,0,0,0,0,0,0,0,0,0,0,0,0,0,0,0,0,0,0,0,0,0,0,0,0,0,0,0,0,0,0,0,0,0
760,리스사,11375,엠캐피탈㈜,B,SK104,요약재무상태표(부채 및 자본)(08.03월 이후),A233,이익잉여금(결손금)_기타 법정적립금,10000000000,10000000000,10000000000,10000000000,0,0,0,0,0,0,0,0,0,0,0,0,0,0,0,0,0,0,0,0,0,0,0,0,0,0,0,0,0,0,0,0,0,0,0,0,0,0,0,0,0,0,0,0,0,0,0,0,0,0,0,0,0,0,0,0,0,0,0,0,0,0,0,0
761,리스사,11375,엠캐피탈㈜,B,SK104,요약재무상태표(부채 및 자본)(08.03월 이후),A234,이익잉여금(결손금)_임의적립금,55200000000,55200000000,55200000000,55200000000,67500000000,67500000000,67500000000,67500000000,169800000000,169800000000,169800000000,169800000000,196800000000,196800000000,196800000000,196800000000,202400000000,202400000000,202400000000,202400000000,202400000000,202400000000,202400000000,196430000000,209730000000,209730000000,209730000000,209730000000,183115000000,183115000000,183115000000,183115000000,210515000000,210515000000,210515000000,210515000000,219815000000,219815000000,219815000000,219815000000,242615000000,242615000000,242615000000,242615000000,245838000000,245838000000,245838000000,245838000000,245838000000,245838000000,245838000000,245838000000,249689000000,249689000000,249689000000,249689000000,284060000000,284059000000,284059000000,284059000000,313176000000,313176000000,313176000000,313176000000,311259000000,311260000000,311260000000,311260000000
762,리스사,11375,엠캐피탈㈜,B,SK104,요약재무상태표(부채 및 자본)(08.03월 이후),A235,이익잉여금(결손금)_해외투자손실준비금,0,0,0,0,0,0,0,0,0,0,0,0,0,0,0,0,0,0,0,0,0,0,0,0,0,0,0,0,0,0,0,0,0,0,0,0,0,0,0,0,0,0,0,0,0,0,0,0,0,0,0,0,0,0,0,0,0,0,0,0,0,0,0,0,0,0,0,0
763,리스사,11375,엠캐피탈㈜,B,SK104,요약재무상태표(부채 및 자본)(08.03월 이후),A236,이익잉여금(결손금)_미처분이익잉여금(미처리결손금),3611000000,6391000000,8764000000,12316000000,91809000000,93929000000,102716000000,107321000000,6977000000,13398000000,30049000000,36927000000,0,16985000000,25180000000,20485000000,6752000000,15322000000,16086000000,8779000000,418000000,9306000000,16504000000,28075000000,4235000000,10891000000,19820000000,24468000000,5788000000,12493000000,19913000000,27283000000,6811000000,12882000000,19000000000,8252000000,9166000000,14575000000,20444000000,26604000000,-13538000000,-3129000000,441000000,2697000000,4440000000,12462000000,15432000000,27641000000,1215000000,7458000000,16275000000,16990000000,9003000000,20980000000,35992000000,43171000000,19775000000,36484000000,49634000000,55921000000,16451000000,30271000000,35752000000,22139000000,15774000000,-180000000,-1488000000,-61475000000
764,리스사,11375,엠캐피탈㈜,B,SK104,요약재무상태표(부채 및 자본)(08.03월 이후),A237,이익잉여금(결손금)_대손준비금,,,,,,,,,,,,,0,0,0,0,0,0,0,0,0,0,0,0,0,0,0,0,36355000000,36355000000,36355000000,36355000000,36143000000,36143000000,36143000000,36143000000,35094000000,35094000000,35094000000,35094000000,38860000000,38860000000,38860000000,38861000000,23492000000,23492000000,23491000000,23491000000,25712000000,25712000000,25712000000,25712000000,21620000000,21620000000,21620000000,21620000000,16267000000,16267000000,17947000000,18385000000,20471000000,26605000000,29619000000,29542000000,29068000000,39089000000,39997000000,18452000000
765,리스사,11375,엠캐피탈㈜,B,SK104,요약재무상태표(부채 및 자본)(08.03월 이후),A238,이익잉여금(결손금)_(당기순손익),3565000000,6346000000,8719000000,12270000000,363000000,2484000000,11270000000,15875000000,6943000000,13364000000,30015000000,36893000000,0,0,0,0,0,0,0,0,0,0,0,0,0,0,0,0,0,0,0,0,0,0,0,0,0,0,0,0,0,0,0,0,0,0,0,0,0,0,0,0,0,0,0,0,0,0,0,0,0,38491000000,46985000000,0,0,0,0,0
766,리스사,11375,엠캐피탈㈜,B,SK104,요약재무상태표(부채 및 자본)(08.03월 이후),A24,자본조정,0,0,0,0,-2310000000,-2310000000,-2307000000,-2307000000,-2307000000,-2307000000,-2310000000,-2307000000,0,-2310000000, , ,-2310000000,-2332000000,-2332000000,-2332000000,-2310000000,-2310000000,-2310000000,-2310000000,-2310000000,-2310000000,-2310000000,-2310000000,-2310000000,-2310000000,-2310000000,-2310000000,-2310000000,-2310000000,-2310000000,-2310000000,-2310000000,-2310000000,-2310000000,-2310000000,-2310000000,-2310000000,-2310000000,-2310000000,-2310000000,-2310000000,-2310000000,-2310000000,-2310000000,-2310000000,-2310000000,-2310000000,-2310000000,-2310000000,-2310000000,-2310000000,-2310000000,-2310000000,-2310000000,-2310000000,-2310000000,-2310000000,-2310000000,-2310000000,-2310000000,-2310000000,-2310000000,-2310000000
767,리스사,11375,엠캐피탈㈜,B,SK104,요약재무상태표(부채 및 자본)(08.03월 이후),A240,자본조정_주식할인발행차금,0,0,0,0,0,0,0,0,0,0,0,0,0,0,0,0,0,-22000000,-22000000,-22000000,0,0,0,0,0,0,0,0,0,0,0,0,0,0,0,0,0,0,0,0,0,0,0,0,0,0,0,0,0,0,0,0,0,0,0,0,0,0,0,0,0,0,0,0,0,0,0,0
768,리스사,11375,엠캐피탈㈜,B,SK104,요약재무상태표(부채 및 자본)(08.03월 이후),A241,자본조정_배당건설이자,0,0,0,0,0,0,0,0,0,0,0,0,0,0,0,0,0,0,0,0,0,0,0,0,0,0,0,0,0,0,0,0,0,0,0,0,0,0,0,0,0,0,0,0,0,0,0,0,0,0,0,0,0,0,0,0,0,0,0,0,0,0,0,0,0,0,0,0
769,리스사,11375,엠캐피탈㈜,B,SK104,요약재무상태표(부채 및 자본)(08.03월 이후),A242,자본조정_자기주식,0,0,0,0,-2310000000,-2310000000,-2310000000,-2310000000,-2310000000,-2310000000,-2310000000,-2310000000,0,-2310000000, , ,-2310000000,-2310000000,-2310000000,-2310000000,-2310000000,-2310000000,-2310000000,-2310000000,-2310000000,-2310000000,-2310000000,-2310000000,-2310000000,-2310000000,-2310000000,-2310000000,-2310000000,-2310000000,-2310000000,-2310000000,-2310000000,-2310000000,-2310000000,-2310000000,-2310000000,-2310000000,-2310000000,-2310000000,-2310000000,-2310000000,-2310000000,-2310000000,-2310000000,-2310000000,-2310000000,-2310000000,-2310000000,-2310000000,-2310000000,-2310000000,-2310000000,-2310000000,-2310000000,-2310000000,-2310000000,-2310000000,-2310000000,-2310000000,-2310000000,-2310000000,-2310000000,-2310000000
770,리스사,11375,엠캐피탈㈜,B,SK104,요약재무상태표(부채 및 자본)(08.03월 이후),A243,자본조정_주식매수선택권,0,0,0,0,0,0,0,0,0,0,0,0,0,0,0,0,0,0,0,0,0,0,0,0,0,0,0,0,0,0,0,0,0,0,0,0,0,0,0,0,0,0,0,0,0,0,0,0,0,0,0,0,0,0,0,0,0,0,0,0,0,0,0,0,0,0,0,0
771,리스사,11375,엠캐피탈㈜,B,SK104,요약재무상태표(부채 및 자본)(08.03월 이후),A244,자본조정_미교부주식배당금,0,0,0,0,0,0,0,0,0,0,0,0,0,0,0,0,0,0,0,0,0,0,0,0,0,0,0,0,0,0,0,0,0,0,0,0,0,0,0,0,0,0,0,0,0,0,0,0,0,0,0,0,0,0,0,0,0,0,0,0,0,0,0,0,0,0,0,0
772,리스사,11375,엠캐피탈㈜,B,SK104,요약재무상태표(부채 및 자본)(08.03월 이후),A245,자본조정_기타 자본조정,0,0,0,0,0,0,3000000,3000000,3000000,3000000,0,3000000,0,0,0,0,0,0,0,0,0,0,0,0,0,0,0,0,0,0,0,0,0,0,0,0,0,0,0,0,0,0,0,0,0,0,0,0,0,0,0,0,0,0,0,0,0,0,0,0,0,0,0,0,0,0,0,0
773,리스사,11375,엠캐피탈㈜,B,SK104,요약재무상태표(부채 및 자본)(08.03월 이후),A25,기타포괄손익누계액,0,0,344000000,159000000,-1102000000,1156000000,5256000000,7330000000,5823000000,10805000000,12025000000,10877000000,22317000000,20518000000,17156000000,976000000,1153000000,1064000000,1224000000,1274000000,760000000,-120000000,-288000000,-1054000000,-1040000000,-1463000000,-1190000000,-1449000000,-3780000000,-2508000000,6832000000,5411000000,6294000000,6380000000,9151000000,14164000000,13170000000,8852000000,8583000000,2541000000,1808000000,2079000000,2079000000,1333000000,1333000000,1410000000,1410000000,611000000,611000000,611000000,611000000,249000000,249000000,249000000,249000000,718000000,718000000,718000000,718000000,2804000000,2844000000,1177000000,1176000000,-438000000,-439000000,-115000000,-114000000,-816000000
774,리스사,11375,엠캐피탈㈜,B,SK104,요약재무상태표(부채 및 자본)(08.03월 이후),A250,기타포괄손익누계액_매도가능금융자산평가이익,0,0,344000000,159000000,-206000000,1796000000,5843000000,7646000000,5984000000,10805000000,12025000000,10877000000,10803000000,20518000000,17156000000,976000000,1153000000,1064000000,1224000000,1274000000,1571000000,691000000,523000000,-260000000,-246000000,-668000000,-395000000,-557000000,-2888000000,-1617000000,7723000000,6411000000,7294000000,7380000000,10151000000,15130000000,14137000000,9818000000,9549000000,3200000000,2467000000,2738000000,2738000000,2317000000,2317000000,2394000000,2394000000,2387000000,2387000000,2387000000,2387000000,1881000000,1881000000,1881000000,1881000000,2336000000,2336000000,2336000000,2336000000,3460000000,3510000000,1842000000,1842000000,1017000000,1017000000,1341000000,1341000000,1062000000
775,리스사,11375,엠캐피탈㈜,B,SK104,요약재무상태표(부채 및 자본)(08.03월 이후),A251,기타포괄손익누계액_매도가능금융자산평가손실,0,0,0,0,0,0,0,0,0,0,0,0,0,0,0,0,0,0,0,0,0,0,0,0,0,0,0,0,0,0,0,0,0,0,0,0,0,0,0,0,0,0,0,0,0,0,0,0,0,0,0,0,0,0,0,0,0,0,0,0,0,0,0,0,0,0,0,0
776,리스사,11375,엠캐피탈㈜,B,SK104,요약재무상태표(부채 및 자본)(08.03월 이후),A252,기타포괄손익누계액_해외사업환산이익,0,0,0,0,0,0,0,0,0,0,0,0,11514000000,0,0,0,0,0,0,0,0,0,0,0,0,0,0,0,0,0,0,0,0,0,0,0,0,0,0,0,0,0,0,0,0,0,0,0,0,0,0,0,0,0,0,0,0,0,0,0,0,0,0,0,0,0,0,0
777,리스사,11375,엠캐피탈㈜,B,SK104,요약재무상태표(부채 및 자본)(08.03월 이후),A253,기타포괄손익누계액_해외사업환산손실,0,0,0,0,0,0,0,0,0,0,0,0,0,0,0,0,0,0,0,0,0,0,0,0,0,0,0,0,0,0,0,0,0,0,0,0,0,0,0,0,0,0,0,0,0,0,0,0,0,0,0,0,0,0,0,0,0,0,0,0,0,0,0,0,0,0,0,0
778,리스사,11375,엠캐피탈㈜,B,SK104,요약재무상태표(부채 및 자본)(08.03월 이후),A254,기타포괄손익누계액_현금흐름위험회피 파생상품평가이익,0,0,0,0,0,0,0,0,0,0,0,0,0,0,0,0,0,0,0,0,0,0,0,0,0,0,0,0,0,0,0,0,0,0,0,0,0,0,0,0,0,0,0,0,0,0,0,0,0,0,0,0,0,0,0,0,0,0,0,0,0,0,0,0,0,0,0,0
779,리스사,11375,엠캐피탈㈜,B,SK104,요약재무상태표(부채 및 자본)(08.03월 이후),A255,기타포괄손익누계액_현금흐름위험회피 파생상품평가손실,0,0,0,0,-896000000,-640000000,-587000000,-316000000,-161000000,0,0,0,0,0,0,0,0,0,0,0,0,0,0,0,0,0,0,0,0,0,0,0,0,0,0,0,0,0,0,0,0,0,0,0,0,0,0,0,0,0,0,0,0,0,0,0,0,0,0,0,0,0,0,0,0,0,0,0
780,리스사,11375,엠캐피탈㈜,B,SK104,요약재무상태표(부채 및 자본)(08.03월 이후),A256,기타포괄손익누계액_지분법자본변동,0,0,0,0,0,0,0,0,0,0,0,0,0,0,0,0,0,0,0,0,0,0,0,0,0,0,0,0,0,0,0,0,0,0,0,0,0,0,0,0,0,0,0,0,0,0,0,0,0,0,0,0,0,0,0,0,0,0,0,0,0,0,0,0,0,0,0,0
781,리스사,11375,엠캐피탈㈜,B,SK104,요약재무상태표(부채 및 자본)(08.03월 이후),A257,기타포괄손익누계액_부의 지분법자본변동,0,0,0,0,0,0,0,0,0,0,0,0,0,0,0,0,0,0,0,0,0,0,0,0,0,0,0,0,0,0,0,0,0,0,0,0,0,0,0,0,0,0,0,0,0,0,0,0,0,0,0,0,0,0,0,0,0,0,0,0,0,0,0,0,0,0,0,0
782,리스사,11375,엠캐피탈㈜,B,SK104,요약재무상태표(부채 및 자본)(08.03월 이후),A258,기타포괄손익누계액_유형자산 재평가이익,,,,,,,,,,,,,0,0,0,0,0,0,0,0,0,0,0,0,0,0,0,0,0,0,0,0,0,0,0,0,0,0,0,0,0,0,0,0,0,0,0,0,0,0,0,0,0,0,0,0,0,0,0,0,0,0,0,0,0,0,0,0
783,리스사,11375,엠캐피탈㈜,B,SK104,요약재무상태표(부채 및 자본)(08.03월 이후),A259,기타포괄손익누계액_기타,,,,,,,,,,,,,0,0,0,0,0,0,0,0,-811000000,-811000000,-811000000,-794000000,-794000000,-794000000,-794000000,-892000000,-892000000,-892000000,-892000000,-1000000000,-1000000000,-1000000000,-1000000000,-966000000,-966000000,-966000000,-966000000,-659000000,-659000000,-659000000,-659000000,-984000000,-984000000,-984000000,-984000000,-1776000000,-1776000000,-1776000000,-1776000000,-1632000000,-1632000000,-1632000000,-1632000000,-1618000000,-1618000000,-1618000000,-1618000000,-656000000,-666000000,-665000000,-666000000,-1455000000,-1456000000,-1456000000,-1455000000,-1878000000
784,리스사,11380,오릭스캐피탈코리아㈜,B,SK104,요약재무상태표(부채 및 자본)(08.03월 이후),A,부채 및 자본총계,439396000000,449747000000,472162000000,487251000000,494539000000,470391000000,490656000000,488330000000,475632000000,482511000000,470834000000,493345000000,492955000000,524766000000,563264000000,591725000000,624453000000,675098000000,755288000000,764900000000,806172000000,887670000000,915007000000,941052000000,971028000000,992116000000,1009458000000,1039242000000,1072663000000,1127180000000,1205416000000,1256830000000,1293459000000,1412640000000,1421138000000,1470822000000,1505963000000,1650898000000,1756423000000,1809353000000,1859286000000,1876881000000,1857899000000,1869143000000,1890430000000,1895065000000,1919244000000,1988952000000,2057260000000,2155381000000,2212106000000,2308357000000,2324407000000,2439809000000,2525380000000,2556191000000,2614141000000,2722040000000,2853191000000,3003320000000,3117983000000,3128313000000,3254784000000,3331563000000,3254914000000,3277093000000,3278533000000,3305240000000
785,리스사,11380,오릭스캐피탈코리아㈜,B,SK104,요약재무상태표(부채 및 자본)(08.03월 이후),A1,부채,391133000000,398073000000,417671000000,433824000000,440998000000,414536000000,433676000000,429019000000,414355000000,419267000000,406218000000,427335000000,423472000000,418404000000,455214000000,464100000000,493982000000,541501000000,620177000000,626332000000,665352000000,746155000000,767494000000,790001000000,816635000000,832675000000,846194000000,872962000000,901595000000,952809000000,1025492000000,1070211000000,1103396000000,1217517000000,1219661000000,1267147000000,1299753000000,1440226000000,1542456000000,1588926000000,1566564000000,1583158000000,1558264000000,1567040000000,1585197000000,1587089000000,1606302000000,1670804000000,1734197000000,1832024000000,1883032000000,1971432000000,1985672000000,2090235000000,2168707000000,2190144000000,2240534000000,2337890000000,2463177000000,2613894000000,2668974000000,2666437000000,2782370000000,2853092000000,2767351000000,2776243000000,2760959000000,2797114000000
786,리스사,11380,오릭스캐피탈코리아㈜,B,SK104,요약재무상태표(부채 및 자본)(08.03월 이후),A11,차입부채,291629000000,297123000000,316004000000,333801000000,343284000000,318557000000,337869000000,332147000000,312095000000,320250000000,303132000000,315104000000,307414000000,294675000000,335752000000,337211000000,358894000000,405858000000,471685000000,460096000000,498224000000,572217000000,571522000000,570018000000,603082000000,603884000000,615935000000,626083000000,655025000000,692278000000,780003000000,813783000000,849112000000,968453000000,960171000000,1012276000000,1037291000000,1181458000000,1275927000000,1273493000000,1265571000000,1299941000000,1273112000000,1284055000000,1302055000000,1302540000000,1317132000000,1370220000000,1423924000000,1506644000000,1547560000000,1605844000000,1593564000000,1684884000000,1763645000000,1761560000000,1776259000000,1835600000000,1977795000000,2061546000000,2114102000000,2035240000000,2126260000000,2198484000000,2096470000000,2070767000000,2125101000000,2152825000000
787,리스사,11380,오릭스캐피탈코리아㈜,B,SK104,요약재무상태표(부채 및 자본)(08.03월 이후),A110,차입금,,,,,343284000000,318557000000,337869000000,332147000000,312095000000,320250000000,303132000000,315104000000,,,,,,,,,,,,,,,,,,,,,,,,,,,,,,,,,,,,,,,,,,,,,,,,,,,,,,,,
788,리스사,11380,오릭스캐피탈코리아㈜,B,SK104,요약재무상태표(부채 및 자본)(08.03월 이후),A110,차입부채_차입금,,,,,,,,,,,,,307414000000,294675000000,328752000000,310263000000,331931000000,378879000000,384909000000,393286000000,431385000000,505348000000,511623000000,480220000000,483363000000,484112000000,526273000000,506508000000,535402000000,522730000000,570547000000,614343000000,649609000000,709153000000,710794000000,752905000000,747959000000,862298000000,926903000000,924349000000,886550000000,900942000000,894081000000,904919000000,922987000000,913556000000,928016000000,981141000000,1034837000000,1157594000000,1228503000000,1236973000000,1194833000000,1246418000000,1305296000000,1323047000000,1307750000000,1416929000000,1589045000000,1692639000000,1755045000000,1696041000000,1777045000000,1849443000000,1757386000000,1721765000000,1776096000000,1803869000000
789,리스사,11380,오릭스캐피탈코리아㈜,B,SK104,요약재무상태표(부채 및 자본)(08.03월 이후),A111,단기차입금,69000000000,68000000000,70000000000,75673000000,76088000000,74529000000,48069000000,58423000000,61136000000,55245000000,44196000000,54821000000,,,,,,,,,,,,,,,,,,,,,,,,,,,,,,,,,,,,,,,,,,,,,,,,,,,,,,,,
790,리스사,11380,오릭스캐피탈코리아㈜,B,SK104,요약재무상태표(부채 및 자본)(08.03월 이후),A111,차입부채_차입금_단기차입금,,,,,,,,,,,,,53050000000,42689000000,0,44485000000,52412000000,43862000000,43610000000,39766000000,78833000000,83186000000,89772000000,40140000000,25000000000,53000000000,57000000000,35000000000,52000000000,60000000000,40000000000,63000000000,61000000000,78000000000,50000000000,63000000000,45000000000,89000000000,40000000000,75000000000,40000000000,60000000000,50000000000,40000000000,60000000000,50000000000,50000000000,97000000000,83000000000,75000000000,135000000000,115000000000,90000000000,120000000000,120000000000,110000000000,120000000000,200000000000,215000000000,215000000000,182500000000,220000000000,235000000000,190000000000,140000000000,150000000000,130000000000,150000000000
791,리스사,11380,오릭스캐피탈코리아㈜,B,SK104,요약재무상태표(부채 및 자본)(08.03월 이후),A112,차입부채_차입금_콜머니,,,,,,,,,,,,,0,0,0,0,0, ,0, , , , , , , , , , , , , , , , , , , , , , , , , , , , , , , , , , , , , , , , , , , , , , , , , 
792,리스사,11380,오릭스캐피탈코리아㈜,B,SK104,요약재무상태표(부채 및 자본)(08.03월 이후),A112,콜머니,0,0,0,0,0,0,0,0,0,0,0,0,,,,,,,,,,,,,,,,,,,,,,,,,,,,,,,,,,,,,,,,,,,,,,,,,,,,,,,,
793,리스사,11380,오릭스캐피탈코리아㈜,B,SK104,요약재무상태표(부채 및 자본)(08.03월 이후),A113,장기차입금,222629000000,229123000000,246004000000,258128000000,267196000000,244028000000,289800000000,273724000000,250959000000,265005000000,258936000000,260283000000,,,,,,,,,,,,,,,,,,,,,,,,,,,,,,,,,,,,,,,,,,,,,,,,,,,,,,,,
794,리스사,11380,오릭스캐피탈코리아㈜,B,SK104,요약재무상태표(부채 및 자본)(08.03월 이후),A113,차입부채_차입금_장기차입금,,,,,,,,,,,,,254364000000,251986000000,270554000000,265778000000,279519000000,335018000000,341299000000,353520000000,352552000000,422162000000,421851000000,440080000000,458363000000,431112000000,469273000000,471508000000,483402000000,462730000000,530547000000,551343000000,588609000000,631153000000,660794000000,689905000000,702959000000,773298000000,886903000000,849349000000,846550000000,840942000000,844081000000,864919000000,862987000000,863556000000,878016000000,884141000000,951837000000,1082594000000,1093503000000,1121973000000,1104833000000,1126418000000,1185296000000,1213047000000,1187750000000,1216929000000,1374045000000,1477639000000,1572545000000,1476041000000,1542045000000,1659443000000,1617386000000,1571765000000,1646096000000,1653869000000
795,리스사,11380,오릭스캐피탈코리아㈜,B,SK104,요약재무상태표(부채 및 자본)(08.03월 이후),A114,유동성 장기차입금,0,0,0,0,0,0,0,0,0,0,0,0,,,,,,,,,,,,,,,,,,,,,,,,,,,,,,,,,,,,,,,,,,,,,,,,,,,,,,,,
796,리스사,11380,오릭스캐피탈코리아㈜,B,SK104,요약재무상태표(부채 및 자본)(08.03월 이후),A114,차입부채_차입금_유동성 장기차입금,,,,,,,,,,,,,0,0,0,0,0, ,0, , , , , , , , , , , , , , , , , , , , , , , , , , , , , , , , , , , , , , , , , , , , , , , , , 
797,리스사,11380,오릭스캐피탈코리아㈜,B,SK104,요약재무상태표(부채 및 자본)(08.03월 이후),A115,사  채,0,0,0,0,0,0,0,0,0,0,0,0,,,,,,,,,,,,,,,,,,,,,,,,,,,,,,,,,,,,,,,,,,,,,,,,,,,,,,,,
798,리스사,11380,오릭스캐피탈코리아㈜,B,SK104,요약재무상태표(부채 및 자본)(08.03월 이후),A115,차입부채_사 채,,,,,,,,,,,,,0,0,7000000000,26948000000,26963000000,26979000000,86776000000,66810000000,66839000000,66869000000,59899000000,89798000000,119719000000,119772000000,89662000000,119575000000,119623000000,169548000000,209456000000,199440000000,199503000000,259300000000,249377000000,259371000000,289331000000,319160000000,349024000000,349144000000,379021000000,398999000000,379031000000,379135000000,379067000000,388984000000,389116000000,389078000000,389087000000,349050000000,319057000000,368871000000,398732000000,438466000000,458349000000,438513000000,468509000000,418671000000,388751000000,368907000000,359057000000,339199000000,349215000000,349041000000,339085000000,349002000000,349005000000,348957000000
799,리스사,11380,오릭스캐피탈코리아㈜,B,SK104,요약재무상태표(부채 및 자본)(08.03월 이후),A1150,차입부채_사 채_단기사채,,,,,0,0,0,0,0,0,0,0,0,0,7000000000,27000000000,27000000000,27000000000,27000000000,7000000000,7000000000,7000000000, , , , , , , , , , , , , , , , , , , , , , , , , , , , , , , , , , , , , , , , , , , , , , 
800,리스사,11380,오릭스캐피탈코리아㈜,B,SK104,요약재무상태표(부채 및 자본)(08.03월 이후),A11500,차입부채_사 채_단기사채_(사채발행차금),,,,,0,0,0,0,0,0,0,0,0,0,0,52000000,37000000,21000000,5000000, , , , , , , , , , , , , , , , , , , , , , , , , , , , , , , , , , , , , , , , , , , , , , , , , 
801,리스사,11380,오릭스캐피탈코리아㈜,B,SK104,요약재무상태표(부채 및 자본)(08.03월 이후),A1151,차입부채_사 채_유동성사채,,,,,0,0,0,0,0,0,0,0,0,0,0,0,0, ,0, , , , , , , , , , , , , , , , , , , , , , , , , , , , , , , , , , , , , , , , , , , , , , , , , 
802,리스사,11380,오릭스캐피탈코리아㈜,B,SK104,요약재무상태표(부채 및 자본)(08.03월 이후),A11510,차입부채_사 채_유동성사채_(유동성사채발행차금),,,,,0,0,0,0,0,0,0,0,0,0,0,0,0, ,0, , , , , , , , , , , , , , , , , , , , , , , , , , , , , , , , , , , , , , , , , , , , , , , , , 
803,리스사,11380,오릭스캐피탈코리아㈜,B,SK104,요약재무상태표(부채 및 자본)(08.03월 이후),A1152,차입부채_사 채_장기사채,,,,,0,0,0,0,0,0,0,0,0,0,0,0,0, ,60000000000,60000000000,60000000000,60000000000,60000000000,90000000000,120000000000,120000000000,90000000000,120000000000,120000000000,170000000000,210000000000,200000000000,200000000000,260000000000,250000000000,260000000000,290000000000,320000000000,350000000000,350000000000,380000000000,400000000000,380000000000,380000000000,380000000000,390000000000,390000000000,390000000000,390000000000,350000000000,320000000000,370000000000,400000000000,440000000000,460000000000,440000000000,470000000000,420000000000,390000000000,370000000000,360000000000,340000000000,350000000000,350000000000,340000000000,350000000000,350000000000,350000000000
804,리스사,11380,오릭스캐피탈코리아㈜,B,SK104,요약재무상태표(부채 및 자본)(08.03월 이후),A11520,차입부채_사 채_장기사채_(사채발행차금),,,,,0,0,0,0,0,0,0,0,0,0,0,0,0, ,219000000,190000000,161000000,131000000,101000000,202000000,281000000,228000000,338000000,425000000,377000000,452000000,544000000,560000000,497000000,700000000,623000000,629000000,669000000,840000000,976000000,856000000,979000000,1001000000,969000000,865000000,933000000,1016000000,884000000,922000000,913000000,950000000,943000000,1129000000,1268000000,1534000000,1651000000,1487000000,1491000000,1329000000,1249000000,1093000000,943000000,801000000,785000000,959000000,915000000,998000000,995000000,1043000000
805,리스사,11380,오릭스캐피탈코리아㈜,B,SK104,요약재무상태표(부채 및 자본)(08.03월 이후),A1153,차입부채_사 채_기타,,,,,0,0,0,0,0,0,0,0,0,0,0,-104000000,-74000000,-42000000,-448000000,-380000000,-322000000,-262000000,-202000000,-404000000,-562000000,-456000000,-676000000,-850000000,-754000000,-904000000,-1088000000,-1120000000,-994000000,-1400000000,-1246000000,-1258000000,-1338000000,-1680000000,-1952000000,-1712000000,-1958000000,-2002000000,-1938000000,-1730000000,-1866000000,-2032000000,-1768000000,-1844000000,-1826000000,-1900000000,-1886000000,-2258000000,-2536000000,-3068000000,-3302000000,-2974000000,-2982000000,-2658000000,-2498000000,-2186000000,-1886000000,-1602000000,-1570000000,-1918000000,-1830000000,-1996000000,-1990000000,-2086000000
806,리스사,11380,오릭스캐피탈코리아㈜,B,SK104,요약재무상태표(부채 및 자본)(08.03월 이후),A12,기타부채,99504000000,100950000000,101667000000,100023000000,97714000000,95979000000,95807000000,96872000000,102260000000,99017000000,103086000000,112231000000,116058000000,123729000000,119462000000,126889000000,135088000000,135643000000,148492000000,166236000000,167128000000,173938000000,195972000000,219983000000,213553000000,228791000000,230259000000,246879000000,246570000000,260531000000,245489000000,256428000000,254284000000,249064000000,259489000000,254871000000,262462000000,258768000000,266529000000,315433000000,300993000000,283217000000,285152000000,282985000000,283142000000,284549000000,289170000000,300584000000,310273000000,325380000000,335472000000,365588000000,392108000000,405351000000,405062000000,428584000000,464275000000,502290000000,485382000000,552348000000,554872000000,631197000000,656110000000,654608000000,670881000000,705476000000,635858000000,644289000000
807,리스사,11380,오릭스캐피탈코리아㈜,B,SK104,요약재무상태표(부채 및 자본)(08.03월 이후),A120,기타부채_영업미지급금,,,,,1798000000,618000000,1367000000,1038000000,3270000000,4569000000,1357000000,3478000000,4403000000,3167000000,2511000000,2752000000,1794000000,1866000000,3547000000,5544000000,1699000000,1617000000,2283000000,4441000000, , , , , , , , , , , , , , , , , , , , , , , , , , , , , , , , , , , , , , , , , , , , 
808,리스사,11380,오릭스캐피탈코리아㈜,B,SK104,요약재무상태표(부채 및 자본)(08.03월 이후),A121,기타부채_장기미지급금,,,,,0,0,0,0,0,0,0,0,0,0,0,0,0, ,0, , , , ,0,0,0,0,0,0,0,0,0, , , , , , , , , , , , , , , , , , , , , , , , , , , , , , , , , , , , 
809,리스사,11380,오릭스캐피탈코리아㈜,B,SK104,요약재무상태표(부채 및 자본)(08.03월 이후),A122,기타부채_기타의 부채,,,,,12342000000,13847000000,15690000000,17367000000,19171000000,13284000000,18202000000,19875000000,18993000000,22107000000,13923000000,13987000000,17974000000,13458000000,21764000000,33821000000,36544000000,41679000000,57806000000,74996000000,68670000000,75197000000,70821000000,77960000000,69932000000,71648000000,45186000000,49462000000,42121000000,29523000000,36276000000,30690000000,38057000000,32444000000,38175000000,79724000000,61550000000,43796000000,47068000000,39762000000,35345000000,33061000000,32626000000,38806000000,39953000000,41099000000,42217000000,63216000000,80518000000,77945000000,63345000000,79378000000,97977000000,108313000000,70392000000,110530000000,90488000000,146317000000,147960000000,132605000000,140554000000,169554000000,89437000000,85682000000
810,리스사,11380,오릭스캐피탈코리아㈜,B,SK104,요약재무상태표(부채 및 자본)(08.03월 이후),A1220,기타부채_기타의 부채_가수금,,,,,0,1391000000,2307000000,2790000000,0,2006000000,888000000,1704000000,0,1608000000,1553000000,1654000000,1127000000,1333000000,1929000000,1777000000,1551000000,1819000000,1732000000,2373000000,2279000000, , , , , ,2870000000,3444000000,2525000000,2532000000,3296000000,2376000000,2261000000,1821000000,1765000000,2581000000,1789000000,2795000000,2052000000,2202000000,2272000000,2983000000,2608000000,3451000000,3405000000,4386000000,3622000000,3457000000,1956000000,4266000000,3488000000,7301000000,2048000000,4154000000,3399000000,4171000000,2523000000,5343000000,7597000000,6784000000,6492000000,5515000000,3487000000,4550000000
811,리스사,11380,오릭스캐피탈코리아㈜,B,SK104,요약재무상태표(부채 및 자본)(08.03월 이후),A1221,기타부채_기타의 부채_예수금,,,,,274000000,196000000,233000000,224000000,338000000,305000000,369000000,386000000,542000000,425000000,505000000,520000000,842000000,554000000,738000000,720000000,928000000,884000000,925000000,961000000,1311000000,1244000000,1347000000,1284000000,1625000000,1529000000,1673000000,1421000000,1784000000,1724000000,483000000,280000000,623000000,331000000,460000000,285000000,639000000,534000000,389000000,281000000,335000000,315000000,447000000,309000000,727000000,373000000,490000000,327000000,1753000000,566000000,1294000000,1663000000,2222000000,1333000000,1801000000,433000000,2254000000,2371000000,1271000000,1871000000,1966000000,3014000000,3184000000,2001000000
812,리스사,11380,오릭스캐피탈코리아㈜,B,SK104,요약재무상태표(부채 및 자본)(08.03월 이후),A1222,기타부채_기타의 부채_선수금,,,,,2795000000,1485000000,1361000000,1264000000,2998000000,1457000000,2114000000,1323000000,2824000000,1287000000,1248000000,1276000000,1306000000,1364000000,1477000000,1666000000,2039000000,2398000000,2383000000,2700000000,3589000000,7535000000,9064000000,9224000000,9412000000,11338000000,8666000000,9264000000,8987000000,10120000000,10315000000,10789000000,10407000000,10163000000,10873000000,11664000000,12654000000,13032000000,12640000000,11879000000,14211000000,14624000000,12774000000,14077000000,15926000000,17888000000,19526000000,17559000000,16622000000,17479000000,18011000000,18363000000,19457000000,20431000000,20058000000,22733000000,21126000000,21217000000,23389000000,22399000000,21365000000,24281000000,20408000000,20803000000
813,리스사,11380,오릭스캐피탈코리아㈜,B,SK104,요약재무상태표(부채 및 자본)(08.03월 이후),A1223,기타부채_기타의 부채_선수수익,,,,,450000000,293000000,162000000,110000000,102000000,77000000,40000000,26000000,27000000,17000000,6000000,5000000,3000000,3000000,2000000,2000000,37000000,22000000,631000000,2097000000,2206000000,2021000000,1807000000,1621000000,1417000000,1215000000,1125000000,1006000000,830000000,705000000,716000000,532000000,1046000000,1303000000,1206000000,1216000000,2070000000,2482000000,1915000000,2000000000,1703000000,1263000000,1279000000,1369000000,1303000000,1292000000,1410000000,1686000000,2079000000,1725000000,1814000000,1895000000,1814000000,1867000000,2099000000,2167000000,2147000000,2192000000,2046000000,2155000000,1901000000,1859000000,1936000000,1780000000
814,리스사,11380,오릭스캐피탈코리아㈜,B,SK104,요약재무상태표(부채 및 자본)(08.03월 이후),A1224,기타부채_기타의 부채_미지급금,,,,,0,1987000000,538000000,682000000,151000000,0,292000000,496000000,213000000,372000000,385000000,629000000,235000000,561000000,7476000000,2580000000,216000000,521000000,505000000,926000000,2897000000,4579000000,4956000000,6033000000,3557000000,4406000000,3757000000,4462000000,6374000000,6981000000,3675000000,9856000000,4353000000,5077000000,10291000000,19097000000,8923000000,4019000000,3003000000,5731000000,7360000000,5026000000,6983000000,5028000000,9043000000,6660000000,6233000000,6898000000,7534000000,5991000000,12009000000,13366000000,17736000000,14711000000,12234000000,26568000000,21058000000,16945000000,27444000000,21521000000,23101000000,24520000000,22371000000,28352000000
815,리스사,11380,오릭스캐피탈코리아㈜,B,SK104,요약재무상태표(부채 및 자본)(08.03월 이후),A1225,기타부채_기타의 부채_미지급비용,,,,,1974000000,1818000000,1876000000,2025000000,1791000000,1718000000,1932000000,1860000000,1884000000,1860000000,1945000000,2059000000,2221000000,2279000000,2974000000,2397000000,3433000000,3213000000,3864000000,3184000000,4164000000,3044000000,3725000000,3691000000,3520000000,3673000000,4306000000,4235000000,3906000000,4074000000,4411000000,4410000000,3986000000,4647000000,5096000000,6322000000,5164000000,5885000000,5392000000,6532000000,4802000000,5726000000,5453000000,5987000000,5112000000,5420000000,5371000000,6490000000,4828000000,5905000000,8777000000,10042000000,8209000000,9368000000,11965000000,16123000000,14970000000,17032000000,18375000000,21911000000,19860000000,22130000000,21741000000,24049000000
816,리스사,11380,오릭스캐피탈코리아㈜,B,SK104,요약재무상태표(부채 및 자본)(08.03월 이후),A1226,기타부채_기타의 부채_미지급법인세,,,,,444000000,284000000,29000000,249000000,746000000,1200000000,1564000000,1679000000,1608000000,1466000000,1138000000,1178000000,1056000000,1141000000,1273000000,748000000,1229000000,2111000000,1649000000,1575000000,2489000000,2538000000,2207000000,1640000000,2451000000,2189000000,1446000000,1182000000,2026000000,2072000000,1939000000,1216000000,1746000000,2033000000,2133000000,1478000000,2042000000,1984000000,2232000000,1803000000,2549000000,2729000000,2627000000,2532000000,4326000000,3098000000,2469000000,1717000000,2934000000,3190000000,2940000000,2829000000,4335000000,4205000000,3308000000,1987000000,5888000000,6705000000,6402000000,8005000000,8072000000,11954000000,6750000000, 
817,리스사,11380,오릭스캐피탈코리아㈜,B,SK104,요약재무상태표(부채 및 자본)(08.03월 이후),A1227,기타부채_기타의 부채_선불카드수탁금,,,,,0,0,0,0,0,0,0,0,0,0,0,0,0, ,0, , , , , , , , , , , , , , , , , , , , , , , , , , , , , , , , , , , , , , , , , , , , , , , , , 
818,리스사,11380,오릭스캐피탈코리아㈜,B,SK104,요약재무상태표(부채 및 자본)(08.03월 이후),A1228,기타부채_기타의 부채_부가세예수금,,,,,0,0,0,0,0,0,0,0,0,0,0,0,0, ,0, , , , , , , , , , , , , , , , , , , , , , , , , , , , , , , , , , , , , , , , , , , , , , , , , 
819,리스사,11380,오릭스캐피탈코리아㈜,B,SK104,요약재무상태표(부채 및 자본)(08.03월 이후),A1229,기타부채_기타의 부채_선물환거래대,,,,,0,0,0,0,0,0,0,0,0,0,0,0,0, ,0, , , , , , , , , , , , , , , , , , , , , , , , , , , , , , , , , , , , , , , , , , , , , , , , , 
820,리스사,11380,오릭스캐피탈코리아㈜,B,SK104,요약재무상태표(부채 및 자본)(08.03월 이후),A122A,기타부채_기타의 부채_파생상품부채,,,,,6405000000,6393000000,9184000000,10023000000,13045000000,6521000000,11003000000,12401000000,11895000000,15072000000,7143000000,6666000000,11184000000,6223000000,5895000000,23931000000,27111000000,30711000000,46117000000,61180000000,49735000000,54236000000,47715000000,54467000000,47950000000,47298000000,21343000000,24448000000,15688000000,1314000000,11441000000,1232000000,13635000000,7071000000,6352000000,37081000000,28269000000,13065000000,19444000000,9333000000,2113000000,396000000,454000000,6052000000,111000000,1982000000,3095000000,25082000000,42811000000,38823000000,15012000000,23920000000,42156000000,52244000000,15530000000,36348000000,20521000000,74511000000,61437000000,47959000000,57797000000,76281000000,9560000000,4145000000
821,리스사,11380,오릭스캐피탈코리아㈜,B,SK104,요약재무상태표(부채 및 자본)(08.03월 이후),A122B,기타부채_기타의 부채_옵션수입프리미엄,,,,,0,0,0,0,0,0,0,0,0,0,0,0,0, ,0, , , , , , , , , , , , , , , , , , , , , , , , , , , , , , , , , , , , , , , , , , , , , , , , , 
822,리스사,11380,오릭스캐피탈코리아㈜,B,SK104,요약재무상태표(부채 및 자본)(08.03월 이후),A122C,기타부채_기타의 부채_이연리스수익,,,,,0,0,0,0,0,0,0,0,0,0,0,0,0, ,0, , , , , , , , , , , , , , , , , , , , , , , , , , , , , , , , , , , , , , , , , , , , , , , , , 
823,리스사,11380,오릭스캐피탈코리아㈜,B,SK104,요약재무상태표(부채 및 자본)(08.03월 이후),A122D,기타부채_기타의 부채_기타의 유동부채,,,,,0,0,0,0,0,0,0,0,0,0,0,0,0, ,0, , , , , , , , , , , , , , , , , , , , , , , , , , , , , , , , , , , , , , , , , , , , , , , , , 
824,리스사,11380,오릭스캐피탈코리아㈜,B,SK104,요약재무상태표(부채 및 자본)(08.03월 이후),A122E,기타부채_유동성 장기부채,,,,,0,0,0,0,0,0,0,0,0,0,0,0,0, ,0, , , , ,0,0,0,0,0,0,0,0,0, , , , , , , , , , , , , , , , , , , , , , , , , , , , , , , , , , , , 
825,리스사,11380,오릭스캐피탈코리아㈜,B,SK104,요약재무상태표(부채 및 자본)(08.03월 이후),A123,기타부채_리스보증금,,,,,83227000000,81092000000,78261000000,77933000000,79375000000,80646000000,82980000000,88193000000,92097000000,97678000000,102297000000,108364000000,113271000000,117780000000,120317000000,123313000000,125533000000,127830000000,131973000000,136384000000,141205000000,149751000000,155492000000,164964000000,172726000000,184617000000,195059000000,200732000000,206154000000,212679000000,215470000000,216754000000,217307000000,218675000000,220735000000,227316000000,231558000000,231672000000,230085000000,235258000000,240536000000,244408000000,248712000000,253637000000,263159000000,277413000000,286365000000,294568000000,304950000000,318538000000,332118000000,339311000000,355687000000,381537000000,401441000000,429089000000,450907000000,471439000000,495098000000,511350000000,519585000000,525662000000,534969000000,547253000000
826,리스사,11380,오릭스캐피탈코리아㈜,B,SK104,요약재무상태표(부채 및 자본)(08.03월 이후),A124,기타부채_보 증 금,,,,,0,0,0,0,0,0,0,60000000,60000000,60000000,60000000,60000000,60000000,60000000,60000000,60000000,60000000,60000000,60000000,60000000,60000000,60000000,60000000,60000000,60000000,60000000,60000000,60000000,60000000,60000000,60000000,60000000,60000000,67000000,67000000,67000000,67000000,67000000,67000000,67000000,67000000,67000000,603000000,67000000,67000000,117000000,117000000,202000000,217000000,217000000,167000000,167000000,167000000,167000000,117000000,121000000,61000000,61000000,61000000,61000000,61000000,61000000,261000000,261000000
827,리스사,11380,오릭스캐피탈코리아㈜,B,SK104,요약재무상태표(부채 및 자본)(08.03월 이후),A1240,기타부채_보 증 금_상환이행보증금,,,,,0,0,0,0,0,0,0,0,0,0,0,0,0, ,0, , , , , , , , , , , , , , , , , , , , , , , , , , , , , , , , , , , , , , , , , , , , , , , , , 
828,리스사,11380,오릭스캐피탈코리아㈜,B,SK104,요약재무상태표(부채 및 자본)(08.03월 이후),A1241,기타부채_보 증 금_임대보증금,,,,,0,0,0,0,0,0,0,60000000,60000000,60000000,60000000,60000000,60000000,60000000,60000000,60000000,60000000,60000000,60000000,60000000,60000000,60000000,60000000,60000000,60000000,60000000,60000000,60000000,60000000,60000000,60000000,60000000,60000000,67000000,67000000,67000000,67000000,67000000,67000000,67000000,67000000,67000000,603000000,67000000,67000000,117000000,117000000,202000000,217000000,217000000,167000000,167000000,167000000,167000000,117000000,121000000,61000000,61000000,61000000,61000000,61000000,61000000,261000000,261000000
829,리스사,11380,오릭스캐피탈코리아㈜,B,SK104,요약재무상태표(부채 및 자본)(08.03월 이후),A1242,기타부채_보 증 금_기타보증금,,,,,0,0,0,0,0,0,0,0,0,0,0,0,0, ,0, , , , , , , , , , , , , , , , , , , , , , , , , , , , , , , , , , , , , , , , , , , , , , , , , 
830,리스사,11380,오릭스캐피탈코리아㈜,B,SK104,요약재무상태표(부채 및 자본)(08.03월 이후),A125,기타부채_퇴직급여채무,,,,,765000000,840000000,899000000,953000000,1070000000,1123000000,1134000000,1189000000,1273000000,1353000000,1405000000,1446000000,1601000000,1703000000,1747000000,1780000000,1790000000,1923000000,1966000000,2028000000,2081000000,2343000000,2336000000,2491000000,2703000000,2842000000,2922000000,3033000000,3263000000,3508000000,3625000000,3622000000,3915000000,4140000000,4259000000,4465000000,4684000000,4884000000,4782000000,4976000000,5270000000,5508000000,5572000000,5685000000,5990000000,6273000000,6383000000,6491000000,6870000000,7111000000,7112000000,7187000000,9895000000,10039000000,10261000000,10515000000,13477000000,13887000000,13823000000,14178000000,13933000000,14988000000,15184000000,15316000000
831,리스사,11380,오릭스캐피탈코리아㈜,B,SK104,요약재무상태표(부채 및 자본)(08.03월 이후),A1250,기타부채_퇴직급여채무_(미인식보험수리적손익) (+-),,,,,,,,,,,,, , , , , , , , , , , , , , , , , , , , , , , , , , , , , , , , , , , , , , , , , , , , , , , , , , , , , , , , 
832,리스사,11380,오릭스캐피탈코리아㈜,B,SK104,요약재무상태표(부채 및 자본)(08.03월 이후),A1251,기타부채_퇴직급여채무_(미인식과거근무원가) (-),,,,,,,,,,,,, , , , , , , , , , , , , , , , , , , , , , , , , , , , , , , , , , , , , , , , , , , , , , , , , , , , , , , , 
833,리스사,11380,오릭스캐피탈코리아㈜,B,SK104,요약재무상태표(부채 및 자본)(08.03월 이후),A1252,기타부채_퇴직급여채무_(퇴직급여사외적립자산) (-),,,,,,,,,,,,, , , , , , , , , , , , , , , , , , , , , , , , , , , , , , , , , , , , , , , , , , , , , , , , , , , , , , , , 
834,리스사,11380,오릭스캐피탈코리아㈜,B,SK104,요약재무상태표(부채 및 자본)(08.03월 이후),A126,기타부채_지급보증충당금,,,,,0,0,0,0,0,0,0,0,0,0,0,0,0, ,0, , , , , , , , , , , , , , , , , , , , , , , , , , , , , , , , , , , , , , , , , , , , , , , , , 
835,리스사,11380,오릭스캐피탈코리아㈜,B,SK104,요약재무상태표(부채 및 자본)(08.03월 이후),A127,기타부채_포인트충당부채,,,,,0,0,0,0,0,0,0,0,0,0,0,0,0, ,0, , , , , , , , , , , , , , , , , , , , , , , , , , , , , , , , , , , , , , , , , , , , , , , , , 
836,리스사,11380,오릭스캐피탈코리아㈜,B,SK104,요약재무상태표(부채 및 자본)(08.03월 이후),A128,기타부채_미지급배당금,,,,,0,0,0,0,0,0,0,0,0,0,0,0,0, ,0, , , , , , , , , , , , , , , , , , , , , , , , , , , , , , , , , , , , , , , , , , , , , , , , , 
837,리스사,11380,오릭스캐피탈코리아㈜,B,SK104,요약재무상태표(부채 및 자본)(08.03월 이후),A129,기타부채_이연법인세부채,,,,,0,0,0,0,0,0,0,0,19000000,102000000,201000000,1191000000,1526000000,1878000000,2161000000,2731000000,2878000000,2105000000,3117000000,3225000000,3252000000,3217000000,3224000000,3069000000,3603000000,3754000000,4653000000,5499000000,5635000000,6221000000,6985000000,6813000000,6991000000,7233000000,7043000000,7618000000,7799000000,7282000000,7529000000,7056000000,7193000000,6707000000,6763000000,7449000000,7095000000,6451000000,6257000000,7128000000,6347000000,8269000000,8930000000,9540000000,10339000000,11835000000,11987000000,11443000000,10066000000,10446000000,10421000000,8374000000,9089000000,9076000000,10519000000,10577000000
838,리스사,11380,오릭스캐피탈코리아㈜,B,SK104,요약재무상태표(부채 및 자본)(08.03월 이후),A12A,기타부채_외화환산대,,,,,0,0,0,0,0,0,0,0,0,0,0,0,0, ,0, , , , , , , , , , , , , , , , , , , , , , , , , , , , , , , , , , , , , , , , , , , , , , , , , 
839,리스사,11380,오릭스캐피탈코리아㈜,B,SK104,요약재무상태표(부채 및 자본)(08.03월 이후),A12B,기타부채_미사용약정충당금,,,,,0,0,0,0,0,0,0,0,0,0,0,0,0, ,0, , , , , , , , , , , , , , , , , , , , , , , , , , , , , , , , , , , , , , , ,786000000,719000000,3350000000,2608000000,2194000000,1794000000,1592000000,1123000000,672000000,516000000
840,리스사,11380,오릭스캐피탈코리아㈜,B,SK104,요약재무상태표(부채 및 자본)(08.03월 이후),A12C,기타부채_이자율위험포트폴리오위험회피 대상의 공정가액변동부채,,,,,,,,,,,,, , , , , , , , , , , , , , , , , , , , , , , , , , , , , , , , , , , , , , , , , , , , , , , , , , , , , , , , 
841,리스사,11380,오릭스캐피탈코리아㈜,B,SK104,요약재무상태표(부채 및 자본)(08.03월 이후),A12D,기타부채_기타의 기타부채,,,,,0,0,0,0,0,0,0,0,0,0,0,0,0, ,0, , , , , , , , , , , , , , , , , , , , , , , , , , , , , , , , , , , , , , , , , , , , , , , , , 
842,리스사,11380,오릭스캐피탈코리아㈜,B,SK104,요약재무상태표(부채 및 자본)(08.03월 이후),A13,요구불상환지분,,,,,,,,,,,,, , , , , , , , , , , , , , , , , , , , , , , , , , , , , , , , , , , , , , , , , , , , , , , , , , , , , , , , 
843,리스사,11380,오릭스캐피탈코리아㈜,B,SK104,요약재무상태표(부채 및 자본)(08.03월 이후),A130,요구불상환지분_상환우선주,,,,,,,,,,,,, , , , , , , , , , , , , , , , , , , , , , , , , , , , , , , , , , , , , , , , , , , , , , , , , , , , , , , , 
844,리스사,11380,오릭스캐피탈코리아㈜,B,SK104,요약재무상태표(부채 및 자본)(08.03월 이후),A131,요구불상환지분_기타,,,,,,,,,,,,, , , , , , , , , , , , , , , , , , , , , , , , , , , , , , , , , , , , , , , , , , , , , , , , , , , , , , , , 
845,리스사,11380,오릭스캐피탈코리아㈜,B,SK104,요약재무상태표(부채 및 자본)(08.03월 이후),A2,자본,48263000000,51674000000,54491000000,53427000000,53541000000,55855000000,56980000000,59311000000,61277000000,63244000000,64616000000,66010000000,69483000000,106362000000,108050000000,127625000000,130471000000,133596000000,135111000000,138568000000,140820000000,141515000000,147513000000,151051000000,154393000000,159441000000,163264000000,166280000000,171068000000,174371000000,179924000000,186619000000,190063000000,195123000000,201477000000,203675000000,206211000000,210672000000,213967000000,220427000000,292722000000,293723000000,299635000000,302103000000,305233000000,307976000000,312942000000,318148000000,323063000000,323357000000,329074000000,336925000000,338735000000,349574000000,356673000000,366047000000,373607000000,384150000000,390014000000,389426000000,449009000000,461876000000,472414000000,478471000000,487563000000,500850000000,517574000000,508126000000
846,리스사,11380,오릭스캐피탈코리아㈜,B,SK104,요약재무상태표(부채 및 자본)(08.03월 이후),A21,자본금,50000000000,50000000000,50000000000,50000000000,50000000000,50000000000,50000000000,50000000000,50000000000,50000000000,50000000000,50000000000,50000000000,106362000000,85000000000,100000000000,100000000000,100000000000,100000000000,100000000000,100000000000,100000000000,100000000000,100000000000,100000000000,100000000000,100000000000,100000000000,100000000000,100000000000,100000000000,100000000000,100000000000,100000000000,100000000000,100000000000,100000000000,100000000000,100000000000,100000000000,170000000000,170000000000,170000000000,170000000000,170000000000,170000000000,170000000000,170000000000,170000000000,170000000000,170000000000,170000000000,170000000000,170000000000,170000000000,170000000000,170000000000,170000000000,170000000000,170000000000,181310000000,181310000000,181310000000,181310000000,181310000000,181310000000,181310000000,181310000000
847,리스사,11380,오릭스캐피탈코리아㈜,B,SK104,요약재무상태표(부채 및 자본)(08.03월 이후),A210,자본금_보통주자본금,,,,,50000000000,50000000000,50000000000,50000000000,50000000000,50000000000,50000000000,50000000000,50000000000,85000000000,85000000000,100000000000,100000000000,100000000000,100000000000,100000000000,100000000000,100000000000,100000000000,100000000000,100000000000,100000000000,100000000000,100000000000,100000000000,100000000000,100000000000,100000000000,100000000000,100000000000,100000000000,100000000000,100000000000,100000000000,100000000000,100000000000,170000000000,170000000000,170000000000,170000000000,170000000000,170000000000,170000000000,170000000000,170000000000,170000000000,170000000000,170000000000,170000000000,170000000000,170000000000,170000000000,170000000000,170000000000,170000000000,170000000000,181310000000,181310000000,181310000000,181310000000,181310000000,181310000000,181310000000,181310000000
848,리스사,11380,오릭스캐피탈코리아㈜,B,SK104,요약재무상태표(부채 및 자본)(08.03월 이후),A211,자본금_우선주자본금,,,,,0,0,0,0,0,0,0,0,0,85000000000,0,0,0, ,0, , , , , , , , , , , , , , , , , , , , , , , , , , , , , , , , , , , , , , , , , , , , , , , , , 
849,리스사,11380,오릭스캐피탈코리아㈜,B,SK104,요약재무상태표(부채 및 자본)(08.03월 이후),A212,자본금_신주청약증거금,,,,,0,0,0,0,0,0,0,0,0,0,0,0,0, ,0, , , , , , , , , , , , , , , , , , , , , , , , , , , , , , , , , , , , , , , , , , , , , , , , , 
850,리스사,11380,오릭스캐피탈코리아㈜,B,SK104,요약재무상태표(부채 및 자본)(08.03월 이후),A22,자본잉여금,0,0,0,0,0,0,0,0,0,0,0,0,0,0,0,0,0, ,0, , , , , , , , , , , , , , , , , , , , , , , , , , , , , , , , , , , , , , , , , ,27662000000,27662000000,27662000000,27662000000,27662000000,27662000000,27662000000,27662000000
851,리스사,11380,오릭스캐피탈코리아㈜,B,SK104,요약재무상태표(부채 및 자본)(08.03월 이후),A220,자본잉여금_주식발행초과금,,,,,0,0,0,0,0,0,0,0,0,0,0,0,0, ,0, , , , , , , , , , , , , , , , , , , , , , , , , , , , , , , , , , , , , , , , , , , , , , , , , 
852,리스사,11380,오릭스캐피탈코리아㈜,B,SK104,요약재무상태표(부채 및 자본)(08.03월 이후),A221,자본잉여금_감자차익,,,,,0,0,0,0,0,0,0,0,0,0,0,0,0, ,0, , , , , , , , , , , , , , , , , , , , , , , , , , , , , , , , , , , , , , , , , , , , , , , , , 
853,리스사,11380,오릭스캐피탈코리아㈜,B,SK104,요약재무상태표(부채 및 자본)(08.03월 이후),A222,자본잉여금_기타자본잉여금,,,,,0,0,0,0,0,0,0,0,0,0,0,0,0, ,0, , , , , , , , , , , , , , , , , , , , , , , , , , , , , , , , , , , , , , , , , ,27662000000,27662000000,27662000000,27662000000,27662000000,27662000000,27662000000,27662000000
854,리스사,11380,오릭스캐피탈코리아㈜,B,SK104,요약재무상태표(부채 및 자본)(08.03월 이후),A23,이익잉여금(결손금),1487000000,3008000000,6663000000,6598000000,7760000000,8670000000,9003000000,10868000000,12643000000,14833000000,16991000000,19062000000,20816000000,23575000000,25981000000,28598000000,31593000000,34647000000,36091000000,39466000000,42489000000,45919000000,49124000000,52865000000,56674000000,61808000000,65999000000,70008000000,74258000000,78781000000,83576000000,88180000000,92199000000,96986000000,102354000000,105408000000,108608000000,112553000000,116307000000,121885000000,125806000000,127830000000,132085000000,134400000000,136971000000,140062000000,144561000000,147749000000,152720000000,156258000000,161752000000,166782000000,170111000000,177046000000,182142000000,190154000000,197150000000,203856000000,208589000000,212951000000,237755000000,251710000000,263606000000,275643000000,284349000000,298626000000,310875000000,302922000000
855,리스사,11380,오릭스캐피탈코리아㈜,B,SK104,요약재무상태표(부채 및 자본)(08.03월 이후),A230,이익잉여금(결손금)_이익준비금,,,,,0,0,0,0,0,0,0,0,0,0,0,0,0, ,0, , , , , , , , , , , , , , , , , , , , , , , , , , , , , , , , , , , , , , , , , , , , , , , , , 
856,리스사,11380,오릭스캐피탈코리아㈜,B,SK104,요약재무상태표(부채 및 자본)(08.03월 이후),A231,이익잉여금(결손금)_기업합리화적립금,,,,,0,0,0,0,0,0,0,0,0,0,0,0,0, ,0, , , , , , , , , , , , , , , , , , , , , , , , , , , , , , , , , , , , , , , , , , , , , , , , , 
857,리스사,11380,오릭스캐피탈코리아㈜,B,SK104,요약재무상태표(부채 및 자본)(08.03월 이후),A232,이익잉여금(결손금)_투융자손실준비금,,,,,0,0,0,0,0,0,0,0,0,0,0,0,0, ,0, , , , , , , , , , , , , , , , , , , , , , , , , , , , , , , , , , , , , , , , , , , , , , , , , 
858,리스사,11380,오릭스캐피탈코리아㈜,B,SK104,요약재무상태표(부채 및 자본)(08.03월 이후),A233,이익잉여금(결손금)_기타 법정적립금,,,,,0,0,0,0,0,0,0,0,0,0,0,0,0, ,0, , , , , , , , , , , , , , , , , , , , , , , , , , , , , , , , , , , , , , , , , , , , , , , , , 
859,리스사,11380,오릭스캐피탈코리아㈜,B,SK104,요약재무상태표(부채 및 자본)(08.03월 이후),A234,이익잉여금(결손금)_임의적립금,,,,,0,0,0,0,0,0,0,0,0,0,0,0,0, ,0, , , , , , , , , , , , , , , , , , , , , , , , , , , , , , , , , , , , , , , , , , , , , , , , , 
860,리스사,11380,오릭스캐피탈코리아㈜,B,SK104,요약재무상태표(부채 및 자본)(08.03월 이후),A235,이익잉여금(결손금)_해외투자손실준비금,,,,,0,0,0,0,0,0,0,0,0,0,0,0,0, ,0, , , , , , , , , , , , , , , , , , , , , , , , , , , , , , , , , , , , , , , , , , , , , , , , , 
861,리스사,11380,오릭스캐피탈코리아㈜,B,SK104,요약재무상태표(부채 및 자본)(08.03월 이후),A236,이익잉여금(결손금)_미처분이익잉여금(미처리결손금),,,,,7760000000,8670000000,9003000000,10868000000,12643000000,14833000000,16991000000,19062000000,20816000000,23575000000,25976000000,28598000000,31593000000,34647000000,36091000000,39466000000,42489000000,45919000000,49124000000,52685000000,56674000000,61808000000,65999000000,70008000000,74258000000,78781000000,83576000000,88180000000,92199000000,96986000000,102354000000,105408000000,108608000000,112553000000,116307000000,121885000000,125806000000,127830000000,132085000000,134400000000,136971000000,140062000000,144561000000,147749000000,152720000000,156258000000,161752000000,166782000000,170111000000,177046000000,182142000000,190154000000,197150000000,203856000000,208589000000,212951000000,237755000000,251710000000,263606000000,275643000000,284349000000,298626000000,310875000000,302922000000
862,리스사,11380,오릭스캐피탈코리아㈜,B,SK104,요약재무상태표(부채 및 자본)(08.03월 이후),A237,이익잉여금(결손금)_대손준비금,,,,,,,,,,,,, , , , , , , , , , , , , , , , , , , , , , , , , , , , , , , , , , , , , , , , , , , , , , , , , , , , , , , , 
863,리스사,11380,오릭스캐피탈코리아㈜,B,SK104,요약재무상태표(부채 및 자본)(08.03월 이후),A238,이익잉여금(결손금)_(당기순손익),,,,, , , , ,4883000000, , , ,0,0,0,0,0, ,0, , , , , , , , , , , , , , , , , , , , , , , , , , , , , , , , , , , , , , , , , , , , , , , , , 
864,리스사,11380,오릭스캐피탈코리아㈜,B,SK104,요약재무상태표(부채 및 자본)(08.03월 이후),A24,자본조정,-442000000,0,0,0,0,0,0,0,0,0,0,0,0,0,-179000000,-257000000,-257000000,-257000000,-257000000,-257000000,-257000000, , , , , , , , , , , , , , , , , , , ,-339000000,-339000000,-339000000,-339000000,-339000000, , , , , , , , , , , , , , , ,-57000000,-57000000,-57000000,-57000000,-57000000,-57000000,-57000000,-57000000
865,리스사,11380,오릭스캐피탈코리아㈜,B,SK104,요약재무상태표(부채 및 자본)(08.03월 이후),A240,자본조정_주식할인발행차금,,,,,0,0,0,0,0,0,0,0,0,-179000000,-179000000,-257000000,-257000000,-257000000,-257000000,-257000000,-257000000, , , , , , , , , , , , , , , , , , , ,-339000000,-339000000,-339000000,-339000000,-339000000, , , , , , , , , , , , , , , ,-57000000,-57000000,-57000000,-57000000,-57000000,-57000000,-57000000,-57000000
866,리스사,11380,오릭스캐피탈코리아㈜,B,SK104,요약재무상태표(부채 및 자본)(08.03월 이후),A241,자본조정_배당건설이자,,,,,0,0,0,0,0,0,0,0,0,0,0,0,0, ,0, , , , , , , , , , , , , , , , , , , , , , , , , , , , , , , , , , , , , , , , , , , , , , , , , 
867,리스사,11380,오릭스캐피탈코리아㈜,B,SK104,요약재무상태표(부채 및 자본)(08.03월 이후),A242,자본조정_자기주식,,,,,0,0,0,0,0,0,0,0,0,0,0,0,0, ,0, , , , , , , , , , , , , , , , , , , , , , , , , , , , , , , , , , , , , , , , , , , , , , , , , 
868,리스사,11380,오릭스캐피탈코리아㈜,B,SK104,요약재무상태표(부채 및 자본)(08.03월 이후),A243,자본조정_주식매수선택권,,,,,0,0,0,0,0,0,0,0,0,0,0,0,0, ,0, , , , , , , , , , , , , , , , , , , , , , , , , , , , , , , , , , , , , , , , , , , , , , , , , 
869,리스사,11380,오릭스캐피탈코리아㈜,B,SK104,요약재무상태표(부채 및 자본)(08.03월 이후),A244,자본조정_미교부주식배당금,,,,,0,0,0,0,0,0,0,0,0,0,0,0,0, ,0, , , , , , , , , , , , , , , , , , , , , , , , , , , , , , , , , , , , , , , , , , , , , , , , , 
870,리스사,11380,오릭스캐피탈코리아㈜,B,SK104,요약재무상태표(부채 및 자본)(08.03월 이후),A245,자본조정_기타 자본조정,,,,,0,0,0,0,0,0,0,0,0,0,0,0,0, ,0, , , , , , , , , , , , , , , , , , , , , , , , , , , , , , , , , , , , , , , , , , , , , , , , , 
871,리스사,11380,오릭스캐피탈코리아㈜,B,SK104,요약재무상태표(부채 및 자본)(08.03월 이후),A25,기타포괄손익누계액,-2782000000,-1334000000,-2172000000,-3171000000,-4219000000,-2815000000,-2023000000,-1557000000,-1366000000,-1589000000,-2375000000,-3052000000,-1333000000,0,-2752000000,-716000000,-865000000,-794000000,-723000000,-641000000,-1412000000,-4404000000,-1611000000,-1814000000,-2281000000,-2367000000,-2735000000,-3728000000,-3190000000,-4410000000,-3652000000,-1561000000,-2135000000,-1863000000,-878000000,-1733000000,-2397000000,-1881000000,-2340000000,-1458000000,-2745000000,-3768000000,-2111000000,-1958000000,-1399000000,-2086000000,-1619000000,399000000,343000000,-2901000000,-2678000000,143000000,-1376000000,2528000000,4531000000,5893000000,6457000000,10294000000,11425000000,6475000000,2339000000,1251000000,-107000000,-6087000000,-5701000000,-6691000000,-2216000000,-3711000000
872,리스사,11380,오릭스캐피탈코리아㈜,B,SK104,요약재무상태표(부채 및 자본)(08.03월 이후),A250,기타포괄손익누계액_매도가능금융자산평가이익,,,,,0,0,0,0,0,0,0,0,0,-2034000000,0,0,0, ,0, , , , , , , , , , , , , , , , , , , , , , , , , , , , , , , , , , , , , , , , , , , , , , , , , 
873,리스사,11380,오릭스캐피탈코리아㈜,B,SK104,요약재무상태표(부채 및 자본)(08.03월 이후),A251,기타포괄손익누계액_매도가능금융자산평가손실,,,,,0,0,0,0,0,0,0,0,0,0,0,0,0, ,0, , , , , , , , , , , , , , , , , , , , , , ,0, , , , , , , , , , , , , , , , , , , , , , , , , , 
874,리스사,11380,오릭스캐피탈코리아㈜,B,SK104,요약재무상태표(부채 및 자본)(08.03월 이후),A252,기타포괄손익누계액_해외사업환산이익,,,,,0,0,0,0,0,0,0,0,0,0,0,0,0, ,0, , , , , , , , , , , , , , , , , , , , , , , , , , , , , , , , , , , , , , , , , , , , , , , , , 
875,리스사,11380,오릭스캐피탈코리아㈜,B,SK104,요약재무상태표(부채 및 자본)(08.03월 이후),A253,기타포괄손익누계액_해외사업환산손실,,,,,0,0,0,0,0,0,0,0,0,0,0,0,0, ,0, , , , , , , , , , , , , , , , , , , , , , , , , , , , , , , , , , , , , , , , , , , , , , , , , 
876,리스사,11380,오릭스캐피탈코리아㈜,B,SK104,요약재무상태표(부채 및 자본)(08.03월 이후),A254,기타포괄손익누계액_현금흐름위험회피 파생상품평가이익,,,,,0,0,0,125000000,35000000,842000000,8000000,108000000,139000000,40000000,169000000,197000000,176000000,187000000,321000000,408000000,184000000, ,172000000,131000000,31000000, , , , , ,218000000,-12368000000, ,288000000,298000000,57000000,147000000,228000000,173000000,280000000,87000000,18000000,88000000,51000000,23000000,61000000,422000000,1082000000,1033000000,755000000,856000000,1779000000,229000000,3134000000,4712000000,5893000000,8297000000,10294000000,11425000000,6979000000,3621000000,2597000000,1367000000,543000000,369000000,228000000,483000000,650000000
877,리스사,11380,오릭스캐피탈코리아㈜,B,SK104,요약재무상태표(부채 및 자본)(08.03월 이후),A255,기타포괄손익누계액_현금흐름위험회피 파생상품평가손실,,,,,-4219000000,-2815000000,-2023000000,-1682000000,-1401000000,-2431000000,-2383000000,-3160000000,-1472000000,-2074000000,-2921000000,-913000000,-1041000000,-981000000,-1044000000,-1049000000,-1596000000,-4404000000,-1783000000,-1945000000,-2312000000,-2367000000,-2735000000,-3728000000,-3190000000,-4410000000,-3870000000,10807000000,-2135000000,-2152000000,-1176000000,-1790000000,-2545000000,-2109000000,-2513000000,-1738000000,-2832000000,-3786000000,-2199000000,-2009000000,-1422000000,-2148000000,-2041000000,-682000000,-690000000,-3656000000,-3535000000,-1636000000,-1605000000,-607000000,-181000000, ,-1840000000, , ,-503000000,-1282000000,-1346000000,-1475000000,-6630000000,-6070000000,-6919000000,-2700000000,-4361000000
878,리스사,11380,오릭스캐피탈코리아㈜,B,SK104,요약재무상태표(부채 및 자본)(08.03월 이후),A256,기타포괄손익누계액_지분법자본변동,,,,,0,0,0,0,0,0,0,0,0,0,0,0,0, ,0, , , , , , , , , , , , , , , , , , , , , , , , , , , , , , , , , , , , , , , , , , , , , , , , , 
879,리스사,11380,오릭스캐피탈코리아㈜,B,SK104,요약재무상태표(부채 및 자본)(08.03월 이후),A257,기타포괄손익누계액_부의 지분법자본변동,,,,,0,0,0,0,0,0,0,0,0,0,0,0,0, ,0, , , , , , , , , , , , , , , , , , , , , , , , , , , , , , , , , , , , , , , , , , , , , , , , , 
880,리스사,11380,오릭스캐피탈코리아㈜,B,SK104,요약재무상태표(부채 및 자본)(08.03월 이후),A258,기타포괄손익누계액_유형자산 재평가이익,,,,,,,,,,,,,0,0,0,0,0, ,0, , , , , , , , , , , , , , , , , , , , , , , , , , , , , , , , , , , , , , , , , , , , , , , , , 
881,리스사,11380,오릭스캐피탈코리아㈜,B,SK104,요약재무상태표(부채 및 자본)(08.03월 이후),A259,기타포괄손익누계액_기타,,,,,,,,,,,,,0,0,0,0,0, ,0, , , , , , , , , , , , , , , , , , , , , , , , , , , , , , , , , , , , , , , , , , , , , , , , , 
882,리스사,11533,토요타파이낸셜서비스코리아㈜,B,SK104,요약재무상태표(부채 및 자본)(08.03월 이후),A,부채 및 자본총계,342321000000,407722000000,482153000000,564738000000,550421000000,558981000000,538597000000,555628000000,528813000000,565569000000,526586000000,555189000000,542528000000,502431000000,505772000000,494246000000,502514000000,529080000000,565900000000,585710000000,560029000000,525103000000,479489000000,462107000000,426413000000,440947000000,422013000000,412183000000,403290000000,403031000000,396511000000,383865000000,366407000000,364438000000,355719000000,384937000000,394611000000,425182000000,425997000000,430713000000,429892000000,436503000000,417728000000,423648000000,416715000000,421182000000,415429000000,418179000000,413895000000,413569000000,423543000000,452378000000,446856000000,472483000000,485866000000,468749000000,455309000000,438976000000,430022000000,427897000000,434928000000,459828000000,487384000000,512072000000,521901000000,538057000000,548275000000,553879000000
883,리스사,11533,토요타파이낸셜서비스코리아㈜,B,SK104,요약재무상태표(부채 및 자본)(08.03월 이후),A1,부채,319880000000,383713000000,458319000000,537806000000,503887000000,508029000000,483291000000,497107000000,468128000000,513319000000,472993000000,501303000000,485232000000,451261000000,456102000000,442375000000,449655000000,479231000000,520702000000,539309000000,512414000000,473689000000,426536000000,407898000000,371291000000,391273000000,368564000000,357791000000,347602000000,354562000000,347672000000,334485000000,316096000000,313688000000,307003000000,335871000000,345639000000,376783000000,378433000000,376980000000,376924000000,388303000000,369175000000,374953000000,367735000000,372066000000,365513000000,367559000000,363615000000,362304000000,371129000000,398230000000,391811000000,416581000000,427988000000,408492000000,393034000000,375225000000,364946000000,363452000000,371021000000,396677000000,424248000000,451280000000,460089000000,451453000000,461177000000,466071000000
884,리스사,11533,토요타파이낸셜서비스코리아㈜,B,SK104,요약재무상태표(부채 및 자본)(08.03월 이후),A11,차입부채,213996000000,255160000000,315525000000,384708000000,342616000000,332075000000,302061000000,309930000000,280199000000,322670000000,288066000000,321495000000,304016000000,273527000000,296513000000,287275000000,300338000000,340275000000,362263000000,394695000000,376093000000,340539000000,296810000000,283221000000,256204000000,275195000000,264163000000,254966000000,248021000000,246421000000,254365000000,242276000000,228155000000,223095000000,218812000000,246606000000,253609000000,282111000000,281069000000,272927000000,272658000000,285113000000,270199000000,273795000000,266020000000,266450000000,262529000000,263756000000,264914000000,263925000000,275214000000,294640000000,291842000000,314647000000,331308000000,311952000000,296806000000,275809000000,274927000000,265210000000,274329000000,288733000000,313354000000,334122000000,341106000000,325759000000,339845000000,341251000000
885,리스사,11533,토요타파이낸셜서비스코리아㈜,B,SK104,요약재무상태표(부채 및 자본)(08.03월 이후),A110,차입금,213996000000,206350000000,258558000000,315220000000,272046000000,278760000000,249416000000,259494000000,231541000000,274051000000,239452000000,272536000000,,,,,,,,,,,,,,,,,,,,,,,,,,,,,,,,,,,,,,,,,,,,,,,,,,,,,,,,
886,리스사,11533,토요타파이낸셜서비스코리아㈜,B,SK104,요약재무상태표(부채 및 자본)(08.03월 이후),A110,차입부채_차입금,,,,,,,,,,,,,255702000000,253527000000,276513000000,267275000000,280338000000,330275000000,352263000000,384695000000,366093000000,340539000000,296810000000,283221000000,256204000000,275195000000,248475000000,238543000000,231506000000,229614000000,236495000000,224738000000,210889000000,205655000000,202392000000,228497000000,236880000000,265024000000,281069000000,272927000000,272658000000,285113000000,270199000000,273795000000,266020000000,266450000000,238548000000,240641000000,228297000000,227959000000,240058000000,262043000000,244296000000,267240000000,267393000000,247995000000,231472000000,218961000000,226177000000,222148000000,243057000000,244134000000,267662000000,290306000000,295358000000,278564000000,310846000000,308939000000
887,리스사,11533,토요타파이낸셜서비스코리아㈜,B,SK104,요약재무상태표(부채 및 자본)(08.03월 이후),A111,단기차입금,175896000000,148614000000,162836000000,206924000000,162698000000,173365000000,129902000000,135900000000,110219000000,115001000000,126872000000,161000000000,,,,,,,,,,,,,,,,,,,,,,,,,,,,,,,,,,,,,,,,,,,,,,,,,,,,,,,,
888,리스사,11533,토요타파이낸셜서비스코리아㈜,B,SK104,요약재무상태표(부채 및 자본)(08.03월 이후),A111,차입부채_차입금_단기차입금,,,,,,,,,,,,,147075000000,134568000000,147500000000,148844000000,166016000000,202924000000,226410000000,217024000000,181543000000,146314000000,96199000000,104605000000,64264000000,114979000000,82716000000,80055000000,73931000000,62752000000,82577000000,73158000000,67586000000,64713000000,63502000000,69156000000,78236000000,95440000000,65000000000,82000000000,58000000000,44419000000,32000000000,33000000000,31925000000,42101000000,56262000000,65916000000,66000000000,69901000000,83280000000,87662000000,92267000000,95334000000,81571000000,72702000000,42000000000,42584000000,35000000000,55000000000,67470000000,98228000000,99818000000,110844000000,109489000000,94003000000,101773000000,100976000000
889,리스사,11533,토요타파이낸셜서비스코리아㈜,B,SK104,요약재무상태표(부채 및 자본)(08.03월 이후),A112,차입부채_차입금_콜머니,,,,,,,,,,,,,0,0,0,0,0,0,0,0,0,0,0,0,0,0,0,0,0,0,0,0,0,0,0,0,0,0,0,0,0,0,0,0,0,0,0,0,0,0,0,0,0,0,0,0,0,0,0,0,0,0,0,0,0,0,0,0
890,리스사,11533,토요타파이낸셜서비스코리아㈜,B,SK104,요약재무상태표(부채 및 자본)(08.03월 이후),A112,콜머니,0,0,0,0,0,0,0,0,0,0,0,0,,,,,,,,,,,,,,,,,,,,,,,,,,,,,,,,,,,,,,,,,,,,,,,,,,,,,,,,
891,리스사,11533,토요타파이낸셜서비스코리아㈜,B,SK104,요약재무상태표(부채 및 자본)(08.03월 이후),A113,장기차입금,38100000000,57736000000,95722000000,100196000000,101248000000,97295000000,66376000000,55256000000,54354000000,87623000000,72580000000,71536000000,,,,,,,,,,,,,,,,,,,,,,,,,,,,,,,,,,,,,,,,,,,,,,,,,,,,,,,,
892,리스사,11533,토요타파이낸셜서비스코리아㈜,B,SK104,요약재무상태표(부채 및 자본)(08.03월 이후),A113,차입부채_차입금_장기차입금,,,,,,,,,,,,,68627000000,78959000000,81117000000,96302000000,93749000000,120351000000,103853000000,104249000000,120308000000,74000000000,93000000000,83000000000,77000000000,86216000000,72759000000,75488000000,80575000000,69000000000,69000000000,68000000000,53000000000,70942000000,80890000000,102341000000,100644000000,111490000000,150868000000,114856000000,136660000000,135868000000,103508000000,104842000000,102650000000,104429000000,83234000000,98991000000,79619000000,78048000000,99778000000,97870000000,97287000000,117194000000,107327000000,101815000000,106477000000,84091000000,95386000000,101412000000,114088000000,108232000000,141191000000,129480000000,121279000000,108838000000,125772000000,131123000000
893,리스사,11533,토요타파이낸셜서비스코리아㈜,B,SK104,요약재무상태표(부채 및 자본)(08.03월 이후),A114,유동성 장기차입금,0,0,0,8100000000,8100000000,8100000000,53138000000,68338000000,66968000000,71427000000,40000000000,40000000000,,,,,,,,,,,,,,,,,,,,,,,,,,,,,,,,,,,,,,,,,,,,,,,,,,,,,,,,
894,리스사,11533,토요타파이낸셜서비스코리아㈜,B,SK104,요약재무상태표(부채 및 자본)(08.03월 이후),A114,차입부채_차입금_유동성 장기차입금,,,,,,,,,,,,,40000000000,40000000000,47896000000,22129000000,20573000000,7000000000,22000000000,63422000000,64242000000,120225000000,107611000000,95616000000,114940000000,74000000000,93000000000,83000000000,77000000000,97862000000,84918000000,83580000000,90303000000,70000000000,58000000000,57000000000,58000000000,58094000000,65201000000,76071000000,77998000000,104826000000,134691000000,135953000000,131445000000,119920000000,99052000000,75734000000,82678000000,80010000000,57000000000,76511000000,54742000000,54712000000,78495000000,73478000000,82995000000,92286000000,95791000000,65736000000,61499000000,37674000000,26653000000,49982000000,64590000000,75723000000,83301000000,76840000000
895,리스사,11533,토요타파이낸셜서비스코리아㈜,B,SK104,요약재무상태표(부채 및 자본)(08.03월 이후),A115,사  채,0,48810000000,56967000000,69488000000,70570000000,53315000000,52645000000,50436000000,48658000000,48619000000,48614000000,48959000000,,,,,,,,,,,,,,,,,,,,,,,,,,,,,,,,,,,,,,,,,,,,,,,,,,,,,,,,
896,리스사,11533,토요타파이낸셜서비스코리아㈜,B,SK104,요약재무상태표(부채 및 자본)(08.03월 이후),A115,차입부채_사 채,,,,,,,,,,,,,48314000000,20000000000,20000000000,20000000000,20000000000,10000000000,10000000000,10000000000,10000000000,0,0,0,0,0,15688000000,16423000000,16515000000,16807000000,17870000000,17538000000,17266000000,17440000000,16420000000,18109000000,16729000000,17087000000,0,0,0,0,0,0,0,0,23981000000,23115000000,36617000000,35966000000,35156000000,32597000000,47546000000,47407000000,63915000000,63957000000,65334000000,56848000000,48750000000,43062000000,31272000000,44599000000,45692000000,43816000000,45748000000,47195000000,28999000000,32312000000
897,리스사,11533,토요타파이낸셜서비스코리아㈜,B,SK104,요약재무상태표(부채 및 자본)(08.03월 이후),A1150,차입부채_사 채_단기사채,0,0,0,13939000000,14148000000,0,0,0,0,15000000000,15000000000,15000000000,15000000000,0,0,0,0,0,0,0,0,0,0,0,0,0,0,0,0,0,0,0,0,0,0,0,0,0,0,0,0,0,0,0,0,0,0,0,0,0,0,0,0,0,0,0,0,0,0,0,0,0,0,0,0,0,0,0
898,리스사,11533,토요타파이낸셜서비스코리아㈜,B,SK104,요약재무상태표(부채 및 자본)(08.03월 이후),A11500,차입부채_사 채_단기사채_(사채발행차금),0,0,0,15000000,6000000,0,0,0,0,0,0,0,0,0,0,0,0,0,0,0,0,0,0,0,0,0,0,0,0,0,0,0,0,0,0,0,0,0,0,0,0,0,0,0,0,0,0,0,0,0,0,0,0,0,0,0,0,0,0,0,0,0,0,0,0,0,0,0
899,리스사,11533,토요타파이낸셜서비스코리아㈜,B,SK104,요약재무상태표(부채 및 자본)(08.03월 이후),A1151,차입부채_사 채_유동성사채,0,0,0,0,0,40088000000,39564000000,37885000000,36530000000,13646000000,13633000000,13971000000,13319000000,10000000000,10000000000,10000000000,10000000000,10000000000,10000000000,10000000000,10000000000,0,0,0,0,0,0,0,0,0,0,0,0,0,16445000000,18128000000,16742000000,17094000000,0,0,0,0,0,0,0,0,0,0,0,0,0,0,0,11300000000,23698000000,23710000000,36324000000,25858000000,14348000000,12673000000,15646000000,15754000000,32275000000,30946000000,16162000000,16670000000,0,0
900,리스사,11533,토요타파이낸셜서비스코리아㈜,B,SK104,요약재무상태표(부채 및 자본)(08.03월 이후),A11510,차입부채_사 채_유동성사채_(유동성사채발행차금),0,0,0,0,0,82000000,82000000,37000000,15000000,27000000,19000000,12000000,5000000,0,0,0,0,0,0,0,0,0,0,0,0,0,0,0,0,0,0,0,0,0,25000000,19000000,13000000,7000000,0,0,0,0,0,0,0,0,0,0,0,0,0,0,0,0,0,9000000,12000000,7000000,4000000,2000000,8000000,6000000,12000000,7000000,4000000,1000000,0,0
901,리스사,11533,토요타파이낸셜서비스코리아㈜,B,SK104,요약재무상태표(부채 및 자본)(08.03월 이후),A1152,차입부채_사 채_장기사채,0,49090000000,57211000000,55756000000,56592000000,13363000000,13188000000,12628000000,12177000000,20000000000,20000000000,20000000000,20000000000,10000000000,10000000000,10000000000,10000000000,0,0,0,0,0,0,0,0,0,15759000000,16488000000,16575000000,16861000000,17918000000,17580000000,17303000000,17471000000,0,0,0,0,0,0,0,0,0,0,0,0,24026000000,23156000000,36678000000,36021000000,35205000000,32640000000,47607000000,36160000000,40287000000,40307000000,29059000000,31030000000,34435000000,30415000000,15646000000,28882000000,13448000000,12894000000,29630000000,30562000000,29031000000,32340000000
902,리스사,11533,토요타파이낸셜서비스코리아㈜,B,SK104,요약재무상태표(부채 및 자본)(08.03월 이후),A11520,차입부채_사 채_장기사채_(사채발행차금),0,280000000,244000000,192000000,164000000,54000000,25000000,40000000,34000000,0,0,0,0,0,0,0,0,0,0,0,0,0,0,0,0,0,71000000,65000000,60000000,54000000,48000000,42000000,37000000,31000000,0,0,0,0,0,0,0,0,0,0,0,0,45000000,41000000,61000000,55000000,49000000,43000000,61000000,53000000,70000000,51000000,37000000,33000000,29000000,24000000,12000000,31000000,19000000,17000000,40000000,36000000,32000000,28000000
903,리스사,11533,토요타파이낸셜서비스코리아㈜,B,SK104,요약재무상태표(부채 및 자본)(08.03월 이후),A1153,차입부채_사 채_기타,0,-280000000,-244000000,-207000000,-170000000,-136000000,-107000000,-77000000,-49000000,-27000000,-19000000,-12000000,-10000000,0,0,0,0,0,0,0,0,0,0,0,0,0,-142000000,-130000000,-120000000,-108000000,-96000000,-84000000,-74000000,-62000000,-50000000,-38000000,-26000000,-14000000,0,0,0,0,0,0,0,0,-90000000,-82000000,-122000000,-110000000,-98000000,-86000000,-122000000,-106000000,-140000000,-120000000,-98000000,-80000000,-66000000,-52000000,-40000000,-74000000,-62000000,-48000000,-88000000,-74000000,-64000000,-56000000
904,리스사,11533,토요타파이낸셜서비스코리아㈜,B,SK104,요약재무상태표(부채 및 자본)(08.03월 이후),A12,기타부채,105884000000,128553000000,142794000000,153098000000,161271000000,175954000000,181230000000,187177000000,187929000000,190649000000,184927000000,179808000000,181216000000,177734000000,159589000000,155100000000,149317000000,138956000000,158439000000,144614000000,136321000000,133150000000,129726000000,124677000000,115087000000,116078000000,104401000000,102825000000,99581000000,108141000000,93307000000,92209000000,87941000000,90593000000,88191000000,89265000000,92030000000,94672000000,97364000000,104053000000,104266000000,103190000000,98976000000,101158000000,101715000000,105616000000,102984000000,103803000000,98701000000,98379000000,95915000000,103590000000,99969000000,101934000000,96680000000,96540000000,96228000000,99416000000,90019000000,98242000000,96692000000,107944000000,110894000000,117158000000,118983000000,125694000000,121332000000,124820000000
905,리스사,11533,토요타파이낸셜서비스코리아㈜,B,SK104,요약재무상태표(부채 및 자본)(08.03월 이후),A120,기타부채_영업미지급금,0,0,0,0,0,0,0,0,0,0,0,0,0,0,0,0,0,0,0,0,0,0,0,0,0,0,0,0,0,0,0,0,0,0,0,0,0,0,0,0,0,0,0,0,0,0,0,0,0,0,0,0,0,0,0,0,0,0,0,0,0,0,0,0,0,0,0,0
906,리스사,11533,토요타파이낸셜서비스코리아㈜,B,SK104,요약재무상태표(부채 및 자본)(08.03월 이후),A121,기타부채_장기미지급금,0,0,0,0,0,0,0,0,0,0,0,0,0,0,0,0,0,0,0,0,0,0,0,0,0,0,0,0,0,0,0,0,0,0,0,0,0,0,0,0,0,0,0,0,0,0,0,0,0,0,0,0,0,0,0,0,0,0,0,0,0,0,0,0,0,0,0,0
907,리스사,11533,토요타파이낸셜서비스코리아㈜,B,SK104,요약재무상태표(부채 및 자본)(08.03월 이후),A122,기타부채_기타의 부채,3027000000,5032000000,6423000000,4213000000,5507000000,4655000000,5599000000,4506000000,5874000000,6421000000,6000000000,5526000000,6683000000,7227000000,4476000000,5423000000,5999000000,6066000000,26705000000,15573000000,11973000000,12275000000,10649000000,11763000000,10061000000,5160000000,3559000000,4306000000,4878000000,14629000000,3481000000,4888000000,3984000000,6851000000,7013000000,6556000000,9529000000,11135000000,12834000000,19459000000,19163000000,17819000000,14221000000,12024000000,9110000000,9044000000,6289000000,8150000000,5607000000,6791000000,5313000000,12558000000,11000000000,11478000000,5319000000,7057000000,9975000000,14327000000,4762000000,11045000000,8160000000,17358000000,15326000000,18843000000,19585000000,24390000000,13754000000,11798000000
908,리스사,11533,토요타파이낸셜서비스코리아㈜,B,SK104,요약재무상태표(부채 및 자본)(08.03월 이후),A1220,기타부채_기타의 부채_가수금,0,19000000,0,0,0,0,0,0,0,0,0,0,0,0,0,0,0,0,0,0,0,0,0,0,0,0,0,0,0,0,0,0,0,0,0,0,0,0,0,0,0,0,0,0,0,0,0,0,0,0,0,0,0,0,0,34000000,29000000,17000000,46000000,34000000,29000000,17000000,6000000,34000000,29000000,17000000,15000000,4000000
909,리스사,11533,토요타파이낸셜서비스코리아㈜,B,SK104,요약재무상태표(부채 및 자본)(08.03월 이후),A1221,기타부채_기타의 부채_예수금,118000000,360000000,182000000,113000000,142000000,159000000,183000000,166000000,172000000,728000000,226000000,195000000,235000000,226000000,275000000,185000000,233000000,385000000,208000000,166000000,219000000,214000000,230000000,196000000,203000000,222000000,188000000,165000000,224000000,162000000,206000000,153000000,232000000,112000000,113000000,143000000,134000000,154000000,160000000,151000000,158000000,560000000,363000000,405000000,365000000,550000000,361000000,411000000,467000000,384000000,298000000,263000000,215000000,411000000,235000000,399000000,330000000,501000000,440000000,712000000,678000000,868000000,786000000,982000000,862000000,788000000,746000000,751000000
910,리스사,11533,토요타파이낸셜서비스코리아㈜,B,SK104,요약재무상태표(부채 및 자본)(08.03월 이후),A1222,기타부채_기타의 부채_선수금,0,0,730000000,929000000,1096000000,1297000000,1525000000,1615000000,1606000000,1237000000,1236000000,1607000000,1326000000,1051000000,937000000,1397000000,1444000000,1412000000,1412000000,1181000000,899000000,836000000,709000000,693000000,671000000,752000000,737000000,777000000,955000000,1146000000,1243000000,1437000000,1590000000,1998000000,2390000000,2878000000,3956000000,5463000000,7388000000,8479000000,9034000000,8341000000,7720000000,7114000000,6347000000,5609000000,4881000000,4121000000,3366000000,2655000000,2051000000,1692000000,1427000000,1223000000,1081000000,875000000,867000000,808000000,1041000000,1355000000,1434000000,1702000000,1842000000,1980000000,1309000000,1465000000,1536000000,1868000000
911,리스사,11533,토요타파이낸셜서비스코리아㈜,B,SK104,요약재무상태표(부채 및 자본)(08.03월 이후),A1223,기타부채_기타의 부채_선수수익,0,0,0,0,0,0,0,0,0,0,0,0,0,0,0,0,0,0,0,0,0,0,0,0,0,0,0,0,0,0,0,0,0,0,0,0,0,0,0,0,0,0,0,0,0,0,0,0,0,0,0,0,0,0,0,0,0,0,0,0,0,0,0,0,696000000,678000000,609000000,571000000
912,리스사,11533,토요타파이낸셜서비스코리아㈜,B,SK104,요약재무상태표(부채 및 자본)(08.03월 이후),A1224,기타부채_기타의 부채_미지급금,193000000,512000000,353000000,340000000,214000000,419000000,184000000,281000000,341000000,426000000,374000000,586000000,306000000,305000000,204000000,438000000,431000000,899000000,21599000000,5364000000,1610000000,2031000000,539000000,926000000,658000000,1092000000,967000000,689000000,1051000000,10069000000,859000000,1015000000,1357000000,2343000000,1330000000,1657000000,1430000000,2807000000,1827000000,4532000000,3008000000,5762000000,2770000000,1754000000,549000000,1654000000,294000000,2034000000,428000000,2118000000,818000000,2504000000,669000000,1669000000,275000000,1527000000,333000000,2825000000,308000000,1586000000,832000000,2714000000,458000000,2066000000,553000000,1865000000,540000000,1970000000
913,리스사,11533,토요타파이낸셜서비스코리아㈜,B,SK104,요약재무상태표(부채 및 자본)(08.03월 이후),A1225,기타부채_기타의 부채_미지급비용,2716000000,2899000000,4388000000,2050000000,2630000000,1502000000,2630000000,1413000000,1874000000,1695000000,2353000000,1563000000,2456000000,2994000000,2434000000,2906000000,2207000000,3007000000,1991000000,3382000000,2023000000,2732000000,1488000000,2591000000,1308000000,2325000000,1009000000,2154000000,783000000,1999000000,718000000,1999000000,573000000,1668000000,516000000,1806000000,941000000,859000000,1040000000,984000000,698000000,761000000,862000000,576000000,674000000,653000000,702000000,528000000,755000000,568000000,670000000,548000000,704000000,451000000,724000000,457000000,751000000,679000000,785000000,983000000,1242000000,1371000000,1633000000,1891000000,1623000000,1876000000,1844000000,2305000000
914,리스사,11533,토요타파이낸셜서비스코리아㈜,B,SK104,요약재무상태표(부채 및 자본)(08.03월 이후),A1226,기타부채_기타의 부채_미지급법인세,0,0,770000000,781000000,1425000000,1278000000,1077000000,993000000,1698000000,2068000000,1520000000,503000000,1272000000,746000000,0,0,1072000000,0,0,0,1463000000,1463000000,0,0,473000000,310000000,0,0,1309000000,744000000,0,0,0,0,0,0,397000000,110000000,0,0,221000000,125000000,0,0,0,0,0,0,83000000,46000000,0,0,1154000000,631000000,0,0,1668000000,907000000,0,0,93000000,59000000,0,0,45000000,4000000,0,0
915,리스사,11533,토요타파이낸셜서비스코리아㈜,B,SK104,요약재무상태표(부채 및 자본)(08.03월 이후),A1227,기타부채_기타의 부채_선불카드수탁금,0,0,0,0,0,0,0,0,0,0,0,0,0,0,0,0,0,0,0,0,0,0,0,0,0,0,0,0,0,0,0,0,0,0,0,0,0,0,0,0,0,0,0,0,0,0,0,0,0,0,0,0,0,0,0,0,0,0,0,0,0,0,0,0,0,0,0,0
916,리스사,11533,토요타파이낸셜서비스코리아㈜,B,SK104,요약재무상태표(부채 및 자본)(08.03월 이후),A1228,기타부채_기타의 부채_부가세예수금,0,0,0,0,0,0,0,0,0,0,0,0,0,0,0,0,0,0,0,0,0,0,0,0,0,0,0,0,0,0,0,0,0,0,0,0,0,0,0,0,0,0,0,0,0,0,0,0,0,0,0,0,0,0,0,0,0,0,0,0,0,0,0,0,0,0,0,0
917,리스사,11533,토요타파이낸셜서비스코리아㈜,B,SK104,요약재무상태표(부채 및 자본)(08.03월 이후),A1229,기타부채_기타의 부채_선물환거래대,0,0,0,0,0,0,0,0,0,0,0,0,0,0,0,0,0,0,0,0,0,0,0,0,0,0,0,0,0,0,0,0,0,0,0,0,0,0,0,0,0,0,0,0,0,0,0,0,0,0,0,0,0,0,0,0,0,0,0,0,0,0,0,0,0,0,0,0
918,리스사,11533,토요타파이낸셜서비스코리아㈜,B,SK104,요약재무상태표(부채 및 자본)(08.03월 이후),A122A,기타부채_기타의 부채_파생상품부채,0,1242000000,0,0,0,0,0,38000000,183000000,267000000,291000000,1072000000,1088000000,1905000000,626000000,497000000,612000000,363000000,1495000000,5480000000,5759000000,4999000000,7683000000,7357000000,6748000000,459000000,658000000,521000000,556000000,509000000,455000000,284000000,232000000,730000000,2664000000,72000000,2671000000,1742000000,2419000000,5313000000,6044000000,2270000000,2506000000,2175000000,1175000000,578000000,51000000,1056000000,508000000,1020000000,1476000000,7551000000,6831000000,7093000000,3004000000,3765000000,5997000000,8590000000,2142000000,6375000000,3852000000,10627000000,10601000000,11890000000,14468000000,17697000000,8464000000,4329000000
919,리스사,11533,토요타파이낸셜서비스코리아㈜,B,SK104,요약재무상태표(부채 및 자본)(08.03월 이후),A122B,기타부채_기타의 부채_옵션수입프리미엄,0,0,0,0,0,0,0,0,0,0,0,0,0,0,0,0,0,0,0,0,0,0,0,0,0,0,0,0,0,0,0,0,0,0,0,0,0,0,0,0,0,0,0,0,0,0,0,0,0,0,0,0,0,0,0,0,0,0,0,0,0,0,0,0,0,0,0,0
920,리스사,11533,토요타파이낸셜서비스코리아㈜,B,SK104,요약재무상태표(부채 및 자본)(08.03월 이후),A122C,기타부채_기타의 부채_이연리스수익,0,0,0,0,0,0,0,0,0,0,0,0,0,0,0,0,0,0,0,0,0,0,0,0,0,0,0,0,0,0,0,0,0,0,0,0,0,0,0,0,0,0,0,0,0,0,0,0,0,0,0,0,0,0,0,0,0,0,0,0,0,0,0,0,0,0,0,0
921,리스사,11533,토요타파이낸셜서비스코리아㈜,B,SK104,요약재무상태표(부채 및 자본)(08.03월 이후),A122D,기타부채_기타의 부채_기타의 유동부채,0,0,0,0,0,0,0,0,0,0,0,0,0,0,0,0,0,0,0,0,0,0,0,0,0,0,0,0,0,0,0,0,0,0,0,0,0,0,0,0,0,0,0,0,0,0,0,0,0,0,0,0,0,0,0,0,0,0,0,0,0,0,0,0,0,0,0,0
922,리스사,11533,토요타파이낸셜서비스코리아㈜,B,SK104,요약재무상태표(부채 및 자본)(08.03월 이후),A122E,기타부채_유동성 장기부채,0,0,0,0,0,0,0,0,0,0,0,0,0,0,0,0,0,0,0,0,0,0,0,0,0,0,0,0,0,0,0,0,0,0,0,0,0,0,0,0,0,0,0,0,0,0,0,0,0,0,0,0,0,0,0,0,0,0,0,0,0,0,0,0,0,0,0,0
923,리스사,11533,토요타파이낸셜서비스코리아㈜,B,SK104,요약재무상태표(부채 및 자본)(08.03월 이후),A123,기타부채_리스보증금,100964000000,120934000000,135192000000,147752000000,155184000000,169893000000,173644000000,180094000000,179632000000,182349000000,176813000000,172165000000,172239000000,161056000000,152385000000,146690000000,141959000000,131357000000,129745000000,126720000000,124096000000,119338000000,117010000000,110525000000,104404000000,102635000000,99211000000,96502000000,94509000000,92908000000,89028000000,86417000000,83638000000,83114000000,80441000000,81831000000,82087000000,82953000000,83867000000,83741000000,84898000000,84890000000,84078000000,88386000000,92295000000,95720000000,96071000000,94826000000,92392000000,90542000000,89276000000,89266000000,87847000000,88991000000,89255000000,86638000000,85052000000,83753000000,83460000000,85140000000,86993000000,89162000000,94021000000,96623000000,98181000000,99518000000,105190000000,110125000000
924,리스사,11533,토요타파이낸셜서비스코리아㈜,B,SK104,요약재무상태표(부채 및 자본)(08.03월 이후),A124,기타부채_보 증 금,0,0,0,0,0,0,0,0,0,0,0,0,0,0,0,0,0,0,0,0,0,0,0,0,0,0,0,0,0,0,0,0,0,0,0,0,0,0,0,0,0,0,0,0,0,0,0,0,0,0,0,0,0,0,0,0,0,0,0,0,0,0,0,0,0,0,310000000,564000000
925,리스사,11533,토요타파이낸셜서비스코리아㈜,B,SK104,요약재무상태표(부채 및 자본)(08.03월 이후),A1240,기타부채_보 증 금_상환이행보증금,0,0,0,0,0,0,0,0,0,0,0,0,0,0,0,0,0,0,0,0,0,0,0,0,0,0,0,0,0,0,0,0,0,0,0,0,0,0,0,0,0,0,0,0,0,0,0,0,0,0,0,0,0,0,0,0,0,0,0,0,0,0,0,0,0,0,0,0
926,리스사,11533,토요타파이낸셜서비스코리아㈜,B,SK104,요약재무상태표(부채 및 자본)(08.03월 이후),A1241,기타부채_보 증 금_임대보증금,0,0,0,0,0,0,0,0,0,0,0,0,0,0,0,0,0,0,0,0,0,0,0,0,0,0,0,0,0,0,0,0,0,0,0,0,0,0,0,0,0,0,0,0,0,0,0,0,0,0,0,0,0,0,0,0,0,0,0,0,0,0,0,0,0,0,0,0
927,리스사,11533,토요타파이낸셜서비스코리아㈜,B,SK104,요약재무상태표(부채 및 자본)(08.03월 이후),A1242,기타부채_보 증 금_기타보증금,0,0,0,0,0,0,0,0,0,0,0,0,0,0,0,0,0,0,0,0,0,0,0,0,0,0,0,0,0,0,0,0,0,0,0,0,0,0,0,0,0,0,0,0,0,0,0,0,0,0,0,0,0,0,0,0,0,0,0,0,0,0,0,0,0,0,310000000,564000000
928,리스사,11533,토요타파이낸셜서비스코리아㈜,B,SK104,요약재무상태표(부채 및 자본)(08.03월 이후),A125,기타부채_퇴직급여채무,350000000,379000000,445000000,464000000,446000000,487000000,500000000,548000000,557000000,600000000,687000000,733000000,784000000,805000000,842000000,883000000,907000000,980000000,1023000000,1009000000,1047000000,1100000000,1193000000,1242000000,1271000000,1314000000,1461000000,1385000000,1445000000,1501000000,1644000000,1684000000,1660000000,1672000000,1776000000,1788000000,1745000000,1783000000,915000000,971000000,983000000,1060000000,1200000000,1111000000,985000000,1041000000,1126000000,1149000000,1143000000,1245000000,900000000,859000000,935000000,1029000000,1137000000,1181000000,1278000000,1367000000,1257000000,1390000000,1471000000,1617000000,1718000000,1776000000,1656000000,1610000000,1680000000,1801000000
929,리스사,11533,토요타파이낸셜서비스코리아㈜,B,SK104,요약재무상태표(부채 및 자본)(08.03월 이후),A1250,기타부채_퇴직급여채무_(미인식보험수리적손익) (+-),,,,,,,,,,,,, , , , , , , , , , , , , , , , , , , , , , , , , , , , , , , , , , , , , , , , , , , , , , , , , , , , , , , , 
930,리스사,11533,토요타파이낸셜서비스코리아㈜,B,SK104,요약재무상태표(부채 및 자본)(08.03월 이후),A1251,기타부채_퇴직급여채무_(미인식과거근무원가) (-),,,,,,,,,,,,, , , , , , , , , , , , , , , , , , , , , , , , , , , , , , , , , , , , , , , , , , , , , , , , , , , , , , , , 
931,리스사,11533,토요타파이낸셜서비스코리아㈜,B,SK104,요약재무상태표(부채 및 자본)(08.03월 이후),A1252,기타부채_퇴직급여채무_(퇴직급여사외적립자산) (-),,,,,,,,,,,,, , , , , , , , , , , , , , , , , , , , , , , , , , , , , , , , , , , , , , , , , , , , , , , , , , , , , , , , 
932,리스사,11533,토요타파이낸셜서비스코리아㈜,B,SK104,요약재무상태표(부채 및 자본)(08.03월 이후),A126,기타부채_지급보증충당금,0,0,0,0,0,0,0,0,0,0,0,0,0,0,0,0,0,0,0,0,0,0,0,0,0,0,0,0,0,0,0,0,0,0,0,0,0,0,0,0,0,0,0,0,0,0,0,0,0,0,0,0,0,0,0,0,0,0,0,0,0,0,0,14000000,14000000,14000000,14000000,4000000
933,리스사,11533,토요타파이낸셜서비스코리아㈜,B,SK104,요약재무상태표(부채 및 자본)(08.03월 이후),A127,기타부채_포인트충당부채,0,0,0,0,0,0,0,0,0,0,0,0,0,0,0,0,0,0,0,0,0,0,0,0,0,0,0,0,0,0,0,0,0,0,0,0,0,0,0,0,0,0,0,0,0,0,0,0,0,0,0,0,0,0,0,0,0,0,0,0,0,0,0,0,0,0,0,0
934,리스사,11533,토요타파이낸셜서비스코리아㈜,B,SK104,요약재무상태표(부채 및 자본)(08.03월 이후),A128,기타부채_미지급배당금,0,0,0,0,0,0,0,0,0,0,0,0,0,6911000000,0,0,0,0,0,0,0,0,0,0,0,7053000000,0,0,0,0,0,0,0,0,0,0,0,0,0,0,0,0,0,0,0,453000000,0,0,0,0,0,0,0,0,0,0,0,0,0,0,0,0,0,0,0,0,0,0
935,리스사,11533,토요타파이낸셜서비스코리아㈜,B,SK104,요약재무상태표(부채 및 자본)(08.03월 이후),A129,기타부채_이연법인세부채,971000000,1567000000,721000000,656000000,534000000,1325000000,1899000000,2447000000,2334000000,1755000000,1904000000,1858000000,2120000000,2339000000,2462000000,2683000000,1156000000,1263000000,1662000000,1973000000,0,1237000000,1644000000,1917000000,428000000,995000000,1257000000,1593000000,0,362000000,411000000,462000000,126000000,381000000,385000000,477000000,221000000,341000000,430000000,561000000,47000000,247000000,307000000,305000000,310000000,399000000,624000000,776000000,702000000,1046000000,1273000000,1641000000,838000000,1134000000,1672000000,2324000000,917000000,1052000000,1406000000,1534000000,1255000000,1140000000,1157000000,1112000000,824000000,1404000000,1696000000,1955000000
936,리스사,11533,토요타파이낸셜서비스코리아㈜,B,SK104,요약재무상태표(부채 및 자본)(08.03월 이후),A12A,기타부채_외화환산대,0,0,0,0,0,0,0,0,0,0,0,0,0,0,0,0,0,0,0,0,0,0,0,0,0,0,0,0,0,0,0,0,0,0,0,0,0,0,0,0,0,0,0,0,0,0,0,0,0,0,0,0,0,0,0,0,0,0,0,0,0,0,0,0,0,0,0,0
937,리스사,11533,토요타파이낸셜서비스코리아㈜,B,SK104,요약재무상태표(부채 및 자본)(08.03월 이후),A12B,기타부채_미사용약정충당금,13000000,13000000,13000000,13000000,0,0,0,0,0,0,0,0,0,0,0,0,0,0,0,0,0,0,0,0,0,0,0,0,0,0,0,0,0,0,0,0,0,0,0,0,0,0,0,0,0,0,0,0,0,0,0,0,0,0,0,0,0,0,0,0,0,0,0,98000000,95000000,84000000,84000000,89000000
938,리스사,11533,토요타파이낸셜서비스코리아㈜,B,SK104,요약재무상태표(부채 및 자본)(08.03월 이후),A12C,기타부채_이자율위험포트폴리오위험회피 대상의 공정가액변동부채,,,,,,,,,,,,, , , , , , , , , , , , , , , , , , , , , , , , , , , , , , , , , , , , , , , , , , , , , , , , , , , , , , , , 
939,리스사,11533,토요타파이낸셜서비스코리아㈜,B,SK104,요약재무상태표(부채 및 자본)(08.03월 이후),A12D,기타부채_기타의 기타부채,559000000,628000000,0,0,0,0,0,0,0,0,0,0,0,0,0,0,0,0,0,0,0,0,0,0,0,0,0,0,0,0,0,0,0,0,0,0,0,0,0,0,0,0,0,0,0,0,0,0,0,0,0,0,284000000,284000000,284000000,284000000,284000000,284000000,284000000,284000000,284000000,284000000,284000000,284000000,284000000,284000000,284000000,284000000
940,리스사,11533,토요타파이낸셜서비스코리아㈜,B,SK104,요약재무상태표(부채 및 자본)(08.03월 이후),A13,요구불상환지분,,,,,,,,,,,,, , , , , , , , , , , , , , , , , , , , , , , , , , , , , , , , , , , , , , , , , , , , , , , , , , , , , , , , 
941,리스사,11533,토요타파이낸셜서비스코리아㈜,B,SK104,요약재무상태표(부채 및 자본)(08.03월 이후),A130,요구불상환지분_상환우선주,,,,,,,,,,,,, , , , , , , , , , , , , , , , , , , , , , , , , , , , , , , , , , , , , , , , , , , , , , , , , , , , , , , , 
942,리스사,11533,토요타파이낸셜서비스코리아㈜,B,SK104,요약재무상태표(부채 및 자본)(08.03월 이후),A131,요구불상환지분_기타,,,,,,,,,,,,, , , , , , , , , , , , , , , , , , , , , , , , , , , , , , , , , , , , , , , , , , , , , , , , , , , , , , , , 
943,리스사,11533,토요타파이낸셜서비스코리아㈜,B,SK104,요약재무상태표(부채 및 자본)(08.03월 이후),A2,자본,22441000000,24009000000,23834000000,26932000000,46534000000,50952000000,55306000000,58521000000,60685000000,52250000000,53593000000,53886000000,57296000000,51170000000,49670000000,51871000000,52859000000,49849000000,45198000000,46401000000,47615000000,51414000000,52953000000,54209000000,55122000000,49674000000,53449000000,54392000000,55688000000,48469000000,48839000000,49380000000,50311000000,50750000000,48716000000,49066000000,48972000000,48399000000,47564000000,53733000000,52968000000,48200000000,48553000000,48695000000,48980000000,49116000000,49916000000,50620000000,50280000000,51265000000,52414000000,54148000000,55045000000,55902000000,57878000000,60257000000,62275000000,63751000000,65076000000,64445000000,63907000000,63151000000,63136000000,60792000000,61812000000,86604000000,87098000000,87808000000
944,리스사,11533,토요타파이낸셜서비스코리아㈜,B,SK104,요약재무상태표(부채 및 자본)(08.03월 이후),A21,자본금,20000000000,20000000000,20000000000,20000000000,40000000000,40000000000,40000000000,40000000000,40000000000,40000000000,40000000000,40000000000,40000000000,40000000000,40000000000,40000000000,40000000000,40000000000,40000000000,40000000000,40000000000,40000000000,40000000000,40000000000,40000000000,40000000000,40000000000,40000000000,40000000000,40000000000,40000000000,40000000000,40000000000,40000000000,40000000000,40000000000,40000000000,40000000000,40000000000,40000000000,40000000000,40000000000,40000000000,40000000000,40000000000,40000000000,40000000000,40000000000,40000000000,40000000000,40000000000,40000000000,40000000000,40000000000,40000000000,40000000000,40000000000,40000000000,40000000000,40000000000,40000000000,40000000000,40000000000,40000000000,40000000000,65000000000,65000000000,65000000000
945,리스사,11533,토요타파이낸셜서비스코리아㈜,B,SK104,요약재무상태표(부채 및 자본)(08.03월 이후),A210,자본금_보통주자본금,20000000000,20000000000,20000000000,20000000000,40000000000,40000000000,40000000000,40000000000,40000000000,40000000000,40000000000,40000000000,40000000000,40000000000,40000000000,40000000000,40000000000,40000000000,40000000000,40000000000,40000000000,40000000000,40000000000,40000000000,40000000000,40000000000,40000000000,40000000000,40000000000,40000000000,40000000000,40000000000,40000000000,40000000000,40000000000,40000000000,40000000000,40000000000,40000000000,40000000000,40000000000,40000000000,40000000000,40000000000,40000000000,40000000000,40000000000,40000000000,40000000000,40000000000,40000000000,40000000000,40000000000,40000000000,40000000000,40000000000,40000000000,40000000000,40000000000,40000000000,40000000000,40000000000,40000000000,40000000000,40000000000,65000000000,65000000000,65000000000
946,리스사,11533,토요타파이낸셜서비스코리아㈜,B,SK104,요약재무상태표(부채 및 자본)(08.03월 이후),A211,자본금_우선주자본금,0,0,0,0,0,0,0,0,0,0,0,0,0,0,0,0,0,0,0,0,0,0,0,0,0,0,0,0,0,0,0,0,0,0,0,0,0,0,0,0,0,0,0,0,0,0,0,0,0,0,0,0,0,0,0,0,0,0,0,0,0,0,0,0,0,0,0,0
947,리스사,11533,토요타파이낸셜서비스코리아㈜,B,SK104,요약재무상태표(부채 및 자본)(08.03월 이후),A212,자본금_신주청약증거금,0,0,0,0,0,0,0,0,0,0,0,0,0,0,0,0,0,0,0,0,0,0,0,0,0,0,0,0,0,0,0,0,0,0,0,0,0,0,0,0,0,0,0,0,0,0,0,0,0,0,0,0,0,0,0,0,0,0,0,0,0,0,0,0,0,0,0,0
948,리스사,11533,토요타파이낸셜서비스코리아㈜,B,SK104,요약재무상태표(부채 및 자본)(08.03월 이후),A22,자본잉여금,0,0,0,0,0,0,0,0,0,0,0,0,0,0,0,0,0,0,0,0,0,0,0,0,0,0,0,0,0,0,0,0,0,0,0,0,0,0,0,0,0,0,0,0,0,0,0,0,0,0,0,0,0,0,0,0,0,0,0,0,0,0,0,0,0,0,0,0
949,리스사,11533,토요타파이낸셜서비스코리아㈜,B,SK104,요약재무상태표(부채 및 자본)(08.03월 이후),A220,자본잉여금_주식발행초과금,0,0,0,0,0,0,0,0,0,0,0,0,0,0,0,0,0,0,0,0,0,0,0,0,0,0,0,0,0,0,0,0,0,0,0,0,0,0,0,0,0,0,0,0,0,0,0,0,0,0,0,0,0,0,0,0,0,0,0,0,0,0,0,0,0,0,0,0
950,리스사,11533,토요타파이낸셜서비스코리아㈜,B,SK104,요약재무상태표(부채 및 자본)(08.03월 이후),A221,자본잉여금_감자차익,0,0,0,0,0,0,0,0,0,0,0,0,0,0,0,0,0,0,0,0,0,0,0,0,0,0,0,0,0,0,0,0,0,0,0,0,0,0,0,0,0,0,0,0,0,0,0,0,0,0,0,0,0,0,0,0,0,0,0,0,0,0,0,0,0,0,0,0
951,리스사,11533,토요타파이낸셜서비스코리아㈜,B,SK104,요약재무상태표(부채 및 자본)(08.03월 이후),A222,자본잉여금_기타자본잉여금,0,0,0,0,0,0,0,0,0,0,0,0,0,0,0,0,0,0,0,0,0,0,0,0,0,0,0,0,0,0,0,0,0,0,0,0,0,0,0,0,0,0,0,0,0,0,0,0,0,0,0,0,0,0,0,0,0,0,0,0,0,0,0,0,0,0,0,0
952,리스사,11533,토요타파이낸셜서비스코리아㈜,B,SK104,요약재무상태표(부채 및 자본)(08.03월 이후),A23,이익잉여금(결손금),2443000000,3694000000,5520000000,7855000000,9793000000,12233000000,14960000000,17769000000,20352000000,12379000000,13703000000,14381000000,16704000000,10992000000,11376000000,11958000000,13010000000,10020000000,5828000000,6943000000,8399000000,12181000000,13623000000,14592000000,15453000000,10079000000,14388000000,15581000000,16567000000,9685000000,9856000000,10041000000,10682000000,11218000000,8948000000,9276000000,9155000000,8644000000,8857000000,13658000000,13302000000,8778000000,8991000000,8980000000,8855000000,8842000000,9639000000,10177000000,10506000000,11500000000,12306000000,13609000000,14715000000,15252000000,17158000000,19472000000,21161000000,21336000000,22607000000,23118000000,23363000000,22749000000,22814000000,22576000000,22838000000,24004000000,25105000000,26090000000
953,리스사,11533,토요타파이낸셜서비스코리아㈜,B,SK104,요약재무상태표(부채 및 자본)(08.03월 이후),A230,이익잉여금(결손금)_이익준비금,0,0,0,0,0,0,0,0,0,1056000000,1056000000,1056000000,1056000000,1747000000,1747000000,1747000000,1747000000,2069000000,2069000000,2068000000,2069000000,2069000000,2069000000,2069000000,2069000000,2774000000,2774000000,2774000000,2774000000,3591000000,3591000000,3591000000,3591000000,3591000000,3819000000,3819000000,3819000000,4894000000,4894000000,4894000000,3894000000,4384000000,4384000000,4384000000,4384000000,4429000000,4429000000,4429000000,4429000000,4429000000,4429000000,4429000000,4429000000,4514000000,4514000000,4514000000,4513000000,4659000000,4659000000,4659000000,4659000000,4732000000,4732000000,4732000000,4732000000,4732000000,4732000000,4732000000
954,리스사,11533,토요타파이낸셜서비스코리아㈜,B,SK104,요약재무상태표(부채 및 자본)(08.03월 이후),A231,이익잉여금(결손금)_기업합리화적립금,0,0,0,0,0,0,0,0,0,0,0,0,0,0,0,0,0,0,0,0,0,0,0,0,0,0,0,0,0,0,0,0,0,0,0,0,0,0,0,0,0,0,0,0,0,0,0,0,0,0,0,0,0,0,0,0,0,0,0,0,0,0,0,0,0,0,0,0
955,리스사,11533,토요타파이낸셜서비스코리아㈜,B,SK104,요약재무상태표(부채 및 자본)(08.03월 이후),A232,이익잉여금(결손금)_투융자손실준비금,0,0,0,0,0,0,0,0,0,0,0,0,0,0,0,0,0,0,0,0,0,0,0,0,0,0,0,0,0,0,0,0,0,0,0,0,0,0,0,0,0,0,0,0,0,0,0,0,0,0,0,0,0,0,0,0,0,0,0,0,0,0,0,0,0,0,0,0
956,리스사,11533,토요타파이낸셜서비스코리아㈜,B,SK104,요약재무상태표(부채 및 자본)(08.03월 이후),A233,이익잉여금(결손금)_기타 법정적립금,0,0,0,0,0,0,0,0,0,0,0,0,0,0,0,0,0,0,0,0,0,0,0,0,0,0,0,0,0,0,0,0,0,0,0,0,0,0,0,0,1000000000,1000000000,1000000000,1000000000,1000000000,1000000000,1000000000,1000000000,1000000000,1000000000,1000000000,1000000000,1000000000,1000000000,1000000000,1000000000,1000000000,1000000000,1000000000,1000000000,1000000000,1000000000,1000000000,1000000000,1000000000,1000000000,1000000000,1000000000
957,리스사,11533,토요타파이낸셜서비스코리아㈜,B,SK104,요약재무상태표(부채 및 자본)(08.03월 이후),A234,이익잉여금(결손금)_임의적립금,0,0,0,0,0,0,0,0,0,0,0,0,0,0,0,0,0,0,0,0,0,0,0,0,0,0,0,0,0,0,0,0,0,0,0,0,0,0,0,0,0,0,0,0,0,0,0,0,0,0,0,0,0,0,0,0,0,0,0,0,0,0,0,0,0,0,0,0
958,리스사,11533,토요타파이낸셜서비스코리아㈜,B,SK104,요약재무상태표(부채 및 자본)(08.03월 이후),A235,이익잉여금(결손금)_해외투자손실준비금,0,0,0,0,0,0,0,0,0,0,0,0,0,0,0,0,0,0,0,0,0,0,0,0,0,0,0,0,0,0,0,0,0,0,0,0,0,0,0,0,0,0,0,0,0,0,0,0,0,0,0,0,0,0,0,0,0,0,0,0,0,0,0,0,0,0,0,0
959,리스사,11533,토요타파이낸셜서비스코리아㈜,B,SK104,요약재무상태표(부채 및 자본)(08.03월 이후),A236,이익잉여금(결손금)_미처분이익잉여금(미처리결손금),2443000000,3694000000,5520000000,7855000000,9793000000,12233000000,14960000000,17769000000,20352000000,11323000000,12647000000,13325000000,15648000000,9245000000,9629000000,10211000000,11263000000,7951000000,3759000000,4875000000,6330000000,10112000000,11554000000,12523000000,13384000000,7305000000,11614000000,12807000000,13793000000,6094000000,6265000000,6450000000,7091000000,7627000000,5129000000,5457000000,5336000000,3750000000,3963000000,8764000000,8408000000,3394000000,3607000000,3596000000,3471000000,3413000000,4210000000,4748000000,5077000000,6071000000,6877000000,8180000000,9286000000,9738000000,11644000000,13958000000,15648000000,15677000000,16948000000,17459000000,17704000000,17017000000,17082000000,16844000000,16900000000,17106000000,17106000000,17106000000
960,리스사,11533,토요타파이낸셜서비스코리아㈜,B,SK104,요약재무상태표(부채 및 자본)(08.03월 이후),A237,이익잉여금(결손금)_대손준비금,,,,,,,,,,,,, , , , , , , , , , , , , , , , , , , , , , , , , , , , , , , , , , , , , , , , , , , , , , , , , , , , , , , , 
961,리스사,11533,토요타파이낸셜서비스코리아㈜,B,SK104,요약재무상태표(부채 및 자본)(08.03월 이후),A238,이익잉여금(결손금)_(당기순손익), , ,3077000000,5413000000, , , ,0, , , , , ,0,0,0,0,0,0,0,0,0,0,0,0,0,0,0,0,0,0,0,0,0,0,0,0,0,0,0,0,0,0,0,0,0,0,0,0,0,0,0,0,0,0,0,0,0,0,0,0,0,0,0,206000000,1166000000,2267000000,3252000000
962,리스사,11533,토요타파이낸셜서비스코리아㈜,B,SK104,요약재무상태표(부채 및 자본)(08.03월 이후),A24,자본조정,0,0,0,0,0,0,0,0,0,0,0,0,0,0,0,0,0,0,0,0,0,0,0,0,0,0,0,0,0,0,0,0,0,0,0,0,0,0,0,0,0,0,0,0,0,0,0,0,0,0,0,0,0,0,0,0,0,0,0,0,0,0,0,0,0,-130000000,-130000000,-130000000
963,리스사,11533,토요타파이낸셜서비스코리아㈜,B,SK104,요약재무상태표(부채 및 자본)(08.03월 이후),A240,자본조정_주식할인발행차금,0,0,0,0,0,0,0,0,0,0,0,0,0,0,0,0,0,0,0,0,0,0,0,0,0,0,0,0,0,0,0,0,0,0,0,0,0,0,0,0,0,0,0,0,0,0,0,0,0,0,0,0,0,0,0,0,0,0,0,0,0,0,0,0,0,-130000000,-130000000,-130000000
964,리스사,11533,토요타파이낸셜서비스코리아㈜,B,SK104,요약재무상태표(부채 및 자본)(08.03월 이후),A241,자본조정_배당건설이자,0,0,0,0,0,0,0,0,0,0,0,0,0,0,0,0,0,0,0,0,0,0,0,0,0,0,0,0,0,0,0,0,0,0,0,0,0,0,0,0,0,0,0,0,0,0,0,0,0,0,0,0,0,0,0,0,0,0,0,0,0,0,0,0,0,0,0,0
965,리스사,11533,토요타파이낸셜서비스코리아㈜,B,SK104,요약재무상태표(부채 및 자본)(08.03월 이후),A242,자본조정_자기주식,0,0,0,0,0,0,0,0,0,0,0,0,0,0,0,0,0,0,0,0,0,0,0,0,0,0,0,0,0,0,0,0,0,0,0,0,0,0,0,0,0,0,0,0,0,0,0,0,0,0,0,0,0,0,0,0,0,0,0,0,0,0,0,0,0,0,0,0
966,리스사,11533,토요타파이낸셜서비스코리아㈜,B,SK104,요약재무상태표(부채 및 자본)(08.03월 이후),A243,자본조정_주식매수선택권,0,0,0,0,0,0,0,0,0,0,0,0,0,0,0,0,0,0,0,0,0,0,0,0,0,0,0,0,0,0,0,0,0,0,0,0,0,0,0,0,0,0,0,0,0,0,0,0,0,0,0,0,0,0,0,0,0,0,0,0,0,0,0,0,0,0,0,0
967,리스사,11533,토요타파이낸셜서비스코리아㈜,B,SK104,요약재무상태표(부채 및 자본)(08.03월 이후),A244,자본조정_미교부주식배당금,0,0,0,0,0,0,0,0,0,0,0,0,0,0,0,0,0,0,0,0,0,0,0,0,0,0,0,0,0,0,0,0,0,0,0,0,0,0,0,0,0,0,0,0,0,0,0,0,0,0,0,0,0,0,0,0,0,0,0,0,0,0,0,0,0,0,0,0
968,리스사,11533,토요타파이낸셜서비스코리아㈜,B,SK104,요약재무상태표(부채 및 자본)(08.03월 이후),A245,자본조정_기타 자본조정,0,0,0,0,0,0,0,0,0,0,0,0,0,0,0,0,0,0,0,0,0,0,0,0,0,0,0,0,0,0,0,0,0,0,0,0,0,0,0,0,0,0,0,0,0,0,0,0,0,0,0,0,0,0,0,0,0,0,0,0,0,0,0,0,0,0,0,0
969,리스사,11533,토요타파이낸셜서비스코리아㈜,B,SK104,요약재무상태표(부채 및 자본)(08.03월 이후),A25,기타포괄손익누계액,-2000000,315000000,-1686000000,-923000000,-3259000000,-1281000000,346000000,752000000,333000000,-129000000,-110000000,-495000000,592000000,178000000, , ,-151000000,-171000000,-630000000,-542000000,-784000000,-767000000,-670000000,-383000000,-331000000,-405000000,-939000000,-1189000000,-879000000,-1216000000,-1017000000,-661000000,-370000000,-468000000,-232000000,-210000000,-183000000,-245000000,-1293000000,75000000,-334000000,-578000000,-438000000,-285000000,125000000,274000000,277000000,443000000,-226000000,-235000000,108000000,539000000,330000000,650000000,720000000,785000000,1114000000,2415000000,2469000000,1327000000,544000000,402000000,322000000,-1784000000,-1026000000,-2270000000,-2877000000,-3152000000
970,리스사,11533,토요타파이낸셜서비스코리아㈜,B,SK104,요약재무상태표(부채 및 자본)(08.03월 이후),A250,기타포괄손익누계액_매도가능금융자산평가이익,0,0,0,0,0,0,0,0,0,0,0,0,0,0,0,0,0,0,0,0,0,0,0,0,0,0,0,0,0,0,0,0,0,0,0,0,0,0,0,0,0,0,0,0,0,0,0,0,0,0,0,0,0,0,0,0,0,0,0,0,0,0,0,0,0,0,0,0
971,리스사,11533,토요타파이낸셜서비스코리아㈜,B,SK104,요약재무상태표(부채 및 자본)(08.03월 이후),A251,기타포괄손익누계액_매도가능금융자산평가손실,0,0,0,0,0,0,0,0,0,0,0,0,0,0,0,0,0,0,0,0,0,0,0,0,0,0,0,0,0,0,0,0,0,0,0,0,0,0,0,0,0,0,0,0,0,0,0,0,0,0,0,0,0,0,0,0,0,0,0,0,0,0,0,0,0,0,0,0
972,리스사,11533,토요타파이낸셜서비스코리아㈜,B,SK104,요약재무상태표(부채 및 자본)(08.03월 이후),A252,기타포괄손익누계액_해외사업환산이익,0,0,0,0,0,0,0,0,0,0,0,0,0,0,0,0,0,0,0,0,0,0,0,0,0,0,0,0,0,0,0,0,0,0,0,0,0,0,0,0,0,0,0,0,0,0,0,0,0,0,0,0,0,0,0,0,0,0,0,0,0,0,0,0,0,0,0,0
973,리스사,11533,토요타파이낸셜서비스코리아㈜,B,SK104,요약재무상태표(부채 및 자본)(08.03월 이후),A253,기타포괄손익누계액_해외사업환산손실,0,0,0,0,0,0,0,0,0,0,0,0,0,0,0,0,0,0,0,0,0,0,0,0,0,0,0,0,0,0,0,0,0,0,0,0,0,0,0,0,0,0,0,0,0,0,0,0,0,0,0,0,0,0,0,0,0,0,0,0,0,0,0,0,0,0,0,0
974,리스사,11533,토요타파이낸셜서비스코리아㈜,B,SK104,요약재무상태표(부채 및 자본)(08.03월 이후),A254,기타포괄손익누계액_현금흐름위험회피 파생상품평가이익,0,643000000,0,1060000000,0,547000000,971000000,1152000000,878000000,472000000,229000000,212000000,696000000,399000000,1000000,424000000,107000000,164000000,54000000,0,0,3000000,0,1000000,0,0,0,0,0,0,0,0,0,168000000,160000000,35000000,27000000,21000000,22000000,209000000,78000000,87000000,103000000,120000000,292000000,387000000,523000000,489000000,541000000,662000000,725000000,727000000,528000000,775000000,884000000,992000000,1503000000,3057000000,3581000000,2580000000,1367000000,1681000000,1424000000,774000000,399000000,260000000,37000000,13000000
975,리스사,11533,토요타파이낸셜서비스코리아㈜,B,SK104,요약재무상태표(부채 및 자본)(08.03월 이후),A255,기타포괄손익누계액_현금흐름위험회피 파생상품평가손실,-2000000,-328000000,-1686000000,-1983000000,-3259000000,-1828000000,-625000000,-400000000,-545000000,-601000000,-339000000,-707000000,-104000000, , , ,-258000000,-335000000,-684000000,-542000000,-784000000,-770000000,-670000000,-384000000,-331000000,-405000000,-939000000,-1189000000,-879000000,-1216000000,-1017000000,-661000000,-370000000,-636000000,-392000000,-245000000,-210000000,-266000000,-1315000000,-134000000,-412000000,-665000000,-541000000,-405000000,-167000000,-113000000,-246000000,-46000000,-767000000,-897000000,-617000000,-188000000,-198000000,-125000000,-164000000,-207000000,-389000000,-642000000,-1112000000,-1253000000,-823000000,-1279000000,-1102000000,-2558000000,-1425000000,-2530000000,-2914000000,-3165000000
976,리스사,11533,토요타파이낸셜서비스코리아㈜,B,SK104,요약재무상태표(부채 및 자본)(08.03월 이후),A256,기타포괄손익누계액_지분법자본변동,0,0,0,0,0,0,0,0,0,0,0,0,0,0,0,0,0,0,0,0,0,0,0,0,0,0,0,0,0,0,0,0,0,0,0,0,0,0,0,0,0,0,0,0,0,0,0,0,0,0,0,0,0,0,0,0,0,0,0,0,0,0,0,0,0,0,0,0
977,리스사,11533,토요타파이낸셜서비스코리아㈜,B,SK104,요약재무상태표(부채 및 자본)(08.03월 이후),A257,기타포괄손익누계액_부의 지분법자본변동,0,0,0,0,0,0,0,0,0,0,0,0,0,0,0,0,0,0,0,0,0,0,0,0,0,0,0,0,0,0,0,0,0,0,0,0,0,0,0,0,0,0,0,0,0,0,0,0,0,0,0,0,0,0,0,0,0,0,0,0,0,0,0,0,0,0,0,0
978,리스사,11533,토요타파이낸셜서비스코리아㈜,B,SK104,요약재무상태표(부채 및 자본)(08.03월 이후),A258,기타포괄손익누계액_유형자산 재평가이익,,,,,,,,,,,,, ,0,0,0,0,0,0,0,0,0,0,0,0,0,0,0,0,0,0,0,0,0,0,0,0,0,0,0,0,0,0,0,0,0,0,0,0,0,0,0,0,0,0,0,0,0,0,0,0,0,0,0,0,0,0,0
979,리스사,11533,토요타파이낸셜서비스코리아㈜,B,SK104,요약재무상태표(부채 및 자본)(08.03월 이후),A259,기타포괄손익누계액_기타,,,,,,,,,,,,, ,0,0,0,0,0,0,0,0,0,0,0,0,0,0,0,0,0,0,0,0,0,0,0,0,0,0,0,0,0,0,0,0,0,0,0,0,0,0,0,0,0,0,0,0,0,0,0,0,0,0,0,0,0,0,0
980,리스사,11663,데라게란덴㈜,B,SK104,요약재무상태표(부채 및 자본)(08.03월 이후),A,부채 및 자본총계,35303000000,65991000000,140550000000,204664000000,203273000000,198802000000,216898000000,222960000000,239150000000,232420000000,213965000000,239374000000,242367000000,244860000000,258882000000,259675000000,255249000000,250979000000,245204000000,238187000000,226315000000,247955000000,233310000000,226343000000,226598000000,222882000000,225398000000,220883000000,210871000000,211057000000,223287000000,213535000000,202369000000,200689000000,194466000000,207858000000,215026000000,225521000000,228125000000,235800000000,246789000000,242076000000,239811000000,241836000000,252183000000,254694000000,260486000000,263531000000,262291000000,262330000000,259272000000,261552000000,265267000000,283923000000,287829000000,299441000000,313915000000,325294000000,327209000000,326032000000,330478000000,333327000000,342558000000,355658000000,353998000000,365685000000,361815000000,357665000000
981,리스사,11663,데라게란덴㈜,B,SK104,요약재무상태표(부채 및 자본)(08.03월 이후),A1,부채,16876000000,47853000000,122754000000,171920000000,174455000000,164363000000,179132000000,167115000000,182027000000,176183000000,156483000000,182008000000,181588000000,184393000000,202086000000,200042000000,194445000000,189687000000,183843000000,177396000000,165550000000,187219000000,171459000000,165939000000,165491000000,161882000000,164202000000,159407000000,149442000000,149862000000,161815000000,152029000000,140895000000,139493000000,128544000000,145942000000,152723000000,162991000000,165415000000,172711000000,183208000000,177693000000,175261000000,177198000000,186918000000,188718000000,194429000000,197262000000,195580000000,194655000000,190741000000,192332000000,195113000000,213375000000,216605000000,226909000000,240412000000,250834000000,252041000000,250364000000,253147000000,254673000000,263798000000,275798000000,273419000000,284614000000,279800000000,276310000000
982,리스사,11663,데라게란덴㈜,B,SK104,요약재무상태표(부채 및 자본)(08.03월 이후),A11,차입부채,14906000000,45686000000,117803000000,159532000000,164378000000,152952000000,163324000000,148462000000,164340000000,161204000000,139015000000,164098000000,161885000000,161363000000,186959000000,184825000000,179104000000,175158000000,169625000000,157250000000,148703000000,170936000000,152957000000,147753000000,142386000000,131923000000,136406000000,138731000000,127324000000,128568000000,133214000000,130839000000,120932000000,120591000000,111764000000,129353000000,132341000000,141167000000,144899000000,141553000000,151773000000,152963000000,153110000000,148513000000,159109000000,159667000000,165551000000,166302000000,165560000000,164030000000,161552000000,159516000000,156414000000,173177000000,187725000000,193090000000,205007000000,216115000000,221441000000,221757000000,221399000000,223381000000,233696000000,244204000000,239888000000,249556000000,247708000000,244628000000
983,리스사,11663,데라게란덴㈜,B,SK104,요약재무상태표(부채 및 자본)(08.03월 이후),A110,차입금,14906000000,45686000000,117803000000,159532000000,164378000000,152952000000,163324000000,148462000000,164340000000,161204000000,139015000000,164098000000,,,,,,,,,,,,,,,,,,,,,,,,,,,,,,,,,,,,,,,,,,,,,,,,,,,,,,,,
984,리스사,11663,데라게란덴㈜,B,SK104,요약재무상태표(부채 및 자본)(08.03월 이후),A110,차입부채_차입금,,,,,,,,,,,,,161885000000,0,186959000000,184825000000,179104000000,175158000000,169625000000,157250000000,148703000000,170936000000,152957000000,147753000000,142386000000,131923000000,136406000000,138731000000,127324000000,128568000000,133214000000,130839000000,120932000000,120591000000,111764000000,129353000000,132341000000,141167000000,144899000000,141553000000,151773000000,152963000000,153110000000,148513000000,159109000000,159667000000,165551000000,166302000000,165560000000,164030000000,161552000000,159516000000,156414000000,173177000000,187725000000,193090000000,205007000000,216115000000,221441000000,221757000000,221399000000,223381000000,233696000000,244204000000,239888000000,249556000000,247708000000,244628000000
985,리스사,11663,데라게란덴㈜,B,SK104,요약재무상태표(부채 및 자본)(08.03월 이후),A111,단기차입금,3782000000,7752000000,22200000000,23399000000,16228000000,9269000000,8580000000,5411000000,7867000000,5023000000,1664000000,9444000000,,,,,,,,,,,,,,,,,,,,,,,,,,,,,,,,,,,,,,,,,,,,,,,,,,,,,,,,
986,리스사,11663,데라게란덴㈜,B,SK104,요약재무상태표(부채 및 자본)(08.03월 이후),A111,차입부채_차입금_단기차입금,,,,,,,,,,,,,9823000000,10382000000,11533000000,10232000000,8330000000,6915000000,8333000000,8860000000,6035000000,10360000000,7623000000,7313000000,0,5996000000,9366000000,6029000000,7127000000,6569000000,9690000000,6847000000,3660000000,3052000000,6846000000,11645000000,11969000000,10277000000,8155000000,8329000000,11793000000,15758000000,7494000000,5147000000,10997000000,8311000000,6452000000,7864000000,4660000000,5050000000,7389000000,8248000000,10936000000,10292000000,8606000000,15569000000,17050000000,13641000000,14314000000,10948000000,9660000000,9699000000,13344000000,12373000000,9416000000,9211000000,9780000000,7799000000
987,리스사,11663,데라게란덴㈜,B,SK104,요약재무상태표(부채 및 자본)(08.03월 이후),A112,차입부채_차입금_콜머니,,,,,,,,,,,,,0,0,0, , ,0,0, , , , , ,0,0,0,0, ,0, , , , , ,0, , ,0,0,0, , , , ,0, ,0, , ,0,0, ,0, , ,0,0,0,0,0,0,0,0, ,0,0, 
988,리스사,11663,데라게란덴㈜,B,SK104,요약재무상태표(부채 및 자본)(08.03월 이후),A112,콜머니,0,0,0,0,0,0,0,0,0,0,0,0,,,,,,,,,,,,,,,,,,,,,,,,,,,,,,,,,,,,,,,,,,,,,,,,,,,,,,,,
989,리스사,11663,데라게란덴㈜,B,SK104,요약재무상태표(부채 및 자본)(08.03월 이후),A113,장기차입금,10534000000,35343000000,88946000000,119320000000,119923000000,107789000000,114817000000,100183000000,110730000000,103687000000,84690000000,100731000000,,,,,,,,,,,,,,,,,,,,,,,,,,,,,,,,,,,,,,,,,,,,,,,,,,,,,,,,
990,리스사,11663,데라게란덴㈜,B,SK104,요약재무상태표(부채 및 자본)(08.03월 이후),A113,차입부채_차입금_장기차입금,,,,,,,,,,,,,99557000000,97682000000,114249000000,109227000000,119527000000,94114000000,88723000000,79704000000,76787000000,95638000000,82775000000,81786000000,77305000000,72032000000,75865000000,82980000000,73900000000,78043000000,79128000000,75983000000,59240000000,60206000000,55264000000,70143000000,88167000000,95188000000,91875000000,88630000000,92137000000,84034000000,98339000000,94706000000,98456000000,100157000000,102880000000,101654000000,99237000000,106105000000,102188000000,97937000000,99186000000,109124000000,121689000000,124683000000,128649000000,145576000000,148451000000,150265000000,166859000000,154654000000,154669000000,165202000000,161644000000,170843000000,173497000000,168127000000
991,리스사,11663,데라게란덴㈜,B,SK104,요약재무상태표(부채 및 자본)(08.03월 이후),A114,유동성 장기차입금,590000000,2591000000,6657000000,16813000000,28227000000,35894000000,39927000000,42868000000,45743000000,52494000000,52661000000,53923000000,,,,,,,,,,,,,,,,,,,,,,,,,,,,,,,,,,,,,,,,,,,,,,,,,,,,,,,,
992,리스사,11663,데라게란덴㈜,B,SK104,요약재무상태표(부채 및 자본)(08.03월 이후),A114,차입부채_차입금_유동성 장기차입금,,,,,,,,,,,,,52505000000,53298000000,61177000000,65367000000,51247000000,74129000000,72568000000,68686000000,65881000000,64938000000,62559000000,58654000000,59344000000,53894000000,51174000000,49723000000,46298000000,43955000000,44397000000,48009000000,58032000000,57333000000,49655000000,47565000000,32205000000,35702000000,44870000000,44594000000,47843000000,53171000000,47278000000,48660000000,49656000000,51198000000,56219000000,56784000000,61663000000,52875000000,51975000000,53331000000,46292000000,53761000000,57430000000,52838000000,59309000000,56898000000,58676000000,60543000000,44881000000,59027000000,65683000000,66629000000,68829000000,69503000000,64431000000,68702000000
993,리스사,11663,데라게란덴㈜,B,SK104,요약재무상태표(부채 및 자본)(08.03월 이후),A115,사  채,0,0,0,0,0,0,0,0,0,0,0,0,,,,,,,,,,,,,,,,,,,,,,,,,,,,,,,,,,,,,,,,,,,,,,,,,,,,,,,,
994,리스사,11663,데라게란덴㈜,B,SK104,요약재무상태표(부채 및 자본)(08.03월 이후),A115,차입부채_사 채,,,,,,,,,,,,,0,0,0, ,0,0,0,0,0,0,0,0,0,0,0,0,0,0, , , , , ,0, , ,0,0,0, , , , ,0, ,0, , , ,0,0,0, , ,0,0,0,0,0,0,0,0, ,0,0, 
995,리스사,11663,데라게란덴㈜,B,SK104,요약재무상태표(부채 및 자본)(08.03월 이후),A1150,차입부채_사 채_단기사채,0,0,0,0,0,0,0,0,0,0,0,0,0,0,0, ,0,0,0,0,0,0,0,0,0,0,0,0,0,0, , , , , ,0, , ,0,0,0, , , , ,0, ,0, , , ,0,0,0, , ,0,0,0,0,0,0,0,0, ,0,0, 
996,리스사,11663,데라게란덴㈜,B,SK104,요약재무상태표(부채 및 자본)(08.03월 이후),A11500,차입부채_사 채_단기사채_(사채발행차금),0,0,0,0,0,0,0,0,0,0,0,0,0,0,0, ,0,0,0,0,0,0,0,0,0,0,0,0,0,0, , , , , ,0, , ,0,0,0, , , , ,0, ,0, , , ,0,0,0, , ,0,0,0,0,0,0,0,0, ,0,0, 
997,리스사,11663,데라게란덴㈜,B,SK104,요약재무상태표(부채 및 자본)(08.03월 이후),A1151,차입부채_사 채_유동성사채,0,0,0,0,0,0,0,0,0,0,0,0,0,0,0, ,0,0,0,0,0,0,0,0,0,0,0,0,0,0, , , , , ,0, , ,0,0,0, , , , ,0, ,0, , , ,0,0,0, , ,0,0,0,0,0,0,0,0, ,0,0, 
998,리스사,11663,데라게란덴㈜,B,SK104,요약재무상태표(부채 및 자본)(08.03월 이후),A11510,차입부채_사 채_유동성사채_(유동성사채발행차금),0,0,0,0,0,0,0,0,0,0,0,0,0,0,0, ,0,0,0,0,0,0,0,0,0,0,0,0,0,0, , , , , ,0, , ,0,0,0, , , , ,0, ,0, , , ,0,0,0, , ,0,0,0,0,0,0,0,0, ,0,0, 
999,리스사,11663,데라게란덴㈜,B,SK104,요약재무상태표(부채 및 자본)(08.03월 이후),A1152,차입부채_사 채_장기사채,0,0,0,0,0,0,0,0,0,0,0,0,0,0,0, ,0,0,0,0,0,0,0,0,0,0,0,0,0,0, , , , , ,0, , ,0,0,0, , , , ,0, ,0, , , ,0,0,0, , ,0,0,0,0,0,0,0,0, ,0,0, 
1000,리스사,11663,데라게란덴㈜,B,SK104,요약재무상태표(부채 및 자본)(08.03월 이후),A11520,차입부채_사 채_장기사채_(사채발행차금),0,0,0,0,0,0,0,0,0,0,0,0,0,0,0, ,0,0,0,0,0,0,0,0,0,0,0,0,0,0, , , , , ,0, , ,0,0,0, , , , ,0, ,0, , , ,0,0,0, , ,0,0,0,0,0,0,0,0, ,0,0, 
1001,리스사,11663,데라게란덴㈜,B,SK104,요약재무상태표(부채 및 자본)(08.03월 이후),A1153,차입부채_사 채_기타,0,0,0,0,0,0,0,0,0,0,0,0,0,0,0, ,0,0,0,0,0,0,0,0,0,0,0,0,0,0, , , , , ,0, , ,0,0,0, , , , ,0, ,0, , , ,0,0,0, , ,0,0,0,0,0,0,0,0, ,0,0, 
1002,리스사,11663,데라게란덴㈜,B,SK104,요약재무상태표(부채 및 자본)(08.03월 이후),A12,기타부채,1970000000,2167000000,4951000000,12388000000,10077000000,11411000000,15808000000,18653000000,17687000000,14979000000,17468000000,17910000000,19703000000,23031000000,15127000000,15217000000,15341000000,14529000000,14218000000,20146000000,16847000000,16283000000,18502000000,18186000000,23105000000,29959000000,27796000000,20676000000,22118000000,21294000000,28601000000,21190000000,19962000000,18901000000,16780000000,16589000000,20383000000,21824000000,20516000000,31158000000,31435000000,24730000000,22151000000,28685000000,27809000000,29051000000,28878000000,30960000000,30020000000,30625000000,29189000000,32816000000,38699000000,40198000000,28880000000,33819000000,35405000000,34719000000,30600000000,28607000000,31748000000,31292000000,30102000000,31594000000,33531000000,35058000000,32092000000,31682000000
1003,리스사,11663,데라게란덴㈜,B,SK104,요약재무상태표(부채 및 자본)(08.03월 이후),A120,기타부채_영업미지급금,0,0,0,0,0,0,0,0,0,0,0,0,0,0,0, , ,0,0,0, , , ,0,0,0,0,0, ,0, , , , , ,0, , ,0,0,0, , , , ,0,971000000,1644000000,330000000, ,125000000,2646000000,8933000000,10063000000,747000000,5222000000,5896000000,5730000000,3681000000,0,1053000000,222000000,625000000,256000000,432000000,1479000000,870000000,194000000
1004,리스사,11663,데라게란덴㈜,B,SK104,요약재무상태표(부채 및 자본)(08.03월 이후),A121,기타부채_장기미지급금,0,0,0,0,0,0,0,0,0,0,0,0,0,0,0, , ,0,0,0, , , ,0,0,0,0,0, ,0, , , , , ,0, , ,0,0,0, , , , ,0, ,0, , ,0,0, ,0, , ,0,0,0,0,0,0,0,0, ,0,0, 
1005,리스사,11663,데라게란덴㈜,B,SK104,요약재무상태표(부채 및 자본)(08.03월 이후),A122,기타부채_기타의 부채,315000000,401000000,1095000000,8147000000,5935000000,6972000000,10645000000,12867000000,11439000000,8293000000,10917000000,11023000000,12547000000,15397000000,6856000000,7695000000,7418000000,6474000000,6143000000,11118000000,7171000000,5902000000,7954000000,8206000000,10552000000,15439000000,10604000000,3270000000,3954000000,2450000000,9586000000,3301000000,4123000000,3011000000,2666000000,2698000000,6403000000,5825000000,4029000000,12514000000,11938000000,9037000000,5672000000,4993000000,4134000000,5482000000,2490000000,2578000000,2298000000,2992000000,1899000000,3532000000,3310000000,3928000000,1622000000,2090000000,3197000000,3499000000,1793000000,3163000000,3968000000,3983000000,1953000000,2211000000,2659000000,3893000000,2343000000,2448000000
1006,리스사,11663,데라게란덴㈜,B,SK104,요약재무상태표(부채 및 자본)(08.03월 이후),A1220,기타부채_기타의 부채_가수금,0,0,0,0,0,0,0,0,0,0,0,0,0,0,0, , ,0,0, , , , ,0,0,0,0,0, , , , , , , ,0, , ,0,0,0, , , , ,0, ,0, , ,0,0, ,0, , ,0,0,0,0,0,0,0,0, ,0,0, 
1007,리스사,11663,데라게란덴㈜,B,SK104,요약재무상태표(부채 및 자본)(08.03월 이후),A1221,기타부채_기타의 부채_예수금,0,0,8000000,17000000,0,0,0,0,0,0,0,0,0,0,0, , ,0,0, , , , ,0,0,0,0,38000000,42000000,46000000,45000000,47000000,55000000,48000000,50000000,47000000,50000000,47000000,0,49000000,48000000,46000000,43000000,44000000,50000000,51000000,53000000,56000000,56000000,57000000,56000000,58000000,77000000,75000000,76000000,103000000,76000000,69000000,71000000,81000000,74000000,81000000,77000000,74000000,53000000,76000000,72000000,77000000
1008,리스사,11663,데라게란덴㈜,B,SK104,요약재무상태표(부채 및 자본)(08.03월 이후),A1222,기타부채_기타의 부채_선수금,17000000,17000000,4000000,148000000,113000000,591000000,235000000,325000000,229000000,392000000,342000000,365000000,484000000,542000000,518000000,705000000,522000000,531000000,41000000,1177000000,3000000,3000000,1000000,2000000,1000000,2000000,0,210000000,257000000,268000000,4000000,8000000,291000000,92000000,124000000,77000000,0,0,0,2000000,0,671000000,133000000,1000000,26000000,1341000000,261000000,206000000,77000000,157000000,262000000,61000000,346000000,242000000,147000000,255000000,782000000,382000000,234000000,157000000,123000000,287000000,327000000,340000000,214000000,195000000,171000000,222000000
1009,리스사,11663,데라게란덴㈜,B,SK104,요약재무상태표(부채 및 자본)(08.03월 이후),A1223,기타부채_기타의 부채_선수수익,0,0,0,0,0,0,0,0,0,0,0,0,0,0,0, , ,0,0, , , , ,0,0,0,0,0, , , , , , , ,0, , ,0,0,0, , , , ,0, ,0, , ,0,0, ,0, , ,0,0,0,0,0,0,0,0, ,0,0, 
1010,리스사,11663,데라게란덴㈜,B,SK104,요약재무상태표(부채 및 자본)(08.03월 이후),A1224,기타부채_기타의 부채_미지급금,1000000,1000000,107000000,434000000,244000000,112000000,270000000,2711000000,71000000,135000000,193000000,72000000,127000000,202000000,184000000,365000000,254000000,820000000,351000000,983000000,2374000000,3554000000,1468000000,790000000,4314000000,4810000000,5220000000,529000000,1391000000,73000000,6974000000,803000000,12000000,18000000,19000000,205000000,36000000,1202000000,83000000,507000000,4000000,2349000000,10000000,475000000,416000000,1496000000,27000000,26000000,8000000,4000000,1000000,32000000,430000000,21000000,17000000,24000000,34000000,57000000,57000000,984000000,921000000,16000000,264000000,89000000,97000000,122000000,89000000,118000000
1011,리스사,11663,데라게란덴㈜,B,SK104,요약재무상태표(부채 및 자본)(08.03월 이후),A1225,기타부채_기타의 부채_미지급비용,261000000,380000000,976000000,1539000000,1298000000,1288000000,1415000000,686000000,768000000,822000000,1069000000,888000000,1916000000,1847000000,899000000,1735000000,2076000000,1548000000,795000000,792000000,1392000000,1115000000,1506000000,1624000000,2370000000,2048000000,1046000000,1350000000,1554000000,1912000000,2502000000,2235000000,2843000000,1924000000,1513000000,2177000000,1512000000,1582000000,1332000000,1616000000,1510000000,2153000000,1472000000,914000000,1304000000,823000000,1259000000,955000000,1634000000,2108000000,844000000,1030000000,1121000000,2421000000,817000000,1052000000,1556000000,2287000000,888000000,1192000000,2257000000,3194000000,1081000000,1486000000,1852000000,2864000000,1243000000,1959000000
1012,리스사,11663,데라게란덴㈜,B,SK104,요약재무상태표(부채 및 자본)(08.03월 이후),A1226,기타부채_기타의 부채_미지급법인세,0,0,0,0,0,0,0,0,36000000,0,0,328000000,581000000,327000000,92000000,104000000,134000000,285000000,345000000, ,61000000,145000000,238000000,74000000,138000000,327000000,243000000,130000000,77000000, , , , , , ,0,141000000,277000000,305000000,247000000,435000000,304000000,340000000,286000000,469000000,442000000,382000000,297000000,281000000,298000000,42000000,713000000,597000000,432000000,267000000,646000000,690000000,612000000,418000000,742000000,511000000,273000000,25000000,205000000,366000000,536000000,627000000,45000000
1013,리스사,11663,데라게란덴㈜,B,SK104,요약재무상태표(부채 및 자본)(08.03월 이후),A1227,기타부채_기타의 부채_선불카드수탁금,0,0,0,0,0,0,0,0,0,0,0,0,0,0,0, ,0,0,0, ,0, , ,0,0,0,0,0, , , , , , , ,0, , ,0,0,0, , , , ,0, ,0, , ,0,0, ,0, , ,0,0,0,0,0,0,0,0, ,0,0, 
1014,리스사,11663,데라게란덴㈜,B,SK104,요약재무상태표(부채 및 자본)(08.03월 이후),A1228,기타부채_기타의 부채_부가세예수금,0,0,0,0,0,0,0,0,0,0,0,0,0,0,0,1000000,1000000,1000000,1000000,1000000,0, , ,0,0,0,0,0, , , ,1000000, , , ,1000000, , ,134000000,73000000,108000000,75000000,124000000,53000000,41000000,91000000,140000000,56000000,67000000,94000000,120000000,21000000,62000000,92000000,140000000,9000000,59000000,91000000,125000000,8000000,82000000,132000000,179000000,17000000,77000000,101000000,141000000,26000000
1015,리스사,11663,데라게란덴㈜,B,SK104,요약재무상태표(부채 및 자본)(08.03월 이후),A1229,기타부채_기타의 부채_선물환거래대,0,0,0,0,0,0,0,0,0,0,0,0,0,0,0, , ,0,0, , , , ,0,0,0,0,0, , , , , , , ,0, , ,0,0,0, , , , ,0, ,0, , ,0,0, ,0, , ,0,0,0,0,0,0,0,0, ,0,0, 
1016,리스사,11663,데라게란덴㈜,B,SK104,요약재무상태표(부채 및 자본)(08.03월 이후),A122A,기타부채_기타의 부채_파생상품부채,36000000,3000000,0,6009000000,4280000000,4981000000,8725000000,9145000000,10335000000,6944000000,9313000000,9370000000,9439000000,12480000000,5163000000,4785000000,4432000000,3289000000,4611000000,8164000000,3341000000,1086000000,4741000000,5704000000,3730000000,8252000000,4094000000,1013000000,634000000,152000000,61000000,208000000,922000000,930000000,960000000,192000000,4664000000,2717000000,2175000000,8901000000,9833000000,3439000000,3551000000,3192000000,1672000000,1146000000,367000000,983000000,174000000,273000000,574000000,1617000000,676000000,645000000,158000000, ,0,0,0,0,0,0,0,0, ,0,0, 
1017,리스사,11663,데라게란덴㈜,B,SK104,요약재무상태표(부채 및 자본)(08.03월 이후),A122B,기타부채_기타의 부채_옵션수입프리미엄,0,0,0,0,0,0,0,0,0,0,0,0,0,0,0, ,0,0,0,0,0,0,0,0,0,0,0,0,0,0, , , , , ,0, , ,0,0,0, , , , ,0, ,0, , ,0,0,0,0, , ,0,0,0,0,0,0,0,0, ,0,0, 
1018,리스사,11663,데라게란덴㈜,B,SK104,요약재무상태표(부채 및 자본)(08.03월 이후),A122C,기타부채_기타의 부채_이연리스수익,0,0,0,0,0,0,0,0,0,0,0,0,0,0,0, ,0,0,0,0,0,0,0,0,0,0,0,0,0,0, , , , , ,0, , ,0,0,0, , , , ,0, ,0, , ,0,0,0,0, , ,0,0,0,0,0,0,0,0, ,0,0, 
1019,리스사,11663,데라게란덴㈜,B,SK104,요약재무상태표(부채 및 자본)(08.03월 이후),A122D,기타부채_기타의 부채_기타의 유동부채,0,0,0,0,0,0,0,0,0,0,0,0,0,0,0, ,0,0,0,0,0,0,0,0,0,0,0,0,0,0, , , , , ,0, , ,0,1120000000,0, , ,27000000,156000000,91000000, ,0, , ,0,0,0,0, , ,0,0,0,0,0,0,0,0, ,0,0, 
1020,리스사,11663,데라게란덴㈜,B,SK104,요약재무상태표(부채 및 자본)(08.03월 이후),A122E,기타부채_유동성 장기부채,0,0,0,0,0,0,0,0,0,0,0,0,0,0,0, ,0,0,0,0,0,0,0,0,0,0,0,0,0,0, , , , , ,0, , ,0,0,0, , , , ,0, ,0, , , ,0,0,0, , ,0,0,0,0,0,0,0,0, ,0,0, 
1021,리스사,11663,데라게란덴㈜,B,SK104,요약재무상태표(부채 및 자본)(08.03월 이후),A123,기타부채_리스보증금,1550000000,1624000000,3692000000,4088000000,3914000000,4295000000,4970000000,5506000000,5944000000,6339000000,6208000000,6478000000,6715000000,7132000000,7790000000,7003000000,7495000000,7541000000,7494000000,8389000000,8989000000,9624000000,9818000000,9980000000,12553000000,14521000000,17192000000,17406000000,18164000000,18844000000,19015000000,17889000000,15839000000,15890000000,14114000000,13891000000,13979000000,15999000000,16487000000,18644000000,19498000000,15692000000,16420000000,23693000000,23675000000,23569000000,25416000000,26739000000,27393000000,27633000000,27165000000,26638000000,26457000000,26207000000,26512000000,26508000000,26312000000,25491000000,25126000000,25443000000,26727000000,27087000000,27524000000,29126000000,30441000000,29685000000,28879000000,29040000000
1022,리스사,11663,데라게란덴㈜,B,SK104,요약재무상태표(부채 및 자본)(08.03월 이후),A124,기타부채_보 증 금,0,0,0,0,0,0,0,0,0,0,0,0,0,0,0, , ,0,0, , , ,0,0,0,0,0,0, ,0, , , , , ,0, , ,0,0,0, , , , ,0, ,0, , , ,0,0,0, , ,0,0,0,0,0,0,0,0, ,0,0, 
1023,리스사,11663,데라게란덴㈜,B,SK104,요약재무상태표(부채 및 자본)(08.03월 이후),A1240,기타부채_보 증 금_상환이행보증금,0,0,0,0,0,0,0,0,0,0,0,0,0,0,0, , ,0,0, , , ,0,0,0,0,0,0, ,0, , , , , ,0, , ,0,0,0, , , , ,0, ,0, , , ,0,0,0, , ,0,0,0,0,0,0,0,0, ,0,0, 
1024,리스사,11663,데라게란덴㈜,B,SK104,요약재무상태표(부채 및 자본)(08.03월 이후),A1241,기타부채_보 증 금_임대보증금,0,0,0,0,0,0,0,0,0,0,0,0,0,0,0, , ,0,0, , , ,0,0,0,0,0,0, ,0, , , , , ,0, , ,0,0,0, , , , ,0, ,0, , , ,0,0,0, , ,0,0,0,0,0,0,0,0, ,0,0, 
1025,리스사,11663,데라게란덴㈜,B,SK104,요약재무상태표(부채 및 자본)(08.03월 이후),A1242,기타부채_보 증 금_기타보증금,0,0,0,0,0,0,0,0,0,0,0,0,0,0,0, , ,0,0, , , ,0,0,0,0,0,0, ,0, , , , , ,0, , ,0,0,0, , , , ,0, ,0, , , ,0,0,0, , ,0,0,0,0,0,0,0,0, ,0,0, 
1026,리스사,11663,데라게란덴㈜,B,SK104,요약재무상태표(부채 및 자본)(08.03월 이후),A125,기타부채_퇴직급여채무,105000000,142000000,164000000,153000000,228000000,144000000,193000000,280000000,304000000,347000000,343000000,409000000,441000000,501000000,481000000,519000000,428000000,515000000,581000000,639000000,686000000,756000000,730000000, ,0,0,0,0, ,0, , , , , ,0, , ,0,0,0, , , , ,0, ,0, , , ,0,0,0, , ,0,0,0,0,0,0,0,0, ,0,0, 
1027,리스사,11663,데라게란덴㈜,B,SK104,요약재무상태표(부채 및 자본)(08.03월 이후),A1250,기타부채_퇴직급여채무_(미인식보험수리적손익) (+-),,,,,,,,,,,,, , , , , , , , , , , , , , , , , , , , , , , , , , , , , , , , , , , , , , , , , , , , , , , , , , , , , , , , 
1028,리스사,11663,데라게란덴㈜,B,SK104,요약재무상태표(부채 및 자본)(08.03월 이후),A1251,기타부채_퇴직급여채무_(미인식과거근무원가) (-),,,,,,,,,,,,, , , , , , , , , , , , , , , , , , , , , , , , , , , , , , , , , , , , , , , , , , , , , , , , , , , , , , , , 
1029,리스사,11663,데라게란덴㈜,B,SK104,요약재무상태표(부채 및 자본)(08.03월 이후),A1252,기타부채_퇴직급여채무_(퇴직급여사외적립자산) (-),,,,,,,,,,,,, , , , , , , , , , , , , , , , , , , , , , , , , , , , , , , , , , , , , , , , , , , , , , , , , , , , , , , , 
1030,리스사,11663,데라게란덴㈜,B,SK104,요약재무상태표(부채 및 자본)(08.03월 이후),A126,기타부채_지급보증충당금,0,0,0,0,0,0,0,0,0,0,0,0,0,0,0, ,0,0,0,0,0,0,0,0,0,0,0,0, ,0, , , , , ,0, , ,0,0,0, , , , ,0, ,0, , , ,0,0,0, , ,0,0,0,0,0,0,0,0, ,0,0, 
1031,리스사,11663,데라게란덴㈜,B,SK104,요약재무상태표(부채 및 자본)(08.03월 이후),A127,기타부채_포인트충당부채,0,0,0,0,0,0,0,0,0,0,0,0,0,0,0, ,0,0,0,0,0,0,0,0,0,0,0,0, ,0, , , , , ,0, , ,0,0,0, , , , ,0, ,0, , , ,0,0,0, , ,0,0,0,0,0,0,0,0, ,0,0, 
1032,리스사,11663,데라게란덴㈜,B,SK104,요약재무상태표(부채 및 자본)(08.03월 이후),A128,기타부채_미지급배당금,0,0,0,0,0,0,0,0,0,0,0,0,0,0,0, ,0,0,0,0,0,0,0,0,0,0,0,0, ,0, , , , , ,0, , ,0,0,0, , , , ,0, ,0, , , ,0,0,0, , ,0,0,0,0,0,0,0,0, ,0,0, 
1033,리스사,11663,데라게란덴㈜,B,SK104,요약재무상태표(부채 및 자본)(08.03월 이후),A129,기타부채_이연법인세부채,0,0,0,0,0,0,0,0,0,0,0,0,0,0,0, ,0,0,0,0,0,0,0,0,0,0,0,0, ,0, , , , , ,0, , ,0,0,0, , , , ,0, ,0, , , ,0,0,0, , ,0,0,0,0,0,0,0,0, ,0,0, 
1034,리스사,11663,데라게란덴㈜,B,SK104,요약재무상태표(부채 및 자본)(08.03월 이후),A12A,기타부채_외화환산대,0,0,0,0,0,0,0,0,0,0,0,0,0,0,0, ,0,0,0,0,0,0,0,0,0,0,0,0, ,0, , , , , ,0, , ,0,0,0, , , , ,0, ,0, , , ,0,0,0, , ,0,0,0,0,0,0,0,0, ,0,0, 
1035,리스사,11663,데라게란덴㈜,B,SK104,요약재무상태표(부채 및 자본)(08.03월 이후),A12B,기타부채_미사용약정충당금,0,0,0,0,0,0,0,0,0,0,0,0,0,0,0, ,0,0,0,0,0,0,0,0,0,0,0,0, ,0, , , , , ,0, , ,0,0,0, , , , ,0, ,0, , , ,0,0,0, , ,0,0,0,0,0,0,0,0, ,0,0, 
1036,리스사,11663,데라게란덴㈜,B,SK104,요약재무상태표(부채 및 자본)(08.03월 이후),A12C,기타부채_이자율위험포트폴리오위험회피 대상의 공정가액변동부채,,,,,,,,,,,,, , , , , , , , , , , , , , , , , , , , , , , , , , , , , , , , , , , , , , , , , , , , , , , , , , , , , , , , 
1037,리스사,11663,데라게란덴㈜,B,SK104,요약재무상태표(부채 및 자본)(08.03월 이후),A12D,기타부채_기타의 기타부채,0,0,0,0,0,0,0,0,0,0,0,0,0,0,0, ,0,0,0,0,0,0,0,0,0,0,0,0, ,0, , , , , ,0, , ,0,0,0, ,59000000, , ,0, ,0, , , ,0,0,0, , ,0,0,0,0,0,0,0,0, ,0,0, 
1038,리스사,11663,데라게란덴㈜,B,SK104,요약재무상태표(부채 및 자본)(08.03월 이후),A13,요구불상환지분,,,,,,,,,,,,, , , , , , , , , , , , , , , , , , , , , , , , , , , , , , , , , , , , , , , , , , , , , , , , , , , , , , , , 
1039,리스사,11663,데라게란덴㈜,B,SK104,요약재무상태표(부채 및 자본)(08.03월 이후),A130,요구불상환지분_상환우선주,,,,,,,,,,,,, , , , , , , , , , , , , , , , , , , , , , , , , , , , , , , , , , , , , , , , , , , , , , , , , , , , , , , , 
1040,리스사,11663,데라게란덴㈜,B,SK104,요약재무상태표(부채 및 자본)(08.03월 이후),A131,요구불상환지분_기타,,,,,,,,,,,,, , , , , , , , , , , , , , , , , , , , , , , , , , , , , , , , , , , , , , , , , , , , , , , , , , , , , , , , 
1041,리스사,11663,데라게란덴㈜,B,SK104,요약재무상태표(부채 및 자본)(08.03월 이후),A2,자본,18427000000,18138000000,17796000000,32744000000,28818000000,34439000000,37766000000,55845000000,57123000000,56237000000,57482000000,57366000000,60779000000,60467000000,56796000000,59633000000,60804000000,61291000000,61361000000,60791000000,60765000000,60737000000,61851000000,60444000000,61108000000,60999000000,61196000000,61476000000,61428000000,61195000000,61472000000,61506000000,61475000000,61196000000,65921000000,62075000000,62303000000,62531000000,62710000000,63089000000,63581000000,64383000000,64550000000,64638000000,65265000000,65976000000,66057000000,66269000000,66711000000,67675000000,68531000000,69220000000,70154000000,70548000000,71224000000,72532000000,73503000000,74460000000,75168000000,75668000000,77331000000,78654000000,78760000000,79860000000,80579000000,81071000000,82015000000,81355000000
1042,리스사,11663,데라게란덴㈜,B,SK104,요약재무상태표(부채 및 자본)(08.03월 이후),A21,자본금,20708000000,20708000000,20708000000,22708000000,22708000000,22708000000,22708000000,24408000000,24408000000,24408000000,24408000000,24408000000,24408000000,24408000000,24408000000,24408000000,24408000000,24408000000,24408000000,24408000000,24408000000,24408000000,24408000000,24408000000,24408000000,24408000000,24408000000,24408000000,24408000000,24408000000,24408000000,24408000000,24408000000,24408000000,24408000000,24408000000,24408000000,24408000000,24408000000,24408000000,24408000000,24408000000,24408000000,24408000000,24408000000,24408000000,24408000000,24408000000,24408000000,24408000000,24408000000,24408000000,24408000000,24408000000,24408000000,24408000000,24408000000,24408000000,24408000000,24408000000,24408000000,24408000000,24408000000,24408000000,24408000000,24408000000,24408000000,24408000000
1043,리스사,11663,데라게란덴㈜,B,SK104,요약재무상태표(부채 및 자본)(08.03월 이후),A210,자본금_보통주자본금,20708000000,20708000000,20708000000,22708000000,22708000000,22708000000,22708000000,24408000000,24408000000,24408000000,24408000000,24408000000,24408000000,24408000000,24408000000,24408000000,24408000000,24408000000,24408000000,24408000000,24408000000,24408000000,24408000000,24408000000,24408000000,24408000000,24408000000,24408000000,24408000000,24408000000,24408000000,24408000000,24408000000,24408000000,24408000000,24408000000,24408000000,24408000000,24408000000,24408000000,24408000000,24408000000,24408000000,24408000000,24408000000,24408000000,24408000000,24408000000,24408000000,24408000000,24408000000,24408000000,24408000000,24408000000,24408000000,24408000000,24408000000,24408000000,24408000000,24408000000,24408000000,24408000000,24408000000,24408000000,24408000000,24408000000,24408000000,24408000000
1044,리스사,11663,데라게란덴㈜,B,SK104,요약재무상태표(부채 및 자본)(08.03월 이후),A211,자본금_우선주자본금,0,0,0,0,0,0,0,0,0,0,0,0,0,0,0, , ,0,0, , , , , ,0,0,0,0, , , , , , , ,0, , ,0,0,0, , , , ,0, ,0, , , ,0,0,0, , ,0,0,0,0,0,0,0,0, ,0,0, 
1045,리스사,11663,데라게란덴㈜,B,SK104,요약재무상태표(부채 및 자본)(08.03월 이후),A212,자본금_신주청약증거금,0,0,0,0,0,0,0,0,0,0,0,0,0,0,0, , ,0,0, , , , , ,0,0,0,0, , , , , , , ,0, , ,0,0,0, , , , ,0, ,0, , , ,0,0,0, , ,0,0,0,0,0,0,0,0, ,0,0, 
1046,리스사,11663,데라게란덴㈜,B,SK104,요약재무상태표(부채 및 자본)(08.03월 이후),A22,자본잉여금,0,0,0,17670000000,17670000000,17670000000,17670000000,32958000000,32958000000,32958000000,32958000000,32958000000,32958000000,32958000000,32958000000,32958000000,32958000000,32958000000,32958000000,32958000000,32958000000,32958000000,32958000000,32958000000,32958000000,32958000000,32958000000,32958000000,32958000000,32958000000,32958000000,32958000000,32958000000,32958000000,32958000000,32958000000,32958000000,32958000000,32958000000,32958000000,32958000000,32958000000,32958000000,32958000000,32958000000,32958000000,32958000000,32958000000,32958000000,32958000000,32958000000,32958000000,32958000000,32958000000,32958000000,32958000000,32958000000,32958000000,32958000000,32958000000,32958000000,32958000000,32958000000,32958000000,32958000000,32958000000,32958000000,32958000000
1047,리스사,11663,데라게란덴㈜,B,SK104,요약재무상태표(부채 및 자본)(08.03월 이후),A220,자본잉여금_주식발행초과금,0,0,0,17670000000,17670000000,17670000000,17670000000,32958000000,32958000000,32958000000,32958000000,32958000000,32958000000,32958000000,32958000000,32958000000,32958000000,32958000000,32958000000,32958000000,32958000000,32958000000,32958000000,32958000000,32958000000,32958000000,32958000000,32958000000,32958000000,32958000000,32958000000,32958000000,32958000000,32958000000,32958000000,32958000000,32958000000,32958000000,32958000000,32958000000,32958000000,32958000000,32958000000,32958000000,32958000000,32958000000,32958000000,32958000000,32958000000,32958000000,32958000000,32958000000,32958000000,32958000000,32958000000,32958000000,32958000000,32958000000,32958000000,32958000000,32958000000,32958000000,32958000000,32958000000,32958000000,32958000000,32958000000,32958000000
1048,리스사,11663,데라게란덴㈜,B,SK104,요약재무상태표(부채 및 자본)(08.03월 이후),A221,자본잉여금_감자차익,0,0,0,0,0,0,0,0,0,0,0,0,0,0,0, ,0,0,0,0,0,0,0,0,0,0,0,0,0,0, , , , , ,0, , ,0,0,0, , , , ,0, ,0, , , ,0,0,0, , ,0,0,0,0,0,0,0,0, ,0,0, 
1049,리스사,11663,데라게란덴㈜,B,SK104,요약재무상태표(부채 및 자본)(08.03월 이후),A222,자본잉여금_기타자본잉여금,0,0,0,0,0,0,0,0,0,0,0,0,0,0,0, ,0,0,0,0,0,0,0,0,0,0,0,0,0,0, , , , , ,0, , ,0,0,0, , , , ,0, ,0, , , ,0,0,0, , ,0,0,0,0,0,0,0,0, ,0,0, 
1050,리스사,11663,데라게란덴㈜,B,SK104,요약재무상태표(부채 및 자본)(08.03월 이후),A23,이익잉여금(결손금),-1984000000,-2273000000,-2615000000,-7634000000,-11560000000,-5939000000,-2612000000,-1521000000,-243000000,-1129000000,116000000,0,3413000000,3101000000,-570000000,2267000000,3439000000,3926000000,3995000000,3426000000,3400000000,3371000000,4486000000,3124000000,3742000000,3634000000,3830000000,4112000000,4063000000,3830000000,4106000000,4141000000,4109000000,3831000000,8556000000,4551000000,4938000000,5165000000,5344000000,5723000000,6215000000,7017000000,7184000000,7272000000,7899000000,8610000000,8691000000,8903000000,9345000000,10309000000,11165000000,11854000000,12788000000,13182000000,13858000000,15166000000,16137000000,17094000000,17802000000,18302000000,19965000000,21288000000,21394000000,22494000000,23213000000,23705000000,24649000000,23989000000
1051,리스사,11663,데라게란덴㈜,B,SK104,요약재무상태표(부채 및 자본)(08.03월 이후),A230,이익잉여금(결손금)_이익준비금,0,0,0,0,0,0,0,0,0,0,0,0,0,0,0, , ,0,0, , , ,0,0,0,0,0,0, ,0, , , , , ,0, , ,0,0,0, , , , ,0, ,0, , , ,0,0,0, , ,0,0,0,0,0,0,0,0, ,0,0, 
1052,리스사,11663,데라게란덴㈜,B,SK104,요약재무상태표(부채 및 자본)(08.03월 이후),A231,이익잉여금(결손금)_기업합리화적립금,0,0,0,0,0,0,0,0,0,0,0,0,0,0,0, , ,0,0, , , ,0,0,0,0,0,0, ,0, , , , , ,0, , ,0,0,0, , , , ,0, ,0, , , ,0,0,0, , ,0,0,0,0,0,0,0,0, ,0,0, 
1053,리스사,11663,데라게란덴㈜,B,SK104,요약재무상태표(부채 및 자본)(08.03월 이후),A232,이익잉여금(결손금)_투융자손실준비금,0,0,0,0,0,0,0,0,0,0,0,0,0,0,0, , ,0,0, , , ,0,0,0,0,0,0, ,0, , , , , ,0, , ,0,0,0, , , , ,0, ,0, , , ,0,0,0, , ,0,0,0,0,0,0,0,0, ,0,0, 
1054,리스사,11663,데라게란덴㈜,B,SK104,요약재무상태표(부채 및 자본)(08.03월 이후),A233,이익잉여금(결손금)_기타 법정적립금,0,0,0,0,0,0,0,0,0,0,0,0,0,0,0, , ,0,0, , , ,0,0,0,0,0,0, ,0, , , , , ,0, , ,0,0,0, , , , ,0, ,0, , , ,0,0,0, , ,0,0,0,0,0,0,0,0, ,0,0, 
1055,리스사,11663,데라게란덴㈜,B,SK104,요약재무상태표(부채 및 자본)(08.03월 이후),A234,이익잉여금(결손금)_임의적립금,0,0,0,0,0,0,0,0,0,0,0,0,0,0,0, , ,0,0, , , ,0,0,0,0,0,0, ,0, , , , , ,0, , ,0,0,0, , , , ,0, ,0, , , ,0,0,0, , ,0,0,0,0,0,0,0,0, ,0,0, 
1056,리스사,11663,데라게란덴㈜,B,SK104,요약재무상태표(부채 및 자본)(08.03월 이후),A235,이익잉여금(결손금)_해외투자손실준비금,0,0,0,0,0,0,0,0,0,0,0,0,0,0,0, , ,0,0, , , ,0,0,0,0,0,0, ,0, , , , , ,0, , ,0,0,0, , , , ,0, ,0, , , ,0,0,0, , ,0,0,0,0,0,0,0,0, ,0,0, 
1057,리스사,11663,데라게란덴㈜,B,SK104,요약재무상태표(부채 및 자본)(08.03월 이후),A236,이익잉여금(결손금)_미처분이익잉여금(미처리결손금),-1984000000,-2273000000,-2615000000,-7634000000,-11560000000,-5939000000,-2612000000,-1521000000,-243000000,-1129000000,116000000,0,3413000000,0,-570000000,313000000,2268000000,2268000000,2268000000,2268000000,3426000000,3426000000,3426000000,3426000000,3124000000,3124000000,3124000000,3124000000,4112000000,4112000000,4112000000,4112000000,4141000000,4141000000,4141000000,4141000000,4551000000,4551000000,4551000000,4551000000,5723000000,5723000000,5723000000,5723000000,7290000000,7290000000,7272000000,7272000000,8903000000,8903000000,8903000000,8903000000,11854000000,11854000000,11854000000,11854000000,15166000000,15166000000,15166000000,15166000000,18302000000,18302000000,18302000000,18302000000,22494000000,22494000000,22494000000,22494000000
1058,리스사,11663,데라게란덴㈜,B,SK104,요약재무상태표(부채 및 자본)(08.03월 이후),A237,이익잉여금(결손금)_대손준비금,,,,,,,,,,,,, , , , , , , , , , , , , , , , , , , , , , , , , , , , , , , , , , , , , , , , , , , , , , , , , , , , , , , , 
1059,리스사,11663,데라게란덴㈜,B,SK104,요약재무상태표(부채 및 자본)(08.03월 이후),A238,이익잉여금(결손금)_(당기순손익), ,-666000000,-1007000000,-6026000000,-3704000000,1917000000,5244000000,6335000000,877000000,-160000000, ,1338000000,3100000000,3101000000,0,1954000000,1171000000,1658000000,1728000000,1158000000,-26000000,-55000000,1060000000,-301000000,618000000,509000000,706000000,988000000,-49000000,-282000000, ,29000000, ,-310000000,4415000000,410000000,387000000,614000000,793000000,1172000000,492000000,1294000000,1461000000,1550000000,609000000,1320000000,1419000000,1630000000,442000000,1407000000,2262000000,2951000000,933000000,1328000000,2003000000,3311000000,972000000,1928000000,2637000000,3137000000,1663000000,2986000000,3092000000,4192000000,719000000,1212000000,2155000000,1496000000
1060,리스사,11663,데라게란덴㈜,B,SK104,요약재무상태표(부채 및 자본)(08.03월 이후),A24,자본조정,-297000000,-297000000,-297000000,0,0,0,0,0,0,0,0,0,0,0,0, ,0,0,0,0,0,0,0,0,0,0,0,0,0,0, , , , , ,0, , ,0,0,0, , , , ,0, ,0, , , ,0,0,0, , ,0,0,0,0,0,0,0,0, ,0,0, 
1061,리스사,11663,데라게란덴㈜,B,SK104,요약재무상태표(부채 및 자본)(08.03월 이후),A240,자본조정_주식할인발행차금,-297000000,-297000000,-297000000,0,0,0,0,0,0,0,0,0,0,0,0, ,0,0,0,0,0,0,0,0,0,0,0,0,0,0, , , , , ,0, , ,0,0,0, , , , ,0, ,0, , , ,0,0,0, , ,0,0,0,0,0,0,0,0, ,0,0, 
1062,리스사,11663,데라게란덴㈜,B,SK104,요약재무상태표(부채 및 자본)(08.03월 이후),A241,자본조정_배당건설이자,0,0,0,0,0,0,0,0,0,0,0,0,0,0,0, ,0,0,0,0,0,0,0,0,0,0,0,0,0,0, , , , , ,0, , ,0,0,0, , , , ,0, ,0, , , ,0,0,0, , ,0,0,0,0,0,0,0,0, ,0,0, 
1063,리스사,11663,데라게란덴㈜,B,SK104,요약재무상태표(부채 및 자본)(08.03월 이후),A242,자본조정_자기주식,0,0,0,0,0,0,0,0,0,0,0,0,0,0,0, ,0,0,0,0,0,0,0,0,0,0,0,0,0,0, , , , , ,0, , ,0,0,0, , , , ,0, ,0, , , ,0,0,0, , ,0,0,0,0,0,0,0,0, ,0,0, 
1064,리스사,11663,데라게란덴㈜,B,SK104,요약재무상태표(부채 및 자본)(08.03월 이후),A243,자본조정_주식매수선택권,0,0,0,0,0,0,0,0,0,0,0,0,0,0,0, ,0,0,0,0,0,0,0,0,0,0,0,0,0,0, , , , , ,0, , ,0,0,0, , , , ,0, ,0, , , ,0,0,0, , ,0,0,0,0,0,0,0,0, ,0,0, 
1065,리스사,11663,데라게란덴㈜,B,SK104,요약재무상태표(부채 및 자본)(08.03월 이후),A244,자본조정_미교부주식배당금,0,0,0,0,0,0,0,0,0,0,0,0,0,0,0, ,0,0,0,0,0,0,0,0,0,0,0,0,0,0, , , , , ,0, , ,0,0,0, , , , ,0, ,0, , , ,0,0,0, , ,0,0,0,0,0,0,0,0, ,0,0, 
1066,리스사,11663,데라게란덴㈜,B,SK104,요약재무상태표(부채 및 자본)(08.03월 이후),A245,자본조정_기타 자본조정,0,0,0,0,0,0,0,0,0,0,0,0,0,0,0, ,0,0,0,0,0,0,0,0,0,0,0,0,0,0, , , , , ,0, , ,0,0,0, , , , ,0, ,0, , , ,0,0,0, , ,0,0,0,0,0,0,0,0, ,0,0, 
1067,리스사,11663,데라게란덴㈜,B,SK104,요약재무상태표(부채 및 자본)(08.03월 이후),A25,기타포괄손익누계액,0,0,0,0,0,0,0,0,0,0,0,0,0,0,0, ,0,0,0,0,0,0,0,0,0,0,0,0,0,0, , , , , ,0, , ,0,0,0, , , , ,0, ,0, , , ,0,0,0, , ,0,0,0,0,0,0,0,0, ,0,0, 
1068,리스사,11663,데라게란덴㈜,B,SK104,요약재무상태표(부채 및 자본)(08.03월 이후),A250,기타포괄손익누계액_매도가능금융자산평가이익,0,0,0,0,0,0,0,0,0,0,0,0,0,0,0, ,0,0,0,0,0,0,0,0,0,0,0,0,0,0, ,0, , , ,0, , ,0,0,0, , , , ,0, ,0, , , ,0,0,0, , ,0,0,0,0,0,0,0,0, ,0,0, 
1069,리스사,11663,데라게란덴㈜,B,SK104,요약재무상태표(부채 및 자본)(08.03월 이후),A251,기타포괄손익누계액_매도가능금융자산평가손실,0,0,0,0,0,0,0,0,0,0,0,0,0,0,0, ,0,0,0,0,0,0,0,0,0,0,0,0,0,0, , , , , ,0, , ,0,0,0, , , , ,0, ,0, , , ,0,0,0, , ,0,0,0,0,0,0,0,0, ,0,0, 
1070,리스사,11663,데라게란덴㈜,B,SK104,요약재무상태표(부채 및 자본)(08.03월 이후),A252,기타포괄손익누계액_해외사업환산이익,0,0,0,0,0,0,0,0,0,0,0,0,0,0,0, ,0,0,0,0,0,0,0,0,0,0,0,0,0,0, , , , , ,0, , ,0,0,0, , , , ,0, ,0, , , ,0,0,0, , ,0,0,0,0,0,0,0,0, ,0,0, 
1071,리스사,11663,데라게란덴㈜,B,SK104,요약재무상태표(부채 및 자본)(08.03월 이후),A253,기타포괄손익누계액_해외사업환산손실,0,0,0,0,0,0,0,0,0,0,0,0,0,0,0, ,0,0,0,0,0,0,0,0,0,0,0,0,0,0, , , , , ,0, , ,0,0,0, , , , ,0, ,0, , , ,0,0,0, , ,0,0,0,0,0,0,0,0, ,0,0, 
1072,리스사,11663,데라게란덴㈜,B,SK104,요약재무상태표(부채 및 자본)(08.03월 이후),A254,기타포괄손익누계액_현금흐름위험회피 파생상품평가이익,0,0,0,0,0,0,0,0,0,0,0,0,0,0,0, ,0,0,0,0,0,0,0,0,0,0,0,0,0,0, , , , , ,0, , ,0,0,0, , , , ,0, ,0, , , ,0,0,0, , ,0,0,0,0,0,0,0,0, ,0,0, 
1073,리스사,11663,데라게란덴㈜,B,SK104,요약재무상태표(부채 및 자본)(08.03월 이후),A255,기타포괄손익누계액_현금흐름위험회피 파생상품평가손실,0,0,0,0,0,0,0,0,0,0,0,0,0,0,0, ,0,0,0,0,0,0,0,0,0,0,0,0,0,0, , , , , ,0, , ,0,0,0, , , , ,0, ,0, , , ,0,0,0, , ,0,0,0,0,0,0,0,0, ,0,0, 
1074,리스사,11663,데라게란덴㈜,B,SK104,요약재무상태표(부채 및 자본)(08.03월 이후),A256,기타포괄손익누계액_지분법자본변동,0,0,0,0,0,0,0,0,0,0,0,0,0,0,0, ,0,0,0,0,0,0,0,0,0,0,0,0,0,0, , , , , ,0, , ,0,0,0, , , , ,0, ,0, , , ,0,0,0, , ,0,0,0,0,0,0,0,0, ,0,0, 
1075,리스사,11663,데라게란덴㈜,B,SK104,요약재무상태표(부채 및 자본)(08.03월 이후),A257,기타포괄손익누계액_부의 지분법자본변동,0,0,0,0,0,0,0,0,0,0,0,0,0,0,0, ,0,0,0,0,0,0,0,0,0,0,0,0,0,0, , , , , ,0, , ,0,0,0, , , , ,0, ,0, , , ,0,0,0, , ,0,0,0,0,0,0,0,0, ,0,0, 
1076,리스사,11663,데라게란덴㈜,B,SK104,요약재무상태표(부채 및 자본)(08.03월 이후),A258,기타포괄손익누계액_유형자산 재평가이익,,,,,,,,,,,,,0,0,0, ,0,0,0,0,0,0,0,0,0,0,0,0,0,0, , , , , ,0, , ,0,0,0, , , , ,0, ,0, , , ,0,0,0, , ,0,0,0,0,0,0,0,0, ,0,0, 
1077,리스사,11663,데라게란덴㈜,B,SK104,요약재무상태표(부채 및 자본)(08.03월 이후),A259,기타포괄손익누계액_기타,,,,,,,,,,,,,0,0,0, ,0,0,0,0,0,0,0,0,0,0,0,0,0,0, , , , , ,0, , ,0,0,0, , , , ,0, ,0, , , ,0,0,0, , ,0,0,0,0,0,0,0,0, ,0,0, 
1078,리스사,11735,㈜애큐온캐피탈,B,SK104,요약재무상태표(부채 및 자본)(08.03월 이후),A,부채 및 자본총계,816985000000,1135893000000,1273826000000,1198633000000,1192144000000,1315836000000,1422979000000,1554900000000,1787211000000,1967673000000,2100911000000,2036883000000,2165808000000,2246391000000,2444292000000,2633225000000,2919870000000,2903459000000,2957187000000,2922871000000,2821781000000,2989753000000,2805990000000,3020709000000,2123017000000,2040853000000,2013484000000,1975001000000,1862222000000,1855095000000,1794745000000,2044536000000,2058118000000,2169339000000,2350741000000,2356311000000,2808759000000,2762160000000,2637549000000,2661389000000,2835272000000,2896810000000,3058332000000,3084719000000,3119961000000,3162506000000,3170202000000,3484194000000,3546441000000,3498472000000,3401687000000,3650591000000,3956274000000,4158279000000,4447487000000,4352020000000,4559019000000,4867796000000,4740640000000,4023377000000,3845869000000,3838131000000,3526754000000,3357479000000,3195139000000,3307662000000,3336567000000,3571180000000
1079,리스사,11735,㈜애큐온캐피탈,B,SK104,요약재무상태표(부채 및 자본)(08.03월 이후),A1,부채,716787000000,1033874000000,1169031000000,1095435000000,1087884000000,1208247000000,1257082000000,1383901000000,1610722000000,1784130000000,1911235000000,1837661000000,1977139000000,2044258000000,2136079000000,2317309000000,2536193000000,2491685000000,2520837000000,2488483000000,2360551000000,2496850000000,2274180000000,2474083000000,1866116000000,1779779000000,1740889000000,1694935000000,1575975000000,1555912000000,1487512000000,1729068000000,1733419000000,1833973000000,1893148000000,1888608000000,2312896000000,2258998000000,2114141000000,2084374000000,2276707000000,2326996000000,2481091000000,2500343000000,2526210000000,2553017000000,2584631000000,2879588000000,2929871000000,2868464000000,2758465000000,2983767000000,3274978000000,3461166000000,3730317000000,3616361000000,3799603000000,4053120000000,3901522000000,3169423000000,2974906000000,2958777000000,2642776000000,2497553000000,2325183000000,2427275000000,2452434000000,2678079000000
1080,리스사,11735,㈜애큐온캐피탈,B,SK104,요약재무상태표(부채 및 자본)(08.03월 이후),A11,차입부채,642403000000,926884000000,1050631000000,979615000000,975605000000,1093681000000,1135638000000,1254830000000,1473668000000,1623382000000,1733892000000,1646680000000,1773060000000,1822487000000,1877342000000,2018024000000,2267961000000,2218122000000,2253133000000,2232010000000,2076923000000,2241828000000,2037013000000,2236941000000,1667070000000,1597510000000,1572576000000,1532408000000,1432616000000,1417594000000,1357800000000,1594805000000,1596370000000,1687695000000,1736331000000,1738639000000,2140144000000,2097474000000,1949052000000,1901482000000,2089408000000,2151478000000,2300574000000,2292663000000,2362539000000,2386756000000,2419996000000,2716582000000,2770332000000,2718497000000,2603264000000,2832219000000,3120728000000,3303660000000,3564196000000,3450808000000,3630401000000,3884083000000,3734214000000,3017644000000,2810971000000,2819660000000,2499470000000,2368337000000,2203416000000,2311207000000,2339641000000,2562795000000
1081,리스사,11735,㈜애큐온캐피탈,B,SK104,요약재무상태표(부채 및 자본)(08.03월 이후),A110,차입금,123455000000,138549000000,182192000000,121060000000,76992000000,144980000000,201997000000,331329000000,460683000000,630423000000,621230000000,513891000000,,,,,,,,,,,,,,,,,,,,,,,,,,,,,,,,,,,,,,,,,,,,,,,,,,,,,,,,
1082,리스사,11735,㈜애큐온캐피탈,B,SK104,요약재무상태표(부채 및 자본)(08.03월 이후),A110,차입부채_차입금,,,,,,,,,,,,,635243000000,504703000000,494436000000,535000000000,750000000000,720000000000,705000000000,625000000000,510000000000,685000000000,570000000000,680000000000,180000000000,230000000000,235000000000,195000000000,220000000000,185000000000,225000000000,571818000000,643245000000,734840000000,793280000000,832482000000,1077405000000,806679000000,425668000000,368327000000,361873000000,400995000000,507999000000,550000000000,450000000000,490000000000,610000000000,675000000000,895869000000,926570000000,796269000000,755939000000,690860000000,617115000000,724909000000,837856000000,964969000000,1075823000000,1177405000000,1025296000000,863871000000,951818000000,766564000000,698843000000,778715000000,773769000000,704516000000,814726000000
1083,리스사,11735,㈜애큐온캐피탈,B,SK104,요약재무상태표(부채 및 자본)(08.03월 이후),A111,단기차입금,100000000000,115000000000,146800000000,85700000000,40900000000,102000000000,147000000000,278000000000,379200000000,459200000000,452200000000,336200000000,,,,,,,,,,,,,,,,,,,,,,,,,,,,,,,,,,,,,,,,,,,,,,,,,,,,,,,,
1084,리스사,11735,㈜애큐온캐피탈,B,SK104,요약재무상태표(부채 및 자본)(08.03월 이후),A111,차입부채_차입금_단기차입금,,,,,,,,,,,,,459200000000,340000000000,335000000000,230000000000,345000000000,335000000000,320000000000,240000000000,125000000000,330000000000,230000000000,340000000000,110000000000,140000000000,145000000000,105000000000,95000000000,60000000000,100000000000,327300000000,238750000000,515350000000,533600000000,517900000000,744500000000,529600000000,298400000000,244500000000,250000000000,310000000000,430000000000,490000000000,400000000000,440000000000,560000000000,610000000000,795000000000,810334000000,675234000000,505134000000,480365000000,440331000000,480221000000,470111000000,570000000000,685000000000,621200000000,485200000000,322000000000,262000000000,262000000000,250000000000,230000000000,230000000000,248000000000,339000000000
1085,리스사,11735,㈜애큐온캐피탈,B,SK104,요약재무상태표(부채 및 자본)(08.03월 이후),A112,차입부채_차입금_콜머니,,,,,,,,,,,,,0,0,0,0,0,0,0,0,0,0,0,0, , , , , , , ,0,0,0,0,0,0,0,0,0,0,0, , , , , , ,0,0,0,0,0,0,0,0,0, ,0,0,0,0,0,0,0,0,0,0
1086,리스사,11735,㈜애큐온캐피탈,B,SK104,요약재무상태표(부채 및 자본)(08.03월 이후),A112,콜머니,0,0,0,0,0,0,0,0,0,0,0,0,,,,,,,,,,,,,,,,,,,,,,,,,,,,,,,,,,,,,,,,,,,,,,,,,,,,,,,,
1087,리스사,11735,㈜애큐온캐피탈,B,SK104,요약재무상태표(부채 및 자본)(08.03월 이후),A113,장기차입금,23455000000,23549000000,35392000000,35360000000,36092000000,42980000000,35326000000,17649000000,81483000000,145555000000,119693000000,177691000000,,,,,,,,,,,,,,,,,,,,,,,,,,,,,,,,,,,,,,,,,,,,,,,,,,,,,,,,
1088,리스사,11735,㈜애큐온캐피탈,B,SK104,요약재무상태표(부채 및 자본)(08.03월 이후),A113,차입부채_차입금_장기차입금,,,,,,,,,,,,,130000000000,114648000000,159436000000,305000000000,405000000000,285000000000,385000000000,260000000000,240000000000,280000000000,280000000000,280000000000,70000000000,90000000000,90000000000,90000000000,95000000000,35000000000,35000000000,155000000000,155000000000,140000000000,135000000000,160000000000,86021000000,47026000000,41000000000,26000000000,56000000000,50000000000, , , , ,50000000000,62000000000,90991000000,99684000000,51043000000,129770000000,98461000000,100836000000,217717000000,320991000000,350426000000,351042000000,373563000000,364657000000,230741000000,349756000000,278179000000,274586000000,279875000000,279575000000,257956000000,280742000000
1089,리스사,11735,㈜애큐온캐피탈,B,SK104,요약재무상태표(부채 및 자본)(08.03월 이후),A114,유동성 장기차입금,0,0,0,0,0,0,19671000000,35680000000,0,25668000000,49337000000,0,,,,,,,,,,,,,,,,,,,,,,,,,,,,,,,,,,,,,,,,,,,,,,,,,,,,,,,,
1090,리스사,11735,㈜애큐온캐피탈,B,SK104,요약재무상태표(부채 및 자본)(08.03월 이후),A114,차입부채_차입금_유동성 장기차입금,,,,,,,,,,,,,46043000000,50055000000,29436000000,0,0,100000000000,115000000000,125000000000,145000000000,75000000000,60000000000,60000000000, , , , ,30000000000,90000000000,90000000000,90000000000,250000000000,80000000000,125000000000,155000000000,247500000000,230407000000,86500000000,98000000000,56000000000,41000000000,78000000000,60000000000,50000000000,50000000000, ,3000000000,9878000000,16552000000,69992000000,121284000000,112187000000,76009000000,26984000000,47043000000,44720000000,39874000000,183009000000,175663000000,311265000000,340466000000,226586000000,174346000000,269185000000,264562000000,198867000000,195242000000
1091,리스사,11735,㈜애큐온캐피탈,B,SK104,요약재무상태표(부채 및 자본)(08.03월 이후),A115,사  채,518948000000,788335000000,868439000000,858555000000,898613000000,948701000000,933641000000,923501000000,1012985000000,992959000000,1112662000000,1132789000000,,,,,,,,,,,,,,,,,,,,,,,,,,,,,,,,,,,,,,,,,,,,,,,,,,,,,,,,
1092,리스사,11735,㈜애큐온캐피탈,B,SK104,요약재무상태표(부채 및 자본)(08.03월 이후),A115,차입부채_사 채,,,,,,,,,,,,,1137817000000,1317784000000,1382906000000,1483024000000,1517961000000,1498122000000,1548133000000,1607010000000,1566923000000,1556828000000,1467013000000,1556941000000,1487070000000,1367510000000,1337576000000,1337408000000,1212616000000,1232594000000,1132800000000,1022987000000,953125000000,952855000000,943051000000,906157000000,1062739000000,1290795000000,1523384000000,1533155000000,1727535000000,1750483000000,1792575000000,1742663000000,1912539000000,1896756000000,1809996000000,2041582000000,1874463000000,1791927000000,1806995000000,2076280000000,2429868000000,2686545000000,2839287000000,2612952000000,2665432000000,2808260000000,2556809000000,1992348000000,1947100000000,1867842000000,1732906000000,1669494000000,1424701000000,1537438000000,1635125000000,1748069000000
1093,리스사,11735,㈜애큐온캐피탈,B,SK104,요약재무상태표(부채 및 자본)(08.03월 이후),A1150,차입부채_사 채_단기사채,0,0,0,0,0,0,0,0,0,0,0,0,0,0,0,0,0,0,0,0,0,0,0,40000000000,10000000000, , ,35000000000, , , ,0,0,20000000000,30000000000,43000000000,55000000000,20000000000,30000000000,40000000000,40000000000,50000000000,90000000000,30000000000, , , ,70000000000,20000000000,0,30000000000,30000000000,0,0,50000000000,0,60000000000,182000000000,220100000000,10000000000,0,0,10000000000,0,0,60000000000,0,0
1094,리스사,11735,㈜애큐온캐피탈,B,SK104,요약재무상태표(부채 및 자본)(08.03월 이후),A11500,차입부채_사 채_단기사채_(사채발행차금),0,0,0,0,0,0,0,0,0,0,0,0,0,0,0,0,0,0,0,0,0,0,0,0, , , , , , , ,0,0,0,0,0,0,0,0,0,0,0, , , , , , ,0,0,0,0,0,0,0,0,0, ,0,0,0,0,0,0,0,0,0,0
1095,리스사,11735,㈜애큐온캐피탈,B,SK104,요약재무상태표(부채 및 자본)(08.03월 이후),A1151,차입부채_사 채_유동성사채,0,0,0,0,0,0,550000000000,440000000000,0,295000000000,195000000000,0,245000000000,285000000000,370000000000,0,0,535000000000,430000000000,125000000000,330000000000,320000000000,310000000000,310000000000,475000000000,415000000000,435000000000,395000000000,350000000000,390000000000,325000000000,320000000000,300000000000,260000000000,360000000000,510000000000,680000000000,737000000000,730000000000,605000000000,395000000000,453914000000,452914000000,457914000000,747914000000,655000000000,598000000000,593000000000,548000000000,608000000000,568000000000,645000000000,455000000000,522000000000,867000000000,1095000000000,1360000000000,1270000000000,1160000000000,895000000000,1000000000000,1315000000000,1332500000000,1302500000000,979500000000,928500000000,981000000000,1131000000000
1096,리스사,11735,㈜애큐온캐피탈,B,SK104,요약재무상태표(부채 및 자본)(08.03월 이후),A11510,차입부채_사 채_유동성사채_(유동성사채발행차금),0,0,0,0,0,0,297000000,194000000,0,170000000,170000000,0,469000000,478000000,559000000,0,0,670000000,518000000, ,437000000,418000000,419000000,419000000,620000000,452000000,463000000,482000000,399000000,444000000,344000000,317000000,275000000,319000000,374000000,498000000,850000000,1114000000,1244000000,1124000000,794000000,914000000,887000000,384000000,505000000,399000000,390000000,350000000,468000000,410000000,467000000,649000000,502000000,477000000,698000000,918000000,937000000,717000000,898000000,714000000,1065000000,1233000000,1185000000,945000000,661000000,984000000,1076000000,1355000000
1097,리스사,11735,㈜애큐온캐피탈,B,SK104,요약재무상태표(부채 및 자본)(08.03월 이후),A1152,차입부채_사 채_장기사채,520000000000,790000000000,870000000000,860000000000,900000000000,950000000000,385000000000,485000000000,1015000000000,700000000000,920000000000,1135000000000,895000000000,1035000000000,1015000000000,1485000000000,1520000000000,965000000000,1120000000000,1484000000000,1239000000000,1239000000000,1159000000000,1209000000000,1004000000000,954000000000,904000000000,909000000000,864000000000,844000000000,809000000000,704000000000,654000000000,674000000000,554000000000,354000000000,329000000000,535719000000,765934000000,890934000000,1295934000000,1250000000000,1253000000000,1258000000000,1168000000000,1245000000000,1215000000000,1382000000000,1310000000000,1187000000000,1212000000000,1405000000000,1980000000000,2170000000000,1927500000000,1522500000000,1249500000000,1360500000000,1180500000000,1090500000000,950500000000,555500000000,393000000000,371000000000,449000000000,553000000000,658000000000,620000000000
1098,리스사,11735,㈜애큐온캐피탈,B,SK104,요약재무상태표(부채 및 자본)(08.03월 이후),A11520,차입부채_사 채_장기사채_(사채발행차금),1052000000,1665000000,1561000000,1445000000,1387000000,1299000000,1062000000,1305000000,2015000000,1871000000,2168000000,2211000000,1714000000,1738000000,1535000000,1976000000,2039000000,1208000000,1349000000,1835000000,1640000000,1754000000,1568000000,1640000000,1310000000,1038000000,961000000,1110000000,985000000,962000000,856000000,696000000,600000000,826000000,575000000,345000000,411000000,810000000,1306000000,1655000000,2605000000,2517000000,2452000000,2867000000,2870000000,2845000000,2614000000,3068000000,3069000000,2663000000,2538000000,3071000000,4630000000,4978000000,4515000000,3630000000,3131000000,3523000000,2893000000,2438000000,2335000000,1425000000,1409000000,3061000000,3138000000,3078000000,2799000000,1576000000
1099,리스사,11735,㈜애큐온캐피탈,B,SK104,요약재무상태표(부채 및 자본)(08.03월 이후),A1153,차입부채_사 채_기타,-1052000000,-1665000000,-1561000000,-1445000000,-1387000000,-1299000000,-1359000000,-1499000000,-2015000000,-2041000000,-2338000000,-2211000000,-4366000000,-4432000000,-4188000000,-3952000000,-4078000000,-3756000000,-3734000000,-3825000000,-4154000000,-4344000000,-3974000000,-4118000000,-3860000000,-2980000000,-2848000000,-3184000000,-2768000000,-2812000000,-2400000000,-2026000000,-1750000000,-2290000000,-1898000000,-1686000000,-2522000000,-3848000000,-5100000000,-5558000000,-6798000000,-6862000000,-6678000000,-6502000000,-6750000000,-6488000000,-6008000000,-6836000000,-7074000000,-6146000000,-6010000000,-7440000000,-10264000000,-10910000000,-10426000000,-9096000000,-8136000000,-8480000000,-7582000000,-6304000000,-6800000000,-5316000000,-5188000000,-8012000000,-7598000000,-8124000000,-7750000000,-5862000000
1100,리스사,11735,㈜애큐온캐피탈,B,SK104,요약재무상태표(부채 및 자본)(08.03월 이후),A12,기타부채,74384000000,106990000000,118400000000,115820000000,112279000000,114566000000,121444000000,129071000000,137054000000,160748000000,177343000000,190981000000,204079000000,221771000000,258737000000,299285000000,268232000000,273563000000,267704000000,256473000000,283628000000,255022000000,237167000000,237142000000,199046000000,182269000000,168313000000,162527000000,143359000000,138318000000,129712000000,134263000000,137049000000,146278000000,156817000000,149969000000,172752000000,161524000000,165089000000,182892000000,187299000000,175518000000,180517000000,207680000000,163671000000,166261000000,164635000000,163006000000,159539000000,149967000000,155201000000,151548000000,154250000000,157506000000,166121000000,165553000000,169202000000,169037000000,167308000000,151779000000,163935000000,139117000000,143306000000,129216000000,121767000000,116068000000,112793000000,115284000000
1101,리스사,11735,㈜애큐온캐피탈,B,SK104,요약재무상태표(부채 및 자본)(08.03월 이후),A120,기타부채_영업미지급금,13059000000,23950000000,16719000000,18029000000,10125000000,10271000000,9253000000,6075000000,5726000000,8841000000,9172000000,6459000000,7906000000,8429000000,12804000000,12620000000,9893000000,7745000000,7589000000,4238000000,3809000000,4231000000,4205000000,4099000000, , ,2926000000,2156000000,783000000,1228000000,257000000,1299000000,991000000,611000000,1462000000,0,5477000000,1031000000,385000000,3391000000,891000000,1853000000,2811000000,3492000000,39000000,32000000,42000000,40000000,77000000,40000000,36000000,141000000,156000000,193000000,161000000,159000000,126000000,120000000,71000000,48000000,94000000,75000000,50000000,80000000,77000000,94000000,87000000,90000000
1102,리스사,11735,㈜애큐온캐피탈,B,SK104,요약재무상태표(부채 및 자본)(08.03월 이후),A121,기타부채_장기미지급금,0,0,0,0,0,0,0,0,0,0,0,0,0,0,0,0,0,0,0,0,0,0,0,0, , , , , , , ,0,0,0,0,0,0,0,0,0,0,0, , ,0, , , ,0,0,0,0,0,0,0,0,0, ,0,0,0,0,0,0,0,0,0,0
1103,리스사,11735,㈜애큐온캐피탈,B,SK104,요약재무상태표(부채 및 자본)(08.03월 이후),A122,기타부채_기타의 부채,10051000000,16693000000,22966000000,24012000000,26630000000,26210000000,22788000000,23442000000,22983000000,24956000000,28378000000,34133000000,53171000000,57886000000,78173000000,83528000000,70487000000,74751000000,67247000000,60410000000,61449000000,51668000000,48277000000,49418000000,43672000000,40587000000,38842000000,39997000000,30778000000,34003000000,34411000000,37706000000,39922000000,43202000000,51326000000,51392000000,52623000000,50725000000,53472000000,56833000000,61231000000,64720000000,67300000000,62817000000,62086000000,67658000000,67433000000,66629000000,64095000000,60311000000,68040000000,65010000000,65760000000,62496000000,70032000000,67644000000,67916000000,63335000000,61317000000,53897000000,69710000000,47183000000,45451000000,38343000000,37060000000,34339000000,36445000000,39114000000
1104,리스사,11735,㈜애큐온캐피탈,B,SK104,요약재무상태표(부채 및 자본)(08.03월 이후),A1220,기타부채_기타의 부채_가수금,0,0,0,0,0,0,0,0,0,0,0,0,0,0,0,0,0,0,0,0,0,0,0,0, , , , , , , ,0,0,0,0,0,0,0,0,0,0,0, , , , , , ,0,0,0,0,0,0,0,0,0, ,0,0,0,0,0,0,0,0,0,0
1105,리스사,11735,㈜애큐온캐피탈,B,SK104,요약재무상태표(부채 및 자본)(08.03월 이후),A1221,기타부채_기타의 부채_예수금,214000000,102000000,103000000,85000000,232000000,84000000,148000000,110000000,140000000,164000000,281000000,431000000,817000000,377000000,349000000,343000000,980000000,279000000,251000000,245000000,634000000,321000000,366000000,440000000,865000000,293000000,345000000,337000000,850000000,301000000,360000000,233000000,251000000,220000000,1165000000,273000000,4600000000,4546000000,1982000000,2002000000,1518000000,2120000000,1627000000,1495000000,2111000000,1053000000,1266000000,869000000,2390000000,876000000,6345000000,1200000000,2796000000,1019000000,2689000000,950000000,2988000000,978000000,1087000000,1134000000,17182000000,777000000,1033000000,949000000,3272000000,325000000,526000000,299000000
1106,리스사,11735,㈜애큐온캐피탈,B,SK104,요약재무상태표(부채 및 자본)(08.03월 이후),A1222,기타부채_기타의 부채_선수금,677000000,1236000000,2446000000,1436000000,2468000000,1033000000,1367000000,2236000000,2874000000,4633000000,4008000000,6167000000,2810000000,2951000000,6833000000,3561000000,5894000000,3700000000,3703000000,3464000000,7194000000,6347000000,4982000000,4433000000,5346000000,2339000000,2486000000,2379000000,2498000000,3690000000,2650000000,1767000000,2196000000,4395000000,4153000000,6002000000,3873000000,2895000000,3172000000,2680000000,2082000000,1955000000,3295000000,3119000000,3884000000,3944000000,4433000000,2936000000,3114000000,3196000000,3463000000,4574000000,3767000000,3335000000,3911000000,3084000000,2455000000,2403000000,2134000000,1213000000,1360000000,992000000,1552000000,2231000000,1256000000,1217000000,1033000000,688000000
1107,리스사,11735,㈜애큐온캐피탈,B,SK104,요약재무상태표(부채 및 자본)(08.03월 이후),A1223,기타부채_기타의 부채_선수수익,2826000000,5280000000,2423000000,1740000000,3156000000,5337000000,4417000000,3658000000,3580000000,4865000000,5928000000,9193000000,33563000000,40679000000,44104000000,46667000000,42033000000,38653000000,34363000000,29468000000,23524000000,23198000000,23672000000,22484000000,20118000000,16944000000,14927000000,14862000000,13265000000,12087000000,12520000000,14515000000,16883000000,21400000000,24568000000,25554000000,25857000000,27385000000,32874000000,36360000000,39108000000,40807000000,42461000000,43651000000,41992000000,43830000000,41930000000,42355000000,41294000000,39945000000,38042000000,35135000000,35474000000,33426000000,34656000000,35541000000,36792000000,33445000000,28211000000,26112000000,24381000000,21734000000,20918000000,19555000000,19261000000,18039000000,17866000000,19774000000
1108,리스사,11735,㈜애큐온캐피탈,B,SK104,요약재무상태표(부채 및 자본)(08.03월 이후),A1224,기타부채_기타의 부채_미지급금,1330000000,1574000000,2865000000,2644000000,1434000000,2112000000,3775000000,3595000000,4648000000,3949000000,6212000000,4491000000,4246000000,4480000000,5206000000,4652000000,3034000000,14902000000,7722000000,4777000000,4587000000,5751000000,5097000000,8243000000,4882000000,6963000000,10685000000,10195000000,3991000000,4793000000,8643000000,9342000000,8746000000,7684000000,14106000000,10358000000,7675000000,6300000000,9460000000,9590000000,9545000000,5817000000,6527000000,6892000000,4393000000,3720000000,4609000000,8111000000,4158000000,2876000000,5644000000,8539000000,5482000000,7475000000,9218000000,9710000000,5492000000,5898000000,7772000000,8754000000,7926000000,3001000000,3199000000,4437000000,3812000000,1590000000,2048000000,5175000000
1109,리스사,11735,㈜애큐온캐피탈,B,SK104,요약재무상태표(부채 및 자본)(08.03월 이후),A1225,기타부채_기타의 부채_미지급비용,4383000000,7785000000,10609000000,9680000000,9441000000,10452000000,7722000000,5851000000,6667000000,7159000000,8234000000,8390000000,8263000000,9272000000,9180000000,10450000000,10989000000,10950000000,10866000000,10524000000,9865000000,9170000000,8490000000,8431000000,7442000000,7120000000,6691000000,6373000000,5395000000,5274000000,4665000000,4511000000,4011000000,3816000000,3670000000,3693000000,5038000000,5788000000,5968000000,5688000000,7334000000,7880000000,8080000000,7660000000,7901000000,7721000000,6938000000,7332000000,6868000000,6657000000,6598000000,7034000000,7384000000,7658000000,7923000000,7799000000,7700000000,8688000000,8837000000,9054000000,10578000000,11037000000,12855000000,11171000000,9459000000,8388000000,8416000000,10721000000
1110,리스사,11735,㈜애큐온캐피탈,B,SK104,요약재무상태표(부채 및 자본)(08.03월 이후),A1226,기타부채_기타의 부채_미지급법인세,238000000,693000000,1943000000,2195000000,1165000000,1456000000,2245000000,5719000000,3821000000,1918000000,2783000000,5047000000,3272000000,0,0,3182000000,5991000000,5787000000,5595000000,9453000000,9847000000,5533000000,4466000000,4301000000,3914000000,5340000000,2315000000,4620000000,4020000000,7389000000,5310000000,6882000000,7559000000,5589000000,3584000000,5478000000,5564000000,3795000000,0,497000000,1644000000,6141000000,5310000000, ,1805000000,7390000000,8257000000,5026000000,5873000000,6483000000,7880000000,8528000000,10857000000,9583000000,11635000000,10560000000,12489000000,11923000000,13276000000,7630000000,8283000000,9642000000,5894000000,0,0,4780000000,6556000000,2222000000
1111,리스사,11735,㈜애큐온캐피탈,B,SK104,요약재무상태표(부채 및 자본)(08.03월 이후),A1227,기타부채_기타의 부채_선불카드수탁금,0,0,0,0,0,0,0,0,0,0,0,0,0,0,0,0,0,0,0,0,0,0,0,0, , , , , , , ,0,0,0,0,0,0,0,0,0,0,0, , ,0,0, , ,0,0,0,0,0,0,0,0,0, ,0,0,0,0,0,0,0,0,0,0
1112,리스사,11735,㈜애큐온캐피탈,B,SK104,요약재무상태표(부채 및 자본)(08.03월 이후),A1228,기타부채_기타의 부채_부가세예수금,14000000,23000000,156000000,141000000,58000000,26000000,10000000,19000000,10000000,52000000,18000000,8000000,14000000,7000000,20000000,21000000,43000000,0,0,322000000,103000000,0,36000000,5000000,11000000, ,1000000,6000000,13000000, ,11000000,319000000,186000000,69000000,58000000,19000000,0,0,0,0,0,0, , ,0,0, , ,0,0,0,0,0,0,0,0,0, ,0,0,0,0,0,0,0,0,0,0
1113,리스사,11735,㈜애큐온캐피탈,B,SK104,요약재무상태표(부채 및 자본)(08.03월 이후),A1229,기타부채_기타의 부채_선물환거래대,0,0,0,0,0,0,0,0,0,0,0,0,0,0,0,0,0,0,0,0,0,0,0,0, , , , , , , ,0,0,0,0,0,0,0,0,0,0,0, , ,0,0, , ,0,0,0,0,0,0,0,0,0, ,0,0,0,0,0,0,0,0,0,0
1114,리스사,11735,㈜애큐온캐피탈,B,SK104,요약재무상태표(부채 및 자본)(08.03월 이후),A122A,기타부채_기타의 부채_파생상품부채,369000000,0,2421000000,6091000000,8345000000,5710000000,3104000000,2254000000,1192000000,2142000000,876000000,406000000,42000000,0,342000000,247000000,113000000,237000000,1468000000,1340000000,1584000000,1171000000,1082000000,1081000000,948000000,1490000000,1343000000,1225000000,671000000,419000000,227000000,137000000,70000000,16000000,16000000,16000000,16000000,16000000,16000000,16000000,0,0, , ,0,0, , ,398000000,278000000,68000000,0,0,0,0,0,0, ,0,0,0,0,0,0,0,0,0,235000000
1115,리스사,11735,㈜애큐온캐피탈,B,SK104,요약재무상태표(부채 및 자본)(08.03월 이후),A122B,기타부채_기타의 부채_옵션수입프리미엄,0,0,0,0,0,0,0,0,0,0,0,0,0,0,0,0,0,0,0,0,0,0,0,0, , , , , , , ,0,0,0,0,0,0,0,0,0,0,0, , ,0,0, , ,0,0,0,0,0,0,0,0,0, ,0,0,0,0,0,0,0,0,0,0
1116,리스사,11735,㈜애큐온캐피탈,B,SK104,요약재무상태표(부채 및 자본)(08.03월 이후),A122C,기타부채_기타의 부채_이연리스수익,0,0,0,0,0,0,0,0,51000000,74000000,38000000,0,144000000,120000000,50000000,1000000,364000000,243000000,149000000,0,266000000,177000000,86000000,0,146000000,98000000,49000000, ,75000000,50000000,25000000,0,20000000,13000000,6000000,-1000000,0,0,0,0,0,0, , ,0,0, , ,0,0,0,0,0,0,0,0,0, ,0,0,0,0,0,0,0,0,0,0
1117,리스사,11735,㈜애큐온캐피탈,B,SK104,요약재무상태표(부채 및 자본)(08.03월 이후),A122D,기타부채_기타의 부채_기타의 유동부채,0,0,0,0,331000000,0,0,0,0,0,0,0,0,0,12089000000,14404000000,1046000000,0,3130000000,817000000,3845000000,0,0,0, , , , , , , ,0,0,0,0,0,0,0,0,0,0,0, , ,0,0, , ,0,0,0,0,0,0,0,0,0, ,0,0,0,0,0,0,0,0,0,0
1118,리스사,11735,㈜애큐온캐피탈,B,SK104,요약재무상태표(부채 및 자본)(08.03월 이후),A122E,기타부채_유동성 장기부채,0,0,0,0,0,0,43759000000,0,0,0,0,0,0,0,0,0,0,0,0,0,0,0,0,0, , , , , , , ,0,0,0,0,0,0,0,0,0,0,0, , ,0,0, , ,0,0,0,0,0,0,0,0,0, ,0,0,0,0,0,0,0,0,0,0
1119,리스사,11735,㈜애큐온캐피탈,B,SK104,요약재무상태표(부채 및 자본)(08.03월 이후),A123,기타부채_리스보증금,50542000000,65100000000,77226000000,73425000000,72525000000,74527000000,40963000000,96282000000,103328000000,120917000000,132618000000,143483000000,136600000000,148975000000,158555000000,170141000000,175899000000,178312000000,179132000000,175126000000,170270000000,160929000000,151158000000,147326000000,141493000000,127774000000,117761000000,110651000000,102828000000,93840000000,87206000000,88592000000,91329000000,96251000000,96231000000,91660000000,105086000000,100874000000,101631000000,101752000000,100252000000,99848000000,101468000000,95125000000,92571000000,90278000000,88929000000,90847000000,88929000000,83227000000,80440000000,80214000000,81133000000,83978000000,84545000000,88756000000,91869000000,95314000000,93608000000,88767000000,85941000000,84493000000,82076000000,77565000000,72463000000,70982000000,67315000000,67976000000
1120,리스사,11735,㈜애큐온캐피탈,B,SK104,요약재무상태표(부채 및 자본)(08.03월 이후),A124,기타부채_보 증 금,214000000,285000000,374000000,354000000,2842000000,3319000000,4201000000,3272000000,4711000000,5549000000,6494000000,6300000000,4600000000,3515000000,3166000000,23488000000,3221000000,2770000000,2285000000,1835000000,2965000000,3824000000,4510000000,4261000000,3199000000,2878000000,2851000000,2804000000,1788000000,2077000000,2362000000,1810000000,2245000000,3397000000,4737000000,5071000000,6032000000,5850000000,5799000000,6137000000,6537000000,5271000000,4695000000,3664000000,2813000000,2508000000,2564000000,2224000000,2162000000,1935000000,1838000000,2919000000,3261000000,3081000000,3073000000,3889000000,4066000000,5296000000,7176000000,5583000000,4962000000,4854000000,4637000000,3938000000,3401000000,2397000000,585000000,114000000
1121,리스사,11735,㈜애큐온캐피탈,B,SK104,요약재무상태표(부채 및 자본)(08.03월 이후),A1240,기타부채_보 증 금_상환이행보증금,214000000,141000000,130000000,110000000,2598000000,3075000000,3957000000,2998000000,4437000000,5019000000,5577000000,5333000000,3764000000,3274000000,3028000000,3336000000,3067000000,2602000000,2118000000,1669000000,2800000000,3660000000,0,0, , , , , , , ,0,0,0,0,0,0,0,0,0,0,0, , , , , , ,0,0,0,0,0,0,0,0,0, ,0,0,0,0,0,0,0,0,0,0
1122,리스사,11735,㈜애큐온캐피탈,B,SK104,요약재무상태표(부채 및 자본)(08.03월 이후),A1241,기타부채_보 증 금_임대보증금,0,0,0,0,0,0,0,0,0,0,0,0,0,0,0,0,0,0,0,0,0,0,0,0, , , , , , , ,0,0,0,0,0,0,0,0,0,0,0, , , , , , ,0,0,0,0,0,0,0,0,0, ,0,0,0,0,0,0,0,0,0,0
1123,리스사,11735,㈜애큐온캐피탈,B,SK104,요약재무상태표(부채 및 자본)(08.03월 이후),A1242,기타부채_보 증 금_기타보증금,0,144000000,244000000,244000000,244000000,244000000,244000000,274000000,274000000,530000000,917000000,967000000,836000000,241000000,138000000,20152000000,154000000,168000000,167000000,166000000,165000000,164000000,4510000000,4261000000,3199000000,2878000000,2851000000,2804000000,1788000000,2077000000,2362000000,1810000000,2245000000,3397000000,4737000000,5071000000,6032000000,5850000000,5799000000,6137000000,6537000000,5271000000,4695000000,3664000000,2813000000,2508000000,2564000000,2224000000,2162000000,1935000000,1838000000,2919000000,3261000000,3081000000,3073000000,3889000000,4066000000,5296000000,7176000000,5583000000,4962000000,4854000000,4637000000,3938000000,3401000000,2397000000,585000000,114000000
1124,리스사,11735,㈜애큐온캐피탈,B,SK104,요약재무상태표(부채 및 자본)(08.03월 이후),A125,기타부채_퇴직급여채무,791000000,972000000,1133000000,1136000000,1138000000,1180000000,1254000000,1269000000,1260000000,1527000000,1689000000,1729000000,1876000000,1760000000,1846000000,1703000000,1817000000,2020000000,2156000000,2157000000,2204000000,2301000000,2497000000,3052000000,3141000000,3139000000,3317000000,3873000000,4097000000,3971000000,3869000000,3835000000,3700000000,3796000000,3953000000,4746000000,5906000000,5820000000,6017000000,7821000000,8120000000,8527000000,8750000000,7798000000,8304000000,8532000000,8964000000,7783000000,8014000000,8234000000,8659000000,9146000000,9016000000,9345000000,9576000000,0,9708000000,9927000000,9774000000,0,0,0,0,0,0,0,0,0
1125,리스사,11735,㈜애큐온캐피탈,B,SK104,요약재무상태표(부채 및 자본)(08.03월 이후),A1250,기타부채_퇴직급여채무_(미인식보험수리적손익) (+-),,,,,,,,,,,,,0,0,0,0,0,0,0,0,0,0,0,0, , , , , , , ,0,0,0,0,0,0,0,0,0,0,0, , ,0, , , ,0,0,0,0,0,0,0,0,0, ,0,0, ,0,0,0,0,0,0,0
1126,리스사,11735,㈜애큐온캐피탈,B,SK104,요약재무상태표(부채 및 자본)(08.03월 이후),A1251,기타부채_퇴직급여채무_(미인식과거근무원가) (-),,,,,,,,,,,,,0,0,0,0,0,0,0,0,0,0,0,0, , , , , , , ,0,0,0,0,0,0,0,0,0,0,0, , ,0, , , ,0,0,0,0,0,0,0,0,0, ,0,0,0,0,0,0,0,0,0,0
1127,리스사,11735,㈜애큐온캐피탈,B,SK104,요약재무상태표(부채 및 자본)(08.03월 이후),A1252,기타부채_퇴직급여채무_(퇴직급여사외적립자산) (-),,,,,,,,,,,,,-1736000000,-1524000000,-1470000000,-1536000000,-1477000000,-1480000000,-1447000000,-2265000000,-2016000000,-1924000000,-1934000000,-2783000000,-2644000000,-2420000000,-2370000000,-3268000000,-3106000000,-2749000000,-2448000000,-2859000000,-2484000000,-2313000000,-2208000000,-4205000000,-4169000000,-3669000000,-3598000000,-6090000000,-5914000000, , , ,-6857000000,-6708000000, , ,-7254000000,-7055000000,-7060000000,-8470000000,-7933000000,-7871000000,-7712000000,0,-9539000000,-9341000000,-8775000000,0,0,0,0,0,0,0,0,0
1128,리스사,11735,㈜애큐온캐피탈,B,SK104,요약재무상태표(부채 및 자본)(08.03월 이후),A126,기타부채_지급보증충당금,0,0,0,0,0,0,0,0,0,0,0,606000000,850000000,2080000000,3403000000,5212000000,7137000000,8778000000,10132000000,11034000000,12386000000,12355000000,9088000000,9531000000,9819000000,9973000000,4463000000,4333000000,4114000000,3909000000,3790000000,3705000000,1222000000,1211000000,1195000000,1118000000,1081000000,769000000,1028000000,1001000000,984000000,966000000,949000000,938000000,927000000,73000000,32000000,11000000,5000000,0,0,0,0,0,0,0,0, ,0,0,0,0,0,0,0,0,0,0
1129,리스사,11735,㈜애큐온캐피탈,B,SK104,요약재무상태표(부채 및 자본)(08.03월 이후),A127,기타부채_포인트충당부채,0,0,0,0,0,0,0,0,0,0,0,0,0,0,0,0,0,0,0,0,0,0,0,0, , , , , , , ,0,0,0,0,0,0,0,0,0,0,0, , , ,0, , ,0,0,0,0,0,0,0,0,0, ,0,0,0,0,0,0,0,0,0,0
1130,리스사,11735,㈜애큐온캐피탈,B,SK104,요약재무상태표(부채 및 자본)(08.03월 이후),A128,기타부채_미지급배당금,0,0,0,0,0,0,0,0,0,0,0,0,0,0,0,0,0,0,0,0,19292000000,0,0,0, , , , , , , ,0,0,0,0,0,0,0,0,11820000000,15027000000,2000000,2000000,40250000000,4000000,4000000,4000000,4000000,4000000,4000000,4000000,4000000,4000000,4000000,4000000,4000000,4000000,4000000,4000000,4000000,4000000,3000000,3000000,3000000,3000000,3000000,3000000,3000000
1131,리스사,11735,㈜애큐온캐피탈,B,SK104,요약재무상태표(부채 및 자본)(08.03월 이후),A129,기타부채_이연법인세부채,228000000,489000000,481000000,0,0,0,116000000,0,193000000,0,0,0,0,0,1787000000,610000000,0,0,0,3302000000,12716000000,20578000000,18732000000,21783000000, , , , , , , ,0,0,0,0,0,0,0,0,0,0,0, , ,0,0, , ,0,0,0,0,0,0,0,0,0, ,0,0,0,0,0,0,0,0,0,0
1132,리스사,11735,㈜애큐온캐피탈,B,SK104,요약재무상태표(부채 및 자본)(08.03월 이후),A12A,기타부채_외화환산대,0,0,0,0,0,0,0,0,0,0,0,0,0,0,0,0,0,0,0,0,0,0,0,0, , , , , , , ,0,0,0,0,0,0,0,0,0,0,0, , ,0,0, , ,0,0,0,0,0,0,0,0,0, ,0,0,0,0,0,0,0,0,0,0
1133,리스사,11735,㈜애큐온캐피탈,B,SK104,요약재무상태표(부채 및 자본)(08.03월 이후),A12B,기타부채_미사용약정충당금,0,0,0,0,0,0,0,0,0,0,0,0,812000000,582000000,420000000,3452000000,1216000000,588000000,548000000,407000000,395000000,948000000,582000000,402000000,311000000,307000000,496000000,558000000,321000000,237000000,235000000,170000000,120000000,120000000,117000000,179000000,0,0,0,0,0,0, , ,0,0, , ,0,0,0,0,0,0,0,0,0, ,0,0,0,0,0,0,0,0,0,0
1134,리스사,11735,㈜애큐온캐피탈,B,SK104,요약재무상태표(부채 및 자본)(08.03월 이후),A12C,기타부채_이자율위험포트폴리오위험회피 대상의 공정가액변동부채,,,,,,,,,,,,,0,0,0,0,0,0,0,0,0,0,0,0, , , , , , , ,0,0,0,0,0,0,0,0,0,0,0, , ,0,0, , ,0,0,0,0,0,0,0,0,0, ,0,0, ,0,0,0,0,0,0,0
1135,리스사,11735,㈜애큐온캐피탈,B,SK104,요약재무상태표(부채 및 자본)(08.03월 이후),A12D,기타부채_기타의 기타부채,0,0,0,0,0,0,0,0,0,0,0,0,0,68000000,53000000,67000000,39000000,79000000,62000000,229000000,158000000,112000000,52000000,53000000,55000000,31000000,27000000,1423000000,1756000000,1802000000,30000000,5000000,4000000,3000000,4000000,8000000,716000000,124000000,355000000,227000000,171000000,191000000,163000000,451000000,3784000000,3884000000,3533000000,2932000000,3507000000,3271000000,3244000000,2584000000,2853000000,6280000000,6442000000,5101000000,5052000000,4382000000,4133000000,3480000000,3224000000,2509000000,11089000000,9287000000,8763000000,8253000000,8358000000,7987000000
1136,리스사,11735,㈜애큐온캐피탈,B,SK104,요약재무상태표(부채 및 자본)(08.03월 이후),A13,요구불상환지분,,,,,,,,,,,,,0,0,0,0,0,0,0,0,0,0, ,0, , , , , , , ,0,0,0,0,0,0,0,0,0,0,0, , , ,0, , ,0,0,0,0,0,0,0,0,0, ,0,0,0,0,0,0,0,0,0,0
1137,리스사,11735,㈜애큐온캐피탈,B,SK104,요약재무상태표(부채 및 자본)(08.03월 이후),A130,요구불상환지분_상환우선주,,,,,,,,,,,,,0,0,0,0,0,0,0,0,0,0, ,0, , , , , , , ,0,0,0,0,0,0,0,0,0,0,0, , , ,0, , ,0,0,0,0,0,0,0,0,0, ,0,0, ,0,0,0,0,0,0,0
1138,리스사,11735,㈜애큐온캐피탈,B,SK104,요약재무상태표(부채 및 자본)(08.03월 이후),A131,요구불상환지분_기타,,,,,,,,,,,,,0,0,0,0,0,0,0,0,0,0, ,0, , , , , , , ,0,0,0,0,0,0,0,0,0,0,0, , , ,0, , ,0,0,0,0,0,0,0,0,0, ,0,0, ,0,0,0,0,0,0,0
1139,리스사,11735,㈜애큐온캐피탈,B,SK104,요약재무상태표(부채 및 자본)(08.03월 이후),A2,자본,100198000000,102019000000,104795000000,103198000000,104260000000,107589000000,165897000000,170999000000,176489000000,183543000000,189676000000,199222000000,188669000000,202133000000,308213000000,315916000000,383677000000,411774000000,436350000000,434388000000,461230000000,492903000000,531810000000,546626000000,256902000000,261074000000,272595000000,280066000000,286247000000,299183000000,307233000000,315468000000,324699000000,335366000000,457593000000,467703000000,495863000000,503162000000,523408000000,577015000000,558565000000,569814000000,577241000000,584376000000,593751000000,609489000000,585571000000,604606000000,616570000000,630008000000,643222000000,666824000000,681296000000,697113000000,717170000000,735659000000,759416000000,814676000000,839118000000,853954000000,870963000000,879354000000,883978000000,859926000000,869956000000,880387000000,884133000000,893101000000
1140,리스사,11735,㈜애큐온캐피탈,B,SK104,요약재무상태표(부채 및 자본)(08.03월 이후),A21,자본금,101000000000,101000000000,101000000000,101000000000,101000000000,101000000000,136971000000,136971000000,136971000000,136971000000,136971000000,136971000000,136971000000,136971000000,195670000000,195670000000,219231000000,219231000000,219231000000,219231000000,219231000000,219231000000,219231000000,219231000000,138277000000,138277000000,138277000000,138277000000,138277000000,138277000000,138277000000,138277000000,138277000000,138277000000,191491000000,191491000000,206137000000,206137000000,206137000000,206137000000,206137000000,206137000000,206137000000,206137000000,206137000000,206137000000,213372000000,213372000000,213372000000,213372000000,213372000000,213372000000,213372000000,213372000000,213372000000,213372000000,213372000000,223020000000,220446000000,220446000000,220446000000,220446000000,220446000000,220446000000,220446000000,220446000000,220446000000,220446000000
1141,리스사,11735,㈜애큐온캐피탈,B,SK104,요약재무상태표(부채 및 자본)(08.03월 이후),A210,자본금_보통주자본금,101000000000,101000000000,101000000000,101000000000,101000000000,101000000000,136971000000,136971000000,136971000000,136971000000,136971000000,136971000000,136971000000,136971000000,195670000000,195670000000,219231000000,219231000000,219231000000,219231000000,219231000000,219231000000,219231000000,219231000000,138277000000,138277000000,138277000000,138277000000,138277000000,138277000000,138277000000,138277000000,138277000000,138277000000,159762000000,159762000000,174408000000,174408000000,174408000000,174408000000,174408000000,174408000000,174408000000,174408000000,174408000000,174408000000,174408000000,174408000000,174408000000,174408000000,174408000000,174408000000,174408000000,174408000000,174408000000,174408000000,174408000000,184056000000,181482000000,181482000000,181482000000,181482000000,181482000000,181482000000,181482000000,181482000000,181482000000,181482000000
1142,리스사,11735,㈜애큐온캐피탈,B,SK104,요약재무상태표(부채 및 자본)(08.03월 이후),A211,자본금_우선주자본금,0,0,0,0,0,0,0,0,0,0,0,0,0,0,0,0,0,0,0,0,0,0,0,0, , , , , , , ,0,0,0,31729000000,31729000000,31729000000,31729000000,31729000000,31729000000,31729000000,31729000000,31729000000,31729000000,31729000000,31729000000,38964000000,38964000000,38964000000,38964000000,38964000000,38964000000,38964000000,38964000000,38964000000,38964000000,38964000000,38964000000,38964000000,38964000000,38964000000,38964000000,38964000000,38964000000,38964000000,38964000000,38964000000,38964000000
1143,리스사,11735,㈜애큐온캐피탈,B,SK104,요약재무상태표(부채 및 자본)(08.03월 이후),A212,자본금_신주청약증거금,0,0,0,0,0,0,0,0,0,0,0,0,0,0,0,0,0,0,0,0,0,0,0,0, , , , , , , ,0,0,0,0,0,0,0,0,0,0,0, , , , , , ,0,0,0,0,0,0,0,0,0, ,0,0,0,0,0,0,0,0,0,0
1144,리스사,11735,㈜애큐온캐피탈,B,SK104,요약재무상태표(부채 및 자본)(08.03월 이후),A22,자본잉여금,0,0,0,0,0,0,13450000000,13450000000,13450000000,13450000000,13450000000,13450000000,13450000000,13450000000,53904000000,53904000000,71211000000,71210000000,71210000000,71210000000,71210000000,71210000000,71210000000,71210000000,11160000000,11160000000,11160000000,11160000000,11160000000,11160000000,11160000000,11160000000,11160000000,11160000000,74677000000,74677000000,75070000000,75070000000,77376000000,137854000000,137854000000,137854000000,137854000000,137854000000,137854000000,137854000000,160089000000,160089000000,160089000000,160089000000,160089000000,160089000000,160089000000,160089000000,160090000000,160089000000,160089000000,190387000000,192961000000,192962000000,192962000000,192961000000,192961000000,192961000000,192960000000,192960000000,192962000000,192961000000
1145,리스사,11735,㈜애큐온캐피탈,B,SK104,요약재무상태표(부채 및 자본)(08.03월 이후),A220,자본잉여금_주식발행초과금,0,0,0,0,0,0,13450000000,13450000000,13450000000,13450000000,13450000000,13450000000,13450000000,13450000000,53904000000,53904000000,71211000000,71210000000,71210000000,71210000000,71210000000,71210000000,71210000000,71210000000,11160000000,11160000000,11160000000,11160000000,11160000000,11160000000,11160000000,11160000000,11160000000,11160000000,74677000000,74677000000,75070000000,75070000000,75070000000,75070000000,75070000000,75070000000,75070000000,75070000000,75070000000,75070000000,97305000000,97305000000,97305000000,97305000000,97305000000,97305000000,97305000000,97305000000,97305000000,97305000000,97305000000,127603000000,127603000000,127603000000,127603000000,127603000000,127603000000,127603000000,127603000000,127603000000,127603000000,127603000000
1146,리스사,11735,㈜애큐온캐피탈,B,SK104,요약재무상태표(부채 및 자본)(08.03월 이후),A221,자본잉여금_감자차익,0,0,0,0,0,0,0,0,0,0,0,0,0,0,0,0,0,0,0,0,0,0,0,0, , , , , , , ,0,0,0,0,0,0,0,0,0,0,0, , , , , , ,0,0,0,0,0,0,0,0,0, ,2574000000,2575000000,2574000000,2574000000,2574000000,2574000000,2574000000,2574000000,2574000000,2574000000
1147,리스사,11735,㈜애큐온캐피탈,B,SK104,요약재무상태표(부채 및 자본)(08.03월 이후),A222,자본잉여금_기타자본잉여금,0,0,0,0,0,0,0,0,0,0,0,0,0,0,0,0,0,0,0,0,0,0,0,0, , , , , , , ,0,0,0,0,0,0,0,2306000000,62784000000,62784000000,62784000000,62784000000,62784000000,62784000000,62784000000,62784000000,62784000000,62784000000,62784000000,62784000000,62784000000,62784000000,62784000000,62785000000,62784000000,62784000000,62784000000,62784000000,62784000000,62785000000,62785000000,62784000000,62784000000,62783000000,62783000000,62785000000,62784000000
1148,리스사,11735,㈜애큐온캐피탈,B,SK104,요약재무상태표(부채 및 자본)(08.03월 이후),A23,이익잉여금(결손금),629000000,2184000000,5054000000,3823000000,3061000000,6427000000,17280000000,20150000000,25471000000,32432000000,39680000000,47188000000,35914000000,49218000000,57238000000,59358000000,79983000000,106942000000,130324000000,126327000000,144941000000,170472000000,202687000000,197700000000,108279000000,113651000000,124830000000,128562000000,134686000000,144718000000,154953000000,160568000000,170086000000,181022000000,186918000000,192388000000,202493000000,209194000000,226414000000,223128000000,217447000000,225823000000,236144000000,242420000000,251814000000,267552000000,214164000000,232341000000,244318000000,257754000000,270964000000,294687000000,309172000000,324990000000,345047000000,363220000000,387000000000,402324000000,426776000000,440029000000,457063000000,469577000000,474215000000,450551000000,460613000000,471053000000,474798000000,483605000000
1149,리스사,11735,㈜애큐온캐피탈,B,SK104,요약재무상태표(부채 및 자본)(08.03월 이후),A230,이익잉여금(결손금)_이익준비금,0,0,0,0,0,0,0,0,0,0,0,0,0,0,0,0,0,0,0,0,1929000000,1929000000,1929000000,1929000000,1929000000,1929000000,1929000000,1929000000,1929000000,1929000000,1929000000,1929000000,1929000000,1929000000,1929000000,1929000000,1929000000,1929000000,1929000000,3111000000,4614000000,4614000000,4614000000,8639000000,8639000000,8639000000,8639000000,8639000000,8639000000,8639000000,8639000000,8639000000,8639000000,8639000000,8639000000,8639000000,8639000000,8639000000,8639000000,8639000000,8639000000,8639000000,8639000000,8639000000,8639000000,8639000000,8639000000,8639000000
1150,리스사,11735,㈜애큐온캐피탈,B,SK104,요약재무상태표(부채 및 자본)(08.03월 이후),A231,이익잉여금(결손금)_기업합리화적립금,0,0,0,0,0,0,0,0,0,0,0,0,0,0,0,0,0,0,0,0,0,0,0,0, , , , , , , ,0,0,0,0,0,0,0,0,0,0,0, , , , , , ,0,0,0,0,0,0,0,0,0, ,0,0,0,0,0,0,0,0,0,0
1151,리스사,11735,㈜애큐온캐피탈,B,SK104,요약재무상태표(부채 및 자본)(08.03월 이후),A232,이익잉여금(결손금)_투융자손실준비금,0,0,0,0,0,0,0,0,0,0,0,0,0,0,0,0,0,0,0,0,0,0,0,0, , , , , , , ,0,0,0,0,0,0,0,0,0,0,0, , , , , , ,0,0,0,0,0,0,0,0,0, ,0,0,0,0,0,0,0,0,0,0
1152,리스사,11735,㈜애큐온캐피탈,B,SK104,요약재무상태표(부채 및 자본)(08.03월 이후),A233,이익잉여금(결손금)_기타 법정적립금,0,0,0,0,0,0,0,0,0,0,0,0,0,0,0,0,0,0,0,0,0,0,0,0, , , , ,100000000,100000000,100000000,100000000,100000000,100000000,100000000,100000000,0,0,0,0,0,0, , , , , , ,0,0,0,0,0,0,0,0,0, ,0,0,0,0,0,0,0,0,0,0
1153,리스사,11735,㈜애큐온캐피탈,B,SK104,요약재무상태표(부채 및 자본)(08.03월 이후),A234,이익잉여금(결손금)_임의적립금,0,0,0,0,0,0,0,0,0,0,0,0,0,0,0,0,0,0,0,0,0,0,0,0, , , , , , , ,0,0,0,0,0,100000000,100000000,100000000,100000000,100000000,100000000,100000000,100000000,100000000,100000000,100000000,100000000,100000000,100000000,100000000,100000000,100000000,100000000,100000000,100000000,100000000,100000000,100000000,100000000,100000000,100000000,100000000,100000000,100000000,100000000,100000000,100000000
1154,리스사,11735,㈜애큐온캐피탈,B,SK104,요약재무상태표(부채 및 자본)(08.03월 이후),A235,이익잉여금(결손금)_해외투자손실준비금,0,0,0,0,0,0,0,0,0,0,0,0,0,0,0,0,0,0,0,0,0,0,0,0, , , , , , , ,0,0,0,0,0,0,0,0,0,0,0, , , , , , ,0,0,0,0,0,0,0,0,0, ,0,0,0,0,0,0,0,0,0,0
1155,리스사,11735,㈜애큐온캐피탈,B,SK104,요약재무상태표(부채 및 자본)(08.03월 이후),A236,이익잉여금(결손금)_미처분이익잉여금(미처리결손금),629000000,2184000000,5054000000,3823000000,3061000000,6427000000,17280000000,20150000000,25471000000,32432000000,39680000000,47188000000,35914000000,49218000000,57238000000,59358000000,79983000000,106942000000,130324000000,126327000000,143012000000,168543000000,200758000000,195771000000,96300000000,96298000000,96294000000,95838000000,126529000000,126529000000,127905000000,127905000000,156976000000,156973000000,156974000000,156722000000,192176000000,192176000000,192176000000,179174000000,204483000000,204483000000,204483000000,160210000000,233681000000,233682000000,161385000000,161385000000,223602000000,223602000000,223602000000,223602000000,285948000000,285948000000,285948000000,285948000000,344778000000,341113000000,331204000000,390211000000,397400000000,372956000000,377982000000,394098000000,408618000000,419058000000,422803000000,431610000000
1156,리스사,11735,㈜애큐온캐피탈,B,SK104,요약재무상태표(부채 및 자본)(08.03월 이후),A237,이익잉여금(결손금)_대손준비금,,,,,,,,,,,,,0,0,0,0,0,0,0,0,0,0,0,0, , , , , , , ,0,0,0,0,0,0,0,0,0,0,0, , , , , , ,0,0,0,0,0,0,0,0,9702000000,13367000000,23277000000,41079000000,50924000000,87882000000,87494000000,47714000000,43256000000,43256000000,43256000000,43256000000
1157,리스사,11735,㈜애큐온캐피탈,B,SK104,요약재무상태표(부채 및 자본)(08.03월 이후),A238,이익잉여금(결손금)_(당기순손익),242000000,1796000000,4666000000,3436000000,694000000,4060000000,14913000000, , ,12282000000,19530000000,27038000000,6278000000,19466000000,27487000000,29415000000,20323000000,48687000000,70195000000,0,0,63351000000,95564000000,90575000000,10050000000,15424000000,26607000000,30795000000,6128000000,16160000000,25019000000,30634000000,11081000000,22020000000,27915000000,33637000000,8288000000,14989000000,32209000000,40743000000,8250000000,16626000000,26947000000,73471000000,9394000000,25131000000,44040000000,62217000000,11977000000,25413000000,38623000000,62346000000,14485000000,30303000000,50360000000,68533000000,23781000000,39105000000,63556000000,76809000000,17035000000,29548000000,34187000000,10522000000,10062000000,20502000000,30156000000,38963000000
1158,리스사,11735,㈜애큐온캐피탈,B,SK104,요약재무상태표(부채 및 자본)(08.03월 이후),A24,자본조정,-1457000000,-1457000000,-1457000000,-1457000000,0,0,0,0,0,0,0,0,0,0,0,0,0,0,0,-3000000,-3000000,0,0,-3000000, , , , , , , ,0,0,0,0,0,0,0,0,0,0,0, , ,0,0, ,-1196000000,0,0,0,0,0,0,0,0,0, ,0,0,0,-4108000000,-4108000000,-4108000000,-4108000000,-4108000000,-4108000000,-4108000000
1159,리스사,11735,㈜애큐온캐피탈,B,SK104,요약재무상태표(부채 및 자본)(08.03월 이후),A240,자본조정_주식할인발행차금,-1457000000,-1457000000,-1457000000,-1457000000,0,0,0,0,0,0,0,0,0,0,0,0,0,0,0,0,0,0,0,0, , , , , , , ,0,0,0,0,0,0,0,0,0,0,0, , ,0,0, , ,0,0,0,0,0,0,0,0,0, ,0,0,0,0,0,0,0,0,0,0
1160,리스사,11735,㈜애큐온캐피탈,B,SK104,요약재무상태표(부채 및 자본)(08.03월 이후),A241,자본조정_배당건설이자,0,0,0,0,0,0,0,0,0,0,0,0,0,0,0,0,0,0,0,0,0,0,0,0, , , , , , , ,0,0,0,0,0,0,0,0,0,0,0, , ,0,0, , ,0,0,0,0,0,0,0,0,0, ,0,0,0,0,0,0,0,0,0,0
1161,리스사,11735,㈜애큐온캐피탈,B,SK104,요약재무상태표(부채 및 자본)(08.03월 이후),A242,자본조정_자기주식,0,0,0,0,0,0,0,0,0,0,0,0,0,0,0,0,0,0,0,0,0,0,0,0, , , , , , , ,0,0,0,0,0,0,0,0,0,0,0, , ,0,0, , ,0,0,0,0,0,0,0,0,0, ,0,0,0,-4108000000,-4108000000,-4108000000,-4108000000,-4108000000,-4108000000,-4108000000
1162,리스사,11735,㈜애큐온캐피탈,B,SK104,요약재무상태표(부채 및 자본)(08.03월 이후),A243,자본조정_주식매수선택권,0,0,0,0,0,0,0,0,0,0,0,0,0,0,0,0,0,0,0,0,0,0,0,0, , , , , , , ,0,0,0,0,0,0,0,0,0,0,0, , ,0,0, , ,0,0,0,0,0,0,0,0,0, ,0,0,0,0,0,0,0,0,0,0
1163,리스사,11735,㈜애큐온캐피탈,B,SK104,요약재무상태표(부채 및 자본)(08.03월 이후),A244,자본조정_미교부주식배당금,0,0,0,0,0,0,0,0,0,0,0,0,0,0,0,0,0,0,0,0,0,0,0,0, , , , , , , ,0,0,0,0,0,0,0,0,0,0,0, , ,0,0, , ,0,0,0,0,0,0,0,0,0, ,0,0,0,0,0,0,0,0,0,0
1164,리스사,11735,㈜애큐온캐피탈,B,SK104,요약재무상태표(부채 및 자본)(08.03월 이후),A245,자본조정_기타 자본조정,0,0,0,0,0,0,0,0,0,0,0,0,0,0,0,0,0,0,0,-3000000,-3000000,0,0,-3000000, , , , , , , ,0,0,0,0,0,0,0,0,0,0,0, , ,0,0,0,-1196000000,0,0,0,0,0,0,0,0,0, ,0,0,0,0,0,0,0,0,0,0
1165,리스사,11735,㈜애큐온캐피탈,B,SK104,요약재무상태표(부채 및 자본)(08.03월 이후),A25,기타포괄손익누계액,26000000,292000000,198000000,-168000000,199000000,162000000,-1804000000,428000000,597000000,690000000,-425000000,1613000000,2334000000,2494000000,1401000000,6984000000,13252000000,14391000000,15585000000,17623000000,25851000000,31990000000,38682000000,58488000000,-814000000,-2014000000,-1672000000,2067000000,2124000000,5028000000,2843000000,5463000000,5176000000,4907000000,4507000000,9147000000,12163000000,12761000000,13481000000,9896000000,-2873000000, ,-2894000000,-2035000000,-2054000000,-2054000000,-2054000000, ,-1209000000,-1207000000,-1203000000,-1324000000,-1337000000,-1338000000,-1339000000,-1022000000,-1045000000,-1055000000,-1065000000,517000000,492000000,478000000,464000000,76000000,45000000,36000000,35000000,197000000
1166,리스사,11735,㈜애큐온캐피탈,B,SK104,요약재무상태표(부채 및 자본)(08.03월 이후),A250,기타포괄손익누계액_매도가능금융자산평가이익,26000000,293000000,234000000,19000000,199000000,162000000,480000000,472000000,908000000,1295000000,2786000000,2090000000,2335000000,2567000000,1570000000,4004000000,4181000000,3269000000,3233000000,6724000000,6852000000,5995000000,2232000000,3310000000,4128000000,2774000000,2794000000,4954000000,5064000000,7736000000,6306000000,8393000000,6475000000,6169000000,5763000000,12285000000,17303000000,17554000000,15668000000,14858000000,0,0, , ,0,0, , ,0,0,0,0,0,0,0,0,0, ,0,0,0,0,0,0,0,0,0,0
1167,리스사,11735,㈜애큐온캐피탈,B,SK104,요약재무상태표(부채 및 자본)(08.03월 이후),A251,기타포괄손익누계액_매도가능금융자산평가손실,0,-1000000,-36000000,-187000000,0,0,-2284000000,-44000000,-311000000,-534000000,-3112000000,-382000000,-1000000,-73000000,-8000000,-926000000,-938000000,-934000000,-947000000,-3086000000,-2746000000,-3005000000,-3241000000,-4466000000,-4335000000,-4244000000,-3922000000,-2432000000,-2504000000,-2391000000,-1914000000,-1271000000,-1247000000,-1262000000,-1256000000,-3138000000,-3267000000,-2914000000,-298000000,-2109000000,0,0, , ,0,0, , ,0,0,0,0,0,0,0,0,0, ,0,0,0,0,0,0,0,0,0,0
1168,리스사,11735,㈜애큐온캐피탈,B,SK104,요약재무상태표(부채 및 자본)(08.03월 이후),A252,기타포괄손익누계액_해외사업환산이익,0,0,0,0,0,0,0,0,0,0,0,0,0,0,0,0,0,0,0,0,0,0,0,0, , , , , , , ,0,0,0,0,0,0,0,0,0,0,0, , ,0,0, , ,0,0,0,0,0,0,0,0,0, ,0,0,0,0,0,0,0,0,0,0
1169,리스사,11735,㈜애큐온캐피탈,B,SK104,요약재무상태표(부채 및 자본)(08.03월 이후),A253,기타포괄손익누계액_해외사업환산손실,0,0,0,0,0,0,0,0,0,0,0,0,0,0,0,0,0,0,0,0,0,0,0,0, , , , , , , ,0,0,0,0,0,0,0,0,0,0,0, , ,0,0, , ,0,0,0,0,0,0,0,0,0, ,0,0,0,0,0,0,0,0,0,0
1170,리스사,11735,㈜애큐온캐피탈,B,SK104,요약재무상태표(부채 및 자본)(08.03월 이후),A254,기타포괄손익누계액_현금흐름위험회피 파생상품평가이익,0,0,0,0,0,0,0,0,0,0,0,0,0,0,0,0,209000000,0,0,0,0,0,0,0, , , , , , , ,0,0,0,0,0,0,0,0,0,0,0, , ,0,0, , ,0,0,0,0,0,0,0,0,0, ,0,0,0,0,0,0,0,0,0,0
1171,리스사,11735,㈜애큐온캐피탈,B,SK104,요약재무상태표(부채 및 자본)(08.03월 이후),A255,기타포괄손익누계액_현금흐름위험회피 파생상품평가손실,0,0,0,0,0,0,0,0,0,0,0,0,0,0,-16000000,-102000000,0,-180000000,-1113000000,-1015000000,-1200000000,-888000000,-820000000,-708000000,-607000000,-544000000,-544000000,-455000000,-436000000,-317000000,-171000000,-103000000,-52000000,0,0,0,0,0,0,0,0,0, , ,0,0, , ,0,0,0,0,0,0,0,0,0, ,0,0,0,0,0,0,0,0,0,-180000000
1172,리스사,11735,㈜애큐온캐피탈,B,SK104,요약재무상태표(부채 및 자본)(08.03월 이후),A256,기타포괄손익누계액_지분법자본변동,0,0,0,0,0,0,0,0,0,0,0,0,0,0,0,4008000000,9800000000,12236000000,14412000000,15000000000,22945000000,30188000000,41002000000,61271000000, , , , , , , ,0,0,0,0,0,0,0,0,0,0,0, , ,0,0, , ,0,0,0,0,0,0,0,0,0, ,0,0,0,0,0,0,0,0,0,0
1173,리스사,11735,㈜애큐온캐피탈,B,SK104,요약재무상태표(부채 및 자본)(08.03월 이후),A257,기타포괄손익누계액_부의 지분법자본변동,0,0,0,0,0,0,0,0,0,-71000000,-99000000,-95000000,0,0,-145000000,0,0,0,0,0,0,-157000000,-349000000,-530000000, , , , , , , ,0,0,0,0,0,0,0,0,0,0,0, , ,0,0, , ,0,0,0,0,0,0,0,0,0, ,0,0,0,0,0,0,0,0,0,0
1174,리스사,11735,㈜애큐온캐피탈,B,SK104,요약재무상태표(부채 및 자본)(08.03월 이후),A258,기타포괄손익누계액_유형자산 재평가이익,,,,,,,,,,,,,0,0,0,0,0,0,0,0,0,0,0,0, , , , , , , ,0,0,0,0,0,0,0,0,0,0,0, , ,0,0, , ,0,0,0,0,0,0,0,0,0, ,0,0, ,0,0,0,0,0,0,0
1175,리스사,11735,㈜애큐온캐피탈,B,SK104,요약재무상태표(부채 및 자본)(08.03월 이후),A259,기타포괄손익누계액_기타,,,,,,,,,,,,,0,0,0,0,0,0,0,0,0,-143000000,-142000000,-389000000, , , , , , ,-1378000000,-1556000000,0,0,0,0,-1873000000,-1879000000,-1889000000,-2853000000,-2873000000, ,-2894000000,-2035000000,-2054000000,-2054000000,-2054000000, ,-1209000000,-1207000000,-1203000000,-1324000000,-1337000000,-1338000000,-1339000000,-1022000000,-1045000000,-1055000000,-1065000000,517000000,492000000,477000000,464000000,76000000,45000000,36000000,35000000,377000000
1176,리스사,11766,현대커머셜㈜ ,B,SK104,요약재무상태표(부채 및 자본)(08.03월 이후),A,부채 및 자본총계,953112000000,1024325000000,1054499000000,1126565000000,1240732000000,1379496000000,1525329000000,1628842000000,1785318000000,1925110000000,2175508000000,2534176000000,3021850000000,3183528000000,3324484000000,3466721000000,3633423000000,3796030000000,3831788000000,3896420000000,3992536000000,4148333000000,4133423000000,4155499000000,4313757000000,4518526000000,4675346000000,4782376000000,4999410000000,5100867000000,5142363000000,5313717000000,5368011000000,5667437000000,5891716000000,6017380000000,6178421000000,6646399000000,7376165000000,7748768000000,8026967000000,8141306000000,8524828000000,8544661000000,9173748000000,9499499000000,9233467000000,8987342000000,9114800000000,9310546000000,9116114000000,9369110000000,9548069000000,9503717000000,9544057000000,10001065000000,11305141000000,11208518000000,11510330000000,11170366000000,11047781000000,11404115000000,11975996000000,11826809000000,11965428000000,12109543000000,13042939000000,13134770000000
1177,리스사,11766,현대커머셜㈜ ,B,SK104,요약재무상태표(부채 및 자본)(08.03월 이후),A1,부채,882447000000,946352000000,973307000000,1052741000000,1165860000000,1292343000000,1423363000000,1519996000000,1662338000000,1782854000000,2017889000000,2359397000000,2827897000000,2971936000000,3090282000000,3114672000000,3327517000000,3472869000000,3520157000000,3576346000000,3664964000000,3806185000000,3775296000000,3788481000000,3951577000000,4025682000000,4171719000000,4269784000000,4488131000000,4574178000000,4539058000000,4725593000000,4784189000000,5061040000000,5236592000000,5400892000000,5448089000000,5903525000000,6486068000000,6902931000000,7136201000000,7129432000000,7494790000000,7362295000000,7967643000000,8269060000000,7976545000000,7718157000000,7844901000000,7991177000000,7840268000000,8075656000000,8250207000000,8179958000000,8183243000000,8699017000000,10015590000000,9942134000000,10185106000000,9696937000000,9511408000000,9812462000000,10333921000000,10211805000000,10234572000000,10420557000000,11332619000000,11392619000000
1178,리스사,11766,현대커머셜㈜ ,B,SK104,요약재무상태표(부채 및 자본)(08.03월 이후),A11,차입부채,869486000000,931578000000,955716000000,1022639000000,1121607000000,1262321000000,1394594000000,1487000000000,1624841000000,1722451000000,1957038000000,2279112000000,2756636000000,2899994000000,3009655000000,3022623000000,3231789000000,3381823000000,3418633000000,3461817000000,3550601000000,3685820000000,3656844000000,3660258000000,3819456000000,3894011000000,4036573000000,4115249000000,4343927000000,4412105000000,4365430000000,4552531000000,4606313000000,4891936000000,5041699000000,5211071000000,5249726000000,5709569000000,6227943000000,6641971000000,6877816000000,6870522000000,7225426000000,7094856000000,7701304000000,7996514000000,7714936000000,7456188000000,7587051000000,7722004000000,7572019000000,7798011000000,7981530000000,7894602000000,7892677000000,8313634000000,9667771000000,9591772000000,9817633000000,9381332000000,9205845000000,9500017000000,10002302000000,9863598000000,9899860000000,10054270000000,10949688000000,10957637000000
1179,리스사,11766,현대커머셜㈜ ,B,SK104,요약재무상태표(부채 및 자본)(08.03월 이후),A110,차입금,350000000000,321361000000,321811000000,336920000000,405120000000,523820000000,547420000000,541250000000,571250000000,549250000000,608000000000,774749000000,,,,,,,,,,,,,,,,,,,,,,,,,,,,,,,,,,,,,,,,,,,,,,,,,,,,,,,,
1180,리스사,11766,현대커머셜㈜ ,B,SK104,요약재무상태표(부채 및 자본)(08.03월 이후),A110,차입부채_차입금,,,,,,,,,,,,,1167409000000,1196615000000,1150613000000,1084885000000,1089912000000,1069102000000,997808000000,1033521000000,997011000000,930298000000,992957000000,856808000000,725902000000,601766000000,555590000000,522811000000,450284000000,408051000000,418992000000,517053000000,361268000000,576526000000,618260000000,714247000000,610326000000,688493000000,446875000000,926956000000,976288000000,1094302000000,950205000000,1008706000000,1053937000000,1027709000000,1062386000000,837536000000,993165000000,1159706000000,1361694000000,1474416000000,1564382000000,1607555000000,1711611000000,1962015000000,2504615000000,2611874000000,2576295000000,2433567000000,2299973000000,2145631000000,2364031000000,2117043000000,2204377000000,2102704000000,1980338000000,2225003000000
1181,리스사,11766,현대커머셜㈜ ,B,SK104,요약재무상태표(부채 및 자본)(08.03월 이후),A111,단기차입금,180000000000,151361000000,131811000000,88920000000,157120000000,275820000000,299420000000,283250000000,295250000000,273250000000,362000000000,462000000000,,,,,,,,,,,,,,,,,,,,,,,,,,,,,,,,,,,,,,,,,,,,,,,,,,,,,,,,
1182,리스사,11766,현대커머셜㈜ ,B,SK104,요약재무상태표(부채 및 자본)(08.03월 이후),A111,차입부채_차입금_단기차입금,,,,,,,,,,,,,400000000000,380000000000,373340000000,305640000000,341430000000,351430000000,310990000000,418690000000,362740000000,295315000000,334907000000,250637000000,291447000000,256912000000,252270000000,287092000000,270620000000,349649000000,411851000000,506307000000,351602000000,276397000000,336193000000,404950000000,324950000000,337950000000,180525000000,330552000000,380783000000,338726000000,196287000000,265805000000,265368000000,209454000000,258460000000,207883000000,317431000000,533831000000,484672000000,386247000000,481307000000,516827000000,693241000000,706192000000,601335000000,592635000000,232097000000,247100000000,245600000000,240000000000,310000000000,300000000000,301400000000,184490000000,336850000000,316850000000
1183,리스사,11766,현대커머셜㈜ ,B,SK104,요약재무상태표(부채 및 자본)(08.03월 이후),A112,차입부채_차입금_콜머니,,,,,,,,,,,,,0, , , , , , , , , , , , , , , , , , , , , , , , , , ,0, ,0, , , ,0,0,0,0,0,0,0,0,0,0,0, ,0,0,0,0,0,0,0,0,0,0,0
1184,리스사,11766,현대커머셜㈜ ,B,SK104,요약재무상태표(부채 및 자본)(08.03월 이후),A112,콜머니,0,0,0,0,0,0,0,0,0,0,0,0,,,,,,,,,,,,,,,,,,,,,,,,,,,,,,,,,,,,,,,,,,,,,,,,,,,,,,,,
1185,리스사,11766,현대커머셜㈜ ,B,SK104,요약재무상태표(부채 및 자본)(08.03월 이후),A113,장기차입금,120000000000,70000000000,120000000000,70000000000,120000000000,170000000000,170000000000,170000000000,121000000000,70000000000,50000000000,131749000000,,,,,,,,,,,,,,,,,,,,,,,,,,,,,,,,,,,,,,,,,,,,,,,,,,,,,,,,
1186,리스사,11766,현대커머셜㈜ ,B,SK104,요약재무상태표(부채 및 자본)(08.03월 이후),A113,차입부채_차입금_장기차입금,,,,,,,,,,,,,686409000000,726615000000,707273000000,669245000000,648482000000,647672000000,576836000000,564864000000,414305000000,225045000000,228115000000,161240000000,99517000000,59910000000,8357000000,5736000000,4586000000,3045000000,1093000000,9403000000,8928000000,587512000000,280910000000,308306000000,284547000000,349772000000,265586000000,584113000000,569834000000,716147000000,691371000000,425665000000,481734000000,416875000000,418022000000,289169000000,314075000000,360513000000,498008000000,885502000000,873000000000,849141000000,754198000000,874157000000,1419116000000,1511742000000,1919216000000,1498432000000,1488048000000,1463332000000,1293930000000,1293579000000,952107000000,750371000000,641139000000,1007354000000
1187,리스사,11766,현대커머셜㈜ ,B,SK104,요약재무상태표(부채 및 자본)(08.03월 이후),A114,유동성 장기차입금,50000000000,100000000000,70000000000,178000000000,128000000000,78000000000,78000000000,88000000000,155000000000,206000000000,196000000000,181000000000,,,,,,,,,,,,,,,,,,,,,,,,,,,,,,,,,,,,,,,,,,,,,,,,,,,,,,,,
1188,리스사,11766,현대커머셜㈜ ,B,SK104,요약재무상태표(부채 및 자본)(08.03월 이후),A114,차입부채_차입금_유동성 장기차입금,,,,,,,,,,,,,81000000000,90000000000,70000000000,110000000000,100000000000,70000000000,109982000000,49967000000,219966000000,409938000000,429936000000,444931000000,334937000000,284944000000,294963000000,229983000000,175078000000,55358000000,6048000000,1343000000,738000000,-287384000000,1157000000,991000000,829000000,770000000,764000000,12291000000,25671000000,39429000000,62546000000,317237000000,306835000000,401379000000,385903000000,340484000000,361659000000,265362000000,379014000000,202667000000,210075000000,241587000000,264172000000,381666000000,484164000000,507497000000,424982000000,688035000000,566325000000,521695000000,826260000000,581281000000,989244000000,1197485000000,1027438000000,927175000000
1189,리스사,11766,현대커머셜㈜ ,B,SK104,요약재무상태표(부채 및 자본)(08.03월 이후),A115,사  채,519486000000,610217000000,633905000000,685719000000,716487000000,738501000000,847174000000,945750000000,1053591000000,1173201000000,1349038000000,1504363000000,,,,,,,,,,,,,,,,,,,,,,,,,,,,,,,,,,,,,,,,,,,,,,,,,,,,,,,,
1190,리스사,11766,현대커머셜㈜ ,B,SK104,요약재무상태표(부채 및 자본)(08.03월 이후),A115,차입부채_사 채,,,,,,,,,,,,,1589228000000,1703379000000,1859042000000,1937738000000,2141878000000,2312721000000,2420825000000,2428296000000,2553590000000,2755522000000,2663887000000,2803451000000,3093555000000,3292245000000,3480983000000,3592438000000,3893643000000,4004054000000,3946438000000,4035478000000,4245045000000,4315411000000,4423439000000,4496824000000,4639400000000,5021076000000,5781069000000,5715015000000,5901527000000,5776220000000,6275221000000,6086150000000,6647367000000,6968805000000,6652551000000,6618652000000,6593885000000,6562298000000,6210324000000,6323595000000,6417148000000,6287047000000,6181066000000,6351619000000,7163155000000,6979898000000,7241338000000,6947765000000,6905872000000,7354387000000,7638272000000,7746555000000,7695483000000,7951566000000,8969350000000,8732634000000
1191,리스사,11766,현대커머셜㈜ ,B,SK104,요약재무상태표(부채 및 자본)(08.03월 이후),A1150,차입부채_사 채_단기사채,0,0,0,0,0,0,0,0,0,0,0,0,0, ,50000000000,80000000000,130000000000,180000000000,300000000000,330000000000,280000000000,230000000000,70000000000,70000000000,70000000000,90000000000,90000000000,50000000000,120000000000,100000000000,60000000000,170000000000,150000000000,330000000000,200000000000,160000000000,40000000000,30000000000,30000000000,60000000000,70000000000,70000000000,70000000000,50000000000,40000000000,40000000000,40000000000,260000000000,90000000000,130000000000,150000000000,200000000000,230000000000,220000000000,260000000000,170000000000,360000000000,150000000000,240000000000,200000000000,180000000000,200000000000,130000000000,120000000000,120000000000,120000000000,50000000000,50000000000
1192,리스사,11766,현대커머셜㈜ ,B,SK104,요약재무상태표(부채 및 자본)(08.03월 이후),A11500,차입부채_사 채_단기사채_(사채발행차금),0,0,0,0,0,0,0,0,0,0,0,0,0, ,48000000,59000000,86000000,86000000,186000000,180000000,-105000000,-44000000,-8000000,-63000000,-46000000,-47000000,-26000000,-33000000,-105000000,-211000000,-68000000,-331000000,-132000000,-234000000,-147000000,-75000000,-21000000,-8000000,-1000000,-106000000,-112000000,-112000000,-104000000,-88000000,-108000000,-107000000,-93000000,-436000000,-314000000,-148000000,-128000000,-110000000,-131000000,-120000000,-406000000,-162000000,-226000000,-178000000,-293000000,-335000000,-286000000,-453000000,-304000000,-285000000,-272000000,-264000000,-24000000,-18000000
1193,리스사,11766,현대커머셜㈜ ,B,SK104,요약재무상태표(부채 및 자본)(08.03월 이후),A1151,차입부채_사 채_유동성사채,90000000000,140000000000,0,0,112444000000,200088000000,294564000000,329482000000,411481000000,378221000000,335002000000,310334000000,311673000000,315252000000,445333000000,555393000000,570387000000,559084000000,599151000000,517489000000,498924000000,471860000000,462794000000,642388000000,692658000000,851282000000,910000000000,890000000000,1090000000000,1160000000000,1070000000000,1090000000000,1030000000000,970000000000,1180000000000,1246255000000,1406483000000,1467188000000,1447401000000,1323000000000,1230000000000,1260000000000,1680000000000,1895905000000,2066890000000,2357840000000,2380065000000,2304734000000,2386678000000,2266021000000,2295205000000,2060000000000,1980000000000,2000000000000,1650000000000,2339275000000,2630540000000,2724645000000,3071740000000,2988019000000,3369114000000,3099384000000,2660344000000,2800000000000,2717340000000,3074488000000,3430312000000,3201000000000
1194,리스사,11766,현대커머셜㈜ ,B,SK104,요약재무상태표(부채 및 자본)(08.03월 이후),A11510,차입부채_사 채_유동성사채_(유동성사채발행차금),46000000,150000000,0,0,292000000,527000000,692000000,79000000,96000000,558000000,410000000,289000000,438000000,406000000,515000000,588000000,562000000,-732000000,187000000,133000000,-98000000,-86000000,-195000000,-251000000,-202000000,-190000000,-152000000,-200000000,-251000000,-247000000,-188000000,-222000000,-257000000,-263000000,-285000000,-347000000,-367000000,-353000000,-299000000,-249000000,-228000000,-214000000,-396000000,-583000000,-520000000,-513000000,-498000000,-445000000,-447000000,-461000000,-598000000,-437000000,-414000000,-413000000,-394000000,-828000000,-869000000,-809000000,-752000000,-703000000,-773000000,-587000000,-479000000,-684000000,-784000000,-957000000,-1139000000,-1101000000
1195,리스사,11766,현대커머셜㈜ ,B,SK104,요약재무상태표(부채 및 자본)(08.03월 이후),A1152,차입부채_사 채_장기사채,430000000000,472058000000,635589000000,687267000000,605908000000,540364000000,554604000000,618338000000,644130000000,797160000000,1016252000000,1196144000000,1279793000000,1390326000000,1365821000000,1304320000000,1443474000000,1571618000000,1523654000000,1582704000000,1776524000000,2055656000000,2133000000000,2093000000000,2333000000000,2353000000000,2483000000000,2654946000000,2686150000000,2746723000000,2818835000000,2778031000000,3067605000000,3017941000000,3045889000000,3093425000000,3195805000000,3526980000000,4307335000000,4335712000000,4605320000000,4449736000000,4529016000000,4143543000000,4544134000000,4574704000000,4236039000000,4057890000000,4121130000000,4170035000000,3768675000000,4067040000000,4210680000000,4070400000000,4274792000000,3845565000000,4176324000000,4108787000000,3933044000000,3763365000000,3360380000000,4059432000000,4853096000000,4831820000000,4864040000000,4762868000000,5495468000000,5487500000000
1196,리스사,11766,현대커머셜㈜ ,B,SK104,요약재무상태표(부채 및 자본)(08.03월 이후),A11520,차입부채_사 채_장기사채_(사채발행차금),468000000,1691000000,1684000000,1548000000,1573000000,1424000000,1302000000,1991000000,1924000000,1622000000,1806000000,1826000000,1800000000,1792000000,1550000000,1328000000,1335000000,-1374000000,1608000000,1583000000,-1655000000,-1863000000,-1704000000,-1623000000,-1855000000,-1799000000,-1839000000,-2275000000,-2150000000,-2212000000,-2142000000,-2000000000,-2171000000,-2033000000,-2019000000,-2434000000,-2500000000,-2731000000,-3367000000,-3342000000,-3453000000,-3190000000,-3295000000,-2626000000,-3029000000,-3119000000,-2962000000,-3090000000,-3161000000,-3149000000,-2829000000,-2899000000,-2987000000,-2820000000,-2925000000,-2231000000,-2614000000,-2547000000,-2402000000,-2582000000,-2562000000,-3389000000,-4386000000,-4296000000,-4841000000,-4569000000,-5268000000,-4747000000
1197,리스사,11766,현대커머셜㈜ ,B,SK104,요약재무상태표(부채 및 자본)(08.03월 이후),A1153,차입부채_사 채_기타,-514000000,-1841000000,-1684000000,-1548000000,-1865000000,-1951000000,-1994000000,-2070000000,-2020000000,-2180000000,-2216000000,-2115000000,-4476000000,-4397000000,-4225000000,-3950000000,-3966000000,4039000000,-3961000000,-3793000000,0,-1000000,0,0,0,-1000000,0,0,-1000000,1000000,1000000,0,0,0,1000000,0,0,0,0,0,0,0,0,-1000000,0,0,0,-1000000,-1000000,0,-1000000,1000000,0,0,-1000000,0,0,0,1000000,1000000,-1000000,0,1000000,0,0,0,1000000,0
1198,리스사,11766,현대커머셜㈜ ,B,SK104,요약재무상태표(부채 및 자본)(08.03월 이후),A12,기타부채,12961000000,14774000000,17591000000,30102000000,44253000000,30022000000,28769000000,32996000000,37497000000,60403000000,60851000000,80285000000,71261000000,71942000000,80627000000,92049000000,95728000000,91045000000,101525000000,114530000000,114363000000,120365000000,118452000000,128223000000,132121000000,131671000000,135145000000,154536000000,144203000000,162073000000,173628000000,173062000000,177876000000,169103000000,194893000000,189821000000,198363000000,193956000000,258125000000,260960000000,258385000000,258910000000,269364000000,267439000000,266339000000,272546000000,261609000000,261969000000,257850000000,269173000000,268249000000,277645000000,268677000000,285356000000,290566000000,385383000000,347819000000,350362000000,367473000000,315605000000,305563000000,312445000000,331619000000,348207000000,334712000000,366287000000,382931000000,434982000000
1199,리스사,11766,현대커머셜㈜ ,B,SK104,요약재무상태표(부채 및 자본)(08.03월 이후),A120,기타부채_영업미지급금,2423000000,2486000000,4086000000,10480000000,0,0,0,0,0,0,0,0,0, , , , , , , , , , , , , , , , , , , , , , , , , , ,0, ,0, , , ,0,0,0,0,0,0,0,0,0,0,0, ,0,0,0,0,0,0,0,0,0,0,0
1200,리스사,11766,현대커머셜㈜ ,B,SK104,요약재무상태표(부채 및 자본)(08.03월 이후),A121,기타부채_장기미지급금,0,0,0,0,0,0,0,0,0,0,0,0,0, , , , , , , , , , , , , , , , , , , , , , , , , , ,0, ,0, , , ,0,0,0,0,0,0,0,0,0,0,0, ,0,0,0,0,0,0,0,0,0,0,0
1201,리스사,11766,현대커머셜㈜ ,B,SK104,요약재무상태표(부채 및 자본)(08.03월 이후),A122,기타부채_기타의 부채,7340000000,8859000000,10410000000,15988000000,40362000000,25805000000,24464000000,30139000000,31779000000,53698000000,51453000000,67769000000,52783000000,49157000000,51575000000,59781000000,64669000000,52640000000,58025000000,67446000000,62891000000,63072000000,54082000000,60643000000,60495000000,56412000000,60531000000,78583000000,66101000000,82398000000,79296000000,75363000000,74039000000,64809000000,85498000000,79362000000,98703000000,85949000000,87735000000,92394000000,91526000000,86169000000,92895000000,102759000000,94730000000,97043000000,93964000000,92800000000,91213000000,95728000000,93577000000,98820000000,81713000000,86966000000,82798000000,167427000000,110864000000,105926000000,111912000000,125442000000,117243000000,121671000000,133596000000,143038000000,133960000000,158623000000,164176000000,202342000000
1202,리스사,11766,현대커머셜㈜ ,B,SK104,요약재무상태표(부채 및 자본)(08.03월 이후),A1220,기타부채_기타의 부채_가수금,0,0,0,0,0,0,0,0,0,0,0,0,0, , , , , , , , , , , , , , , , , , , , ,419000000,664000000,2333000000,4256000000,-155000000,-879000000,4000000,3000000,3000000,1823000000,768000000,767000000,2789000000,2456000000,31000000,0,4000000,931000000,57000000,14000000,30000000,858000000,2431000000,1504000000,588000000,884000000,2829000000,159000000,106000000,773000000,2510000000,500000000,4217000000,1476000000,1667000000
1203,리스사,11766,현대커머셜㈜ ,B,SK104,요약재무상태표(부채 및 자본)(08.03월 이후),A1221,기타부채_기타의 부채_예수금,722000000,1119000000,2126000000,1256000000,1382000000,1371000000,1456000000,1360000000,1670000000,6734000000,2719000000,2810000000,3182000000,2937000000,3544000000,3073000000,6507000000,4840000000,2699000000,3470000000,4689000000,8397000000,3923000000,4638000000,10142000000,4564000000,6413000000,9172000000,7940000000,23065000000,3624000000,3765000000,6018000000,2122000000,2254000000,1882000000,3632000000,1980000000,4272000000,1917000000,3455000000,1616000000,1726000000,1656000000,1268000000,1416000000,1640000000,1311000000,1733000000,1526000000,4410000000,1789000000,2750000000,1956000000,2201000000,1980000000,7138000000,3164000000,3328000000,2747000000,3265000000,3775000000,3188000000,2459000000,2388000000,1993000000,2537000000,2224000000
1204,리스사,11766,현대커머셜㈜ ,B,SK104,요약재무상태표(부채 및 자본)(08.03월 이후),A1222,기타부채_기타의 부채_선수금,0,0,0,0,0,0,0,0,60000000,106000000,5650000000,11371000000,341000000,96000000,151000000,231000000,238000000,106000000,92000000,245000000,370000000,547000000,229000000,561000000,310000000,706000000,3000000,160000000,3000000,1067000000,470000000,707000000,992000000,98000000,1602000000,2006000000,1805000000,2021000000,-5000000,0,5000000,3336000000,3531000000,3748000000,3908000000,4126000000,4142000000,4155000000,4134000000,4047000000,549000000,527000000,517000000,517000000,497000000,59196000000,16280000000,1096000000,72000000,72000000,72000000,72000000,72000000,6000000,8000000,8000000,8000000,8000000
1205,리스사,11766,현대커머셜㈜ ,B,SK104,요약재무상태표(부채 및 자본)(08.03월 이후),A1223,기타부채_기타의 부채_선수수익,915000000,1957000000,1312000000,1301000000,2108000000,3070000000,2405000000,1866000000,1919000000,1910000000,2443000000,2541000000,2726000000,4637000000,4687000000,4870000000,4331000000,5167000000,4944000000,4660000000,4453000000,5749000000,5341000000,5884000000,6377000000,6228000000,5659000000,5348000000,5017000000,4760000000,5022000000,4961000000,4915000000,4868000000,4717000000,4674000000,4859000000,5328000000,5678000000,6583000000,6849000000,7456000000,7629000000,11315000000,11537000000,11017000000,10541000000,10918000000,10476000000,11011000000,11234000000,11444000000,11445000000,12402000000,13381000000,15621000000,15658000000,17364000000,21793000000,25856000000,24195000000,23063000000,24208000000,26607000000,25970000000,24409000000,25059000000,25206000000
1206,리스사,11766,현대커머셜㈜ ,B,SK104,요약재무상태표(부채 및 자본)(08.03월 이후),A1224,기타부채_기타의 부채_미지급금,1044000000,884000000,641000000,605000000,23309000000,8843000000,4646000000,5153000000,8384000000,22922000000,11706000000,14425000000,10322000000,5049000000,8977000000,7908000000,8402000000,12644000000,9673000000,15220000000,9645000000,14617000000,11969000000,14463000000,12944000000,14164000000,14495000000,20429000000,15503000000,14977000000,29441000000,15810000000,21870000000,16073000000,27846000000,26946000000,28311000000,25214000000,23308000000,27713000000,30758000000,26857000000,27145000000,30124000000,28080000000,22636000000,19336000000,22535000000,22575000000,20107000000,14901000000,14421000000,14460000000,18441000000,13259000000,18416000000,14067000000,17836000000,12484000000,13055000000,13906000000,12270000000,12392000000,19863000000,17188000000,22227000000,16144000000,17556000000
1207,리스사,11766,현대커머셜㈜ ,B,SK104,요약재무상태표(부채 및 자본)(08.03월 이후),A1225,기타부채_기타의 부채_미지급비용,3748000000,4897000000,6331000000,6372000000,7301000000,7821000000,10795000000,15722000000,13468000000,13483000000,17025000000,22408000000,20523000000,18384000000,20096000000,26858000000,22933000000,22006000000,26270000000,27996000000,24973000000,22258000000,22250000000,24019000000,19941000000,21065000000,23246000000,32305000000,26446000000,27743000000,29134000000,36609000000,28563000000,26897000000,21344000000,32064000000,23411000000,27380000000,32074000000,36010000000,28404000000,32190000000,37780000000,42324000000,32736000000,36721000000,32937000000,39316000000,27476000000,29910000000,29029000000,40842000000,25479000000,29638000000,30349000000,44538000000,32241000000,39495000000,49589000000,63519000000,54562000000,62042000000,70214000000,78641000000,68069000000,76203000000,80311000000,84163000000
1208,리스사,11766,현대커머셜㈜ ,B,SK104,요약재무상태표(부채 및 자본)(08.03월 이후),A1226,기타부채_기타의 부채_미지급법인세,0,0,0,0,0,0,1661000000,3171000000,3251000000,6103000000,7328000000,10125000000,11800000000,12385000000,11696000000,14150000000,19599000000,5532000000,8669000000,8349000000,12784000000,7810000000,8705000000,9140000000,8992000000,7800000000,7598000000,7675000000,7492000000,7878000000,9205000000,11873000000,10407000000,11015000000,7916000000,9321000000,9582000000,8027000000,12940000000,7848000000,8342000000,3080000000,4995000000,780000000,2420000000,1687000000,5345000000,375000000,7826000000,10847000000,15405000000,11995000000,17593000000,16938000000,19064000000,22758000000,23009000000,21827000000,18036000000,15602000000,20067000000,18276000000,18716000000,0,9531000000,16655000000,18342000000,19832000000
1209,리스사,11766,현대커머셜㈜ ,B,SK104,요약재무상태표(부채 및 자본)(08.03월 이후),A1227,기타부채_기타의 부채_선불카드수탁금,0,0,0,0,0,0,0,0,0,0,0,0,0, , , , , , , , , , , , , , , , , , , , , , , , , , ,0, ,0, , , ,0,0,0,0,0,0,0,0,0,0,0, ,0,0,0,0,0,0,0,0,0,0,0
1210,리스사,11766,현대커머셜㈜ ,B,SK104,요약재무상태표(부채 및 자본)(08.03월 이후),A1228,기타부채_기타의 부채_부가세예수금,0,2000000,0,0,0,0,0,0,0,0,0,0,0, , , , , , , , , , , , , , , , , , , , , , , , , ,2000000,13000000,5000000,47000000,36000000,66000000,36000000,29000000,122000000,27000000,22000000,25000000,61000000,211000000,58000000,126000000,56000000,229000000,25000000,117000000,65000000,125000000,46000000,147000000,108000000,42000000,919000000,995000000,1162000000,1116000000
1211,리스사,11766,현대커머셜㈜ ,B,SK104,요약재무상태표(부채 및 자본)(08.03월 이후),A1229,기타부채_기타의 부채_선물환거래대,0,0,0,0,0,0,0,0,0,0,0,0,0, , , , , , , , , , , , , , , , , , , , , , , , , , ,0, ,0, , , ,0,0,0,0,0,0,0,0,0,0,0, ,0,0,0,0,0,0,0,0,0,0,0
1212,리스사,11766,현대커머셜㈜ ,B,SK104,요약재무상태표(부채 및 자본)(08.03월 이후),A122A,기타부채_기타의 부채_파생상품부채,911000000,0,0,6454000000,6262000000,4700000000,3501000000,2867000000,3027000000,2440000000,4582000000,4089000000,3889000000,5668000000,2424000000,2691000000,2659000000,2344000000,5676000000,7506000000,5978000000,3693000000,1665000000,1938000000,1789000000,1885000000,3118000000,3494000000,3700000000,2907000000,2400000000,1638000000,1274000000,3319000000,19155000000,135000000,22847000000,16155000000,10345000000,12306000000,13706000000,11584000000,8228000000,11977000000,13978000000,16622000000,17445000000,14132000000,16970000000,18250000000,17057000000,17534000000,9396000000,6918000000,3133000000,2259000000,943000000,4440000000,5661000000,1637000000,970000000,1920000000,3924000000,12909000000,9388000000,11915000000,19136000000,50570000000
1213,리스사,11766,현대커머셜㈜ ,B,SK104,요약재무상태표(부채 및 자본)(08.03월 이후),A122B,기타부채_기타의 부채_옵션수입프리미엄,0,0,0,0,0,0,0,0,0,0,0,0,0, , , , , , , , , , , , , , , , , , , , , , , , , , ,0, ,0, , , ,0,0,0,0,0,0,0,0,0,0,0, ,0,0,0,0,0,0,0,0,0,0,0
1214,리스사,11766,현대커머셜㈜ ,B,SK104,요약재무상태표(부채 및 자본)(08.03월 이후),A122C,기타부채_기타의 부채_이연리스수익,0,0,0,0,0,0,0,0,0,0,0,0,0, , , , , , , , , , , , , , , , , , , , , , , , , , ,0, ,0, , , ,0,0,0,0,0,0,0,0,0,0,0, ,0,0,0,0,0,0,0,0,0,0,0
1215,리스사,11766,현대커머셜㈜ ,B,SK104,요약재무상태표(부채 및 자본)(08.03월 이후),A122D,기타부채_기타의 부채_기타의 유동부채,0,0,0,0,0,0,0,0,0,0,0,0,0, , , , , , , , , , , , , , , , , , , , , , , , , , ,0, ,0, , , ,0,0,0,0,0,0,0,0,0,0,0, ,0,0,0,0,0,0,0,0,0,0,0
1216,리스사,11766,현대커머셜㈜ ,B,SK104,요약재무상태표(부채 및 자본)(08.03월 이후),A122E,기타부채_유동성 장기부채,0,0,0,0,0,0,0,0,0,0,0,0,0, , , , , , , , , , , , , , , , , , , , , , , , , , ,0, ,0, , , ,0,0,0,0,0,0,0,0,0,0,0, ,0,0,0,0,0,0,0,0,0,0,0
1217,리스사,11766,현대커머셜㈜ ,B,SK104,요약재무상태표(부채 및 자본)(08.03월 이후),A123,기타부채_리스보증금,1508000000,1176000000,1046000000,984000000,992000000,1052000000,982000000,1125000000,1085000000,1032000000,1327000000,3181000000,5920000000,9735000000,13134000000,16493000000,19778000000,24364000000,28313000000,33014000000,37354000000,43031000000,48708000000,53848000000,57915000000,59006000000,57585000000,57948000000,58409000000,60229000000,60771000000,63042000000,66238000000,66494000000,67768000000,71454000000,75271000000,80846000000,85190000000,87513000000,89445000000,90875000000,91555000000,92900000000,92420000000,93469000000,92880000000,91497000000,92583000000,92655000000,92972000000,93137000000,97224000000,101821000000,105823000000,112677000000,117203000000,120376000000,126393000000,125973000000,123600000000,120639000000,123040000000,128365000000,127006000000,126179000000,135230000000,143545000000
1218,리스사,11766,현대커머셜㈜ ,B,SK104,요약재무상태표(부채 및 자본)(08.03월 이후),A124,기타부채_보 증 금,0,0,0,0,0,0,0,0,0,0,0,0,0, , , , , , , , , , , , , , , , , , , , , , , , , , ,350000000,350000000,350000000,350000000,350000000,350000000,350000000,350000000,350000000,350000000,350000000,0,0,0,0,0,0, ,0,0,0,0,0,0,0,0,0,0,0
1219,리스사,11766,현대커머셜㈜ ,B,SK104,요약재무상태표(부채 및 자본)(08.03월 이후),A1240,기타부채_보 증 금_상환이행보증금,0,0,0,0,0,0,0,0,0,0,0,0,0, , , , , , , , , , , , , , , , , , , , , , , , , , ,0, ,0, , , ,0,0,0,0,0,0,0,0,0,0,0, ,0,0,0,0,0,0,0,0,0,0,0
1220,리스사,11766,현대커머셜㈜ ,B,SK104,요약재무상태표(부채 및 자본)(08.03월 이후),A1241,기타부채_보 증 금_임대보증금,0,0,0,0,0,0,0,0,0,0,0,0,0, , , , , , , , , , , , , , , , , , , , , , , , , , ,0, ,0, , , ,0,0,0,0,0,0,0,0,0,0,0, ,0,0,0,0,0,0,0,0,0,0,0
1221,리스사,11766,현대커머셜㈜ ,B,SK104,요약재무상태표(부채 및 자본)(08.03월 이후),A1242,기타부채_보 증 금_기타보증금,0,0,0,0,0,0,0,0,0,0,0,0,0, , , , , , , , , , , , , , , , , , , , , , , , , , ,350000000,350000000,350000000,350000000,350000000,350000000,350000000,350000000,350000000,350000000,350000000,0,0,0,0,0,0, ,0,0,0,0,0,0,0,0,0,0,0
1222,리스사,11766,현대커머셜㈜ ,B,SK104,요약재무상태표(부채 및 자본)(08.03월 이후),A125,기타부채_퇴직급여채무,2718000000,3295000000,2782000000,3407000000,3670000000,3946000000,4186000000,4409000000,4846000000,5127000000,5538000000,4956000000,6050000000,6652000000,6827000000,7597000000,7447000000,8595000000,9352000000,10602000000,11562000000,11729000000,12598000000,14128000000,15011000000,15926000000,5440000000,4388000000,6267000000,6574000000,8242000000,7070000000,8850000000,24405000000,26813000000,25535000000,26331000000,29292000000,30466000000,29353000000,29306000000,31163000000,32912000000,28840000000,28780000000,33181000000,35002000000,0,0,36201000000,0,0,0,37414000000,0,0, ,2441000000,0,0,0,0,0,0,0,0,0,0
1223,리스사,11766,현대커머셜㈜ ,B,SK104,요약재무상태표(부채 및 자본)(08.03월 이후),A1250,기타부채_퇴직급여채무_(미인식보험수리적손익) (+-),,,,,,,,,,,,,0, , , , , , , , , , , , , , , , , , , , , , , , , , ,0, ,0, , , ,0,0,0,0,0,0,0,0,0,0,0, ,0,0,0,0,0,0,0,0,0,0,0
1224,리스사,11766,현대커머셜㈜ ,B,SK104,요약재무상태표(부채 및 자본)(08.03월 이후),A1251,기타부채_퇴직급여채무_(미인식과거근무원가) (-),,,,,,,,,,,,,0, , , , , , , , , , , , , , , , , , , , , , , , , , ,0, ,0, , , ,0,0,0,0,0,0,0,0,0,0,0, ,0,0,0,0,0,0,0,0,0,0,0
1225,리스사,11766,현대커머셜㈜ ,B,SK104,요약재무상태표(부채 및 자본)(08.03월 이후),A1252,기타부채_퇴직급여채무_(퇴직급여사외적립자산) (-),,,,,,,,,,,,,3907000000,4017000000,3617000000,5364000000,5418000000,5344000000,5362000000,8546000000,-8502000000,-8568000000,-8740000000,-11611000000,-11682000000,-11654000000,-11568000000,-14681000000,-14841000000,-14684000000,-14800000000,-15598000000,-15333000000,-15057000000,-14724000000,-18659000000,-18591000000,-19222000000,-19849000000,-24826000000,-24121000000,-23362000000,-23502000000,-29948000000,-28454000000,-28764000000,-36135000000,0,0,-35661000000,0,0,0,-36705000000,0,0, ,0,0,0,0,0,0,0,0,0,0,0
1226,리스사,11766,현대커머셜㈜ ,B,SK104,요약재무상태표(부채 및 자본)(08.03월 이후),A126,기타부채_지급보증충당금,0,0,0,0,0,0,0,2000000,82000000,104000000,115000000,135000000,0, , , , , , , , , , , , , , , , , , , , , , , , , , ,0, ,0, , , ,0,0,0,0,0,0,0,0,0,0,0, ,0,0,0,0,0,5000000,5000000,5000000,5000000,0,0
1227,리스사,11766,현대커머셜㈜ ,B,SK104,요약재무상태표(부채 및 자본)(08.03월 이후),A127,기타부채_포인트충당부채,0,0,0,0,0,0,0,0,0,0,0,0,0, , , , , , , , , , , , , , , , , , , , , , , , , , ,0, ,0, , , ,0,0,0,0,0,0,0,0,0,0,0, ,0,0,0,0,0,0,0,0,0,0,0
1228,리스사,11766,현대커머셜㈜ ,B,SK104,요약재무상태표(부채 및 자본)(08.03월 이후),A128,기타부채_미지급배당금,0,0,0,0,0,0,0,0,0,0,0,0,0, , , , , , , , , , , , , , , , , , , , , , , , , , ,0, ,0, , , ,0,0,0,0,0,0,0,0,0,0,0, ,0,0,0,0,0,0,0,0,0,0,0
1229,리스사,11766,현대커머셜㈜ ,B,SK104,요약재무상태표(부채 및 자본)(08.03월 이후),A129,기타부채_이연법인세부채,0,0,0,0,0,0,0,0,2464000000,4047000000,6187000000,8056000000,10415000000,10415000000,12709000000,13542000000,9251000000,10791000000,11197000000,12014000000,11063000000,11107000000,11810000000,11220000000,10387000000,10843000000,10992000000,10705000000,10669000000,10736000000,23479000000,25180000000,26471000000,26087000000,27165000000,28169000000,12677000000,12759000000,70983000000,72493000000,68392000000,70311000000,71456000000,69434000000,71581000000,71031000000,69677000000,72012000000,67261000000,74080000000,76443000000,80534000000,82200000000,88810000000,95128000000,97969000000,111746000000,114102000000,121019000000,53724000000,54635000000,60852000000,66186000000,66522000000,63760000000,72395000000,75220000000,79172000000
1230,리스사,11766,현대커머셜㈜ ,B,SK104,요약재무상태표(부채 및 자본)(08.03월 이후),A12A,기타부채_외화환산대,0,0,0,0,0,0,0,0,0,0,0,0,0, , , , , , , , , , , , , , , , , , , , , , , , , , ,0, ,0, , , ,0,0,0,0,0,0,0,0,0,0,0, ,0,0,0,0,0,0,0,0,0,0,0
1231,리스사,11766,현대커머셜㈜ ,B,SK104,요약재무상태표(부채 및 자본)(08.03월 이후),A12B,기타부채_미사용약정충당금,0,0,0,0,0,0,0,0,0,0,0,0,0, , , , , , , , , , , , , , , , , , , , , , ,61000000,61000000,63000000,66000000,243000000,157000000,207000000,502000000,727000000,809000000,795000000,719000000,642000000,779000000,1051000000,1035000000,1270000000,983000000,763000000,849000000,862000000,1067000000,861000000,2028000000,3776000000,3740000000,3819000000,3580000000,3725000000,3824000000,3544000000,3361000000,3032000000
1232,리스사,11766,현대커머셜㈜ ,B,SK104,요약재무상태표(부채 및 자본)(08.03월 이후),A12C,기타부채_이자율위험포트폴리오위험회피 대상의 공정가액변동부채,,,,,,,,,,,,,0, , , , , , , , , , , , , , , , , , , , , , , , , , ,0, ,0, , , ,0,0,0,0,0,0,0,0,0,0,0, ,0,0,0,0,0,0,0,0,0,0,0
1233,리스사,11766,현대커머셜㈜ ,B,SK104,요약재무상태표(부채 및 자본)(08.03월 이후),A12D,기타부채_기타의 기타부채,0,0,0,0,0,0,0,0,0,0,0,0,0, , , , , , , , , , , , , ,599000000,2911000000,2758000000,2137000000,1840000000,2407000000,2279000000,2365000000,2374000000,3900000000,3912000000,4269000000,3533000000,3440000000,3330000000,3197000000,3197000000,2377000000,6123000000,5441000000,5151000000,4668000000,5664000000,4769000000,4222000000,3885000000,6557000000,6287000000,5968000000,6449000000,6938000000,6656000000,6121000000,6690000000,6346000000,5463000000,5212000000,6552000000,6156000000,5540000000,4944000000,6890000000
1234,리스사,11766,현대커머셜㈜ ,B,SK104,요약재무상태표(부채 및 자본)(08.03월 이후),A13,요구불상환지분,,,,,,,,,,,,,0, , , , , , , , , , , , , , , , , , , , , , , , , , ,0, ,0, , , ,0,0,0,0,0,0,0,0,0,0,0, ,0,0,0,0,0,0,0,0,0,0,0
1235,리스사,11766,현대커머셜㈜ ,B,SK104,요약재무상태표(부채 및 자본)(08.03월 이후),A130,요구불상환지분_상환우선주,,,,,,,,,,,,,0, , , , , , , , , , , , , , , , , , , , , , , , , , ,0, ,0, , , ,0,0,0,0,0,0,0,0,0,0,0, ,0,0,0,0,0,0,0,0,0,0,0
1236,리스사,11766,현대커머셜㈜ ,B,SK104,요약재무상태표(부채 및 자본)(08.03월 이후),A131,요구불상환지분_기타,,,,,,,,,,,,,0, , , , , , , , , , , , , , , , , , , , , , , , , , ,0, ,0, , , ,0,0,0,0,0,0,0,0,0,0,0, ,0,0,0,0,0,0,0,0,0,0,0
1237,리스사,11766,현대커머셜㈜ ,B,SK104,요약재무상태표(부채 및 자본)(08.03월 이후),A2,자본,70665000000,77973000000,81192000000,73824000000,74872000000,87153000000,101966000000,108846000000,122980000000,142256000000,157619000000,174779000000,193953000000,211591000000,234202000000,352049000000,305906000000,323162000000,311631000000,320074000000,327572000000,342148000000,358126000000,367018000000,362180000000,492844000000,503627000000,512592000000,511279000000,526689000000,603306000000,588125000000,583822000000,606398000000,655124000000,616488000000,730332000000,742874000000,890097000000,845837000000,890766000000,1011874000000,1030038000000,1182366000000,1206105000000,1230439000000,1256922000000,1269185000000,1269899000000,1319369000000,1275846000000,1293454000000,1297862000000,1323759000000,1360814000000,1302048000000,1289551000000,1266384000000,1325224000000,1473429000000,1536373000000,1591653000000,1642075000000,1615004000000,1730856000000,1688986000000,1710320000000,1742151000000
1238,리스사,11766,현대커머셜㈜ ,B,SK104,요약재무상태표(부채 및 자본)(08.03월 이후),A21,자본금,100000000000,100000000000,100000000000,100000000000,100000000000,100000000000,100000000000,100000000000,100000000000,100000000000,100000000000,100000000000,100020000000,100020000000,100020000000,125020000000,125000000000,125000000000,125000000000,125000000000,125000000000,125000000000,125000000000,125000000000,125000000000,244644000000,244644000000,244644000000,125000000000,125000000000,125000000000,125000000000,125000000000,125000000000,125000000000,125000000000,125000000000,125000000000,125000000000,125000000000,125000000000,150000000000,150000000000,183333000000,183333000000,183333000000,183333000000,183333000000,183333000000,183333000000,183333000000,183333000000,183333000000,183333000000,183333000000,183333000000,183333000000,183333000000,183333000000,183333000000,183333000000,183333000000,183333000000,183333000000,183333000000,183333000000,183333000000,183333000000
1239,리스사,11766,현대커머셜㈜ ,B,SK104,요약재무상태표(부채 및 자본)(08.03월 이후),A210,자본금_보통주자본금,100000000000,100000000000,100000000000,100000000000,100000000000,100000000000,100000000000,100000000000,100000000000,100000000000,100000000000,100000000000,100020000000,100020000000,100020000000,100020000000,100000000000,100000000000,100000000000,100000000000,100000000000,100000000000,100000000000,100000000000,100000000000,100000000000,100000000000,100000000000,100000000000,100000000000,100000000000,100000000000,100000000000,100000000000,100000000000,100000000000,100000000000,100000000000,100000000000,100000000000,100000000000,100000000000,100000000000,133333000000,133333000000,133333000000,133333000000,133333000000,133333000000,133333000000,133333000000,133333000000,133333000000,133333000000,133333000000,133333000000,133333000000,133333000000,133333000000,133333000000,133333000000,133333000000,133333000000,133333000000,133333000000,133333000000,133333000000,133333000000
1240,리스사,11766,현대커머셜㈜ ,B,SK104,요약재무상태표(부채 및 자본)(08.03월 이후),A211,자본금_우선주자본금,0,0,0,0,0,0,0,0,0,0,0,0,0, , ,25000000000,25000000000,25000000000,25000000000,25000000000,25000000000,25000000000,25000000000,25000000000,25000000000,144644000000,144644000000,144644000000,25000000000,25000000000,25000000000,25000000000,25000000000,25000000000,25000000000,25000000000,25000000000,25000000000,25000000000,25000000000,25000000000,50000000000,50000000000,50000000000,50000000000,50000000000,50000000000,50000000000,50000000000,50000000000,50000000000,50000000000,50000000000,50000000000,50000000000,50000000000,50000000000,50000000000,50000000000,50000000000,50000000000,50000000000,50000000000,50000000000,50000000000,50000000000,50000000000,50000000000
1241,리스사,11766,현대커머셜㈜ ,B,SK104,요약재무상태표(부채 및 자본)(08.03월 이후),A212,자본금_신주청약증거금,0,0,0,0,0,0,0,0,0,0,0,0,0, , , , , , , , , , , , , , , , , , , , , , , , , , ,0, ,0, , , ,0,0,0,0,0,0,0,0,0,0,0, ,0,0,0,0,0,0,0,0,0,0,0
1242,리스사,11766,현대커머셜㈜ ,B,SK104,요약재무상태표(부채 및 자본)(08.03월 이후),A22,자본잉여금,0,0,0,0,0,0,0,0,0,0,0,0,0, , ,74608000000,74608000000,74608000000,74608000000,74608000000,74608000000,74608000000,74608000000,74608000000,74608000000,74608000000,74608000000,74608000000,194253000000,194253000000,274036000000,274036000000,274036000000,274036000000,274036000000,274036000000,323898000000,323898000000,323898000000,373761000000,473503000000,548328000000,548328000000,655998000000,655998000000,655858000000,655858000000,655858000000,655858000000,655858000000,576075000000,576075000000,576075000000,576075000000,576075000000,576075000000,576077000000,576077000000,625942000000,576080000000,576079000000,576079000000,576079000000,576079000000,655871000000,576076000000,576076000000,576076000000
1243,리스사,11766,현대커머셜㈜ ,B,SK104,요약재무상태표(부채 및 자본)(08.03월 이후),A220,자본잉여금_주식발행초과금,0,0,0,0,0,0,0,0,0,0,0,0,0, , ,74608000000,74608000000,74608000000,74608000000,74608000000,74608000000,74608000000,74608000000,74608000000,74608000000,74608000000,74608000000,74608000000,74608000000,74608000000,74608000000,74608000000,74608000000,74608000000,74608000000,74608000000,74608000000,74608000000,74608000000,74608000000,74608000000,149433000000,149433000000,257103000000,257103000000,256918000000,256918000000,256918000000,256918000000,256918000000,256918000000,256918000000,256918000000,256918000000,256918000000,256918000000,256918000000,256918000000,256918000000,256918000000,256918000000,256918000000,256918000000,256918000000,256918000000,256918000000,256918000000,256918000000
1244,리스사,11766,현대커머셜㈜ ,B,SK104,요약재무상태표(부채 및 자본)(08.03월 이후),A221,자본잉여금_감자차익,0,0,0,0,0,0,0,0,0,0,0,0,0, , , , , , , , , , , , , , , , , , , , , , , , , , ,0, ,0, , , ,0,0,0,0,0,0,0,0,0,0,0, ,0,0,0,0,0,0,0,0,0,0,0
1245,리스사,11766,현대커머셜㈜ ,B,SK104,요약재무상태표(부채 및 자본)(08.03월 이후),A222,자본잉여금_기타자본잉여금,0,0,0,0,0,0,0,0,0,0,0,0,0, , , , , , , , , , , , , , , ,119644000000,119644000000,199427000000,199427000000,199427000000,199427000000,199427000000,199427000000,249290000000,249290000000,249290000000,299153000000,398895000000,398895000000,398895000000,398895000000,398895000000,398941000000,398941000000,398941000000,398941000000,398941000000,319158000000,319158000000,319158000000,319158000000,319158000000,319158000000,319160000000,319160000000,369025000000,319162000000,319161000000,319161000000,319161000000,319161000000,398953000000,319159000000,319159000000,319159000000
1246,리스사,11766,현대커머셜㈜ ,B,SK104,요약재무상태표(부채 및 자본)(08.03월 이후),A23,이익잉여금(결손금),-27794000000,-23287000000,-19270000000,-16642000000,-13781000000,-5168000000,5369000000,11369000000,25050000000,44215000000,61420000000,75539000000,88875000000,108613000000,131616000000,148894000000,101989000000,123317000000,110944000000,122406000000,130217000000,146416000000,161921000000,172523000000,167596000000,179899000000,191948000000,201568000000,200201000000,215693000000,199441000000,191655000000,185980000000,208954000000,227626000000,229691000000,286511000000,300792000000,448725000000,351951000000,315895000000,343268000000,355028000000,353680000000,363319000000,375226000000,392605000000,414341000000,421853000000,453926000000,487206000000,508782000000,541537000000,564730000000,606344000000,549184000000,575911000000,607124000000,653715000000,833977000000,829828000000,874167000000,911652000000,904748000000,940069000000,995034000000,1021402000000,1078566000000
1247,리스사,11766,현대커머셜㈜ ,B,SK104,요약재무상태표(부채 및 자본)(08.03월 이후),A230,이익잉여금(결손금)_이익준비금,0,0,0,0,0,0,0,0,0,0,0,0,1000000000,1000000000,1000000000,1000000000,4000000000,4000000000,6500000000,6500000000,7100000000,7100000000,7100000000,7100000000,8830000000,8830000000,8830000000,8830000000,10070000000,10070000000,10070000000,11510000000,13770000000,13770000000,13770000000,13770000000,14240000000,14240000000,14240000000,14240000000,19240000000,19240000000,19240000000,19240000000,19780000000,19780000000,19780000000,19780000000,20320000000,20320000000,20320000000,20320000000,21860000000,21860000000,21860000000,21860000000,27193000000,27193000000,27193000000,27193000000,27193000000,27193000000,27193000000,27193000000,27193000000,27193000000,27193000000,27193000000
1248,리스사,11766,현대커머셜㈜ ,B,SK104,요약재무상태표(부채 및 자본)(08.03월 이후),A231,이익잉여금(결손금)_기업합리화적립금,0,0,0,0,0,0,0,0,0,0,0,0,0, , , , , , , , , , , , , , , , , , , , , , , , , , ,0, ,0, , , ,0,0,0,0,0,0,0,0,0,0,0, ,0,0,0,0,0,0,0,0,0,0,0
1249,리스사,11766,현대커머셜㈜ ,B,SK104,요약재무상태표(부채 및 자본)(08.03월 이후),A232,이익잉여금(결손금)_투융자손실준비금,0,0,0,0,0,0,0,0,0,0,0,0,0, , , , , , , , , , , , , , , , , , , , , , , , , , ,0, ,0, , , ,0,0,0,0,0,0,0,0,0,0,0, ,0,0,0,0,0,0,0,0,0,0,0
1250,리스사,11766,현대커머셜㈜ ,B,SK104,요약재무상태표(부채 및 자본)(08.03월 이후),A233,이익잉여금(결손금)_기타 법정적립금,0,0,0,0,0,0,0,0,0,0,0,0,0, , , , , , , , , , , , , , , , , , , , , , , , , , ,0, ,0, , , ,0,0,0,0,0,0,0,0,0,0,0, ,0,0,0,0,0,0,0,0,0,0,0
1251,리스사,11766,현대커머셜㈜ ,B,SK104,요약재무상태표(부채 및 자본)(08.03월 이후),A234,이익잉여금(결손금)_임의적립금,0,0,0,0,0,0,0,0,0,0,0,0,100000000,100000000,100000000,100000000,838000000,100000000,100000000,100000000,16855000000,19076000000,19076000000,16151000000,12975000000,13096000000,100000000,100000000,100000000,100000000,100000000,100000000,100000000,100000000,100000000,100000000,100000000,100000000,100000000,100000000,100000000,100000000,100000000,100000000,100000000,100000000,100000000,100000000,100000000,100000000,100000000,100000000,100000000,100000000,-1098000000,100000000,100000000,100000000,100000000,100000000,100000000,100000000,100000000,100000000,100000000,100000000,100000000,100000000
1252,리스사,11766,현대커머셜㈜ ,B,SK104,요약재무상태표(부채 및 자본)(08.03월 이후),A235,이익잉여금(결손금)_해외투자손실준비금,0,0,0,0,0,0,0,0,0,0,0,0,0, , , , , , , , , , , , , , , , , , , , , , , , , , ,0, ,0, , , ,0,0,0,0,0,0,0,0,0,0,0, ,0,0,0,0,0,0,0,0,0,0,0
1253,리스사,11766,현대커머셜㈜ ,B,SK104,요약재무상태표(부채 및 자본)(08.03월 이후),A236,이익잉여금(결손금)_미처분이익잉여금(미처리결손금),-27794000000,-23287000000,-19270000000,-16642000000,-13781000000,-5168000000,5369000000,11369000000,25050000000,44215000000,61420000000,75539000000,84982000000,104697000000,127229000000,144437000000,83875000000,106177000000,90349000000,100517000000,106262000000,120240000000,135745000000,149272000000,145792000000,157972000000,168266000000,171554000000,172988000000,187224000000,166266000000,161143000000,153418000000,170241000000,186892000000,193810000000,250484000000,259930000000,403784000000,308923000000,278983000000,306003000000,316931000000,315513000000,327138000000,338381000000,354709000000,375077000000,381415000000,404274000000,431705000000,458059000000,488584000000,507496000000,547911000000,488912000000,512384000000,537718000000,582295000000,767271000000,763916000000,811802000000,836994000000,819094000000,858591000000,913917000000,939672000000,1011752000000
1254,리스사,11766,현대커머셜㈜ ,B,SK104,요약재무상태표(부채 및 자본)(08.03월 이후),A237,이익잉여금(결손금)_대손준비금,,,,,,,,,,,,,2794000000,2816000000,3287000000,3357000000,13275000000,13040000000,13995000000,15290000000,16755000000,18976000000,18976000000,18976000000,18976000000,12996000000,14752000000,21084000000,17043000000,18299000000,23004000000,18903000000,18693000000,24842000000,26864000000,22012000000,21688000000,26522000000,30601000000,28688000000,17571000000,17925000000,18756000000,18827000000,16301000000,16966000000,18016000000,19385000000,20018000000,29233000000,35082000000,30302000000,30993000000,35274000000,36472000000,38312000000,36234000000,42112000000,44127000000,39412000000,38619000000,35071000000,47365000000,58360000000,54184000000,53824000000,54437000000,39521000000
1255,리스사,11766,현대커머셜㈜ ,B,SK104,요약재무상태표(부채 및 자본)(08.03월 이후),A238,이익잉여금(결손금)_(당기순손익),2485000000,6991000000,11009000000,13637000000,2861000000,11474000000,22011000000,28011000000,14345000000,33510000000,50714000000,64833000000,14612000000,16922000000,19780000000,11133000000,8238000000,7715000000,13624000000,12425000000,11285000000,17870000000,17079000000,12490000000,15387000000,12280000000,12280000000,50125000000,12749000000,29976000000,35209000000,43201000000,19618000000,45236000000,66584000000,71334000000,18862000000,36325000000,262778000000,272413000000,15022000000,47692000000,63928000000,68648000000,20006000000,38374000000,60215000000,87760000000,17364000000,53852000000,91534000000,122554000000,51292000000,78231000000,123387000000,185303000000,83590000000,118365000000,168813000000,340916000000,45437000000,94079000000,135802000000,133182000000,39736000000,100494000000,131524000000,193385000000
1256,리스사,11766,현대커머셜㈜ ,B,SK104,요약재무상태표(부채 및 자본)(08.03월 이후),A24,자본조정,-664000000,-664000000,-664000000,-664000000,-664000000,-664000000,-664000000,-664000000,0,0,0,0,0, , , , , , , , , , , , , , ,-2397000000,-2397000000,-2397000000,-2397000000,-2397000000,-2397000000,-2397000000,-2397000000,-2397000000,-2397000000,-2397000000,-2397000000,-2397000000,-2397000000,-2397000000,-2397000000,-2397000000,-2397000000,-2753000000,-2753000000,-2753000000,-2753000000,-2753000000,-2970000000,-2970000000,-2970000000,-2970000000,-2970000000,-2970000000,-3107000000,-3107000000,-3107000000,-3244000000,-3502000000,-3502000000,-3502000000,-3502000000,-3502000000,-3812000000,-3812000000,-3812000000
1257,리스사,11766,현대커머셜㈜ ,B,SK104,요약재무상태표(부채 및 자본)(08.03월 이후),A240,자본조정_주식할인발행차금,-664000000,-664000000,-664000000,-664000000,-664000000,-664000000,-664000000,-664000000,0,0,0,0,0, , , , , , , , , , , , , , , , , , , , , , , , , , ,0, ,0, , , ,0,0,0,0,0,0,0,0,0,0,0, ,0,0,0,0,0,0,0,0,0,0,0
1258,리스사,11766,현대커머셜㈜ ,B,SK104,요약재무상태표(부채 및 자본)(08.03월 이후),A241,자본조정_배당건설이자,0,0,0,0,0,0,0,0,0,0,0,0,0, , , , , , , , , , , , , , , , , , , , , , , , , , ,0, ,0, , , ,0,0,0,0,0,0,0,0,0,0,0, ,0,0,0,0,0,0,0,0,0,0,0
1259,리스사,11766,현대커머셜㈜ ,B,SK104,요약재무상태표(부채 및 자본)(08.03월 이후),A242,자본조정_자기주식,0,0,0,0,0,0,0,0,0,0,0,0,0, , , , , , , , , , , , , , , , , , , , , , , , , , ,0, ,0, , , ,0,0,0,0,0,0,0,0,0,0,0, ,0,0,0,0,0,0,0,0,0,0,0
1260,리스사,11766,현대커머셜㈜ ,B,SK104,요약재무상태표(부채 및 자본)(08.03월 이후),A243,자본조정_주식매수선택권,0,0,0,0,0,0,0,0,0,0,0,0,0, , , , , , , , , , , , , , , , , , , , , , , , , , ,0, ,0, , , ,0,0,0,0,0,0,0,0,0,0,0, ,0,0,0,0,0,0,0,0,0,0,0
1261,리스사,11766,현대커머셜㈜ ,B,SK104,요약재무상태표(부채 및 자본)(08.03월 이후),A244,자본조정_미교부주식배당금,0,0,0,0,0,0,0,0,0,0,0,0,0, , , , , , , , , , , , , , , , , , , , , , , , , , ,0, ,0, , , ,0,0,0,0,0,0,0,0,0,0,0, ,0,0,0,0,0,0,0,0,0,0,0
1262,리스사,11766,현대커머셜㈜ ,B,SK104,요약재무상태표(부채 및 자본)(08.03월 이후),A245,자본조정_기타 자본조정,0,0,0,0,0,0,0,0,0,0,0,0,0, , , , , , , , , , , , , , ,-2397000000,-2397000000,-2397000000,-2397000000,-2397000000,-2397000000,-2397000000,-2397000000,-2397000000,-2397000000,-2397000000,-2397000000,-2397000000,-2397000000,-2397000000,-2397000000,-2397000000,-2397000000,-2753000000,-2753000000,-2753000000,-2753000000,-2753000000,-2970000000,-2970000000,-2970000000,-2970000000,-2970000000,-2970000000,-3107000000,-3107000000,-3107000000,-3244000000,-3502000000,-3502000000,-3502000000,-3502000000,-3502000000,-3812000000,-3812000000,-3812000000
1263,리스사,11766,현대커머셜㈜ ,B,SK104,요약재무상태표(부채 및 자본)(08.03월 이후),A25,기타포괄손익누계액,-877000000,1924000000,1126000000,-8870000000,-10683000000,-7015000000,-2739000000,-1859000000,-2070000000,-1959000000,-3801000000,-760000000,5058000000,2958000000,2567000000,3527000000,4310000000,237000000,1079000000,-1940000000,-2253000000,-3876000000,-3403000000,-5113000000,-5025000000,-6307000000,-7573000000,-5832000000,-5777000000,-5860000000,7227000000,-169000000,1203000000,806000000,30860000000,-9842000000,-2680000000,-4419000000,-5129000000,-2478000000,-21235000000,-27325000000,-20921000000,-8248000000,5852000000,18775000000,27879000000,18406000000,11608000000,29005000000,32202000000,28234000000,-113000000,2591000000,-1968000000,-3574000000,-42663000000,-97043000000,-134659000000,-116717000000,-49365000000,-38424000000,-25487000000,-45654000000,-44915000000,-61645000000,-66679000000,-92012000000
1264,리스사,11766,현대커머셜㈜ ,B,SK104,요약재무상태표(부채 및 자본)(08.03월 이후),A250,기타포괄손익누계액_매도가능금융자산평가이익,0,0,0,0,0,0,0,0,0,0,0,2180000000,7247000000,5670000000,7376000000,5983000000,4680000000,702000000,3886000000,-141000000,1987000000,-855000000,-627000000,-1909000000,-1466000000,-2317000000,-2352000000,735000000,1809000000,944000000,1618000000,1736000000,3007000000,1621000000,1094000000,557000000,1042000000,326000000,-804000000,-1529000000,990000000,448000000,1543000000,6592000000,5369000000,6470000000,6189000000,5250000000,4354000000,4743000000,4370000000,2643000000,3443000000,2420000000,1168000000,420000000,-43000000,18000000,32000000,36000000,1858000000,1247000000,939000000,2705000000,3412000000,3929000000,4710000000,4322000000
1265,리스사,11766,현대커머셜㈜ ,B,SK104,요약재무상태표(부채 및 자본)(08.03월 이후),A251,기타포괄손익누계액_매도가능금융자산평가손실,0,0,0,0,0,0,0,0,0,0,0,0,0, , , , , , , , , , , , , , , , , , , , , ,473000000,473000000,473000000,473000000,473000000,473000000,-3471000000,-3439000000,-3437000000,-4677000000,-1079000000,185000000,308000000,325000000,272000000,134000000,51000000,609000000,690000000,388000000,339000000,37000000,-845000000,-5906000000,-13189000000,-10327000000,-514000000,-1106000000,-1627000000,-635000000,516000000,1193000000,1491000000,985000000
1266,리스사,11766,현대커머셜㈜ ,B,SK104,요약재무상태표(부채 및 자본)(08.03월 이후),A252,기타포괄손익누계액_해외사업환산이익,0,0,0,0,0,0,0,0,0,0,0,0,0, , , , , , , , , , , , , , , , , , , , , , , , , , ,0, ,0, , , ,0,0,0,0,0,0,0,0,0,0,0, ,0,0,0,0,0,0,0,0,0,0,0
1267,리스사,11766,현대커머셜㈜ ,B,SK104,요약재무상태표(부채 및 자본)(08.03월 이후),A253,기타포괄손익누계액_해외사업환산손실,0,0,0,0,0,0,0,0,0,0,0,0,0, , , , , , , , , , , , , , , , , , , , , , , , , , ,0, ,0, , , ,0,0,0,0,0,0,0,0,0,0,0, ,0,0,0,0,0,0,0,0,0,0,0
1268,리스사,11766,현대커머셜㈜ ,B,SK104,요약재무상태표(부채 및 자본)(08.03월 이후),A254,기타포괄손익누계액_현금흐름위험회피 파생상품평가이익,0,1924000000,1126000000,-8870000000,-10683000000,0,0,0,0,0,0,0,0, , , , , , , , , , , , , , , , , , , , , ,520000000,56000000,51000000,115000000,577000000,1432000000,1592000000,991000000,979000000,347000000,85000000,28000000,0,0,0,20000000,0,88000000,382000000,729000000,981000000,1357000000,4919000000,10826000000,14142000000,9410000000,5293000000,6482000000,7216000000,2273000000,1960000000,1509000000,861000000,2052000000
1269,리스사,11766,현대커머셜㈜ ,B,SK104,요약재무상태표(부채 및 자본)(08.03월 이후),A255,기타포괄손익누계액_현금흐름위험회피 파생상품평가손실,-877000000,0,0,0,0,-7015000000,-3622000000,-2640000000,-3196000000,-2656000000,-2486000000,-1663000000,-791000000,-921000000,-2424000000,-840000000,-370000000,-466000000,-2806000000,-1799000000,-2332000000,-1326000000,-1068000000,-950000000,-1137000000,-1422000000,-2363000000,-2630000000,-2941000000,-2501000000,-2204000000,-1316000000,-1141000000,-3487000000,-2812000000,-388000000,-371000000,-588000000,-294000000,-108000000,-1104000000,-2229000000,-3316000000,-6266000000,-8409000000,-11200000000,-13497000000,-10584000000,-14392000000,-15134000000,-13299000000,-9834000000,-5959000000,-3879000000,-2235000000,-1551000000,-19000000,0,0,-391000000,-782000000,-750000000,-1008000000,-3758000000,-1892000000,-2174000000,-6114000000,-5229000000
1270,리스사,11766,현대커머셜㈜ ,B,SK104,요약재무상태표(부채 및 자본)(08.03월 이후),A256,기타포괄손익누계액_지분법자본변동,0,0,0,0,0,0,883000000,781000000,1126000000,697000000,-1315000000,-1277000000,-1399000000,-1790000000,-2385000000,-1616000000, , , , , , , , , , , , , , ,12604000000,3827000000,4335000000,7277000000,37449000000,-6452000000, , ,-604000000,163000000,-16535000000,-19345000000,-12501000000,-538000000,13934000000,29682000000,41529000000,28170000000,26099000000,44839000000,46783000000,39712000000,5260000000,7764000000,2366000000,5983000000,14817000000,19439000000,29060000000,23952000000,10868000000,16201000000,22751000000,1569000000,5537000000,576000000,228000000,578000000
1271,리스사,11766,현대커머셜㈜ ,B,SK104,요약재무상태표(부채 및 자본)(08.03월 이후),A257,기타포괄손익누계액_부의 지분법자본변동,0,0,0,0,0,0,0,0,0,0,0,0,0, , , , , , , ,-1908000000,-1695000000,-1708000000,-2254000000,-2421000000,-2568000000,-2858000000, , , , , , , , , , , , ,0, ,0, , , ,0,0,0,0,0,0,-541000000,0,0,0,-5859000000,-58879000000,-114583000000,-159253000000,-134561000000,-60208000000,-53757000000,-47559000000,-42090000000,-48946000000,-59768000000,-60488000000,-85595000000
1272,리스사,11766,현대커머셜㈜ ,B,SK104,요약재무상태표(부채 및 자본)(08.03월 이후),A258,기타포괄손익누계액_유형자산 재평가이익,,,,,,,,,,,,,0, , , , , , , , , , , , , , , , , , , , , , , , , , ,0, ,0, , , ,0,0,0,0,0,0,0,0,0,0,0, ,0,0,0,0,0,0,0,0,0,0,0
1273,리스사,11766,현대커머셜㈜ ,B,SK104,요약재무상태표(부채 및 자본)(08.03월 이후),A259,기타포괄손익누계액_기타,,,,,,,,,,,,,0, , , , , , , , , , , , , , ,-3937000000,-4646000000,-4303000000,-4792000000,-4415000000,-4998000000,-4605000000,-5864000000,-4087000000,-3875000000,-4745000000,-4477000000,-2909000000,-2706000000,-3750000000,-4189000000,-3707000000,-4048000000,-6391000000,-6649000000,-4756000000,-4726000000,-5597000000,-5703000000,-4442000000,-3928000000,-4831000000,-4587000000,-3962000000,-2614000000,-6837000000,-5450000000,-4835000000,-5881000000,-6742000000,-6198000000,-5718000000,-5501000000,-6909000000,-7367000000,-9126000000
1274,리스사,11807,엔비에이치캐피탈㈜,B,SK104,요약재무상태표(부채 및 자본)(08.03월 이후),A,부채 및 자본총계,22265000000,27486000000,32218000000,32675000000,36141000000,36047000000,35268000000,34347000000,43357000000,48142000000,39149000000,39904000000,39266000000,39779000000,39922000000,37738000000,37476000000,37932000000,37084000000,35227000000,34169000000,33963000000,34251000000,33433000000,34163000000,35673000000,52391000000,52973000000,55694000000,60124000000,66076000000,73474000000,70819000000,78353000000,83050000000,92654000000,91564000000,95926000000,101915000000,97386000000,89788000000,92682000000,101631000000,96418000000,87544000000,75650000000,75154000000,82205000000,82461000000,80895000000,82876000000,80087000000,78688000000,55536000000,60592000000,74894000000,98049000000,106057000000,112600000000,106573000000,103522000000,108785000000,99534000000,103738000000,99655000000,102413000000,113778000000,110657000000
1275,리스사,11807,엔비에이치캐피탈㈜,B,SK104,요약재무상태표(부채 및 자본)(08.03월 이후),A1,부채,2239000000,7446000000,12149000000,12449000000,16009000000,15762000000,14855000000,14058000000,22812000000,27294000000,17738000000,18631000000,17700000000,16432000000,16021000000,15045000000,14088000000,14426000000,13723000000,11697000000,11251000000,11169000000,11193000000,10382000000,11028000000,12375000000,9204000000,9470000000,11826000000,15719000000,21488000000,28896000000,25861000000,32742000000,37381000000,46854000000,44493000000,48524000000,54236000000,49814000000,41829000000,44352000000,52408000000,48831000000,39420000000,27071000000,26727000000,21980000000,21934000000,20192000000,20173000000,18093000000,15881000000,14473000000,19067000000,18129000000,40980000000,48379000000,54296000000,48288000000,44760000000,49516000000,39548000000,41822000000,40657000000,42143000000,51997000000,47168000000
1276,리스사,11807,엔비에이치캐피탈㈜,B,SK104,요약재무상태표(부채 및 자본)(08.03월 이후),A11,차입부채,0,5000000000,9295000000,8463000000,9530000000,10614000000,10262000000,9789000000,13486000000,14016000000,12380000000,12721000000,11930000000,11139000000,10083000000,9167000000,7907000000,8971000000,8880000000,6717000000,6877000000,5964000000,6052000000,4639000000,4893000000,6064000000,4000000000,4294000000,6000000000,10036000000,15051000000,22902000000,19528000000,27188000000,32857000000,39920000000,37966000000,42458000000,45918000000,41954000000,33639000000,36551000000,44685000000,39893000000,29931000000,16822000000,17055000000,14783000000,13660000000,12199000000,10940000000,9931000000,8188000000,6104000000,10664000000,10398000000,32844000000,40615000000,46897000000,40192000000,38448000000,42657000000,32261000000,35188000000,31627000000,34799000000,44987000000,39340000000
1277,리스사,11807,엔비에이치캐피탈㈜,B,SK104,요약재무상태표(부채 및 자본)(08.03월 이후),A110,차입부채_차입금,,,,,,,,,,,,,4013000000,3139000000,3000000000,0,0,0,0,0,0,0,0,0,0,0,4000000000,4294000000,6000000000,10036000000,15051000000,22902000000,19528000000,27188000000,32857000000,39920000000,37966000000,42458000000,45918000000,41954000000,33639000000,36551000000,44685000000,39893000000,30069000000,16822000000,17055000000,14879000000,13745000000,12272000000,10999000000,9979000000,-36000000,6104000000,10664000000,10398000000, , ,39897000000,33293000000,31550000000,32757000000,32331000000,30232000000,26645000000,29800000000,40015000000,37357000000
1278,리스사,11807,엔비에이치캐피탈㈜,B,SK104,요약재무상태표(부채 및 자본)(08.03월 이후),A111,단기차입금,0,0,0,0,0,0,0,0,3000000000,3000000000,3000000000,3000000000,,,,,,,,,,,,,,,,,,,,,,,,,,,,,,,,,,,,,,,,,,,,,,,,,,,,,,,,
1279,리스사,11807,엔비에이치캐피탈㈜,B,SK104,요약재무상태표(부채 및 자본)(08.03월 이후),A111,차입부채_차입금_단기차입금,,,,,,,,,,,,,3000000000,3000000000,3000000000,0,0,0,0,0,0,0,0,0,0,0,4000000000,4294000000,6000000000,7036000000,10300000000,11900000000,10000000000,18500000000,20161000000,27918000000,28158000000,27050000000,32665000000,28707000000,22708000000,25763000000,35533000000,24000000000,16000000000,7300000000,3000000000,3000000000,7000000000,7000000000,7000000000,7000000000,6000000000,5000000000,5000000000,5000000000,28000000000,35750000000,35036000000,28293000000,26550000000,30757000000,27331000000,25232000000,21645000000,22850000000,33265000000,30757000000
1280,리스사,11807,엔비에이치캐피탈㈜,B,SK104,요약재무상태표(부채 및 자본)(08.03월 이후),A112,차입부채_차입금_콜머니,,,,,,,,,,,,,0, , , , , , , , , , , , , ,0,0,0,0,0,0,0,0,0,0,0,0,0, ,0,0,0,0,0,0,0, ,0,0,0,0,0,0, , , , , , , , , , , , , , 
1281,리스사,11807,엔비에이치캐피탈㈜,B,SK104,요약재무상태표(부채 및 자본)(08.03월 이후),A112,콜머니,0,0,0,0,0,0,0,0,0,0,0,0,,,,,,,,,,,,,,,,,,,,,,,,,,,,,,,,,,,,,,,,,,,,,,,,,,,,,,,,
1282,리스사,11807,엔비에이치캐피탈㈜,B,SK104,요약재무상태표(부채 및 자본)(08.03월 이후),A113,장기차입금,0,5000000000,9295000000,8463000000,8530000000,7697000000,6595000000,5456000000,4569000000,3683000000,2797000000,1888000000,,,,,,,,,,,,,,,,,,,,,,,,,,,,,,,,,,,,,,,,,,,,,,,,,,,,,,,,
1283,리스사,11807,엔비에이치캐피탈㈜,B,SK104,요약재무상태표(부채 및 자본)(08.03월 이후),A113,차입부채_차입금_장기차입금,,,,,,,,,,,,,1013000000,139000000,0,0,0,0,0,0,0,0,0,0,0,0,0,0,0,3000000000,4751000000,11002000000,9528000000,8688000000,12696000000,12002000000,9808000000,15408000000,13253000000,13247000000,10931000000,10788000000,9152000000,15893000000,13931000000,9642000000,14163000000,11879000000,6745000000,5272000000,3999000000,2979000000,2224000000,1128000000,5836000000,5544000000,5000000000,5000000000,5000000000,5000000000,5000000000,5000000000,5000000000,5000000000,5000000000,6950000000,6750000000,6600000000
1284,리스사,11807,엔비에이치캐피탈㈜,B,SK104,요약재무상태표(부채 및 자본)(08.03월 이후),A114,유동성 장기차입금,0,0,0,0,0,0,0,0,0,0,0,0,,,,,,,,,,,,,,,,,,,,,,,,,,,,,,,,,,,,,,,,,,,,,,,,,,,,,,,,
1285,리스사,11807,엔비에이치캐피탈㈜,B,SK104,요약재무상태표(부채 및 자본)(08.03월 이후),A114,차입부채_차입금_유동성 장기차입금,,,,,,,,,,,,,0, , , , , , , , , , , , , ,0,0,0,0,0,0,0,0,0,0,0,0,0, ,0,0,0,0,0,0,0, ,0,0,0,0,0,0, , , , , , , , , , , , , , 
1286,리스사,11807,엔비에이치캐피탈㈜,B,SK104,요약재무상태표(부채 및 자본)(08.03월 이후),A115,사  채,0,0,0,0,1000000000,2917000000,3667000000,4333000000,5917000000,7333000000,6583000000,7833000000,,,,,,,,,,,,,,,,,,,,,,,,,,,,,,,,,,,,,,,,,,,,,,,,,,,,,,,,
1287,리스사,11807,엔비에이치캐피탈㈜,B,SK104,요약재무상태표(부채 및 자본)(08.03월 이후),A115,차입부채_사 채,,,,,,,,,,,,,7917000000,8000000000,7083000000,9167000000,7907000000,8971000000,8880000000,6717000000,6877000000,5964000000,6052000000,4639000000,4893000000,6064000000,0,0,0,0,0,0,0,0,0,0,0,0,0, ,0,0,0,0,0,0,0, ,0,0,0,0,0,0, , , , ,7000000000,7000000000,7000000000,7000000000, ,5000000000,5000000000,5000000000,5000000000,2000000000
1288,리스사,11807,엔비에이치캐피탈㈜,B,SK104,요약재무상태표(부채 및 자본)(08.03월 이후),A1150,차입부채_사 채_단기사채,,,,,,,,,,,,,0, , , , , , , , , , , , , ,0,0,0,0,0,0,0,0,0,0,0,0,0, ,0,0,0,0,0,0,0, ,0,0,0,0,0,0, , , , ,7000000000,7000000000,7000000000,7000000000, ,5000000000,5000000000,5000000000,5000000000,2000000000
1289,리스사,11807,엔비에이치캐피탈㈜,B,SK104,요약재무상태표(부채 및 자본)(08.03월 이후),A11500,차입부채_사 채_단기사채_(사채발행차금),,,,,,,,,,,,,0, , , , , , , , , , , , , ,0,0,0,0,0,0,0,0,0,0,0,0,0, ,0,0,0,0,0,0,0, ,0,0,0,0,0,0, , , , , , , , , , , , , , 
1290,리스사,11807,엔비에이치캐피탈㈜,B,SK104,요약재무상태표(부채 및 자본)(08.03월 이후),A1151,차입부채_사 채_유동성사채,,,,,,,,,,,,,0, , , , , , , , , , , , , ,0,0,0,0,0,0,0,0,0,0,0,0,0, ,0,0,0,0,0,0,0, ,0,0,0,0,0,0, , , , , , , , , , , , , , 
1291,리스사,11807,엔비에이치캐피탈㈜,B,SK104,요약재무상태표(부채 및 자본)(08.03월 이후),A11510,차입부채_사 채_유동성사채_(유동성사채발행차금),,,,,,,,,,,,,0, , , , , , , , , , , , , ,0,0,0,0,0,0,0,0,0,0,0,0,0, ,0,0,0,0,0,0,0, ,0,0,0,0,0,0, , , , , , , , , , , , , , 
1292,리스사,11807,엔비에이치캐피탈㈜,B,SK104,요약재무상태표(부채 및 자본)(08.03월 이후),A1152,차입부채_사 채_장기사채,,,,,,,,,,,,,7917000000,8000000000,7083000000,9167000000,7907000000,8971000000,8880000000,6717000000,6877000000,5964000000,6052000000,4639000000,4893000000,6064000000,0,0,0,0,0,0,0,0,0,0,0,0,0, ,0,0,0,0,0,0,0, ,0,0,0,0,0,0, , , , , , , , , , , , , , 
1293,리스사,11807,엔비에이치캐피탈㈜,B,SK104,요약재무상태표(부채 및 자본)(08.03월 이후),A11520,차입부채_사 채_장기사채_(사채발행차금),,,,,,,,,,,,,0, , , , , , , , , , , , , ,0,0,0,0,0,0,0,0,0,0,0,0,0, ,0,0,0,0,0,0,0, ,0,0,0,0,0,0, , , , , , , , , , , , , , 
1294,리스사,11807,엔비에이치캐피탈㈜,B,SK104,요약재무상태표(부채 및 자본)(08.03월 이후),A1153,차입부채_사 채_기타,,,,,,,,,,,,,0,0,0,0,0,0,0,0,0,0,0,0,0,0,0,0,0,0,0,0,0,0,0,0,0,0,0, ,0,0,0,0,0,0,0, ,0,0,0,0,0,0, , , , ,0,0,0,0, ,0,0,0,0,0
1295,리스사,11807,엔비에이치캐피탈㈜,B,SK104,요약재무상태표(부채 및 자본)(08.03월 이후),A12,기타부채,2239000000,2446000000,2854000000,3986000000,6479000000,5148000000,4593000000,4269000000,9326000000,13278000000,5358000000,5910000000,5770000000,5293000000,5938000000,5878000000,6181000000,5455000000,4843000000,4980000000,4374000000,5205000000,5141000000,5743000000,6135000000,6311000000,5204000000,5176000000,5826000000,5683000000,6437000000,5994000000,6333000000,5554000000,4524000000,6934000000,6527000000,6066000000,8318000000,7860000000,8190000000,7801000000,7723000000,8938000000,9489000000,10249000000,9672000000,7197000000,8274000000,7993000000,9233000000,8162000000,7693000000,8369000000,8403000000,7731000000,8136000000,7764000000,7399000000,8096000000,6312000000,6859000000,7287000000,6634000000,9030000000,7344000000,7010000000,7828000000
1296,리스사,11807,엔비에이치캐피탈㈜,B,SK104,요약재무상태표(부채 및 자본)(08.03월 이후),A120,기타부채_영업미지급금,,,,,,,,,,,,,0, , , , , , , , , , , , , ,0,0,0,0,0,0,0,0,0,0,0,0,0, ,0,0,0,0,0,0,0, ,0,0,0,0,0,0, , , , , , , , , , , , , , 
1297,리스사,11807,엔비에이치캐피탈㈜,B,SK104,요약재무상태표(부채 및 자본)(08.03월 이후),A121,기타부채_장기미지급금,,,,,,,,,,,,,0, , , , , , , , , , , , , ,0,0,0,0,0,0,0,0,0,0,0,0,0, ,0,0,0,0,0,0,0, ,0,0,0,0,0,0, , , , , , , , , , , , , , 
1298,리스사,11807,엔비에이치캐피탈㈜,B,SK104,요약재무상태표(부채 및 자본)(08.03월 이후),A122,기타부채_기타의 부채,,,,,,,,,,,,,1849000000,1505000000,1909000000,1925000000,3036000000,2624000000,1978000000,2145000000,1237000000,2009000000,1935000000,2525000000,3085000000,3208000000,1876000000,1659000000,2346000000,2310000000,3199000000,2732000000,3253000000,2468000000,1467000000,3583000000,3201000000,2684000000,4393000000,3295000000,3467000000,3182000000,3218000000,2500000000,3250000000,3644000000,3326000000,3133000000,7865000000,3762000000,9233000000,8162000000,3332000000,4155000000,4311000000,1757000000,2166000000,2317000000,2228000000,3294000000,1817000000,2729000000,3594000000,2824000000,2704000000,4292000000,3987000000,4235000000
1299,리스사,11807,엔비에이치캐피탈㈜,B,SK104,요약재무상태표(부채 및 자본)(08.03월 이후),A1220,기타부채_기타의 부채_가수금,,,,,,,,,,,,,202000000,481000000,359000000,471000000,546000000,591000000,608000000,523000000,149000000,298000000,398000000,803000000,1028000000,1487000000,155000000,0,21000000,0,1225000000,732000000,318000000,1000000,0,0,0,0,0, ,333000000,453000000,636000000,621000000,635000000,0,0, ,929000000,234000000,385000000,0,-57000000,99000000,-106000000,20000000,25000000,63000000,53000000,174000000,267000000,264000000,266000000,21000000,24000000,1357000000,1309000000,1305000000
1300,리스사,11807,엔비에이치캐피탈㈜,B,SK104,요약재무상태표(부채 및 자본)(08.03월 이후),A1221,기타부채_기타의 부채_예수금,,,,,,,,,,,,,-7000000,-6000000,-6000000,90000000,77000000,70000000,132000000,96000000,27000000,32000000,29000000,33000000,42000000,40000000,34000000,144000000,956000000,373000000,370000000,375000000,382000000,284000000,130000000,95000000,467000000,652000000,409000000,363000000,115000000,116000000,132000000,112000000,119000000,1464000000,1579000000,643000000,638000000,642000000,648000000,640000000,640000000,628000000,647000000,44000000,46000000,58000000,76000000,84000000,127000000,107000000,105000000,105000000,60000000,82000000,153000000,77000000
1301,리스사,11807,엔비에이치캐피탈㈜,B,SK104,요약재무상태표(부채 및 자본)(08.03월 이후),A1222,기타부채_기타의 부채_선수금,,,,,,,,,,,,,30000000,32000000,35000000,168000000,129000000,91000000,52000000,40000000,41000000,41000000,42000000,42000000,1000000,31000000,23000000,17000000,15000000,7000000,8000000,10000000,12000000,13000000,15000000,665000000,371000000,254000000,590000000,681000000,636000000,663000000,674000000,492000000,704000000,723000000,627000000,1288000000,1355000000,1408000000,1761000000,1390000000,1387000000,1858000000,1864000000,192000000,175000000,170000000,152000000,385000000,41000000,48000000,375000000,365000000,355000000,319000000,32000000,44000000
1302,리스사,11807,엔비에이치캐피탈㈜,B,SK104,요약재무상태표(부채 및 자본)(08.03월 이후),A1223,기타부채_기타의 부채_선수수익,,,,,,,,,,,,,0,0,0,0,0,0,0,0,0,0,0,0,3000000,199000000,145000000,134000000,44000000,3000000,6000000,15000000,0,0,41000000,106000000,65000000,68000000,76000000,49000000,75000000,269000000,171000000,117000000,22000000,4000000,0, ,0,0,0,0,0,0,7000000,211000000,285000000,366000000,264000000,343000000,293000000,647000000,978000000,728000000,451000000,588000000,605000000,410000000
1303,리스사,11807,엔비에이치캐피탈㈜,B,SK104,요약재무상태표(부채 및 자본)(08.03월 이후),A1224,기타부채_기타의 부채_미지급금,,,,,,,,,,,,,931000000,623000000,1103000000,611000000,1342000000,520000000,370000000,743000000,516000000,624000000,550000000,696000000,1036000000,516000000,576000000,1067000000,599000000,761000000,481000000,536000000,1365000000,1434000000,394000000,1588000000,961000000,717000000,2381000000,892000000,1109000000,920000000,772000000,843000000,1200000000,1100000000,898000000,757000000,619000000,647000000,768000000,834000000,885000000,1014000000,1042000000,712000000,517000000,507000000,478000000,572000000,165000000,420000000,88000000,101000000,168000000,110000000,113000000,152000000
1304,리스사,11807,엔비에이치캐피탈㈜,B,SK104,요약재무상태표(부채 및 자본)(08.03월 이후),A1225,기타부채_기타의 부채_미지급비용,,,,,,,,,,,,,593000000,375000000,421000000,587000000,648000000,1355000000,523000000,746000000,420000000,1017000000,633000000,667000000,513000000,555000000,703000000,293000000,707000000,891000000,806000000,636000000,866000000,515000000,660000000,957000000,919000000,650000000,644000000,837000000,603000000,729000000,516000000,403000000,315000000,243000000,85000000,445000000,576000000,669000000,1003000000,719000000,184000000,330000000,563000000,578000000,638000000,800000000,669000000,1156000000,820000000,972000000,1403000000,1243000000,1467000000,1338000000,903000000,2031000000
1305,리스사,11807,엔비에이치캐피탈㈜,B,SK104,요약재무상태표(부채 및 자본)(08.03월 이후),A1226,기타부채_기타의 부채_미지급법인세,,,,,,,,,,,,,98000000,0,0,0,283000000,0,0,0,87000000,0,0,0,102000000,0,240000000,5000000,5000000,275000000,302000000,427000000,310000000,221000000,225000000,172000000,418000000,343000000,293000000,473000000,596000000,32000000,317000000,0,0,0,0, ,0,0,0,0,0,0, , ,480000000,353000000,536000000,580000000,104000000,271000000,379000000,261000000,179000000,498000000,872000000,216000000
1306,리스사,11807,엔비에이치캐피탈㈜,B,SK104,요약재무상태표(부채 및 자본)(08.03월 이후),A1227,기타부채_기타의 부채_선불카드수탁금,,,,,,,,,,,,,0,0,0,0,0,0,0,0,0,0,0,0,0,0,0,0,0,0,0,0,0,0,0,0,0,0,0, ,0,0,0,0,0,0,0, ,0,0,0,0,0,0, , , , , , , , , , , , , , 
1307,리스사,11807,엔비에이치캐피탈㈜,B,SK104,요약재무상태표(부채 및 자본)(08.03월 이후),A1228,기타부채_기타의 부채_부가세예수금,,,,,,,,,,,,,2000000,0,-3000000,-2000000,11000000,-3000000,293000000,-3000000,-3000000,-3000000,283000000,284000000,360000000,380000000,0,0,0,0,0,0,0,0,2000000,0,0,0,0, ,0,0,0,-1000000,255000000,110000000,137000000, ,276000000,288000000,241000000,0,205000000,222000000,229000000, , , , , , , , , , , , , 
1308,리스사,11807,엔비에이치캐피탈㈜,B,SK104,요약재무상태표(부채 및 자본)(08.03월 이후),A1229,기타부채_기타의 부채_선물환거래대,,,,,,,,,,,,,0, , , , , , , , , , , , , ,0,0,0,0,0,0,0,0,0,0,0,0,0, ,0,0,0,0,0,0,0, ,0,0,0,0,0,0, , , , , , , , , , , , , , 
1309,리스사,11807,엔비에이치캐피탈㈜,B,SK104,요약재무상태표(부채 및 자본)(08.03월 이후),A122A,기타부채_기타의 부채_파생상품부채,,,,,,,,,,,,,0, , , , , , , , , , , , , ,0,0,0,0,0,0,0,0,0,0,0,0,0, ,0,0,0,0,0,0,0, ,0,0,0,0,0,0, , , , , , , , , , , , , , 
1310,리스사,11807,엔비에이치캐피탈㈜,B,SK104,요약재무상태표(부채 및 자본)(08.03월 이후),A122B,기타부채_기타의 부채_옵션수입프리미엄,,,,,,,,,,,,,0, , , , , , , , , , , , , ,0,0,0,0,0,0,0,0,0,0,0,0,0, ,0,0,0,0,0,0,0, ,0,0,0,0,0,0, , , , , , , , , , , , , , 
1311,리스사,11807,엔비에이치캐피탈㈜,B,SK104,요약재무상태표(부채 및 자본)(08.03월 이후),A122C,기타부채_기타의 부채_이연리스수익,,,,,,,,,,,,,0, , , , , , , , , , , , , ,0,0,0,0,0,0,0,0,0,0,0,0,0, ,0,0,0,0,0,0,0, ,0,0,0,0,0,0, , , , , , , , , , , , , , 
1312,리스사,11807,엔비에이치캐피탈㈜,B,SK104,요약재무상태표(부채 및 자본)(08.03월 이후),A122D,기타부채_기타의 부채_기타의 유동부채,,,,,,,,,,,,,0, , , , , , , , , , , , , ,0,0,0,0,0,0,0,0,0,0,0,0,0, ,0,0,0,0,0,0,0, ,0,0,472000000,104000000,88000000,4000000,65000000, , , , , , , , , , , , , 
1313,리스사,11807,엔비에이치캐피탈㈜,B,SK104,요약재무상태표(부채 및 자본)(08.03월 이후),A122E,기타부채_유동성 장기부채,,,,,,,,,,,,,0,0,0,0,0,0,0,0,0,0,0,0,0,0,0,0,0,0,0,0,0,0,0,0,0,0,0, ,0,0,0,0,0,0,0, ,0,0,0,0,0,0, , , , , , , , , , , , , , 
1314,리스사,11807,엔비에이치캐피탈㈜,B,SK104,요약재무상태표(부채 및 자본)(08.03월 이후),A123,기타부채_리스보증금,,,,,,,,,,,,,3905000000,3767000000,4001000000,3953000000,3331000000,3007000000,3030000000,3033000000,3131000000,3184000000,3188000000,3194000000,3050000000,3103000000,3328000000,3517000000,3480000000,3373000000,3237000000,3261000000,3079000000,3085000000,3043000000,3337000000,3312000000,3368000000,3924000000,3895000000,4053000000,3950000000,3836000000,3840000000,3728000000,3666000000,3429000000,2985000000,2804000000,3015000000,3285000000,3507000000,3387000000,3241000000,3147000000,2837000000,2903000000,3272000000,3045000000,2769000000,2650000000,2500000000,2167000000,2052000000,1750000000,1627000000,1623000000,1554000000
1315,리스사,11807,엔비에이치캐피탈㈜,B,SK104,요약재무상태표(부채 및 자본)(08.03월 이후),A124,기타부채_보 증 금,,,,,,,,,,,,,0,0,0,0,0,0,0,0,0,0,0,0,0,0,0,0,0,0,0,1000000,1000000,1000000,14000000,14000000,14000000,14000000,1000000,1000000,1000000,1000000,1000000,0,0,0,241000000, ,0,326000000,0,298000000,304000000,304000000,276000000,390000000,391000000,307000000,305000000,306000000,260000000,192000000,128000000,88000000,87000000,88000000,88000000,89000000
1316,리스사,11807,엔비에이치캐피탈㈜,B,SK104,요약재무상태표(부채 및 자본)(08.03월 이후),A1240,기타부채_보 증 금_상환이행보증금,,,,,,,,,,,,,0, , , ,0,0,0,0,0,0,0,0,0,0,0,0,0,0,0,0,0,0,0,0,0,0,0, ,0,0,0,0,0,0,0, ,0,0,0,0,0,0, , , , , , , , , , , , , , 
1317,리스사,11807,엔비에이치캐피탈㈜,B,SK104,요약재무상태표(부채 및 자본)(08.03월 이후),A1241,기타부채_보 증 금_임대보증금,,,,,,,,,,,,,0, , , ,0,0,0,0,0,0,0,0,0,0,0,0,0,0,0,0,0,0,0,0,0,0,0, ,0,0,0,0,0,0,0, ,0,0,0,0,0,0, ,136000000,137000000,71000000,72000000,73000000,73000000,74000000,75000000,75000000,76000000,77000000,77000000,78000000
1318,리스사,11807,엔비에이치캐피탈㈜,B,SK104,요약재무상태표(부채 및 자본)(08.03월 이후),A1242,기타부채_보 증 금_기타보증금,,,,,,,,,,,,,0, , , ,0,0,0,0,0,0,0,0,0,0,0,0,0,0,0,1000000,1000000,1000000,14000000,14000000,14000000,14000000,1000000,1000000,1000000,1000000,1000000,0,0,0,241000000, ,0,0,0,298000000,304000000,304000000,276000000,254000000,254000000,236000000,233000000,233000000,187000000,118000000,53000000,13000000,11000000,11000000,11000000,11000000
1319,리스사,11807,엔비에이치캐피탈㈜,B,SK104,요약재무상태표(부채 및 자본)(08.03월 이후),A125,기타부채_퇴직급여채무,,,,,,,,,,,,,9000000,19000000,28000000,0,12000000,22000000,33000000,0,6000000,12000000,18000000,24000000,0,0,0,0,0,0,0,0,0,0,0,0,0,0,0, ,0,0,0,0,0,0,0, ,0,0,0,0,0,0, , , , , , , , , , , , , , 
1320,리스사,11807,엔비에이치캐피탈㈜,B,SK104,요약재무상태표(부채 및 자본)(08.03월 이후),A1250,기타부채_퇴직급여채무_(미인식보험수리적손익) (+-),,,,,,,,,,,,, , , , , , , , , , , , , , ,0,0,0,0,0,0,0,0,0,0,0,0,0, ,0,0,0,0,0,0,0, ,0,0,0,0,0,0, , , , , , , , , , , , , , 
1321,리스사,11807,엔비에이치캐피탈㈜,B,SK104,요약재무상태표(부채 및 자본)(08.03월 이후),A1251,기타부채_퇴직급여채무_(미인식과거근무원가) (-),,,,,,,,,,,,, , , , , , , , , , , , , , ,0,0,0,0,0,0,0,0,0,0,0,0,0, ,0,0,0,0,0,0,0, ,0,0,0,0,0,0, , , , , , , , , , , , , , 
1322,리스사,11807,엔비에이치캐피탈㈜,B,SK104,요약재무상태표(부채 및 자본)(08.03월 이후),A1252,기타부채_퇴직급여채무_(퇴직급여사외적립자산) (-),,,,,,,,,,,,, , , , , , , , , , , , , , ,0,0,0,0,0,0,0,0,0,0,0,0,0, ,0,0,0,0,0,0,0, ,0,0,0,0,0,0, , , , , , , , , , , , , , 
1323,리스사,11807,엔비에이치캐피탈㈜,B,SK104,요약재무상태표(부채 및 자본)(08.03월 이후),A126,기타부채_지급보증충당금,,,,,,,,,,,,,0, , , , , , , , , , , , , ,0,0,0,0,0,0,0,0,0,0,0,0,0, ,0,0,0,0,0,0,0, ,0,0,0,0,0,0, , , , , , , , , , , , , , 
1324,리스사,11807,엔비에이치캐피탈㈜,B,SK104,요약재무상태표(부채 및 자본)(08.03월 이후),A127,기타부채_포인트충당부채,,,,,,,,,,,,,0, , , , , , , , , , , , , ,0,0,0,0,0,0,0,0,0,0,0,0,0, ,0,0,0,0,0,0,0, ,0,0,0,0,0,0, , , , , , , , , , , , , , 
1325,리스사,11807,엔비에이치캐피탈㈜,B,SK104,요약재무상태표(부채 및 자본)(08.03월 이후),A128,기타부채_미지급배당금,,,,,,,,,,,,,0, , , , , , , , , , , , , ,0,0,0,0,0,0,0,0,0,0,0,0,0, ,0,0,0,0,0,0,0, ,0,0,0,0,0,0, , , , , , , , , , ,3000000000, , , 
1326,리스사,11807,엔비에이치캐피탈㈜,B,SK104,요약재무상태표(부채 및 자본)(08.03월 이후),A129,기타부채_이연법인세부채,,,,,,,,,,,,,0, , , ,-198000000,-198000000,-198000000,-198000000,0,0,0,0,0,0,0,0,0,0,0,0,0,0,0,0,0,0,0, ,0,0,0,0,0,0,0, ,0,0,0,0,0,0, , , , , , , , , ,371000000,339000000,339000000,339000000,1083000000
1327,리스사,11807,엔비에이치캐피탈㈜,B,SK104,요약재무상태표(부채 및 자본)(08.03월 이후),A12A,기타부채_외화환산대,,,,,,,,,,,,,0, , , , , , , , , , , , , ,0,0,0,0,0,0,0,0,0,0,0,0,0, ,0,0,0,0,0,0,0, ,0,0,0,0,0,0, , , , , , , , , , , , , , 
1328,리스사,11807,엔비에이치캐피탈㈜,B,SK104,요약재무상태표(부채 및 자본)(08.03월 이후),A12B,기타부채_미사용약정충당금,,,,,,,,,,,,,0, , , , , , , , , , , , , ,0,0,0,0,0,0,0,0,0,0,0,0,0, ,0,0,0,0,0,0,0, ,0,0,0,0,0,0, , , , , , , , , , , , , , 
1329,리스사,11807,엔비에이치캐피탈㈜,B,SK104,요약재무상태표(부채 및 자본)(08.03월 이후),A12C,기타부채_이자율위험포트폴리오위험회피 대상의 공정가액변동부채,,,,,,,,,,,,, , , , , , , , , , , , , , ,0,0,0,0,0,0,0,0,0,0,0,0,0, ,0,0,0,0,0,0,0, ,0,0,0,0,0,0, , , , , , , , , , , , , , 
1330,리스사,11807,엔비에이치캐피탈㈜,B,SK104,요약재무상태표(부채 및 자본)(08.03월 이후),A12D,기타부채_기타의 기타부채,,,,,,,,,,,,,7000000,2000000,0,0,0,0,0,0,0,0,0,0,0,0,0,0,0,0,0,0,0,0,0,0,0,0,0,669000000,669000000,669000000,669000000,2511000000,2511000000,2935000000,2677000000,1079000000,1074000000,763000000,669000000,669000000,670000000,669000000,669000000,2747000000,2676000000,1868000000,1821000000,1727000000,1585000000,1438000000,1398000000,1299000000,1150000000,998000000,973000000,867000000
1331,리스사,11807,엔비에이치캐피탈㈜,B,SK104,요약재무상태표(부채 및 자본)(08.03월 이후),A13,요구불상환지분,,,,,,,,,,,,, , , , , , , , , , , , , , ,0,0,0,0,0,0,0,0,0,0,0,0,0, ,0,0,0,0,0,0,0, ,0,0,0,0,0,0, , , , , , , , , , , , , , 
1332,리스사,11807,엔비에이치캐피탈㈜,B,SK104,요약재무상태표(부채 및 자본)(08.03월 이후),A130,요구불상환지분_상환우선주,,,,,,,,,,,,, , , , , , , , , , , , , , ,0,0,0,0,0,0,0,0,0,0,0,0,0, ,0,0,0,0,0,0,0, ,0,0,0,0,0,0, , , , , , , , , , , , , , 
1333,리스사,11807,엔비에이치캐피탈㈜,B,SK104,요약재무상태표(부채 및 자본)(08.03월 이후),A131,요구불상환지분_기타,,,,,,,,,,,,, , , , , , , , , , , , , , ,0,0,0,0,0,0,0,0,0,0,0,0,0, ,0,0,0,0,0,0,0, ,0,0,0,0,0,0, , , , , , , , , , , , , , 
1334,리스사,11807,엔비에이치캐피탈㈜,B,SK104,요약재무상태표(부채 및 자본)(08.03월 이후),A2,자본,20026000000,20040000000,20069000000,20226000000,20132000000,20285000000,20413000000,20289000000,20545000000,20848000000,21411000000,21273000000,21566000000,23347000000,23901000000,22693000000,23388000000,23506000000,23361000000,23530000000,22918000000,22794000000,23058000000,23051000000,23135000000,23298000000,43187000000,43504000000,43868000000,44405000000,44588000000,44579000000,44958000000,45611000000,45669000000,45800000000,47071000000,47402000000,47679000000,47572000000,47959000000,48330000000,49223000000,47587000000,48124000000,48579000000,48427000000,60225000000,60527000000,60703000000,62703000000,61994000000,62807000000,41063000000,41525000000,56765000000,57069000000,57678000000,58304000000,58285000000,58762000000,59269000000,59986000000,61916000000,58998000000,60270000000,61781000000,63489000000
1335,리스사,11807,엔비에이치캐피탈㈜,B,SK104,요약재무상태표(부채 및 자본)(08.03월 이후),A21,자본금,20000000000,20000000000,20000000000,20000000000,20000000000,20000000000,20000000000,20000000000,20000000000,20000000000,20000000000,20000000000,20000000000,20000000000,20000000000,20000000000,20000000000,20000000000,20000000000,20000000000,20000000000,20000000000,20000000000,20000000000,20000000000,20000000000,40050000000,40050000000,40050000000,40050000000,40050000000,40050000000,40050000000,40050000000,40050000000,40050000000,40050000000,40050000000,40050000000,40050000000,40050000000,40050000000,40050000000,40050000000,40050000000,40050000000,40050000000,50050000000,50050000000,50050000000,50050000000,50050000000,50050000000,55050000000,55050000000,69550000000,69550000000,69550000000,69550000000,69550000000,69550000000,69550000000,69550000000,69550000000,69550000000,69550000000,69550000000,69550000000
1336,리스사,11807,엔비에이치캐피탈㈜,B,SK104,요약재무상태표(부채 및 자본)(08.03월 이후),A210,자본금_보통주자본금,,,,,,,,,,,,,20000000000,20000000000,20000000000,20000000000,20000000000,20000000000,20000000000,20000000000,20000000000,20000000000,20000000000,20000000000,20000000000,20000000000,40050000000,40050000000,40050000000,40050000000,40050000000,40050000000,40050000000,40050000000,40050000000,40050000000,40050000000,40050000000,40050000000,40050000000,40050000000,40050000000,40050000000,40050000000,40050000000,40050000000,40050000000,50050000000,50050000000,50050000000,50050000000,50050000000,50050000000,55050000000,55050000000,69550000000,69550000000,69550000000,69550000000,69550000000,69550000000,69550000000,69550000000,69550000000,69550000000,69550000000,69550000000,69550000000
1337,리스사,11807,엔비에이치캐피탈㈜,B,SK104,요약재무상태표(부채 및 자본)(08.03월 이후),A211,자본금_우선주자본금,,,,,,,,,,,,,0, , , , , , , , , , , , , ,0,0,0,0,0,0,0,0,0,0,0,0,0, ,0,0,0,0,0,0,0, ,0,0,0,0,0,0, , , , , , , , , , , , , , 
1338,리스사,11807,엔비에이치캐피탈㈜,B,SK104,요약재무상태표(부채 및 자본)(08.03월 이후),A212,자본금_신주청약증거금,,,,,,,,,,,,,0, , , , , , , , , , , , , ,0,0,0,0,0,0,0,0,0,0,0,0,0, ,0,0,0,0,0,0,0, ,0,0,0,0,0,0, , , , , , , , , , , , , , 
1339,리스사,11807,엔비에이치캐피탈㈜,B,SK104,요약재무상태표(부채 및 자본)(08.03월 이후),A22,자본잉여금,0,0,0,0,0,0,0,0,0,0,0,0,0,0,0,0,0,0,0,0,0,0,0,0,0,0,0,0,0,0,0,0,0,0,0,0,0,0,0, ,0,0,0,0,0,0,0, ,0,0,0,0,200000000,200000000,200000000,200000000,200000000,200000000,200000000,200000000,200000000,200000000,200000000,200000000,200000000,200000000,200000000,200000000
1340,리스사,11807,엔비에이치캐피탈㈜,B,SK104,요약재무상태표(부채 및 자본)(08.03월 이후),A220,자본잉여금_주식발행초과금,,,,,,,,,,,,,0, , , , , , , , , , , , , ,0,0,0,0,0,0,0,0,0,0,0,0,0, ,0,0,0,0,0,0,0, ,0,0,0,0,0,0, , , , , , , , , , , , , , 
1341,리스사,11807,엔비에이치캐피탈㈜,B,SK104,요약재무상태표(부채 및 자본)(08.03월 이후),A221,자본잉여금_감자차익,,,,,,,,,,,,,0, , , , , , , , , , , , , ,0,0,0,0,0,0,0,0,0,0,0,0,0, ,0,0,0,0,0,0,0, ,0,0,0,0,0,0, , , , , , , , , , , , , , 
1342,리스사,11807,엔비에이치캐피탈㈜,B,SK104,요약재무상태표(부채 및 자본)(08.03월 이후),A222,자본잉여금_기타자본잉여금,,,,,,,,,,,,,0, , , , , , , , , , , , , ,0,0,0,0,0,0,0,0,0,0,0,0,0, ,0,0,0,0,0,0,0, ,0,0,0,0,200000000,200000000,200000000,200000000,200000000,200000000,200000000,200000000,200000000,200000000,200000000,200000000,200000000,200000000,200000000,200000000
1343,리스사,11807,엔비에이치캐피탈㈜,B,SK104,요약재무상태표(부채 및 자본)(08.03월 이후),A23,이익잉여금(결손금),26000000,40000000,0,226000000,352000000,505000000,549000000,315000000,602000000,890000000,1437000000,1268000000,1435000000,3207000000,3760000000,2552000000,3177000000,3295000000,3150000000,3319000000,2918000000,2794000000,3058000000,3051000000,3142000000,3305000000,3247000000,3487000000,3930000000,4470000000,4651000000,4642000000,5021000000,5674000000,5732000000,5873000000,7144000000,7464000000,7740000000,7634000000,8021000000,8382000000,9275000000,7639000000,8176000000,8631000000,8479000000,10328000000,10630000000,10806000000,12806000000,12097000000,12706000000,13063000000,13526000000,14338000000,14642000000,15251000000,15877000000,15858000000,16335000000,16842000000,17559000000,19489000000,16571000000,17843000000,19354000000,21062000000
1344,리스사,11807,엔비에이치캐피탈㈜,B,SK104,요약재무상태표(부채 및 자본)(08.03월 이후),A230,이익잉여금(결손금)_이익준비금,,,,,,,,,,,,,0, , , , , , , , , , , , , ,0,0,0,0,0,0,0,0,0,0,0,0,0, ,0,0,0,0,0,0,0, ,0,0, ,0,0,0, , , , , , , , , , ,300000000,300000000,300000000,300000000
1345,리스사,11807,엔비에이치캐피탈㈜,B,SK104,요약재무상태표(부채 및 자본)(08.03월 이후),A231,이익잉여금(결손금)_기업합리화적립금,,,,,,,,,,,,,0, , , , , , , , , , , , , ,0,0,0,0,0,0,0,0,0,0,0,0,0, ,0,0,0,0,0,0,0, ,0,0,0,0,0,0, , , , , , , , , , , , , , 
1346,리스사,11807,엔비에이치캐피탈㈜,B,SK104,요약재무상태표(부채 및 자본)(08.03월 이후),A232,이익잉여금(결손금)_투융자손실준비금,,,,,,,,,,,,,0, , , , , , , , , , , , , ,0,0,0,0,0,0,0,0,0,0,0,0,0, ,0,0,0,0,0,0,0, ,0,0,0,0,0,0, , , , , , , , , , , , , , 
1347,리스사,11807,엔비에이치캐피탈㈜,B,SK104,요약재무상태표(부채 및 자본)(08.03월 이후),A233,이익잉여금(결손금)_기타 법정적립금,,,,,,,,,,,,,0, , , , , , , , , , , , , ,0,0,0,0,0,0,0,0,0,0,0,0,0, ,0,0,0,0,0,0,0, ,0,0,0,0,0,0, , ,1000000000,1000000000,1000000000,1000000000,1000000000,1000000000,1000000000,1000000000,1000000000,1000000000,1000000000,1000000000
1348,리스사,11807,엔비에이치캐피탈㈜,B,SK104,요약재무상태표(부채 및 자본)(08.03월 이후),A234,이익잉여금(결손금)_임의적립금,,,,,,,,,,,,,0, , , , , , , , , , , , , ,0,0,0,0,0,0,1000000000,1000000000,1000000000,1000000000,1000000000,1000000000,1000000000,1000000000,1000000000,1000000000,1000000000,1000000000,1000000000,1000000000,1000000000,1000000000,1000000000,1000000000,1000000000,1000000000,1000000000,1000000000,1000000000,1000000000, , , , , , , , , , , , 
1349,리스사,11807,엔비에이치캐피탈㈜,B,SK104,요약재무상태표(부채 및 자본)(08.03월 이후),A235,이익잉여금(결손금)_해외투자손실준비금,,,,,,,,,,,,,0, , , , , , , , , , , , , ,0,0,0,0,0,0,0,0,0,0,0,0,0, ,0,0,0,0,0,0,0, ,0,0,0,0,0,0, , , , , , , , , , , , , , 
1350,리스사,11807,엔비에이치캐피탈㈜,B,SK104,요약재무상태표(부채 및 자본)(08.03월 이후),A236,이익잉여금(결손금)_미처분이익잉여금(미처리결손금),,,,,,,,,,,,,1435000000,3207000000,3760000000,2552000000,3177000000,3295000000,3150000000,3319000000,2918000000,2794000000,3058000000,3051000000,3142000000,3305000000,3247000000,3487000000,3930000000,4470000000,4651000000,4642000000,3822000000,4475000000,4533000000,4674000000,5945000000,6265000000,6541000000,4674000000,6435000000,6422000000,6422000000,6034000000,6977000000,6442000000,6442000000,6442000000,9129000000,9129000000,9129000000,9129000000,11140000000,11140000000,11140000000,11140000000,12635000000,12635000000,12635000000,12635000000,14684000000,15643000000,16360000000,18290000000,15072000000,16344000000,17855000000,19563000000
1351,리스사,11807,엔비에이치캐피탈㈜,B,SK104,요약재무상태표(부채 및 자본)(08.03월 이후),A237,이익잉여금(결손금)_대손준비금,,,,,,,,,,,,, , , , , , , , , , , , , , ,0,0,0,0,0,0,199000000,199000000,199000000,199000000,199000000,199000000,199000000,199000000,199000000,199000000,199000000,199000000,199000000,199000000,199000000,199000000,199000000,199000000,199000000,199000000,199000000,199000000,199000000,199000000,199000000,199000000,199000000,199000000,199000000,199000000,199000000,199000000,199000000,199000000,199000000,199000000
1352,리스사,11807,엔비에이치캐피탈㈜,B,SK104,요약재무상태표(부채 및 자본)(08.03월 이후),A238,이익잉여금(결손금)_(당기순손익),,,,,,,,,,,,,140000000,1912000000,2461000000,1256000000,225000000,344000000,198000000,371000000,68000000,192000000,73000000,65000000,-32000000,131000000,73000000,313000000,443000000,983000000,1164000000,1155000000,0,0,0,0,0,0,0,1761000000,387000000,761000000,1654000000,406000000,0,990000000,838000000,2687000000,302000000,477000000,2478000000,1769000000,367000000,724000000,1187000000,1999000000,808000000,1417000000,2043000000,2024000000,452000000,959000000,1677000000,3606000000,441000000,1713000000,3224000000,4932000000
1353,리스사,11807,엔비에이치캐피탈㈜,B,SK104,요약재무상태표(부채 및 자본)(08.03월 이후),A24,자본조정,0,0,0,0,0,0,0,0,0,0,0,0,0,0,0,0,0,0,0,0,0,0,0,0,0,0,-103000000,-102000000,-102000000,-102000000,-102000000,-102000000,-102000000, ,-102000000,-102000000, ,-102000000,-102000000,-102000000,-102000000,-102000000,-102000000,-102000000,-102000000,-102000000,-102000000,-153000000,-153000000,-153000000,-153000000,-153000000,-153000000,-27253000000,-27251000000,-27323000000,-27323000000,-27323000000,-27323000000,-27323000000,-27323000000,-27323000000,-27323000000,-27323000000,-27323000000,-27323000000,-27323000000,-27323000000
1354,리스사,11807,엔비에이치캐피탈㈜,B,SK104,요약재무상태표(부채 및 자본)(08.03월 이후),A240,자본조정_주식할인발행차금,,,,,,,,,,,,,0, , , , , , , , , , , , , ,-103000000,-102000000,-102000000,-102000000,-102000000,-102000000,-102000000, ,-102000000,-102000000, ,-102000000,-102000000,-102000000,-102000000,-102000000,-102000000,-102000000,-102000000,-102000000,-102000000,-153000000,-153000000,-153000000,-153000000,-153000000,-153000000,-177000000,-178000000,-250000000,-250000000,-250000000,-250000000,-250000000,-250000000,-250000000,-250000000,-250000000,-250000000,-250000000,-250000000,-250000000
1355,리스사,11807,엔비에이치캐피탈㈜,B,SK104,요약재무상태표(부채 및 자본)(08.03월 이후),A241,자본조정_배당건설이자,,,,,,,,,,,,,0, , , , , , , , , , , , , ,0,0,0,0,0,0,0,0,0,0,0,0,0, ,0,0,0,0,0,0,0, ,0,0,0,0,0,0, , , , , , , , , , , , , , 
1356,리스사,11807,엔비에이치캐피탈㈜,B,SK104,요약재무상태표(부채 및 자본)(08.03월 이후),A242,자본조정_자기주식,,,,,,,,,,,,,0, , , , , , , , , , , , , ,0,0,0,0,0,0,0,0,0,0,0,0,0, ,0,0,0,0,0,0,0, ,0,0,0,0,0,0, , , , , , , , , , , , , , 
1357,리스사,11807,엔비에이치캐피탈㈜,B,SK104,요약재무상태표(부채 및 자본)(08.03월 이후),A243,자본조정_주식매수선택권,,,,,,,,,,,,,0, , , , , , , , , , , , , ,0,0,0,0,0,0,0,0,0,0,0,0,0, ,0,0,0,0,0,0,0, ,0,0,0,0,0,0, , , , , , , , , , , , , , 
1358,리스사,11807,엔비에이치캐피탈㈜,B,SK104,요약재무상태표(부채 및 자본)(08.03월 이후),A244,자본조정_미교부주식배당금,,,,,,,,,,,,,0, , , , , , , , , , , , , ,0,0,0,0,0,0,0,0,0,0,0,0,0, ,0,0,0,0,0,0,0, ,0,0,0,0,0,0, , , , , , , , , , , , , , 
1359,리스사,11807,엔비에이치캐피탈㈜,B,SK104,요약재무상태표(부채 및 자본)(08.03월 이후),A245,자본조정_기타 자본조정,,,,,,,,,,,,,0, , , , , , , , , , , , , ,0,0,0,0,0,0,0,0,0,0,0,0,0, ,0,0,0,0,0,0,0, ,0,0,0,0,0,-27076000000,-27073000000,-27073000000,-27073000000,-27073000000,-27073000000,-27073000000,-27073000000,-27073000000,-27073000000,-27073000000,-27073000000,-27073000000,-27073000000,-27073000000
1360,리스사,11807,엔비에이치캐피탈㈜,B,SK104,요약재무상태표(부채 및 자본)(08.03월 이후),A25,기타포괄손익누계액,0,0,69000000,0,-220000000,-220000000,-136000000,-26000000,-57000000,-42000000,-26000000,5000000,131000000,140000000,141000000,141000000,211000000,211000000,211000000,211000000,0,0,0,0,-7000000,-7000000,-7000000,69000000,-10000000,-13000000,-10000000,-11000000,-11000000, ,-11000000,-21000000, ,-10000000,-9000000,-10000000,-10000000,0,0,0, ,0,0, ,0,0,0,0,4000000,3000000, , , , , , , , , , , , , , 
1361,리스사,11807,엔비에이치캐피탈㈜,B,SK104,요약재무상태표(부채 및 자본)(08.03월 이후),A250,기타포괄손익누계액_매도가능금융자산평가이익,,,,,,,,,,,,,137000000,137000000,137000000,137000000,211000000,211000000,211000000,211000000,0,0,0,0,-7000000,-7000000,0,0,0,0,0,0,0,0,0,0,0,0,0, ,2000000,0,0,0, ,0,0, ,0,0,0,0,0,0, , , , , , , , , , , , , , 
1362,리스사,11807,엔비에이치캐피탈㈜,B,SK104,요약재무상태표(부채 및 자본)(08.03월 이후),A251,기타포괄손익누계액_매도가능금융자산평가손실,,,,,,,,,,,,,0, , , , , , , , , , , , , ,7000000,-10000000,-10000000,-10000000,-10000000,-11000000,-11000000, ,-11000000,-21000000, ,-10000000,-9000000,-10000000,-12000000,0,0,0, ,0,0, ,0,0,0,0,0,0, , , , , , , , , , , , , , 
1363,리스사,11807,엔비에이치캐피탈㈜,B,SK104,요약재무상태표(부채 및 자본)(08.03월 이후),A252,기타포괄손익누계액_해외사업환산이익,,,,,,,,,,,,,0, , , , , , , , , , , , , ,0,0,0,0,0,0,0,0,0,0,0,0,0, ,0,0,0,0,0,0,0, ,0,0,0,0,0,0, , , , , , , , , , , , , , 
1364,리스사,11807,엔비에이치캐피탈㈜,B,SK104,요약재무상태표(부채 및 자본)(08.03월 이후),A253,기타포괄손익누계액_해외사업환산손실,,,,,,,,,,,,,-6000000,3000000,4000000,4000000,0,0,0,0,0,0,0,0,0,0,0,0,0,0,0,0,0,0,0,0,0,0,0, ,0,0,0,0,0,0,0, ,0,0,0,0,0,0, , , , , , , , , , , , , , 
1365,리스사,11807,엔비에이치캐피탈㈜,B,SK104,요약재무상태표(부채 및 자본)(08.03월 이후),A254,기타포괄손익누계액_현금흐름위험회피 파생상품평가이익,,,,,,,,,,,,,0, , , , , , , , , , , , , ,0,0,0,0,0,0,0,0,0,0,0,0,0, ,0,0,0,0,0,0,0, ,0,0,0,0,0,0, , , , , , , , , , , , , , 
1366,리스사,11807,엔비에이치캐피탈㈜,B,SK104,요약재무상태표(부채 및 자본)(08.03월 이후),A255,기타포괄손익누계액_현금흐름위험회피 파생상품평가손실,,,,,,,,,,,,,0, , , , , , , , , , , , , ,0,0,0,0,0,0,0,0,0,0,0,0,0, ,0,0,0,0,0,0,0, ,0,0,0,0,0,0, , , , , , , , , , , , , , 
1367,리스사,11807,엔비에이치캐피탈㈜,B,SK104,요약재무상태표(부채 및 자본)(08.03월 이후),A256,기타포괄손익누계액_지분법자본변동,,,,,,,,,,,,,0, , , , , , , , , , , , , ,0,0,0,0,0,0,0,0,0,0,0,0,0, ,0,0,0,0,0,0,0, ,0,0,0,0,0,4000000, , , , , , , , , , , , , , 
1368,리스사,11807,엔비에이치캐피탈㈜,B,SK104,요약재무상태표(부채 및 자본)(08.03월 이후),A257,기타포괄손익누계액_부의 지분법자본변동,,,,,,,,,,,,,0, , , , , , , , , , , , , ,0,0,0,0,0,0,0,0,0,0,0,0,0, ,0,0,0,0,0,0,0, ,0,0,0,0,0,0, , , , , , , , , , , , , , 
1369,리스사,11807,엔비에이치캐피탈㈜,B,SK104,요약재무상태표(부채 및 자본)(08.03월 이후),A258,기타포괄손익누계액_유형자산 재평가이익,,,,,,,,,,,,, , , , , , , , , , , , , , ,0,0,0,0,0,0,0,0,0,0,0,0,0, ,0,0,0,0,0,0,0, ,0,0,0,0,0,0, , , , , , , , , , , , , , 
1370,리스사,11807,엔비에이치캐피탈㈜,B,SK104,요약재무상태표(부채 및 자본)(08.03월 이후),A259,기타포괄손익누계액_기타,,,,,,,,,,,,, , , , , , , , , , , , , , ,0,79000000,0,-4000000,0,0,0,0,0,0,0,0,0, ,0,0,0,0,0,0,0, ,0,0,0,0,0,0, , , , , , , , , , , , , , 
1371,리스사,12250,무림캐피탈㈜,B,SK104,요약재무상태표(부채 및 자본)(08.03월 이후),A,부채 및 자본총계,,,,,,49628000000,53237000000,96533000000,135979000000,189901000000,186364000000,224742000000,259441000000,266905000000,301949000000,305663000000,359830000000,378063000000,411892000000,375535000000,383509000000,416270000000,434394000000,409472000000,425841000000,410103000000,400495000000,394038000000,367522000000,340694000000,318551000000,314311000000,295691000000,255927000000,264564000000,249394000000,228321000000,247484000000,266426000000,249266000000,254369000000,274226000000,272281000000,274367000000,283129000000,298196000000,280103000000,312535000000,314541000000,332554000000,345711000000,368698000000,378346000000,359387000000,416692000000,414412000000,438493000000,457553000000,444423000000,409718000000,447372000000,435737000000,402911000000,395330000000,363996000000,374963000000,373402000000,374455000000
1372,리스사,12250,무림캐피탈㈜,B,SK104,요약재무상태표(부채 및 자본)(08.03월 이후),A1,부채,,,,,,41000000,3469000000,45915000000,84401000000,136888000000,133204000000,166910000000,200877000000,204872000000,238307000000,238483000000,289782000000,307163000000,337432000000,299774000000,307063000000,341060000000,357509000000,331686000000,348538000000,332536000000,320872000000,312663000000,284671000000,258366000000,235483000000,226813000000,208753000000,173168000000,184520000000,168224000000,148139000000,154592000000,163206000000,145582000000,149675000000,169325000000,163125000000,159856000000,167085000000,182696000000,173685000000,204552000000,210542000000,221051000000,233511000000,248933000000,260819000000,236439000000,291011000000,285695000000,308044000000,319636000000,306381000000,274635000000,315015000000,297595000000,265693000000,256905000000,231098000000,237640000000,235158000000,235452000000
1373,리스사,12250,무림캐피탈㈜,B,SK104,요약재무상태표(부채 및 자본)(08.03월 이후),A11,차입부채,,,,,,0,0,44227000000,80915000000,129370000000,124365000000,153562000000,185679000000,188231000000,221031000000,218190000000,266363000000,283570000000,314532000000,279599000000,285669000000,318664000000,338915000000,314141000000,330579000000,311341000000,302756000000,295327000000,268505000000,242983000000,221394000000,212484000000,196527000000,161578000000,172077000000,157766000000,138294000000,144844000000,154408000000,137569000000,141054000000,162411000000,156398000000,151970000000,158225000000,176638000000,168778000000,198536000000,206530000000,216964000000,230841000000,242443000000,255753000000,230167000000,285581000000,276655000000,299718000000,311344000000,295685000000,264889000000,307699000000,289511000000,258928000000,248673000000,223549000000,228824000000,227554000000,227959000000
1374,리스사,12250,무림캐피탈㈜,B,SK104,요약재무상태표(부채 및 자본)(08.03월 이후),A110,차입금,,,,,,0,0,39227000000,75915000000,124370000000,119365000000,143562000000,,,,,,,,,,,,,,,,,,,,,,,,,,,,,,,,,,,,,,,,,,,,,,,,,,,,,,,,
1375,리스사,12250,무림캐피탈㈜,B,SK104,요약재무상태표(부채 및 자본)(08.03월 이후),A110,차입부채_차입금,,,,,,,,,,,,,175679000000,170242000000,165199000000,157373000000,178594000000,145992000000,155039000000,142991000000,161008000000,159008000000,209116000000,199297000000,240697000000,241519000000,232901000000,235442000000,208641000000,188082000000,166466000000,172522000000,166554000000,151589000000,162090000000,147773000000,133296000000,139844000000,139449000000,122602000000,121098000000,142445000000,136456000000,132017000000,123317000000,111782000000,88978000000,113724000000,126704000000,137107000000,143992000000,172063000000,173378000000,136322000000,146869000000,132924000000,139968000000,168538000000,170954000000,149396000000,175283000000,163179000000,152500000000,147877000000,147424000000,153383000000,151558000000,141164000000
1376,리스사,12250,무림캐피탈㈜,B,SK104,요약재무상태표(부채 및 자본)(08.03월 이후),A111,단기차입금,,,,,,0,0,36000000000,45000000000,36500000000,47500000000,59500000000,,,,,,,,,,,,,,,,,,,,,,,,,,,,,,,,,,,,,,,,,,,,,,,,,,,,,,,,
1377,리스사,12250,무림캐피탈㈜,B,SK104,요약재무상태표(부채 및 자본)(08.03월 이후),A111,차입부채_차입금_단기차입금,,,,,,,,,,,,,65667000000,38667000000,28167000000,19667000000,24167000000,22100000000,9750000000,7350000000,22000000000,41000000000,66750000000,83500000000,96250000000,107000000000,108306000000,122313000000,103421000000,108328000000,100500000000,112500000000,122811000000,114079000000,130900000000,123800000000,114264000000,123496000000,121362000000,109623000000,103700000000,116875000000,112025000000,111658000000,112775000000,107600000000,86700000000,100800000000,108500000000,117000000000,117500000000,147500000000,151500000000,121500000000,126500000000,115500000000,120500000000,120500000000,126000000000,119000000000,115000000000,110000000000,106000000000,102783000000,98545000000,88284000000,117000000000,110000000000
1378,리스사,12250,무림캐피탈㈜,B,SK104,요약재무상태표(부채 및 자본)(08.03월 이후),A112,차입부채_차입금_콜머니,,,,,,,,,,,,, , , , , , , , , , , , , , , , , , , , , , , , , , , ,0,0, , ,0, , , ,0,0,0,0,0,0,0,0,0,0,0,0,0,0,0,0,0,0,0,0,0
1379,리스사,12250,무림캐피탈㈜,B,SK104,요약재무상태표(부채 및 자본)(08.03월 이후),A112,콜머니,,,,,,0,0,0,0,0,0,0,,,,,,,,,,,,,,,,,,,,,,,,,,,,,,,,,,,,,,,,,,,,,,,,,,,,,,,,
1380,리스사,12250,무림캐피탈㈜,B,SK104,요약재무상태표(부채 및 자본)(08.03월 이후),A113,장기차입금,,,,,,0,0,3227000000,30915000000,87870000000,71865000000,84062000000,,,,,,,,,,,,,,,,,,,,,,,,,,,,,,,,,,,,,,,,,,,,,,,,,,,,,,,,
1381,리스사,12250,무림캐피탈㈜,B,SK104,요약재무상태표(부채 및 자본)(08.03월 이후),A113,차입부채_차입금_장기차입금,,,,,,,,,,,,,110012000000,131576000000,137032000000,137706000000,154427000000,123892000000,145289000000,135641000000,139008000000,118035000000,142392000000,115821000000,144468000000,134538000000,124612000000,113143000000,105233000000,79754000000,65966000000,60022000000,43743000000,37510000000,31190000000,23973000000,19032000000,16348000000,18087000000,12979000000,17398000000,25570000000,24431000000,20359000000,10542000000,4182000000,2278000000,12924000000,18204000000,20107000000,26492000000,24563000000,21878000000,14822000000,20369000000,17424000000,19468000000,48038000000,44954000000,30396000000,60283000000,53179000000,46500000000,45094000000,48879000000,65099000000,34558000000,31164000000
1382,리스사,12250,무림캐피탈㈜,B,SK104,요약재무상태표(부채 및 자본)(08.03월 이후),A114,유동성 장기차입금,,,,,,0,0,0,0,0,0,0,,,,,,,,,,,,,,,,,,,,,,,,,,,,,,,,,,,,,,,,,,,,,,,,,,,,,,,,
1383,리스사,12250,무림캐피탈㈜,B,SK104,요약재무상태표(부채 및 자본)(08.03월 이후),A114,차입부채_차입금_유동성 장기차입금,,,,,,,,,,,,, , , , , , , , , , , , , , , , , , , , , , , , , , , ,0,0, , ,0, , , ,0,0,0,0,0,0,0,0,0,0,0,0,0,0,0,0,0,0,0,0,0
1384,리스사,12250,무림캐피탈㈜,B,SK104,요약재무상태표(부채 및 자본)(08.03월 이후),A115,사  채,,,,,,0,0,5000000000,5000000000,5000000000,5000000000,10000000000,,,,,,,,,,,,,,,,,,,,,,,,,,,,,,,,,,,,,,,,,,,,,,,,,,,,,,,,
1385,리스사,12250,무림캐피탈㈜,B,SK104,요약재무상태표(부채 및 자본)(08.03월 이후),A115,차입부채_사 채,,,,,,,,,,,,,10000000000,17989000000,55832000000,60817000000,87769000000,137578000000,159493000000,136608000000,124661000000,159656000000,129798000000,114844000000,89882000000,69822000000,69855000000,59885000000,59864000000,54901000000,54928000000,39963000000,29973000000,9989000000,9987000000,9992000000,4998000000,5000000000,14959000000,14967000000,19957000000,19966000000,19943000000,19953000000,34908000000,64856000000,79800000000,84813000000,79826000000,79856000000,86849000000,70380000000,82375000000,93845000000,138712000000,143730000000,159750000000,142806000000,124731000000,115493000000,132415000000,126332000000,106428000000,100796000000,76125000000,75440000000,75997000000,86795000000
1386,리스사,12250,무림캐피탈㈜,B,SK104,요약재무상태표(부채 및 자본)(08.03월 이후),A1150,차입부채_사 채_단기사채,,,,,,0,0,5000000000,5000000000,5000000000,5000000000,10000000000,10000000000, , , , , , , , , , , , , , , , , , , , , , , , , ,5000000000,5000000000,5000000000,5000000000, ,0, , , ,0,0,0,2000000000,2000000000,2000000000,9000000000,7000000000,7000000000,15000000000,8000000000,8000000000,13000000000,31000000000,31000000000,31000000000,26000000000,2000000000,2000000000,2000000000,19000000000
1387,리스사,12250,무림캐피탈㈜,B,SK104,요약재무상태표(부채 및 자본)(08.03월 이후),A11500,차입부채_사 채_단기사채_(사채발행차금),,,,,,0,0,0,0,0,0,0, , , , , , , , , , , , , , , , , , , , , , , , , , ,14000000,10000000,6000000,3000000, ,0, , , ,0,0,0,5000000,4000000,2000000,17000000,12000000,8000000,18000000,10000000,5000000,3000000,150000000,107000000,64000000,19000000,4000000,3000000,2000000,3000000
1388,리스사,12250,무림캐피탈㈜,B,SK104,요약재무상태표(부채 및 자본)(08.03월 이후),A1151,차입부채_사 채_유동성사채,,,,,,0,0,0,0,0,0,0, , , , , , , , , , , , , , , , , , , , , , , , , , , ,0,0, , ,0, , , ,0,0,0,0,0,0,0,0,0,0,0,0,0,0,0,0,0,0,0,0,0
1389,리스사,12250,무림캐피탈㈜,B,SK104,요약재무상태표(부채 및 자본)(08.03월 이후),A11510,차입부채_사 채_유동성사채_(유동성사채발행차금),,,,,,0,0,0,0,0,0,0, , , , , , , , , , , , , , , , , , , , , , , , , , , ,0,0, , ,0, , , ,0,0,0,0,0,0,0,0,0,0,0,0,0,0,0,0,0,0,0,0,0
1390,리스사,12250,무림캐피탈㈜,B,SK104,요약재무상태표(부채 및 자본)(08.03월 이후),A1152,차입부채_사 채_장기사채,,,,,,0,0,0,0,0,0,0, ,18000000000,56000000000,61000000000,88000000000,138000000000,160000000000,137000000000,125000000000,160000000000,130000000000,115000000000,90000000000,70000000000,70000000000,60000000000,60000000000,55000000000,55000000000,40000000000,30000000000,10000000000,10000000000,10000000000,5000000000,5000000000,10000000000,10000000000,15000000000,15000000000,20000000000,20000000000,35000000000,65000000000,80000000000,85000000000,80000000000,80000000000,85000000000,68500000000,80500000000,85000000000,132000000000,137000000000,145000000000,135000000000,117000000000,102700000000,102000000000,96000000000,76000000000,75250000000,74500000000,73750000000,74250000000,68000000000
1391,리스사,12250,무림캐피탈㈜,B,SK104,요약재무상태표(부채 및 자본)(08.03월 이후),A11520,차입부채_사 채_장기사채_(사채발행차금),,,,,,0,0,0,0,0,0,0, ,11000000,168000000,183000000,231000000,422000000,507000000,392000000,339000000,344000000,202000000,156000000,118000000,178000000,145000000,115000000,136000000,99000000,72000000,37000000,27000000,11000000,13000000,8000000,2000000,0,27000000,23000000,37000000,31000000,57000000,47000000,92000000,144000000,200000000,187000000,174000000,144000000,146000000,116000000,123000000,138000000,276000000,262000000,232000000,184000000,264000000,204000000,435000000,560000000,509000000,435000000,371000000,307000000,251000000,202000000
1392,리스사,12250,무림캐피탈㈜,B,SK104,요약재무상태표(부채 및 자본)(08.03월 이후),A1153,차입부채_사 채_기타,,,,,,0,0,0,0,0,0,0,0,-22000000,-336000000,-366000000,-462000000,-844000000,-1014000000,-784000000,-678000000,-688000000,-404000000,-312000000,-236000000,-356000000,-290000000,-230000000,-272000000,-198000000,-144000000,-74000000,-54000000,-22000000,-26000000,-16000000,-4000000,0,-82000000,-66000000,-86000000,-68000000,-114000000,-94000000,-184000000,-288000000,-400000000,-374000000,-348000000,-288000000,-302000000,-240000000,-250000000,-310000000,-576000000,-540000000,-500000000,-388000000,-538000000,-414000000,-1170000000,-1335000000,-1145000000,-908000000,-750000000,-620000000,-506000000,-410000000
1393,리스사,12250,무림캐피탈㈜,B,SK104,요약재무상태표(부채 및 자본)(08.03월 이후),A12,기타부채,,,,,,41000000,3469000000,1688000000,3486000000,7518000000,8839000000,13348000000,15199000000,16641000000,17275000000,20293000000,23420000000,23594000000,22900000000,20175000000,21394000000,22396000000,18595000000,17545000000,17959000000,21195000000,18115000000,17336000000,16166000000,15383000000,14089000000,14329000000,12226000000,11591000000,12443000000,10459000000,9845000000,9748000000,8798000000,8013000000,8621000000,6914000000,6727000000,7886000000,8860000000,6058000000,4907000000,6016000000,4012000000,4087000000,2670000000,6490000000,5066000000,6272000000,5430000000,9040000000,8326000000,8292000000,10696000000,9746000000,7316000000,8084000000,6765000000,8232000000,7549000000,8816000000,7604000000,7493000000
1394,리스사,12250,무림캐피탈㈜,B,SK104,요약재무상태표(부채 및 자본)(08.03월 이후),A120,기타부채_영업미지급금,,,,,,9000000,3230000000,49000000,334000000,406000000,417000000,1022000000,350000000,104000000,157000000,1025000000,1250000000,1091000000,1067000000,706000000,273000000,190000000,327000000,610000000,263000000,3469000000,88000000,775000000,449000000,803000000,227000000,260000000,261000000,1448000000,3095000000,4014000000,4457000000,4230000000,3498000000,3190000000,2513000000,1973000000,1330000000,2265000000,1578000000,1337000000,1178000000,1629000000,910000000,853000000,839000000,1742000000,759000000,766000000,787000000,1938000000,1071000000,1107000000,1148000000,1448000000,670000000,508000000,525000000,616000000,266000000,280000000,76000000,73000000
1395,리스사,12250,무림캐피탈㈜,B,SK104,요약재무상태표(부채 및 자본)(08.03월 이후),A121,기타부채_장기미지급금,,,,,,0,0,0,0,0,0,0, , , , , , , , , , , , , , , , , , , , , , , , , , , ,0,0, , ,0, , , ,0,0,0,0,0,0,0,0,0,0,0,0,0,0,0,0,0,0,0,0,0
1396,리스사,12250,무림캐피탈㈜,B,SK104,요약재무상태표(부채 및 자본)(08.03월 이후),A122,기타부채_기타의 부채,,,,,,32000000,70000000,495000000,1645000000,3711000000,3381000000,3946000000,6671000000,7051000000,6665000000,7380000000,8625000000,7939000000,8097000000,5888000000,6509000000,5427000000,5119000000,4607000000,4688000000,4294000000,4159000000,3477000000,3217000000,3233000000,2876000000,2858000000,2133000000,1488000000,1252000000,1370000000,1071000000,1878000000,2711000000,2400000000,4620000000,3457000000,3840000000,4028000000,5235000000,2860000000,1938000000,4078000000,2800000000,3028000000,973000000,1759000000,2639000000,3840000000,3069000000,5687000000,5912000000,5848000000,3584000000,3593000000,1964000000,3106000000,1795000000,1732000000,1419000000,2259000000,1289000000,1522000000
1397,리스사,12250,무림캐피탈㈜,B,SK104,요약재무상태표(부채 및 자본)(08.03월 이후),A1220,기타부채_기타의 부채_가수금,,,,,,0,0,0,0,0,0,0, , ,7000000,35000000,55000000,47000000,43000000, , , , , , , , , , , , , , , , , , , , ,0,0, , ,0, , , ,0,0,0,0,0,0,0,0,0,0,0,0,0,0,0,0,0,0,0,0,0
1398,리스사,12250,무림캐피탈㈜,B,SK104,요약재무상태표(부채 및 자본)(08.03월 이후),A1221,기타부채_기타의 부채_예수금,,,,,,20000000,27000000,27000000,53000000,44000000,46000000,59000000,57000000,55000000,55000000,52000000,154000000,85000000,98000000,114000000,209000000,173000000,79000000,68000000,136000000,98000000,70000000,79000000,114000000,67000000,77000000,68000000,104000000,55000000,50000000,46000000,47000000,49000000,40000000,40000000,129000000,41000000,59000000,56000000,47000000,52000000,55000000,47000000,58000000,55000000,53000000,52000000,221000000,64000000,61000000,61000000,59000000,77000000,58000000,58000000,59000000,69000000,70000000,73000000,70000000,163000000,66000000,68000000
1399,리스사,12250,무림캐피탈㈜,B,SK104,요약재무상태표(부채 및 자본)(08.03월 이후),A1222,기타부채_기타의 부채_선수금,,,,,,0,0,1000000,917000000,2541000000,2214000000,2130000000,1413000000,1337000000,1350000000,1951000000,2369000000,2545000000,2082000000,1339000000,1306000000,1211000000,1393000000,1571000000,1472000000,857000000,786000000,346000000,381000000,271000000,233000000,190000000,185000000,217000000,131000000,428000000,203000000,80000000,815000000,512000000,739000000,1044000000,1059000000,961000000,636000000,474000000,59000000,156000000,274000000,457000000,203000000,890000000,475000000,871000000,367000000,188000000,206000000,159000000,111000000,0,0,0,0,61000000,0,18000000,0,0
1400,리스사,12250,무림캐피탈㈜,B,SK104,요약재무상태표(부채 및 자본)(08.03월 이후),A1223,기타부채_기타의 부채_선수수익,,,,,,12000000,42000000,72000000,0,0,0,103000000,3248000000,3124000000,3055000000,2861000000,2767000000,2518000000,2209000000,1972000000,1941000000,1980000000,1882000000,1758000000,1941000000,1967000000,1762000000,1536000000,1276000000,1122000000,1020000000,915000000,677000000,558000000,475000000,377000000,264000000,212000000,186000000,287000000,853000000,743000000,623000000,542000000,471000000,485000000,352000000,403000000,179000000,83000000,36000000,226000000,172000000,296000000,324000000,381000000,476000000,459000000,524000000,546000000,537000000,406000000,236000000,215000000,145000000,515000000,305000000,249000000
1401,리스사,12250,무림캐피탈㈜,B,SK104,요약재무상태표(부채 및 자본)(08.03월 이후),A1224,기타부채_기타의 부채_미지급금,,,,,,0,0,0,0,0,0,0, , , , , , , , , , , , , , , , , , , , , , , , , , , ,0,0, , ,0, , , ,0,0,0,0,0,0,0,0,0,0,0,0,0,0,0,0,0,0,0,0,0
1402,리스사,12250,무림캐피탈㈜,B,SK104,요약재무상태표(부채 및 자본)(08.03월 이후),A1225,기타부채_기타의 부채_미지급비용,,,,,,0,1000000,198000000,256000000,428000000,321000000,461000000,630000000,713000000,845000000,864000000,989000000,1058000000,1191000000,1019000000,1036000000,1320000000,1238000000,1211000000,1141000000,1026000000,1029000000,1200000000,980000000,880000000,872000000,988000000,638000000,583000000,531000000,520000000,438000000,368000000,388000000,421000000,405000000,437000000,462000000,491000000,481000000,533000000,535000000,588000000,544000000,553000000,618000000,591000000,579000000,576000000,628000000,709000000,880000000,883000000,686000000,1081000000,958000000,828000000,1490000000,1383000000,1204000000,1118000000,795000000,818000000
1403,리스사,12250,무림캐피탈㈜,B,SK104,요약재무상태표(부채 및 자본)(08.03월 이후),A1226,기타부채_기타의 부채_미지급법인세,,,,,,0,0,197000000,419000000,698000000,800000000,1193000000,1323000000,1823000000,1353000000,1617000000,2290000000,1687000000,2473000000,1445000000,2016000000,743000000,528000000, , ,347000000,513000000,315000000,466000000,893000000,675000000,696000000,530000000,74000000,65000000, ,119000000,1170000000,1282000000,1140000000,2495000000,1191000000,1636000000,1980000000,3600000000,1316000000,938000000,2859000000,1709000000,1852000000,46000000,0,1192000000,2033000000,1690000000,4349000000,4292000000,4270000000,2205000000,1908000000,411000000,1803000000,0,0,0,445000000,124000000,387000000
1404,리스사,12250,무림캐피탈㈜,B,SK104,요약재무상태표(부채 및 자본)(08.03월 이후),A1227,기타부채_기타의 부채_선불카드수탁금,,,,,,0,0,0,0,0,0,0, , , , , , , , , , , , , , , , , , , , , , , , , , , ,0,0, , ,0, , , ,0,0,0,0,0,0,0,0,0,0,0,0,0,0,0,0,0,0,0,0,0
1405,리스사,12250,무림캐피탈㈜,B,SK104,요약재무상태표(부채 및 자본)(08.03월 이후),A1228,기타부채_기타의 부채_부가세예수금,,,,,,0,0,0,0,0,0,0, , , , , , , , , , , , , , , , , , , , , , , , , , , ,0,0, , ,0, , , ,0,0,0,0,0,0,0,0,0,0,0,0,0,0,0,0,0,0,0,0,0
1406,리스사,12250,무림캐피탈㈜,B,SK104,요약재무상태표(부채 및 자본)(08.03월 이후),A1229,기타부채_기타의 부채_선물환거래대,,,,,,0,0,0,0,0,0,0, , , , , , , , , , , , , , , , , , , , , , , , , , , ,0,0, , ,0, , , ,0,0,0,0,0,0,0,0,0,0,0,0,0,0,0,0,0,0,0,0,0
1407,리스사,12250,무림캐피탈㈜,B,SK104,요약재무상태표(부채 및 자본)(08.03월 이후),A122A,기타부채_기타의 부채_파생상품부채,,,,,,0,0,0,0,0,0,0, , , , , , , , , , , , , , , , , , , , , , , , , , , ,0,0, , ,0, , , ,25000000,35000000,28000000,16000000,0,0,0,0,0,0,0,0,0,0,0,0,0,0,0,0,0
1408,리스사,12250,무림캐피탈㈜,B,SK104,요약재무상태표(부채 및 자본)(08.03월 이후),A122B,기타부채_기타의 부채_옵션수입프리미엄,,,,,,0,0,0,0,0,0,0, , , , , , , , , , , , , , , , , , , , , , , , , , , ,0,0, , ,0, , , ,0,0,0,0,0,0,0,0,0,0,0,0,0,0,0,0,0,0,0,0,0
1409,리스사,12250,무림캐피탈㈜,B,SK104,요약재무상태표(부채 및 자본)(08.03월 이후),A122C,기타부채_기타의 부채_이연리스수익,,,,,,0,0,0,0,0,0,0, , , , , , , , , , , , , , , , , , , , , , , , , , , ,0,0, , ,0, , , ,0,0,0,0,0,0,0,0,0,0,0,0,0,0,0,0,0,0,0,0,0
1410,리스사,12250,무림캐피탈㈜,B,SK104,요약재무상태표(부채 및 자본)(08.03월 이후),A122D,기타부채_기타의 부채_기타의 유동부채,,,,,,0,0,0,0,0,0,0, , , , , , , , , , , , , , , , , , , , , , , , , , , ,0,0, , ,0, , , ,0,0,0,0,0,0,0,0,0,0,0,0,0,0,0,0,0,0,0,0,0
1411,리스사,12250,무림캐피탈㈜,B,SK104,요약재무상태표(부채 및 자본)(08.03월 이후),A122E,기타부채_유동성 장기부채,,,,,,0,0,0,0,0,0,0, , , , , , , , , , , , , , , , , , , , , , , , , , , ,0,0, , ,0, , , ,0,0,0,0,0,0,0,0,0,0,0,0,0,0,0,0,0,0,0,0,0
1412,리스사,12250,무림캐피탈㈜,B,SK104,요약재무상태표(부채 및 자본)(08.03월 이후),A123,기타부채_리스보증금,,,,,,0,169000000,1144000000,1402000000,2600000000,4211000000,6285000000,6669000000,7973000000,9434000000,10397000000,11391000000,11851000000,11744000000,11472000000,12727000000,13039000000,11976000000,10475000000,10945000000,11709000000,11413000000,11239000000,10069000000,9648000000,8890000000,8141000000,6853000000,5870000000,5290000000,3456000000,3000000000,2459000000,1763000000,1347000000,934000000,349000000,291000000,175000000,176000000, , ,0,0,0,0,0,0,0,0,0,0,0,0,0,0,0,0,0,0,0,0,0
1413,리스사,12250,무림캐피탈㈜,B,SK104,요약재무상태표(부채 및 자본)(08.03월 이후),A124,기타부채_보 증 금,,,,,,0,0,0,105000000,633000000,755000000,1107000000,953000000,745000000,721000000,833000000,819000000,1865000000,1353000000,1074000000,678000000,3054000000,959000000,892000000,833000000,788000000,1275000000,250000000,221000000,137000000,418000000,555000000,477000000,486000000,495000000,855000000,529000000,359000000,756000000,803000000,529000000,1087000000,1194000000,184000000, , , ,0,0,0,0,0,0,0,0,0,0,0,0,0,0,0,0,0,0,0,0,0
1414,리스사,12250,무림캐피탈㈜,B,SK104,요약재무상태표(부채 및 자본)(08.03월 이후),A1240,기타부채_보 증 금_상환이행보증금,,,,,,0,0,0,0,0,0,0, , , , , , , , , , , , , , , , , , , , , , , , , , , ,0,0, , ,0, , , ,0,0,0,0,0,0,0,0,0,0,0,0,0,0,0,0,0,0,0,0,0
1415,리스사,12250,무림캐피탈㈜,B,SK104,요약재무상태표(부채 및 자본)(08.03월 이후),A1241,기타부채_보 증 금_임대보증금,,,,,,0,0,0,0,0,0,0, , , , , , , , , , , , , , , , , , , , , , , , , , , ,0,0, , ,0, , , ,0,0,0,0,0,0,0,0,0,0,0,0,0,0,0,0,0,0,0,0,0
1416,리스사,12250,무림캐피탈㈜,B,SK104,요약재무상태표(부채 및 자본)(08.03월 이후),A1242,기타부채_보 증 금_기타보증금,,,,,,0,0,0,105000000,633000000,755000000,1107000000,953000000,745000000,721000000,833000000,819000000,1865000000,1353000000,1074000000,678000000,3054000000,959000000,892000000,833000000,788000000,1275000000,250000000,221000000,137000000,418000000,555000000,477000000,486000000,495000000,855000000,529000000,359000000,756000000,803000000,529000000,1087000000,1194000000,184000000, , , ,0,0,0,0,0,0,0,0,0,0,0,0,0,0,0,0,0,0,0,0,0
1417,리스사,12250,무림캐피탈㈜,B,SK104,요약재무상태표(부채 및 자본)(08.03월 이후),A125,기타부채_퇴직급여채무,,,,,,0,0,0,0,168000000,252000000,325000000,345000000,488000000,519000000,566000000,623000000,626000000,680000000,731000000,779000000,807000000,855000000,923000000,895000000,963000000,1010000000,1287000000,1354000000,1433000000,1468000000,1606000000,1171000000,1203000000,720000000,575000000,568000000,602000000,477000000,486000000,514000000,521000000,490000000,608000000,599000000,635000000,558000000,678000000,718000000,757000000,796000000,810000000,852000000,625000000,668000000,707000000,747000000,791000000,835000000,925000000,982000000,1038000000,1095000000,1096000000,1144000000,1200000000,1236000000,1394000000
1418,리스사,12250,무림캐피탈㈜,B,SK104,요약재무상태표(부채 및 자본)(08.03월 이후),A1250,기타부채_퇴직급여채무_(미인식보험수리적손익) (+-),,,,,,,,,,,,, , , , , , , , , , , , , , , , , , , , , , , , , , , ,0,0, , ,0, , , ,0,0,0,0,0,0,0,0,0,0,0,0,0,0,0,0,0,0,0,0,0
1419,리스사,12250,무림캐피탈㈜,B,SK104,요약재무상태표(부채 및 자본)(08.03월 이후),A1251,기타부채_퇴직급여채무_(미인식과거근무원가) (-),,,,,,,,,,,,, , , , , , , , , , , , , , , , , , , , , , , , , , , ,0,0, , ,0, , , ,0,0,0,0,0,0,0,0,0,0,0,0,0,0,0,0,0,0,0,0,0
1420,리스사,12250,무림캐피탈㈜,B,SK104,요약재무상태표(부채 및 자본)(08.03월 이후),A1252,기타부채_퇴직급여채무_(퇴직급여사외적립자산) (-),,,,,,,,,,,,,230000000,232000000,235000000,445000000,448000000,409000000,409000000,676000000,678000000,665000000,667000000,880000000,811000000,817000000,811000000,1197000000,1193000000,1201000000,1166000000,1417000000,924000000,894000000,395000000,575000000,534000000,534000000,407000000,486000000,490000000,473000000,418000000,600000000,558000000,562000000,452000000,678000000,683000000,687000000,691000000,810000000,815000000,551000000,557000000,707000000,712000000,718000000,873000000,925000000,937000000,1149000000,1161000000,1096000000,1103000000,1118000000,1114000000,1394000000
1421,리스사,12250,무림캐피탈㈜,B,SK104,요약재무상태표(부채 및 자본)(08.03월 이후),A126,기타부채_지급보증충당금,,,,,,0,0,0,0,0,0,0, , , , , , , , , , , , , , , , , , , , , , , , , , , ,0,0, , ,0, , , ,0,0,0,0,0,0,0,0,0,0,0,0,0,0,0,0,0,0,0,0,0
1422,리스사,12250,무림캐피탈㈜,B,SK104,요약재무상태표(부채 및 자본)(08.03월 이후),A127,기타부채_포인트충당부채,,,,,,0,0,0,0,0,0,0, , , , , , , , , , , , , , , , , , , , , , , , , , , ,0,0, , ,0, , , ,0,0,0,0,0,0,0,0,0,0,0,0,0,0,0,0,0,0,0,0,0
1423,리스사,12250,무림캐피탈㈜,B,SK104,요약재무상태표(부채 및 자본)(08.03월 이후),A128,기타부채_미지급배당금,,,,,,0,0,0,0,0,0,0, , , , , , , , , , , , , , , , , , , , , , , , , , , ,0,0, , ,0, , , ,0,0,0,0,0,0,0,0,0,0,0,0,0,0,0,0,0,0,0,0,0
1424,리스사,12250,무림캐피탈㈜,B,SK104,요약재무상태표(부채 및 자본)(08.03월 이후),A129,기타부채_이연법인세부채,,,,,,0,0,0,0,0,0,893000000,422000000,422000000, ,526000000,1150000000,618000000,348000000,962000000,1092000000,499000000, ,898000000,1128000000,777000000,962000000,1467000000,2037000000,1311000000,1328000000,2226000000,2152000000,1861000000,1861000000,754000000,754000000,754000000, ,273000000,0, , ,1226000000,1226000000,1226000000,1226000000,0,0,0,0,2363000000,1105000000,1105000000,1105000000,1195000000,1195000000,1195000000,1195000000,0,0,0,0,1500000000,1448000000,1863000000,1857000000,1772000000
1425,리스사,12250,무림캐피탈㈜,B,SK104,요약재무상태표(부채 및 자본)(08.03월 이후),A12A,기타부채_외화환산대,,,,,,0,0,0,0,0,0,0, , , , , , , , , , , , , , , , , , , , , , , , , , , ,0,0, , ,0, , , ,0,0,0,0,0,0,0,0,0,0,0,0,0,0,0,0,0,0,0,0,0
1426,리스사,12250,무림캐피탈㈜,B,SK104,요약재무상태표(부채 및 자본)(08.03월 이후),A12B,기타부채_미사용약정충당금,,,,,,0,0,0,0,0,0,0,18000000,88000000,14000000,12000000,10000000,11000000,20000000,17000000,15000000,44000000,25000000,19000000,18000000,13000000,19000000,37000000,10000000,20000000,48000000,99000000,102000000,128000000,124000000,9000000,0,1000000, ,0,0, , ,0, , , ,0,0,0,0,1000000,1000000,7000000,10000000,6000000,5000000,10000000,7000000,11000000,9000000,7000000,4000000,0,1000000,0,1000000,3000000
1427,리스사,12250,무림캐피탈㈜,B,SK104,요약재무상태표(부채 및 자본)(08.03월 이후),A12C,기타부채_이자율위험포트폴리오위험회피 대상의 공정가액변동부채,,,,,,,,,,,,, , , , , , , , , , , , , , , , , , , , , , , , , , , ,0,0, , ,0, , , ,0,0,0,0,0,0,0,0,0,0,0,0,0,0,0,0,0,0,0,0,0
1428,리스사,12250,무림캐피탈㈜,B,SK104,요약재무상태표(부채 및 자본)(08.03월 이후),A12D,기타부채_기타의 기타부채,,,,,,0,0,0,0,0,0,0, , , , , , , , , , , , , , , , , , , , , , , , , , , ,0,0, , ,0,604000000,560000000,459000000,310000000,268000000,136000000,754000000,625000000,525000000,481000000,348000000,212000000,108000000,58000000,4801000000,4694000000,4628000000,4574000000,4507000000,4383000000,4374000000,4334000000,4258000000,4123000000
1429,리스사,12250,무림캐피탈㈜,B,SK104,요약재무상태표(부채 및 자본)(08.03월 이후),A13,요구불상환지분,,,,,,,,,,,,, , , , , , , , , , , , , , , , , , , , , , , , , , , ,0,0, , ,0, , , ,0,0,0,0,0,0,0,0,0,0,0,0,0,0,0,0,0,0,0,0,0
1430,리스사,12250,무림캐피탈㈜,B,SK104,요약재무상태표(부채 및 자본)(08.03월 이후),A130,요구불상환지분_상환우선주,,,,,,,,,,,,, , , , , , , , , , , , , , , , , , , , , , , , , , , ,0,0, , ,0, , , ,0,0,0,0,0,0,0,0,0,0,0,0,0,0,0,0,0,0,0,0,0
1431,리스사,12250,무림캐피탈㈜,B,SK104,요약재무상태표(부채 및 자본)(08.03월 이후),A131,요구불상환지분_기타,,,,,,,,,,,,, , , , , , , , , , , , , , , , , , , , , , , , , , , ,0,0, , ,0, , , ,0,0,0,0,0,0,0,0,0,0,0,0,0,0,0,0,0,0,0,0,0
1432,리스사,12250,무림캐피탈㈜,B,SK104,요약재무상태표(부채 및 자본)(08.03월 이후),A2,자본,,,,,,49587000000,49768000000,50618000000,51578000000,53013000000,53160000000,57832000000,58563000000,62033000000,63643000000,67181000000,70047000000,70899000000,74460000000,75761000000,76445000000,75210000000,76885000000,77786000000,77303000000,77567000000,79623000000,81375000000,82851000000,82328000000,83068000000,87498000000,86938000000,82759000000,80044000000,81169000000,80182000000,92893000000,103220000000,103684000000,104694000000,104901000000,109156000000,114511000000,116044000000,115500000000,106418000000,107983000000,103999000000,111503000000,112200000000,119765000000,117527000000,122948000000,125681000000,128717000000,130449000000,137917000000,138042000000,135083000000,132357000000,138142000000,137218000000,138425000000,132898000000,137323000000,138244000000,139003000000
1433,리스사,12250,무림캐피탈㈜,B,SK104,요약재무상태표(부채 및 자본)(08.03월 이후),A21,자본금,,,,,,50000000000,50000000000,50000000000,50000000000,50000000000,50000000000,50000000000,50000000000,50000000000,50000000000,50000000000,50000000000,50000000000,50000000000,50000000000,50000000000,50000000000,50000000000,50000000000,50000000000,50000000000,50000000000,50000000000,50000000000,50000000000,50000000000,50000000000,50000000000,50000000000,50000000000,50000000000,50000000000,57523000000,65047000000,65047000000,65047000000,65047000000,65047000000,65047000000,65047000000,65047000000,65047000000,65047000000,65047000000,65047000000,65047000000,65047000000,65047000000,65047000000,65047000000,65047000000,65047000000,65047000000,65047000000,65047000000,65047000000,65047000000,65047000000,65047000000,65047000000,65047000000,65047000000,65047000000
1434,리스사,12250,무림캐피탈㈜,B,SK104,요약재무상태표(부채 및 자본)(08.03월 이후),A210,자본금_보통주자본금,,,,,,50000000000,50000000000,50000000000,50000000000,50000000000,50000000000,50000000000,50000000000,50000000000,50000000000,50000000000,50000000000,50000000000,50000000000,50000000000,50000000000,50000000000,50000000000,50000000000,50000000000,50000000000,50000000000,50000000000,50000000000,50000000000,50000000000,50000000000,50000000000,50000000000,50000000000,50000000000,50000000000,57523000000,57523000000,57523000000,57523000000,57523000000,57523000000,57523000000,57523000000,57523000000,57523000000,57523000000,57523000000,57523000000,57523000000,57523000000,57523000000,57523000000,57523000000,57523000000,57523000000,57523000000,57523000000,57523000000,57523000000,57523000000,57523000000,57523000000,57523000000,57523000000,57523000000,57523000000
1435,리스사,12250,무림캐피탈㈜,B,SK104,요약재무상태표(부채 및 자본)(08.03월 이후),A211,자본금_우선주자본금,,,,,,0,0,0,0,0,0,0, , , , , , , , , , , , , , , , , , , , , , , , , , ,7523000000,7523000000,7523000000,7523000000,7523000000,7523000000,7523000000,7523000000,7523000000,7523000000,7523000000,7523000000,7523000000,7523000000,7523000000,7523000000,7523000000,7523000000,7523000000,7523000000,7523000000,7523000000,7523000000,7523000000,7523000000,7523000000,7523000000,7523000000,7523000000,7523000000
1436,리스사,12250,무림캐피탈㈜,B,SK104,요약재무상태표(부채 및 자본)(08.03월 이후),A212,자본금_신주청약증거금,,,,,,0,0,0,0,0,0,0, , , , , , , , , , , , , , , , , , , , , , , , , , , ,0,0, , ,0, , , ,0,0,0,0,0,0,0,0,0,0,0,0,0,0,0,0,0,0,0,0,0
1437,리스사,12250,무림캐피탈㈜,B,SK104,요약재무상태표(부채 및 자본)(08.03월 이후),A22,자본잉여금,,,,,,0,0,0,0,0,0,0, , , , , , , , , , , , , , , , , , , , , , , , , ,2437000000,4874000000,4874000000,4874000000,4874000000,4874000000,4874000000,4874000000,4874000000,4874000000,4874000000,4874000000,4874000000,4874000000,4874000000,4874000000,4874000000,4874000000,4874000000,4874000000,4874000000,4874000000,4874000000,4874000000,4874000000,4874000000,4874000000,4874000000,4874000000,4874000000,4874000000
1438,리스사,12250,무림캐피탈㈜,B,SK104,요약재무상태표(부채 및 자본)(08.03월 이후),A220,자본잉여금_주식발행초과금,,,,,,0,0,0,0,0,0,0, , , , , , , , , , , , , , , , , , , , , , , , , ,2437000000,4874000000,4874000000,4874000000,4874000000,4874000000,4874000000,4874000000,4874000000,4874000000,4874000000,4874000000,4874000000,4874000000,4874000000,4874000000,4874000000,4874000000,4874000000,4874000000,4874000000,4874000000,4874000000,4874000000,4874000000,4874000000,4874000000,4874000000,4874000000,4874000000,4874000000
1439,리스사,12250,무림캐피탈㈜,B,SK104,요약재무상태표(부채 및 자본)(08.03월 이후),A221,자본잉여금_감자차익,,,,,,0,0,0,0,0,0,0, , , , , , , , , , , , , , , , , , , , , , , , , , , ,0,0, , ,0, , , ,0,0,0,0,0,0,0,0,0,0,0,0,0,0,0,0,0,0,0,0,0
1440,리스사,12250,무림캐피탈㈜,B,SK104,요약재무상태표(부채 및 자본)(08.03월 이후),A222,자본잉여금_기타자본잉여금,,,,,,0,0,0,0,0,0,0, , , , , , , , , , , , , , , , , , , , , , , , , , , ,0,0, , ,0, , , ,0,0,0,0,0,0,0,0,0,0,0,0,0,0,0,0,0,0,0,0,0
1441,리스사,12250,무림캐피탈㈜,B,SK104,요약재무상태표(부채 및 자본)(08.03월 이후),A23,이익잉여금(결손금),,,,,,-413000000,-232000000,618000000,1595000000,2803000000,3537000000,5183000000,8259000000,11014000000,13862000000,16759000000,18650000000,20034000000,22206000000,22124000000,22234000000,22709000000,24745000000,24879000000,24275000000,25421000000,27538000000,28717000000,29129000000,31239000000,31598000000,31705000000,31408000000,31443000000,29314000000,27047000000,27469000000,31433000000,32126000000,31509000000,34773000000,34980000000,39235000000,44590000000,46123000000,45579000000,36497000000,38062000000,34078000000,41582000000,42279000000,49844000000,47606000000,53027000000,55760000000,58796000000,60528000000,67996000000,68121000000,65162000000,62436000000,68221000000,67297000000,68504000000,62977000000,67402000000,68323000000,69082000000
1442,리스사,12250,무림캐피탈㈜,B,SK104,요약재무상태표(부채 및 자본)(08.03월 이후),A230,이익잉여금(결손금)_이익준비금,,,,,,0,0,0,0,0,0,0, , , , ,200000000,200000000,200000000,200000000,400000000,400000000,400000000,400000000,550000000,550000000,550000000,550000000,650000000,650000000,650000000,650000000,750000000,750000000,750000000,750000000,750000000,750000000,750000000,750000000,865000000,865000000,865000000,865000000,1153000000,1153000000,1153000000,1153000000,1440000000,1440000000,1440000000,1440000000,1440000000,1440000000,1843000000,1843000000,2246000000,2246000000,2246000000,2246000000,2533000000,2533000000,2533000000,2533000000,2763000000,2763000000,2763000000,2763000000
1443,리스사,12250,무림캐피탈㈜,B,SK104,요약재무상태표(부채 및 자본)(08.03월 이후),A231,이익잉여금(결손금)_기업합리화적립금,,,,,,0,0,0,0,0,0,0, , , , , , , , , , , , , , , , , , , , , , , , , , , ,0,0, , ,0, , , ,0,0,0,0,0,0,0,0,0,0,0,0,0,0,0,0,0,0,0,0,0
1444,리스사,12250,무림캐피탈㈜,B,SK104,요약재무상태표(부채 및 자본)(08.03월 이후),A232,이익잉여금(결손금)_투융자손실준비금,,,,,,0,0,0,0,0,0,0, , , , , , , , , , , , , , , , , , , , , , , , , , , ,0,0, , ,0, , , ,0,0,0,0,0,0,0,0,0,0,0,0,0,0,0,0,0,0,0,0,0
1445,리스사,12250,무림캐피탈㈜,B,SK104,요약재무상태표(부채 및 자본)(08.03월 이후),A233,이익잉여금(결손금)_기타 법정적립금,,,,,,0,0,0,0,0,0,0, , , , , , , , , , , , , , , , , , , , , , , , , , , ,0,0, , ,0, , , ,0,0,0,0,0,0,0,0,0,0,0,0,0,0,0,0,0,0,0,0,0
1446,리스사,12250,무림캐피탈㈜,B,SK104,요약재무상태표(부채 및 자본)(08.03월 이후),A234,이익잉여금(결손금)_임의적립금,,,,,,0,0,0,0,0,0,0, , , , , , , , , , , , , , , , , , , , ,1000000000,1000000000,1000000000,1000000000,1000000000,1000000000,1000000000,1000000000,1000000000,1000000000,1000000000,1000000000,1000000000,1000000000,1000000000,1000000000,1000000000,1000000000,1000000000,1000000000,1000000000,1000000000,1000000000,1000000000,1000000000,1000000000,1000000000,1000000000,1000000000,1000000000,1000000000,1000000000,1000000000,1000000000,1000000000,1000000000
1447,리스사,12250,무림캐피탈㈜,B,SK104,요약재무상태표(부채 및 자본)(08.03월 이후),A235,이익잉여금(결손금)_해외투자손실준비금,,,,,,0,0,0,0,0,0,0, , , , , , , , , , , , , , , , , , , , , , , , , , , ,0,0, , ,0, , , ,0,0,0,0,0,0,0,0,0,0,0,0,0,0,0,0,0,0,0,0,0
1448,리스사,12250,무림캐피탈㈜,B,SK104,요약재무상태표(부채 및 자본)(08.03월 이후),A236,이익잉여금(결손금)_미처분이익잉여금(미처리결손금),,,,,,-413000000,-232000000,618000000,1595000000,2803000000,3537000000,5183000000,8259000000,7657000000,8094000000,16632000000,14559000000,14559000000,14559000000,14559000000,19724000000,19729000000,19731000000,19702000000,22829000000,22829000000,22829000000,22650000000,27067000000,27067000000,30948000000,31055000000,29658000000,29693000000,27564000000,23816000000,24239000000,28172000000,28826000000,29376000000,32524000000,32731000000,36987000000,42341000000,43587000000,43043000000,33961000000,35526000000,31254000000,38758000000,39455000000,47020000000,44783000000,50204000000,52534000000,55570000000,56899000000,64367000000,64492000000,61533000000,58520000000,64304000000,63380000000,64587000000,58830000000,63256000000,64176000000,64935000000
1449,리스사,12250,무림캐피탈㈜,B,SK104,요약재무상태표(부채 및 자본)(08.03월 이후),A237,이익잉여금(결손금)_대손준비금,,,,,,,,,,,,,237000000,0, ,127000000, ,596000000,709000000,830000000,677000000, , , , , , , , , , , , , , ,1481000000,1481000000,1511000000,1550000000,383000000,383000000,383000000,383000000,383000000,383000000,383000000,383000000,383000000,383000000,383000000,383000000,383000000,383000000,383000000,383000000,383000000,383000000,383000000,383000000,383000000,383000000,383000000,383000000,383000000,383000000,383000000,383000000,383000000
1450,리스사,12250,무림캐피탈㈜,B,SK104,요약재무상태표(부채 및 자본)(08.03월 이후),A238,이익잉여금(결손금)_(당기순손익),,,,,, , , , , , , , ,3358000000,5768000000,8665000000,3891000000,5275000000,7447000000,7365000000,2109000000,2580000000,4614000000,4777000000,897000000,2042000000,4160000000,5517000000,1412000000,3522000000,3880000000,4045000000,703000000,738000000,-1391000000,-3705000000,423000000,4386000000,5079000000,4697000000,3795000000,4002000000,8257000000,13956000000,5015000000,4470000000,5389000000,7026000000, ,6396000000,7093000000,14679000000,1789000000,7210000000,9943000000,13005000000,5758000000,13226000000,13351000000,9172000000,151000000,5935000000,5011000000,6177000000,-3226000000,1200000000,2120000000,2974000000
1451,리스사,12250,무림캐피탈㈜,B,SK104,요약재무상태표(부채 및 자본)(08.03월 이후),A24,자본조정,,,,,,0,0,0,0,0,0,0, , , , , , , , , , , , , , , , , , , , , , , , , , , ,0,0, , ,0, , , ,0,0,0,0,0,0,0,0,0,0,0,0,0,0,0,0,0,0,0,0,0
1452,리스사,12250,무림캐피탈㈜,B,SK104,요약재무상태표(부채 및 자본)(08.03월 이후),A240,자본조정_주식할인발행차금,,,,,,0,0,0,0,0,0,0, , , , , , , , , , , , , , , , , , , , , , , , , , , ,0,0, , ,0, , , ,0,0,0,0,0,0,0,0,0,0,0,0,0,0,0,0,0,0,0,0,0
1453,리스사,12250,무림캐피탈㈜,B,SK104,요약재무상태표(부채 및 자본)(08.03월 이후),A241,자본조정_배당건설이자,,,,,,0,0,0,0,0,0,0, , , , , , , , , , , , , , , , , , , , , , , , , , , ,0,0, , ,0, , , ,0,0,0,0,0,0,0,0,0,0,0,0,0,0,0,0,0,0,0,0,0
1454,리스사,12250,무림캐피탈㈜,B,SK104,요약재무상태표(부채 및 자본)(08.03월 이후),A242,자본조정_자기주식,,,,,,0,0,0,0,0,0,0, , , , , , , , , , , , , , , , , , , , , , , , , , , ,0,0, , ,0, , , ,0,0,0,0,0,0,0,0,0,0,0,0,0,0,0,0,0,0,0,0,0
1455,리스사,12250,무림캐피탈㈜,B,SK104,요약재무상태표(부채 및 자본)(08.03월 이후),A243,자본조정_주식매수선택권,,,,,,0,0,0,0,0,0,0, , , , , , , , , , , , , , , , , , , , , , , , , , , ,0,0, , ,0, , , ,0,0,0,0,0,0,0,0,0,0,0,0,0,0,0,0,0,0,0,0,0
1456,리스사,12250,무림캐피탈㈜,B,SK104,요약재무상태표(부채 및 자본)(08.03월 이후),A244,자본조정_미교부주식배당금,,,,,,0,0,0,0,0,0,0, , , , , , , , , , , , , , , , , , , , , , , , , , , ,0,0, , ,0, , , ,0,0,0,0,0,0,0,0,0,0,0,0,0,0,0,0,0,0,0,0,0
1457,리스사,12250,무림캐피탈㈜,B,SK104,요약재무상태표(부채 및 자본)(08.03월 이후),A245,자본조정_기타 자본조정,,,,,,0,0,0,0,0,0,0, , , , , , , , , , , , , , , , , , , , , , , , , , , ,0,0, , ,0, , , ,0,0,0,0,0,0,0,0,0,0,0,0,0,0,0,0,0,0,0,0,0
1458,리스사,12250,무림캐피탈㈜,B,SK104,요약재무상태표(부채 및 자본)(08.03월 이후),A25,기타포괄손익누계액,,,,,,0,0,0,-17000000,210000000,-377000000,2649000000,305000000,1019000000,-220000000,421000000,1397000000,865000000,2254000000,3637000000,4212000000,2501000000,2139000000,2907000000,3028000000,2146000000,2085000000,2658000000,3723000000,1089000000,1471000000,5793000000,5530000000,1316000000,729000000,4122000000,2713000000,1499000000,1173000000,2254000000,0, , ,0, , , ,0,0,0,0,0,0,0,0,0,0,0,0,0,0,0,0,0,0,0,0,0
1459,리스사,12250,무림캐피탈㈜,B,SK104,요약재무상태표(부채 및 자본)(08.03월 이후),A250,기타포괄손익누계액_매도가능금융자산평가이익,,,,,,0,0,0,-17000000,238000000,-377000000,2649000000,1580000000,1063000000,-220000000,421000000,1397000000,865000000,2254000000,3637000000,4212000000,2501000000,2139000000, ,17350000000, , , ,22411000000,22957000000,24452000000,30750000000,31198000000,28002000000,28248000000,32549000000,31494000000,30627000000,6371000000,7139000000,0, , ,0, , , ,0,0,0,0,0,0,0,0,0,0,0,0,0,0,0,0,0,0,0,0,0
1460,리스사,12250,무림캐피탈㈜,B,SK104,요약재무상태표(부채 및 자본)(08.03월 이후),A251,기타포괄손익누계액_매도가능금융자산평가손실,,,,,,0,0,0,0,-28000000,0,0,-1255000000, , , , , , , , , , , ,-14322000000, , , ,-18688000000,-21868000000,-22982000000,-24957000000,-25669000000,-26685000000,-27519000000,-28427000000,-28781000000,-29128000000,-5199000000,-4886000000,0, , ,0, , , ,0,0,0,0,0,0,0,0,0,0,0,0,0,0,0,0,0,0,0,0,0
1461,리스사,12250,무림캐피탈㈜,B,SK104,요약재무상태표(부채 및 자본)(08.03월 이후),A252,기타포괄손익누계액_해외사업환산이익,,,,,,0,0,0,0,0,0,0, , , , , , , , , , , , , , , , , , , , , , , , , , , ,0,0, , ,0, , , ,0,0,0,0,0,0,0,0,0,0,0,0,0,0,0,0,0,0,0,0,0
1462,리스사,12250,무림캐피탈㈜,B,SK104,요약재무상태표(부채 및 자본)(08.03월 이후),A253,기타포괄손익누계액_해외사업환산손실,,,,,,0,0,0,0,0,0,0, , , , , , , , , , , , , , , , , , , , , , , , , , , ,0,0, , ,0, , , ,0,0,0,0,0,0,0,0,0,0,0,0,0,0,0,0,0,0,0,0,0
1463,리스사,12250,무림캐피탈㈜,B,SK104,요약재무상태표(부채 및 자본)(08.03월 이후),A254,기타포괄손익누계액_현금흐름위험회피 파생상품평가이익,,,,,,0,0,0,0,0,0,0, , , , , , , , , , , , , , , , , , , , , , , , , , , ,0,0, , ,0, , , ,0,0,0,0,0,0,0,0,0,0,0,0,0,0,0,0,0,0,0,0,0
1464,리스사,12250,무림캐피탈㈜,B,SK104,요약재무상태표(부채 및 자본)(08.03월 이후),A255,기타포괄손익누계액_현금흐름위험회피 파생상품평가손실,,,,,,0,0,0,0,0,0,0, , , , , , , , , , , , , , , , , , , , , , , , , , , ,0,0, , ,0, , , ,0,0,0,0,0,0,0,0,0,0,0,0,0,0,0,0,0,0,0,0,0
1465,리스사,12250,무림캐피탈㈜,B,SK104,요약재무상태표(부채 및 자본)(08.03월 이후),A256,기타포괄손익누계액_지분법자본변동,,,,,,0,0,0,0,0,0,0, , , , , , , , , , , , , , , , , , , , , , , , , , , ,0,0, , ,0, , , ,0,0,0,0,0,0,0,0,0,0,0,0,0,0,0,0,0,0,0,0,0
1466,리스사,12250,무림캐피탈㈜,B,SK104,요약재무상태표(부채 및 자본)(08.03월 이후),A257,기타포괄손익누계액_부의 지분법자본변동,,,,,,0,0,0,0,0,0,0, , , , , , , , , , , , , , , , , , , , , , , , , , , ,0,0, , ,0, , , ,0,0,0,0,0,0,0,0,0,0,0,0,0,0,0,0,0,0,0,0,0
1467,리스사,12250,무림캐피탈㈜,B,SK104,요약재무상태표(부채 및 자본)(08.03월 이후),A258,기타포괄손익누계액_유형자산 재평가이익,,,,,,,,,,,,, , , , , , , , , , , , , , , , , , , , , , , , , , , ,0,0, , ,0, , , ,0,0,0,0,0,0,0,0,0,0,0,0,0,0,0,0,0,0,0,0,0
1468,리스사,12250,무림캐피탈㈜,B,SK104,요약재무상태표(부채 및 자본)(08.03월 이후),A259,기타포괄손익누계액_기타,,,,,,,,,,,,,-21000000,-44000000, , , , , , , , , ,2907000000, ,2146000000,2085000000,2658000000, , , , , , , , , , , ,0,0, , ,0, , , ,0,0,0,0,0,0,0,0,0,0,0,0,0,0,0,0,0,0,0,0,0
1469,리스사,12294,씨앤에이치캐피탈㈜,B,SK104,요약재무상태표(부채 및 자본)(08.03월 이후),A,부채 및 자본총계,,,,,,,209788000000,206710000000,163240000000,181150000000,187556000000,201318000000,239021000000,250542000000,263713000000,282253000000,293105000000,286677000000,279958000000,269134000000,254689000000,259169000000,253322000000,249074000000,252299000000,263549000000,277151000000,272091000000,290572000000,292507000000,289268000000,292965000000,265161000000,256371000000,254489000000,247328000000,242869000000,241576000000,236396000000,231583000000,217085000000,195471000000,201086000000,207305000000,214134000000,241735000000,249976000000,269294000000,274177000000,273092000000,287184000000,295714000000,322269000000,357495000000,348335000000,369559000000,368273000000,387614000000,396982000000,367930000000,344948000000,318849000000,291523000000,251115000000,193323000000,159548000000,126730000000,111288000000
1470,리스사,12294,씨앤에이치캐피탈㈜,B,SK104,요약재무상태표(부채 및 자본)(08.03월 이후),A1,부채,,,,,,,166269000000,163113000000,119631000000,138360000000,143873000000,157702000000,197610000000,205422000000,220296000000,239363000000,250187000000,246475000000,239941000000,227856000000,212413000000,215037000000,207353000000,200236000000,202264000000,209827000000,218492000000,217256000000,231958000000,229786000000,232465000000,234932000000,210521000000,201936000000,196402000000,188624000000,183762000000,181454000000,176934000000,171618000000,162379000000,139702000000,146177000000,151184000000,155811000000,180211000000,193063000000,212873000000,222234000000,216215000000,224820000000,225581000000,247310000000,258258000000,261359000000,284965000000,300015000000,315908000000,313425000000,296741000000,271614000000,248912000000,225985000000,200497000000,149440000000,119862000000,107088000000,94593000000
1471,리스사,12294,씨앤에이치캐피탈㈜,B,SK104,요약재무상태표(부채 및 자본)(08.03월 이후),A11,차입부채,,,,,,,87685000000,87497000000,48180000000,70946000000,68053000000,83289000000,134562000000,144713000000,159484000000,175299000000,184992000000,181607000000,173188000000,160089000000,146782000000,148648000000,141306000000,130493000000,130067000000,132947000000,139332000000,142119000000,159693000000,151765000000,154899000000,161520000000,140153000000,133368000000,125701000000,108256000000,105523000000,110006000000,111709000000,107458000000,100995000000,81184000000,81665000000,79263000000,74888000000,85499000000,99905000000,110132000000,122030000000,120526000000,124572000000,139082000000,155201000000,154250000000,152452000000,155400000000,159587000000,158454000000,150579000000,137892000000,121726000000,111162000000,104784000000,92312000000,77772000000,68283000000,69344000000,60892000000
1472,리스사,12294,씨앤에이치캐피탈㈜,B,SK104,요약재무상태표(부채 및 자본)(08.03월 이후),A110,차입금,,,,,,,59685000000,62497000000,48180000000,70946000000,58083000000,73309000000,,,,,,,,,,,,,,,,,,,,,,,,,,,,,,,,,,,,,,,,,,,,,,,,,,,,,,,,
1473,리스사,12294,씨앤에이치캐피탈㈜,B,SK104,요약재무상태표(부채 및 자본)(08.03월 이후),A110,차입부채_차입금,,,,,,,,,,,,,124572000000,134713000000,149513000000,165318000000,160002000000,158107000000,151328000000,138216000000,124895000000,126618000000,141306000000,130493000000,130067000000,132947000000,117386000000,127208000000,122759000000,129253000000,141638000000,126378000000,118337000000,96103000000,100645000000,81626000000,74979000000,92845000000,84209000000,89212000000,71182000000,55892000000,48187000000,56120000000,59911000000,64705000000,69119000000,93319000000,114917000000,116857000000,119555000000,114899000000,130812000000,134691000000,138359000000,141400000000,150587000000,153451000000,140556000000,126174000000,111572000000,99587000000,90812000000,76656000000,71399000000,67053000000,61292000000,52940000000
1474,리스사,12294,씨앤에이치캐피탈㈜,B,SK104,요약재무상태표(부채 및 자본)(08.03월 이후),A111,단기차입금,,,,,,,40574000000,49868000000,39511000000,55563000000,37638000000,51379000000,,,,,,,,,,,,,,,,,,,,,,,,,,,,,,,,,,,,,,,,,,,,,,,,,,,,,,,,
1475,리스사,12294,씨앤에이치캐피탈㈜,B,SK104,요약재무상태표(부채 및 자본)(08.03월 이후),A111,차입부채_차입금_단기차입금,,,,,,,,,,,,,63391000000,82043000000,85311000000,103746000000,109880000000,100937000000,98683000000,92250000000,70237000000,80815000000,114047000000,91534000000,96506000000,101949000000,81810000000,87854000000,89775000000,95284000000,109750000000,92901000000,84991000000,63442000000,68818000000,50500000000,51197000000,67016000000,52659000000,52760000000,41197000000,23689000000,25106000000,33506000000,37683000000,35074000000,39175000000,49163000000,51368000000,56043000000,58674000000,51179000000,66732000000,61869000000,61109000000,65201000000,53280000000,61343000000,68037000000,67822000000,64439000000,60463000000,49850000000,41167000000,36883000000,33440000000,26357000000,23403000000
1476,리스사,12294,씨앤에이치캐피탈㈜,B,SK104,요약재무상태표(부채 및 자본)(08.03월 이후),A112,차입부채_차입금_콜머니,,,,,,,,,,,,,0,0,0,0,0,0,0,0,0,0,0,0,0,0,0,0,0,0,0,0,0,0,0,0,0,0,0,0,0,0,0,0,0,0,0,0,0,0,0,0,0,0,0,0,0,0,0,0,0,0,0,0,0,0,0,0
1477,리스사,12294,씨앤에이치캐피탈㈜,B,SK104,요약재무상태표(부채 및 자본)(08.03월 이후),A112,콜머니,,,,,,,0,0,0,0,0,0,,,,,,,,,,,,,,,,,,,,,,,,,,,,,,,,,,,,,,,,,,,,,,,,,,,,,,,,
1478,리스사,12294,씨앤에이치캐피탈㈜,B,SK104,요약재무상태표(부채 및 자본)(08.03월 이후),A113,장기차입금,,,,,,,19111000000,12629000000,8669000000,15383000000,20445000000,21930000000,,,,,,,,,,,,,,,,,,,,,,,,,,,,,,,,,,,,,,,,,,,,,,,,,,,,,,,,
1479,리스사,12294,씨앤에이치캐피탈㈜,B,SK104,요약재무상태표(부채 및 자본)(08.03월 이후),A113,차입부채_차입금_장기차입금,,,,,,,,,,,,,61181000000,52670000000,64202000000,61573000000,50121000000,57170000000,52645000000,45966000000,54658000000,45803000000,27259000000,38959000000,33561000000,30998000000,35577000000,39353000000,32984000000,33969000000,31888000000,33478000000,33346000000,32661000000,31827000000,31126000000,23783000000,25829000000,31550000000,36452000000,29985000000,32203000000,23081000000,22613000000,22227000000,29631000000,29944000000,44156000000,63549000000,60814000000,60881000000,63721000000,64080000000,72822000000,77250000000,76199000000,97307000000,92107000000,72519000000,58352000000,47133000000,39125000000,40962000000,35489000000,34516000000,33614000000,34936000000,29537000000
1480,리스사,12294,씨앤에이치캐피탈㈜,B,SK104,요약재무상태표(부채 및 자본)(08.03월 이후),A114,유동성 장기차입금,,,,,,,0,0,0,0,0,0,,,,,,,,,,,,,,,,,,,,,,,,,,,,,,,,,,,,,,,,,,,,,,,,,,,,,,,,
1481,리스사,12294,씨앤에이치캐피탈㈜,B,SK104,요약재무상태표(부채 및 자본)(08.03월 이후),A114,차입부채_차입금_유동성 장기차입금,,,,,,,,,,,,,0,0,0,0,0,0,0,0,0,0,0,0,0,0,0,0,0,0,0,0,0,0,0,0,0,0,0,0,0,0,0,0,0,0,0,0,0,0,0,0,0,0,0,0,0,0,0,0,0,0,0,0,0,0,0,0
1482,리스사,12294,씨앤에이치캐피탈㈜,B,SK104,요약재무상태표(부채 및 자본)(08.03월 이후),A115,사  채,,,,,,,28000000000,25000000000,0,0,9970000000,9980000000,,,,,,,,,,,,,,,,,,,,,,,,,,,,,,,,,,,,,,,,,,,,,,,,,,,,,,,,
1483,리스사,12294,씨앤에이치캐피탈㈜,B,SK104,요약재무상태표(부채 및 자본)(08.03월 이후),A115,차입부채_사 채,,,,,,,,,,,,,9990000000,10000000000,9970000000,9980000000,24990000000,23500000000,21859000000,21873000000,21886000000,22030000000,0,0,0,0,21945000000,14912000000,36934000000,22511000000,13261000000,35142000000,21816000000,37264000000,25057000000,26630000000,30544000000,17161000000,27500000000,18246000000,29813000000,25293000000,33478000000,23143000000,14978000000,20794000000,30786000000,16813000000,7113000000,3669000000,5017000000,24182000000,24388000000,19560000000,14093000000,14000000000,9000000000,5003000000,10023000000,11718000000,10155000000,11575000000,13972000000,15655000000,6373000000,1230000000,8052000000,7952000000
1484,리스사,12294,씨앤에이치캐피탈㈜,B,SK104,요약재무상태표(부채 및 자본)(08.03월 이후),A1150,차입부채_사 채_단기사채,,,,,,,0,0,0,0,0,0,0,0,0,0,0,0,0,0,0,0,0,0,0,0,0,0,0,0,0,0,0,0,0,0,0,0,0,0,0,0,0,0,0,0,0,0,0,0,0,0,0,0,0,14000000000,9000000000,0,0,1560000000,0,6500000000,8880000000,10533000000,1230000000,0,8052000000,7952000000
1485,리스사,12294,씨앤에이치캐피탈㈜,B,SK104,요약재무상태표(부채 및 자본)(08.03월 이후),A11500,차입부채_사 채_단기사채_(사채발행차금),,,,,,,0,0,0,0,0,0,0,0,0,0,0,0,0,0,0,0,0,0,0,0,0,0,0,0,0,0,0,0,0,0,0,0,0,0,0,0,0,0,0,0,0,0,0,0,0,0,0,0,0,0,0,0,0,0,0,0,0,0,0,0,0,0
1486,리스사,12294,씨앤에이치캐피탈㈜,B,SK104,요약재무상태표(부채 및 자본)(08.03월 이후),A1151,차입부채_사 채_유동성사채,,,,,,,28000000000,25000000000,0,0,0,0,0,0,0,0,0,0,0,0,0,0,0,0,0,0,0,0,0,0,0,0,0,0,0,0,0,0,0,0,0,0,0,0,0,0,0,0,0,0,0,0,0,0,0,0,0,0,0,0,0,0,0,0,0,0,0,0
1487,리스사,12294,씨앤에이치캐피탈㈜,B,SK104,요약재무상태표(부채 및 자본)(08.03월 이후),A11510,차입부채_사 채_유동성사채_(유동성사채발행차금),,,,,,,0,0,0,0,0,0,0,0,0,0,0,0,0,0,0,0,0,0,0,0,0,0,0,0,0,0,0,0,0,0,0,0,0,0,0,0,0,0,0,0,0,0,0,0,0,0,0,0,0,0,0,0,0,0,0,0,0,0,0,0,0,0
1488,리스사,12294,씨앤에이치캐피탈㈜,B,SK104,요약재무상태표(부채 및 자본)(08.03월 이후),A1152,차입부채_사 채_장기사채,,,,,,,0,0,0,0,10000000000,10000000000,10000000000,10000000000,10000000000,10000000000,25000000000,23500000000,21900000000,21900000000,21900000000,22030000000,0,0,0,0,21945000000,14912000000,37100000000,22600000000,13300000000,35300000000,21900000000,37300000000,25200000000,26700000000,30800000000,17300000000,27800000000,18400000000,30100000000,15300000000,24600000000,14100000000,5800000000,14000000000,24100000000,12300000000,7200000000,3700000000,0,14500000000,14500000000,9500000000,9000000000,0,0,0,0,0,0,0,0,0,0,0,0,0
1489,리스사,12294,씨앤에이치캐피탈㈜,B,SK104,요약재무상태표(부채 및 자본)(08.03월 이후),A11520,차입부채_사 채_장기사채_(사채발행차금),,,,,,,0,0,0,0,30000000,20000000,10000000,0,30000000,20000000,10000000,0,41000000,27000000,14000000,0,0,0,0,0,0,0,166000000,89000000,39000000,158000000,84000000,36000000,143000000,70000000,256000000,139000000,300000000,154000000,287000000,174000000,324000000,195000000,96000000,189000000,326000000,181000000,87000000,31000000,0,367000000,173000000,64000000,0,0,0,0,0,0,0,0,0,0,0,0,0,0
1490,리스사,12294,씨앤에이치캐피탈㈜,B,SK104,요약재무상태표(부채 및 자본)(08.03월 이후),A1153,차입부채_사 채_기타,,,,,,,0,0,0,0,-30000000,-20000000,-20000000,0,-60000000,-40000000,-20000000,0,-82000000,-54000000,-28000000,0,0,0,0,0,0,0,-332000000,-178000000,-78000000,-316000000,-168000000,-72000000,-286000000,-140000000,-512000000,-278000000,-600000000,-308000000,-574000000,9819000000,8554000000,8848000000,9082000000,6605000000,6360000000,4332000000,-174000000,-62000000,5017000000,9315000000,9715000000,9996000000,5093000000,0,0,5003000000,10023000000,10158000000,10155000000,5075000000,5092000000,5122000000,5143000000,1230000000,0,0
1491,리스사,12294,씨앤에이치캐피탈㈜,B,SK104,요약재무상태표(부채 및 자본)(08.03월 이후),A12,기타부채,,,,,,,78584000000,75616000000,71451000000,67414000000,75820000000,74413000000,63048000000,60710000000,60812000000,64065000000,65196000000,64867000000,66753000000,67767000000,65631000000,66389000000,66047000000,69743000000,72197000000,76880000000,79161000000,75137000000,72265000000,78022000000,77566000000,73412000000,70367000000,68569000000,70701000000,80368000000,78239000000,71448000000,65225000000,64160000000,61384000000,58518000000,64512000000,71921000000,80923000000,94712000000,93158000000,102741000000,100204000000,95689000000,100248000000,86499000000,92109000000,104008000000,108907000000,129565000000,140428000000,157454000000,162846000000,158849000000,149888000000,137750000000,121201000000,108185000000,71668000000,51579000000,37744000000,33701000000
1492,리스사,12294,씨앤에이치캐피탈㈜,B,SK104,요약재무상태표(부채 및 자본)(08.03월 이후),A120,기타부채_영업미지급금,,,,,,,0,0,0,0,0,0,0,0,0,0,0,0,0,0,0,0,0,0,0,0,0,0,0,0,0,0,0,0,0,0,0,0,0,0,0,0,0,0,0,0,0,0,0,0,0,0,0,0,0,0,0,0,0,0,0,0,0,0,0,0,0,0
1493,리스사,12294,씨앤에이치캐피탈㈜,B,SK104,요약재무상태표(부채 및 자본)(08.03월 이후),A121,기타부채_장기미지급금,,,,,,,22318000000,20886000000,18336000000,16147000000,14962000000,15403000000,12947000000,11490000000,9909000000,8511000000,7681000000,7331000000,8890000000,10715000000,10102000000,13202000000,16458000000,20276000000,25393000000,30540000000,33294000000,32833000000,32352000000,37852000000,40557000000,39002000000,40293000000,40934000000,44658000000,53305000000,53368000000,45922000000,39274000000,35743000000,30152000000,28333000000,31499000000,37440000000,44668000000,53644000000,53997000000,64603000000,65858000000,61639000000,67149000000,53387000000,61031000000,67165000000,73346000000,92987000000,106145000000,129055000000,135159000000,132966000000,124524000000,114012000000,100782000000,90293000000,60448000000,44485000000,31439000000,27240000000
1494,리스사,12294,씨앤에이치캐피탈㈜,B,SK104,요약재무상태표(부채 및 자본)(08.03월 이후),A122,기타부채_기타의 부채,,,,,,,8477000000,11364000000,6582000000,5487000000,4488000000,4916000000,14200000000,11746000000,11126000000,11967000000,12215000000,11926000000,11447000000,10794000000,9741000000,9719000000,8714000000,9423000000,9657000000,10171000000,10228000000,10021000000,9923000000,9896000000,9999000000,9022000000,8091000000,6956000000,6796000000,7989000000,7092000000,8112000000,8544000000,7932000000,7096000000,6807000000,7757000000,8857000000,9476000000,10633000000,10484000000,10530000000,8382000000,8118000000,7336000000,7437000000,6622000000,7099000000,10942000000,14292000000,12343000000,11360000000,8647000000,9433000000,10058000000,8175000000,5791000000,5315000000,3315000000,1982000000,1938000000,3353000000
1495,리스사,12294,씨앤에이치캐피탈㈜,B,SK104,요약재무상태표(부채 및 자본)(08.03월 이후),A1220,기타부채_기타의 부채_가수금,,,,,,,0,0,0,0,0,0,0,0,0,0,0,0,0,0,0,0,0,0,0,0,0,0,0,0,0,0,0,0,0,0,0,0,0,0,0,0,0,0,0,0,0,0,0,0,0,0,0,0,0,0,0,0,0,0,0,0,0,0,0,0,0,0
1496,리스사,12294,씨앤에이치캐피탈㈜,B,SK104,요약재무상태표(부채 및 자본)(08.03월 이후),A1221,기타부채_기타의 부채_예수금,,,,,,,528000000,637000000,664000000,662000000,507000000,474000000,450000000,189000000,198000000,191000000,201000000,194000000,217000000,214000000,211000000,229000000,243000000,285000000,440000000,562000000,718000000,794000000,786000000,778000000,850000000,637000000,717000000,760000000,956000000,1030000000,971000000,1035000000,1201000000,1072000000,856000000,649000000,796000000,910000000,1145000000,1076000000,1160000000,1369000000,1094000000,1177000000,917000000,1069000000,921000000,1045000000,1091000000,1063000000,973000000,1042000000,1038000000,762000000,772000000,720000000,682000000,820000000,651000000,159000000,139000000,137000000
1497,리스사,12294,씨앤에이치캐피탈㈜,B,SK104,요약재무상태표(부채 및 자본)(08.03월 이후),A1222,기타부채_기타의 부채_선수금,,,,,,,3617000000,4500000000,5087000000,4028000000,3477000000,3099000000,3205000000,2717000000,2364000000,2103000000,3065000000,2013000000,3281000000,1939000000,2633000000,2373000000,2359000000,2333000000,2132000000,3075000000,4310000000,4053000000,3014000000,1945000000,1763000000,1582000000,2283000000,1378000000,1169000000,1393000000,876000000,697000000,663000000,982000000,547000000,487000000,419000000,380000000,267000000,420000000,241000000,474000000,191000000,253000000,736000000,231000000,424000000,516000000,203000000,359000000,320000000,200000000,136000000,396000000,686000000,312000000,68000000,44000000,31000000,32000000,19000000,56000000
1498,리스사,12294,씨앤에이치캐피탈㈜,B,SK104,요약재무상태표(부채 및 자본)(08.03월 이후),A1223,기타부채_기타의 부채_선수수익,,,,,,,173000000,40000000,10000000,4000000,4000000,4000000,7581000000,7768000000,7906000000,8266000000,7979000000,7462000000,6963000000,6404000000,5855000000,5383000000,5042000000,4677000000,4300000000,4091000000,3814000000,3605000000,3611000000,3902000000,3920000000,3610000000,3350000000,3146000000,3017000000,2944000000,2760000000,2702000000,3179000000,4562000000,5153000000,5051000000,5955000000,6601000000,6975000000,8074000000,7554000000,6678000000,6174000000,5595000000,4981000000,4958000000,4431000000,4619000000,4513000000,4595000000,4734000000,4945000000,5189000000,4365000000,3824000000,3755000000,3137000000,2745000000,1636000000,1114000000,824000000,533000000
1499,리스사,12294,씨앤에이치캐피탈㈜,B,SK104,요약재무상태표(부채 및 자본)(08.03월 이후),A1224,기타부채_기타의 부채_미지급금,,,,,,,3662000000,5656000000,376000000,364000000,3000000,884000000,1795000000,637000000,73000000,698000000,348000000,1765000000,324000000,1608000000,403000000,1235000000,674000000,1558000000,1375000000,1393000000,553000000,992000000,617000000,794000000,349000000,727000000,272000000,714000000,355000000,1775000000,1861000000,3213000000,2752000000,404000000,236000000,336000000,284000000,539000000,211000000,241000000,219000000,872000000,215000000,226000000,231000000,711000000,263000000,300000000,325000000,561000000,525000000,239000000,233000000,421000000,204000000,178000000,261000000,1021000000,504000000,361000000,639000000,705000000
1500,리스사,12294,씨앤에이치캐피탈㈜,B,SK104,요약재무상태표(부채 및 자본)(08.03월 이후),A1225,기타부채_기타의 부채_미지급비용,,,,,,,453000000,531000000,445000000,429000000,497000000,455000000,1169000000,435000000,585000000,708000000,622000000,492000000,662000000,630000000,638000000,497000000,394000000,571000000,474000000,423000000,520000000,577000000,714000000,740000000,701000000,593000000,396000000,345000000,292000000,405000000,446000000,379000000,338000000,374000000,304000000,285000000,303000000,342000000,332000000,306000000,319000000,385000000,303000000,327000000,365000000,469000000,583000000,618000000,550000000,539000000,488000000,484000000,530000000,825000000,807000000,721000000,914000000,684000000,493000000,316000000,317000000,1923000000
1501,리스사,12294,씨앤에이치캐피탈㈜,B,SK104,요약재무상태표(부채 및 자본)(08.03월 이후),A1226,기타부채_기타의 부채_미지급법인세,,,,,,,44000000,0,0,0,0,0,0,0,0,0,0,0,0,0,0,0,0,0,936000000,626000000,314000000,0,1181000000,1738000000,2415000000,1020000000,954000000,613000000,1007000000,443000000,177000000,86000000,412000000,537000000,0,0,0,85000000,546000000,515000000,991000000,752000000,405000000,540000000,106000000,0,0,0,2819000000,6465000000,4034000000,2257000000,-396000000,0,1114000000,216000000,0,0,0,0,0,0
1502,리스사,12294,씨앤에이치캐피탈㈜,B,SK104,요약재무상태표(부채 및 자본)(08.03월 이후),A1227,기타부채_기타의 부채_선불카드수탁금,,,,,,,0,0,0,0,0,0,0,0,0,0,0,0,0,0,0,0,0,0,0,0,0,0,0,0,0,0,0,0,0,0,0,0,0,0,0,0,0,0,0,0,0,0,0,0,0,0,0,0,0,0,0,0,0,0,0,0,0,0,0,0,0,0
1503,리스사,12294,씨앤에이치캐피탈㈜,B,SK104,요약재무상태표(부채 및 자본)(08.03월 이후),A1228,기타부채_기타의 부채_부가세예수금,,,,,,,0,0,0,0,0,0,0,0,0,0,0,0,0,0,0,0,0,0,0,0,0,0,0,0,0,853000000,119000000,0,0,0,0,0,0,0,0,0,0,0,0,0,0,0,0,0,0,0,0,0,0,0,0,0,0,0,0,0,0,0,0,0,0,0
1504,리스사,12294,씨앤에이치캐피탈㈜,B,SK104,요약재무상태표(부채 및 자본)(08.03월 이후),A1229,기타부채_기타의 부채_선물환거래대,,,,,,,0,0,0,0,0,0,0,0,0,0,0,0,0,0,0,0,0,0,0,0,0,0,0,0,0,0,0,0,0,0,0,0,0,0,0,0,0,0,0,0,0,0,0,0,0,0,0,0,0,0,0,0,0,0,0,0,0,0,0,0,0,0
1505,리스사,12294,씨앤에이치캐피탈㈜,B,SK104,요약재무상태표(부채 및 자본)(08.03월 이후),A122A,기타부채_기타의 부채_파생상품부채,,,,,,,0,0,0,0,0,0,0,0,0,0,0,0,0,0,0,0,0,0,0,0,0,0,0,0,0,0,0,0,0,0,0,0,0,0,0,0,0,0,0,0,0,0,0,0,0,0,0,0,1442000000,710000000,1268000000,2193000000,1917000000,2665000000,2652000000,2274000000,728000000,0,0,0,0,0
1506,리스사,12294,씨앤에이치캐피탈㈜,B,SK104,요약재무상태표(부채 및 자본)(08.03월 이후),A122B,기타부채_기타의 부채_옵션수입프리미엄,,,,,,,0,0,0,0,0,0,0,0,0,0,0,0,0,0,0,0,0,0,0,0,0,0,0,0,0,0,0,0,0,0,0,0,0,0,0,0,0,0,0,0,0,0,0,0,0,0,0,0,0,0,0,0,0,0,0,0,0,0,0,0,0,0
1507,리스사,12294,씨앤에이치캐피탈㈜,B,SK104,요약재무상태표(부채 및 자본)(08.03월 이후),A122C,기타부채_기타의 부채_이연리스수익,,,,,,,0,0,0,0,0,0,0,0,0,0,0,0,0,0,0,0,3000000,0,0,0,0,0,0,0,0,0,0,0,0,0,0,0,0,0,0,0,0,0,0,0,0,0,0,0,0,0,0,0,0,0,0,0,0,0,0,0,0,0,0,0,0,0
1508,리스사,12294,씨앤에이치캐피탈㈜,B,SK104,요약재무상태표(부채 및 자본)(08.03월 이후),A122D,기타부채_기타의 부채_기타의 유동부채,,,,,,,0,0,0,0,0,0,0,0,0,0,0,0,0,0,0,0,0,0,0,0,0,0,0,0,0,0,0,0,0,0,0,0,0,0,0,0,0,0,0,0,0,0,0,0,0,0,0,0,0,0,0,0,0,0,0,0,0,0,0,0,0,0
1509,리스사,12294,씨앤에이치캐피탈㈜,B,SK104,요약재무상태표(부채 및 자본)(08.03월 이후),A122E,기타부채_유동성 장기부채,,,,,,,0,0,0,0,0,0,0,0,0,0,0,0,0,0,0,0,0,0,0,0,0,0,0,0,0,0,0,0,0,0,0,0,0,0,0,0,0,0,0,0,0,0,0,0,0,0,0,0,0,0,0,0,0,0,0,0,0,0,0,0,0,0
1510,리스사,12294,씨앤에이치캐피탈㈜,B,SK104,요약재무상태표(부채 및 자본)(08.03월 이후),A123,기타부채_리스보증금,,,,,,,37086000000,37168000000,37324000000,39199000000,41869000000,41004000000,34529000000,36275000000,37660000000,41154000000,42637000000,43798000000,44416000000,44619000000,43803000000,41436000000,38685000000,36891000000,34720000000,32931000000,30877000000,28036000000,26578000000,26085000000,24936000000,21805000000,20111000000,18199000000,16924000000,15661000000,14366000000,13375000000,13814000000,16929000000,18810000000,18337000000,20449000000,22068000000,23218000000,25540000000,24936000000,22927000000,20831000000,19048000000,17080000000,15610000000,13403000000,13526000000,13509000000,13156000000,12531000000,11905000000,12102000000,11295000000,10121000000,10305000000,9495000000,8999000000,5866000000,4604000000,3952000000,2437000000
1511,리스사,12294,씨앤에이치캐피탈㈜,B,SK104,요약재무상태표(부채 및 자본)(08.03월 이후),A124,기타부채_보 증 금,,,,,,,0,0,0,0,18000000,191000000,181000000,181000000,181000000,181000000,18000000,18000000,18000000,18000000,18000000,18000000,18000000,18000000,19000000,19000000,19000000,19000000,18000000,18000000,18000000,18000000,18000000,18000000,18000000,18000000,18000000,18000000,18000000,18000000,18000000,18000000,18000000,18000000,18000000,18000000,18000000,18000000,18000000,18000000,18000000,18000000,18000000,18000000,18000000,18000000,18000000,18000000,18000000,18000000,18000000,18000000,18000000,18000000,18000000,18000000,18000000,18000000
1512,리스사,12294,씨앤에이치캐피탈㈜,B,SK104,요약재무상태표(부채 및 자본)(08.03월 이후),A1240,기타부채_보 증 금_상환이행보증금,,,,,,,0,0,0,0,0,0,0,0,0,0,0,0,0,0,0,0,0,0,0,0,0,0,0,0,0,0,0,0,0,0,0,0,0,0,0,0,0,0,0,0,0,0,0,0,0,0,0,0,0,0,0,0,0,0,0,0,0,0,0,0,0,0
1513,리스사,12294,씨앤에이치캐피탈㈜,B,SK104,요약재무상태표(부채 및 자본)(08.03월 이후),A1241,기타부채_보 증 금_임대보증금,,,,,,,0,0,0,0,0,0,0,0,0,0,0,0,0,0,0,0,0,0,0,0,0,0,0,0,0,0,0,0,0,0,0,0,0,0,0,0,0,0,0,0,0,0,0,0,0,0,0,0,0,0,0,0,0,0,0,0,0,0,0,0,0,0
1514,리스사,12294,씨앤에이치캐피탈㈜,B,SK104,요약재무상태표(부채 및 자본)(08.03월 이후),A1242,기타부채_보 증 금_기타보증금,,,,,,,0,0,0,0,18000000,191000000,181000000,181000000,181000000,181000000,18000000,18000000,18000000,18000000,18000000,18000000,18000000,18000000,19000000,19000000,19000000,19000000,18000000,18000000,18000000,18000000,18000000,18000000,18000000,18000000,18000000,18000000,18000000,18000000,18000000,18000000,18000000,18000000,18000000,18000000,18000000,18000000,18000000,18000000,18000000,18000000,18000000,18000000,18000000,18000000,18000000,18000000,18000000,18000000,18000000,18000000,18000000,18000000,18000000,18000000,18000000,18000000
1515,리스사,12294,씨앤에이치캐피탈㈜,B,SK104,요약재무상태표(부채 및 자본)(08.03월 이후),A125,기타부채_퇴직급여채무,,,,,,,136000000,133000000,142000000,173000000,208000000,656000000,833000000,817000000,975000000,1047000000,1429000000,1540000000,1600000000,890000000,947000000,939000000,993000000,925000000,1048000000,1075000000,1130000000,1279000000,1360000000,1391000000,1495000000,1481000000,1576000000,1846000000,1914000000,2297000000,2297000000,2610000000,2588000000,2766000000,2839000000,2933000000,2982000000,3053000000,3175000000,3297000000,3444000000,3773000000,3913000000,3717000000,3849000000,3672000000,3794000000,3885000000,3922000000,4079000000,4199000000,4174000000,4331000000,4166000000,4307000000,4471000000,4435000000,2968000000,1515000000,1611000000,1597000000,1556000000
1516,리스사,12294,씨앤에이치캐피탈㈜,B,SK104,요약재무상태표(부채 및 자본)(08.03월 이후),A1250,기타부채_퇴직급여채무_(미인식보험수리적손익) (+-),,,,,,,,,,,,,0,0,0,0,0,0,0,0,0,0,0,0,0,0,0,0,0,0,0,0,0,0,0,0,0,0,0,0,0,0,0,0,0,0,0,0,0,0,0,0,0,0,0,0,0,0,0,0,0,0,0,0,0,0,0,0
1517,리스사,12294,씨앤에이치캐피탈㈜,B,SK104,요약재무상태표(부채 및 자본)(08.03월 이후),A1251,기타부채_퇴직급여채무_(미인식과거근무원가) (-),,,,,,,,,,,,,0,0,0,0,0,0,0,0,0,0,0,0,0,0,0,0,0,0,0,0,0,0,0,0,0,0,0,0,0,0,0,0,0,0,0,0,0,0,0,0,0,0,0,0,0,0,0,0,0,0,0,0,0,0,0,0
1518,리스사,12294,씨앤에이치캐피탈㈜,B,SK104,요약재무상태표(부채 및 자본)(08.03월 이후),A1252,기타부채_퇴직급여채무_(퇴직급여사외적립자산) (-),,,,,,,,,,,,,0,0,0,0,0,0,0,0,0,0,0,0,0,0,0,0,0,0,0,0,0,0,0,0,0,0,0,0,0,0,0,0,0,0,0,0,0,0,0,0,0,0,0,0,0,0,0,0,0,0,0,0,0,-1480000000,-1488000000, 
1519,리스사,12294,씨앤에이치캐피탈㈜,B,SK104,요약재무상태표(부채 및 자본)(08.03월 이후),A126,기타부채_지급보증충당금,,,,,,,0,0,0,0,0,0,0,0,0,0,0,0,0,0,0,0,0,0,0,0,0,0,0,0,0,0,0,0,0,0,0,0,0,0,0,0,0,0,0,0,0,0,0,0,0,0,0,0,0,0,0,0,0,0,0,0,0,0,0,0,0,0
1520,리스사,12294,씨앤에이치캐피탈㈜,B,SK104,요약재무상태표(부채 및 자본)(08.03월 이후),A127,기타부채_포인트충당부채,,,,,,,0,0,0,0,0,0,0,0,0,0,0,0,0,0,0,0,0,0,0,0,0,0,0,0,0,0,0,0,0,0,0,0,0,0,0,0,0,0,0,0,0,0,0,0,0,0,0,0,0,0,0,0,0,0,0,0,0,0,0,0,0,0
1521,리스사,12294,씨앤에이치캐피탈㈜,B,SK104,요약재무상태표(부채 및 자본)(08.03월 이후),A128,기타부채_미지급배당금,,,,,,,0,0,0,0,0,0,0,0,0,0,0,0,0,0,0,0,0,0,0,0,0,0,0,0,0,0,0,0,0,0,0,0,0,0,2000000000,0,0,0,0,0,0,0,0,0,0,0,0,0,0,0,0,0,0,0,0,0,0,0,0,0,0,0
1522,리스사,12294,씨앤에이치캐피탈㈜,B,SK104,요약재무상태표(부채 및 자본)(08.03월 이후),A129,기타부채_이연법인세부채,,,,,,,19000000,125000000,216000000,0,96000000,251000000,251000000,201000000,961000000,1205000000,1216000000,255000000,382000000,731000000,1021000000,1075000000,1178000000,2211000000,1359000000,2143000000,3614000000,2948000000,2033000000,2780000000,561000000,2083000000,278000000,615000000,390000000,1098000000,1098000000,1411000000,987000000,771000000,469000000,2091000000,1806000000,484000000,369000000,1234000000,0,762000000,0,2010000000,3740000000,5318000000,6279000000,11325000000,6230000000,4156000000,4145000000,0,1636000000,0,0,0,0,0,0,0,0,0
1523,리스사,12294,씨앤에이치캐피탈㈜,B,SK104,요약재무상태표(부채 및 자본)(08.03월 이후),A12A,기타부채_외화환산대,,,,,,,0,0,0,0,0,0,0,0,0,0,0,0,0,0,0,0,0,0,0,0,0,0,0,0,0,0,0,0,0,0,0,0,0,0,0,0,0,0,0,0,0,0,0,0,0,0,0,0,0,0,0,0,0,0,0,0,0,0,0,0,0,0
1524,리스사,12294,씨앤에이치캐피탈㈜,B,SK104,요약재무상태표(부채 및 자본)(08.03월 이후),A12B,기타부채_미사용약정충당금,,,,,,,0,0,0,0,0,0,0,0,0,0,0,0,0,0,0,0,0,0,0,0,0,0,0,0,0,0,0,0,0,0,0,0,0,0,0,0,0,0,0,0,0,0,0,0,0,0,0,0,0,0,0,0,0,0,0,0,0,0,0,0,0,0
1525,리스사,12294,씨앤에이치캐피탈㈜,B,SK104,요약재무상태표(부채 및 자본)(08.03월 이후),A12C,기타부채_이자율위험포트폴리오위험회피 대상의 공정가액변동부채,,,,,,,,,,,,,0,0,0,0,0,0,0,0,0,0,0,0,0,0,0,0,0,0,0,0,0,0,0,0,0,0,0,0,0,0,0,0,0,0,0,0,0,0,0,0,0,0,0,0,0,0,0,0,0,0,0,0,0,0,0,0
1526,리스사,12294,씨앤에이치캐피탈㈜,B,SK104,요약재무상태표(부채 및 자본)(08.03월 이후),A12D,기타부채_기타의 기타부채,,,,,,,10835000000,6231000000,9144000000,6539000000,14311000000,12125000000,107000000,0,0,0,0,0,0,0,0,0,0,0,0,0,0,0,0,0,0,0,0,0,0,0,0,0,0,0,0,0,0,0,0,345000000,277000000,129000000,1202000000,1140000000,1075000000,1028000000,961000000,989000000,940000000,878000000,1047000000,943000000,953000000,971000000,860000000,768000000,681000000,592000000,506000000,359000000,287000000,478000000
1527,리스사,12294,씨앤에이치캐피탈㈜,B,SK104,요약재무상태표(부채 및 자본)(08.03월 이후),A13,요구불상환지분,,,,,,,,,,,,,0,0,0,0,0,0,0,0,0,0,0,0,0,0,0,0,0,0,0,0,0,0,0,0,0,0,0,0,0,0,0,0,0,0,0,0,0,0,0,0,0,0,0,0,0,0,0,0,0,0,0,0,0,0,0,0
1528,리스사,12294,씨앤에이치캐피탈㈜,B,SK104,요약재무상태표(부채 및 자본)(08.03월 이후),A130,요구불상환지분_상환우선주,,,,,,,,,,,,,0,0,0,0,0,0,0,0,0,0,0,0,0,0,0,0,0,0,0,0,0,0,0,0,0,0,0,0,0,0,0,0,0,0,0,0,0,0,0,0,0,0,0,0,0,0,0,0,0,0,0,0,0,0,0,0
1529,리스사,12294,씨앤에이치캐피탈㈜,B,SK104,요약재무상태표(부채 및 자본)(08.03월 이후),A131,요구불상환지분_기타,,,,,,,,,,,,,0,0,0,0,0,0,0,0,0,0,0,0,0,0,0,0,0,0,0,0,0,0,0,0,0,0,0,0,0,0,0,0,0,0,0,0,0,0,0,0,0,0,0,0,0,0,0,0,0,0,0,0,0,0,0,0
1530,리스사,12294,씨앤에이치캐피탈㈜,B,SK104,요약재무상태표(부채 및 자본)(08.03월 이후),A2,자본,,,,,,,43519000000,43597000000,43609000000,42790000000,43683000000,43616000000,41411000000,45120000000,43417000000,42890000000,42918000000,40202000000,40017000000,41279000000,42277000000,44132000000,45969000000,48838000000,50034000000,53722000000,58658000000,54834000000,58614000000,62720000000,56804000000,58033000000,54640000000,54434000000,58087000000,58704000000,59107000000,60122000000,59462000000,59965000000,54706000000,55769000000,54909000000,56121000000,58323000000,61524000000,56913000000,56421000000,51943000000,56877000000,62364000000,70133000000,74959000000,99237000000,86976000000,84594000000,68258000000,71706000000,83557000000,71189000000,73334000000,69937000000,65538000000,50618000000,43883000000,39686000000,19642000000,16695000000
1531,리스사,12294,씨앤에이치캐피탈㈜,B,SK104,요약재무상태표(부채 및 자본)(08.03월 이후),A21,자본금,,,,,,,40000000000,40000000000,40000000000,40000000000,40000000000,40000000000,40000000000,40000000000,40000000000,40000000000,40000000000,40000000000,40000000000,40000000000,40000000000,40000000000,40000000000,40000000000,40000000000,40000000000,40000000000,40000000000,40000000000,40000000000,40000000000,40000000000,40000000000,40000000000,40000000000,40000000000,40000000000,40000000000,40000000000,40000000000,40000000000,40000000000,40000000000,40000000000,40000000000,40000000000,40000000000,40000000000,40000000000,40000000000,40000000000,40000000000,40000000000,40000000000,40000000000,40000000000,40000000000,40000000000,40000000000,40000000000,40000000000,40000000000,40000000000,40000000000,40000000000,40000000000,40000000000,40000000000
1532,리스사,12294,씨앤에이치캐피탈㈜,B,SK104,요약재무상태표(부채 및 자본)(08.03월 이후),A210,자본금_보통주자본금,,,,,,,40000000000,40000000000,40000000000,40000000000,40000000000,40000000000,40000000000,40000000000,40000000000,40000000000,40000000000,40000000000,40000000000,40000000000,40000000000,40000000000,40000000000,40000000000,40000000000,40000000000,40000000000,40000000000,40000000000,40000000000,40000000000,40000000000,40000000000,40000000000,40000000000,40000000000,40000000000,40000000000,40000000000,40000000000,40000000000,40000000000,40000000000,40000000000,40000000000,40000000000,40000000000,40000000000,40000000000,40000000000,40000000000,40000000000,40000000000,40000000000,40000000000,40000000000,40000000000,40000000000,40000000000,40000000000,40000000000,40000000000,40000000000,40000000000,40000000000,40000000000,40000000000,40000000000
1533,리스사,12294,씨앤에이치캐피탈㈜,B,SK104,요약재무상태표(부채 및 자본)(08.03월 이후),A211,자본금_우선주자본금,,,,,,,0,0,0,0,0,0,0,0,0,0,0,0,0,0,0,0,0,0,0,0,0,0,0,0,0,0,0,0,0,0,0,0,0,0,0,0,0,0,0,0,0,0,0,0,0,0,0,0,0,0,0,0,0,0,0,0,0,0,0,0,0,0
1534,리스사,12294,씨앤에이치캐피탈㈜,B,SK104,요약재무상태표(부채 및 자본)(08.03월 이후),A212,자본금_신주청약증거금,,,,,,,0,0,0,0,0,0,0,0,0,0,0,0,0,0,0,0,0,0,0,0,0,0,0,0,0,0,0,0,0,0,0,0,0,0,0,0,0,0,0,0,0,0,0,0,0,0,0,0,0,0,0,0,0,0,0,0,0,0,0,0,0,0
1535,리스사,12294,씨앤에이치캐피탈㈜,B,SK104,요약재무상태표(부채 및 자본)(08.03월 이후),A22,자본잉여금,,,,,,,3286000000,3286000000,3286000000,3301000000,3293000000,3294000000,3294000000,3294000000,3294000000,3292000000,3292000000,3289000000,3289000000,3289000000,3297000000,3297000000,3297000000,3286000000,3286000000,3286000000,3286000000,3286000000,3286000000,3286000000,3286000000,3286000000,3286000000,3286000000,3286000000,3286000000,3286000000,3286000000,3286000000,3286000000,3286000000,3947000000,3947000000,3947000000,3947000000,3782000000,3782000000,3616000000,3286000000,3286000000,3286000000,3286000000,3286000000,3286000000,3286000000,3286000000,3286000000,3286000000,3286000000,5050000000,5050000000,4756000000,5050000000,5050000000,5050000000,5050000000,5050000000,5050000000
1536,리스사,12294,씨앤에이치캐피탈㈜,B,SK104,요약재무상태표(부채 및 자본)(08.03월 이후),A220,자본잉여금_주식발행초과금,,,,,,,3286000000,3286000000,3286000000,3286000000,3286000000,3286000000,3286000000,3286000000,3286000000,3286000000,3286000000,3286000000,3286000000,3286000000,3286000000,3286000000,3286000000,3286000000,3286000000,3286000000,3286000000,3286000000,3286000000,3286000000,3286000000,3286000000,3286000000,3286000000,3286000000,3286000000,3286000000,3286000000,3286000000,3286000000,3286000000,3286000000,3286000000,3286000000,3286000000,3286000000,3286000000,3286000000,3286000000,3286000000,3286000000,3286000000,3286000000,3286000000,3286000000,3286000000,3286000000,3286000000,3286000000,3286000000,3286000000,3286000000,3286000000,3286000000,3286000000,3286000000,3286000000,3286000000
1537,리스사,12294,씨앤에이치캐피탈㈜,B,SK104,요약재무상태표(부채 및 자본)(08.03월 이후),A221,자본잉여금_감자차익,,,,,,,0,0,0,0,0,0,0,0,0,0,0,0,0,0,0,0,0,0,0,0,0,0,0,0,0,0,0,0,0,0,0,0,0,0,0,0,0,0,0,0,0,0,0,0,0,0,0,0,0,0,0,0,0,0,0,0,0,0,0,0,0,0
1538,리스사,12294,씨앤에이치캐피탈㈜,B,SK104,요약재무상태표(부채 및 자본)(08.03월 이후),A222,자본잉여금_기타자본잉여금,,,,,,,0,0,0,15000000,7000000,8000000,8000000,0,8000000,6000000,6000000,3000000,0,0,11000000,11000000,11000000,0,0,0,0,0,0,0,0,0,0,0,0,0,0,0,0,0,0,661000000,661000000,661000000,661000000,496000000,496000000,331000000,0,0,0,0,0,0,0,0,0,0,0,1764000000,1764000000,1470000000,1764000000,1764000000,1764000000,1764000000,1764000000,1764000000
1539,리스사,12294,씨앤에이치캐피탈㈜,B,SK104,요약재무상태표(부채 및 자본)(08.03월 이후),A23,이익잉여금(결손금),,,,,,,233000000,311000000,323000000,-511000000,390000000,322000000,-1883000000,1693000000,163000000,-254000000,-343000000,-3061000000,-3236000000,-1954000000,-998000000,826000000,2731000000,5633000000,6815000000,10530000000,15404000000,11520000000,15294000000,19371000000,13338000000,14506000000,11157000000,10928000000,14855000000,15179000000,15899000000,16778000000,16254000000,16365000000,8966000000,9912000000,10608000000,14964000000,16970000000,17361000000,18696000000,15672000000,12018000000,11833000000,19336000000,28260000000,33213000000,57565000000,45804000000,41499000000,25200000000,29030000000,40819000000,25549000000,27656000000,25507000000,20755000000,5997000000,-733000000,-4696000000,-24675000000,-27431000000
1540,리스사,12294,씨앤에이치캐피탈㈜,B,SK104,요약재무상태표(부채 및 자본)(08.03월 이후),A230,이익잉여금(결손금)_이익준비금,,,,,,,0,0,0,0,0,0,0,0,0,0,0,0,0,0,0,0,0,0,0,0,0,0,0,0,0,0,0,0,0,0,0,0,60000000,60000000,260000000,260000000,260000000,260000000,260000000,260000000,260000000,260000000,460000000,460000000,460000000,460000000,460000000,460000000,460000000,460000000,460000000,460000000,460000000,460000000,460000000,460000000,460000000,460000000,460000000,460000000,460000000,460000000
1541,리스사,12294,씨앤에이치캐피탈㈜,B,SK104,요약재무상태표(부채 및 자본)(08.03월 이후),A231,이익잉여금(결손금)_기업합리화적립금,,,,,,,0,0,0,0,0,0,0,0,0,0,0,0,0,0,0,0,0,0,0,0,0,0,0,0,0,0,0,0,0,0,0,0,0,0,0,0,0,0,0,0,0,0,0,0,0,0,0,0,0,0,0,0,0,0,0,0,0,0,0,0,0,0
1542,리스사,12294,씨앤에이치캐피탈㈜,B,SK104,요약재무상태표(부채 및 자본)(08.03월 이후),A232,이익잉여금(결손금)_투융자손실준비금,,,,,,,0,0,0,0,0,0,0,0,0,0,0,0,0,0,0,0,0,0,0,0,0,0,0,0,0,0,0,0,0,0,0,0,0,0,0,0,0,0,0,0,0,0,0,0,0,0,0,0,0,0,0,0,0,0,0,0,0,0,0,0,0,0
1543,리스사,12294,씨앤에이치캐피탈㈜,B,SK104,요약재무상태표(부채 및 자본)(08.03월 이후),A233,이익잉여금(결손금)_기타 법정적립금,,,,,,,0,0,0,0,0,0,0,0,0,0,0,0,0,0,0,0,0,0,0,0,0,0,0,0,0,0,0,0,0,0,0,0,0,0,0,0,0,0,0,0,0,0,0,0,0,0,0,0,0,0,0,0,0,0,0,0,0,0,0,0,0,0
1544,리스사,12294,씨앤에이치캐피탈㈜,B,SK104,요약재무상태표(부채 및 자본)(08.03월 이후),A234,이익잉여금(결손금)_임의적립금,,,,,,,0,0,0,0,0,0,0,0,0,0,0,0,0,0,0,0,0,0,0,0,0,0,0,0,0,1000000000,1000000000,1000000000,1000000000,1000000000,1000000000,1060000000,1000000000,1000000000,1000000000,1000000000,1000000000,1000000000,1000000000,1000000000,1000000000,1000000000,1000000000,1000000000,1000000000,1000000000,1000000000,1000000000,1000000000,1000000000,1000000000,1000000000,1000000000,1000000000,1000000000,1000000000,1000000000,1000000000,1000000000,1000000000,1000000000,1000000000
1545,리스사,12294,씨앤에이치캐피탈㈜,B,SK104,요약재무상태표(부채 및 자본)(08.03월 이후),A235,이익잉여금(결손금)_해외투자손실준비금,,,,,,,0,0,0,0,0,0,0,0,0,0,0,0,0,0,0,0,0,0,0,0,0,0,0,0,0,0,0,0,0,0,0,0,0,0,0,0,0,0,0,0,0,0,0,0,0,0,0,0,0,0,0,0,0,0,0,0,0,0,0,0,0,0
1546,리스사,12294,씨앤에이치캐피탈㈜,B,SK104,요약재무상태표(부채 및 자본)(08.03월 이후),A236,이익잉여금(결손금)_미처분이익잉여금(미처리결손금),,,,,,,233000000,311000000,323000000,-511000000,390000000,322000000,-1883000000,1693000000,163000000,-254000000,-343000000,-3061000000,-3236000000,-1954000000,-998000000,826000000,2731000000,5633000000,5347000000,9062000000,13936000000,10052000000,14171000000,18248000000,12215000000,12383000000,9041000000,8812000000,12739000000,13063000000,13783000000,14602000000,14078000000,14189000000,6681000000,7626000000,8323000000,12679000000,15418000000,15809000000,17144000000,14120000000,10463000000,10278000000,17781000000,26705000000,31574000000,55926000000,44165000000,39860000000,23558000000,27388000000,39177000000,23907000000,26186000000,24037000000,19088000000,4527000000,-4034000000,-7997000000,-27976000000,-30732000000
1547,리스사,12294,씨앤에이치캐피탈㈜,B,SK104,요약재무상태표(부채 및 자본)(08.03월 이후),A237,이익잉여금(결손금)_대손준비금,,,,,,,,,,,,,0,0,0,0,0,0,0,0,0,0,0,0,1468000000,1468000000,1468000000,1468000000,1123000000,1123000000,1123000000,1123000000,1116000000,1116000000,1116000000,1116000000,1116000000,1116000000,1116000000,1116000000,1025000000,1025000000,1025000000,1025000000,292000000,292000000,292000000,292000000,95000000,95000000,95000000,95000000,179000000,179000000,179000000,179000000,182000000,182000000,182000000,182000000,10000000,10000000,207000000,10000000,1842000000,1842000000,1842000000,1842000000
1548,리스사,12294,씨앤에이치캐피탈㈜,B,SK104,요약재무상태표(부채 및 자본)(08.03월 이후),A238,이익잉여금(결손금)_(당기순손익),,,,,,,233000000,311000000,323000000,-783000000,117000000,50000000,-1883000000,1693000000,163000000,-254000000,-343000000,-3061000000,-3236000000,-1954000000,-998000000,826000000,2731000000,5633000000,1181000000,4923000000,9797000000,5978000000,3775000000,0,0, ,0,-229000000,3927000000,0,0,1641000000,0,65000000,293000000,195472000000,0,-587000000,0,0,0,0,0,0,0,0,0,0,-11761000000,0, ,-3849000000,15061000000,-2468000000,2107000000,18000000,-4746000000,-19516000000,-6730000000,0,0,-33400000000
1549,리스사,12294,씨앤에이치캐피탈㈜,B,SK104,요약재무상태표(부채 및 자본)(08.03월 이후),A24,자본조정,,,,,,,0,0,0,0,0,0,0,0,0,-122000000,0,0,0,0,0,0,0,0,0,0,0,0,0,0,0,0,0,0,0,0,0,0,0,0,0,0,0,0,0,0,0,0,0,0,0,0,0,0,0,0,0,0,0,0,0,0,0,0,0,0,0,0
1550,리스사,12294,씨앤에이치캐피탈㈜,B,SK104,요약재무상태표(부채 및 자본)(08.03월 이후),A240,자본조정_주식할인발행차금,,,,,,,0,0,0,0,0,0,0,0,0,0,0,0,0,0,0,0,0,0,0,0,0,0,0,0,0,0,0,0,0,0,0,0,0,0,0,0,0,0,0,0,0,0,0,0,0,0,0,0,0,0,0,0,0,0,0,0,0,0,0,0,0,0
1551,리스사,12294,씨앤에이치캐피탈㈜,B,SK104,요약재무상태표(부채 및 자본)(08.03월 이후),A241,자본조정_배당건설이자,,,,,,,0,0,0,0,0,0,0,0,0,0,0,0,0,0,0,0,0,0,0,0,0,0,0,0,0,0,0,0,0,0,0,0,0,0,0,0,0,0,0,0,0,0,0,0,0,0,0,0,0,0,0,0,0,0,0,0,0,0,0,0,0,0
1552,리스사,12294,씨앤에이치캐피탈㈜,B,SK104,요약재무상태표(부채 및 자본)(08.03월 이후),A242,자본조정_자기주식,,,,,,,0,0,0,0,0,0,0,0,0,0,0,0,0,0,0,0,0,0,0,0,0,0,0,0,0,0,0,0,0,0,0,0,0,0,0,0,0,0,0,0,0,0,0,0,0,0,0,0,0,0,0,0,0,0,0,0,0,0,0,0,0,0
1553,리스사,12294,씨앤에이치캐피탈㈜,B,SK104,요약재무상태표(부채 및 자본)(08.03월 이후),A243,자본조정_주식매수선택권,,,,,,,0,0,0,0,0,0,0,0,0,-122000000,0,0,0,0,0,0,0,0,0,0,0,0,0,0,0,0,0,0,0,0,0,0,0,0,0,0,0,0,0,0,0,0,0,0,0,0,0,0,0,0,0,0,0,0,0,0,0,0,0,0,0,0
1554,리스사,12294,씨앤에이치캐피탈㈜,B,SK104,요약재무상태표(부채 및 자본)(08.03월 이후),A244,자본조정_미교부주식배당금,,,,,,,0,0,0,0,0,0,0,0,0,0,0,0,0,0,0,0,0,0,0,0,0,0,0,0,0,0,0,0,0,0,0,0,0,0,0,0,0,0,0,0,0,0,0,0,0,0,0,0,0,0,0,0,0,0,0,0,0,0,0,0,0,0
1555,리스사,12294,씨앤에이치캐피탈㈜,B,SK104,요약재무상태표(부채 및 자본)(08.03월 이후),A245,자본조정_기타 자본조정,,,,,,,0,0,0,0,0,0,0,0,0,0,0,0,0,0,0,0,0,0,0,0,0,0,0,0,0,0,0,0,0,0,0,0,0,0,0,0,0,0,0,0,0,0,0,0,0,0,0,0,0,0,0,0,0,0,0,0,0,0,0,0,0,0
1556,리스사,12294,씨앤에이치캐피탈㈜,B,SK104,요약재무상태표(부채 및 자본)(08.03월 이후),A25,기타포괄손익누계액,,,,,,,0,0,0,0,0,0,0,133000000,-40000000,-26000000,-31000000,-26000000,-36000000,-56000000,-22000000,9000000,-59000000,-81000000, , , ,29000000,34000000,64000000,180000000,241000000,197000000,221000000, ,239000000, ,58000000,-78000000,314000000,2454000000,1910000000,354000000,-2790000000,-2594000000,381000000,-5565000000,-2867000000,-3361000000,1758000000,-258000000,-1413000000,-1540000000,-1614000000,-2114000000,-191000000,-228000000,-610000000,-548000000,590000000,628000000,-326000000,-267000000,-429000000,-434000000,-668000000,-733000000,-924000000
1557,리스사,12294,씨앤에이치캐피탈㈜,B,SK104,요약재무상태표(부채 및 자본)(08.03월 이후),A250,기타포괄손익누계액_매도가능금융자산평가이익,,,,,,,0,0,0,0,0,0,0,133000000,0,0,0,0,0,0,0,9000000,0,0,0,0,0,29000000,34000000,64000000,180000000,241000000,197000000,221000000,0,239000000,0,58000000,0,314000000,2454000000,1674000000,127000000,0,0,0,0,0,0,998000000,0,0,0,0,0,0,0,0,0,0,0,0,0,0,0,0,0,0
1558,리스사,12294,씨앤에이치캐피탈㈜,B,SK104,요약재무상태표(부채 및 자본)(08.03월 이후),A251,기타포괄손익누계액_매도가능금융자산평가손실,,,,,,,0,0,0,0,0,0,0,0,-40000000,-26000000,-31000000,-26000000,-36000000,-56000000,-22000000,0,-59000000,-81000000, , , ,0,0,0,0,0,0,0, ,0, ,0,-78000000,0,0,0,0, ,-3021000000,-46000000,-5992000000,-2850000000,-3400000000,0,-1018000000,-2393000000,-2393000000,-2393000000,-2393000000,-2393000000,2393000000,2393000000,-2393000000,-1229000000,-1191000000,-2057000000,-1999000000,-2208000000,-2212000000,-2228000000,-2293000000,-2309000000
1559,리스사,12294,씨앤에이치캐피탈㈜,B,SK104,요약재무상태표(부채 및 자본)(08.03월 이후),A252,기타포괄손익누계액_해외사업환산이익,,,,,,,0,0,0,0,0,0,0,0,0,0,0,0,0,0,0,0,0,0,0,0,0,0,0,0,0,0,0,0,0,0,0,0,0,0,0,0,0,0,0,0,0,0,0,0,0,0,0,0,0,0,0,0,0,0,0,0,0,0,0,0,0,0
1560,리스사,12294,씨앤에이치캐피탈㈜,B,SK104,요약재무상태표(부채 및 자본)(08.03월 이후),A253,기타포괄손익누계액_해외사업환산손실,,,,,,,0,0,0,0,0,0,0,0,0,0,0,0,0,0,0,0,0,0,0,0,0,0,0,0,0,0,0,0,0,0,0,0,0,0,0,0,0,0,0,0,0,0,0,0,0,0,0,0,0,0,0,0,0,0,0,0,0,0,0,0,0,0
1561,리스사,12294,씨앤에이치캐피탈㈜,B,SK104,요약재무상태표(부채 및 자본)(08.03월 이후),A254,기타포괄손익누계액_현금흐름위험회피 파생상품평가이익,,,,,,,0,0,0,0,0,0,0,0,0,0,0,0,0,0,0,0,0,0,0,0,0,0,0,0,0,0,0,0,0,0,0,0,0,0,0,0,0,0,0,0,0,0,0,0,0,0,0,0,0,0,0,0,0,0,0,0,0,0,0,0,0,0
1562,리스사,12294,씨앤에이치캐피탈㈜,B,SK104,요약재무상태표(부채 및 자본)(08.03월 이후),A255,기타포괄손익누계액_현금흐름위험회피 파생상품평가손실,,,,,,,0,0,0,0,0,0,0,0,0,0,0,0,0,0,0,0,0,0,0,0,0,0,0,0,0,0,0,0,0,0,0,0,0,0,0,0,0,0,0,0,0,0,0,0,0,0,0,0,0,0,0,0,0,0,0,0,0,0,0,0,0,0
1563,리스사,12294,씨앤에이치캐피탈㈜,B,SK104,요약재무상태표(부채 및 자본)(08.03월 이후),A256,기타포괄손익누계액_지분법자본변동,,,,,,,0,0,0,0,0,0,0,0,0,0,0,0,0,0,0,0,0,0,0,0,0,0,0,0,0,0,0,0,0,0,0,0,0,0,0,236000000,227000000,441000000,427000000,427000000,427000000,-17000000,39000000,760000000,760000000,980000000,852000000,779000000,279000000,2201000000,2164000000,1782000000,1844000000,1819000000,1819000000,1731000000,1731000000,1779000000,1779000000,1560000000,1560000000,1385000000
1564,리스사,12294,씨앤에이치캐피탈㈜,B,SK104,요약재무상태표(부채 및 자본)(08.03월 이후),A257,기타포괄손익누계액_부의 지분법자본변동,,,,,,,0,0,0,0,0,0,0,0,0,0,0,0,0,0,0,0,0,0,0,0,0,0,0,0,0,0,0,0,0,0,0,0,0,0,0,0,0,0,0,0,0,0,0,0,0,0,0,0,0,0,0,0,0,0,0,0,0,0,0,0,0,0
1565,리스사,12294,씨앤에이치캐피탈㈜,B,SK104,요약재무상태표(부채 및 자본)(08.03월 이후),A258,기타포괄손익누계액_유형자산 재평가이익,,,,,,,,,,,,,0,0,0,0,0,0,0,0,0,0,0,0,0,0,0,0,0,0,0,0,0,0,0,0,0,0,0,0,0,0,0,0,0,0,0,0,0,0,0,0,0,0,0,0,0,0,0,0,0,0,0,0,0,0,0,0
1566,리스사,12294,씨앤에이치캐피탈㈜,B,SK104,요약재무상태표(부채 및 자본)(08.03월 이후),A259,기타포괄손익누계액_기타,,,,,,,,,,,,,0,0,0,0,0,0,0,0,0,0,0,0,0,0,0,0,0,0,0,0,0,0,0,0,0,0,0,0,0,0,0,0,0,0,0,0,0,0,0,0,0,0,0,0,0,0,0,0,0,0,0,0,0,0,0,0
1567,리스사,12303,㈜아이엠캐피탈,B,SK104,요약재무상태표(부채 및 자본)(08.03월 이후),A,부채 및 자본총계,,,,,,,,41105000000,47393000000,64041000000,98852000000,105046000000,108579000000,126470000000,137316000000,137711000000,192683000000,296926000000,306543000000,417266000000,427019000000,529866000000,591823000000,643617000000,681213000000,837377000000,878228000000,958343000000,958517000000,1041848000000,1181636000000,1258282000000,1456944000000,1615354000000,1718102000000,1848796000000,1957328000000,2356276000000,2393864000000,2537414000000,2573952000000,2651807000000,2633422000000,2725468000000,2690184000000,2743858000000,2866300000000,3057233000000,3173770000000,3367655000000,3369056000000,3444806000000,3690019000000,3767899000000,3830692000000,3860876000000,3957152000000,4062453000000,4240036000000,4267951000000,4247028000000,4461264000000,4470761000000,4387252000000,4377457000000,4490179000000,4198472000000,4109621000000
1568,리스사,12303,㈜아이엠캐피탈,B,SK104,요약재무상태표(부채 및 자본)(08.03월 이후),A1,부채,,,,,,,,1176000000,6495000000,22723000000,37401000000,42973000000,45165000000,61177000000,72587000000,71663000000,125453000000,229964000000,238604000000,348223000000,356756000000,408057000000,467608000000,521349000000,556679000000,710467000000,749885000000,831662000000,729692000000,811119000000,949783000000,1030491000000,1225269000000,1379689000000,1478394000000,1612259000000,1719060000000,2062954000000,2096076000000,2242128000000,2273468000000,2344265000000,2319038000000,2417738000000,2374343000000,2371676000000,2486681000000,2692665000000,2800772000000,2986054000000,2977217000000,3009722000000,3241827000000,3294310000000,3334949000000,3373204000000,3445490000000,3530184000000,3689752000000,3727789000000,3687093000000,3823057000000,3811146000000,3758552000000,3734503000000,3833709000000,3536059000000,3473643000000
1569,리스사,12303,㈜아이엠캐피탈,B,SK104,요약재무상태표(부채 및 자본)(08.03월 이후),A11,차입부채,,,,,,,,0,0,8000000000,14998000000,15698000000,14402000000,27662000000,36524000000,35069000000,85000000000,185000000000,185000000000,285000000000,285000000000,324907000000,374811000000,414742000000,444693000000,572739000000,602732000000,672676000000,572743000000,647611000000,779405000000,849431000000,1039294000000,1186418000000,1283302000000,1412875000000,1524311000000,1858311000000,1886505000000,2021571000000,2060005000000,2126792000000,2103381000000,2195678000000,2153727000000,2151709000000,2259543000000,2437601000000,2545933000000,2714734000000,2683970000000,2703416000000,2942442000000,2977208000000,3012120000000,3012050000000,3101754000000,3178948000000,3321228000000,3321669000000,3290554000000,3429801000000,3406870000000,3394571000000,3364559000000,3455820000000,3186912000000,3143036000000
1570,리스사,12303,㈜아이엠캐피탈,B,SK104,요약재무상태표(부채 및 자본)(08.03월 이후),A110,차입금,,,,,,,,0,0,8000000000,14998000000,15698000000,,,,,,,,,,,,,,,,,,,,,,,,,,,,,,,,,,,,,,,,,,,,,,,,,,,,,,,,
1571,리스사,12303,㈜아이엠캐피탈,B,SK104,요약재무상태표(부채 및 자본)(08.03월 이후),A110,차입부채_차입금,,,,,,,,,,,,,14402000000,27662000000,34524000000,33069000000,85000000000,185000000000,185000000000,185000000000,285000000000,285000000000,285000000000,285000000000,285000000000,413000000000,413000000000,413000000000,313000000000,288000000000,340000000000,420000000000,455000000000,448341000000,402214000000,423832000000,475521000000,525016000000,393269000000,458302000000,386834000000,313895000000,320513000000,237894000000,195858000000,143868000000,141924000000,180068000000,128578000000,147438000000,126672000000,76138000000,75707000000,200404000000,215200000000,185098000000,185035000000,180012000000,392008000000,382005000000,141001000000,210167000000,97500000000,220000000000,170000000000,226621000000,67913000000,113946000000
1572,리스사,12303,㈜아이엠캐피탈,B,SK104,요약재무상태표(부채 및 자본)(08.03월 이후),A111,단기차입금,,,,,,,,0,0,8000000000,5000000000,5453000000,,,,,,,,,,,,,,,,,,,,,,,,,,,,,,,,,,,,,,,,,,,,,,,,,,,,,,,,
1573,리스사,12303,㈜아이엠캐피탈,B,SK104,요약재무상태표(부채 및 자본)(08.03월 이후),A111,차입부채_차입금_단기차입금,,,,,,,,,,,,,4000000000,17867000000,23256000000,15178000000,0,0,0,0, , , , , ,78000000000,78000000000,78000000000,78000000000,53000000000,105000000000,185000000000,220000000000,210000000000,160000000000,170000000000,215000000000,320000000000,185000000000,260000000000,190000000000,120000000000,130000000000,50000000000,10000000000,10000000000,10000000000,50000000000,0,20000000000,0,0,0,125000000000,140000000000,110000000000,110000000000,130000000000,342000000000,322000000000,91000000000,201000000000,90000000000,220000000000,170000000000,210000000000,40000000000,90000000000
1574,리스사,12303,㈜아이엠캐피탈,B,SK104,요약재무상태표(부채 및 자본)(08.03월 이후),A112,차입부채_차입금_콜머니,,,,,,,,,,,,, ,0, ,7000000000,0,0,0,0, , , , , , , , , , , , , , , ,0,0,0,0,0,0,0,0,0,0,0,0,0,0,0,0,0,0,0,0,0,0,0,0,0,0,0,0,0,0,0,0,0
1575,리스사,12303,㈜아이엠캐피탈,B,SK104,요약재무상태표(부채 및 자본)(08.03월 이후),A112,콜머니,,,,,,,,0,0,0,0,0,,,,,,,,,,,,,,,,,,,,,,,,,,,,,,,,,,,,,,,,,,,,,,,,,,,,,,,,
1576,리스사,12303,㈜아이엠캐피탈,B,SK104,요약재무상태표(부채 및 자본)(08.03월 이후),A113,장기차입금,,,,,,,,0,0,0,9998000000,10245000000,,,,,,,,,,,,,,,,,,,,,,,,,,,,,,,,,,,,,,,,,,,,,,,,,,,,,,,,
1577,리스사,12303,㈜아이엠캐피탈,B,SK104,요약재무상태표(부채 및 자본)(08.03월 이후),A113,차입부채_차입금_장기차입금,,,,,,,,,,,,,10402000000,9795000000,11268000000,10891000000,85000000000,185000000000,185000000000,285000000000,285000000000,285000000000,285000000000,285000000000,285000000000,335000000000,335000000000,335000000000,235000000000,235000000000,235000000000,235000000000,235000000000,238341000000,242214000000,243832000000,250521000000,195016000000,198269000000,198302000000,196834000000,193895000000,190513000000,187894000000,185858000000,133868000000,131924000000,130068000000,128578000000,127438000000,126672000000,76138000000,75707000000,75404000000,75200000000,75098000000,75035000000,50012000000,50008000000,60005000000,50001000000,9167000000,7500000000,0,0,16621000000,27913000000,23946000000
1578,리스사,12303,㈜아이엠캐피탈,B,SK104,요약재무상태표(부채 및 자본)(08.03월 이후),A114,유동성 장기차입금,,,,,,,,0,0,0,0,0,,,,,,,,,,,,,,,,,,,,,,,,,,,,,,,,,,,,,,,,,,,,,,,,,,,,,,,,
1579,리스사,12303,㈜아이엠캐피탈,B,SK104,요약재무상태표(부채 및 자본)(08.03월 이후),A114,차입부채_차입금_유동성 장기차입금,,,,,,,,,,,,, ,0, , , ,0,0, , , , , , , , , , , , , , , , ,10000000000,10000000000,10000000000,10000000000,0,0,0,0,0,0,0,0,0,0,0,0,0,0,0,0,0,0,0,0,0,0,0,0,0,0,0,0,0
1580,리스사,12303,㈜아이엠캐피탈,B,SK104,요약재무상태표(부채 및 자본)(08.03월 이후),A115,사  채,,,,,,,,0,0,0,0,0,,,,,,,,,,,,,,,,,,,,,,,,,,,,,,,,,,,,,,,,,,,,,,,,,,,,,,,,
1581,리스사,12303,㈜아이엠캐피탈,B,SK104,요약재무상태표(부채 및 자본)(08.03월 이후),A115,차입부채_사 채,,,,,,,,,,,,,0,0,2000000000,2000000000,0,0,0,0, ,39907000000,89811000000,129742000000,159693000000,159739000000,189732000000,259676000000,259743000000,359611000000,439405000000,429431000000,584294000000,738077000000,881087000000,989043000000,1048790000000,1333294000000,1493236000000,1563269000000,1673172000000,1812896000000,1782868000000,1957784000000,1957868000000,2007841000000,2117619000000,2257533000000,2417354000000,2567296000000,2557299000000,2627277000000,2866736000000,2776804000000,2796920000000,2826952000000,2916718000000,2998936000000,2929220000000,2939664000000,3149553000000,3219635000000,3309370000000,3174571000000,3194559000000,3229199000000,3118999000000,3029090000000
1582,리스사,12303,㈜아이엠캐피탈,B,SK104,요약재무상태표(부채 및 자본)(08.03월 이후),A1150,차입부채_사 채_단기사채,,,,,,,,0,0,0,0,0, ,0,2000000000,2000000000,0,0,0,0, , , , , , , , , ,20000000000, , ,90000000000,98900000000,112000000000,150000000000,0,0,50000000000,10000000000,40000000000,40000000000,40000000000,70000000000,40000000000,70000000000,40000000000,60000000000,60000000000,60000000000,60000000000,0,0,0,0,10000000000,10000000000,40000000000,90000000000,80000000000,80000000000,50000000000,40000000000,40000000000,40000000000,40000000000,0,0
1583,리스사,12303,㈜아이엠캐피탈,B,SK104,요약재무상태표(부채 및 자본)(08.03월 이후),A11500,차입부채_사 채_단기사채_(사채발행차금),,,,,,,,0,0,0,0,0, ,0,0,0,0,0,0,0, , , , , , , , , , , , ,122000000,87000000,-14000000,22000000,0,0,0,-9000000,-41000000,-29000000,-17000000,-41000000,-25000000,-16000000,-6000000,-53000000,-37000000,-21000000,-5000000,0,0,0,0,-8000000,-6000000,-53000000,-126000000,-84000000,-43000000,-9000000,-35000000,-25000000,-16000000,-6000000,0,0
1584,리스사,12303,㈜아이엠캐피탈,B,SK104,요약재무상태표(부채 및 자본)(08.03월 이후),A1151,차입부채_사 채_유동성사채,,,,,,,,0,0,0,0,0, ,0,0,0,0,0,0,0, , , , , , , , , , , , , , , ,0,0,0,0,0,0,0,0,0,0,0,0,0,0,0,0,0,0,0,0,0,0,0,0,0,0,0,0,0,0,0,0,0
1585,리스사,12303,㈜아이엠캐피탈,B,SK104,요약재무상태표(부채 및 자본)(08.03월 이후),A11510,차입부채_사 채_유동성사채_(유동성사채발행차금),,,,,,,,0,0,0,0,0, ,0,0,0,0,0,0,0, , , , , , , , , , , , , , , ,0,0,0,0,0,0,0,0,0,0,0,0,0,0,0,0,0,0,0,0,0,0,0,0,0,0,0,0,0,0,0,0,0
1586,리스사,12303,㈜아이엠캐피탈,B,SK104,요약재무상태표(부채 및 자본)(08.03월 이후),A1152,차입부채_사 채_장기사채,,,,,,,,0,0,0,0,0, ,0,0,0,0,0,0,0, ,40000000000,90000000000,130000000000,160000000000,160000000000,190000000000,260000000000,260000000000,340000000000,440000000000,430000000000,495000000000,640000000000,770000000000,840000000000,1050000000000,1335000000000,1445000000000,1555000000000,1635000000000,1775000000000,1745000000000,1890000000000,1920000000000,1940000000000,2080000000000,2200000000000,2360000000000,2510000000000,2500000000000,2630000000000,2870000000000,2780000000000,2800000000000,2820000000000,2910000000000,2962500000000,2842500000000,2862500000000,3072500000000,3172500000000,3272500000000,3137500000000,3157500000000,3192500000000,3122500000000,3032500000000
1587,리스사,12303,㈜아이엠캐피탈,B,SK104,요약재무상태표(부채 및 자본)(08.03월 이후),A11520,차입부채_사 채_장기사채_(사채발행차금),,,,,,,,0,0,0,0,0, ,0,0,0,0,0,0,0, ,93000000,189000000,258000000,307000000,261000000,268000000,324000000,257000000,389000000,595000000,569000000,584000000,736000000,-899000000,-979000000,-1210000000,-1706000000,-1764000000,-1722000000,-1788000000,-2075000000,-2116000000,-2175000000,-2106000000,-2143000000,-2374000000,-2414000000,-2608000000,-2683000000,-2696000000,-2723000000,-3264000000,-3196000000,-3080000000,-3040000000,-3276000000,-3511000000,-3154000000,-2752000000,-2904000000,-2856000000,-3095000000,-2903000000,-2925000000,-3295000000,-3501000000,-3410000000
1588,리스사,12303,㈜아이엠캐피탈,B,SK104,요약재무상태표(부채 및 자본)(08.03월 이후),A1153,차입부채_사 채_기타,,,,,,,,0,0,0,0,0,0,0,0,0,0,0,0,0, ,-186000000,-378000000,-516000000,-614000000,-522000000,-536000000,-648000000,-514000000,-778000000,-1190000000,-1138000000,-1412000000,-1646000000,0,0,0,0,0,0,1000000,0,1000000,0,-1000000,0,-1000000,0,-1000000,0,0,0,0,0,0,0,0,0,0,0,0,0,0,-1000000,0,0,0,0
1589,리스사,12303,㈜아이엠캐피탈,B,SK104,요약재무상태표(부채 및 자본)(08.03월 이후),A12,기타부채,,,,,,,,1176000000,6495000000,14723000000,22403000000,27275000000,30763000000,33515000000,36063000000,36594000000,40453000000,44964000000,53604000000,63223000000,71756000000,83150000000,92797000000,106607000000,111986000000,137728000000,147153000000,158986000000,156950000000,163508000000,170378000000,181060000000,185974000000,193271000000,195092000000,199384000000,194748000000,204643000000,209571000000,220557000000,213463000000,217473000000,215657000000,222060000000,220616000000,219967000000,227138000000,255064000000,254839000000,271320000000,293247000000,306306000000,299385000000,317102000000,322829000000,361154000000,343736000000,351236000000,368524000000,406120000000,396539000000,393256000000,404276000000,363981000000,369944000000,377889000000,349147000000,330607000000
1590,리스사,12303,㈜아이엠캐피탈,B,SK104,요약재무상태표(부채 및 자본)(08.03월 이후),A120,기타부채_영업미지급금,,,,,,,,0,1040000000,3109000000,4006000000,4625000000,5211000000,4538000000,4656000000,2947000000,1263000000,1081000000,986000000,769000000,190000000,198000000,1250000000,1129000000,1267000000,1393000000,909000000,813000000,653000000,1137000000,2189000000,1498000000,1075000000,735000000,1306000000,2226000000,1343000000,1586000000,1578000000,2190000000,1775000000,1715000000,4533000000,3183000000,1668000000,1784000000,2804000000,7049000000,4839000000,4826000000,6773000000,6997000000,5863000000,8986000000,8807000000,19157000000,7026000000,7876000000,8284000000,10470000000,5857000000,7446000000,6654000000,10013000000,6579000000,22530000000,7462000000,6305000000
1591,리스사,12303,㈜아이엠캐피탈,B,SK104,요약재무상태표(부채 및 자본)(08.03월 이후),A121,기타부채_장기미지급금,,,,,,,,0,0,0,142000000,0,0,0,0,0,0,0,0,0, , , , , , , , , , , , ,0, , ,0,0,0,0,0,0,0,0,0,0,0,0,0,0,0,0,0,0,0,0,0,0,0,0,0,0,0,0,0,0,0,0,0
1592,리스사,12303,㈜아이엠캐피탈,B,SK104,요약재무상태표(부채 및 자본)(08.03월 이후),A122,기타부채_기타의 부채,,,,,,,,51000000,299000000,329000000,1059000000,1309000000,1173000000,1778000000,1186000000,2114000000,4665000000,2739000000,2366000000,2578000000,3189000000,4300000000,5596000000,6533000000,7159000000,6616000000,6705000000,8381000000,8991000000,10449000000,9628000000,9133000000,11296000000,13778000000,25388000000,25113000000,25911000000,27029000000,29253000000,31330000000,30890000000,36110000000,34365000000,33511000000,36333000000,37018000000,37382000000,40638000000,47791000000,54509000000,60967000000,59451000000,65693000000,67231000000,68935000000,72630000000,84234000000,83681000000,90231000000,101826000000,111318000000,97503000000,106780000000,72634000000,81502000000,64061000000,65429000000,62670000000
1593,리스사,12303,㈜아이엠캐피탈,B,SK104,요약재무상태표(부채 및 자본)(08.03월 이후),A1220,기타부채_기타의 부채_가수금,,,,,,,,1000000,0,0,0,0,14000000,7000000,5000000,5000000,110000000,4000000,33000000,32000000,29000000,223000000,45000000,43000000,120000000,258000000,261000000,188000000,180000000,1005000000,555000000,486000000,661000000,559000000,1070000000,224000000,384000000,481000000,526000000,301000000,292000000,251000000,303000000,220000000,297000000,1183000000,475000000,414000000,795000000,501000000,415000000,207000000,233000000,116000000,217000000,337000000,837000000,203000000,3554000000,3521000000,3986000000,4053000000,8931000000,219000000,737000000,149000000,183000000,179000000
1594,리스사,12303,㈜아이엠캐피탈,B,SK104,요약재무상태표(부채 및 자본)(08.03월 이후),A1221,기타부채_기타의 부채_예수금,,,,,,,,18000000,44000000,22000000,437000000,75000000,38000000,476000000,513000000,579000000,620000000,79000000,104000000,125000000,149000000,156000000,263000000,270000000,383000000,537000000,558000000,725000000,829000000,1427000000,1578000000,1412000000,1518000000,1293000000,2721000000,1485000000,1344000000,1456000000,1638000000,1201000000,1366000000,2453000000,1504000000,1659000000,1976000000,2522000000,1761000000,2036000000,3060000000,3134000000,3123000000,2261000000,2764000000,3348000000,3570000000,4321000000,4313000000,4114000000,4918000000,6009000000,5417000000,6214000000,6282000000,5779000000,10957000000,10083000000,10833000000,10840000000
1595,리스사,12303,㈜아이엠캐피탈,B,SK104,요약재무상태표(부채 및 자본)(08.03월 이후),A1222,기타부채_기타의 부채_선수금,,,,,,,,0,142000000,29000000,169000000,439000000,217000000,221000000,211000000,278000000,2588000000,544000000,682000000,669000000,784000000,1124000000,1388000000,1716000000,1399000000,1899000000,2533000000,3771000000,4381000000,4532000000,4967000000,4403000000,5286000000,5908000000,5126000000,6345000000,6713000000,7631000000,9251000000,10782000000,10299000000,13416000000,11420000000,10505000000,12140000000,12507000000,14284000000,18844000000,22114000000,26641000000,32241000000,30935000000,31805000000,32487000000,31826000000,31613000000,31155000000,32497000000,34286000000,33800000000,33388000000,32617000000,32625000000,795000000,1214000000,793000000,1191000000,1002000000
1596,리스사,12303,㈜아이엠캐피탈,B,SK104,요약재무상태표(부채 및 자본)(08.03월 이후),A1223,기타부채_기타의 부채_선수수익,,,,,,,,0,23000000,0,0,0, ,0, , ,0,500000000,397000000,317000000,191000000,165000000,142000000,52000000,40000000,86000000,26000000,178000000,289000000,416000000,468000000,202000000,614000000,982000000,11794000000,11419000000,12016000000,12040000000,11722000000,11747000000,12053000000,11693000000,11677000000,11734000000,11065000000,11427000000,11222000000,12113000000,13891000000,15045000000,15051000000,15003000000,14894000000,15427000000,14701000000,14808000000,16009000000,18048000000,21387000000,23795000000,26344000000,28908000000,29348000000,30356000000,30478000000,29985000000,28033000000,25778000000
1597,리스사,12303,㈜아이엠캐피탈,B,SK104,요약재무상태표(부채 및 자본)(08.03월 이후),A1224,기타부채_기타의 부채_미지급금,,,,,,,,32000000,33000000,65000000,54000000,217000000,61000000,33000000,42000000,41000000,49000000,114000000,140000000,60000000,94000000,44000000,135000000,102000000,109000000,642000000,83000000,204000000,178000000,181000000,143000000,242000000,84000000,991000000,6000000,90000000,70000000,82000000,101000000,111000000,114000000,115000000,113000000,130000000,122000000,128000000,146000000,159000000,123000000,129000000,128000000,142000000,124000000,119000000,132000000,138000000,81000000,97000000,114000000,155000000,145000000,90000000,65000000,129000000,55000000,62000000,73000000,116000000
1598,리스사,12303,㈜아이엠캐피탈,B,SK104,요약재무상태표(부채 및 자본)(08.03월 이후),A1225,기타부채_기타의 부채_미지급비용,,,,,,,,0,7000000,6000000,8000000,10000000,35000000,37000000,66000000,54000000,748000000,859000000,869000000,1241000000,1235000000,1342000000,1576000000,1735000000,1743000000,1915000000,2099000000,2157000000,1315000000,1599000000,1713000000,1820000000,2056000000,2437000000,2969000000,3846000000,3674000000,4547000000,5040000000,5541000000,5183000000,5823000000,5655000000,6588000000,6479000000,6263000000,6554000000,6679000000,6885000000,6631000000,6617000000,6551000000,6677000000,6615000000,6916000000,7268000000,7435000000,8098000000,9072000000,9879000000,12703000000,13981000000,16790000000,16285000000,18243000000,20778000000,20137000000,19655000000
1599,리스사,12303,㈜아이엠캐피탈,B,SK104,요약재무상태표(부채 및 자본)(08.03월 이후),A1226,기타부채_기타의 부채_미지급법인세,,,,,,,,0,50000000,207000000,391000000,568000000,808000000,1004000000,349000000,960000000,550000000,639000000,141000000,134000000,707000000,1246000000,2047000000,2615000000,3365000000,1279000000,1145000000,1158000000,1818000000,1288000000,202000000,568000000,1077000000,1607000000,1701000000,1702000000,1711000000,775000000,962000000,1627000000,1581000000,2354000000,3666000000,2621000000,4229000000,2934000000,2895000000,308000000,725000000,2315000000,3177000000,4161000000,8915000000,8640000000,11132000000,13618000000,23806000000,19951000000,15422000000,22956000000,26462000000,9103000000,8635000000,17317000000,17998000000,0,2649000000,2709000000
1600,리스사,12303,㈜아이엠캐피탈,B,SK104,요약재무상태표(부채 및 자본)(08.03월 이후),A1227,기타부채_기타의 부채_선불카드수탁금,,,,,,,,0,0,0,0,0, ,0, , ,0, ,0, , , , , , , , , , , , , , , , ,0,0,0,0,0,0,0,0,0,0,0,0,0,0,0,0,0,0,0,0,0,0,0,0,0,0,0,0,0,0,0,0,0
1601,리스사,12303,㈜아이엠캐피탈,B,SK104,요약재무상태표(부채 및 자본)(08.03월 이후),A1228,기타부채_기타의 부채_부가세예수금,,,,,,,,0,0,0,0,0, ,0, , ,0, ,0, , , , , , , , , , , , , , , , ,1000000,1000000,16000000,12000000,20000000,1000000,5000000,27000000,53000000,27000000,54000000,45000000,85000000,199000000,113000000,215000000,191000000,281000000,480000000,441000000,527000000,597000000,674000000,1478000000,1712000000,2873000000,2536000000,4105000000,1754000000,1822000000,2212000000,2331000000,2392000000
1602,리스사,12303,㈜아이엠캐피탈,B,SK104,요약재무상태표(부채 및 자본)(08.03월 이후),A1229,기타부채_기타의 부채_선물환거래대,,,,,,,,0,0,0,0,0, ,0, ,197000000,0,0,0,0, , , , , , , , , , , , , , , ,0,0,0,0,0,0,0,0,0,0,0,0,0,0,0,0,0,0,0,0,0,0,0,0,0,0,0,0,0,0,0,0,0
1603,리스사,12303,㈜아이엠캐피탈,B,SK104,요약재무상태표(부채 및 자본)(08.03월 이후),A122A,기타부채_기타의 부채_파생상품부채,,,,,,,,0,0,0,0,0, ,0, , ,0, ,0, , , , , , , , , , , , , , , , ,0,0,0,0,0,0,0,0,0,0,0,0,0,0,0,0,0,0,0,0,0,0,0,0,0,0,0,0,0,0,0,0,0
1604,리스사,12303,㈜아이엠캐피탈,B,SK104,요약재무상태표(부채 및 자본)(08.03월 이후),A122B,기타부채_기타의 부채_옵션수입프리미엄,,,,,,,,0,0,0,0,0, ,0, , ,0, ,0, , , , , , , , , , , , , , , , ,0,0,0,0,0,0,0,0,0,0,0,0,0,0,0,0,0,0,0,0,0,0,0,0,0,0,0,0,0,0,0,0,0
1605,리스사,12303,㈜아이엠캐피탈,B,SK104,요약재무상태표(부채 및 자본)(08.03월 이후),A122C,기타부채_기타의 부채_이연리스수익,,,,,,,,0,0,0,0,0, ,0, , ,0, ,0, , , , , , , , , , , , , , , , ,0,0,0,0,0,0,0,0,0,0,0,0,0,0,0,0,0,0,0,0,0,0,0,0,0,0,0,0,0,0,0,0,0
1606,리스사,12303,㈜아이엠캐피탈,B,SK104,요약재무상태표(부채 및 자본)(08.03월 이후),A122D,기타부채_기타의 부채_기타의 유동부채,,,,,,,,0,0,0,0,0, ,0, , ,0, ,0, , , , , , , , , , , , , , , , ,0,0,0,0,0,0,0,0,0,0,0,0,0,0,0,0,0,0,0,0,0,0,0,0,0,0,0,0,0,0,0,0,0
1607,리스사,12303,㈜아이엠캐피탈,B,SK104,요약재무상태표(부채 및 자본)(08.03월 이후),A122E,기타부채_유동성 장기부채,,,,,,,,0,0,0,0,0,0,0,0,0,0,0,0,0, , , , , , , , , , , , ,0, , ,0,0,0,0,0,0,0,0,0,0,0,0,0,0,0,0,0,0,0,0,0,0,0,0,0,0,0,0,0,0,0,0,0
1608,리스사,12303,㈜아이엠캐피탈,B,SK104,요약재무상태표(부채 및 자본)(08.03월 이후),A123,기타부채_리스보증금,,,,,,,,1125000000,5129000000,11278000000,17094000000,21151000000,24003000000,26790000000,29687000000,31108000000,34240000000,41050000000,49901000000,59354000000,67888000000,78036000000,85418000000,94507000000,103034000000,128906000000,138686000000,145096000000,146647000000,151315000000,157812000000,165964000000,172787000000,177726000000,167080000000,165020000000,165949000000,173682000000,175842000000,176406000000,176351000000,175162000000,172356000000,171186000000,168826000000,166878000000,171672000000,176740000000,184742000000,193555000000,206530000000,207314000000,211254000000,216486000000,220075000000,223965000000,229659000000,238259000000,247686000000,253556000000,261281000000,264864000000,267463000000,269762000000,269415000000,269033000000,256688000000,243983000000
1609,리스사,12303,㈜아이엠캐피탈,B,SK104,요약재무상태표(부채 및 자본)(08.03월 이후),A124,기타부채_보 증 금,,,,,,,,0,0,7000000,20000000,20000000,20000000,20000000,20000000,20000000,20000000,0,0,0, , , , , , , , , , , , ,0, , ,0,0,0,0,0,0,0,0,11000000,14000000,32000000,41000000,59000000,66000000,76000000,491000000,510000000,601000000,626000000,692000000,691000000,637000000,628000000,444000000,375000000,372000000,349000000,331000000,369000000,336000000,326000000,264000000,251000000
1610,리스사,12303,㈜아이엠캐피탈,B,SK104,요약재무상태표(부채 및 자본)(08.03월 이후),A1240,기타부채_보 증 금_상환이행보증금,,,,,,,,0,0,0,0,0, ,0, , ,0, ,0, , , , , , , , , , , , , , , , ,0,0,0,0,0,0,0,0,11000000,14000000,32000000,41000000,59000000,66000000,76000000,491000000,510000000,601000000,626000000,692000000,691000000,637000000,628000000,444000000,375000000,372000000,349000000,331000000,369000000,336000000,326000000,264000000,251000000
1611,리스사,12303,㈜아이엠캐피탈,B,SK104,요약재무상태표(부채 및 자본)(08.03월 이후),A1241,기타부채_보 증 금_임대보증금,,,,,,,,0,0,0,0,0, ,0, , ,0, ,0, , , , , , , , , , , , , , , , ,0,0,0,0,0,0,0,0,0,0,0,0,0,0,0,0,0,0,0,0,0,0,0,0,0,0,0,0,0,0,0,0,0
1612,리스사,12303,㈜아이엠캐피탈,B,SK104,요약재무상태표(부채 및 자본)(08.03월 이후),A1242,기타부채_보 증 금_기타보증금,,,,,,,,0,0,7000000,20000000,20000000,20000000,20000000,20000000,20000000,20000000,0,0,0, , , , , , , , , , , , , , , ,0,0,0,0,0,0,0,0,0,0,0,0,0,0,0,0,0,0,0,0,0,0,0,0,0,0,0,0,0,0,0,0,0
1613,리스사,12303,㈜아이엠캐피탈,B,SK104,요약재무상태표(부채 및 자본)(08.03월 이후),A125,기타부채_퇴직급여채무,,,,,,,,0,0,0,82000000,170000000,302000000,335000000,433000000,405000000,297000000,256000000,289000000,239000000,397000000,454000000,509000000,523000000,601000000,658000000,719000000,918000000,967000000,1051000000,1115000000,1369000000,1547000000,1666000000,1838000000,1953000000,2133000000,2334000000,2458000000,2591000000,2744000000,2892000000,3106000000,3675000000,3916000000,4175000000,4377000000,5026000000,5093000000,5349000000,5677000000,6180000000,6126000000,6424000000,6764000000,8186000000,7409000000,7706000000,7999000000,7549000000,7953000000,8326000000,9212000000,9687000000,9795000000,10079000000,10330000000,11527000000
1614,리스사,12303,㈜아이엠캐피탈,B,SK104,요약재무상태표(부채 및 자본)(08.03월 이후),A1250,기타부채_퇴직급여채무_(미인식보험수리적손익) (+-),,,,,,,,,,,,, , , , , , , , ,38000000, , , , , , , , , , , , , , ,0,0,0,0,0,0,0,0,0,0,0,0,0,0,0,0,0,0,0,0,0,0,0,0,0,0,0,0,0,0,0,0,0
1615,리스사,12303,㈜아이엠캐피탈,B,SK104,요약재무상태표(부채 및 자본)(08.03월 이후),A1251,기타부채_퇴직급여채무_(미인식과거근무원가) (-),,,,,,,,,,,,, , , , , , , , , , , , , , , , , , , , , , , ,0,0,0,0,0,0,0,0,0,0,0,0,0,0,0,0,0,0,0,0,0,0,0,0,0,0,0,0,0,0,0,0,0
1616,리스사,12303,㈜아이엠캐피탈,B,SK104,요약재무상태표(부채 및 자본)(08.03월 이후),A1252,기타부채_퇴직급여채무_(퇴직급여사외적립자산) (-),,,,,,,,,,,,, , , , , , , , ,250000000,253000000,251000000,499000000,460000000,445000000,434000000,803000000,720000000,694000000,648000000,1173000000,1058000000,1013000000,-1018000000,-1808000000,-1786000000,-1784000000,-1706000000,-2515000000,-2446000000,-2372000000,-2363000000,-3675000000,-3633000000,-3610000000,-3529000000,-5026000000,-4785000000,-4699000000,-4687000000,-6180000000,-6126000000,-6072000000,-6029000000,-8186000000,-7409000000,-7706000000,-7755000000,-7549000000,-7953000000,-8326000000,-9212000000,-9687000000,-9795000000,-10079000000,-10330000000,-11527000000
1617,리스사,12303,㈜아이엠캐피탈,B,SK104,요약재무상태표(부채 및 자본)(08.03월 이후),A126,기타부채_지급보증충당금,,,,,,,,0,0,0,0,0, ,0, , ,0, ,0, , , , , , , , , , , , , , , , ,0,0,0,0,0,0,0,0,0,0,0,0,0,0,0,0,0,0,0,0,0,0,0,0,0,0,0,0,14000000,67000000,59000000,34000000,48000000
1618,리스사,12303,㈜아이엠캐피탈,B,SK104,요약재무상태표(부채 및 자본)(08.03월 이후),A127,기타부채_포인트충당부채,,,,,,,,0,0,0,0,0, ,0, , ,0, ,0, , , , , , , , , , , , , , , , ,0,0,0,0,0,0,0,0,0,0,0,0,0,0,0,0,0,0,0,0,0,0,0,0,0,0,0,0,0,0,0,0,0
1619,리스사,12303,㈜아이엠캐피탈,B,SK104,요약재무상태표(부채 및 자본)(08.03월 이후),A128,기타부채_미지급배당금,,,,,,,,0,0,0,0,0, ,0, , ,0, ,0, , , , ,3996000000, , , ,3996000000, , , ,3993000000,0, , ,5929000000,0,0,0,7938000000,0,0,0,9954000000,0,0,0,14934000000,0,0,0,13981000000,0,0,0,20059000000,0,0,0,21883000000,0,0,0,0,0,0,0,0
1620,리스사,12303,㈜아이엠캐피탈,B,SK104,요약재무상태표(부채 및 자본)(08.03월 이후),A129,기타부채_이연법인세부채,,,,,,,,0,27000000,0,0,0,54000000,54000000,81000000,81000000,265000000,99000000,326000000,522000000,344000000,381000000,241000000,220000000,183000000,371000000,318000000,351000000,151000000, , , , ,14000000,133000000,613000000,847000000,1441000000,1810000000,2265000000,3518000000,3319000000,3075000000,3754000000,4211000000,4402000000,5574000000,6831000000,8278000000,9232000000,10407000000,11238000000,9280000000,11632000000,12497000000,13844000000,11858000000,11034000000,11347000000,8201000000,8547000000,14745000000,15059000000,3603000000,4199000000,14178000000,12102000000,10799000000
1621,리스사,12303,㈜아이엠캐피탈,B,SK104,요약재무상태표(부채 및 자본)(08.03월 이후),A12A,기타부채_외화환산대,,,,,,,,0,0,0,0,0, ,0, , ,0, ,0, , , , , , , , , , , , , , , , ,0,0,0,0,0,0,0,0,0,0,0,0,0,0,0,0,0,0,0,0,0,0,0,0,0,0,0,0,0,0,0,0,0
1622,리스사,12303,㈜아이엠캐피탈,B,SK104,요약재무상태표(부채 및 자본)(08.03월 이후),A12B,기타부채_미사용약정충당금,,,,,,,,0,0,0,0,0, ,0, , ,0, ,0, , , , , , , , , , , , , , , , ,0,0,0,0,0,0,0,0,0,0,0,0,0,0,0,0,0,0,0,0,0,0,0,0,0,0,0,0,0,0,0,0,0
1623,리스사,12303,㈜아이엠캐피탈,B,SK104,요약재무상태표(부채 및 자본)(08.03월 이후),A12C,기타부채_이자율위험포트폴리오위험회피 대상의 공정가액변동부채,,,,,,,,,,,,, , , , , , , , , , , , , , , , , , , , , , , ,0,0,0,0,0,0,0,0,0,0,0,0,0,0,0,0,0,0,0,0,0,0,0,0,0,0,0,0,0,0,0,0,0
1624,리스사,12303,㈜아이엠캐피탈,B,SK104,요약재무상태표(부채 및 자본)(08.03월 이후),A12D,기타부채_기타의 기타부채,,,,,,,,0,0,0,0,0, ,0, , ,0, ,0, ,36000000,34000000,34000000,198000000,202000000,229000000,250000000,234000000,261000000,250000000,282000000,276000000,328000000,364000000,365000000,339000000,350000000,356000000,334000000,351000000,631000000,646000000,586000000,461000000,9281000000,9289000000,8817000000,8813000000,8814000000,8473000000,7089000000,6816000000,6694000000,11789000000,11089000000,10808000000,10322000000,9758000000,10288000000,9809000000,9164000000,8348000000,7989000000,7587000000,7846000000,7702000000,7167000000,6551000000
1625,리스사,12303,㈜아이엠캐피탈,B,SK104,요약재무상태표(부채 및 자본)(08.03월 이후),A13,요구불상환지분,,,,,,,,,,,,, , , , , , , , , , , , , , , , , , , , , , , ,0,0,0,0,0,0,0,0,0,0,0,0,0,0,0,0,0,0,0,0,0,0,0,0,0,0,0,0,0,0,0,0,0
1626,리스사,12303,㈜아이엠캐피탈,B,SK104,요약재무상태표(부채 및 자본)(08.03월 이후),A130,요구불상환지분_상환우선주,,,,,,,,,,,,, , , , , , , , , , , , , , , , , , , , , , , ,0,0,0,0,0,0,0,0,0,0,0,0,0,0,0,0,0,0,0,0,0,0,0,0,0,0,0,0,0,0,0,0,0
1627,리스사,12303,㈜아이엠캐피탈,B,SK104,요약재무상태표(부채 및 자본)(08.03월 이후),A131,요구불상환지분_기타,,,,,,,,,,,,, , , , , , , , , , , , , , , , , , , , , , , ,0,0,0,0,0,0,0,0,0,0,0,0,0,0,0,0,0,0,0,0,0,0,0,0,0,0,0,0,0,0,0,0,0
1628,리스사,12303,㈜아이엠캐피탈,B,SK104,요약재무상태표(부채 및 자본)(08.03월 이후),A2,자본,,,,,,,,39929000000,40898000000,41318000000,61451000000,62073000000,63414000000,65293000000,64729000000,66048000000,67230000000,66962000000,67939000000,69043000000,70263000000,121809000000,124215000000,122268000000,124534000000,126910000000,128343000000,126681000000,228824000000,230730000000,231853000000,227791000000,231675000000,235665000000,239708000000,236537000000,238269000000,293322000000,297788000000,295286000000,300484000000,307542000000,314384000000,307730000000,315841000000,372182000000,379619000000,364568000000,372998000000,381601000000,391839000000,435084000000,448192000000,473589000000,495743000000,487672000000,511662000000,532269000000,550284000000,540162000000,559935000000,638207000000,659615000000,628700000000,642954000000,656470000000,662413000000,635978000000
1629,리스사,12303,㈜아이엠캐피탈,B,SK104,요약재무상태표(부채 및 자본)(08.03월 이후),A21,자본금,,,,,,,,40000000000,41000000000,41000000000,61000000000,61000000000,61000000000,61000000000,61000000000,61000000000,61000000000,61000000000,61000000000,61000000000,61000000000,111000000000,111000000000,111000000000,111000000000,111000000000,111000000000,111000000000,121000000000,121000000000,121000000000,121000000000,121000000000,121000000000,121000000000,121000000000,121000000000,126000000000,126000000000,126000000000,126000000000,126000000000,126000000000,126000000000,126000000000,131000000000,131000000000,131000000000,131000000000,131000000000,131000000000,151964000000,151964000000,151964000000,151964000000,151964000000,151964000000,151964000000,151964000000,151964000000,151964000000,156964000000,156964000000,156964000000,156964000000,156964000000,156964000000,156964000000
1630,리스사,12303,㈜아이엠캐피탈,B,SK104,요약재무상태표(부채 및 자본)(08.03월 이후),A210,자본금_보통주자본금,,,,,,,,40000000000,41000000000,41000000000,61000000000,61000000000,61000000000,61000000000,61000000000,61000000000,61000000000,61000000000,61000000000,61000000000,61000000000,111000000000,111000000000,111000000000,111000000000,111000000000,111000000000,111000000000,121000000000,121000000000,121000000000,121000000000,121000000000,121000000000,121000000000,121000000000,121000000000,126000000000,126000000000,126000000000,126000000000,126000000000,126000000000,126000000000,126000000000,131000000000,131000000000,131000000000,131000000000,131000000000,131000000000,151964000000,151964000000,151964000000,151964000000,151964000000,151964000000,151964000000,151964000000,151964000000,151964000000,156964000000,156964000000,156964000000,156964000000,156964000000,156964000000,156964000000
1631,리스사,12303,㈜아이엠캐피탈,B,SK104,요약재무상태표(부채 및 자본)(08.03월 이후),A211,자본금_우선주자본금,,,,,,,,0,0,0,0,0, ,0,0, ,0,0,0, , , , , , , , , , , , , , , , ,0,0,0,0,0,0,0,0,0,0,0,0,0,0,0,0,0,0,0,0,0,0,0,0,0,0,0,0,0,0,0,0,0
1632,리스사,12303,㈜아이엠캐피탈,B,SK104,요약재무상태표(부채 및 자본)(08.03월 이후),A212,자본금_신주청약증거금,,,,,,,,0,0,0,0,0, ,0,0, ,0,0,0, , , , , , , , , , , , , , , , ,0,0,0,0,0,0,0,0,0,0,0,0,0,0,0,0,0,0,0,0,0,0,0,0,0,0,0,0,0,0,0,0,0
1633,리스사,12303,㈜아이엠캐피탈,B,SK104,요약재무상태표(부채 및 자본)(08.03월 이후),A22,자본잉여금,,,,,,,,0,0,0,0,0,0,0,0,0,0,0,0,0, , , , , , , , ,89708000000,89708000000,89708000000,89708000000,89708000000,89708000000,89708000000,89708000000,89708000000,134681000000,134681000000,134681000000,134681000000,134681000000,134681000000,134681000000,134681000000,179654000000,179654000000,179654000000,179654000000,179654000000,179654000000,208579000000,208579000000,208579000000,208579000000,208579000000,208579000000,208579000000,208579000000,208579000000,208579000000,253553000000,253553000000,253553000000,253553000000,253553000000,253553000000,253553000000
1634,리스사,12303,㈜아이엠캐피탈,B,SK104,요약재무상태표(부채 및 자본)(08.03월 이후),A220,자본잉여금_주식발행초과금,,,,,,,,0,0,0,0,0, ,0,0, ,0,0,0, , , , , , , , , ,89708000000,89708000000,89708000000,89708000000,89708000000,89708000000,89708000000,89708000000,89708000000,134681000000,134681000000,134681000000,134681000000,134681000000,134681000000,134681000000,134681000000,179654000000,179654000000,179654000000,179654000000,179654000000,179654000000,208579000000,208579000000,208579000000,208579000000,208579000000,208579000000,208579000000,208579000000,208579000000,208579000000,253553000000,253553000000,253553000000,253553000000,253553000000,253553000000,253553000000
1635,리스사,12303,㈜아이엠캐피탈,B,SK104,요약재무상태표(부채 및 자본)(08.03월 이후),A221,자본잉여금_감자차익,,,,,,,,0,0,0,0,0, ,0,0, ,0,0,0, , , , , , , , , , , , , , , , ,0,0,0,0,0,0,0,0,0,0,0,0,0,0,0,0,0,0,0,0,0,0,0,0,0,0,0,0,0,0,0,0,0
1636,리스사,12303,㈜아이엠캐피탈,B,SK104,요약재무상태표(부채 및 자본)(08.03월 이후),A222,자본잉여금_기타자본잉여금,,,,,,,,0,0,0,0,0, ,0,0, ,0,0,0, , , , , , , , , , , , , , , , ,0,0,0,0,0,0,0,0,0,0,0,0,0,0,0,0,0,0,0,0,0,0,0,0,0,0,0,0,0,0,0,0,0
1637,리스사,12303,㈜아이엠캐피탈,B,SK104,요약재무상태표(부채 및 자본)(08.03월 이후),A23,이익잉여금(결손금),,,,,,,,-71000000,345000000,616000000,1037000000,1659000000,3000000000,4634000000,4069000000,5389000000,6571000000,6058000000,7035000000,8139000000,9263000000,11566000000,13972000000,12078000000,14104000000,16479000000,17912000000,16370000000,18325000000,20231000000,21353000000,17516000000,21400000000,25365000000,29373000000,26166000000,28008000000,32190000000,36631000000,34743000000,40255000000,47313000000,54155000000,47798000000,55909000000,62277000000,69714000000,59840000000,68270000000,77849000000,88087000000,81237000000,94345000000,118821000000,140975000000,128361000000,152883000000,171968000000,189983000000,181787000000,201560000000,227658000000,249142000000,220248000000,234502000000,248934000000,254877000000,226803000000
1638,리스사,12303,㈜아이엠캐피탈,B,SK104,요약재무상태표(부채 및 자본)(08.03월 이후),A230,이익잉여금(결손금)_이익준비금,,,,,,,,0,0,0,0,0, ,0,0, ,0,0,0, , , , ,399000000,399000000,399000000,399000000,400000000,799000000,799000000,799000000,799000000,1199000000,1199000000,1199000000,1199000000,1791000000,1791000000,1791000000,1791000000,2585000000,2585000000,2585000000,2585000000,3581000000,3581000000,3581000000,3581000000,5074000000,5074000000,5074000000,5074000000,6472000000,6472000000,6472000000,6472000000,8478000000,8478000000,8478000000,8478000000,10666000000,10666000000,10666000000,10666000000,13272000000,13272000000,13272000000,13272000000
1639,리스사,12303,㈜아이엠캐피탈,B,SK104,요약재무상태표(부채 및 자본)(08.03월 이후),A231,이익잉여금(결손금)_기업합리화적립금,,,,,,,,0,0,0,0,0, ,0,0, ,0,0,0, , , , , , , , , , , , , , , , ,0,0,0,0,0,0,0,0,0,0,0,0,0,0,0,0,0,0,0,0,0,0,0,0,0,0,0,0,0,0,0,0,0
1640,리스사,12303,㈜아이엠캐피탈,B,SK104,요약재무상태표(부채 및 자본)(08.03월 이후),A232,이익잉여금(결손금)_투융자손실준비금,,,,,,,,0,0,0,0,0, ,0,0, ,0,0,0, , , , , , , , , , , , , , , , ,0,0,0,0,0,0,0,0,0,0,0,0,0,0,0,0,0,0,0,0,0,0,0,0,0,0,0,0,0,0,0,0,0
1641,리스사,12303,㈜아이엠캐피탈,B,SK104,요약재무상태표(부채 및 자본)(08.03월 이후),A233,이익잉여금(결손금)_기타 법정적립금,,,,,,,,0,0,0,0,0, ,0,0, ,0,0,0, , , , , , , , , , , , , , , , ,0,0,0,0,0,0,0,0,0,0,0,0,0,0,0,0,0,0,0,0,0,0,0,0,0,0,0,0,0,0,0,0,0
1642,리스사,12303,㈜아이엠캐피탈,B,SK104,요약재무상태표(부채 및 자본)(08.03월 이후),A234,이익잉여금(결손금)_임의적립금,,,,,,,,0,0,0,0,0, ,0,0, ,0,0,0, , , , , , , , , , , , , , , , ,0,0,0,0,0,0,0,0,0,0,0,0,0,0,0,0,0,0,0,0,0,0,0,0,0,0,0,0,0,0,0,0,0
1643,리스사,12303,㈜아이엠캐피탈,B,SK104,요약재무상태표(부채 및 자본)(08.03월 이후),A235,이익잉여금(결손금)_해외투자손실준비금,,,,,,,,0,0,0,0,0, ,0,0, ,0,0,0, , , , , , , , , , , , , , , , ,0,0,0,0,0,0,0,0,0,0,0,0,0,0,0,0,0,0,0,0,0,0,0,0,0,0,0,0,0,0,0,0,0
1644,리스사,12303,㈜아이엠캐피탈,B,SK104,요약재무상태표(부채 및 자본)(08.03월 이후),A236,이익잉여금(결손금)_미처분이익잉여금(미처리결손금),,,,,,,,-71000000,345000000,616000000,1037000000,1659000000,3000000000,4634000000,4069000000,5389000000,6571000000,6058000000,7035000000,8139000000,8858000000,11181000000,12770000000,11261000000,13287000000,15662000000,11020000000,7422000000,15213000000,14492000000,13543000000,11338000000,16317000000,16317000000,16317000000,10388000000,21701000000,21701000000,21701000000,13763000000,30560000000,30560000000,30560000000,20606000000,42080000000,42080000000,42080000000,27146000000,52637000000,52637000000,52637000000,38656000000,74765000000,74765000000,74765000000,54706000000,119883000000,119883000000,119883000000,98000000000,171121000000,171121000000,171121000000,145064000000,206976000000,206976000000,206976000000,181862000000
1645,리스사,12303,㈜아이엠캐피탈,B,SK104,요약재무상태표(부채 및 자본)(08.03월 이후),A237,이익잉여금(결손금)_대손준비금,,,,,,,,,,,,, , , , , , , , ,405000000,385000000,1202000000,418000000,418000000,418000000,418000000,20000000,118000000,838000000,1788000000, , , , ,0,2673000000,2673000000,2673000000,2673000000,1323000000,1323000000,1323000000,1323000000,2137000000,2137000000,2137000000,2137000000,2129000000,2129000000,2129000000,2129000000,0,0,0,0,0,0,0,0,0,0,0,0,0,0,0,0
1646,리스사,12303,㈜아이엠캐피탈,B,SK104,요약재무상태표(부채 및 자본)(08.03월 이후),A238,이익잉여금(결손금)_(당기순손익),,,,,,,,-71000000,345000000,420000000,841000000,1464000000,2804000000,1880000000,1314000000,2634000000,3816000000,-268000000,708000000,1813000000,2110000000,4414000000,6820000000,8921000000,2266000000,4642000000,6075000000,8528000000,2195000000,4101000000,5224000000,5379000000,3884000000,7849000000,11857000000,14579000000,1843000000,6025000000,10465000000,16516000000,5787000000,12844000000,19686000000,23283000000,8112000000,14480000000,21916000000,26976000000,8430000000,18009000000,28247000000,35378000000,13107000000,37584000000,59738000000,67183000000,24522000000,43607000000,61622000000,75309000000,19773000000,45871000000,67355000000,64517000000,14254000000,28686000000,34629000000,31669000000
1647,리스사,12303,㈜아이엠캐피탈,B,SK104,요약재무상태표(부채 및 자본)(08.03월 이후),A24,자본조정,,,,,,,,0,-447000000,-298000000,-586000000,-586000000,-586000000,-341000000,-340000000,-341000000,-341000000,-96000000,-96000000,-96000000, ,-720000000,-720000000,-720000000,-480000000,-480000000,-480000000,-480000000, , , , ,0, , ,0,0,0,0,0,0,0,0,0,0,0,0,0,0,0,0,0,0,0,0,0,0,0,0,0,0,0,0,0,0,0,0,0
1648,리스사,12303,㈜아이엠캐피탈,B,SK104,요약재무상태표(부채 및 자본)(08.03월 이후),A240,자본조정_주식할인발행차금,,,,,,,,0,-447000000,-298000000,-586000000,-586000000,-586000000,-341000000,-340000000,-341000000,-341000000,-96000000,-96000000,-96000000, ,-720000000,-720000000,-720000000,-480000000,-480000000,-480000000,-480000000, , , , ,0, , ,0,0,0,0,0,0,0,0,0,0,0,0,0,0,0,0,0,0,0,0,0,0,0,0,0,0,0,0,0,0,0,0,0
1649,리스사,12303,㈜아이엠캐피탈,B,SK104,요약재무상태표(부채 및 자본)(08.03월 이후),A241,자본조정_배당건설이자,,,,,,,,0,0,0,0,0, ,0,0,0,0,0,0,0, , , , , , , , , , , , , , , ,0,0,0,0,0,0,0,0,0,0,0,0,0,0,0,0,0,0,0,0,0,0,0,0,0,0,0,0,0,0,0,0,0
1650,리스사,12303,㈜아이엠캐피탈,B,SK104,요약재무상태표(부채 및 자본)(08.03월 이후),A242,자본조정_자기주식,,,,,,,,0,0,0,0,0, ,0,0,0,0,0,0,0, , , , , , , , , , , , , , , ,0,0,0,0,0,0,0,0,0,0,0,0,0,0,0,0,0,0,0,0,0,0,0,0,0,0,0,0,0,0,0,0,0
1651,리스사,12303,㈜아이엠캐피탈,B,SK104,요약재무상태표(부채 및 자본)(08.03월 이후),A243,자본조정_주식매수선택권,,,,,,,,0,0,0,0,0, ,0,0,0,0,0,0,0, , , , , , , , , , , , , , , ,0,0,0,0,0,0,0,0,0,0,0,0,0,0,0,0,0,0,0,0,0,0,0,0,0,0,0,0,0,0,0,0,0
1652,리스사,12303,㈜아이엠캐피탈,B,SK104,요약재무상태표(부채 및 자본)(08.03월 이후),A244,자본조정_미교부주식배당금,,,,,,,,0,0,0,0,0, ,0,0,0,0,0,0,0, , , , , , , , , , , , , , , ,0,0,0,0,0,0,0,0,0,0,0,0,0,0,0,0,0,0,0,0,0,0,0,0,0,0,0,0,0,0,0,0,0
1653,리스사,12303,㈜아이엠캐피탈,B,SK104,요약재무상태표(부채 및 자본)(08.03월 이후),A245,자본조정_기타 자본조정,,,,,,,,0,0,0,0,0, ,0,0,0,0,0,0,0, , , , , , , , , , , , , , , ,0,0,0,0,0,0,0,0,0,0,0,0,0,0,0,0,0,0,0,0,0,0,0,0,0,0,0,0,0,0,0,0,0
1654,리스사,12303,㈜아이엠캐피탈,B,SK104,요약재무상태표(부채 및 자본)(08.03월 이후),A25,기타포괄손익누계액,,,,,,,,0,0,0,0,0,0,0,0,0,0,0,0,0, ,-37000000,-37000000,-90000000,-90000000,-89000000,-89000000,-209000000,-209000000,-209000000,-209000000,-433000000,-433000000,-408000000,-373000000,-336000000,-447000000,450000000,476000000,-138000000,-452000000,-452000000,-452000000,-749000000,-749000000,-749000000,-749000000,-5926000000,-5926000000,-6902000000,-6902000000,-6696000000,-6696000000,-5775000000,-5775000000,-1232000000,-1764000000,-242000000,-242000000,-2168000000,-2168000000,32000000,-44000000,-2065000000,-2065000000,-2981000000,-2981000000,-1342000000
1655,리스사,12303,㈜아이엠캐피탈,B,SK104,요약재무상태표(부채 및 자본)(08.03월 이후),A250,기타포괄손익누계액_매도가능금융자산평가이익,,,,,,,,0,0,0,0,0, ,0,0,0,0,0,0,0, , , , , , , , , , , , , ,25000000,91000000,165000000,281000000,859000000,986000000,576000000,0,0,0,0,0,0,0,0,0,0,0,0,0,0,0,733000000,733000000,2566000000,2566000000,798000000,798000000,1734000000,1658000000,374000000,374000000,37000000,37000000,1568000000
1656,리스사,12303,㈜아이엠캐피탈,B,SK104,요약재무상태표(부채 및 자본)(08.03월 이후),A251,기타포괄손익누계액_매도가능금융자산평가손실,,,,,,,,0,0,0,0,0, ,0,0,0,0,0,0,0, , , , , , , , , , , , , , ,-31000000,-102000000,-329000000,-9000000,-111000000,-263000000,0,0,0,0,0,0,0,-4772000000,-4772000000,-5748000000,-5748000000,-5278000000,-5278000000,-4357000000,-4357000000,0,-531000000,-843000000,-843000000,-1530000000,-1530000000,-266000000,-266000000,-117000000,-117000000,-695000000,-695000000,162000000
1657,리스사,12303,㈜아이엠캐피탈,B,SK104,요약재무상태표(부채 및 자본)(08.03월 이후),A252,기타포괄손익누계액_해외사업환산이익,,,,,,,,0,0,0,0,0, ,0,0,0,0,0,0,0, , , , , , , , , , , , , , , ,0,0,0,0,0,0,0,0,0,0,0,0,0,0,0,0,0,0,0,0,0,0,0,0,0,0,0,0,0,0,0,0,0
1658,리스사,12303,㈜아이엠캐피탈,B,SK104,요약재무상태표(부채 및 자본)(08.03월 이후),A253,기타포괄손익누계액_해외사업환산손실,,,,,,,,0,0,0,0,0, ,0,0,0,0,0,0,0, , , , , , , , , , , , , , , ,0,0,0,0,0,0,0,0,0,0,0,0,0,0,0,0,0,0,0,0,0,0,0,0,0,0,0,0,0,0,0,0,0
1659,리스사,12303,㈜아이엠캐피탈,B,SK104,요약재무상태표(부채 및 자본)(08.03월 이후),A254,기타포괄손익누계액_현금흐름위험회피 파생상품평가이익,,,,,,,,0,0,0,0,0, ,0,0,0,0,0,0,0, , , , , , , , , , , , , , , ,0,0,0,0,0,0,0,0,0,0,0,0,0,0,0,0,0,0,0,0,0,0,0,0,0,0,0,0,0,0,0,0,0
1660,리스사,12303,㈜아이엠캐피탈,B,SK104,요약재무상태표(부채 및 자본)(08.03월 이후),A255,기타포괄손익누계액_현금흐름위험회피 파생상품평가손실,,,,,,,,0,0,0,0,0, ,0,0,0,0,0,0,0, , , , , , , , , , , , , , , ,0,0,0,0,0,0,0,0,0,0,0,0,0,0,0,0,0,0,0,0,0,0,0,0,0,0,0,0,0,0,0,0,0
1661,리스사,12303,㈜아이엠캐피탈,B,SK104,요약재무상태표(부채 및 자본)(08.03월 이후),A256,기타포괄손익누계액_지분법자본변동,,,,,,,,0,0,0,0,0, ,0,0,0,0,0,0,0, , , , , , , , , , , , , , , ,0,0,0,0,0,0,0,0,0,0,0,0,0,0,0,0,0,0,0,0,0,0,0,0,0,0,0,0,0,0,0,0,0
1662,리스사,12303,㈜아이엠캐피탈,B,SK104,요약재무상태표(부채 및 자본)(08.03월 이후),A257,기타포괄손익누계액_부의 지분법자본변동,,,,,,,,0,0,0,0,0, ,0,0,0,0,0,0,0, , , , , , , , , , , , , , , ,0,0,0,0,0,0,0,0,0,0,0,0,0,0,0,0,0,0,0,0,0,0,0,0,0,0,0,0,0,0,0,0,0
1663,리스사,12303,㈜아이엠캐피탈,B,SK104,요약재무상태표(부채 및 자본)(08.03월 이후),A258,기타포괄손익누계액_유형자산 재평가이익,,,,,,,,,,,,, ,0,0,0,0,0,0,0, , , , , , , , , , , , , , , ,0,0,0,0,0,0,0,0,0,0,0,0,0,0,0,0,0,0,0,0,0,0,0,0,0,0,0,0,0,0,0,0,0
1664,리스사,12303,㈜아이엠캐피탈,B,SK104,요약재무상태표(부채 및 자본)(08.03월 이후),A259,기타포괄손익누계액_기타,,,,,,,,,,,,, ,0,0,0,0,0,0,0, ,-37000000,-37000000,-90000000,-90000000,-89000000,-89000000,-209000000,-209000000,-209000000,-209000000,-433000000,-433000000,-433000000,-433000000,-399000000,-399000000,-399000000,-399000000,-452000000,-452000000,-452000000,-452000000,-749000000,-749000000,-749000000,-749000000,-1154000000,-1154000000,-1154000000,-1154000000,-1418000000,-1418000000,-1418000000,-1418000000,-1965000000,-1965000000,-1965000000,-1965000000,-1436000000,-1436000000,-1436000000,-1436000000,-2323000000,-2323000000,-2323000000,-2323000000,-3073000000
1665,리스사,12452,비엔케이캐피탈㈜,B,SK104,요약재무상태표(부채 및 자본)(08.03월 이후),A,부채 및 자본총계,,,,,,,,,,,20492000000,119659000000,355927000000,455694000000,675471000000,918129000000,1096731000000,1275265000000,1479926000000,1722020000000,2024350000000,2329817000000,2539866000000,2809835000000,3049489000000,3199586000000,3461513000000,3583253000000,3870855000000,4090767000000,4258872000000,4287172000000,4254407000000,4351835000000,4496574000000,4691889000000,4710733000000,4810926000000,4782854000000,4815324000000,4873241000000,4898491000000,4944400000000,5058700000000,4913727000000,5144228000000,5280047000000,5377219000000,5699672000000,5923553000000,6212817000000,6670730000000,7197477000000,7924683000000,8199102000000,8263119000000,8444945000000,9264260000000,8828721000000,8426190000000,8511276000000,8446173000000,8504271000000,8805947000000,9194470000000,9174695000000,9341958000000,9837208000000
1666,리스사,12452,비엔케이캐피탈㈜,B,SK104,요약재무상태표(부채 및 자본)(08.03월 이후),A1,부채,,,,,,,,,,,768000000,101093000000,336176000000,404450000000,571276000000,810180000000,984097000000,1108062000000,1307454000000,1493573000000,1789226000000,2039412000000,2241624000000,2503113000000,2704132000000,2845233000000,3097076000000,3160583000000,3437044000000,3642938000000,3796302000000,3781726000000,3733217000000,3814665000000,3941739000000,4129296000000,4140717000000,4223729000000,4174108000000,4199610000000,4274084000000,4280569000000,4312767000000,4409191000000,4259231000000,4467245000000,4584754000000,4663818000000,4984613000000,5184717000000,5463376000000,5915334000000,6423170000000,7115021000000,7252129000000,7293491000000,7420366000000,8129452000000,7641803000000,7223385000000,7277404000000,7172630000000,7195773000000,7485189000000,7857396000000,7793102000000,7929694000000,8448365000000
1667,리스사,12452,비엔케이캐피탈㈜,B,SK104,요약재무상태표(부채 및 자본)(08.03월 이후),A11,차입부채,,,,,,,,,,,0,89595000000,300000000000,355000000000,510000000000,729374000000,888979000000,988753000000,1165827000000,1327518000000,1596308000000,1818129000000,1996894000000,2234544000000,2429405000000,2566034000000,2814795000000,2871744000000,3145457000000,3346394000000,3506636000000,3486494000000,3449468000000,3539051000000,3678268000000,3868131000000,3880518000000,3966892000000,3919404000000,3943252000000,4008138000000,4002599000000,4022920000000,4113124000000,3938477000000,4143148000000,4253499000000,4313663000000,4618714000000,4818500000000,5082638000000,5532868000000,6026630000000,6690874000000,6811156000000,6831643000000,6923044000000,7590463000000,7128010000000,6708381000000,6736140000000,6623431000000,6603560000000,6818093000000,7162948000000,7075045000000,7212380000000,7713370000000
1668,리스사,12452,비엔케이캐피탈㈜,B,SK104,요약재무상태표(부채 및 자본)(08.03월 이후),A110,차입금,,,,,,,,,,,0,89595000000,,,,,,,,,,,,,,,,,,,,,,,,,,,,,,,,,,,,,,,,,,,,,,,,,,,,,,,,
1669,리스사,12452,비엔케이캐피탈㈜,B,SK104,요약재무상태표(부채 및 자본)(08.03월 이후),A110,차입부채_차입금,,,,,,,,,,,,,300000000000,0,490000000000,729374000000,510000000000,510000000000,657000000000,549000000000,598000000000,550000000000,489000000000,377000000000,422000000000,399000000000,308000000000,265000000000,269000000000,330000000000,480000000000,350000000000,250000000000,120824000000,215000000000,380000000000,315000000000,300000000000,255000000000,10000000000,10000000000,140000000000,110000000000,190000000000,115000000000,120000000000,90000000000,50000000000,115000000000,135000000000,30000000000,470000000000,505000000000,660000000000,740000000000,850000000000,921000000000,1607830000000,1185030000000,875000000000,823000000000,840000000000,960000000000,815000000000,850218000000,812013000000,789161000000,680440000000
1670,리스사,12452,비엔케이캐피탈㈜,B,SK104,요약재무상태표(부채 및 자본)(08.03월 이후),A111,단기차입금,,,,,,,,,,,0,89595000000,,,,,,,,,,,,,,,,,,,,,,,,,,,,,,,,,,,,,,,,,,,,,,,,,,,,,,,,
1671,리스사,12452,비엔케이캐피탈㈜,B,SK104,요약재무상태표(부채 및 자본)(08.03월 이후),A111,차입부채_차입금_단기차입금,,,,,,,,,,,,,230000000000,0,250000000000,110000000000,140000000000,120000000000,267000000000,211000000000,260000000000,280000000000,219000000000,207000000000,282000000000,329000000000,308000000000,265000000000,269000000000,330000000000,480000000000,350000000000,250000000000,120824000000,215000000000,380000000000,315000000000,300000000000,255000000000,10000000000,10000000000,140000000000,110000000000,190000000000,115000000000,120000000000,90000000000,50000000000,115000000000,135000000000,30000000000,270000000000,305000000000,260000000000,180000000000,290000000000,361000000000,807830000000,355030000000,65000000000,13000000000,30000000000,150000000000,55000000000,35000000000,45000000000,85000000000,100000000000
1672,리스사,12452,비엔케이캐피탈㈜,B,SK104,요약재무상태표(부채 및 자본)(08.03월 이후),A112,차입부채_차입금_콜머니,,,,,,,,,,,,,0,0,0,0,0,0,0, , , , , , , , , , , , , , , , , , , , , , , , , , , , , , , , , , , , , , , , , , , , , , , , , 
1673,리스사,12452,비엔케이캐피탈㈜,B,SK104,요약재무상태표(부채 및 자본)(08.03월 이후),A112,콜머니,,,,,,,,,,,0,0,,,,,,,,,,,,,,,,,,,,,,,,,,,,,,,,,,,,,,,,,,,,,,,,,,,,,,,,
1674,리스사,12452,비엔케이캐피탈㈜,B,SK104,요약재무상태표(부채 및 자본)(08.03월 이후),A113,장기차입금,,,,,,,,,,,0,0,,,,,,,,,,,,,,,,,,,,,,,,,,,,,,,,,,,,,,,,,,,,,,,,,,,,,,,,
1675,리스사,12452,비엔케이캐피탈㈜,B,SK104,요약재무상태표(부채 및 자본)(08.03월 이후),A113,차입부채_차입금_장기차입금,,,,,,,,,,,,,70000000000,120000000000,240000000000,410000000000,370000000000,390000000000,390000000000,338000000000,338000000000,270000000000,270000000000,170000000000,140000000000,70000000000,0, ,0, , ,0,0,0,0,0, , , , , , , , , , , , , , , ,200000000000,200000000000,400000000000,560000000000,560000000000,560000000000,800000000000,830000000000,810000000000,810000000000,810000000000,810000000000,760000000000,815892000000,767652000000,704763000000,581005000000
1676,리스사,12452,비엔케이캐피탈㈜,B,SK104,요약재무상태표(부채 및 자본)(08.03월 이후),A114,유동성 장기차입금,,,,,,,,,,,0,0,,,,,,,,,,,,,,,,,,,,,,,,,,,,,,,,,,,,,,,,,,,,,,,,,,,,,,,,
1677,리스사,12452,비엔케이캐피탈㈜,B,SK104,요약재무상태표(부채 및 자본)(08.03월 이후),A114,차입부채_차입금_유동성 장기차입금,,,,,,,,,,,,,0,0,0,0,0,0,0, , , , , , , , , , , , , , , , , , , , , , , , , , , , , , , , , , , , , , , , , , , , , , , , , 
1678,리스사,12452,비엔케이캐피탈㈜,B,SK104,요약재무상태표(부채 및 자본)(08.03월 이후),A115,사  채,,,,,,,,,,,0,0,,,,,,,,,,,,,,,,,,,,,,,,,,,,,,,,,,,,,,,,,,,,,,,,,,,,,,,,
1679,리스사,12452,비엔케이캐피탈㈜,B,SK104,요약재무상태표(부채 및 자본)(08.03월 이후),A115,차입부채_사 채,,,,,,,,,,,,,0,0,20000000000,209374000000,378979000000,478753000000,508827000000,778518000000,998308000000,1268129000000,1507894000000,1857544000000,2007405000000,2167034000000,2506795000000,2606744000000,2876457000000,3016394000000,3026636000000,3136494000000,3199468000000,3418227000000,3463268000000,3488131000000,3565518000000,3666892000000,3664404000000,3933252000000,3998138000000,3862599000000,3912920000000,3923124000000,3823477000000,4023148000000,4163499000000,4263663000000,4503714000000,4683500000000,5052638000000,5062868000000,5521630000000,6030874000000,6071156000000,5981643000000,6002044000000,5982633000000,5942980000000,5833381000000,5913140000000,5783431000000,5643560000000,6003093000000,6312731000000,6263032000000,6423219000000,7032930000000
1680,리스사,12452,비엔케이캐피탈㈜,B,SK104,요약재무상태표(부채 및 자본)(08.03월 이후),A1150,차입부채_사 채_단기사채,,,,,,,,,,,0,0,0,0,0,0,0,0,0, , , , , , , , , ,30000000000, ,20000000000, , , , , , , , , , , , , , , , , , , , , , , , , , , , , , , , , ,20000000000, , ,10000000000
1681,리스사,12452,비엔케이캐피탈㈜,B,SK104,요약재무상태표(부채 및 자본)(08.03월 이후),A11500,차입부채_사 채_단기사채_(사채발행차금),,,,,,,,,,,0,0,0,0,0,0,0,0,0, , , , , , , , , , , , , , , , , , , , , , , , , , , , , , , , , , , , , , , , , , , , , , , , , 
1682,리스사,12452,비엔케이캐피탈㈜,B,SK104,요약재무상태표(부채 및 자본)(08.03월 이후),A1151,차입부채_사 채_유동성사채,,,,,,,,,,,0,0,0,0,0,0,0,0,0, , , , , , , , , , , , ,380000000000,323000000000,272000000000,227000000000,182000000000,140000000000,102000000000,70000000000,40000000000,16000000000, , , , , , , , , , , , , , , , , , , , , , , , , , , 
1683,리스사,12452,비엔케이캐피탈㈜,B,SK104,요약재무상태표(부채 및 자본)(08.03월 이후),A11510,차입부채_사 채_유동성사채_(유동성사채발행차금),,,,,,,,,,,0,0,0,0,0,0,0,0,0, , , , , , , , , , , , ,654000000,509000000,387000000,283000000,196000000,128000000,77000000,40000000,16000000,3000000, , , , , , , , , , , , , , , , , , , , , , , , , , , 
1684,리스사,12452,비엔케이캐피탈㈜,B,SK104,요약재무상태표(부채 및 자본)(08.03월 이후),A1152,차입부채_사 채_장기사채,,,,,,,,,,,0,0,0,0,20000000000,210000000000,380000000000,480000000000,510000000000,780000000000,1000000000000,1270000000000,1510000000000,1860000000000,2010000000000,2170000000000,2510000000000,2610000000000,2850000000000,3020000000000,3010000000000,2760000000000,2880000000000,3150000000000,3240000000000,3310000000000,3430000000000,3570000000000,3600000000000,3900000000000,3990000000000,3870000000000,3920000000000,3930000000000,3830000000000,4030000000000,4170000000000,4270000000000,4510000000000,4690000000000,5060000000000,5070000000000,5530000000000,6040000000000,6080000000000,5990000000000,6010000000000,5990000000000,5950000000000,5840000000000,5920000000000,5790000000000,5650000000000,6010000000000,6300000000000,6270000000000,6430000000000,7030000000000
1685,리스사,12452,비엔케이캐피탈㈜,B,SK104,요약재무상태표(부채 및 자본)(08.03월 이후),A11520,차입부채_사 채_장기사채_(사채발행차금),,,,,,,,,,,0,0,0,0,0,626000000,1021000000,1247000000,1173000000,1482000000,1692000000,1871000000,2106000000,2456000000,2595000000,2966000000,3205000000,3256000000,3543000000,3606000000,3364000000,2852000000,3023000000,3386000000,3449000000,3673000000,4354000000,5031000000,5556000000,6732000000,7859000000,7401000000,7080000000,6876000000,6523000000,6852000000,6501000000,6337000000,6286000000,6500000000,7362000000,7132000000,8370000000,9126000000,8844000000,8357000000,7956000000,7367000000,7020000000,6619000000,6860000000,6569000000,6440000000,6907000000,7269000000,6968000000,6781000000,7070000000
1686,리스사,12452,비엔케이캐피탈㈜,B,SK104,요약재무상태표(부채 및 자본)(08.03월 이후),A1153,차입부채_사 채_기타,,,,,,,,,,,0,0,0,0,0,-1252000000,-2042000000,-2494000000,-2346000000,-2964000000,-3384000000,-3742000000,-4212000000,-4912000000,-5190000000,-5932000000,-6410000000,-6512000000,-7086000000,-7212000000,-6728000000,-7012000000,-7064000000,-7546000000,-7464000000,-7738000000,-8964000000,-10216000000,-11192000000,-13496000000,-15724000000,-14802000000,-14160000000,-13752000000,-13046000000,-13704000000,-13002000000,-12674000000,-12572000000,-13000000000,-14724000000,-14264000000,-16740000000,-18252000000,-17688000000,-16714000000,-15912000000,-14734000000,-14040000000,-13238000000,-13720000000,-13138000000,-12880000000,-13814000000,-14538000000,-13936000000,-13562000000,-14140000000
1687,리스사,12452,비엔케이캐피탈㈜,B,SK104,요약재무상태표(부채 및 자본)(08.03월 이후),A12,기타부채,,,,,,,,,,,768000000,11498000000,36176000000,49450000000,61276000000,80806000000,95118000000,119309000000,141627000000,166055000000,192918000000,221283000000,244730000000,268569000000,274727000000,279199000000,282281000000,288839000000,291587000000,296544000000,289666000000,295232000000,283749000000,275614000000,263471000000,261165000000,260199000000,256837000000,254704000000,256358000000,265946000000,277970000000,289847000000,296067000000,320754000000,324097000000,331255000000,350155000000,365899000000,366217000000,380738000000,382466000000,396540000000,424147000000,440973000000,461848000000,497322000000,538989000000,513793000000,515004000000,541264000000,549199000000,592213000000,667096000000,694448000000,718057000000,717314000000,734995000000
1688,리스사,12452,비엔케이캐피탈㈜,B,SK104,요약재무상태표(부채 및 자본)(08.03월 이후),A120,기타부채_영업미지급금,,,,,,,,,,,0,0,0,1400000000,616000000,1427000000,1981000000,3541000000,4215000000,6733000000,8109000000,6365000000,6012000000,9629000000,9991000000,11594000000,11688000000,18396000000,19121000000,17609000000,17384000000,31039000000,22423000000,19998000000,18450000000,30396000000,30309000000,26250000000,17638000000,16861000000,22789000000,17208000000,16439000000,14943000000,30252000000,22556000000,24389000000,37827000000,41433000000,24559000000,23828000000,15334000000,24379000000,31440000000,30558000000,42465000000,57269000000,61783000000,48449000000,62060000000,69339000000,44929000000,46342000000,63049000000,57716000000,53635000000,33040000000,36857000000
1689,리스사,12452,비엔케이캐피탈㈜,B,SK104,요약재무상태표(부채 및 자본)(08.03월 이후),A121,기타부채_장기미지급금,,,,,,,,,,,0,0,0,0,0,0,0,0,0,0,0,0,0,0,0,0,0,0, , , ,0,0,0,0,0, , , , , , , , , , , , , , , , , , , , , , , , , , , , , , , , 
1690,리스사,12452,비엔케이캐피탈㈜,B,SK104,요약재무상태표(부채 및 자본)(08.03월 이후),A122,기타부채_기타의 부채,,,,,,,,,,,52000000,3493000000,2716000000,6445000000,7917000000,11308000000,12874000000,15896000000,18148000000,21250000000,23442000000,27635000000,30833000000,33275000000,31213000000,31340000000,33028000000,34261000000,32491000000,34378000000,30947000000,31095000000,30164000000,29097000000,29442000000,30186000000,30307000000,29779000000,34719000000,34054000000,34990000000,33074000000,35800000000,38471000000,35478000000,38320000000,39683000000,41998000000,41974000000,48661000000,49045000000,54629000000,53376000000,57747000000,61714000000,69505000000,70517000000,83009000000,74780000000,84271000000,84283000000,86677000000,98770000000,113179000000,116299000000,120204000000,120576000000,119130000000
1691,리스사,12452,비엔케이캐피탈㈜,B,SK104,요약재무상태표(부채 및 자본)(08.03월 이후),A1220,기타부채_기타의 부채_가수금,,,,,,,,,,,0,41000000,8000000,8000000,296000000,613000000,506000000,236000000,232000000,170000000,468000000,2693000000,3283000000,2804000000,287000000,335000000,1224000000,509000000,1409000000,4358000000,1970000000,2276000000,3164000000,3192000000,3018000000,2557000000,4214000000,3583000000,6639000000,3711000000,3398000000,2349000000,2454000000,2046000000,1600000000,1634000000,2283000000,1373000000,1867000000,6267000000,3175000000,3229000000,2387000000,2213000000,2118000000,3318000000,2383000000,2189000000,4398000000,1159000000,1544000000,2415000000,2011000000,2652000000,1844000000,3388000000,1731000000,1208000000
1692,리스사,12452,비엔케이캐피탈㈜,B,SK104,요약재무상태표(부채 및 자본)(08.03월 이후),A1221,기타부채_기타의 부채_예수금,,,,,,,,,,,14000000,95000000,80000000,20000000,192000000,307000000,349000000,315000000,347000000,440000000,685000000,566000000,674000000,733000000,629000000,723000000,752000000,746000000,864000000,933000000,790000000,951000000,1032000000,1032000000,987000000,1042000000,1123000000,1086000000,1089000000,1089000000,1326000000,1160000000,987000000,979000000,1554000000,1936000000,3142000000,3067000000,4272000000,5104000000,6758000000,6712000000,7044000000,7502000000,8081000000,7605000000,7901000000,8198000000,8466000000,8214000000,8848000000,8292000000,7969000000,7632000000,7992000000,6781000000,6380000000,6384000000
1693,리스사,12452,비엔케이캐피탈㈜,B,SK104,요약재무상태표(부채 및 자본)(08.03월 이후),A1222,기타부채_기타의 부채_선수금,,,,,,,,,,,0,1043000000,737000000,522000000,218000000,348000000,476000000,922000000,1375000000,1176000000,1736000000,1652000000,1784000000,1228000000,1394000000,1673000000,1632000000,2695000000,1939000000,1966000000,1727000000,2201000000,2524000000,2497000000,1635000000,2310000000,3302000000,3557000000,3669000000,1896000000,2140000000,2368000000,1987000000,2037000000,2100000000,3901000000,2672000000,1989000000,1870000000,2887000000,2005000000,2538000000,2993000000,3577000000,3443000000,3398000000,3959000000,3616000000,4441000000,4461000000,7679000000,3816000000,3646000000,3752000000,3482000000,3845000000,3878000000,3832000000
1694,리스사,12452,비엔케이캐피탈㈜,B,SK104,요약재무상태표(부채 및 자본)(08.03월 이후),A1223,기타부채_기타의 부채_선수수익,,,,,,,,,,,24000000,178000000,78000000,5469000000,6481000000,8151000000,9289000000,10918000000,12589000000,14037000000,14764000000,15853000000,16750000000,17476000000,17682000000,17461000000,16693000000,15350000000,14549000000,13411000000,12348000000,11339000000,10377000000,9614000000,9174000000,8843000000,8811000000,9251000000,9756000000,10537000000,11524000000,13150000000,14313000000,14993000000,15297000000,15565000000,15482000000,16686000000,17084000000,18600000000,19499000000,19604000000,23095000000,26443000000,27353000000,28118000000,31941000000,39939000000,36240000000,36029000000,37068000000,44186000000,52202000000,62137000000,64628000000,65745000000,65493000000,64770000000
1695,리스사,12452,비엔케이캐피탈㈜,B,SK104,요약재무상태표(부채 및 자본)(08.03월 이후),A1224,기타부채_기타의 부채_미지급금,,,,,,,,,,,14000000,2087000000,1554000000,0,0,0,0,0,0, , , , , , , , , , , , , , , , , , , , , , , , , , , , , , , , , , , , , , , , , , , , , , , , , 
1696,리스사,12452,비엔케이캐피탈㈜,B,SK104,요약재무상태표(부채 및 자본)(08.03월 이후),A1225,기타부채_기타의 부채_미지급비용,,,,,,,,,,,0,49000000,289000000,350000000,593000000,1733000000,2075000000,3311000000,3384000000,5201000000,5525000000,6450000000,7573000000,10735000000,10905000000,10811000000,12388000000,14620000000,13348000000,13312000000,13684000000,13891000000,12261000000,12284000000,13211000000,14890000000,12347000000,11836000000,13060000000,16289000000,13638000000,13466000000,15479000000,17834000000,14321000000,14633000000,15444000000,18169000000,16233000000,15144000000,16971000000,21928000000,17377000000,17407000000,18792000000,24873000000,17802000000,17709000000,20790000000,31178000000,26070000000,25747000000,32457000000,36538000000,37869000000,39902000000,41432000000,42386000000
1697,리스사,12452,비엔케이캐피탈㈜,B,SK104,요약재무상태표(부채 및 자본)(08.03월 이후),A1226,기타부채_기타의 부채_미지급법인세,,,,,,,,,,,0,0,0,0,0,0,0,0,0, , , , , , , , , , , , , , , , , , , , , , , , , , , , , , , , , , , , , , , , , , , , , , , , , 
1698,리스사,12452,비엔케이캐피탈㈜,B,SK104,요약재무상태표(부채 및 자본)(08.03월 이후),A1227,기타부채_기타의 부채_선불카드수탁금,,,,,,,,,,,0,0,0,0,0,0,0,0,0, , , , , , , , , , , , , , , , , , , , , , , , , , , , , , , , , , , , , , , , , , , , , , , , , 
1699,리스사,12452,비엔케이캐피탈㈜,B,SK104,요약재무상태표(부채 및 자본)(08.03월 이후),A1228,기타부채_기타의 부채_부가세예수금,,,,,,,,,,,0,0,0,0,0,0,0,0,0, , , , , , , , , , , , , ,308000000, ,924000000,48000000, , , , ,2386000000, , , , , , , , , , , , ,125000000,1446000000,1712000000,6097000000,10903000000, ,2789000000,2605000000,1750000000, , , , , , 
1700,리스사,12452,비엔케이캐피탈㈜,B,SK104,요약재무상태표(부채 및 자본)(08.03월 이후),A1229,기타부채_기타의 부채_선물환거래대,,,,,,,,,,,0,0,0,0,0,0,0,0,0, , , , , , , , , , , , , , , , , , , , , , , , , , , , , , , , , , , , , , , , , , , , , , , , , 
1701,리스사,12452,비엔케이캐피탈㈜,B,SK104,요약재무상태표(부채 및 자본)(08.03월 이후),A122A,기타부채_기타의 부채_파생상품부채,,,,,,,,,,,0,0,0,0,0,0,0,0,0, , , , , , , , , , , , , , , , , , , , , , , , , , , , , , , , , , , , , , , , , , , , , , , ,1118000000, 
1702,리스사,12452,비엔케이캐피탈㈜,B,SK104,요약재무상태표(부채 및 자본)(08.03월 이후),A122B,기타부채_기타의 부채_옵션수입프리미엄,,,,,,,,,,,0,0,0,0,0,0,0,0,0, , , , , , , , , , , , , , , , , , , , , , , , , , , , , , , , , , , , , , , , , , , , , , , , , 
1703,리스사,12452,비엔케이캐피탈㈜,B,SK104,요약재무상태표(부채 및 자본)(08.03월 이후),A122C,기타부채_기타의 부채_이연리스수익,,,,,,,,,,,0,0,0,0,0,0,0,0,0, , , , , , , , , , , , , , , , , , , , , , , , , , , , , , , , , , , , , , , , , , , , , , , , , 
1704,리스사,12452,비엔케이캐피탈㈜,B,SK104,요약재무상태표(부채 및 자본)(08.03월 이후),A122D,기타부채_기타의 부채_기타의 유동부채,,,,,,,,,,,0,0,0,76000000,137000000,156000000,179000000,194000000,221000000,226000000,264000000,421000000,769000000,299000000,316000000,337000000,339000000,341000000,382000000,398000000,428000000,437000000,498000000,478000000,493000000,496000000,510000000,466000000,506000000,532000000,578000000,581000000,580000000,582000000,606000000,651000000,660000000,714000000,648000000,659000000,637000000,618000000,480000000,480000000,481000000,481000000,434000000,455000000,445000000,441000000,469000000,471000000,484000000,470000000,485000000,543000000,544000000,550000000
1705,리스사,12452,비엔케이캐피탈㈜,B,SK104,요약재무상태표(부채 및 자본)(08.03월 이후),A122E,기타부채_유동성 장기부채,,,,,,,,,,,0,0,0,0,0,0,0,0,0,0,0,0,0,0,0,0,0, , , , ,0,0,0,0,0, , , , , , , , , , , , , , , , , , , , , , , , , , , , , , , , 
1706,리스사,12452,비엔케이캐피탈㈜,B,SK104,요약재무상태표(부채 및 자본)(08.03월 이후),A123,기타부채_리스보증금,,,,,,,,,,,716000000,7963000000,33274000000,46115000000,51333000000,65552000000,76256000000,93613000000,110999000000,129417000000,150564000000,173391000000,192878000000,209744000000,217094000000,219122000000,220601000000,219250000000,222351000000,225350000000,223101000000,218191000000,212542000000,206595000000,195032000000,187229000000,184193000000,186009000000,186845000000,187828000000,197528000000,207796000000,217591000000,225189000000,233257000000,241057000000,244825000000,254672000000,261358000000,268882000000,280943000000,287540000000,292189000000,301924000000,309940000000,316886000000,333661000000,356287000000,352671000000,344720000000,358384000000,391804000000,420797000000,470029000000,490675000000,508275000000,524971000000,543684000000
1707,리스사,12452,비엔케이캐피탈㈜,B,SK104,요약재무상태표(부채 및 자본)(08.03월 이후),A124,기타부채_보 증 금,,,,,,,,,,,0,0,0,-5268000000,0,0,0,0,0, , , , , , , , , ,148000000,443000000,443000000,444000000,609000000,609000000,600000000,585000000,570000000,545000000,503000000,438000000, , , , , , , , , , , , , , , , , , , , , , , , , , , , 
1708,리스사,12452,비엔케이캐피탈㈜,B,SK104,요약재무상태표(부채 및 자본)(08.03월 이후),A1240,기타부채_보 증 금_상환이행보증금,,,,,,,,,,,0,0,0,0,0,0,0,0,0, , , , , , , , , , , , , , , , , , , , , , , , , , , , , , , , , , , , , , , , , , , , , , , , , 
1709,리스사,12452,비엔케이캐피탈㈜,B,SK104,요약재무상태표(부채 및 자본)(08.03월 이후),A1241,기타부채_보 증 금_임대보증금,,,,,,,,,,,0,0,0,0,0,0,0,0,0, , , , , , , , , , , , , , , , , , , , , , , , , , , , , , , , , , , , , , , , , , , , , , , , , 
1710,리스사,12452,비엔케이캐피탈㈜,B,SK104,요약재무상태표(부채 및 자본)(08.03월 이후),A1242,기타부채_보 증 금_기타보증금,,,,,,,,,,,0,0,0,-5268000000,0,0,0,0,0, , , , , , , , , ,148000000,443000000,443000000,444000000,609000000,609000000,600000000,585000000,570000000,545000000,503000000,438000000, , , , , , , , , , , , , , , , , , , , , , , , , , , , 
1711,리스사,12452,비엔케이캐피탈㈜,B,SK104,요약재무상태표(부채 및 자본)(08.03월 이후),A125,기타부채_퇴직급여채무,,,,,,,,,,,0,42000000,156000000,263000000,364000000,114000000,276000000,478000000,742000000,351000000,721000000,1005000000,1334000000,1661000000,1798000000,2370000000,1974000000,1554000000,2204000000,2710000000,3521000000,2640000000,3266000000,4270000000,4716000000,3154000000,3672000000,4553000000,4805000000,3513000000,4249000000,5513000000,5975000000,3520000000,4491000000,5778000000,6694000000,3113000000,4395000000,6293000000,7068000000,3926000000,4727000000,5861000000,6365000000,3573000000,3503000000,4027000000,4067000000, ,804000000,1054000000,960000000,1083000000,3646000000,5028000000,6550000000,4284000000
1712,리스사,12452,비엔케이캐피탈㈜,B,SK104,요약재무상태표(부채 및 자본)(08.03월 이후),A1250,기타부채_퇴직급여채무_(미인식보험수리적손익) (+-),,,,,,,,,,,,, ,0,0,0,0,0,0, , , , , , , , , , , , , , , , , , , , , , , , , , , , , , , , , , , , , , , , , , , , , , , , , 
1713,리스사,12452,비엔케이캐피탈㈜,B,SK104,요약재무상태표(부채 및 자본)(08.03월 이후),A1251,기타부채_퇴직급여채무_(미인식과거근무원가) (-),,,,,,,,,,,,, ,0,0,0,0,0,0, , , , , , , , , , , , , , , , , , , , , , , , , , , , , , , , , , , , , , , , , , , , , , , , , 
1714,리스사,12452,비엔케이캐피탈㈜,B,SK104,요약재무상태표(부채 및 자본)(08.03월 이후),A1252,기타부채_퇴직급여채무_(퇴직급여사외적립자산) (-),,,,,,,,,,,,, ,0,0,0,0,0,0, , , , , , , , , , , , , , , , , , , , , , , , , , , , , , , , , , , , , , , , , , , , , , , , , 
1715,리스사,12452,비엔케이캐피탈㈜,B,SK104,요약재무상태표(부채 및 자본)(08.03월 이후),A126,기타부채_지급보증충당금,,,,,,,,,,,0,0,0,0,0,0,0,0,0, , , , , , , , , , , , , , , , , , , , , , , , , , , , , , , , , , , , , , , , , , , , , , , , , 
1716,리스사,12452,비엔케이캐피탈㈜,B,SK104,요약재무상태표(부채 및 자본)(08.03월 이후),A127,기타부채_포인트충당부채,,,,,,,,,,,0,0,0,0,0,0,0,0,0, , , , , , , , , , , , , , , , , , , , , , , , , , , , , , , , , , , , , , , , , , , , , , , , , 
1717,리스사,12452,비엔케이캐피탈㈜,B,SK104,요약재무상태표(부채 및 자본)(08.03월 이후),A128,기타부채_미지급배당금,,,,,,,,,,,0,0,0,0,0,0,0,0,0, , , , , , , , , , , , , , , , , , , , , , , , , , , , , , , , , , , , , , , , , , , , , , , , , 
1718,리스사,12452,비엔케이캐피탈㈜,B,SK104,요약재무상태표(부채 및 자본)(08.03월 이후),A129,기타부채_이연법인세부채,,,,,,,,,,,0,0,0,416000000,1046000000,2043000000,3731000000,5781000000,7523000000,8304000000,10082000000,12887000000,13673000000,14260000000,14631000000,14773000000,14990000000,15378000000,15272000000,16054000000,14270000000,11823000000,14745000000,15045000000,15231000000,9615000000,11148000000,9701000000,10194000000,13664000000,6207000000,14185000000,13851000000,13802000000,14100000000,13330000000,12727000000,8955000000,11220000000,11658000000,13885000000,15572000000,15173000000,20811000000,26441000000,23727000000,26807000000,28183000000,28792000000,19566000000,24280000000,20831000000,21282000000,16279000000,23088000000,25112000000,27069000000,24267000000
1719,리스사,12452,비엔케이캐피탈㈜,B,SK104,요약재무상태표(부채 및 자본)(08.03월 이후),A12A,기타부채_외화환산대,,,,,,,,,,,0,0,0,0,0,0,0,0,0, , , , , , , , , , , , , , , , , , , , , , , , , , , , , , , , , , , , , , , , , , , , , , , , , 
1720,리스사,12452,비엔케이캐피탈㈜,B,SK104,요약재무상태표(부채 및 자본)(08.03월 이후),A12B,기타부채_미사용약정충당금,,,,,,,,,,,0,0,0,0,0,0,0,0,0, , , , , , , , , , , , , , , , , , , , , ,183000000,194000000,191000000,142000000,223000000,220000000,204000000,211000000,434000000,473000000,516000000,475000000,634000000,704000000,664000000,632000000,496000000,535000000,251000000,210000000,182000000,123000000,79000000,234000000,189000000,159000000,206000000,153000000
1721,리스사,12452,비엔케이캐피탈㈜,B,SK104,요약재무상태표(부채 및 자본)(08.03월 이후),A12C,기타부채_이자율위험포트폴리오위험회피 대상의 공정가액변동부채,,,,,,,,,,,,, ,0,0,0,0,0,0, , , , , , , , , , , , , , , , , , , , , , , , , , , , , , , , , , , , , , , , , , , , , , , , , 
1722,리스사,12452,비엔케이캐피탈㈜,B,SK104,요약재무상태표(부채 및 자본)(08.03월 이후),A12D,기타부채_기타의 기타부채,,,,,,,,,,,0,0,0,79000000,0,0,0,0,0, , , , , , , , , , , , , , , , , , , , , , , , , ,2953000000,2836000000,2733000000,3379000000,5085000000,5691000000,5453000000,4990000000,6062000000,5660000000,5291000000,5060000000,5069000000,5165000000,4783000000,4177000000,3992000000,3782000000,3983000000,3243000000,2834000000,5644000000,4902000000,6620000000
1723,리스사,12452,비엔케이캐피탈㈜,B,SK104,요약재무상태표(부채 및 자본)(08.03월 이후),A13,요구불상환지분,,,,,,,,,,,,, ,0,0,0,0,0,0, , , , , , , , , , , , , , , , , , , , , , , , , , , , , , , , , , , , , , , , , , , , , , , , , 
1724,리스사,12452,비엔케이캐피탈㈜,B,SK104,요약재무상태표(부채 및 자본)(08.03월 이후),A130,요구불상환지분_상환우선주,,,,,,,,,,,,, ,0,0,0,0,0,0, , , , , , , , , , , , , , , , , , , , , , , , , , , , , , , , , , , , , , , , , , , , , , , , , 
1725,리스사,12452,비엔케이캐피탈㈜,B,SK104,요약재무상태표(부채 및 자본)(08.03월 이후),A131,요구불상환지분_기타,,,,,,,,,,,,, ,0,0,0,0,0,0, , , , , , , , , , , , , , , , , , , , , , , , , , , , , , , , , , , , , , , , , , , , , , , , , 
1726,리스사,12452,비엔케이캐피탈㈜,B,SK104,요약재무상태표(부채 및 자본)(08.03월 이후),A2,자본,,,,,,,,,,,19724000000,18566000000,19751000000,51244000000,104195000000,107949000000,112634000000,167203000000,172472000000,228447000000,235124000000,290405000000,298242000000,306722000000,345357000000,354353000000,364437000000,422670000000,433811000000,447829000000,462570000000,505446000000,521190000000,537170000000,554835000000,562593000000,570016000000,587197000000,608746000000,615714000000,599157000000,617922000000,631633000000,649509000000,654496000000,676983000000,695293000000,713401000000,715059000000,738836000000,749441000000,755396000000,774307000000,809662000000,946973000000,969628000000,1024579000000,1134808000000,1186918000000,1202805000000,1233872000000,1273543000000,1308498000000,1320758000000,1337074000000,1381593000000,1412264000000,1388843000000
1727,리스사,12452,비엔케이캐피탈㈜,B,SK104,요약재무상태표(부채 및 자본)(08.03월 이후),A21,자본금,,,,,,,,,,,20000000000,20000000000,20000000000,50000000000,100000000000,100000000000,100000000000,150000000000,150000000000,200000000000,200000000000,205000000000,205000000000,205000000000,208000000000,208000000000,208000000000,213000000000,213000000000,213000000000,213000000000,218000000000,218000000000,218000000000,218000000000,218000000000,218000000000,218000000000,218000000000,218000000000,218000000000,218000000000,218000000000,218000000000,218000000000,218000000000,218000000000,218000000000,218000000000,218000000000,218000000000,218000000000,218000000000,218000000000,280500000000,280500000000,280500000000,311750000000,311750000000,311750000000,311750000000,311750000000,311750000000,311750000000,311750000000,311750000000,311750000000,311750000000
1728,리스사,12452,비엔케이캐피탈㈜,B,SK104,요약재무상태표(부채 및 자본)(08.03월 이후),A210,자본금_보통주자본금,,,,,,,,,,,20000000000,20000000000,20000000000,50000000000,100000000000,100000000000,100000000000,150000000000,150000000000,200000000000,200000000000,205000000000,205000000000,205000000000,208000000000,208000000000,208000000000,213000000000,213000000000,213000000000,213000000000,218000000000,218000000000,218000000000,218000000000,218000000000,218000000000,218000000000,218000000000,218000000000,218000000000,218000000000,218000000000,218000000000,218000000000,218000000000,218000000000,218000000000,218000000000,218000000000,218000000000,218000000000,218000000000,218000000000,280500000000,280500000000,280500000000,311750000000,311750000000,311750000000,311750000000,311750000000,311750000000,311750000000,311750000000,311750000000,311750000000,311750000000
1729,리스사,12452,비엔케이캐피탈㈜,B,SK104,요약재무상태표(부채 및 자본)(08.03월 이후),A211,자본금_우선주자본금,,,,,,,,,,,0,0,0,0,0,0,0,0,0, , , , , , , , , , , , , , , , , , , , , , , , , , , , , , , , , , , , , , , , , , , , , , , , , 
1730,리스사,12452,비엔케이캐피탈㈜,B,SK104,요약재무상태표(부채 및 자본)(08.03월 이후),A212,자본금_신주청약증거금,,,,,,,,,,,0,0,0,0,0,0,0,0,0, , , , , , , , , , , , , , , , , , , , , , , , , , , , , , , , , , , , , , , , , , , , , , , , , 
1731,리스사,12452,비엔케이캐피탈㈜,B,SK104,요약재무상태표(부채 및 자본)(08.03월 이후),A22,자본잉여금,,,,,,,,,,,0,0,0,0,0,0,0,0,0, , ,44974000000,44974000000,44974000000,71958000000,71958000000,71958000000,116931000000,116931000000,116932000000,116932000000,161907000000,161908000000,161907000000,161907000000,161907000000,161907000000,161908000000,161908000000,161908000000,161908000000,161908000000,161907000000,161907000000,161908000000,161907000000,161907000000,161907000000,161907000000,161907000000,161907000000,161907000000,161907000000,161907000000,199048000000,199049000000,199048000000,217601000000,217601000000,217601000000,217601000000,217601000000,217601000000,217601000000,217601000000,217601000000,217601000000,217601000000
1732,리스사,12452,비엔케이캐피탈㈜,B,SK104,요약재무상태표(부채 및 자본)(08.03월 이후),A220,자본잉여금_주식발행초과금,,,,,,,,,,,0,0,0,0,0,0,0,0,0, , ,44974000000,44974000000,44974000000,71958000000,71958000000,71958000000,116931000000,116931000000,116932000000,116932000000,161907000000,161908000000,161907000000,161907000000,161907000000,161907000000,161908000000,161908000000,161908000000,161908000000,161908000000,161907000000,161907000000,161908000000,161907000000,161907000000,161907000000,161907000000,161907000000,161907000000,161907000000,161907000000,161907000000,199048000000,199049000000,199048000000,217601000000,217601000000,217601000000,217601000000,217601000000,217601000000,217601000000,217601000000,217601000000,217601000000,217601000000
1733,리스사,12452,비엔케이캐피탈㈜,B,SK104,요약재무상태표(부채 및 자본)(08.03월 이후),A221,자본잉여금_감자차익,,,,,,,,,,,0,0,0,0,0,0,0,0,0, , , , , , , , , , , , , , , , , , , , , , , , , , , , , , , , , , , , , , , , , , , , , , , , , 
1734,리스사,12452,비엔케이캐피탈㈜,B,SK104,요약재무상태표(부채 및 자본)(08.03월 이후),A222,자본잉여금_기타자본잉여금,,,,,,,,,,,0,0,0,0,0,0,0,0,0, , , , , , , , , , , , , , , , , , , , , , , , , , , , , , , , , , , , , , , , , , , , , , , , , 
1735,리스사,12452,비엔케이캐피탈㈜,B,SK104,요약재무상태표(부채 및 자본)(08.03월 이후),A23,이익잉여금(결손금),,,,,,,,,,,-276000000,-1434000000,-249000000,1390000000,4584000000,8338000000,12634000000,17451000000,22720000000,28940000000,35520000000,40855000000,48756000000,57295000000,66079000000,75317000000,85516000000,93606000000,105026000000,119262000000,134395000000,127314000000,143194000000,159694000000,177360000000,185172000000,192786000000,210297000000,231727000000,238596000000,222182000000,241432000000,255103000000,273071000000,278304000000,301188000000,319611000000,337443000000,339462000000,364050000000,374625000000,380756000000,399624000000,435195000000,472586000000,494781000000,549158000000,609441000000,661040000000,675922000000,707833000000,747252000000,781692000000,794581000000,811725000000,856788000000,888098000000,864200000000
1736,리스사,12452,비엔케이캐피탈㈜,B,SK104,요약재무상태표(부채 및 자본)(08.03월 이후),A230,이익잉여금(결손금)_이익준비금,,,,,,,,,,,0,0,0,0,0,0,0,0,0, , , , , , , , , , , , , , , , , , , , , , , , , , , , , , , , , , , , , , , , , , , , , , , , , 
1737,리스사,12452,비엔케이캐피탈㈜,B,SK104,요약재무상태표(부채 및 자본)(08.03월 이후),A231,이익잉여금(결손금)_기업합리화적립금,,,,,,,,,,,0,0,0,0,0,0,0,0,0, , , , , , , , , , , , , , , , , , , , , , , , , , , , , , , , , , , , , , , , , , , , , , , , , 
1738,리스사,12452,비엔케이캐피탈㈜,B,SK104,요약재무상태표(부채 및 자본)(08.03월 이후),A232,이익잉여금(결손금)_투융자손실준비금,,,,,,,,,,,0,0,0,0,0,0,0,0,0, , , , , , , , , , , , , , , , , , , , , , , , , , , , , , , , , , , , , , , , , , , , , , , , , 
1739,리스사,12452,비엔케이캐피탈㈜,B,SK104,요약재무상태표(부채 및 자본)(08.03월 이후),A233,이익잉여금(결손금)_기타 법정적립금,,,,,,,,,,,0,0,0,0,0,0,0,0,0, ,100000000,100000000,100000000,100000000,100000000,100000000,100000000,100000000,100000000,100000000,100000000,100000000,1103000000,1103000000,1103000000,1103000000,6970000000,6970000000,6970000000,6970000000,3108000000,3108000000,3108000000,3108000000,4111000000,4111000000,4111000000,4111000000,5611000000,5611000000,6213000000,6213000000,7412000000,7412000000,7412000000,7412000000,7412000000,7412000000,7412000000,7411000000,7412000000,7412000000,7412000000,7412000000,9613000000,9713000000,9713000000,12313000000
1740,리스사,12452,비엔케이캐피탈㈜,B,SK104,요약재무상태표(부채 및 자본)(08.03월 이후),A234,이익잉여금(결손금)_임의적립금,,,,,,,,,,,0,0,0,0,0,0,0,0,0, , , , , , , , , , , , , , , , , , , , , , , , , , , , , , , , , , , , , , , , , , , , , , , , , 
1741,리스사,12452,비엔케이캐피탈㈜,B,SK104,요약재무상태표(부채 및 자본)(08.03월 이후),A235,이익잉여금(결손금)_해외투자손실준비금,,,,,,,,,,,0,0,0,0,0,0,0,0,0, , , , , , , , , , , , , , , , , , , , , , , , , , , , , , , , , , , , , , , , , , , , , , , , , 
1742,리스사,12452,비엔케이캐피탈㈜,B,SK104,요약재무상태표(부채 및 자본)(08.03월 이후),A236,이익잉여금(결손금)_미처분이익잉여금(미처리결손금),,,,,,,,,,,-276000000,-1434000000,-249000000,1390000000,4584000000,8338000000,12634000000,17451000000,22720000000,28940000000,28647000000,28647000000,28646000000,28647000000,57195000000,57195000000,57195000000,57195000000,93506000000,93643000000,93643000000,83615000000,126211000000,126211000000,126211000000,126211000000,168173000000,168173000000,168173000000,168173000000,200933000000,200933000000,200933000000,200933000000,258932000000,258932000000,258932000000,258932000000,316834000000,316834000000,310215000000,310215000000,361354000000,361354000000,361354000000,361354000000,487370000000,487369000000,487369000000,487370000000,668510000000,668510000000,668510000000,668510000000,762959000000,762859000000,762859000000,734259000000
1743,리스사,12452,비엔케이캐피탈㈜,B,SK104,요약재무상태표(부채 및 자본)(08.03월 이후),A237,이익잉여금(결손금)_대손준비금,,,,,,,,,,,,, ,0,0,0,0,0,0, , , , , , , , , , , , , , , , , , , , , , , , , , , , , , , , , , , , , , , , , , , , , , , , , 
1744,리스사,12452,비엔케이캐피탈㈜,B,SK104,요약재무상태표(부채 및 자본)(08.03월 이후),A238,이익잉여금(결손금)_(당기순손익),,,,,,,,,,,-276000000,-1434000000,1185000000,2902000000,0,9850000000,-4685000000,9502000000,14771000000,20991000000,-6773000000,-12108000000,-20010000000,28548000000,8784000000,18022000000,28221000000,36311000000,11420000000,25519000000,40652000000,43599000000,15880000000,32380000000,50046000000,57858000000,17643000000,35154000000,56584000000,63453000000,18141000000,37391000000,51062000000,69030000000,15261000000,38145000000,56568000000,74400000000,17017000000,41605000000,58197000000,64328000000,30858000000,66429000000,103820000000,126015000000,54376000000,114660000000,166259000000,181141000000,31911000000,71330000000,105770000000,118659000000,39153000000,84216000000,115526000000,117628000000
1745,리스사,12452,비엔케이캐피탈㈜,B,SK104,요약재무상태표(부채 및 자본)(08.03월 이후),A24,자본조정,,,,,,,,,,,0,0,0,-146000000,-389000000,-389000000,0,-248000000,-248000000,-493000000,0,0,0,0,0,0,0, , , , ,0,0,0,0,0, , , , , , , , , , , , , , , , , , , , , , , , , , , , , , , , 
1746,리스사,12452,비엔케이캐피탈㈜,B,SK104,요약재무상태표(부채 및 자본)(08.03월 이후),A240,자본조정_주식할인발행차금,,,,,,,,,,,0,0,0,-146000000,-389000000,-389000000,0,-248000000,-248000000,-493000000,0, , , , , , , , , , , , , , , , , , , , , , , , , , , , , , , , , , , , , , , , , , , , , , , 
1747,리스사,12452,비엔케이캐피탈㈜,B,SK104,요약재무상태표(부채 및 자본)(08.03월 이후),A241,자본조정_배당건설이자,,,,,,,,,,,0,0,0,0,0,0,0,0,0, , , , , , , , , , , , , , , , , , , , , , , , , , , , , , , , , , , , , , , , , , , , , , , , , 
1748,리스사,12452,비엔케이캐피탈㈜,B,SK104,요약재무상태표(부채 및 자본)(08.03월 이후),A242,자본조정_자기주식,,,,,,,,,,,0,0,0,0,0,0,0,0,0, , , , , , , , , , , , , , , , , , , , , , , , , , , , , , , , , , , , , , , , , , , , , , , , , 
1749,리스사,12452,비엔케이캐피탈㈜,B,SK104,요약재무상태표(부채 및 자본)(08.03월 이후),A243,자본조정_주식매수선택권,,,,,,,,,,,0,0,0,0,0,0,0,0,0, , , , , , , , , , , , , , , , , , , , , , , , , , , , , , , , , , , , , , , , , , , , , , , , , 
1750,리스사,12452,비엔케이캐피탈㈜,B,SK104,요약재무상태표(부채 및 자본)(08.03월 이후),A244,자본조정_미교부주식배당금,,,,,,,,,,,0,0,0,0,0,0,0,0,0, , , , , , , , , , , , , , , , , , , , , , , , , , , , , , , , , , , , , , , , , , , , , , , , , 
1751,리스사,12452,비엔케이캐피탈㈜,B,SK104,요약재무상태표(부채 및 자본)(08.03월 이후),A245,자본조정_기타 자본조정,,,,,,,,,,,0,0,0,0,0,0,0,0,0, , , , , , , , , , , , , , , , , , , , , , , , , , , , , , , , , , , , , , , , , , , , , , , , , 
1752,리스사,12452,비엔케이캐피탈㈜,B,SK104,요약재무상태표(부채 및 자본)(08.03월 이후),A25,기타포괄손익누계액,,,,,,,,,,,0,0,0,0,0,0,0,0,0, ,-396000000,-424000000,-488000000,-547000000,-680000000,-922000000,-1037000000,-867000000,-1146000000,-1365000000,-1757000000,-1775000000,-1912000000,-2431000000,-2432000000,-2486000000,-2677000000,-3008000000,-2889000000,-2790000000,-2933000000,-3418000000,-3377000000,-3469000000,-3716000000,-4112000000,-4225000000,-3949000000,-4310000000,-5121000000,-5091000000,-5267000000,-5224000000,-5440000000,-5161000000,-4702000000,-4127000000,-3984000000,-3473000000,-2468000000,-3312000000,-3060000000,-2545000000,-3174000000,-4002000000,-4546000000,-5185000000,-4708000000
1753,리스사,12452,비엔케이캐피탈㈜,B,SK104,요약재무상태표(부채 및 자본)(08.03월 이후),A250,기타포괄손익누계액_매도가능금융자산평가이익,,,,,,,,,,,0,0,0,0,0,0,0,0,0, , , , , , , , , , , , , , , , , , , , , , , , , , , , , , , , , , , , , , , , , , , , , , , , , 
1754,리스사,12452,비엔케이캐피탈㈜,B,SK104,요약재무상태표(부채 및 자본)(08.03월 이후),A251,기타포괄손익누계액_매도가능금융자산평가손실,,,,,,,,,,,0,0,0,0,0,0,0,0,0, , , , , , , , , , , , , , , , , , , , , , , , , , , , , , , , , , , , , , , , , , , , , , , , , 
1755,리스사,12452,비엔케이캐피탈㈜,B,SK104,요약재무상태표(부채 및 자본)(08.03월 이후),A252,기타포괄손익누계액_해외사업환산이익,,,,,,,,,,,0,0,0,0,0,0,0,0,0, , , , , , , , , , , , , , , , , , , , , , , , , , , , , , , , , , , , , , , , , , , , , , , , , 
1756,리스사,12452,비엔케이캐피탈㈜,B,SK104,요약재무상태표(부채 및 자본)(08.03월 이후),A253,기타포괄손익누계액_해외사업환산손실,,,,,,,,,,,0,0,0,0,0,0,0,0,0, , , , , , , , , , , , , , , , , , , , , , , , , , , , , , , , , , , , , , , , , , , , , , , , , 
1757,리스사,12452,비엔케이캐피탈㈜,B,SK104,요약재무상태표(부채 및 자본)(08.03월 이후),A254,기타포괄손익누계액_현금흐름위험회피 파생상품평가이익,,,,,,,,,,,0,0,0,0,0,0,0,0,0, , , , , , , , , , , , , , , , , , , , , , , , , , , , , , , , , , , , , , , , , , , , , , , , , 
1758,리스사,12452,비엔케이캐피탈㈜,B,SK104,요약재무상태표(부채 및 자본)(08.03월 이후),A255,기타포괄손익누계액_현금흐름위험회피 파생상품평가손실,,,,,,,,,,,0,0,0,0,0,0,0,0,0, , , , , , , , , , , , , , , , , , , , , , , , , , , , , , , , , , , , , , , , , , , , , , , , , 
1759,리스사,12452,비엔케이캐피탈㈜,B,SK104,요약재무상태표(부채 및 자본)(08.03월 이후),A256,기타포괄손익누계액_지분법자본변동,,,,,,,,,,,0,0,0,0,0,0,0,0,0, , , , , , , , , , , , , , , , , ,-66000000,-66000000, , , , , , , , , , , , , , , , , , , , , , , , , , , , , , 
1760,리스사,12452,비엔케이캐피탈㈜,B,SK104,요약재무상태표(부채 및 자본)(08.03월 이후),A257,기타포괄손익누계액_부의 지분법자본변동,,,,,,,,,,,0,0,0,0,0,0,0,0,0, , , , , , , , , , , , , , , , , , , , , , , , , , , , , , , , , , , , , , , , , , , , , , , , , 
1761,리스사,12452,비엔케이캐피탈㈜,B,SK104,요약재무상태표(부채 및 자본)(08.03월 이후),A258,기타포괄손익누계액_유형자산 재평가이익,,,,,,,,,,,,,0,0,0,0,0,0,0, , , , , , , , , , , , , , , , , , , , , , , , , , , , , , , , , , , , , , , , , , , , , , , , , 
1762,리스사,12452,비엔케이캐피탈㈜,B,SK104,요약재무상태표(부채 및 자본)(08.03월 이후),A259,기타포괄손익누계액_기타,,,,,,,,,,,,,0,0,0,0,0,0,0, ,-396000000,-424000000,-488000000,-547000000,-680000000,-922000000,-1037000000,-867000000,-1146000000,-1365000000,-1757000000,-1775000000,-1912000000,-2431000000,-2432000000,-2486000000,-2611000000,-2942000000,-2889000000,-2790000000,-2933000000,-3418000000,-3377000000,-3469000000,-3716000000,-4112000000,-4225000000,-3949000000,-4310000000,-5121000000,-5091000000,-5267000000,-5224000000,-5440000000,-5161000000,-4702000000,-4127000000,-3984000000,-3473000000,-2468000000,-3312000000,-3060000000,-2545000000,-3174000000,-4002000000,-4545000000,-5185000000,-4707000000
1763,리스사,12621,폭스바겐파이낸셜서비스코리아㈜,B,SK104,요약재무상태표(부채 및 자본)(08.03월 이후),A,부채 및 자본총계,,,,,,,,,,,,,25784000000,24761000000,24068000000,44383000000,106699000000,232810000000,392510000000,580009000000,668260000000,816429000000,960519000000,1110160000000,1196587000000,1393298000000,1547879000000,1718530000000,1805677000000,1883779000000,2041761000000,2116474000000,2125015000000,2068130000000,1992506000000,1816101000000,1641962000000,1520990000000,1369585000000,1170043000000,1160370000000,1070322000000,1274503000000,1096411000000,1024741000000,973899000000,982481000000,1176246000000,1171016000000,1286175000000,1424442000000,1650042000000,1756433000000,1915639000000,1766021000000,1867912000000,1799643000000,1790383000000,1780063000000,1963117000000,1968130000000,1915294000000,1976659000000,2085987000000,1949649000000,1878976000000,1871013000000,1785060000000
1764,리스사,12621,폭스바겐파이낸셜서비스코리아㈜,B,SK104,요약재무상태표(부채 및 자본)(08.03월 이후),A1,부채,,,,,,,,,,,,,281000000,110000000,250000000,18152000000,81511000000,192753000000,353764000000,512805000000,600049000000,703369000000,844638000000,994749000000,1036451000000,1228876000000,1377987000000,1533513000000,1590412000000,1661040000000,1811513000000,1882508000000,1883421000000,1812057000000,1732660000000,1550159000000,1368318000000,1239362000000,1083249000000,867315000000,854895000000,767271000000,966064000000,782932000000,705438000000,653384000000,659621000000,849501000000,842279000000,953913000000,1089456000000,1307657000000,1409112000000,1561074000000,1404360000000,1524821000000,1447051000000,1433145000000,1416667000000,1598188000000,1589555000000,1530789000000,1588311000000,1695154000000,1550291000000,1473525000000,1429722000000,1346954000000
1765,리스사,12621,폭스바겐파이낸셜서비스코리아㈜,B,SK104,요약재무상태표(부채 및 자본)(08.03월 이후),A11,차입부채,,,,,,,,,,,,,0,0,0,10000000000,60000000000,148000000000,274109000000,410654000000,475544000000,550226000000,668617000000,782774000000,798485000000,954485000000,1070450000000,1193031000000,1230075000000,1289739000000,1421322000000,1480655000000,1490536000000,1430020000000,1362398000000,1207509000000,1057617000000,962727000000,837471000000,657524000000,667240000000,595075000000,804498000000,650198000000,583366000000,543366000000,552386000000,742386000000,737386000000,832386000000,951385000000,1154386000000,1239768000000,1384431000000,1214697000000,1326727000000,1226756000000,1207406000000,1182314000000,1346972000000,1331874000000,1276617000000,1335704000000,1418725000000,1288779000000,1215472000000,1165527000000,1085582000000
1766,리스사,12621,폭스바겐파이낸셜서비스코리아㈜,B,SK104,요약재무상태표(부채 및 자본)(08.03월 이후),A110,차입부채_차입금,,,,,,,,,,,,,0,0, ,10000000000,60000000000,148000000000,274109000000,410654000000,475544000000,550226000000,668617000000,782774000000,798485000000,954485000000,970825000000,943825000000,980797000000,890797000000,1022269000000,1081491000000,1091263000000,1030637000000,962905000000,807905000000,657905000000,562905000000,537565000000,507565000000,517245000000,595075000000,804498000000,650198000000,583366000000,543366000000,552386000000,742386000000,737386000000,832386000000,951385000000,1154386000000,1239768000000,1254768000000,1085003000000,1197003000000,1097003000000,1077623000000,1052500000000,1217128000000,1202000000000,1047000000000,1106033000000,1189000000000,1059000000000,980000000000,930000000000,850000000000
1767,리스사,12621,폭스바겐파이낸셜서비스코리아㈜,B,SK104,요약재무상태표(부채 및 자본)(08.03월 이후),A111,차입부채_차입금_단기차입금,,,,,,,,,,,,,0,0, , ,15000000000,27000000000,75000000000,114000000000,95000000000,81932000000,103348000000,115000000000,50000000000,179000000000,95000000000,55000000000,140000000000,70000000000,140003000000,116400000000,91671000000,75000000000,75000000000,40000000000,10000000000,0,10000000000,10000000000,75000000000,175000000000,270000000000,145000000000,135000000000,100000000000,50000000000,170000000000,195000000000,245000000000,265000000000,265000000000,225000000000,250000000000,100000000000,20000000000,4000000000,69000000000,80000000000,120128000000,85000000000,40000000000,80033000000,194000000000,114000000000,55000000000,25000000000,65000000000
1768,리스사,12621,폭스바겐파이낸셜서비스코리아㈜,B,SK104,요약재무상태표(부채 및 자본)(08.03월 이후),A112,차입부채_차입금_콜머니,,,,,,,,,,,,,0,0, , , , , , ,0,0,0, , , , , , , , , , , , , , , , , , , , , , , , , , , , , , , , , , , , , , , , , , , , , 
1769,리스사,12621,폭스바겐파이낸셜서비스코리아㈜,B,SK104,요약재무상태표(부채 및 자본)(08.03월 이후),A113,차입부채_차입금_장기차입금,,,,,,,,,,,,,0,0, ,10000000000,45000000000,121000000000,199109000000,296654000000,380544000000,468294000000,565269000000,667774000000,748485000000,775485000000,875825000000,888825000000,840797000000,820797000000,882266000000,965091000000,999592000000,955637000000,887905000000,767905000000,647905000000,562905000000,527565000000,497565000000,442245000000,420075000000,310503000000,366003000000,365386000000,365386000000,387386000000,410386000000,355768000000,340768000000,445002000000,601003000000,651003000000,536623000000,455500000000,586000000000,482000000000,442000000000,381000000000,490000000000,580000000000,570000000000,592000000000,532000000000,365000000000,265000000000,293000000000,293000000000
1770,리스사,12621,폭스바겐파이낸셜서비스코리아㈜,B,SK104,요약재무상태표(부채 및 자본)(08.03월 이후),A114,차입부채_차입금_유동성 장기차입금,,,,,,,,,,,,,0,0, , , , , , ,0,0,0, ,0, , , , , , , , , , , , , , , , , ,223995000000,139195000000,82980000000,77980000000,115000000000,162000000000,186618000000,246618000000,241383000000,288383000000,363765000000,468145000000,529503000000,591003000000,611003000000,566623000000,591500000000,607000000000,537000000000,437000000000,434000000000,463000000000,580000000000,660000000000,612000000000,492000000000
1771,리스사,12621,폭스바겐파이낸셜서비스코리아㈜,B,SK104,요약재무상태표(부채 및 자본)(08.03월 이후),A115,차입부채_사 채,,,,,,,,,,,,,0,0, ,0,0,0, , ,0,0,0, ,0, ,99625000000,249206000000,249278000000,398942000000,399053000000,399164000000,399273000000,399383000000,399493000000,399604000000,399712000000,399822000000,299906000000,149959000000,149995000000,0,0,0,0,0,0,0,0,0,0,0,0,129663000000,129694000000,129724000000,129753000000,129783000000,129814000000,129844000000,129874000000,229617000000,229671000000,229725000000,229779000000,235472000000,235527000000,235582000000
1772,리스사,12621,폭스바겐파이낸셜서비스코리아㈜,B,SK104,요약재무상태표(부채 및 자본)(08.03월 이후),A1150,차입부채_사 채_단기사채,,,,,,,,,,,,,0,0,0,0,0,0, , ,0,0,0, ,0, , , , , , , , , , , , , , , , , , , , , , , , , , ,0, , , , , , , , , , , , , , , , 
1773,리스사,12621,폭스바겐파이낸셜서비스코리아㈜,B,SK104,요약재무상태표(부채 및 자본)(08.03월 이후),A11500,차입부채_사 채_단기사채_(사채발행차금),,,,,,,,,,,,,0,0, ,0,0,0, , ,0,0,0, ,0, , , , , , , , , , , , , , , , , , , , , , , , , , ,0, , , , , , , , , , , , , , , , 
1774,리스사,12621,폭스바겐파이낸셜서비스코리아㈜,B,SK104,요약재무상태표(부채 및 자본)(08.03월 이후),A1151,차입부채_사 채_유동성사채,,,,,,,,,,,,,0,0,0,0,0,0, , ,0,0,0, ,0, , , , , , , , , , , , , , , , , , , , , , , , , , ,0, , , , , , , , , , , , , , , , 
1775,리스사,12621,폭스바겐파이낸셜서비스코리아㈜,B,SK104,요약재무상태표(부채 및 자본)(08.03월 이후),A11510,차입부채_사 채_유동성사채_(유동성사채발행차금),,,,,,,,,,,,,0,0, ,0,0,0, , ,0,0,0, ,0, , , , , , , , , , , , , , , , , , , , , , , , , , ,0, , , , , , , , , , , , , , , , 
1776,리스사,12621,폭스바겐파이낸셜서비스코리아㈜,B,SK104,요약재무상태표(부채 및 자본)(08.03월 이후),A1152,차입부채_사 채_장기사채,,,,,,,,,,,,,0,0, ,0,0,0, , ,0,0,0, ,0, ,100000000000,250000000000,250000000000,400000000000,400000000000,400000000000,400000000000,400000000000,400000000000,400000000000,400000000000,400000000000,300000000000,150000000000,150000000000,0,0,0,0,0,0,0,0,0,0,0,0,130000000000,130000000000,130000000000,130000000000,130000000000,130000000000,130000000000,130000000000,230000000000,230000000000,230000000000,230000000000,236000000000,236000000000,236000000000
1777,리스사,12621,폭스바겐파이낸셜서비스코리아㈜,B,SK104,요약재무상태표(부채 및 자본)(08.03월 이후),A11520,차입부채_사 채_장기사채_(사채발행차금),,,,,,,,,,,,,0,0, ,0,0,0, , ,0,0,0, ,0, ,-375000000,-794000000,-722000000,-1058000000,-947000000,-836000000,-727000000,-617000000,-507000000,-396000000,-288000000,-178000000,-94000000,-41000000,-5000000,0,0,0,0,0,0,0,0,0,0,0,0,-337000000,-306000000,-276000000,-247000000,-217000000,-186000000,-156000000,-126000000,-383000000,-329000000,-275000000,-221000000,-528000000,-473000000,-418000000
1778,리스사,12621,폭스바겐파이낸셜서비스코리아㈜,B,SK104,요약재무상태표(부채 및 자본)(08.03월 이후),A1153,차입부채_사 채_기타,,,,,,,,,,,,,0,0,0,0,0,0, , ,0,0,0, ,0, ,0,0,0,0,0,0,0,0,0,0,0,0,0,0,0,0,0,0,0,0,0,0,0,0,0,0,0,0,0,0,0,0,0,0,0,0,0,0,0,0,0,0
1779,리스사,12621,폭스바겐파이낸셜서비스코리아㈜,B,SK104,요약재무상태표(부채 및 자본)(08.03월 이후),A12,기타부채,,,,,,,,,,,,,281000000,110000000,250000000,8152000000,21511000000,44753000000,79655000000,102151000000,124505000000,153143000000,176021000000,211975000000,237966000000,274391000000,307537000000,340482000000,360337000000,371301000000,390191000000,401853000000,392885000000,382037000000,370262000000,342650000000,310701000000,276635000000,245778000000,209791000000,187655000000,172196000000,161566000000,132734000000,122072000000,110018000000,107235000000,107115000000,104893000000,121527000000,138071000000,153271000000,169344000000,176643000000,189663000000,198094000000,220295000000,225739000000,234353000000,251216000000,257681000000,254172000000,252607000000,276429000000,261512000000,258053000000,264195000000,261372000000
1780,리스사,12621,폭스바겐파이낸셜서비스코리아㈜,B,SK104,요약재무상태표(부채 및 자본)(08.03월 이후),A120,기타부채_영업미지급금,,,,,,,,,,,,,0,0,4000000,155000000,450000000,743000000,2391000000,1931000000,2669000000,2506000000,2712000000,3539000000,4783000000,6354000000,4835000000,6579000000,7674000000,7171000000,7639000000,8550000000,9109000000,6635000000,7779000000,3509000000,4117000000,3400000000,3697000000,3348000000,3880000000,5312000000,8101000000,5994000000,5596000000,5055000000,7480000000,9349000000,8730000000,10826000000,13658000000,13958000000,17203000000,15142000000,15365000000,15789000000,15166000000,14826000000,15594000000,15995000000,15750000000,13781000000,13669000000,13820000000,12209000000,11767000000,12354000000,12617000000
1781,리스사,12621,폭스바겐파이낸셜서비스코리아㈜,B,SK104,요약재무상태표(부채 및 자본)(08.03월 이후),A121,기타부채_장기미지급금,,,,,,,,,,,,,0,0, , , , , , ,0,0,0, ,0, , , , , , , , , , , , , , , , , , , , , , , , , , ,0, , , , , , , , , , , , , , , , 
1782,리스사,12621,폭스바겐파이낸셜서비스코리아㈜,B,SK104,요약재무상태표(부채 및 자본)(08.03월 이후),A122,기타부채_기타의 부채,,,,,,,,,,,,,281000000,110000000,131000000,1052000000,1396000000,2203000000,11085000000,8566000000,7133000000,10684000000,11056000000,15339000000,14447000000,19584000000,21788000000,27940000000,43482000000,44865000000,42782000000,41620000000,38291000000,40347000000,44371000000,55779000000,45850000000,38861000000,35057000000,25197000000,23050000000,20812000000,31244000000,24063000000,22524000000,22166000000,23562000000,25114000000,24439000000,30746000000,35799000000,41580000000,43723000000,46189000000,51338000000,54956000000,60466000000,60666000000,64758000000,76589000000,73368000000,71514000000,72058000000,88907000000,79530000000,76229000000,81583000000,80481000000
1783,리스사,12621,폭스바겐파이낸셜서비스코리아㈜,B,SK104,요약재무상태표(부채 및 자본)(08.03월 이후),A1220,기타부채_기타의 부채_가수금,,,,,,,,,,,,,0, , , ,0, ,1000000,0,0,24000000,2000000,6000000,9000000,44000000,236000000,0,0,0,0,0,0,0,0,0,0,0,0,0,0,0,0,0,0,0,0,0,0,0,0,0,0,0,0,0,0,0,0,0,0,0,0,0,0,0,0,0
1784,리스사,12621,폭스바겐파이낸셜서비스코리아㈜,B,SK104,요약재무상태표(부채 및 자본)(08.03월 이후),A1221,기타부채_기타의 부채_예수금,,,,,,,,,,,,,17000000,19000000,17000000,54000000,57000000,85000000,118000000,158000000,265000000,101000000,478000000,147000000,698000000,162000000,857000000,194000000,1066000000,186000000,918000000,237000000,921000000,113000000,974000000,58000000,1003000000,70000000,934000000,46000000,834000000,144000000,630000000,124000000,543000000,91000000,705000000,155000000,677000000,202000000,740000000,226000000,659000000,146000000,588000000,1231000000,511000000,182000000,221000000,263000000,147000000,127000000,114000000,142000000,96000000,114000000,109000000,111000000
1785,리스사,12621,폭스바겐파이낸셜서비스코리아㈜,B,SK104,요약재무상태표(부채 및 자본)(08.03월 이후),A1222,기타부채_기타의 부채_선수금,,,,,,,,,,,,,0, , ,13000000,4000000,1000000,54000000,187000000,168000000,361000000,680000000,798000000,1282000000,1393000000,1570000000,1966000000,3320000000,3648000000,3879000000,4528000000,5006000000,5431000000,10541000000,4816000000,3567000000,2508000000,2422000000,1937000000,1605000000,1568000000,8027000000,1707000000,1674000000,1435000000,2879000000,1791000000,1356000000,1625000000,1734000000,2511000000,2614000000,2891000000,4004000000,2752000000,3273000000,2911000000,3707000000,4099000000,4652000000,4253000000,5086000000,4388000000,4641000000,4778000000,5156000000,5661000000
1786,리스사,12621,폭스바겐파이낸셜서비스코리아㈜,B,SK104,요약재무상태표(부채 및 자본)(08.03월 이후),A1223,기타부채_기타의 부채_선수수익,,,,,,,,,,,,,0, , ,74000000,377000000,653000000,1403000000,2071000000,2530000000,3127000000,3744000000,4599000000,4953000000,5720000000,6461000000,7166000000,24334000000,22892000000,23381000000,23342000000,20810000000,17778000000,14314000000,21596000000,18569000000,15856000000,12788000000,10361000000,9099000000,8730000000,9819000000,10630000000,10974000000,9643000000,10605000000,12669000000,13682000000,17816000000,23260000000,27778000000,31061000000,32021000000,33288000000,35182000000,40707000000,41409000000,41811000000,42649000000,42641000000,41414000000,39937000000,42016000000,38619000000,37711000000,36665000000,36527000000
1787,리스사,12621,폭스바겐파이낸셜서비스코리아㈜,B,SK104,요약재무상태표(부채 및 자본)(08.03월 이후),A1224,기타부채_기타의 부채_미지급금,,,,,,,,,,,,,264000000,91000000,114000000,797000000,640000000,596000000,8159000000,3539000000,2028000000,2969000000,3762000000,1762000000,2170000000,2770000000,3338000000,4912000000,5255000000,6220000000,6166000000,2593000000,2754000000,2444000000,4094000000,6157000000,6848000000,6378000000,6859000000,5086000000,5752000000,6035000000,6850000000,6272000000,5566000000,5378000000,6005000000,5966000000,5828000000,5922000000,6507000000,6070000000,5914000000,5295000000,6885000000,6615000000,7186000000,7787000000,9059000000,14826000000,8831000000,9366000000,10266000000,24614000000,14816000000,14610000000,16325000000,20177000000
1788,리스사,12621,폭스바겐파이낸셜서비스코리아㈜,B,SK104,요약재무상태표(부채 및 자본)(08.03월 이후),A1225,기타부채_기타의 부채_미지급비용,,,,,,,,,,,,,0,0, ,114000000,318000000,868000000,1350000000,2611000000,2142000000,4102000000,2390000000,5288000000,2601000000,5859000000,3412000000,7337000000,3382000000,7146000000,4132000000,6885000000,3727000000,6797000000,3722000000,6743000000,3324000000,6220000000,2267000000,4131000000,1423000000,3235000000,3080000000,3651000000,1402000000,3479000000,1118000000,3371000000,1432000000,3866000000,2458000000,4621000000,3113000000,4935000000,3721000000,4645000000,3513000000,4304000000,5345000000,7554000000,9901000000,11212000000,11049000000,13094000000,13834000000,15523000000,10825000000,5893000000
1789,리스사,12621,폭스바겐파이낸셜서비스코리아㈜,B,SK104,요약재무상태표(부채 및 자본)(08.03월 이후),A1226,기타부채_기타의 부채_미지급법인세,,,,,,,,,,,,,0,0, ,0,0,0, , ,0,0,0,2739000000,2734000000,3636000000,5914000000,6365000000,6125000000,4773000000,3306000000,3035000000,4073000000,6784000000,9726000000,15409000000,11539000000,6829000000,8687000000,2536000000,3237000000,0,1702000000,571000000,1265000000,1040000000,1150000000,62000000,364000000,0,0,0,0,577000000,2260000000,4218000000,4963000000,4073000000,4615000000,7198000000,7196000000,5142000000,5606000000,4653000000,7524000000,3493000000,12503000000,12112000000
1790,리스사,12621,폭스바겐파이낸셜서비스코리아㈜,B,SK104,요약재무상태표(부채 및 자본)(08.03월 이후),A1227,기타부채_기타의 부채_선불카드수탁금,,,,,,,,,,,,,0,0, ,0,0,0, , ,0,0,0, ,0, , , , , , , , , , , , , , , , , , , , , , , , , , , , , , , , ,0,0,0,0,0,0,0,0,0,0,0
1791,리스사,12621,폭스바겐파이낸셜서비스코리아㈜,B,SK104,요약재무상태표(부채 및 자본)(08.03월 이후),A1228,기타부채_기타의 부채_부가세예수금,,,,,,,,,,,,,0,0, ,0,0,0, , ,0,0,0, ,0, , , , , , , , , , , , , , , , , ,36000000,8000000,0,0,0,0,0,215000000,0,0,0,0,0,0,0,0,0,0,0,0,0,0,0,0,0,0
1792,리스사,12621,폭스바겐파이낸셜서비스코리아㈜,B,SK104,요약재무상태표(부채 및 자본)(08.03월 이후),A1229,기타부채_기타의 부채_선물환거래대,,,,,,,,,,,,,0,0, ,0,0,0, , ,0,0,0, ,0, , , , , , , , , , , , , , , , , , , , , , , , , , , , , , , , , , , , , , , , , , , 
1793,리스사,12621,폭스바겐파이낸셜서비스코리아㈜,B,SK104,요약재무상태표(부채 및 자본)(08.03월 이후),A122A,기타부채_기타의 부채_파생상품부채,,,,,,,,,,,,,0,0, ,0,0,0, , ,0,0,0, ,0, , , , , , , , , , , , , , , , , , , , , , , , , , , , , , , , , , , , , , , , , , , 
1794,리스사,12621,폭스바겐파이낸셜서비스코리아㈜,B,SK104,요약재무상태표(부채 및 자본)(08.03월 이후),A122B,기타부채_기타의 부채_옵션수입프리미엄,,,,,,,,,,,,,0,0,0,0,0,0, , ,0,0,0, ,0, , , , , , , , , , , , , , , , , , , , , , , , , , , , , , , , , , , , , , , , , , , 
1795,리스사,12621,폭스바겐파이낸셜서비스코리아㈜,B,SK104,요약재무상태표(부채 및 자본)(08.03월 이후),A122C,기타부채_기타의 부채_이연리스수익,,,,,,,,,,,,,0,0,0,0,0,0, , ,0,0,0, ,0, , , , , , , , , , , , , , , , , , , , , , , , , , , , , , , , , , , , , , , , , , , 
1796,리스사,12621,폭스바겐파이낸셜서비스코리아㈜,B,SK104,요약재무상태표(부채 및 자본)(08.03월 이후),A122D,기타부채_기타의 부채_기타의 유동부채,,,,,,,,,,,,,0,0,0,0,0,0, , ,0,0,0, ,0, , , , , ,1000000000,1000000000,1000000000,1000000000,1000000000,1000000000,1000000000,1000000000,1100000000,1100000000,1100000000,1100000000,1100000000,1100000000,1100000000,1100000000,1100000000,1100000000,1100000000,1100000000,1100000000,374000000,362000000,324000000,592000000,313000000,313000000,0,0,0,0,0,0,0,0,0,0,0
1797,리스사,12621,폭스바겐파이낸셜서비스코리아㈜,B,SK104,요약재무상태표(부채 및 자본)(08.03월 이후),A122E,기타부채_유동성 장기부채,,,,,,,,,,,,,0,0, ,0,0,0, , ,0,0,0, ,0, , , , , , , , , , , , , , , , , , , , , , , , , , , , , , , , , , , , , , , , , , , 
1798,리스사,12621,폭스바겐파이낸셜서비스코리아㈜,B,SK104,요약재무상태표(부채 및 자본)(08.03월 이후),A123,기타부채_리스보증금,,,,,,,,,,,,,0,0,86000000,6870000000,19541000000,41660000000,66113000000,91550000000,114571000000,139953000000,162253000000,193097000000,218736000000,248453000000,280914000000,305963000000,309181000000,319265000000,339770000000,351683000000,345485000000,335048000000,318112000000,283362000000,260734000000,234374000000,206824000000,181246000000,160725000000,146072000000,122221000000,102677000000,91522000000,80598000000,74226000000,70915000000,69139000000,75025000000,82406000000,91853000000,100574000000,106430000000,113931000000,120369000000,137422000000,143088000000,147910000000,155027000000,161478000000,161813000000,161615000000,168837000000,165574000000,165008000000,165402000000,164945000000
1799,리스사,12621,폭스바겐파이낸셜서비스코리아㈜,B,SK104,요약재무상태표(부채 및 자본)(08.03월 이후),A124,기타부채_보 증 금,,,,,,,,,,,,,0,0, , , , , , ,0,0,0, ,0, , , , , , , , ,7000000,0,0,0,0,200000000,0,0,0,0,0,0,0,0,0,0,0,0,0,0,0,0,0,0,0,0,0,0,0,0,0,0,0,0,0
1800,리스사,12621,폭스바겐파이낸셜서비스코리아㈜,B,SK104,요약재무상태표(부채 및 자본)(08.03월 이후),A1240,기타부채_보 증 금_상환이행보증금,,,,,,,,,,,,,0,0, , , , , , ,0,0,0, ,0, , , , , , , , , , , , , , , , , , , , , , , , , , , , , , , , , , , , , , , , , , , 
1801,리스사,12621,폭스바겐파이낸셜서비스코리아㈜,B,SK104,요약재무상태표(부채 및 자본)(08.03월 이후),A1241,기타부채_보 증 금_임대보증금,,,,,,,,,,,,,0,0, , , , , , ,0,0,0, ,0, , , , , , , , ,7000000,0,0,0,0,0,0,0,0, , , , , , , , , , , , , , , , , , , , , , , , , , 
1802,리스사,12621,폭스바겐파이낸셜서비스코리아㈜,B,SK104,요약재무상태표(부채 및 자본)(08.03월 이후),A1242,기타부채_보 증 금_기타보증금,,,,,,,,,,,,,0,0, , , , , , ,0,0,0, ,0, , , , , , , , , , , , , ,200000000,0,0,0, , , , , , , , , , , , , , , , , , , , , , , , , , 
1803,리스사,12621,폭스바겐파이낸셜서비스코리아㈜,B,SK104,요약재무상태표(부채 및 자본)(08.03월 이후),A125,기타부채_퇴직급여채무,,,,,,,,,,,,,0,0,29000000,75000000,124000000,147000000,66000000,104000000,132000000,0,0,0,0,0,0,0,0,0,0,0,0,0,0,0,0,0,0,0,0,0, , , , , , , , , , , , , , , , , , , , , , , , , , 
1804,리스사,12621,폭스바겐파이낸셜서비스코리아㈜,B,SK104,요약재무상태표(부채 및 자본)(08.03월 이후),A1250,기타부채_퇴직급여채무_(미인식보험수리적손익) (+-),,,,,,,,,,,,,0,0, ,0,0,0, , ,0,0,0, ,0, , , , , , , , , , , , , , , , , , , , , , , , , , , , , , , , , , , , , , , , , , , 
1805,리스사,12621,폭스바겐파이낸셜서비스코리아㈜,B,SK104,요약재무상태표(부채 및 자본)(08.03월 이후),A1251,기타부채_퇴직급여채무_(미인식과거근무원가) (-),,,,,,,,,,,,,0,0, ,0,0,0, , ,0,0,0, ,0, , , , , , , , , , , , , , , , , , , , , , , , , , , , , , , , , , , , , , , , , , , 
1806,리스사,12621,폭스바겐파이낸셜서비스코리아㈜,B,SK104,요약재무상태표(부채 및 자본)(08.03월 이후),A1252,기타부채_퇴직급여채무_(퇴직급여사외적립자산) (-),,,,,,,,,,,,,0,0, ,0,0,0, , ,0,0,0, ,0, , , , , , , , , , , , , , , , , , , , , , , , , , , , , , , , , , , , , , , , , , , 
1807,리스사,12621,폭스바겐파이낸셜서비스코리아㈜,B,SK104,요약재무상태표(부채 및 자본)(08.03월 이후),A126,기타부채_지급보증충당금,,,,,,,,,,,,,0,0, ,0,0,0, , ,0,0,0, ,0, , , , , , , , , , , , , , , , , , , , , , , , , , , , , , , , , , , , , , , , , , , 
1808,리스사,12621,폭스바겐파이낸셜서비스코리아㈜,B,SK104,요약재무상태표(부채 및 자본)(08.03월 이후),A127,기타부채_포인트충당부채,,,,,,,,,,,,,0,0, ,0,0,0, , ,0,0,0, ,0, , , , , , , , , , , , , , , , , , , , , , , , , , , , , , , , , , , , , , , , , , , 
1809,리스사,12621,폭스바겐파이낸셜서비스코리아㈜,B,SK104,요약재무상태표(부채 및 자본)(08.03월 이후),A128,기타부채_미지급배당금,,,,,,,,,,,,,0,0, ,0,0,0, , ,0,0,0, ,0, , , , , , , , , , , , , , , , , , , , , , , , , , , , , , ,0,0,0,0,0,0,0,0,0,0,0,0,0
1810,리스사,12621,폭스바겐파이낸셜서비스코리아㈜,B,SK104,요약재무상태표(부채 및 자본)(08.03월 이후),A129,기타부채_이연법인세부채,,,,,,,,,,,,,0,0, ,0,0,0, , ,0,0,0, ,0, , , , , , , , , , , , , , , , , , , , , , , , ,2392000000,3872000000,3748000000,5917000000,7049000000,7414000000,5584000000,6064000000,6086000000,5239000000,2975000000,2079000000,2357000000,1049000000,765000000,310000000,1373000000,1396000000,0
1811,리스사,12621,폭스바겐파이낸셜서비스코리아㈜,B,SK104,요약재무상태표(부채 및 자본)(08.03월 이후),A12A,기타부채_외화환산대,,,,,,,,,,,,,0,0, ,0,0,0, , ,0,0,0, ,0, , , , , , , , , , , , , , , , , , , , , , , , , , , , , , , , , , , , , , , , , , , 
1812,리스사,12621,폭스바겐파이낸셜서비스코리아㈜,B,SK104,요약재무상태표(부채 및 자본)(08.03월 이후),A12B,기타부채_미사용약정충당금,,,,,,,,,,,,,0,0, ,0,0,0, , ,0,0,0, ,0, , , , , , , , , , , , , , , , , , , , , , , , , , , , , , , , , , , , , , , , , , , 
1813,리스사,12621,폭스바겐파이낸셜서비스코리아㈜,B,SK104,요약재무상태표(부채 및 자본)(08.03월 이후),A12C,기타부채_이자율위험포트폴리오위험회피 대상의 공정가액변동부채,,,,,,,,,,,,,0,0, ,0,0,0, , ,0,0,0, ,0, , , , , , , , , , , , , , , , , , , , , , , , , , , , , , , , , , , , , , , , , , , 
1814,리스사,12621,폭스바겐파이낸셜서비스코리아㈜,B,SK104,요약재무상태표(부채 및 자본)(08.03월 이후),A12D,기타부채_기타의 기타부채,,,,,,,,,,,,,0,0, ,0,0,0, , ,0,0,0, ,0, , , , , , , , , , , , , , , , , , , ,2430000000,2199000000,1967000000,1737000000,2585000000,2538000000,2336000000,2132000000,1927000000,1833000000,1615000000,1396000000,1177000000,1073000000,852000000,630000000,5006000000,4707000000,4216000000,4100000000,3889000000,3676000000,3460000000,3329000000
1815,리스사,12621,폭스바겐파이낸셜서비스코리아㈜,B,SK104,요약재무상태표(부채 및 자본)(08.03월 이후),A13,요구불상환지분,,,,,,,,,,,,,0,0, ,0,0,0, , ,0,0,0, ,0, , , , , , , , , , , , , , , , ,0, , , , , , , , , ,0, , , , , , , , , , , , , , , , 
1816,리스사,12621,폭스바겐파이낸셜서비스코리아㈜,B,SK104,요약재무상태표(부채 및 자본)(08.03월 이후),A130,요구불상환지분_상환우선주,,,,,,,,,,,,,0,0, ,0,0,0, , ,0,0,0, ,0, , , , , , , , , , , , , , , , ,0, , , , , , , , , ,0, , , , , , , , , , , , , , , , 
1817,리스사,12621,폭스바겐파이낸셜서비스코리아㈜,B,SK104,요약재무상태표(부채 및 자본)(08.03월 이후),A131,요구불상환지분_기타,,,,,,,,,,,,,0,0, ,0,0,0, , ,0,0,0, ,0, , , , , , , , , , , , , , , , ,0, , , , , , , , , ,0, , , , , , , , , , , , , , , , 
1818,리스사,12621,폭스바겐파이낸셜서비스코리아㈜,B,SK104,요약재무상태표(부채 및 자본)(08.03월 이후),A2,자본,,,,,,,,,,,,,25503000000,24651000000,23818000000,26231000000,25188000000,40057000000,38746000000,67204000000,68211000000,113060000000,115881000000,115411000000,160136000000,164422000000,169892000000,185017000000,215265000000,222739000000,230248000000,233966000000,241594000000,256073000000,259846000000,265942000000,273644000000,281628000000,286336000000,302728000000,305475000000,303051000000,308439000000,313479000000,319303000000,320515000000,322860000000,326745000000,328737000000,332262000000,334986000000,342385000000,347321000000,354565000000,361661000000,343091000000,352592000000,357238000000,363396000000,364929000000,378575000000,384505000000,388348000000,390833000000,399358000000,405451000000,441291000000,438106000000
1819,리스사,12621,폭스바겐파이낸셜서비스코리아㈜,B,SK104,요약재무상태표(부채 및 자본)(08.03월 이후),A21,자본금,,,,,,,,,,,,,20000000000,20000000000,20000000000,20001000000,20001000000,20002000000,20002000000,20005000000,20005000000,20009000000,20009000000,20009000000,20013000000,20013000000,20013000000,20017000000,20019000000,20019000000,20019000000,20019000000,20019000000,20019000000,20019000000,20019000000,20019000000,20019000000,20019000000,20019000000,20019000000,20019000000,20019000000,20019000000,20019000000,20019000000,20019000000,20019000000,20019000000,20019000000,20019000000,20019000000,20019000000,20019000000,20019000000,20019000000,20019000000,20019000000,20019000000,20019000000,20019000000,20019000000,20019000000,20019000000,20019000000,20019000000,20019000000,20019000000
1820,리스사,12621,폭스바겐파이낸셜서비스코리아㈜,B,SK104,요약재무상태표(부채 및 자본)(08.03월 이후),A210,자본금_보통주자본금,,,,,,,,,,,,,20000000000,20000000000,20000000000,20001000000,20001000000,20002000000,20002000000,20005000000,20005000000,20009000000,20009000000,20009000000,20013000000,20013000000,20013000000,20017000000,20019000000,20019000000,20019000000,20019000000,20019000000,20019000000,20019000000,20019000000,20019000000,20019000000,20019000000,20019000000,20019000000,20019000000,20019000000,20019000000,20019000000,20019000000,20019000000,20019000000,20019000000,20019000000,20019000000,20019000000,20019000000,20019000000,20019000000,20019000000,20019000000,20019000000,20019000000,20019000000,20019000000,20019000000,20019000000,20019000000,20019000000,20019000000,20019000000,20019000000
1821,리스사,12621,폭스바겐파이낸셜서비스코리아㈜,B,SK104,요약재무상태표(부채 및 자본)(08.03월 이후),A211,자본금_우선주자본금,,,,,,,,,,,,,0,0, , , , , , ,0,0,0, ,0, , , , , , , , , , , , , , , , , , , , , , , , , , , , , , , , , , , , , , , , , , , 
1822,리스사,12621,폭스바겐파이낸셜서비스코리아㈜,B,SK104,요약재무상태표(부채 및 자본)(08.03월 이후),A212,자본금_신주청약증거금,,,,,,,,,,,,,0,0, , , , , , ,0,0,0, ,0, , , , , , , , , , , , , , , , , , , , , , , , , , , , , , , , , , , , , , , , , , , 
1823,리스사,12621,폭스바겐파이낸셜서비스코리아㈜,B,SK104,요약재무상태표(부채 및 자본)(08.03월 이후),A22,자본잉여금,,,,,,,,,,,,,6762000000,6762000000,6762000000,12757000000,12757000000,28756000000,28756000000,58744000000,58744000000,98736000000,98736000000,98736000000,138727000000,138727000000,138727000000,152723000000,174721000000,174721000000,174721000000,174721000000,174721000000,174721000000,174721000000,174721000000,174721000000,174721000000,174721000000,174721000000,174721000000,174721000000,174721000000,174721000000,174721000000,174721000000,174721000000,174721000000,174721000000,174721000000,174721000000,174721000000,174721000000,174721000000,174721000000,174721000000,174721000000,174721000000,174721000000,174721000000,174721000000,174721000000,174721000000,174721000000,174721000000,174721000000,174721000000,174721000000
1824,리스사,12621,폭스바겐파이낸셜서비스코리아㈜,B,SK104,요약재무상태표(부채 및 자본)(08.03월 이후),A220,자본잉여금_주식발행초과금,,,,,,,,,,,,,6762000000,6762000000,6762000000,12757000000,12757000000,28756000000,28756000000,58744000000,58744000000,98736000000,98736000000,98736000000,138727000000,138727000000,138727000000,152723000000,174721000000,174721000000,174721000000,174721000000,174721000000,174721000000,174721000000,174721000000,174721000000,174721000000,174721000000,174721000000,174721000000,174721000000,174721000000,174721000000,174721000000,174721000000,174721000000,174721000000,174721000000,174721000000,174721000000,174721000000,174721000000,174721000000,174721000000,174721000000,174721000000,174721000000,174721000000,174721000000,174721000000,174721000000,174721000000,174721000000,174721000000,174721000000,174721000000,174721000000
1825,리스사,12621,폭스바겐파이낸셜서비스코리아㈜,B,SK104,요약재무상태표(부채 및 자본)(08.03월 이후),A221,자본잉여금_감자차익,,,,,,,,,,,,,0,0, , , ,0, , ,0,0,0, ,0, , , , , , , , , , , , , , , , , , , , , , , , , , , , , , , , , , , , , , , , , , , 
1826,리스사,12621,폭스바겐파이낸셜서비스코리아㈜,B,SK104,요약재무상태표(부채 및 자본)(08.03월 이후),A222,자본잉여금_기타자본잉여금,,,,,,,,,,,,,0,0,0, , ,0, , ,0,0,0, ,0, , , , , , , , , , , , , , , , , , , , , , , , , , , , , , , , , , , , , , , , , , , 
1827,리스사,12621,폭스바겐파이낸셜서비스코리아㈜,B,SK104,요약재무상태표(부채 및 자본)(08.03월 이후),A23,이익잉여금(결손금),,,,,,,,,,,,,-1259000000,-2111000000,-2944000000,-6527000000,-7570000000,-8701000000,-10012000000,-11545000000,-10538000000,-5685000000,-2864000000,-3334000000,1396000000,5682000000,11152000000,12277000000,20525000000,27999000000,35508000000,39226000000,46854000000,61333000000,65106000000,71202000000,78904000000,86888000000,91596000000,107988000000,110735000000,108311000000,113699000000,118739000000,124563000000,125775000000,128120000000,132005000000,133997000000,137522000000,140246000000,147645000000,152581000000,159825000000,166921000000,148351000000,157852000000,162498000000,168656000000,170189000000,183835000000,189765000000,193608000000,196093000000,204618000000,210711000000,246551000000,243366000000
1828,리스사,12621,폭스바겐파이낸셜서비스코리아㈜,B,SK104,요약재무상태표(부채 및 자본)(08.03월 이후),A230,이익잉여금(결손금)_이익준비금,,,,,,,,,,,,,0, , , , , , , ,0,0,0, ,0, , , , , , , , , , , , , , , , , , , , , , , , , , , , , , , ,2127000000,2127000000,2127000000,2127000000,2127000000,2127000000,2127000000,2127000000,2127000000,2127000000,2127000000,2127000000
1829,리스사,12621,폭스바겐파이낸셜서비스코리아㈜,B,SK104,요약재무상태표(부채 및 자본)(08.03월 이후),A231,이익잉여금(결손금)_기업합리화적립금,,,,,,,,,,,,,0, , , , , , , ,0,0,0, ,0, , , , , , , , , , , , , , , , , , , , , , , , , , , , , , , , , , , , , , , , , , , 
1830,리스사,12621,폭스바겐파이낸셜서비스코리아㈜,B,SK104,요약재무상태표(부채 및 자본)(08.03월 이후),A232,이익잉여금(결손금)_투융자손실준비금,,,,,,,,,,,,,0, , , , , , , ,0,0,0, ,0, , , , , , , , , , , , , , , , , , , , , , , , , , , , , , , , , , , , , , , , , , , 
1831,리스사,12621,폭스바겐파이낸셜서비스코리아㈜,B,SK104,요약재무상태표(부채 및 자본)(08.03월 이후),A233,이익잉여금(결손금)_기타 법정적립금,,,,,,,,,,,,,0, , , , , , , ,0,0,0, ,0, , , , , , , , , , , , , , , , , , , , , , , , , , , , , , , , , , , , , , , , , , , 
1832,리스사,12621,폭스바겐파이낸셜서비스코리아㈜,B,SK104,요약재무상태표(부채 및 자본)(08.03월 이후),A234,이익잉여금(결손금)_임의적립금,,,,,,,,,,,,,0, , , , , , , ,0,0,0, ,0, , , , , , , , , , , , , , , , , , , , , , , , , , ,1100000000,1100000000,1100000000,1100000000,1100000000,1100000000,1100000000,1100000000,1100000000,1100000000,1100000000,1100000000,1100000000,1100000000,1200000000,1200000000,1200000000
1833,리스사,12621,폭스바겐파이낸셜서비스코리아㈜,B,SK104,요약재무상태표(부채 및 자본)(08.03월 이후),A235,이익잉여금(결손금)_해외투자손실준비금,,,,,,,,,,,,,0, , , , , , , ,0,0,0, ,0, , , , , , , , , , , , , , , , , , , , , , , , , , , , , , , , , , , , , , , , , , , 
1834,리스사,12621,폭스바겐파이낸셜서비스코리아㈜,B,SK104,요약재무상태표(부채 및 자본)(08.03월 이후),A236,이익잉여금(결손금)_미처분이익잉여금(미처리결손금),,,,,,,,,,,,,-1259000000,-558000000,-558000000,-558000000,-6527000000,-6527000000,-6527000000,-6527000000,-11544000000,-11544000000,-11544000000,-11544000000,-3334000000,-3334000000,-3334000000,-3334000000,8490000000,8490000000,8490000000,8490000000,34044000000,34044000000,34044000000,34044000000,68558000000,68557000000,68557000000,68557000000,101839000000,101584000000,101584000000,101584000000,114288000000,114288000000,114288000000,114288000000,127766000000,127767000000,127767000000,126667000000,141482000000,141482000000,141482000000,120211000000,138641000000,138641000000,138642000000,138642000000,160790000000,160790000000,160790000000,160790000000,181985000000,181885000000,181885000000,181885000000
1835,리스사,12621,폭스바겐파이낸셜서비스코리아㈜,B,SK104,요약재무상태표(부채 및 자본)(08.03월 이후),A237,이익잉여금(결손금)_대손준비금,,,,,,,,,,,,,0, , , , , , , ,0,0,0, ,2430000000,2534000000,3903000000,3787000000,2960000000,2625000000,3267000000,5182000000,5033000000,5280000000,4723000000,2645000000,2086000000,3412000000,4474000000,3790000000,3171000000,2820000000,2746000000,4451000000,3948000000,3648000000,3361000000,4238000000,4153000000,4480000000,4826000000,5063000000,6902000000,6200000000,6241000000,6483000000,5790000000,6628000000,5923000000,6171000000,9401000000,9604000000,9550000000,10881000000,10132000000,10080000000,9661000000,8388000000
1836,리스사,12621,폭스바겐파이낸셜서비스코리아㈜,B,SK104,요약재무상태표(부채 및 자본)(08.03월 이후),A238,이익잉여금(결손금)_(당기순손익),,,,,,,,,,,,,-701000000,-1553000000,-2386000000,-5969000000,-1043000000,-2174000000,-3485000000,-5018000000,1006000000,5859000000,8680000000,8210000000,2300000000,6482000000,10583000000,11824000000,9075000000,16884000000,23751000000,25554000000,7777000000,22009000000,26339000000,34513000000,8260000000,14919000000,18565000000,35641000000,5725000000,3907000000,9369000000,12704000000,6327000000,7839000000,10471000000,13479000000,2078000000,5275000000,7653000000,14815000000,3097000000,11043000000,18098000000,20557000000,10194000000,14002000000,20864000000,22149000000,10417000000,16144000000,20041000000,21195000000,9274000000,15419000000,51678000000,49766000000
1837,리스사,12621,폭스바겐파이낸셜서비스코리아㈜,B,SK104,요약재무상태표(부채 및 자본)(08.03월 이후),A24,자본조정,,,,,,,,,,,,,0,0, ,0,0,0,0,0,0,0,0,0,0,0,0,0,0,0,0,0,0,0,0,0,0,0,0,0,0,0,0,0,0,0,0,0,0,0,0,0,0,0,0,0,0,0,0,0,0,0,0,0,0,0,0,0
1838,리스사,12621,폭스바겐파이낸셜서비스코리아㈜,B,SK104,요약재무상태표(부채 및 자본)(08.03월 이후),A240,자본조정_주식할인발행차금,,,,,,,,,,,,,0,0,0,0, ,0, , ,0,0,0, ,0, , , , , , , , , , , , , , , , , , , , , , , , , , , , , , , , , , , , , , , , , , , 
1839,리스사,12621,폭스바겐파이낸셜서비스코리아㈜,B,SK104,요약재무상태표(부채 및 자본)(08.03월 이후),A241,자본조정_배당건설이자,,,,,,,,,,,,,0,0,0,0, ,0, , ,0,0,0, ,0, , , , , , , , , , , , , , , , , , , , , , , , , , , , , , , , , , , , , , , , , , , 
1840,리스사,12621,폭스바겐파이낸셜서비스코리아㈜,B,SK104,요약재무상태표(부채 및 자본)(08.03월 이후),A242,자본조정_자기주식,,,,,,,,,,,,,0,0, ,0, ,0, , ,0,0,0, ,0, , , , , , , , , , , , , , , , , , , , , , , , , , , , , , , , , , , , , , , , , , , 
1841,리스사,12621,폭스바겐파이낸셜서비스코리아㈜,B,SK104,요약재무상태표(부채 및 자본)(08.03월 이후),A243,자본조정_주식매수선택권,,,,,,,,,,,,,0,0, ,0, ,0, , ,0,0,0, ,0, , , , , , , , , , , , , , , , , , , , , , , , , , , , , , , , , , , , , , , , , , , 
1842,리스사,12621,폭스바겐파이낸셜서비스코리아㈜,B,SK104,요약재무상태표(부채 및 자본)(08.03월 이후),A244,자본조정_미교부주식배당금,,,,,,,,,,,,,0,0, ,0, ,0, , ,0,0,0, ,0, , , , , , , , , , , , , , , , , , , , , , , , , , , , , , , , , , , , , , , , , , , 
1843,리스사,12621,폭스바겐파이낸셜서비스코리아㈜,B,SK104,요약재무상태표(부채 및 자본)(08.03월 이후),A245,자본조정_기타 자본조정,,,,,,,,,,,,,0,0, ,0, ,0, , ,0,0,0, ,0, , , , , , , , , , , , , , , , , , , , , , , , , , , , , , , , , , , , , , , , , , , 
1844,리스사,12621,폭스바겐파이낸셜서비스코리아㈜,B,SK104,요약재무상태표(부채 및 자본)(08.03월 이후),A25,기타포괄손익누계액,,,,,,,,,,,,,0,0, ,0,0,0, , ,0,0,0, ,0, , , , , , , , , , , , , , , , , , , , , , , , , , , , , , , , , , , , , , , , , , , 
1845,리스사,12621,폭스바겐파이낸셜서비스코리아㈜,B,SK104,요약재무상태표(부채 및 자본)(08.03월 이후),A250,기타포괄손익누계액_매도가능금융자산평가이익,,,,,,,,,,,,,0,0,0,0, ,0, , ,0,0,0, ,0, , , , , , , , , , , , , , , , , , , , , , , , , , , , , , , , , , , , , , , , , , , 
1846,리스사,12621,폭스바겐파이낸셜서비스코리아㈜,B,SK104,요약재무상태표(부채 및 자본)(08.03월 이후),A251,기타포괄손익누계액_매도가능금융자산평가손실,,,,,,,,,,,,,0,0,0,0, ,0, , ,0,0,0, ,0, , , , , , , , , , , , , , , , , , , , , , , , , , , , , , , , , , , , , , , , , , , 
1847,리스사,12621,폭스바겐파이낸셜서비스코리아㈜,B,SK104,요약재무상태표(부채 및 자본)(08.03월 이후),A252,기타포괄손익누계액_해외사업환산이익,,,,,,,,,,,,,0,0,0,0, ,0, , ,0,0,0, ,0, , , , , , , , , , , , , , , , , , , , , , , , , , , , , , , , , , , , , , , , , , , 
1848,리스사,12621,폭스바겐파이낸셜서비스코리아㈜,B,SK104,요약재무상태표(부채 및 자본)(08.03월 이후),A253,기타포괄손익누계액_해외사업환산손실,,,,,,,,,,,,,0,0,0,0, ,0, , ,0,0,0, ,0, , , , , , , , , , , , , , , , , , , , , , , , , , , , , , , , , , , , , , , , , , , 
1849,리스사,12621,폭스바겐파이낸셜서비스코리아㈜,B,SK104,요약재무상태표(부채 및 자본)(08.03월 이후),A254,기타포괄손익누계액_현금흐름위험회피 파생상품평가이익,,,,,,,,,,,,,0,0,0,0, ,0, , ,0,0,0, ,0, , , , , , , , , , , , , , , , , , , , , , , , , , , , , , , , , , , , , , , , , , , 
1850,리스사,12621,폭스바겐파이낸셜서비스코리아㈜,B,SK104,요약재무상태표(부채 및 자본)(08.03월 이후),A255,기타포괄손익누계액_현금흐름위험회피 파생상품평가손실,,,,,,,,,,,,,0,0,0,0, ,0, , ,0,0,0, ,0, , , , , , , , , , , , , , , , , , , , , , , , , , , , , , , , , , , , , , , , , , , 
1851,리스사,12621,폭스바겐파이낸셜서비스코리아㈜,B,SK104,요약재무상태표(부채 및 자본)(08.03월 이후),A256,기타포괄손익누계액_지분법자본변동,,,,,,,,,,,,,0,0,0,0, ,0, , ,0,0,0, ,0, , , , , , , , , , , , , , , , , , , , , , , , , , , , , , , , , , , , , , , , , , , 
1852,리스사,12621,폭스바겐파이낸셜서비스코리아㈜,B,SK104,요약재무상태표(부채 및 자본)(08.03월 이후),A257,기타포괄손익누계액_부의 지분법자본변동,,,,,,,,,,,,,0,0,0,0, ,0, , ,0,0,0, ,0, , , , , , , , , , , , , , , , , , , , , , , , , , , , , , , , , , , , , , , , , , , 
1853,리스사,12621,폭스바겐파이낸셜서비스코리아㈜,B,SK104,요약재무상태표(부채 및 자본)(08.03월 이후),A258,기타포괄손익누계액_유형자산 재평가이익,,,,,,,,,,,,,0,0,0,0, ,0, , ,0,0,0, ,0, , , , , , , , , , , , , , , , , , , , , , , , , , , , , , , , , , , , , , , , , , , 
1854,리스사,12621,폭스바겐파이낸셜서비스코리아㈜,B,SK104,요약재무상태표(부채 및 자본)(08.03월 이후),A259,기타포괄손익누계액_기타,,,,,,,,,,,,,0,0,0,0, ,0, , ,0,0,0, ,0, , , , , , , , , , , , , , , , , , , , , , , , , , , , , , , , , , , , , , , , , , , 
1855,리스사,13220,롯데오토리스㈜,B,SK104,요약재무상태표(부채 및 자본)(08.03월 이후),A,부채 및 자본총계,,,,,,,,,,,,,,,,,,75109000000,76500000000,79438000000,8198000000,97234000000,111401000000,117890000000,129376000000,145830000000,168563000000,195073000000,221702000000,244218000000,282861000000,305118000000,332673000000,381990000000,400497000000,438272000000,502444000000,506958000000,582398000000,608215000000,634098000000,636769000000,679869000000,789926000000,826759000000,794122000000,810646000000,795658000000,723749000000,756023000000,669400000000,611620000000,585170000000,604398000000,581501000000,597448000000,598526000000,693676000000,744415000000,759619000000,697370000000,757519000000,731182000000,744520000000,681551000000,628895000000,650417000000,633403000000
1856,리스사,13220,롯데오토리스㈜,B,SK104,요약재무상태표(부채 및 자본)(08.03월 이후),A1,부채,,,,,,,,,,,,,,,,,,7755000000,0,7857000000,8198000000,21150000000,32952000000,37470000000,46624000000,61072000000,81474000000,105728000000,129404000000,148599000000,184815000000,205069000000,229643000000,276305000000,292194000000,325784000000,387850000000,388790000000,460556000000,481086000000,508344000000,508010000000,548458000000,655753000000,690926000000,653246000000,668899000000,651397000000,578457000000,609087000000,518549000000,460390000000,430248000000,444859000000,417012000000,427016000000,423088000000,513830000000,560379000000,570903000000,504395000000,560108000000,529951000000,543090000000,477959000000,422335000000,438690000000,417980000000
1857,리스사,13220,롯데오토리스㈜,B,SK104,요약재무상태표(부채 및 자본)(08.03월 이후),A11,차입부채,,,,,,,,,,,,,,,,,, ,7274000000,0, ,13000000000,25000000000,30000000000,33000000000,48000000000,61000000000,85000000000,103000000000,120500000000,152000000000,165667000000,184333000000,226462000000,243619000000,270778000000,327876000000,330022000000,398908000000,417094000000,442171000000,445880000000,489924000000,590462000000,624500000000,593676000000,610464000000,598321000000,525439000000,564555000000,473838000000,420926000000,391215000000,405098000000,371428000000,380311000000,370440000000,449494000000,496770000000,503074000000,428697000000,483714000000,447500000000,465490000000,412997000000,357820000000,374200000000,354344000000
1858,리스사,13220,롯데오토리스㈜,B,SK104,요약재무상태표(부채 및 자본)(08.03월 이후),A110,차입부채_차입금,,,,,,,,,,,,,,,,,, ,0,0, ,13000000000,25000000000,30000000000,33000000000,48000000000,61000000000,85000000000,103000000000,120500000000,152000000000,165667000000,184333000000,206500000000,213667000000,230833000000,248000000000,230167000000,249167000000,257336000000,232532000000,256220000000,280284000000,310980000000,285180000000,234378000000,261074000000,248935000000,175960000000,214982000000,174174000000,141185000000,161445000000,125454000000,111713000000,120723000000,120982000000,207991000000,223270000000,259484000000,175048000000,229972000000,218672000000,223339000000,181844000000,196455000000,155249000000,137702000000
1859,리스사,13220,롯데오토리스㈜,B,SK104,요약재무상태표(부채 및 자본)(08.03월 이후),A111,차입부채_차입금_단기차입금,,,,,,,,,,,,,,,,,, ,0,0, ,3000000000,5000000000,0,3000000000,18000000000,21000000000,37000000000,45000000000,54500000000,64000000000,70500000000,90000000000,105000000000,105000000000,129000000000,147000000000,134000000000,143000000000,127000000000,97500000000,114500000000,92000000000,116000000000,83500000000,55000000000,98000000000,78000000000,20000000000,90000000000,58000000000,30000000000,46000000000,30000000000,20000000000,44000000000,48000000000,125000000000,156700000000,177700000000,101000000000,60000000000,85000000000,81000000000,26000000000,20000000000, , 
1860,리스사,13220,롯데오토리스㈜,B,SK104,요약재무상태표(부채 및 자본)(08.03월 이후),A112,차입부채_차입금_콜머니,,,,,,,,,,,,,,,,,, ,0,0, ,0, ,0,0, , , , , , , , , , , , , , , , , , , , , , , , , , , , , , , , , , , , , , , , , , , 
1861,리스사,13220,롯데오토리스㈜,B,SK104,요약재무상태표(부채 및 자본)(08.03월 이후),A113,차입부채_차입금_장기차입금,,,,,,,,,,,,,,,,,, ,0,0, ,10000000000,20000000000,28000000000,28000000000,28000000000,38000000000,46000000000,56000000000,54000000000,66000000000,65833000000,65000000000,80167000000,85333000000,60500000000,59667000000,44833000000,50667000000,82500000000,83833000000,90500000000,124167000000,137833000000,144500000000,108167000000,46083000000,64583000000,141000000000,37500000000,78750000000,68750000000,73000000000,73000000000,23000000000,8000000000,4000000000,14000000000,39722000000,62606000000,54714000000,110781000000,96808000000,97794000000,102033000000,98111000000,67671000000,53442000000
1862,리스사,13220,롯데오토리스㈜,B,SK104,요약재무상태표(부채 및 자본)(08.03월 이후),A114,차입부채_차입금_유동성 장기차입금,,,,,,,,,,,,,,,,,, ,0,0, ,0, ,2000000000,2000000000,2000000000,2000000000,2000000000,2000000000,12000000000,22000000000,29333000000,29333000000,21333000000,23333000000,41333000000,41333000000,51333000000,55500000000,48000000000,51333000000,51333000000,64333000000,57333000000,57333000000,71333000000,117083000000,106417000000,15000000000,87500000000,37500000000,42500000000,42500000000,22500000000,68750000000,68750000000,69000000000,69000000000,26848000000,19178000000,19334000000,59492000000,37151000000,44813000000,54048000000,78558000000,87776000000,84260000000
1863,리스사,13220,롯데오토리스㈜,B,SK104,요약재무상태표(부채 및 자본)(08.03월 이후),A115,차입부채_사 채,,,,,,,,,,,,,,,,,, ,0,0, ,0, ,0,0, , , , , , , , ,19962000000,29953000000,39945000000,79876000000,99856000000,149741000000,159758000000,209639000000,189660000000,209640000000,279482000000,339320000000,359298000000,349390000000,349386000000,349479000000,349572000000,299664000000,279741000000,229771000000,279644000000,259715000000,259588000000,249458000000,241502000000,273499000000,243590000000,253650000000,253742000000,228829000000,242151000000,231153000000,161365000000,218950000000,216642000000
1864,리스사,13220,롯데오토리스㈜,B,SK104,요약재무상태표(부채 및 자본)(08.03월 이후),A1150,차입부채_사 채_단기사채,,,,,,,,,,,,,,,,,, ,0,0, ,0, ,0,0, , , , , , , , , , , , , , , , , , , , , , , , , , , , , , , , , , , , , , , , , , , 
1865,리스사,13220,롯데오토리스㈜,B,SK104,요약재무상태표(부채 및 자본)(08.03월 이후),A11500,차입부채_사 채_단기사채_(사채발행차금),,,,,,,,,,,,,,,,,, ,0,0, ,0, ,0,0, , , , , , , , , , , , , , , , , , , , , , , , , , , , , , , , , , , , , , , , , , , 
1866,리스사,13220,롯데오토리스㈜,B,SK104,요약재무상태표(부채 및 자본)(08.03월 이후),A1151,차입부채_사 채_유동성사채,,,,,,,,,,,,,,,,,, ,0,0, ,0, ,0,0, , , , , , , , , , , , ,20000000000,20000000000,30000000000,70000000000,50000000000,60000000000,80000000000,60000000000,40000000000,80000000000,70000000000, ,140000000000,110000000000,150000000000,180000000000,180000000000,160000000000,130000000000,50000000000,30000000000,55000000000,75000000000,145000000000,215000000000,197000000000,157000000000,87000000000,59000000000,52000000000,76000000000
1867,리스사,13220,롯데오토리스㈜,B,SK104,요약재무상태표(부채 및 자본)(08.03월 이후),A11510,차입부채_사 채_유동성사채_(유동성사채발행차금),,,,,,,,,,,,,,,,,, ,0,0, ,0, ,0,0, , , , , , , , , , , , ,-18000000,-135000000,-140000000,-183000000,-170000000,-202000000,-273000000,-314000000,-350000000,-58000000,-69000000,-96000000,-74000000,-51000000,-71000000,-115000000,-204000000,-51000000,-47000000,-22000000,-10000000,-44000000,-96000000,-157000000,-164000000,-110000000,-62000000,-21000000,-225000000,-163000000,-321000000
1868,리스사,13220,롯데오토리스㈜,B,SK104,요약재무상태표(부채 및 자본)(08.03월 이후),A1152,차입부채_사 채_장기사채,,,,,,,,,,,,,,,,,, ,0,0, ,0, ,0,0, , , , , , , , ,20000000000,30000000000,40000000000,80000000000,80000000000,130000000000,130000000000,140000000000,140000000000,150000000000,200000000000,280000000000,320000000000,270000000000,280000000000,350000000000,210000000000,190000000000,130000000000,50000000000,100000000000,100000000000,130000000000,200000000000,212000000000,219000000000,169000000000,109000000000,39000000000,32000000000,86000000000,146000000000,104000000000,169980000000,143500000000
1869,리스사,13220,롯데오토리스㈜,B,SK104,요약재무상태표(부채 및 자본)(08.03월 이후),A11520,차입부채_사 채_장기사채_(사채발행차금),,,,,,,,,,,,,,,,,, ,0,0, ,0, ,0,0, , , , , , , , ,-38000000,-47000000,-55000000,-124000000,-127000000,-124000000,-102000000,-179000000,-170000000,-158000000,-244000000,-366000000,-352000000,-553000000,-545000000,-425000000,-353000000,-285000000,-188000000,-115000000,-152000000,-234000000,-364000000,-520000000,-487000000,-456000000,-313000000,-193000000,-94000000,-61000000,-787000000,-1826000000,-1410000000,-2867000000,-2537000000
1870,리스사,13220,롯데오토리스㈜,B,SK104,요약재무상태표(부채 및 자본)(08.03월 이후),A1153,차입부채_사 채_기타,,,,,,,,,,,,,,,,,, ,0,0, ,0, ,0,0, , , , , , , , ,0,0,0,0,1000000,0,0,1000000,0,0,-1000000,0,0,1000000,0,0,-1000000,0,0,1000000,0,0,-1000000,0,-1000000,-1000000,-1000000,0,0,0,0,0,0,0,0
1871,리스사,13220,롯데오토리스㈜,B,SK104,요약재무상태표(부채 및 자본)(08.03월 이후),A12,기타부채,,,,,,,,,,,,,,,,,, ,7274000000,7857000000,8198000000,8150000000,7952000000,7470000000,13624000000,13072000000,20474000000,20728000000,26404000000,28099000000,32815000000,39402000000,45309000000,49843000000,48575000000,55006000000,59973000000,58768000000,61648000000,63992000000,66173000000,62130000000,58534000000,65291000000,66426000000,59570000000,58435000000,53076000000,53018000000,44532000000,44711000000,39464000000,39033000000,39761000000,45584000000,46705000000,52648000000,64336000000,63609000000,67829000000,75698000000,76394000000,82451000000,77600000000,64962000000,64515000000,64490000000,63636000000
1872,리스사,13220,롯데오토리스㈜,B,SK104,요약재무상태표(부채 및 자본)(08.03월 이후),A120,기타부채_영업미지급금,,,,,,,,,,,,,,,,,, ,4380000000,4361000000,2151000000,3668000000,3213000000,2154000000,7112000000,4018000000,9580000000,4403000000,5859000000,2590000000,3717000000,5323000000,7772000000,7655000000,3273000000,3581000000,4900000000,2361000000,3334000000,2972000000,7050000000,4510000000,2409000000,9410000000,8205000000,3436000000,3693000000,3175000000,7977000000,3328000000,5920000000,3086000000,4853000000,5129000000,10762000000,8106000000,12300000000,17754000000,8955000000,10093000000,11136000000,12100000000,22381000000,17497000000,5439000000,5956000000,8147000000,9040000000
1873,리스사,13220,롯데오토리스㈜,B,SK104,요약재무상태표(부채 및 자본)(08.03월 이후),A121,기타부채_장기미지급금,,,,,,,,,,,,,,,,,, ,0,0, ,0, ,0,0, , , , , , , , , , , , , , , , , , , , , , , , , , , , , , , , , , , , , , , , , , , 
1874,리스사,13220,롯데오토리스㈜,B,SK104,요약재무상태표(부채 및 자본)(08.03월 이후),A122,기타부채_기타의 부채,,,,,,,,,,,,,,,,,,6738000000,1789000000,1965000000,4069000000,1981000000,2019000000,2505000000,3088000000,3040000000,2299000000,3438000000,2921000000,3113000000,2876000000,5353000000,5401000000,6467000000,6930000000,8944000000,9366000000,9041000000,9665000000,10431000000,10540000000,10154000000,10834000000,8819000000,11239000000,14067000000,15170000000,12548000000,10530000000,9037000000,8186000000,8702000000,7968000000,10527000000,11411000000,15557000000,16786000000,21250000000,27902000000,30439000000,38040000000,38397000000,34846000000,33731000000,33135000000,32201000000,30735000000,28871000000
1875,리스사,13220,롯데오토리스㈜,B,SK104,요약재무상태표(부채 및 자본)(08.03월 이후),A1220,기타부채_기타의 부채_가수금,,,,,,,,,,,,,,,,,, ,0,0, ,0,168000000,76000000,0, , , , , , , , , , , , , , , , , , , , , , , , , , , , , , , , , , , , , , , , , , , 
1876,리스사,13220,롯데오토리스㈜,B,SK104,요약재무상태표(부채 및 자본)(08.03월 이후),A1221,기타부채_기타의 부채_예수금,,,,,,,,,,,,,,,,,, ,77000000,56000000,62000000,0,66000000,34000000,43000000,58000000,44000000,43000000,32000000,69000000,74000000,44000000,70000000,42000000,54000000,67000000,87000000,101000000,89000000,80000000,128000000,83000000,103000000,112000000,86000000,76000000,68000000,85000000,73000000,67000000,90000000,80000000,70000000,74000000,79000000,72000000,84000000,85000000,90000000,70000000,80000000,135000000,134000000,150000000,130000000,121000000,127000000,113000000
1877,리스사,13220,롯데오토리스㈜,B,SK104,요약재무상태표(부채 및 자본)(08.03월 이후),A1222,기타부채_기타의 부채_선수금,,,,,,,,,,,,,,,,,,108000000,70000000,309000000,124000000,326000000,12000000,75000000,494000000,237000000,125000000,198000000,208000000,212000000,129000000,188000000,250000000,230000000,231000000,237000000,281000000,296000000,812000000,1272000000,1236000000,677000000,704000000,430000000,2236000000,382000000,389000000,380000000,379000000,548000000,472000000,724000000,515000000,754000000,688000000,1349000000,775000000,573000000,613000000,430000000,730000000,555000000,544000000,487000000,556000000,2222000000,412000000,507000000
1878,리스사,13220,롯데오토리스㈜,B,SK104,요약재무상태표(부채 및 자본)(08.03월 이후),A1223,기타부채_기타의 부채_선수수익,,,,,,,,,,,,,,,,,,313000000,216000000,215000000,225000000,226000000,188000000,8000000,235000000,321000000,518000000,503000000,878000000,1062000000,1181000000,3546000000,3613000000,3854000000,4204000000,4705000000,5318000000,5404000000,5813000000,5497000000,5700000000,6653000000,6369000000,6613000000,6527000000,6584000000,5889000000,5239000000,4583000000,4004000000,3745000000,3289000000,3343000000,4274000000,4404000000,6183000000,10323000000,16284000000,23690000000,24804000000,32602000000,31309000000,29540000000,28511000000,27272000000,25256000000,23335000000,21481000000
1879,리스사,13220,롯데오토리스㈜,B,SK104,요약재무상태표(부채 및 자본)(08.03월 이후),A1224,기타부채_기타의 부채_미지급금,,,,,,,,,,,,,,,,,,4547000000,0,0,1502000000,0, ,0,0, , , , , , , , , , , , , , , , , , , , , , , , , , , , , , , , , , , , , , , , , , , 
1880,리스사,13220,롯데오토리스㈜,B,SK104,요약재무상태표(부채 및 자본)(08.03월 이후),A1225,기타부채_기타의 부채_미지급비용,,,,,,,,,,,,,,,,,,194000000,194000000,37000000,37000000,44000000,329000000,466000000,518000000,465000000,670000000,584000000,718000000,634000000,676000000,791000000,628000000,475000000,525000000,824000000,783000000,852000000,1287000000,1333000000,1191000000,1363000000,1571000000,1665000000,1734000000,2206000000,1898000000,1976000000,1777000000,1876000000,1864000000,1846000000,1379000000,1710000000,1691000000,1904000000,1497000000,1774000000,2223000000,2547000000,1910000000,2408000000,2397000000,2663000000,1567000000,1510000000,1786000000,1872000000
1881,리스사,13220,롯데오토리스㈜,B,SK104,요약재무상태표(부채 및 자본)(08.03월 이후),A1226,기타부채_기타의 부채_미지급법인세,,,,,,,,,,,,,,,,,,1380000000,665000000,1341000000,1551000000,1022000000,332000000,1346000000,1734000000,1464000000,915000000,1530000000,658000000,896000000,816000000,783000000,840000000,1865000000,1916000000,2265000000,2459000000,1991000000,1663000000,1968000000,1994000000,1321000000,1976000000, ,245000000,4037000000,3943000000,3927000000,2571000000,1344000000,1024000000,1427000000,1111000000,2843000000,3409000000,5068000000,4012000000,2159000000,1001000000,2381000000,2566000000,2640000000,1861000000,1662000000,1471000000,1417000000,1963000000,2696000000
1882,리스사,13220,롯데오토리스㈜,B,SK104,요약재무상태표(부채 및 자본)(08.03월 이후),A1227,기타부채_기타의 부채_선불카드수탁금,,,,,,,,,,,,,,,,,, ,0,0, ,0, ,0,0, , , , , , , , , , , , , , , , , , , , , , , , , , , , , , , , , , , , , , , , , , , 
1883,리스사,13220,롯데오토리스㈜,B,SK104,요약재무상태표(부채 및 자본)(08.03월 이후),A1228,기타부채_기타의 부채_부가세예수금,,,,,,,,,,,,,,,,,,190000000,566000000,0,441000000,296000000,924000000,467000000,64000000,495000000,27000000,580000000,428000000,240000000, , , , , ,847000000,438000000,396000000, ,282000000,290000000,56000000,112000000, , ,404000000,2738000000,771000000,1049000000,767000000,582000000,963000000,1084000000,490000000,866000000,811000000, , , , , ,862000000, , ,1941000000,1137000000,1682000000,1946000000
1884,리스사,13220,롯데오토리스㈜,B,SK104,요약재무상태표(부채 및 자본)(08.03월 이후),A1229,기타부채_기타의 부채_선물환거래대,,,,,,,,,,,,,,,,,, ,0,0, ,0, ,0,0, , , , , , , , , , , , , , , , , , , , , , , , , , , , , , , , , , , , , , , , , , , 
1885,리스사,13220,롯데오토리스㈜,B,SK104,요약재무상태표(부채 및 자본)(08.03월 이후),A122A,기타부채_기타의 부채_파생상품부채,,,,,,,,,,,,,,,,,, ,0,0, ,0, ,0,0, , , , , , , , , , , , , , , , , , , , , , , , , , , , , , , , , , , , , , , , , ,1036000000, 
1886,리스사,13220,롯데오토리스㈜,B,SK104,요약재무상태표(부채 및 자본)(08.03월 이후),A122B,기타부채_기타의 부채_옵션수입프리미엄,,,,,,,,,,,,,,,,,, ,0,0, ,0, ,0,0, , , , , , , , , , , , , , , , , , , , , , , , , , , , , , , , , , , , , , , , , , , 
1887,리스사,13220,롯데오토리스㈜,B,SK104,요약재무상태표(부채 및 자본)(08.03월 이후),A122C,기타부채_기타의 부채_이연리스수익,,,,,,,,,,,,,,,,,, ,0,0, ,0, ,34000000,0, , , , , , , , , , , , , , , , , , , , , , , , , , , , , , , , , , , , , , , , , , , 
1888,리스사,13220,롯데오토리스㈜,B,SK104,요약재무상태표(부채 및 자본)(08.03월 이후),A122D,기타부채_기타의 부채_기타의 유동부채,,,,,,,,,,,,,,,,,,6000000,0,6000000,127000000,68000000, ,0,0, , , , , , , , , , , , , , , , , , , ,411000000,378000000,245000000,169000000,98000000,431000000,410000000,372000000,466000000,382000000,276000000,169000000,94000000,374000000,286000000,208000000,152000000,488000000,370000000,258000000,199000000,538000000,394000000,255000000
1889,리스사,13220,롯데오토리스㈜,B,SK104,요약재무상태표(부채 및 자본)(08.03월 이후),A122E,기타부채_유동성 장기부채,,,,,,,,,,,,,,,,,,310000000,350000000,458000000,476000000,21000000,375000000,359000000,70000000,113000000,595000000,701000000,705000000,1013000000,1262000000,1327000000,1778000000,3566000000,5350000000,7460000000,11571000000,12463000000,13209000000,14253000000,13418000000,13067000000,13030000000,13263000000,13169000000,12639000000,12345000000,12790000000,12454000000,12480000000,11559000000,10762000000,9697000000,8569000000,8872000000,8229000000,7976000000,7673000000,7579000000,7447000000,5971000000,5381000000,4730000000,4644000000,4387000000,5115000000,6140000000,6546000000
1890,리스사,13220,롯데오토리스㈜,B,SK104,요약재무상태표(부채 및 자본)(08.03월 이후),A123,기타부채_리스보증금,,,,,,,,,,,,,,,,,,657000000,678000000,995000000,1226000000,2025000000,1860000000,2079000000,3266000000,5773000000,7832000000,12095000000,16651000000,20382000000,23923000000,25910000000,28616000000,30563000000,31598000000,33006000000,32617000000,33127000000,33565000000,33634000000,33622000000,32422000000,31326000000,30270000000,29477000000,27534000000,25480000000,22486000000,20163000000,17755000000,16946000000,15374000000,14448000000,13864000000,12899000000,13067000000,13225000000,15383000000,16543000000,17425000000,18064000000,18259000000,18352000000,19521000000,19743000000,19171000000,17874000000,17378000000
1891,리스사,13220,롯데오토리스㈜,B,SK104,요약재무상태표(부채 및 자본)(08.03월 이후),A124,기타부채_보 증 금,,,,,,,,,,,,,,,,,, ,0,0, ,0, ,0,0, , , , , , , , , , , , , , , , , , , , , , , , , , , , , , , , , , , , , , , , , , , 
1892,리스사,13220,롯데오토리스㈜,B,SK104,요약재무상태표(부채 및 자본)(08.03월 이후),A1240,기타부채_보 증 금_상환이행보증금,,,,,,,,,,,,,,,,,, ,0,0, ,0, ,0,0, , , , , , , , , , , , , , , , , , , , , , , , , , , , , , , , , , , , , , , , , , , 
1893,리스사,13220,롯데오토리스㈜,B,SK104,요약재무상태표(부채 및 자본)(08.03월 이후),A1241,기타부채_보 증 금_임대보증금,,,,,,,,,,,,,,,,,, ,0,0, ,0, ,0,0, , , , , , , , , , , , , , , , , , , , , , , , , , , , , , , , , , , , , , , , , , , 
1894,리스사,13220,롯데오토리스㈜,B,SK104,요약재무상태표(부채 및 자본)(08.03월 이후),A1242,기타부채_보 증 금_기타보증금,,,,,,,,,,,,,,,,,, ,0,0, ,0, ,0,0, , , , , , , , , , , , , , , , , , , , , , , , , , , , , , , , , , , , , , , , , , , 
1895,리스사,13220,롯데오토리스㈜,B,SK104,요약재무상태표(부채 및 자본)(08.03월 이후),A125,기타부채_퇴직급여채무,,,,,,,,,,,,,,,,,,134000000,77000000,255000000,235000000,287000000,138000000,346000000,87000000,129000000,168000000,92000000,126000000,161000000,252000000,113000000,366000000,408000000,381000000,143000000,241000000,305000000,404000000,30000000,129000000,184000000,249000000,17000000,284000000,195000000,280000000, , ,97000000,184000000, , , , ,13000000,412000000, , , , , , , , , , , 
1896,리스사,13220,롯데오토리스㈜,B,SK104,요약재무상태표(부채 및 자본)(08.03월 이후),A1250,기타부채_퇴직급여채무_(미인식보험수리적손익) (+-),,,,,,,,,,,,,,,,,, ,164000000,0, ,0, ,0,0, , , , , , , , , , , , , , , , , , , , , , , , , , , , , , , , , , , , , , , , , , , 
1897,리스사,13220,롯데오토리스㈜,B,SK104,요약재무상태표(부채 및 자본)(08.03월 이후),A1251,기타부채_퇴직급여채무_(미인식과거근무원가) (-),,,,,,,,,,,,,,,,,, ,0,0, ,0, ,0,0, , , , , , , , , , , , , , , , , , , , , , , , , , , , , , , , , , , , , , , , , , , 
1898,리스사,13220,롯데오토리스㈜,B,SK104,요약재무상태표(부채 및 자본)(08.03월 이후),A1252,기타부채_퇴직급여채무_(퇴직급여사외적립자산) (-),,,,,,,,,,,,,,,,,,85000000,86000000,176000000,157000000,180000000, ,275000000,-139000000,-136000000,-128000000,-193000000,-193000000,-232000000,-224000000,-428000000,-393000000,-358000000,-360000000,-652000000,-557000000,-535000000,-471000000,-872000000,-771000000,-692000000,-675000000,-1111000000,-1101000000,-1107000000,-1066000000,-1526000000,-1599000000,-1598000000,-1565000000,-1829000000,-1849000000,-1813000000,-1881000000,-1979000000,-1881000000,-2260000000,-2419000000,-2280000000,-2377000000,-2428000000,-2635000000,-2530000000,-2622000000,-2838000000,-2929000000,-2989000000
1899,리스사,13220,롯데오토리스㈜,B,SK104,요약재무상태표(부채 및 자본)(08.03월 이후),A126,기타부채_지급보증충당금,,,,,,,,,,,,,,,,,, ,0,0, ,0, ,0,0, , , , , , , , , , , , , , , , , , , , , , , , , , , , , , , , , , , , , , , , , , , 
1900,리스사,13220,롯데오토리스㈜,B,SK104,요약재무상태표(부채 및 자본)(08.03월 이후),A127,기타부채_포인트충당부채,,,,,,,,,,,,,,,,,, ,0,0, ,0, ,0,0, , , , , , , , , , , , , , , , , , , , , , , , , , , , , , , , , , , , , , , , , , , 
1901,리스사,13220,롯데오토리스㈜,B,SK104,요약재무상태표(부채 및 자본)(08.03월 이후),A128,기타부채_미지급배당금,,,,,,,,,,,,,,,,,, ,0,0, ,0, ,0,0, , , , , , , , , , , , , , , , , , , , , , , , , , , , , , , , , , , , , , , , , , , 
1902,리스사,13220,롯데오토리스㈜,B,SK104,요약재무상태표(부채 및 자본)(08.03월 이후),A129,기타부채_이연법인세부채,,,,,,,,,,,,,,,,,, ,0,0,198000000,347000000,347000000,303000000,2000000, , , ,142000000,841000000,785000000,1376000000,1376000000,1184000000,1043000000,1870000000,1279000000,1471000000,1472000000,2670000000,1413000000,1793000000,686000000,3512000000,3836000000,1565000000,1308000000,1922000000,1758000000,1347000000,1519000000,1233000000,1856000000,1502000000,1486000000,1598000000,1832000000,2134000000,2507000000,2303000000,2273000000,2072000000,1909000000,2001000000,2077000000,1913000000,1455000000,1619000000
1903,리스사,13220,롯데오토리스㈜,B,SK104,요약재무상태표(부채 및 자본)(08.03월 이후),A12A,기타부채_외화환산대,,,,,,,,,,,,,,,,,, ,0,0, ,0, ,0,0, , , , , , , , , , , , , , , , , , , , , , , , , , , , , , , , , , , , , , , , , , , 
1904,리스사,13220,롯데오토리스㈜,B,SK104,요약재무상태표(부채 및 자본)(08.03월 이후),A12B,기타부채_미사용약정충당금,,,,,,,,,,,,,,,,,, ,0,0, ,0, ,0,0, , , , , , , , , , , , , , , , , , , , , , , , , , , , , , , , , , , , , , , , , , , 
1905,리스사,13220,롯데오토리스㈜,B,SK104,요약재무상태표(부채 및 자본)(08.03월 이후),A12C,기타부채_이자율위험포트폴리오위험회피 대상의 공정가액변동부채,,,,,,,,,,,,,,,,,, ,0,0, ,0, ,0,0, , , , , , , , , , , , , , , , , , , , , , , , , , , , , , , , , , , , , , , , , , , 
1906,리스사,13220,롯데오토리스㈜,B,SK104,요약재무상태표(부채 및 자본)(08.03월 이후),A12D,기타부채_기타의 기타부채,,,,,,,,,,,,,,,,,, ,0,0, ,0, ,0,0, , , , , , , , , , , , , , , , , , , ,217000000,135000000,158000000,156000000,137000000,488000000,396000000,308000000,211000000,170000000,153000000,135000000,117000000,142000000,123000000,122000000,214000000,185000000,233000000,205000000,180000000,159000000,140000000,182000000
1907,리스사,13220,롯데오토리스㈜,B,SK104,요약재무상태표(부채 및 자본)(08.03월 이후),A13,요구불상환지분,,,,,,,,,,,,,,,,,, ,0,0, ,0, ,0,0, , , , , , , , , , , , , , , , , , , , , , , , , , , , , , , , , , , , , , , , , , , 
1908,리스사,13220,롯데오토리스㈜,B,SK104,요약재무상태표(부채 및 자본)(08.03월 이후),A130,요구불상환지분_상환우선주,,,,,,,,,,,,,,,,,, ,0,0, ,0, ,0,0, , , , , , , , , , , , , , , , , , , , , , , , , , , , , , , , , , , , , , , , , , , 
1909,리스사,13220,롯데오토리스㈜,B,SK104,요약재무상태표(부채 및 자본)(08.03월 이후),A131,요구불상환지분_기타,,,,,,,,,,,,,,,,,, ,0,0, ,0, ,0,0, , , , , , , , , , , , , , , , , , , , , , , , , , , , , , , , , , , , , , , , , , , 
1910,리스사,13220,롯데오토리스㈜,B,SK104,요약재무상태표(부채 및 자본)(08.03월 이후),A2,자본,,,,,,,,,,,,,,,,,,67354000000,69224000000,71581000000,73653000000,76084000000,78449000000,80420000000,82752000000,84758000000,87088000000,89345000000,92298000000,95619000000,98045000000,100049000000,103031000000,105685000000,108302000000,112488000000,114595000000,118167000000,121842000000,127129000000,125754000000,128759000000,131411000000,134173000000,135833000000,140876000000,141747000000,144261000000,145292000000,146936000000,150851000000,151230000000,154922000000,159539000000,164489000000,170432000000,175438000000,179846000000,184036000000,188716000000,192975000000,197411000000,201231000000,201430000000,203592000000,206560000000,211727000000,215423000000
1911,리스사,13220,롯데오토리스㈜,B,SK104,요약재무상태표(부채 및 자본)(08.03월 이후),A21,자본금,,,,,,,,,,,,,,,,,,40000000000,40000000000,40000000000,40000000000,40000000000,40000000000,40000000000,40000000000,40000000000,40000000000,40000000000,40000000000,40000000000,40000000000,40000000000,40000000000,40000000000,40000000000,40000000000,40000000000,40000000000,40000000000,40000000000,40000000000,40000000000,40000000000,40000000000,40000000000,40000000000,40000000000,40000000000,40000000000,40000000000,40000000000,40000000000,40000000000,40000000000,40000000000,40000000000,40000000000,40000000000,40000000000,40000000000,40000000000,40000000000,40000000000,40000000000,40000000000,40000000000,40000000000,40000000000
1912,리스사,13220,롯데오토리스㈜,B,SK104,요약재무상태표(부채 및 자본)(08.03월 이후),A210,자본금_보통주자본금,,,,,,,,,,,,,,,,,,40000000000,40000000000,40000000000,40000000000,40000000000,40000000000,40000000000,40000000000,40000000000,40000000000,40000000000,40000000000,40000000000,40000000000,40000000000,40000000000,40000000000,40000000000,40000000000,40000000000,40000000000,40000000000,40000000000,40000000000,40000000000,40000000000,40000000000,40000000000,40000000000,40000000000,40000000000,40000000000,40000000000,40000000000,40000000000,40000000000,40000000000,40000000000,40000000000,40000000000,40000000000,40000000000,40000000000,40000000000,40000000000,40000000000,40000000000,40000000000,40000000000,40000000000,40000000000
1913,리스사,13220,롯데오토리스㈜,B,SK104,요약재무상태표(부채 및 자본)(08.03월 이후),A211,자본금_우선주자본금,,,,,,,,,,,,,,,,,, ,0,0, ,0, ,0,0, , , , , , , , , , , , , , , , , , , , , , , , , , , , , , , , , , , , , , , , , , , 
1914,리스사,13220,롯데오토리스㈜,B,SK104,요약재무상태표(부채 및 자본)(08.03월 이후),A212,자본금_신주청약증거금,,,,,,,,,,,,,,,,,, ,0,0, ,0, ,0,0, , , , , , , , , , , , , , , , , , , , , , , , , , , , , , , , , , , , , , , , , , , 
1915,리스사,13220,롯데오토리스㈜,B,SK104,요약재무상태표(부채 및 자본)(08.03월 이후),A22,자본잉여금,,,,,,,,,,,,,,,,,,21260000000,21260000000,21260000000,21260000000,21260000000,21260000000,21260000000,21260000000,21260000000,21260000000,21260000000,21260000000,21260000000,21260000000,21260000000,21260000000,21260000000,21260000000,21260000000,21260000000,21260000000,21260000000,21260000000,21260000000,21260000000,21260000000,21260000000,21260000000,21260000000,21260000000,21260000000,21260000000,21260000000,21260000000,21260000000,21260000000,21260000000,21260000000,21260000000,21260000000,21260000000,21260000000,21260000000,21260000000,21260000000,21260000000,21260000000,21260000000,21260000000,21260000000,21260000000
1916,리스사,13220,롯데오토리스㈜,B,SK104,요약재무상태표(부채 및 자본)(08.03월 이후),A220,자본잉여금_주식발행초과금,,,,,,,,,,,,,,,,,,21260000000,21260000000,21260000000,21260000000,21260000000,21260000000,21260000000,21260000000,21260000000,21260000000,21260000000,21260000000,21260000000,21260000000,21260000000,21260000000,21260000000,21260000000,21260000000,21260000000,21260000000,21260000000,21260000000,21260000000,21260000000,21260000000,21260000000,21260000000,21260000000,21260000000,21260000000,21260000000,21260000000,21260000000,21260000000,21260000000,21260000000,21260000000,21260000000,21260000000,21260000000,21260000000,21260000000,21260000000,21260000000,21260000000,21260000000,21260000000,21260000000,21260000000,21260000000
1917,리스사,13220,롯데오토리스㈜,B,SK104,요약재무상태표(부채 및 자본)(08.03월 이후),A221,자본잉여금_감자차익,,,,,,,,,,,,,,,,,, ,0,0, ,0, ,0,0, , , , , , , , , , , , , , , , , , , , , , , , , , , , , , , , , , , , , , , , , , , 
1918,리스사,13220,롯데오토리스㈜,B,SK104,요약재무상태표(부채 및 자본)(08.03월 이후),A222,자본잉여금_기타자본잉여금,,,,,,,,,,,,,,,,,, ,0,0, ,0, ,0,0, , , , , , , , , , , , , , , , , , , , , , , , , , , , , , , , , , , , , , , , , , , 
1919,리스사,13220,롯데오토리스㈜,B,SK104,요약재무상태표(부채 및 자본)(08.03월 이후),A23,이익잉여금(결손금),,,,,,,,,,,,,,,,,,6093000000,7964000000,10415000000,12487000000,14917000000,17284000000,19159000000,21618000000,23625000000,25957000000,28174000000,31128000000,34449000000,36875000000,38908000000,41888000000,44547000000,47165000000,51388000000,53496000000,57071000000,60748000000,66021000000,64650000000,67658000000,70314000000,73256000000,74921000000,79967000000,80840000000,83454000000,84489000000,86137000000,90055000000,90434000000,94118000000,98694000000,103687000000,109665000000,114762000000,119142000000,123389000000,127887000000,132152000000,136558000000,140451000000,140891000000,143038000000,146067000000,151182000000,154958000000
1920,리스사,13220,롯데오토리스㈜,B,SK104,요약재무상태표(부채 및 자본)(08.03월 이후),A230,이익잉여금(결손금)_이익준비금,,,,,,,,,,,,,,,,,, ,0,0, ,0, ,0,0, , , , , , , , , , , , , , , , , , , , , , , , , , , , , , , , , , , , , , , , , , , 
1921,리스사,13220,롯데오토리스㈜,B,SK104,요약재무상태표(부채 및 자본)(08.03월 이후),A231,이익잉여금(결손금)_기업합리화적립금,,,,,,,,,,,,,,,,,, ,0,0, ,0, ,0,0, , , , , , , , , , , , , , , , , , , , , , , , , , , , , , , , , , , , , , , , , , , 
1922,리스사,13220,롯데오토리스㈜,B,SK104,요약재무상태표(부채 및 자본)(08.03월 이후),A232,이익잉여금(결손금)_투융자손실준비금,,,,,,,,,,,,,,,,,, ,0,0, ,0, ,0,0, , , , , , , , , , , , , , , , , , , , , , , , , , , , , , , , , , , , , , , , , , , 
1923,리스사,13220,롯데오토리스㈜,B,SK104,요약재무상태표(부채 및 자본)(08.03월 이후),A233,이익잉여금(결손금)_기타 법정적립금,,,,,,,,,,,,,,,,,, ,0,0, ,0, ,0,0, , , , , , , , , , , , , , , , , , , , , , , , , , , , , , , , , , , , , , , , , , , 
1924,리스사,13220,롯데오토리스㈜,B,SK104,요약재무상태표(부채 및 자본)(08.03월 이후),A234,이익잉여금(결손금)_임의적립금,,,,,,,,,,,,,,,,,, ,0,0, ,0, ,0,0, , , , , , , , , , , , , , , , , , , , , , , , , , , , , , , , , , , , , , , , , , , 
1925,리스사,13220,롯데오토리스㈜,B,SK104,요약재무상태표(부채 및 자본)(08.03월 이후),A235,이익잉여금(결손금)_해외투자손실준비금,,,,,,,,,,,,,,,,,, ,0,0, ,0, ,0,0, , , , , , , , , , , , , , , , , , , , , , , , , , , , , , , , , , , , , , , , , , , 
1926,리스사,13220,롯데오토리스㈜,B,SK104,요약재무상태표(부채 및 자본)(08.03월 이후),A236,이익잉여금(결손금)_미처분이익잉여금(미처리결손금),,,,,,,,,,,,,,,,,,1158000000,1157000000,1158000000,9274000000,9274000000,9274000000,18019000000,18144000000,18144000000,18144000000,18144000000,26982000000,26982000000,26982000000,26982000000,37768000000,37768000000,37768000000,37768000000,50247000000,50247000000,50247000000,50247000000,59125000000,58985000000,58985000000,58985000000,71196000000,71196000000,71196000000,70170000000,79056000000,79708000000,81347000000,83601000000,91189000000,91549000000,91382000000,87348000000,106578000000,106578000000,106578000000,106578000000,124801000000,124801000000,124801000000,124801000000,134518000000,137805000000,137805000000,137805000000
1927,리스사,13220,롯데오토리스㈜,B,SK104,요약재무상태표(부채 및 자본)(08.03월 이후),A237,이익잉여금(결손금)_대손준비금,,,,,,,,,,,,,,,,,, ,0,0,1140000000,1140000000,1140000000,1140000000,1140000000,1140000000,1140000000,1140000000,1140000000,1140000000,1140000000,1140000000,1140000000,1140000000,1140000000,1140000000,1140000000,1140000000,1140000000,1140000000,2060000000,2060000000,2060000000,2060000000,2060000000,2060000000,2060000000,3086000000,4398000000,3745000000,2107000000,-148000000,-755000000,-1115000000,-947000000,3086000000,3086000000,3086000000,3086000000,3086000000,3086000000,3086000000,3086000000,3086000000,6373000000,3086000000,3086000000,3086000000
1928,리스사,13220,롯데오토리스㈜,B,SK104,요약재무상태표(부채 및 자본)(08.03월 이후),A238,이익잉여금(결손금)_(당기순손익),,,,,,,,,,,,,,,,,,4935000000,6807000000,9257000000,2072000000,4503000000,6870000000,8870000000,2333000000,4341000000,6673000000,8890000000,3006000000,6327000000,8753000000,10786000000,2980000000,5638000000,8257000000,12479000000,2109000000,5683000000,9360000000,14634000000,3465000000,6613000000,9269000000,12212000000,1665000000,6710000000,7584000000,10197000000,1036000000,2683000000,6602000000,6981000000,3684000000,8260000000,13253000000,19230000000,5097000000,9477000000,13724000000,18222000000,4265000000,8671000000,12564000000,13004000000,2147000000,5176000000,10291000000,14067000000
1929,리스사,13220,롯데오토리스㈜,B,SK104,요약재무상태표(부채 및 자본)(08.03월 이후),A24,자본조정,,,,,,,,,,,,,,,,,,0,0,0,-94000000,0, ,0,0, , , , , , , , , , , , , , , , , , , , , , , , , , , , , , , , , , , , , , , , , , , 
1930,리스사,13220,롯데오토리스㈜,B,SK104,요약재무상태표(부채 및 자본)(08.03월 이후),A240,자본조정_주식할인발행차금,,,,,,,,,,,,,,,,,, ,0,0, ,0, ,0,0, , , , , , , , , , , , , , , , , , , , , , , , , , , , , , , , , , , , , , , , , , , 
1931,리스사,13220,롯데오토리스㈜,B,SK104,요약재무상태표(부채 및 자본)(08.03월 이후),A241,자본조정_배당건설이자,,,,,,,,,,,,,,,,,, ,0,0, ,0, ,0,0, , , , , , , , , , , , , , , , , , , , , , , , , , , , , , , , , , , , , , , , , , , 
1932,리스사,13220,롯데오토리스㈜,B,SK104,요약재무상태표(부채 및 자본)(08.03월 이후),A242,자본조정_자기주식,,,,,,,,,,,,,,,,,, ,0,0, ,0, ,0,0, , , , , , , , , , , , , , , , , , , , , , , , , , , , , , , , , , , , , , , , , , , 
1933,리스사,13220,롯데오토리스㈜,B,SK104,요약재무상태표(부채 및 자본)(08.03월 이후),A243,자본조정_주식매수선택권,,,,,,,,,,,,,,,,,, ,0,0, ,0, ,0,0, , , , , , , , , , , , , , , , , , , , , , , , , , , , , , , , , , , , , , , , , , , 
1934,리스사,13220,롯데오토리스㈜,B,SK104,요약재무상태표(부채 및 자본)(08.03월 이후),A244,자본조정_미교부주식배당금,,,,,,,,,,,,,,,,,, ,0,0, ,0, ,0,0, , , , , , , , , , , , , , , , , , , , , , , , , , , , , , , , , , , , , , , , , , , 
1935,리스사,13220,롯데오토리스㈜,B,SK104,요약재무상태표(부채 및 자본)(08.03월 이후),A245,자본조정_기타 자본조정,,,,,,,,,,,,,,,,,,0,0,0,-94000000,0, ,0,0, , , , , , , , , , , , , , , , , , , , , , , , , , , , , , , , , , , , , , , , , , , 
1936,리스사,13220,롯데오토리스㈜,B,SK104,요약재무상태표(부채 및 자본)(08.03월 이후),A25,기타포괄손익누계액,,,,,,,,,,,,,,,,,, ,0,-94000000, ,-94000000,-96000000,0,-126000000,-128000000,-129000000,-90000000,-90000000,-90000000,-90000000,-120000000,-118000000,-122000000,-123000000,-160000000,-162000000,-164000000,-166000000,-152000000,-156000000,-159000000,-163000000,-343000000,-348000000,-351000000,-353000000,-453000000,-457000000,-461000000,-464000000,-464000000,-456000000,-415000000,-458000000,-493000000,-584000000,-556000000,-613000000,-431000000,-437000000,-407000000,-480000000,-721000000,-706000000,-767000000,-715000000,-795000000
1937,리스사,13220,롯데오토리스㈜,B,SK104,요약재무상태표(부채 및 자본)(08.03월 이후),A250,기타포괄손익누계액_매도가능금융자산평가이익,,,,,,,,,,,,,,,,,, ,0,0, ,0, ,0,0, , , , , , , , , , , , , , , , , , , , , , , , , , , , , , , , , , , , , , , , , , , 
1938,리스사,13220,롯데오토리스㈜,B,SK104,요약재무상태표(부채 및 자본)(08.03월 이후),A251,기타포괄손익누계액_매도가능금융자산평가손실,,,,,,,,,,,,,,,,,, ,0,0, ,0, ,0,0, , , , , , , , , , , , , , , , , , , , , , , , , , , , , , , , , , , , , , , , , , , 
1939,리스사,13220,롯데오토리스㈜,B,SK104,요약재무상태표(부채 및 자본)(08.03월 이후),A252,기타포괄손익누계액_해외사업환산이익,,,,,,,,,,,,,,,,,, ,0,0, ,0, ,0,0, , , , , , , , , , , , , , , , , , , , , , , , , , , , , , , , , , , , , , , , , , , 
1940,리스사,13220,롯데오토리스㈜,B,SK104,요약재무상태표(부채 및 자본)(08.03월 이후),A253,기타포괄손익누계액_해외사업환산손실,,,,,,,,,,,,,,,,,, ,0,0, ,0, ,0,0, , , , , , , , , , , , , , , , , , , , , , , , , , , , , , , , , , , , , , , , , , , 
1941,리스사,13220,롯데오토리스㈜,B,SK104,요약재무상태표(부채 및 자본)(08.03월 이후),A254,기타포괄손익누계액_현금흐름위험회피 파생상품평가이익,,,,,,,,,,,,,,,,,, ,0,0, ,0, ,0,0, , , , , , , , , , , , , , , , , , , , , , , , , , , , , , , , , , , , , , , , , , , 
1942,리스사,13220,롯데오토리스㈜,B,SK104,요약재무상태표(부채 및 자본)(08.03월 이후),A255,기타포괄손익누계액_현금흐름위험회피 파생상품평가손실,,,,,,,,,,,,,,,,,, ,0,0, ,0, ,0,0, , , , , , , , , , , , , , , , , , , , , , , , , , , , , , , , , , , , , , , , , , , 
1943,리스사,13220,롯데오토리스㈜,B,SK104,요약재무상태표(부채 및 자본)(08.03월 이후),A256,기타포괄손익누계액_지분법자본변동,,,,,,,,,,,,,,,,,, ,0,0, ,0, ,0,0, , , , , , , , , , , , , , , , , , , , , , , , , , , , , , , , , , , , , , , , , , , 
1944,리스사,13220,롯데오토리스㈜,B,SK104,요약재무상태표(부채 및 자본)(08.03월 이후),A257,기타포괄손익누계액_부의 지분법자본변동,,,,,,,,,,,,,,,,,, ,0,0, ,0, ,0,0, , , , , , , , , , , , , , , , , , , , , , , , , , , , , , , , , , , , , , , , , , , 
1945,리스사,13220,롯데오토리스㈜,B,SK104,요약재무상태표(부채 및 자본)(08.03월 이후),A258,기타포괄손익누계액_유형자산 재평가이익,,,,,,,,,,,,,,,,,, ,0,0, ,0, ,0,0, , , , , , , , , , , , , , , , , , , , , , , , , , , , , , , , , , , , , , , , , , , 
1946,리스사,13220,롯데오토리스㈜,B,SK104,요약재무상태표(부채 및 자본)(08.03월 이후),A259,기타포괄손익누계액_기타,,,,,,,,,,,,,,,,,, ,0,-94000000, ,-94000000,-96000000,0,-126000000,-128000000,-129000000,-90000000,-90000000,-90000000,-90000000,-120000000,-118000000,-122000000,-123000000,-160000000,-162000000,-164000000,-166000000,-152000000,-156000000,-159000000,-163000000,-343000000,-348000000,-351000000,-353000000,-453000000,-457000000,-461000000,-464000000,-464000000,-456000000,-415000000,-458000000,-493000000,-584000000,-556000000,-613000000,-431000000,-437000000,-407000000,-480000000,-721000000,-706000000,-767000000,-715000000,-795000000
1947,리스사,13405,한컴밸류인베스트먼트㈜,B,SK104,요약재무상태표(부채 및 자본)(08.03월 이후),A,부채 및 자본총계,,,,,,,,,,,,,,,,,,,,,,,20046000000,20698000000,19816000000,19234000000,18857000000,21628000000,21039000000,29565000000,34974000000,32403000000,29645000000,25303000000,30273000000,25745000000,24235000000,26601000000,27868000000,26172000000,26944000000,24877000000,26544000000,25028000000,24620000000,25514000000,29886000000,29085000000,28189000000,27737000000,42920000000,42183000000,42385000000,51177000000,54153000000,52444000000,50077000000,62585000000,57970000000,50009000000,48800000000,43127000000,42162000000,37082000000,36467000000,34988000000,37436000000,39859000000
1948,리스사,13405,한컴밸류인베스트먼트㈜,B,SK104,요약재무상태표(부채 및 자본)(08.03월 이후),A1,부채,,,,,,,,,,,,,,,,,,,,,,,32000000,737000000,93000000,112000000,168000000,2501000000,2370000000,10991000000,16430000000,13785000000,11140000000,6344000000,11782000000,7542000000,5812000000,7823000000,9160000000,6965000000,7402000000,5673000000,7280000000,6021000000,4992000000,5844000000,10312000000,9005000000,8216000000,7310000000,21709000000,20414000000,20522000000,29148000000,29980000000,28413000000,24030000000,36491000000,31537000000,23740000000,22566000000,16490000000,15265000000,10592000000,9995000000,9204000000,13402000000,20362000000
1949,리스사,13405,한컴밸류인베스트먼트㈜,B,SK104,요약재무상태표(부채 및 자본)(08.03월 이후),A11,차입부채,,,,,,,,,,,,,,,,,,,,,,,0,0,0,0,0,1000000000,1000000000,10500000000,15893000000,13403000000,10909000000,6042000000,11537000000,7421000000,5633000000,7399000000,8727000000,6583000000,7056000000,5422000000,6789000000,5556000000,4489000000,5541000000,9372000000,8076000000,6909000000,5737000000,19608000000,17882000000,18657000000,27744000000,26560000000,25089000000,21589000000,33729000000,29355000000,22225000000,21308000000,15076000000,14072000000,9775000000,9405000000,8517000000,13000000000,20000000000
1950,리스사,13405,한컴밸류인베스트먼트㈜,B,SK104,요약재무상태표(부채 및 자본)(08.03월 이후),A110,차입부채_차입금,,,,,,,,,,,,,,,,,,,,,,,0,0,0,0,0,1000000000,0,0,0,0,0,0,0,0,0,0,0,0,0,0,0,0,0,0,0,0,6909000000,5737000000,19608000000,17882000000,18657000000,27744000000,26560000000,25089000000,21589000000,33729000000,29355000000,22225000000,21308000000,15076000000,14072000000,9775000000,9405000000,5517000000,10000000000,17000000000
1951,리스사,13405,한컴밸류인베스트먼트㈜,B,SK104,요약재무상태표(부채 및 자본)(08.03월 이후),A111,차입부채_차입금_단기차입금,,,,,,,,,,,,,,,,,,,,,,,0,0,0,0,0,1000000000,1000000000,3500000000,5333000000,4833000000,4333000000,2375000000,4750000000,2625000000,5633000000,4866000000,6160000000,4916000000,6122000000,4889000000,6656000000,5556000000,4489000000,5082000000,7645000000,7465000000,6909000000,5737000000,12194000000,14098000000,17506000000,24290000000,25148000000,24056000000,20939000000,32037000000,28493000000,22225000000,21308000000,15076000000,13490000000,9540000000,9405000000,5517000000,800000000,8100000000
1952,리스사,13405,한컴밸류인베스트먼트㈜,B,SK104,요약재무상태표(부채 및 자본)(08.03월 이후),A112,차입부채_차입금_콜머니,,,,,,,,,,,,,,,,,,,,,,,0,0,0,0,0,0,0,0,0,0,0,0,0,0,0,0,0,0,0,0,0,0,0,0,0,0,0,0,0,0,0,0,0,0,0,0,0,0,0,0,0,0,0,0,0,0
1953,리스사,13405,한컴밸류인베스트먼트㈜,B,SK104,요약재무상태표(부채 및 자본)(08.03월 이후),A113,차입부채_차입금_장기차입금,,,,,,,,,,,,,,,,,,,,,,,0,0,0,0,0,0,0,7000000000,10560000000,8570000000,6576000000,3667000000,6787000000,4796000000,0,2533000000,2567000000,1667000000,934000000,533000000,133000000,0,0,459000000,1727000000,611000000,0,0,7414000000,3784000000,1151000000,3454000000,1412000000,1033000000,650000000,1692000000,862000000,0,0,0,582000000,235000000,0,0,9200000000,8900000000
1954,리스사,13405,한컴밸류인베스트먼트㈜,B,SK104,요약재무상태표(부채 및 자본)(08.03월 이후),A114,차입부채_차입금_유동성 장기차입금,,,,,,,,,,,,,,,,,,,,,,,0,0,0,0,0,0,0,0,0,0,0,0,0,0,0,4366000000,0,0,0,0,0,0,0,0,0,0,0,0,0,0,0,0,0,0,0,0,0,0,0,0,0,0,0,0,0,0
1955,리스사,13405,한컴밸류인베스트먼트㈜,B,SK104,요약재무상태표(부채 및 자본)(08.03월 이후),A115,차입부채_사 채,,,,,,,,,,,,,,,,,,,,,,,0,0,0,0,0,0,0,0,0,0,0,0,0,0,0,0,0,0,0,0,0,0,0,0,0,0,0,0,0,0,0,0,0,0,0,0,0,0,0,0,0,0,0,3000000000,3000000000,3000000000
1956,리스사,13405,한컴밸류인베스트먼트㈜,B,SK104,요약재무상태표(부채 및 자본)(08.03월 이후),A1150,차입부채_사 채_단기사채,,,,,,,,,,,,,,,,,,,,,,,0,0,0,0,0,0,0,0,0,0,0,0,0,0,0,0,0,0,0,0,0,0,0,0,0,0,0,0,0,0,0,0,0,0,0,0,0,0,0,0,0,0,0,3000000000,3000000000,3000000000
1957,리스사,13405,한컴밸류인베스트먼트㈜,B,SK104,요약재무상태표(부채 및 자본)(08.03월 이후),A11500,차입부채_사 채_단기사채_(사채발행차금),,,,,,,,,,,,,,,,,,,,,,,0,0,0,0,0,0,0,0,0,0,0,0,0,0,0,0,0,0,0,0,0,0,0,0,0,0,0,0,0,0,0,0,0,0,0,0,0,0,0,0,0,0,0,0,0,0
1958,리스사,13405,한컴밸류인베스트먼트㈜,B,SK104,요약재무상태표(부채 및 자본)(08.03월 이후),A1151,차입부채_사 채_유동성사채,,,,,,,,,,,,,,,,,,,,,,,0,0,0,0,0,0,0,0,0,0,0,0,0,0,0,0,0,0,0,0,0,0,0,0,0,0,0,0,0,0,0,0,0,0,0,0,0,0,0,0,0,0,0,0,0,0
1959,리스사,13405,한컴밸류인베스트먼트㈜,B,SK104,요약재무상태표(부채 및 자본)(08.03월 이후),A11510,차입부채_사 채_유동성사채_(유동성사채발행차금),,,,,,,,,,,,,,,,,,,,,,,0,0,0,0,0,0,0,0,0,0,0,0,0,0,0,0,0,0,0,0,0,0,0,0,0,0,0,0,0,0,0,0,0,0,0,0,0,0,0,0,0,0,0,0,0,0
1960,리스사,13405,한컴밸류인베스트먼트㈜,B,SK104,요약재무상태표(부채 및 자본)(08.03월 이후),A1152,차입부채_사 채_장기사채,,,,,,,,,,,,,,,,,,,,,,,0,0,0,0,0,0,0,0,0,0,0,0,0,0,0,0,0,0,0,0,0,0,0,0,0,0,0,0,0,0,0,0,0,0,0,0,0,0,0,0,0,0,0,0,0,0
1961,리스사,13405,한컴밸류인베스트먼트㈜,B,SK104,요약재무상태표(부채 및 자본)(08.03월 이후),A11520,차입부채_사 채_장기사채_(사채발행차금),,,,,,,,,,,,,,,,,,,,,,,0,0,0,0,0,0,0,0,0,0,0,0,0,0,0,0,0,0,0,0,0,0,0,0,0,0,0,0,0,0,0,0,0,0,0,0,0,0,0,0,0,0,0,0,0,0
1962,리스사,13405,한컴밸류인베스트먼트㈜,B,SK104,요약재무상태표(부채 및 자본)(08.03월 이후),A1153,차입부채_사 채_기타,,,,,,,,,,,,,,,,,,,,,,,0,0,0,0,0,0,0,0,0,0,0,0,0,0,0,0,0,0,0,0,0,0,0,0,0,0,0,0,0,0,0,0,0,0,0,0,0,0,0,0,0,0,0,0,0,0
1963,리스사,13405,한컴밸류인베스트먼트㈜,B,SK104,요약재무상태표(부채 및 자본)(08.03월 이후),A12,기타부채,,,,,,,,,,,,,,,,,,,,,,,32000000,737000000,93000000,112000000,168000000,1501000000,1370000000,491000000,537000000,382000000,231000000,302000000,245000000,121000000,179000000,424000000,433000000,382000000,346000000,251000000,491000000,465000000,503000000,303000000,940000000,929000000,1307000000,1573000000,2101000000,2532000000,1865000000,1404000000,3420000000,3324000000,2441000000,2762000000,2182000000,1515000000,1258000000,1414000000,1193000000,817000000,590000000,687000000,402000000,362000000
1964,리스사,13405,한컴밸류인베스트먼트㈜,B,SK104,요약재무상태표(부채 및 자본)(08.03월 이후),A120,기타부채_영업미지급금,,,,,,,,,,,,,,,,,,,,,,,0,0,0,0,0,0,0,0,0,0,0,0,0,0,0,0,0,0,0,0,0,0,0,0,0,0,0,0,0,0,0,0,0,0,0,0,0,0,0,0,0,0,0,0,0,0
1965,리스사,13405,한컴밸류인베스트먼트㈜,B,SK104,요약재무상태표(부채 및 자본)(08.03월 이후),A121,기타부채_장기미지급금,,,,,,,,,,,,,,,,,,,,,,,0,0,0,0,0,0,0,0,0,0,0,0,0,0,0,0,0,0,0,0,0,0,0,0,0,0,0,0,0,0,0,0,0,0,0,0,0,0,0,0,0,0,0,0,0,0
1966,리스사,13405,한컴밸류인베스트먼트㈜,B,SK104,요약재무상태표(부채 및 자본)(08.03월 이후),A122,기타부채_기타의 부채,,,,,,,,,,,,,,,,,,,,,,,32000000,737000000,63000000,82000000,93000000,1463000000,1278000000,412000000,459000000,376000000,191000000,246000000,174000000,121000000,159000000,388000000,381000000,381000000,316000000,204000000,428000000,465000000,470000000,257000000,878000000,929000000,1279000000,1500000000,2012000000,2532000000,1806000000,1283000000,3270000000,3324000000,2357000000,2616000000,2008000000,1515000000,1225000000,1352000000,1103000000,817000000,558000000,627000000,350000000,362000000
1967,리스사,13405,한컴밸류인베스트먼트㈜,B,SK104,요약재무상태표(부채 및 자본)(08.03월 이후),A1220,기타부채_기타의 부채_가수금,,,,,,,,,,,,,,,,,,,,,,,0,0,0,3000000,0,0,0,0,0,0,0,0,0,0,0,0,52000000,0,0,0,0,0,0,0,0,0,0,0,0,0,0,0,0,0,0,0,1000000,0,0,0,0,0,3000000,3000000,3000000,0
1968,리스사,13405,한컴밸류인베스트먼트㈜,B,SK104,요약재무상태표(부채 및 자본)(08.03월 이후),A1221,기타부채_기타의 부채_예수금,,,,,,,,,,,,,,,,,,,,,,,7000000,9000000,17000000,23000000,23000000,24000000,17000000,16000000,12000000,12000000,12000000,59000000,11000000,35000000,11000000,11000000,11000000,11000000,26000000,13000000,11000000,12000000,27000000,10000000,10000000,10000000,44000000,17000000,22000000,114000000,42000000,51000000,58000000,215000000,47000000,48000000,49000000,192000000,42000000,34000000,35000000,35000000,36000000,25000000,30000000,30000000
1969,리스사,13405,한컴밸류인베스트먼트㈜,B,SK104,요약재무상태표(부채 및 자본)(08.03월 이후),A1222,기타부채_기타의 부채_선수금,,,,,,,,,,,,,,,,,,,,,,,0,0,0,0,0,0,0,0,0,0,0,0,0,0,0,289000000,229000000,174000000,129000000,63000000,299000000,379000000,362000000,153000000,782000000,693000000,1008000000,1247000000,1112000000,1281000000,857000000,785000000,1439000000,1833000000,1301000000,1310000000,1165000000,1005000000,686000000,613000000,445000000,86000000,35000000,2000000,2000000,0
1970,리스사,13405,한컴밸류인베스트먼트㈜,B,SK104,요약재무상태표(부채 및 자본)(08.03월 이후),A1223,기타부채_기타의 부채_선수수익,,,,,,,,,,,,,,,,,,,,,,,0,0,0,0,0,10000000,23000000,184000000,135000000,143000000,110000000,62000000,40000000,18000000,42000000,16000000,15000000,15000000,65000000,40000000,15000000,3000000,3000000,0,10000000,10000000,6000000,5000000,139000000,42000000,190000000,70000000,196000000,97000000,205000000,116000000,88000000,86000000,112000000,120000000,146000000,170000000,150000000,179000000,123000000,105000000
1971,리스사,13405,한컴밸류인베스트먼트㈜,B,SK104,요약재무상태표(부채 및 자본)(08.03월 이후),A1224,기타부채_기타의 부채_미지급금,,,,,,,,,,,,,,,,,,,,,,,25000000,728000000,46000000,56000000,70000000,53000000,47000000,44000000,33000000,34000000,29000000,29000000,77000000,31000000,30000000,30000000,30000000,115000000,30000000,30000000,33000000,32000000,31000000,32000000,30000000,36000000,31000000,61000000,269000000,363000000,269000000,128000000,642000000,365000000,274000000,485000000,286000000,116000000,150000000,226000000,149000000,293000000,169000000,263000000,109000000,147000000
1972,리스사,13405,한컴밸류인베스트먼트㈜,B,SK104,요약재무상태표(부채 및 자본)(08.03월 이후),A1225,기타부채_기타의 부채_미지급비용,,,,,,,,,,,,,,,,,,,,,,,0,0,0,0,0,1376000000,1186000000,167000000,270000000,174000000,40000000,96000000,46000000,37000000,35000000,38000000,44000000,66000000,66000000,58000000,53000000,39000000,47000000,48000000,36000000,39000000,35000000,33000000,84000000,72000000,90000000,90000000,112000000,99000000,93000000,114000000,114000000,115000000,102000000,97000000,129000000,93000000,87000000,92000000,83000000,80000000
1973,리스사,13405,한컴밸류인베스트먼트㈜,B,SK104,요약재무상태표(부채 및 자본)(08.03월 이후),A1226,기타부채_기타의 부채_미지급법인세,,,,,,,,,,,,,,,,,,,,,,,0,0,0,0,0,0,0,0,0,0,0,0,0,0,0,0,0,0,0,0,0,0,0,0,0,135000000,155000000,103000000,292000000,525000000,340000000,128000000,691000000,691000000,437000000,443000000,299000000,0,133000000,262000000,199000000,140000000,74000000,61000000,0,0
1974,리스사,13405,한컴밸류인베스트먼트㈜,B,SK104,요약재무상태표(부채 및 자본)(08.03월 이후),A1227,기타부채_기타의 부채_선불카드수탁금,,,,,,,,,,,,,,,,,,,,,,,0,0,0,0,0,0,0,0,0,0,0,0,0,0,0,0,0,0,0,0,0,0,0,0,0,0,0,0,0,0,0,0,0,0,0,0,0,0,0,0,0,0,0,0,0,0
1975,리스사,13405,한컴밸류인베스트먼트㈜,B,SK104,요약재무상태표(부채 및 자본)(08.03월 이후),A1228,기타부채_기타의 부채_부가세예수금,,,,,,,,,,,,,,,,,,,,,,,0,0,0,0,0,0,5000000,1000000,9000000,13000000,0,0,0,0,41000000,4000000,0,0,0,0,17000000,0,0,14000000,10000000,6000000,0,34000000,94000000,135000000,18000000,31000000,132000000,24000000,0,100000000,6000000,1000000,0,0,0,0,4000000,2000000,0,0
1976,리스사,13405,한컴밸류인베스트먼트㈜,B,SK104,요약재무상태표(부채 및 자본)(08.03월 이후),A1229,기타부채_기타의 부채_선물환거래대,,,,,,,,,,,,,,,,,,,,,,,0,0,0,0,0,0,0,0,0,0,0,0,0,0,0,0,0,0,0,0,0,0,0,0,0,0,0,0,0,0,0,0,0,0,0,0,0,0,0,0,0,0,0,0,0,0
1977,리스사,13405,한컴밸류인베스트먼트㈜,B,SK104,요약재무상태표(부채 및 자본)(08.03월 이후),A122A,기타부채_기타의 부채_파생상품부채,,,,,,,,,,,,,,,,,,,,,,,0,0,0,0,0,0,0,0,0,0,0,0,0,0,0,0,0,0,0,0,0,0,0,0,0,0,0,0,0,0,0,0,0,0,0,0,0,0,0,0,0,0,0,0,0,0
1978,리스사,13405,한컴밸류인베스트먼트㈜,B,SK104,요약재무상태표(부채 및 자본)(08.03월 이후),A122B,기타부채_기타의 부채_옵션수입프리미엄,,,,,,,,,,,,,,,,,,,,,,,0,0,0,0,0,0,0,0,0,0,0,0,0,0,0,0,0,0,0,0,0,0,0,0,0,0,0,0,0,0,0,0,0,0,0,0,0,0,0,0,0,0,0,0,0,0
1979,리스사,13405,한컴밸류인베스트먼트㈜,B,SK104,요약재무상태표(부채 및 자본)(08.03월 이후),A122C,기타부채_기타의 부채_이연리스수익,,,,,,,,,,,,,,,,,,,,,,,0,0,0,0,0,0,0,0,0,0,0,0,0,0,0,0,0,0,0,0,0,0,0,0,0,0,0,0,0,0,0,0,0,0,0,0,0,0,0,0,0,0,0,0,0,0
1980,리스사,13405,한컴밸류인베스트먼트㈜,B,SK104,요약재무상태표(부채 및 자본)(08.03월 이후),A122D,기타부채_기타의 부채_기타의 유동부채,,,,,,,,,,,,,,,,,,,,,,,0,0,0,0,0,0,0,0,0,0,0,0,0,0,0,0,0,0,0,0,0,0,0,0,0,0,0,0,0,0,0,0,0,0,0,0,0,0,0,0,0,0,0,0,0,0
1981,리스사,13405,한컴밸류인베스트먼트㈜,B,SK104,요약재무상태표(부채 및 자본)(08.03월 이후),A122E,기타부채_유동성 장기부채,,,,,,,,,,,,,,,,,,,,,,,0,0,0,0,0,0,0,0,0,0,0,0,0,0,0,0,0,0,0,0,0,0,0,0,0,0,0,0,0,0,0,0,0,0,0,0,0,0,0,0,0,0,0,0,0,0
1982,리스사,13405,한컴밸류인베스트먼트㈜,B,SK104,요약재무상태표(부채 및 자본)(08.03월 이후),A123,기타부채_리스보증금,,,,,,,,,,,,,,,,,,,,,,,0,0,0,0,0,0,0,0,0,0,0,0,0,0,0,0,0,0,0,0,0,0,0,0,0,0,0,0,0,0,0,0,0,0,0,0,0,0,0,0,0,0,0,0,0,0
1983,리스사,13405,한컴밸류인베스트먼트㈜,B,SK104,요약재무상태표(부채 및 자본)(08.03월 이후),A124,기타부채_보 증 금,,,,,,,,,,,,,,,,,,,,,,,0,0,30000000,30000000,30000000,30000000,30000000,0,0,0,0,0,0,0,0,0,0,0,0,0,0,0,0,0,0,0,0,0,0,0,0,0,0,0,0,0,0,0,0,0,0,0,0,0,0,0
1984,리스사,13405,한컴밸류인베스트먼트㈜,B,SK104,요약재무상태표(부채 및 자본)(08.03월 이후),A1240,기타부채_보 증 금_상환이행보증금,,,,,,,,,,,,,,,,,,,,,,,0,0,0,0,0,0,0,0,0,0,0,0,0,0,0,0,0,0,0,0,0,0,0,0,0,0,0,0,0,0,0,0,0,0,0,0,0,0,0,0,0,0,0,0,0,0
1985,리스사,13405,한컴밸류인베스트먼트㈜,B,SK104,요약재무상태표(부채 및 자본)(08.03월 이후),A1241,기타부채_보 증 금_임대보증금,,,,,,,,,,,,,,,,,,,,,,,0,0,30000000,30000000,30000000,30000000,30000000,0,0,0,0,0,0,0,0,0,0,0,0,0,0,0,0,0,0,0,0,0,0,0,0,0,0,0,0,0,0,0,0,0,0,0,0,0,0,0
1986,리스사,13405,한컴밸류인베스트먼트㈜,B,SK104,요약재무상태표(부채 및 자본)(08.03월 이후),A1242,기타부채_보 증 금_기타보증금,,,,,,,,,,,,,,,,,,,,,,,0,0,0,0,0,0,0,0,0,0,0,0,0,0,0,0,0,0,0,0,0,0,0,0,0,0,0,0,0,0,0,0,0,0,0,0,0,0,0,0,0,0,0,0,0,0
1987,리스사,13405,한컴밸류인베스트먼트㈜,B,SK104,요약재무상태표(부채 및 자본)(08.03월 이후),A125,기타부채_퇴직급여채무,,,,,,,,,,,,,,,,,,,,,,,0,0,0,0,45000000,83000000,131000000,121000000,110000000,114000000,131000000,147000000,162000000,178000000,197000000,213000000,229000000,245000000,274000000,291000000,307000000,324000000,260000000,273000000,289000000,302000000,330000000,375000000,391000000,406000000,465000000,527000000,556000000,578000000,658000000,720000000,748000000,789000000,821000000,851000000,869000000,897000000,930000000,958000000,519000000,539000000
1988,리스사,13405,한컴밸류인베스트먼트㈜,B,SK104,요약재무상태표(부채 및 자본)(08.03월 이후),A1250,기타부채_퇴직급여채무_(미인식보험수리적손익) (+-),,,,,,,,,,,,,,,,,,,,,,, , , , , , , , , , , , , , , , , , , , , , , , , , , , , , , , , , , , , , , , , , , , , , 
1989,리스사,13405,한컴밸류인베스트먼트㈜,B,SK104,요약재무상태표(부채 및 자본)(08.03월 이후),A1251,기타부채_퇴직급여채무_(미인식과거근무원가) (-),,,,,,,,,,,,,,,,,,,,,,, , , , , , , , , , , , , , , , , , , , , , , , , , , , , , , , , , , , , , , , , , , , , , 
1990,리스사,13405,한컴밸류인베스트먼트㈜,B,SK104,요약재무상태표(부채 및 자본)(08.03월 이후),A1252,기타부채_퇴직급여채무_(퇴직급여사외적립자산) (-),,,,,,,,,,,,,,,,,,,,,,, , , , , , , , , , , , , , , , , , , , , , , , , , , , , , , , , , , , , , , , , , , , , , 
1991,리스사,13405,한컴밸류인베스트먼트㈜,B,SK104,요약재무상태표(부채 및 자본)(08.03월 이후),A126,기타부채_지급보증충당금,,,,,,,,,,,,,,,,,,,,,,,0,0,0,0,0,0,0,0,0,0,0,0,0,0,0,0,0,0,0,0,0,0,0,0,0,0,0,0,0,0,0,0,0,0,0,0,0,0,0,0,0,0,0,0,0,0
1992,리스사,13405,한컴밸류인베스트먼트㈜,B,SK104,요약재무상태표(부채 및 자본)(08.03월 이후),A127,기타부채_포인트충당부채,,,,,,,,,,,,,,,,,,,,,,,0,0,0,0,0,0,0,0,0,0,0,0,0,0,0,0,0,0,0,0,0,0,0,0,0,0,0,0,0,0,0,0,0,0,0,0,0,0,0,0,0,0,0,0,0,0
1993,리스사,13405,한컴밸류인베스트먼트㈜,B,SK104,요약재무상태표(부채 및 자본)(08.03월 이후),A128,기타부채_미지급배당금,,,,,,,,,,,,,,,,,,,,,,,0,0,0,0,0,0,0,0,0,0,0,0,0,0,0,0,0,0,0,0,0,0,0,0,0,0,0,0,0,0,0,0,0,0,0,0,0,0,0,0,0,0,0,0,0,0
1994,리스사,13405,한컴밸류인베스트먼트㈜,B,SK104,요약재무상태표(부채 및 자본)(08.03월 이후),A129,기타부채_이연법인세부채,,,,,,,,,,,,,,,,,,,,,,,0,0,0,0,0,0,0,0,0,0,0,0,0,0,0,0,0,0,0,0,0,0,0,0,0,0,0,0,0,0,0,0,0,0,0,0,0,0,0,0,0,0,0,0,0,0
1995,리스사,13405,한컴밸류인베스트먼트㈜,B,SK104,요약재무상태표(부채 및 자본)(08.03월 이후),A12A,기타부채_외화환산대,,,,,,,,,,,,,,,,,,,,,,,0,0,0,0,0,0,0,0,0,0,0,0,0,0,0,0,0,0,0,0,0,0,0,0,0,0,0,0,0,0,0,0,0,0,0,0,0,0,0,0,0,0,0,0,0,0
1996,리스사,13405,한컴밸류인베스트먼트㈜,B,SK104,요약재무상태표(부채 및 자본)(08.03월 이후),A12B,기타부채_미사용약정충당금,,,,,,,,,,,,,,,,,,,,,,,0,0,0,0,0,0,0,0,0,0,0,0,0,0,0,0,0,0,0,0,0,0,0,0,0,0,0,0,0,0,0,0,0,0,0,0,0,0,0,0,0,0,0,0,0,0
1997,리스사,13405,한컴밸류인베스트먼트㈜,B,SK104,요약재무상태표(부채 및 자본)(08.03월 이후),A12C,기타부채_이자율위험포트폴리오위험회피 대상의 공정가액변동부채,,,,,,,,,,,,,,,,,,,,,,, , , , , , , , , , , , , , , , , , , , , , , , , , , , , , , , , , , , , , , , , , , , , , 
1998,리스사,13405,한컴밸류인베스트먼트㈜,B,SK104,요약재무상태표(부채 및 자본)(08.03월 이후),A12D,기타부채_기타의 기타부채,,,,,,,,,,,,,,,,,,,,,,,0,0,0,0,0,0,0,0,0,0,0,0,0,0,0,0,0,0,0,0,0,0,0,0,0,0,0,0,0,0,0,0,0,0,0,0,0,0,0,0,0,0,0,0,0,0
1999,리스사,13405,한컴밸류인베스트먼트㈜,B,SK104,요약재무상태표(부채 및 자본)(08.03월 이후),A13,요구불상환지분,,,,,,,,,,,,,,,,,,,,,,, , , , , , , , , , , , , , , , , , , , , , , , , , , , , , , , , , , , , , , , , , , , , , 
2000,리스사,13405,한컴밸류인베스트먼트㈜,B,SK104,요약재무상태표(부채 및 자본)(08.03월 이후),A130,요구불상환지분_상환우선주,,,,,,,,,,,,,,,,,,,,,,, , , , , , , , , , , , , , , , , , , , , , , , , , , , , , , , , , , , , , , , , , , , , , 
2001,리스사,13405,한컴밸류인베스트먼트㈜,B,SK104,요약재무상태표(부채 및 자본)(08.03월 이후),A131,요구불상환지분_기타,,,,,,,,,,,,,,,,,,,,,,, , , , , , , , , , , , , , , , , , , , , , , , , , , , , , , , , , , , , , , , , , , , , , 
2002,리스사,13405,한컴밸류인베스트먼트㈜,B,SK104,요약재무상태표(부채 및 자본)(08.03월 이후),A2,자본,,,,,,,,,,,,,,,,,,,,,,,20014000000,19961000000,19723000000,19122000000,18689000000,19127000000,18669000000,18574000000,18544000000,18618000000,18505000000,18959000000,18491000000,18203000000,18423000000,18778000000,18708000000,19207000000,19542000000,19204000000,19264000000,19007000000,19628000000,19670000000,19574000000,20080000000,19973000000,20427000000,21211000000,21769000000,21863000000,22029000000,24173000000,24031000000,26047000000,26094000000,26433000000,26269000000,26234000000,26637000000,26897000000,26490000000,26472000000,25784000000,24034000000,19497000000
2003,리스사,13405,한컴밸류인베스트먼트㈜,B,SK104,요약재무상태표(부채 및 자본)(08.03월 이후),A21,자본금,,,,,,,,,,,,,,,,,,,,,,,20000000000,20000000000,20000000000,20000000000,20000000000,20000000000,20000000000,20000000000,20000000000,20000000000,20000000000,20000000000,20000000000,20000000000,20000000000,20000000000,20000000000,20000000000,20000000000,20000000000,20000000000,20000000000,20000000000,20000000000,20000000000,20000000000,20000000000,20000000000,20000000000,20000000000,20000000000,20000000000,20000000000,20000000000,20000000000,20000000000,20000000000,20000000000,20000000000,20000000000,20000000000,20000000000,20000000000,20100000000,20100000000,20100000000
2004,리스사,13405,한컴밸류인베스트먼트㈜,B,SK104,요약재무상태표(부채 및 자본)(08.03월 이후),A210,자본금_보통주자본금,,,,,,,,,,,,,,,,,,,,,,,20000000000,20000000000,20000000000,20000000000,20000000000,20000000000,20000000000,20000000000,20000000000,20000000000,20000000000,20000000000,20000000000,20000000000,20000000000,20000000000,20000000000,20000000000,20000000000,20000000000,20000000000,20000000000,20000000000,20000000000,20000000000,20000000000,20000000000,20000000000,20000000000,20000000000,20000000000,20000000000,20000000000,20000000000,20000000000,20000000000,20000000000,20000000000,20000000000,20000000000,20000000000,20000000000,20000000000,20100000000,20100000000,20100000000
2005,리스사,13405,한컴밸류인베스트먼트㈜,B,SK104,요약재무상태표(부채 및 자본)(08.03월 이후),A211,자본금_우선주자본금,,,,,,,,,,,,,,,,,,,,,,,0,0,0,0,0,0,0,0,0,0,0,0,0,0,0,0,0,0,0,0,0,0,0,0,0,0,0,0,0,0,0,0,0,0,0,0,0,0,0,0,0,0,0,0,0,0
2006,리스사,13405,한컴밸류인베스트먼트㈜,B,SK104,요약재무상태표(부채 및 자본)(08.03월 이후),A212,자본금_신주청약증거금,,,,,,,,,,,,,,,,,,,,,,,0,0,0,0,0,0,0,0,0,0,0,0,0,0,0,0,0,0,0,0,0,0,0,0,0,0,0,0,0,0,0,0,0,0,0,0,0,0,0,0,0,0,0,0,0,0
2007,리스사,13405,한컴밸류인베스트먼트㈜,B,SK104,요약재무상태표(부채 및 자본)(08.03월 이후),A22,자본잉여금,,,,,,,,,,,,,,,,,,,,,,,0,0,0,0,0,0,0,0,0,0,0,0,0,0,0,0,0,0,0,0,0,0,0,0,0,0,0,0,0,0,0,0,0,0,0,0,0,0,0,0,0,0,0,0,0,0
2008,리스사,13405,한컴밸류인베스트먼트㈜,B,SK104,요약재무상태표(부채 및 자본)(08.03월 이후),A220,자본잉여금_주식발행초과금,,,,,,,,,,,,,,,,,,,,,,,0,0,0,0,0,0,0,0,0,0,0,0,0,0,0,0,0,0,0,0,0,0,0,0,0,0,0,0,0,0,0,0,0,0,0,0,0,0,0,0,0,0,0,0,0,0
2009,리스사,13405,한컴밸류인베스트먼트㈜,B,SK104,요약재무상태표(부채 및 자본)(08.03월 이후),A221,자본잉여금_감자차익,,,,,,,,,,,,,,,,,,,,,,,0,0,0,0,0,0,0,0,0,0,0,0,0,0,0,0,0,0,0,0,0,0,0,0,0,0,0,0,0,0,0,0,0,0,0,0,0,0,0,0,0,0,0,0,0,0
2010,리스사,13405,한컴밸류인베스트먼트㈜,B,SK104,요약재무상태표(부채 및 자본)(08.03월 이후),A222,자본잉여금_기타자본잉여금,,,,,,,,,,,,,,,,,,,,,,,0,0,0,0,0,0,0,0,0,0,0,0,0,0,0,0,0,0,0,0,0,0,0,0,0,0,0,0,0,0,0,0,0,0,0,0,0,0,0,0,0,0,0,0,0,0
2011,리스사,13405,한컴밸류인베스트먼트㈜,B,SK104,요약재무상태표(부채 및 자본)(08.03월 이후),A23,이익잉여금(결손금),,,,,,,,,,,,,,,,,,,,,,,14000000,-39000000,-277000000,-878000000,-1311000000,-873000000,-1331000000,-1426000000,-1456000000,-1311000000,-1456000000,-995000000,-1342000000,-1603000000,-1384000000,-1034000000,-1047000000,-609000000,-355000000,-640000000,-540000000,-885000000,-485000000,-294000000,-225000000,123000000,156000000,370000000,1120000000,1678000000,1916000000,2080000000,4284000000,4254000000,4956000000,5686000000,5958000000,5680000000,6156000000,6870000000,6889000000,6452000000,6430000000,5675000000,3925000000,-975000000
2012,리스사,13405,한컴밸류인베스트먼트㈜,B,SK104,요약재무상태표(부채 및 자본)(08.03월 이후),A230,이익잉여금(결손금)_이익준비금,,,,,,,,,,,,,,,,,,,,,,,0,0,0,0,0,0,0,0,0,0,0,0,0,0,0,0,0,0,0,0,0,0,0,0,0,0,0,0,0,0,15000000,15000000,15000000,15000000,15000000,15000000,15000000,15000000,15000000,16000000,16000000,16000000,16000000,16000000,16000000,16000000
2013,리스사,13405,한컴밸류인베스트먼트㈜,B,SK104,요약재무상태표(부채 및 자본)(08.03월 이후),A231,이익잉여금(결손금)_기업합리화적립금,,,,,,,,,,,,,,,,,,,,,,,0,0,0,0,0,0,0,0,0,0,0,0,0,0,0,0,0,0,0,0,0,0,0,0,0,0,0,0,0,0,0,0,0,0,0,0,0,0,0,0,0,0,0,0,0,0
2014,리스사,13405,한컴밸류인베스트먼트㈜,B,SK104,요약재무상태표(부채 및 자본)(08.03월 이후),A232,이익잉여금(결손금)_투융자손실준비금,,,,,,,,,,,,,,,,,,,,,,,0,0,0,0,0,0,0,0,0,0,0,0,0,0,0,0,0,0,0,0,0,0,0,0,0,0,0,0,0,0,0,0,0,0,0,0,0,0,0,0,0,0,0,0,0,0
2015,리스사,13405,한컴밸류인베스트먼트㈜,B,SK104,요약재무상태표(부채 및 자본)(08.03월 이후),A233,이익잉여금(결손금)_기타 법정적립금,,,,,,,,,,,,,,,,,,,,,,,0,0,0,0,0,0,0,0,0,0,0,0,0,0,0,0,0,0,0,0,0,0,0,0,0,0,0,0,0,0,0,0,0,0,0,0,0,0,0,0,0,0,0,0,0,0
2016,리스사,13405,한컴밸류인베스트먼트㈜,B,SK104,요약재무상태표(부채 및 자본)(08.03월 이후),A234,이익잉여금(결손금)_임의적립금,,,,,,,,,,,,,,,,,,,,,,,0,0,0,0,0,0,0,0,0,0,0,0,0,0,0,0,0,0,0,0,0,0,0,0,0,0,0,0,0,0,0,0,0,0,0,0,0,0,0,0,0,0,0,0,0,0
2017,리스사,13405,한컴밸류인베스트먼트㈜,B,SK104,요약재무상태표(부채 및 자본)(08.03월 이후),A235,이익잉여금(결손금)_해외투자손실준비금,,,,,,,,,,,,,,,,,,,,,,,0,0,0,0,0,0,0,0,0,0,0,0,0,0,0,0,0,0,0,0,0,0,0,0,0,0,0,0,0,0,0,0,0,0,0,0,0,0,0,0,0,0,0,0,0,0
2018,리스사,13405,한컴밸류인베스트먼트㈜,B,SK104,요약재무상태표(부채 및 자본)(08.03월 이후),A236,이익잉여금(결손금)_미처분이익잉여금(미처리결손금),,,,,,,,,,,,,,,,,,,,,,,14000000,-39000000,-277000000,-878000000,-1311000000,-873000000,-1331000000,-1426000000,-1456000000,-1311000000,-1456000000,-995000000,-1342000000,-1603000000,-1384000000,-1034000000,-1047000000,-609000000,-355000000,-640000000,-540000000,-885000000,-485000000,-294000000,-225000000,123000000,156000000,370000000,1120000000,1678000000,1901000000,2065000000,4269000000,4239000000,4941000000,5671000000,5943000000,5665000000,6141000000,6854000000,6873000000,6436000000,6414000000,5659000000,3909000000,-991000000
2019,리스사,13405,한컴밸류인베스트먼트㈜,B,SK104,요약재무상태표(부채 및 자본)(08.03월 이후),A237,이익잉여금(결손금)_대손준비금,,,,,,,,,,,,,,,,,,,,,,, , , , , , , , , , , , , , , , , , , , , , , , , , , , , , , , , , , , , , , , , , , , , , 
2020,리스사,13405,한컴밸류인베스트먼트㈜,B,SK104,요약재무상태표(부채 및 자본)(08.03월 이후),A238,이익잉여금(결손금)_(당기순손익),,,,,,,,,,,,,,,,,,,,,,,14000000,-39000000,-238000000,-839000000,-1272000000,-834000000,-461000000,-553000000,-583000000,-438000000,-145000000,316000000,-31000000,-292000000,219000000,569000000,556000000,994000000,253000000,-31000000,69000000,-277000000,401000000,591000000,661000000,1008000000,34000000,248000000,998000000,1556000000,394000000,558000000,2762000000,2732000000,702000000,1431000000,1704000000,1426000000,476000000,1189000000,1208000000,771000000,-21000000,-777000000,-2527000000,-7427000000
2021,리스사,13405,한컴밸류인베스트먼트㈜,B,SK104,요약재무상태표(부채 및 자본)(08.03월 이후),A24,자본조정,,,,,,,,,,,,,,,,,,,,,,,0,0,0,0,0,0,0,0,0,0,0,0,0,0,0,0,0,0,0,0,0,0,0,0,0,0,0,0,0,0,0,0,0,0,0,0,0,0,0,0,0,0,0,0,0,0
2022,리스사,13405,한컴밸류인베스트먼트㈜,B,SK104,요약재무상태표(부채 및 자본)(08.03월 이후),A240,자본조정_주식할인발행차금,,,,,,,,,,,,,,,,,,,,,,,0,0,0,0,0,0,0,0,0,0,0,0,0,0,0,0,0,0,0,0,0,0,0,0,0,0,0,0,0,0,0,0,0,0,0,0,0,0,0,0,0,0,0,0,0,0
2023,리스사,13405,한컴밸류인베스트먼트㈜,B,SK104,요약재무상태표(부채 및 자본)(08.03월 이후),A241,자본조정_배당건설이자,,,,,,,,,,,,,,,,,,,,,,,0,0,0,0,0,0,0,0,0,0,0,0,0,0,0,0,0,0,0,0,0,0,0,0,0,0,0,0,0,0,0,0,0,0,0,0,0,0,0,0,0,0,0,0,0,0
2024,리스사,13405,한컴밸류인베스트먼트㈜,B,SK104,요약재무상태표(부채 및 자본)(08.03월 이후),A242,자본조정_자기주식,,,,,,,,,,,,,,,,,,,,,,,0,0,0,0,0,0,0,0,0,0,0,0,0,0,0,0,0,0,0,0,0,0,0,0,0,0,0,0,0,0,0,0,0,0,0,0,0,0,0,0,0,0,0,0,0,0
2025,리스사,13405,한컴밸류인베스트먼트㈜,B,SK104,요약재무상태표(부채 및 자본)(08.03월 이후),A243,자본조정_주식매수선택권,,,,,,,,,,,,,,,,,,,,,,,0,0,0,0,0,0,0,0,0,0,0,0,0,0,0,0,0,0,0,0,0,0,0,0,0,0,0,0,0,0,0,0,0,0,0,0,0,0,0,0,0,0,0,0,0,0
2026,리스사,13405,한컴밸류인베스트먼트㈜,B,SK104,요약재무상태표(부채 및 자본)(08.03월 이후),A244,자본조정_미교부주식배당금,,,,,,,,,,,,,,,,,,,,,,,0,0,0,0,0,0,0,0,0,0,0,0,0,0,0,0,0,0,0,0,0,0,0,0,0,0,0,0,0,0,0,0,0,0,0,0,0,0,0,0,0,0,0,0,0,0
2027,리스사,13405,한컴밸류인베스트먼트㈜,B,SK104,요약재무상태표(부채 및 자본)(08.03월 이후),A245,자본조정_기타 자본조정,,,,,,,,,,,,,,,,,,,,,,,0,0,0,0,0,0,0,0,0,0,0,0,0,0,0,0,0,0,0,0,0,0,0,0,0,0,0,0,0,0,0,0,0,0,0,0,0,0,0,0,0,0,0,0,0,0
2028,리스사,13405,한컴밸류인베스트먼트㈜,B,SK104,요약재무상태표(부채 및 자본)(08.03월 이후),A25,기타포괄손익누계액,,,,,,,,,,,,,,,,,,,,,,,0,0,0,0,0,0,0,0,0,-71000000,-39000000,-46000000,-167000000,-194000000,-193000000,-188000000,-245000000,-184000000,-103000000,-156000000,-196000000,-108000000,113000000,-36000000,-201000000,-43000000,-183000000,57000000,91000000,91000000,-53000000,-51000000,-111000000,-223000000,1091000000,408000000,475000000,589000000,78000000,-233000000,8000000,38000000,42000000,9000000,9000000,372000000
2029,리스사,13405,한컴밸류인베스트먼트㈜,B,SK104,요약재무상태표(부채 및 자본)(08.03월 이후),A250,기타포괄손익누계액_매도가능금융자산평가이익,,,,,,,,,,,,,,,,,,,,,,,0,0,0,0,0,0,0,0,0,0,0,0,0,0,0,0,0,0,0,0,0,144000000,353000000,230000000,81000000,179000000,63000000,289000000,290000000,290000000,142000000,143000000,98000000,0,1305000000,634000000,701000000,814000000,304000000,0,8000000,38000000,42000000,9000000,9000000,442000000
2030,리스사,13405,한컴밸류인베스트먼트㈜,B,SK104,요약재무상태표(부채 및 자본)(08.03월 이후),A251,기타포괄손익누계액_매도가능금융자산평가손실,,,,,,,,,,,,,,,,,,,,,,,0,0,0,0,0,0,0,0,0,-71000000,-39000000,-46000000,-167000000,-194000000,-193000000,-188000000,-245000000,-184000000,-103000000,-156000000,-196000000,-252000000,-240000000,-266000000,-282000000,-222000000,-246000000,-232000000,-199000000,-199000000,-195000000,-194000000,-209000000,-223000000,-214000000,-226000000,-226000000,-225000000,-226000000,-233000000,0,0,0,0,0,-70000000
2031,리스사,13405,한컴밸류인베스트먼트㈜,B,SK104,요약재무상태표(부채 및 자본)(08.03월 이후),A252,기타포괄손익누계액_해외사업환산이익,,,,,,,,,,,,,,,,,,,,,,,0,0,0,0,0,0,0,0,0,0,0,0,0,0,0,0,0,0,0,0,0,0,0,0,0,0,0,0,0,0,0,0,0,0,0,0,0,0,0,0,0,0,0,0,0,0
2032,리스사,13405,한컴밸류인베스트먼트㈜,B,SK104,요약재무상태표(부채 및 자본)(08.03월 이후),A253,기타포괄손익누계액_해외사업환산손실,,,,,,,,,,,,,,,,,,,,,,,0,0,0,0,0,0,0,0,0,0,0,0,0,0,0,0,0,0,0,0,0,0,0,0,0,0,0,0,0,0,0,0,0,0,0,0,0,0,0,0,0,0,0,0,0,0
2033,리스사,13405,한컴밸류인베스트먼트㈜,B,SK104,요약재무상태표(부채 및 자본)(08.03월 이후),A254,기타포괄손익누계액_현금흐름위험회피 파생상품평가이익,,,,,,,,,,,,,,,,,,,,,,,0,0,0,0,0,0,0,0,0,0,0,0,0,0,0,0,0,0,0,0,0,0,0,0,0,0,0,0,0,0,0,0,0,0,0,0,0,0,0,0,0,0,0,0,0,0
2034,리스사,13405,한컴밸류인베스트먼트㈜,B,SK104,요약재무상태표(부채 및 자본)(08.03월 이후),A255,기타포괄손익누계액_현금흐름위험회피 파생상품평가손실,,,,,,,,,,,,,,,,,,,,,,,0,0,0,0,0,0,0,0,0,0,0,0,0,0,0,0,0,0,0,0,0,0,0,0,0,0,0,0,0,0,0,0,0,0,0,0,0,0,0,0,0,0,0,0,0,0
2035,리스사,13405,한컴밸류인베스트먼트㈜,B,SK104,요약재무상태표(부채 및 자본)(08.03월 이후),A256,기타포괄손익누계액_지분법자본변동,,,,,,,,,,,,,,,,,,,,,,,0,0,0,0,0,0,0,0,0,0,0,0,0,0,0,0,0,0,0,0,0,0,0,0,0,0,0,0,0,0,0,0,0,0,0,0,0,0,0,0,0,0,0,0,0,0
2036,리스사,13405,한컴밸류인베스트먼트㈜,B,SK104,요약재무상태표(부채 및 자본)(08.03월 이후),A257,기타포괄손익누계액_부의 지분법자본변동,,,,,,,,,,,,,,,,,,,,,,,0,0,0,0,0,0,0,0,0,0,0,0,0,0,0,0,0,0,0,0,0,0,0,0,0,0,0,0,0,0,0,0,0,0,0,0,0,0,0,0,0,0,0,0,0,0
2037,리스사,13405,한컴밸류인베스트먼트㈜,B,SK104,요약재무상태표(부채 및 자본)(08.03월 이후),A258,기타포괄손익누계액_유형자산 재평가이익,,,,,,,,,,,,,,,,,,,,,,,0,0,0,0,0,0,0,0,0,0,0,0,0,0,0,0,0,0,0,0,0,0,0,0,0,0,0,0,0,0,0,0,0,0,0,0,0,0,0,0,0,0,0,0,0,0
2038,리스사,13405,한컴밸류인베스트먼트㈜,B,SK104,요약재무상태표(부채 및 자본)(08.03월 이후),A259,기타포괄손익누계액_기타,,,,,,,,,,,,,,,,,,,,,,,0,0,0,0,0,0,0,0,0,0,0,0,0,0,0,0,0,0,0,0,0,0,0,0,0,0,0,0,0,0,0,0,0,0,0,0,0,0,0,0,0,0,0,0,0,0
2039,리스사,13411,도이치파이낸셜㈜,B,SK104,요약재무상태표(부채 및 자본)(08.03월 이후),A,부채 및 자본총계,,,,,,,,,,,,,,,,,,,,,,,24327000000,54223000000,102345000000,147811000000,174928000000,197797000000,212255000000,242727000000,207494000000,194302000000,175959000000,161457000000,133331000000,125417000000,106663000000,91799000000,99684000000,102954000000,104602000000,106606000000,104164000000,112369000000,104862000000,135611000000,118847000000,116659000000,160862000000,155305000000,161376000000,183130000000,215584000000,214304000000,247032000000,250224000000,289237000000,303344000000,285289000000,272905000000,265331000000,264338000000,287882000000,300169000000,326654000000,329535000000,315129000000,331175000000
2040,리스사,13411,도이치파이낸셜㈜,B,SK104,요약재무상태표(부채 및 자본)(08.03월 이후),A1,부채,,,,,,,,,,,,,,,,,,,,,,,1163000000,26622000000,75554000000,122419000000,150652000000,172925000000,187865000000,216072000000,180718000000,167555000000,139240000000,125553000000,98077000000,61170000000,42051000000,26590000000,33838000000,36905000000,37713000000,39109000000,36184000000,44731000000,36350000000,66388000000,48964000000,47578000000,77208000000,84629000000,89517000000,110223000000,133871000000,131983000000,162872000000,164365000000,201792000000,214039000000,193869000000,180783000000,172204000000,170623000000,193257000000,204328000000,229336000000,231643000000,221130000000,236111000000
2041,리스사,13411,도이치파이낸셜㈜,B,SK104,요약재무상태표(부채 및 자본)(08.03월 이후),A11,차입부채,,,,,,,,,,,,,,,,,,,,,,,0,18000000000,61599000000,102430000000,121581000000,145215000000,158771000000,183135000000,147513000000,135107000000,107647000000,96602000000,71838000000,39052000000,22891000000,11249000000,21194000000,25694000000,27917000000,30915000000,28749000000,38832000000,30732000000,61695000000,44650000000,42732000000,71865000000,79237000000,84445000000,105368000000,127941000000,122638000000,151619000000,151821000000,189147000000,200707000000,180425000000,160838000000,151773000000,149604000000,156895000000,170797000000,196435000000,200785000000,190593000000,206011000000
2042,리스사,13411,도이치파이낸셜㈜,B,SK104,요약재무상태표(부채 및 자본)(08.03월 이후),A110,차입부채_차입금,,,,,,,,,,,,,,,,,,,,,,,0,18000000000,49020000000,89379000000,108336000000,131780000000,130193000000,134364000000,113521000000,100896000000,92708000000,81655000000,51884000000,29063000000,12896000000,6250000000,21194000000,25694000000,27917000000,30915000000,28749000000,38832000000,30732000000,61695000000,44650000000,42732000000,50921000000,58277000000,55488000000,71404000000,85992000000,54366000000,65235000000,65279000000,63784000000,85127000000,93049000000,93253000000,94543000000,88237000000,97379000000,106134000000,153466000000,152832000000,147130000000,129324000000
2043,리스사,13411,도이치파이낸셜㈜,B,SK104,요약재무상태표(부채 및 자본)(08.03월 이후),A111,차입부채_차입금_단기차입금,,,,,,,,,,,,,,,,,,,,,,,0,18000000000,39020000000,59379000000,86336000000,90980000000,70893000000,90364000000,87721000000,83696000000,83308000000,73355000000,51884000000,29063000000,12896000000,6250000000,21194000000,25694000000,27917000000,30915000000,28749000000,38832000000,8400000000,39863000000,17317000000,12163000000,10200000000,41000000000,41000000000,43000000000,48000000000,10400000000,9800000000,19200000000,26000000000,34500000000,31500000000,38500000000,26500000000,23400000000,27800000000,37200000000,50800000000,49600000000,46200000000,35000000000
2044,리스사,13411,도이치파이낸셜㈜,B,SK104,요약재무상태표(부채 및 자본)(08.03월 이후),A112,차입부채_차입금_콜머니,,,,,,,,,,,,,,,,,,,,,,, , ,0,0,0,0,0,0,0,0,0,0,0,0,0,0,0,0,0,0,0,0,0,0,0,0,0,0,0,0,0,0,0,0,0,0,0,0,0,0,0,0,0,0,0,0
2045,리스사,13411,도이치파이낸셜㈜,B,SK104,요약재무상태표(부채 및 자본)(08.03월 이후),A113,차입부채_차입금_장기차입금,,,,,,,,,,,,,,,,,,,,,,,0,0,10000000000,30000000000,22000000000,40800000000,59300000000,44000000000,25800000000,17200000000,9400000000,8300000000,0,0,0,0,0,0,0,0,0,0,22332000000,21833000000,27333000000,30570000000,40721000000,17277000000,14488000000,28404000000,37992000000,43966000000,55435000000,46079000000,37784000000,50627000000,61549000000,54753000000,68043000000,64837000000,69579000000,68934000000,102666000000,103232000000,100930000000,94324000000
2046,리스사,13411,도이치파이낸셜㈜,B,SK104,요약재무상태표(부채 및 자본)(08.03월 이후),A114,차입부채_차입금_유동성 장기차입금,,,,,,,,,,,,,,,,,,,,,,, , ,0,0,0,0,0,0,0,0,0,0,0,0,0,0,0,0,0,0,0,0,0,0,0,0,0,0,0,0,0,0,0,0,0,0,0,0,0,0,0,0,0,0,0,0
2047,리스사,13411,도이치파이낸셜㈜,B,SK104,요약재무상태표(부채 및 자본)(08.03월 이후),A115,차입부채_사 채,,,,,,,,,,,,,,,,,,,,,,,0,0,12579000000,13052000000,13245000000,13434000000,28578000000,48771000000,33992000000,34211000000,14938000000,14947000000,19955000000,9989000000,9995000000,4999000000,0,0,0,0,0,0,0,0,0,0,20945000000,20960000000,28957000000,33964000000,41949000000,68272000000,86384000000,86541000000,125363000000,115581000000,87377000000,67585000000,57230000000,61367000000,59516000000,64662000000,42968000000,47953000000,43464000000,76687000000
2048,리스사,13411,도이치파이낸셜㈜,B,SK104,요약재무상태표(부채 및 자본)(08.03월 이후),A1150,차입부채_사 채_단기사채,,,,,,,,,,,,,,,,,,,,,,, , ,0,0,0,0,15000000000,35000000000,20000000000,20000000000,15000000000,15000000000,20000000000,10000000000,10000000000,5000000000,0,0,0,0,0,0,0,0,0,0,21000000000,21000000000,29000000000,34000000000,32000000000,60000000000,65000000000,65000000000,71000000000,61000000000,45500000000,36000000000,39000000000,40000000000,35000000000,40000000000,22000000000,27000000000,29500000000,37500000000
2049,리스사,13411,도이치파이낸셜㈜,B,SK104,요약재무상태표(부채 및 자본)(08.03월 이후),A11500,차입부채_사 채_단기사채_(사채발행차금),,,,,,,,,,,,,,,,,,,,,,, , ,0,0,0,0,-47000000,-54000000,-36000000,-20000000,-62000000,-53000000,-45000000,-11000000,-5000000,-1000000,0,0,0,0,0,0,0,0,0,0,-55000000,-40000000,-43000000,-36000000,-51000000,-86000000,-75000000,-47000000,-40000000,-37000000,-26000000,-17000000,-29000000,-28000000,-19000000,-22000000,-13000000,-25000000,-20000000,-21000000
2050,리스사,13411,도이치파이낸셜㈜,B,SK104,요약재무상태표(부채 및 자본)(08.03월 이후),A1151,차입부채_사 채_유동성사채,,,,,,,,,,,,,,,,,,,,,,, ,0,0,0,0,0,0,0,0,0,0,0,0,0,0,0,0,0,0,0,0,0,0,0,0,0,0,0,0,0,0,0,0,0,0,0,0,0,0,0,0,0,0,0,0,0
2051,리스사,13411,도이치파이낸셜㈜,B,SK104,요약재무상태표(부채 및 자본)(08.03월 이후),A11510,차입부채_사 채_유동성사채_(유동성사채발행차금),,,,,,,,,,,,,,,,,,,,,,, , ,0,0,0,0,0,0,0,0,0,0,0,0,0,0,0,0,0,0,0,0,0,0,0,0,0,0,0,0,0,0,0,0,0,0,0,0,0,0,0,0,0,0,0,0
2052,리스사,13411,도이치파이낸셜㈜,B,SK104,요약재무상태표(부채 및 자본)(08.03월 이후),A1152,차입부채_사 채_장기사채,,,,,,,,,,,,,,,,,,,,,,, , ,0,0,0,0,0,0,0,0,0,0,0,0,0,0,0,0,0,0,0,0,0,0,0,0,0,0,0,0,0,0,13000000000,13000000000,46000000000,46000000000,33000000000,22500000000,9000000000,12000000000,15000000000,15000000000,21000000000,21000000000,14000000000,39500000000
2053,리스사,13411,도이치파이낸셜㈜,B,SK104,요약재무상태표(부채 및 자본)(08.03월 이후),A11520,차입부채_사 채_장기사채_(사채발행차금),,,,,,,,,,,,,,,,,,,,,,, , ,0,0,0,0,0,0,0,0,0,0,0,0,0,0,0,0,0,0,0,0,0,0,0,0,0,0,0,0,0,0,-23000000,-19000000,-333000000,-248000000,-95000000,-32000000,-12000000,-16000000,-18000000,-13000000,-19000000,-22000000,-16000000,-292000000
2054,리스사,13411,도이치파이낸셜㈜,B,SK104,요약재무상태표(부채 및 자본)(08.03월 이후),A1153,차입부채_사 채_기타,,,,,,,,,,,,,,,,,,,,,,,0,0,12579000000,13052000000,13245000000,13434000000,13625000000,13825000000,14028000000,14231000000,0,0,0,0,0,0,0,0,0,0,0,0,0,0,0,0,0,0,0,0,10000000000,8358000000,8482000000,8607000000,8736000000,8866000000,8998000000,9134000000,9271000000,9411000000,9553000000,9697000000,0,0,0,0
2055,리스사,13411,도이치파이낸셜㈜,B,SK104,요약재무상태표(부채 및 자본)(08.03월 이후),A12,기타부채,,,,,,,,,,,,,,,,,,,,,,,1163000000,8622000000,13955000000,19989000000,29071000000,27710000000,29094000000,32937000000,33205000000,32448000000,31593000000,28951000000,26239000000,22117000000,19160000000,15341000000,12644000000,11211000000,9796000000,8194000000,7435000000,5899000000,5618000000,4693000000,4314000000,4846000000,5343000000,5392000000,5072000000,4855000000,5930000000,9345000000,11253000000,12544000000,12645000000,13332000000,13444000000,14945000000,15431000000,16061000000,21299000000,18623000000,17998000000,15926000000,15572000000,15101000000
2056,리스사,13411,도이치파이낸셜㈜,B,SK104,요약재무상태표(부채 및 자본)(08.03월 이후),A120,기타부채_영업미지급금,,,,,,,,,,,,,,,,,,,,,,,0,756000000,771000000,901000000,4850000000,785000000,320000000,68000000,40000000,30000000,12000000,9000000,6000000,6000000,207000000,6000000,6000000,6000000,6000000,6000000,6000000,6000000,6000000,6000000,6000000,6000000,6000000,6000000,6000000,6000000,6000000,6000000,6000000,0,0,0,0,0,0,7000000,0,0,0,0,0,5000000
2057,리스사,13411,도이치파이낸셜㈜,B,SK104,요약재무상태표(부채 및 자본)(08.03월 이후),A121,기타부채_장기미지급금,,,,,,,,,,,,,,,,,,,,,,,0,0,0,0,0,0,0,0,0,0,0,0,0,0,0,0,0,0,0,0,0,0,0,0,0,0,0,0,0,0,0,0,0,0,0,0,0,0,0,0,0,0,0,0,0,0
2058,리스사,13411,도이치파이낸셜㈜,B,SK104,요약재무상태표(부채 및 자본)(08.03월 이후),A122,기타부채_기타의 부채,,,,,,,,,,,,,,,,,,,,,,,283000000,1564000000,2327000000,3212000000,3568000000,4201000000,4546000000,5451000000,5202000000,4893000000,4657000000,4720000000,3309000000,2745000000,2458000000,2338000000,2188000000,2049000000,1929000000,1764000000,1625000000,1392000000,1503000000,1605000000,1419000000,2200000000,2558000000,2559000000,2604000000,2049000000,2536000000,4436000000,4830000000,6127000000,5870000000,5428000000,4695000000,6139000000,6395000000,6744000000,11698000000,8561000000,7413000000,5370000000,5079000000,4713000000
2059,리스사,13411,도이치파이낸셜㈜,B,SK104,요약재무상태표(부채 및 자본)(08.03월 이후),A1220,기타부채_기타의 부채_가수금,,,,,,,,,,,,,,,,,,,,,,, ,0,0,20000000,0,0,0,0,0,0,0,0,0,0,0,0,0,0,0,0,0,0,0,0,0,0,0,0,0,0,0,0,0,0,0,0,0,0,0,0,0,0,0,0,0,0
2060,리스사,13411,도이치파이낸셜㈜,B,SK104,요약재무상태표(부채 및 자본)(08.03월 이후),A1221,기타부채_기타의 부채_예수금,,,,,,,,,,,,,,,,,,,,,,,32000000,8000000,81000000,77000000,157000000,61000000,150000000,91000000,152000000,75000000,104000000,51000000,151000000,117000000,187000000,145000000,175000000,123000000,107000000,97000000,108000000,78000000,59000000,77000000,79000000,68000000,47000000,69000000,77000000,84000000,45000000,80000000,83000000,92000000,94000000,76000000,47000000,72000000,58000000,64000000,65000000,88000000,75000000,67000000,64000000,62000000
2061,리스사,13411,도이치파이낸셜㈜,B,SK104,요약재무상태표(부채 및 자본)(08.03월 이후),A1222,기타부채_기타의 부채_선수금,,,,,,,,,,,,,,,,,,,,,,,0,877000000,1144000000,1499000000,1402000000,1702000000,1752000000,2549000000,2462000000,2379000000,2038000000,2057000000,2063000000,1735000000,1522000000,1520000000,1514000000,1297000000,1233000000,1042000000,910000000,787000000,673000000,562000000,601000000,749000000,673000000,751000000,726000000,702000000,801000000,952000000,1290000000,1469000000,1403000000,1588000000,1526000000,1598000000,1711000000,1750000000,1850000000,2011000000,1964000000,2193000000,1989000000,2230000000
2062,리스사,13411,도이치파이낸셜㈜,B,SK104,요약재무상태표(부채 및 자본)(08.03월 이후),A1223,기타부채_기타의 부채_선수수익,,,,,,,,,,,,,,,,,,,,,,,3000000,627000000,1021000000,1415000000,1739000000,1663000000,1611000000,1716000000,1568000000,1355000000,1150000000,863000000,685000000,532000000,399000000,320000000,263000000,221000000,196000000,190000000,169000000,136000000,108000000,97000000,82000000,65000000,57000000,52000000,62000000,68000000,103000000,162000000,251000000,330000000,370000000,501000000,584000000,694000000,711000000,759000000,809000000,945000000,965000000,955000000,885000000,815000000
2063,리스사,13411,도이치파이낸셜㈜,B,SK104,요약재무상태표(부채 및 자본)(08.03월 이후),A1224,기타부채_기타의 부채_미지급금,,,,,,,,,,,,,,,,,,,,,,,246000000,0,0,0,0,0,452000000,201000000,110000000,80000000,77000000,64000000,68000000,176000000,194000000,266000000,190000000,326000000,224000000,177000000,190000000,212000000,454000000,393000000,324000000,354000000,639000000,551000000,496000000,607000000,1143000000,898000000,637000000,610000000,618000000,567000000,339000000,804000000,560000000,790000000,5514000000,787000000,705000000,601000000,1205000000,540000000
2064,리스사,13411,도이치파이낸셜㈜,B,SK104,요약재무상태표(부채 및 자본)(08.03월 이후),A1225,기타부채_기타의 부채_미지급비용,,,,,,,,,,,,,,,,,,,,,,, ,51000000,82000000,121000000,184000000,504000000,339000000,619000000,594000000,744000000,860000000,992000000,248000000,180000000,151000000,81000000,46000000,80000000,138000000,170000000,71000000,91000000,102000000,273000000,124000000,128000000,240000000,297000000,406000000,439000000,444000000,445000000,545000000,526000000,428000000,490000000,615000000,770000000,809000000,788000000,935000000,1216000000,1268000000,971000000,936000000,1066000000
2065,리스사,13411,도이치파이낸셜㈜,B,SK104,요약재무상태표(부채 및 자본)(08.03월 이후),A1226,기타부채_기타의 부채_미지급법인세,,,,,,,,,,,,,,,,,,,,,,, , ,0,0,0,0,0,0,0,0,0,0,0,0,0,0,0,0,31000000,88000000,178000000,88000000,106000000,202000000,208000000,137000000,204000000,350000000,348000000,150000000,0,100000000,223000000,1627000000,1485000000,734000000,115000000,555000000,898000000,943000000,875000000,2088000000,2436000000,583000000,0,0
2066,리스사,13411,도이치파이낸셜㈜,B,SK104,요약재무상태표(부채 및 자본)(08.03월 이후),A1227,기타부채_기타의 부채_선불카드수탁금,,,,,,,,,,,,,,,,,,,,,,, , ,0,0,0,0,0,0,0,0,0,0,0,0,0,0,0,0,0,0,0,0,0,0,0,0,0,0,0,0,0,0,0,0,0,0,0,0,0,0,0,0,0,0,0,0
2067,리스사,13411,도이치파이낸셜㈜,B,SK104,요약재무상태표(부채 및 자본)(08.03월 이후),A1228,기타부채_기타의 부채_부가세예수금,,,,,,,,,,,,,,,,,,,,,,,1000000,0,0,0,0,64000000,16000000,39000000,108000000,142000000,341000000,686000000,94000000,5000000,6000000,5000000,0,4000000,0,0,0,0,0,0,0,0,0,0,0,0,0,0,3000000,3000000,2000000,2000000,0,0,2000000,4000000,4000000,4000000,0,0,0,0
2068,리스사,13411,도이치파이낸셜㈜,B,SK104,요약재무상태표(부채 및 자본)(08.03월 이후),A1229,기타부채_기타의 부채_선물환거래대,,,,,,,,,,,,,,,,,,,,,,, , ,0,0,0,0,0,0,0,0,0,0,0,0,0,0,0,0,0,0,0,0,0,0,0,0,0,0,0,0,0,0,0,0,0,0,0,0,0,0,0,0,0,0,0,0
2069,리스사,13411,도이치파이낸셜㈜,B,SK104,요약재무상태표(부채 및 자본)(08.03월 이후),A122A,기타부채_기타의 부채_파생상품부채,,,,,,,,,,,,,,,,,,,,,,, , ,0,79000000,86000000,207000000,226000000,235000000,208000000,119000000,87000000,7000000,0,0,0,0,0,0,0,0,0,0,0,0,0,698000000,698000000,490000000,490000000,0,0,1799000000,1799000000,1469000000,1469000000,1469000000,1469000000,1646000000,1646000000,1646000000,1646000000,1422000000,0,0,0,0
2070,리스사,13411,도이치파이낸셜㈜,B,SK104,요약재무상태표(부채 및 자본)(08.03월 이후),A122B,기타부채_기타의 부채_옵션수입프리미엄,,,,,,,,,,,,,,,,,,,,,,, , ,0,0,0,0,0,0,0,0,0,0,0,0,0,0,0,0,0,0,0,0,0,0,0,0,0,0,0,0,0,0,0,0,0,0,0,0,0,0,0,0,0,0,0,0
2071,리스사,13411,도이치파이낸셜㈜,B,SK104,요약재무상태표(부채 및 자본)(08.03월 이후),A122C,기타부채_기타의 부채_이연리스수익,,,,,,,,,,,,,,,,,,,,,,, ,0,0,0,0,0,0,0,0,0,0,0,0,0,0,0,0,0,0,0,0,0,0,0,0,0,0,0,0,0,0,0,0,0,0,0,0,0,0,0,0,0,0,0,0,0
2072,리스사,13411,도이치파이낸셜㈜,B,SK104,요약재무상태표(부채 및 자본)(08.03월 이후),A122D,기타부채_기타의 부채_기타의 유동부채,,,,,,,,,,,,,,,,,,,,,,, , ,0,0,0,0,0,0,0,0,0,0,0,0,0,0,0,0,0,0,0,0,0,0,0,0,0,0,0,0,0,0,0,0,0,0,0,0,0,0,0,0,0,0,0,0
2073,리스사,13411,도이치파이낸셜㈜,B,SK104,요약재무상태표(부채 및 자본)(08.03월 이후),A122E,기타부채_유동성 장기부채,,,,,,,,,,,,,,,,,,,,,,,0,0,0,0,0,0,0,0,0,0,0,0,0,0,0,0,0,0,0,0,0,0,0,0,0,0,0,0,0,0,0,0,0,0,0,0,0,0,0,0,0,0,0,0,0,0
2074,리스사,13411,도이치파이낸셜㈜,B,SK104,요약재무상태표(부채 및 자본)(08.03월 이후),A123,기타부채_리스보증금,,,,,,,,,,,,,,,,,,,,,,,879000000,6260000000,10772000000,15781000000,20516000000,22636000000,24083000000,27198000000,27673000000,27438000000,26799000000,24140000000,22845000000,19357000000,16396000000,12975000000,10353000000,8729000000,7214000000,5830000000,5161000000,4189000000,3555000000,2409000000,2089000000,1768000000,1749000000,1620000000,1990000000,2199000000,2752000000,3748000000,5009000000,6033000000,6358000000,7132000000,7567000000,7645000000,8066000000,8503000000,8910000000,9416000000,9984000000,9995000000,9922000000,9806000000
2075,리스사,13411,도이치파이낸셜㈜,B,SK104,요약재무상태표(부채 및 자본)(08.03월 이후),A124,기타부채_보 증 금,,,,,,,,,,,,,,,,,,,,,,,0,0,0,0,0,0,0,0,0,0,0,0,0,0,0,0,0,0,0,0,0,0,0,0,0,0,0,0,0,104000000,104000000,104000000,104000000,104000000,104000000,104000000,104000000,100000000,100000000,100000000,100000000,100000000,100000000,100000000,100000000,100000000
2076,리스사,13411,도이치파이낸셜㈜,B,SK104,요약재무상태표(부채 및 자본)(08.03월 이후),A1240,기타부채_보 증 금_상환이행보증금,,,,,,,,,,,,,,,,,,,,,,, , ,0,0,0,0,0,0,0,0,0,0,0,0,0,0,0,0,0,0,0,0,0,0,0,0,0,0,0,0,0,0,0,0,0,0,0,0,0,0,0,0,0,0,0,0
2077,리스사,13411,도이치파이낸셜㈜,B,SK104,요약재무상태표(부채 및 자본)(08.03월 이후),A1241,기타부채_보 증 금_임대보증금,,,,,,,,,,,,,,,,,,,,,,, , ,0,0,0,0,0,0,0,0,0,0,0,0,0,0,0,0,0,0,0,0,0,0,0,0,0,0,0,0,0,0,0,0,0,0,0,0,0,0,0,0,0,0,0,0
2078,리스사,13411,도이치파이낸셜㈜,B,SK104,요약재무상태표(부채 및 자본)(08.03월 이후),A1242,기타부채_보 증 금_기타보증금,,,,,,,,,,,,,,,,,,,,,,, , ,0,0,0,0,0,0,0,0,0,0,0,0,0,0,0,0,0,0,0,0,0,0,0,0,0,0,0,104000000,104000000,104000000,104000000,104000000,104000000,104000000,104000000,100000000,100000000,100000000,100000000,100000000,100000000,100000000,100000000,100000000
2079,리스사,13411,도이치파이낸셜㈜,B,SK104,요약재무상태표(부채 및 자본)(08.03월 이후),A125,기타부채_퇴직급여채무,,,,,,,,,,,,,,,,,,,,,,, ,174000000,206000000,250000000,293000000,384000000,426000000,463000000,528000000,415000000,303000000,424000000,474000000,403000000,459000000,500000000,522000000,555000000,533000000,479000000,539000000,555000000,584000000,656000000,698000000,727000000,741000000,810000000,861000000,813000000,879000000,844000000,823000000,756000000,796000000,736000000,790000000,720000000,711000000,816000000,838000000,931000000,988000000,1054000000,1096000000,1156000000
2080,리스사,13411,도이치파이낸셜㈜,B,SK104,요약재무상태표(부채 및 자본)(08.03월 이후),A1250,기타부채_퇴직급여채무_(미인식보험수리적손익) (+-),,,,,,,,,,,,,,,,,,,,,,, , ,0,0,0,0,0,0,0,0,0,0,0,0,0,0,0,0,0,0,0,0,0,0,0,0,0,0,0,0,0,0,0,0,0,0,0,0,0,0,0,0,0,0,0,0
2081,리스사,13411,도이치파이낸셜㈜,B,SK104,요약재무상태표(부채 및 자본)(08.03월 이후),A1251,기타부채_퇴직급여채무_(미인식과거근무원가) (-),,,,,,,,,,,,,,,,,,,,,,, , ,0,0,0,0,0,0,0,0,0,0,0,0,0,0,0,0,0,0,0,0,0,0,0,0,0,0,0,0,0,0,0,0,0,0,0,0,0,0,0,0,0,0,0,0
2082,리스사,13411,도이치파이낸셜㈜,B,SK104,요약재무상태표(부채 및 자본)(08.03월 이후),A1252,기타부채_퇴직급여채무_(퇴직급여사외적립자산) (-),,,,,,,,,,,,,,,,,,,,,,, ,-131000000,-121000000,-155000000,-156000000,-297000000,-281000000,-243000000,-239000000,-328000000,-178000000,-343000000,-396000000,-393000000,-359000000,-478000000,-425000000,-474000000,-451000000,-437000000,-477000000,-488000000,-518000000,-541000000,-543000000,-593000000,-623000000,-667000000,-678000000,-709000000,-709000000,-675000000,-664000000,-683000000,-663000000,-729000000,-722000000,-720000000,-711000000,-816000000,-838000000,-931000000,-988000000,-1054000000,-1039000000,-1156000000
2083,리스사,13411,도이치파이낸셜㈜,B,SK104,요약재무상태표(부채 및 자본)(08.03월 이후),A126,기타부채_지급보증충당금,,,,,,,,,,,,,,,,,,,,,,, , ,0,0,0,0,0,0,0,0,0,0,0,0,0,0,0,0,0,0,0,0,0,0,0,0,0,0,0,0,0,0,0,0,0,0,0,0,0,0,0,0,0,0,0,0
2084,리스사,13411,도이치파이낸셜㈜,B,SK104,요약재무상태표(부채 및 자본)(08.03월 이후),A127,기타부채_포인트충당부채,,,,,,,,,,,,,,,,,,,,,,, , ,0,0,0,0,0,0,0,0,0,0,0,0,0,0,0,0,0,0,0,0,0,0,0,0,0,0,0,0,0,0,0,0,0,0,0,0,0,0,0,0,0,0,0,0
2085,리스사,13411,도이치파이낸셜㈜,B,SK104,요약재무상태표(부채 및 자본)(08.03월 이후),A128,기타부채_미지급배당금,,,,,,,,,,,,,,,,,,,,,,, , ,0,0,0,0,0,0,0,0,0,0,0,0,0,0,0,0,0,0,0,0,0,0,0,0,0,0,0,0,0,0,0,0,0,0,0,0,0,0,0,0,0,0,0,0
2086,리스사,13411,도이치파이낸셜㈜,B,SK104,요약재무상태표(부채 및 자본)(08.03월 이후),A129,기타부채_이연법인세부채,,,,,,,,,,,,,,,,,,,,,,, , ,0,0,0,0,0,0,0,0,0,0,0,0,0,0,0,0,0,0,0,0,0,0,0,0,0,0,0,153000000,153000000,635000000,910000000,0,0,284000000,691000000,516000000,190000000,72000000,0,0,0,0,0,0
2087,리스사,13411,도이치파이낸셜㈜,B,SK104,요약재무상태표(부채 및 자본)(08.03월 이후),A12A,기타부채_외화환산대,,,,,,,,,,,,,,,,,,,,,,, , ,0,0,0,0,0,0,0,0,0,0,0,0,0,0,0,0,0,0,0,0,0,0,0,0,0,0,0,0,0,0,0,0,0,0,0,0,0,0,0,0,0,0,0,0
2088,리스사,13411,도이치파이낸셜㈜,B,SK104,요약재무상태표(부채 및 자본)(08.03월 이후),A12B,기타부채_미사용약정충당금,,,,,,,,,,,,,,,,,,,,,,, , ,0,0,0,0,0,0,0,0,0,0,0,0,0,0,0,0,0,0,0,0,0,0,0,0,0,0,0,0,0,0,0,0,0,0,0,0,0,0,0,0,0,0,0,0
2089,리스사,13411,도이치파이낸셜㈜,B,SK104,요약재무상태표(부채 및 자본)(08.03월 이후),A12C,기타부채_이자율위험포트폴리오위험회피 대상의 공정가액변동부채,,,,,,,,,,,,,,,,,,,,,,, , ,0,0,0,0,0,0,0,0,0,0,0,0,0,0,0,0,0,0,0,0,0,0,0,0,0,0,0,0,0,0,0,0,0,0,0,0,0,0,0,0,0,0,0,0
2090,리스사,13411,도이치파이낸셜㈜,B,SK104,요약재무상태표(부채 및 자본)(08.03월 이후),A12D,기타부채_기타의 기타부채,,,,,,,,,,,,,,,,,,,,,,,1000000, ,0,0,0,0,0,0,0,0,0,0,0,0,0,0,0,344000000,564000000,551000000,581000000,245000000,488000000,559000000,644000000,737000000,911000000,1065000000,289000000,241000000,210000000,247000000,235000000,208000000,181000000,377000000,319000000,546000000,679000000,635000000,591000000,546000000,501000000,461000000,414000000,477000000
2091,리스사,13411,도이치파이낸셜㈜,B,SK104,요약재무상태표(부채 및 자본)(08.03월 이후),A13,요구불상환지분,,,,,,,,,,,,,,,,,,,,,,, ,0,0,0,0,0,0,0,0,0,0,0,0,0,0,0,0,0,0,0,0,0,0,0,0,0,0,0,0,0,0,0,0,0,0,0,0,5000000000,5000000000,4958000000,15063000000,14908000000,14903000000,14932000000,14965000000,14999000000
2092,리스사,13411,도이치파이낸셜㈜,B,SK104,요약재무상태표(부채 및 자본)(08.03월 이후),A130,요구불상환지분_상환우선주,,,,,,,,,,,,,,,,,,,,,,, , ,0,0,0,0,0,0,0,0,0,0,0,0,0,0,0,0,0,0,0,0,0,0,0,0,0,0,0,0,0,0,0,0,0,0,0,5000000000,5000000000,4958000000,15063000000,14908000000,14903000000,14932000000,14965000000,14999000000
2093,리스사,13411,도이치파이낸셜㈜,B,SK104,요약재무상태표(부채 및 자본)(08.03월 이후),A131,요구불상환지분_기타,,,,,,,,,,,,,,,,,,,,,,, , ,0,0,0,0,0,0,0,0,0,0,0,0,0,0,0,0,0,0,0,0,0,0,0,0,0,0,0,0,0,0,0,0,0,0,0,0,0,0,0,0,0,0,0,0
2094,리스사,13411,도이치파이낸셜㈜,B,SK104,요약재무상태표(부채 및 자본)(08.03월 이후),A2,자본,,,,,,,,,,,,,,,,,,,,,,,23164000000,27602000000,26790000000,25392000000,24276000000,24872000000,24390000000,26655000000,26776000000,26747000000,36719000000,35904000000,35254000000,64247000000,64612000000,65209000000,65846000000,66049000000,66889000000,67497000000,67980000000,67638000000,68512000000,69223000000,69883000000,69081000000,83654000000,70676000000,71859000000,72907000000,81713000000,82321000000,84160000000,85859000000,87445000000,89305000000,91420000000,92122000000,93127000000,93715000000,94625000000,95841000000,97318000000,97892000000,93999000000,95064000000
2095,리스사,13411,도이치파이낸셜㈜,B,SK104,요약재무상태표(부채 및 자본)(08.03월 이후),A21,자본금,,,,,,,,,,,,,,,,,,,,,,,24000000000,29000000000,29000000000,29000000000,29000000000,29000000000,29000000000,30000000000,30000000000,30000000000,33333000000,33333000000,33333000000,48333000000,48333000000,48333000000,48333000000,48333000000,48333000000,48333000000,48333000000,48333000000,48333000000,48333000000,48333000000,48333000000,55333000000,48333000000,48333000000,48333000000,53716000000,53716000000,53716000000,53716000000,53716000000,53716000000,53716000000,53716000000,53716000000,53716000000,53716000000,53716000000,53716000000,53716000000,53716000000,53716000000
2096,리스사,13411,도이치파이낸셜㈜,B,SK104,요약재무상태표(부채 및 자본)(08.03월 이후),A210,자본금_보통주자본금,,,,,,,,,,,,,,,,,,,,,,,24000000000,29000000000,29000000000,29000000000,29000000000,29000000000,29000000000,30000000000,30000000000,30000000000,30000000000,30000000000,30000000000,30000000000,30000000000,30000000000,30000000000,30000000000,30000000000,30000000000,30000000000,30000000000,30000000000,30000000000,30000000000,30000000000,30000000000,30000000000,30000000000,30000000000,35000000000,35000000000,35000000000,35000000000,35000000000,35000000000,35000000000,35000000000,35000000000,35000000000,35200000000,35200000000,35200000000,35200000000,35200000000,35200000000
2097,리스사,13411,도이치파이낸셜㈜,B,SK104,요약재무상태표(부채 및 자본)(08.03월 이후),A211,자본금_우선주자본금,,,,,,,,,,,,,,,,,,,,,,, , ,0,0,0,0,0,0,0,0,3333000000,3333000000,3333000000,18333000000,18333000000,18333000000,18333000000,18333000000,18333000000,18333000000,18333000000,18333000000,18333000000,18333000000,18333000000,18333000000,25333000000,18333000000,18333000000,18333000000,18717000000,18717000000,18717000000,18717000000,18717000000,18717000000,18717000000,18717000000,18717000000,18717000000,18517000000,18517000000,18517000000,18517000000,18517000000,18517000000
2098,리스사,13411,도이치파이낸셜㈜,B,SK104,요약재무상태표(부채 및 자본)(08.03월 이후),A212,자본금_신주청약증거금,,,,,,,,,,,,,,,,,,,,,,, , ,0,0,0,0,0,0,0,0,0,0,0,0,0,0,0,0,0,0,0,0,0,0,0,0,0,0,0,0,0,0,0,0,0,0,0,0,0,0,0,0,0,0,0,0
2099,리스사,13411,도이치파이낸셜㈜,B,SK104,요약재무상태표(부채 및 자본)(08.03월 이후),A22,자본잉여금,,,,,,,,,,,,,,,,,,,,,,,0,0,296000000,3000000,3000000,3000000,3000000,1494000000,1494000000,1494000000,8100000000,8100000000,8100000000,22778000000,22778000000,22778000000,22778000000,22778000000,22778000000,22778000000,22778000000,22778000000,22778000000,22778000000,22778000000,22778000000,29744000000,22744000000,22744000000,22744000000,24768000000,24768000000,24768000000,24768000000,24768000000,24768000000,24768000000,24768000000,24768000000,24768000000,24768000000,24768000000,24768000000,24768000000,24768000000,24768000000
2100,리스사,13411,도이치파이낸셜㈜,B,SK104,요약재무상태표(부채 및 자본)(08.03월 이후),A220,자본잉여금_주식발행초과금,,,,,,,,,,,,,,,,,,,,,,, , ,0,0,0,0,0,1491000000,1491000000,1491000000,8097000000,8097000000,8097000000,22775000000,22775000000,22775000000,22775000000,22775000000,22775000000,22775000000,22775000000,22775000000,22775000000,22775000000,22775000000,22775000000,29742000000,22742000000,22742000000,22742000000,24765000000,24765000000,24765000000,24765000000,24765000000,24765000000,24765000000,24765000000,24765000000,24765000000,24765000000,24765000000,24765000000,24765000000,24765000000,24765000000
2101,리스사,13411,도이치파이낸셜㈜,B,SK104,요약재무상태표(부채 및 자본)(08.03월 이후),A221,자본잉여금_감자차익,,,,,,,,,,,,,,,,,,,,,,, , ,0,0,0,0,0,0,0,0,0,0,0,0,0,0,0,0,0,0,0,0,0,0,0,0,0,0,0,0,0,0,0,0,0,0,0,0,0,0,0,0,0,0,0,0
2102,리스사,13411,도이치파이낸셜㈜,B,SK104,요약재무상태표(부채 및 자본)(08.03월 이후),A222,자본잉여금_기타자본잉여금,,,,,,,,,,,,,,,,,,,,,,, , ,296000000,3000000,3000000,3000000,3000000,3000000,3000000,3000000,3000000,3000000,3000000,3000000,3000000,3000000,3000000,3000000,3000000,3000000,3000000,3000000,3000000,3000000,3000000,3000000,3000000,3000000,3000000,3000000,3000000,3000000,3000000,3000000,3000000,3000000,3000000,3000000,3000000,3000000,3000000,3000000,3000000,3000000,3000000,3000000
2103,리스사,13411,도이치파이낸셜㈜,B,SK104,요약재무상태표(부채 및 자본)(08.03월 이후),A23,이익잉여금(결손금),,,,,,,,,,,,,,,,,,,,,,,-414000000,-871000000,-1978000000,-3065000000,-4180000000,-3539000000,-4021000000,-4725000000,-4604000000,-4751000000,-4718000000,-5446000000,-6077000000,-6798000000,-6434000000,-5823000000,-5186000000,-4971000000,-4131000000,-3548000000,-3065000000,-3407000000,-2533000000,-1806000000,-1146000000,-1951000000,-1344000000,-304000000,879000000,1853000000,3252000000,3834000000,5673000000,7322000000,8889000000,10663000000,12741000000,13327000000,14308000000,14929000000,15816000000,17061000000,18516000000,19096000000,15187000000,16244000000
2104,리스사,13411,도이치파이낸셜㈜,B,SK104,요약재무상태표(부채 및 자본)(08.03월 이후),A230,이익잉여금(결손금)_이익준비금,,,,,,,,,,,,,,,,,,,,,,, , ,0,0,0,0,0,0,0,0,0,0,0,0,0,0,0,0,0,0,0,0,0,0,0,0,0,0,0,0,0,20000000,20000000,20000000,42000000,62000000,62000000,62000000,62000000,105000000,105000000,105000000,105000000,143000000,143000000,143000000
2105,리스사,13411,도이치파이낸셜㈜,B,SK104,요약재무상태표(부채 및 자본)(08.03월 이후),A231,이익잉여금(결손금)_기업합리화적립금,,,,,,,,,,,,,,,,,,,,,,, , ,0,0,0,0,0,0,0,0,0,0,0,0,0,0,0,0,0,0,0,0,0,0,0,0,0,0,0,0,0,0,0,0,0,0,0,0,0,0,0,0,0,0,0,0
2106,리스사,13411,도이치파이낸셜㈜,B,SK104,요약재무상태표(부채 및 자본)(08.03월 이후),A232,이익잉여금(결손금)_투융자손실준비금,,,,,,,,,,,,,,,,,,,,,,, , ,0,0,0,0,0,0,0,0,0,0,0,0,0,0,0,0,0,0,0,0,0,0,0,0,0,0,0,0,0,0,0,0,0,0,0,0,0,0,0,0,0,0,0,0
2107,리스사,13411,도이치파이낸셜㈜,B,SK104,요약재무상태표(부채 및 자본)(08.03월 이후),A233,이익잉여금(결손금)_기타 법정적립금,,,,,,,,,,,,,,,,,,,,,,, , ,0,0,0,0,0,0,0,0,0,0,0,0,0,0,0,0,0,0,0,0,0,0,0,0,0,0,0,0,0,0,0,0,0,0,0,0,0,0,0,0,0,0,0,0
2108,리스사,13411,도이치파이낸셜㈜,B,SK104,요약재무상태표(부채 및 자본)(08.03월 이후),A234,이익잉여금(결손금)_임의적립금,,,,,,,,,,,,,,,,,,,,,,, , ,0,0,0,0,0,0,0,0,0,0,0,0,0,0,0,0,0,0,0,0,0,0,0,0,0,0,0,0,0,0,0,0,0,0,0,0,0,0,0,0,0,0,0,0
2109,리스사,13411,도이치파이낸셜㈜,B,SK104,요약재무상태표(부채 및 자본)(08.03월 이후),A235,이익잉여금(결손금)_해외투자손실준비금,,,,,,,,,,,,,,,,,,,,,,, , ,0,0,0,0,0,0,0,0,0,0,0,0,0,0,0,0,0,0,0,0,0,0,0,0,0,0,0,0,0,0,0,0,0,0,0,0,0,0,0,0,0,0,0,0
2110,리스사,13411,도이치파이낸셜㈜,B,SK104,요약재무상태표(부채 및 자본)(08.03월 이후),A236,이익잉여금(결손금)_미처분이익잉여금(미처리결손금),,,,,,,,,,,,,,,,,,,,,,,-414000000,-871000000,-1978000000,-3065000000,-4180000000,-3539000000,-4021000000,-4725000000,-4604000000,-4751000000,-4718000000,-5446000000,-6077000000,-6798000000,-6434000000,-5823000000,-5186000000,-4971000000,-4131000000,-3548000000,-3065000000,-3407000000,-2533000000,-1806000000,-1146000000,-1951000000,-1344000000,-304000000,879000000,1853000000,3252000000,3814000000,5653000000,7302000000,8846000000,10601000000,12679000000,13264000000,14246000000,14825000000,15712000000,16956000000,18411000000,18953000000,15044000000,16101000000
2111,리스사,13411,도이치파이낸셜㈜,B,SK104,요약재무상태표(부채 및 자본)(08.03월 이후),A237,이익잉여금(결손금)_대손준비금,,,,,,,,,,,,,,,,,,,,,,, , ,0,0,0,0,0,0,0,0,0,0,0,0,0,0,0,0,0,0,0,0,0,0,0,0,0,0,0,0,0,0,0,0,0,0,0,0,0,0,0,0,0,0,0,0
2112,리스사,13411,도이치파이낸셜㈜,B,SK104,요약재무상태표(부채 및 자본)(08.03월 이후),A238,이익잉여금(결손금)_(당기순손익),,,,,,,,,,,,,,,,,,,,,,,-414000000,-871000000,-1107000000,-2194000000,-3309000000,-2668000000,-482000000,-1186000000,-1065000000,-1212000000,33000000,-695000000,-1326000000,-2047000000,364000000,975000000,1612000000,1828000000,579000000,1162000000,1645000000,2526000000,875000000,1602000000,2261000000,1456000000,607000000,1648000000,2831000000,3804000000,1399000000,2181000000,4020000000,5669000000,1789000000,3764000000,5842000000,6427000000,982000000,2026000000,2913000000,4157000000,1455000000,2421000000,-1488000000,-431000000
2113,리스사,13411,도이치파이낸셜㈜,B,SK104,요약재무상태표(부채 및 자본)(08.03월 이후),A24,자본조정,,,,,,,,,,,,,,,,,,,,,,,422000000,-494000000,-494000000,-494000000,-494000000,-494000000,-494000000,0,0,0,0,0,0,0,0,0,0,0,0,0,0,0,0,0,0,0,0,0,0,0,0,0,0,13000000,32000000,53000000,90000000,115000000,139000000,152000000,175000000,184000000,206000000,227000000,243000000,250000000
2114,리스사,13411,도이치파이낸셜㈜,B,SK104,요약재무상태표(부채 및 자본)(08.03월 이후),A240,자본조정_주식할인발행차금,,,,,,,,,,,,,,,,,,,,,,,422000000,-494000000,-494000000,-494000000,-494000000,-494000000,-494000000,0,0,0,0,0,0,0,0,0,0,0,0,0,0,0,0,0,0,0,0,0,0,0,0,0,0,0,0,0,0,0,0,0,0,0,0,0,0,0
2115,리스사,13411,도이치파이낸셜㈜,B,SK104,요약재무상태표(부채 및 자본)(08.03월 이후),A241,자본조정_배당건설이자,,,,,,,,,,,,,,,,,,,,,,, , ,0,0,0,0,0,0,0,0,0,0,0,0,0,0,0,0,0,0,0,0,0,0,0,0,0,0,0,0,0,0,0,0,0,0,0,0,0,0,0,0,0,0,0,0
2116,리스사,13411,도이치파이낸셜㈜,B,SK104,요약재무상태표(부채 및 자본)(08.03월 이후),A242,자본조정_자기주식,,,,,,,,,,,,,,,,,,,,,,, , ,0,0,0,0,0,0,0,0,0,0,0,0,0,0,0,0,0,0,0,0,0,0,0,0,0,0,0,0,0,0,0,0,0,0,0,0,0,0,0,0,0,0,0,0
2117,리스사,13411,도이치파이낸셜㈜,B,SK104,요약재무상태표(부채 및 자본)(08.03월 이후),A243,자본조정_주식매수선택권,,,,,,,,,,,,,,,,,,,,,,, , ,0,0,0,0,0,0,0,0,0,0,0,0,0,0,0,0,0,0,0,0,0,0,0,0,0,0,0,0,0,0,0,13000000,32000000,53000000,90000000,115000000,139000000,152000000,175000000,184000000,206000000,227000000,243000000,250000000
2118,리스사,13411,도이치파이낸셜㈜,B,SK104,요약재무상태표(부채 및 자본)(08.03월 이후),A244,자본조정_미교부주식배당금,,,,,,,,,,,,,,,,,,,,,,, , ,0,0,0,0,0,0,0,0,0,0,0,0,0,0,0,0,0,0,0,0,0,0,0,0,0,0,0,0,0,0,0,0,0,0,0,0,0,0,0,0,0,0,0,0
2119,리스사,13411,도이치파이낸셜㈜,B,SK104,요약재무상태표(부채 및 자본)(08.03월 이후),A245,자본조정_기타 자본조정,,,,,,,,,,,,,,,,,,,,,,, , ,0,0,0,0,0,0,0,0,0,0,0,0,0,0,0,0,0,0,0,0,0,0,0,0,0,0,0,0,0,0,0,0,0,0,0,0,0,0,0,0,0,0,0,0
2120,리스사,13411,도이치파이낸셜㈜,B,SK104,요약재무상태표(부채 및 자본)(08.03월 이후),A25,기타포괄손익누계액,,,,,,,,,,,,,,,,,,,,,,,0,-33000000,-34000000,-52000000,-52000000,-97000000,-98000000,-114000000,-114000000,4000000,4000000,-83000000,-102000000,-66000000,-66000000,-79000000,-79000000,-91000000,-91000000,-66000000,-66000000,-66000000,-66000000,-82000000,-82000000,-79000000,-79000000,-97000000,-97000000,-23000000,-23000000,3000000,3000000,40000000,40000000,105000000,105000000,196000000,196000000,150000000,150000000,112000000,112000000,85000000,85000000,86000000
2121,리스사,13411,도이치파이낸셜㈜,B,SK104,요약재무상태표(부채 및 자본)(08.03월 이후),A250,기타포괄손익누계액_매도가능금융자산평가이익,,,,,,,,,,,,,,,,,,,,,,, , ,0,0,0,0,0,0,0,0,0,0,0,0,0,0,0,0,0,0,0,0,0,0,0,0,0,0,0,0,0,0,0,0,0,0,0,0,0,0,0,0,0,0,0,0
2122,리스사,13411,도이치파이낸셜㈜,B,SK104,요약재무상태표(부채 및 자본)(08.03월 이후),A251,기타포괄손익누계액_매도가능금융자산평가손실,,,,,,,,,,,,,,,,,,,,,,, , ,0,0,0,0,0,0,0,0,0,0,0,0,0,0,0,0,0,0,0,0,0,0,0,0,0,0,0,0,0,0,0,0,0,0,0,0,0,0,0,0,0,0,0,0
2123,리스사,13411,도이치파이낸셜㈜,B,SK104,요약재무상태표(부채 및 자본)(08.03월 이후),A252,기타포괄손익누계액_해외사업환산이익,,,,,,,,,,,,,,,,,,,,,,, , ,0,0,0,0,0,0,0,0,0,0,0,0,0,0,0,0,0,0,0,0,0,0,0,0,0,0,0,0,0,0,0,0,0,0,0,0,0,0,0,0,0,0,0,0
2124,리스사,13411,도이치파이낸셜㈜,B,SK104,요약재무상태표(부채 및 자본)(08.03월 이후),A253,기타포괄손익누계액_해외사업환산손실,,,,,,,,,,,,,,,,,,,,,,, , ,0,0,0,0,0,0,0,0,0,0,0,0,0,0,0,0,0,0,0,0,0,0,0,0,0,0,0,0,0,0,0,0,0,0,0,0,0,0,0,0,0,0,0,0
2125,리스사,13411,도이치파이낸셜㈜,B,SK104,요약재무상태표(부채 및 자본)(08.03월 이후),A254,기타포괄손익누계액_현금흐름위험회피 파생상품평가이익,,,,,,,,,,,,,,,,,,,,,,, , ,0,0,0,0,0,0,0,0,0,0,0,0,0,0,0,0,0,0,0,0,0,0,0,0,0,0,0,0,0,0,0,0,0,0,0,0,0,0,0,0,0,0,0,0
2126,리스사,13411,도이치파이낸셜㈜,B,SK104,요약재무상태표(부채 및 자본)(08.03월 이후),A255,기타포괄손익누계액_현금흐름위험회피 파생상품평가손실,,,,,,,,,,,,,,,,,,,,,,, , ,0,0,0,0,0,0,0,0,0,0,0,0,0,0,0,0,0,0,0,0,0,0,0,0,0,0,0,0,0,0,0,0,0,0,0,0,0,0,0,0,0,0,0,0
2127,리스사,13411,도이치파이낸셜㈜,B,SK104,요약재무상태표(부채 및 자본)(08.03월 이후),A256,기타포괄손익누계액_지분법자본변동,,,,,,,,,,,,,,,,,,,,,,, , ,0,0,0,0,0,0,0,0,0,0,0,0,0,0,0,0,0,0,0,0,0,0,0,0,0,0,0,0,0,0,0,0,0,0,0,0,0,0,0,0,0,0,0,0
2128,리스사,13411,도이치파이낸셜㈜,B,SK104,요약재무상태표(부채 및 자본)(08.03월 이후),A257,기타포괄손익누계액_부의 지분법자본변동,,,,,,,,,,,,,,,,,,,,,,, , ,0,0,0,0,0,0,0,0,0,0,0,0,0,0,0,0,0,0,0,0,0,0,0,0,0,0,0,0,0,0,0,0,0,0,0,0,0,0,0,0,0,0,0,0
2129,리스사,13411,도이치파이낸셜㈜,B,SK104,요약재무상태표(부채 및 자본)(08.03월 이후),A258,기타포괄손익누계액_유형자산 재평가이익,,,,,,,,,,,,,,,,,,,,,,, , ,0,0,0,0,0,0,0,0,0,0,0,0,0,0,0,0,0,0,0,0,0,0,0,0,0,0,0,0,0,0,0,0,0,0,0,0,0,0,0,0,0,0,0,0
2130,리스사,13411,도이치파이낸셜㈜,B,SK104,요약재무상태표(부채 및 자본)(08.03월 이후),A259,기타포괄손익누계액_기타,,,,,,,,,,,,,,,,,,,,,,, ,-33000000,-34000000,-52000000,-52000000,-97000000,-98000000,-114000000,-114000000,4000000,4000000,-83000000,-102000000,-66000000,-66000000,-79000000,-79000000,-91000000,-91000000,-66000000,-66000000,-66000000,-66000000,-82000000,-82000000,-79000000,-79000000,-97000000,-97000000,-23000000,-23000000,3000000,3000000,40000000,40000000,105000000,105000000,196000000,196000000,150000000,150000000,112000000,112000000,85000000,85000000,86000000
2131,리스사,13508,포르쉐파이낸셜서비스코리아㈜,B,SK104,요약재무상태표(부채 및 자본)(08.03월 이후),A,부채 및 자본총계,,,,,,,,,,,,,,,,,,,,,,,,,,21165000000,22724000000,22662000000,24949000000,27996000000,55650000000,77233000000,109125000000,152801000000,164308000000,169892000000,179336000000,205664000000,207674000000,204847000000,210005000000,253631000000,249367000000,266656000000,292439000000,277632000000,270773000000,265527000000,291960000000,343867000000,361024000000,362859000000,390290000000,423350000000,436424000000,427005000000,477291000000,496356000000,518761000000,601650000000,663102000000,686445000000,748152000000,821427000000,853682000000,826738000000,845529000000,879844000000
2132,리스사,13508,포르쉐파이낸셜서비스코리아㈜,B,SK104,요약재무상태표(부채 및 자본)(08.03월 이후),A1,부채,,,,,,,,,,,,,,,,,,,,,,,,,,1912000000,3683000000,3967000000,6485000000,9774000000,37570000000,59229000000,91074000000,134632000000,125696000000,130782000000,139609000000,165952000000,167663000000,163446000000,168034000000,211068000000,205854000000,222224000000,246996000000,231347000000,223625000000,217205000000,242733000000,293239000000,309231000000,310484000000,337433000000,369245000000,392704000000,375922000000,405881000000,426322000000,448229000000,521944000000,562371000000,583738000000,643692000000,715122000000,745435000000,716158000000,732785000000,765127000000
2133,리스사,13508,포르쉐파이낸셜서비스코리아㈜,B,SK104,요약재무상태표(부채 및 자본)(08.03월 이후),A11,차입부채,,,,,,,,,,,,,,,,,,,,,,,,,,0,0,0,2281000000,5167000000,27056000000,42899000000,69593000000,105935000000,93286000000,95511000000,99367000000,120562000000,122081000000,114387000000,117194000000,156906000000,151213000000,165823000000,185874000000,172188000000,163986000000,157795000000,177932000000,216198000000,221572000000,218000000000,235000000000,250403000000,265945000000,244096000000,265446000000,270370000000,283243000000,328439000000,362673000000,383822000000,442004000000,498908000000,529122000000,505708000000,520446000000,554328000000
2134,리스사,13508,포르쉐파이낸셜서비스코리아㈜,B,SK104,요약재무상태표(부채 및 자본)(08.03월 이후),A110,차입부채_차입금,,,,,,,,,,,,,,,,,,,,,,,,,,0,0,0,2281000000,5167000000,27056000000,42899000000,69593000000,105935000000,93286000000,95511000000,99367000000,120562000000,122081000000,114387000000,117194000000,156906000000,151213000000,165823000000,185874000000,172188000000,163986000000,157795000000,177932000000,216198000000,221572000000,218000000000,235000000000,250403000000,265945000000,244096000000,265446000000,270370000000,283243000000,328439000000,362673000000,383822000000,442004000000,498908000000,529122000000,505708000000,520446000000,554328000000
2135,리스사,13508,포르쉐파이낸셜서비스코리아㈜,B,SK104,요약재무상태표(부채 및 자본)(08.03월 이후),A111,차입부채_차입금_단기차입금,,,,,,,,,,,,,,,,,,,,,,,,,, , , ,2281000000,5167000000,27056000000,42899000000,69593000000,105935000000,93286000000,95511000000,99367000000,120562000000,92081000000,84387000000,87194000000,126906000000,107213000000,107823000000,133874000000,126188000000,125986000000,121795000000,143932000000,184198000000,141572000000,120000000000,141000000000,160403000000,195945000000,184346000000,0,29223000000,396000000,42096000000,5340000000,11973000000,67861000000,1046000000,32651000000,741000000,35758000000,14117000000
2136,리스사,13508,포르쉐파이낸셜서비스코리아㈜,B,SK104,요약재무상태표(부채 및 자본)(08.03월 이후),A112,차입부채_차입금_콜머니,,,,,,,,,,,,,,,,,,,,,,,,,, , , , , , , , , , , , , , , , , , , , , , , , , , , , , , , , , , ,0,0,0,0,0, ,0,0,0
2137,리스사,13508,포르쉐파이낸셜서비스코리아㈜,B,SK104,요약재무상태표(부채 및 자본)(08.03월 이후),A113,차입부채_차입금_장기차입금,,,,,,,,,,,,,,,,,,,,,,,,,, , , , , , , , , , , , , ,30000000000,30000000000,30000000000,30000000000,44000000000,58000000000,52000000000,46000000000,38000000000,36000000000,34000000000,32000000000,80000000000,98000000000,94000000000,90000000000,70000000000,59750000000,265446000000,241147000000,282847000000,286343000000,357333000000,371849000000,374143000000,497862000000,496471000000,504967000000,484688000000,540211000000
2138,리스사,13508,포르쉐파이낸셜서비스코리아㈜,B,SK104,요약재무상태표(부채 및 자본)(08.03월 이후),A114,차입부채_차입금_유동성 장기차입금,,,,,,,,,,,,,,,,,,,,,,,,,, , , , , , , , , , , , , , , , , , , , , , , , , ,0, , , ,0, , , , ,0,0,0,0,0, ,0,0,0
2139,리스사,13508,포르쉐파이낸셜서비스코리아㈜,B,SK104,요약재무상태표(부채 및 자본)(08.03월 이후),A115,차입부채_사 채,,,,,,,,,,,,,,,,,,,,,,,,,,0,0,0,0,0,0,0,0,0,0,0,0,0,0,0,0,0,0,0,0,0,0,0,0,0,0,0,0,0,0,0,0,0,0,0,0,0,0,0, ,0,0,0
2140,리스사,13508,포르쉐파이낸셜서비스코리아㈜,B,SK104,요약재무상태표(부채 및 자본)(08.03월 이후),A1150,차입부채_사 채_단기사채,,,,,,,,,,,,,,,,,,,,,,,,,, , , , , , , , , , , , , , , , , , , ,0, , ,0,0,0,0,0, ,0,0,0, , , ,0,0,0,0,0, ,0,0,0
2141,리스사,13508,포르쉐파이낸셜서비스코리아㈜,B,SK104,요약재무상태표(부채 및 자본)(08.03월 이후),A11500,차입부채_사 채_단기사채_(사채발행차금),,,,,,,,,,,,,,,,,,,,,,,,,, , , , , , , , , , , , , , , , , , , ,0, , ,0,0,0,0,0, ,0,0,0, , , ,0,0,0,0,0, ,0,0,0
2142,리스사,13508,포르쉐파이낸셜서비스코리아㈜,B,SK104,요약재무상태표(부채 및 자본)(08.03월 이후),A1151,차입부채_사 채_유동성사채,,,,,,,,,,,,,,,,,,,,,,,,,, , , , , , , , , , , , , , , , , , , ,0, , ,0,0,0,0,0, ,0,0,0, , , ,0,0,0,0,0, ,0,0,0
2143,리스사,13508,포르쉐파이낸셜서비스코리아㈜,B,SK104,요약재무상태표(부채 및 자본)(08.03월 이후),A11510,차입부채_사 채_유동성사채_(유동성사채발행차금),,,,,,,,,,,,,,,,,,,,,,,,,, , , , , , , , , , , , , , , , , , , ,0, , ,0,0,0,0,0, ,0,0,0, , , ,0,0,0,0,0, ,0,0,0
2144,리스사,13508,포르쉐파이낸셜서비스코리아㈜,B,SK104,요약재무상태표(부채 및 자본)(08.03월 이후),A1152,차입부채_사 채_장기사채,,,,,,,,,,,,,,,,,,,,,,,,,, , , , , , , , , , , , , , , , , , , ,0, , ,0,0,0,0,0, ,0,0,0, , , ,0,0,0,0,0, ,0,0,0
2145,리스사,13508,포르쉐파이낸셜서비스코리아㈜,B,SK104,요약재무상태표(부채 및 자본)(08.03월 이후),A11520,차입부채_사 채_장기사채_(사채발행차금),,,,,,,,,,,,,,,,,,,,,,,,,, , , , , , , , , , , , , , , , , , , ,0, , ,0,0,0,0,0, ,0,0,0, , , ,0,0,0,0,0, ,0,0,0
2146,리스사,13508,포르쉐파이낸셜서비스코리아㈜,B,SK104,요약재무상태표(부채 및 자본)(08.03월 이후),A1153,차입부채_사 채_기타,,,,,,,,,,,,,,,,,,,,,,,,,,0,0,0,0,0,0,0,0,0,0,0,0,0,0,0,0,0,0,0,0,0,0,0,0,0,0,0,0,0,0,0,0,0,0,0,0,0,0,0, ,0,0,0
2147,리스사,13508,포르쉐파이낸셜서비스코리아㈜,B,SK104,요약재무상태표(부채 및 자본)(08.03월 이후),A12,기타부채,,,,,,,,,,,,,,,,,,,,,,,,,,1912000000,3683000000,3967000000,4204000000,4607000000,10514000000,16330000000,21481000000,28697000000,32410000000,35271000000,40242000000,45390000000,45582000000,49059000000,50840000000,54162000000,54641000000,56401000000,61122000000,59159000000,59639000000,59410000000,64801000000,77041000000,87659000000,92484000000,102433000000,118842000000,126759000000,131826000000,140435000000,155952000000,164986000000,193505000000,199698000000,199916000000,201688000000,216214000000,216313000000,210450000000,212339000000,210799000000
2148,리스사,13508,포르쉐파이낸셜서비스코리아㈜,B,SK104,요약재무상태표(부채 및 자본)(08.03월 이후),A120,기타부채_영업미지급금,,,,,,,,,,,,,,,,,,,,,,,,,,110000000,55000000,52000000,13000000,16000000,262000000,355000000,297000000,420000000,173000000,120000000,367000000,445000000,173000000,288000000,337000000,407000000,191000000,219000000,538000000,190000000,190000000,274000000,744000000,1177000000,716000000,833000000,581000000,806000000,424000000,205000000,0,0,0,0,0,0,0,0,0,0,0,0
2149,리스사,13508,포르쉐파이낸셜서비스코리아㈜,B,SK104,요약재무상태표(부채 및 자본)(08.03월 이후),A121,기타부채_장기미지급금,,,,,,,,,,,,,,,,,,,,,,,,,,0,0,0,0,0,0,0,0,0,0,0,0,0,0,0,0,0,0,0,0,0,0,0,0,0,0,0,0,0,0,0,0,0,0,0,0,0,0,0,0,0,0,0
2150,리스사,13508,포르쉐파이낸셜서비스코리아㈜,B,SK104,요약재무상태표(부채 및 자본)(08.03월 이후),A122,기타부채_기타의 부채,,,,,,,,,,,,,,,,,,,,,,,,,,50000000,269000000,410000000,333000000,341000000,1119000000,1720000000,2020000000,2731000000,2852000000,3339000000,3294000000,3431000000,3743000000,4285000000,4080000000,4382000000,4981000000,4667000000,5078000000,4351000000,5522000000,5717000000,5132000000,4775000000,6338000000,5455000000,5854000000,6815000000,6907000000,6521000000,6238000000,6579000000,6942000000,30466000000,30538000000,30462000000,31120000000,34973000000,35578000000,33469000000,33570000000,32378000000
2151,리스사,13508,포르쉐파이낸셜서비스코리아㈜,B,SK104,요약재무상태표(부채 및 자본)(08.03월 이후),A1220,기타부채_기타의 부채_가수금,,,,,,,,,,,,,,,,,,,,,,,,,,0, , , , ,0,0,0,0,0,0,0,0,0,0,0,0,0,0,0,0,0,0,0,0,0,0,0,0,0,0,0,0,0,0,0,0,0,0,0,0,0,0
2152,리스사,13508,포르쉐파이낸셜서비스코리아㈜,B,SK104,요약재무상태표(부채 및 자본)(08.03월 이후),A1221,기타부채_기타의 부채_예수금,,,,,,,,,,,,,,,,,,,,,,,,,,18000000,24000000,11000000,12000000,15000000,33000000,39000000,35000000,65000000,33000000,23000000,42000000,44000000,41000000,73000000,40000000,54000000,59000000,40000000,91000000,-601000000,112000000,113000000,232000000,-345000000,245000000,196000000,284000000,234000000,162000000,67000000,207000000,181000000,139000000,352000000,209000000,259000000,198000000,212000000,186000000,109000000,190000000,194000000
2153,리스사,13508,포르쉐파이낸셜서비스코리아㈜,B,SK104,요약재무상태표(부채 및 자본)(08.03월 이후),A1222,기타부채_기타의 부채_선수금,,,,,,,,,,,,,,,,,,,,,,,,,,16000000,240000000,254000000,288000000,273000000,1013000000,1485000000,1921000000,2454000000,2585000000,2674000000,3024000000,3209000000,3110000000,3214000000,3264000000,3320000000,3136000000,3211000000,3419000000,3274000000,3276000000,3203000000,3025000000,3337000000,3970000000,4155000000,4437000000,5104000000,5115000000,5026000000,5070000000,5010000000,5110000000,5448000000,5443000000,5382000000,5260000000,5576000000,5172000000,4939000000,4870000000,4806000000
2154,리스사,13508,포르쉐파이낸셜서비스코리아㈜,B,SK104,요약재무상태표(부채 및 자본)(08.03월 이후),A1223,기타부채_기타의 부채_선수수익,,,,,,,,,,,,,,,,,,,,,,,,,,0,0,0,0,0,0,0,0,0,0,0,0,0,0,34000000,35000000,39000000,73000000,72000000,75000000,37000000,35000000,39000000,50000000,18000000,29000000,6000000,20000000,0,0,0,0,0,0,21940000000,21940000000,21940000000,21940000000,23281000000,23281000000,23281000000,23281000000,20312000000
2155,리스사,13508,포르쉐파이낸셜서비스코리아㈜,B,SK104,요약재무상태표(부채 및 자본)(08.03월 이후),A1224,기타부채_기타의 부채_미지급금,,,,,,,,,,,,,,,,,,,,,,,,,,0, , , , ,0,0,0,0,0,0,0,0,0,0,0,0,0,0,0,0,0,0,0,0,0,0,0,0,0,0,387000000,547000000,173000000,721000000,361000000,370000000,310000000,852000000,531000000,298000000,606000000,309000000
2156,리스사,13508,포르쉐파이낸셜서비스코리아㈜,B,SK104,요약재무상태표(부채 및 자본)(08.03월 이후),A1225,기타부채_기타의 부채_미지급비용,,,,,,,,,,,,,,,,,,,,,,,,,,16000000,5000000,145000000,33000000,53000000,73000000,196000000,64000000,212000000,234000000,642000000,228000000,178000000,545000000,877000000,536000000,709000000,1117000000,1118000000,1042000000,963000000,1178000000,1190000000,822000000,880000000,881000000,912000000,791000000,803000000,828000000,1428000000,482000000,695000000,1233000000,1898000000,2277000000,1713000000,2151000000,2972000000,3802000000,3712000000,2922000000,4619000000
2157,리스사,13508,포르쉐파이낸셜서비스코리아㈜,B,SK104,요약재무상태표(부채 및 자본)(08.03월 이후),A1226,기타부채_기타의 부채_미지급법인세,,,,,,,,,,,,,,,,,,,,,,,,,,0,0,0,0,0,0,0,0,0,0,0,0,0,47000000,87000000,205000000,260000000,596000000,70000000,296000000,523000000,766000000,939000000,770000000,651000000,979000000,0,136000000,488000000,802000000,0,92000000,146000000,287000000,107000000,308000000,798000000,1261000000,2080000000,2606000000,1130000000,1701000000,2138000000
2158,리스사,13508,포르쉐파이낸셜서비스코리아㈜,B,SK104,요약재무상태표(부채 및 자본)(08.03월 이후),A1227,기타부채_기타의 부채_선불카드수탁금,,,,,,,,,,,,,,,,,,,,,,,,,,0, , , , , , , , , , ,0,0,0,0,0,0,0,0,0,0,0,0,0,0,0,0,0,0,0,0,0,0,0,0,0,0,0,0,0,0,0,0
2159,리스사,13508,포르쉐파이낸셜서비스코리아㈜,B,SK104,요약재무상태표(부채 및 자본)(08.03월 이후),A1228,기타부채_기타의 부채_부가세예수금,,,,,,,,,,,,,,,,,,,,,,,,,,0, , , , , , , , , , ,0,0,0,0,0,0,0,0,0,0,0,0,0,0,0,0,0,0,0,0,0,0,0,0,0,0,0,0,0,0,0,0
2160,리스사,13508,포르쉐파이낸셜서비스코리아㈜,B,SK104,요약재무상태표(부채 및 자본)(08.03월 이후),A1229,기타부채_기타의 부채_선물환거래대,,,,,,,,,,,,,,,,,,,,,,,,,,0, , , , , , , , , , ,0,0,0,0,0,0,0,0,0,0,0,0,0,0,0,0,0,0,0,0,0,0,0,0,0,0,0,0,0,0,0,0
2161,리스사,13508,포르쉐파이낸셜서비스코리아㈜,B,SK104,요약재무상태표(부채 및 자본)(08.03월 이후),A122A,기타부채_기타의 부채_파생상품부채,,,,,,,,,,,,,,,,,,,,,,,,,,0, , , , , , , , , , ,0,0,0,0,0,0,0,156000000,155000000,155000000,155000000,233000000,233000000,234000000,234000000,186000000,186000000,186000000,0,0,0,0,0,0,0,0,0,0,0,0,0,0
2162,리스사,13508,포르쉐파이낸셜서비스코리아㈜,B,SK104,요약재무상태표(부채 및 자본)(08.03월 이후),A122B,기타부채_기타의 부채_옵션수입프리미엄,,,,,,,,,,,,,,,,,,,,,,,,,,0, , , , , , , , , , ,0,0,0,0,0,0,0,0,0,0,0,0,0,0,0,0,0,0,0,0,0,0,0,0,0,0,0,0,0,0,0,0
2163,리스사,13508,포르쉐파이낸셜서비스코리아㈜,B,SK104,요약재무상태표(부채 및 자본)(08.03월 이후),A122C,기타부채_기타의 부채_이연리스수익,,,,,,,,,,,,,,,,,,,,,,,,,,0, , , , ,0,0,0,0,0,0,0,0,0,0,0,0,0,0,0,0,0,0,0,0,0,0,0,0,0,0,0,0,0,0,0,0,0,0,0,0,0,0
2164,리스사,13508,포르쉐파이낸셜서비스코리아㈜,B,SK104,요약재무상태표(부채 및 자본)(08.03월 이후),A122D,기타부채_기타의 부채_기타의 유동부채,,,,,,,,,,,,,,,,,,,,,,,,,,0, , , , ,0,0,0,0,0,0,0,0,0,0,0,0,0,0,0,0,0,0,0,0,0,0,0,0,0,0,0,0,0,0,0,0,0,0,0,0,0,0
2165,리스사,13508,포르쉐파이낸셜서비스코리아㈜,B,SK104,요약재무상태표(부채 및 자본)(08.03월 이후),A122E,기타부채_유동성 장기부채,,,,,,,,,,,,,,,,,,,,,,,,,,0,0,0,0,0,0,0,0,0,0,0,0,0,0,0,0,0,0,0,0,0,0,0,0,0,0,0,0,0,0,0,0,0,0,0,0,0,0,0,0,0,0,0
2166,리스사,13508,포르쉐파이낸셜서비스코리아㈜,B,SK104,요약재무상태표(부채 및 자본)(08.03월 이후),A123,기타부채_리스보증금,,,,,,,,,,,,,,,,,,,,,,,,,,1731000000,3323000000,3455000000,3793000000,4165000000,9028000000,14127000000,19009000000,25369000000,29182000000,31587000000,36330000000,41235000000,41364000000,43800000000,45712000000,48633000000,48709000000,49968000000,53919000000,53016000000,52325000000,51826000000,57287000000,69382000000,78787000000,83566000000,93421000000,108696000000,116940000000,121827000000,130765000000,145902000000,154549000000,157445000000,163633000000,164018000000,165182000000,176250000000,175728000000,171925000000,173747000000,174326000000
2167,리스사,13508,포르쉐파이낸셜서비스코리아㈜,B,SK104,요약재무상태표(부채 및 자본)(08.03월 이후),A124,기타부채_보 증 금,,,,,,,,,,,,,,,,,,,,,,,,,,0,0,0,0,0,0,0,0,0,0,0,0,0,0,0,0,0,0,0,0,0,0,0,0,0,0,0,0,0,0,0,0,0,0,0,0,0,0,0,0,0,0,0
2168,리스사,13508,포르쉐파이낸셜서비스코리아㈜,B,SK104,요약재무상태표(부채 및 자본)(08.03월 이후),A1240,기타부채_보 증 금_상환이행보증금,,,,,,,,,,,,,,,,,,,,,,,,,, , , , , , , , , , , , , , , , , , , , , , ,0, , , , , , , , , , , ,0,0,0,0,0,0,0,0,0
2169,리스사,13508,포르쉐파이낸셜서비스코리아㈜,B,SK104,요약재무상태표(부채 및 자본)(08.03월 이후),A1241,기타부채_보 증 금_임대보증금,,,,,,,,,,,,,,,,,,,,,,,,,, , , , , , , , , , , , , , , , , , , , , , ,0, , , , , , , , , , , ,0,0,0,0,0,0,0,0,0
2170,리스사,13508,포르쉐파이낸셜서비스코리아㈜,B,SK104,요약재무상태표(부채 및 자본)(08.03월 이후),A1242,기타부채_보 증 금_기타보증금,,,,,,,,,,,,,,,,,,,,,,,,,, , , , , , , , , , , , , , , , , , , , , , ,0, , , , , , , , , , , ,0,0,0,0,0,0,0,0,0
2171,리스사,13508,포르쉐파이낸셜서비스코리아㈜,B,SK104,요약재무상태표(부채 및 자본)(08.03월 이후),A125,기타부채_퇴직급여채무,,,,,,,,,,,,,,,,,,,,,,,,,,21000000,36000000,0,65000000,85000000,105000000,128000000,155000000,177000000,203000000,225000000,251000000,279000000,302000000,301000000,326000000,355000000,375000000,431000000,471000000,486000000,486000000,403000000,448000000,517000000,628000000,736000000,683000000,631000000,594000000,640000000,799000000,838000000,862000000,837000000,874000000,887000000,942000000,956000000,1075000000,1189000000,1241000000,1312000000
2172,리스사,13508,포르쉐파이낸셜서비스코리아㈜,B,SK104,요약재무상태표(부채 및 자본)(08.03월 이후),A1250,기타부채_퇴직급여채무_(미인식보험수리적손익) (+-),,,,,,,,,,,,,,,,,,,,,,,,,, , , , , , , , , , , , , , , , , , , , , , , , , , , , , , , , , , , ,0,0,0,0,0,0,0,0
2173,리스사,13508,포르쉐파이낸셜서비스코리아㈜,B,SK104,요약재무상태표(부채 및 자본)(08.03월 이후),A1251,기타부채_퇴직급여채무_(미인식과거근무원가) (-),,,,,,,,,,,,,,,,,,,,,,,,,, , , , , , , , , , , , , , , , , , , , , , , , , , , , , , , , , , , ,0,0,0,0,0,0,0,0
2174,리스사,13508,포르쉐파이낸셜서비스코리아㈜,B,SK104,요약재무상태표(부채 및 자본)(08.03월 이후),A1252,기타부채_퇴직급여채무_(퇴직급여사외적립자산) (-),,,,,,,,,,,,,,,,,,,,,,,,,, , , , , , , , , , , , , , , , , , , , , , , , , , , , , , , , , , ,837000000,874000000,887000000,942000000,956000000,1075000000,1189000000,1241000000,1312000000
2175,리스사,13508,포르쉐파이낸셜서비스코리아㈜,B,SK104,요약재무상태표(부채 및 자본)(08.03월 이후),A126,기타부채_지급보증충당금,,,,,,,,,,,,,,,,,,,,,,,,,, , , , , , , , , , , , , , , , , , , ,0, , , ,0,0, , , , , , , , , ,0,0,0,0,0,0,0,0,0
2176,리스사,13508,포르쉐파이낸셜서비스코리아㈜,B,SK104,요약재무상태표(부채 및 자본)(08.03월 이후),A127,기타부채_포인트충당부채,,,,,,,,,,,,,,,,,,,,,,,,,, , , , , , , , , , , , , , , , , , , ,0, , , ,0,0, , , , , , , , , ,0,0,0,0,0,0,0,0,0
2177,리스사,13508,포르쉐파이낸셜서비스코리아㈜,B,SK104,요약재무상태표(부채 및 자본)(08.03월 이후),A128,기타부채_미지급배당금,,,,,,,,,,,,,,,,,,,,,,,,,, , , , , , , , , , , , , , , , , , , ,0, , , ,0,0, , , , , , , , , ,0,0,0,0,0,0,0,0,0
2178,리스사,13508,포르쉐파이낸셜서비스코리아㈜,B,SK104,요약재무상태표(부채 및 자본)(08.03월 이후),A129,기타부채_이연법인세부채,,,,,,,,,,,,,,,,,,,,,,,,,, , ,0,0,0,0,0,0,0,0,0,0,0,0,385000000,385000000,385000000,385000000,1116000000,1116000000,1116000000,1116000000,1190000000,1190000000,1190000000,1190000000,1894000000,1894000000,1894000000,1894000000,2633000000,2633000000,2633000000,2633000000,3135000000,3135000000,3135000000,3135000000,2717000000,2717000000,2717000000,2717000000,1809000000
2179,리스사,13508,포르쉐파이낸셜서비스코리아㈜,B,SK104,요약재무상태표(부채 및 자본)(08.03월 이후),A12A,기타부채_외화환산대,,,,,,,,,,,,,,,,,,,,,,,,,, , , , , , , , , , , , , , , , , , , , , , , , , ,0, , ,0,0,0, , , ,0,0,0,0,0,0,0,0,0
2180,리스사,13508,포르쉐파이낸셜서비스코리아㈜,B,SK104,요약재무상태표(부채 및 자본)(08.03월 이후),A12B,기타부채_미사용약정충당금,,,,,,,,,,,,,,,,,,,,,,,,,, , , , , , , , , , , , , , , , , , , , , , , , , ,0, , ,0,0,0, , , ,9000000,9000000,9000000,9000000,1000000,7000000,10000000,9000000,6000000
2181,리스사,13508,포르쉐파이낸셜서비스코리아㈜,B,SK104,요약재무상태표(부채 및 자본)(08.03월 이후),A12C,기타부채_이자율위험포트폴리오위험회피 대상의 공정가액변동부채,,,,,,,,,,,,,,,,,,,,,,,,,, , , , , , , , , , , , , , , , , , , , , , , , , , , , , , , , , , , ,0,0,0,0,0,0,0,0
2182,리스사,13508,포르쉐파이낸셜서비스코리아㈜,B,SK104,요약재무상태표(부채 및 자본)(08.03월 이후),A12D,기타부채_기타의 기타부채,,,,,,,,,,,,,,,,,,,,,,,,,, , ,50000000, , , , , , , , , , , , , , , , , , , , , , ,0, , ,0,0,0, , , ,1613000000,1509000000,1405000000,1300000000,1317000000,1208000000,1140000000,1055000000,968000000
2183,리스사,13508,포르쉐파이낸셜서비스코리아㈜,B,SK104,요약재무상태표(부채 및 자본)(08.03월 이후),A13,요구불상환지분,,,,,,,,,,,,,,,,,,,,,,,,,, , , , , , , , , , , , , , , , , , , , , , , , , , , , , , , , , , , ,0,0,0,0, ,0,0,0
2184,리스사,13508,포르쉐파이낸셜서비스코리아㈜,B,SK104,요약재무상태표(부채 및 자본)(08.03월 이후),A130,요구불상환지분_상환우선주,,,,,,,,,,,,,,,,,,,,,,,,,, , , , , , , , , , , , , , , , , , , , , , , , , , , , , , , , , , , ,0,0,0,0, ,0,0,0
2185,리스사,13508,포르쉐파이낸셜서비스코리아㈜,B,SK104,요약재무상태표(부채 및 자본)(08.03월 이후),A131,요구불상환지분_기타,,,,,,,,,,,,,,,,,,,,,,,,,, , , , , , , , , , , , , , , , , , , , , , , , , , , , , , , , , , , ,0,0,0,0, ,0,0,0
2186,리스사,13508,포르쉐파이낸셜서비스코리아㈜,B,SK104,요약재무상태표(부채 및 자본)(08.03월 이후),A2,자본,,,,,,,,,,,,,,,,,,,,,,,,,,19253000000,19041000000,18695000000,18464000000,18222000000,18080000000,18004000000,18051000000,18169000000,38612000000,39110000000,39727000000,39712000000,40011000000,41401000000,41971000000,42563000000,43513000000,44432000000,45443000000,46285000000,47148000000,48322000000,49227000000,50628000000,51793000000,52375000000,52857000000,54105000000,43720000000,51083000000,71410000000,70034000000,70532000000,79706000000,100731000000,102707000000,104460000000,106305000000,108247000000,110580000000,112744000000,114717000000
2187,리스사,13508,포르쉐파이낸셜서비스코리아㈜,B,SK104,요약재무상태표(부채 및 자본)(08.03월 이후),A21,자본금,,,,,,,,,,,,,,,,,,,,,,,,,,20000000000,20000000000,20000000000,20000000000,20000000000,20000000000,20000000000,20000000000,20000000000,22000000000,22000000000,22000000000,22000000000,22000000000,22000000000,22000000000,22000000000,22000000000,22000000000,22000000000,22000000000,22000000000,22000000000,22000000000,22000000000,22000000000,22000000000,22000000000,22000000000,22000000000,29000000000,49000000000,31000000000,31000000000,31700000000,33700000000,33700000000,33700000000,33700000000,33700000000,33700000000,33700000000,33700000000
2188,리스사,13508,포르쉐파이낸셜서비스코리아㈜,B,SK104,요약재무상태표(부채 및 자본)(08.03월 이후),A210,자본금_보통주자본금,,,,,,,,,,,,,,,,,,,,,,,,,,20000000000,20000000000,20000000000,20000000000,20000000000,20000000000,20000000000,20000000000,20000000000,22000000000,22000000000,22000000000,22000000000,22000000000,22000000000,22000000000,22000000000,22000000000,22000000000,22000000000,22000000000,22000000000,22000000000,22000000000,22000000000,22000000000,22000000000,22000000000,22000000000,22000000000,29000000000,49000000000,31000000000,31000000000,31700000000,33700000000,33700000000,33700000000,33700000000,33700000000,33700000000,33700000000,33700000000
2189,리스사,13508,포르쉐파이낸셜서비스코리아㈜,B,SK104,요약재무상태표(부채 및 자본)(08.03월 이후),A211,자본금_우선주자본금,,,,,,,,,,,,,,,,,,,,,,,,,, , , , , , , , , , , , , , , , , , , , , , , , , , , , , , , , , , ,0,0,0,0,0,0,0,0,0
2190,리스사,13508,포르쉐파이낸셜서비스코리아㈜,B,SK104,요약재무상태표(부채 및 자본)(08.03월 이후),A212,자본금_신주청약증거금,,,,,,,,,,,,,,,,,,,,,,,,,, , , , , , , , , , , , , , , , , , , , , , , , , , , , , , , , , , ,0,0,0,0,0,0,0,0,0
2191,리스사,13508,포르쉐파이낸셜서비스코리아㈜,B,SK104,요약재무상태표(부채 및 자본)(08.03월 이후),A22,자본잉여금,,,,,,,,,,,,,,,,,,,,,,,,,,-288000000,-288000000,-288000000,-288000000,-288000000,-288000000,-288000000,-288000000,-288000000,17681000000,17681000000,17681000000,17681000000,17681000000,17681000000,17681000000,17681000000,17681000000,17681000000,17681000000,17681000000,17681000000,17681000000,17681000000,17681000000,17681000000,17681000000,17681000000,17681000000,17681000000,17643000000,17634000000,35630000000,35630000000,42300000000,60300000000,60300000000,60300000000,60300000000,60300000000,60300000000,60300000000,60300000000
2192,리스사,13508,포르쉐파이낸셜서비스코리아㈜,B,SK104,요약재무상태표(부채 및 자본)(08.03월 이후),A220,자본잉여금_주식발행초과금,,,,,,,,,,,,,,,,,,,,,,,,,,-288000000,-288000000,-288000000,-288000000,-288000000,-288000000,-288000000,-288000000,-288000000,17681000000,17681000000,17681000000,17681000000,17681000000,17681000000,17681000000,17681000000,17681000000,17681000000,17681000000,17681000000,17681000000,17681000000,17681000000,17681000000,17681000000,17681000000,17681000000,17681000000,17681000000,17643000000,17634000000,35630000000,35630000000,42300000000,60300000000,60300000000,60300000000,60300000000,60300000000,60300000000,60300000000,60300000000
2193,리스사,13508,포르쉐파이낸셜서비스코리아㈜,B,SK104,요약재무상태표(부채 및 자본)(08.03월 이후),A221,자본잉여금_감자차익,,,,,,,,,,,,,,,,,,,,,,,,,, , , , , , , , , , , , , , , , , , , , , , , , , , ,0, , , , , , , ,0,0,0,0,0,0,0,0,0
2194,리스사,13508,포르쉐파이낸셜서비스코리아㈜,B,SK104,요약재무상태표(부채 및 자본)(08.03월 이후),A222,자본잉여금_기타자본잉여금,,,,,,,,,,,,,,,,,,,,,,,,,, , , , , , , , , , , , , , , , , , , , , , , , , , ,0, , , , , , , ,0,0,0,0,0,0,0,0,0
2195,리스사,13508,포르쉐파이낸셜서비스코리아㈜,B,SK104,요약재무상태표(부채 및 자본)(08.03월 이후),A23,이익잉여금(결손금),,,,,,,,,,,,,,,,,,,,,,,,,,-459000000,-671000000,-1017000000,-1248000000,-1490000000,-1632000000,-1708000000,-1661000000,-1543000000,-1069000000,-571000000,46000000,31000000,330000000,1720000000,2290000000,2882000000,3832000000,4751000000,5762000000,6604000000,7467000000,8641000000,9546000000,10947000000,12112000000,12694000000,13176000000,14424000000,4039000000,4440000000,4776000000,3404000000,3902000000,5952000000,6986000000,8970000000,10723000000,12556000000,14498000000,16831000000,18995000000,21107000000
2196,리스사,13508,포르쉐파이낸셜서비스코리아㈜,B,SK104,요약재무상태표(부채 및 자본)(08.03월 이후),A230,이익잉여금(결손금)_이익준비금,,,,,,,,,,,,,,,,,,,,,,,,,, , , , , , , , , , , , , , , , , , , , , , , , , , , , , , ,1150000000,1150000000,1305000000,1305000000,1305000000,1305000000,1305000000,1305000000,1305000000,1305000000,1305000000,1305000000,1305000000
2197,리스사,13508,포르쉐파이낸셜서비스코리아㈜,B,SK104,요약재무상태표(부채 및 자본)(08.03월 이후),A231,이익잉여금(결손금)_기업합리화적립금,,,,,,,,,,,,,,,,,,,,,,,,,, , , , , , , , , , , , , , , , , , , , , , , , , , , , , , , , , , ,0,0,0,0,0,0,0,0,0
2198,리스사,13508,포르쉐파이낸셜서비스코리아㈜,B,SK104,요약재무상태표(부채 및 자본)(08.03월 이후),A232,이익잉여금(결손금)_투융자손실준비금,,,,,,,,,,,,,,,,,,,,,,,,,, , , , , , , , , , , , , , , , , , , , , , , , , , , , , , , , , , ,0,0,0,0,0,0,0,0,0
2199,리스사,13508,포르쉐파이낸셜서비스코리아㈜,B,SK104,요약재무상태표(부채 및 자본)(08.03월 이후),A233,이익잉여금(결손금)_기타 법정적립금,,,,,,,,,,,,,,,,,,,,,,,,,, , , , , , , , , , , , , , , , , , , , , , , , , , , , , , , , , , ,0,0,0,0,0,0,0,0,0
2200,리스사,13508,포르쉐파이낸셜서비스코리아㈜,B,SK104,요약재무상태표(부채 및 자본)(08.03월 이후),A234,이익잉여금(결손금)_임의적립금,,,,,,,,,,,,,,,,,,,,,,,,,, , , , , , , , , , , , , , , , , , , , , , , , , , , , , , , , , , ,0,0,0,0,0,0,0,0,100000000
2201,리스사,13508,포르쉐파이낸셜서비스코리아㈜,B,SK104,요약재무상태표(부채 및 자본)(08.03월 이후),A235,이익잉여금(결손금)_해외투자손실준비금,,,,,,,,,,,,,,,,,,,,,,,,,, , , , , , , , , , , , , , , , , , , , , , , , , , , , , , , , , , ,0,0,0,0,0,0,0,0,0
2202,리스사,13508,포르쉐파이낸셜서비스코리아㈜,B,SK104,요약재무상태표(부채 및 자본)(08.03월 이후),A236,이익잉여금(결손금)_미처분이익잉여금(미처리결손금),,,,,,,,,,,,,,,,,,,,,,,,,,-30000000,-30000000,-30000000,-1016000000,-1016000000,-1016000000,-1016000000,-1709000000,-1709000000,-1709000000,-1709000000,-571000000,-571000000,-571000000,-684000000,1720000000,1720000000,1720000000,1720000000,4751000000,4751000000,4751000000,4751000000,8641000000,8641000000,8641000000,8641000000,12694000000,12694000000,1194000000,44000000,3290000000,1580000000,1580000000,-434000000,1504000000,1504000000,1504000000,928000000,7500000000,7597000000,7478000000,7271000000
2203,리스사,13508,포르쉐파이낸셜서비스코리아㈜,B,SK104,요약재무상태표(부채 및 자본)(08.03월 이후),A237,이익잉여금(결손금)_대손준비금,,,,,,,,,,,,,,,,,,,,,,,,,, , , , , , , , , , , , , , , , , , , , , , , , , , , , , , , , , , ,3084000000,3142000000,3142000000,3142000000,3718000000,3751000000,3654000000,3772000000,3879000000
2204,리스사,13508,포르쉐파이낸셜서비스코리아㈜,B,SK104,요약재무상태표(부채 및 자본)(08.03월 이후),A238,이익잉여금(결손금)_(당기순손익),,,,,,,,,,,,,,,,,,,,,,,,,,-429000000,-641000000,-987000000,-232000000,-474000000,-616000000,-692000000,48000000,166000000,640000000,1138000000,617000000,602000000,901000000,2404000000,570000000,1162000000,2112000000,3031000000,1011000000,1853000000,2716000000,3890000000,905000000,2306000000,3471000000,4053000000,482000000,1730000000,2845000000,3246000000,336000000,519000000,1017000000,1997000000,1035000000,3019000000,4772000000,6605000000,1942000000,4275000000,6440000000,8552000000
2205,리스사,13508,포르쉐파이낸셜서비스코리아㈜,B,SK104,요약재무상태표(부채 및 자본)(08.03월 이후),A24,자본조정,,,,,,,,,,,,,,,,,,,,,,,,,,0,0,0,0,0,0,0,0,0,0,0,0,0,0,0,0,0,0,0,0,0,0,0,0,0,0,0,0,0,0,0,0,0,0,-379000000,-388000000,-396000000,-396000000,-396000000,-396000000,-396000000,-396000000,-396000000
2206,리스사,13508,포르쉐파이낸셜서비스코리아㈜,B,SK104,요약재무상태표(부채 및 자본)(08.03월 이후),A240,자본조정_주식할인발행차금,,,,,,,,,,,,,,,,,,,,,,,,,, , , , , , , , , , , , , , , , , , , ,0, , ,0,0,0,0,0, ,0,0,0, , , ,0,0,0,0,0,0,0,0,0
2207,리스사,13508,포르쉐파이낸셜서비스코리아㈜,B,SK104,요약재무상태표(부채 및 자본)(08.03월 이후),A241,자본조정_배당건설이자,,,,,,,,,,,,,,,,,,,,,,,,,, , , , , , , , , , , , , , , , , , , ,0, , ,0,0,0,0,0, ,0,0,0, , , ,0,0,0,0,0,0,0,0,0
2208,리스사,13508,포르쉐파이낸셜서비스코리아㈜,B,SK104,요약재무상태표(부채 및 자본)(08.03월 이후),A242,자본조정_자기주식,,,,,,,,,,,,,,,,,,,,,,,,,, , , , , , , , , , , , , , , , , , , ,0, , ,0,0,0,0,0, ,0,0,0, , , ,0,0,0,0,0,0,0,0,0
2209,리스사,13508,포르쉐파이낸셜서비스코리아㈜,B,SK104,요약재무상태표(부채 및 자본)(08.03월 이후),A243,자본조정_주식매수선택권,,,,,,,,,,,,,,,,,,,,,,,,,, , , , , , , , , , , , , , , , , , , ,0, , ,0,0,0,0,0, ,0,0,0, , , ,0,0,0,0,0,0,0,0,0
2210,리스사,13508,포르쉐파이낸셜서비스코리아㈜,B,SK104,요약재무상태표(부채 및 자본)(08.03월 이후),A244,자본조정_미교부주식배당금,,,,,,,,,,,,,,,,,,,,,,,,,, , , , , , , , , , , , , , , , , , , ,0, , ,0,0,0,0,0, ,0,0,0, , , ,0,0,0,0,0,0,0,0,0
2211,리스사,13508,포르쉐파이낸셜서비스코리아㈜,B,SK104,요약재무상태표(부채 및 자본)(08.03월 이후),A245,자본조정_기타 자본조정,,,,,,,,,,,,,,,,,,,,,,,,,, , , , , , , , , , , , , , , , , , , ,0, , ,0,0,0,0,0, ,0,0,0, , , ,-379000000,-388000000,-396000000,-396000000,-396000000,-396000000,-396000000,-396000000,-396000000
2212,리스사,13508,포르쉐파이낸셜서비스코리아㈜,B,SK104,요약재무상태표(부채 및 자본)(08.03월 이후),A25,기타포괄손익누계액,,,,,,,,,,,,,,,,,,,,,,,,,, , , , , , , , , , , , , , , , , , , ,0, , ,0,0,0,0,0, ,0,0,0, , , ,133000000,133000000,133000000,133000000,145000000,145000000,145000000,145000000,6000000
2213,리스사,13508,포르쉐파이낸셜서비스코리아㈜,B,SK104,요약재무상태표(부채 및 자본)(08.03월 이후),A250,기타포괄손익누계액_매도가능금융자산평가이익,,,,,,,,,,,,,,,,,,,,,,,,,, , , , , , , , , , , , , , , , , , , ,0, , ,0,0,0,0,0, ,0,0,0, , , ,0,0,0,0,0,0,0,0,0
2214,리스사,13508,포르쉐파이낸셜서비스코리아㈜,B,SK104,요약재무상태표(부채 및 자본)(08.03월 이후),A251,기타포괄손익누계액_매도가능금융자산평가손실,,,,,,,,,,,,,,,,,,,,,,,,,, , , , , , , , , , , , , , , , , , , ,0, , ,0,0,0,0,0, ,0,0,0, , , ,0,0,0,0,0,0,0,0,0
2215,리스사,13508,포르쉐파이낸셜서비스코리아㈜,B,SK104,요약재무상태표(부채 및 자본)(08.03월 이후),A252,기타포괄손익누계액_해외사업환산이익,,,,,,,,,,,,,,,,,,,,,,,,,, , , , , , , , , , , , , , , , , , , ,0, , ,0,0,0,0,0, ,0,0,0, , , ,0,0,0,0,0,0,0,0,0
2216,리스사,13508,포르쉐파이낸셜서비스코리아㈜,B,SK104,요약재무상태표(부채 및 자본)(08.03월 이후),A253,기타포괄손익누계액_해외사업환산손실,,,,,,,,,,,,,,,,,,,,,,,,,, , , , , , , , , , , , , , , , , , , ,0, , ,0,0,0,0,0, ,0,0,0, , , ,0,0,0,0,0,0,0,0,0
2217,리스사,13508,포르쉐파이낸셜서비스코리아㈜,B,SK104,요약재무상태표(부채 및 자본)(08.03월 이후),A254,기타포괄손익누계액_현금흐름위험회피 파생상품평가이익,,,,,,,,,,,,,,,,,,,,,,,,,, , , , , , , , , , , , , , , , , , , ,0, , ,0,0,0,0,0, ,0,0,0, , , ,0,0,0,0,0,0,0,0,0
2218,리스사,13508,포르쉐파이낸셜서비스코리아㈜,B,SK104,요약재무상태표(부채 및 자본)(08.03월 이후),A255,기타포괄손익누계액_현금흐름위험회피 파생상품평가손실,,,,,,,,,,,,,,,,,,,,,,,,,, , , , , , , , , , , , , , , , , , , ,0, , ,0,0,0,0,0, ,0,0,0, , , ,0,0,0,0,0,0,0,0,0
2219,리스사,13508,포르쉐파이낸셜서비스코리아㈜,B,SK104,요약재무상태표(부채 및 자본)(08.03월 이후),A256,기타포괄손익누계액_지분법자본변동,,,,,,,,,,,,,,,,,,,,,,,,,, , , , , , , , , , , , , , , , , , , ,0, , ,0,0,0,0,0, ,0,0,0, , , ,0,0,0,0,0,0,0,0,0
2220,리스사,13508,포르쉐파이낸셜서비스코리아㈜,B,SK104,요약재무상태표(부채 및 자본)(08.03월 이후),A257,기타포괄손익누계액_부의 지분법자본변동,,,,,,,,,,,,,,,,,,,,,,,,,, , , , , , , , , , , , , , , , , , , ,0, , ,0,0,0,0,0, ,0,0,0, , , ,0,0,0,0,0,0,0,0,0
2221,리스사,13508,포르쉐파이낸셜서비스코리아㈜,B,SK104,요약재무상태표(부채 및 자본)(08.03월 이후),A258,기타포괄손익누계액_유형자산 재평가이익,,,,,,,,,,,,,,,,,,,,,,,,,, , , , , , , , , , , , , , , , , , , ,0, , ,0,0,0,0,0, ,0,0,0, , , ,0,0,0,0,0,0,0,0,0
2222,리스사,13508,포르쉐파이낸셜서비스코리아㈜,B,SK104,요약재무상태표(부채 및 자본)(08.03월 이후),A259,기타포괄손익누계액_기타,,,,,,,,,,,,,,,,,,,,,,,,,, , , , , , , , , , , , , , , , , , , ,0, , ,0,0,0,0,0, ,0,0,0, , , ,133000000,133000000,133000000,133000000,145000000,145000000,145000000,145000000,6000000
2223,리스사,13706,한국투자캐피탈㈜,B,SK104,요약재무상태표(부채 및 자본)(08.03월 이후),A,부채 및 자본총계,,,,,,,,,,,,,,,,,,,,,,,,,,,,20173000000,138913000000,360528000000,663122000000,748005000000,1206040000000,1445516000000,1581188000000,1538968000000,1578220000000,1876028000000,1931585000000,1982005000000,2207606000000,1982093000000,2189602000000,2580693000000,2831761000000,2991982000000,3219712000000,3485366000000,3387227000000,3527052000000,3792975000000,4113728000000,4244295000000,4715168000000,4561551000000,4910268000000,5425939000000,5231826000000,5448432000000,5446477000000,5393606000000,4957239000000,5029415000000,5141946000000,5104661000000,5020734000000,4933991000000,5584015000000
2224,리스사,13706,한국투자캐피탈㈜,B,SK104,요약재무상태표(부채 및 자본)(08.03월 이후),A1,부채,,,,,,,,,,,,,,,,,,,,,,,,,,,,704000000,119724000000,300859000000,581682000000,663304000000,1077417000000,1268572000000,1397410000000,1349454000000,1385750000000,1674046000000,1718353000000,1716789000000,1966589000000,1728786000000,1892198000000,2270249000000,2505156000000,2645785000000,2855660000000,3053930000000,2926725000000,3034536000000,3301080000000,3601207000000,3723457000000,4165088000000,3984301000000,4260336000000,4738932000000,4512258000000,4695153000000,4665524000000,4140588000000,4043428000000,4085869000000,4111340000000,4170257000000,4091980000000,3933448000000,4435147000000
2225,리스사,13706,한국투자캐피탈㈜,B,SK104,요약재무상태표(부채 및 자본)(08.03월 이후),A11,차입부채,,,,,,,,,,,,,,,,,,,,,,,,,,,,0,119547000000,298856000000,578279000000,658419000000,1067627000000,1257599000000,1387450000000,1337477000000,1367651000000,1662528000000,1702307000000,1697703000000,1936998000000,1687367000000,1846981000000,2216505000000,2446435000000,2586155000000,2805233000000,2995945000000,2876648000000,3006889000000,3254329000000,3542406000000,3643426000000,4107228000000,3927495000000,4182514000000,4647106000000,4442680000000,4633226000000,4599316000000,4078395000000,3992556000000,4024286000000,4051162000000,4094480000000,4038813000000,3877651000000,4377525000000
2226,리스사,13706,한국투자캐피탈㈜,B,SK104,요약재무상태표(부채 및 자본)(08.03월 이후),A110,차입부채_차입금,,,,,,,,,,,,,,,,,,,,,,,,,,,,0,10000000000,10000000000,120000000000,200000000000,330000000000,410000000000,400000000000,260000000000,240000000000,365000000000,265000000000,320000000000,450000000000,380000000000,320000000000,350000000000,520000000000,520000000000,370000000000,341000000000,381000000000,601000000000,928800000000,872815000000,715062000000,908906000000,729013000000,1004042000000,1338851000000,1253930000000,1494092000000,1554224000000,964347000000,914472000000,894598000000,912716000000,894806000000,652872000000,812902000000,606591000000
2227,리스사,13706,한국투자캐피탈㈜,B,SK104,요약재무상태표(부채 및 자본)(08.03월 이후),A111,차입부채_차입금_단기차입금,,,,,,,,,,,,,,,,,,,,,,,,,,,,0,10000000000,10000000000,120000000000,80000000000,210000000000,290000000000,280000000000,260000000000,240000000000,365000000000,265000000000,320000000000,450000000000,380000000000,320000000000,350000000000,520000000000,520000000000,370000000000,341000000000,381000000000,601000000000,861000000000,720000000000,540000000000,480000000000,300000000000,555000000000,770000000000,615000000000,855000000000,735000000000,175000000000,90000000000,70000000000,98000000000,210000000000,168000000000,178000000000,270000000000
2228,리스사,13706,한국투자캐피탈㈜,B,SK104,요약재무상태표(부채 및 자본)(08.03월 이후),A112,차입부채_차입금_콜머니,,,,,,,,,,,,,,,,,,,,,,,,,,,,0,0,0,0,0,0,0,0,0,0,0,0, ,0, , , , ,0, ,0,0,0,0, ,0,0,0,0,0, , , ,0,0,0,0,0,0,0,0
2229,리스사,13706,한국투자캐피탈㈜,B,SK104,요약재무상태표(부채 및 자본)(08.03월 이후),A113,차입부채_차입금_장기차입금,,,,,,,,,,,,,,,,,,,,,,,,,,,,0,0,0,0,120000000000,120000000000,120000000000,120000000000,0,0,0,0, ,0, , , , ,0, ,0,0,0,67800000000,152815000000,175062000000,428909000000,429013000000,449042000000,568851000000,640000000000,640000000000,820000000000,790000000000,825000000000,825000000000,815000000000,685000000000,485000000000,635000000000,336667000000
2230,리스사,13706,한국투자캐피탈㈜,B,SK104,요약재무상태표(부채 및 자본)(08.03월 이후),A114,차입부채_차입금_유동성 장기차입금,,,,,,,,,,,,,,,,,,,,,,,,,,,,0,0,0,0,0,0,0,0,0,0,0,0, ,0, , , , ,0, ,0,0,0,0, ,0,0,0,0,0, , , ,0,0,0,0,0,0,0,0
2231,리스사,13706,한국투자캐피탈㈜,B,SK104,요약재무상태표(부채 및 자본)(08.03월 이후),A115,차입부채_사 채,,,,,,,,,,,,,,,,,,,,,,,,,,,,0,109547000000,288856000000,458279000000,458419000000,737627000000,847599000000,987450000000,1077477000000,1127651000000,1297528000000,1437307000000,1377703000000,1486998000000,1307367000000,1526981000000,1866505000000,1926435000000,2066155000000,2435233000000,2654945000000,2495648000000,2405889000000,2325529000000,2669591000000,2928365000000,3198322000000,3198481000000,3178471000000,3308255000000,3188750000000,3139134000000,3045092000000,3114048000000,3078084000000,3129688000000,3138446000000,3199674000000,3385941000000,3064749000000,3770934000000
2232,리스사,13706,한국투자캐피탈㈜,B,SK104,요약재무상태표(부채 및 자본)(08.03월 이후),A1150,차입부채_사 채_단기사채,,,,,,,,,,,,,,,,,,,,,,,,,,,,0,0,0,0,0,0,0,0,0,0,0,0, ,0, , , , ,0, ,110000000000,0,0,10000000000,30000000000,20000000000,0,0,0,0, ,50000000000,50000000000,130000000000,135000000000,85000000000,95000000000,15000000000,210000000000,210000000000,250000000000
2233,리스사,13706,한국투자캐피탈㈜,B,SK104,요약재무상태표(부채 및 자본)(08.03월 이후),A11500,차입부채_사 채_단기사채_(사채발행차금),,,,,,,,,,,,,,,,,,,,,,,,,,,,0,0,0,0,0,0,0,0,0,0,0,0, ,0, , , , ,0, ,-210000000,0,0,-40000000,-50000000,-8000000,0,0,0,0, ,-62000000,-46000000,-317000000,-238000000,-128000000,-59000000,-17000000,-241000000,-148000000,-120000000
2234,리스사,13706,한국투자캐피탈㈜,B,SK104,요약재무상태표(부채 및 자본)(08.03월 이후),A1151,차입부채_사 채_유동성사채,,,,,,,,,,,,,,,,,,,,,,,,,,,,0,0,0,0,0,0,0,0,0,0,0,0, ,0, , , , ,0, ,0,0,0,0, ,0,0,0,0,0, , , ,0,0,0,0,0,0,0,0
2235,리스사,13706,한국투자캐피탈㈜,B,SK104,요약재무상태표(부채 및 자본)(08.03월 이후),A11510,차입부채_사 채_유동성사채_(유동성사채발행차금),,,,,,,,,,,,,,,,,,,,,,,,,,,,0,0,0,0,0,0,0,0,0,0,0,0, ,0, , , , ,0, ,0,0,0,0, ,0,0,0,0,0, , , ,0,0,0,0,0,0,0,0
2236,리스사,13706,한국투자캐피탈㈜,B,SK104,요약재무상태표(부채 및 자본)(08.03월 이후),A1152,차입부채_사 채_장기사채,,,,,,,,,,,,,,,,,,,,,,,,,,,,0,110000000000,290000000000,460000000000,460000000000,740000000000,850000000000,990000000000,1080000000000,1130000000000,1300000000000,1440000000000,1380000000000,1490000000000,1310000000000,1530000000000,1870000000000,1930000000000,2070000000000,2440000000000,2550000000000,2500000000000,2410000000000,2320000000000,2645000000000,2915000000000,3205000000000,3205000000000,3185000000000,3315000000000,3195000000000,3095000000000,3000000000000,2990000000000,2949371000000,3050303000000,3048688000000,3190365000000,3181607000000,2859562000000,3526994000000
2237,리스사,13706,한국투자캐피탈㈜,B,SK104,요약재무상태표(부채 및 자본)(08.03월 이후),A11520,차입부채_사 채_장기사채_(사채발행차금),,,,,,,,,,,,,,,,,,,,,,,,,,,,0,-453000000,-1144000000,-1721000000,-1581000000,-2373000000,-2401000000,-2550000000,-2523000000,-2349000000,-2472000000,-2693000000,-2297000000,-3002000000,-2633000000,-3019000000,-3495000000,-3565000000,-3845000000,-4767000000,-4846000000,-4352000000,-4111000000,-4431000000,-5360000000,-6628000000,-6678000000,-6519000000,-6529000000,-6745000000,-6250000000,-5804000000,-4862000000,-5635000000,-6049000000,-5487000000,-5183000000,-5674000000,-5425000000,-4665000000,-5940000000
2238,리스사,13706,한국투자캐피탈㈜,B,SK104,요약재무상태표(부채 및 자본)(08.03월 이후),A1153,차입부채_사 채_기타,,,,,,,,,,,,,,,,,,,,,,,,,,,,0,0,0,0,0,0,0,0,0,0,0,0,0,0,0,0,0,0,0,0,1000000,0,0,0,1000000,1000000,0,0,0,0,0,0,0,0,0,0,0,0,0,0,0
2239,리스사,13706,한국투자캐피탈㈜,B,SK104,요약재무상태표(부채 및 자본)(08.03월 이후),A12,기타부채,,,,,,,,,,,,,,,,,,,,,,,,,,,,704000000,177000000,2003000000,3403000000,4885000000,9790000000,10974000000,9961000000,11977000000,18099000000,11518000000,16046000000,19086000000,29591000000,41419000000,45217000000,53744000000,58721000000,59630000000,50427000000,57985000000,50077000000,27647000000,46751000000,58801000000,80031000000,57860000000,56806000000,77822000000,91826000000,69578000000,61927000000,66208000000,62193000000,50872000000,61583000000,60178000000,75777000000,53167000000,55797000000,57622000000
2240,리스사,13706,한국투자캐피탈㈜,B,SK104,요약재무상태표(부채 및 자본)(08.03월 이후),A120,기타부채_영업미지급금,,,,,,,,,,,,,,,,,,,,,,,,,,,,0,0,0,0,0,0,0,0,0,0,0,0, ,0, , , , ,0, ,0,0,0,0, ,0,0,0,0,0, , , ,0,0,0,0,0,0,0,0
2241,리스사,13706,한국투자캐피탈㈜,B,SK104,요약재무상태표(부채 및 자본)(08.03월 이후),A121,기타부채_장기미지급금,,,,,,,,,,,,,,,,,,,,,,,,,,,,0,0,0,0,0,0,0,0,0,0,0,0, ,0, , , , ,0, ,0,0,0,0, ,0,0,0,0,0, , , ,0,0,0,0,0,0,0,0
2242,리스사,13706,한국투자캐피탈㈜,B,SK104,요약재무상태표(부채 및 자본)(08.03월 이후),A122,기타부채_기타의 부채,,,,,,,,,,,,,,,,,,,,,,,,,,,,704000000,177000000,2003000000,3403000000,4885000000,8079000000,10974000000,9961000000,11977000000,13067000000,11518000000,16046000000,19086000000,22157000000,19435000000,24610000000,30732000000,35201000000,32752000000,28694000000,39791000000,35439000000,17733000000,37842000000,50670000000,56190000000,49893000000,48798000000,68993000000,84200000000,62591000000,56019000000,61755000000,57659000000,46909000000,57874000000,57640000000,68763000000,46340000000,47620000000,49842000000
2243,리스사,13706,한국투자캐피탈㈜,B,SK104,요약재무상태표(부채 및 자본)(08.03월 이후),A1220,기타부채_기타의 부채_가수금,,,,,,,,,,,,,,,,,,,,,,,,,,,,0,0,0,0,0,0,0,0,0,0,0,0, ,0, , , , ,0, ,0,0,0,0, ,0,0,0,0,0, , , ,0,0,0,0,0,0,0,0
2244,리스사,13706,한국투자캐피탈㈜,B,SK104,요약재무상태표(부채 및 자본)(08.03월 이후),A1221,기타부채_기타의 부채_예수금,,,,,,,,,,,,,,,,,,,,,,,,,,,,14000000,22000000,22000000,22000000,26000000,106000000,25000000,27000000,232000000,379000000,120000000,1124000000,1944000000,2196000000,183000000,350000000,592000000,1136000000,1093000000,1019000000,475000000,1626000000,589000000,542000000,604000000,420000000,828000000,549000000,726000000,3138000000,856000000,608000000,1045000000,1639000000,745000000,1251000000,1182000000,1239000000,1753000000,831000000,1054000000
2245,리스사,13706,한국투자캐피탈㈜,B,SK104,요약재무상태표(부채 및 자본)(08.03월 이후),A1222,기타부채_기타의 부채_선수금,,,,,,,,,,,,,,,,,,,,,,,,,,,,0,0,0,0,0,0,0,0,0,213000000,213000000,2599000000,929000000,1448000000, , , ,375000000, , , ,0,0,0, ,0, ,0,0,0, , , ,0,0,22000000,53000000,87000000,105000000,83000000,80000000
2246,리스사,13706,한국투자캐피탈㈜,B,SK104,요약재무상태표(부채 및 자본)(08.03월 이후),A1223,기타부채_기타의 부채_선수수익,,,,,,,,,,,,,,,,,,,,,,,,,,,,55000000,85000000,1103000000,1315000000,1369000000,3252000000,2606000000,2982000000,2321000000,2273000000,1777000000,1209000000,908000000,912000000,4989000000,7164000000,8001000000,8096000000,9063000000,8698000000,8580000000,8107000000,7159000000,9561000000,9306000000,9298000000,18903000000,18564000000,19399000000,23644000000,18638000000,17482000000,16269000000,15580000000,15847000000,13104000000,11080000000,13309000000,12225000000,13764000000,14861000000
2247,리스사,13706,한국투자캐피탈㈜,B,SK104,요약재무상태표(부채 및 자본)(08.03월 이후),A1224,기타부채_기타의 부채_미지급금,,,,,,,,,,,,,,,,,,,,,,,,,,,,634000000,31000000,582000000,592000000,599000000,583000000,599000000,476000000,343000000,288000000,151000000,169000000,985000000,650000000,411000000,506000000,2142000000,347000000,509000000,582000000,4312000000,838000000,1003000000,1021000000,5587000000,4834000000,1087000000,1334000000,8749000000,4158000000,6840000000,8939000000,9602000000,4590000000,8384000000,4273000000,3915000000,5494000000,2787000000,3016000000,2560000000
2248,리스사,13706,한국투자캐피탈㈜,B,SK104,요약재무상태표(부채 및 자본)(08.03월 이후),A1225,기타부채_기타의 부채_미지급비용,,,,,,,,,,,,,,,,,,,,,,,,,,,,0,39000000,266000000,663000000,1237000000,2485000000,3368000000,4302000000,4431000000,3127000000,4244000000,5149000000,6073000000,3682000000,4110000000,6048000000,7729000000,5661000000,6680000000,8041000000,9316000000,7130000000,7307000000,7521000000,8958000000,8273000000,9498000000,9361000000,9860000000,9064000000,9807000000,11394000000,12605000000,13849000000,16246000000,20044000000,15932000000,16848000000,22283000000,24563000000,22230000000
2249,리스사,13706,한국투자캐피탈㈜,B,SK104,요약재무상태표(부채 및 자본)(08.03월 이후),A1226,기타부채_기타의 부채_미지급법인세,,,,,,,,,,,,,,,,,,,,,,,,,,,,0,0,30000000,810000000,1654000000,1654000000,4375000000,2173000000,4651000000,6787000000,5014000000,5796000000,8248000000,13267000000,9743000000,10543000000,12266000000,19586000000,15408000000,10353000000,17109000000,17668000000,1674000000,19198000000,26215000000,33365000000,19569000000,18991000000,30229000000,44155000000,26450000000,17596000000,22234000000,22000000000,5460000000,19135000000,24180000000,31586000000,7016000000,4854000000,8783000000
2250,리스사,13706,한국투자캐피탈㈜,B,SK104,요약재무상태표(부채 및 자본)(08.03월 이후),A1227,기타부채_기타의 부채_선불카드수탁금,,,,,,,,,,,,,,,,,,,,,,,,,,,,0,0,0,0,0,0,0,0,0,0,0,0, ,0, , , , ,0, ,0,0,0,0, ,0,0,0,0,0, , , ,0,0,0,0,0,0,0,0
2251,리스사,13706,한국투자캐피탈㈜,B,SK104,요약재무상태표(부채 및 자본)(08.03월 이후),A1228,기타부채_기타의 부채_부가세예수금,,,,,,,,,,,,,,,,,,,,,,,,,,,,0,0,0,1000000,0,0,0,0,0,0,0,0, ,3000000, , ,2000000, ,0,1000000,0,70000000,0,0, ,0,9000000,0,30000000,41000000, , , ,1000000,0,45000000,0,200000000,0,0,0
2252,리스사,13706,한국투자캐피탈㈜,B,SK104,요약재무상태표(부채 및 자본)(08.03월 이후),A1229,기타부채_기타의 부채_선물환거래대,,,,,,,,,,,,,,,,,,,,,,,,,,,,0,0,0,0,0,0,0,0,0,0,0,0, ,0, , , , ,0, ,0,0,0,0, ,0,0,0,0,0, , , ,0,0,0,0,0,0,0,0
2253,리스사,13706,한국투자캐피탈㈜,B,SK104,요약재무상태표(부채 및 자본)(08.03월 이후),A122A,기타부채_기타의 부채_파생상품부채,,,,,,,,,,,,,,,,,,,,,,,,,,,,0,0,0,0,0,0,0,0,0,0,0,0, ,0, , , , ,0, ,0,0,0,0, ,0,0,0,0,0, , , ,0,227000000,0,1298000000,0,171000000,509000000,274000000
2254,리스사,13706,한국투자캐피탈㈜,B,SK104,요약재무상태표(부채 및 자본)(08.03월 이후),A122B,기타부채_기타의 부채_옵션수입프리미엄,,,,,,,,,,,,,,,,,,,,,,,,,,,,0,0,0,0,0,0,0,0,0,0,0,0, ,0, , , , ,0, ,0,0,0,0, ,0,0,0,0,0, , , ,0,0,0,0,0,0,0,0
2255,리스사,13706,한국투자캐피탈㈜,B,SK104,요약재무상태표(부채 및 자본)(08.03월 이후),A122C,기타부채_기타의 부채_이연리스수익,,,,,,,,,,,,,,,,,,,,,,,,,,,,0,0,0,0,0,0,0,0,0,0,0,0, ,0, , , , ,0, ,0,0,0,0, ,0,0,0,0,0, , , ,0,0,0,0,0,0,0,0
2256,리스사,13706,한국투자캐피탈㈜,B,SK104,요약재무상태표(부채 및 자본)(08.03월 이후),A122D,기타부채_기타의 부채_기타의 유동부채,,,,,,,,,,,,,,,,,,,,,,,,,,,,0,0,0,0,0,0,0,0,0,0,0,0, ,0, , , , ,0, ,0,0,0,0, ,0,0,0,0,0, , , ,0,0,0,0,0,0,0,0
2257,리스사,13706,한국투자캐피탈㈜,B,SK104,요약재무상태표(부채 및 자본)(08.03월 이후),A122E,기타부채_유동성 장기부채,,,,,,,,,,,,,,,,,,,,,,,,,,,,0,0,0,0,0,0,0,0,0,0,0,0, ,0, , , , ,0, ,0,0,0,0, ,0,0,0,0,0, , , ,0,0,0,0,0,0,0,0
2258,리스사,13706,한국투자캐피탈㈜,B,SK104,요약재무상태표(부채 및 자본)(08.03월 이후),A123,기타부채_리스보증금,,,,,,,,,,,,,,,,,,,,,,,,,,,,0,0,0,0,0,0,0,0,0,0,0,0, ,0, , , , ,0, ,0,0,0,0, ,0,0,0,0,0, , , ,0,0,0,0,0,0,0,0
2259,리스사,13706,한국투자캐피탈㈜,B,SK104,요약재무상태표(부채 및 자본)(08.03월 이후),A124,기타부채_보 증 금,,,,,,,,,,,,,,,,,,,,,,,,,,,,0,0,0,0,0,0,0,0,0,0,0,0, ,0, , , , ,0, ,0,0,0,0, ,0,0,0,0,0, , , ,0,0,0,0,0,0,0,0
2260,리스사,13706,한국투자캐피탈㈜,B,SK104,요약재무상태표(부채 및 자본)(08.03월 이후),A1240,기타부채_보 증 금_상환이행보증금,,,,,,,,,,,,,,,,,,,,,,,,,,,,0,0,0,0,0,0,0,0,0,0,0,0, ,0, , , , ,0, ,0,0,0,0, ,0,0,0,0,0, , , ,0,0,0,0,0,0,0,0
2261,리스사,13706,한국투자캐피탈㈜,B,SK104,요약재무상태표(부채 및 자본)(08.03월 이후),A1241,기타부채_보 증 금_임대보증금,,,,,,,,,,,,,,,,,,,,,,,,,,,,0,0,0,0,0,0,0,0,0,0,0,0, ,0, , , , ,0, ,0,0,0,0, ,0,0,0,0,0, , , ,0,0,0,0,0,0,0,0
2262,리스사,13706,한국투자캐피탈㈜,B,SK104,요약재무상태표(부채 및 자본)(08.03월 이후),A1242,기타부채_보 증 금_기타보증금,,,,,,,,,,,,,,,,,,,,,,,,,,,,0,0,0,0,0,0,0,0,0,0,0,0, ,0, , , , ,0, ,0,0,0,0, ,0,0,0,0,0, , , ,0,0,0,0,0,0,0,0
2263,리스사,13706,한국투자캐피탈㈜,B,SK104,요약재무상태표(부채 및 자본)(08.03월 이후),A125,기타부채_퇴직급여채무,,,,,,,,,,,,,,,,,,,,,,,,,,,,0,0,0,0,0,0,0,0,0,0,0,0, ,0, , , , ,0, ,0,0,0,0, ,0,0,0,0,0, , , ,0,0,0,0,0,0,0,0
2264,리스사,13706,한국투자캐피탈㈜,B,SK104,요약재무상태표(부채 및 자본)(08.03월 이후),A1250,기타부채_퇴직급여채무_(미인식보험수리적손익) (+-),,,,,,,,,,,,,,,,,,,,,,,,,,,,0,0,0,0,0,0,0,0,0,0,0,0, ,0, , , , ,0, ,0,0,0,0, ,0,0,0,0,0, , , ,0,0,0,0,0,0,0,0
2265,리스사,13706,한국투자캐피탈㈜,B,SK104,요약재무상태표(부채 및 자본)(08.03월 이후),A1251,기타부채_퇴직급여채무_(미인식과거근무원가) (-),,,,,,,,,,,,,,,,,,,,,,,,,,,,0,0,0,0,0,0,0,0,0,0,0,0, ,0, , , , ,0, ,0,0,0,0, ,0,0,0,0,0, , , ,0,0,0,0,0,0,0,0
2266,리스사,13706,한국투자캐피탈㈜,B,SK104,요약재무상태표(부채 및 자본)(08.03월 이후),A1252,기타부채_퇴직급여채무_(퇴직급여사외적립자산) (-),,,,,,,,,,,,,,,,,,,,,,,,,,,,0,0,0,0,0,0,0,0,0,0,0,0, ,0, , , , ,0, ,0,0,0,0, ,0,0,0,0,0, , , ,0,0,0,0,0,0,0,0
2267,리스사,13706,한국투자캐피탈㈜,B,SK104,요약재무상태표(부채 및 자본)(08.03월 이후),A126,기타부채_지급보증충당금,,,,,,,,,,,,,,,,,,,,,,,,,,,,0,0,0,0,0,0,0,0,0,0,0,0, ,508000000,589000000,433000000,542000000,507000000,691000000,476000000,177000000,220000000,321000000,501000000,482000000,187000000,153000000,48000000,62000000,75000000, , ,27000000,0,0,0,0,0,0,0,46000000
2268,리스사,13706,한국투자캐피탈㈜,B,SK104,요약재무상태표(부채 및 자본)(08.03월 이후),A127,기타부채_포인트충당부채,,,,,,,,,,,,,,,,,,,,,,,,,,,,0,0,0,0,0,0,0,0,0,0,0,0, ,0, , , , ,0, ,0,0,0,0, ,0,0,0,0,0, , , ,0,0,0,0,0,0,0,0
2269,리스사,13706,한국투자캐피탈㈜,B,SK104,요약재무상태표(부채 및 자본)(08.03월 이후),A128,기타부채_미지급배당금,,,,,,,,,,,,,,,,,,,,,,,,,,,,0,0,0,0,0,0,0,0,0,5032000000,0,0, ,0, , , , ,0, ,0,0,0,0, ,16008000000, ,0,0,0, , , ,0,0,0,0,0,0,0,348000000
2270,리스사,13706,한국투자캐피탈㈜,B,SK104,요약재무상태표(부채 및 자본)(08.03월 이후),A129,기타부채_이연법인세부채,,,,,,,,,,,,,,,,,,,,,,,,,,,,0,0,0,0,0,1711000000,0,0,0,0,0,0, ,0, , , , ,0, ,0,0,0,0, ,0,0,0,0,0, , , ,0,0,0,0,0,0,0,0
2271,리스사,13706,한국투자캐피탈㈜,B,SK104,요약재무상태표(부채 및 자본)(08.03월 이후),A12A,기타부채_외화환산대,,,,,,,,,,,,,,,,,,,,,,,,,,,,0,0,0,0,0,0,0,0,0,0,0,0, ,0, , , , ,0, ,0,0,0,0, ,0,0,0,0,0, , , ,0,0,0,0,0,0,0,0
2272,리스사,13706,한국투자캐피탈㈜,B,SK104,요약재무상태표(부채 및 자본)(08.03월 이후),A12B,기타부채_미사용약정충당금,,,,,,,,,,,,,,,,,,,,,,,,,,,,0,0,0,0,0,0,0,0,0,0,0,0, ,3917000000,5129000000,4299000000,5005000000,5056000000,4815000000,3878000000,3737000000,3030000000,2985000000,3937000000,4314000000,4517000000,5164000000,4982000000,5235000000,4697000000,4669000000,3988000000,2961000000,3345000000,2939000000,2980000000,2111000000,2549000000,2016000000,2383000000,1925000000
2273,리스사,13706,한국투자캐피탈㈜,B,SK104,요약재무상태표(부채 및 자본)(08.03월 이후),A12C,기타부채_이자율위험포트폴리오위험회피 대상의 공정가액변동부채,,,,,,,,,,,,,,,,,,,,,,,,,,,,0,0,0,0,0,0,0,0,0,0,0,0, ,0, , , , ,0, ,0,0,0,0, ,0,0,0,0,0, , , ,0,0,0,0,0,0,0,0
2274,리스사,13706,한국투자캐피탈㈜,B,SK104,요약재무상태표(부채 및 자본)(08.03월 이후),A12D,기타부채_기타의 기타부채,,,,,,,,,,,,,,,,,,,,,,,,,,,,0,0,0,0,0,0,0,0,0,0,0,0, ,3010000000,16265000000,15875000000,17465000000,17957000000,21371000000,17378000000,14280000000,11388000000,6609000000,4471000000,3336000000,3131000000,2651000000,2978000000,3531000000,2855000000,2318000000,1920000000,1465000000,1189000000,1024000000,729000000,427000000,4465000000,4811000000,5794000000,5461000000
2275,리스사,13706,한국투자캐피탈㈜,B,SK104,요약재무상태표(부채 및 자본)(08.03월 이후),A13,요구불상환지분,,,,,,,,,,,,,,,,,,,,,,,,,,,,0,0,0,0,0,0,0,0,0,0,0,0, ,0, , , , ,0, ,0,0,0,0, ,0,0,0,0,0, , , ,0,0,0,0,0,0,0,0
2276,리스사,13706,한국투자캐피탈㈜,B,SK104,요약재무상태표(부채 및 자본)(08.03월 이후),A130,요구불상환지분_상환우선주,,,,,,,,,,,,,,,,,,,,,,,,,,,,0,0,0,0,0,0,0,0,0,0,0,0, ,0, , , , ,0, ,0,0,0,0, ,0,0,0,0,0, , , ,0,0,0,0,0,0,0,0
2277,리스사,13706,한국투자캐피탈㈜,B,SK104,요약재무상태표(부채 및 자본)(08.03월 이후),A131,요구불상환지분_기타,,,,,,,,,,,,,,,,,,,,,,,,,,,,0,0,0,0,0,0,0,0,0,0,0,0, ,0, , , , ,0, ,0,0,0,0, ,0,0,0,0,0, , , ,0,0,0,0,0,0,0,0
2278,리스사,13706,한국투자캐피탈㈜,B,SK104,요약재무상태표(부채 및 자본)(08.03월 이후),A2,자본,,,,,,,,,,,,,,,,,,,,,,,,,,,,19469000000,19190000000,59669000000,81440000000,84701000000,128624000000,176943000000,183778000000,189515000000,192470000000,201983000000,213232000000,265216000000,241017000000,253307000000,297404000000,310444000000,326605000000,346197000000,364052000000,431436000000,460502000000,492516000000,491895000000,512521000000,520838000000,550080000000,577250000000,649932000000,687007000000,719568000000,753279000000,780953000000,1253018000000,913811000000,943546000000,1030606000000,934404000000,928754000000,1000543000000,1148868000000
2279,리스사,13706,한국투자캐피탈㈜,B,SK104,요약재무상태표(부채 및 자본)(08.03월 이후),A21,자본금,,,,,,,,,,,,,,,,,,,,,,,,,,,,20000000000,20000000000,24000000000,26000000000,26000000000,30000000000,34000000000,34000000000,34000000000,34000000000,34000000000,34000000000,38000000000,38000000000,38000000000,41000000000,41000000000,41000000000,41000000000,41000000000,46000000000,46000000000,46000000000,46000000000,46000000000,46000000000,46000000000,46000000000,46500000000,46500000000,46500000000,46500000000,46500000000,50900000000,50900000000,50900000000,51700000000,51700000000,51700000000,52300000000,52300000000
2280,리스사,13706,한국투자캐피탈㈜,B,SK104,요약재무상태표(부채 및 자본)(08.03월 이후),A210,자본금_보통주자본금,,,,,,,,,,,,,,,,,,,,,,,,,,,,20000000000,20000000000,24000000000,26000000000,26000000000,30000000000,34000000000,34000000000,34000000000,34000000000,34000000000,34000000000,38000000000,38000000000,38000000000,41000000000,41000000000,41000000000,41000000000,41000000000,46000000000,46000000000,46000000000,46000000000,46000000000,46000000000,46000000000,46000000000,46500000000,46500000000,46500000000,46500000000,46500000000,50900000000,50900000000,50900000000,51700000000,51700000000,51700000000,52300000000,52300000000
2281,리스사,13706,한국투자캐피탈㈜,B,SK104,요약재무상태표(부채 및 자본)(08.03월 이후),A211,자본금_우선주자본금,,,,,,,,,,,,,,,,,,,,,,,,,,,,0,0,0,0,0,0,0,0,0,0,0,0, ,0, , , , ,0, ,0,0,0,0, ,0,0,0,0,0, , , ,0,0,0,0,0,0,0,0
2282,리스사,13706,한국투자캐피탈㈜,B,SK104,요약재무상태표(부채 및 자본)(08.03월 이후),A212,자본금_신주청약증거금,,,,,,,,,,,,,,,,,,,,,,,,,,,,0,0,0,0,0,0,0,0,0,0,0,0, ,0, , , , ,0, ,0,0,0,0, ,0,0,0,0,0, , , ,0,0,0,0,0,0,0,0
2283,리스사,13706,한국투자캐피탈㈜,B,SK104,요약재무상태표(부채 및 자본)(08.03월 이후),A22,자본잉여금,,,,,,,,,,,,,,,,,,,,,,,,,,,,0,0,35653000000,53625000000,53625000000,89567000000,125509000000,125509000000,125509000000,125509000000,125509000000,125509000000,161452000000,161452000000,161452000000,188409000000,188409000000,188409000000,188409000000,188409000000,233385000000,233385000000,233385000000,233385000000,233385000000,233385000000,233385000000,233385000000,282882000000,282882000000,282882000000,282882000000,282882000000,718461000000,718461000000,718461000000,797657000000,797657000000,797657000000,857054000000,857054000000
2284,리스사,13706,한국투자캐피탈㈜,B,SK104,요약재무상태표(부채 및 자본)(08.03월 이후),A220,자본잉여금_주식발행초과금,,,,,,,,,,,,,,,,,,,,,,,,,,,,0,0,35653000000,53625000000,53625000000,89567000000,125509000000,125509000000,125509000000,125509000000,125509000000,125509000000,161452000000,161452000000,161452000000,188409000000,188409000000,188409000000,188409000000,188409000000,233385000000,233385000000,233385000000,233385000000,233385000000,233385000000,233385000000,233385000000,282882000000,282882000000,282882000000,282882000000,282882000000,718461000000,718461000000,718461000000,797657000000,797657000000,797657000000,857054000000,857054000000
2285,리스사,13706,한국투자캐피탈㈜,B,SK104,요약재무상태표(부채 및 자본)(08.03월 이후),A221,자본잉여금_감자차익,,,,,,,,,,,,,,,,,,,,,,,,,,,,0,0,0,0,0,0,0,0,0,0,0,0, ,0, , , , ,0, ,0,0,0,0, ,0,0,0,0,0, , , ,0,0,0,0,0,0,0,0
2286,리스사,13706,한국투자캐피탈㈜,B,SK104,요약재무상태표(부채 및 자본)(08.03월 이후),A222,자본잉여금_기타자본잉여금,,,,,,,,,,,,,,,,,,,,,,,,,,,,0,0,0,0,0,0,0,0,0,0,0,0, ,0, , , , ,0, ,0,0,0,0, ,0,0,0,0,0, , , ,0,0,0,0,0,0,0,0
2287,리스사,13706,한국투자캐피탈㈜,B,SK104,요약재무상태표(부채 및 자본)(08.03월 이후),A23,이익잉여금(결손금),,,,,,,,,,,,,,,,,,,,,,,,,,,,-242000000,-521000000,16000000,1815000000,5076000000,9057000000,17434000000,24268000000,30005000000,32961000000,42473000000,53723000000,65764000000,41565000000,53855000000,67995000000,81035000000,97196000000,116788000000,134643000000,152051000000,181117000000,213131000000,212510000000,233136000000,241453000000,270695000000,297865000000,320550000000,357625000000,390186000000,423897000000,451571000000,483657000000,144890000000,174354000000,181975000000,85380000000,79858000000,91977000000,90156000000
2288,리스사,13706,한국투자캐피탈㈜,B,SK104,요약재무상태표(부채 및 자본)(08.03월 이후),A230,이익잉여금(결손금)_이익준비금,,,,,,,,,,,,,,,,,,,,,,,,,,,,0,0,0,0,0,0,0,0,0,0,0,0, ,0, , , , ,0, ,0,0,0,0, ,0,0,0,0,0, , , ,5706000000,5706000000,5706000000,5706000000,25850000000,25850000000,25850000000,25850000000
2289,리스사,13706,한국투자캐피탈㈜,B,SK104,요약재무상태표(부채 및 자본)(08.03월 이후),A231,이익잉여금(결손금)_기업합리화적립금,,,,,,,,,,,,,,,,,,,,,,,,,,,,0,0,0,0,0,0,0,0,0,0,0,0, ,0, , , , ,0, ,0,0,0,0, ,0,0,0,0,0, , , ,0,0,0,0,0,0,0,0
2290,리스사,13706,한국투자캐피탈㈜,B,SK104,요약재무상태표(부채 및 자본)(08.03월 이후),A232,이익잉여금(결손금)_투융자손실준비금,,,,,,,,,,,,,,,,,,,,,,,,,,,,0,0,0,0,0,0,0,0,0,0,0,0, ,0, , , , ,0, ,0,0,0,0, ,0,0,0,0,0, , , ,0,0,0,0,0,0,0,0
2291,리스사,13706,한국투자캐피탈㈜,B,SK104,요약재무상태표(부채 및 자본)(08.03월 이후),A233,이익잉여금(결손금)_기타 법정적립금,,,,,,,,,,,,,,,,,,,,,,,,,,,,0,0,0,0,0,0,0,0,0,0,0,0, ,0, , , , ,0, ,0,0,0,0, ,0,0,0,0,0, , , ,0,0,0,0,0,0,0,0
2292,리스사,13706,한국투자캐피탈㈜,B,SK104,요약재무상태표(부채 및 자본)(08.03월 이후),A234,이익잉여금(결손금)_임의적립금,,,,,,,,,,,,,,,,,,,,,,,,,,,,0,0,0,0,0,0,0,0,0,0,0,0, ,0, , , , ,0, ,0,0,0,0, ,0,0,0,0,0, , , ,1100000000,1100000000,1100000000,1100000000,1200000000,1200000000,1200000000,1200000000
2293,리스사,13706,한국투자캐피탈㈜,B,SK104,요약재무상태표(부채 및 자본)(08.03월 이후),A235,이익잉여금(결손금)_해외투자손실준비금,,,,,,,,,,,,,,,,,,,,,,,,,,,,0,0,0,0,0,0,0,0,0,0,0,0, ,0, , , , ,0, ,0,0,0,0, ,0,0,0,0,0, , , ,0,0,0,0,0,0,0,0
2294,리스사,13706,한국투자캐피탈㈜,B,SK104,요약재무상태표(부채 및 자본)(08.03월 이후),A236,이익잉여금(결손금)_미처분이익잉여금(미처리결손금),,,,,,,,,,,,,,,,,,,,,,,,,,,,0,-242000000,-242000000,-242000000,-242000000,617000000,5076000000,5076000000,5076000000,24973000000,24973000000,24973000000,24973000000,26173000000,26173000000,26173000000,26173000000,81035000000,81035000000,81035000000,81035000000,152051000000,152051000000,152051000000,152051000000,217128000000,217128000000,217128000000,217128000000,320550000000,320549000000,320550000000,320550000000,443485000000,93622000000,124638000000,140730000000,25893000000,-36988000000,30487000000,11298000000
2295,리스사,13706,한국투자캐피탈㈜,B,SK104,요약재무상태표(부채 및 자본)(08.03월 이후),A237,이익잉여금(결손금)_대손준비금,,,,,,,,,,,,,,,,,,,,,,,,,,,,0,0,0,0,0,7547000000,0,0,0,0,0,0, ,0, , , , ,0, ,0,0,0,0, ,0,0,0,0,0, , , ,33366000000,44462000000,42910000000,34439000000,32437000000,89796000000,34440000000,51808000000
2296,리스사,13706,한국투자캐피탈㈜,B,SK104,요약재무상태표(부채 및 자본)(08.03월 이후),A238,이익잉여금(결손금)_(당기순손익),,,,,,,,,,,,,,,,,,,,,,,,,,,,-242000000,-279000000,258000000,2057000000,5318000000,893000000,12358000000,19192000000,24929000000,7988000000,17500000000,28750000000,40791000000,15392000000,27682000000,41823000000,54862000000,16162000000,35754000000,53608000000,71016000000,29066000000,61080000000,60459000000,81085000000,24326000000,53567000000,80738000000,103422000000,37076000000,69637000000,103347000000,131021000000,32086000000,73339000000,102802000000,110423000000,18407000000,14368000000,25004000000,23531000000
2297,리스사,13706,한국투자캐피탈㈜,B,SK104,요약재무상태표(부채 및 자본)(08.03월 이후),A24,자본조정,,,,,,,,,,,,,,,,,,,,,,,,,,,,-289000000,-289000000,0,0,0,0,0,0,0,0,0,0, ,0, , , , ,0, ,0,0,0,0, ,0,0,0,0,0, , , ,0,0,0,0,0,0,0,149928000000
2298,리스사,13706,한국투자캐피탈㈜,B,SK104,요약재무상태표(부채 및 자본)(08.03월 이후),A240,자본조정_주식할인발행차금,,,,,,,,,,,,,,,,,,,,,,,,,,,,-289000000,-289000000,0,0,0,0,0,0,0,0,0,0, ,0, , , , ,0, ,0,0,0,0, ,0,0,0,0,0, , , ,0,0,0,0,0,0,0,0
2299,리스사,13706,한국투자캐피탈㈜,B,SK104,요약재무상태표(부채 및 자본)(08.03월 이후),A241,자본조정_배당건설이자,,,,,,,,,,,,,,,,,,,,,,,,,,,,0,0,0,0,0,0,0,0,0,0,0,0, ,0, , , , ,0, ,0,0,0,0, ,0,0,0,0,0, , , ,0,0,0,0,0,0,0,0
2300,리스사,13706,한국투자캐피탈㈜,B,SK104,요약재무상태표(부채 및 자본)(08.03월 이후),A242,자본조정_자기주식,,,,,,,,,,,,,,,,,,,,,,,,,,,,0,0,0,0,0,0,0,0,0,0,0,0, ,0, , , , ,0, ,0,0,0,0, ,0,0,0,0,0, , , ,0,0,0,0,0,0,0,0
2301,리스사,13706,한국투자캐피탈㈜,B,SK104,요약재무상태표(부채 및 자본)(08.03월 이후),A243,자본조정_주식매수선택권,,,,,,,,,,,,,,,,,,,,,,,,,,,,0,0,0,0,0,0,0,0,0,0,0,0, ,0, , , , ,0, ,0,0,0,0, ,0,0,0,0,0, , , ,0,0,0,0,0,0,0,0
2302,리스사,13706,한국투자캐피탈㈜,B,SK104,요약재무상태표(부채 및 자본)(08.03월 이후),A244,자본조정_미교부주식배당금,,,,,,,,,,,,,,,,,,,,,,,,,,,,0,0,0,0,0,0,0,0,0,0,0,0, ,0, , , , ,0, ,0,0,0,0, ,0,0,0,0,0, , , ,0,0,0,0,0,0,0,0
2303,리스사,13706,한국투자캐피탈㈜,B,SK104,요약재무상태표(부채 및 자본)(08.03월 이후),A245,자본조정_기타 자본조정,,,,,,,,,,,,,,,,,,,,,,,,,,,,0,0,0,0,0,0,0,0,0,0,0,0, ,0, , , , ,0, ,0,0,0,0, ,0,0,0,0,0, , , ,0,0,0,0,0,0,0,149928000000
2304,리스사,13706,한국투자캐피탈㈜,B,SK104,요약재무상태표(부채 및 자본)(08.03월 이후),A25,기타포괄손익누계액,,,,,,,,,,,,,,,,,,,,,,,,,,,,0,0,0,0,0,0,0,0,0,0,0,0, ,0, , , , ,0, ,0,0,0,0, ,0,0,0,0,0, , , ,0,-440000000,-169000000,-726000000,-333000000,-461000000,-788000000,-570000000
2305,리스사,13706,한국투자캐피탈㈜,B,SK104,요약재무상태표(부채 및 자본)(08.03월 이후),A250,기타포괄손익누계액_매도가능금융자산평가이익,,,,,,,,,,,,,,,,,,,,,,,,,,,,0,0,0,0,0,0,0,0,0,0,0,0, ,0, , , , ,0, ,0,0,0,0, ,0,0,0,0,0, , , ,0,0,0,0,0,0,0,0
2306,리스사,13706,한국투자캐피탈㈜,B,SK104,요약재무상태표(부채 및 자본)(08.03월 이후),A251,기타포괄손익누계액_매도가능금융자산평가손실,,,,,,,,,,,,,,,,,,,,,,,,,,,,0,0,0,0,0,0,0,0,0,0,0,0, ,0, , , , ,0, ,0,0,0,0, ,0,0,0,0,0, , , ,0,0,0,0,0,0,0,0
2307,리스사,13706,한국투자캐피탈㈜,B,SK104,요약재무상태표(부채 및 자본)(08.03월 이후),A252,기타포괄손익누계액_해외사업환산이익,,,,,,,,,,,,,,,,,,,,,,,,,,,,0,0,0,0,0,0,0,0,0,0,0,0, ,0, , , , ,0, ,0,0,0,0, ,0,0,0,0,0, , , ,0,0,0,0,0,0,0,0
2308,리스사,13706,한국투자캐피탈㈜,B,SK104,요약재무상태표(부채 및 자본)(08.03월 이후),A253,기타포괄손익누계액_해외사업환산손실,,,,,,,,,,,,,,,,,,,,,,,,,,,,0,0,0,0,0,0,0,0,0,0,0,0, ,0, , , , ,0, ,0,0,0,0, ,0,0,0,0,0, , , ,0,0,0,0,0,0,0,0
2309,리스사,13706,한국투자캐피탈㈜,B,SK104,요약재무상태표(부채 및 자본)(08.03월 이후),A254,기타포괄손익누계액_현금흐름위험회피 파생상품평가이익,,,,,,,,,,,,,,,,,,,,,,,,,,,,0,0,0,0,0,0,0,0,0,0,0,0, ,0, , , , ,0, ,0,0,0,0, ,0,0,0,0,0, , , ,0,0,0,0,0,0,0,0
2310,리스사,13706,한국투자캐피탈㈜,B,SK104,요약재무상태표(부채 및 자본)(08.03월 이후),A255,기타포괄손익누계액_현금흐름위험회피 파생상품평가손실,,,,,,,,,,,,,,,,,,,,,,,,,,,,0,0,0,0,0,0,0,0,0,0,0,0, ,0, , , , ,0, ,0,0,0,0, ,0,0,0,0,0, , , ,0,-440000000,-169000000,-726000000,-333000000,-461000000,-788000000,-570000000
2311,리스사,13706,한국투자캐피탈㈜,B,SK104,요약재무상태표(부채 및 자본)(08.03월 이후),A256,기타포괄손익누계액_지분법자본변동,,,,,,,,,,,,,,,,,,,,,,,,,,,,0,0,0,0,0,0,0,0,0,0,0,0, ,0, , , , ,0, ,0,0,0,0, ,0,0,0,0,0, , , ,0,0,0,0,0,0,0,0
2312,리스사,13706,한국투자캐피탈㈜,B,SK104,요약재무상태표(부채 및 자본)(08.03월 이후),A257,기타포괄손익누계액_부의 지분법자본변동,,,,,,,,,,,,,,,,,,,,,,,,,,,,0,0,0,0,0,0,0,0,0,0,0,0, ,0, , , , ,0, ,0,0,0,0, ,0,0,0,0,0, , , ,0,0,0,0,0,0,0,0
2313,리스사,13706,한국투자캐피탈㈜,B,SK104,요약재무상태표(부채 및 자본)(08.03월 이후),A258,기타포괄손익누계액_유형자산 재평가이익,,,,,,,,,,,,,,,,,,,,,,,,,,,,0,0,0,0,0,0,0,0,0,0,0,0, ,0, , , , ,0, ,0,0,0,0, ,0,0,0,0,0, , , ,0,0,0,0,0,0,0,0
2314,리스사,13706,한국투자캐피탈㈜,B,SK104,요약재무상태표(부채 및 자본)(08.03월 이후),A259,기타포괄손익누계액_기타,,,,,,,,,,,,,,,,,,,,,,,,,,,,0,0,0,0,0,0,0,0,0,0,0,0, ,0, , , , ,0, ,0,0,0,0, ,0,0,0,0,0, , , ,0,0,0,0,0,0,0,0
2315,리스사,15296,㈜파이오니어인베스트먼트,B,SK104,요약재무상태표(부채 및 자본)(08.03월 이후),A,부채 및 자본총계,,,,,,,,,,,,,,,,,,,,,,,,,,,,,,,,,,,,,,0,28859000000,28588000000,28991000000,28292000000,27871000000,27825000000,27858000000,26701000000,26081000000,26167000000,25317000000,25510000000,25937000000,26610000000,25961000000,25263000000,26303000000,26017000000,26199000000,25602000000,25628000000,26088000000,26102000000,26125000000,26184000000,27209000000,26996000000,26759000000,27447000000,27377000000
2316,리스사,15296,㈜파이오니어인베스트먼트,B,SK104,요약재무상태표(부채 및 자본)(08.03월 이후),A1,부채,,,,,,,,,,,,,,,,,,,,,,,,,,,,,,,,,,,,,,202000000,40000000,99000000,123000000,102000000,130000000,121000000,149000000,170000000,151000000,154000000,108000000,140000000,159000000,106000000,61000000,69000000,78000000,243000000,186000000,217000000,150000000,42000000,43000000,51000000,68000000,554000000,341000000,271000000,507000000,584000000
2317,리스사,15296,㈜파이오니어인베스트먼트,B,SK104,요약재무상태표(부채 및 자본)(08.03월 이후),A11,차입부채,,,,,,,,,,,,,,,,,,,,,,,,,,,,,,,,,,,,,,0,0,0,0,0,0,0,0,0,0,0,0,0,0,0,0,0,0,0,0,0,0,0,0,0,0,0, ,0,0,0
2318,리스사,15296,㈜파이오니어인베스트먼트,B,SK104,요약재무상태표(부채 및 자본)(08.03월 이후),A110,차입부채_차입금,,,,,,,,,,,,,,,,,,,,,,,,,,,,,,,,,,,,,,0,0,0,0,0,0,0,0,0,0,0,0,0,0,0,0,0,0,0,0,0,0,0,0,0,0,0, ,0,0,0
2319,리스사,15296,㈜파이오니어인베스트먼트,B,SK104,요약재무상태표(부채 및 자본)(08.03월 이후),A111,차입부채_차입금_단기차입금,,,,,,,,,,,,,,,,,,,,,,,,,,,,,,,,,,,,,,0,0,0,0,0,0,0,0,0,0,0,0,0,0,0,0,0,0,0,0,0,0,0,0,0,0,0, ,0,0,0
2320,리스사,15296,㈜파이오니어인베스트먼트,B,SK104,요약재무상태표(부채 및 자본)(08.03월 이후),A112,차입부채_차입금_콜머니,,,,,,,,,,,,,,,,,,,,,,,,,,,,,,,,,,,,,,0,0,0,0,0,0,0,0,0,0,0,0,0,0,0,0,0,0,0,0,0,0,0,0,0,0,0, ,0,0,0
2321,리스사,15296,㈜파이오니어인베스트먼트,B,SK104,요약재무상태표(부채 및 자본)(08.03월 이후),A113,차입부채_차입금_장기차입금,,,,,,,,,,,,,,,,,,,,,,,,,,,,,,,,,,,,,,0,0,0,0,0,0,0,0,0,0,0,0,0,0,0,0,0,0,0,0,0,0,0,0,0,0,0, ,0,0,0
2322,리스사,15296,㈜파이오니어인베스트먼트,B,SK104,요약재무상태표(부채 및 자본)(08.03월 이후),A114,차입부채_차입금_유동성 장기차입금,,,,,,,,,,,,,,,,,,,,,,,,,,,,,,,,,,,,,,0,0,0,0,0,0,0,0,0,0,0,0,0,0,0,0,0,0,0,0,0,0,0,0,0,0,0, ,0,0,0
2323,리스사,15296,㈜파이오니어인베스트먼트,B,SK104,요약재무상태표(부채 및 자본)(08.03월 이후),A115,차입부채_사 채,,,,,,,,,,,,,,,,,,,,,,,,,,,,,,,,,,,,,,0,0,0,0,0,0,0,0,0,0,0,0,0,0,0,0,0,0,0,0,0,0,0,0,0,0,0, ,0,0,0
2324,리스사,15296,㈜파이오니어인베스트먼트,B,SK104,요약재무상태표(부채 및 자본)(08.03월 이후),A1150,차입부채_사 채_단기사채,,,,,,,,,,,,,,,,,,,,,,,,,,,,,,,,,,,,,,0,0,0,0,0,0,0,0,0,0,0,0,0,0,0,0,0,0,0,0,0,0,0,0,0,0,0, ,0,0,0
2325,리스사,15296,㈜파이오니어인베스트먼트,B,SK104,요약재무상태표(부채 및 자본)(08.03월 이후),A11500,차입부채_사 채_단기사채_(사채발행차금),,,,,,,,,,,,,,,,,,,,,,,,,,,,,,,,,,,,,,0,0,0,0,0,0,0,0,0,0,0,0,0,0,0,0,0,0,0,0,0,0,0,0,0,0,0, ,0,0,0
2326,리스사,15296,㈜파이오니어인베스트먼트,B,SK104,요약재무상태표(부채 및 자본)(08.03월 이후),A1151,차입부채_사 채_유동성사채,,,,,,,,,,,,,,,,,,,,,,,,,,,,,,,,,,,,,,0,0,0,0,0,0,0,0,0,0,0,0,0,0,0,0,0,0,0,0,0,0,0,0,0,0,0, ,0,0,0
2327,리스사,15296,㈜파이오니어인베스트먼트,B,SK104,요약재무상태표(부채 및 자본)(08.03월 이후),A11510,차입부채_사 채_유동성사채_(유동성사채발행차금),,,,,,,,,,,,,,,,,,,,,,,,,,,,,,,,,,,,,,0,0,0,0,0,0,0,0,0,0,0,0,0,0,0,0,0,0,0,0,0,0,0,0,0,0,0, ,0,0,0
2328,리스사,15296,㈜파이오니어인베스트먼트,B,SK104,요약재무상태표(부채 및 자본)(08.03월 이후),A1152,차입부채_사 채_장기사채,,,,,,,,,,,,,,,,,,,,,,,,,,,,,,,,,,,,,,0,0,0,0,0,0,0,0,0,0,0,0,0,0,0,0,0,0,0,0,0,0,0,0,0,0,0, ,0,0,0
2329,리스사,15296,㈜파이오니어인베스트먼트,B,SK104,요약재무상태표(부채 및 자본)(08.03월 이후),A11520,차입부채_사 채_장기사채_(사채발행차금),,,,,,,,,,,,,,,,,,,,,,,,,,,,,,,,,,,,,,0,0,0,0,0,0,0,0,0,0,0,0,0,0,0,0,0,0,0,0,0,0,0,0,0,0,0, ,0,0,0
2330,리스사,15296,㈜파이오니어인베스트먼트,B,SK104,요약재무상태표(부채 및 자본)(08.03월 이후),A1153,차입부채_사 채_기타,,,,,,,,,,,,,,,,,,,,,,,,,,,,,,,,,,,,,,0,0,0,0,0,0,0,0,0,0,0,0,0,0,0,0,0,0,0,0,0,0,0,0,0,0,0, ,0,0,0
2331,리스사,15296,㈜파이오니어인베스트먼트,B,SK104,요약재무상태표(부채 및 자본)(08.03월 이후),A12,기타부채,,,,,,,,,,,,,,,,,,,,,,,,,,,,,,,,,,,,,,0,40000000,99000000,123000000,102000000,130000000,121000000,149000000,170000000,151000000,154000000,108000000,140000000,159000000,106000000,61000000,69000000,78000000,243000000,186000000,217000000,150000000,42000000,43000000,51000000,68000000,554000000,341000000,271000000,507000000,584000000
2332,리스사,15296,㈜파이오니어인베스트먼트,B,SK104,요약재무상태표(부채 및 자본)(08.03월 이후),A120,기타부채_영업미지급금,,,,,,,,,,,,,,,,,,,,,,,,,,,,,,,,,,,,,,0,0,0,0,0,0,0,0,0,0,0,0,0,0,0,0,0,0,0,0,0,0,0,0,0,0,0, ,0,0,0
2333,리스사,15296,㈜파이오니어인베스트먼트,B,SK104,요약재무상태표(부채 및 자본)(08.03월 이후),A121,기타부채_장기미지급금,,,,,,,,,,,,,,,,,,,,,,,,,,,,,,,,,,,,,,0,0,0,0,0,0,0,0,0,0,0,0,0,0,0,0,0,0,0,0,0,0,0,0,0,0,0, ,0,0,0
2334,리스사,15296,㈜파이오니어인베스트먼트,B,SK104,요약재무상태표(부채 및 자본)(08.03월 이후),A122,기타부채_기타의 부채,,,,,,,,,,,,,,,,,,,,,,,,,,,,,,,,,,,,,,202000000,40000000,40000000,48000000,37000000,41000000,63000000,64000000,170000000,151000000,151000000,87000000,97000000,94000000,106000000,65000000,69000000,42000000,159000000,76000000,81000000,65000000,56000000,42000000,40000000,41000000,568000000,338000000,201000000,425000000,560000000
2335,리스사,15296,㈜파이오니어인베스트먼트,B,SK104,요약재무상태표(부채 및 자본)(08.03월 이후),A1220,기타부채_기타의 부채_가수금,,,,,,,,,,,,,,,,,,,,,,,,,,,,,,,,,,,,,,0,0,0,0,0,0,0,0,0,0,0,0,0,0,0,0,0,0,0,0,0,0,0,0,0,0,0, ,0,0,0
2336,리스사,15296,㈜파이오니어인베스트먼트,B,SK104,요약재무상태표(부채 및 자본)(08.03월 이후),A1221,기타부채_기타의 부채_예수금,,,,,,,,,,,,,,,,,,,,,,,,,,,,,,,,,,,,,,6000000,17000000,7000000,9000000,6000000,14000000,7000000,7000000,7000000,32000000,7000000,5000000,4000000,13000000,6000000,7000000,9000000,9000000,9000000,0,11000000,7000000,7000000,8000000,6000000,8000000,7000000,10000000,9000000,9000000,9000000
2337,리스사,15296,㈜파이오니어인베스트먼트,B,SK104,요약재무상태표(부채 및 자본)(08.03월 이후),A1222,기타부채_기타의 부채_선수금,,,,,,,,,,,,,,,,,,,,,,,,,,,,,,,,,,,,,,0,0,0,0,0,0,0,0,0,0,0,0,0,0,0,0,0,0,0,0,0,0,0,0,0,0,0, ,0,0,0
2338,리스사,15296,㈜파이오니어인베스트먼트,B,SK104,요약재무상태표(부채 및 자본)(08.03월 이후),A1223,기타부채_기타의 부채_선수수익,,,,,,,,,,,,,,,,,,,,,,,,,,,,,,,,,,,,,,0,0,0,0,0,0,0,0,0,0,0,0,0,0,25000000,24000000,0,0,0,1000000,0,0,0,0,0,0,0, ,0,0,0
2339,리스사,15296,㈜파이오니어인베스트먼트,B,SK104,요약재무상태표(부채 및 자본)(08.03월 이후),A1224,기타부채_기타의 부채_미지급금,,,,,,,,,,,,,,,,,,,,,,,,,,,,,,,,,,,,,,196000000,23000000,28000000,36000000,31000000,27000000,36000000,37000000,29000000,60000000,124000000,62000000,73000000,61000000,40000000,20000000,32000000,20000000,17000000,55000000,49000000,38000000,36000000,20000000,20000000,19000000,471000000,310000000,174000000,397000000,414000000
2340,리스사,15296,㈜파이오니어인베스트먼트,B,SK104,요약재무상태표(부채 및 자본)(08.03월 이후),A1225,기타부채_기타의 부채_미지급비용,,,,,,,,,,,,,,,,,,,,,,,,,,,,,,,,,,,,,,0,0,5000000,3000000,0,0,20000000,20000000,20000000,20000000,20000000,20000000,20000000,20000000,35000000,13000000,13000000,13000000,61000000,21000000,21000000,21000000,14000000,14000000,14000000,14000000,90000000,18000000,18000000,18000000,136000000
2341,리스사,15296,㈜파이오니어인베스트먼트,B,SK104,요약재무상태표(부채 및 자본)(08.03월 이후),A1226,기타부채_기타의 부채_미지급법인세,,,,,,,,,,,,,,,,,,,,,,,,,,,,,,,,,,,,,,0,0,0,0,0,0,0,0,0,0,0,0,0,0,0,0,0,0,73000000,0,0,0,0,0,0,0,0, ,0,0,0
2342,리스사,15296,㈜파이오니어인베스트먼트,B,SK104,요약재무상태표(부채 및 자본)(08.03월 이후),A1227,기타부채_기타의 부채_선불카드수탁금,,,,,,,,,,,,,,,,,,,,,,,,,,,,,,,,,,,,,,0,0,0,0,0,0,0,0,0,0,0,0,0,0,0,0,0,0,0,0,0,0,0,0,0,0,0, ,0,0,0
2343,리스사,15296,㈜파이오니어인베스트먼트,B,SK104,요약재무상태표(부채 및 자본)(08.03월 이후),A1228,기타부채_기타의 부채_부가세예수금,,,,,,,,,,,,,,,,,,,,,,,,,,,,,,,,,,,,,,0,0,0,0,0,0,0,0,0,0,0,0,0,0,0,0,0,0,0,0,0,0,0,0,0,0,0, ,0,0,0
2344,리스사,15296,㈜파이오니어인베스트먼트,B,SK104,요약재무상태표(부채 및 자본)(08.03월 이후),A1229,기타부채_기타의 부채_선물환거래대,,,,,,,,,,,,,,,,,,,,,,,,,,,,,,,,,,,,,,0,0,0,0,0,0,0,0,0,0,0,0,0,0,0,0,0,0,0,0,0,0,0,0,0,0,0, ,0,0,0
2345,리스사,15296,㈜파이오니어인베스트먼트,B,SK104,요약재무상태표(부채 및 자본)(08.03월 이후),A122A,기타부채_기타의 부채_파생상품부채,,,,,,,,,,,,,,,,,,,,,,,,,,,,,,,,,,,,,,0,0,0,0,0,0,0,0,0,0,0,0,0,0,0,0,0,0,0,0,0,0,0,0,0,0,0, ,0,0,0
2346,리스사,15296,㈜파이오니어인베스트먼트,B,SK104,요약재무상태표(부채 및 자본)(08.03월 이후),A122B,기타부채_기타의 부채_옵션수입프리미엄,,,,,,,,,,,,,,,,,,,,,,,,,,,,,,,,,,,,,,0,0,0,0,0,0,0,0,0,0,0,0,0,0,0,0,0,0,0,0,0,0,0,0,0,0,0, ,0,0,0
2347,리스사,15296,㈜파이오니어인베스트먼트,B,SK104,요약재무상태표(부채 및 자본)(08.03월 이후),A122C,기타부채_기타의 부채_이연리스수익,,,,,,,,,,,,,,,,,,,,,,,,,,,,,,,,,,,,,,0,0,0,0,0,0,0,0,0,0,0,0,0,0,0,0,0,0,0,0,0,0,0,0,0,0,0, ,0,0,0
2348,리스사,15296,㈜파이오니어인베스트먼트,B,SK104,요약재무상태표(부채 및 자본)(08.03월 이후),A122D,기타부채_기타의 부채_기타의 유동부채,,,,,,,,,,,,,,,,,,,,,,,,,,,,,,,,,,,,,,0,0,0,0,0,0,0,0,0,0,0,0,0,0,0,0,0,0,0,0,0,0,0,0,0,0,0, ,0,0,0
2349,리스사,15296,㈜파이오니어인베스트먼트,B,SK104,요약재무상태표(부채 및 자본)(08.03월 이후),A122E,기타부채_유동성 장기부채,,,,,,,,,,,,,,,,,,,,,,,,,,,,,,,,,,,,,,0,0,0,0,0,0,0,0,0,0,0,0,0,0,0,0,0,0,0,0,0,0,0,0,0,0,0, ,0,0,0
2350,리스사,15296,㈜파이오니어인베스트먼트,B,SK104,요약재무상태표(부채 및 자본)(08.03월 이후),A123,기타부채_리스보증금,,,,,,,,,,,,,,,,,,,,,,,,,,,,,,,,,,,,,,0,0,0,0,0,0,0,0,0,0,0,0,0,0,0,0,0,0,0,0,0,0,0,0,0,0,0, ,0,0,0
2351,리스사,15296,㈜파이오니어인베스트먼트,B,SK104,요약재무상태표(부채 및 자본)(08.03월 이후),A124,기타부채_보 증 금,,,,,,,,,,,,,,,,,,,,,,,,,,,,,,,,,,,,,,0,0,0,0,0,0,0,0,0,0,0,0,0,0,0,0,0,0,0,0,0,0,0,0,0,0,0, ,0,0,0
2352,리스사,15296,㈜파이오니어인베스트먼트,B,SK104,요약재무상태표(부채 및 자본)(08.03월 이후),A1240,기타부채_보 증 금_상환이행보증금,,,,,,,,,,,,,,,,,,,,,,,,,,,,,,,,,,,,,,0,0,0,0,0,0,0,0,0,0,0,0,0,0,0,0,0,0,0,0,0,0,0,0,0,0,0, ,0,0,0
2353,리스사,15296,㈜파이오니어인베스트먼트,B,SK104,요약재무상태표(부채 및 자본)(08.03월 이후),A1241,기타부채_보 증 금_임대보증금,,,,,,,,,,,,,,,,,,,,,,,,,,,,,,,,,,,,,,0,0,0,0,0,0,0,0,0,0,0,0,0,0,0,0,0,0,0,0,0,0,0,0,0,0,0, ,0,0,0
2354,리스사,15296,㈜파이오니어인베스트먼트,B,SK104,요약재무상태표(부채 및 자본)(08.03월 이후),A1242,기타부채_보 증 금_기타보증금,,,,,,,,,,,,,,,,,,,,,,,,,,,,,,,,,,,,,,0,0,0,0,0,0,0,0,0,0,0,0,0,0,0,0,0,0,0,0,0,0,0,0,0,0,0, ,0,0,0
2355,리스사,15296,㈜파이오니어인베스트먼트,B,SK104,요약재무상태표(부채 및 자본)(08.03월 이후),A125,기타부채_퇴직급여채무,,,,,,,,,,,,,,,,,,,,,,,,,,,,,,,,,,,,,,0,0,59000000,75000000,64000000,176000000,208000000,85000000,114000000,188000000,156000000,101000000,123000000,146000000,166000000,171000000,193000000,214000000,238000000,215000000,242000000,123000000,93000000,78000000,70000000,87000000,112000000,131000000,149000000,167000000,207000000
2356,리스사,15296,㈜파이오니어인베스트먼트,B,SK104,요약재무상태표(부채 및 자본)(08.03월 이후),A1250,기타부채_퇴직급여채무_(미인식보험수리적손익) (+-),,,,,,,,,,,,,,,,,,,,,,,,,,,,,,,,,,,,,,0,0,0,0,0,0,0,0,0,0,0,0,0,0,0,0,0,-177000000,0,0,0,0,0,0,0,0,0, ,0,0,0
2357,리스사,15296,㈜파이오니어인베스트먼트,B,SK104,요약재무상태표(부채 및 자본)(08.03월 이후),A1251,기타부채_퇴직급여채무_(미인식과거근무원가) (-),,,,,,,,,,,,,,,,,,,,,,,,,,,,,,,,,,,,,,0,0,0,0,0,0,0,0,0,0,0,0,0,0,0,0,0,0,0,0,0,0,0,0,0,0,0, ,0,0,0
2358,리스사,15296,㈜파이오니어인베스트먼트,B,SK104,요약재무상태표(부채 및 자본)(08.03월 이후),A1252,기타부채_퇴직급여채무_(퇴직급여사외적립자산) (-),,,,,,,,,,,,,,,,,,,,,,,,,,,,,,,,,,,,,,0,0,0,31000000,87000000,87000000,-149000000,0,0,-150000000,-153000000,80000000,-81000000,-81000000,166000000,-175000000,176000000,0,-155000000,-105000000,-106000000,39000000,-107000000,76000000,59000000,60000000,-126000000,-128000000,-129000000,-131000000,-225000000
2359,리스사,15296,㈜파이오니어인베스트먼트,B,SK104,요약재무상태표(부채 및 자본)(08.03월 이후),A126,기타부채_지급보증충당금,,,,,,,,,,,,,,,,,,,,,,,,,,,,,,,,,,,,,,0,0,0,0,0,0,0,0,0,0,0,0,0,0,0,0,0,0,0,0,0,0,0,0,0,0,0, ,0,0,0
2360,리스사,15296,㈜파이오니어인베스트먼트,B,SK104,요약재무상태표(부채 및 자본)(08.03월 이후),A127,기타부채_포인트충당부채,,,,,,,,,,,,,,,,,,,,,,,,,,,,,,,,,,,,,,0,0,0,0,0,0,0,0,0,0,0,0,0,0,0,0,0,0,0,0,0,0,0,0,0,0,0, ,0,0,0
2361,리스사,15296,㈜파이오니어인베스트먼트,B,SK104,요약재무상태표(부채 및 자본)(08.03월 이후),A128,기타부채_미지급배당금,,,,,,,,,,,,,,,,,,,,,,,,,,,,,,,,,,,,,,0,0,0,0,0,0,0,0,0,0,0,0,0,0,0,0,0,0,0,0,0,0,0,0,0,0,0, ,0,0,0
2362,리스사,15296,㈜파이오니어인베스트먼트,B,SK104,요약재무상태표(부채 및 자본)(08.03월 이후),A129,기타부채_이연법인세부채,,,,,,,,,,,,,,,,,,,,,,,,,,,,,,,,,,,,,,0,0,0,0,0,0,0,0,0,0,0,0,0,0,0,0,0,0,0,0,0,0,0,0,0,0,0, ,0,0,0
2363,리스사,15296,㈜파이오니어인베스트먼트,B,SK104,요약재무상태표(부채 및 자본)(08.03월 이후),A12A,기타부채_외화환산대,,,,,,,,,,,,,,,,,,,,,,,,,,,,,,,,,,,,,,0,0,0,0,0,0,0,0,0,0,0,0,0,0,0,0,0,0,0,0,0,0,0,0,0,0,0, ,0,0,0
2364,리스사,15296,㈜파이오니어인베스트먼트,B,SK104,요약재무상태표(부채 및 자본)(08.03월 이후),A12B,기타부채_미사용약정충당금,,,,,,,,,,,,,,,,,,,,,,,,,,,,,,,,,,,,,,0,0,0,0,0,0,0,0,0,0,0,0,0,0,0,0,0,0,0,0,0,0,0,0,0,0,0, ,0,0,0
2365,리스사,15296,㈜파이오니어인베스트먼트,B,SK104,요약재무상태표(부채 및 자본)(08.03월 이후),A12C,기타부채_이자율위험포트폴리오위험회피 대상의 공정가액변동부채,,,,,,,,,,,,,,,,,,,,,,,,,,,,,,,,,,,,,,0,0,0,0,0,0,0,0,0,0,0,0,0,0,0,0,0,0,0,0,0,0,0,0,0,0,0, ,0,0,0
2366,리스사,15296,㈜파이오니어인베스트먼트,B,SK104,요약재무상태표(부채 및 자본)(08.03월 이후),A12D,기타부채_기타의 기타부채,,,,,,,,,,,,,,,,,,,,,,,,,,,,,,,,,,,,,,0,0,0,0,0,0,0,0,0,0,0,0,0,0,0,0,0,0,0,0,0,0,0,0,0,0,0, ,51000000,47000000,42000000
2367,리스사,15296,㈜파이오니어인베스트먼트,B,SK104,요약재무상태표(부채 및 자본)(08.03월 이후),A13,요구불상환지분,,,,,,,,,,,,,,,,,,,,,,,,,,,,,,,,,,,,,,0,0,0,0,0,0,0,0,0,0,0,0,0,0,0,0,0,0,0,0,0,0,0,0,0,0,0, ,0,0,0
2368,리스사,15296,㈜파이오니어인베스트먼트,B,SK104,요약재무상태표(부채 및 자본)(08.03월 이후),A130,요구불상환지분_상환우선주,,,,,,,,,,,,,,,,,,,,,,,,,,,,,,,,,,,,,,0,0,0,0,0,0,0,0,0,0,0,0,0,0,0,0,0,0,0,0,0,0,0,0,0,0,0, ,0,0,0
2369,리스사,15296,㈜파이오니어인베스트먼트,B,SK104,요약재무상태표(부채 및 자본)(08.03월 이후),A131,요구불상환지분_기타,,,,,,,,,,,,,,,,,,,,,,,,,,,,,,,,,,,,,,0,0,0,0,0,0,0,0,0,0,0,0,0,0,0,0,0,0,0,0,0,0,0,0,0,0,0, ,0,0,0
2370,리스사,15296,㈜파이오니어인베스트먼트,B,SK104,요약재무상태표(부채 및 자본)(08.03월 이후),A2,자본,,,,,,,,,,,,,,,,,,,,,,,,,,,,,,,,,,,,,,29160000000,28819000000,28489000000,28868000000,28190000000,27741000000,27704000000,27709000000,26531000000,25930000000,26013000000,25209000000,25370000000,25778000000,26504000000,25900000000,25194000000,26225000000,25774000000,26013000000,25385000000,25478000000,26046000000,26059000000,26074000000,26116000000,26655000000,26655000000,26488000000,26940000000,26793000000
2371,리스사,15296,㈜파이오니어인베스트먼트,B,SK104,요약재무상태표(부채 및 자본)(08.03월 이후),A21,자본금,,,,,,,,,,,,,,,,,,,,,,,,,,,,,,,,,,,,,,30000000000,30000000000,30000000000,30000000000,30000000000,30000000000,30000000000,30000000000,30000000000,30000000000,30000000000,30000000000,30000000000,30000000000,30000000000,30000000000,30000000000,30000000000,30000000000,30000000000,30000000000,30000000000,30000000000,30000000000,30000000000,30000000000,30000000000,30000000000,30000000000,30000000000,30000000000
2372,리스사,15296,㈜파이오니어인베스트먼트,B,SK104,요약재무상태표(부채 및 자본)(08.03월 이후),A210,자본금_보통주자본금,,,,,,,,,,,,,,,,,,,,,,,,,,,,,,,,,,,,,,30000000000,0,30000000000,0,30000000000,30000000000,30000000000,30000000000,30000000000,30000000000,30000000000,30000000000,30000000000,30000000000,30000000000,30000000000,30000000000,30000000000,30000000000,30000000000,30000000000,30000000000,30000000000,30000000000,30000000000,30000000000,30000000000,30000000000,30000000000,30000000000,30000000000
2373,리스사,15296,㈜파이오니어인베스트먼트,B,SK104,요약재무상태표(부채 및 자본)(08.03월 이후),A211,자본금_우선주자본금,,,,,,,,,,,,,,,,,,,,,,,,,,,,,,,,,,,,,,0,0,0,0,0,0,0,0,0,0,0,0,0,0,0,0,0,0,0,0,0,0,0,0,0,0,0, ,0,0,0
2374,리스사,15296,㈜파이오니어인베스트먼트,B,SK104,요약재무상태표(부채 및 자본)(08.03월 이후),A212,자본금_신주청약증거금,,,,,,,,,,,,,,,,,,,,,,,,,,,,,,,,,,,,,,0,0,0,0,0,0,0,0,0,0,0,0,0,0,0,0,0,0,0,0,0,0,0,0,0,0,0, ,0,0,0
2375,리스사,15296,㈜파이오니어인베스트먼트,B,SK104,요약재무상태표(부채 및 자본)(08.03월 이후),A22,자본잉여금,,,,,,,,,,,,,,,,,,,,,,,,,,,,,,,,,,,,,,0,0,0,-439000000,-439000000,0,0,0,0,-439000000,0,0,0,-439000000,0,-439000000,0,0,0,0,0,0,0,0,0,0,0, ,0,0,0
2376,리스사,15296,㈜파이오니어인베스트먼트,B,SK104,요약재무상태표(부채 및 자본)(08.03월 이후),A220,자본잉여금_주식발행초과금,,,,,,,,,,,,,,,,,,,,,,,,,,,,,,,,,,,,,,0,0,0,-439000000,-439000000,0,0,0,0,-439000000,0,0,0,-439000000,0,-439000000,0,0,0,0,0,0,0,0,0,0,0, ,0,0,0
2377,리스사,15296,㈜파이오니어인베스트먼트,B,SK104,요약재무상태표(부채 및 자본)(08.03월 이후),A221,자본잉여금_감자차익,,,,,,,,,,,,,,,,,,,,,,,,,,,,,,,,,,,,,,0,0,0,0,0,0,0,0,0,0,0,0,0,0,0,0,0,0,0,0,0,0,0,0,0,0,0, ,0,0,0
2378,리스사,15296,㈜파이오니어인베스트먼트,B,SK104,요약재무상태표(부채 및 자본)(08.03월 이후),A222,자본잉여금_기타자본잉여금,,,,,,,,,,,,,,,,,,,,,,,,,,,,,,,,,,,,,,0,0,0,0,0,0,0,0,0,0,0,0,0,0,0,0,0,0,0,0,0,0,0,0,0,0,0, ,0,0,0
2379,리스사,15296,㈜파이오니어인베스트먼트,B,SK104,요약재무상태표(부채 및 자본)(08.03월 이후),A23,이익잉여금(결손금),,,,,,,,,,,,,,,,,,,,,,,,,,,,,,,,,,,,,,-358000000,-765000000,-1043000000,-664000000,-1336000000,-1785000000,-1794000000,-1789000000,-2967000000,-3568000000,-3491000000,-4228000000,-4066000000,-3658000000,-3140000000,-3744000000,-4450000000,-4145000000,-4448000000,-4250000000,-4700000000,-4822000000,-4213000000,-4207000000,-4203000000,-4139000000,-3588000000,-3595000000,-3765000000,-3321000000,-3364000000
2380,리스사,15296,㈜파이오니어인베스트먼트,B,SK104,요약재무상태표(부채 및 자본)(08.03월 이후),A230,이익잉여금(결손금)_이익준비금,,,,,,,,,,,,,,,,,,,,,,,,,,,,,,,,,,,,,,0,0,0,0,0,0,0,0,0,0,0,0,0,0,0,0,0,0,0,0,0,0,0,0,0,0,0, ,0,0,0
2381,리스사,15296,㈜파이오니어인베스트먼트,B,SK104,요약재무상태표(부채 및 자본)(08.03월 이후),A231,이익잉여금(결손금)_기업합리화적립금,,,,,,,,,,,,,,,,,,,,,,,,,,,,,,,,,,,,,,0,0,0,0,0,0,0,0,0,0,0,0,0,0,0,0,0,0,0,0,0,0,0,0,0,0,0, ,0,0,0
2382,리스사,15296,㈜파이오니어인베스트먼트,B,SK104,요약재무상태표(부채 및 자본)(08.03월 이후),A232,이익잉여금(결손금)_투융자손실준비금,,,,,,,,,,,,,,,,,,,,,,,,,,,,,,,,,,,,,,0,0,0,0,0,0,0,0,0,0,0,0,0,0,0,0,0,0,0,0,0,0,0,0,0,0,0, ,0,0,0
2383,리스사,15296,㈜파이오니어인베스트먼트,B,SK104,요약재무상태표(부채 및 자본)(08.03월 이후),A233,이익잉여금(결손금)_기타 법정적립금,,,,,,,,,,,,,,,,,,,,,,,,,,,,,,,,,,,,,,0,0,0,0,0,0,0,0,0,0,0,0,0,0,0,0,0,0,0,0,0,0,0,0,0,0,0, ,0,0,0
2384,리스사,15296,㈜파이오니어인베스트먼트,B,SK104,요약재무상태표(부채 및 자본)(08.03월 이후),A234,이익잉여금(결손금)_임의적립금,,,,,,,,,,,,,,,,,,,,,,,,,,,,,,,,,,,,,,0,0,0,0,0,0,0,0,0,0,0,0,0,0,0,0,0,0,0,0,0,0,0,0,0,0,0, ,0,0,0
2385,리스사,15296,㈜파이오니어인베스트먼트,B,SK104,요약재무상태표(부채 및 자본)(08.03월 이후),A235,이익잉여금(결손금)_해외투자손실준비금,,,,,,,,,,,,,,,,,,,,,,,,,,,,,,,,,,,,,,0,0,0,0,0,0,0,0,0,0,0,0,0,0,0,0,0,0,0,0,0,0,0,0,0,0,0, ,0,0,0
2386,리스사,15296,㈜파이오니어인베스트먼트,B,SK104,요약재무상태표(부채 및 자본)(08.03월 이후),A236,이익잉여금(결손금)_미처분이익잉여금(미처리결손금),,,,,,,,,,,,,,,,,,,,,,,,,,,,,,,,,,,,,,-358000000,-765000000,-1043000000,-664000000,-1336000000,-1785000000,-1794000000,0,-2967000000,-3568000000,-3491000000,-4228000000,-4066000000,-3658000000,0,-3744000000,0,-4145000000,-4448000000,-4250000000,-4700000000,-4822000000,-4213000000,-4207000000,-4203000000,0,0, ,0,0,0
2387,리스사,15296,㈜파이오니어인베스트먼트,B,SK104,요약재무상태표(부채 및 자본)(08.03월 이후),A237,이익잉여금(결손금)_대손준비금,,,,,,,,,,,,,,,,,,,,,,,,,,,,,,,,,,,,,,0,0,0,0,0,0,0,0,0,0,0,0,0,0,0,0,0,0,0,0,0,0,0,0,0,0,0, ,0,0,0
2388,리스사,15296,㈜파이오니어인베스트먼트,B,SK104,요약재무상태표(부채 및 자본)(08.03월 이후),A238,이익잉여금(결손금)_(당기순손익),,,,,,,,,,,,,,,,,,,,,,,,,,,,,,,,,,,,,,0,0,0,0,0,0,0,0,0,0,0,0,0,0,0,0,0,0,0,0,0,0,0,0,0,0,0, ,0,0,0
2389,리스사,15296,㈜파이오니어인베스트먼트,B,SK104,요약재무상태표(부채 및 자본)(08.03월 이후),A24,자본조정,,,,,,,,,,,,,,,,,,,,,,,,,,,,,,,,,,,,,,-439000000,-439000000,-468000000,0,0,-439000000,-439000000,-439000000,-439000000,0,-439000000,-439000000,-439000000,0,-439000000,0,-439000000,-439000000,-439000000,-439000000,-439000000,-439000000,-439000000,-439000000,-439000000,-439000000,-439000000,-439000000,-439000000,-439000000,-439000000
2390,리스사,15296,㈜파이오니어인베스트먼트,B,SK104,요약재무상태표(부채 및 자본)(08.03월 이후),A240,자본조정_주식할인발행차금,,,,,,,,,,,,,,,,,,,,,,,,,,,,,,,,,,,,,,-439000000,-439000000,-439000000,0,0,-439000000,-439000000,-439000000,-439000000,0,-439000000,-439000000,-439000000,0,-439000000,0,-439000000,-439000000,-439000000,-439000000,-439000000,-439000000,-439000000,-439000000,-439000000,-439000000,-439000000,-439000000,-439000000,-439000000,-439000000
2391,리스사,15296,㈜파이오니어인베스트먼트,B,SK104,요약재무상태표(부채 및 자본)(08.03월 이후),A241,자본조정_배당건설이자,,,,,,,,,,,,,,,,,,,,,,,,,,,,,,,,,,,,,,0,0,0,0,0,0,0,0,0,0,0,0,0,0,0,0,0,0,0,0,0,0,0,0,0,0,0, ,0,0,0
2392,리스사,15296,㈜파이오니어인베스트먼트,B,SK104,요약재무상태표(부채 및 자본)(08.03월 이후),A242,자본조정_자기주식,,,,,,,,,,,,,,,,,,,,,,,,,,,,,,,,,,,,,,0,0,0,0,0,0,0,0,0,0,0,0,0,0,0,0,0,0,0,0,0,0,0,0,0,0,0, ,0,0,0
2393,리스사,15296,㈜파이오니어인베스트먼트,B,SK104,요약재무상태표(부채 및 자본)(08.03월 이후),A243,자본조정_주식매수선택권,,,,,,,,,,,,,,,,,,,,,,,,,,,,,,,,,,,,,,0,0,0,0,0,0,0,0,0,0,0,0,0,0,0,0,0,0,0,0,0,0,0,0,0,0,0, ,0,0,0
2394,리스사,15296,㈜파이오니어인베스트먼트,B,SK104,요약재무상태표(부채 및 자본)(08.03월 이후),A244,자본조정_미교부주식배당금,,,,,,,,,,,,,,,,,,,,,,,,,,,,,,,,,,,,,,0,0,0,0,0,0,0,0,0,0,0,0,0,0,0,0,0,0,0,0,0,0,0,0,0,0,0, ,0,0,0
2395,리스사,15296,㈜파이오니어인베스트먼트,B,SK104,요약재무상태표(부채 및 자본)(08.03월 이후),A245,자본조정_기타 자본조정,,,,,,,,,,,,,,,,,,,,,,,,,,,,,,,,,,,,,,0,0,-29000000,0,0,0,0,0,0,0,0,0,0,0,0,0,0,0,0,0,0,0,0,0,0,0,0, ,0,0,0
2396,리스사,15296,㈜파이오니어인베스트먼트,B,SK104,요약재무상태표(부채 및 자본)(08.03월 이후),A25,기타포괄손익누계액,,,,,,,,,,,,,,,,,,,,,,,,,,,,,,,,,,,,,,-43000000,23000000,0,-29000000,-35000000,-35000000,-63000000,-63000000,-63000000,-63000000,-57000000,-124000000,-125000000,-125000000,83000000,83000000,83000000,809000000,661000000,702000000,524000000,739000000,698000000,705000000,716000000,694000000,682000000,689000000,692000000,700000000,596000000
2397,리스사,15296,㈜파이오니어인베스트먼트,B,SK104,요약재무상태표(부채 및 자본)(08.03월 이후),A250,기타포괄손익누계액_매도가능금융자산평가이익,,,,,,,,,,,,,,,,,,,,,,,,,,,,,,,,,,,,,,0,23000000,0,0,0,0,10000000,10000000,10000000,0,0,0,0,0,0,0,50000000,776000000,0,691000000,0,728000000,633000000,652000000,663000000,641000000,637000000,644000000,647000000,655000000,567000000
2398,리스사,15296,㈜파이오니어인베스트먼트,B,SK104,요약재무상태표(부채 및 자본)(08.03월 이후),A251,기타포괄손익누계액_매도가능금융자산평가손실,,,,,,,,,,,,,,,,,,,,,,,,,,,,,,,,,,,,,,-43000000,0,0,0,0,0,-64000000,-64000000,-64000000,-54000000,-103000000,-158000000,-159000000,-159000000,50000000,50000000,0,0,650000000,0,513000000,0,0,0,0,0,0, ,0,0,0
2399,리스사,15296,㈜파이오니어인베스트먼트,B,SK104,요약재무상태표(부채 및 자본)(08.03월 이후),A252,기타포괄손익누계액_해외사업환산이익,,,,,,,,,,,,,,,,,,,,,,,,,,,,,,,,,,,,,,0,0,0,0,0,0,0,0,0,0,0,0,0,0,0,0,0,0,0,0,0,0,0,0,0,0,0, ,0,0,0
2400,리스사,15296,㈜파이오니어인베스트먼트,B,SK104,요약재무상태표(부채 및 자본)(08.03월 이후),A253,기타포괄손익누계액_해외사업환산손실,,,,,,,,,,,,,,,,,,,,,,,,,,,,,,,,,,,,,,0,0,0,0,0,0,0,0,0,0,0,0,0,0,0,0,0,0,0,0,0,0,0,0,0,0,0, ,0,0,0
2401,리스사,15296,㈜파이오니어인베스트먼트,B,SK104,요약재무상태표(부채 및 자본)(08.03월 이후),A254,기타포괄손익누계액_현금흐름위험회피 파생상품평가이익,,,,,,,,,,,,,,,,,,,,,,,,,,,,,,,,,,,,,,0,0,0,0,0,0,0,0,0,0,0,0,0,0,0,0,0,0,0,0,0,0,0,0,0,0,0, ,0,0,0
2402,리스사,15296,㈜파이오니어인베스트먼트,B,SK104,요약재무상태표(부채 및 자본)(08.03월 이후),A255,기타포괄손익누계액_현금흐름위험회피 파생상품평가손실,,,,,,,,,,,,,,,,,,,,,,,,,,,,,,,,,,,,,,0,0,0,0,0,0,0,0,0,0,0,0,0,0,0,0,0,0,0,0,0,0,0,0,0,0,0, ,0,0,0
2403,리스사,15296,㈜파이오니어인베스트먼트,B,SK104,요약재무상태표(부채 및 자본)(08.03월 이후),A256,기타포괄손익누계액_지분법자본변동,,,,,,,,,,,,,,,,,,,,,,,,,,,,,,,,,,,,,,0,0,0,0,0,0,0,0,0,0,0,0,0,0,0,0,0,0,0,0,0,0,0,0,0,0,0, ,0,0,0
2404,리스사,15296,㈜파이오니어인베스트먼트,B,SK104,요약재무상태표(부채 및 자본)(08.03월 이후),A257,기타포괄손익누계액_부의 지분법자본변동,,,,,,,,,,,,,,,,,,,,,,,,,,,,,,,,,,,,,,0,0,0,-29000000,-29000000,-28000000,0,0,0,0,0,0,0,0,0,0,0,0,0,0,0,0,0,0,0,0,0, ,0,0,0
2405,리스사,15296,㈜파이오니어인베스트먼트,B,SK104,요약재무상태표(부채 및 자본)(08.03월 이후),A258,기타포괄손익누계액_유형자산 재평가이익,,,,,,,,,,,,,,,,,,,,,,,,,,,,,,,,,,,,,,0,0,0,0,0,0,0,0,0,0,0,0,0,0,0,0,0,0,0,0,0,0,0,0,0,0,0, ,0,0,0
2406,리스사,15296,㈜파이오니어인베스트먼트,B,SK104,요약재무상태표(부채 및 자본)(08.03월 이후),A259,기타포괄손익누계액_기타,,,,,,,,,,,,,,,,,,,,,,,,,,,,,,,,,,,,,,0,0,0,0,-7000000,-7000000,-9000000,-9000000,-9000000,10000000,46000000,34000000,34000000,34000000,33000000,33000000,33000000,33000000,11000000,11000000,11000000,11000000,65000000,53000000,53000000,53000000,45000000,45000000,45000000,45000000,28000000
2407,리스사,17074,리딩에이스캐피탈㈜,B,SK104,요약재무상태표(부채 및 자본)(08.03월 이후),A,부채 및 자본총계,,,,,,,,,,,,,,,,,,,,,,,,,,,,,,,,,,,,,,,,,,,,,,,,26656000000,30979000000,41116000000,47797000000,48752000000,44222000000,99103000000,107678000000,125312000000,140389000000,141789000000,165296000000,170673000000,171996000000,176440000000,182772000000,195880000000,198580000000,219708000000,244271000000,244704000000
2408,리스사,17074,리딩에이스캐피탈㈜,B,SK104,요약재무상태표(부채 및 자본)(08.03월 이후),A1,부채,,,,,,,,,,,,,,,,,,,,,,,,,,,,,,,,,,,,,,,,,,,,,,,,5372000000,8530000000,8608000000,14846000000,14751000000,10019000000,10251000000,17353000000,32451000000,46148000000,46955000000,69317000000,71535000000,75326000000,80652000000,87384000000,99624000000,99197000000,123549000000,144401000000,143254000000
2409,리스사,17074,리딩에이스캐피탈㈜,B,SK104,요약재무상태표(부채 및 자본)(08.03월 이후),A11,차입부채,,,,,,,,,,,,,,,,,,,,,,,,,,,,,,,,,,,,,,,,,,,,,,,,5000000000,7874000000,7886000000,13897000000,12424000000,7621000000,7633000000,13595000000,28316000000,39614000000,39891000000,63397000000,64803000000,68897000000,71659000000,79757000000,92136000000,90125000000,110030000000,135804000000,135728000000
2410,리스사,17074,리딩에이스캐피탈㈜,B,SK104,요약재무상태표(부채 및 자본)(08.03월 이후),A110,차입부채_차입금,,,,,,,,,,,,,,,,,,,,,,,,,,,,,,,,,,,,,,,,,,,,,,,,2000000000,5000000000,5000000000,11000000000,9515000000,4700000000,4700000000,10650000000,25358000000,36643000000,36907000000,60400000000,55803000000,59897000000,62659000000,70757000000,86136000000,84125000000,104030000000,129804000000,134228000000
2411,리스사,17074,리딩에이스캐피탈㈜,B,SK104,요약재무상태표(부채 및 자본)(08.03월 이후),A111,차입부채_차입금_단기차입금,,,,,,,,,,,,,,,,,,,,,,,,,,,,,,,,,,,,,,,,,,,,,,,,2000000000,5000000000,5000000000,11000000000,9515000000,4700000000,4700000000,10650000000,25358000000,36643000000,23443000000,44646000000,43298000000,36647000000,35069000000,39172000000,51252000000,51964000000,55099000000,66961000000,56538000000
2412,리스사,17074,리딩에이스캐피탈㈜,B,SK104,요약재무상태표(부채 및 자본)(08.03월 이후),A112,차입부채_차입금_콜머니,,,,,,,,,,,,,,,,,,,,,,,,,,,,,,,,,,,,,,,,,,,,,,,, , , , , , , , ,0,0, , , , , , , , , ,0, 
2413,리스사,17074,리딩에이스캐피탈㈜,B,SK104,요약재무상태표(부채 및 자본)(08.03월 이후),A113,차입부채_차입금_장기차입금,,,,,,,,,,,,,,,,,,,,,,,,,,,,,,,,,,,,,,,,,,,,,,,, , , , , , , , ,0,0,13464000000,15754000000,12505000000,23250000000,27590000000,31585000000,34884000000,32161000000,48931000000,62843000000,77690000000
2414,리스사,17074,리딩에이스캐피탈㈜,B,SK104,요약재무상태표(부채 및 자본)(08.03월 이후),A114,차입부채_차입금_유동성 장기차입금,,,,,,,,,,,,,,,,,,,,,,,,,,,,,,,,,,,,,,,,,,,,,,,, , , , , , , , ,0,0, , , , , , , , , ,0, 
2415,리스사,17074,리딩에이스캐피탈㈜,B,SK104,요약재무상태표(부채 및 자본)(08.03월 이후),A115,차입부채_사 채,,,,,,,,,,,,,,,,,,,,,,,,,,,,,,,,,,,,,,,,,,,,,,,,3000000000,2874000000,2886000000,2897000000,2909000000,2921000000,2933000000,2945000000,2958000000,2971000000,2984000000,2997000000,9000000000,9000000000,9000000000,9000000000,6000000000,6000000000,6000000000,6000000000,1500000000
2416,리스사,17074,리딩에이스캐피탈㈜,B,SK104,요약재무상태표(부채 및 자본)(08.03월 이후),A1150,차입부채_사 채_단기사채,,,,,,,,,,,,,,,,,,,,,,,,,,,,,,,,,,,,,,,,,,,,,,,, , , , , , , , ,0,0, , ,4500000000,4500000000,4500000000,4500000000,4500000000,4500000000,4500000000,4500000000,1500000000
2417,리스사,17074,리딩에이스캐피탈㈜,B,SK104,요약재무상태표(부채 및 자본)(08.03월 이후),A11500,차입부채_사 채_단기사채_(사채발행차금),,,,,,,,,,,,,,,,,,,,,,,,,,,,,,,,,,,,,,,,,,,,,,,, , , , , , , , ,0,0, , , , , , , , , ,0, 
2418,리스사,17074,리딩에이스캐피탈㈜,B,SK104,요약재무상태표(부채 및 자본)(08.03월 이후),A1151,차입부채_사 채_유동성사채,,,,,,,,,,,,,,,,,,,,,,,,,,,,,,,,,,,,,,,,,,,,,,,, , , , , , , , ,0,0, , , , , , , , , ,0, 
2419,리스사,17074,리딩에이스캐피탈㈜,B,SK104,요약재무상태표(부채 및 자본)(08.03월 이후),A11510,차입부채_사 채_유동성사채_(유동성사채발행차금),,,,,,,,,,,,,,,,,,,,,,,,,,,,,,,,,,,,,,,,,,,,,,,, , , , , , , , ,0,0, , , , , , , , , ,0, 
2420,리스사,17074,리딩에이스캐피탈㈜,B,SK104,요약재무상태표(부채 및 자본)(08.03월 이후),A1152,차입부채_사 채_장기사채,,,,,,,,,,,,,,,,,,,,,,,,,,,,,,,,,,,,,,,,,,,,,,,, , , , , , , , ,0,0, , ,1500000000,1500000000,1500000000,1500000000,1500000000,1500000000,1500000000,1500000000, 
2421,리스사,17074,리딩에이스캐피탈㈜,B,SK104,요약재무상태표(부채 및 자본)(08.03월 이후),A11520,차입부채_사 채_장기사채_(사채발행차금),,,,,,,,,,,,,,,,,,,,,,,,,,,,,,,,,,,,,,,,,,,,,,,, , , , , , , , ,0,0, , , , , , , , , ,0, 
2422,리스사,17074,리딩에이스캐피탈㈜,B,SK104,요약재무상태표(부채 및 자본)(08.03월 이후),A1153,차입부채_사 채_기타,,,,,,,,,,,,,,,,,,,,,,,,,,,,,,,,,,,,,,,,,,,,,,,,3000000000,2874000000,2886000000,2897000000,2909000000,2921000000,2933000000,2945000000,2958000000,2971000000,2984000000,2997000000,3000000000,3000000000,3000000000,3000000000,0,0,0,0,0
2423,리스사,17074,리딩에이스캐피탈㈜,B,SK104,요약재무상태표(부채 및 자본)(08.03월 이후),A12,기타부채,,,,,,,,,,,,,,,,,,,,,,,,,,,,,,,,,,,,,,,,,,,,,,,,372000000,656000000,722000000,949000000,2327000000,2398000000,2618000000,3758000000,4135000000,6534000000,7064000000,5920000000,6732000000,6429000000,8993000000,7627000000,7488000000,9072000000,13519000000,8597000000,7526000000
2424,리스사,17074,리딩에이스캐피탈㈜,B,SK104,요약재무상태표(부채 및 자본)(08.03월 이후),A120,기타부채_영업미지급금,,,,,,,,,,,,,,,,,,,,,,,,,,,,,,,,,,,,,,,,,,,,,,,, , , , , , , , ,0,0, , , , , , , , , ,0, 
2425,리스사,17074,리딩에이스캐피탈㈜,B,SK104,요약재무상태표(부채 및 자본)(08.03월 이후),A121,기타부채_장기미지급금,,,,,,,,,,,,,,,,,,,,,,,,,,,,,,,,,,,,,,,,,,,,,,,, , , , , , , , ,0,0, , , , , , , , , ,0, 
2426,리스사,17074,리딩에이스캐피탈㈜,B,SK104,요약재무상태표(부채 및 자본)(08.03월 이후),A122,기타부채_기타의 부채,,,,,,,,,,,,,,,,,,,,,,,,,,,,,,,,,,,,,,,,,,,,,,,,99000000,194000000,281000000,447000000,1848000000,2007000000,1882000000,2490000000,2414000000,4539000000,2398000000,1810000000,2226000000,1795000000,1903000000,1770000000,1455000000,2889000000,2576000000,2009000000,1819000000
2427,리스사,17074,리딩에이스캐피탈㈜,B,SK104,요약재무상태표(부채 및 자본)(08.03월 이후),A1220,기타부채_기타의 부채_가수금,,,,,,,,,,,,,,,,,,,,,,,,,,,,,,,,,,,,,,,,,,,,,,,, , , , , , , , ,0,0, , , , ,175000000, , ,22000000, ,3000000,262000000
2428,리스사,17074,리딩에이스캐피탈㈜,B,SK104,요약재무상태표(부채 및 자본)(08.03월 이후),A1221,기타부채_기타의 부채_예수금,,,,,,,,,,,,,,,,,,,,,,,,,,,,,,,,,,,,,,,,,,,,,,,,13000000,16000000,14000000,13000000,15000000,10000000,18000000,28000000,29000000,31000000,36000000,54000000,56000000,19000000,52000000,59000000,61000000,20000000,58000000,67000000,70000000
2429,리스사,17074,리딩에이스캐피탈㈜,B,SK104,요약재무상태표(부채 및 자본)(08.03월 이후),A1222,기타부채_기타의 부채_선수금,,,,,,,,,,,,,,,,,,,,,,,,,,,,,,,,,,,,,,,,,,,,,,,, , , , , , ,212000000, ,0,0, , ,317000000,1000000, ,102000000,64000000, , ,901000000,630000000
2430,리스사,17074,리딩에이스캐피탈㈜,B,SK104,요약재무상태표(부채 및 자본)(08.03월 이후),A1223,기타부채_기타의 부채_선수수익,,,,,,,,,,,,,,,,,,,,,,,,,,,,,,,,,,,,,,,,,,,,,,,,44000000,117000000,221000000,249000000,1502000000,1293000000,1286000000,1688000000,1732000000,1833000000,858000000,910000000,1096000000,662000000,697000000,957000000,849000000,788000000,739000000,583000000,479000000
2431,리스사,17074,리딩에이스캐피탈㈜,B,SK104,요약재무상태표(부채 및 자본)(08.03월 이후),A1224,기타부채_기타의 부채_미지급금,,,,,,,,,,,,,,,,,,,,,,,,,,,,,,,,,,,,,,,,,,,,,,,,11000000,11000000,15000000,11000000,100000000,32000000,68000000,65000000,172000000,78000000,272000000,239000000,59000000,74000000,127000000,98000000,53000000,69000000,74000000,65000000,62000000
2432,리스사,17074,리딩에이스캐피탈㈜,B,SK104,요약재무상태표(부채 및 자본)(08.03월 이후),A1225,기타부채_기타의 부채_미지급비용,,,,,,,,,,,,,,,,,,,,,,,,,,,,,,,,,,,,,,,,,,,,,,,,31000000,44000000,30000000,63000000,48000000,139000000,32000000,56000000,47000000,1107000000,389000000,547000000,599000000,459000000,264000000,488000000,324000000,775000000,527000000,324000000,275000000
2433,리스사,17074,리딩에이스캐피탈㈜,B,SK104,요약재무상태표(부채 및 자본)(08.03월 이후),A1226,기타부채_기타의 부채_미지급법인세,,,,,,,,,,,,,,,,,,,,,,,,,,,,,,,,,,,,,,,,,,,,,,,, ,5000000, ,105000000,102000000,508000000,231000000,517000000,285000000,1382000000,760000000, , ,580000000,350000000, , ,1150000000,1150000000,0, 
2434,리스사,17074,리딩에이스캐피탈㈜,B,SK104,요약재무상태표(부채 및 자본)(08.03월 이후),A1227,기타부채_기타의 부채_선불카드수탁금,,,,,,,,,,,,,,,,,,,,,,,,,,,,,,,,,,,,,,,,,,,,,,,, , , , , , , , ,0,0, , , , , , , , , ,0, 
2435,리스사,17074,리딩에이스캐피탈㈜,B,SK104,요약재무상태표(부채 및 자본)(08.03월 이후),A1228,기타부채_기타의 부채_부가세예수금,,,,,,,,,,,,,,,,,,,,,,,,,,,,,,,,,,,,,,,,,,,,,,,, ,1000000,2000000,6000000,80000000, ,11000000,111000000,123000000,54000000,81000000,60000000,99000000, ,238000000,66000000,104000000,65000000,28000000,66000000,41000000
2436,리스사,17074,리딩에이스캐피탈㈜,B,SK104,요약재무상태표(부채 및 자본)(08.03월 이후),A1229,기타부채_기타의 부채_선물환거래대,,,,,,,,,,,,,,,,,,,,,,,,,,,,,,,,,,,,,,,,,,,,,,,, , , , , , , , ,0,0, , , , , , , , , ,0, 
2437,리스사,17074,리딩에이스캐피탈㈜,B,SK104,요약재무상태표(부채 및 자본)(08.03월 이후),A122A,기타부채_기타의 부채_파생상품부채,,,,,,,,,,,,,,,,,,,,,,,,,,,,,,,,,,,,,,,,,,,,,,,, , , , , , , , ,0,0, , , , , , , , , ,0, 
2438,리스사,17074,리딩에이스캐피탈㈜,B,SK104,요약재무상태표(부채 및 자본)(08.03월 이후),A122B,기타부채_기타의 부채_옵션수입프리미엄,,,,,,,,,,,,,,,,,,,,,,,,,,,,,,,,,,,,,,,,,,,,,,,, , , , , , , , ,0,0, , , , , , , , , ,0, 
2439,리스사,17074,리딩에이스캐피탈㈜,B,SK104,요약재무상태표(부채 및 자본)(08.03월 이후),A122C,기타부채_기타의 부채_이연리스수익,,,,,,,,,,,,,,,,,,,,,,,,,,,,,,,,,,,,,,,,,,,,,,,, , , , , , , , ,0,0, , , , , , , , , ,0, 
2440,리스사,17074,리딩에이스캐피탈㈜,B,SK104,요약재무상태표(부채 및 자본)(08.03월 이후),A122D,기타부채_기타의 부채_기타의 유동부채,,,,,,,,,,,,,,,,,,,,,,,,,,,,,,,,,,,,,,,,,,,,,,,, , , , , ,26000000,26000000,26000000,26000000,53000000, , , , , , , , , ,0, 
2441,리스사,17074,리딩에이스캐피탈㈜,B,SK104,요약재무상태표(부채 및 자본)(08.03월 이후),A122E,기타부채_유동성 장기부채,,,,,,,,,,,,,,,,,,,,,,,,,,,,,,,,,,,,,,,,,,,,,,,, , , , , , , , ,0,0, , , , , , , , , ,0, 
2442,리스사,17074,리딩에이스캐피탈㈜,B,SK104,요약재무상태표(부채 및 자본)(08.03월 이후),A123,기타부채_리스보증금,,,,,,,,,,,,,,,,,,,,,,,,,,,,,,,,,,,,,,,,,,,,,,,, , , , , , ,267000000,762000000,1218000000,1522000000,1937000000,2559000000,2960000000,3109000000,3288000000,3947000000,4156000000,4381000000,4794000000,4804000000,3972000000
2443,리스사,17074,리딩에이스캐피탈㈜,B,SK104,요약재무상태표(부채 및 자본)(08.03월 이후),A124,기타부채_보 증 금,,,,,,,,,,,,,,,,,,,,,,,,,,,,,,,,,,,,,,,,,,,,,,,, , , , , , ,1000000,12000000,17000000,36000000,157000000,179000000,201000000,212000000,250000000,670000000,684000000,693000000,632000000,629000000,639000000
2444,리스사,17074,리딩에이스캐피탈㈜,B,SK104,요약재무상태표(부채 및 자본)(08.03월 이후),A1240,기타부채_보 증 금_상환이행보증금,,,,,,,,,,,,,,,,,,,,,,,,,,,,,,,,,,,,,,,,,,,,,,,, , , , , , , , ,0,0, , , , , , , , , ,0, 
2445,리스사,17074,리딩에이스캐피탈㈜,B,SK104,요약재무상태표(부채 및 자본)(08.03월 이후),A1241,기타부채_보 증 금_임대보증금,,,,,,,,,,,,,,,,,,,,,,,,,,,,,,,,,,,,,,,,,,,,,,,, , , , , , , , ,0,0, , , , , , , , , ,0, 
2446,리스사,17074,리딩에이스캐피탈㈜,B,SK104,요약재무상태표(부채 및 자본)(08.03월 이후),A1242,기타부채_보 증 금_기타보증금,,,,,,,,,,,,,,,,,,,,,,,,,,,,,,,,,,,,,,,,,,,,,,,, , , , , , ,1000000,12000000,17000000,36000000,157000000,179000000,201000000,212000000,250000000,670000000,684000000,693000000,632000000,629000000,639000000
2447,리스사,17074,리딩에이스캐피탈㈜,B,SK104,요약재무상태표(부채 및 자본)(08.03월 이후),A125,기타부채_퇴직급여채무,,,,,,,,,,,,,,,,,,,,,,,,,,,,,,,,,,,,,,,,,,,,,,,, , , , , , , ,40000000,60000000,0,14000000,23000000,44000000,65000000,67000000,28000000,34000000,21000000,27000000,46000000,53000000
2448,리스사,17074,리딩에이스캐피탈㈜,B,SK104,요약재무상태표(부채 및 자본)(08.03월 이후),A1250,기타부채_퇴직급여채무_(미인식보험수리적손익) (+-),,,,,,,,,,,,,,,,,,,,,,,,,,,,,,,,,,,,,,,,,,,,,,,, , , , , , , , , , , , , , , , , , , ,0, 
2449,리스사,17074,리딩에이스캐피탈㈜,B,SK104,요약재무상태표(부채 및 자본)(08.03월 이후),A1251,기타부채_퇴직급여채무_(미인식과거근무원가) (-),,,,,,,,,,,,,,,,,,,,,,,,,,,,,,,,,,,,,,,,,,,,,,,, , , , , , , , , , , , , , , , , , , ,0, 
2450,리스사,17074,리딩에이스캐피탈㈜,B,SK104,요약재무상태표(부채 및 자본)(08.03월 이후),A1252,기타부채_퇴직급여채무_(퇴직급여사외적립자산) (-),,,,,,,,,,,,,,,,,,,,,,,,,,,,,,,,,,,,,,,,,,,,,,,, , , , , , , , , , , , , , , , , , , ,0, 
2451,리스사,17074,리딩에이스캐피탈㈜,B,SK104,요약재무상태표(부채 및 자본)(08.03월 이후),A126,기타부채_지급보증충당금,,,,,,,,,,,,,,,,,,,,,,,,,,,,,,,,,,,,,,,,,,,,,,,, , , , , , , , ,0,0, , , , , , , , , ,0, 
2452,리스사,17074,리딩에이스캐피탈㈜,B,SK104,요약재무상태표(부채 및 자본)(08.03월 이후),A127,기타부채_포인트충당부채,,,,,,,,,,,,,,,,,,,,,,,,,,,,,,,,,,,,,,,,,,,,,,,, , , , , , , , ,0,0, , , , , , , , , ,0, 
2453,리스사,17074,리딩에이스캐피탈㈜,B,SK104,요약재무상태표(부채 및 자본)(08.03월 이후),A128,기타부채_미지급배당금,,,,,,,,,,,,,,,,,,,,,,,,,,,,,,,,,,,,,,,,,,,,,,,, , , , , , , , ,0,0,2250000000, , , ,2250000000, , , ,4350000000,0, 
2454,리스사,17074,리딩에이스캐피탈㈜,B,SK104,요약재무상태표(부채 및 자본)(08.03월 이후),A129,기타부채_이연법인세부채,,,,,,,,,,,,,,,,,,,,,,,,,,,,,,,,,,,,,,,,,,,,,,,, ,210000000,210000000,276000000,276000000,210000000,210000000,203000000,203000000,201000000,201000000,201000000,201000000,201000000,201000000,201000000,201000000,169000000,169000000,169000000,169000000
2455,리스사,17074,리딩에이스캐피탈㈜,B,SK104,요약재무상태표(부채 및 자본)(08.03월 이후),A12A,기타부채_외화환산대,,,,,,,,,,,,,,,,,,,,,,,,,,,,,,,,,,,,,,,,,,,,,,,, , , , , , , , ,0,0, , , , , , , , , ,0, 
2456,리스사,17074,리딩에이스캐피탈㈜,B,SK104,요약재무상태표(부채 및 자본)(08.03월 이후),A12B,기타부채_미사용약정충당금,,,,,,,,,,,,,,,,,,,,,,,,,,,,,,,,,,,,,,,,,,,,,,,, , , , , , , , ,0,0, , , , , , , , , ,0, 
2457,리스사,17074,리딩에이스캐피탈㈜,B,SK104,요약재무상태표(부채 및 자본)(08.03월 이후),A12C,기타부채_이자율위험포트폴리오위험회피 대상의 공정가액변동부채,,,,,,,,,,,,,,,,,,,,,,,,,,,,,,,,,,,,,,,,,,,,,,,, , , , , , , , , , , , , , , , , , , ,0, 
2458,리스사,17074,리딩에이스캐피탈㈜,B,SK104,요약재무상태표(부채 및 자본)(08.03월 이후),A12D,기타부채_기타의 기타부채,,,,,,,,,,,,,,,,,,,,,,,,,,,,,,,,,,,,,,,,,,,,,,,,273000000,252000000,231000000,226000000,203000000,181000000,259000000,251000000,223000000,237000000,108000000,1148000000,1100000000,1047000000,1034000000,1011000000,958000000,919000000,971000000,940000000,874000000
2459,리스사,17074,리딩에이스캐피탈㈜,B,SK104,요약재무상태표(부채 및 자본)(08.03월 이후),A13,요구불상환지분,,,,,,,,,,,,,,,,,,,,,,,,,,,,,,,,,,,,,,,,,,,,,,,, , , , , , , , , , , , , , , , , , , ,0, 
2460,리스사,17074,리딩에이스캐피탈㈜,B,SK104,요약재무상태표(부채 및 자본)(08.03월 이후),A130,요구불상환지분_상환우선주,,,,,,,,,,,,,,,,,,,,,,,,,,,,,,,,,,,,,,,,,,,,,,,, , , , , , , , , , , , , , , , , , , ,0, 
2461,리스사,17074,리딩에이스캐피탈㈜,B,SK104,요약재무상태표(부채 및 자본)(08.03월 이후),A131,요구불상환지분_기타,,,,,,,,,,,,,,,,,,,,,,,,,,,,,,,,,,,,,,,,,,,,,,,, , , , , , , , , , , , , , , , , , , ,0, 
2462,리스사,17074,리딩에이스캐피탈㈜,B,SK104,요약재무상태표(부채 및 자본)(08.03월 이후),A2,자본,,,,,,,,,,,,,,,,,,,,,,,,,,,,,,,,,,,,,,,,,,,,,,,,21284000000,22449000000,32508000000,32951000000,34001000000,34203000000,88852000000,90325000000,92861000000,94241000000,94834000000,95979000000,99138000000,96670000000,95788000000,95388000000,96256000000,99383000000,96159000000,99870000000,101450000000
2463,리스사,17074,리딩에이스캐피탈㈜,B,SK104,요약재무상태표(부채 및 자본)(08.03월 이후),A21,자본금,,,,,,,,,,,,,,,,,,,,,,,,,,,,,,,,,,,,,,,,,,,,,,,,22000000000,22000000000,32000000000,32000000000,32000000000,32000000000,79500000000,79500000000,79500000000,79500000000,79500000000,79500000000,79500000000,79500000000,79500000000,79500000000,79500000000,79500000000,79500000000,79500000000,79500000000
2464,리스사,17074,리딩에이스캐피탈㈜,B,SK104,요약재무상태표(부채 및 자본)(08.03월 이후),A210,자본금_보통주자본금,,,,,,,,,,,,,,,,,,,,,,,,,,,,,,,,,,,,,,,,,,,,,,,,20000000000,20000000000,30000000000,30000000000,30000000000,30000000000,42000000000,42000000000,42000000000,42000000000,42000000000,42000000000,42000000000,42000000000,42000000000,42000000000,42000000000,42000000000,42000000000,42000000000,42000000000
2465,리스사,17074,리딩에이스캐피탈㈜,B,SK104,요약재무상태표(부채 및 자본)(08.03월 이후),A211,자본금_우선주자본금,,,,,,,,,,,,,,,,,,,,,,,,,,,,,,,,,,,,,,,,,,,,,,,,2000000000,2000000000,2000000000,2000000000,2000000000,2000000000,37500000000,37500000000,37500000000,37500000000,37500000000,37500000000,37500000000,37500000000,37500000000,37500000000,37500000000,37500000000,37500000000,37500000000,37500000000
2466,리스사,17074,리딩에이스캐피탈㈜,B,SK104,요약재무상태표(부채 및 자본)(08.03월 이후),A212,자본금_신주청약증거금,,,,,,,,,,,,,,,,,,,,,,,,,,,,,,,,,,,,,,,,,,,,,,,, , , , , , , , ,0,0, , , , , , , , , ,0, 
2467,리스사,17074,리딩에이스캐피탈㈜,B,SK104,요약재무상태표(부채 및 자본)(08.03월 이후),A22,자본잉여금,,,,,,,,,,,,,,,,,,,,,,,,,,,,,,,,,,,,,,,,,,,,,,,, ,576000000,576000000,576000000,576000000,576000000,6883000000,6883000000,6883000000,6883000000,6883000000,6883000000,6883000000,6883000000,6883000000,6883000000,6883000000,6883000000,6883000000,6883000000,6883000000
2468,리스사,17074,리딩에이스캐피탈㈜,B,SK104,요약재무상태표(부채 및 자본)(08.03월 이후),A220,자본잉여금_주식발행초과금,,,,,,,,,,,,,,,,,,,,,,,,,,,,,,,,,,,,,,,,,,,,,,,, , , , , , ,6307000000,6307000000,6307000000,6307000000,6307000000,6307000000,6307000000,6307000000,6307000000,6307000000,6307000000,6307000000,6307000000,6307000000,6307000000
2469,리스사,17074,리딩에이스캐피탈㈜,B,SK104,요약재무상태표(부채 및 자본)(08.03월 이후),A221,자본잉여금_감자차익,,,,,,,,,,,,,,,,,,,,,,,,,,,,,,,,,,,,,,,,,,,,,,,, , , , , , , , ,0,0, , , , , , , , , ,0, 
2470,리스사,17074,리딩에이스캐피탈㈜,B,SK104,요약재무상태표(부채 및 자본)(08.03월 이후),A222,자본잉여금_기타자본잉여금,,,,,,,,,,,,,,,,,,,,,,,,,,,,,,,,,,,,,,,,,,,,,,,, ,576000000,576000000,576000000,576000000,576000000,576000000,576000000,576000000,576000000,576000000,576000000,576000000,576000000,576000000,576000000,576000000,576000000,576000000,576000000,576000000
2471,리스사,17074,리딩에이스캐피탈㈜,B,SK104,요약재무상태표(부채 및 자본)(08.03월 이후),A23,이익잉여금(결손금),,,,,,,,,,,,,,,,,,,,,,,,,,,,,,,,,,,,,,,,,,,,,,,,-394000000,195000000,400000000,843000000,1893000000,2095000000,2469000000,3942000000,6478000000,7858000000,8451000000,9596000000,12755000000,10287000000,9405000000,9005000000,9873000000,13000000000,9776000000,13487000000,15067000000
2472,리스사,17074,리딩에이스캐피탈㈜,B,SK104,요약재무상태표(부채 및 자본)(08.03월 이후),A230,이익잉여금(결손금)_이익준비금,,,,,,,,,,,,,,,,,,,,,,,,,,,,,,,,,,,,,,,,,,,,,,,, , , , , , , , ,0,0,225000000,225000000,225000000,225000000,450000000,450000000,450000000,450000000,885000000,885000000,885000000
2473,리스사,17074,리딩에이스캐피탈㈜,B,SK104,요약재무상태표(부채 및 자본)(08.03월 이후),A231,이익잉여금(결손금)_기업합리화적립금,,,,,,,,,,,,,,,,,,,,,,,,,,,,,,,,,,,,,,,,,,,,,,,, , , , , , , , ,0,0, , , , , , , , , ,0, 
2474,리스사,17074,리딩에이스캐피탈㈜,B,SK104,요약재무상태표(부채 및 자본)(08.03월 이후),A232,이익잉여금(결손금)_투융자손실준비금,,,,,,,,,,,,,,,,,,,,,,,,,,,,,,,,,,,,,,,,,,,,,,,, , , , , , , , ,0,0, , , , , , , , , ,0, 
2475,리스사,17074,리딩에이스캐피탈㈜,B,SK104,요약재무상태표(부채 및 자본)(08.03월 이후),A233,이익잉여금(결손금)_기타 법정적립금,,,,,,,,,,,,,,,,,,,,,,,,,,,,,,,,,,,,,,,,,,,,,,,, , , , , , , , ,0,0, , , , , , , , ,1000000000,1000000000,1000000000
2476,리스사,17074,리딩에이스캐피탈㈜,B,SK104,요약재무상태표(부채 및 자본)(08.03월 이후),A234,이익잉여금(결손금)_임의적립금,,,,,,,,,,,,,,,,,,,,,,,,,,,,,,,,,,,,,,,,,,,,,,,, , , , , , , , ,0,0, , , , , , , , , ,0, 
2477,리스사,17074,리딩에이스캐피탈㈜,B,SK104,요약재무상태표(부채 및 자본)(08.03월 이후),A235,이익잉여금(결손금)_해외투자손실준비금,,,,,,,,,,,,,,,,,,,,,,,,,,,,,,,,,,,,,,,,,,,,,,,, , , , , , , , ,0,0, , , , , , , , , ,0, 
2478,리스사,17074,리딩에이스캐피탈㈜,B,SK104,요약재무상태표(부채 및 자본)(08.03월 이후),A236,이익잉여금(결손금)_미처분이익잉여금(미처리결손금),,,,,,,,,,,,,,,,,,,,,,,,,,,,,,,,,,,,,,,,,,,,,,,,-394000000,195000000,400000000,843000000,1893000000,2095000000,2469000000,3942000000,6478000000,7858000000,8226000000,9371000000,12530000000,10062000000,8955000000,8555000000,9423000000,12550000000,7891000000,11602000000,13182000000
2479,리스사,17074,리딩에이스캐피탈㈜,B,SK104,요약재무상태표(부채 및 자본)(08.03월 이후),A237,이익잉여금(결손금)_대손준비금,,,,,,,,,,,,,,,,,,,,,,,,,,,,,,,,,,,,,,,,,,,,,,,, , , , , , , , , , , , , , , , , , , ,0, 
2480,리스사,17074,리딩에이스캐피탈㈜,B,SK104,요약재무상태표(부채 및 자본)(08.03월 이후),A238,이익잉여금(결손금)_(당기순손익),,,,,,,,,,,,,,,,,,,,,,,,,,,,,,,,,,,,,,,,,,,,,,,, , , , , , , , ,0,0, , , , , , , , , ,0, 
2481,리스사,17074,리딩에이스캐피탈㈜,B,SK104,요약재무상태표(부채 및 자본)(08.03월 이후),A24,자본조정,,,,,,,,,,,,,,,,,,,,,,,,,,,,,,,,,,,,,,,,,,,,,,,,-322000000,-322000000,-468000000,-468000000,-468000000,-468000000, , ,0,0, , , , , , , , , ,0, 
2482,리스사,17074,리딩에이스캐피탈㈜,B,SK104,요약재무상태표(부채 및 자본)(08.03월 이후),A240,자본조정_주식할인발행차금,,,,,,,,,,,,,,,,,,,,,,,,,,,,,,,,,,,,,,,,,,,,,,,,-322000000,-322000000,-468000000,-468000000,-468000000,-468000000, , ,0,0, , , , , , , , , ,0, 
2483,리스사,17074,리딩에이스캐피탈㈜,B,SK104,요약재무상태표(부채 및 자본)(08.03월 이후),A241,자본조정_배당건설이자,,,,,,,,,,,,,,,,,,,,,,,,,,,,,,,,,,,,,,,,,,,,,,,, , , , , , , , ,0,0, , , , , , , , , ,0, 
2484,리스사,17074,리딩에이스캐피탈㈜,B,SK104,요약재무상태표(부채 및 자본)(08.03월 이후),A242,자본조정_자기주식,,,,,,,,,,,,,,,,,,,,,,,,,,,,,,,,,,,,,,,,,,,,,,,, , , , , , , , ,0,0, , , , , , , , , ,0, 
2485,리스사,17074,리딩에이스캐피탈㈜,B,SK104,요약재무상태표(부채 및 자본)(08.03월 이후),A243,자본조정_주식매수선택권,,,,,,,,,,,,,,,,,,,,,,,,,,,,,,,,,,,,,,,,,,,,,,,, , , , , , , , ,0,0, , , , , , , , , ,0, 
2486,리스사,17074,리딩에이스캐피탈㈜,B,SK104,요약재무상태표(부채 및 자본)(08.03월 이후),A244,자본조정_미교부주식배당금,,,,,,,,,,,,,,,,,,,,,,,,,,,,,,,,,,,,,,,,,,,,,,,, , , , , , , , ,0,0, , , , , , , , , ,0, 
2487,리스사,17074,리딩에이스캐피탈㈜,B,SK104,요약재무상태표(부채 및 자본)(08.03월 이후),A245,자본조정_기타 자본조정,,,,,,,,,,,,,,,,,,,,,,,,,,,,,,,,,,,,,,,,,,,,,,,, , , , , , , , ,0,0, , , , , , , , , ,0, 
2488,리스사,17074,리딩에이스캐피탈㈜,B,SK104,요약재무상태표(부채 및 자본)(08.03월 이후),A25,기타포괄손익누계액,,,,,,,,,,,,,,,,,,,,,,,,,,,,,,,,,,,,,,,,,,,,,,,, , , , , , , , ,0,0, , , , , , , , , ,0, 
2489,리스사,17074,리딩에이스캐피탈㈜,B,SK104,요약재무상태표(부채 및 자본)(08.03월 이후),A250,기타포괄손익누계액_매도가능금융자산평가이익,,,,,,,,,,,,,,,,,,,,,,,,,,,,,,,,,,,,,,,,,,,,,,,, , , , , , , , ,0,0, , , , , , , , , ,0, 
2490,리스사,17074,리딩에이스캐피탈㈜,B,SK104,요약재무상태표(부채 및 자본)(08.03월 이후),A251,기타포괄손익누계액_매도가능금융자산평가손실,,,,,,,,,,,,,,,,,,,,,,,,,,,,,,,,,,,,,,,,,,,,,,,, , , , , , , , ,0,0, , , , , , , , , ,0, 
2491,리스사,17074,리딩에이스캐피탈㈜,B,SK104,요약재무상태표(부채 및 자본)(08.03월 이후),A252,기타포괄손익누계액_해외사업환산이익,,,,,,,,,,,,,,,,,,,,,,,,,,,,,,,,,,,,,,,,,,,,,,,, , , , , , , , ,0,0, , , , , , , , , ,0, 
2492,리스사,17074,리딩에이스캐피탈㈜,B,SK104,요약재무상태표(부채 및 자본)(08.03월 이후),A253,기타포괄손익누계액_해외사업환산손실,,,,,,,,,,,,,,,,,,,,,,,,,,,,,,,,,,,,,,,,,,,,,,,, , , , , , , , ,0,0, , , , , , , , , ,0, 
2493,리스사,17074,리딩에이스캐피탈㈜,B,SK104,요약재무상태표(부채 및 자본)(08.03월 이후),A254,기타포괄손익누계액_현금흐름위험회피 파생상품평가이익,,,,,,,,,,,,,,,,,,,,,,,,,,,,,,,,,,,,,,,,,,,,,,,, , , , , , , , ,0,0, , , , , , , , , ,0, 
2494,리스사,17074,리딩에이스캐피탈㈜,B,SK104,요약재무상태표(부채 및 자본)(08.03월 이후),A255,기타포괄손익누계액_현금흐름위험회피 파생상품평가손실,,,,,,,,,,,,,,,,,,,,,,,,,,,,,,,,,,,,,,,,,,,,,,,, , , , , , , , ,0,0, , , , , , , , , ,0, 
2495,리스사,17074,리딩에이스캐피탈㈜,B,SK104,요약재무상태표(부채 및 자본)(08.03월 이후),A256,기타포괄손익누계액_지분법자본변동,,,,,,,,,,,,,,,,,,,,,,,,,,,,,,,,,,,,,,,,,,,,,,,, , , , , , , , ,0,0, , , , , , , , , ,0, 
2496,리스사,17074,리딩에이스캐피탈㈜,B,SK104,요약재무상태표(부채 및 자본)(08.03월 이후),A257,기타포괄손익누계액_부의 지분법자본변동,,,,,,,,,,,,,,,,,,,,,,,,,,,,,,,,,,,,,,,,,,,,,,,, , , , , , , , ,0,0, , , , , , , , , ,0, 
2497,리스사,17074,리딩에이스캐피탈㈜,B,SK104,요약재무상태표(부채 및 자본)(08.03월 이후),A258,기타포괄손익누계액_유형자산 재평가이익,,,,,,,,,,,,,,,,,,,,,,,,,,,,,,,,,,,,,,,,,,,,,,,, , , , , , , , ,0,0, , , , , , , , , ,0, 
2498,리스사,17074,리딩에이스캐피탈㈜,B,SK104,요약재무상태표(부채 및 자본)(08.03월 이후),A259,기타포괄손익누계액_기타,,,,,,,,,,,,,,,,,,,,,,,,,,,,,,,,,,,,,,,,,,,,,,,, , , , , , , , ,0,0, , , , , , , , , ,0, 
2499,리스사,20610,㈜노스이스트에비에이션캐피탈,B,SK104,요약재무상태표(부채 및 자본)(08.03월 이후),A,부채 및 자본총계,,,,,,,,,,,,,,,,,,,,,,,,,,,,,,,,,,,,,,,,,,,,,,,,,,,,,,,,,,,,,,,,,,21378000000,21640000000,21338000000
2500,리스사,20610,㈜노스이스트에비에이션캐피탈,B,SK104,요약재무상태표(부채 및 자본)(08.03월 이후),A1,부채,,,,,,,,,,,,,,,,,,,,,,,,,,,,,,,,,,,,,,,,,,,,,,,,,,,,,,,,,,,,,,,,,,322000000,330000000,49000000
2501,리스사,20610,㈜노스이스트에비에이션캐피탈,B,SK104,요약재무상태표(부채 및 자본)(08.03월 이후),A11,차입부채,,,,,,,,,,,,,,,,,,,,,,,,,,,,,,,,,,,,,,,,,,,,,,,,,,,,,,,,,,,,,,,,,, , , 
2502,리스사,20610,㈜노스이스트에비에이션캐피탈,B,SK104,요약재무상태표(부채 및 자본)(08.03월 이후),A110,차입부채_차입금,,,,,,,,,,,,,,,,,,,,,,,,,,,,,,,,,,,,,,,,,,,,,,,,,,,,,,,,,,,,,,,,,, , , 
2503,리스사,20610,㈜노스이스트에비에이션캐피탈,B,SK104,요약재무상태표(부채 및 자본)(08.03월 이후),A111,차입부채_차입금_단기차입금,,,,,,,,,,,,,,,,,,,,,,,,,,,,,,,,,,,,,,,,,,,,,,,,,,,,,,,,,,,,,,,,,, , , 
2504,리스사,20610,㈜노스이스트에비에이션캐피탈,B,SK104,요약재무상태표(부채 및 자본)(08.03월 이후),A112,차입부채_차입금_콜머니,,,,,,,,,,,,,,,,,,,,,,,,,,,,,,,,,,,,,,,,,,,,,,,,,,,,,,,,,,,,,,,,,, , , 
2505,리스사,20610,㈜노스이스트에비에이션캐피탈,B,SK104,요약재무상태표(부채 및 자본)(08.03월 이후),A113,차입부채_차입금_장기차입금,,,,,,,,,,,,,,,,,,,,,,,,,,,,,,,,,,,,,,,,,,,,,,,,,,,,,,,,,,,,,,,,,, , , 
2506,리스사,20610,㈜노스이스트에비에이션캐피탈,B,SK104,요약재무상태표(부채 및 자본)(08.03월 이후),A114,차입부채_차입금_유동성 장기차입금,,,,,,,,,,,,,,,,,,,,,,,,,,,,,,,,,,,,,,,,,,,,,,,,,,,,,,,,,,,,,,,,,, , , 
2507,리스사,20610,㈜노스이스트에비에이션캐피탈,B,SK104,요약재무상태표(부채 및 자본)(08.03월 이후),A115,차입부채_사 채,,,,,,,,,,,,,,,,,,,,,,,,,,,,,,,,,,,,,,,,,,,,,,,,,,,,,,,,,,,,,,,,,, , , 
2508,리스사,20610,㈜노스이스트에비에이션캐피탈,B,SK104,요약재무상태표(부채 및 자본)(08.03월 이후),A1150,차입부채_사 채_단기사채,,,,,,,,,,,,,,,,,,,,,,,,,,,,,,,,,,,,,,,,,,,,,,,,,,,,,,,,,,,,,,,,,, , , 
2509,리스사,20610,㈜노스이스트에비에이션캐피탈,B,SK104,요약재무상태표(부채 및 자본)(08.03월 이후),A11500,차입부채_사 채_단기사채_(사채발행차금),,,,,,,,,,,,,,,,,,,,,,,,,,,,,,,,,,,,,,,,,,,,,,,,,,,,,,,,,,,,,,,,,, , , 
2510,리스사,20610,㈜노스이스트에비에이션캐피탈,B,SK104,요약재무상태표(부채 및 자본)(08.03월 이후),A1151,차입부채_사 채_유동성사채,,,,,,,,,,,,,,,,,,,,,,,,,,,,,,,,,,,,,,,,,,,,,,,,,,,,,,,,,,,,,,,,,, , , 
2511,리스사,20610,㈜노스이스트에비에이션캐피탈,B,SK104,요약재무상태표(부채 및 자본)(08.03월 이후),A11510,차입부채_사 채_유동성사채_(유동성사채발행차금),,,,,,,,,,,,,,,,,,,,,,,,,,,,,,,,,,,,,,,,,,,,,,,,,,,,,,,,,,,,,,,,,, , , 
2512,리스사,20610,㈜노스이스트에비에이션캐피탈,B,SK104,요약재무상태표(부채 및 자본)(08.03월 이후),A1152,차입부채_사 채_장기사채,,,,,,,,,,,,,,,,,,,,,,,,,,,,,,,,,,,,,,,,,,,,,,,,,,,,,,,,,,,,,,,,,, , , 
2513,리스사,20610,㈜노스이스트에비에이션캐피탈,B,SK104,요약재무상태표(부채 및 자본)(08.03월 이후),A11520,차입부채_사 채_장기사채_(사채발행차금),,,,,,,,,,,,,,,,,,,,,,,,,,,,,,,,,,,,,,,,,,,,,,,,,,,,,,,,,,,,,,,,,, , , 
2514,리스사,20610,㈜노스이스트에비에이션캐피탈,B,SK104,요약재무상태표(부채 및 자본)(08.03월 이후),A1153,차입부채_사 채_기타,,,,,,,,,,,,,,,,,,,,,,,,,,,,,,,,,,,,,,,,,,,,,,,,,,,,,,,,,,,,,,,,,, , , 
2515,리스사,20610,㈜노스이스트에비에이션캐피탈,B,SK104,요약재무상태표(부채 및 자본)(08.03월 이후),A12,기타부채,,,,,,,,,,,,,,,,,,,,,,,,,,,,,,,,,,,,,,,,,,,,,,,,,,,,,,,,,,,,,,,,,,322000000,330000000,49000000
2516,리스사,20610,㈜노스이스트에비에이션캐피탈,B,SK104,요약재무상태표(부채 및 자본)(08.03월 이후),A120,기타부채_영업미지급금,,,,,,,,,,,,,,,,,,,,,,,,,,,,,,,,,,,,,,,,,,,,,,,,,,,,,,,,,,,,,,,,,,306000000, , 
2517,리스사,20610,㈜노스이스트에비에이션캐피탈,B,SK104,요약재무상태표(부채 및 자본)(08.03월 이후),A121,기타부채_장기미지급금,,,,,,,,,,,,,,,,,,,,,,,,,,,,,,,,,,,,,,,,,,,,,,,,,,,,,,,,,,,,,,,,,, , , 
2518,리스사,20610,㈜노스이스트에비에이션캐피탈,B,SK104,요약재무상태표(부채 및 자본)(08.03월 이후),A122,기타부채_기타의 부채,,,,,,,,,,,,,,,,,,,,,,,,,,,,,,,,,,,,,,,,,,,,,,,,,,,,,,,,,,,,,,,,,,3000000,313000000,28000000
2519,리스사,20610,㈜노스이스트에비에이션캐피탈,B,SK104,요약재무상태표(부채 및 자본)(08.03월 이후),A1220,기타부채_기타의 부채_가수금,,,,,,,,,,,,,,,,,,,,,,,,,,,,,,,,,,,,,,,,,,,,,,,,,,,,,,,,,,,,,,,,,, , , 
2520,리스사,20610,㈜노스이스트에비에이션캐피탈,B,SK104,요약재무상태표(부채 및 자본)(08.03월 이후),A1221,기타부채_기타의 부채_예수금,,,,,,,,,,,,,,,,,,,,,,,,,,,,,,,,,,,,,,,,,,,,,,,,,,,,,,,,,,,,,,,,,, , ,4000000
2521,리스사,20610,㈜노스이스트에비에이션캐피탈,B,SK104,요약재무상태표(부채 및 자본)(08.03월 이후),A1222,기타부채_기타의 부채_선수금,,,,,,,,,,,,,,,,,,,,,,,,,,,,,,,,,,,,,,,,,,,,,,,,,,,,,,,,,,,,,,,,,, , , 
2522,리스사,20610,㈜노스이스트에비에이션캐피탈,B,SK104,요약재무상태표(부채 및 자본)(08.03월 이후),A1223,기타부채_기타의 부채_선수수익,,,,,,,,,,,,,,,,,,,,,,,,,,,,,,,,,,,,,,,,,,,,,,,,,,,,,,,,,,,,,,,,,, , , 
2523,리스사,20610,㈜노스이스트에비에이션캐피탈,B,SK104,요약재무상태표(부채 및 자본)(08.03월 이후),A1224,기타부채_기타의 부채_미지급금,,,,,,,,,,,,,,,,,,,,,,,,,,,,,,,,,,,,,,,,,,,,,,,,,,,,,,,,,,,,,,,,,, ,309000000,4000000
2524,리스사,20610,㈜노스이스트에비에이션캐피탈,B,SK104,요약재무상태표(부채 및 자본)(08.03월 이후),A1225,기타부채_기타의 부채_미지급비용,,,,,,,,,,,,,,,,,,,,,,,,,,,,,,,,,,,,,,,,,,,,,,,,,,,,,,,,,,,,,,,,,,3000000,4000000,8000000
2525,리스사,20610,㈜노스이스트에비에이션캐피탈,B,SK104,요약재무상태표(부채 및 자본)(08.03월 이후),A1226,기타부채_기타의 부채_미지급법인세,,,,,,,,,,,,,,,,,,,,,,,,,,,,,,,,,,,,,,,,,,,,,,,,,,,,,,,,,,,,,,,,,, , ,12000000
2526,리스사,20610,㈜노스이스트에비에이션캐피탈,B,SK104,요약재무상태표(부채 및 자본)(08.03월 이후),A1227,기타부채_기타의 부채_선불카드수탁금,,,,,,,,,,,,,,,,,,,,,,,,,,,,,,,,,,,,,,,,,,,,,,,,,,,,,,,,,,,,,,,,,, , , 
2527,리스사,20610,㈜노스이스트에비에이션캐피탈,B,SK104,요약재무상태표(부채 및 자본)(08.03월 이후),A1228,기타부채_기타의 부채_부가세예수금,,,,,,,,,,,,,,,,,,,,,,,,,,,,,,,,,,,,,,,,,,,,,,,,,,,,,,,,,,,,,,,,,, , , 
2528,리스사,20610,㈜노스이스트에비에이션캐피탈,B,SK104,요약재무상태표(부채 및 자본)(08.03월 이후),A1229,기타부채_기타의 부채_선물환거래대,,,,,,,,,,,,,,,,,,,,,,,,,,,,,,,,,,,,,,,,,,,,,,,,,,,,,,,,,,,,,,,,,, , , 
2529,리스사,20610,㈜노스이스트에비에이션캐피탈,B,SK104,요약재무상태표(부채 및 자본)(08.03월 이후),A122A,기타부채_기타의 부채_파생상품부채,,,,,,,,,,,,,,,,,,,,,,,,,,,,,,,,,,,,,,,,,,,,,,,,,,,,,,,,,,,,,,,,,, , , 
2530,리스사,20610,㈜노스이스트에비에이션캐피탈,B,SK104,요약재무상태표(부채 및 자본)(08.03월 이후),A122B,기타부채_기타의 부채_옵션수입프리미엄,,,,,,,,,,,,,,,,,,,,,,,,,,,,,,,,,,,,,,,,,,,,,,,,,,,,,,,,,,,,,,,,,, , , 
2531,리스사,20610,㈜노스이스트에비에이션캐피탈,B,SK104,요약재무상태표(부채 및 자본)(08.03월 이후),A122C,기타부채_기타의 부채_이연리스수익,,,,,,,,,,,,,,,,,,,,,,,,,,,,,,,,,,,,,,,,,,,,,,,,,,,,,,,,,,,,,,,,,, , , 
2532,리스사,20610,㈜노스이스트에비에이션캐피탈,B,SK104,요약재무상태표(부채 및 자본)(08.03월 이후),A122D,기타부채_기타의 부채_기타의 유동부채,,,,,,,,,,,,,,,,,,,,,,,,,,,,,,,,,,,,,,,,,,,,,,,,,,,,,,,,,,,,,,,,,, , , 
2533,리스사,20610,㈜노스이스트에비에이션캐피탈,B,SK104,요약재무상태표(부채 및 자본)(08.03월 이후),A122E,기타부채_유동성 장기부채,,,,,,,,,,,,,,,,,,,,,,,,,,,,,,,,,,,,,,,,,,,,,,,,,,,,,,,,,,,,,,,,,, , , 
2534,리스사,20610,㈜노스이스트에비에이션캐피탈,B,SK104,요약재무상태표(부채 및 자본)(08.03월 이후),A123,기타부채_리스보증금,,,,,,,,,,,,,,,,,,,,,,,,,,,,,,,,,,,,,,,,,,,,,,,,,,,,,,,,,,,,,,,,,, , , 
2535,리스사,20610,㈜노스이스트에비에이션캐피탈,B,SK104,요약재무상태표(부채 및 자본)(08.03월 이후),A124,기타부채_보 증 금,,,,,,,,,,,,,,,,,,,,,,,,,,,,,,,,,,,,,,,,,,,,,,,,,,,,,,,,,,,,,,,,,, , , 
2536,리스사,20610,㈜노스이스트에비에이션캐피탈,B,SK104,요약재무상태표(부채 및 자본)(08.03월 이후),A1240,기타부채_보 증 금_상환이행보증금,,,,,,,,,,,,,,,,,,,,,,,,,,,,,,,,,,,,,,,,,,,,,,,,,,,,,,,,,,,,,,,,,, , , 
2537,리스사,20610,㈜노스이스트에비에이션캐피탈,B,SK104,요약재무상태표(부채 및 자본)(08.03월 이후),A1241,기타부채_보 증 금_임대보증금,,,,,,,,,,,,,,,,,,,,,,,,,,,,,,,,,,,,,,,,,,,,,,,,,,,,,,,,,,,,,,,,,, , , 
2538,리스사,20610,㈜노스이스트에비에이션캐피탈,B,SK104,요약재무상태표(부채 및 자본)(08.03월 이후),A1242,기타부채_보 증 금_기타보증금,,,,,,,,,,,,,,,,,,,,,,,,,,,,,,,,,,,,,,,,,,,,,,,,,,,,,,,,,,,,,,,,,, , , 
2539,리스사,20610,㈜노스이스트에비에이션캐피탈,B,SK104,요약재무상태표(부채 및 자본)(08.03월 이후),A125,기타부채_퇴직급여채무,,,,,,,,,,,,,,,,,,,,,,,,,,,,,,,,,,,,,,,,,,,,,,,,,,,,,,,,,,,,,,,,,,13000000,17000000,21000000
2540,리스사,20610,㈜노스이스트에비에이션캐피탈,B,SK104,요약재무상태표(부채 및 자본)(08.03월 이후),A1250,기타부채_퇴직급여채무_(미인식보험수리적손익) (+-),,,,,,,,,,,,,,,,,,,,,,,,,,,,,,,,,,,,,,,,,,,,,,,,,,,,,,,,,,,,,,,,,, , , 
2541,리스사,20610,㈜노스이스트에비에이션캐피탈,B,SK104,요약재무상태표(부채 및 자본)(08.03월 이후),A1251,기타부채_퇴직급여채무_(미인식과거근무원가) (-),,,,,,,,,,,,,,,,,,,,,,,,,,,,,,,,,,,,,,,,,,,,,,,,,,,,,,,,,,,,,,,,,, , , 
2542,리스사,20610,㈜노스이스트에비에이션캐피탈,B,SK104,요약재무상태표(부채 및 자본)(08.03월 이후),A1252,기타부채_퇴직급여채무_(퇴직급여사외적립자산) (-),,,,,,,,,,,,,,,,,,,,,,,,,,,,,,,,,,,,,,,,,,,,,,,,,,,,,,,,,,,,,,,,,, , , 
2543,리스사,20610,㈜노스이스트에비에이션캐피탈,B,SK104,요약재무상태표(부채 및 자본)(08.03월 이후),A126,기타부채_지급보증충당금,,,,,,,,,,,,,,,,,,,,,,,,,,,,,,,,,,,,,,,,,,,,,,,,,,,,,,,,,,,,,,,,,, , , 
2544,리스사,20610,㈜노스이스트에비에이션캐피탈,B,SK104,요약재무상태표(부채 및 자본)(08.03월 이후),A127,기타부채_포인트충당부채,,,,,,,,,,,,,,,,,,,,,,,,,,,,,,,,,,,,,,,,,,,,,,,,,,,,,,,,,,,,,,,,,, , , 
2545,리스사,20610,㈜노스이스트에비에이션캐피탈,B,SK104,요약재무상태표(부채 및 자본)(08.03월 이후),A128,기타부채_미지급배당금,,,,,,,,,,,,,,,,,,,,,,,,,,,,,,,,,,,,,,,,,,,,,,,,,,,,,,,,,,,,,,,,,, , , 
2546,리스사,20610,㈜노스이스트에비에이션캐피탈,B,SK104,요약재무상태표(부채 및 자본)(08.03월 이후),A129,기타부채_이연법인세부채,,,,,,,,,,,,,,,,,,,,,,,,,,,,,,,,,,,,,,,,,,,,,,,,,,,,,,,,,,,,,,,,,, , , 
2547,리스사,20610,㈜노스이스트에비에이션캐피탈,B,SK104,요약재무상태표(부채 및 자본)(08.03월 이후),A12A,기타부채_외화환산대,,,,,,,,,,,,,,,,,,,,,,,,,,,,,,,,,,,,,,,,,,,,,,,,,,,,,,,,,,,,,,,,,, , , 
2548,리스사,20610,㈜노스이스트에비에이션캐피탈,B,SK104,요약재무상태표(부채 및 자본)(08.03월 이후),A12B,기타부채_미사용약정충당금,,,,,,,,,,,,,,,,,,,,,,,,,,,,,,,,,,,,,,,,,,,,,,,,,,,,,,,,,,,,,,,,,, , , 
2549,리스사,20610,㈜노스이스트에비에이션캐피탈,B,SK104,요약재무상태표(부채 및 자본)(08.03월 이후),A12C,기타부채_이자율위험포트폴리오위험회피 대상의 공정가액변동부채,,,,,,,,,,,,,,,,,,,,,,,,,,,,,,,,,,,,,,,,,,,,,,,,,,,,,,,,,,,,,,,,,, , , 
2550,리스사,20610,㈜노스이스트에비에이션캐피탈,B,SK104,요약재무상태표(부채 및 자본)(08.03월 이후),A12D,기타부채_기타의 기타부채,,,,,,,,,,,,,,,,,,,,,,,,,,,,,,,,,,,,,,,,,,,,,,,,,,,,,,,,,,,,,,,,,, , , 
2551,리스사,20610,㈜노스이스트에비에이션캐피탈,B,SK104,요약재무상태표(부채 및 자본)(08.03월 이후),A13,요구불상환지분,,,,,,,,,,,,,,,,,,,,,,,,,,,,,,,,,,,,,,,,,,,,,,,,,,,,,,,,,,,,,,,,,, , , 
2552,리스사,20610,㈜노스이스트에비에이션캐피탈,B,SK104,요약재무상태표(부채 및 자본)(08.03월 이후),A130,요구불상환지분_상환우선주,,,,,,,,,,,,,,,,,,,,,,,,,,,,,,,,,,,,,,,,,,,,,,,,,,,,,,,,,,,,,,,,,, , , 
2553,리스사,20610,㈜노스이스트에비에이션캐피탈,B,SK104,요약재무상태표(부채 및 자본)(08.03월 이후),A131,요구불상환지분_기타,,,,,,,,,,,,,,,,,,,,,,,,,,,,,,,,,,,,,,,,,,,,,,,,,,,,,,,,,,,,,,,,,, , , 
2554,리스사,20610,㈜노스이스트에비에이션캐피탈,B,SK104,요약재무상태표(부채 및 자본)(08.03월 이후),A2,자본,,,,,,,,,,,,,,,,,,,,,,,,,,,,,,,,,,,,,,,,,,,,,,,,,,,,,,,,,,,,,,,,,,21056000000,21310000000,21289000000
2555,리스사,20610,㈜노스이스트에비에이션캐피탈,B,SK104,요약재무상태표(부채 및 자본)(08.03월 이후),A21,자본금,,,,,,,,,,,,,,,,,,,,,,,,,,,,,,,,,,,,,,,,,,,,,,,,,,,,,,,,,,,,,,,,,,21000000000,21000000000,21000000000
2556,리스사,20610,㈜노스이스트에비에이션캐피탈,B,SK104,요약재무상태표(부채 및 자본)(08.03월 이후),A210,자본금_보통주자본금,,,,,,,,,,,,,,,,,,,,,,,,,,,,,,,,,,,,,,,,,,,,,,,,,,,,,,,,,,,,,,,,,,21000000000,21000000000,21000000000
2557,리스사,20610,㈜노스이스트에비에이션캐피탈,B,SK104,요약재무상태표(부채 및 자본)(08.03월 이후),A211,자본금_우선주자본금,,,,,,,,,,,,,,,,,,,,,,,,,,,,,,,,,,,,,,,,,,,,,,,,,,,,,,,,,,,,,,,,,, , , 
2558,리스사,20610,㈜노스이스트에비에이션캐피탈,B,SK104,요약재무상태표(부채 및 자본)(08.03월 이후),A212,자본금_신주청약증거금,,,,,,,,,,,,,,,,,,,,,,,,,,,,,,,,,,,,,,,,,,,,,,,,,,,,,,,,,,,,,,,,,, , , 
2559,리스사,20610,㈜노스이스트에비에이션캐피탈,B,SK104,요약재무상태표(부채 및 자본)(08.03월 이후),A22,자본잉여금,,,,,,,,,,,,,,,,,,,,,,,,,,,,,,,,,,,,,,,,,,,,,,,,,,,,,,,,,,,,,,,,,, , , 
2560,리스사,20610,㈜노스이스트에비에이션캐피탈,B,SK104,요약재무상태표(부채 및 자본)(08.03월 이후),A220,자본잉여금_주식발행초과금,,,,,,,,,,,,,,,,,,,,,,,,,,,,,,,,,,,,,,,,,,,,,,,,,,,,,,,,,,,,,,,,,, , , 
2561,리스사,20610,㈜노스이스트에비에이션캐피탈,B,SK104,요약재무상태표(부채 및 자본)(08.03월 이후),A221,자본잉여금_감자차익,,,,,,,,,,,,,,,,,,,,,,,,,,,,,,,,,,,,,,,,,,,,,,,,,,,,,,,,,,,,,,,,,, , , 
2562,리스사,20610,㈜노스이스트에비에이션캐피탈,B,SK104,요약재무상태표(부채 및 자본)(08.03월 이후),A222,자본잉여금_기타자본잉여금,,,,,,,,,,,,,,,,,,,,,,,,,,,,,,,,,,,,,,,,,,,,,,,,,,,,,,,,,,,,,,,,,, , , 
2563,리스사,20610,㈜노스이스트에비에이션캐피탈,B,SK104,요약재무상태표(부채 및 자본)(08.03월 이후),A23,이익잉여금(결손금),,,,,,,,,,,,,,,,,,,,,,,,,,,,,,,,,,,,,,,,,,,,,,,,,,,,,,,,,,,,,,,,,,361000000,414000000,393000000
2564,리스사,20610,㈜노스이스트에비에이션캐피탈,B,SK104,요약재무상태표(부채 및 자본)(08.03월 이후),A230,이익잉여금(결손금)_이익준비금,,,,,,,,,,,,,,,,,,,,,,,,,,,,,,,,,,,,,,,,,,,,,,,,,,,,,,,,,,,,,,,,,, , , 
2565,리스사,20610,㈜노스이스트에비에이션캐피탈,B,SK104,요약재무상태표(부채 및 자본)(08.03월 이후),A231,이익잉여금(결손금)_기업합리화적립금,,,,,,,,,,,,,,,,,,,,,,,,,,,,,,,,,,,,,,,,,,,,,,,,,,,,,,,,,,,,,,,,,, , , 
2566,리스사,20610,㈜노스이스트에비에이션캐피탈,B,SK104,요약재무상태표(부채 및 자본)(08.03월 이후),A232,이익잉여금(결손금)_투융자손실준비금,,,,,,,,,,,,,,,,,,,,,,,,,,,,,,,,,,,,,,,,,,,,,,,,,,,,,,,,,,,,,,,,,, , , 
2567,리스사,20610,㈜노스이스트에비에이션캐피탈,B,SK104,요약재무상태표(부채 및 자본)(08.03월 이후),A233,이익잉여금(결손금)_기타 법정적립금,,,,,,,,,,,,,,,,,,,,,,,,,,,,,,,,,,,,,,,,,,,,,,,,,,,,,,,,,,,,,,,,,, , , 
2568,리스사,20610,㈜노스이스트에비에이션캐피탈,B,SK104,요약재무상태표(부채 및 자본)(08.03월 이후),A234,이익잉여금(결손금)_임의적립금,,,,,,,,,,,,,,,,,,,,,,,,,,,,,,,,,,,,,,,,,,,,,,,,,,,,,,,,,,,,,,,,,, , , 
2569,리스사,20610,㈜노스이스트에비에이션캐피탈,B,SK104,요약재무상태표(부채 및 자본)(08.03월 이후),A235,이익잉여금(결손금)_해외투자손실준비금,,,,,,,,,,,,,,,,,,,,,,,,,,,,,,,,,,,,,,,,,,,,,,,,,,,,,,,,,,,,,,,,,, , , 
2570,리스사,20610,㈜노스이스트에비에이션캐피탈,B,SK104,요약재무상태표(부채 및 자본)(08.03월 이후),A236,이익잉여금(결손금)_미처분이익잉여금(미처리결손금),,,,,,,,,,,,,,,,,,,,,,,,,,,,,,,,,,,,,,,,,,,,,,,,,,,,,,,,,,,,,,,,,,361000000,414000000,393000000
2571,리스사,20610,㈜노스이스트에비에이션캐피탈,B,SK104,요약재무상태표(부채 및 자본)(08.03월 이후),A237,이익잉여금(결손금)_대손준비금,,,,,,,,,,,,,,,,,,,,,,,,,,,,,,,,,,,,,,,,,,,,,,,,,,,,,,,,,,,,,,,,,, , , 
2572,리스사,20610,㈜노스이스트에비에이션캐피탈,B,SK104,요약재무상태표(부채 및 자본)(08.03월 이후),A238,이익잉여금(결손금)_(당기순손익),,,,,,,,,,,,,,,,,,,,,,,,,,,,,,,,,,,,,,,,,,,,,,,,,,,,,,,,,,,,,,,,,, , , 
2573,리스사,20610,㈜노스이스트에비에이션캐피탈,B,SK104,요약재무상태표(부채 및 자본)(08.03월 이후),A24,자본조정,,,,,,,,,,,,,,,,,,,,,,,,,,,,,,,,,,,,,,,,,,,,,,,,,,,,,,,,,,,,,,,,,,-305000000,-104000000,-104000000
2574,리스사,20610,㈜노스이스트에비에이션캐피탈,B,SK104,요약재무상태표(부채 및 자본)(08.03월 이후),A240,자본조정_주식할인발행차금,,,,,,,,,,,,,,,,,,,,,,,,,,,,,,,,,,,,,,,,,,,,,,,,,,,,,,,,,,,,,,,,,,-305000000,-104000000,-104000000
2575,리스사,20610,㈜노스이스트에비에이션캐피탈,B,SK104,요약재무상태표(부채 및 자본)(08.03월 이후),A241,자본조정_배당건설이자,,,,,,,,,,,,,,,,,,,,,,,,,,,,,,,,,,,,,,,,,,,,,,,,,,,,,,,,,,,,,,,,,, , , 
2576,리스사,20610,㈜노스이스트에비에이션캐피탈,B,SK104,요약재무상태표(부채 및 자본)(08.03월 이후),A242,자본조정_자기주식,,,,,,,,,,,,,,,,,,,,,,,,,,,,,,,,,,,,,,,,,,,,,,,,,,,,,,,,,,,,,,,,,, , , 
2577,리스사,20610,㈜노스이스트에비에이션캐피탈,B,SK104,요약재무상태표(부채 및 자본)(08.03월 이후),A243,자본조정_주식매수선택권,,,,,,,,,,,,,,,,,,,,,,,,,,,,,,,,,,,,,,,,,,,,,,,,,,,,,,,,,,,,,,,,,, , , 
2578,리스사,20610,㈜노스이스트에비에이션캐피탈,B,SK104,요약재무상태표(부채 및 자본)(08.03월 이후),A244,자본조정_미교부주식배당금,,,,,,,,,,,,,,,,,,,,,,,,,,,,,,,,,,,,,,,,,,,,,,,,,,,,,,,,,,,,,,,,,, , , 
2579,리스사,20610,㈜노스이스트에비에이션캐피탈,B,SK104,요약재무상태표(부채 및 자본)(08.03월 이후),A245,자본조정_기타 자본조정,,,,,,,,,,,,,,,,,,,,,,,,,,,,,,,,,,,,,,,,,,,,,,,,,,,,,,,,,,,,,,,,,, , , 
2580,리스사,20610,㈜노스이스트에비에이션캐피탈,B,SK104,요약재무상태표(부채 및 자본)(08.03월 이후),A25,기타포괄손익누계액,,,,,,,,,,,,,,,,,,,,,,,,,,,,,,,,,,,,,,,,,,,,,,,,,,,,,,,,,,,,,,,,,, , , 
2581,리스사,20610,㈜노스이스트에비에이션캐피탈,B,SK104,요약재무상태표(부채 및 자본)(08.03월 이후),A250,기타포괄손익누계액_매도가능금융자산평가이익,,,,,,,,,,,,,,,,,,,,,,,,,,,,,,,,,,,,,,,,,,,,,,,,,,,,,,,,,,,,,,,,,, , , 
2582,리스사,20610,㈜노스이스트에비에이션캐피탈,B,SK104,요약재무상태표(부채 및 자본)(08.03월 이후),A251,기타포괄손익누계액_매도가능금융자산평가손실,,,,,,,,,,,,,,,,,,,,,,,,,,,,,,,,,,,,,,,,,,,,,,,,,,,,,,,,,,,,,,,,,, , , 
2583,리스사,20610,㈜노스이스트에비에이션캐피탈,B,SK104,요약재무상태표(부채 및 자본)(08.03월 이후),A252,기타포괄손익누계액_해외사업환산이익,,,,,,,,,,,,,,,,,,,,,,,,,,,,,,,,,,,,,,,,,,,,,,,,,,,,,,,,,,,,,,,,,, , , 
2584,리스사,20610,㈜노스이스트에비에이션캐피탈,B,SK104,요약재무상태표(부채 및 자본)(08.03월 이후),A253,기타포괄손익누계액_해외사업환산손실,,,,,,,,,,,,,,,,,,,,,,,,,,,,,,,,,,,,,,,,,,,,,,,,,,,,,,,,,,,,,,,,,, , , 
2585,리스사,20610,㈜노스이스트에비에이션캐피탈,B,SK104,요약재무상태표(부채 및 자본)(08.03월 이후),A254,기타포괄손익누계액_현금흐름위험회피 파생상품평가이익,,,,,,,,,,,,,,,,,,,,,,,,,,,,,,,,,,,,,,,,,,,,,,,,,,,,,,,,,,,,,,,,,, , , 
2586,리스사,20610,㈜노스이스트에비에이션캐피탈,B,SK104,요약재무상태표(부채 및 자본)(08.03월 이후),A255,기타포괄손익누계액_현금흐름위험회피 파생상품평가손실,,,,,,,,,,,,,,,,,,,,,,,,,,,,,,,,,,,,,,,,,,,,,,,,,,,,,,,,,,,,,,,,,, , , 
2587,리스사,20610,㈜노스이스트에비에이션캐피탈,B,SK104,요약재무상태표(부채 및 자본)(08.03월 이후),A256,기타포괄손익누계액_지분법자본변동,,,,,,,,,,,,,,,,,,,,,,,,,,,,,,,,,,,,,,,,,,,,,,,,,,,,,,,,,,,,,,,,,, , , 
2588,리스사,20610,㈜노스이스트에비에이션캐피탈,B,SK104,요약재무상태표(부채 및 자본)(08.03월 이후),A257,기타포괄손익누계액_부의 지분법자본변동,,,,,,,,,,,,,,,,,,,,,,,,,,,,,,,,,,,,,,,,,,,,,,,,,,,,,,,,,,,,,,,,,, , , 
2589,리스사,20610,㈜노스이스트에비에이션캐피탈,B,SK104,요약재무상태표(부채 및 자본)(08.03월 이후),A258,기타포괄손익누계액_유형자산 재평가이익,,,,,,,,,,,,,,,,,,,,,,,,,,,,,,,,,,,,,,,,,,,,,,,,,,,,,,,,,,,,,,,,,, , , 
2590,리스사,20610,㈜노스이스트에비에이션캐피탈,B,SK104,요약재무상태표(부채 및 자본)(08.03월 이후),A259,기타포괄손익누계액_기타,,,,,,,,,,,,,,,,,,,,,,,,,,,,,,,,,,,,,,,,,,,,,,,,,,,,,,,,,,,,,,,,,, , , 
